<HSS302_Tonijn_1966_Stern_ep.skel_ext>
	<exported>	false	</exported>
	<node>
		<identifier>	EP_Death_3	</identifier>
		<parent>	Scene Root	</parent>
		<transform>
			<row0>	1.0000 0.0000 0.0000 0.0000	</row0>
			<row1>	0.0000 1.0000 0.0000 0.0000	</row1>
			<row2>	0.0000 0.0000 1.0000 0.0000	</row2>
			<row3>	0.0000 0.0000 -1.5909 1.0000	</row3>
		</transform>
	</node>
	<node>
		<identifier>	EP_Flood_steam_2	</identifier>
		<parent>	Scene Root	</parent>
		<transform>
			<row0>	0.9998 -0.0178 0.0000 0.0000	</row0>
			<row1>	0.0178 0.9998 0.0000 0.0000	</row1>
			<row2>	0.0000 0.0000 1.0000 0.0000	</row2>
			<row3>	-0.0003 0.1314 -2.1394 1.0000	</row3>
		</transform>
	</node>
	<node>
		<identifier>	EP_Flood_water_left	</identifier>
		<parent>	Scene Root	</parent>
		<transform>
			<row0>	-0.9973 0.0000 -0.0736 0.0000	</row0>
			<row1>	0.0000 1.0000 0.0000 0.0000	</row1>
			<row2>	0.0736 0.0000 -0.9973 0.0000	</row2>
			<row3>	-0.1194 0.0408 -1.9448 1.0000	</row3>
		</transform>
	</node>
	<node>
		<identifier>	EP_Flood_water_right	</identifier>
		<parent>	Scene Root	</parent>
		<transform>
			<row0>	1.0000 0.0000 0.0000 0.0000	</row0>
			<row1>	0.0000 1.0000 0.0000 0.0000	</row1>
			<row2>	0.0000 0.0000 1.0000 0.0000	</row2>
			<row3>	0.1353 0.0384 -1.4046 1.0000	</row3>
		</transform>
	</node>
	<node>
		<identifier>	EP_Runoff_deluge_left_10	</identifier>
		<parent>	Scene Root	</parent>
		<transform>
			<row0>	-0.9898 -0.1421 0.0012 0.0000	</row0>
			<row1>	-0.1421 0.9898 -0.0002 0.0000	</row1>
			<row2>	-0.0011 -0.0004 -1.0000 0.0000	</row2>
			<row3>	-0.1138 0.0406 -1.7061 1.0000	</row3>
		</transform>
	</node>
	<node>
		<identifier>	EP_Runoff_deluge_left_11	</identifier>
		<parent>	Scene Root	</parent>
		<transform>
			<row0>	-0.9897 -0.1421 -0.0126 0.0000	</row0>
			<row1>	-0.1421 0.9898 -0.0022 0.0000	</row1>
			<row2>	0.0129 -0.0004 -0.9999 0.0000	</row2>
			<row3>	-0.1023 0.0406 -2.0175 1.0000	</row3>
		</transform>
	</node>
	<node>
		<identifier>	EP_Runoff_deluge_left_9	</identifier>
		<parent>	Scene Root	</parent>
		<transform>
			<row0>	-1.0000 0.0000 -0.0033 0.0000	</row0>
			<row1>	0.0000 1.0000 0.0000 0.0000	</row1>
			<row2>	0.0033 0.0000 -1.0000 0.0000	</row2>
			<row3>	-0.1204 0.0401 -1.3059 1.0000	</row3>
		</transform>
	</node>
	<node>
		<identifier>	EP_Runoff_left_4	</identifier>
		<parent>	Scene Root	</parent>
		<transform>
			<row0>	-0.7227 0.6910 -0.0126 0.0000	</row0>
			<row1>	0.6911 0.7226 -0.0156 0.0000	</row1>
			<row2>	-0.0016 -0.0200 -0.9997 0.0000	</row2>
			<row3>	-0.0837 0.1022 -1.6257 1.0000	</row3>
		</transform>
	</node>
	<node>
		<identifier>	EP_Runoff_right_4	</identifier>
		<parent>	Scene Root	</parent>
		<transform>
			<row0>	0.7519 0.6590 -0.0226 0.0000	</row0>
			<row1>	-0.6593 0.7517 -0.0158 0.0000	</row1>
			<row2>	0.0065 0.0268 0.9997 0.0000	</row2>
			<row3>	0.0827 0.1051 -1.6155 1.0000	</row3>
		</transform>
	</node>
	<node>
		<identifier>	EP_WakeTraceBack	</identifier>
		<parent>	Scene Root	</parent>
		<transform>
			<row0>	1.0000 0.0000 0.0000 0.0000	</row0>
			<row1>	0.0000 1.0000 0.0000 0.0000	</row1>
			<row2>	0.0000 0.0000 1.0000 0.0000	</row2>
			<row3>	0.0000 0.0000 -2.5025 1.0000	</row3>
		</transform>
	</node>
	<node>
		<identifier>	EP_WakeTrace_screw_1	</identifier>
		<parent>	Scene Root	</parent>
		<transform>
			<row0>	1.0000 0.0000 0.0000 0.0000	</row0>
			<row1>	0.0000 1.0000 0.0000 0.0000	</row1>
			<row2>	0.0000 0.0000 1.0000 0.0000	</row2>
			<row3>	-0.1157 -0.2272 -2.2225 1.0000	</row3>
		</transform>
	</node>
	<node>
		<identifier>	EP_WakeTrace_screw_2	</identifier>
		<parent>	Scene Root	</parent>
		<transform>
			<row0>	1.0000 0.0000 0.0000 0.0000	</row0>
			<row1>	0.0000 1.0000 0.0000 0.0000	</row1>
			<row2>	0.0000 0.0000 1.0000 0.0000	</row2>
			<row3>	0.1141 -0.2283 -2.2223 1.0000	</row3>
		</transform>
	</node>
</HSS302_Tonijn_1966_Stern_ep.skel_ext>
