<FSB008_Courbet_1936_MidFront.skel_ext>
	<exported>	true	</exported>
	<node>
		<identifier>	MP_CM011_Fire_Fighting_Gear	</identifier>
		<parent>	Scene Root	</parent>
		<transform>
			<row0>	-0.1392 0.0000 0.9903 0.0000	</row0>
			<row1>	0.0000 1.0000 0.0000 0.0000	</row1>
			<row2>	-0.9903 0.0000 -0.1392 0.0000	</row2>
			<row3>	0.2826 0.4081 2.7496 1.0000	</row3>
		</transform>
	</node>
	<node>
		<identifier>	MP_CM011_Fire_Fighting_Gear_INDEX_1	</identifier>
		<parent>	Scene Root	</parent>
		<transform>
			<row0>	0.0000 0.0000 -1.0000 0.0000	</row0>
			<row1>	0.0000 1.0000 0.0000 0.0000	</row1>
			<row2>	1.0000 0.0000 0.0000 0.0000	</row2>
			<row3>	-0.3269 0.4081 -0.0877 1.0000	</row3>
		</transform>
	</node>
	<node>
		<identifier>	MP_CM011_Fire_Fighting_Gear_INDEX_2	</identifier>
		<parent>	Scene Root	</parent>
		<transform>
			<row0>	-0.5736 0.0000 -0.8192 0.0000	</row0>
			<row1>	0.0000 1.0000 0.0000 0.0000	</row1>
			<row2>	0.8192 0.0000 -0.5736 0.0000	</row2>
			<row3>	-0.3591 0.4085 1.2628 1.0000	</row3>
		</transform>
	</node>
	<node>
		<identifier>	MP_CM011_Fire_Fighting_Gear_INDEX_3	</identifier>
		<parent>	Scene Root	</parent>
		<transform>
			<row0>	-0.1392 0.0000 -0.9903 0.0000	</row0>
			<row1>	0.0000 1.0000 0.0000 0.0000	</row1>
			<row2>	0.9903 0.0000 -0.1392 0.0000	</row2>
			<row3>	-0.2821 0.4083 2.7495 1.0000	</row3>
		</transform>
	</node>
	<node>
		<identifier>	MP_CM011_Fire_Fighting_Gear_INDEX_4	</identifier>
		<parent>	Scene Root	</parent>
		<transform>
			<row0>	0.0000 0.0000 1.0000 0.0000	</row0>
			<row1>	0.0000 1.0000 0.0000 0.0000	</row1>
			<row2>	-1.0000 0.0000 0.0000 0.0000	</row2>
			<row3>	0.3667 0.4082 1.2330 1.0000	</row3>
		</transform>
	</node>
	<node>
		<identifier>	MP_CM011_Fire_Fighting_Gear_INDEX_5	</identifier>
		<parent>	Scene Root	</parent>
		<transform>
			<row0>	0.0000 0.0000 1.0000 0.0000	</row0>
			<row1>	0.0000 1.0000 0.0000 0.0000	</row1>
			<row2>	-1.0000 0.0000 0.0000 0.0000	</row2>
			<row3>	0.3224 0.4079 -0.2276 1.0000	</row3>
		</transform>
	</node>
	<node>
		<identifier>	MP_CM011_Fire_Fighting_Gear_INDEX_6	</identifier>
		<parent>	Scene Root	</parent>
		<transform>
			<row0>	-1.0000 0.0000 0.0000 0.0000	</row0>
			<row1>	0.0000 1.0000 0.0000 0.0000	</row1>
			<row2>	0.0000 0.0000 -1.0000 0.0000	</row2>
			<row3>	0.0105 0.4080 -1.6087 1.0000	</row3>
		</transform>
	</node>
	<node>
		<identifier>	MP_CM013_Fire_Hose_Rack_2	</identifier>
		<parent>	Scene Root	</parent>
		<transform>
			<row0>	-0.9925 0.0000 -0.1219 0.0000	</row0>
			<row1>	0.0000 1.0000 0.0000 0.0000	</row1>
			<row2>	0.1219 0.0000 -0.9925 0.0000	</row2>
			<row3>	0.2736 0.4686 2.7720 1.0000	</row3>
		</transform>
	</node>
	<node>
		<identifier>	MP_CM013_Fire_Hose_Rack_2_INDEX_1	</identifier>
		<parent>	Scene Root	</parent>
		<transform>
			<row0>	0.8192 0.0000 -0.5736 0.0000	</row0>
			<row1>	0.0000 1.0000 0.0000 0.0000	</row1>
			<row2>	0.5736 0.0000 0.8192 0.0000	</row2>
			<row3>	-0.3336 0.4686 1.2893 1.0000	</row3>
		</transform>
	</node>
	<node>
		<identifier>	MP_CM013_Fire_Hose_Rack_2_INDEX_2	</identifier>
		<parent>	Scene Root	</parent>
		<transform>
			<row0>	-1.0000 0.0000 0.0000 0.0000	</row0>
			<row1>	0.0000 1.0000 0.0000 0.0000	</row1>
			<row2>	0.0000 0.0000 -1.0000 0.0000	</row2>
			<row3>	0.3153 0.5007 -0.2402 1.0000	</row3>
		</transform>
	</node>
	<node>
		<identifier>	MP_CM013_Fire_Hose_Rack_2_INDEX_3	</identifier>
		<parent>	Scene Root	</parent>
		<transform>
			<row0>	0.9903 0.0000 -0.1392 0.0000	</row0>
			<row1>	0.0000 1.0000 0.0000 0.0000	</row1>
			<row2>	0.1392 0.0000 0.9903 0.0000	</row2>
			<row3>	-0.2742 0.4686 2.7718 1.0000	</row3>
		</transform>
	</node>
	<node>
		<identifier>	MP_CM013_Fire_Hose_Rack_2_INDEX_4	</identifier>
		<parent>	Scene Root	</parent>
		<transform>
			<row0>	1.0000 0.0000 0.0000 0.0000	</row0>
			<row1>	0.0000 1.0000 0.0000 0.0000	</row1>
			<row2>	0.0000 0.0000 1.0000 0.0000	</row2>
			<row3>	-0.3168 0.4945 -0.0894 1.0000	</row3>
		</transform>
	</node>
	<node>
		<identifier>	MP_CM013_Fire_Hose_Rack_2_INDEX_5	</identifier>
		<parent>	Scene Root	</parent>
		<transform>
			<row0>	-1.0000 0.0000 0.0000 0.0000	</row0>
			<row1>	0.0000 1.0000 0.0000 0.0000	</row1>
			<row2>	0.0000 0.0000 -1.0000 0.0000	</row2>
			<row3>	0.3598 0.4871 1.2149 1.0000	</row3>
		</transform>
	</node>
	<node>
		<identifier>	MP_CM014_Fuel_Oil_Hose	</identifier>
		<parent>	Scene Root	</parent>
		<transform>
			<row0>	1.0000 0.0000 0.0000 0.0000	</row0>
			<row1>	0.0000 1.0000 0.0000 0.0000	</row1>
			<row2>	0.0000 0.0000 1.0000 0.0000	</row2>
			<row3>	-0.5177 0.3350 -1.3665 1.0000	</row3>
		</transform>
	</node>
	<node>
		<identifier>	MP_CM014_Fuel_Oil_Hose_INDEX_1	</identifier>
		<parent>	Scene Root	</parent>
		<transform>
			<row0>	1.0000 0.0000 0.0000 0.0000	</row0>
			<row1>	0.0000 1.0000 0.0000 0.0000	</row1>
			<row2>	0.0000 0.0000 1.0000 0.0000	</row2>
			<row3>	-0.5177 0.3015 -1.3665 1.0000	</row3>
		</transform>
	</node>
	<node>
		<identifier>	MP_CM014_Fuel_Oil_Hose_INDEX_2	</identifier>
		<parent>	Scene Root	</parent>
		<transform>
			<row0>	1.0000 0.0000 0.0000 0.0000	</row0>
			<row1>	0.0000 1.0000 0.0000 0.0000	</row1>
			<row2>	0.0000 0.0000 1.0000 0.0000	</row2>
			<row3>	-0.4249 0.4841 2.3015 1.0000	</row3>
		</transform>
	</node>
	<node>
		<identifier>	MP_CM014_Fuel_Oil_Hose_INDEX_3	</identifier>
		<parent>	Scene Root	</parent>
		<transform>
			<row0>	-1.0000 0.0000 0.0000 0.0000	</row0>
			<row1>	0.0000 1.0000 0.0000 0.0000	</row1>
			<row2>	0.0000 0.0000 -1.0000 0.0000	</row2>
			<row3>	0.5177 0.3350 -1.3665 1.0000	</row3>
		</transform>
	</node>
	<node>
		<identifier>	MP_CM014_Fuel_Oil_Hose_INDEX_4	</identifier>
		<parent>	Scene Root	</parent>
		<transform>
			<row0>	1.0000 0.0000 0.0000 0.0000	</row0>
			<row1>	0.0000 1.0000 0.0000 0.0000	</row1>
			<row2>	0.0000 0.0000 1.0000 0.0000	</row2>
			<row3>	-0.4249 0.4841 2.1336 1.0000	</row3>
		</transform>
	</node>
	<node>
		<identifier>	MP_CM014_Fuel_Oil_Hose_INDEX_5	</identifier>
		<parent>	Scene Root	</parent>
		<transform>
			<row0>	-1.0000 0.0000 0.0000 0.0000	</row0>
			<row1>	0.0000 1.0000 0.0000 0.0000	</row1>
			<row2>	0.0000 0.0000 -1.0000 0.0000	</row2>
			<row3>	0.4251 0.4836 2.1339 1.0000	</row3>
		</transform>
	</node>
	<node>
		<identifier>	MP_CM014_Fuel_Oil_Hose_INDEX_6	</identifier>
		<parent>	Scene Root	</parent>
		<transform>
			<row0>	-1.0000 0.0000 0.0000 0.0000	</row0>
			<row1>	0.0000 1.0000 0.0000 0.0000	</row1>
			<row2>	0.0000 0.0000 -1.0000 0.0000	</row2>
			<row3>	0.5177 0.3015 -1.3665 1.0000	</row3>
		</transform>
	</node>
	<node>
		<identifier>	MP_CM014_Fuel_Oil_Hose_INDEX_7	</identifier>
		<parent>	Scene Root	</parent>
		<transform>
			<row0>	-1.0000 0.0000 0.0000 0.0000	</row0>
			<row1>	0.0000 1.0000 0.0000 0.0000	</row1>
			<row2>	0.0000 0.0000 -1.0000 0.0000	</row2>
			<row3>	0.4251 0.4839 2.3006 1.0000	</row3>
		</transform>
	</node>
	<node>
		<identifier>	MP_CM018_Wood_Box_1	</identifier>
		<parent>	Scene Root	</parent>
		<transform>
			<row0>	0.9397 0.0000 -0.3420 0.0000	</row0>
			<row1>	0.0000 1.0000 0.0000 0.0000	</row1>
			<row2>	0.3420 0.0000 0.9397 0.0000	</row2>
			<row3>	0.1069 1.0127 0.7229 1.0000	</row3>
		</transform>
	</node>
	<node>
		<identifier>	MP_CM018_Wood_Box_1_INDEX_1	</identifier>
		<parent>	Scene Root	</parent>
		<transform>
			<row0>	0.9397 0.0000 0.3420 0.0000	</row0>
			<row1>	0.0000 1.0000 0.0000 0.0000	</row1>
			<row2>	-0.3420 0.0000 0.9397 0.0000	</row2>
			<row3>	-0.1069 1.0127 0.7229 1.0000	</row3>
		</transform>
	</node>
	<node>
		<identifier>	MP_CM029_Emergency_Box	</identifier>
		<parent>	Scene Root	</parent>
		<transform>
			<row0>	-0.6561 0.0000 0.7547 0.0000	</row0>
			<row1>	0.0000 1.0000 0.0000 0.0000	</row1>
			<row2>	-0.7547 0.0000 -0.6561 0.0000	</row2>
			<row3>	0.3908 0.5022 2.5017 1.0000	</row3>
		</transform>
	</node>
	<node>
		<identifier>	MP_CM029_Emergency_Box_INDEX_1	</identifier>
		<parent>	Scene Root	</parent>
		<transform>
			<row0>	-0.6691 0.0000 -0.7431 0.0000	</row0>
			<row1>	0.0000 1.0000 0.0000 0.0000	</row1>
			<row2>	0.7431 0.0000 -0.6691 0.0000	</row2>
			<row3>	-0.3906 0.5020 2.5019 1.0000	</row3>
		</transform>
	</node>
	<node>
		<identifier>	MP_CM029_Emergency_Box_INDEX_2	</identifier>
		<parent>	Scene Root	</parent>
		<transform>
			<row0>	1.0000 0.0000 0.0000 0.0000	</row0>
			<row1>	0.0000 1.0000 0.0000 0.0000	</row1>
			<row2>	0.0000 0.0000 1.0000 0.0000	</row2>
			<row3>	-0.0257 1.0966 1.6172 1.0000	</row3>
		</transform>
	</node>
	<node>
		<identifier>	MP_CM029_Emergency_Box_INDEX_3	</identifier>
		<parent>	Scene Root	</parent>
		<transform>
			<row0>	0.0000 0.0000 1.0000 0.0000	</row0>
			<row1>	0.0000 1.0000 0.0000 0.0000	</row1>
			<row2>	-1.0000 0.0000 0.0000 0.0000	</row2>
			<row3>	0.2646 0.5042 1.6258 1.0000	</row3>
		</transform>
	</node>
	<node>
		<identifier>	MP_CM029_Emergency_Box_INDEX_4	</identifier>
		<parent>	Scene Root	</parent>
		<transform>
			<row0>	1.0000 0.0000 0.0000 0.0000	</row0>
			<row1>	0.0000 1.0000 0.0000 0.0000	</row1>
			<row2>	0.0000 0.0000 1.0000 0.0000	</row2>
			<row3>	-0.0987 0.9455 1.6172 1.0000	</row3>
		</transform>
	</node>
	<node>
		<identifier>	MP_CM029_Emergency_Box_INDEX_5	</identifier>
		<parent>	Scene Root	</parent>
		<transform>
			<row0>	0.0000 0.0000 -1.0000 0.0000	</row0>
			<row1>	0.0000 1.0000 0.0000 0.0000	</row1>
			<row2>	1.0000 0.0000 0.0000 0.0000	</row2>
			<row3>	-0.3146 0.5042 1.5647 1.0000	</row3>
		</transform>
	</node>
	<node>
		<identifier>	MP_CM029_Emergency_Box_INDEX_6	</identifier>
		<parent>	Scene Root	</parent>
		<transform>
			<row0>	1.0000 0.0000 0.0000 0.0000	</row0>
			<row1>	0.0000 1.0000 0.0000 0.0000	</row1>
			<row2>	0.0000 0.0000 1.0000 0.0000	</row2>
			<row3>	0.0065 0.7956 1.6172 1.0000	</row3>
		</transform>
	</node>
	<node>
		<identifier>	MP_CM052_Fender	</identifier>
		<parent>	Scene Root	</parent>
		<transform>
			<row0>	0.0000 0.0000 1.0000 0.0000	</row0>
			<row1>	0.0000 1.0000 0.0000 0.0000	</row1>
			<row2>	-1.0000 0.0000 0.0000 0.0000	</row2>
			<row3>	-0.5458 0.2596 -1.5267 1.0000	</row3>
		</transform>
	</node>
	<node>
		<identifier>	MP_CM052_Fender_INDEX_1	</identifier>
		<parent>	Scene Root	</parent>
		<transform>
			<row0>	0.0000 0.0000 -1.0000 0.0000	</row0>
			<row1>	0.0000 1.0000 0.0000 0.0000	</row1>
			<row2>	1.0000 0.0000 0.0000 0.0000	</row2>
			<row3>	0.3907 0.4075 0.8586 1.0000	</row3>
		</transform>
	</node>
	<node>
		<identifier>	MP_CM052_Fender_INDEX_2	</identifier>
		<parent>	Scene Root	</parent>
		<transform>
			<row0>	-1.0000 0.0000 0.0000 0.0000	</row0>
			<row1>	0.0000 1.0000 0.0000 0.0000	</row1>
			<row2>	0.0000 0.0000 -1.0000 0.0000	</row2>
			<row3>	-0.2945 0.4075 0.7630 1.0000	</row3>
		</transform>
	</node>
	<node>
		<identifier>	MP_CM052_Fender_INDEX_3	</identifier>
		<parent>	Scene Root	</parent>
		<transform>
			<row0>	0.0000 0.0000 1.0000 0.0000	</row0>
			<row1>	0.0000 1.0000 0.0000 0.0000	</row1>
			<row2>	-1.0000 0.0000 0.0000 0.0000	</row2>
			<row3>	-0.5458 0.2596 -1.2265 1.0000	</row3>
		</transform>
	</node>
	<node>
		<identifier>	MP_CM052_Fender_INDEX_4	</identifier>
		<parent>	Scene Root	</parent>
		<transform>
			<row0>	0.0000 0.0000 -1.0000 0.0000	</row0>
			<row1>	0.0000 1.0000 0.0000 0.0000	</row1>
			<row2>	1.0000 0.0000 0.0000 0.0000	</row2>
			<row3>	0.5458 0.2596 -1.5267 1.0000	</row3>
		</transform>
	</node>
	<node>
		<identifier>	MP_CM052_Fender_INDEX_5	</identifier>
		<parent>	Scene Root	</parent>
		<transform>
			<row0>	0.0000 0.0000 -1.0000 0.0000	</row0>
			<row1>	0.0000 1.0000 0.0000 0.0000	</row1>
			<row2>	1.0000 0.0000 0.0000 0.0000	</row2>
			<row3>	0.5458 0.2596 -1.2265 1.0000	</row3>
		</transform>
	</node>
	<node>
		<identifier>	MP_CM056_Ships_bell	</identifier>
		<parent>	Scene Root	</parent>
		<transform>
			<row0>	0.0000 0.0000 1.0000 0.0000	</row0>
			<row1>	0.0000 1.0000 0.0000 0.0000	</row1>
			<row2>	-1.0000 0.0000 0.0000 0.0000	</row2>
			<row3>	0.0000 0.7510 0.5696 1.0000	</row3>
		</transform>
	</node>
	<node>
		<identifier>	MP_CM082_Rope	</identifier>
		<parent>	Scene Root	</parent>
		<transform>
			<row0>	0.0000 0.0000 -0.6873 0.0000	</row0>
			<row1>	0.0000 0.6873 0.0000 0.0000	</row1>
			<row2>	0.6873 0.0000 0.0000 0.0000	</row2>
			<row3>	-0.2989 0.9168 1.8490 1.0000	</row3>
		</transform>
	</node>
	<node>
		<identifier>	MP_CM082_Rope_INDEX_1	</identifier>
		<parent>	Scene Root	</parent>
		<transform>
			<row0>	0.0000 0.0000 0.6873 0.0000	</row0>
			<row1>	0.0000 0.6873 0.0000 0.0000	</row1>
			<row2>	-0.6873 0.0000 0.0000 0.0000	</row2>
			<row3>	0.2989 0.9168 1.8490 1.0000	</row3>
		</transform>
	</node>
	<node>
		<identifier>	MP_CM082_Rope_INDEX_2	</identifier>
		<parent>	Scene Root	</parent>
		<transform>
			<row0>	0.0000 0.0000 0.7464 0.0000	</row0>
			<row1>	0.0000 0.7464 0.0000 0.0000	</row1>
			<row2>	-0.7464 0.0000 0.0000 0.0000	</row2>
			<row3>	0.2491 0.9168 1.8490 1.0000	</row3>
		</transform>
	</node>
	<node>
		<identifier>	MP_CM082_Rope_INDEX_3	</identifier>
		<parent>	Scene Root	</parent>
		<transform>
			<row0>	0.0000 0.0000 -0.7464 0.0000	</row0>
			<row1>	0.0000 0.7464 0.0000 0.0000	</row1>
			<row2>	0.7464 0.0000 0.0000 0.0000	</row2>
			<row3>	-0.2491 0.9168 1.8490 1.0000	</row3>
		</transform>
	</node>
	<node>
		<identifier>	MP_CM082_Rope_INDEX_4	</identifier>
		<parent>	Scene Root	</parent>
		<transform>
			<row0>	0.0000 0.0000 -0.6658 0.0000	</row0>
			<row1>	0.0000 0.6658 0.0000 0.0000	</row1>
			<row2>	0.6658 0.0000 0.0000 0.0000	</row2>
			<row3>	-0.2291 0.9168 1.8490 1.0000	</row3>
		</transform>
	</node>
	<node>
		<identifier>	MP_CM082_Rope_INDEX_5	</identifier>
		<parent>	Scene Root	</parent>
		<transform>
			<row0>	0.0000 0.0000 0.6873 0.0000	</row0>
			<row1>	0.0000 0.6873 0.0000 0.0000	</row1>
			<row2>	-0.6873 0.0000 0.0000 0.0000	</row2>
			<row3>	0.2843 0.9168 1.8490 1.0000	</row3>
		</transform>
	</node>
	<node>
		<identifier>	MP_CM082_Rope_INDEX_6	</identifier>
		<parent>	Scene Root	</parent>
		<transform>
			<row0>	0.0000 0.0000 -0.6873 0.0000	</row0>
			<row1>	0.0000 0.6873 0.0000 0.0000	</row1>
			<row2>	0.6873 0.0000 0.0000 0.0000	</row2>
			<row3>	-0.2843 0.9168 1.8490 1.0000	</row3>
		</transform>
	</node>
	<node>
		<identifier>	MP_CM082_Rope_INDEX_7	</identifier>
		<parent>	Scene Root	</parent>
		<transform>
			<row0>	0.0000 0.0000 0.6658 0.0000	</row0>
			<row1>	0.0000 0.6658 0.0000 0.0000	</row1>
			<row2>	-0.6658 0.0000 0.0000 0.0000	</row2>
			<row3>	0.2291 0.9168 1.8490 1.0000	</row3>
		</transform>
	</node>
	<node>
		<identifier>	MP_CM082_Rope_INDEX_8	</identifier>
		<parent>	Scene Root	</parent>
		<transform>
			<row0>	0.0000 0.0000 -0.6275 0.0000	</row0>
			<row1>	0.0000 0.6275 0.0000 0.0000	</row1>
			<row2>	0.6275 0.0000 0.0000 0.0000	</row2>
			<row3>	-0.2695 0.9168 1.8490 1.0000	</row3>
		</transform>
	</node>
	<node>
		<identifier>	MP_CM082_Rope_INDEX_9	</identifier>
		<parent>	Scene Root	</parent>
		<transform>
			<row0>	0.0000 0.0000 0.6275 0.0000	</row0>
			<row1>	0.0000 0.6275 0.0000 0.0000	</row1>
			<row2>	-0.6275 0.0000 0.0000 0.0000	</row2>
			<row3>	0.2695 0.9168 1.8490 1.0000	</row3>
		</transform>
	</node>
	<node>
		<identifier>	MP_CM088_Swab_Rack	</identifier>
		<parent>	Scene Root	</parent>
		<transform>
			<row0>	1.0000 0.0000 0.0000 0.0000	</row0>
			<row1>	0.0000 1.0000 0.0000 0.0000	</row1>
			<row2>	0.0000 0.0000 1.0000 0.0000	</row2>
			<row3>	0.1507 0.4075 1.7316 1.0000	</row3>
		</transform>
	</node>
	<node>
		<identifier>	MP_CM088_Swab_Rack_INDEX_1	</identifier>
		<parent>	Scene Root	</parent>
		<transform>
			<row0>	1.0000 0.0000 0.0000 0.0000	</row0>
			<row1>	0.0000 1.0000 0.0000 0.0000	</row1>
			<row2>	0.0000 0.0000 1.0000 0.0000	</row2>
			<row3>	0.1130 0.4075 -0.1999 1.0000	</row3>
		</transform>
	</node>
	<node>
		<identifier>	MP_CM104_Life_Buoy	</identifier>
		<parent>	Scene Root	</parent>
		<transform>
			<row0>	-0.7215 0.0000 -0.6924 0.0000	</row0>
			<row1>	0.0000 1.0000 0.0000 0.0000	</row1>
			<row2>	0.6924 0.0000 -0.7215 0.0000	</row2>
			<row3>	-0.3248 0.6402 2.5521 1.0000	</row3>
		</transform>
	</node>
	<node>
		<identifier>	MP_CM104_Life_Buoy_INDEX_1	</identifier>
		<parent>	Scene Root	</parent>
		<transform>
			<row0>	-0.7215 0.0000 0.6924 0.0000	</row0>
			<row1>	0.0000 1.0000 0.0000 0.0000	</row1>
			<row2>	-0.6924 0.0000 -0.7215 0.0000	</row2>
			<row3>	0.3248 0.6402 2.5521 1.0000	</row3>
		</transform>
	</node>
	<node>
		<identifier>	MP_FM001_Pelorus	</identifier>
		<parent>	Scene Root	</parent>
		<transform>
			<row0>	0.0000 0.0000 1.0000 0.0000	</row0>
			<row1>	0.0000 1.0000 0.0000 0.0000	</row1>
			<row2>	-1.0000 0.0000 0.0000 0.0000	</row2>
			<row3>	-0.3188 1.0122 1.4156 1.0000	</row3>
		</transform>
	</node>
	<node>
		<identifier>	MP_FM001_Pelorus_INDEX_1	</identifier>
		<parent>	Scene Root	</parent>
		<transform>
			<row0>	0.0000 0.0000 -1.0000 0.0000	</row0>
			<row1>	0.0000 1.0000 0.0000 0.0000	</row1>
			<row2>	1.0000 0.0000 0.0000 0.0000	</row2>
			<row3>	0.3188 1.0122 1.4156 1.0000	</row3>
		</transform>
	</node>
	<node>
		<identifier>	MP_FM002_Binoculars	</identifier>
		<parent>	Scene Root	</parent>
		<transform>
			<row0>	0.5736 0.0000 0.8192 0.0000	</row0>
			<row1>	0.0000 1.0000 0.0000 0.0000	</row1>
			<row2>	-0.8192 0.0000 0.5736 0.0000	</row2>
			<row3>	-0.2430 1.0138 1.6401 1.0000	</row3>
		</transform>
	</node>
	<node>
		<identifier>	MP_FM002_Binoculars_INDEX_1	</identifier>
		<parent>	Scene Root	</parent>
		<transform>
			<row0>	0.7660 0.0000 -0.6428 0.0000	</row0>
			<row1>	0.0000 1.0000 0.0000 0.0000	</row1>
			<row2>	0.6428 0.0000 0.7660 0.0000	</row2>
			<row3>	0.1017 2.2845 2.0486 1.0000	</row3>
		</transform>
	</node>
	<node>
		<identifier>	MP_FM002_Binoculars_INDEX_10	</identifier>
		<parent>	Scene Root	</parent>
		<transform>
			<row0>	-0.8660 0.0000 0.5000 0.0000	</row0>
			<row1>	0.0000 1.0000 0.0000 0.0000	</row1>
			<row2>	-0.5000 0.0000 -0.8660 0.0000	</row2>
			<row3>	-0.0791 2.2843 1.7426 1.0000	</row3>
		</transform>
	</node>
	<node>
		<identifier>	MP_FM002_Binoculars_INDEX_11	</identifier>
		<parent>	Scene Root	</parent>
		<transform>
			<row0>	0.0000 0.0000 -1.0000 0.0000	</row0>
			<row1>	0.0000 1.0000 0.0000 0.0000	</row1>
			<row2>	1.0000 0.0000 0.0000 0.0000	</row2>
			<row3>	0.1770 2.2843 1.9456 1.0000	</row3>
		</transform>
	</node>
	<node>
		<identifier>	MP_FM002_Binoculars_INDEX_2	</identifier>
		<parent>	Scene Root	</parent>
		<transform>
			<row0>	0.0000 0.0000 1.0000 0.0000	</row0>
			<row1>	0.0000 1.0000 0.0000 0.0000	</row1>
			<row2>	-1.0000 0.0000 0.0000 0.0000	</row2>
			<row3>	-0.1770 2.2843 1.9456 1.0000	</row3>
		</transform>
	</node>
	<node>
		<identifier>	MP_FM002_Binoculars_INDEX_3	</identifier>
		<parent>	Scene Root	</parent>
		<transform>
			<row0>	0.5592 0.0000 0.8290 0.0000	</row0>
			<row1>	0.0000 1.0000 0.0000 0.0000	</row1>
			<row2>	-0.8290 0.0000 0.5592 0.0000	</row2>
			<row3>	-0.2795 0.8496 1.9537 1.0000	</row3>
		</transform>
	</node>
	<node>
		<identifier>	MP_FM002_Binoculars_INDEX_4	</identifier>
		<parent>	Scene Root	</parent>
		<transform>
			<row0>	0.5592 0.0000 -0.8290 0.0000	</row0>
			<row1>	0.0000 1.0000 0.0000 0.0000	</row1>
			<row2>	0.8290 0.0000 0.5592 0.0000	</row2>
			<row3>	0.2795 0.8496 1.9537 1.0000	</row3>
		</transform>
	</node>
	<node>
		<identifier>	MP_FM002_Binoculars_INDEX_5	</identifier>
		<parent>	Scene Root	</parent>
		<transform>
			<row0>	1.0000 0.0000 0.0000 0.0000	</row0>
			<row1>	0.0000 1.0000 0.0000 0.0000	</row1>
			<row2>	0.0000 0.0000 1.0000 0.0000	</row2>
			<row3>	-0.0198 0.8569 2.3750 1.0000	</row3>
		</transform>
	</node>
	<node>
		<identifier>	MP_FM002_Binoculars_INDEX_6	</identifier>
		<parent>	Scene Root	</parent>
		<transform>
			<row0>	1.0000 0.0000 0.0000 0.0000	</row0>
			<row1>	0.0000 1.0000 0.0000 0.0000	</row1>
			<row2>	0.0000 0.0000 1.0000 0.0000	</row2>
			<row3>	0.0198 0.8569 2.3750 1.0000	</row3>
		</transform>
	</node>
	<node>
		<identifier>	MP_FM002_Binoculars_INDEX_7	</identifier>
		<parent>	Scene Root	</parent>
		<transform>
			<row0>	0.5736 0.0000 -0.8192 0.0000	</row0>
			<row1>	0.0000 1.0000 0.0000 0.0000	</row1>
			<row2>	0.8192 0.0000 0.5736 0.0000	</row2>
			<row3>	0.2430 1.0138 1.6401 1.0000	</row3>
		</transform>
	</node>
	<node>
		<identifier>	MP_FM002_Binoculars_INDEX_8	</identifier>
		<parent>	Scene Root	</parent>
		<transform>
			<row0>	0.7660 0.0000 0.6428 0.0000	</row0>
			<row1>	0.0000 1.0000 0.0000 0.0000	</row1>
			<row2>	-0.6428 0.0000 0.7660 0.0000	</row2>
			<row3>	-0.1017 2.2845 2.0486 1.0000	</row3>
		</transform>
	</node>
	<node>
		<identifier>	MP_FM002_Binoculars_INDEX_9	</identifier>
		<parent>	Scene Root	</parent>
		<transform>
			<row0>	-0.8660 0.0000 -0.5000 0.0000	</row0>
			<row1>	0.0000 1.0000 0.0000 0.0000	</row1>
			<row2>	0.5000 0.0000 -0.8660 0.0000	</row2>
			<row3>	0.0791 2.2843 1.7426 1.0000	</row3>
		</transform>
	</node>
	<node>
		<identifier>	MP_FM009_Range_Concentration_Dials	</identifier>
		<parent>	Scene Root	</parent>
		<transform>
			<row0>	0.9000 0.0000 0.0000 0.0000	</row0>
			<row1>	0.0000 0.9000 0.0000 0.0000	</row1>
			<row2>	0.0000 0.0000 1.0000 0.0000	</row2>
			<row3>	0.0000 2.3143 2.1048 1.0000	</row3>
		</transform>
	</node>
	<node>
		<identifier>	MP_FM009_Range_Concentration_Dials_INDEX_1	</identifier>
		<parent>	Scene Root	</parent>
		<transform>
			<row0>	0.0000 0.0000 -1.0500 0.0000	</row0>
			<row1>	0.0000 1.0500 0.0000 0.0000	</row1>
			<row2>	1.0000 0.0000 0.0000 0.0000	</row2>
			<row3>	0.2011 2.3077 1.9295 1.0000	</row3>
		</transform>
	</node>
	<node>
		<identifier>	MP_FM009_Range_Concentration_Dials_INDEX_2	</identifier>
		<parent>	Scene Root	</parent>
		<transform>
			<row0>	0.0000 0.0000 1.0500 0.0000	</row0>
			<row1>	0.0000 1.0500 0.0000 0.0000	</row1>
			<row2>	-1.0000 0.0000 0.0000 0.0000	</row2>
			<row3>	-0.2011 2.3077 1.9295 1.0000	</row3>
		</transform>
	</node>
	<node>
		<identifier>	MP_FM010_Paravane	</identifier>
		<parent>	Scene Root	</parent>
		<transform>
			<row0>	0.0000 -1.0000 0.0000 0.0000	</row0>
			<row1>	0.9274 0.0000 0.3742 0.0000	</row1>
			<row2>	-0.3742 0.0000 0.9274 0.0000	</row2>
			<row3>	-0.2439 0.7565 0.9212 1.0000	</row3>
		</transform>
	</node>
	<node>
		<identifier>	MP_FM010_Paravane_INDEX_1	</identifier>
		<parent>	Scene Root	</parent>
		<transform>
			<row0>	0.0000 1.0000 0.0000 0.0000	</row0>
			<row1>	-0.9274 0.0000 0.3742 0.0000	</row1>
			<row2>	0.3742 0.0000 0.9274 0.0000	</row2>
			<row3>	0.2439 0.7565 0.9212 1.0000	</row3>
		</transform>
	</node>
	<node>
		<identifier>	MP_FM010_Paravane_INDEX_2	</identifier>
		<parent>	Scene Root	</parent>
		<transform>
			<row0>	-1.0000 0.0000 0.0000 0.0000	</row0>
			<row1>	0.0000 -1.0000 0.0000 0.0000	</row1>
			<row2>	0.0000 0.0000 1.0000 0.0000	</row2>
			<row3>	0.5428 0.4351 2.2214 1.0000	</row3>
		</transform>
	</node>
	<node>
		<identifier>	MP_FM010_Paravane_INDEX_3	</identifier>
		<parent>	Scene Root	</parent>
		<transform>
			<row0>	-1.0000 0.0000 0.0000 0.0000	</row0>
			<row1>	0.0000 -1.0000 0.0000 0.0000	</row1>
			<row2>	0.0000 0.0000 1.0000 0.0000	</row2>
			<row3>	-0.5428 0.4351 2.2214 1.0000	</row3>
		</transform>
	</node>
	<node>
		<identifier>	MP_FM011_Reels	</identifier>
		<parent>	Scene Root	</parent>
		<transform>
			<row0>	0.7000 0.0000 0.0000 0.0000	</row0>
			<row1>	0.0000 0.7000 0.0000 0.0000	</row1>
			<row2>	0.0000 0.0000 0.7000 0.0000	</row2>
			<row3>	0.1293 0.4072 0.7132 1.0000	</row3>
		</transform>
	</node>
	<node>
		<identifier>	MP_FM011_Reels_INDEX_1	</identifier>
		<parent>	Scene Root	</parent>
		<transform>
			<row0>	1.0000 0.0000 0.0000 0.0000	</row0>
			<row1>	0.0000 1.0000 0.0000 0.0000	</row1>
			<row2>	0.0000 0.0000 1.0000 0.0000	</row2>
			<row3>	0.4538 0.4072 1.5941 1.0000	</row3>
		</transform>
	</node>
	<node>
		<identifier>	MP_FM011_Reels_INDEX_2	</identifier>
		<parent>	Scene Root	</parent>
		<transform>
			<row0>	0.1693 0.0000 -0.6792 0.0000	</row0>
			<row1>	0.6792 0.0000 0.1693 0.0000	</row1>
			<row2>	0.0000 -0.7000 0.0000 0.0000	</row2>
			<row3>	0.0467 0.4874 -0.0802 1.0000	</row3>
		</transform>
	</node>
	<node>
		<identifier>	MP_FM011_Reels_INDEX_3	</identifier>
		<parent>	Scene Root	</parent>
		<transform>
			<row0>	-0.7000 0.0000 0.0000 0.0000	</row0>
			<row1>	0.0000 0.0000 0.7000 0.0000	</row1>
			<row2>	0.0000 0.7000 0.0000 0.0000	</row2>
			<row3>	0.2928 0.5203 1.2579 1.0000	</row3>
		</transform>
	</node>
	<node>
		<identifier>	MP_FM011_Reels_INDEX_4	</identifier>
		<parent>	Scene Root	</parent>
		<transform>
			<row0>	0.7314 0.0000 0.6820 0.0000	</row0>
			<row1>	0.0000 1.0000 0.0000 0.0000	</row1>
			<row2>	-0.6820 0.0000 0.7314 0.0000	</row2>
			<row3>	-0.3640 0.4061 2.5954 1.0000	</row3>
		</transform>
	</node>
	<node>
		<identifier>	MP_FM011_Reels_INDEX_5	</identifier>
		<parent>	Scene Root	</parent>
		<transform>
			<row0>	1.0000 0.0000 0.0000 0.0000	</row0>
			<row1>	0.0000 1.0000 0.0000 0.0000	</row1>
			<row2>	0.0000 0.0000 1.0000 0.0000	</row2>
			<row3>	-0.4538 0.4072 1.5941 1.0000	</row3>
		</transform>
	</node>
	<node>
		<identifier>	MP_FM011_Reels_INDEX_6	</identifier>
		<parent>	Scene Root	</parent>
		<transform>
			<row0>	0.7000 0.0000 0.0000 0.0000	</row0>
			<row1>	0.0000 0.0000 -0.7000 0.0000	</row1>
			<row2>	0.0000 0.7000 0.0000 0.0000	</row2>
			<row3>	-0.2101 0.4883 -0.4041 1.0000	</row3>
		</transform>
	</node>
	<node>
		<identifier>	MP_FM014_Telephone	</identifier>
		<parent>	Scene Root	</parent>
		<transform>
			<row0>	0.0000 0.0000 1.0000 0.0000	</row0>
			<row1>	0.0000 1.0000 0.0000 0.0000	</row1>
			<row2>	-1.0000 0.0000 0.0000 0.0000	</row2>
			<row3>	-0.0954 0.9239 2.3640 1.0000	</row3>
		</transform>
	</node>
	<node>
		<identifier>	MP_FM014_Telephone_INDEX_1	</identifier>
		<parent>	Scene Root	</parent>
		<transform>
			<row0>	0.0000 0.0000 -1.0000 0.0000	</row0>
			<row1>	0.0000 1.0000 0.0000 0.0000	</row1>
			<row2>	1.0000 0.0000 0.0000 0.0000	</row2>
			<row3>	0.0954 0.9239 2.3640 1.0000	</row3>
		</transform>
	</node>
	<node>
		<identifier>	MP_FM016_Reels	</identifier>
		<parent>	Scene Root	</parent>
		<transform>
			<row0>	0.6947 0.0000 -0.7193 0.0000	</row0>
			<row1>	0.0000 1.0000 0.0000 0.0000	</row1>
			<row2>	0.7193 0.0000 0.6947 0.0000	</row2>
			<row3>	0.3710 0.4061 2.5958 1.0000	</row3>
		</transform>
	</node>
	<node>
		<identifier>	MP_FM500_11m_Cutter	</identifier>
		<parent>	Scene Root	</parent>
		<transform>
			<row0>	0.9925 0.0000 -0.1219 0.0000	</row0>
			<row1>	0.0000 1.0000 0.0000 0.0000	</row1>
			<row2>	0.1219 0.0000 0.9925 0.0000	</row2>
			<row3>	-0.1130 0.5865 0.1714 1.0000	</row3>
		</transform>
	</node>
	<node>
		<identifier>	MP_FM504_11m_motor_launch	</identifier>
		<parent>	Scene Root	</parent>
		<transform>
			<row0>	1.0000 0.0000 0.0000 0.0000	</row0>
			<row1>	0.0000 1.0000 0.0000 0.0000	</row1>
			<row2>	0.0000 0.0000 1.0000 0.0000	</row2>
			<row3>	-0.3132 0.5738 -1.2292 1.0000	</row3>
		</transform>
	</node>
	<node>
		<identifier>	MP_FM504_11m_motor_launch_INDEX_1	</identifier>
		<parent>	Scene Root	</parent>
		<transform>
			<row0>	1.0000 0.0000 0.0000 0.0000	</row0>
			<row1>	0.0000 1.0000 0.0000 0.0000	</row1>
			<row2>	0.0000 0.0000 1.0000 0.0000	</row2>
			<row3>	0.3247 0.5700 -1.2292 1.0000	</row3>
		</transform>
	</node>
	<node>
		<identifier>	MP_FM510_10m_cutter	</identifier>
		<parent>	Scene Root	</parent>
		<transform>
			<row0>	1.0000 0.0000 0.0000 0.0000	</row0>
			<row1>	0.0000 1.0000 0.0000 0.0000	</row1>
			<row2>	0.0000 0.0000 1.0000 0.0000	</row2>
			<row3>	0.1141 0.6324 -1.2279 1.0000	</row3>
		</transform>
	</node>
	<node>
		<identifier>	MP_FM510_10m_cutter_INDEX_1	</identifier>
		<parent>	Scene Root	</parent>
		<transform>
			<row0>	0.9925 0.0000 0.1219 0.0000	</row0>
			<row1>	0.0000 1.0000 0.0000 0.0000	</row1>
			<row2>	-0.1219 0.0000 0.9925 0.0000	</row2>
			<row3>	0.1178 0.6314 0.1777 1.0000	</row3>
		</transform>
	</node>
	<node>
		<identifier>	MP_FM510_10m_cutter_INDEX_2	</identifier>
		<parent>	Scene Root	</parent>
		<transform>
			<row0>	1.0000 0.0000 0.0000 0.0000	</row0>
			<row1>	0.0000 1.0000 0.0000 0.0000	</row1>
			<row2>	0.0000 0.0000 1.0000 0.0000	</row2>
			<row3>	-0.0994 0.6324 -1.2279 1.0000	</row3>
		</transform>
	</node>
	<node>
		<identifier>	MP_FM512_10m_Launch	</identifier>
		<parent>	Scene Root	</parent>
		<transform>
			<row0>	1.0000 0.0000 0.0000 0.0000	</row0>
			<row1>	0.0000 1.0000 0.0000 0.0000	</row1>
			<row2>	0.0000 0.0000 1.0000 0.0000	</row2>
			<row3>	-0.4151 0.4114 -1.2158 1.0000	</row3>
		</transform>
	</node>
	<node>
		<identifier>	MP_FM513_9m_Motorboat	</identifier>
		<parent>	Scene Root	</parent>
		<transform>
			<row0>	1.0000 0.0000 0.0000 0.0000	</row0>
			<row1>	0.0000 1.0000 0.0000 0.0000	</row1>
			<row2>	0.0000 0.0000 1.0000 0.0000	</row2>
			<row3>	0.4331 0.4155 -1.2250 1.0000	</row3>
		</transform>
	</node>
	<node>
		<identifier>	MP_FM522_Plate_3m	</identifier>
		<parent>	Scene Root	</parent>
		<transform>
			<row0>	1.0000 0.0000 0.0000 0.0000	</row0>
			<row1>	0.0000 1.0000 0.0000 0.0000	</row1>
			<row2>	0.0000 0.0000 1.0000 0.0000	</row2>
			<row3>	-0.4151 0.4854 -1.1805 1.0000	</row3>
		</transform>
	</node>
	<node>
		<identifier>	MP_FM522_Plate_3m_INDEX_1	</identifier>
		<parent>	Scene Root	</parent>
		<transform>
			<row0>	1.0000 0.0000 0.0000 0.0000	</row0>
			<row1>	0.0000 1.0000 0.0000 0.0000	</row1>
			<row2>	0.0000 0.0000 1.0000 0.0000	</row2>
			<row3>	0.4334 0.4670 -1.1651 1.0000	</row3>
		</transform>
	</node>
	<node>
		<identifier>	MP_FM603_Searchlight_sight	</identifier>
		<parent>	Scene Root	</parent>
		<transform>
			<row0>	1.0000 0.0000 0.0000 0.0000	</row0>
			<row1>	0.0000 1.0000 0.0000 0.0000	</row1>
			<row2>	0.0000 0.0000 1.0000 0.0000	</row2>
			<row3>	0.2035 1.0141 1.6907 1.0000	</row3>
		</transform>
	</node>
	<node>
		<identifier>	MP_FM603_Searchlight_sight_INDEX_1	</identifier>
		<parent>	Scene Root	</parent>
		<transform>
			<row0>	1.0000 0.0000 0.0000 0.0000	</row0>
			<row1>	0.0000 1.0000 0.0000 0.0000	</row1>
			<row2>	0.0000 0.0000 1.0000 0.0000	</row2>
			<row3>	-0.2035 1.0141 1.6907 1.0000	</row3>
		</transform>
	</node>
	<node>
		<identifier>	MP_FM603_Searchlight_sight_INDEX_2	</identifier>
		<parent>	Scene Root	</parent>
		<transform>
			<row0>	0.0000 0.0000 -1.0000 0.0000	</row0>
			<row1>	0.0000 1.0000 0.0000 0.0000	</row1>
			<row2>	1.0000 0.0000 0.0000 0.0000	</row2>
			<row3>	0.3187 1.0156 1.4768 1.0000	</row3>
		</transform>
	</node>
	<node>
		<identifier>	MP_FM603_Searchlight_sight_INDEX_3	</identifier>
		<parent>	Scene Root	</parent>
		<transform>
			<row0>	0.0000 0.0000 1.0000 0.0000	</row0>
			<row1>	0.0000 1.0000 0.0000 0.0000	</row1>
			<row2>	-1.0000 0.0000 0.0000 0.0000	</row2>
			<row3>	-0.3187 1.0156 1.4768 1.0000	</row3>
		</transform>
	</node>
	<node>
		<identifier>	MP_FM604_Magnetic_Compass	</identifier>
		<parent>	Scene Root	</parent>
		<transform>
			<row0>	0.0000 0.0000 -1.0000 0.0000	</row0>
			<row1>	0.0000 1.0000 0.0000 0.0000	</row1>
			<row2>	1.0000 0.0000 0.0000 0.0000	</row2>
			<row3>	0.2663 0.8496 1.2645 1.0000	</row3>
		</transform>
	</node>
	<node>
		<identifier>	MP_FM604_Magnetic_Compass_INDEX_1	</identifier>
		<parent>	Scene Root	</parent>
		<transform>
			<row0>	0.0000 0.0000 1.0000 0.0000	</row0>
			<row1>	0.0000 1.0000 0.0000 0.0000	</row1>
			<row2>	-1.0000 0.0000 0.0000 0.0000	</row2>
			<row3>	-0.2596 0.8496 1.2645 1.0000	</row3>
		</transform>
	</node>
	<node>
		<identifier>	MP_FM607_Voice_Tube	</identifier>
		<parent>	Scene Root	</parent>
		<transform>
			<row0>	0.0000 0.0000 -1.0000 0.0000	</row0>
			<row1>	0.0000 1.0000 0.0000 0.0000	</row1>
			<row2>	1.0000 0.0000 0.0000 0.0000	</row2>
			<row3>	-0.1408 1.0141 1.2559 1.0000	</row3>
		</transform>
	</node>
	<node>
		<identifier>	MP_FM607_Voice_Tube_INDEX_1	</identifier>
		<parent>	Scene Root	</parent>
		<transform>
			<row0>	0.1908 0.0000 0.9816 0.0000	</row0>
			<row1>	0.0000 1.0000 0.0000 0.0000	</row1>
			<row2>	-0.9816 0.0000 0.1908 0.0000	</row2>
			<row3>	-0.2558 1.0141 1.6210 1.0000	</row3>
		</transform>
	</node>
	<node>
		<identifier>	MP_FM607_Voice_Tube_INDEX_10	</identifier>
		<parent>	Scene Root	</parent>
		<transform>
			<row0>	0.1908 0.0000 -0.9816 0.0000	</row0>
			<row1>	0.0000 1.0000 0.0000 0.0000	</row1>
			<row2>	0.9816 0.0000 0.1908 0.0000	</row2>
			<row3>	0.1285 2.2680 2.0310 1.0000	</row3>
		</transform>
	</node>
	<node>
		<identifier>	MP_FM607_Voice_Tube_INDEX_11	</identifier>
		<parent>	Scene Root	</parent>
		<transform>
			<row0>	0.4384 0.0000 -0.8988 0.0000	</row0>
			<row1>	0.0000 1.0000 0.0000 0.0000	</row1>
			<row2>	0.8988 0.0000 0.4384 0.0000	</row2>
			<row3>	0.1757 2.2680 1.9729 1.0000	</row3>
		</transform>
	</node>
	<node>
		<identifier>	MP_FM607_Voice_Tube_INDEX_12	</identifier>
		<parent>	Scene Root	</parent>
		<transform>
			<row0>	0.1908 0.0000 -0.9816 0.0000	</row0>
			<row1>	0.0000 1.0000 0.0000 0.0000	</row1>
			<row2>	0.9816 0.0000 0.1908 0.0000	</row2>
			<row3>	0.2558 1.0141 1.6210 1.0000	</row3>
		</transform>
	</node>
	<node>
		<identifier>	MP_FM607_Voice_Tube_INDEX_13	</identifier>
		<parent>	Scene Root	</parent>
		<transform>
			<row0>	0.8660 0.0000 -0.5000 0.0000	</row0>
			<row1>	0.0000 1.0000 0.0000 0.0000	</row1>
			<row2>	0.5000 0.0000 0.8660 0.0000	</row2>
			<row3>	0.0478 0.8569 2.3626 1.0000	</row3>
		</transform>
	</node>
	<node>
		<identifier>	MP_FM607_Voice_Tube_INDEX_14	</identifier>
		<parent>	Scene Root	</parent>
		<transform>
			<row0>	0.0000 0.0000 1.0000 0.0000	</row0>
			<row1>	0.0000 1.0000 0.0000 0.0000	</row1>
			<row2>	-1.0000 0.0000 0.0000 0.0000	</row2>
			<row3>	0.1408 1.0141 1.2559 1.0000	</row3>
		</transform>
	</node>
	<node>
		<identifier>	MP_FM607_Voice_Tube_INDEX_15	</identifier>
		<parent>	Scene Root	</parent>
		<transform>
			<row0>	0.0175 0.0000 -0.9998 0.0000	</row0>
			<row1>	0.0000 1.0000 0.0000 0.0000	</row1>
			<row2>	0.9998 0.0000 0.0175 0.0000	</row2>
			<row3>	0.3319 1.0141 1.5170 1.0000	</row3>
		</transform>
	</node>
	<node>
		<identifier>	MP_FM607_Voice_Tube_INDEX_16	</identifier>
		<parent>	Scene Root	</parent>
		<transform>
			<row0>	0.0175 0.0000 0.9998 0.0000	</row0>
			<row1>	0.0000 1.0000 0.0000 0.0000	</row1>
			<row2>	-0.9998 0.0000 0.0175 0.0000	</row2>
			<row3>	-0.3319 1.0141 1.5170 1.0000	</row3>
		</transform>
	</node>
	<node>
		<identifier>	MP_FM607_Voice_Tube_INDEX_17	</identifier>
		<parent>	Scene Root	</parent>
		<transform>
			<row0>	0.1908 0.0000 0.9816 0.0000	</row0>
			<row1>	0.0000 1.0000 0.0000 0.0000	</row1>
			<row2>	-0.9816 0.0000 0.1908 0.0000	</row2>
			<row3>	-0.1285 2.2680 2.0310 1.0000	</row3>
		</transform>
	</node>
	<node>
		<identifier>	MP_FM607_Voice_Tube_INDEX_2	</identifier>
		<parent>	Scene Root	</parent>
		<transform>
			<row0>	0.8660 0.0000 0.5000 0.0000	</row0>
			<row1>	0.0000 1.0000 0.0000 0.0000	</row1>
			<row2>	-0.5000 0.0000 0.8660 0.0000	</row2>
			<row3>	-0.0478 0.8569 2.3626 1.0000	</row3>
		</transform>
	</node>
	<node>
		<identifier>	MP_FM607_Voice_Tube_INDEX_3	</identifier>
		<parent>	Scene Root	</parent>
		<transform>
			<row0>	0.3420 0.0000 -0.9397 0.0000	</row0>
			<row1>	0.0000 1.0000 0.0000 0.0000	</row1>
			<row2>	0.9397 0.0000 0.3420 0.0000	</row2>
			<row3>	0.2743 0.8499 1.3055 1.0000	</row3>
		</transform>
	</node>
	<node>
		<identifier>	MP_FM607_Voice_Tube_INDEX_4	</identifier>
		<parent>	Scene Root	</parent>
		<transform>
			<row0>	-0.9397 0.0000 0.3420 0.0000	</row0>
			<row1>	0.0000 1.0000 0.0000 0.0000	</row1>
			<row2>	-0.3420 0.0000 -0.9397 0.0000	</row2>
			<row3>	-0.0620 2.2680 1.7258 1.0000	</row3>
		</transform>
	</node>
	<node>
		<identifier>	MP_FM607_Voice_Tube_INDEX_5	</identifier>
		<parent>	Scene Root	</parent>
		<transform>
			<row0>	0.2588 0.0000 0.9659 0.0000	</row0>
			<row1>	0.0000 1.0000 0.0000 0.0000	</row1>
			<row2>	-0.9659 0.0000 0.2588 0.0000	</row2>
			<row3>	-0.2743 0.8499 1.3055 1.0000	</row3>
		</transform>
	</node>
	<node>
		<identifier>	MP_FM607_Voice_Tube_INDEX_6	</identifier>
		<parent>	Scene Root	</parent>
		<transform>
			<row0>	0.4384 0.0000 0.8988 0.0000	</row0>
			<row1>	0.0000 1.0000 0.0000 0.0000	</row1>
			<row2>	-0.8988 0.0000 0.4384 0.0000	</row2>
			<row3>	-0.1757 2.2680 1.9729 1.0000	</row3>
		</transform>
	</node>
	<node>
		<identifier>	MP_FM607_Voice_Tube_INDEX_7	</identifier>
		<parent>	Scene Root	</parent>
		<transform>
			<row0>	0.8090 0.0000 0.5878 0.0000	</row0>
			<row1>	0.0000 1.0000 0.0000 0.0000	</row1>
			<row2>	-0.5878 0.0000 0.8090 0.0000	</row2>
			<row3>	-0.2668 0.8497 1.9807 1.0000	</row3>
		</transform>
	</node>
	<node>
		<identifier>	MP_FM607_Voice_Tube_INDEX_8	</identifier>
		<parent>	Scene Root	</parent>
		<transform>
			<row0>	0.8090 0.0000 -0.5878 0.0000	</row0>
			<row1>	0.0000 1.0000 0.0000 0.0000	</row1>
			<row2>	0.5878 0.0000 0.8090 0.0000	</row2>
			<row3>	0.2668 0.8497 1.9806 1.0000	</row3>
		</transform>
	</node>
	<node>
		<identifier>	MP_FM607_Voice_Tube_INDEX_9	</identifier>
		<parent>	Scene Root	</parent>
		<transform>
			<row0>	-0.9455 0.0000 0.3256 0.0000	</row0>
			<row1>	0.0000 1.0000 0.0000 0.0000	</row1>
			<row2>	-0.3256 0.0000 -0.9455 0.0000	</row2>
			<row3>	0.0541 2.2680 1.7261 1.0000	</row3>
		</transform>
	</node>
	<node>
		<identifier>	MP_FM701_Ammunition_Box	</identifier>
		<parent>	Scene Root	</parent>
		<transform>
			<row0>	-0.6820 0.0000 0.7314 0.0000	</row0>
			<row1>	0.0000 1.0000 0.0000 0.0000	</row1>
			<row2>	-0.7314 0.0000 -0.6820 0.0000	</row2>
			<row3>	0.1685 0.5726 2.2525 1.0000	</row3>
		</transform>
	</node>
	<node>
		<identifier>	MP_FM701_Ammunition_Box_INDEX_1	</identifier>
		<parent>	Scene Root	</parent>
		<transform>
			<row0>	-0.9903 0.0000 0.1392 0.0000	</row0>
			<row1>	0.0000 1.0000 0.0000 0.0000	</row1>
			<row2>	-0.1392 0.0000 -0.9903 0.0000	</row2>
			<row3>	0.0510 0.5726 2.3127 1.0000	</row3>
		</transform>
	</node>
	<node>
		<identifier>	MP_FM701_Ammunition_Box_INDEX_10	</identifier>
		<parent>	Scene Root	</parent>
		<transform>
			<row0>	0.0000 0.0000 1.0000 0.0000	</row0>
			<row1>	0.0000 1.0000 0.0000 0.0000	</row1>
			<row2>	-1.0000 0.0000 0.0000 0.0000	</row2>
			<row3>	0.4458 0.4080 2.3676 1.0000	</row3>
		</transform>
	</node>
	<node>
		<identifier>	MP_FM701_Ammunition_Box_INDEX_11	</identifier>
		<parent>	Scene Root	</parent>
		<transform>
			<row0>	-0.9903 0.0000 -0.1392 0.0000	</row0>
			<row1>	0.0000 1.0000 0.0000 0.0000	</row1>
			<row2>	0.1392 0.0000 -0.9903 0.0000	</row2>
			<row3>	-0.0510 0.5726 2.3127 1.0000	</row3>
		</transform>
	</node>
	<node>
		<identifier>	MP_FM701_Ammunition_Box_INDEX_12	</identifier>
		<parent>	Scene Root	</parent>
		<transform>
			<row0>	1.0000 0.0000 0.0000 0.0000	</row0>
			<row1>	0.0000 1.0000 0.0000 0.0000	</row1>
			<row2>	0.0000 0.0000 1.0000 0.0000	</row2>
			<row3>	0.0884 1.2490 1.6063 1.0000	</row3>
		</transform>
	</node>
	<node>
		<identifier>	MP_FM701_Ammunition_Box_INDEX_13	</identifier>
		<parent>	Scene Root	</parent>
		<transform>
			<row0>	0.0000 0.0000 -1.0000 0.0000	</row0>
			<row1>	0.0000 1.0000 0.0000 0.0000	</row1>
			<row2>	1.0000 0.0000 0.0000 0.0000	</row2>
			<row3>	-0.4458 0.4080 2.3676 1.0000	</row3>
		</transform>
	</node>
	<node>
		<identifier>	MP_FM701_Ammunition_Box_INDEX_2	</identifier>
		<parent>	Scene Root	</parent>
		<transform>
			<row0>	0.0000 0.0000 -1.0000 0.0000	</row0>
			<row1>	0.0000 1.0000 0.0000 0.0000	</row1>
			<row2>	1.0000 0.0000 0.0000 0.0000	</row2>
			<row3>	-0.0808 0.5731 0.6538 1.0000	</row3>
		</transform>
	</node>
	<node>
		<identifier>	MP_FM701_Ammunition_Box_INDEX_3	</identifier>
		<parent>	Scene Root	</parent>
		<transform>
			<row0>	1.0000 0.0000 0.0000 0.0000	</row0>
			<row1>	0.0000 1.0000 0.0000 0.0000	</row1>
			<row2>	0.0000 0.0000 1.0000 0.0000	</row2>
			<row3>	-0.0884 1.2490 1.6063 1.0000	</row3>
		</transform>
	</node>
	<node>
		<identifier>	MP_FM701_Ammunition_Box_INDEX_4	</identifier>
		<parent>	Scene Root	</parent>
		<transform>
			<row0>	0.0000 0.0000 -1.0000 0.0000	</row0>
			<row1>	0.0000 1.0000 0.0000 0.0000	</row1>
