<WSD004_Klas_Horn_1940_MidFront.skel_ext>
	<exported>	true	</exported>
	<node>
		<identifier>	MP_CM013_Fire_Hose_Rack_2	</identifier>
		<parent>	Scene Root	</parent>
		<transform>
			<row0>	0.8763 -0.1717 0.0009 0.0000	</row0>
			<row1>	0.1717 0.8763 -0.0006 0.0000	</row1>
			<row2>	-0.0008 0.0008 0.8930 0.0000	</row2>
			<row3>	-0.0920 0.2492 0.7622 1.0000	</row3>
		</transform>
	</node>
	<node>
		<identifier>	MP_CM014_Fuel_Oil_Hose	</identifier>
		<parent>	Scene Root	</parent>
		<transform>
			<row0>	1.0000 0.0004 0.0038 0.0000	</row0>
			<row1>	-0.0003 0.9999 -0.0141 0.0000	</row1>
			<row2>	-0.0038 0.0141 0.9999 0.0000	</row2>
			<row3>	-0.1004 0.2516 1.0260 1.0000	</row3>
		</transform>
	</node>
	<node>
		<identifier>	MP_CM014_Fuel_Oil_Hose_INDEX_1	</identifier>
		<parent>	Scene Root	</parent>
		<transform>
			<row0>	-1.0000 0.0000 -0.0078 0.0000	</row0>
			<row1>	0.0003 0.9995 -0.0326 0.0000	</row1>
			<row2>	0.0078 -0.0326 -0.9994 0.0000	</row2>
			<row3>	0.1004 0.2525 1.0695 1.0000	</row3>
		</transform>
	</node>
	<node>
		<identifier>	MP_CM029_Emergency_Box	</identifier>
		<parent>	Scene Root	</parent>
		<transform>
			<row0>	0.0000 0.0000 1.0000 0.0000	</row0>
			<row1>	0.0000 1.0000 0.0000 0.0000	</row1>
			<row2>	-1.0000 0.0000 0.0000 0.0000	</row2>
			<row3>	0.1082 0.4287 1.2948 1.0000	</row3>
		</transform>
	</node>
	<node>
		<identifier>	MP_CM029_Emergency_Box_INDEX_1	</identifier>
		<parent>	Scene Root	</parent>
		<transform>
			<row0>	0.0000 0.0000 -1.0000 0.0000	</row0>
			<row1>	0.0000 1.0000 0.0000 0.0000	</row1>
			<row2>	1.0000 0.0000 0.0000 0.0000	</row2>
			<row3>	-0.1082 0.4287 1.2948 1.0000	</row3>
		</transform>
	</node>
	<node>
		<identifier>	MP_CM029_Emergency_Box_INDEX_2	</identifier>
		<parent>	Scene Root	</parent>
		<transform>
			<row0>	0.0000 0.0000 -1.0000 0.0000	</row0>
			<row1>	0.0000 1.0000 0.0000 0.0000	</row1>
			<row2>	1.0000 0.0000 0.0000 0.0000	</row2>
			<row3>	-0.1034 0.3181 0.8668 1.0000	</row3>
		</transform>
	</node>
	<node>
		<identifier>	MP_CM029_Emergency_Box_INDEX_3	</identifier>
		<parent>	Scene Root	</parent>
		<transform>
			<row0>	0.0000 0.0000 1.0000 0.0000	</row0>
			<row1>	0.0000 1.0000 0.0000 0.0000	</row1>
			<row2>	-1.0000 0.0000 0.0000 0.0000	</row2>
			<row3>	0.1034 0.3181 0.8668 1.0000	</row3>
		</transform>
	</node>
	<node>
		<identifier>	MP_CM051_Fire_Fighting_Gear	</identifier>
		<parent>	Scene Root	</parent>
		<transform>
			<row0>	-0.8784 0.1609 -0.0032 0.0000	</row0>
			<row1>	-0.0031 0.0007 0.8930 0.0000	</row1>
			<row2>	0.1609 0.8784 -0.0001 0.0000	</row2>
			<row3>	-0.0932 0.2382 0.7295 1.0000	</row3>
		</transform>
	</node>
	<node>
		<identifier>	MP_CM051_Fire_Fighting_Gear_INDEX_1	</identifier>
		<parent>	Scene Root	</parent>
		<transform>
			<row0>	-0.1166 0.0000 0.8853 0.0000	</row0>
			<row1>	0.8853 0.0000 0.1166 0.0000	</row1>
			<row2>	0.0000 0.8930 0.0000 0.0000	</row2>
			<row3>	-0.0248 0.2776 1.6153 1.0000	</row3>
		</transform>
	</node>
	<node>
		<identifier>	MP_CM056_Ships_bell	</identifier>
		<parent>	Scene Root	</parent>
		<transform>
			<row0>	0.5528 0.0000 0.0000 0.0000	</row0>
			<row1>	0.0000 0.5528 0.0000 0.0000	</row1>
			<row2>	0.0000 0.0000 0.5528 0.0000	</row2>
			<row3>	0.0000 0.5017 0.9974 1.0000	</row3>
		</transform>
	</node>
	<node>
		<identifier>	MP_CM082_Rope	</identifier>
		<parent>	Scene Root	</parent>
		<transform>
			<row0>	-0.3999 0.0077 0.0011 0.0000	</row0>
			<row1>	0.0076 0.3977 -0.0420 0.0000	</row1>
			<row2>	-0.0019 -0.0420 -0.3978 0.0000	</row2>
			<row3>	0.0153 0.4397 0.9833 1.0000	</row3>
		</transform>
	</node>
	<node>
		<identifier>	MP_CM082_Rope_INDEX_1	</identifier>
		<parent>	Scene Root	</parent>
		<transform>
			<row0>	-0.3967 -0.0022 0.0510 0.0000	</row0>
			<row1>	-0.0076 0.3977 -0.0420 0.0000	</row1>
			<row2>	-0.0505 -0.0426 -0.3945 0.0000	</row2>
			<row3>	-0.0156 0.4386 0.9722 1.0000	</row3>
		</transform>
	</node>
	<node>
		<identifier>	MP_CM082_Rope_INDEX_2	</identifier>
		<parent>	Scene Root	</parent>
		<transform>
			<row0>	-0.3999 0.0077 0.0011 0.0000	</row0>
			<row1>	0.0076 0.3977 -0.0420 0.0000	</row1>
			<row2>	-0.0019 -0.0420 -0.3978 0.0000	</row2>
			<row3>	0.0153 0.4405 0.9901 1.0000	</row3>
		</transform>
	</node>
	<node>
		<identifier>	MP_CM082_Rope_INDEX_3	</identifier>
		<parent>	Scene Root	</parent>
		<transform>
			<row0>	-0.3980 -0.0034 0.0401 0.0000	</row0>
			<row1>	-0.0076 0.3977 -0.0420 0.0000	</row1>
			<row2>	-0.0395 -0.0425 -0.3958 0.0000	</row2>
			<row3>	-0.0153 0.4397 0.9833 1.0000	</row3>
		</transform>
	</node>
	<node>
		<identifier>	MP_CM082_Rope_INDEX_4	</identifier>
		<parent>	Scene Root	</parent>
		<transform>
			<row0>	-0.3981 -0.0035 0.0390 0.0000	</row0>
			<row1>	-0.0076 0.3977 -0.0420 0.0000	</row1>
			<row2>	-0.0384 -0.0425 -0.3959 0.0000	</row2>
			<row3>	-0.0153 0.4405 0.9901 1.0000	</row3>
		</transform>
	</node>
	<node>
		<identifier>	MP_CM082_Rope_INDEX_5	</identifier>
		<parent>	Scene Root	</parent>
		<transform>
			<row0>	-0.3988 -0.0044 0.0303 0.0000	</row0>
			<row1>	-0.0076 0.3977 -0.0420 0.0000	</row1>
			<row2>	-0.0297 -0.0424 -0.3966 0.0000	</row2>
			<row3>	-0.0155 0.4378 0.9648 1.0000	</row3>
		</transform>
	</node>
	<node>
		<identifier>	MP_CM082_Rope_INDEX_6	</identifier>
		<parent>	Scene Root	</parent>
		<transform>
			<row0>	-0.3999 0.0077 0.0011 0.0000	</row0>
			<row1>	0.0076 0.3977 -0.0420 0.0000	</row1>
			<row2>	-0.0019 -0.0420 -0.3978 0.0000	</row2>
			<row3>	0.0153 0.4378 0.9649 1.0000	</row3>
		</transform>
	</node>
	<node>
		<identifier>	MP_CM082_Rope_INDEX_7	</identifier>
		<parent>	Scene Root	</parent>
		<transform>
			<row0>	-0.3999 0.0077 0.0011 0.0000	</row0>
			<row1>	0.0076 0.3977 -0.0420 0.0000	</row1>
			<row2>	-0.0019 -0.0420 -0.3978 0.0000	</row2>
			<row3>	0.0153 0.4386 0.9722 1.0000	</row3>
		</transform>
	</node>
	<node>
		<identifier>	MP_CM127_Jacobs_ladder	</identifier>
		<parent>	Scene Root	</parent>
		<transform>
			<row0>	0.0000 -0.0230 -0.6278 0.0000	</row0>
			<row1>	-0.0560 0.6253 -0.0229 0.0000	</row1>
			<row2>	0.6257 0.0559 -0.0020 0.0000	</row2>
			<row3>	-0.2391 0.2158 0.6328 1.0000	</row3>
		</transform>
	</node>
	<node>
		<identifier>	MP_CM127_Jacobs_ladder_INDEX_1	</identifier>
		<parent>	Scene Root	</parent>
		<transform>
			<row0>	0.0000 0.0230 0.6278 0.0000	</row0>
			<row1>	0.0535 0.6255 -0.0229 0.0000	</row1>
			<row2>	-0.6259 0.0535 -0.0020 0.0000	</row2>
			<row3>	0.2391 0.2168 0.6605 1.0000	</row3>
		</transform>
	</node>
	<node>
		<identifier>	MP_WM004_Life_buoy	</identifier>
		<parent>	Scene Root	</parent>
		<transform>
			<row0>	-0.7747 0.0000 0.0000 0.0000	</row0>
			<row1>	0.0000 0.7747 0.0000 0.0000	</row1>
			<row2>	0.0000 0.0000 -0.7747 0.0000	</row2>
			<row3>	0.1953 0.5914 1.2189 1.0000	</row3>
		</transform>
	</node>
	<node>
		<identifier>	MP_WM004_Life_buoy_INDEX_1	</identifier>
		<parent>	Scene Root	</parent>
		<transform>
			<row0>	-0.7747 0.0000 0.0000 0.0000	</row0>
			<row1>	0.0000 0.7747 0.0000 0.0000	</row1>
			<row2>	0.0000 0.0000 -0.7747 0.0000	</row2>
			<row3>	-0.1953 0.5914 1.2189 1.0000	</row3>
		</transform>
	</node>
	<node>
		<identifier>	MP_WM004_Life_buoy_INDEX_2	</identifier>
		<parent>	Scene Root	</parent>
		<transform>
			<row0>	0.0134 0.0000 0.9731 0.0000	</row0>
			<row1>	0.0000 0.9731 0.0000 0.0000	</row1>
			<row2>	-0.9731 0.0000 0.0134 0.0000	</row2>
			<row3>	-0.2341 0.4417 1.2931 1.0000	</row3>
		</transform>
	</node>
	<node>
		<identifier>	MP_WM004_Life_buoy_INDEX_3	</identifier>
		<parent>	Scene Root	</parent>
		<transform>
			<row0>	0.0134 0.0000 -0.9731 0.0000	</row0>
			<row1>	0.0000 0.9731 0.0000 0.0000	</row1>
			<row2>	0.9731 0.0000 0.0134 0.0000	</row2>
			<row3>	0.2341 0.4417 1.2931 1.0000	</row3>
		</transform>
	</node>
	<node>
		<identifier>	MP_WM013_Fire_Hose_Rack_Box	</identifier>
		<parent>	Scene Root	</parent>
		<transform>
			<row0>	-0.2836 0.0000 0.6005 0.0000	</row0>
			<row1>	0.0000 0.6640 0.0000 0.0000	</row1>
			<row2>	-0.6005 0.0000 -0.2836 0.0000	</row2>
			<row3>	-0.0734 0.2908 1.6101 1.0000	</row3>
		</transform>
	</node>
	<node>
		<identifier>	MP_WM019_Basket	</identifier>
		<parent>	Scene Root	</parent>
		<transform>
			<row0>	0.9957 -0.0007 0.0929 0.0000	</row0>
			<row1>	0.0007 1.0000 -0.0002 0.0000	</row1>
			<row2>	-0.0929 0.0003 0.9957 0.0000	</row2>
			<row3>	0.0998 0.2717 2.1048 1.0000	</row3>
		</transform>
	</node>
	<node>
		<identifier>	MP_WM019_Basket_INDEX_1	</identifier>
		<parent>	Scene Root	</parent>
		<transform>
			<row0>	0.9957 0.0007 -0.0929 0.0000	</row0>
			<row1>	-0.0007 1.0000 -0.0002 0.0000	</row1>
			<row2>	0.0929 0.0003 0.9957 0.0000	</row2>
			<row3>	-0.0998 0.2717 2.1048 1.0000	</row3>
		</transform>
	</node>
	<node>
		<identifier>	MP_WM025_Turtles_box_SW	</identifier>
		<parent>	Scene Root	</parent>
		<transform>
			<row0>	0.8702 0.0000 -0.4928 0.0000	</row0>
			<row1>	0.0000 1.0000 0.0000 0.0000	</row1>
			<row2>	0.4928 0.0000 0.8702 0.0000	</row2>
			<row3>	0.0849 0.2589 1.5984 1.0000	</row3>
		</transform>
	</node>
	<node>
		<identifier>	MP_WM028_Slipsten_SW	</identifier>
		<parent>	Scene Root	</parent>
		<transform>
			<row0>	0.7940 0.0093 0.6079 0.0000	</row0>
			<row1>	-0.0004 0.9999 -0.0147 0.0000	</row1>
			<row2>	-0.6080 0.0114 0.7939 0.0000	</row2>
			<row3>	-0.0541 0.2790 0.5628 1.0000	</row3>
		</transform>
	</node>
	<node>
		<identifier>	MP_WM516_Liferaft_type_20_10ft	</identifier>
		<parent>	Scene Root	</parent>
		<transform>
			<row0>	0.0000 0.9815 0.0000 0.0000	</row0>
			<row1>	-0.9815 0.0000 0.0000 0.0000	</row1>
			<row2>	0.0000 0.0000 0.9815 0.0000	</row2>
			<row3>	-0.2167 0.2750 0.8104 1.0000	</row3>
		</transform>
	</node>
	<node>
		<identifier>	MP_WM516_Liferaft_type_20_10ft_INDEX_1	</identifier>
		<parent>	Scene Root	</parent>
		<transform>
			<row0>	0.0000 -0.9815 0.0000 0.0000	</row0>
			<row1>	0.9815 0.0000 0.0000 0.0000	</row1>
			<row2>	0.0000 0.0000 0.9815 0.0000	</row2>
			<row3>	0.2167 0.2750 0.8104 1.0000	</row3>
		</transform>
	</node>
	<node>
		<identifier>	MP_WM517_7_65m_Pinnace_SW	</identifier>
		<parent>	Scene Root	</parent>
		<transform>
			<row0>	1.0000 0.0000 0.0000 0.0000	</row0>
			<row1>	0.0000 1.0000 0.0000 0.0000	</row1>
			<row2>	0.0000 0.0000 1.0000 0.0000	</row2>
			<row3>	-0.1863 0.3753 0.8335 1.0000	</row3>
		</transform>
	</node>
	<node>
		<identifier>	MP_WM524_7_75m_Motor_boat_SW	</identifier>
		<parent>	Scene Root	</parent>
		<transform>
			<row0>	1.0000 0.0000 0.0000 0.0000	</row0>
			<row1>	0.0000 1.0000 0.0000 0.0000	</row1>
			<row2>	0.0000 0.0000 1.0000 0.0000	</row2>
			<row3>	0.1870 0.3351 0.8304 1.0000	</row3>
		</transform>
	</node>
	<node>
		<identifier>	MP_WM529_Workbench	</identifier>
		<parent>	Scene Root	</parent>
		<transform>
			<row0>	1.0000 0.0000 0.0000 0.0000	</row0>
			<row1>	0.0000 1.0000 0.0000 0.0000	</row1>
			<row2>	0.0000 0.0000 1.0000 0.0000	</row2>
			<row3>	0.0000 0.2155 0.5167 1.0000	</row3>
		</transform>
	</node>
	<node>
		<identifier>	MP_WM602_Pelorus_SW	</identifier>
		<parent>	Scene Root	</parent>
		<transform>
			<row0>	0.0000 0.0000 0.7182 0.0000	</row0>
			<row1>	0.0000 0.7182 0.0000 0.0000	</row1>
			<row2>	-0.7182 0.0000 0.0000 0.0000	</row2>
			<row3>	0.2234 0.4559 1.4027 1.0000	</row3>
		</transform>
	</node>
	<node>
		<identifier>	MP_WM602_Pelorus_SW_INDEX_1	</identifier>
		<parent>	Scene Root	</parent>
		<transform>
			<row0>	0.0000 0.0000 -0.7182 0.0000	</row0>
			<row1>	0.0000 0.7182 0.0000 0.0000	</row1>
			<row2>	0.7182 0.0000 0.0000 0.0000	</row2>
			<row3>	-0.2234 0.4559 1.4027 1.0000	</row3>
		</transform>
	</node>
	<node>
		<identifier>	MP_WM607_Centralsikte_SW	</identifier>
		<parent>	Scene Root	</parent>
		<transform>
			<row0>	1.0000 0.0000 0.0000 0.0000	</row0>
			<row1>	0.0000 1.0000 0.0000 0.0000	</row1>
			<row2>	0.0000 0.0000 1.0000 0.0000	</row2>
			<row3>	0.0000 0.5342 1.4503 1.0000	</row3>
		</transform>
	</node>
	<node>
		<identifier>	MP_WM608_Torpedo_director_SW	</identifier>
		<parent>	Scene Root	</parent>
		<transform>
			<row0>	-0.6361 0.0000 0.7716 0.0000	</row0>
			<row1>	0.0000 1.0000 0.0000 0.0000	</row1>
			<row2>	-0.7716 0.0000 -0.6361 0.0000	</row2>
			<row3>	0.1901 0.3894 1.4716 1.0000	</row3>
		</transform>
	</node>
	<node>
		<identifier>	MP_WM608_Torpedo_director_SW_INDEX_1	</identifier>
		<parent>	Scene Root	</parent>
		<transform>
			<row0>	0.3502 0.0000 -0.9367 0.0000	</row0>
			<row1>	0.0000 1.0000 0.0000 0.0000	</row1>
			<row2>	0.9367 0.0000 0.3502 0.0000	</row2>
			<row3>	-0.1901 0.3894 1.4716 1.0000	</row3>
		</transform>
	</node>
	<node>
		<identifier>	MP_WM700_Shell_box	</identifier>
		<parent>	Scene Root	</parent>
		<transform>
			<row0>	0.9687 0.0000 -0.2484 0.0000	</row0>
			<row1>	0.0000 1.0000 0.0000 0.0000	</row1>
			<row2>	0.2484 0.0000 0.9687 0.0000	</row2>
			<row3>	0.0457 0.2536 1.6474 1.0000	</row3>
		</transform>
	</node>
	<node>
		<identifier>	MP_WM700_Shell_box_INDEX_1	</identifier>
		<parent>	Scene Root	</parent>
		<transform>
			<row0>	0.9687 0.0000 -0.2484 0.0000	</row0>
			<row1>	0.0000 1.0000 0.0000 0.0000	</row1>
			<row2>	0.2484 0.0000 0.9687 0.0000	</row2>
			<row3>	0.0408 0.2536 1.6285 1.0000	</row3>
		</transform>
	</node>
	<node>
		<identifier>	MP_WM705_Ammo_box_SW	</identifier>
		<parent>	Scene Root	</parent>
		<transform>
			<row0>	0.7328 0.0000 -0.6804 0.0000	</row0>
			<row1>	0.0000 1.0000 0.0000 0.0000	</row1>
			<row2>	0.6804 0.0000 0.7328 0.0000	</row2>
			<row3>	-0.1517 0.3699 1.0767 1.0000	</row3>
		</transform>
	</node>
	<node>
		<identifier>	MP_WM705_Ammo_box_SW_INDEX_1	</identifier>
		<parent>	Scene Root	</parent>
		<transform>
			<row0>	0.7328 0.0000 0.6804 0.0000	</row0>
			<row1>	0.0000 1.0000 0.0000 0.0000	</row1>
			<row2>	-0.6804 0.0000 0.7328 0.0000	</row2>
			<row3>	0.1517 0.3699 1.0767 1.0000	</row3>
		</transform>
	</node>
	<node>
		<identifier>	MP_WM854_45cm_Searchlight_SW	</identifier>
		<parent>	Scene Root	</parent>
		<transform>
			<row0>	0.7596 0.0000 0.0000 0.0000	</row0>
			<row1>	0.0000 0.7596 0.0000 0.0000	</row1>
			<row2>	0.0000 0.0000 0.7596 0.0000	</row2>
			<row3>	-0.2572 0.4363 1.2013 1.0000	</row3>
		</transform>
	</node>
	<node>
		<identifier>	MP_WM854_45cm_Searchlight_SW_INDEX_1	</identifier>
		<parent>	Scene Root	</parent>
		<transform>
			<row0>	0.7596 0.0000 0.0000 0.0000	</row0>
			<row1>	0.0000 0.7596 0.0000 0.0000	</row1>
			<row2>	0.0000 0.0000 0.7596 0.0000	</row2>
			<row3>	0.2572 0.4363 1.2012 1.0000	</row3>
		</transform>
	</node>
	<node>
		<identifier>	MP_WM906_Anchor_crane_SW	</identifier>
		<parent>	Scene Root	</parent>
		<transform>
			<row0>	1.0000 0.0000 0.0000 0.0000	</row0>
			<row1>	0.0000 1.0000 0.0000 0.0000	</row1>
			<row2>	0.0000 0.0000 1.0000 0.0000	</row2>
			<row3>	0.0000 0.3095 2.8951 1.0000	</row3>
		</transform>
	</node>
	<node>
		<identifier>	MP_WM907_Crane_bottom_SW	</identifier>
		<parent>	Scene Root	</parent>
		<transform>
			<row0>	0.5185 0.0000 -0.8551 0.0000	</row0>
			<row1>	0.0000 1.0000 0.0000 0.0000	</row1>
			<row2>	0.8551 0.0000 0.5185 0.0000	</row2>
			<row3>	0.1012 0.2751 2.1973 1.0000	</row3>
		</transform>
	</node>
	<node>
		<identifier>	MP_WM908_Crane_beam_SW	</identifier>
		<parent>	Scene Root	</parent>
		<transform>
			<row0>	0.0101 0.0440 0.9990 0.0000	</row0>
			<row1>	0.0136 0.9989 -0.0442 0.0000	</row1>
			<row2>	-0.9999 0.0141 0.0094 0.0000	</row2>
			<row3>	-0.0159 0.2804 2.1943 1.0000	</row3>
		</transform>
	</node>
	<node>
		<identifier>	MP_WM953_Anchor_Admiralt_SW	</identifier>
		<parent>	Scene Root	</parent>
		<transform>
			<row0>	0.8731 -0.1941 -0.1737 0.0000	</row0>
			<row1>	0.1593 -0.0829 0.8933 0.0000	</row1>
			<row2>	-0.2061 -0.8863 -0.0455 0.0000	</row2>
			<row3>	0.1222 0.3124 2.8274 1.0000	</row3>
		</transform>
	</node>
	<node>
		<identifier>	MP_WM955_Anchor_Tyzock_bottom_SW	</identifier>
		<parent>	Scene Root	</parent>
		<transform>
			<row0>	-0.1574 0.7237 0.6720 0.0000	</row0>
			<row1>	0.0328 0.6839 -0.7288 0.0000	</row1>
			<row2>	-0.9870 -0.0927 -0.1314 0.0000	</row2>
			<row3>	-0.0713 0.2146 2.8969 1.0000	</row3>
		</transform>
	</node>
	<node>
		<identifier>	MP_WM956_Anchor_Tyzock_up_SW	</identifier>
		<parent>	Scene Root	</parent>
		<transform>
			<row0>	-0.1543 0.7181 0.6786 0.0000	</row0>
			<row1>	0.4158 0.6702 -0.6147 0.0000	</row1>
			<row2>	-0.8963 0.1873 -0.4020 0.0000	</row2>
			<row3>	-0.0713 0.2146 2.8970 1.0000	</row3>
		</transform>
	</node>
	<node>
		<identifier>	MP_WM961_Fender_long_SW	</identifier>
		<parent>	Scene Root	</parent>
		<transform>
			<row0>	0.6951 0.0000 0.7189 0.0000	</row0>
			<row1>	0.0000 1.0000 0.0000 0.0000	</row1>
			<row2>	-0.7189 0.0000 0.6951 0.0000	</row2>
			<row3>	-0.1077 0.3080 1.5735 1.0000	</row3>
		</transform>
	</node>
</WSD004_Klas_Horn_1940_MidFront.skel_ext>
