<GSS009_U_2501_1945_MidBack_ep.skel_ext>
	<exported>	false	</exported>
	<node>
		<identifier>	EP_Death_2	</identifier>
		<parent>	Scene Root	</parent>
		<transform>
			<row0>	1.0000 0.0000 0.0000 0.0000	</row0>
			<row1>	0.0000 1.0000 0.0000 0.0000	</row1>
			<row2>	0.0000 0.0000 1.0000 0.0000	</row2>
			<row3>	0.0000 0.0000 -0.0523 1.0000	</row3>
		</transform>
	</node>
	<node>
		<identifier>	EP_Descent_3	</identifier>
		<parent>	Scene Root	</parent>
		<transform>
			<row0>	1.0000 0.0000 0.0000 0.0000	</row0>
			<row1>	0.0000 1.0000 0.0000 0.0000	</row1>
			<row2>	0.0000 0.0000 1.0000 0.0000	</row2>
			<row3>	0.0000 0.1239 -0.9895 1.0000	</row3>
		</transform>
	</node>
	<node>
		<identifier>	EP_Descent_6	</identifier>
		<parent>	Scene Root	</parent>
		<transform>
			<row0>	0.5273 0.8497 0.0000 0.0000	</row0>
			<row1>	-0.8497 0.5273 0.0000 0.0000	</row1>
			<row2>	0.0000 0.0000 1.0000 0.0000	</row2>
			<row3>	-0.1349 0.0647 -0.3670 1.0000	</row3>
		</transform>
	</node>
	<node>
		<identifier>	EP_Descent_7	</identifier>
		<parent>	Scene Root	</parent>
		<transform>
			<row0>	-0.5273 0.8497 0.0000 0.0000	</row0>
			<row1>	0.8497 0.5273 0.0000 0.0000	</row1>
			<row2>	0.0000 0.0000 -1.0000 0.0000	</row2>
			<row3>	0.1809 -0.2209 -0.7986 1.0000	</row3>
		</transform>
	</node>
	<node>
		<identifier>	EP_Descent_9	</identifier>
		<parent>	Scene Root	</parent>
		<transform>
			<row0>	-0.5273 0.8497 0.0000 0.0000	</row0>
			<row1>	0.8497 0.5273 0.0000 0.0000	</row1>
			<row2>	0.0000 0.0000 -1.0000 0.0000	</row2>
			<row3>	0.1504 0.0845 0.0357 1.0000	</row3>
		</transform>
	</node>
	<node>
		<identifier>	EP_Fire_2	</identifier>
		<parent>	Scene Root	</parent>
		<transform>
			<row0>	1.0000 0.0000 0.0000 0.0000	</row0>
			<row1>	0.0000 1.0000 0.0000 0.0000	</row1>
			<row2>	0.0000 0.0000 1.0000 0.0000	</row2>
			<row3>	0.0000 0.3599 0.1496 1.0000	</row3>
		</transform>
	</node>
	<node>
		<identifier>	EP_Flood_steam_2	</identifier>
		<parent>	Scene Root	</parent>
		<transform>
			<row0>	1.0000 0.0000 0.0000 0.0000	</row0>
			<row1>	0.0000 1.0000 0.0000 0.0000	</row1>
			<row2>	0.0000 0.0000 1.0000 0.0000	</row2>
			<row3>	0.0020 0.1334 -0.5625 1.0000	</row3>
		</transform>
	</node>
	<node>
		<identifier>	EP_Flood_water_left	</identifier>
		<parent>	Scene Root	</parent>
		<transform>
			<row0>	-0.9960 0.0000 -0.0899 0.0000	</row0>
			<row1>	0.0000 1.0000 0.0000 0.0000	</row1>
			<row2>	0.0899 0.0000 -0.9960 0.0000	</row2>
			<row3>	-0.1074 0.0773 -0.9616 1.0000	</row3>
		</transform>
	</node>
	<node>
		<identifier>	EP_Flood_water_right	</identifier>
		<parent>	Scene Root	</parent>
		<transform>
			<row0>	1.0000 0.0000 0.0000 0.0000	</row0>
			<row1>	0.0000 1.0000 0.0000 0.0000	</row1>
			<row2>	0.0000 0.0000 1.0000 0.0000	</row2>
			<row3>	0.1083 0.0774 -0.9621 1.0000	</row3>
		</transform>
	</node>
	<node>
		<identifier>	EP_Oil	</identifier>
		<parent>	Scene Root	</parent>
		<transform>
			<row0>	0.7527 -0.6584 0.0000 0.0000	</row0>
			<row1>	0.6584 0.7527 0.0000 0.0000	</row1>
			<row2>	0.0000 0.0000 1.0000 0.0000	</row2>
			<row3>	0.1163 0.0571 -1.0443 1.0000	</row3>
		</transform>
	</node>
	<node>
		<identifier>	EP_Runoff_deluge_left_3	</identifier>
		<parent>	Scene Root	</parent>
		<transform>
			<row0>	-0.9999 0.0000 -0.0043 0.0000	</row0>
			<row1>	0.0000 1.0000 0.0000 0.0000	</row1>
			<row2>	0.0043 0.0000 -0.9999 0.0000	</row2>
			<row3>	-0.1478 0.0815 -0.0456 1.0000	</row3>
		</transform>
	</node>
	<node>
		<identifier>	EP_Runoff_deluge_left_4	</identifier>
		<parent>	Scene Root	</parent>
		<transform>
			<row0>	-0.9999 0.0000 -0.0043 0.0000	</row0>
			<row1>	0.0000 1.0000 0.0000 0.0000	</row1>
			<row2>	0.0043 0.0000 -0.9999 0.0000	</row2>
			<row3>	-0.1459 0.0804 -0.2609 1.0000	</row3>
		</transform>
	</node>
	<node>
		<identifier>	EP_Runoff_deluge_left_5	</identifier>
		<parent>	Scene Root	</parent>
		<transform>
			<row0>	-0.9972 0.0000 -0.0736 0.0000	</row0>
			<row1>	0.0000 1.0000 0.0000 0.0000	</row1>
			<row2>	0.0736 0.0000 -0.9972 0.0000	</row2>
			<row3>	-0.1371 0.0807 -0.4694 1.0000	</row3>
		</transform>
	</node>
	<node>
		<identifier>	EP_Runoff_deluge_left_6	</identifier>
		<parent>	Scene Root	</parent>
		<transform>
			<row0>	-0.9972 0.0000 -0.0736 0.0000	</row0>
			<row1>	0.0000 1.0000 0.0000 0.0000	</row1>
			<row2>	0.0736 0.0000 -0.9972 0.0000	</row2>
			<row3>	-0.1200 0.0821 -0.6884 1.0000	</row3>
		</transform>
	</node>
	<node>
		<identifier>	EP_Runoff_deluge_right_3	</identifier>
		<parent>	Scene Root	</parent>
		<transform>
			<row0>	1.0000 0.0000 0.0000 0.0000	</row0>
			<row1>	0.0000 1.0000 0.0000 0.0000	</row1>
			<row2>	0.0000 0.0000 1.0000 0.0000	</row2>
			<row3>	0.1479 0.0820 -0.0460 1.0000	</row3>
		</transform>
	</node>
	<node>
		<identifier>	EP_Runoff_deluge_right_4	</identifier>
		<parent>	Scene Root	</parent>
		<transform>
			<row0>	1.0000 0.0000 0.0000 0.0000	</row0>
			<row1>	0.0000 1.0000 0.0000 0.0000	</row1>
			<row2>	0.0000 0.0000 1.0000 0.0000	</row2>
			<row3>	0.1459 0.0800 -0.2609 1.0000	</row3>
		</transform>
	</node>
	<node>
		<identifier>	EP_Runoff_deluge_right_5	</identifier>
		<parent>	Scene Root	</parent>
		<transform>
			<row0>	0.9972 0.0000 -0.0750 0.0000	</row0>
			<row1>	0.0000 1.0000 0.0000 0.0000	</row1>
			<row2>	0.0750 0.0000 0.9972 0.0000	</row2>
			<row3>	0.1369 0.0810 -0.4698 1.0000	</row3>
		</transform>
	</node>
	<node>
		<identifier>	EP_Runoff_deluge_right_6	</identifier>
		<parent>	Scene Root	</parent>
		<transform>
			<row0>	0.9972 0.0000 -0.0750 0.0000	</row0>
			<row1>	0.0000 1.0000 0.0000 0.0000	</row1>
			<row2>	0.0750 0.0000 0.9972 0.0000	</row2>
			<row3>	0.1199 0.0820 -0.6887 1.0000	</row3>
		</transform>
	</node>
	<node>
		<identifier>	EP_Runoff_left_2	</identifier>
		<parent>	Scene Root	</parent>
		<transform>
			<row0>	-0.7333 0.6773 -0.0598 0.0000	</row0>
			<row1>	0.6750 0.7357 0.0550 0.0000	</row1>
			<row2>	0.0812 0.0000 -0.9967 0.0000	</row2>
			<row3>	-0.0830 0.1226 -0.8283 1.0000	</row3>
		</transform>
	</node>
	<node>
		<identifier>	EP_Runoff_left_3	</identifier>
		<parent>	Scene Root	</parent>
		<transform>
			<row0>	-0.7357 0.6773 0.0034 0.0000	</row0>
			<row1>	0.6773 0.7357 -0.0031 0.0000	</row1>
			<row2>	-0.0046 0.0000 -1.0000 0.0000	</row2>
			<row3>	-0.1242 0.1195 0.1399 1.0000	</row3>
		</transform>
	</node>
	<node>
		<identifier>	EP_Runoff_right_2	</identifier>
		<parent>	Scene Root	</parent>
		<transform>
			<row0>	0.7333 0.6773 -0.0603 0.0000	</row0>
			<row1>	-0.6750 0.7357 0.0555 0.0000	</row1>
			<row2>	0.0819 0.0000 0.9966 0.0000	</row2>
			<row3>	0.0830 0.1229 -0.8286 1.0000	</row3>
		</transform>
	</node>
	<node>
		<identifier>	EP_Runoff_right_3	</identifier>
		<parent>	Scene Root	</parent>
		<transform>
			<row0>	0.7357 0.6773 0.0039 0.0000	</row0>
			<row1>	-0.6773 0.7357 -0.0035 0.0000	</row1>
			<row2>	-0.0052 0.0000 1.0000 0.0000	</row2>
			<row3>	0.1239 0.1199 0.1399 1.0000	</row3>
		</transform>
	</node>
	<node>
		<identifier>	EP_Runoff_tower_left_1	</identifier>
		<parent>	Scene Root	</parent>
		<transform>
			<row0>	0.9021 0.0000 0.4314 0.0000	</row0>
			<row1>	0.0000 1.0000 0.0000 0.0000	</row1>
			<row2>	-0.4314 0.0000 0.9021 0.0000	</row2>
			<row3>	-0.0360 0.3278 -0.1929 1.0000	</row3>
		</transform>
	</node>
	<node>
		<identifier>	EP_Runoff_tower_right_1	</identifier>
		<parent>	Scene Root	</parent>
		<transform>
			<row0>	0.9272 0.0000 -0.3745 0.0000	</row0>
			<row1>	0.0000 1.0000 0.0000 0.0000	</row1>
			<row2>	0.3745 0.0000 0.9272 0.0000	</row2>
			<row3>	0.0360 0.3278 -0.1929 1.0000	</row3>
		</transform>
	</node>
	<node>
		<identifier>	EP_Runoff_up_left_1	</identifier>
		<parent>	Scene Root	</parent>
		<transform>
			<row0>	-0.9988 0.0361 -0.0344 0.0000	</row0>
			<row1>	0.0364 0.9993 -0.0088 0.0000	</row1>
			<row2>	0.0341 -0.0101 -0.9994 0.0000	</row2>
			<row3>	-0.0680 0.1309 -0.5967 1.0000	</row3>
		</transform>
	</node>
	<node>
		<identifier>	EP_Runoff_up_right_1	</identifier>
		<parent>	Scene Root	</parent>
		<transform>
			<row0>	0.9987 0.0361 -0.0370 0.0000	</row0>
			<row1>	-0.0364 0.9993 -0.0087 0.0000	</row1>
			<row2>	0.0366 0.0101 0.9993 0.0000	</row2>
			<row3>	0.0675 0.1313 -0.5967 1.0000	</row3>
		</transform>
	</node>
	<node>
		<identifier>	EP_WakeTraceBack_tower	</identifier>
		<parent>	Scene Root	</parent>
		<transform>
			<row0>	1.0000 0.0000 0.0000 0.0000	</row0>
			<row1>	0.0000 1.0000 0.0000 0.0000	</row1>
			<row2>	0.0000 0.0000 1.0000 0.0000	</row2>
			<row3>	0.0046 0.1336 -0.2969 1.0000	</row3>
		</transform>
	</node>
</GSS009_U_2501_1945_MidBack_ep.skel_ext>
