<VSB305_Valparaiso_1950_Bow_ports.visual>
	<skeleton>
		<node>
			<identifier>	Scene Root	</identifier>
			<transform>
				<row0>	1.0000 0.0000 0.0000 0.0000	</row0>
				<row1>	0.0000 1.0000 0.0000 0.0000	</row1>
				<row2>	0.0000 0.0000 1.0000 0.0000	</row2>
				<row3>	0.0000 0.0000 0.0000 1.0000	</row3>
			</transform>
			<node>
				<identifier>	Bow_ports	</identifier>
				<transform>
					<row0>	1.0000 0.0000 0.0000 0.0000	</row0>
					<row1>	0.0000 1.0000 0.0000 0.0000	</row1>
					<row2>	0.0000 0.0000 1.0000 0.0000	</row2>
					<row3>	0.0000 0.0000 0.0000 1.0000	</row3>
				</transform>
				<node>
					<identifier>	HP_FX_Death_1	</identifier>
					<transform>
						<row0>	1.0000 0.0000 0.0000 0.0000	</row0>
						<row1>	0.0000 1.0000 0.0000 0.0000	</row1>
						<row2>	0.0000 0.0000 1.0000 0.0000	</row2>
						<row3>	0.0000 0.0000 5.1165 1.0000	</row3>
					</transform>
				</node>
				<node>
					<identifier>	HP_FX_Fire_1	</identifier>
					<transform>
						<row0>	1.0000 0.0000 0.0000 0.0000	</row0>
						<row1>	0.0000 1.0000 0.0000 0.0000	</row1>
						<row2>	0.0000 0.0000 1.0000 0.0000	</row2>
						<row3>	0.0000 0.5191 6.4223 1.0000	</row3>
					</transform>
				</node>
				<node>
					<identifier>	HP_FX_Flood_water_left	</identifier>
					<transform>
						<row0>	-0.9945 0.0000 0.1045 0.0000	</row0>
						<row1>	0.0000 1.0000 0.0000 0.0000	</row1>
						<row2>	-0.1045 0.0000 -0.9945 0.0000	</row2>
						<row3>	-0.7350 0.1240 4.4190 1.0000	</row3>
					</transform>
				</node>
				<node>
					<identifier>	HP_FX_Flood_water_right_3	</identifier>
					<transform>
						<row0>	0.9893 0.0000 0.1454 0.0000	</row0>
						<row1>	0.0000 1.0000 0.0000 0.0000	</row1>
						<row2>	-0.1454 0.0000 0.9893 0.0000	</row2>
						<row3>	0.7342 0.1228 4.4185 1.0000	</row3>
					</transform>
				</node>
				<node>
					<identifier>	HP_FX_WakeTrace	</identifier>
					<transform>
						<row0>	1.0000 0.0000 0.0000 0.0000	</row0>
						<row1>	0.0000 1.0000 0.0000 0.0000	</row1>
						<row2>	0.0000 0.0000 1.0000 0.0000	</row2>
						<row3>	0.0000 0.0000 8.1826 1.0000	</row3>
					</transform>
				</node>
				<node>
					<identifier>	HP_Ship_death_1	</identifier>
					<transform>
						<row0>	1.0000 0.0000 0.0000 0.0000	</row0>
						<row1>	0.0000 1.0000 0.0000 0.0000	</row1>
						<row2>	0.0000 0.0000 1.0000 0.0000	</row2>
						<row3>	0.0000 0.0000 4.2235 1.0000	</row3>
					</transform>
				</node>
				<node>
					<identifier>	MP_CM011_Fire_Fighting_Gear	</identifier>
					<transform>
						<row0>	0.7773 0.0000 -0.6291 0.0000	</row0>
						<row1>	0.0000 1.0000 0.0000 0.0000	</row1>
						<row2>	0.6291 0.0000 0.7773 0.0000	</row2>
						<row3>	0.1330 0.4223 5.5311 1.0000	</row3>
					</transform>
				</node>
				<node>
					<identifier>	MP_CM011_Fire_Fighting_Gear_INDEX_1	</identifier>
					<transform>
						<row0>	0.0000 0.0000 1.0000 0.0000	</row0>
						<row1>	0.0000 1.0000 0.0000 0.0000	</row1>
						<row2>	-1.0000 0.0000 0.0000 0.0000	</row2>
						<row3>	0.1401 0.4266 5.5860 1.0000	</row3>
					</transform>
				</node>
				<node>
					<identifier>	MP_CM013_Fire_Hose_Rack_2	</identifier>
					<transform>
						<row0>	-0.7627 0.0000 0.6468 0.0000	</row0>
						<row1>	0.0000 1.0000 0.0000 0.0000	</row1>
						<row2>	-0.6468 0.0000 -0.7627 0.0000	</row2>
						<row3>	0.1186 0.4727 5.5245 1.0000	</row3>
					</transform>
				</node>
				<node>
					<identifier>	MP_CM013_Fire_Hose_Rack_2_INDEX_1	</identifier>
					<transform>
						<row0>	-0.6919 -0.3290 0.6427 0.0000	</row0>
						<row1>	-0.2746 0.9432 0.1872 0.0000	</row1>
						<row2>	-0.6677 -0.0470 -0.7429 0.0000	</row2>
						<row3>	-0.1881 0.5175 5.8125 1.0000	</row3>
					</transform>
				</node>
				<node>
					<identifier>	MP_CM013_Fire_Hose_Rack_2_INDEX_2	</identifier>
					<transform>
						<row0>	0.7660 0.0000 0.6429 0.0000	</row0>
						<row1>	0.0000 1.0000 0.0000 0.0000	</row1>
						<row2>	-0.6429 0.0000 0.7660 0.0000	</row2>
						<row3>	-0.1165 0.4504 5.5224 1.0000	</row3>
					</transform>
				</node>
				<node>
					<identifier>	MP_VM003_Paravane	</identifier>
					<transform>
						<row0>	0.8738 0.0000 0.0000 0.0000	</row0>
						<row1>	0.0000 0.8738 0.0000 0.0000	</row1>
						<row2>	0.0000 0.0000 0.8738 0.0000	</row2>
						<row3>	0.0464 0.4074 5.0079 1.0000	</row3>
					</transform>
				</node>
				<node>
					<identifier>	MP_VM003_Paravane_INDEX_1	</identifier>
					<transform>
						<row0>	0.8738 0.0000 0.0000 0.0000	</row0>
						<row1>	0.0000 0.8738 0.0000 0.0000	</row1>
						<row2>	0.0000 0.0000 0.8738 0.0000	</row2>
						<row3>	-0.1363 0.4074 5.0534 1.0000	</row3>
					</transform>
				</node>
				<node>
					<identifier>	MP_VM016_Reels	</identifier>
					<transform>
						<row0>	1.0000 0.0000 0.0000 0.0000	</row0>
						<row1>	0.0000 0.9995 -0.0312 0.0000	</row1>
						<row2>	0.0000 0.0312 0.9995 0.0000	</row2>
						<row3>	-0.0348 0.3854 4.7997 1.0000	</row3>
					</transform>
				</node>
				<node>
					<identifier>	MP_VM5047_Chain_Fairlead	</identifier>
					<transform>
						<row0>	1.5000 0.0000 0.0000 0.0000	</row0>
						<row1>	0.0000 1.4951 -0.1217 0.0000	</row1>
						<row2>	0.0000 0.1217 1.4951 0.0000	</row2>
						<row3>	0.2445 0.4798 6.3628 1.0000	</row3>
					</transform>
				</node>
				<node>
					<identifier>	MP_VM5047_Chain_Fairlead_INDEX_1	</identifier>
					<transform>
						<row0>	1.5000 0.0000 0.0000 0.0000	</row0>
						<row1>	0.0000 1.4951 -0.1217 0.0000	</row1>
						<row2>	0.0000 0.1217 1.4951 0.0000	</row2>
						<row3>	-0.1918 0.4798 6.3660 1.0000	</row3>
					</transform>
				</node>
				<node>
					<identifier>	MP_VM5047_Chain_Fairlead_INDEX_2	</identifier>
					<transform>
						<row0>	1.5000 0.0000 0.0000 0.0000	</row0>
						<row1>	0.0000 1.4951 -0.1217 0.0000	</row1>
						<row2>	0.0000 0.1217 1.4951 0.0000	</row2>
						<row3>	0.1050 0.4798 6.3660 1.0000	</row3>
					</transform>
				</node>
				<node>
					<identifier>	MP_VM709_Locker	</identifier>
					<transform>
						<row0>	-0.5817 -0.0226 -0.6927 0.0000	</row0>
						<row1>	-0.0019 0.9044 -0.0279 0.0000	</row1>
						<row2>	0.6930 -0.0164 -0.5815 0.0000	</row2>
						<row3>	0.3700 0.3836 4.6655 1.0000	</row3>
					</transform>
				</node>
				<node>
					<identifier>	MP_VM709_Locker_INDEX_1	</identifier>
					<transform>
						<row0>	0.5817 -0.0226 -0.6927 0.0000	</row0>
						<row1>	0.0019 0.9044 -0.0279 0.0000	</row1>
						<row2>	0.6930 0.0164 0.5815 0.0000	</row2>
						<row3>	-0.3700 0.3836 4.6655 1.0000	</row3>
					</transform>
				</node>
				<node>
					<identifier>	MP_VM709_Locker_INDEX_2	</identifier>
					<transform>
						<row0>	-0.6729 -0.0380 -0.6037 0.0000	</row0>
						<row1>	0.0012 0.9030 -0.0581 0.0000	</row1>
						<row2>	0.6049 -0.0440 -0.6714 0.0000	</row2>
						<row3>	0.3163 0.4201 5.5054 1.0000	</row3>
					</transform>
				</node>
				<node>
					<identifier>	MP_VM709_Locker_INDEX_3	</identifier>
					<transform>
						<row0>	0.6729 -0.0380 -0.6037 0.0000	</row0>
						<row1>	-0.0012 0.9030 -0.0581 0.0000	</row1>
						<row2>	0.6049 0.0440 0.6714 0.0000	</row2>
						<row3>	-0.3163 0.4201 5.5054 1.0000	</row3>
					</transform>
				</node>
				<node>
					<identifier>	MP_VM756_Deck_Hatch	</identifier>
					<transform>
						<row0>	1.0000 0.0000 0.0000 0.0000	</row0>
						<row1>	0.0000 0.9968 -0.0793 0.0000	</row1>
						<row2>	0.0000 0.0793 0.9968 0.0000	</row2>
						<row3>	0.0000 0.5340 7.0221 1.0000	</row3>
					</transform>
				</node>
				<node>
					<identifier>	MP_VM756_Deck_Hatch_INDEX_1	</identifier>
					<transform>
						<row0>	1.0000 0.0000 0.0000 0.0000	</row0>
						<row1>	0.0000 0.9995 -0.0312 0.0000	</row1>
						<row2>	0.0000 0.0312 0.9995 0.0000	</row2>
						<row3>	-0.2602 0.3919 4.7986 1.0000	</row3>
					</transform>
				</node>
				<node>
					<identifier>	MP_VM762_Deck_Hatch	</identifier>
					<transform>
						<row0>	-1.0000 0.0000 0.0000 0.0000	</row0>
						<row1>	0.0000 0.9982 -0.0608 0.0000	</row1>
						<row2>	0.0000 -0.0608 -0.9982 0.0000	</row2>
						<row3>	0.0432 0.4142 5.3509 1.0000	</row3>
					</transform>
				</node>
				<node>
					<identifier>	MP_VM803_Ventilators_mushroom	</identifier>
					<transform>
						<row0>	-1.3065 0.0000 0.0000 0.0000	</row0>
						<row1>	0.0000 1.3065 0.0000 0.0000	</row1>
						<row2>	0.0000 0.0000 -1.3065 0.0000	</row2>
						<row3>	-0.0267 0.3807 5.0893 1.0000	</row3>
					</transform>
				</node>
				<node>
					<identifier>	MP_VM803_Ventilators_mushroom_INDEX_1	</identifier>
					<transform>
						<row0>	-1.3993 0.0000 0.0000 0.0000	</row0>
						<row1>	0.0000 1.3993 0.0000 0.0000	</row1>
						<row2>	0.0000 0.0000 -1.3993 0.0000	</row2>
						<row3>	-0.0209 0.3807 4.8622 1.0000	</row3>
					</transform>
				</node>
				<node>
					<identifier>	MP_VM803_Ventilators_mushroom_INDEX_2	</identifier>
					<transform>
						<row0>	-1.1070 0.0000 0.0000 0.0000	</row0>
						<row1>	0.0000 1.1070 0.0000 0.0000	</row1>
						<row2>	0.0000 0.0000 -1.1070 0.0000	</row2>
						<row3>	-0.0830 0.3807 4.7476 1.0000	</row3>
					</transform>
				</node>
				<node>
					<identifier>	MP_VM803_Ventilators_mushroom_INDEX_3	</identifier>
					<transform>
						<row0>	-1.1742 0.0000 0.0000 0.0000	</row0>
						<row1>	0.0000 1.1742 0.0000 0.0000	</row1>
						<row2>	0.0000 0.0000 -1.1742 0.0000	</row2>
						<row3>	-0.2479 0.3807 5.1635 1.0000	</row3>
					</transform>
				</node>
				<node>
					<identifier>	MP_VM803_Ventilators_mushroom_INDEX_4	</identifier>
					<transform>
						<row0>	-1.1742 0.0000 0.0000 0.0000	</row0>
						<row1>	0.0000 1.1742 0.0000 0.0000	</row1>
						<row2>	0.0000 0.0000 -1.1742 0.0000	</row2>
						<row3>	-0.3109 0.3807 5.0179 1.0000	</row3>
					</transform>
				</node>
				<node>
					<identifier>	MP_VM803_Ventilators_mushroom_INDEX_5	</identifier>
					<transform>
						<row0>	-1.3993 0.0000 0.0000 0.0000	</row0>
						<row1>	0.0000 1.3993 0.0000 0.0000	</row1>
						<row2>	0.0000 0.0000 -1.3993 0.0000	</row2>
						<row3>	0.1782 0.3807 4.8593 1.0000	</row3>
					</transform>
				</node>
				<node>
					<identifier>	MP_VM962_Bollard	</identifier>
					<transform>
						<row0>	0.9905 0.0105 0.1369 0.0000	</row0>
						<row1>	0.0000 0.9971 -0.0762 0.0000	</row1>
						<row2>	-0.1373 0.0755 0.9877 0.0000	</row2>
						<row3>	0.5940 0.4378 5.7954 1.0000	</row3>
					</transform>
				</node>
				<node>
					<identifier>	MP_VM962_Bollard_INDEX_1	</identifier>
					<transform>
						<row0>	0.9905 -0.0105 -0.1369 0.0000	</row0>
						<row1>	0.0000 0.9971 -0.0762 0.0000	</row1>
						<row2>	0.1373 0.0755 0.9877 0.0000	</row2>
						<row3>	-0.5940 0.4378 5.7954 1.0000	</row3>
					</transform>
				</node>
				<node>
					<identifier>	MP_VM962_Bollard_INDEX_2	</identifier>
					<transform>
						<row0>	1.0000 0.0000 0.0000 0.0000	</row0>
						<row1>	0.0000 0.9971 -0.0762 0.0000	</row1>
						<row2>	0.0000 0.0762 0.9971 0.0000	</row2>
						<row3>	0.0000 0.5448 7.1982 1.0000	</row3>
					</transform>
				</node>
				<node>
					<identifier>	MP_VM964_Anchor_Capstan_big	</identifier>
					<transform>
						<row0>	1.0000 0.0000 0.0000 0.0000	</row0>
						<row1>	0.0000 1.0000 0.0000 0.0000	</row1>
						<row2>	0.0000 0.0000 1.0000 0.0000	</row2>
						<row3>	0.0000 0.5011 6.5289 1.0000	</row3>
					</transform>
				</node>
				<node>
					<identifier>	MP_VM966_Anchor_Capstan_Cruiser_WW2_Bow	</identifier>
					<transform>
						<row0>	1.8666 0.0000 0.0000 0.0000	</row0>
						<row1>	0.0000 1.5494 0.0000 0.0000	</row1>
						<row2>	0.0000 0.0000 1.8666 0.0000	</row2>
						<row3>	-0.1485 0.5060 6.2071 1.0000	</row3>
					</transform>
				</node>
				<node>
					<identifier>	MP_VM966_Anchor_Capstan_Cruiser_WW2_Bow_INDEX_1	</identifier>
					<transform>
						<row0>	1.8666 0.0000 0.0000 0.0000	</row0>
						<row1>	0.0000 1.5494 0.0000 0.0000	</row1>
						<row2>	0.0000 0.0000 1.8666 0.0000	</row2>
						<row3>	0.1475 0.5060 6.2071 1.0000	</row3>
					</transform>
				</node>
				<node>
					<identifier>	MP_VM967_3ton_electrik_winch_R	</identifier>
					<transform>
						<row0>	-0.6320 0.0000 -0.7750 0.0000	</row0>
						<row1>	0.0118 0.9999 -0.0096 0.0000	</row1>
						<row2>	0.7749 -0.0152 -0.6319 0.0000	</row2>
						<row3>	0.4131 0.3841 4.7585 1.0000	</row3>
					</transform>
				</node>
				<node>
					<identifier>	MP_VM968_3ton_electrik_winch_L	</identifier>
					<transform>
						<row0>	-0.6320 0.0000 0.7750 0.0000	</row0>
						<row1>	-0.0118 0.9999 -0.0096 0.0000	</row1>
						<row2>	-0.7749 -0.0152 -0.6319 0.0000	</row2>
						<row3>	-0.4131 0.3841 4.7585 1.0000	</row3>
					</transform>
				</node>
				<node>
					<identifier>	SP_YMS001_YHBM_M_1	</identifier>
					<transform>
						<row0>	1.5330 0.0000 0.0000 0.0000	</row0>
						<row1>	0.0000 1.5330 0.0000 0.0000	</row1>
						<row2>	0.0000 0.0000 1.5330 0.0000	</row2>
						<row3>	0.0000 0.6362 8.4019 1.0000	</row3>
					</transform>
				</node>
				<node>
					<identifier>	SP_YMS002_YHBL_M_1	</identifier>
					<transform>
						<row0>	1.5272 0.0000 -0.1336 0.0000	</row0>
						<row1>	-0.0116 1.5272 -0.1331 0.0000	</row1>
						<row2>	0.1331 0.1336 1.5214 0.0000	</row2>
						<row3>	-0.0002 0.6362 8.4019 1.0000	</row3>
					</transform>
				</node>
				<node>
					<identifier>	SP_YMS003_YHBR_M_1	</identifier>
					<transform>
						<row0>	1.5272 0.0000 0.1336 0.0000	</row0>
						<row1>	0.0116 1.5272 -0.1331 0.0000	</row1>
						<row2>	-0.1331 0.1336 1.5214 0.0000	</row2>
						<row3>	0.0002 0.6362 8.4019 1.0000	</row3>
					</transform>
				</node>
				<node>
					<identifier>	SP_YMS010_YHWM_L_1	</identifier>
					<transform>
						<row0>	1.0320 0.0000 0.0000 0.0000	</row0>
						<row1>	0.0000 1.0320 0.0000 0.0000	</row1>
						<row2>	0.0000 0.0000 1.0320 0.0000	</row2>
						<row3>	0.0000 0.0000 8.1695 1.0000	</row3>
					</transform>
				</node>
				<node>
					<identifier>	SP_YMS011_YHWL_M_1	</identifier>
					<transform>
						<row0>	0.9809 0.0000 -0.1947 0.0000	</row0>
						<row1>	0.0000 1.0000 0.0000 0.0000	</row1>
						<row2>	0.1947 0.0000 0.9809 0.0000	</row2>
						<row3>	-0.3604 0.0000 6.3701 1.0000	</row3>
					</transform>
				</node>
				<node>
					<identifier>	SP_YMS011_YHWL_M_1_INDEX_1	</identifier>
					<transform>
						<row0>	0.9825 0.0000 -0.1860 0.0000	</row0>
						<row1>	0.0000 1.0000 0.0000 0.0000	</row1>
						<row2>	0.1860 0.0000 0.9825 0.0000	</row2>
						<row3>	-0.5231 0.0000 5.5346 1.0000	</row3>
					</transform>
				</node>
				<node>
					<identifier>	SP_YMS011_YHWL_M_1_INDEX_2	</identifier>
					<transform>
						<row0>	0.9825 0.0000 -0.1860 0.0000	</row0>
						<row1>	0.0000 1.0000 0.0000 0.0000	</row1>
						<row2>	0.1860 0.0000 0.9825 0.0000	</row2>
						<row3>	-0.6815 0.0000 4.6982 1.0000	</row3>
					</transform>
				</node>
				<node>
					<identifier>	SP_YMS012_YHWR_M_1	</identifier>
					<transform>
						<row0>	0.9809 0.0000 0.1947 0.0000	</row0>
						<row1>	0.0000 1.0000 0.0000 0.0000	</row1>
						<row2>	-0.1947 0.0000 0.9809 0.0000	</row2>
						<row3>	0.3604 0.0000 6.3701 1.0000	</row3>
					</transform>
				</node>
				<node>
					<identifier>	SP_YMS012_YHWR_M_1_INDEX_1	</identifier>
					<transform>
						<row0>	0.9825 0.0000 0.1860 0.0000	</row0>
						<row1>	0.0000 1.0000 0.0000 0.0000	</row1>
						<row2>	-0.1860 0.0000 0.9825 0.0000	</row2>
						<row3>	0.5231 0.0000 5.5346 1.0000	</row3>
					</transform>
				</node>
				<node>
					<identifier>	SP_YMS012_YHWR_M_1_INDEX_2	</identifier>
					<transform>
						<row0>	0.9825 0.0000 0.1860 0.0000	</row0>
						<row1>	0.0000 1.0000 0.0000 0.0000	</row1>
						<row2>	-0.1860 0.0000 0.9825 0.0000	</row2>
						<row3>	0.6815 0.0000 4.6982 1.0000	</row3>
					</transform>
				</node>
				<node>
					<identifier>	SP_YMS020_YHBU_M_1	</identifier>
					<transform>
						<row0>	1.8236 0.0000 0.0000 0.0000	</row0>
						<row1>	0.0000 1.8234 0.0216 0.0000	</row1>
						<row2>	0.0000 -0.0216 1.8234 0.0000	</row2>
						<row3>	0.0000 -0.0320 7.9359 1.0000	</row3>
					</transform>
				</node>
				<node>
					<identifier>	SP_YMS022_YHUS_L_1	</identifier>
					<transform>
						<row0>	-0.3103 -0.0249 -1.5253 0.0000	</row0>
						<row1>	-0.3989 1.5037 0.0566 0.0000	</row1>
						<row2>	1.4724 0.4021 -0.3061 0.0000	</row2>
						<row3>	-0.4548 -0.5479 4.8164 1.0000	</row3>
					</transform>
				</node>
				<node>
					<identifier>	SP_YMS022_YHUS_L_1_INDEX_1	</identifier>
					<transform>
						<row0>	-0.3103 0.0249 1.5253 0.0000	</row0>
						<row1>	0.3989 1.5037 0.0566 0.0000	</row1>
						<row2>	-1.4724 0.4021 -0.3061 0.0000	</row2>
						<row3>	0.4548 -0.5479 4.8164 1.0000	</row3>
					</transform>
				</node>
				<node>
					<identifier>	SP_YMS051_YHDL_L_1	</identifier>
					<transform>
						<row0>	0.9918 0.0002 -0.1277 0.0000	</row0>
						<row1>	-0.0044 0.9995 -0.0326 0.0000	</row1>
						<row2>	0.1276 0.0329 0.9913 0.0000	</row2>
						<row3>	-0.7510 0.4072 5.2395 1.0000	</row3>
					</transform>
				</node>
				<node>
					<identifier>	SP_YMS052_YHDR_L_1	</identifier>
					<transform>
						<row0>	0.9918 -0.0002 0.1277 0.0000	</row0>
						<row1>	0.0044 0.9995 -0.0326 0.0000	</row1>
						<row2>	-0.1276 0.0329 0.9913 0.0000	</row2>
						<row3>	0.7510 0.4072 5.2395 1.0000	</row3>
					</transform>
				</node>
				<node>
					<identifier>	SP_YMS053_YHDC_S_1	</identifier>
					<transform>
						<row0>	1.0000 0.0000 0.0000 0.0000	</row0>
						<row1>	0.0000 0.9962 -0.0872 0.0000	</row1>
						<row2>	0.0000 0.0872 0.9962 0.0000	</row2>
						<row3>	0.0000 0.5809 7.5405 1.0000	</row3>
					</transform>
				</node>
				<node>
					<identifier>	SP_YMS053_YHDC_S_1_INDEX_1	</identifier>
					<transform>
						<row0>	1.0000 0.0000 0.0000 0.0000	</row0>
						<row1>	0.0000 1.0000 0.0000 0.0000	</row1>
						<row2>	0.0000 0.0000 1.0000 0.0000	</row2>
						<row3>	-0.4266 0.4571 5.8928 1.0000	</row3>
					</transform>
				</node>
				<node>
					<identifier>	SP_YMS053_YHDC_S_1_INDEX_2	</identifier>
					<transform>
						<row0>	1.0000 0.0000 0.0000 0.0000	</row0>
						<row1>	0.0000 1.0000 0.0000 0.0000	</row1>
						<row2>	0.0000 0.0000 1.0000 0.0000	</row2>
						<row3>	0.4266 0.4571 5.8928 1.0000	</row3>
					</transform>
				</node>
				<node>
					<identifier>	SP_YMS053_YHDC_S_1_INDEX_3	</identifier>
					<transform>
						<row0>	1.0000 0.0000 0.0000 0.0000	</row0>
						<row1>	0.0000 1.0000 0.0000 0.0000	</row1>
						<row2>	0.0000 0.0000 1.0000 0.0000	</row2>
						<row3>	-0.5190 0.4033 5.0644 1.0000	</row3>
					</transform>
				</node>
				<node>
					<identifier>	SP_YMS053_YHDC_S_1_INDEX_4	</identifier>
					<transform>
						<row0>	1.0000 0.0000 0.0000 0.0000	</row0>
						<row1>	0.0000 1.0000 0.0000 0.0000	</row1>
						<row2>	0.0000 0.0000 1.0000 0.0000	</row2>
						<row3>	0.5190 0.4033 5.0644 1.0000	</row3>
					</transform>
				</node>
				<node>
					<identifier>	SP_YMS080_YHSL_M_1	</identifier>
					<transform>
						<row0>	0.9060 0.3920 -0.1597 0.0000	</row0>
						<row1>	-0.3861 0.9200 0.0681 0.0000	</row1>
						<row2>	0.1736 0.0000 0.9848 0.0000	</row2>
						<row3>	-0.3866 0.2242 6.4769 1.0000	</row3>
					</transform>
				</node>
				<node>
					<identifier>	SP_YMS081_YHSR_M_1	</identifier>
					<transform>
						<row0>	0.9060 -0.3920 0.1597 0.0000	</row0>
						<row1>	0.3861 0.9200 0.0681 0.0000	</row1>
						<row2>	-0.1736 0.0000 0.9848 0.0000	</row2>
						<row3>	0.3866 0.2242 6.4769 1.0000	</row3>
					</transform>
				</node>
			</node>
		</node>
	</skeleton>
	<properties>
		<underwaterModel>	false	</underwaterModel>
		<abovewaterModel>	true	</abovewaterModel>
	</properties>
	<boundingBox>
		<min>	-0.0667 -0.0667 -0.0667	</min>
		<max>	0.0667 0.0667 0.0667	</max>
	</boundingBox>
	<renderSets />
	<lods>
		<lod>
			<extent>	200.0000	</extent>
			<castsShadow>	true	</castsShadow>
			<renderSets />
		</lod>
	</lods>
</VSB305_Valparaiso_1950_Bow_ports.visual>
