<GSB031_Von_der_Tann_1918_Bow.skel_ext>
	<exported>	true	</exported>
	<node>
		<identifier>	MP_CM109_Leadsman_Platform	</identifier>
		<parent>	Scene Root	</parent>
		<transform>
			<row0>	0.0000 -1.0000 0.0000 0.0000	</row0>
			<row1>	-0.9789 0.0000 -0.2045 0.0000	</row1>
			<row2>	0.2045 0.0000 -0.9789 0.0000	</row2>
			<row3>	0.4763 0.4466 4.0155 1.0000	</row3>
		</transform>
	</node>
	<node>
		<identifier>	MP_CM109_Leadsman_Platform_INDEX_1	</identifier>
		<parent>	Scene Root	</parent>
		<transform>
			<row0>	0.0000 -1.0000 0.0000 0.0000	</row0>
			<row1>	0.9789 0.0000 -0.2045 0.0000	</row1>
			<row2>	0.2045 0.0000 0.9789 0.0000	</row2>
			<row3>	-0.4763 0.4466 4.0155 1.0000	</row3>
		</transform>
	</node>
	<node>
		<identifier>	MP_GM065_Firelead	</identifier>
		<parent>	Scene Root	</parent>
		<transform>
			<row0>	0.6738 0.0000 0.1899 0.0000	</row0>
			<row1>	0.0000 0.7000 0.0000 0.0000	</row1>
			<row2>	-0.1899 0.0000 0.6738 0.0000	</row2>
			<row3>	0.1236 0.4385 5.2862 1.0000	</row3>
		</transform>
	</node>
	<node>
		<identifier>	MP_GM065_Firelead_INDEX_1	</identifier>
		<parent>	Scene Root	</parent>
		<transform>
			<row0>	0.5897 0.0000 -0.3771 0.0000	</row0>
			<row1>	0.0000 0.7000 0.0000 0.0000	</row1>
			<row2>	0.3771 0.0000 0.5897 0.0000	</row2>
			<row3>	-0.1815 0.4380 5.0505 1.0000	</row3>
		</transform>
	</node>
	<node>
		<identifier>	MP_GM065_Firelead_INDEX_2	</identifier>
		<parent>	Scene Root	</parent>
		<transform>
			<row0>	0.5897 0.0000 0.3771 0.0000	</row0>
			<row1>	0.0000 0.7000 0.0000 0.0000	</row1>
			<row2>	-0.3771 0.0000 0.5897 0.0000	</row2>
			<row3>	0.1815 0.4380 5.0505 1.0000	</row3>
		</transform>
	</node>
	<node>
		<identifier>	MP_GM969_Anchor_up	</identifier>
		<parent>	Scene Root	</parent>
		<transform>
			<row0>	0.1374 0.5385 0.8313 0.0000	</row0>
			<row1>	0.2361 0.7973 -0.5555 0.0000	</row1>
			<row2>	-0.9620 0.2726 -0.0176 0.0000	</row2>
			<row3>	-0.1461 0.2150 5.2558 1.0000	</row3>
		</transform>
	</node>
	<node>
		<identifier>	MP_GM969_Anchor_up_INDEX_1	</identifier>
		<parent>	Scene Root	</parent>
		<transform>
			<row0>	0.1953 -0.5258 -0.8279 0.0000	</row0>
			<row1>	-0.2512 0.7892 -0.5604 0.0000	</row1>
			<row2>	0.9480 0.3174 0.0220 0.0000	</row2>
			<row3>	0.0916 0.2164 5.4654 1.0000	</row3>
		</transform>
	</node>
	<node>
		<identifier>	MP_GM969_Anchor_up_INDEX_2	</identifier>
		<parent>	Scene Root	</parent>
		<transform>
			<row0>	0.1953 0.5258 0.8279 0.0000	</row0>
			<row1>	0.2512 0.7892 -0.5604 0.0000	</row1>
			<row2>	-0.9480 0.3174 0.0220 0.0000	</row2>
			<row3>	-0.0916 0.2164 5.4654 1.0000	</row3>
		</transform>
	</node>
	<node>
		<identifier>	MP_GM970_Anchor_bottom	</identifier>
		<parent>	Scene Root	</parent>
		<transform>
			<row0>	0.1957 -0.5281 -0.8263 0.0000	</row0>
			<row1>	-0.0355 0.8383 -0.5441 0.0000	</row1>
			<row2>	0.9800 0.1358 0.1453 0.0000	</row2>
			<row3>	0.0916 0.2164 5.4654 1.0000	</row3>
		</transform>
	</node>
	<node>
		<identifier>	MP_GM970_Anchor_bottom_INDEX_1	</identifier>
		<parent>	Scene Root	</parent>
		<transform>
			<row0>	0.1375 0.5371 0.8323 0.0000	</row0>
			<row1>	-0.0089 0.8409 -0.5412 0.0000	</row1>
			<row2>	-0.9905 0.0670 0.1203 0.0000	</row2>
			<row3>	-0.1461 0.2150 5.2558 1.0000	</row3>
		</transform>
	</node>
	<node>
		<identifier>	MP_GM970_Anchor_bottom_INDEX_2	</identifier>
		<parent>	Scene Root	</parent>
		<transform>
			<row0>	0.1957 0.5281 0.8263 0.0000	</row0>
			<row1>	0.0355 0.8383 -0.5441 0.0000	</row1>
			<row2>	-0.9800 0.1358 0.1453 0.0000	</row2>
			<row3>	-0.0916 0.2164 5.4654 1.0000	</row3>
		</transform>
	</node>
</GSB031_Von_der_Tann_1918_Bow.skel_ext>
