<VSC003_Hercules_1943_Stern.skel_ext>
	<exported>	true	</exported>
	<node>
		<identifier>	MP_CM126_Cleat	</identifier>
		<parent>	Scene Root	</parent>
		<transform>
			<row0>	1.0000 0.0000 0.0000 0.0000	</row0>
			<row1>	0.0000 -0.8471 0.5314 0.0000	</row1>
			<row2>	0.0000 -0.5314 -0.8471 0.0000	</row2>
			<row3>	0.1780 0.2852 -2.9262 1.0000	</row3>
		</transform>
	</node>
	<node>
		<identifier>	MP_CM126_Cleat_INDEX_1	</identifier>
		<parent>	Scene Root	</parent>
		<transform>
			<row0>	1.0000 0.0000 0.0000 0.0000	</row0>
			<row1>	0.0000 -0.8471 0.5314 0.0000	</row1>
			<row2>	0.0000 -0.5314 -0.8471 0.0000	</row2>
			<row3>	-0.1780 0.2852 -2.9262 1.0000	</row3>
		</transform>
	</node>
	<node>
		<identifier>	MP_CM161_Propeller_4_8m_BB_R	</identifier>
		<parent>	Scene Root	</parent>
		<transform>
			<row0>	0.6102 0.3524 0.0040 0.0000	</row0>
			<row1>	-0.3523 0.6101 -0.0153 0.0000	</row1>
			<row2>	-0.0111 0.0112 0.7045 0.0000	</row2>
			<row3>	0.1422 -0.1903 -2.5483 1.0000	</row3>
		</transform>
	</node>
	<node>
		<identifier>	MP_CM162_Propeller_4_8m_BB_L	</identifier>
		<parent>	Scene Root	</parent>
		<transform>
			<row0>	0.6102 -0.3524 -0.0040 0.0000	</row0>
			<row1>	0.3523 0.6101 -0.0153 0.0000	</row1>
			<row2>	0.0111 0.0112 0.7045 0.0000	</row2>
			<row3>	-0.1422 -0.1903 -2.5483 1.0000	</row3>
		</transform>
	</node>
	<node>
		<identifier>	MP_VM001_Nueve_de_Julio_arms	</identifier>
		<parent>	Scene Root	</parent>
		<transform>
			<row0>	-0.7387 0.0000 0.0000 0.0000	</row0>
			<row1>	0.0000 0.7260 -0.1362 0.0000	</row1>
			<row2>	0.0000 -0.1362 -0.7260 0.0000	</row2>
			<row3>	0.0000 0.0773 -3.0277 1.0000	</row3>
		</transform>
	</node>
	<node>
		<identifier>	MP_VM061_Bomb_shelf	</identifier>
		<parent>	Scene Root	</parent>
		<transform>
			<row0>	-0.0413 -0.0170 0.9990 0.0000	</row0>
			<row1>	-0.0264 0.9995 0.0159 0.0000	</row1>
			<row2>	-0.9988 -0.0257 -0.0417 0.0000	</row2>
			<row3>	-0.2245 0.1366 -2.4568 1.0000	</row3>
		</transform>
	</node>
	<node>
		<identifier>	MP_VM061_Bomb_shelf_INDEX_1	</identifier>
		<parent>	Scene Root	</parent>
		<transform>
			<row0>	-0.0413 0.0170 -0.9990 0.0000	</row0>
			<row1>	0.0264 0.9995 0.0159 0.0000	</row1>
			<row2>	0.9988 -0.0257 -0.0417 0.0000	</row2>
			<row3>	0.2245 0.1366 -2.4568 1.0000	</row3>
		</transform>
	</node>
	<node>
		<identifier>	MP_VM072_Depth_Charge_Thrower	</identifier>
		<parent>	Scene Root	</parent>
		<transform>
			<row0>	-0.9999 0.0002 0.0132 0.0000	</row0>
			<row1>	0.0000 0.9999 -0.0146 0.0000	</row1>
			<row2>	-0.0132 -0.0146 -0.9998 0.0000	</row2>
			<row3>	-0.2220 0.1379 -2.5178 1.0000	</row3>
		</transform>
	</node>
	<node>
		<identifier>	MP_VM072_Depth_Charge_Thrower_INDEX_1	</identifier>
		<parent>	Scene Root	</parent>
		<transform>
			<row0>	0.9998 0.0003 0.0181 0.0000	</row0>
			<row1>	0.0000 0.9999 -0.0146 0.0000	</row1>
			<row2>	-0.0181 0.0146 0.9997 0.0000	</row2>
			<row3>	0.2249 0.1379 -2.5178 1.0000	</row3>
		</transform>
	</node>
	<node>
		<identifier>	MP_VM886_Signal_Lamp	</identifier>
		<parent>	Scene Root	</parent>
		<transform>
			<row0>	0.6832 0.0000 0.0000 0.0000	</row0>
			<row1>	0.0000 -0.6831 0.0100 0.0000	</row1>
			<row2>	0.0000 -0.0100 -0.6831 0.0000	</row2>
			<row3>	0.0000 0.1491 -3.0161 1.0000	</row3>
		</transform>
	</node>
	<node>
		<identifier>	MP_VM950_Fairlead	</identifier>
		<parent>	Scene Root	</parent>
		<transform>
			<row0>	0.8044 0.0000 0.0000 0.0000	</row0>
			<row1>	0.0000 0.8044 -0.0118 0.0000	</row1>
			<row2>	0.0000 0.0118 0.8044 0.0000	</row2>
			<row3>	0.0000 0.1495 -3.0261 1.0000	</row3>
		</transform>
	</node>
	<node>
		<identifier>	MP_VM958_Fairlead	</identifier>
		<parent>	Scene Root	</parent>
		<transform>
			<row0>	1.1102 0.0014 0.0978 0.0000	</row0>
			<row1>	-0.0027 0.8487 0.0181 0.0000	</row1>
			<row2>	-0.0745 -0.0183 0.8454 0.0000	</row2>
			<row3>	-0.2729 0.1398 -2.6335 1.0000	</row3>
		</transform>
	</node>
	<node>
		<identifier>	MP_VM958_Fairlead_INDEX_1	</identifier>
		<parent>	Scene Root	</parent>
		<transform>
			<row0>	1.1102 -0.0014 -0.0978 0.0000	</row0>
			<row1>	0.0027 0.8487 0.0181 0.0000	</row1>
			<row2>	0.0745 -0.0183 0.8454 0.0000	</row2>
			<row3>	0.2729 0.1398 -2.6335 1.0000	</row3>
		</transform>
	</node>
</VSC003_Hercules_1943_Stern.skel_ext>
