<BSC005_Caledon_1928_Stern.skel_ext>
	<exported>	true	</exported>
	<node>
		<identifier>	MP_BM021_Crown	</identifier>
		<parent>	Scene Root	</parent>
		<transform>
			<row0>	1.0000 0.0000 0.0000 0.0000	</row0>
			<row1>	0.0000 0.9944 -0.1053 0.0000	</row1>
			<row2>	0.0000 0.1053 0.9944 0.0000	</row2>
			<row3>	-0.0182 0.7203 -4.7266 1.0000	</row3>
		</transform>
	</node>
	<node>
		<identifier>	MP_BM706_Ammunition_Box	</identifier>
		<parent>	Scene Root	</parent>
		<transform>
			<row0>	1.0000 0.0000 0.0000 0.0000	</row0>
			<row1>	0.0000 1.0000 0.0000 0.0000	</row1>
			<row2>	0.0000 0.0000 1.0000 0.0000	</row2>
			<row3>	0.0016 0.2045 -3.7627 1.0000	</row3>
		</transform>
	</node>
	<node>
		<identifier>	MP_BM872_Running_Lights_B	</identifier>
		<parent>	Scene Root	</parent>
		<transform>
			<row0>	-1.0000 0.0000 0.0000 0.0000	</row0>
			<row1>	0.0000 1.0000 0.0000 0.0000	</row1>
			<row2>	0.0000 0.0000 -1.0000 0.0000	</row2>
			<row3>	0.0003 0.5022 -4.7350 1.0000	</row3>
		</transform>
	</node>
	<node>
		<identifier>	MP_BM952_Bollard	</identifier>
		<parent>	Scene Root	</parent>
		<transform>
			<row0>	0.5487 -0.0221 -0.1045 0.0000	</row0>
			<row1>	0.0217 0.5586 -0.0041 0.0000	</row1>
			<row2>	0.1046 0.0000 0.5491 0.0000	</row2>
			<row3>	0.2101 0.2019 -3.9505 1.0000	</row3>
		</transform>
	</node>
	<node>
		<identifier>	MP_BM952_Bollard_INDEX_1	</identifier>
		<parent>	Scene Root	</parent>
		<transform>
			<row0>	0.5487 0.0221 0.1045 0.0000	</row0>
			<row1>	-0.0217 0.5586 -0.0041 0.0000	</row1>
			<row2>	-0.1046 0.0000 0.5491 0.0000	</row2>
			<row3>	-0.2101 0.2019 -3.9505 1.0000	</row3>
		</transform>
	</node>
	<node>
		<identifier>	MP_BM957_Anchor_Capstan_big	</identifier>
		<parent>	Scene Root	</parent>
		<transform>
			<row0>	0.0000 0.0000 0.6412 0.0000	</row0>
			<row1>	0.0000 0.6412 0.0000 0.0000	</row1>
			<row2>	-0.6412 0.0000 0.0000 0.0000	</row2>
			<row3>	0.0000 0.2048 -4.0635 1.0000	</row3>
		</transform>
	</node>
	<node>
		<identifier>	MP_CM001_Propeller3_L	</identifier>
		<parent>	Scene Root	</parent>
		<transform>
			<row0>	0.9729 0.0000 0.0000 0.0000	</row0>
			<row1>	0.0000 0.9728 -0.0161 0.0000	</row1>
			<row2>	0.0000 0.0161 0.9728 0.0000	</row2>
			<row3>	-0.2254 -0.2230 -3.9085 1.0000	</row3>
		</transform>
	</node>
	<node>
		<identifier>	MP_CM032_Propeller3_R	</identifier>
		<parent>	Scene Root	</parent>
		<transform>
			<row0>	1.0000 0.0000 0.0000 0.0000	</row0>
			<row1>	0.0000 0.9999 -0.0165 0.0000	</row1>
			<row2>	0.0000 0.0165 0.9999 0.0000	</row2>
			<row3>	0.2254 -0.2230 -3.9085 1.0000	</row3>
		</transform>
	</node>
	<node>
		<identifier>	MP_CM104_Life_Buoy	</identifier>
		<parent>	Scene Root	</parent>
		<transform>
			<row0>	0.2995 0.0000 -0.9541 0.0000	</row0>
			<row1>	0.0000 1.0000 0.0000 0.0000	</row1>
			<row2>	0.9541 0.0000 0.2995 0.0000	</row2>
			<row3>	-0.1475 0.2692 -4.3713 1.0000	</row3>
		</transform>
	</node>
	<node>
		<identifier>	MP_CM104_Life_Buoy_INDEX_1	</identifier>
		<parent>	Scene Root	</parent>
		<transform>
			<row0>	0.2995 0.0000 0.9541 0.0000	</row0>
			<row1>	0.0000 1.0000 0.0000 0.0000	</row1>
			<row2>	-0.9541 0.0000 0.2995 0.0000	</row2>
			<row3>	0.1475 0.2692 -4.3713 1.0000	</row3>
		</transform>
	</node>
	<node>
		<identifier>	MP_CM126_Cleat	</identifier>
		<parent>	Scene Root	</parent>
		<transform>
			<row0>	-0.9811 0.0193 0.1924 0.0000	</row0>
			<row1>	0.0230 0.9996 0.0168 0.0000	</row1>
			<row2>	-0.1920 0.0209 -0.9812 0.0000	</row2>
			<row3>	0.2507 0.2037 -3.9384 1.0000	</row3>
		</transform>
	</node>
	<node>
		<identifier>	MP_CM126_Cleat_INDEX_1	</identifier>
		<parent>	Scene Root	</parent>
		<transform>
			<row0>	-0.9811 -0.0193 -0.1924 0.0000	</row0>
			<row1>	-0.0230 0.9996 0.0168 0.0000	</row1>
			<row2>	0.1920 0.0209 -0.9812 0.0000	</row2>
			<row3>	-0.2507 0.2037 -3.9384 1.0000	</row3>
		</transform>
	</node>
	<node>
		<identifier>	MP_CM127_Jacobs_ladder	</identifier>
		<parent>	Scene Root	</parent>
		<transform>
			<row0>	0.9885 0.0000 -0.1512 0.0000	</row0>
			<row1>	0.0000 1.0000 0.0000 0.0000	</row1>
			<row2>	0.1512 0.0000 0.9885 0.0000	</row2>
			<row3>	0.2604 0.2114 -3.7777 1.0000	</row3>
		</transform>
	</node>
	<node>
		<identifier>	MP_CM127_Jacobs_ladder_INDEX_1	</identifier>
		<parent>	Scene Root	</parent>
		<transform>
			<row0>	0.9885 0.0000 0.1512 0.0000	</row0>
			<row1>	0.0000 1.0000 0.0000 0.0000	</row1>
			<row2>	-0.1512 0.0000 0.9885 0.0000	</row2>
			<row3>	-0.2604 0.2114 -3.7777 1.0000	</row3>
		</transform>
	</node>
</BSC005_Caledon_1928_Stern.skel_ext>
