<ISD301_Alberico_da_Barbiano_1944_MidFront.skel_ext>
	<exported>	true	</exported>
	<node>
		<identifier>	MP_CM011_Fire_Fighting_Gear	</identifier>
		<parent>	Scene Root	</parent>
		<transform>
			<row0>	0.7743 0.0000 0.6328 0.0000	</row0>
			<row1>	0.0000 1.0000 0.0000 0.0000	</row1>
			<row2>	-0.6328 0.0000 0.7743 0.0000	</row2>
			<row3>	0.2666 0.3049 0.8266 1.0000	</row3>
		</transform>
	</node>
	<node>
		<identifier>	MP_CM011_Fire_Fighting_Gear_INDEX_1	</identifier>
		<parent>	Scene Root	</parent>
		<transform>
			<row0>	0.7743 0.0000 -0.6328 0.0000	</row0>
			<row1>	0.0000 1.0000 0.0000 0.0000	</row1>
			<row2>	0.6328 0.0000 0.7743 0.0000	</row2>
			<row3>	-0.2666 0.3049 0.8266 1.0000	</row3>
		</transform>
	</node>
	<node>
		<identifier>	MP_CM011_Fire_Fighting_Gear_INDEX_2	</identifier>
		<parent>	Scene Root	</parent>
		<transform>
			<row0>	1.0000 0.0000 0.0000 0.0000	</row0>
			<row1>	0.0000 1.0000 0.0000 0.0000	</row1>
			<row2>	0.0000 0.0000 1.0000 0.0000	</row2>
			<row3>	0.1219 0.4654 1.6480 1.0000	</row3>
		</transform>
	</node>
	<node>
		<identifier>	MP_CM011_Fire_Fighting_Gear_INDEX_3	</identifier>
		<parent>	Scene Root	</parent>
		<transform>
			<row0>	1.0000 0.0000 0.0000 0.0000	</row0>
			<row1>	0.0000 1.0000 0.0000 0.0000	</row1>
			<row2>	0.0000 0.0000 1.0000 0.0000	</row2>
			<row3>	-0.1219 0.4654 1.6480 1.0000	</row3>
		</transform>
	</node>
	<node>
		<identifier>	MP_CM011_Fire_Fighting_Gear_INDEX_4	</identifier>
		<parent>	Scene Root	</parent>
		<transform>
			<row0>	0.6082 0.0000 -0.7938 0.0000	</row0>
			<row1>	0.0000 1.0000 0.0000 0.0000	</row1>
			<row2>	0.7938 0.0000 0.6082 0.0000	</row2>
			<row3>	0.1551 0.3069 0.3402 1.0000	</row3>
		</transform>
	</node>
	<node>
		<identifier>	MP_CM013_Fire_Hose_Rack_2	</identifier>
		<parent>	Scene Root	</parent>
		<transform>
			<row0>	-0.6104 0.0000 0.7921 0.0000	</row0>
			<row1>	0.0000 1.0000 0.0000 0.0000	</row1>
			<row2>	-0.7921 0.0000 -0.6104 0.0000	</row2>
			<row3>	0.2675 0.3562 0.8467 1.0000	</row3>
		</transform>
	</node>
	<node>
		<identifier>	MP_CM013_Fire_Hose_Rack_2_INDEX_1	</identifier>
		<parent>	Scene Root	</parent>
		<transform>
			<row0>	0.6016 0.0000 0.7988 0.0000	</row0>
			<row1>	0.0000 1.0000 0.0000 0.0000	</row1>
			<row2>	-0.7988 0.0000 0.6016 0.0000	</row2>
			<row3>	-0.2675 0.3562 0.8467 1.0000	</row3>
		</transform>
	</node>
	<node>
		<identifier>	MP_CM013_Fire_Hose_Rack_2_INDEX_2	</identifier>
		<parent>	Scene Root	</parent>
		<transform>
			<row0>	0.4063 0.0000 -0.9137 0.0000	</row0>
			<row1>	0.0000 1.0000 0.0000 0.0000	</row1>
			<row2>	0.9137 0.0000 0.4063 0.0000	</row2>
			<row3>	-0.1461 0.5404 2.0921 1.0000	</row3>
		</transform>
	</node>
	<node>
		<identifier>	MP_CM013_Fire_Hose_Rack_2_INDEX_3	</identifier>
		<parent>	Scene Root	</parent>
		<transform>
			<row0>	-0.3358 0.0000 0.9419 0.0000	</row0>
			<row1>	0.0000 1.0000 0.0000 0.0000	</row1>
			<row2>	-0.9419 0.0000 -0.3358 0.0000	</row2>
			<row3>	0.1419 0.5051 1.6606 1.0000	</row3>
		</transform>
	</node>
	<node>
		<identifier>	MP_CM013_Fire_Hose_Rack_2_INDEX_4	</identifier>
		<parent>	Scene Root	</parent>
		<transform>
			<row0>	0.3438 0.0000 0.9390 0.0000	</row0>
			<row1>	0.0000 1.0000 0.0000 0.0000	</row1>
			<row2>	-0.9390 0.0000 0.3438 0.0000	</row2>
			<row3>	-0.1419 0.5051 1.6606 1.0000	</row3>
		</transform>
	</node>
	<node>
		<identifier>	MP_CM013_Fire_Hose_Rack_2_INDEX_5	</identifier>
		<parent>	Scene Root	</parent>
		<transform>
			<row0>	-0.4076 0.0000 -0.9131 0.0000	</row0>
			<row1>	0.0000 1.0000 0.0000 0.0000	</row1>
			<row2>	0.9131 0.0000 -0.4076 0.0000	</row2>
			<row3>	0.1461 0.5404 2.0921 1.0000	</row3>
		</transform>
	</node>
	<node>
		<identifier>	MP_CM013_Fire_Hose_Rack_2_INDEX_6	</identifier>
		<parent>	Scene Root	</parent>
		<transform>
			<row0>	0.7926 0.0000 0.6098 0.0000	</row0>
			<row1>	0.0000 1.0000 0.0000 0.0000	</row1>
			<row2>	-0.6098 0.0000 0.7926 0.0000	</row2>
			<row3>	0.1634 0.3707 0.3466 1.0000	</row3>
		</transform>
	</node>
	<node>
		<identifier>	MP_CM014_Fuel_Oil_Hose	</identifier>
		<parent>	Scene Root	</parent>
		<transform>
			<row0>	-1.0000 0.0000 -0.0028 0.0000	</row0>
			<row1>	0.0000 -1.0000 0.0000 0.0000	</row1>
			<row2>	-0.0028 0.0000 1.0000 0.0000	</row2>
			<row3>	0.3319 0.3530 1.6553 1.0000	</row3>
		</transform>
	</node>
	<node>
		<identifier>	MP_CM014_Fuel_Oil_Hose_INDEX_1	</identifier>
		<parent>	Scene Root	</parent>
		<transform>
			<row0>	1.0000 0.0000 -0.0013 0.0000	</row0>
			<row1>	0.0000 1.0000 0.0000 0.0000	</row1>
			<row2>	0.0013 0.0000 1.0000 0.0000	</row2>
			<row3>	-0.3316 0.3530 1.6159 1.0000	</row3>
		</transform>
	</node>
	<node>
		<identifier>	MP_CM029_Emergency_Box	</identifier>
		<parent>	Scene Root	</parent>
		<transform>
			<row0>	0.2028 0.0000 -0.9792 0.0000	</row0>
			<row1>	0.0000 1.0000 0.0000 0.0000	</row1>
			<row2>	0.9792 0.0000 0.2028 0.0000	</row2>
			<row3>	-0.1462 0.9799 1.8055 1.0000	</row3>
		</transform>
	</node>
	<node>
		<identifier>	MP_CM029_Emergency_Box_INDEX_1	</identifier>
		<parent>	Scene Root	</parent>
		<transform>
			<row0>	0.2028 0.0000 0.9792 0.0000	</row0>
			<row1>	0.0000 1.0000 0.0000 0.0000	</row1>
			<row2>	-0.9792 0.0000 0.2028 0.0000	</row2>
			<row3>	0.1462 0.9799 1.8055 1.0000	</row3>
		</transform>
	</node>
	<node>
		<identifier>	MP_CM029_Emergency_Box_INDEX_2	</identifier>
		<parent>	Scene Root	</parent>
		<transform>
			<row0>	0.0000 0.0000 1.0000 0.0000	</row0>
			<row1>	-0.1844 0.9829 0.0000 0.0000	</row1>
			<row2>	-0.9829 -0.1844 0.0000 0.0000	</row2>
			<row3>	0.0731 1.2841 1.8356 1.0000	</row3>
		</transform>
	</node>
	<node>
		<identifier>	MP_CM029_Emergency_Box_INDEX_3	</identifier>
		<parent>	Scene Root	</parent>
		<transform>
			<row0>	0.0000 0.0000 1.0000 0.0000	</row0>
			<row1>	0.0000 1.0000 0.0000 0.0000	</row1>
			<row2>	-1.0000 0.0000 0.0000 0.0000	</row2>
			<row3>	0.3367 0.3664 1.9086 1.0000	</row3>
		</transform>
	</node>
	<node>
		<identifier>	MP_CM029_Emergency_Box_INDEX_4	</identifier>
		<parent>	Scene Root	</parent>
		<transform>
			<row0>	0.0000 0.0000 -1.0000 0.0000	</row0>
			<row1>	0.0000 1.0000 0.0000 0.0000	</row1>
			<row2>	1.0000 0.0000 0.0000 0.0000	</row2>
			<row3>	-0.3367 0.3664 1.9086 1.0000	</row3>
		</transform>
	</node>
	<node>
		<identifier>	MP_CM029_Emergency_Box_INDEX_5	</identifier>
		<parent>	Scene Root	</parent>
		<transform>
			<row0>	-0.0135 0.0000 -0.9999 0.0000	</row0>
			<row1>	0.0000 1.0000 0.0000 0.0000	</row1>
			<row2>	0.9999 0.0000 -0.0135 0.0000	</row2>
			<row3>	-0.1587 0.8322 1.9338 1.0000	</row3>
		</transform>
	</node>
	<node>
		<identifier>	MP_CM029_Emergency_Box_INDEX_6	</identifier>
		<parent>	Scene Root	</parent>
		<transform>
			<row0>	-0.0135 0.0000 0.9999 0.0000	</row0>
			<row1>	0.0000 1.0000 0.0000 0.0000	</row1>
			<row2>	-0.9999 0.0000 -0.0135 0.0000	</row2>
			<row3>	0.1587 0.8322 1.9338 1.0000	</row3>
		</transform>
	</node>
	<node>
		<identifier>	MP_CM030_Swab_Rack_2	</identifier>
		<parent>	Scene Root	</parent>
		<transform>
			<row0>	0.0000 0.0000 1.0000 0.0000	</row0>
			<row1>	0.0000 1.0000 0.0000 0.0000	</row1>
			<row2>	-1.0000 0.0000 0.0000 0.0000	</row2>
			<row3>	-0.3285 0.3022 1.8379 1.0000	</row3>
		</transform>
	</node>
	<node>
		<identifier>	MP_CM030_Swab_Rack_2_INDEX_1	</identifier>
		<parent>	Scene Root	</parent>
		<transform>
			<row0>	0.0000 0.0000 -1.0000 0.0000	</row0>
			<row1>	0.0000 1.0000 0.0000 0.0000	</row1>
			<row2>	1.0000 0.0000 0.0000 0.0000	</row2>
			<row3>	0.3285 0.3022 1.8379 1.0000	</row3>
		</transform>
	</node>
	<node>
		<identifier>	MP_CM040_Steering_Wheel	</identifier>
		<parent>	Scene Root	</parent>
		<transform>
			<row0>	1.0000 0.0000 0.0000 0.0000	</row0>
			<row1>	0.0000 1.0000 0.0000 0.0000	</row1>
			<row2>	0.0000 0.0000 1.0000 0.0000	</row2>
			<row3>	-0.0479 1.0832 2.1094 1.0000	</row3>
		</transform>
	</node>
	<node>
		<identifier>	MP_CM051_Fire_Fighting_Gear	</identifier>
		<parent>	Scene Root	</parent>
		<transform>
			<row0>	0.4079 0.0000 0.9130 0.0000	</row0>
			<row1>	0.0000 1.0000 0.0000 0.0000	</row1>
			<row2>	-0.9130 0.0000 0.4079 0.0000	</row2>
			<row3>	0.1594 0.4987 2.0862 1.0000	</row3>
		</transform>
	</node>
	<node>
		<identifier>	MP_CM051_Fire_Fighting_Gear_INDEX_1	</identifier>
		<parent>	Scene Root	</parent>
		<transform>
			<row0>	-0.4082 0.0000 0.9129 0.0000	</row0>
			<row1>	0.0000 1.0000 0.0000 0.0000	</row1>
			<row2>	-0.9129 0.0000 -0.4082 0.0000	</row2>
			<row3>	-0.1327 0.4987 2.0981 1.0000	</row3>
		</transform>
	</node>
	<node>
		<identifier>	MP_CM052_Fender	</identifier>
		<parent>	Scene Root	</parent>
		<transform>
			<row0>	0.6071 0.0000 0.2515 0.0000	</row0>
			<row1>	0.0000 0.6571 0.0000 0.0000	</row1>
			<row2>	-0.2515 0.0000 0.6071 0.0000	</row2>
			<row3>	-0.3475 0.3039 0.5944 1.0000	</row3>
		</transform>
	</node>
	<node>
		<identifier>	MP_CM052_Fender_INDEX_1	</identifier>
		<parent>	Scene Root	</parent>
		<transform>
			<row0>	0.0000 0.0000 0.6571 0.0000	</row0>
			<row1>	0.0000 0.6571 0.0000 0.0000	</row1>
			<row2>	-0.6571 0.0000 0.0000 0.0000	</row2>
			<row3>	-0.3326 0.4631 1.7935 1.0000	</row3>
		</transform>
	</node>
	<node>
		<identifier>	MP_CM052_Fender_INDEX_2	</identifier>
		<parent>	Scene Root	</parent>
		<transform>
			<row0>	0.0000 0.0000 -0.6571 0.0000	</row0>
			<row1>	0.0000 0.6571 0.0000 0.0000	</row1>
			<row2>	0.6571 0.0000 0.0000 0.0000	</row2>
			<row3>	0.3326 0.4631 1.7935 1.0000	</row3>
		</transform>
	</node>
	<node>
		<identifier>	MP_CM052_Fender_INDEX_3	</identifier>
		<parent>	Scene Root	</parent>
		<transform>
			<row0>	0.6071 0.0000 -0.2515 0.0000	</row0>
			<row1>	0.0000 0.6571 0.0000 0.0000	</row1>
			<row2>	0.2515 0.0000 0.6071 0.0000	</row2>
			<row3>	0.3475 0.3039 0.5944 1.0000	</row3>
		</transform>
	</node>
	<node>
		<identifier>	MP_CM056_Ships_bell	</identifier>
		<parent>	Scene Root	</parent>
		<transform>
			<row0>	1.0000 0.0000 0.0000 0.0000	</row0>
			<row1>	0.0000 1.0000 0.0000 0.0000	</row1>
			<row2>	0.0000 0.0000 1.0000 0.0000	</row2>
			<row3>	-0.0005 0.6367 0.6498 1.0000	</row3>
		</transform>
	</node>
	<node>
		<identifier>	MP_CM092_Siren	</identifier>
		<parent>	Scene Root	</parent>
		<transform>
			<row0>	1.0000 0.0000 0.0000 0.0000	</row0>
			<row1>	0.0000 1.0000 0.0000 0.0000	</row1>
			<row2>	0.0000 0.0000 1.0000 0.0000	</row2>
			<row3>	0.0274 0.9540 1.1538 1.0000	</row3>
		</transform>
	</node>
	<node>
		<identifier>	MP_CM120_Chair_Captain	</identifier>
		<parent>	Scene Root	</parent>
		<transform>
			<row0>	1.0000 0.0000 0.0000 0.0000	</row0>
			<row1>	0.0000 1.0000 0.0000 0.0000	</row1>
			<row2>	0.0000 0.0000 1.0000 0.0000	</row2>
			<row3>	0.0600 1.0834 2.0646 1.0000	</row3>
		</transform>
	</node>
	<node>
		<identifier>	MP_CM149_Telegraph	</identifier>
		<parent>	Scene Root	</parent>
		<transform>
			<row0>	0.0000 0.0000 1.0000 0.0000	</row0>
			<row1>	0.0000 1.0000 0.0000 0.0000	</row1>
			<row2>	-1.0000 0.0000 0.0000 0.0000	</row2>
			<row3>	0.0875 1.0834 2.0261 1.0000	</row3>
		</transform>
	</node>
	<node>
		<identifier>	MP_FM020_Siren	</identifier>
		<parent>	Scene Root	</parent>
		<transform>
			<row0>	1.0000 0.0000 0.0000 0.0000	</row0>
			<row1>	0.0000 1.0000 0.0000 0.0000	</row1>
			<row2>	0.0000 0.0000 1.0000 0.0000	</row2>
			<row3>	-0.0274 0.9540 1.1538 1.0000	</row3>
		</transform>
	</node>
	<node>
		<identifier>	MP_IM001_Paramine_Tipo_C	</identifier>
		<parent>	Scene Root	</parent>
		<transform>
			<row0>	0.0000 -1.0000 0.0000 0.0000	</row0>
			<row1>	-0.7916 0.0000 -0.6110 0.0000	</row1>
			<row2>	0.6110 0.0000 -0.7916 0.0000	</row2>
			<row3>	0.1589 0.5452 2.6916 1.0000	</row3>
		</transform>
	</node>
	<node>
		<identifier>	MP_IM001_Paramine_Tipo_C_INDEX_1	</identifier>
		<parent>	Scene Root	</parent>
		<transform>
			<row0>	0.0000 1.0000 0.0000 0.0000	</row0>
			<row1>	0.7916 0.0000 -0.6110 0.0000	</row1>
			<row2>	-0.6110 0.0000 -0.7916 0.0000	</row2>
			<row3>	-0.1589 0.5452 2.6916 1.0000	</row3>
		</transform>
	</node>
	<node>
		<identifier>	MP_IM010_Life_Jacket	</identifier>
		<parent>	Scene Root	</parent>
		<transform>
			<row0>	-0.1025 0.0260 0.9944 0.0000	</row0>
			<row1>	0.0253 0.9994 -0.0235 0.0000	</row1>
			<row2>	-0.9944 0.0228 -0.1031 0.0000	</row2>
			<row3>	0.0161 0.5322 0.6451 1.0000	</row3>
		</transform>
	</node>
	<node>
		<identifier>	MP_IM010_Life_Jacket_INDEX_1	</identifier>
		<parent>	Scene Root	</parent>
		<transform>
			<row0>	-0.3786 0.0000 0.9256 0.0000	</row0>
			<row1>	-0.0227 1.0534 -0.0093 0.0000	</row1>
			<row2>	-0.9253 -0.0233 -0.3785 0.0000	</row2>
			<row3>	0.0634 0.5322 0.6567 1.0000	</row3>
		</transform>
	</node>
	<node>
		<identifier>	MP_IM010_Life_Jacket_INDEX_10	</identifier>
		<parent>	Scene Root	</parent>
		<transform>
			<row0>	-0.6203 0.0000 0.7844 0.0000	</row0>
			<row1>	0.0000 1.0329 0.0000 0.0000	</row1>
			<row2>	-0.7844 0.0000 -0.6203 0.0000	</row2>
			<row3>	0.2370 0.5333 0.8272 1.0000	</row3>
		</transform>
	</node>
	<node>
		<identifier>	MP_IM010_Life_Jacket_INDEX_11	</identifier>
		<parent>	Scene Root	</parent>
		<transform>
			<row0>	-0.6168 -0.0751 0.7836 0.0000	</row0>
			<row1>	-0.0910 1.0617 0.0301 0.0000	</row1>
			<row2>	-0.7825 -0.0495 -0.6207 0.0000	</row2>
			<row3>	0.2580 0.5338 0.8438 1.0000	</row3>
		</transform>
	</node>
	<node>
		<identifier>	MP_IM010_Life_Jacket_INDEX_12	</identifier>
		<parent>	Scene Root	</parent>
		<transform>
			<row0>	-0.9995 0.0310 0.0005 0.0000	</row0>
			<row1>	0.0303 0.9772 0.0169 0.0000	</row1>
			<row2>	0.0000 0.0173 -0.9999 0.0000	</row2>
			<row3>	-0.1825 0.5322 0.7228 1.0000	</row3>
		</transform>
	</node>
	<node>
		<identifier>	MP_IM010_Life_Jacket_INDEX_13	</identifier>
		<parent>	Scene Root	</parent>
		<transform>
			<row0>	-1.0000 0.0000 0.0000 0.0000	</row0>
			<row1>	0.0000 1.0443 0.0000 0.0000	</row1>
			<row2>	0.0000 0.0000 -1.0000 0.0000	</row2>
			<row3>	-0.1825 0.5322 0.7466 1.0000	</row3>
		</transform>
	</node>
	<node>
		<identifier>	MP_IM010_Life_Jacket_INDEX_14	</identifier>
		<parent>	Scene Root	</parent>
		<transform>
			<row0>	-1.0000 0.0000 0.0000 0.0000	</row0>
			<row1>	0.0000 0.9988 -0.0488 0.0000	</row1>
			<row2>	0.0000 -0.0488 -0.9988 0.0000	</row2>
			<row3>	-0.1825 0.5324 0.7708 1.0000	</row3>
		</transform>
	</node>
	<node>
		<identifier>	MP_IM010_Life_Jacket_INDEX_15	</identifier>
		<parent>	Scene Root	</parent>
		<transform>
			<row0>	-0.6203 0.0000 -0.7844 0.0000	</row0>
			<row1>	-0.0076 1.1005 0.0060 0.0000	</row1>
			<row2>	0.7843 0.0089 -0.6203 0.0000	</row2>
			<row3>	-0.1958 0.5329 0.7946 1.0000	</row3>
		</transform>
	</node>
	<node>
		<identifier>	MP_IM010_Life_Jacket_INDEX_16	</identifier>
		<parent>	Scene Root	</parent>
		<transform>
			<row0>	-0.6197 0.0454 -0.7836 0.0000	</row0>
			<row1>	0.0282 0.9990 0.0356 0.0000	</row1>
			<row2>	0.7844 0.0000 -0.6203 0.0000	</row2>
			<row3>	-0.2182 0.5322 0.8123 1.0000	</row3>
		</transform>
	</node>
	<node>
		<identifier>	MP_IM010_Life_Jacket_INDEX_17	</identifier>
		<parent>	Scene Root	</parent>
		<transform>
			<row0>	-0.6203 0.0000 -0.7844 0.0000	</row0>
			<row1>	0.0000 1.0329 0.0000 0.0000	</row1>
			<row2>	0.7844 0.0000 -0.6203 0.0000	</row2>
			<row3>	-0.2370 0.5333 0.8272 1.0000	</row3>
		</transform>
	</node>
	<node>
		<identifier>	MP_IM010_Life_Jacket_INDEX_18	</identifier>
		<parent>	Scene Root	</parent>
		<transform>
			<row0>	-0.6168 0.0751 -0.7836 0.0000	</row0>
			<row1>	0.0910 1.0617 0.0301 0.0000	</row1>
			<row2>	0.7825 -0.0495 -0.6207 0.0000	</row2>
			<row3>	-0.2580 0.5338 0.8438 1.0000	</row3>
		</transform>
	</node>
	<node>
		<identifier>	MP_IM010_Life_Jacket_INDEX_19	</identifier>
		<parent>	Scene Root	</parent>
		<transform>
			<row0>	-0.6737 0.0000 -0.7390 0.0000	</row0>
			<row1>	0.0412 0.9984 -0.0376 0.0000	</row1>
			<row2>	0.7379 -0.0557 -0.6726 0.0000	</row2>
			<row3>	-0.1293 0.5331 0.6985 1.0000	</row3>
		</transform>
	</node>
	<node>
		<identifier>	MP_IM010_Life_Jacket_INDEX_2	</identifier>
		<parent>	Scene Root	</parent>
		<transform>
			<row0>	-0.2266 -0.0326 0.9734 0.0000	</row0>
			<row1>	-0.0070 0.9448 0.0300 0.0000	</row1>
			<row2>	-0.9740 0.0000 -0.2268 0.0000	</row2>
			<row3>	0.0397 0.5322 0.6493 1.0000	</row3>
		</transform>
	</node>
	<node>
		<identifier>	MP_IM010_Life_Jacket_INDEX_20	</identifier>
		<parent>	Scene Root	</parent>
		<transform>
			<row0>	-0.5861 0.0000 -0.8102 0.0000	</row0>
			<row1>	0.0000 1.0651 0.0000 0.0000	</row1>
			<row2>	0.8102 0.0000 -0.5861 0.0000	</row2>
			<row3>	-0.1114 0.5322 0.6840 1.0000	</row3>
		</transform>
	</node>
	<node>
		<identifier>	MP_IM010_Life_Jacket_INDEX_21	</identifier>
		<parent>	Scene Root	</parent>
		<transform>
			<row0>	-0.5037 0.0000 -0.8639 0.0000	</row0>
			<row1>	-0.0573 0.9978 0.0334 0.0000	</row1>
			<row2>	0.8620 0.0664 -0.5026 0.0000	</row2>
			<row3>	-0.0889 0.5325 0.6689 1.0000	</row3>
		</transform>
	</node>
	<node>
		<identifier>	MP_IM010_Life_Jacket_INDEX_22	</identifier>
		<parent>	Scene Root	</parent>
		<transform>
			<row0>	-0.3786 0.0000 -0.9256 0.0000	</row0>
			<row1>	0.0227 1.0534 -0.0093 0.0000	</row1>
			<row2>	0.9253 -0.0233 -0.3785 0.0000	</row2>
			<row3>	-0.0634 0.5322 0.6567 1.0000	</row3>
		</transform>
	</node>
	<node>
		<identifier>	MP_IM010_Life_Jacket_INDEX_23	</identifier>
		<parent>	Scene Root	</parent>
		<transform>
			<row0>	-0.2266 0.0326 -0.9734 0.0000	</row0>
			<row1>	0.0070 0.9448 0.0300 0.0000	</row1>
			<row2>	0.9740 0.0000 -0.2268 0.0000	</row2>
			<row3>	-0.0397 0.5322 0.6493 1.0000	</row3>
		</transform>
	</node>
	<node>
		<identifier>	MP_IM010_Life_Jacket_INDEX_24	</identifier>
		<parent>	Scene Root	</parent>
		<transform>
			<row0>	-0.1025 -0.0260 -0.9944 0.0000	</row0>
			<row1>	-0.0253 0.9994 -0.0235 0.0000	</row1>
			<row2>	0.9944 0.0228 -0.1031 0.0000	</row2>
			<row3>	-0.0161 0.5322 0.6451 1.0000	</row3>
		</transform>
	</node>
	<node>
		<identifier>	MP_IM010_Life_Jacket_INDEX_25	</identifier>
		<parent>	Scene Root	</parent>
		<transform>
			<row0>	-0.5037 0.0000 0.8639 0.0000	</row0>
			<row1>	0.0573 0.9978 0.0334 0.0000	</row1>
			<row2>	-0.8620 0.0664 -0.5026 0.0000	</row2>
			<row3>	0.0889 0.5325 0.6689 1.0000	</row3>
		</transform>
	</node>
	<node>
		<identifier>	MP_IM010_Life_Jacket_INDEX_3	</identifier>
		<parent>	Scene Root	</parent>
		<transform>
			<row0>	-0.6737 0.0000 0.7390 0.0000	</row0>
			<row1>	-0.0412 0.9984 -0.0376 0.0000	</row1>
			<row2>	-0.7379 -0.0557 -0.6726 0.0000	</row2>
			<row3>	0.1293 0.5331 0.6985 1.0000	</row3>
		</transform>
	</node>
	<node>
		<identifier>	MP_IM010_Life_Jacket_INDEX_4	</identifier>
		<parent>	Scene Root	</parent>
		<transform>
			<row0>	-0.5861 0.0000 0.8102 0.0000	</row0>
			<row1>	0.0000 1.0651 0.0000 0.0000	</row1>
			<row2>	-0.8102 0.0000 -0.5861 0.0000	</row2>
			<row3>	0.1114 0.5322 0.6840 1.0000	</row3>
		</transform>
	</node>
	<node>
		<identifier>	MP_IM010_Life_Jacket_INDEX_5	</identifier>
		<parent>	Scene Root	</parent>
		<transform>
			<row0>	-0.9995 -0.0310 -0.0005 0.0000	</row0>
			<row1>	-0.0303 0.9772 0.0169 0.0000	</row1>
			<row2>	0.0000 0.0173 -0.9999 0.0000	</row2>
			<row3>	0.1825 0.5322 0.7228 1.0000	</row3>
		</transform>
	</node>
	<node>
		<identifier>	MP_IM010_Life_Jacket_INDEX_6	</identifier>
		<parent>	Scene Root	</parent>
		<transform>
			<row0>	-1.0000 0.0000 0.0000 0.0000	</row0>
			<row1>	0.0000 0.9988 -0.0488 0.0000	</row1>
			<row2>	0.0000 -0.0488 -0.9988 0.0000	</row2>
			<row3>	0.1825 0.5324 0.7708 1.0000	</row3>
		</transform>
	</node>
	<node>
		<identifier>	MP_IM010_Life_Jacket_INDEX_7	</identifier>
		<parent>	Scene Root	</parent>
		<transform>
			<row0>	-1.0000 0.0000 0.0000 0.0000	</row0>
			<row1>	0.0000 1.0443 0.0000 0.0000	</row1>
			<row2>	0.0000 0.0000 -1.0000 0.0000	</row2>
			<row3>	0.1825 0.5322 0.7466 1.0000	</row3>
		</transform>
	</node>
	<node>
		<identifier>	MP_IM010_Life_Jacket_INDEX_8	</identifier>
		<parent>	Scene Root	</parent>
		<transform>
			<row0>	-0.6203 0.0000 0.7844 0.0000	</row0>
			<row1>	0.0076 1.1005 0.0060 0.0000	</row1>
			<row2>	-0.7843 0.0089 -0.6203 0.0000	</row2>
			<row3>	0.1958 0.5329 0.7946 1.0000	</row3>
		</transform>
	</node>
	<node>
		<identifier>	MP_IM010_Life_Jacket_INDEX_9	</identifier>
		<parent>	Scene Root	</parent>
		<transform>
			<row0>	-0.6197 -0.0454 0.7836 0.0000	</row0>
			<row1>	-0.0282 0.9990 0.0356 0.0000	</row1>
			<row2>	-0.7844 0.0000 -0.6203 0.0000	</row2>
			<row3>	0.2182 0.5322 0.8123 1.0000	</row3>
		</transform>
	</node>
	<node>
		<identifier>	MP_IM026_Reels	</identifier>
		<parent>	Scene Root	</parent>
		<transform>
			<row0>	0.9561 0.0000 0.0000 0.0000	</row0>
			<row1>	0.0000 0.9561 0.0000 0.0000	</row1>
			<row2>	0.0000 0.0000 0.9561 0.0000	</row2>
			<row3>	0.2254 0.4643 3.4361 1.0000	</row3>
		</transform>
	</node>
	<node>
		<identifier>	MP_IM026_Reels_INDEX_1	</identifier>
		<parent>	Scene Root	</parent>
		<transform>
			<row0>	0.9561 0.0000 0.0000 0.0000	</row0>
			<row1>	0.0000 0.9561 0.0000 0.0000	</row1>
			<row2>	0.0000 0.0000 0.9561 0.0000	</row2>
			<row3>	-0.2254 0.4643 3.4361 1.0000	</row3>
		</transform>
	</node>
	<node>
		<identifier>	MP_IM033_Life_Buoy	</identifier>
		<parent>	Scene Root	</parent>
		<transform>
			<row0>	0.0000 0.0000 1.0000 0.0000	</row0>
			<row1>	0.0000 1.0000 0.0000 0.0000	</row1>
			<row2>	-1.0000 0.0000 0.0000 0.0000	</row2>
			<row3>	0.1939 1.1523 1.7296 1.0000	</row3>
		</transform>
	</node>
	<node>
		<identifier>	MP_IM033_Life_Buoy_INDEX_1	</identifier>
		<parent>	Scene Root	</parent>
		<transform>
			<row0>	0.0000 0.0000 -1.0000 0.0000	</row0>
			<row1>	0.0000 1.0000 0.0000 0.0000	</row1>
			<row2>	1.0000 0.0000 0.0000 0.0000	</row2>
			<row3>	-0.1939 1.1523 1.7296 1.0000	</row3>
		</transform>
	</node>
	<node>
		<identifier>	MP_IM480_Bow_star	</identifier>
		<parent>	Scene Root	</parent>
		<transform>
			<row0>	0.7820 0.0000 0.0000 0.0000	</row0>
			<row1>	0.0000 0.7796 -0.0615 0.0000	</row1>
			<row2>	0.0000 0.0615 0.7796 0.0000	</row2>
			<row3>	0.0000 0.4382 5.5975 1.0000	</row3>
		</transform>
	</node>
	<node>
		<identifier>	MP_IM5007_Antenna_3	</identifier>
		<parent>	Scene Root	</parent>
		<transform>
			<row0>	1.0000 0.0000 0.0000 0.0000	</row0>
			<row1>	0.0000 1.0000 0.0000 0.0000	</row1>
			<row2>	0.0000 0.0000 1.0000 0.0000	</row2>
			<row3>	0.0000 1.2331 2.2470 1.0000	</row3>
		</transform>
	</node>
	<node>
		<identifier>	MP_IM500_Life_Boat	</identifier>
		<parent>	Scene Root	</parent>
		<transform>
			<row0>	0.7243 0.0000 0.0000 0.0000	</row0>
			<row1>	0.0000 0.7243 0.0000 0.0000	</row1>
			<row2>	0.0000 0.0000 0.7243 0.0000	</row2>
			<row3>	0.1680 0.6680 1.0050 1.0000	</row3>
		</transform>
	</node>
	<node>
		<identifier>	MP_IM500_Life_Boat_INDEX_1	</identifier>
		<parent>	Scene Root	</parent>
		<transform>
			<row0>	0.7243 0.0000 0.0000 0.0000	</row0>
			<row1>	0.0000 0.7243 0.0000 0.0000	</row1>
			<row2>	0.0000 0.0000 0.7243 0.0000	</row2>
			<row3>	-0.1680 0.6680 1.0050 1.0000	</row3>
		</transform>
	</node>
	<node>
		<identifier>	MP_IM500_Life_Boat_INDEX_2	</identifier>
		<parent>	Scene Root	</parent>
		<transform>
			<row0>	0.7243 0.0000 0.0000 0.0000	</row0>
			<row1>	0.0000 0.7243 0.0000 0.0000	</row1>
			<row2>	0.0000 0.0000 0.7243 0.0000	</row2>
			<row3>	0.1680 0.6913 1.0050 1.0000	</row3>
		</transform>
	</node>
	<node>
		<identifier>	MP_IM500_Life_Boat_INDEX_3	</identifier>
		<parent>	Scene Root	</parent>
		<transform>
			<row0>	0.7243 0.0000 0.0000 0.0000	</row0>
			<row1>	0.0000 0.7243 0.0000 0.0000	</row1>
			<row2>	0.0000 0.0000 0.7243 0.0000	</row2>
			<row3>	-0.1680 0.6913 1.0050 1.0000	</row3>
		</transform>
	</node>
	<node>
		<identifier>	MP_IM506_Boat_8_6m	</identifier>
		<parent>	Scene Root	</parent>
		<transform>
			<row0>	0.9996 0.0000 0.0287 0.0000	</row0>
			<row1>	0.0000 1.0000 0.0000 0.0000	</row1>
			<row2>	-0.0287 0.0000 0.9996 0.0000	</row2>
			<row3>	0.3489 0.4708 1.2948 1.0000	</row3>
		</transform>
	</node>
	<node>
		<identifier>	MP_IM506_Boat_8_6m_INDEX_1	</identifier>
		<parent>	Scene Root	</parent>
		<transform>
			<row0>	0.9996 0.0000 -0.0287 0.0000	</row0>
			<row1>	0.0000 1.0000 0.0000 0.0000	</row1>
			<row2>	0.0287 0.0000 0.9996 0.0000	</row2>
			<row3>	-0.3489 0.4708 1.2948 1.0000	</row3>
		</transform>
	</node>
	<node>
		<identifier>	MP_IM520_Plate_3m	</identifier>
		<parent>	Scene Root	</parent>
		<transform>
			<row0>	-1.0000 0.0000 0.0000 0.0000	</row0>
			<row1>	0.0000 -1.0000 0.0000 0.0000	</row1>
			<row2>	0.0000 0.0000 1.0000 0.0000	</row2>
			<row3>	-0.1973 0.5173 2.9894 1.0000	</row3>
		</transform>
	</node>
	<node>
		<identifier>	MP_IM520_Plate_3m_INDEX_1	</identifier>
		<parent>	Scene Root	</parent>
		<transform>
			<row0>	-1.0000 0.0000 0.0000 0.0000	</row0>
			<row1>	0.0000 -1.0000 0.0000 0.0000	</row1>
			<row2>	0.0000 0.0000 1.0000 0.0000	</row2>
			<row3>	0.1973 0.5173 2.9894 1.0000	</row3>
		</transform>
	</node>
	<node>
		<identifier>	MP_IM533_Life_Boat_3_5m	</identifier>
		<parent>	Scene Root	</parent>
		<transform>
			<row0>	-0.1539 0.0000 -0.9881 0.0000	</row0>
			<row1>	0.9881 0.0000 -0.1539 0.0000	</row1>
			<row2>	0.0000 -1.0000 0.0000 0.0000	</row2>
			<row3>	0.1059 0.8031 0.8521 1.0000	</row3>
		</transform>
	</node>
	<node>
		<identifier>	MP_IM533_Life_Boat_3_5m_INDEX_1	</identifier>
		<parent>	Scene Root	</parent>
		<transform>
			<row0>	-0.1539 0.0000 0.9881 0.0000	</row0>
			<row1>	-0.9881 0.0000 -0.1539 0.0000	</row1>
			<row2>	0.0000 -1.0000 0.0000 0.0000	</row2>
			<row3>	-0.1059 0.8031 0.8521 1.0000	</row3>
		</transform>
	</node>
	<node>
		<identifier>	MP_IM600_Pelorus	</identifier>
		<parent>	Scene Root	</parent>
		<transform>
			<row0>	0.0000 0.0000 1.0000 0.0000	</row0>
			<row1>	0.0000 1.0000 0.0000 0.0000	</row1>
			<row2>	-1.0000 0.0000 0.0000 0.0000	</row2>
			<row3>	-0.2739 0.7766 1.9924 1.0000	</row3>
		</transform>
	</node>
	<node>
		<identifier>	MP_IM600_Pelorus_INDEX_1	</identifier>
		<parent>	Scene Root	</parent>
		<transform>
			<row0>	0.0000 0.0000 -1.0000 0.0000	</row0>
			<row1>	0.0000 1.0000 0.0000 0.0000	</row1>
			<row2>	1.0000 0.0000 0.0000 0.0000	</row2>
			<row3>	0.2739 0.7766 1.9924 1.0000	</row3>
		</transform>
	</node>
	<node>
		<identifier>	MP_IM603_Compass_Binnacle	</identifier>
		<parent>	Scene Root	</parent>
		<transform>
			<row0>	-1.0000 0.0000 0.0000 0.0000	</row0>
			<row1>	0.0000 1.0000 0.0000 0.0000	</row1>
			<row2>	0.0000 0.0000 -1.0000 0.0000	</row2>
			<row3>	0.0013 1.0832 2.1163 1.0000	</row3>
		</transform>
	</node>
	<node>
		<identifier>	MP_IM613_Anemometer	</identifier>
		<parent>	Scene Root	</parent>
		<transform>
			<row0>	1.0000 0.0000 0.0000 0.0000	</row0>
			<row1>	0.0000 1.0000 0.0000 0.0000	</row1>
			<row2>	0.0000 0.0000 1.0000 0.0000	</row2>
			<row3>	0.2365 1.6589 1.8264 1.0000	</row3>
		</transform>
	</node>
	<node>
		<identifier>	MP_IM613_Anemometer_INDEX_1	</identifier>
		<parent>	Scene Root	</parent>
		<transform>
			<row0>	1.0000 0.0000 0.0000 0.0000	</row0>
			<row1>	0.0000 1.0000 0.0000 0.0000	</row1>
			<row2>	0.0000 0.0000 1.0000 0.0000	</row2>
			<row3>	-0.2365 1.6589 1.8264 1.0000	</row3>
		</transform>
	</node>
	<node>
		<identifier>	MP_IM616_Binocular	</identifier>
		<parent>	Scene Root	</parent>
		<transform>
			<row0>	1.0000 0.0000 0.0000 0.0000	</row0>
			<row1>	0.0000 1.0000 0.0000 0.0000	</row1>
			<row2>	0.0000 0.0000 1.0000 0.0000	</row2>
			<row3>	0.2253 0.9171 1.7085 1.0000	</row3>
		</transform>
	</node>
	<node>
		<identifier>	MP_IM616_Binocular_INDEX_1	</identifier>
		<parent>	Scene Root	</parent>
		<transform>
			<row0>	1.0000 0.0000 0.0000 0.0000	</row0>
			<row1>	0.0000 1.0000 0.0000 0.0000	</row1>
			<row2>	0.0000 0.0000 1.0000 0.0000	</row2>
			<row3>	-0.2253 0.9171 1.7085 1.0000	</row3>
		</transform>
	</node>
	<node>
		<identifier>	MP_IM622_Telephone	</identifier>
		<parent>	Scene Root	</parent>
		<transform>
			<row0>	0.1077 0.0000 0.9942 0.0000	</row0>
			<row1>	0.0000 1.0000 0.0000 0.0000	</row1>
			<row2>	-0.9942 0.0000 0.1077 0.0000	</row2>
			<row3>	0.1518 0.8596 1.8579 1.0000	</row3>
		</transform>
	</node>
	<node>
		<identifier>	MP_IM622_Telephone_INDEX_1	</identifier>
		<parent>	Scene Root	</parent>
		<transform>
			<row0>	-1.0000 0.0000 0.0000 0.0000	</row0>
			<row1>	0.0000 1.0000 0.0000 0.0000	</row1>
			<row2>	0.0000 0.0000 -1.0000 0.0000	</row2>
			<row3>	0.0000 1.3037 1.9166 1.0000	</row3>
		</transform>
	</node>
	<node>
		<identifier>	MP_IM622_Telephone_INDEX_2	</identifier>
		<parent>	Scene Root	</parent>
		<transform>
			<row0>	0.1077 0.0000 -0.9942 0.0000	</row0>
			<row1>	0.0000 1.0000 0.0000 0.0000	</row1>
			<row2>	0.9942 0.0000 0.1077 0.0000	</row2>
			<row3>	-0.1518 0.8596 1.8579 1.0000	</row3>
		</transform>
	</node>
	<node>
		<identifier>	MP_IM624_Compass	</identifier>
		<parent>	Scene Root	</parent>
		<transform>
			<row0>	-1.0000 0.0000 0.0000 0.0000	</row0>
			<row1>	0.0000 1.0000 0.0000 0.0000	</row1>
			<row2>	0.0000 0.0000 -1.0000 0.0000	</row2>
			<row3>	0.0000 1.2175 2.1347 1.0000	</row3>
		</transform>
	</node>
	<node>
		<identifier>	MP_IM853_Searchlight	</identifier>
		<parent>	Scene Root	</parent>
		<transform>
			<row0>	0.8660 0.0000 -0.5000 0.0000	</row0>
			<row1>	0.0000 1.0000 0.0000 0.0000	</row1>
			<row2>	0.5000 0.0000 0.8660 0.0000	</row2>
			<row3>	0.1629 1.2660 2.0079 1.0000	</row3>
		</transform>
	</node>
	<node>
		<identifier>	MP_IM853_Searchlight_INDEX_1	</identifier>
		<parent>	Scene Root	</parent>
		<transform>
			<row0>	0.8660 0.0000 0.5000 0.0000	</row0>
			<row1>	0.0000 1.0000 0.0000 0.0000	</row1>
			<row2>	-0.5000 0.0000 0.8660 0.0000	</row2>
			<row3>	-0.1629 1.2660 2.0079 1.0000	</row3>
		</transform>
	</node>
	<node>
		<identifier>	MP_IM854_Running_Lights_R	</identifier>
		<parent>	Scene Root	</parent>
		<transform>
			<row0>	1.3155 0.0000 -0.0532 0.0000	</row0>
			<row1>	0.0000 1.3166 0.0000 0.0000	</row1>
			<row2>	0.0532 0.0000 1.3155 0.0000	</row2>
			<row3>	0.2088 0.9434 1.9231 1.0000	</row3>
		</transform>
	</node>
	<node>
		<identifier>	MP_IM854_Running_Lights_R_INDEX_1	</identifier>
		<parent>	Scene Root	</parent>
		<transform>
			<row0>	1.3155 0.0000 -0.0532 0.0000	</row0>
			<row1>	0.0000 1.3166 0.0000 0.0000	</row1>
			<row2>	0.0532 0.0000 1.3155 0.0000	</row2>
			<row3>	0.2072 0.8806 1.8722 1.0000	</row3>
		</transform>
	</node>
	<node>
		<identifier>	MP_IM855_Running_Lights_L	</identifier>
		<parent>	Scene Root	</parent>
		<transform>
			<row0>	1.3155 0.0000 0.0532 0.0000	</row0>
			<row1>	0.0000 1.3166 0.0000 0.0000	</row1>
			<row2>	-0.0532 0.0000 1.3155 0.0000	</row2>
			<row3>	-0.2088 0.9434 1.9231 1.0000	</row3>
		</transform>
	</node>
	<node>
		<identifier>	MP_IM855_Running_Lights_L_INDEX_1	</identifier>
		<parent>	Scene Root	</parent>
		<transform>
			<row0>	1.3155 0.0000 0.0532 0.0000	</row0>
			<row1>	0.0000 1.3166 0.0000 0.0000	</row1>
			<row2>	-0.0532 0.0000 1.3155 0.0000	</row2>
			<row3>	-0.2072 0.8788 1.8721 1.0000	</row3>
		</transform>
	</node>
	<node>
		<identifier>	MP_IM856_Signal_light_40mm	</identifier>
		<parent>	Scene Root	</parent>
		<transform>
			<row0>	0.0000 0.0000 -1.0000 0.0000	</row0>
			<row1>	0.0000 1.0000 0.0000 0.0000	</row1>
			<row2>	1.0000 0.0000 0.0000 0.0000	</row2>
			<row3>	-0.2724 0.9192 1.6862 1.0000	</row3>
		</transform>
	</node>
	<node>
		<identifier>	MP_IM856_Signal_light_40mm_INDEX_1	</identifier>
		<parent>	Scene Root	</parent>
		<transform>
			<row0>	0.0000 0.0000 1.0000 0.0000	</row0>
			<row1>	0.0000 1.0000 0.0000 0.0000	</row1>
			<row2>	-1.0000 0.0000 0.0000 0.0000	</row2>
			<row3>	0.2724 0.9192 1.6862 1.0000	</row3>
		</transform>
	</node>
	<node>
		<identifier>	MP_IM858_Signal_light_40mm	</identifier>
		<parent>	Scene Root	</parent>
		<transform>
			<row0>	-0.7023 0.0000 -0.7119 0.0000	</row0>
			<row1>	0.0000 1.0000 0.0000 0.0000	</row1>
			<row2>	0.7119 0.0000 -0.7023 0.0000	</row2>
			<row3>	-0.2168 1.0091 1.8329 1.0000	</row3>
		</transform>
	</node>
	<node>
		<identifier>	MP_IM858_Signal_light_40mm_INDEX_1	</identifier>
		<parent>	Scene Root	</parent>
		<transform>
			<row0>	-0.7023 0.0000 0.7119 0.0000	</row0>
			<row1>	0.0000 1.0000 0.0000 0.0000	</row1>
			<row2>	-0.7119 0.0000 -0.7023 0.0000	</row2>
			<row3>	0.2168 1.0091 1.8329 1.0000	</row3>
		</transform>
	</node>
	<node>
		<identifier>	MP_IM859_Semaforo	</identifier>
		<parent>	Scene Root	</parent>
		<transform>
			<row0>	0.7071 0.0000 0.7071 0.0000	</row0>
			<row1>	0.0000 1.0000 0.0000 0.0000	</row1>
			<row2>	-0.7071 0.0000 0.7071 0.0000	</row2>
			<row3>	-0.2767 1.0657 1.9495 1.0000	</row3>
		</transform>
	</node>
	<node>
		<identifier>	MP_IM859_Semaforo_INDEX_1	</identifier>
		<parent>	Scene Root	</parent>
		<transform>
			<row0>	-0.7071 0.0000 0.7071 0.0000	</row0>
			<row1>	0.0000 1.0000 0.0000 0.0000	</row1>
			<row2>	-0.7071 0.0000 -0.7071 0.0000	</row2>
			<row3>	-0.2767 1.0657 1.9352 1.0000	</row3>
		</transform>
	</node>
	<node>
		<identifier>	MP_IM859_Semaforo_INDEX_2	</identifier>
		<parent>	Scene Root	</parent>
		<transform>
			<row0>	-0.7071 0.0000 -0.7071 0.0000	</row0>
			<row1>	0.0000 1.0000 0.0000 0.0000	</row1>
			<row2>	0.7071 0.0000 -0.7071 0.0000	</row2>
			<row3>	0.2767 1.0657 1.9352 1.0000	</row3>
		</transform>
	</node>
	<node>
		<identifier>	MP_IM859_Semaforo_INDEX_3	</identifier>
		<parent>	Scene Root	</parent>
		<transform>
			<row0>	0.7071 0.0000 -0.7071 0.0000	</row0>
			<row1>	0.0000 1.0000 0.0000 0.0000	</row1>
			<row2>	0.7071 0.0000 0.7071 0.0000	</row2>
			<row3>	0.2767 1.0657 1.9495 1.0000	</row3>
		</transform>
	</node>
	<node>
		<identifier>	MP_IM951_Anchor_up	</identifier>
		<parent>	Scene Root	</parent>
		<transform>
			<row0>	0.5888 0.5016 0.2505 0.0000	</row0>
			<row1>	0.1279 0.2335 -0.7682 0.0000	</row1>
			<row2>	-0.5459 0.5957 0.0902 0.0000	</row2>
			<row3>	-0.2441 0.4365 5.2095 1.0000	</row3>
		</transform>
	</node>
	<node>
		<identifier>	MP_IM951_Anchor_up_INDEX_1	</identifier>
		<parent>	Scene Root	</parent>
		<transform>
			<row0>	0.5897 -0.5006 -0.2503 0.0000	</row0>
			<row1>	-0.1279 0.2335 -0.7682 0.0000	</row1>
			<row2>	0.5449 0.5966 0.0906 0.0000	</row2>
			<row3>	0.2441 0.4365 5.2095 1.0000	</row3>
		</transform>
	</node>
	<node>
		<identifier>	MP_IM952_Anchor_Bottom	</identifier>
		<parent>	Scene Root	</parent>
		<transform>
			<row0>	0.7315 -0.6789 0.0640 0.0000	</row0>
			<row1>	0.1402 0.0578 -0.9884 0.0000	</row1>
			<row2>	0.6673 0.7320 0.1374 0.0000	</row2>
			<row3>	0.2445 0.4356 5.2115 1.0000	</row3>
		</transform>
	</node>
	<node>
		<identifier>	MP_IM952_Anchor_Bottom_INDEX_1	</identifier>
		<parent>	Scene Root	</parent>
		<transform>
			<row0>	0.7315 0.6789 -0.0640 0.0000	</row0>
			<row1>	-0.1402 0.0578 -0.9884 0.0000	</row1>
			<row2>	-0.6673 0.7320 0.1374 0.0000	</row2>
			<row3>	-0.2444 0.4357 5.2115 1.0000	</row3>
		</transform>
	</node>
	<node>
		<identifier>	SP_YMS001_YHBM_M_1	</identifier>
		<parent>	Scene Root	</parent>
		<transform>
			<row0>	0.9800 0.0000 0.0000 0.0000	</row0>
			<row1>	0.0000 0.9630 -0.1815 0.0000	</row1>
			<row2>	0.0000 0.1815 0.9630 0.0000	</row2>
			<row3>	0.0000 0.4827 5.6131 1.0000	</row3>
		</transform>
	</node>
	<node>
		<identifier>	SP_YMS002_YHBL_M_1	</identifier>
		<parent>	Scene Root	</parent>
		<transform>
			<row0>	0.9999 0.0000 -0.0129 0.0000	</row0>
			<row1>	-0.0003 0.9998 -0.0203 0.0000	</row1>
			<row2>	0.0129 0.0203 0.9997 0.0000	</row2>
			<row3>	-0.0670 0.5011 5.6131 1.0000	</row3>
		</transform>
	</node>
	<node>
		<identifier>	SP_YMS003_YHBR_M_1	</identifier>
		<parent>	Scene Root	</parent>
		<transform>
			<row0>	0.9999 0.0000 0.0129 0.0000	</row0>
			<row1>	0.0003 0.9998 -0.0203 0.0000	</row1>
			<row2>	-0.0129 0.0203 0.9997 0.0000	</row2>
			<row3>	0.0670 0.5011 5.6131 1.0000	</row3>
		</transform>
	</node>
	<node>
		<identifier>	SP_YMS010_YHWM_L_1	</identifier>
		<parent>	Scene Root	</parent>
		<transform>
			<row0>	0.7000 0.0000 0.0000 0.0000	</row0>
			<row1>	0.0000 0.7000 0.0000 0.0000	</row1>
			<row2>	0.0000 0.0000 0.7000 0.0000	</row2>
			<row3>	0.0000 0.0000 5.5934 1.0000	</row3>
		</transform>
	</node>
	<node>
		<identifier>	SP_YMS011_YHWL_M_1_INDEX_10	</identifier>
		<parent>	Scene Root	</parent>
		<transform>
			<row0>	0.9974 0.0000 -0.0725 0.0000	</row0>
			<row1>	0.0000 1.0000 0.0000 0.0000	</row1>
			<row2>	0.0725 0.0000 0.9974 0.0000	</row2>
			<row3>	-0.4642 0.0000 1.7414 1.0000	</row3>
		</transform>
	</node>
	<node>
		<identifier>	SP_YMS011_YHWL_M_1_INDEX_13	</identifier>
		<parent>	Scene Root	</parent>
		<transform>
			<row0>	0.9949 0.0000 -0.1011 0.0000	</row0>
			<row1>	0.0000 1.0000 0.0000 0.0000	</row1>
			<row2>	0.1011 0.0000 0.9949 0.0000	</row2>
			<row3>	-0.3846 0.0000 2.5895 1.0000	</row3>
		</transform>
	</node>
	<node>
		<identifier>	SP_YMS011_YHWL_M_1_INDEX_3	</identifier>
		<parent>	Scene Root	</parent>
		<transform>
			<row0>	0.9925 0.0000 -0.1225 0.0000	</row0>
			<row1>	0.0000 1.0000 0.0000 0.0000	</row1>
			<row2>	0.1225 0.0000 0.9925 0.0000	</row2>
			<row3>	-0.2107 0.0000 4.2850 1.0000	</row3>
		</transform>
	</node>
	<node>
		<identifier>	SP_YMS011_YHWL_M_1_INDEX_4	</identifier>
		<parent>	Scene Root	</parent>
		<transform>
			<row0>	0.9925 0.0000 -0.1225 0.0000	</row0>
			<row1>	0.0000 1.0000 0.0000 0.0000	</row1>
			<row2>	0.1225 0.0000 0.9925 0.0000	</row2>
			<row3>	-0.2890 0.0000 3.4369 1.0000	</row3>
		</transform>
	</node>
	<node>
		<identifier>	SP_YMS011_YHWL_M_1_INDEX_6	</identifier>
		<parent>	Scene Root	</parent>
		<transform>
			<row0>	0.9993 0.0000 -0.0368 0.0000	</row0>
			<row1>	0.0000 1.0000 0.0000 0.0000	</row1>
			<row2>	0.0368 0.0000 0.9993 0.0000	</row2>
			<row3>	-0.5114 0.0000 0.8884 1.0000	</row3>
		</transform>
	</node>
	<node>
		<identifier>	SP_YMS012_YHWR_M_1_INDEX_10	</identifier>
		<parent>	Scene Root	</parent>
		<transform>
			<row0>	0.9993 0.0000 0.0368 0.0000	</row0>
			<row1>	0.0000 1.0000 0.0000 0.0000	</row1>
			<row2>	-0.0368 0.0000 0.9993 0.0000	</row2>
			<row3>	0.5114 0.0000 0.8884 1.0000	</row3>
		</transform>
	</node>
	<node>
		<identifier>	SP_YMS012_YHWR_M_1_INDEX_2	</identifier>
		<parent>	Scene Root	</parent>
		<transform>
			<row0>	0.9949 0.0000 0.1011 0.0000	</row0>
			<row1>	0.0000 1.0000 0.0000 0.0000	</row1>
			<row2>	-0.1011 0.0000 0.9949 0.0000	</row2>
			<row3>	0.3846 0.0000 2.5895 1.0000	</row3>
		</transform>
	</node>
	<node>
		<identifier>	SP_YMS012_YHWR_M_1_INDEX_3	</identifier>
		<parent>	Scene Root	</parent>
		<transform>
			<row0>	0.9925 0.0000 0.1225 0.0000	</row0>
			<row1>	0.0000 1.0000 0.0000 0.0000	</row1>
			<row2>	-0.1225 0.0000 0.9925 0.0000	</row2>
			<row3>	0.2890 0.0000 3.4369 1.0000	</row3>
		</transform>
	</node>
	<node>
		<identifier>	SP_YMS012_YHWR_M_1_INDEX_4	</identifier>
		<parent>	Scene Root	</parent>
		<transform>
			<row0>	0.9925 0.0000 0.1225 0.0000	</row0>
			<row1>	0.0000 1.0000 0.0000 0.0000	</row1>
			<row2>	-0.1225 0.0000 0.9925 0.0000	</row2>
			<row3>	0.2107 0.0000 4.2850 1.0000	</row3>
		</transform>
	</node>
	<node>
		<identifier>	SP_YMS012_YHWR_M_1_INDEX_6	</identifier>
		<parent>	Scene Root	</parent>
		<transform>
			<row0>	0.9974 0.0000 0.0725 0.0000	</row0>
			<row1>	0.0000 1.0000 0.0000 0.0000	</row1>
			<row2>	-0.0725 0.0000 0.9974 0.0000	</row2>
			<row3>	0.4642 0.0000 1.7414 1.0000	</row3>
		</transform>
	</node>
	<node>
		<identifier>	SP_YMS020_YHBU_M_1	</identifier>
		<parent>	Scene Root	</parent>
		<transform>
			<row0>	0.8500 0.0000 0.0000 0.0000	</row0>
			<row1>	0.0000 0.8500 0.0000 0.0000	</row1>
			<row2>	0.0000 0.0000 0.8500 0.0000	</row2>
			<row3>	0.0000 -0.0990 5.5707 1.0000	</row3>
		</transform>
	</node>
	<node>
		<identifier>	SP_YMS021_YHUC_S_1_INDEX_1	</identifier>
		<parent>	Scene Root	</parent>
		<transform>
			<row0>	-0.5859 0.8096 -0.0368 0.0000	</row0>
			<row1>	-0.8101 -0.5863 0.0000 0.0000	</row1>
			<row2>	-0.0216 0.0298 0.9993 0.0000	</row2>
			<row3>	-0.4762 -0.1765 0.6678 1.0000	</row3>
		</transform>
	</node>
	<node>
		<identifier>	SP_YMS021_YHUC_S_1_INDEX_2	</identifier>
		<parent>	Scene Root	</parent>
		<transform>
			<row0>	-0.5859 -0.8096 0.0368 0.0000	</row0>
			<row1>	0.8101 -0.5863 0.0000 0.0000	</row1>
