<BSD303_Eskimo_1940_Stern.skel_ext>
	<exported>	true	</exported>
	<node>
		<identifier>	MP_BM009_Depth_Charge	</identifier>
		<parent>	Scene Root	</parent>
		<transform>
			<row0>	1.0000 0.0000 0.0000 0.0000	</row0>
			<row1>	0.0000 0.0000 -1.0000 0.0000	</row1>
			<row2>	0.0000 1.0000 0.0000 0.0000	</row2>
			<row3>	0.0327 0.1854 -3.4407 1.0000	</row3>
		</transform>
	</node>
	<node>
		<identifier>	MP_BM009_Depth_Charge_INDEX_1	</identifier>
		<parent>	Scene Root	</parent>
		<transform>
			<row0>	0.3699 0.0000 -0.9291 0.0000	</row0>
			<row1>	-0.9291 0.0000 -0.3699 0.0000	</row1>
			<row2>	0.0000 1.0000 0.0000 0.0000	</row2>
			<row3>	-0.0812 0.1861 -3.5445 1.0000	</row3>
		</transform>
	</node>
	<node>
		<identifier>	MP_BM009_Depth_Charge_INDEX_2	</identifier>
		<parent>	Scene Root	</parent>
		<transform>
			<row0>	0.3699 0.0000 -0.9291 0.0000	</row0>
			<row1>	-0.9291 0.0000 -0.3699 0.0000	</row1>
			<row2>	0.0000 1.0000 0.0000 0.0000	</row2>
			<row3>	-0.0935 0.1861 -3.5136 1.0000	</row3>
		</transform>
	</node>
	<node>
		<identifier>	MP_BM009_Depth_Charge_INDEX_3	</identifier>
		<parent>	Scene Root	</parent>
		<transform>
			<row0>	0.3699 0.0000 0.9291 0.0000	</row0>
			<row1>	0.9291 0.0000 -0.3699 0.0000	</row1>
			<row2>	0.0000 1.0000 0.0000 0.0000	</row2>
			<row3>	0.0933 0.1861 -3.5136 1.0000	</row3>
		</transform>
	</node>
	<node>
		<identifier>	MP_BM009_Depth_Charge_INDEX_4	</identifier>
		<parent>	Scene Root	</parent>
		<transform>
			<row0>	0.3699 0.0000 -0.9291 0.0000	</row0>
			<row1>	-0.9291 0.0000 -0.3699 0.0000	</row1>
			<row2>	0.0000 1.0000 0.0000 0.0000	</row2>
			<row3>	-0.1056 0.1861 -3.4832 1.0000	</row3>
		</transform>
	</node>
	<node>
		<identifier>	MP_BM009_Depth_Charge_INDEX_5	</identifier>
		<parent>	Scene Root	</parent>
		<transform>
			<row0>	1.0000 0.0000 0.0000 0.0000	</row0>
			<row1>	0.0000 0.0000 -1.0000 0.0000	</row1>
			<row2>	0.0000 1.0000 0.0000 0.0000	</row2>
			<row3>	-0.0334 0.1854 -3.4407 1.0000	</row3>
		</transform>
	</node>
	<node>
		<identifier>	MP_BM009_Depth_Charge_INDEX_6	</identifier>
		<parent>	Scene Root	</parent>
		<transform>
			<row0>	0.3699 0.0000 0.9291 0.0000	</row0>
			<row1>	0.9291 0.0000 -0.3699 0.0000	</row1>
			<row2>	0.0000 1.0000 0.0000 0.0000	</row2>
			<row3>	0.0810 0.1861 -3.5445 1.0000	</row3>
		</transform>
	</node>
	<node>
		<identifier>	MP_BM009_Depth_Charge_INDEX_7	</identifier>
		<parent>	Scene Root	</parent>
		<transform>
			<row0>	0.3699 0.0000 0.9291 0.0000	</row0>
			<row1>	0.9291 0.0000 -0.3699 0.0000	</row1>
			<row2>	0.0000 1.0000 0.0000 0.0000	</row2>
			<row3>	0.1054 0.1861 -3.4831 1.0000	</row3>
		</transform>
	</node>
	<node>
		<identifier>	MP_BM009_Depth_Charge_INDEX_8	</identifier>
		<parent>	Scene Root	</parent>
		<transform>
			<row0>	1.0000 0.0000 0.0000 0.0000	</row0>
			<row1>	0.0000 0.0000 -1.0000 0.0000	</row1>
			<row2>	0.0000 1.0000 0.0000 0.0000	</row2>
			<row3>	-0.0001 0.1854 -3.4407 1.0000	</row3>
		</transform>
	</node>
	<node>
		<identifier>	MP_BM020_Smoke_floats	</identifier>
		<parent>	Scene Root	</parent>
		<transform>
			<row0>	0.8535 0.0000 0.0000 0.0000	</row0>
			<row1>	0.0000 0.8535 0.0000 0.0000	</row1>
			<row2>	0.0000 0.0000 0.8535 0.0000	</row2>
			<row3>	0.0493 0.3741 -2.7621 1.0000	</row3>
		</transform>
	</node>
	<node>
		<identifier>	MP_BM020_Smoke_floats_INDEX_1	</identifier>
		<parent>	Scene Root	</parent>
		<transform>
			<row0>	0.8535 0.0000 0.0000 0.0000	</row0>
			<row1>	0.0000 0.8535 0.0000 0.0000	</row1>
			<row2>	0.0000 0.0000 0.8535 0.0000	</row2>
			<row3>	0.0493 0.3648 -2.7237 1.0000	</row3>
		</transform>
	</node>
	<node>
		<identifier>	MP_BM020_Smoke_floats_INDEX_2	</identifier>
		<parent>	Scene Root	</parent>
		<transform>
			<row0>	0.8535 0.0000 0.0000 0.0000	</row0>
			<row1>	0.0000 0.8535 0.0000 0.0000	</row1>
			<row2>	0.0000 0.0000 0.8535 0.0000	</row2>
			<row3>	0.0493 0.3533 -2.6866 1.0000	</row3>
		</transform>
	</node>
	<node>
		<identifier>	MP_BM020_Smoke_floats_INDEX_3	</identifier>
		<parent>	Scene Root	</parent>
		<transform>
			<row0>	0.8535 0.0000 0.0000 0.0000	</row0>
			<row1>	0.0000 0.8535 0.0000 0.0000	</row1>
			<row2>	0.0000 0.0000 0.8535 0.0000	</row2>
			<row3>	-0.0493 0.3741 -2.7621 1.0000	</row3>
		</transform>
	</node>
	<node>
		<identifier>	MP_BM020_Smoke_floats_INDEX_4	</identifier>
		<parent>	Scene Root	</parent>
		<transform>
			<row0>	0.8535 0.0000 0.0000 0.0000	</row0>
			<row1>	0.0000 0.8535 0.0000 0.0000	</row1>
			<row2>	0.0000 0.0000 0.8535 0.0000	</row2>
			<row3>	-0.0493 0.3648 -2.7237 1.0000	</row3>
		</transform>
	</node>
	<node>
		<identifier>	MP_BM020_Smoke_floats_INDEX_5	</identifier>
		<parent>	Scene Root	</parent>
		<transform>
			<row0>	0.8535 0.0000 0.0000 0.0000	</row0>
			<row1>	0.0000 0.8535 0.0000 0.0000	</row1>
			<row2>	0.0000 0.0000 0.8535 0.0000	</row2>
			<row3>	-0.0493 0.3533 -2.6866 1.0000	</row3>
		</transform>
	</node>
	<node>
		<identifier>	MP_BM021_Crown	</identifier>
		<parent>	Scene Root	</parent>
		<transform>
			<row0>	0.6429 0.0000 0.0000 0.0000	</row0>
			<row1>	0.0000 0.6333 -0.1105 0.0000	</row1>
			<row2>	0.0000 0.1105 0.6333 0.0000	</row2>
			<row3>	0.0120 0.5625 -3.7659 1.0000	</row3>
		</transform>
	</node>
	<node>
		<identifier>	MP_BM039_Artillery_shell	</identifier>
		<parent>	Scene Root	</parent>
		<transform>
			<row0>	0.0000 0.0000 1.0000 0.0000	</row0>
			<row1>	0.0000 1.0000 0.0000 0.0000	</row1>
			<row2>	-1.0000 0.0000 0.0000 0.0000	</row2>
			<row3>	-0.1368 0.1828 -2.7468 1.0000	</row3>
		</transform>
	</node>
	<node>
		<identifier>	MP_BM039_Artillery_shell_INDEX_1	</identifier>
		<parent>	Scene Root	</parent>
		<transform>
			<row0>	0.9762 0.0000 -0.2169 0.0000	</row0>
			<row1>	0.0000 1.0000 0.0000 0.0000	</row1>
			<row2>	0.2169 0.0000 0.9762 0.0000	</row2>
			<row3>	0.2237 0.1789 -3.3887 1.0000	</row3>
		</transform>
	</node>
	<node>
		<identifier>	MP_BM039_Artillery_shell_INDEX_10	</identifier>
		<parent>	Scene Root	</parent>
		<transform>
			<row0>	-0.9962 0.0000 -0.0872 0.0000	</row0>
			<row1>	0.0000 1.0000 0.0000 0.0000	</row1>
			<row2>	0.0872 0.0000 -0.9962 0.0000	</row2>
			<row3>	-0.2851 0.1747 -2.8924 1.0000	</row3>
		</transform>
	</node>
	<node>
		<identifier>	MP_BM039_Artillery_shell_INDEX_11	</identifier>
		<parent>	Scene Root	</parent>
		<transform>
			<row0>	0.9778 0.0000 -0.2096 0.0000	</row0>
			<row1>	0.0000 1.0000 0.0000 0.0000	</row1>
			<row2>	0.2096 0.0000 0.9778 0.0000	</row2>
			<row3>	0.2150 0.1792 -3.4271 1.0000	</row3>
		</transform>
	</node>
	<node>
		<identifier>	MP_BM039_Artillery_shell_INDEX_12	</identifier>
		<parent>	Scene Root	</parent>
		<transform>
			<row0>	-0.9962 0.0000 -0.0872 0.0000	</row0>
			<row1>	0.0000 1.0000 0.0000 0.0000	</row1>
			<row2>	0.0872 0.0000 -0.9962 0.0000	</row2>
			<row3>	-0.2809 0.1747 -2.9389 1.0000	</row3>
		</transform>
	</node>
	<node>
		<identifier>	MP_BM039_Artillery_shell_INDEX_13	</identifier>
		<parent>	Scene Root	</parent>
		<transform>
			<row0>	-0.8660 0.0000 -0.5000 0.0000	</row0>
			<row1>	0.0000 1.0000 0.0000 0.0000	</row1>
			<row2>	0.5000 0.0000 -0.8660 0.0000	</row2>
			<row3>	-0.1535 0.1816 -3.6044 1.0000	</row3>
		</transform>
	</node>
	<node>
		<identifier>	MP_BM039_Artillery_shell_INDEX_14	</identifier>
		<parent>	Scene Root	</parent>
		<transform>
			<row0>	0.9976 0.0000 -0.0698 0.0000	</row0>
			<row1>	0.0000 1.0000 0.0000 0.0000	</row1>
			<row2>	0.0698 0.0000 0.9976 0.0000	</row2>
			<row3>	0.2809 0.1747 -2.9389 1.0000	</row3>
		</transform>
	</node>
	<node>
		<identifier>	MP_BM039_Artillery_shell_INDEX_15	</identifier>
		<parent>	Scene Root	</parent>
		<transform>
			<row0>	0.9955 0.0000 -0.0950 0.0000	</row0>
			<row1>	0.0000 1.0000 0.0000 0.0000	</row1>
			<row2>	0.0950 0.0000 0.9955 0.0000	</row2>
			<row3>	0.2968 0.1735 -2.7488 1.0000	</row3>
		</transform>
	</node>
	<node>
		<identifier>	MP_BM039_Artillery_shell_INDEX_16	</identifier>
		<parent>	Scene Root	</parent>
		<transform>
			<row0>	0.8710 0.0000 -0.4912 0.0000	</row0>
			<row1>	0.0000 1.0000 0.0000 0.0000	</row1>
			<row2>	0.4912 0.0000 0.8710 0.0000	</row2>
			<row3>	0.1748 0.1809 -3.5658 1.0000	</row3>
		</transform>
	</node>
	<node>
		<identifier>	MP_BM039_Artillery_shell_INDEX_17	</identifier>
		<parent>	Scene Root	</parent>
		<transform>
			<row0>	0.0000 0.0000 1.0000 0.0000	</row0>
			<row1>	0.0000 1.0000 0.0000 0.0000	</row1>
			<row2>	-1.0000 0.0000 0.0000 0.0000	</row2>
			<row3>	-0.1235 0.1837 -2.6252 1.0000	</row3>
		</transform>
	</node>
	<node>
		<identifier>	MP_BM039_Artillery_shell_INDEX_18	</identifier>
		<parent>	Scene Root	</parent>
		<transform>
			<row0>	0.9949 0.0000 -0.1004 0.0000	</row0>
			<row1>	0.0000 1.0000 0.0000 0.0000	</row1>
			<row2>	0.1004 0.0000 0.9949 0.0000	</row2>
			<row3>	0.2715 0.1750 -3.0434 1.0000	</row3>
		</transform>
	</node>
	<node>
		<identifier>	MP_BM039_Artillery_shell_INDEX_19	</identifier>
		<parent>	Scene Root	</parent>
		<transform>
			<row0>	0.0000 0.0000 1.0000 0.0000	</row0>
			<row1>	0.0000 1.0000 0.0000 0.0000	</row1>
			<row2>	-1.0000 0.0000 0.0000 0.0000	</row2>
			<row3>	0.1235 0.1837 -2.6252 1.0000	</row3>
		</transform>
	</node>
	<node>
		<identifier>	MP_BM039_Artillery_shell_INDEX_2	</identifier>
		<parent>	Scene Root	</parent>
		<transform>
			<row0>	0.9621 0.0000 -0.2728 0.0000	</row0>
			<row1>	0.0000 1.0000 0.0000 0.0000	</row1>
			<row2>	0.2728 0.0000 0.9621 0.0000	</row2>
			<row3>	0.2027 0.1798 -3.4746 1.0000	</row3>
		</transform>
	</node>
	<node>
		<identifier>	MP_BM039_Artillery_shell_INDEX_20	</identifier>
		<parent>	Scene Root	</parent>
		<transform>
			<row0>	-0.9659 0.0000 -0.2588 0.0000	</row0>
			<row1>	0.0000 1.0000 0.0000 0.0000	</row1>
			<row2>	0.2588 0.0000 -0.9659 0.0000	</row2>
			<row3>	-0.2027 0.1798 -3.4746 1.0000	</row3>
		</transform>
	</node>
	<node>
		<identifier>	MP_BM039_Artillery_shell_INDEX_21	</identifier>
		<parent>	Scene Root	</parent>
		<transform>
			<row0>	-0.9659 0.0000 -0.2588 0.0000	</row0>
			<row1>	0.0000 1.0000 0.0000 0.0000	</row1>
			<row2>	0.2588 0.0000 -0.9659 0.0000	</row2>
			<row3>	-0.2150 0.1792 -3.4271 1.0000	</row3>
		</transform>
	</node>
	<node>
		<identifier>	MP_BM039_Artillery_shell_INDEX_22	</identifier>
		<parent>	Scene Root	</parent>
		<transform>
			<row0>	0.9976 0.0000 -0.0698 0.0000	</row0>
			<row1>	0.0000 1.0000 0.0000 0.0000	</row1>
			<row2>	0.0698 0.0000 0.9976 0.0000	</row2>
			<row3>	0.2933 0.1744 -2.7934 1.0000	</row3>
		</transform>
	</node>
	<node>
		<identifier>	MP_BM039_Artillery_shell_INDEX_23	</identifier>
		<parent>	Scene Root	</parent>
		<transform>
			<row0>	-0.9962 0.0000 -0.0872 0.0000	</row0>
			<row1>	0.0000 1.0000 0.0000 0.0000	</row1>
			<row2>	0.0872 0.0000 -0.9962 0.0000	</row2>
			<row3>	-0.2715 0.1750 -3.0434 1.0000	</row3>
		</transform>
	</node>
	<node>
		<identifier>	MP_BM039_Artillery_shell_INDEX_24	</identifier>
		<parent>	Scene Root	</parent>
		<transform>
			<row0>	0.9905 0.0000 -0.1378 0.0000	</row0>
			<row1>	0.0000 1.0000 0.0000 0.0000	</row1>
			<row2>	0.1378 0.0000 0.9905 0.0000	</row2>
			<row3>	0.2598 0.1758 -3.1673 1.0000	</row3>
		</transform>
	</node>
	<node>
		<identifier>	MP_BM039_Artillery_shell_INDEX_25	</identifier>
		<parent>	Scene Root	</parent>
		<transform>
			<row0>	-0.9848 0.0000 -0.1736 0.0000	</row0>
			<row1>	0.0000 1.0000 0.0000 0.0000	</row1>
			<row2>	0.1736 0.0000 -0.9848 0.0000	</row2>
			<row3>	-0.2598 0.1758 -3.1673 1.0000	</row3>
		</transform>
	</node>
	<node>
		<identifier>	MP_BM039_Artillery_shell_INDEX_26	</identifier>
		<parent>	Scene Root	</parent>
		<transform>
			<row0>	0.0000 0.0000 1.0000 0.0000	</row0>
			<row1>	0.0000 1.0000 0.0000 0.0000	</row1>
			<row2>	-1.0000 0.0000 0.0000 0.0000	</row2>
			<row3>	-0.1007 0.1840 -2.6252 1.0000	</row3>
		</transform>
	</node>
	<node>
		<identifier>	MP_BM039_Artillery_shell_INDEX_27	</identifier>
		<parent>	Scene Root	</parent>
		<transform>
			<row0>	0.9949 0.0000 -0.1004 0.0000	</row0>
			<row1>	0.0000 1.0000 0.0000 0.0000	</row1>
			<row2>	0.1004 0.0000 0.9949 0.0000	</row2>
			<row3>	0.2763 0.1749 -2.9904 1.0000	</row3>
		</transform>
	</node>
	<node>
		<identifier>	MP_BM039_Artillery_shell_INDEX_28	</identifier>
		<parent>	Scene Root	</parent>
		<transform>
			<row0>	-0.8660 0.0000 -0.5000 0.0000	</row0>
			<row1>	0.0000 1.0000 0.0000 0.0000	</row1>
			<row2>	0.5000 0.0000 -0.8660 0.0000	</row2>
			<row3>	-0.1748 0.1809 -3.5658 1.0000	</row3>
		</transform>
	</node>
	<node>
		<identifier>	MP_BM039_Artillery_shell_INDEX_29	</identifier>
		<parent>	Scene Root	</parent>
		<transform>
			<row0>	-0.9962 0.0000 -0.0872 0.0000	</row0>
			<row1>	0.0000 1.0000 0.0000 0.0000	</row1>
			<row2>	0.0872 0.0000 -0.9962 0.0000	</row2>
			<row3>	-0.2968 0.1735 -2.7488 1.0000	</row3>
		</transform>
	</node>
	<node>
		<identifier>	MP_BM039_Artillery_shell_INDEX_3	</identifier>
		<parent>	Scene Root	</parent>
		<transform>
			<row0>	-0.9659 0.0000 -0.2588 0.0000	</row0>
			<row1>	0.0000 1.0000 0.0000 0.0000	</row1>
			<row2>	0.2588 0.0000 -0.9659 0.0000	</row2>
			<row3>	-0.2237 0.1789 -3.3887 1.0000	</row3>
		</transform>
	</node>
	<node>
		<identifier>	MP_BM039_Artillery_shell_INDEX_30	</identifier>
		<parent>	Scene Root	</parent>
		<transform>
			<row0>	0.8789 0.0000 -0.4769 0.0000	</row0>
			<row1>	0.0000 1.0000 0.0000 0.0000	</row1>
			<row2>	0.4769 0.0000 0.8789 0.0000	</row2>
			<row3>	0.1535 0.1816 -3.6044 1.0000	</row3>
		</transform>
	</node>
	<node>
		<identifier>	MP_BM039_Artillery_shell_INDEX_31	</identifier>
		<parent>	Scene Root	</parent>
		<transform>
			<row0>	0.9976 0.0000 -0.0698 0.0000	</row0>
			<row1>	0.0000 1.0000 0.0000 0.0000	</row1>
			<row2>	0.0698 0.0000 0.9976 0.0000	</row2>
			<row3>	0.2851 0.1747 -2.8924 1.0000	</row3>
		</transform>
	</node>
	<node>
		<identifier>	MP_BM039_Artillery_shell_INDEX_32	</identifier>
		<parent>	Scene Root	</parent>
		<transform>
			<row0>	0.9976 0.0000 -0.0698 0.0000	</row0>
			<row1>	0.0000 1.0000 0.0000 0.0000	</row1>
			<row2>	0.0698 0.0000 0.9976 0.0000	</row2>
			<row3>	0.2891 0.1745 -2.8448 1.0000	</row3>
		</transform>
	</node>
	<node>
		<identifier>	MP_BM039_Artillery_shell_INDEX_33	</identifier>
		<parent>	Scene Root	</parent>
		<transform>
			<row0>	-0.9962 0.0000 -0.0872 0.0000	</row0>
			<row1>	0.0000 1.0000 0.0000 0.0000	</row1>
			<row2>	0.0872 0.0000 -0.9962 0.0000	</row2>
			<row3>	-0.2933 0.1744 -2.7934 1.0000	</row3>
		</transform>
	</node>
	<node>
		<identifier>	MP_BM039_Artillery_shell_INDEX_34	</identifier>
		<parent>	Scene Root	</parent>
		<transform>
			<row0>	-0.9962 0.0000 -0.0872 0.0000	</row0>
			<row1>	0.0000 1.0000 0.0000 0.0000	</row1>
			<row2>	0.0872 0.0000 -0.9962 0.0000	</row2>
			<row3>	-0.3009 0.1735 -2.6934 1.0000	</row3>
		</transform>
	</node>
	<node>
		<identifier>	MP_BM039_Artillery_shell_INDEX_35	</identifier>
		<parent>	Scene Root	</parent>
		<transform>
			<row0>	0.9788 0.0000 -0.2050 0.0000	</row0>
			<row1>	0.0000 1.0000 0.0000 0.0000	</row1>
			<row2>	0.2050 0.0000 0.9788 0.0000	</row2>
			<row3>	0.2316 0.1783 -3.3537 1.0000	</row3>
		</transform>
	</node>
	<node>
		<identifier>	MP_BM039_Artillery_shell_INDEX_36	</identifier>
		<parent>	Scene Root	</parent>
		<transform>
			<row0>	-0.9848 0.0000 -0.1736 0.0000	</row0>
			<row1>	0.0000 1.0000 0.0000 0.0000	</row1>
			<row2>	0.1736 0.0000 -0.9848 0.0000	</row2>
			<row3>	-0.2540 0.1765 -3.2128 1.0000	</row3>
		</transform>
	</node>
	<node>
		<identifier>	MP_BM039_Artillery_shell_INDEX_37	</identifier>
		<parent>	Scene Root	</parent>
		<transform>
			<row0>	-0.9962 0.0000 -0.0872 0.0000	</row0>
			<row1>	0.0000 1.0000 0.0000 0.0000	</row1>
			<row2>	0.0872 0.0000 -0.9962 0.0000	</row2>
			<row3>	-0.2763 0.1749 -2.9904 1.0000	</row3>
		</transform>
	</node>
	<node>
		<identifier>	MP_BM039_Artillery_shell_INDEX_38	</identifier>
		<parent>	Scene Root	</parent>
		<transform>
			<row0>	-0.9962 0.0000 -0.0872 0.0000	</row0>
			<row1>	0.0000 1.0000 0.0000 0.0000	</row1>
			<row2>	0.0872 0.0000 -0.9962 0.0000	</row2>
			<row3>	-0.2891 0.1745 -2.8448 1.0000	</row3>
		</transform>
	</node>
	<node>
		<identifier>	MP_BM039_Artillery_shell_INDEX_39	</identifier>
		<parent>	Scene Root	</parent>
		<transform>
			<row0>	-0.9264 0.0000 -0.3764 0.0000	</row0>
			<row1>	0.0000 1.0000 0.0000 0.0000	</row1>
			<row2>	0.3764 0.0000 -0.9264 0.0000	</row2>
			<row3>	-0.1777 0.3191 -2.5189 1.0000	</row3>
		</transform>
	</node>
	<node>
		<identifier>	MP_BM039_Artillery_shell_INDEX_4	</identifier>
		<parent>	Scene Root	</parent>
		<transform>
			<row0>	0.9905 0.0000 -0.1378 0.0000	</row0>
			<row1>	0.0000 1.0000 0.0000 0.0000	</row1>
			<row2>	0.1378 0.0000 0.9905 0.0000	</row2>
			<row3>	0.2540 0.1765 -3.2128 1.0000	</row3>
		</transform>
	</node>
	<node>
		<identifier>	MP_BM039_Artillery_shell_INDEX_40	</identifier>
		<parent>	Scene Root	</parent>
		<transform>
			<row0>	-0.9262 0.0000 -0.3770 0.0000	</row0>
			<row1>	0.0000 1.0000 0.0000 0.0000	</row1>
			<row2>	0.3770 0.0000 -0.9262 0.0000	</row2>
			<row3>	-0.1594 0.3208 -2.5642 1.0000	</row3>
		</transform>
	</node>
	<node>
		<identifier>	MP_BM039_Artillery_shell_INDEX_41	</identifier>
		<parent>	Scene Root	</parent>
		<transform>
			<row0>	-0.9292 0.0000 -0.3696 0.0000	</row0>
			<row1>	0.0000 1.0000 0.0000 0.0000	</row1>
			<row2>	0.3696 0.0000 -0.9292 0.0000	</row2>
			<row3>	-0.1402 0.3224 -2.6115 1.0000	</row3>
		</transform>
	</node>
	<node>
		<identifier>	MP_BM039_Artillery_shell_INDEX_42	</identifier>
		<parent>	Scene Root	</parent>
		<transform>
			<row0>	0.0000 0.0000 -1.0000 0.0000	</row0>
			<row1>	0.0000 1.0000 0.0000 0.0000	</row1>
			<row2>	1.0000 0.0000 0.0000 0.0000	</row2>
			<row3>	-0.1279 0.3317 -2.6545 1.0000	</row3>
		</transform>
	</node>
	<node>
		<identifier>	MP_BM039_Artillery_shell_INDEX_43	</identifier>
		<parent>	Scene Root	</parent>
		<transform>
			<row0>	0.0000 0.0000 -1.0000 0.0000	</row0>
			<row1>	0.0000 1.0000 0.0000 0.0000	</row1>
			<row2>	1.0000 0.0000 0.0000 0.0000	</row2>
			<row3>	-0.0774 0.3316 -2.6545 1.0000	</row3>
		</transform>
	</node>
	<node>
		<identifier>	MP_BM039_Artillery_shell_INDEX_44	</identifier>
		<parent>	Scene Root	</parent>
		<transform>
			<row0>	0.0000 0.0000 -1.0000 0.0000	</row0>
			<row1>	0.0000 1.0000 0.0000 0.0000	</row1>
			<row2>	1.0000 0.0000 0.0000 0.0000	</row2>
			<row3>	-0.1014 0.3430 -2.6973 1.0000	</row3>
		</transform>
	</node>
	<node>
		<identifier>	MP_BM039_Artillery_shell_INDEX_45	</identifier>
		<parent>	Scene Root	</parent>
		<transform>
			<row0>	0.0000 0.0000 -1.0000 0.0000	</row0>
			<row1>	0.0000 1.0000 0.0000 0.0000	</row1>
			<row2>	1.0000 0.0000 0.0000 0.0000	</row2>
			<row3>	-0.1276 0.3536 -2.7368 1.0000	</row3>
		</transform>
	</node>
	<node>
		<identifier>	MP_BM039_Artillery_shell_INDEX_46	</identifier>
		<parent>	Scene Root	</parent>
		<transform>
			<row0>	1.0000 0.0000 0.0000 0.0000	</row0>
			<row1>	0.0000 1.0000 0.0000 0.0000	</row1>
			<row2>	0.0000 0.0000 1.0000 0.0000	</row2>
			<row3>	-0.0765 0.3511 -2.7343 1.0000	</row3>
		</transform>
	</node>
	<node>
		<identifier>	MP_BM039_Artillery_shell_INDEX_47	</identifier>
		<parent>	Scene Root	</parent>
		<transform>
			<row0>	0.0000 0.0000 -1.0000 0.0000	</row0>
			<row1>	0.0000 1.0000 0.0000 0.0000	</row1>
			<row2>	1.0000 0.0000 0.0000 0.0000	</row2>
			<row3>	-0.1013 0.3631 -2.7757 1.0000	</row3>
		</transform>
	</node>
	<node>
		<identifier>	MP_BM039_Artillery_shell_INDEX_48	</identifier>
		<parent>	Scene Root	</parent>
		<transform>
			<row0>	0.0000 0.0000 -1.0000 0.0000	</row0>
			<row1>	0.0000 1.0000 0.0000 0.0000	</row1>
			<row2>	1.0000 0.0000 0.0000 0.0000	</row2>
			<row3>	-0.1275 0.3745 -2.8158 1.0000	</row3>
		</transform>
	</node>
	<node>
		<identifier>	MP_BM039_Artillery_shell_INDEX_49	</identifier>
		<parent>	Scene Root	</parent>
		<transform>
			<row0>	1.0000 0.0000 0.0000 0.0000	</row0>
			<row1>	0.0000 1.0000 0.0000 0.0000	</row1>
			<row2>	0.0000 0.0000 1.0000 0.0000	</row2>
			<row3>	-0.0765 0.3704 -2.8047 1.0000	</row3>
		</transform>
	</node>
	<node>
		<identifier>	MP_BM039_Artillery_shell_INDEX_5	</identifier>
		<parent>	Scene Root	</parent>
		<transform>
			<row0>	-0.9659 0.0000 -0.2588 0.0000	</row0>
			<row1>	0.0000 1.0000 0.0000 0.0000	</row1>
			<row2>	0.2588 0.0000 -0.9659 0.0000	</row2>
			<row3>	-0.1905 0.1803 -3.5222 1.0000	</row3>
		</transform>
	</node>
	<node>
		<identifier>	MP_BM039_Artillery_shell_INDEX_50	</identifier>
		<parent>	Scene Root	</parent>
		<transform>
			<row0>	0.0000 0.0000 -1.0000 0.0000	</row0>
			<row1>	0.0000 1.0000 0.0000 0.0000	</row1>
			<row2>	1.0000 0.0000 0.0000 0.0000	</row2>
			<row3>	0.1279 0.3317 -2.6545 1.0000	</row3>
		</transform>
	</node>
	<node>
		<identifier>	MP_BM039_Artillery_shell_INDEX_51	</identifier>
		<parent>	Scene Root	</parent>
		<transform>
			<row0>	0.0000 0.0000 -1.0000 0.0000	</row0>
			<row1>	0.0000 1.0000 0.0000 0.0000	</row1>
			<row2>	1.0000 0.0000 0.0000 0.0000	</row2>
			<row3>	0.0774 0.3316 -2.6545 1.0000	</row3>
		</transform>
	</node>
	<node>
		<identifier>	MP_BM039_Artillery_shell_INDEX_52	</identifier>
		<parent>	Scene Root	</parent>
		<transform>
			<row0>	0.0000 0.0000 -1.0000 0.0000	</row0>
			<row1>	0.0000 1.0000 0.0000 0.0000	</row1>
			<row2>	1.0000 0.0000 0.0000 0.0000	</row2>
			<row3>	0.1014 0.3430 -2.6973 1.0000	</row3>
		</transform>
	</node>
	<node>
		<identifier>	MP_BM039_Artillery_shell_INDEX_53	</identifier>
		<parent>	Scene Root	</parent>
		<transform>
			<row0>	-1.0000 0.0000 0.0000 0.0000	</row0>
			<row1>	0.0000 1.0000 0.0000 0.0000	</row1>
			<row2>	0.0000 0.0000 -1.0000 0.0000	</row2>
			<row3>	0.0765 0.3511 -2.7343 1.0000	</row3>
		</transform>
	</node>
	<node>
		<identifier>	MP_BM039_Artillery_shell_INDEX_54	</identifier>
		<parent>	Scene Root	</parent>
		<transform>
			<row0>	0.0000 0.0000 -1.0000 0.0000	</row0>
			<row1>	0.0000 1.0000 0.0000 0.0000	</row1>
			<row2>	1.0000 0.0000 0.0000 0.0000	</row2>
			<row3>	0.1276 0.3536 -2.7368 1.0000	</row3>
		</transform>
	</node>
	<node>
		<identifier>	MP_BM039_Artillery_shell_INDEX_55	</identifier>
		<parent>	Scene Root	</parent>
		<transform>
			<row0>	0.0000 0.0000 -1.0000 0.0000	</row0>
			<row1>	0.0000 1.0000 0.0000 0.0000	</row1>
			<row2>	1.0000 0.0000 0.0000 0.0000	</row2>
			<row3>	0.1013 0.3631 -2.7757 1.0000	</row3>
		</transform>
	</node>
	<node>
		<identifier>	MP_BM039_Artillery_shell_INDEX_56	</identifier>
		<parent>	Scene Root	</parent>
		<transform>
			<row0>	-1.0000 0.0000 0.0000 0.0000	</row0>
			<row1>	0.0000 1.0000 0.0000 0.0000	</row1>
			<row2>	0.0000 0.0000 -1.0000 0.0000	</row2>
			<row3>	0.0765 0.3704 -2.8047 1.0000	</row3>
		</transform>
	</node>
	<node>
		<identifier>	MP_BM039_Artillery_shell_INDEX_57	</identifier>
		<parent>	Scene Root	</parent>
		<transform>
			<row0>	0.0000 0.0000 -1.0000 0.0000	</row0>
			<row1>	0.0000 1.0000 0.0000 0.0000	</row1>
			<row2>	1.0000 0.0000 0.0000 0.0000	</row2>
			<row3>	0.1275 0.3745 -2.8158 1.0000	</row3>
		</transform>
	</node>
	<node>
		<identifier>	MP_BM039_Artillery_shell_INDEX_58	</identifier>
		<parent>	Scene Root	</parent>
		<transform>
			<row0>	-0.9292 0.0000 0.3696 0.0000	</row0>
			<row1>	0.0000 1.0000 0.0000 0.0000	</row1>
			<row2>	-0.3696 0.0000 -0.9292 0.0000	</row2>
			<row3>	0.1402 0.3224 -2.6115 1.0000	</row3>
		</transform>
	</node>
	<node>
		<identifier>	MP_BM039_Artillery_shell_INDEX_59	</identifier>
		<parent>	Scene Root	</parent>
		<transform>
			<row0>	-0.9262 0.0000 0.3770 0.0000	</row0>
			<row1>	0.0000 1.0000 0.0000 0.0000	</row1>
			<row2>	-0.3770 0.0000 -0.9262 0.0000	</row2>
			<row3>	0.1594 0.3208 -2.5642 1.0000	</row3>
		</transform>
	</node>
	<node>
		<identifier>	MP_BM039_Artillery_shell_INDEX_6	</identifier>
		<parent>	Scene Root	</parent>
		<transform>
			<row0>	-0.9848 0.0000 -0.1736 0.0000	</row0>
			<row1>	0.0000 1.0000 0.0000 0.0000	</row1>
			<row2>	0.1736 0.0000 -0.9848 0.0000	</row2>
			<row3>	-0.2316 0.1783 -3.3537 1.0000	</row3>
		</transform>
	</node>
	<node>
		<identifier>	MP_BM039_Artillery_shell_INDEX_60	</identifier>
		<parent>	Scene Root	</parent>
		<transform>
			<row0>	-0.9264 0.0000 0.3764 0.0000	</row0>
			<row1>	0.0000 1.0000 0.0000 0.0000	</row1>
			<row2>	-0.3764 0.0000 -0.9264 0.0000	</row2>
			<row3>	0.1777 0.3191 -2.5189 1.0000	</row3>
		</transform>
	</node>
	<node>
		<identifier>	MP_BM039_Artillery_shell_INDEX_61	</identifier>
		<parent>	Scene Root	</parent>
		<transform>
			<row0>	-0.9238 0.0000 0.3829 0.0000	</row0>
			<row1>	0.0000 1.0000 0.0000 0.0000	</row1>
			<row2>	-0.3829 0.0000 -0.9238 0.0000	</row2>
			<row3>	0.1940 0.3175 -2.4789 1.0000	</row3>
		</transform>
	</node>
	<node>
		<identifier>	MP_BM039_Artillery_shell_INDEX_7	</identifier>
		<parent>	Scene Root	</parent>
		<transform>
			<row0>	0.9626 0.0000 -0.2711 0.0000	</row0>
			<row1>	0.0000 1.0000 0.0000 0.0000	</row1>
			<row2>	0.2711 0.0000 0.9626 0.0000	</row2>
			<row3>	0.1905 0.1803 -3.5222 1.0000	</row3>
		</transform>
	</node>
	<node>
		<identifier>	MP_BM039_Artillery_shell_INDEX_8	</identifier>
		<parent>	Scene Root	</parent>
		<transform>
			<row0>	0.0000 0.0000 1.0000 0.0000	</row0>
			<row1>	0.0000 1.0000 0.0000 0.0000	</row1>
			<row2>	-1.0000 0.0000 0.0000 0.0000	</row2>
			<row3>	0.1007 0.1840 -2.6252 1.0000	</row3>
		</transform>
	</node>
	<node>
		<identifier>	MP_BM039_Artillery_shell_INDEX_9	</identifier>
		<parent>	Scene Root	</parent>
		<transform>
			<row0>	0.9955 0.0000 -0.0950 0.0000	</row0>
			<row1>	0.0000 1.0000 0.0000 0.0000	</row1>
			<row2>	0.0950 0.0000 0.9955 0.0000	</row2>
			<row3>	0.3009 0.1735 -2.6934 1.0000	</row3>
		</transform>
	</node>
	<node>
		<identifier>	MP_BM045_Smoke_Apparatus	</identifier>
		<parent>	Scene Root	</parent>
		<transform>
			<row0>	1.0000 0.0000 0.0000 0.0000	</row0>
			<row1>	0.0000 1.0000 0.0000 0.0000	</row1>
			<row2>	0.0000 0.0000 1.0000 0.0000	</row2>
			<row3>	0.0000 0.1825 -3.1796 1.0000	</row3>
		</transform>
	</node>
	<node>
		<identifier>	MP_BM609_Speaker	</identifier>
		<parent>	Scene Root	</parent>
		<transform>
			<row0>	0.0000 -1.0000 0.0000 0.0000	</row0>
			<row1>	-1.0000 0.0000 0.0000 0.0000	</row1>
			<row2>	0.0000 0.0000 -1.0000 0.0000	</row2>
			<row3>	-0.0793 0.2973 -2.6202 1.0000	</row3>
		</transform>
	</node>
	<node>
		<identifier>	MP_BM625_Telephone	</identifier>
		<parent>	Scene Root	</parent>
		<transform>
			<row0>	1.0000 0.0000 0.0000 0.0000	</row0>
			<row1>	0.0000 1.0000 0.0000 0.0000	</row1>
			<row2>	0.0000 0.0000 1.0000 0.0000	</row2>
			<row3>	-0.0896 0.2602 -2.6206 1.0000	</row3>
		</transform>
	</node>
	<node>
		<identifier>	MP_BM714_Locker	</identifier>
		<parent>	Scene Root	</parent>
		<transform>
			<row0>	-0.9248 0.0000 -0.3803 0.0000	</row0>
			<row1>	0.0000 1.0000 0.0000 0.0000	</row1>
			<row2>	0.3803 0.0000 -0.9248 0.0000	</row2>
			<row3>	-0.2056 0.1787 -2.5146 1.0000	</row3>
		</transform>
	</node>
	<node>
		<identifier>	MP_BM714_Locker_INDEX_1	</identifier>
		<parent>	Scene Root	</parent>
		<transform>
			<row0>	-0.9248 0.0000 -0.3803 0.0000	</row0>
			<row1>	0.0000 1.0000 0.0000 0.0000	</row1>
			<row2>	0.3803 0.0000 -0.9248 0.0000	</row2>
			<row3>	-0.1763 0.1787 -2.5860 1.0000	</row3>
		</transform>
	</node>
	<node>
		<identifier>	MP_BM714_Locker_INDEX_2	</identifier>
		<parent>	Scene Root	</parent>
		<transform>
			<row0>	0.9248 0.0000 -0.3803 0.0000	</row0>
			<row1>	0.0000 1.0000 0.0000 0.0000	</row1>
			<row2>	0.3803 0.0000 0.9248 0.0000	</row2>
			<row3>	0.2056 0.1787 -2.5146 1.0000	</row3>
		</transform>
	</node>
	<node>
		<identifier>	MP_BM714_Locker_INDEX_3	</identifier>
		<parent>	Scene Root	</parent>
		<transform>
			<row0>	0.9248 0.0000 -0.3803 0.0000	</row0>
			<row1>	0.0000 1.0000 0.0000 0.0000	</row1>
			<row2>	0.3803 0.0000 0.9248 0.0000	</row2>
			<row3>	0.1763 0.1787 -2.5860 1.0000	</row3>
		</transform>
	</node>
	<node>
		<identifier>	MP_BM715_Locker	</identifier>
		<parent>	Scene Root	</parent>
		<transform>
			<row0>	0.0000 0.0000 1.0000 0.0000	</row0>
			<row1>	0.0000 1.0000 0.0000 0.0000	</row1>
			<row2>	-1.0000 0.0000 0.0000 0.0000	</row2>
			<row3>	0.0000 0.3246 -2.6408 1.0000	</row3>
		</transform>
	</node>
	<node>
		<identifier>	MP_BM717_Locker	</identifier>
		<parent>	Scene Root	</parent>
		<transform>
			<row0>	0.0000 0.0000 1.0000 0.0000	</row0>
			<row1>	0.0000 1.0000 0.0000 0.0000	</row1>
			<row2>	-1.0000 0.0000 0.0000 0.0000	</row2>
			<row3>	0.0360 0.1780 -3.3417 1.0000	</row3>
		</transform>
	</node>
	<node>
		<identifier>	MP_BM717_Locker_INDEX_1	</identifier>
		<parent>	Scene Root	</parent>
		<transform>
			<row0>	0.0000 0.0000 -1.0000 0.0000	</row0>
			<row1>	0.0000 1.0000 0.0000 0.0000	</row1>
			<row2>	1.0000 0.0000 0.0000 0.0000	</row2>
			<row3>	-0.0363 0.1799 -3.2789 1.0000	</row3>
		</transform>
	</node>
	<node>
		<identifier>	MP_BM719_Locker	</identifier>
		<parent>	Scene Root	</parent>
		<transform>
			<row0>	-1.0000 0.0000 0.0000 0.0000	</row0>
			<row1>	0.0000 1.0000 0.0000 0.0000	</row1>
			<row2>	0.0000 0.0000 -1.0000 0.0000	</row2>
			<row3>	0.0388 0.3187 -2.5150 1.0000	</row3>
		</transform>
	</node>
	<node>
		<identifier>	MP_BM719_Locker_INDEX_1	</identifier>
		<parent>	Scene Root	</parent>
		<transform>
			<row0>	0.0000 0.0000 1.0000 0.0000	</row0>
			<row1>	0.0000 1.0000 0.0000 0.0000	</row1>
			<row2>	-1.0000 0.0000 0.0000 0.0000	</row2>
			<row3>	0.0416 0.3187 -2.5912 1.0000	</row3>
		</transform>
	</node>
	<node>
		<identifier>	MP_BM764_Hatch	</identifier>
		<parent>	Scene Root	</parent>
		<transform>
			<row0>	0.0000 0.0000 1.0000 0.0000	</row0>
			<row1>	0.0000 1.0000 0.0000 0.0000	</row1>
			<row2>	-1.0000 0.0000 0.0000 0.0000	</row2>
			<row3>	-0.0149 0.3184 -2.5291 1.0000	</row3>
		</transform>
	</node>
	<node>
		<identifier>	MP_BM801_Ventilators_mushroom	</identifier>
		<parent>	Scene Root	</parent>
		<transform>
			<row0>	-0.4548 0.0000 -0.4548 0.0000	</row0>
			<row1>	0.0000 0.6431 0.0000 0.0000	</row1>
			<row2>	0.4548 0.0000 -0.4548 0.0000	</row2>
			<row3>	-0.0123 0.1756 -3.2447 1.0000	</row3>
		</transform>
	</node>
	<node>
		<identifier>	MP_BM801_Ventilators_mushroom_INDEX_1	</identifier>
		<parent>	Scene Root	</parent>
		<transform>
			<row0>	-0.6431 0.0000 0.0000 0.0000	</row0>
			<row1>	0.0000 0.6431 0.0000 0.0000	</row1>
			<row2>	0.0000 0.0000 -0.6431 0.0000	</row2>
			<row3>	0.0293 0.1756 -3.3743 1.0000	</row3>
		</transform>
	</node>
	<node>
		<identifier>	MP_BM804_Ventilation	</identifier>
		<parent>	Scene Root	</parent>
		<transform>
			<row0>	0.0009 0.1086 -0.9941 0.0000	</row0>
			<row1>	-1.0000 0.0085 0.0000 0.0000	</row1>
			<row2>	0.0085 0.9941 0.1086 0.0000	</row2>
			<row3>	-0.0967 0.3308 -2.6167 1.0000	</row3>
		</transform>
	</node>
	<node>
		<identifier>	MP_BM804_Ventilation_INDEX_1	</identifier>
		<parent>	Scene Root	</parent>
		<transform>
			<row0>	-0.9960 0.0592 0.0669 0.0000	</row0>
			<row1>	0.0668 -0.0040 0.9978 0.0000	</row1>
			<row2>	0.0594 0.9982 0.0000 0.0000	</row2>
			<row3>	0.2566 0.1830 -2.7832 1.0000	</row3>
		</transform>
	</node>
	<node>
		<identifier>	MP_BM857_Fog_Light	</identifier>
		<parent>	Scene Root	</parent>
		<transform>
			<row0>	-1.0000 0.0000 0.0000 0.0000	</row0>
			<row1>	0.0000 1.0000 0.0000 0.0000	</row1>
			<row2>	0.0000 0.0000 -1.0000 0.0000	</row2>
			<row3>	0.0000 0.4148 -2.8535 1.0000	</row3>
		</transform>
	</node>
	<node>
		<identifier>	MP_BM872_Running_Lights_B	</identifier>
		<parent>	Scene Root	</parent>
		<transform>
			<row0>	-1.5176 0.0000 0.0000 0.0000	</row0>
			<row1>	0.0000 1.5176 0.0000 0.0000	</row1>
			<row2>	0.0000 0.0000 -1.5176 0.0000	</row2>
			<row3>	0.0000 0.3466 -3.7518 1.0000	</row3>
		</transform>
	</node>
	<node>
		<identifier>	MP_BM966_Fairlead	</identifier>
		<parent>	Scene Root	</parent>
		<transform>
			<row0>	0.8592 0.0000 0.1515 0.0000	</row0>
			<row1>	-0.0027 0.8723 0.0155 0.0000	</row1>
			<row2>	-0.1515 -0.0158 0.8591 0.0000	</row2>
			<row3>	-0.2468 0.1784 -3.3144 1.0000	</row3>
		</transform>
	</node>
	<node>
		<identifier>	MP_BM966_Fairlead_INDEX_1	</identifier>
		<parent>	Scene Root	</parent>
		<transform>
			<row0>	0.4079 -0.0045 0.3248 0.0000	</row0>
			<row1>	-0.0016 0.5214 0.0093 0.0000	</row1>
			<row2>	-0.3248 -0.0083 0.4078 0.0000	</row2>
			<row3>	-0.1426 0.1826 -3.6451 1.0000	</row3>
		</transform>
	</node>
	<node>
		<identifier>	MP_BM966_Fairlead_INDEX_2	</identifier>
		<parent>	Scene Root	</parent>
		<transform>
			<row0>	0.8592 0.0000 -0.1515 0.0000	</row0>
			<row1>	0.0027 0.8723 0.0155 0.0000	</row1>
			<row2>	0.1515 -0.0158 0.8591 0.0000	</row2>
			<row3>	0.2468 0.1784 -3.3144 1.0000	</row3>
		</transform>
	</node>
	<node>
		<identifier>	MP_BM966_Fairlead_INDEX_3	</identifier>
		<parent>	Scene Root	</parent>
		<transform>
			<row0>	0.4079 0.0045 -0.3248 0.0000	</row0>
			<row1>	0.0016 0.5214 0.0093 0.0000	</row1>
			<row2>	0.3248 -0.0083 0.4078 0.0000	</row2>
			<row3>	0.1426 0.1826 -3.6451 1.0000	</row3>
		</transform>
	</node>
	<node>
		<identifier>	MP_CM008_Life_Buoy_1	</identifier>
		<parent>	Scene Root	</parent>
		<transform>
			<row0>	-0.0395 0.0000 0.9992 0.0000	</row0>
			<row1>	0.0000 1.0000 0.0000 0.0000	</row1>
			<row2>	-0.9992 0.0000 -0.0395 0.0000	</row2>
			<row3>	-0.3228 0.2087 -2.5036 1.0000	</row3>
		</transform>
	</node>
	<node>
		<identifier>	MP_CM008_Life_Buoy_1_INDEX_1	</identifier>
		<parent>	Scene Root	</parent>
		<transform>
			<row0>	-0.0395 0.0000 -0.9992 0.0000	</row0>
			<row1>	0.0000 1.0000 0.0000 0.0000	</row1>
			<row2>	0.9992 0.0000 -0.0395 0.0000	</row2>
			<row3>	0.3228 0.2087 -2.5036 1.0000	</row3>
		</transform>
	</node>
	<node>
		<identifier>	MP_CM011_Fire_Fighting_Gear	</identifier>
		<parent>	Scene Root	</parent>
		<transform>
			<row0>	0.0000 0.0000 -1.0000 0.0000	</row0>
			<row1>	0.0000 1.0000 0.0000 0.0000	</row1>
			<row2>	1.0000 0.0000 0.0000 0.0000	</row2>
			<row3>	-0.1523 0.1827 -2.6408 1.0000	</row3>
		</transform>
	</node>
	<node>
		<identifier>	MP_CM012_Fire_Hose_Rack_1	</identifier>
		<parent>	Scene Root	</parent>
		<transform>
			<row0>	1.0000 0.0000 0.0000 0.0000	</row0>
			<row1>	0.0000 1.0000 0.0000 0.0000	</row1>
			<row2>	0.0000 0.0000 1.0000 0.0000	</row2>
			<row3>	-0.1434 0.2773 -2.6461 1.0000	</row3>
		</transform>
	</node>
	<node>
		<identifier>	MP_CM029_Emergency_Box	</identifier>
		<parent>	Scene Root	</parent>
		<transform>
			<row0>	0.0000 0.0000 1.0000 0.0000	</row0>
			<row1>	0.0000 1.0000 0.0000 0.0000	</row1>
			<row2>	-1.0000 0.0000 0.0000 0.0000	</row2>
			<row3>	-0.1234 0.2567 -2.7234 1.0000	</row3>
		</transform>
	</node>
	<node>
		<identifier>	MP_CM094_Propeller3_L	</identifier>
		<parent>	Scene Root	</parent>
		<transform>
			<row0>	0.5183 0.0008 0.0232 0.0000	</row0>
			<row1>	0.0008 0.5176 -0.0364 0.0000	</row1>
			<row2>	-0.0232 0.0364 0.5171 0.0000	</row2>
			<row3>	-0.1048 -0.2325 -3.3671 1.0000	</row3>
		</transform>
	</node>
	<node>
		<identifier>	MP_CM095_Propeller3_R	</identifier>
		<parent>	Scene Root	</parent>
		<transform>
			<row0>	0.5183 -0.0008 -0.0232 0.0000	</row0>
			<row1>	-0.0008 0.5176 -0.0364 0.0000	</row1>
			<row2>	0.0232 0.0364 0.5171 0.0000	</row2>
			<row3>	0.1048 -0.2325 -3.3670 1.0000	</row3>
		</transform>
	</node>
	<node>
		<identifier>	MP_CM112_Fire_Extinguisher	</identifier>
		<parent>	Scene Root	</parent>
		<transform>
			<row0>	0.0000 0.0000 -1.0000 0.0000	</row0>
			<row1>	0.0000 1.0000 0.0000 0.0000	</row1>
			<row2>	1.0000 0.0000 0.0000 0.0000	</row2>
			<row3>	0.1367 0.1968 -2.7474 1.0000	</row3>
		</transform>
	</node>
	<node>
		<identifier>	SP_YMS011_YHWL_M_1_INDEX_10	</identifier>
		<parent>	Scene Root	</parent>
		<transform>
			<row0>	0.6955 0.0238 0.0759 0.0000	</row0>
			<row1>	-0.0237 0.6996 -0.0020 0.0000	</row1>
			<row2>	-0.0759 -0.0006 0.6959 0.0000	</row2>
			<row3>	-0.2898 0.0000 -2.9981 1.0000	</row3>
		</transform>
	</node>
	<node>
		<identifier>	SP_YMS012_YHWR_M_1_INDEX_10	</identifier>
		<parent>	Scene Root	</parent>
		<transform>
			<row0>	0.6955 -0.0238 -0.0759 0.0000	</row0>
			<row1>	0.0237 0.6996 -0.0020 0.0000	</row1>
			<row2>	0.0759 -0.0006 0.6959 0.0000	</row2>
			<row3>	0.2898 0.0000 -2.9981 1.0000	</row3>
		</transform>
	</node>
	<node>
		<identifier>	SP_YMS031_YHAL_M_1	</identifier>
		<parent>	Scene Root	</parent>
		<transform>
			<row0>	0.5185 0.0000 0.0976 0.0000	</row0>
			<row1>	0.0000 0.5276 0.0000 0.0000	</row1>
			<row2>	-0.0976 0.0000 0.5185 0.0000	</row2>
			<row3>	-0.2396 0.0869 -3.4517 1.0000	</row3>
		</transform>
	</node>
	<node>
		<identifier>	SP_YMS032_YHAR_M_1	</identifier>
		<parent>	Scene Root	</parent>
		<transform>
			<row0>	0.5185 0.0000 -0.0976 0.0000	</row0>
			<row1>	0.0000 0.5276 0.0000 0.0000	</row1>
			<row2>	0.0976 0.0000 0.5185 0.0000	</row2>
			<row3>	0.2396 0.0869 -3.4517 1.0000	</row3>
		</transform>
	</node>
	<node>
		<identifier>	SP_YMS080_YHSL_M_1	</identifier>
		<parent>	Scene Root	</parent>
		<transform>
			<row0>	0.4015 0.0000 0.0191 0.0000	</row0>
			<row1>	0.0000 0.4019 0.0000 0.0000	</row1>
			<row2>	-0.0191 0.0000 0.4015 0.0000	</row2>
			<row3>	-0.2996 0.1202 -2.9907 1.0000	</row3>
		</transform>
	</node>
	<node>
		<identifier>	SP_YMS081_YHSR_M_1	</identifier>
		<parent>	Scene Root	</parent>
		<transform>
			<row0>	0.4015 0.0000 -0.0191 0.0000	</row0>
			<row1>	0.0000 0.4019 0.0000 0.0000	</row1>
			<row2>	0.0191 0.0000 0.4015 0.0000	</row2>
			<row3>	0.2996 0.1202 -2.9907 1.0000	</row3>
		</transform>
	</node>
	<node>
		<identifier>	SP_YMS082_YHSC_M_1_INDEX_1	</identifier>
		<parent>	Scene Root	</parent>
		<transform>
			<row0>	0.0552 0.0000 0.7190 0.0000	</row0>
			<row1>	0.0000 0.7211 0.0000 0.0000	</row1>
			<row2>	-0.7190 0.0000 0.0552 0.0000	</row2>
			<row3>	0.3155 0.1330 -2.7214 1.0000	</row3>
		</transform>
	</node>
	<node>
		<identifier>	SP_YMS082_YHSC_M_1_INDEX_2	</identifier>
		<parent>	Scene Root	</parent>
		<transform>
			<row0>	0.0552 0.0000 -0.7190 0.0000	</row0>
			<row1>	0.0000 0.7211 0.0000 0.0000	</row1>
			<row2>	0.7190 0.0000 0.0552 0.0000	</row2>
			<row3>	-0.3155 0.1330 -2.7214 1.0000	</row3>
		</transform>
	</node>
</BSD303_Eskimo_1940_Stern.skel_ext>
