<GSB030_Ludendorff_1945_MidBack.skel_ext>
	<exported>	true	</exported>
	<node>
		<identifier>	MP_CM011_Fire_Fighting_Gear	</identifier>
		<parent>	Scene Root	</parent>
		<transform>
			<row0>	0.3697 0.0000 0.9291 0.0000	</row0>
			<row1>	0.0000 1.0000 0.0000 0.0000	</row1>
			<row2>	-0.9291 0.0000 0.3697 0.0000	</row2>
			<row3>	0.4130 0.3731 -4.0871 1.0000	</row3>
		</transform>
	</node>
	<node>
		<identifier>	MP_CM011_Fire_Fighting_Gear_INDEX_1	</identifier>
		<parent>	Scene Root	</parent>
		<transform>
			<row0>	0.7107 0.0000 -0.7035 0.0000	</row0>
			<row1>	0.0000 1.0000 0.0000 0.0000	</row1>
			<row2>	0.7035 0.0000 0.7107 0.0000	</row2>
			<row3>	-0.8993 0.3730 -1.5375 1.0000	</row3>
		</transform>
	</node>
	<node>
		<identifier>	MP_CM011_Fire_Fighting_Gear_INDEX_2	</identifier>
		<parent>	Scene Root	</parent>
		<transform>
			<row0>	0.0000 0.0000 1.0000 0.0000	</row0>
			<row1>	0.0000 1.0000 0.0000 0.0000	</row1>
			<row2>	-1.0000 0.0000 0.0000 0.0000	</row2>
			<row3>	0.8631 0.3740 -2.5028 1.0000	</row3>
		</transform>
	</node>
	<node>
		<identifier>	MP_CM011_Fire_Fighting_Gear_INDEX_3	</identifier>
		<parent>	Scene Root	</parent>
		<transform>
			<row0>	0.0000 0.0000 1.0000 0.0000	</row0>
			<row1>	0.0000 1.0000 0.0000 0.0000	</row1>
			<row2>	-1.0000 0.0000 0.0000 0.0000	</row2>
			<row3>	0.1933 0.7610 -2.9076 1.0000	</row3>
		</transform>
	</node>
	<node>
		<identifier>	MP_CM011_Fire_Fighting_Gear_INDEX_4	</identifier>
		<parent>	Scene Root	</parent>
		<transform>
			<row0>	0.7107 0.0000 0.7035 0.0000	</row0>
			<row1>	0.0000 1.0000 0.0000 0.0000	</row1>
			<row2>	-0.7035 0.0000 0.7107 0.0000	</row2>
			<row3>	0.8993 0.3730 -1.5375 1.0000	</row3>
		</transform>
	</node>
	<node>
		<identifier>	MP_CM011_Fire_Fighting_Gear_INDEX_5	</identifier>
		<parent>	Scene Root	</parent>
		<transform>
			<row0>	-0.9483 0.0000 -0.3175 0.0000	</row0>
			<row1>	0.0000 1.0000 0.0000 0.0000	</row1>
			<row2>	0.3175 0.0000 -0.9483 0.0000	</row2>
			<row3>	-0.2296 0.5342 -1.3808 1.0000	</row3>
		</transform>
	</node>
	<node>
		<identifier>	MP_CM011_Fire_Fighting_Gear_INDEX_6	</identifier>
		<parent>	Scene Root	</parent>
		<transform>
			<row0>	-0.9483 0.0000 0.3175 0.0000	</row0>
			<row1>	0.0000 1.0000 0.0000 0.0000	</row1>
			<row2>	-0.3175 0.0000 -0.9483 0.0000	</row2>
			<row3>	0.2296 0.5342 -1.3808 1.0000	</row3>
		</transform>
	</node>
	<node>
		<identifier>	MP_CM011_Fire_Fighting_Gear_INDEX_7	</identifier>
		<parent>	Scene Root	</parent>
		<transform>
			<row0>	0.0000 0.0000 -1.0000 0.0000	</row0>
			<row1>	0.0000 1.0000 0.0000 0.0000	</row1>
			<row2>	1.0000 0.0000 0.0000 0.0000	</row2>
			<row3>	-0.8631 0.3740 -2.5017 1.0000	</row3>
		</transform>
	</node>
	<node>
		<identifier>	MP_CM011_Fire_Fighting_Gear_INDEX_8	</identifier>
		<parent>	Scene Root	</parent>
		<transform>
			<row0>	0.0000 0.0000 -1.0000 0.0000	</row0>
			<row1>	0.0000 1.0000 0.0000 0.0000	</row1>
			<row2>	1.0000 0.0000 0.0000 0.0000	</row2>
			<row3>	-0.1933 0.7541 -2.9172 1.0000	</row3>
		</transform>
	</node>
	<node>
		<identifier>	MP_CM011_Fire_Fighting_Gear_INDEX_9	</identifier>
		<parent>	Scene Root	</parent>
		<transform>
			<row0>	0.3897 0.0000 -0.9209 0.0000	</row0>
			<row1>	0.0000 1.0000 0.0000 0.0000	</row1>
			<row2>	0.9209 0.0000 0.3897 0.0000	</row2>
			<row3>	-0.4136 0.3731 -4.0860 1.0000	</row3>
		</transform>
	</node>
	<node>
		<identifier>	MP_CM028_Swab_Rack	</identifier>
		<parent>	Scene Root	</parent>
		<transform>
			<row0>	0.0000 0.0000 1.0000 0.0000	</row0>
			<row1>	0.0000 1.0000 0.0000 0.0000	</row1>
			<row2>	-1.0000 0.0000 0.0000 0.0000	</row2>
			<row3>	-0.2153 0.7569 -2.3171 1.0000	</row3>
		</transform>
	</node>
	<node>
		<identifier>	MP_CM028_Swab_Rack_INDEX_1	</identifier>
		<parent>	Scene Root	</parent>
		<transform>
			<row0>	0.0000 0.0000 -1.0000 0.0000	</row0>
			<row1>	0.0000 1.0000 0.0000 0.0000	</row1>
			<row2>	1.0000 0.0000 0.0000 0.0000	</row2>
			<row3>	0.2153 0.7579 -2.3171 1.0000	</row3>
		</transform>
	</node>
	<node>
		<identifier>	MP_CM029_Emergency_Box	</identifier>
		<parent>	Scene Root	</parent>
		<transform>
			<row0>	0.0000 0.0000 -1.0000 0.0000	</row0>
			<row1>	0.0000 1.0000 0.0000 0.0000	</row1>
			<row2>	1.0000 0.0000 0.0000 0.0000	</row2>
			<row3>	0.1785 1.0573 -2.8844 1.0000	</row3>
		</transform>
	</node>
	<node>
		<identifier>	MP_CM029_Emergency_Box_INDEX_1	</identifier>
		<parent>	Scene Root	</parent>
		<transform>
			<row0>	0.0000 0.0000 1.0000 0.0000	</row0>
			<row1>	0.0000 1.0000 0.0000 0.0000	</row1>
			<row2>	-1.0000 0.0000 0.0000 0.0000	</row2>
			<row3>	-0.1785 1.0573 -2.8844 1.0000	</row3>
		</transform>
	</node>
	<node>
		<identifier>	MP_CM029_Emergency_Box_INDEX_2	</identifier>
		<parent>	Scene Root	</parent>
		<transform>
			<row0>	0.0000 0.0000 -1.0000 0.0000	</row0>
			<row1>	0.0000 1.0000 0.0000 0.0000	</row1>
			<row2>	1.0000 0.0000 0.0000 0.0000	</row2>
			<row3>	-0.8570 0.4396 -2.7883 1.0000	</row3>
		</transform>
	</node>
	<node>
		<identifier>	MP_CM029_Emergency_Box_INDEX_3	</identifier>
		<parent>	Scene Root	</parent>
		<transform>
			<row0>	1.0000 0.0000 0.0000 0.0000	</row0>
			<row1>	0.0000 1.0000 0.0000 0.0000	</row1>
			<row2>	0.0000 0.0000 1.0000 0.0000	</row2>
			<row3>	-0.0532 1.0782 -2.4406 1.0000	</row3>
		</transform>
	</node>
	<node>
		<identifier>	MP_CM029_Emergency_Box_INDEX_4	</identifier>
		<parent>	Scene Root	</parent>
		<transform>
			<row0>	1.0000 0.0000 0.0000 0.0000	</row0>
			<row1>	0.0000 1.0000 0.0000 0.0000	</row1>
			<row2>	0.0000 0.0000 1.0000 0.0000	</row2>
			<row3>	-0.1423 1.3911 -2.1576 1.0000	</row3>
		</transform>
	</node>
	<node>
		<identifier>	MP_CM029_Emergency_Box_INDEX_5	</identifier>
		<parent>	Scene Root	</parent>
		<transform>
			<row0>	0.0000 0.0000 1.0000 0.0000	</row0>
			<row1>	0.0000 1.0000 0.0000 0.0000	</row1>
			<row2>	-1.0000 0.0000 0.0000 0.0000	</row2>
			<row3>	0.8570 0.4396 -2.7883 1.0000	</row3>
		</transform>
	</node>
	<node>
		<identifier>	MP_CM052_Fender	</identifier>
		<parent>	Scene Root	</parent>
		<transform>
			<row0>	0.1207 0.0000 0.7943 0.0000	</row0>
			<row1>	0.0000 0.8034 0.0000 0.0000	</row1>
			<row2>	-0.7943 0.0000 0.1207 0.0000	</row2>
			<row3>	-0.6160 0.3772 -2.0189 1.0000	</row3>
		</transform>
	</node>
	<node>
		<identifier>	MP_CM052_Fender_INDEX_1	</identifier>
		<parent>	Scene Root	</parent>
		<transform>
			<row0>	0.1207 0.0000 -0.7943 0.0000	</row0>
			<row1>	0.0000 0.8034 0.0000 0.0000	</row1>
			<row2>	0.7943 0.0000 0.1207 0.0000	</row2>
			<row3>	0.6244 0.3772 -2.0757 1.0000	</row3>
		</transform>
	</node>
	<node>
		<identifier>	MP_CM052_Fender_INDEX_2	</identifier>
		<parent>	Scene Root	</parent>
		<transform>
			<row0>	0.1207 0.0000 -0.7943 0.0000	</row0>
			<row1>	0.0000 0.8034 0.0000 0.0000	</row1>
			<row2>	0.7943 0.0000 0.1207 0.0000	</row2>
			<row3>	0.6160 0.3772 -2.0189 1.0000	</row3>
		</transform>
	</node>
	<node>
		<identifier>	MP_CM052_Fender_INDEX_3	</identifier>
		<parent>	Scene Root	</parent>
		<transform>
			<row0>	0.1207 0.0000 0.7943 0.0000	</row0>
			<row1>	0.0000 0.8034 0.0000 0.0000	</row1>
			<row2>	-0.7943 0.0000 0.1207 0.0000	</row2>
			<row3>	-0.6244 0.3772 -2.0757 1.0000	</row3>
		</transform>
	</node>
	<node>
		<identifier>	MP_CM097_Stairway	</identifier>
		<parent>	Scene Root	</parent>
		<transform>
			<row0>	0.0000 -1.0000 0.0000 0.0000	</row0>
			<row1>	1.0000 0.0000 0.0000 0.0000	</row1>
			<row2>	0.0000 0.0000 1.0000 0.0000	</row2>
			<row3>	0.8610 0.4117 -2.7816 1.0000	</row3>
		</transform>
	</node>
	<node>
		<identifier>	MP_CM109_Leadsman_Platform	</identifier>
		<parent>	Scene Root	</parent>
		<transform>
			<row0>	0.0000 -1.0000 0.0000 0.0000	</row0>
			<row1>	0.9924 0.0000 0.1229 0.0000	</row1>
			<row2>	-0.1229 0.0000 0.9924 0.0000	</row2>
			<row3>	-0.9367 0.3772 -5.5485 1.0000	</row3>
		</transform>
	</node>
	<node>
		<identifier>	MP_CM109_Leadsman_Platform_INDEX_1	</identifier>
		<parent>	Scene Root	</parent>
		<transform>
			<row0>	0.0000 -1.0000 0.0000 0.0000	</row0>
			<row1>	0.9992 0.0000 0.0395 0.0000	</row1>
			<row2>	-0.0395 0.0000 0.9992 0.0000	</row2>
			<row3>	-1.1741 0.3772 -2.5926 1.0000	</row3>
		</transform>
	</node>
	<node>
		<identifier>	MP_CM109_Leadsman_Platform_INDEX_2	</identifier>
		<parent>	Scene Root	</parent>
		<transform>
			<row0>	0.0009 -0.9999 0.0116 0.0000	</row0>
			<row1>	-0.9993 -0.0005 0.0363 0.0000	</row1>
			<row2>	-0.0363 -0.0116 -0.9993 0.0000	</row2>
			<row3>	1.1741 0.3772 -2.5933 1.0000	</row3>
		</transform>
	</node>
	<node>
		<identifier>	MP_CM109_Leadsman_Platform_INDEX_3	</identifier>
		<parent>	Scene Root	</parent>
		<transform>
			<row0>	0.0000 -1.0000 0.0000 0.0000	</row0>
			<row1>	-0.9924 0.0000 0.1229 0.0000	</row1>
			<row2>	-0.1229 0.0000 -0.9924 0.0000	</row2>
			<row3>	0.9367 0.3772 -5.5485 1.0000	</row3>
		</transform>
	</node>
	<node>
		<identifier>	MP_GM001_Paravane	</identifier>
		<parent>	Scene Root	</parent>
		<transform>
			<row0>	0.0000 1.0000 0.0000 0.0000	</row0>
			<row1>	0.9972 0.0000 0.0752 0.0000	</row1>
			<row2>	0.0752 0.0000 -0.9972 0.0000	</row2>
			<row3>	-0.8674 0.4311 -3.2288 1.0000	</row3>
		</transform>
	</node>
	<node>
		<identifier>	MP_GM001_Paravane_INDEX_1	</identifier>
		<parent>	Scene Root	</parent>
		<transform>
			<row0>	0.0000 -1.0000 0.0000 0.0000	</row0>
			<row1>	-0.9972 0.0000 0.0752 0.0000	</row1>
			<row2>	-0.0752 0.0000 -0.9972 0.0000	</row2>
			<row3>	0.8674 0.4311 -3.2288 1.0000	</row3>
		</transform>
	</node>
	<node>
		<identifier>	MP_GM001_Paravane_INDEX_2	</identifier>
		<parent>	Scene Root	</parent>
		<transform>
			<row0>	0.0000 -1.0000 0.0000 0.0000	</row0>
			<row1>	-0.9972 0.0000 0.0752 0.0000	</row1>
			<row2>	-0.0752 0.0000 -0.9972 0.0000	</row2>
			<row3>	0.8487 0.4311 -3.4367 1.0000	</row3>
		</transform>
	</node>
	<node>
		<identifier>	MP_GM001_Paravane_INDEX_3	</identifier>
		<parent>	Scene Root	</parent>
		<transform>
			<row0>	0.0000 1.0000 0.0000 0.0000	</row0>
			<row1>	0.9972 0.0000 0.0752 0.0000	</row1>
			<row2>	0.0752 0.0000 -0.9972 0.0000	</row2>
			<row3>	-0.8487 0.4311 -3.4367 1.0000	</row3>
		</transform>
	</node>
	<node>
		<identifier>	MP_GM003_Reels_1	</identifier>
		<parent>	Scene Root	</parent>
		<transform>
			<row0>	0.0000 0.0000 1.0000 0.0000	</row0>
			<row1>	0.0000 1.0000 0.0000 0.0000	</row1>
			<row2>	-1.0000 0.0000 0.0000 0.0000	</row2>
			<row3>	-1.1253 0.3710 -1.6177 1.0000	</row3>
		</transform>
	</node>
	<node>
		<identifier>	MP_GM003_Reels_1_INDEX_1	</identifier>
		<parent>	Scene Root	</parent>
		<transform>
			<row0>	0.0000 0.0000 -1.0000 0.0000	</row0>
			<row1>	0.0000 1.0000 0.0000 0.0000	</row1>
			<row2>	1.0000 0.0000 0.0000 0.0000	</row2>
			<row3>	1.1253 0.3710 -1.6177 1.0000	</row3>
		</transform>
	</node>
	<node>
		<identifier>	MP_GM003_Reels_1_INDEX_2	</identifier>
		<parent>	Scene Root	</parent>
		<transform>
			<row0>	0.0000 0.0000 1.0000 0.0000	</row0>
			<row1>	0.0000 1.0000 0.0000 0.0000	</row1>
			<row2>	-1.0000 0.0000 0.0000 0.0000	</row2>
			<row3>	-1.1348 0.3729 -0.3190 1.0000	</row3>
		</transform>
	</node>
	<node>
		<identifier>	MP_GM004_Reels_2	</identifier>
		<parent>	Scene Root	</parent>
		<transform>
			<row0>	0.0000 0.0000 -1.0000 0.0000	</row0>
			<row1>	0.0000 1.0000 0.0000 0.0000	</row1>
			<row2>	1.0000 0.0000 0.0000 0.0000	</row2>
			<row3>	0.9923 0.3727 -2.4625 1.0000	</row3>
		</transform>
	</node>
	<node>
		<identifier>	MP_GM004_Reels_2_INDEX_1	</identifier>
		<parent>	Scene Root	</parent>
		<transform>
			<row0>	0.0000 0.0000 1.0000 0.0000	</row0>
			<row1>	0.0000 1.0000 0.0000 0.0000	</row1>
			<row2>	-1.0000 0.0000 0.0000 0.0000	</row2>
			<row3>	-0.9923 0.3727 -2.4625 1.0000	</row3>
		</transform>
	</node>
	<node>
		<identifier>	MP_GM007_LifeBuoy	</identifier>
		<parent>	Scene Root	</parent>
		<transform>
			<row0>	0.9947 0.0000 -0.1027 0.0000	</row0>
			<row1>	0.0000 1.0000 0.0000 0.0000	</row1>
			<row2>	0.1027 0.0000 0.9947 0.0000	</row2>
			<row3>	1.0154 0.4200 -4.8841 1.0000	</row3>
		</transform>
	</node>
	<node>
		<identifier>	MP_GM007_LifeBuoy_INDEX_1	</identifier>
		<parent>	Scene Root	</parent>
		<transform>
			<row0>	0.9940 0.0000 0.1096 0.0000	</row0>
			<row1>	0.0000 1.0000 0.0000 0.0000	</row1>
			<row2>	-0.1096 0.0000 0.9940 0.0000	</row2>
			<row3>	-1.0149 0.4200 -4.8841 1.0000	</row3>
		</transform>
	</node>
	<node>
		<identifier>	MP_GM007_LifeBuoy_INDEX_2	</identifier>
		<parent>	Scene Root	</parent>
		<transform>
			<row0>	0.9998 0.0000 -0.0222 0.0000	</row0>
			<row1>	0.0000 1.0000 0.0000 0.0000	</row1>
			<row2>	0.0222 0.0000 0.9998 0.0000	</row2>
			<row3>	1.2141 0.4200 -1.7081 1.0000	</row3>
		</transform>
	</node>
	<node>
		<identifier>	MP_GM007_LifeBuoy_INDEX_3	</identifier>
		<parent>	Scene Root	</parent>
		<transform>
			<row0>	0.9998 0.0000 0.0222 0.0000	</row0>
			<row1>	0.0000 1.0000 0.0000 0.0000	</row1>
			<row2>	-0.0222 0.0000 0.9998 0.0000	</row2>
			<row3>	-1.2136 0.4200 -1.7082 1.0000	</row3>
		</transform>
	</node>
	<node>
		<identifier>	MP_GM008_Loudspeaker	</identifier>
		<parent>	Scene Root	</parent>
		<transform>
			<row0>	1.0000 0.0000 0.0000 0.0000	</row0>
			<row1>	0.0000 1.0000 0.0000 0.0000	</row1>
			<row2>	0.0000 0.0000 1.0000 0.0000	</row2>
			<row3>	0.1876 0.8517 -2.9420 1.0000	</row3>
		</transform>
	</node>
	<node>
		<identifier>	MP_GM008_Loudspeaker_INDEX_1	</identifier>
		<parent>	Scene Root	</parent>
		<transform>
			<row0>	-1.0000 0.0000 0.0000 0.0000	</row0>
			<row1>	0.0000 1.0000 0.0000 0.0000	</row1>
			<row2>	0.0000 0.0000 -1.0000 0.0000	</row2>
			<row3>	-0.9654 0.5221 -1.4228 1.0000	</row3>
		</transform>
	</node>
	<node>
		<identifier>	MP_GM008_Loudspeaker_INDEX_2	</identifier>
		<parent>	Scene Root	</parent>
		<transform>
			<row0>	-1.0000 0.0000 0.0000 0.0000	</row0>
			<row1>	0.0000 1.0000 0.0000 0.0000	</row1>
			<row2>	0.0000 0.0000 -1.0000 0.0000	</row2>
			<row3>	-0.1876 0.8517 -2.9420 1.0000	</row3>
		</transform>
	</node>
	<node>
		<identifier>	MP_GM008_Loudspeaker_INDEX_3	</identifier>
		<parent>	Scene Root	</parent>
		<transform>
			<row0>	1.0000 0.0000 0.0000 0.0000	</row0>
			<row1>	0.0000 1.0000 0.0000 0.0000	</row1>
			<row2>	0.0000 0.0000 1.0000 0.0000	</row2>
			<row3>	0.9654 0.5221 -1.4228 1.0000	</row3>
		</transform>
	</node>
	<node>
		<identifier>	MP_GM008_Loudspeaker_INDEX_4	</identifier>
		<parent>	Scene Root	</parent>
		<transform>
			<row0>	0.0000 0.0000 -1.0000 0.0000	</row0>
			<row1>	0.0000 1.0000 0.0000 0.0000	</row1>
			<row2>	1.0000 0.0000 0.0000 0.0000	</row2>
			<row3>	-0.0688 1.1279 -2.4340 1.0000	</row3>
		</transform>
	</node>
	<node>
		<identifier>	MP_GM013_Siren	</identifier>
		<parent>	Scene Root	</parent>
		<transform>
			<row0>	0.0000 0.0000 1.0000 0.0000	</row0>
			<row1>	0.0000 1.0000 0.0000 0.0000	</row1>
			<row2>	-1.0000 0.0000 0.0000 0.0000	</row2>
			<row3>	-0.1883 0.8554 -3.1823 1.0000	</row3>
		</transform>
	</node>
	<node>
		<identifier>	MP_GM013_Siren_INDEX_1	</identifier>
		<parent>	Scene Root	</parent>
		<transform>
			<row0>	0.0000 0.0000 -1.0000 0.0000	</row0>
			<row1>	0.0000 1.0000 0.0000 0.0000	</row1>
			<row2>	1.0000 0.0000 0.0000 0.0000	</row2>
			<row3>	0.1883 0.8554 -3.1823 1.0000	</row3>
		</transform>
	</node>
	<node>
		<identifier>	MP_GM013_Siren_INDEX_2	</identifier>
		<parent>	Scene Root	</parent>
		<transform>
			<row0>	0.9503 0.0000 0.3114 0.0000	</row0>
			<row1>	0.0000 1.0000 0.0000 0.0000	</row1>
			<row2>	-0.3114 0.0000 0.9503 0.0000	</row2>
			<row3>	-0.2505 0.6145 -1.3924 1.0000	</row3>
		</transform>
	</node>
	<node>
		<identifier>	MP_GM013_Siren_INDEX_3	</identifier>
		<parent>	Scene Root	</parent>
		<transform>
			<row0>	0.9503 0.0000 -0.3114 0.0000	</row0>
			<row1>	0.0000 1.0000 0.0000 0.0000	</row1>
			<row2>	0.3114 0.0000 0.9503 0.0000	</row2>
			<row3>	0.2505 0.6145 -1.3924 1.0000	</row3>
		</transform>
	</node>
	<node>
		<identifier>	MP_GM015_Clock	</identifier>
		<parent>	Scene Root	</parent>
		<transform>
			<row0>	0.0000 0.0000 1.0000 0.0000	</row0>
			<row1>	0.0000 1.0000 0.0000 0.0000	</row1>
			<row2>	-1.0000 0.0000 0.0000 0.0000	</row2>
			<row3>	-0.8507 0.5132 -2.6794 1.0000	</row3>
		</transform>
	</node>
	<node>
		<identifier>	MP_GM015_Clock_INDEX_1	</identifier>
		<parent>	Scene Root	</parent>
		<transform>
			<row0>	-0.7086 -0.0061 -0.7056 0.0000	</row0>
			<row1>	0.0065 0.9999 -0.0152 0.0000	</row1>
			<row2>	0.7056 -0.0153 -0.7085 0.0000	</row2>
			<row3>	0.7949 0.5132 -1.6354 1.0000	</row3>
		</transform>
	</node>
	<node>
		<identifier>	MP_GM015_Clock_INDEX_2	</identifier>
		<parent>	Scene Root	</parent>
		<transform>
			<row0>	0.6389 0.0061 0.7693 0.0000	</row0>
			<row1>	-0.0157 0.9999 0.0051 0.0000	</row1>
			<row2>	-0.7692 -0.0153 0.6389 0.0000	</row2>
			<row3>	-0.9362 0.5132 -0.4837 1.0000	</row3>
		</transform>
	</node>
	<node>
		<identifier>	MP_GM015_Clock_INDEX_3	</identifier>
		<parent>	Scene Root	</parent>
		<transform>
			<row0>	0.0000 0.0000 -1.0000 0.0000	</row0>
			<row1>	0.0000 1.0000 0.0000 0.0000	</row1>
			<row2>	1.0000 0.0000 0.0000 0.0000	</row2>
			<row3>	0.8507 0.5132 -2.6794 1.0000	</row3>
		</transform>
	</node>
	<node>
		<identifier>	MP_GM015_Clock_INDEX_4	</identifier>
		<parent>	Scene Root	</parent>
		<transform>
			<row0>	-0.7086 0.0061 0.7056 0.0000	</row0>
			<row1>	-0.0065 0.9999 -0.0152 0.0000	</row1>
			<row2>	-0.7056 -0.0153 -0.7085 0.0000	</row2>
			<row3>	-0.7949 0.5132 -1.6354 1.0000	</row3>
		</transform>
	</node>
	<node>
		<identifier>	MP_GM016_Sleeve	</identifier>
		<parent>	Scene Root	</parent>
		<transform>
			<row0>	0.9588 0.0000 -0.2842 0.0000	</row0>
			<row1>	0.0000 1.0000 0.0000 0.0000	</row1>
			<row2>	0.2842 0.0000 0.9588 0.0000	</row2>
			<row3>	0.2000 0.5678 -1.3766 1.0000	</row3>
		</transform>
	</node>
	<node>
		<identifier>	MP_GM016_Sleeve_INDEX_1	</identifier>
		<parent>	Scene Root	</parent>
		<transform>
			<row0>	0.9541 0.0000 0.2994 0.0000	</row0>
			<row1>	0.0000 1.0000 0.0000 0.0000	</row1>
			<row2>	-0.2994 0.0000 0.9541 0.0000	</row2>
			<row3>	-0.2000 0.5678 -1.3766 1.0000	</row3>
		</transform>
	</node>
	<node>
		<identifier>	MP_GM016_Sleeve_INDEX_2	</identifier>
		<parent>	Scene Root	</parent>
		<transform>
			<row0>	-0.7084 0.0000 -0.7058 0.0000	</row0>
			<row1>	0.0000 1.0000 0.0000 0.0000	</row1>
			<row2>	0.7058 0.0000 -0.7084 0.0000	</row2>
			<row3>	0.8751 0.4110 -1.5544 1.0000	</row3>
		</transform>
	</node>
	<node>
		<identifier>	MP_GM016_Sleeve_INDEX_3	</identifier>
		<parent>	Scene Root	</parent>
		<transform>
			<row0>	-0.0019 0.0000 1.0000 0.0000	</row0>
			<row1>	0.0000 1.0000 0.0000 0.0000	</row1>
			<row2>	-1.0000 0.0000 -0.0019 0.0000	</row2>
			<row3>	-0.8511 0.4362 -2.5537 1.0000	</row3>
		</transform>
	</node>
	<node>
		<identifier>	MP_GM016_Sleeve_INDEX_4	</identifier>
		<parent>	Scene Root	</parent>
		<transform>
			<row0>	0.0000 0.0000 -1.0000 0.0000	</row0>
			<row1>	0.0000 1.0000 0.0000 0.0000	</row1>
			<row2>	1.0000 0.0000 0.0000 0.0000	</row2>
			<row3>	0.1879 0.8000 -2.9420 1.0000	</row3>
		</transform>
	</node>
	<node>
		<identifier>	MP_GM016_Sleeve_INDEX_5	</identifier>
		<parent>	Scene Root	</parent>
		<transform>
			<row0>	-0.4248 0.0000 -0.9053 0.0000	</row0>
			<row1>	0.0000 1.0000 0.0000 0.0000	</row1>
			<row2>	0.9053 0.0000 -0.4248 0.0000	</row2>
			<row3>	0.3973 0.4110 -4.1085 1.0000	</row3>
		</transform>
	</node>
	<node>
		<identifier>	MP_GM016_Sleeve_INDEX_6	</identifier>
		<parent>	Scene Root	</parent>
		<transform>
			<row0>	-0.0019 0.0000 -1.0000 0.0000	</row0>
			<row1>	0.0000 1.0000 0.0000 0.0000	</row1>
			<row2>	1.0000 0.0000 -0.0019 0.0000	</row2>
			<row3>	0.8507 0.4432 -2.5491 1.0000	</row3>
		</transform>
	</node>
	<node>
		<identifier>	MP_GM016_Sleeve_INDEX_7	</identifier>
		<parent>	Scene Root	</parent>
		<transform>
			<row0>	-0.7084 0.0000 0.7058 0.0000	</row0>
			<row1>	0.0000 1.0000 0.0000 0.0000	</row1>
			<row2>	-0.7058 0.0000 -0.7084 0.0000	</row2>
			<row3>	-0.8765 0.4110 -1.5530 1.0000	</row3>
		</transform>
	</node>
	<node>
		<identifier>	MP_GM016_Sleeve_INDEX_8	</identifier>
		<parent>	Scene Root	</parent>
		<transform>
			<row0>	-0.4222 0.0000 0.9065 0.0000	</row0>
			<row1>	0.0000 1.0000 0.0000 0.0000	</row1>
			<row2>	-0.9065 0.0000 -0.4222 0.0000	</row2>
			<row3>	-0.3999 0.4110 -4.1030 1.0000	</row3>
		</transform>
	</node>
	<node>
		<identifier>	MP_GM016_Sleeve_INDEX_9	</identifier>
		<parent>	Scene Root	</parent>
		<transform>
			<row0>	0.0000 0.0000 1.0000 0.0000	</row0>
			<row1>	0.0000 1.0000 0.0000 0.0000	</row1>
			<row2>	-1.0000 0.0000 0.0000 0.0000	</row2>
			<row3>	-0.1879 0.8000 -2.9420 1.0000	</row3>
		</transform>
	</node>
	<node>
		<identifier>	MP_GM019_Loading_machine	</identifier>
		<parent>	Scene Root	</parent>
		<transform>
			<row0>	0.0000 0.0000 1.0000 0.0000	</row0>
			<row1>	0.0000 1.0000 0.0000 0.0000	</row1>
			<row2>	-1.0000 0.0000 0.0000 0.0000	</row2>
			<row3>	-0.0010 0.5344 -1.1735 1.0000	</row3>
		</transform>
	</node>
	<node>
		<identifier>	MP_GM020_Loading_machine_2	</identifier>
		<parent>	Scene Root	</parent>
		<transform>
			<row0>	0.0000 0.0000 -1.0000 0.0000	</row0>
			<row1>	0.0000 1.0000 0.0000 0.0000	</row1>
			<row2>	1.0000 0.0000 0.0000 0.0000	</row2>
			<row3>	0.0109 0.5376 -0.8025 1.0000	</row3>
		</transform>
	</node>
	<node>
		<identifier>	MP_GM022_Freon_Cylinder_acetylene	</identifier>
		<parent>	Scene Root	</parent>
		<transform>
			<row0>	-0.6248 0.0000 -0.7808 0.0000	</row0>
			<row1>	0.0000 1.0000 0.0000 0.0000	</row1>
			<row2>	0.7808 0.0000 -0.6248 0.0000	</row2>
			<row3>	-0.6868 0.3726 -2.2232 1.0000	</row3>
		</transform>
	</node>
	<node>
		<identifier>	MP_GM022_Freon_Cylinder_acetylene_INDEX_1	</identifier>
		<parent>	Scene Root	</parent>
		<transform>
			<row0>	-0.6248 0.0000 0.7808 0.0000	</row0>
			<row1>	0.0000 1.0000 0.0000 0.0000	</row1>
			<row2>	-0.7808 0.0000 -0.6248 0.0000	</row2>
			<row3>	0.6868 0.3726 -2.2232 1.0000	</row3>
		</transform>
	</node>
	<node>
		<identifier>	MP_GM023_Acetylen_Cylinder	</identifier>
		<parent>	Scene Root	</parent>
		<transform>
			<row0>	-0.7020 0.0000 -0.7122 0.0000	</row0>
			<row1>	0.0000 1.0000 0.0000 0.0000	</row1>
			<row2>	0.7122 0.0000 -0.7020 0.0000	</row2>
			<row3>	0.6936 0.3726 -1.7581 1.0000	</row3>
		</transform>
	</node>
	<node>
		<identifier>	MP_GM023_Acetylen_Cylinder_INDEX_1	</identifier>
		<parent>	Scene Root	</parent>
		<transform>
			<row0>	-0.7020 0.0000 0.7122 0.0000	</row0>
			<row1>	0.0000 1.0000 0.0000 0.0000	</row1>
			<row2>	-0.7122 0.0000 -0.7020 0.0000	</row2>
			<row3>	-0.6936 0.3726 -1.7581 1.0000	</row3>
		</transform>
	</node>
	<node>
		<identifier>	MP_GM023_Acetylen_Cylinder_INDEX_2	</identifier>
		<parent>	Scene Root	</parent>
		<transform>
			<row0>	0.0000 0.0000 -1.0000 0.0000	</row0>
			<row1>	0.0000 1.0000 0.0000 0.0000	</row1>
			<row2>	1.0000 0.0000 0.0000 0.0000	</row2>
			<row3>	-0.2010 0.7578 -2.4278 1.0000	</row3>
		</transform>
	</node>
	<node>
		<identifier>	MP_GM023_Acetylen_Cylinder_INDEX_3	</identifier>
		<parent>	Scene Root	</parent>
		<transform>
			<row0>	0.0000 0.0000 1.0000 0.0000	</row0>
			<row1>	0.0000 1.0000 0.0000 0.0000	</row1>
			<row2>	-1.0000 0.0000 0.0000 0.0000	</row2>
			<row3>	0.2010 0.7578 -2.4278 1.0000	</row3>
		</transform>
	</node>
	<node>
		<identifier>	MP_GM024_Night_Indicator	</identifier>
		<parent>	Scene Root	</parent>
		<transform>
			<row0>	-1.0000 0.0000 0.0000 0.0000	</row0>
			<row1>	0.0000 1.0000 0.0000 0.0000	</row1>
			<row2>	0.0000 0.0000 -1.0000 0.0000	</row2>
			<row3>	0.0000 1.9497 -2.2890 1.0000	</row3>
		</transform>
	</node>
	<node>
		<identifier>	MP_GM025_Cooling_tube	</identifier>
		<parent>	Scene Root	</parent>
		<transform>
			<row0>	-0.0791 0.0000 -0.7961 0.0000	</row0>
			<row1>	0.0000 0.8000 0.0000 0.0000	</row1>
			<row2>	0.7961 0.0000 -0.0791 0.0000	</row2>
			<row3>	0.2900 1.3223 -2.0931 1.0000	</row3>
		</transform>
	</node>
	<node>
		<identifier>	MP_GM025_Cooling_tube_INDEX_1	</identifier>
		<parent>	Scene Root	</parent>
		<transform>
			<row0>	-0.0791 0.0000 0.7961 0.0000	</row0>
			<row1>	0.0000 0.8000 0.0000 0.0000	</row1>
			<row2>	-0.7961 0.0000 -0.0791 0.0000	</row2>
			<row3>	-0.2901 1.3223 -2.0948 1.0000	</row3>
		</transform>
	</node>
	<node>
		<identifier>	MP_GM025_Cooling_tube_INDEX_2	</identifier>
		<parent>	Scene Root	</parent>
		<transform>
			<row0>	-0.0791 0.0000 -0.7961 0.0000	</row0>
			<row1>	0.0000 0.8000 0.0000 0.0000	</row1>
			<row2>	0.7961 0.0000 -0.0791 0.0000	</row2>
			<row3>	0.2848 1.3223 -2.1243 1.0000	</row3>
		</transform>
	</node>
	<node>
		<identifier>	MP_GM025_Cooling_tube_INDEX_3	</identifier>
		<parent>	Scene Root	</parent>
		<transform>
			<row0>	-0.0791 0.0000 0.7961 0.0000	</row0>
			<row1>	0.0000 0.8000 0.0000 0.0000	</row1>
			<row2>	-0.7961 0.0000 -0.0791 0.0000	</row2>
			<row3>	-0.2850 1.3223 -2.1243 1.0000	</row3>
		</transform>
	</node>
	<node>
		<identifier>	MP_GM034_Turtles_box	</identifier>
		<parent>	Scene Root	</parent>
		<transform>
			<row0>	-1.0000 0.0000 0.0000 0.0000	</row0>
			<row1>	0.0000 1.0000 0.0000 0.0000	</row1>
			<row2>	0.0000 0.0000 -1.0000 0.0000	</row2>
			<row3>	0.1720 1.3670 -2.1519 1.0000	</row3>
		</transform>
	</node>
	<node>
		<identifier>	MP_GM034_Turtles_box_INDEX_1	</identifier>
		<parent>	Scene Root	</parent>
		<transform>
			<row0>	-1.0000 0.0000 0.0000 0.0000	</row0>
			<row1>	0.0000 1.0000 0.0000 0.0000	</row1>
			<row2>	0.0000 0.0000 -1.0000 0.0000	</row2>
			<row3>	-0.0897 1.0572 -2.4357 1.0000	</row3>
		</transform>
	</node>
	<node>
		<identifier>	MP_GM034_Turtles_box_INDEX_2	</identifier>
		<parent>	Scene Root	</parent>
		<transform>
			<row0>	-1.0000 0.0000 0.0000 0.0000	</row0>
			<row1>	0.0000 1.0000 0.0000 0.0000	</row1>
			<row2>	0.0000 0.0000 -1.0000 0.0000	</row2>
			<row3>	-0.1720 1.3670 -2.1519 1.0000	</row3>
		</transform>
	</node>
	<node>
		<identifier>	MP_GM035_LifeBuoy_Mount	</identifier>
		<parent>	Scene Root	</parent>
		<transform>
			<row0>	0.7357 0.0000 -0.6773 0.0000	</row0>
			<row1>	0.0000 1.0000 0.0000 0.0000	</row1>
			<row2>	0.6773 0.0000 0.7357 0.0000	</row2>
			<row3>	-0.8722 0.4542 -0.4113 1.0000	</row3>
		</transform>
	</node>
	<node>
		<identifier>	MP_GM035_LifeBuoy_Mount_INDEX_1	</identifier>
		<parent>	Scene Root	</parent>
		<transform>
			<row0>	0.9981 0.0000 0.0608 0.0000	</row0>
			<row1>	0.0000 1.0000 0.0000 0.0000	</row1>
			<row2>	-0.0608 0.0000 0.9981 0.0000	</row2>
			<row3>	-0.8488 0.4542 -3.0143 1.0000	</row3>
		</transform>
	</node>
	<node>
		<identifier>	MP_GM035_LifeBuoy_Mount_INDEX_2	</identifier>
		<parent>	Scene Root	</parent>
		<transform>
			<row0>	-0.7105 0.0000 0.7037 0.0000	</row0>
			<row1>	0.0000 1.0000 0.0000 0.0000	</row1>
			<row2>	-0.7037 0.0000 -0.7105 0.0000	</row2>
			<row3>	0.9176 0.4542 -1.5122 1.0000	</row3>
		</transform>
	</node>
	<node>
		<identifier>	MP_GM035_LifeBuoy_Mount_INDEX_3	</identifier>
		<parent>	Scene Root	</parent>
		<transform>
			<row0>	-0.9981 0.0000 0.0608 0.0000	</row0>
			<row1>	0.0000 1.0000 0.0000 0.0000	</row1>
			<row2>	-0.0608 0.0000 -0.9981 0.0000	</row2>
			<row3>	0.8488 0.4542 -3.0143 1.0000	</row3>
		</transform>
	</node>
	<node>
		<identifier>	MP_GM035_LifeBuoy_Mount_INDEX_4	</identifier>
		<parent>	Scene Root	</parent>
		<transform>
			<row0>	0.7071 0.0000 0.7071 0.0000	</row0>
			<row1>	0.0000 1.0000 0.0000 0.0000	</row1>
			<row2>	-0.7071 0.0000 0.7071 0.0000	</row2>
			<row3>	-0.9176 0.4542 -1.5122 1.0000	</row3>
		</transform>
	</node>
	<node>
		<identifier>	MP_GM043_Antenna_FuMB_Ant3_Bali	</identifier>
		<parent>	Scene Root	</parent>
		<transform>
			<row0>	1.0000 0.0000 0.0000 0.0000	</row0>
			<row1>	0.0000 1.0000 0.0000 0.0000	</row1>
			<row2>	0.0000 0.0000 1.0000 0.0000	</row2>
			<row3>	-0.1153 3.2274 -2.2178 1.0000	</row3>
		</transform>
	</node>
	<node>
		<identifier>	MP_GM043_Antenna_FuMB_Ant3_Bali_INDEX_1	</identifier>
		<parent>	Scene Root	</parent>
		<transform>
			<row0>	1.0000 0.0000 0.0000 0.0000	</row0>
			<row1>	0.0000 1.0000 0.0000 0.0000	</row1>
			<row2>	0.0000 0.0000 1.0000 0.0000	</row2>
			<row3>	0.1153 3.2274 -2.2178 1.0000	</row3>
		</transform>
	</node>
	<node>
		<identifier>	MP_GM046_Antenna_FuMO81_Berlin_S	</identifier>
		<parent>	Scene Root	</parent>
		<transform>
			<row0>	-0.7071 0.0000 0.7071 0.0000	</row0>
			<row1>	0.0000 1.0000 0.0000 0.0000	</row1>
			<row2>	-0.7071 0.0000 -0.7071 0.0000	</row2>
			<row3>	0.0000 3.4418 -2.2710 1.0000	</row3>
		</transform>
	</node>
	<node>
		<identifier>	MP_GM047_Antenna_FuMB_Ant4_Sumatra	</identifier>
		<parent>	Scene Root	</parent>
		<transform>
			<row0>	0.0000 0.0000 -1.0000 0.0000	</row0>
			<row1>	0.0000 1.0000 0.0000 0.0000	</row1>
			<row2>	1.0000 0.0000 0.0000 0.0000	</row2>
			<row3>	0.0551 2.3160 -2.2488 1.0000	</row3>
		</transform>
	</node>
	<node>
		<identifier>	MP_GM047_Antenna_FuMB_Ant4_Sumatra_INDEX_1	</identifier>
		<parent>	Scene Root	</parent>
		<transform>
			<row0>	0.0000 0.0000 1.0000 0.0000	</row0>
			<row1>	0.0000 1.0000 0.0000 0.0000	</row1>
			<row2>	-1.0000 0.0000 0.0000 0.0000	</row2>
			<row3>	-0.0551 2.3160 -2.2488 1.0000	</row3>
		</transform>
	</node>
	<node>
		<identifier>	MP_GM047_Antenna_FuMB_Ant4_Sumatra_INDEX_2	</identifier>
		<parent>	Scene Root	</parent>
		<transform>
			<row0>	-1.0000 0.0000 0.0000 0.0000	</row0>
			<row1>	0.0000 1.0000 0.0000 0.0000	</row1>
			<row2>	0.0000 0.0000 -1.0000 0.0000	</row2>
			<row3>	0.0000 2.1045 -2.3124 1.0000	</row3>
		</transform>
	</node>
	<node>
		<identifier>	MP_GM048_Wind_speed	</identifier>
		<parent>	Scene Root	</parent>
		<transform>
			<row0>	1.0000 0.0000 0.0000 0.0000	</row0>
			<row1>	0.0000 1.0000 0.0000 0.0000	</row1>
			<row2>	0.0000 0.0000 1.0000 0.0000	</row2>
			<row3>	0.1130 2.1314 -2.2617 1.0000	</row3>
		</transform>
	</node>
	<node>
		<identifier>	MP_GM127_Helmet	</identifier>
		<parent>	Scene Root	</parent>
		<transform>
			<row0>	0.0000 0.0000 -1.0000 0.0000	</row0>
			<row1>	-1.0000 0.0000 0.0000 0.0000	</row1>
			<row2>	0.0000 1.0000 0.0000 0.0000	</row2>
			<row3>	-0.1884 0.7992 -2.9956 1.0000	</row3>
		</transform>
	</node>
	<node>
		<identifier>	MP_GM127_Helmet_INDEX_1	</identifier>
		<parent>	Scene Root	</parent>
		<transform>
			<row0>	0.0000 0.0000 -1.0000 0.0000	</row0>
			<row1>	-1.0000 0.0000 0.0000 0.0000	</row1>
			<row2>	0.0000 1.0000 0.0000 0.0000	</row2>
			<row3>	-0.1884 0.8203 -2.9956 1.0000	</row3>
		</transform>
	</node>
	<node>
		<identifier>	MP_GM127_Helmet_INDEX_2	</identifier>
		<parent>	Scene Root	</parent>
		<transform>
			<row0>	0.0000 0.0000 -1.0000 0.0000	</row0>
			<row1>	-1.0000 0.0000 0.0000 0.0000	</row1>
			<row2>	0.0000 1.0000 0.0000 0.0000	</row2>
			<row3>	-0.1884 0.8415 -2.9956 1.0000	</row3>
		</transform>
	</node>
	<node>
		<identifier>	MP_GM127_Helmet_INDEX_3	</identifier>
		<parent>	Scene Root	</parent>
		<transform>
			<row0>	0.0000 0.0000 -1.0000 0.0000	</row0>
			<row1>	-1.0000 0.0000 0.0000 0.0000	</row1>
			<row2>	0.0000 1.0000 0.0000 0.0000	</row2>
			<row3>	-0.1884 0.8617 -2.9956 1.0000	</row3>
		</transform>
	</node>
	<node>
		<identifier>	MP_GM127_Helmet_INDEX_4	</identifier>
		<parent>	Scene Root	</parent>
		<transform>
			<row0>	0.0000 0.0000 1.0000 0.0000	</row0>
			<row1>	1.0000 0.0000 0.0000 0.0000	</row1>
			<row2>	0.0000 1.0000 0.0000 0.0000	</row2>
			<row3>	0.1884 0.7992 -2.9956 1.0000	</row3>
		</transform>
	</node>
	<node>
		<identifier>	MP_GM127_Helmet_INDEX_5	</identifier>
		<parent>	Scene Root	</parent>
		<transform>
			<row0>	0.0000 0.0000 1.0000 0.0000	</row0>
			<row1>	1.0000 0.0000 0.0000 0.0000	</row1>
			<row2>	0.0000 1.0000 0.0000 0.0000	</row2>
			<row3>	0.1884 0.8203 -2.9956 1.0000	</row3>
		</transform>
	</node>
	<node>
		<identifier>	MP_GM127_Helmet_INDEX_6	</identifier>
		<parent>	Scene Root	</parent>
		<transform>
			<row0>	0.0000 0.0000 1.0000 0.0000	</row0>
			<row1>	1.0000 0.0000 0.0000 0.0000	</row1>
			<row2>	0.0000 1.0000 0.0000 0.0000	</row2>
			<row3>	0.1884 0.8415 -2.9956 1.0000	</row3>
		</transform>
	</node>
	<node>
		<identifier>	MP_GM127_Helmet_INDEX_7	</identifier>
		<parent>	Scene Root	</parent>
		<transform>
			<row0>	0.0000 0.0000 1.0000 0.0000	</row0>
			<row1>	1.0000 0.0000 0.0000 0.0000	</row1>
			<row2>	0.0000 1.0000 0.0000 0.0000	</row2>
			<row3>	0.1884 0.8617 -2.9956 1.0000	</row3>
		</transform>
	</node>
	<node>
		<identifier>	MP_GM500_Admiral_Gig_11m	</identifier>
		<parent>	Scene Root	</parent>
		<transform>
			<row0>	1.0000 0.0000 0.0000 0.0000	</row0>
			<row1>	0.0000 1.0000 0.0000 0.0000	</row1>
			<row2>	0.0000 0.0000 1.0000 0.0000	</row2>
			<row3>	-0.3666 0.5967 -0.9155 1.0000	</row3>
		</transform>
	</node>
	<node>
		<identifier>	MP_GM500_Admiral_Gig_11m_INDEX_1	</identifier>
		<parent>	Scene Root	</parent>
		<transform>
			<row0>	1.0000 0.0000 0.0000 0.0000	</row0>
			<row1>	0.0000 1.0000 0.0000 0.0000	</row1>
			<row2>	0.0000 0.0000 1.0000 0.0000	</row2>
			<row3>	0.3666 0.5967 -0.9155 1.0000	</row3>
		</transform>
	</node>
	<node>
		<identifier>	MP_GM502_Captains_Gig_9m	</identifier>
		<parent>	Scene Root	</parent>
		<transform>
			<row0>	1.0000 0.0000 0.0000 0.0000	</row0>
			<row1>	0.0000 0.9999 0.0114 0.0000	</row1>
			<row2>	0.0000 -0.0114 0.9999 0.0000	</row2>
			<row3>	-0.1867 0.6004 -0.8839 1.0000	</row3>
		</transform>
	</node>
	<node>
		<identifier>	MP_GM502_Captains_Gig_9m_INDEX_1	</identifier>
		<parent>	Scene Root	</parent>
		<transform>
			<row0>	1.0000 0.0000 0.0000 0.0000	</row0>
			<row1>	0.0000 0.9999 0.0114 0.0000	</row1>
			<row2>	0.0000 -0.0114 0.9999 0.0000	</row2>
			<row3>	0.1867 0.6004 -0.8839 1.0000	</row3>
		</transform>
	</node>
	<node>
		<identifier>	MP_GM502_Captains_Gig_9m_INDEX_2	</identifier>
		<parent>	Scene Root	</parent>
		<transform>
			<row0>	1.0000 0.0000 0.0000 0.0000	</row0>
			<row1>	0.0000 0.9997 0.0231 0.0000	</row1>
			<row2>	0.0000 -0.0231 0.9997 0.0000	</row2>
			<row3>	0.0000 0.7861 -0.9936 1.0000	</row3>
		</transform>
	</node>
	<node>
		<identifier>	MP_GM504_Cutter_8m	</identifier>
		<parent>	Scene Root	</parent>
		<transform>
			<row0>	0.9962 0.0000 -0.0872 0.0000	</row0>
			<row1>	0.0000 1.0000 0.0000 0.0000	</row1>
			<row2>	0.0872 0.0000 0.9962 0.0000	</row2>
			<row3>	0.9951 0.3864 -3.9136 1.0000	</row3>
		</transform>
	</node>
	<node>
		<identifier>	MP_GM504_Cutter_8m_INDEX_1	</identifier>
		<parent>	Scene Root	</parent>
		<transform>
			<row0>	0.9962 0.0000 0.0872 0.0000	</row0>
			<row1>	0.0000 1.0000 0.0000 0.0000	</row1>
			<row2>	-0.0872 0.0000 0.9962 0.0000	</row2>
			<row3>	-0.9908 0.3864 -3.9136 1.0000	</row3>
		</transform>
	</node>
	<node>
		<identifier>	MP_GM524_Boats	</identifier>
		<parent>	Scene Root	</parent>
		<transform>
			<row0>	0.0000 0.0000 1.0000 0.0000	</row0>
			<row1>	0.0000 1.0000 0.0000 0.0000	</row1>
			<row2>	-1.0000 0.0000 0.0000 0.0000	</row2>
			<row3>	0.2570 0.3727 -4.6923 1.0000	</row3>
		</transform>
	</node>
	<node>
		<identifier>	MP_GM524_Boats_INDEX_1	</identifier>
		<parent>	Scene Root	</parent>
		<transform>
			<row0>	0.0000 0.0000 -1.0000 0.0000	</row0>
			<row1>	0.0000 1.0000 0.0000 0.0000	</row1>
			<row2>	1.0000 0.0000 0.0000 0.0000	</row2>
			<row3>	-0.2570 0.3727 -4.6923 1.0000	</row3>
		</transform>
	</node>
	<node>
		<identifier>	MP_GM600_Switch_Box_1	</identifier>
		<parent>	Scene Root	</parent>
		<transform>
			<row0>	0.4949 0.0000 0.8689 0.0000	</row0>
			<row1>	0.0000 1.0000 0.0000 0.0000	</row1>
			<row2>	-0.8689 0.0000 0.4949 0.0000	</row2>
			<row3>	0.3065 1.0511 -3.0334 1.0000	</row3>
		</transform>
	</node>
	<node>
		<identifier>	MP_GM600_Switch_Box_1_INDEX_1	</identifier>
		<parent>	Scene Root	</parent>
		<transform>
			<row0>	0.4949 0.0000 0.8689 0.0000	</row0>
			<row1>	0.0000 1.0000 0.0000 0.0000	</row1>
			<row2>	-0.8689 0.0000 0.4949 0.0000	</row2>
			<row3>	0.3065 1.0700 -3.0334 1.0000	</row3>
		</transform>
	</node>
	<node>
		<identifier>	MP_GM600_Switch_Box_1_INDEX_2	</identifier>
		<parent>	Scene Root	</parent>
		<transform>
			<row0>	0.4949 0.0000 0.8689 0.0000	</row0>
			<row1>	0.0000 1.0000 0.0000 0.0000	</row1>
			<row2>	-0.8689 0.0000 0.4949 0.0000	</row2>
			<row3>	0.3007 1.0426 -3.0434 1.0000	</row3>
		</transform>
	</node>
	<node>
		<identifier>	MP_GM600_Switch_Box_1_INDEX_3	</identifier>
		<parent>	Scene Root	</parent>
		<transform>
			<row0>	0.4949 0.0000 -0.8689 0.0000	</row0>
			<row1>	0.0000 1.0000 0.0000 0.0000	</row1>
			<row2>	0.8689 0.0000 0.4949 0.0000	</row2>
			<row3>	-0.3007 1.0615 -3.0434 1.0000	</row3>
		</transform>
	</node>
	<node>
		<identifier>	MP_GM600_Switch_Box_1_INDEX_4	</identifier>
		<parent>	Scene Root	</parent>
		<transform>
			<row0>	0.4949 0.0000 0.8689 0.0000	</row0>
			<row1>	0.0000 1.0000 0.0000 0.0000	</row1>
			<row2>	-0.8689 0.0000 0.4949 0.0000	</row2>
			<row3>	0.3007 1.0615 -3.0434 1.0000	</row3>
		</transform>
	</node>
	<node>
		<identifier>	MP_GM600_Switch_Box_1_INDEX_5	</identifier>
		<parent>	Scene Root	</parent>
		<transform>
			<row0>	0.4949 0.0000 -0.8689 0.0000	</row0>
			<row1>	0.0000 1.0000 0.0000 0.0000	</row1>
			<row2>	0.8689 0.0000 0.4949 0.0000	</row2>
			<row3>	-0.3065 1.0511 -3.0334 1.0000	</row3>
		</transform>
	</node>
	<node>
		<identifier>	MP_GM600_Switch_Box_1_INDEX_6	</identifier>
		<parent>	Scene Root	</parent>
		<transform>
			<row0>	0.4949 0.0000 -0.8689 0.0000	</row0>
			<row1>	0.0000 1.0000 0.0000 0.0000	</row1>
			<row2>	0.8689 0.0000 0.4949 0.0000	</row2>
			<row3>	-0.3007 1.0426 -3.0434 1.0000	</row3>
		</transform>
	</node>
	<node>
		<identifier>	MP_GM600_Switch_Box_1_INDEX_7	</identifier>
		<parent>	Scene Root	</parent>
		<transform>
			<row0>	0.4949 0.0000 -0.8689 0.0000	</row0>
			<row1>	0.0000 1.0000 0.0000 0.0000	</row1>
			<row2>	0.8689 0.0000 0.4949 0.0000	</row2>
			<row3>	-0.3065 1.0700 -3.0334 1.0000	</row3>
		</transform>
	</node>
	<node>
		<identifier>	MP_GM601_Switch_Box_2	</identifier>
		<parent>	Scene Root	</parent>
		<transform>
			<row0>	0.9995 0.0000 0.0310 0.0000	</row0>
			<row1>	0.0000 1.0000 0.0000 0.0000	</row1>
			<row2>	-0.0310 0.0000 0.9995 0.0000	</row2>
			<row3>	0.0450 1.0603 -3.2668 1.0000	</row3>
		</transform>
	</node>
	<node>
		<identifier>	MP_GM601_Switch_Box_2_INDEX_1	</identifier>
		<parent>	Scene Root	</parent>
		<transform>
			<row0>	0.9995 0.0000 0.0310 0.0000	</row0>
			<row1>	0.0000 1.0000 0.0000 0.0000	</row1>
			<row2>	-0.0310 0.0000 0.9995 0.0000	</row2>
			<row3>	0.0299 1.0603 -3.2675 1.0000	</row3>
		</transform>
	</node>
	<node>
		<identifier>	MP_GM601_Switch_Box_2_INDEX_2	</identifier>
		<parent>	Scene Root	</parent>
		<transform>
			<row0>	0.9995 0.0000 0.0310 0.0000	</row0>
			<row1>	0.0000 1.0000 0.0000 0.0000	</row1>
			<row2>	-0.0310 0.0000 0.9995 0.0000	</row2>
			<row3>	0.0147 1.0603 -3.2682 1.0000	</row3>
		</transform>
	</node>
	<node>
		<identifier>	MP_GM602_Switch_Box_3	</identifier>
		<parent>	Scene Root	</parent>
		<transform>
			<row0>	0.9672 0.0000 0.2540 0.0000	</row0>
			<row1>	0.0000 1.0000 0.0000 0.0000	</row1>
			<row2>	-0.2540 0.0000 0.9672 0.0000	</row2>
			<row3>	0.1862 1.0603 -3.2432 1.0000	</row3>
		</transform>
	</node>
	<node>
		<identifier>	MP_GM602_Switch_Box_3_INDEX_1	</identifier>
		<parent>	Scene Root	</parent>
		<transform>
			<row0>	0.9672 0.0000 -0.2540 0.0000	</row0>
			<row1>	0.0000 1.0000 0.0000 0.0000	</row1>
			<row2>	0.2540 0.0000 0.9672 0.0000	</row2>
			<row3>	-0.1861 1.0603 -3.2433 1.0000	</row3>
		</transform>
	</node>
	<node>
		<identifier>	MP_GM602_Switch_Box_3_INDEX_2	</identifier>
		<parent>	Scene Root	</parent>
		<transform>
			<row0>	0.9990 0.0000 -0.0454 0.0000	</row0>
			<row1>	0.0000 1.0000 0.0000 0.0000	</row1>
			<row2>	0.0454 0.0000 0.9990 0.0000	</row2>
			<row3>	-0.0451 1.0483 -3.2666 1.0000	</row3>
		</transform>
	</node>
	<node>
		<identifier>	MP_GM602_Switch_Box_3_INDEX_3	</identifier>
		<parent>	Scene Root	</parent>
		<transform>
			<row0>	0.9990 0.0000 -0.0454 0.0000	</row0>
			<row1>	0.0000 1.0000 0.0000 0.0000	</row1>
			<row2>	0.0454 0.0000 0.9990 0.0000	</row2>
			<row3>	-0.0451 1.0603 -3.2666 1.0000	</row3>
		</transform>
	</node>
	<node>
		<identifier>	MP_GM604_Switch_Box_5	</identifier>
