<ISB009_Dante_Alighieri_1915_Bow.skel_ext>
	<exported>	true	</exported>
	<node>
		<identifier>	MP_IM025_Reels	</identifier>
		<parent>	Scene Root	</parent>
		<transform>
			<row0>	1.2000 0.0000 0.0000 0.0000	</row0>
			<row1>	0.0000 1.2000 0.0000 0.0000	</row1>
			<row2>	0.0000 0.0000 1.2000 0.0000	</row2>
			<row3>	0.1175 0.4463 3.5302 1.0000	</row3>
		</transform>
	</node>
	<node>
		<identifier>	MP_IM025_Reels_INDEX_1	</identifier>
		<parent>	Scene Root	</parent>
		<transform>
			<row0>	1.2000 0.0000 0.0000 0.0000	</row0>
			<row1>	0.0000 1.2000 0.0000 0.0000	</row1>
			<row2>	0.0000 0.0000 1.2000 0.0000	</row2>
			<row3>	-0.1175 0.4463 3.5302 1.0000	</row3>
		</transform>
	</node>
	<node>
		<identifier>	MP_IM031_Fire_Fighting	</identifier>
		<parent>	Scene Root	</parent>
		<transform>
			<row0>	1.0000 0.0000 0.0000 0.0000	</row0>
			<row1>	0.0000 1.0000 0.0000 0.0000	</row1>
			<row2>	0.0000 0.0000 1.0000 0.0000	</row2>
			<row3>	0.0000 0.4509 4.8296 1.0000	</row3>
		</transform>
	</node>
	<node>
		<identifier>	MP_IM032_Fire_Hose	</identifier>
		<parent>	Scene Root	</parent>
		<transform>
			<row0>	1.0000 0.0000 0.0000 0.0000	</row0>
			<row1>	0.0000 0.0000 -1.0000 0.0000	</row1>
			<row2>	0.0000 1.0000 0.0000 0.0000	</row2>
			<row3>	0.0000 0.4506 4.5623 1.0000	</row3>
		</transform>
	</node>
	<node>
		<identifier>	MP_IM033_Life_Buoy	</identifier>
		<parent>	Scene Root	</parent>
		<transform>
			<row0>	-0.2792 0.0000 0.9602 0.0000	</row0>
			<row1>	0.0000 1.0000 0.0000 0.0000	</row1>
			<row2>	-0.9602 0.0000 -0.2792 0.0000	</row2>
			<row3>	0.2664 0.5147 4.9538 1.0000	</row3>
		</transform>
	</node>
	<node>
		<identifier>	MP_IM033_Life_Buoy_INDEX_1	</identifier>
		<parent>	Scene Root	</parent>
		<transform>
			<row0>	-0.2792 0.0000 -0.9602 0.0000	</row0>
			<row1>	0.0000 1.0000 0.0000 0.0000	</row1>
			<row2>	0.9602 0.0000 -0.2792 0.0000	</row2>
			<row3>	-0.2664 0.5147 4.9538 1.0000	</row3>
		</transform>
	</node>
	<node>
		<identifier>	MP_IM042_Star	</identifier>
		<parent>	Scene Root	</parent>
		<transform>
			<row0>	1.0000 0.0000 0.0000 0.0000	</row0>
			<row1>	0.0000 1.0000 0.0000 0.0000	</row1>
			<row2>	0.0000 0.0000 1.0000 0.0000	</row2>
			<row3>	0.0000 0.4022 5.4217 1.0000	</row3>
		</transform>
	</node>
	<node>
		<identifier>	MP_IM533_Life_Boat_3_5m	</identifier>
		<parent>	Scene Root	</parent>
		<transform>
			<row0>	0.0000 -1.0000 0.0000 0.0000	</row0>
			<row1>	1.0000 0.0000 0.0000 0.0000	</row1>
			<row2>	0.0000 0.0000 1.0000 0.0000	</row2>
			<row3>	0.4426 0.3878 3.5899 1.0000	</row3>
		</transform>
	</node>
	<node>
		<identifier>	MP_IM533_Life_Boat_3_5m_INDEX_1	</identifier>
		<parent>	Scene Root	</parent>
		<transform>
			<row0>	0.0000 1.0000 0.0000 0.0000	</row0>
			<row1>	-1.0000 0.0000 0.0000 0.0000	</row1>
			<row2>	0.0000 0.0000 1.0000 0.0000	</row2>
			<row3>	-0.4426 0.3878 3.5899 1.0000	</row3>
		</transform>
	</node>
	<node>
		<identifier>	MP_IM962_Anchor_Up	</identifier>
		<parent>	Scene Root	</parent>
		<transform>
			<row0>	0.1532 -0.4177 -0.8956 0.0000	</row0>
			<row1>	-0.0888 0.8968 -0.4334 0.0000	</row1>
			<row2>	0.9842 0.1459 0.1003 0.0000	</row2>
			<row3>	0.1475 0.1543 5.1532 1.0000	</row3>
		</transform>
	</node>
	<node>
		<identifier>	MP_IM962_Anchor_Up_INDEX_1	</identifier>
		<parent>	Scene Root	</parent>
		<transform>
			<row0>	0.1532 0.4177 0.8956 0.0000	</row0>
			<row1>	0.0888 0.8968 -0.4334 0.0000	</row1>
			<row2>	-0.9842 0.1459 0.1003 0.0000	</row2>
			<row3>	-0.1475 0.1543 5.1532 1.0000	</row3>
		</transform>
	</node>
	<node>
		<identifier>	MP_IM963_Anchor_Bottom	</identifier>
		<parent>	Scene Root	</parent>
		<transform>
			<row0>	0.1532 -0.4177 -0.8956 0.0000	</row0>
			<row1>	0.0067 0.9067 -0.4217 0.0000	</row1>
			<row2>	0.9882 0.0586 0.1417 0.0000	</row2>
			<row3>	0.1475 0.1543 5.1532 1.0000	</row3>
		</transform>
	</node>
	<node>
		<identifier>	MP_IM963_Anchor_Bottom_INDEX_1	</identifier>
		<parent>	Scene Root	</parent>
		<transform>
			<row0>	0.1532 0.4177 0.8956 0.0000	</row0>
			<row1>	-0.0067 0.9067 -0.4217 0.0000	</row1>
			<row2>	-0.9882 0.0586 0.1417 0.0000	</row2>
			<row3>	-0.1475 0.1543 5.1532 1.0000	</row3>
		</transform>
	</node>
</ISB009_Dante_Alighieri_1915_Bow.skel_ext>
