<BSS301_Seal_1940_MidBack_ports.visual>
	<skeleton>
		<node>
			<identifier>	Scene Root	</identifier>
			<transform>
				<row0>	1.0000 0.0000 0.0000 0.0000	</row0>
				<row1>	0.0000 1.0000 0.0000 0.0000	</row1>
				<row2>	0.0000 0.0000 1.0000 0.0000	</row2>
				<row3>	0.0000 0.0000 0.0000 1.0000	</row3>
			</transform>
			<node>
				<identifier>	MidBack_ports	</identifier>
				<transform>
					<row0>	1.0000 0.0000 0.0000 0.0000	</row0>
					<row1>	0.0000 1.0000 0.0000 0.0000	</row1>
					<row2>	0.0000 0.0000 1.0000 0.0000	</row2>
					<row3>	0.0000 0.0000 0.0000 1.0000	</row3>
				</transform>
				<node>
					<identifier>	HP_FX_Death_2	</identifier>
					<transform>
						<row0>	1.0000 0.0000 0.0000 0.0000	</row0>
						<row1>	0.0000 1.0000 0.0000 0.0000	</row1>
						<row2>	0.0000 0.0000 1.0000 0.0000	</row2>
						<row3>	0.0000 0.0000 -0.1937 1.0000	</row3>
					</transform>
				</node>
				<node>
					<identifier>	HP_FX_Fire_2	</identifier>
					<transform>
						<row0>	1.0000 0.0000 0.0000 0.0000	</row0>
						<row1>	0.0000 1.0000 0.0000 0.0000	</row1>
						<row2>	0.0000 0.0000 1.0000 0.0000	</row2>
						<row3>	0.0000 0.3045 0.0871 1.0000	</row3>
					</transform>
				</node>
				<node>
					<identifier>	HP_FX_FloodLight_left_1	</identifier>
					<transform>
						<row0>	-0.9880 0.0000 -0.1543 0.0000	</row0>
						<row1>	0.0000 1.0000 0.0000 0.0000	</row1>
						<row2>	0.1543 0.0000 -0.9880 0.0000	</row2>
						<row3>	-0.0890 0.2831 0.2135 1.0000	</row3>
					</transform>
				</node>
				<node>
					<identifier>	HP_FX_FloodLight_right_1	</identifier>
					<transform>
						<row0>	1.0000 0.0000 0.0000 0.0000	</row0>
						<row1>	0.0000 1.0000 0.0000 0.0000	</row1>
						<row2>	0.0000 0.0000 1.0000 0.0000	</row2>
						<row3>	0.0872 0.2846 0.2193 1.0000	</row3>
					</transform>
				</node>
				<node>
					<identifier>	HP_FX_Flood_steam_1	</identifier>
					<transform>
						<row0>	0.4987 -0.8668 0.0000 0.0000	</row0>
						<row1>	0.8668 0.4987 0.0000 0.0000	</row1>
						<row2>	0.0000 0.0000 1.0000 0.0000	</row2>
						<row3>	0.0647 0.0917 -1.1145 1.0000	</row3>
					</transform>
				</node>
				<node>
					<identifier>	HP_FX_Flood_water_left_2	</identifier>
					<transform>
						<row0>	-0.9987 0.0492 0.0000 0.0000	</row0>
						<row1>	0.0492 0.9987 0.0000 0.0000	</row1>
						<row2>	0.0000 0.0000 -1.0000 0.0000	</row2>
						<row3>	-0.0675 0.0868 -1.3233 1.0000	</row3>
					</transform>
				</node>
				<node>
					<identifier>	HP_FX_Flood_water_right_2	</identifier>
					<transform>
						<row0>	0.9920 0.0234 0.1242 0.0000	</row0>
						<row1>	-0.0275 0.9992 0.0311 0.0000	</row1>
						<row2>	-0.1234 -0.0343 0.9917 0.0000	</row2>
						<row3>	0.0692 0.0856 -1.3238 1.0000	</row3>
					</transform>
				</node>
				<node>
					<identifier>	HP_FX_Runoff_deluge_left_10	</identifier>
					<transform>
						<row0>	-1.0000 0.0000 0.0000 0.0000	</row0>
						<row1>	0.0000 1.0000 0.0000 0.0000	</row1>
						<row2>	0.0000 0.0000 -1.0000 0.0000	</row2>
						<row3>	-0.0264 0.1362 -1.0942 1.0000	</row3>
					</transform>
				</node>
				<node>
					<identifier>	HP_FX_Runoff_deluge_left_11	</identifier>
					<transform>
						<row0>	-1.0000 0.0000 0.0000 0.0000	</row0>
						<row1>	0.0000 1.0000 0.0000 0.0000	</row1>
						<row2>	0.0000 0.0000 -1.0000 0.0000	</row2>
						<row3>	-0.0276 0.1358 -1.2963 1.0000	</row3>
					</transform>
				</node>
				<node>
					<identifier>	HP_FX_Runoff_deluge_left_8	</identifier>
					<transform>
						<row0>	-1.0000 0.0000 0.0000 0.0000	</row0>
						<row1>	0.0000 1.0000 0.0000 0.0000	</row1>
						<row2>	0.0000 0.0000 -1.0000 0.0000	</row2>
						<row3>	-0.1060 0.1358 -0.2529 1.0000	</row3>
					</transform>
				</node>
				<node>
					<identifier>	HP_FX_Runoff_deluge_left_9	</identifier>
					<transform>
						<row0>	-0.9776 0.0000 -0.2104 0.0000	</row0>
						<row1>	0.0000 1.0000 0.0000 0.0000	</row1>
						<row2>	0.2104 0.0000 -0.9776 0.0000	</row2>
						<row3>	-0.0720 0.1360 -0.7720 1.0000	</row3>
					</transform>
				</node>
				<node>
					<identifier>	HP_FX_Runoff_deluge_right_10	</identifier>
					<transform>
						<row0>	1.0000 0.0000 0.0000 0.0000	</row0>
						<row1>	0.0000 1.0000 0.0000 0.0000	</row1>
						<row2>	0.0000 0.0000 1.0000 0.0000	</row2>
						<row3>	0.0262 0.1362 -1.0933 1.0000	</row3>
					</transform>
				</node>
				<node>
					<identifier>	HP_FX_Runoff_deluge_right_11	</identifier>
					<transform>
						<row0>	1.0000 0.0059 0.0000 0.0000	</row0>
						<row1>	-0.0059 1.0000 0.0000 0.0000	</row1>
						<row2>	0.0000 0.0000 1.0000 0.0000	</row2>
						<row3>	0.0274 0.1359 -1.2968 1.0000	</row3>
					</transform>
				</node>
				<node>
					<identifier>	HP_FX_Runoff_deluge_right_8	</identifier>
					<transform>
						<row0>	1.0000 0.0000 0.0000 0.0000	</row0>
						<row1>	0.0000 1.0000 0.0000 0.0000	</row1>
						<row2>	0.0000 0.0000 1.0000 0.0000	</row2>
						<row3>	0.1032 0.1334 -0.2537 1.0000	</row3>
					</transform>
				</node>
				<node>
					<identifier>	HP_FX_Runoff_deluge_right_9	</identifier>
					<transform>
						<row0>	0.9815 0.0000 -0.1912 0.0000	</row0>
						<row1>	0.0000 1.0000 0.0000 0.0000	</row1>
						<row2>	0.1912 0.0000 0.9815 0.0000	</row2>
						<row3>	0.0734 0.1360 -0.7721 1.0000	</row3>
					</transform>
				</node>
				<node>
					<identifier>	HP_FX_Runoff_tower_left_2	</identifier>
					<transform>
						<row0>	-0.9989 0.0000 0.0470 0.0000	</row0>
						<row1>	0.0000 1.0000 0.0000 0.0000	</row1>
						<row2>	-0.0470 0.0000 -0.9989 0.0000	</row2>
						<row3>	-0.1067 0.2178 0.2622 1.0000	</row3>
					</transform>
				</node>
				<node>
					<identifier>	HP_FX_Runoff_tower_left_3	</identifier>
					<transform>
						<row0>	-0.9999 0.0000 0.0105 0.0000	</row0>
						<row1>	0.0000 1.0000 0.0000 0.0000	</row1>
						<row2>	-0.0105 0.0000 -0.9999 0.0000	</row2>
						<row3>	-0.1085 0.3208 0.0940 1.0000	</row3>
					</transform>
				</node>
				<node>
					<identifier>	HP_FX_Runoff_tower_left_4	</identifier>
					<transform>
						<row0>	-0.9638 0.0000 -0.2664 0.0000	</row0>
						<row1>	0.0000 1.0000 0.0000 0.0000	</row1>
						<row2>	0.2664 0.0000 -0.9638 0.0000	</row2>
						<row3>	-0.0791 0.3213 -0.0865 1.0000	</row3>
					</transform>
				</node>
				<node>
					<identifier>	HP_FX_Runoff_tower_right_2	</identifier>
					<transform>
						<row0>	-1.0000 0.0000 -0.0086 0.0000	</row0>
						<row1>	0.0000 1.0000 0.0000 0.0000	</row1>
						<row2>	0.0086 0.0000 -1.0000 0.0000	</row2>
						<row3>	0.1061 0.2187 0.2361 1.0000	</row3>
					</transform>
				</node>
				<node>
					<identifier>	HP_FX_Runoff_tower_right_3	</identifier>
					<transform>
						<row0>	-0.9994 0.0000 0.0349 0.0000	</row0>
						<row1>	0.0000 1.0000 0.0000 0.0000	</row1>
						<row2>	-0.0349 0.0000 -0.9994 0.0000	</row2>
						<row3>	0.1073 0.3219 0.0989 1.0000	</row3>
					</transform>
				</node>
				<node>
					<identifier>	HP_FX_Runoff_tower_right_4	</identifier>
					<transform>
						<row0>	-0.9510 0.0000 0.3095 0.0000	</row0>
						<row1>	0.0000 1.0000 0.0000 0.0000	</row1>
						<row2>	-0.3095 0.0000 -0.9510 0.0000	</row2>
						<row3>	0.0830 0.3219 -0.0675 1.0000	</row3>
					</transform>
				</node>
				<node>
					<identifier>	HP_FX_Smoke	</identifier>
					<transform>
						<row0>	1.0000 0.0000 0.0000 0.0000	</row0>
						<row1>	0.0000 1.0000 0.0000 0.0000	</row1>
						<row2>	0.0000 0.0000 1.0000 0.0000	</row2>
						<row3>	0.1046 0.0233 -0.9343 1.0000	</row3>
					</transform>
				</node>
				<node>
					<identifier>	HP_FX_Smoke_1	</identifier>
					<transform>
						<row0>	-1.0000 0.0000 0.0000 0.0000	</row0>
						<row1>	0.0000 1.0000 0.0000 0.0000	</row1>
						<row2>	0.0000 0.0000 -1.0000 0.0000	</row2>
						<row3>	-0.1038 0.0230 -0.9340 1.0000	</row3>
					</transform>
				</node>
				<node>
					<identifier>	HP_FX_WakeTraceBack_tower	</identifier>
					<transform>
						<row0>	1.0000 0.0000 0.0000 0.0000	</row0>
						<row1>	0.0000 1.0000 0.0000 0.0000	</row1>
						<row2>	0.0000 0.0000 1.0000 0.0000	</row2>
						<row3>	0.0012 0.1381 -0.3317 1.0000	</row3>
					</transform>
				</node>
				<node>
					<identifier>	HP_FX_WakeTrace_periscope	</identifier>
					<transform>
						<row0>	1.0000 0.0000 0.0000 0.0000	</row0>
						<row1>	0.0000 1.0000 0.0000 0.0000	</row1>
						<row2>	0.0000 0.0000 1.0000 0.0000	</row2>
						<row3>	0.0498 0.3551 0.1725 1.0000	</row3>
					</transform>
				</node>
				<node>
					<identifier>	HP_Ship_death_2	</identifier>
					<transform>
						<row0>	1.0000 0.0000 0.0000 0.0000	</row0>
						<row1>	0.0000 1.0000 0.0000 0.0000	</row1>
						<row2>	0.0000 0.0000 1.0000 0.0000	</row2>
						<row3>	0.0000 0.0000 0.2977 1.0000	</row3>
					</transform>
				</node>
			</node>
		</node>
	</skeleton>
	<properties>
		<underwaterModel>	false	</underwaterModel>
		<abovewaterModel>	true	</abovewaterModel>
	</properties>
	<boundingBox>
		<min>	-0.0667 -0.0667 -0.0667	</min>
		<max>	0.0667 0.0667 0.0667	</max>
	</boundingBox>
	<renderSets />
	<lods>
		<lod>
			<extent>	200.0000	</extent>
			<castsShadow>	true	</castsShadow>
			<renderSets />
		</lod>
	</lods>
</BSS301_Seal_1940_MidBack_ports.visual>
