<HSD003_Tromp_1945_Bow.skel_ext>
	<exported>	true	</exported>
	<node>
		<identifier>	MP_HM001_Anchor_down	</identifier>
		<parent>	Scene Root	</parent>
		<transform>
			<row0>	0.8329 -0.4433 0.3313 0.0000	</row0>
			<row1>	0.5395 0.7839 -0.3074 0.0000	</row1>
			<row2>	-0.1235 0.4347 0.8920 0.0000	</row2>
			<row3>	0.0493 0.2489 4.1769 1.0000	</row3>
		</transform>
	</node>
	<node>
		<identifier>	MP_HM001_Anchor_down_INDEX_1	</identifier>
		<parent>	Scene Root	</parent>
		<transform>
			<row0>	0.8329 0.4433 -0.3313 0.0000	</row0>
			<row1>	-0.5395 0.7839 -0.3074 0.0000	</row1>
			<row2>	0.1235 0.4347 0.8920 0.0000	</row2>
			<row3>	-0.0493 0.2489 4.1769 1.0000	</row3>
		</transform>
	</node>
	<node>
		<identifier>	MP_HM002_Anchor_up	</identifier>
		<parent>	Scene Root	</parent>
		<transform>
			<row0>	0.9912 -0.0969 -0.0899 0.0000	</row0>
			<row1>	0.0474 0.8953 -0.4429 0.0000	</row1>
			<row2>	0.1235 0.4347 0.8921 0.0000	</row2>
			<row3>	-0.0493 0.2489 4.1769 1.0000	</row3>
		</transform>
	</node>
	<node>
		<identifier>	MP_HM002_Anchor_up_INDEX_1	</identifier>
		<parent>	Scene Root	</parent>
		<transform>
			<row0>	0.9912 0.0969 0.0899 0.0000	</row0>
			<row1>	-0.0474 0.8953 -0.4429 0.0000	</row1>
			<row2>	-0.1235 0.4347 0.8921 0.0000	</row2>
			<row3>	0.0493 0.2489 4.1769 1.0000	</row3>
		</transform>
	</node>
</HSD003_Tromp_1945_Bow.skel_ext>
