<HSC304_Utrecht_1957_MidFront_ports.visual>
	<skeleton>
		<node>
			<identifier>	Scene Root	</identifier>
			<transform>
				<row0>	1.0000 0.0000 0.0000 0.0000	</row0>
				<row1>	0.0000 1.0000 0.0000 0.0000	</row1>
				<row2>	0.0000 0.0000 1.0000 0.0000	</row2>
				<row3>	0.0000 0.0000 0.0000 1.0000	</row3>
			</transform>
			<node>
				<identifier>	MidFront_ports	</identifier>
				<transform>
					<row0>	1.0000 0.0000 0.0000 0.0000	</row0>
					<row1>	0.0000 1.0000 0.0000 0.0000	</row1>
					<row2>	0.0000 0.0000 1.0000 0.0000	</row2>
					<row3>	0.0000 0.0000 0.0000 1.0000	</row3>
				</transform>
				<node>
					<identifier>	HP_FX_Death_2	</identifier>
					<transform>
						<row0>	1.0000 0.0000 0.0000 0.0000	</row0>
						<row1>	0.0000 1.0000 0.0000 0.0000	</row1>
						<row2>	0.0000 0.0000 1.0000 0.0000	</row2>
						<row3>	0.0000 0.0000 0.1500 1.0000	</row3>
					</transform>
				</node>
				<node>
					<identifier>	HP_FX_Fire_2	</identifier>
					<transform>
						<row0>	1.0000 0.0000 0.0000 0.0000	</row0>
						<row1>	0.0000 1.0000 0.0000 0.0000	</row1>
						<row2>	0.0000 0.0000 1.0000 0.0000	</row2>
						<row3>	0.0000 1.1483 1.5564 1.0000	</row3>
					</transform>
				</node>
				<node>
					<identifier>	HP_FX_Fire_2_side_1	</identifier>
					<transform>
						<row0>	0.9978 0.0000 -0.0670 0.0000	</row0>
						<row1>	0.0000 1.0000 0.0000 0.0000	</row1>
						<row2>	0.0670 0.0000 0.9978 0.0000	</row2>
						<row3>	-0.4479 0.6953 1.8582 1.0000	</row3>
					</transform>
				</node>
				<node>
					<identifier>	HP_FX_Fire_2_side_2	</identifier>
					<transform>
						<row0>	0.9978 0.0000 0.0670 0.0000	</row0>
						<row1>	0.0000 1.0000 0.0000 0.0000	</row1>
						<row2>	-0.0670 0.0000 0.9978 0.0000	</row2>
						<row3>	0.5352 0.4856 0.9833 1.0000	</row3>
					</transform>
				</node>
				<node>
					<identifier>	HP_FX_Fire_2_side_3	</identifier>
					<transform>
						<row0>	0.9978 0.0000 -0.0670 0.0000	</row0>
						<row1>	0.0000 1.0000 0.0000 0.0000	</row1>
						<row2>	0.0670 0.0000 0.9978 0.0000	</row2>
						<row3>	-0.1790 0.7777 2.8294 1.0000	</row3>
					</transform>
				</node>
				<node>
					<identifier>	HP_FX_FloodLight_left_1	</identifier>
					<transform>
						<row0>	-1.0000 0.0000 0.0000 0.0000	</row0>
						<row1>	0.0000 1.0000 0.0000 0.0000	</row1>
						<row2>	0.0000 0.0000 -1.0000 0.0000	</row2>
						<row3>	-0.4130 0.6987 2.2319 1.0000	</row3>
					</transform>
				</node>
				<node>
					<identifier>	HP_FX_FloodLight_right_1	</identifier>
					<transform>
						<row0>	1.0000 0.0000 0.0000 0.0000	</row0>
						<row1>	0.0000 1.0000 0.0000 0.0000	</row1>
						<row2>	0.0000 0.0000 1.0000 0.0000	</row2>
						<row3>	0.4132 0.6971 2.2319 1.0000	</row3>
					</transform>
				</node>
				<node>
					<identifier>	HP_FX_Flood_steam_1	</identifier>
					<transform>
						<row0>	1.0000 0.0000 0.0000 0.0000	</row0>
						<row1>	0.0000 0.7071 -0.7071 0.0000	</row1>
						<row2>	0.0000 0.7071 0.7071 0.0000	</row2>
						<row3>	0.0000 1.5730 0.3480 1.0000	</row3>
					</transform>
				</node>
				<node>
					<identifier>	HP_FX_Flood_steam_left	</identifier>
					<transform>
						<row0>	-0.9971 0.0000 0.0764 0.0000	</row0>
						<row1>	0.0000 1.0000 0.0000 0.0000	</row1>
						<row2>	-0.0764 0.0000 -0.9971 0.0000	</row2>
						<row3>	-0.5872 0.3163 1.9996 1.0000	</row3>
					</transform>
				</node>
				<node>
					<identifier>	HP_FX_Flood_water_left	</identifier>
					<transform>
						<row0>	-0.9978 0.0000 0.0656 0.0000	</row0>
						<row1>	0.0000 1.0000 0.0000 0.0000	</row1>
						<row2>	-0.0656 0.0000 -0.9978 0.0000	</row2>
						<row3>	-0.4355 0.0714 3.5228 1.0000	</row3>
					</transform>
				</node>
				<node>
					<identifier>	HP_FX_Flood_water_left_1	</identifier>
					<transform>
						<row0>	-0.9989 0.0000 0.0453 0.0000	</row0>
						<row1>	0.0000 1.0000 0.0000 0.0000	</row1>
						<row2>	-0.0453 0.0000 -0.9989 0.0000	</row2>
						<row3>	-0.5434 0.0744 2.3289 1.0000	</row3>
					</transform>
				</node>
				<node>
					<identifier>	HP_FX_Flood_water_right	</identifier>
					<transform>
						<row0>	0.9960 0.0000 0.0891 0.0000	</row0>
						<row1>	0.0000 1.0000 0.0000 0.0000	</row1>
						<row2>	-0.0891 0.0000 0.9960 0.0000	</row2>
						<row3>	0.3947 0.0717 3.8885 1.0000	</row3>
					</transform>
				</node>
				<node>
					<identifier>	HP_FX_Flood_water_right_1	</identifier>
					<transform>
						<row0>	0.9965 0.0000 0.0828 0.0000	</row0>
						<row1>	0.0000 1.0000 0.0000 0.0000	</row1>
						<row2>	-0.0828 0.0000 0.9965 0.0000	</row2>
						<row3>	0.5432 0.0725 2.3295 1.0000	</row3>
					</transform>
				</node>
				<node>
					<identifier>	HP_FX_RepairLight_right_1	</identifier>
					<transform>
						<row0>	0.0753 0.0000 -0.9972 0.0000	</row0>
						<row1>	0.0000 1.0000 0.0000 0.0000	</row1>
						<row2>	0.9972 0.0000 0.0753 0.0000	</row2>
						<row3>	0.5535 0.4329 3.6260 1.0000	</row3>
					</transform>
				</node>
				<node>
					<identifier>	HP_FX_Smoke_1	</identifier>
					<transform>
						<row0>	1.0000 0.0000 0.0000 0.0000	</row0>
						<row1>	0.0000 0.7071 -0.7071 0.0000	</row1>
						<row2>	0.0000 0.7071 0.7071 0.0000	</row2>
						<row3>	0.0000 1.5485 0.3383 1.0000	</row3>
					</transform>
				</node>
				<node>
					<identifier>	HP_Flagpole	</identifier>
					<transform>
						<row0>	1.0000 0.0000 0.0000 0.0000	</row0>
						<row1>	0.0000 1.0000 0.0000 0.0000	</row1>
						<row2>	0.0000 0.0000 1.0000 0.0000	</row2>
						<row3>	0.0000 2.1944 0.2728 1.0000	</row3>
					</transform>
				</node>
				<node>
					<identifier>	HP_HD_1	</identifier>
					<transform>
						<row0>	0.0000 0.0000 1.0000 0.0000	</row0>
						<row1>	0.0000 1.0000 0.0000 0.0000	</row1>
						<row2>	-1.0000 0.0000 0.0000 0.0000	</row2>
						<row3>	-0.2759 1.0853 1.5516 1.0000	</row3>
					</transform>
				</node>
				<node>
					<identifier>	HP_HD_10	</identifier>
					<transform>
						<row0>	0.0000 0.0000 -1.0000 0.0000	</row0>
						<row1>	0.0000 1.0000 0.0000 0.0000	</row1>
						<row2>	1.0000 0.0000 0.0000 0.0000	</row2>
						<row3>	0.3903 0.9436 1.0420 1.0000	</row3>
					</transform>
				</node>
				<node>
					<identifier>	HP_HD_11	</identifier>
					<transform>
						<row0>	1.0000 0.0000 0.0000 0.0000	</row0>
						<row1>	0.0000 1.0000 0.0000 0.0000	</row1>
						<row2>	0.0000 0.0000 1.0000 0.0000	</row2>
						<row3>	0.0000 1.3644 1.0331 1.0000	</row3>
					</transform>
				</node>
				<node>
					<identifier>	HP_HD_2	</identifier>
					<transform>
						<row0>	0.0000 0.0000 -1.0000 0.0000	</row0>
						<row1>	0.0000 1.0000 0.0000 0.0000	</row1>
						<row2>	1.0000 0.0000 0.0000 0.0000	</row2>
						<row3>	0.2759 1.0853 1.5516 1.0000	</row3>
					</transform>
				</node>
				<node>
					<identifier>	HP_HD_3	</identifier>
					<transform>
						<row0>	1.0000 0.0000 0.0000 0.0000	</row0>
						<row1>	0.0000 1.0000 0.0000 0.0000	</row1>
						<row2>	0.0000 0.0000 1.0000 0.0000	</row2>
						<row3>	-0.0367 1.3125 1.4417 1.0000	</row3>
					</transform>
				</node>
				<node>
					<identifier>	HP_HD_4	</identifier>
					<transform>
						<row0>	0.0000 0.0000 1.0000 0.0000	</row0>
						<row1>	0.0000 1.0000 0.0000 0.0000	</row1>
						<row2>	-1.0000 0.0000 0.0000 0.0000	</row2>
						<row3>	-0.2759 1.0853 1.4350 1.0000	</row3>
					</transform>
				</node>
				<node>
					<identifier>	HP_HD_5	</identifier>
					<transform>
						<row0>	0.0000 0.0000 -1.0000 0.0000	</row0>
						<row1>	0.0000 1.0000 0.0000 0.0000	</row1>
						<row2>	1.0000 0.0000 0.0000 0.0000	</row2>
						<row3>	0.2759 1.0853 1.4350 1.0000	</row3>
					</transform>
				</node>
				<node>
					<identifier>	HP_HD_6	</identifier>
					<transform>
						<row0>	0.7071 0.0000 0.7071 0.0000	</row0>
						<row1>	0.0000 1.0000 0.0000 0.0000	</row1>
						<row2>	-0.7071 0.0000 0.7071 0.0000	</row2>
						<row3>	-0.4449 0.7249 1.3924 1.0000	</row3>
					</transform>
				</node>
				<node>
					<identifier>	HP_HD_7	</identifier>
					<transform>
						<row0>	0.7071 0.0000 -0.7071 0.0000	</row0>
						<row1>	0.0000 1.0000 0.0000 0.0000	</row1>
						<row2>	0.7071 0.0000 0.7071 0.0000	</row2>
						<row3>	0.4449 0.7246 1.3924 1.0000	</row3>
					</transform>
				</node>
				<node>
					<identifier>	HP_HD_8	</identifier>
					<transform>
						<row0>	1.0000 0.0000 0.0000 0.0000	</row0>
						<row1>	0.0000 1.0000 0.0000 0.0000	</row1>
						<row2>	0.0000 0.0000 1.0000 0.0000	</row2>
						<row3>	0.0004 1.2605 1.2986 1.0000	</row3>
					</transform>
				</node>
				<node>
					<identifier>	HP_HD_9	</identifier>
					<transform>
						<row0>	0.0000 0.0000 1.0000 0.0000	</row0>
						<row1>	0.0000 1.0000 0.0000 0.0000	</row1>
						<row2>	-1.0000 0.0000 0.0000 0.0000	</row2>
						<row3>	-0.3903 0.9436 1.0420 1.0000	</row3>
					</transform>
				</node>
				<node>
					<identifier>	HP_HGA_1	</identifier>
					<transform>
						<row0>	0.7071 0.0000 0.7071 0.0000	</row0>
						<row1>	0.0000 1.0000 0.0000 0.0000	</row1>
						<row2>	-0.7071 0.0000 0.7071 0.0000	</row2>
						<row3>	-0.2539 0.7257 2.5123 1.0000	</row3>
					</transform>
				</node>
				<node>
					<identifier>	HP_HGA_2	</identifier>
					<transform>
						<row0>	0.7071 0.0000 -0.7071 0.0000	</row0>
						<row1>	0.0000 1.0000 0.0000 0.0000	</row1>
						<row2>	0.7071 0.0000 0.7071 0.0000	</row2>
						<row3>	0.2539 0.7257 2.5123 1.0000	</row3>
					</transform>
				</node>
				<node>
					<identifier>	HP_HGA_3	</identifier>
					<transform>
						<row0>	0.7071 0.0000 0.7071 0.0000	</row0>
						<row1>	0.0000 1.0000 0.0000 0.0000	</row1>
						<row2>	-0.7071 0.0000 0.7071 0.0000	</row2>
						<row3>	-0.2016 0.9413 2.2326 1.0000	</row3>
					</transform>
				</node>
				<node>
					<identifier>	HP_HGA_4	</identifier>
					<transform>
						<row0>	0.7071 0.0000 -0.7071 0.0000	</row0>
						<row1>	0.0000 1.0000 0.0000 0.0000	</row1>
						<row2>	0.7071 0.0000 0.7071 0.0000	</row2>
						<row3>	0.2016 0.9413 2.2326 1.0000	</row3>
					</transform>
				</node>
				<node>
					<identifier>	HP_HGA_5	</identifier>
					<transform>
						<row0>	0.0000 0.0000 1.0000 0.0000	</row0>
						<row1>	0.0000 1.0000 0.0000 0.0000	</row1>
						<row2>	-1.0000 0.0000 0.0000 0.0000	</row2>
						<row3>	-0.4672 0.5791 1.8579 1.0000	</row3>
					</transform>
				</node>
				<node>
					<identifier>	HP_HGA_6	</identifier>
					<transform>
						<row0>	0.0000 0.0000 -1.0000 0.0000	</row0>
						<row1>	0.0000 1.0000 0.0000 0.0000	</row1>
						<row2>	1.0000 0.0000 0.0000 0.0000	</row2>
						<row3>	0.4672 0.5791 1.8579 1.0000	</row3>
					</transform>
				</node>
				<node>
					<identifier>	HP_HGM_2	</identifier>
					<transform>
						<row0>	1.0000 0.0000 0.0000 0.0000	</row0>
						<row1>	0.0000 1.0000 0.0000 0.0000	</row1>
						<row2>	0.0000 0.0000 1.0000 0.0000	</row2>
						<row3>	0.0000 0.5793 3.8187 1.0000	</row3>
					</transform>
				</node>
				<node>
					<identifier>	HP_HGM_3	</identifier>
					<transform>
						<row0>	1.0000 0.0000 0.0000 0.0000	</row0>
						<row1>	0.0000 1.0000 0.0000 0.0000	</row1>
						<row2>	0.0000 0.0000 1.0000 0.0000	</row2>
						<row3>	0.0000 0.7255 3.2586 1.0000	</row3>
					</transform>
				</node>
				<node>
					<identifier>	HP_HRS_1	</identifier>
					<transform>
						<row0>	1.0000 0.0000 0.0000 0.0000	</row0>
						<row1>	0.0000 1.0000 0.0000 0.0000	</row1>
						<row2>	0.0000 0.0000 1.0000 0.0000	</row2>
						<row3>	0.0000 1.2328 2.1145 1.0000	</row3>
					</transform>
				</node>
				<node>
					<identifier>	HP_HRS_2	</identifier>
					<transform>
						<row0>	1.0000 0.0000 0.0000 0.0000	</row0>
						<row1>	0.0000 1.0000 0.0000 0.0000	</row1>
						<row2>	0.0000 0.0000 1.0000 0.0000	</row2>
						<row3>	0.0000 1.5531 0.7379 1.0000	</row3>
					</transform>
				</node>
				<node>
					<identifier>	HP_HRS_3	</identifier>
					<transform>
						<row0>	1.0000 0.0000 0.0000 0.0000	</row0>
						<row1>	0.0000 1.0000 0.0000 0.0000	</row1>
						<row2>	0.0000 0.0000 1.0000 0.0000	</row2>
						<row3>	0.0000 2.2707 0.4538 1.0000	</row3>
					</transform>
				</node>
				<node>
					<identifier>	HP_flag_1	</identifier>
					<transform>
						<row0>	0.9754 -0.2176 0.0346 0.0000	</row0>
						<row1>	0.2176 0.9268 -0.3059 0.0000	</row1>
						<row2>	0.0346 0.3059 0.9514 0.0000	</row2>
						<row3>	0.4048 2.0816 0.4714 1.0000	</row3>
					</transform>
				</node>
				<node>
					<identifier>	HP_flag_2	</identifier>
					<transform>
						<row0>	0.9755 0.2173 -0.0345 0.0000	</row0>
						<row1>	-0.2173 0.9269 -0.3060 0.0000	</row1>
						<row2>	-0.0345 0.3060 0.9514 0.0000	</row2>
						<row3>	-0.4037 2.0819 0.4713 1.0000	</row3>
					</transform>
				</node>
				<node>
					<identifier>	HP_flag_3	</identifier>
					<transform>
						<row0>	0.9909 -0.1337 0.0151 0.0000	</row0>
						<row1>	0.1337 0.9657 -0.2225 0.0000	</row1>
						<row2>	0.0151 0.2225 0.9748 0.0000	</row2>
						<row3>	0.2830 2.0794 0.4663 1.0000	</row3>
					</transform>
				</node>
				<node>
					<identifier>	HP_flag_4	</identifier>
					<transform>
						<row0>	0.9909 0.1335 -0.0151 0.0000	</row0>
						<row1>	-0.1335 0.9657 -0.2226 0.0000	</row1>
						<row2>	-0.0151 0.2226 0.9748 0.0000	</row2>
						<row3>	-0.2819 2.0796 0.4663 1.0000	</row3>
					</transform>
				</node>
				<node>
					<identifier>	HP_flag_courtesy	</identifier>
					<transform>
						<row0>	0.9652 -0.2573 0.0466 0.0000	</row0>
						<row1>	0.2573 0.9027 -0.3448 0.0000	</row1>
						<row2>	0.0466 0.3448 0.9375 0.0000	</row2>
						<row3>	0.4790 2.1314 0.4552 1.0000	</row3>
					</transform>
				</node>
				<node>
					<identifier>	HP_flag_house	</identifier>
					<transform>
						<row0>	0.9653 0.2570 -0.0466 0.0000	</row0>
						<row1>	-0.2570 0.9028 -0.3448 0.0000	</row1>
						<row2>	-0.0466 0.3448 0.9375 0.0000	</row2>
						<row3>	-0.4785 2.1319 0.4561 1.0000	</row3>
					</transform>
				</node>
				<node>
					<identifier>	MP_CM011_Fire_Fighting_Gear	</identifier>
					<transform>
						<row0>	0.0000 0.0000 1.0000 0.0000	</row0>
						<row1>	0.0000 1.0000 0.0000 0.0000	</row1>
						<row2>	-1.0000 0.0000 0.0000 0.0000	</row2>
						<row3>	0.4769 0.4180 3.2987 1.0000	</row3>
					</transform>
				</node>
				<node>
					<identifier>	MP_CM011_Fire_Fighting_Gear_INDEX_1	</identifier>
					<transform>
						<row0>	0.0000 0.0000 -1.0000 0.0000	</row0>
						<row1>	0.0000 1.0000 0.0000 0.0000	</row1>
						<row2>	1.0000 0.0000 0.0000 0.0000	</row2>
						<row3>	-0.4769 0.4180 3.2987 1.0000	</row3>
					</transform>
				</node>
				<node>
					<identifier>	MP_CM011_Fire_Fighting_Gear_INDEX_2	</identifier>
					<transform>
						<row0>	0.0000 0.0000 1.0000 0.0000	</row0>
						<row1>	0.0000 1.0000 0.0000 0.0000	</row1>
						<row2>	-1.0000 0.0000 0.0000 0.0000	</row2>
						<row3>	0.4750 0.3953 1.8753 1.0000	</row3>
					</transform>
				</node>
				<node>
					<identifier>	MP_CM011_Fire_Fighting_Gear_INDEX_3	</identifier>
					<transform>
						<row0>	0.0000 0.0000 -1.0000 0.0000	</row0>
						<row1>	0.0000 1.0000 0.0000 0.0000	</row1>
						<row2>	1.0000 0.0000 0.0000 0.0000	</row2>
						<row3>	-0.4750 0.3953 1.8753 1.0000	</row3>
					</transform>
				</node>
				<node>
					<identifier>	MP_CM014_Fuel_Oil_Hose	</identifier>
					<transform>
						<row0>	-0.9065 0.0000 0.4223 0.0000	</row0>
						<row1>	0.0000 1.0000 0.0000 0.0000	</row1>
						<row2>	-0.4223 0.0000 -0.9065 0.0000	</row2>
						<row3>	0.4309 0.5534 1.6599 1.0000	</row3>
					</transform>
				</node>
				<node>
					<identifier>	MP_CM014_Fuel_Oil_Hose_INDEX_1	</identifier>
					<transform>
						<row0>	0.9065 0.0000 0.4223 0.0000	</row0>
						<row1>	0.0000 1.0000 0.0000 0.0000	</row1>
						<row2>	-0.4223 0.0000 0.9065 0.0000	</row2>
						<row3>	-0.4309 0.5534 1.6599 1.0000	</row3>
					</transform>
				</node>
				<node>
					<identifier>	MP_CM029_Emergency_Box	</identifier>
					<transform>
						<row0>	0.0000 0.0000 1.0000 0.0000	</row0>
						<row1>	0.0000 1.0000 0.0000 0.0000	</row1>
						<row2>	-1.0000 0.0000 0.0000 0.0000	</row2>
						<row3>	0.4739 0.4758 3.2596 1.0000	</row3>
					</transform>
				</node>
				<node>
					<identifier>	MP_CM029_Emergency_Box_INDEX_1	</identifier>
					<transform>
						<row0>	0.0000 0.0000 1.0000 0.0000	</row0>
						<row1>	0.0000 1.0000 0.0000 0.0000	</row1>
						<row2>	-1.0000 0.0000 0.0000 0.0000	</row2>
						<row3>	0.2859 0.4604 0.5996 1.0000	</row3>
					</transform>
				</node>
				<node>
					<identifier>	MP_CM029_Emergency_Box_INDEX_2	</identifier>
					<transform>
						<row0>	0.0000 0.0000 -1.0000 0.0000	</row0>
						<row1>	0.0000 1.0000 0.0000 0.0000	</row1>
						<row2>	1.0000 0.0000 0.0000 0.0000	</row2>
						<row3>	-0.2859 0.4604 0.5996 1.0000	</row3>
					</transform>
				</node>
				<node>
					<identifier>	MP_CM029_Emergency_Box_INDEX_3	</identifier>
					<transform>
						<row0>	0.0000 0.0000 -1.0000 0.0000	</row0>
						<row1>	0.0000 1.0000 0.0000 0.0000	</row1>
						<row2>	1.0000 0.0000 0.0000 0.0000	</row2>
						<row3>	-0.4129 0.6400 2.3220 1.0000	</row3>
					</transform>
				</node>
				<node>
					<identifier>	MP_CM029_Emergency_Box_INDEX_4	</identifier>
					<transform>
						<row0>	0.0000 0.0000 -1.0000 0.0000	</row0>
						<row1>	0.0000 1.0000 0.0000 0.0000	</row1>
						<row2>	1.0000 0.0000 0.0000 0.0000	</row2>
						<row3>	-0.4739 0.4758 3.2596 1.0000	</row3>
					</transform>
				</node>
				<node>
					<identifier>	MP_CM056_Ships_bell	</identifier>
					<transform>
						<row0>	0.5251 0.0000 0.0000 0.0000	</row0>
						<row1>	0.0000 0.5251 0.0000 0.0000	</row1>
						<row2>	0.0000 0.0000 0.5251 0.0000	</row2>
						<row3>	-0.0003 0.7205 0.3536 1.0000	</row3>
					</transform>
				</node>
				<node>
					<identifier>	MP_CM059_Ladder_Cruiser	</identifier>
					<transform>
						<row0>	0.0000 -1.0000 0.0000 0.0000	</row0>
						<row1>	0.9998 0.0000 -0.0195 0.0000	</row1>
						<row2>	0.0195 0.0000 0.9998 0.0000	</row2>
						<row3>	-0.5920 0.4319 2.0590 1.0000	</row3>
					</transform>
				</node>
				<node>
					<identifier>	MP_CM059_Ladder_Cruiser_INDEX_1	</identifier>
					<transform>
						<row0>	0.0000 -1.0000 0.0000 0.0000	</row0>
						<row1>	0.9998 0.0000 0.0205 0.0000	</row1>
						<row2>	-0.0205 0.0000 0.9998 0.0000	</row2>
						<row3>	0.5782 0.4319 2.0590 1.0000	</row3>
					</transform>
				</node>
				<node>
					<identifier>	MP_CM082_Rope	</identifier>
					<transform>
						<row0>	0.9540 0.0000 0.2997 0.0000	</row0>
						<row1>	0.0000 1.0000 0.0000 0.0000	</row1>
						<row2>	-0.2997 0.0000 0.9540 0.0000	</row2>
						<row3>	-0.1350 1.1526 0.6289 1.0000	</row3>
					</transform>
				</node>
				<node>
					<identifier>	MP_CM082_Rope_INDEX_1	</identifier>
					<transform>
						<row0>	0.9659 0.0000 0.2588 0.0000	</row0>
						<row1>	0.0000 1.0000 0.0000 0.0000	</row1>
						<row2>	-0.2588 0.0000 0.9659 0.0000	</row2>
						<row3>	-0.1710 1.1526 0.7311 1.0000	</row3>
					</transform>
				</node>
				<node>
					<identifier>	MP_CM082_Rope_INDEX_2	</identifier>
					<transform>
						<row0>	0.9659 0.0000 -0.2588 0.0000	</row0>
						<row1>	0.0000 1.0000 0.0000 0.0000	</row1>
						<row2>	0.2588 0.0000 0.9659 0.0000	</row2>
						<row3>	0.1710 1.1526 0.7311 1.0000	</row3>
					</transform>
				</node>
				<node>
					<identifier>	MP_CM082_Rope_INDEX_3	</identifier>
					<transform>
						<row0>	0.9848 0.0000 0.1736 0.0000	</row0>
						<row1>	0.0000 1.0000 0.0000 0.0000	</row1>
						<row2>	-0.1736 0.0000 0.9848 0.0000	</row2>
						<row3>	-0.1862 1.1526 0.7794 1.0000	</row3>
					</transform>
				</node>
				<node>
					<identifier>	MP_CM082_Rope_INDEX_4	</identifier>
					<transform>
						<row0>	0.9540 0.0000 -0.2997 0.0000	</row0>
						<row1>	0.0000 1.0000 0.0000 0.0000	</row1>
						<row2>	0.2997 0.0000 0.9540 0.0000	</row2>
						<row3>	0.1350 1.1526 0.6289 1.0000	</row3>
					</transform>
				</node>
				<node>
					<identifier>	MP_CM082_Rope_INDEX_5	</identifier>
					<transform>
						<row0>	0.9848 0.0000 -0.1736 0.0000	</row0>
						<row1>	0.0000 1.0000 0.0000 0.0000	</row1>
						<row2>	0.1736 0.0000 0.9848 0.0000	</row2>
						<row3>	0.2002 1.1526 0.8300 1.0000	</row3>
					</transform>
				</node>
				<node>
					<identifier>	MP_CM082_Rope_INDEX_6	</identifier>
					<transform>
						<row0>	0.9848 0.0000 0.1736 0.0000	</row0>
						<row1>	0.0000 1.0000 0.0000 0.0000	</row1>
						<row2>	-0.1736 0.0000 0.9848 0.0000	</row2>
						<row3>	-0.2002 1.1526 0.8300 1.0000	</row3>
					</transform>
				</node>
				<node>
					<identifier>	MP_CM082_Rope_INDEX_7	</identifier>
					<transform>
						<row0>	0.9848 0.0000 -0.1736 0.0000	</row0>
						<row1>	0.0000 1.0000 0.0000 0.0000	</row1>
						<row2>	0.1736 0.0000 0.9848 0.0000	</row2>
						<row3>	0.1862 1.1526 0.7794 1.0000	</row3>
					</transform>
				</node>
				<node>
					<identifier>	MP_CM082_Rope_INDEX_8	</identifier>
					<transform>
						<row0>	0.9540 0.0000 -0.2997 0.0000	</row0>
						<row1>	0.0000 1.0000 0.0000 0.0000	</row1>
						<row2>	0.2997 0.0000 0.9540 0.0000	</row2>
						<row3>	0.1541 1.1526 0.6811 1.0000	</row3>
					</transform>
				</node>
				<node>
					<identifier>	MP_CM082_Rope_INDEX_9	</identifier>
					<transform>
						<row0>	0.9540 0.0000 0.2997 0.0000	</row0>
						<row1>	0.0000 1.0000 0.0000 0.0000	</row1>
						<row2>	-0.2997 0.0000 0.9540 0.0000	</row2>
						<row3>	-0.1541 1.1526 0.6811 1.0000	</row3>
					</transform>
				</node>
				<node>
					<identifier>	MP_GM022_Freon_Cylinder_acetylene	</identifier>
					<transform>
						<row0>	0.2175 0.0000 -0.9761 0.0000	</row0>
						<row1>	0.0000 1.0000 0.0000 0.0000	</row1>
						<row2>	0.9761 0.0000 0.2175 0.0000	</row2>
						<row3>	-0.2382 0.5797 0.9172 1.0000	</row3>
					</transform>
				</node>
				<node>
					<identifier>	MP_GM022_Freon_Cylinder_acetylene_INDEX_1	</identifier>
					<transform>
						<row0>	0.2175 0.0000 0.9761 0.0000	</row0>
						<row1>	0.0000 1.0000 0.0000 0.0000	</row1>
						<row2>	-0.9761 0.0000 0.2175 0.0000	</row2>
						<row3>	0.2382 0.5797 0.9172 1.0000	</row3>
					</transform>
				</node>
				<node>
					<identifier>	MP_HM004_Loudspeaker	</identifier>
					<transform>
						<row0>	0.9532 0.0000 -0.3023 0.0000	</row0>
						<row1>	0.0000 1.0000 0.0000 0.0000	</row1>
						<row2>	0.3023 0.0000 0.9532 0.0000	</row2>
						<row3>	0.0897 0.5717 4.0815 1.0000	</row3>
					</transform>
				</node>
				<node>
					<identifier>	MP_HM004_Loudspeaker_INDEX_1	</identifier>
					<transform>
						<row0>	-1.0000 0.0000 0.0000 0.0000	</row0>
						<row1>	0.0000 1.0000 0.0000 0.0000	</row1>
						<row2>	0.0000 0.0000 -1.0000 0.0000	</row2>
						<row3>	0.2457 0.5588 0.2715 1.0000	</row3>
					</transform>
				</node>
				<node>
					<identifier>	MP_HM004_Loudspeaker_INDEX_2	</identifier>
					<transform>
						<row0>	1.0000 0.0000 0.0000 0.0000	</row0>
						<row1>	0.0000 1.0000 0.0000 0.0000	</row1>
						<row2>	0.0000 0.0000 1.0000 0.0000	</row2>
						<row3>	0.0000 1.1717 2.1370 1.0000	</row3>
					</transform>
				</node>
				<node>
					<identifier>	MP_HM004_Loudspeaker_INDEX_3	</identifier>
					<transform>
						<row0>	0.9532 0.0000 0.3023 0.0000	</row0>
						<row1>	0.0000 1.0000 0.0000 0.0000	</row1>
						<row2>	-0.3023 0.0000 0.9532 0.0000	</row2>
						<row3>	-0.0897 0.5717 4.0815 1.0000	</row3>
					</transform>
				</node>
				<node>
					<identifier>	MP_HM004_Loudspeaker_INDEX_4	</identifier>
					<transform>
						<row0>	-1.0000 0.0000 0.0000 0.0000	</row0>
						<row1>	0.0000 1.0000 0.0000 0.0000	</row1>
						<row2>	0.0000 0.0000 -1.0000 0.0000	</row2>
						<row3>	-0.2457 0.5588 0.2715 1.0000	</row3>
					</transform>
				</node>
				<node>
					<identifier>	MP_HM005_Siren	</identifier>
					<transform>
						<row0>	1.0000 0.0000 0.0000 0.0000	</row0>
						<row1>	0.0000 1.0000 0.0000 0.0000	</row1>
						<row2>	0.0000 0.0000 1.0000 0.0000	</row2>
						<row3>	0.0000 2.1426 0.5034 1.0000	</row3>
					</transform>
				</node>
				<node>
					<identifier>	MP_HM006_Flagbox	</identifier>
					<transform>
						<row0>	0.9643 0.0000 -0.2647 0.0000	</row0>
						<row1>	0.0000 1.0000 0.0000 0.0000	</row1>
						<row2>	0.2647 0.0000 0.9643 0.0000	</row2>
						<row3>	0.1957 1.1206 0.7801 1.0000	</row3>
					</transform>
				</node>
				<node>
					<identifier>	MP_HM006_Flagbox_INDEX_1	</identifier>
					<transform>
						<row0>	0.9376 0.0000 -0.3477 0.0000	</row0>
						<row1>	0.0000 1.0000 0.0000 0.0000	</row1>
						<row2>	0.3477 0.0000 0.9376 0.0000	</row2>
						<row3>	0.1553 1.1206 0.6543 1.0000	</row3>
					</transform>
				</node>
				<node>
					<identifier>	MP_HM006_Flagbox_INDEX_2	</identifier>
					<transform>
						<row0>	-0.9643 0.0000 -0.2647 0.0000	</row0>
						<row1>	0.0000 1.0000 0.0000 0.0000	</row1>
						<row2>	0.2647 0.0000 -0.9643 0.0000	</row2>
						<row3>	-0.1957 1.1206 0.7801 1.0000	</row3>
					</transform>
				</node>
				<node>
					<identifier>	MP_HM006_Flagbox_INDEX_3	</identifier>
					<transform>
						<row0>	-0.9376 0.0000 -0.3477 0.0000	</row0>
						<row1>	0.0000 1.0000 0.0000 0.0000	</row1>
						<row2>	0.3477 0.0000 -0.9376 0.0000	</row2>
						<row3>	-0.1553 1.1206 0.6543 1.0000	</row3>
					</transform>
				</node>
				<node>
					<identifier>	MP_HM007_Lifebuoy	</identifier>
					<transform>
						<row0>	-0.0332 0.0000 -0.9994 0.0000	</row0>
						<row1>	0.0000 1.0000 0.0000 0.0000	</row1>
						<row2>	0.9994 0.0000 -0.0332 0.0000	</row2>
						<row3>	-0.5728 0.4572 1.6651 1.0000	</row3>
					</transform>
				</node>
				<node>
					<identifier>	MP_HM007_Lifebuoy_INDEX_1	</identifier>
					<transform>
						<row0>	-0.0572 0.0000 0.9984 0.0000	</row0>
						<row1>	0.0000 1.0000 0.0000 0.0000	</row1>
						<row2>	-0.9984 0.0000 -0.0572 0.0000	</row2>
						<row3>	0.5396 0.4834 3.5962 1.0000	</row3>
					</transform>
				</node>
				<node>
					<identifier>	MP_HM007_Lifebuoy_INDEX_2	</identifier>
					<transform>
						<row0>	-0.0572 0.0000 -0.9984 0.0000	</row0>
						<row1>	0.0000 1.0000 0.0000 0.0000	</row1>
						<row2>	0.9984 0.0000 -0.0572 0.0000	</row2>
						<row3>	-0.5396 0.4834 3.5962 1.0000	</row3>
					</transform>
				</node>
				<node>
					<identifier>	MP_HM007_Lifebuoy_INDEX_3	</identifier>
					<transform>
						<row0>	-0.0332 0.0000 0.9994 0.0000	</row0>
						<row1>	0.0000 1.0000 0.0000 0.0000	</row1>
						<row2>	-0.9994 0.0000 -0.0332 0.0000	</row2>
						<row3>	0.5726 0.4573 1.6647 1.0000	</row3>
					</transform>
				</node>
				<node>
					<identifier>	MP_HM009_Antenna_FM_15	</identifier>
					<transform>
						<row0>	1.0000 0.0000 0.0000 0.0000	</row0>
						<row1>	0.0000 1.0000 0.0000 0.0000	</row1>
						<row2>	0.0000 0.0000 1.0000 0.0000	</row2>
						<row3>	0.0000 1.2328 1.9519 1.0000	</row3>
					</transform>
				</node>
				<node>
					<identifier>	MP_HM029_Fire_Hose_Rack	</identifier>
					<transform>
						<row0>	0.0006 0.0000 1.0000 0.0000	</row0>
						<row1>	0.0000 1.0000 0.0000 0.0000	</row1>
						<row2>	-1.0000 0.0000 0.0006 0.0000	</row2>
						<row3>	-0.4712 0.4032 1.8325 1.0000	</row3>
					</transform>
				</node>
				<node>
					<identifier>	MP_HM029_Fire_Hose_Rack_INDEX_1	</identifier>
					<transform>
						<row0>	0.0006 0.0000 1.0000 0.0000	</row0>
						<row1>	0.0000 1.0000 0.0000 0.0000	</row1>
						<row2>	-1.0000 0.0000 0.0006 0.0000	</row2>
						<row3>	-0.4093 0.5832 2.2359 1.0000	</row3>
					</transform>
				</node>
				<node>
					<identifier>	MP_HM029_Fire_Hose_Rack_INDEX_2	</identifier>
					<transform>
						<row0>	0.0006 0.0000 -1.0000 0.0000	</row0>
						<row1>	0.0000 1.0000 0.0000 0.0000	</row1>
						<row2>	1.0000 0.0000 0.0006 0.0000	</row2>
						<row3>	0.4712 0.4032 1.8325 1.0000	</row3>
					</transform>
				</node>
				<node>
					<identifier>	MP_HM029_Fire_Hose_Rack_INDEX_3	</identifier>
					<transform>
						<row0>	0.0000 0.0000 1.0000 0.0000	</row0>
						<row1>	0.0000 1.0000 0.0000 0.0000	</row1>
						<row2>	-1.0000 0.0000 0.0000 0.0000	</row2>
						<row3>	-0.4716 0.4228 3.1369 1.0000	</row3>
					</transform>
				</node>
				<node>
					<identifier>	MP_HM029_Fire_Hose_Rack_INDEX_4	</identifier>
					<transform>
						<row0>	0.0000 0.0000 -1.0000 0.0000	</row0>
						<row1>	0.0000 1.0000 0.0000 0.0000	</row1>
						<row2>	1.0000 0.0000 0.0000 0.0000	</row2>
						<row3>	0.4716 0.4228 3.1369 1.0000	</row3>
					</transform>
				</node>
				<node>
					<identifier>	MP_HM030_Helmets	</identifier>
					<transform>
						<row0>	0.8111 0.0000 0.5849 0.0000	</row0>
						<row1>	0.0000 1.0000 0.0000 0.0000	</row1>
						<row2>	-0.5849 0.0000 0.8111 0.0000	</row2>
						<row3>	-0.1625 0.9515 2.0851 1.0000	</row3>
					</transform>
				</node>
				<node>
					<identifier>	MP_HM030_Helmets_INDEX_1	</identifier>
					<transform>
						<row0>	0.8111 0.0000 -0.5849 0.0000	</row0>
						<row1>	0.0000 1.0000 0.0000 0.0000	</row1>
						<row2>	0.5849 0.0000 0.8111 0.0000	</row2>
						<row3>	0.1625 0.9515 2.0851 1.0000	</row3>
					</transform>
				</node>
				<node>
					<identifier>	MP_HM030_Helmets_INDEX_2	</identifier>
					<transform>
						<row0>	0.0000 0.0000 1.0000 0.0000	</row0>
						<row1>	0.0000 1.0000 0.0000 0.0000	</row1>
						<row2>	-1.0000 0.0000 0.0000 0.0000	</row2>
						<row3>	-0.4066 0.6115 2.1520 1.0000	</row3>
					</transform>
				</node>
				<node>
					<identifier>	MP_HM502_Life_Boat	</identifier>
					<transform>
						<row0>	0.0000 0.0000 -1.0000 0.0000	</row0>
						<row1>	-1.0000 0.0000 0.0000 0.0000	</row1>
						<row2>	0.0000 1.0000 0.0000 0.0000	</row2>
						<row3>	-0.4063 0.6587 2.4654 1.0000	</row3>
					</transform>
				</node>
				<node>
					<identifier>	MP_HM502_Life_Boat_INDEX_1	</identifier>
					<transform>
						<row0>	0.0000 0.0000 -1.0000 0.0000	</row0>
						<row1>	-1.0000 0.0000 0.0000 0.0000	</row1>
						<row2>	0.0000 1.0000 0.0000 0.0000	</row2>
						<row3>	-0.2806 0.4691 1.2015 1.0000	</row3>
					</transform>
				</node>
				<node>
					<identifier>	MP_HM502_Life_Boat_INDEX_10	</identifier>
					<transform>
						<row0>	0.0000 0.0000 1.0000 0.0000	</row0>
						<row1>	1.0000 0.0000 0.0000 0.0000	</row1>
						<row2>	0.0000 1.0000 0.0000 0.0000	</row2>
						<row3>	0.4680 0.4757 2.6006 1.0000	</row3>
					</transform>
				</node>
				<node>
					<identifier>	MP_HM502_Life_Boat_INDEX_11	</identifier>
					<transform>
						<row0>	-0.3822 0.0000 -0.9241 0.0000	</row0>
						<row1>	-0.9241 0.0000 0.3822 0.0000	</row1>
						<row2>	0.0000 1.0000 0.0000 0.0000	</row2>
						<row3>	-0.3579 0.6587 2.9975 1.0000	</row3>
					</transform>
				</node>
				<node>
					<identifier>	MP_HM502_Life_Boat_INDEX_12	</identifier>
					<transform>
						<row0>	0.0000 0.0000 -1.0000 0.0000	</row0>
						<row1>	-1.0000 0.0000 0.0000 0.0000	</row1>
						<row2>	0.0000 1.0000 0.0000 0.0000	</row2>
						<row3>	-0.4680 0.4757 2.6006 1.0000	</row3>
					</transform>
				</node>
				<node>
					<identifier>	MP_HM502_Life_Boat_INDEX_13	</identifier>
					<transform>
						<row0>	0.0000 0.0000 1.0000 0.0000	</row0>
						<row1>	1.0000 0.0000 0.0000 0.0000	</row1>
						<row2>	0.0000 1.0000 0.0000 0.0000	</row2>
						<row3>	0.4680 0.4785 2.7805 1.0000	</row3>
					</transform>
				</node>
				<node>
					<identifier>	MP_HM502_Life_Boat_INDEX_14	</identifier>
					<transform>
						<row0>	-0.0019 1.0000 -0.0018 0.0000	</row0>
						<row1>	0.7389 0.0026 0.6738 0.0000	</row1>
						<row2>	0.6738 0.0000 -0.7389 0.0000	</row2>
						<row3>	0.1837 0.8229 2.2628 1.0000	</row3>
					</transform>
				</node>
				<node>
					<identifier>	MP_HM502_Life_Boat_INDEX_15	</identifier>
					<transform>
						<row0>	0.0000 0.0000 1.0000 0.0000	</row0>
						<row1>	1.0000 0.0000 0.0000 0.0000	</row1>
						<row2>	0.0000 1.0000 0.0000 0.0000	</row2>
						<row3>	0.2806 0.4691 1.2015 1.0000	</row3>
					</transform>
				</node>
				<node>
					<identifier>	MP_HM502_Life_Boat_INDEX_16	</identifier>
					<transform>
						<row0>	0.0000 0.0000 1.0000 0.0000	</row0>
						<row1>	1.0000 0.0000 0.0000 0.0000	</row1>
						<row2>	0.0000 1.0000 0.0000 0.0000	</row2>
						<row3>	0.4063 0.6587 2.4654 1.0000	</row3>
					</transform>
				</node>
				<node>
					<identifier>	MP_HM502_Life_Boat_INDEX_17	</identifier>
					<transform>
						<row0>	0.0000 0.0000 1.0000 0.0000	</row0>
						<row1>	1.0000 0.0000 0.0000 0.0000	</row1>
						<row2>	0.0000 1.0000 0.0000 0.0000	</row2>
						<row3>	0.4680 0.4757 2.4205 1.0000	</row3>
					</transform>
				</node>
				<node>
					<identifier>	MP_HM502_Life_Boat_INDEX_18	</identifier>
					<transform>
						<row0>	0.0000 0.0000 -1.0000 0.0000	</row0>
						<row1>	-1.0000 0.0000 0.0000 0.0000	</row1>
						<row2>	0.0000 1.0000 0.0000 0.0000	</row2>
						<row3>	-0.4680 0.4785 2.7805 1.0000	</row3>
					</transform>
				</node>
				<node>
					<identifier>	MP_HM502_Life_Boat_INDEX_19	</identifier>
					<transform>
						<row0>	0.0000 0.0000 1.0000 0.0000	</row0>
						<row1>	1.0000 0.0000 0.0000 0.0000	</row1>
						<row2>	0.0000 1.0000 0.0000 0.0000	</row2>
						<row3>	0.4680 0.4810 2.9615 1.0000	</row3>
					</transform>
				</node>
				<node>
					<identifier>	MP_HM502_Life_Boat_INDEX_2	</identifier>
					<transform>
						<row0>	0.0000 0.0000 -1.0000 0.0000	</row0>
						<row1>	-1.0000 0.0000 0.0000 0.0000	</row1>
						<row2>	0.0000 1.0000 0.0000 0.0000	</row2>
						<row3>	-0.2806 0.4691 1.0236 1.0000	</row3>
					</transform>
				</node>
				<node>
					<identifier>	MP_HM502_Life_Boat_INDEX_3	</identifier>
					<transform>
						<row0>	0.0000 0.0000 -1.0000 0.0000	</row0>
						<row1>	-1.0000 0.0000 0.0000 0.0000	</row1>
						<row2>	0.0000 1.0000 0.0000 0.0000	</row2>
						<row3>	-0.4063 0.6587 2.6459 1.0000	</row3>
					</transform>
				</node>
				<node>
					<identifier>	MP_HM502_Life_Boat_INDEX_4	</identifier>
					<transform>
						<row0>	0.0000 0.0000 1.0000 0.0000	</row0>
						<row1>	1.0000 0.0000 0.0000 0.0000	</row1>
						<row2>	0.0000 1.0000 0.0000 0.0000	</row2>
						<row3>	0.4063 0.6587 2.6459 1.0000	</row3>
					</transform>
				</node>
				<node>
					<identifier>	MP_HM502_Life_Boat_INDEX_5	</identifier>
					<transform>
						<row0>	-0.3822 0.0000 0.9241 0.0000	</row0>
						<row1>	0.9241 0.0000 0.3822 0.0000	</row1>
						<row2>	0.0000 1.0000 0.0000 0.0000	</row2>
						<row3>	0.3579 0.6587 2.9975 1.0000	</row3>
					</transform>
				</node>
				<node>
					<identifier>	MP_HM502_Life_Boat_INDEX_6	</identifier>
					<transform>
						<row0>	0.0000 0.0000 -1.0000 0.0000	</row0>
						<row1>	-1.0000 0.0000 0.0000 0.0000	</row1>
						<row2>	0.0000 1.0000 0.0000 0.0000	</row2>
						<row3>	-0.4680 0.4757 2.4205 1.0000	</row3>
					</transform>
				</node>
				<node>
					<identifier>	MP_HM502_Life_Boat_INDEX_7	</identifier>
					<transform>
						<row0>	-0.0019 -1.0000 0.0018 0.0000	</row0>
						<row1>	-0.7389 0.0026 0.6738 0.0000	</row1>
						<row2>	-0.6738 0.0000 -0.7389 0.0000	</row2>
						<row3>	-0.1837 0.8229 2.2628 1.0000	</row3>
					</transform>
				</node>
				<node>
					<identifier>	MP_HM502_Life_Boat_INDEX_8	</identifier>
					<transform>
						<row0>	0.0000 0.0000 -1.0000 0.0000	</row0>
						<row1>	-1.0000 0.0000 0.0000 0.0000	</row1>
						<row2>	0.0000 1.0000 0.0000 0.0000	</row2>
						<row3>	-0.4680 0.4810 2.9615 1.0000	</row3>
					</transform>
				</node>
				<node>
					<identifier>	MP_HM502_Life_Boat_INDEX_9	</identifier>
					<transform>
						<row0>	0.0000 0.0000 1.0000 0.0000	</row0>
						<row1>	1.0000 0.0000 0.0000 0.0000	</row1>
						<row2>	0.0000 1.0000 0.0000 0.0000	</row2>
						<row3>	0.2806 0.4691 1.0236 1.0000	</row3>
					</transform>
				</node>
				<node>
					<identifier>	MP_HM5048_Whaleboat_27ft	</identifier>
					<transform>
						<row0>	1.0000 0.0000 0.0000 0.0000	</row0>
						<row1>	0.0000 1.0000 0.0000 0.0000	</row1>
						<row2>	0.0000 0.0000 1.0000 0.0000	</row2>
						<row3>	-0.2036 0.5877 0.3270 1.0000	</row3>
					</transform>
				</node>
				<node>
					<identifier>	MP_HM5048_Whaleboat_27ft_INDEX_1	</identifier>
					<transform>
						<row0>	1.0000 0.0000 0.0000 0.0000	</row0>
						<row1>	0.0000 1.0000 0.0000 0.0000	</row1>
						<row2>	0.0000 0.0000 1.0000 0.0000	</row2>
						<row3>	0.2036 0.5877 0.3270 1.0000	</row3>
					</transform>
				</node>
				<node>
					<identifier>	MP_HM5048_Whaleboat_27ft_INDEX_2	</identifier>
					<transform>
						<row0>	1.0000 0.0000 0.0000 0.0000	</row0>
						<row1>	0.0000 1.0000 0.0000 0.0000	</row1>
						<row2>	0.0000 0.0000 1.0000 0.0000	</row2>
						<row3>	0.2036 0.7092 0.3270 1.0000	</row3>
					</transform>
				</node>
				<node>
					<identifier>	MP_HM5048_Whaleboat_27ft_INDEX_3	</identifier>
					<transform>
						<row0>	1.0000 0.0000 0.0000 0.0000	</row0>
						<row1>	0.0000 1.0000 0.0000 0.0000	</row1>
						<row2>	0.0000 0.0000 1.0000 0.0000	</row2>
						<row3>	-0.2036 0.7092 0.3270 1.0000	</row3>
					</transform>
				</node>
				<node>
					<identifier>	MP_HM507_Motorsloep_11_5_m	</identifier>
					<transform>
						<row0>	1.0000 0.0000 0.0000 0.0000	</row0>
						<row1>	0.0000 1.0000 0.0000 0.0000	</row1>
						<row2>	0.0000 0.0000 1.0000 0.0000	</row2>
						<row3>	-0.5152 0.4573 0.2500 1.0000	</row3>
					</transform>
				</node>
				<node>
					<identifier>	MP_HM507_Motorsloep_11_5_m_INDEX_1	</identifier>
					<transform>
						<row0>	1.0000 0.0000 0.0000 0.0000	</row0>
						<row1>	0.0000 1.0000 0.0000 0.0000	</row1>
						<row2>	0.0000 0.0000 1.0000 0.0000	</row2>
						<row3>	0.5152 0.4573 0.2500 1.0000	</row3>
					</transform>
				</node>
				<node>
					<identifier>	MP_HM510_Motorjol_19ft_6_1m	</identifier>
					<transform>
						<row0>	1.0000 0.0000 0.0000 0.0000	</row0>
						<row1>	0.0000 1.0000 0.0000 0.0000	</row1>
						<row2>	0.0000 0.0000 1.0000 0.0000	</row2>
						<row3>	-0.5360 0.4406 1.0259 1.0000	</row3>
					</transform>
				</node>
				<node>
					<identifier>	MP_HM510_Motorjol_19ft_6_1m_INDEX_1	</identifier>
					<transform>
						<row0>	1.0000 0.0000 0.0000 0.0000	</row0>
						<row1>	0.0000 1.0000 0.0000 0.0000	</row1>
						<row2>	0.0000 0.0000 1.0000 0.0000	</row2>
						<row3>	0.5360 0.4406 1.0259 1.0000	</row3>
					</transform>
				</node>
				<node>
					<identifier>	MP_HM600_Binocular	</identifier>
					<transform>
						<row0>	0.0000 0.0000 1.0000 0.0000	</row0>
						<row1>	0.0000 1.0000 0.0000 0.0000	</row1>
						<row2>	-1.0000 0.0000 0.0000 0.0000	</row2>
						<row3>	0.2916 1.0870 1.3453 1.0000	</row3>
					</transform>
				</node>
				<node>
					<identifier>	MP_HM600_Binocular_INDEX_1	</identifier>
					<transform>
						<row0>	0.0000 0.0000 1.0000 0.0000	</row0>
						<row1>	0.0000 1.0000 0.0000 0.0000	</row1>
						<row2>	-1.0000 0.0000 0.0000 0.0000	</row2>
						<row3>	0.3052 1.0870 1.6393 1.0000	</row3>
					</transform>
				</node>
				<node>
					<identifier>	MP_HM600_Binocular_INDEX_2	</identifier>
					<transform>
						<row0>	0.0000 0.0000 -1.0000 0.0000	</row0>
						<row1>	0.0000 1.0000 0.0000 0.0000	</row1>
						<row2>	1.0000 0.0000 0.0000 0.0000	</row2>
						<row3>	-0.2916 1.0870 1.3453 1.0000	</row3>
					</transform>
				</node>
				<node>
					<identifier>	MP_HM600_Binocular_INDEX_3	</identifier>
					<transform>
						<row0>	0.0000 0.0000 -1.0000 0.0000	</row0>
						<row1>	0.0000 1.0000 0.0000 0.0000	</row1>
						<row2>	1.0000 0.0000 0.0000 0.0000	</row2>
						<row3>	-0.3052 1.0870 1.6393 1.0000	</row3>
					</transform>
				</node>
				<node>
					<identifier>	MP_HM605_Steering_wheel	</identifier>
					<transform>
						<row0>	1.0000 0.0000 0.0000 0.0000	</row0>
						<row1>	0.0000 1.0000 0.0000 0.0000	</row1>
						<row2>	0.0000 0.0000 1.0000 0.0000	</row2>
						<row3>	-0.0231 1.0869 2.0033 1.0000	</row3>
					</transform>
				</node>
				<node>
					<identifier>	MP_HM606_Compass_repeater	</identifier>
					<transform>
						<row0>	1.0000 0.0000 0.0000 0.0000	</row0>
						<row1>	0.0000 1.0000 0.0000 0.0000	</row1>
						<row2>	0.0000 0.0000 1.0000 0.0000	</row2>
						<row3>	0.0004 1.0869 1.6566 1.0000	</row3>
					</transform>
				</node>
				<node>
