<HSC304_Utrecht_1957_Stern_ports.visual>
	<skeleton>
		<node>
			<identifier>	Scene Root	</identifier>
			<transform>
				<row0>	1.0000 0.0000 0.0000 0.0000	</row0>
				<row1>	0.0000 1.0000 0.0000 0.0000	</row1>
				<row2>	0.0000 0.0000 1.0000 0.0000	</row2>
				<row3>	0.0000 0.0000 0.0000 1.0000	</row3>
			</transform>
			<node>
				<identifier>	Stern_ports	</identifier>
				<transform>
					<row0>	1.0000 0.0000 0.0000 0.0000	</row0>
					<row1>	0.0000 1.0000 0.0000 0.0000	</row1>
					<row2>	0.0000 0.0000 1.0000 0.0000	</row2>
					<row3>	0.0000 0.0000 0.0000 1.0000	</row3>
				</transform>
				<node>
					<identifier>	HP_FX_Fire_4	</identifier>
					<transform>
						<row0>	1.0000 0.0000 0.0000 0.0000	</row0>
						<row1>	0.0000 1.0000 0.0000 0.0000	</row1>
						<row2>	0.0000 0.0000 1.0000 0.0000	</row2>
						<row3>	0.0000 0.2046 -5.7184 1.0000	</row3>
					</transform>
				</node>
				<node>
					<identifier>	HP_FX_WakeTraceBack	</identifier>
					<transform>
						<row0>	1.0000 0.0000 0.0000 0.0000	</row0>
						<row1>	0.0000 1.0000 0.0000 0.0000	</row1>
						<row2>	0.0000 0.0000 1.0000 0.0000	</row2>
						<row3>	0.0000 0.0000 -6.6600 1.0000	</row3>
					</transform>
				</node>
				<node>
					<identifier>	HP_FX_WakeTrace_screw_1	</identifier>
					<transform>
						<row0>	1.0000 0.0000 0.0000 0.0000	</row0>
						<row1>	0.0000 1.0000 0.0000 0.0000	</row1>
						<row2>	0.0000 0.0000 1.0000 0.0000	</row2>
						<row3>	-0.2502 -0.3111 -5.8376 1.0000	</row3>
					</transform>
				</node>
				<node>
					<identifier>	HP_FX_WakeTrace_screw_2	</identifier>
					<transform>
						<row0>	1.0000 0.0000 0.0000 0.0000	</row0>
						<row1>	0.0000 1.0000 0.0000 0.0000	</row1>
						<row2>	0.0000 0.0000 1.0000 0.0000	</row2>
						<row3>	0.2370 -0.3052 -5.8449 1.0000	</row3>
					</transform>
				</node>
				<node>
					<identifier>	HP_HGB_1	</identifier>
					<transform>
						<row0>	-1.0000 0.0000 0.0000 0.0000	</row0>
						<row1>	0.0000 1.0000 0.0000 0.0000	</row1>
						<row2>	0.0000 0.0000 -1.0000 0.0000	</row2>
						<row3>	-0.1531 0.2001 -6.4761 1.0000	</row3>
					</transform>
				</node>
				<node>
					<identifier>	HP_HGB_2	</identifier>
					<transform>
						<row0>	-1.0000 0.0000 0.0000 0.0000	</row0>
						<row1>	0.0000 1.0000 0.0000 0.0000	</row1>
						<row2>	0.0000 0.0000 -1.0000 0.0000	</row2>
						<row3>	0.1531 0.2001 -6.4761 1.0000	</row3>
					</transform>
				</node>
				<node>
					<identifier>	HP_Ship_death_3	</identifier>
					<transform>
						<row0>	1.0000 0.0000 0.0000 0.0000	</row0>
						<row1>	0.0000 1.0000 0.0000 0.0000	</row1>
						<row2>	0.0000 0.0000 1.0000 0.0000	</row2>
						<row3>	0.0000 0.0000 -4.8942 1.0000	</row3>
					</transform>
				</node>
				<node>
					<identifier>	MP_CM161_Propeller_4_8m_BB_R	</identifier>
					<transform>
						<row0>	0.8019 0.0000 0.0000 0.0000	</row0>
						<row1>	0.0000 0.8016 -0.0203 0.0000	</row1>
						<row2>	0.0000 0.0203 0.8016 0.0000	</row2>
						<row3>	0.2528 -0.3137 -5.8071 1.0000	</row3>
					</transform>
				</node>
				<node>
					<identifier>	MP_CM162_Propeller_4_8m_BB_L	</identifier>
					<transform>
						<row0>	0.8019 0.0000 0.0000 0.0000	</row0>
						<row1>	0.0000 0.8016 -0.0203 0.0000	</row1>
						<row2>	0.0000 0.0203 0.8016 0.0000	</row2>
						<row3>	-0.2528 -0.3137 -5.8071 1.0000	</row3>
					</transform>
				</node>
				<node>
					<identifier>	MP_HM007_Lifebuoy	</identifier>
					<transform>
						<row0>	0.1736 0.0000 -0.9848 0.0000	</row0>
						<row1>	0.0000 1.0000 0.0000 0.0000	</row1>
						<row2>	0.9848 0.0000 0.1736 0.0000	</row2>
						<row3>	-0.3873 0.2634 -5.7386 1.0000	</row3>
					</transform>
				</node>
				<node>
					<identifier>	MP_HM007_Lifebuoy_INDEX_1	</identifier>
					<transform>
						<row0>	0.1736 0.0000 0.9848 0.0000	</row0>
						<row1>	0.0000 1.0000 0.0000 0.0000	</row1>
						<row2>	-0.9848 0.0000 0.1736 0.0000	</row2>
						<row3>	0.3874 0.2634 -5.7380 1.0000	</row3>
					</transform>
				</node>
				<node>
					<identifier>	MP_HM013_Light_Racket_103mm	</identifier>
					<transform>
						<row0>	-1.0000 0.0000 0.0000 0.0000	</row0>
						<row1>	0.0000 1.0000 0.0000 0.0000	</row1>
						<row2>	0.0000 0.0000 -1.0000 0.0000	</row2>
						<row3>	0.0000 0.1981 -6.2631 1.0000	</row3>
					</transform>
				</node>
				<node>
					<identifier>	MP_HM502_Life_Boat	</identifier>
					<transform>
						<row0>	0.1326 0.0000 -0.9912 0.0000	</row0>
						<row1>	0.0000 1.0000 0.0000 0.0000	</row1>
						<row2>	0.9912 0.0000 0.1326 0.0000	</row2>
						<row3>	-0.3822 0.2015 -5.3774 1.0000	</row3>
					</transform>
				</node>
				<node>
					<identifier>	MP_HM502_Life_Boat_INDEX_1	</identifier>
					<transform>
						<row0>	0.1326 0.0000 -0.9912 0.0000	</row0>
						<row1>	0.0000 1.0000 0.0000 0.0000	</row1>
						<row2>	0.9912 0.0000 0.1326 0.0000	</row2>
						<row3>	-0.3822 0.2325 -5.3774 1.0000	</row3>
					</transform>
				</node>
				<node>
					<identifier>	MP_HM502_Life_Boat_INDEX_10	</identifier>
					<transform>
						<row0>	-0.1305 0.0000 -0.9914 0.0000	</row0>
						<row1>	0.0000 1.0000 0.0000 0.0000	</row1>
						<row2>	0.9914 0.0000 -0.1305 0.0000	</row2>
						<row3>	0.3825 0.2325 -5.3779 1.0000	</row3>
					</transform>
				</node>
				<node>
					<identifier>	MP_HM502_Life_Boat_INDEX_11	</identifier>
					<transform>
						<row0>	-0.1305 0.0000 -0.9914 0.0000	</row0>
						<row1>	0.0000 1.0000 0.0000 0.0000	</row1>
						<row2>	0.9914 0.0000 -0.1305 0.0000	</row2>
						<row3>	0.3825 0.2015 -5.3779 1.0000	</row3>
					</transform>
				</node>
				<node>
					<identifier>	MP_HM502_Life_Boat_INDEX_2	</identifier>
					<transform>
						<row0>	0.1136 0.0000 -0.9935 0.0000	</row0>
						<row1>	0.0000 1.0000 0.0000 0.0000	</row1>
						<row2>	0.9935 0.0000 0.1136 0.0000	</row2>
						<row3>	-0.4026 0.2013 -5.2011 1.0000	</row3>
					</transform>
				</node>
				<node>
					<identifier>	MP_HM502_Life_Boat_INDEX_3	</identifier>
					<transform>
						<row0>	0.1136 0.0000 -0.9935 0.0000	</row0>
						<row1>	0.0000 1.0000 0.0000 0.0000	</row1>
						<row2>	0.9935 0.0000 0.1136 0.0000	</row2>
						<row3>	-0.4026 0.2633 -5.2011 1.0000	</row3>
					</transform>
				</node>
				<node>
					<identifier>	MP_HM502_Life_Boat_INDEX_4	</identifier>
					<transform>
						<row0>	-0.1167 0.0000 -0.9932 0.0000	</row0>
						<row1>	0.0000 1.0000 0.0000 0.0000	</row1>
						<row2>	0.9932 0.0000 -0.1167 0.0000	</row2>
						<row3>	0.4028 0.2320 -5.2012 1.0000	</row3>
					</transform>
				</node>
				<node>
					<identifier>	MP_HM502_Life_Boat_INDEX_5	</identifier>
					<transform>
						<row0>	-0.1167 0.0000 -0.9932 0.0000	</row0>
						<row1>	0.0000 1.0000 0.0000 0.0000	</row1>
						<row2>	0.9932 0.0000 -0.1167 0.0000	</row2>
						<row3>	0.4028 0.2631 -5.2012 1.0000	</row3>
					</transform>
				</node>
				<node>
					<identifier>	MP_HM502_Life_Boat_INDEX_6	</identifier>
					<transform>
						<row0>	-0.1305 0.0000 -0.9914 0.0000	</row0>
						<row1>	0.0000 1.0000 0.0000 0.0000	</row1>
						<row2>	0.9914 0.0000 -0.1305 0.0000	</row2>
						<row3>	0.3825 0.2636 -5.3779 1.0000	</row3>
					</transform>
				</node>
				<node>
					<identifier>	MP_HM502_Life_Boat_INDEX_7	</identifier>
					<transform>
						<row0>	0.1326 0.0000 -0.9912 0.0000	</row0>
						<row1>	0.0000 1.0000 0.0000 0.0000	</row1>
						<row2>	0.9912 0.0000 0.1326 0.0000	</row2>
						<row3>	-0.3822 0.2637 -5.3774 1.0000	</row3>
					</transform>
				</node>
				<node>
					<identifier>	MP_HM502_Life_Boat_INDEX_8	</identifier>
					<transform>
						<row0>	0.1136 0.0000 -0.9935 0.0000	</row0>
						<row1>	0.0000 1.0000 0.0000 0.0000	</row1>
						<row2>	0.9935 0.0000 0.1136 0.0000	</row2>
						<row3>	-0.4026 0.2323 -5.2011 1.0000	</row3>
					</transform>
				</node>
				<node>
					<identifier>	MP_HM502_Life_Boat_INDEX_9	</identifier>
					<transform>
						<row0>	-0.1167 0.0000 -0.9932 0.0000	</row0>
						<row1>	0.0000 1.0000 0.0000 0.0000	</row1>
						<row2>	0.9932 0.0000 -0.1167 0.0000	</row2>
						<row3>	0.4028 0.2013 -5.2012 1.0000	</row3>
					</transform>
				</node>
				<node>
					<identifier>	MP_HM751_Hatch	</identifier>
					<transform>
						<row0>	-1.0000 0.0000 0.0000 0.0000	</row0>
						<row1>	0.0000 1.0000 0.0000 0.0000	</row1>
						<row2>	0.0000 0.0000 -1.0000 0.0000	</row2>
						<row3>	0.0554 0.2008 -6.3966 1.0000	</row3>
					</transform>
				</node>
				<node>
					<identifier>	MP_HM753_Hatch	</identifier>
					<transform>
						<row0>	-1.0000 0.0000 0.0000 0.0000	</row0>
						<row1>	0.0000 1.0000 0.0000 0.0000	</row1>
						<row2>	0.0000 0.0000 -1.0000 0.0000	</row2>
						<row3>	-0.0861 0.1971 -5.5610 1.0000	</row3>
					</transform>
				</node>
				<node>
					<identifier>	MP_HM753_Hatch_INDEX_1	</identifier>
					<transform>
						<row0>	-1.0000 0.0000 0.0000 0.0000	</row0>
						<row1>	0.0000 1.0000 0.0000 0.0000	</row1>
						<row2>	0.0000 0.0000 -1.0000 0.0000	</row2>
						<row3>	-0.0861 0.1979 -6.0429 1.0000	</row3>
					</transform>
				</node>
				<node>
					<identifier>	MP_HM854_Signal_Lamp_1	</identifier>
					<transform>
						<row0>	1.0000 0.0000 0.0000 0.0000	</row0>
						<row1>	0.0000 1.0000 0.0000 0.0000	</row1>
						<row2>	0.0000 0.0000 1.0000 0.0000	</row2>
						<row3>	0.0000 0.7251 -6.6398 1.0000	</row3>
					</transform>
				</node>
				<node>
					<identifier>	MP_HM954_Winch	</identifier>
					<transform>
						<row0>	-0.9397 0.0000 -0.3420 0.0000	</row0>
						<row1>	0.0000 1.0000 0.0000 0.0000	</row1>
						<row2>	0.3420 0.0000 -0.9397 0.0000	</row2>
						<row3>	-0.1628 0.1985 -5.6874 1.0000	</row3>
					</transform>
				</node>
				<node>
					<identifier>	MP_HM954_Winch_INDEX_1	</identifier>
					<transform>
						<row0>	-0.9659 0.0000 0.2588 0.0000	</row0>
						<row1>	0.0000 1.0000 0.0000 0.0000	</row1>
						<row2>	-0.2588 0.0000 -0.9659 0.0000	</row2>
						<row3>	0.1628 0.1985 -5.6874 1.0000	</row3>
					</transform>
				</node>
				<node>
					<identifier>	MP_HM959_Reel	</identifier>
					<transform>
						<row0>	0.0000 0.0000 1.0000 0.0000	</row0>
						<row1>	0.0000 1.0000 0.0000 0.0000	</row1>
						<row2>	-1.0000 0.0000 0.0000 0.0000	</row2>
						<row3>	0.0000 0.1987 -5.2865 1.0000	</row3>
					</transform>
				</node>
				<node>
					<identifier>	MP_HM965_Capstan_Stern	</identifier>
					<transform>
						<row0>	-0.9397 0.0000 -0.3420 0.0000	</row0>
						<row1>	0.0000 1.0000 0.0000 0.0000	</row1>
						<row2>	0.3420 0.0000 -0.9397 0.0000	</row2>
						<row3>	0.0000 0.1978 -5.8894 1.0000	</row3>
					</transform>
				</node>
				<node>
					<identifier>	SP_YMS011_YHWL_M_1_INDEX_13	</identifier>
					<transform>
						<row0>	0.8376 0.5281 0.1396 0.0000	</row0>
						<row1>	-0.5217 0.8492 -0.0825 0.0000	</row1>
						<row2>	-0.1621 -0.0037 0.9868 0.0000	</row2>
						<row3>	-0.3895 0.0000 -5.2774 1.0000	</row3>
					</transform>
				</node>
				<node>
					<identifier>	SP_YMS011_YHWL_M_1_INDEX_7	</identifier>
					<transform>
						<row0>	0.8280 0.5270 0.1916 0.0000	</row0>
						<row1>	-0.5109 0.8498 -0.1295 0.0000	</row1>
						<row2>	-0.2311 0.0093 0.9729 0.0000	</row2>
						<row3>	-0.2104 0.0069 -6.0907 1.0000	</row3>
					</transform>
				</node>
				<node>
					<identifier>	SP_YMS012_YHWR_M_1_INDEX_12	</identifier>
					<transform>
						<row0>	0.8376 -0.5281 -0.1396 0.0000	</row0>
						<row1>	0.5217 0.8492 -0.0825 0.0000	</row1>
						<row2>	0.1621 -0.0037 0.9868 0.0000	</row2>
						<row3>	0.3895 0.0000 -5.2774 1.0000	</row3>
					</transform>
				</node>
				<node>
					<identifier>	SP_YMS012_YHWR_M_1_INDEX_9	</identifier>
					<transform>
						<row0>	0.8280 -0.5270 -0.1916 0.0000	</row0>
						<row1>	0.5109 0.8498 -0.1295 0.0000	</row1>
						<row2>	0.2311 0.0093 0.9729 0.0000	</row2>
						<row3>	0.2104 0.0069 -6.0907 1.0000	</row3>
					</transform>
				</node>
				<node>
					<identifier>	SP_YMS023_YHUC_L_1	</identifier>
					<transform>
						<row0>	-0.9974 0.0721 0.0079 0.0000	</row0>
						<row1>	-0.0719 -0.9972 0.0226 0.0000	</row1>
						<row2>	0.0095 0.0220 0.9997 0.0000	</row2>
						<row3>	-0.2528 -0.3160 -5.8318 1.0000	</row3>
					</transform>
				</node>
				<node>
					<identifier>	SP_YMS023_YHUC_L_1_INDEX_1	</identifier>
					<transform>
						<row0>	-0.9974 -0.0721 -0.0079 0.0000	</row0>
						<row1>	0.0719 -0.9972 0.0226 0.0000	</row1>
						<row2>	-0.0095 0.0220 0.9997 0.0000	</row2>
						<row3>	0.2531 -0.3160 -5.8318 1.0000	</row3>
					</transform>
				</node>
				<node>
					<identifier>	SP_YMS031_YHAL_M_1	</identifier>
					<transform>
						<row0>	1.0000 0.0000 0.0000 0.0000	</row0>
						<row1>	0.0000 1.0000 0.0000 0.0000	</row1>
						<row2>	0.0000 0.0000 1.0000 0.0000	</row2>
						<row3>	-0.4667 0.0267 -5.6711 1.0000	</row3>
					</transform>
				</node>
				<node>
					<identifier>	SP_YMS032_YHAR_M_1	</identifier>
					<transform>
						<row0>	1.0000 0.0000 0.0000 0.0000	</row0>
						<row1>	0.0000 1.0000 0.0000 0.0000	</row1>
						<row2>	0.0000 0.0000 1.0000 0.0000	</row2>
						<row3>	0.4667 0.0267 -5.6711 1.0000	</row3>
					</transform>
				</node>
				<node>
					<identifier>	SP_YMS033_YHAM_S_1	</identifier>
					<transform>
						<row0>	0.7071 0.0000 -0.7071 0.0000	</row0>
						<row1>	0.0000 1.0000 0.0000 0.0000	</row1>
						<row2>	0.7071 0.0000 0.7071 0.0000	</row2>
						<row3>	-0.3867 0.1067 -6.1400 1.0000	</row3>
					</transform>
				</node>
				<node>
					<identifier>	SP_YMS033_YHAM_S_1_INDEX_1	</identifier>
					<transform>
						<row0>	0.7071 0.0000 0.7071 0.0000	</row0>
						<row1>	0.0000 1.0000 0.0000 0.0000	</row1>
						<row2>	-0.7071 0.0000 0.7071 0.0000	</row2>
						<row3>	0.3867 0.1067 -6.1400 1.0000	</row3>
					</transform>
				</node>
				<node>
					<identifier>	SP_YMS053_YHDC_S_1_INDEX_2	</identifier>
					<transform>
						<row0>	1.0000 0.0000 0.0000 0.0000	</row0>
						<row1>	0.0000 1.0000 0.0000 0.0000	</row1>
						<row2>	0.0000 0.0000 1.0000 0.0000	</row2>
						<row3>	0.1824 0.2135 -5.3824 1.0000	</row3>
					</transform>
				</node>
				<node>
					<identifier>	SP_YMS053_YHDC_S_1_INDEX_4	</identifier>
					<transform>
						<row0>	1.0000 0.0000 0.0000 0.0000	</row0>
						<row1>	0.0000 1.0000 0.0000 0.0000	</row1>
						<row2>	0.0000 0.0000 1.0000 0.0000	</row2>
						<row3>	-0.1824 0.2135 -5.3824 1.0000	</row3>
					</transform>
				</node>
			</node>
		</node>
	</skeleton>
	<properties>
		<underwaterModel>	false	</underwaterModel>
		<abovewaterModel>	true	</abovewaterModel>
	</properties>
	<boundingBox>
		<min>	-0.0667 -0.0667 -0.0667	</min>
		<max>	0.0667 0.0667 0.0667	</max>
	</boundingBox>
	<renderSets />
	<lods>
		<lod>
			<extent>	200.0000	</extent>
			<castsShadow>	true	</castsShadow>
			<renderSets />
		</lod>
	</lods>
</HSC304_Utrecht_1957_Stern_ports.visual>
