<HSB301_Willem_de_Eerste_1950_MidBack_ports.visual>
	<skeleton>
		<node>
			<identifier>	Scene Root	</identifier>
			<transform>
				<row0>	1.0000 0.0000 0.0000 0.0000	</row0>
				<row1>	0.0000 1.0000 0.0000 0.0000	</row1>
				<row2>	0.0000 0.0000 1.0000 0.0000	</row2>
				<row3>	0.0000 0.0000 0.0000 1.0000	</row3>
			</transform>
			<node>
				<identifier>	MidBack_ports	</identifier>
				<transform>
					<row0>	1.0000 0.0000 0.0000 0.0000	</row0>
					<row1>	0.0000 1.0000 0.0000 0.0000	</row1>
					<row2>	0.0000 0.0000 1.0000 0.0000	</row2>
					<row3>	0.0000 0.0000 0.0000 1.0000	</row3>
				</transform>
				<node>
					<identifier>	HP_FX_Fire_3	</identifier>
					<transform>
						<row0>	1.0000 0.0000 0.0000 0.0000	</row0>
						<row1>	0.0000 1.0000 0.0000 0.0000	</row1>
						<row2>	0.0000 0.0000 1.0000 0.0000	</row2>
						<row3>	0.0000 0.6092 -2.9733 1.0000	</row3>
					</transform>
				</node>
				<node>
					<identifier>	HP_FX_Fire_3_side_1	</identifier>
					<transform>
						<row0>	1.0000 0.0000 0.0000 0.0000	</row0>
						<row1>	0.0000 1.0000 0.0000 0.0000	</row1>
						<row2>	0.0000 0.0000 1.0000 0.0000	</row2>
						<row3>	-0.7416 0.4337 -1.7486 1.0000	</row3>
					</transform>
				</node>
				<node>
					<identifier>	HP_FX_Fire_3_side_2	</identifier>
					<transform>
						<row0>	1.0000 0.0000 0.0000 0.0000	</row0>
						<row1>	0.0000 1.0000 0.0000 0.0000	</row1>
						<row2>	0.0000 0.0000 1.0000 0.0000	</row2>
						<row3>	0.8535 0.4263 -0.7928 1.0000	</row3>
					</transform>
				</node>
				<node>
					<identifier>	HP_FX_Fire_3_side_3	</identifier>
					<transform>
						<row0>	1.0000 0.0000 0.0000 0.0000	</row0>
						<row1>	0.0000 1.0000 0.0000 0.0000	</row1>
						<row2>	0.0000 0.0000 1.0000 0.0000	</row2>
						<row3>	-0.8394 0.5836 -3.6846 1.0000	</row3>
					</transform>
				</node>
				<node>
					<identifier>	HP_FX_Fire_5	</identifier>
					<transform>
						<row0>	1.0000 0.0000 0.0000 0.0000	</row0>
						<row1>	0.0000 1.0000 0.0000 0.0000	</row1>
						<row2>	0.0000 0.0000 1.0000 0.0000	</row2>
						<row3>	0.0000 0.4277 -0.9217 1.0000	</row3>
					</transform>
				</node>
				<node>
					<identifier>	HP_FX_Fire_5_1	</identifier>
					<transform>
						<row0>	1.0000 0.0000 0.0000 0.0000	</row0>
						<row1>	0.0000 1.0000 0.0000 0.0000	</row1>
						<row2>	0.0000 0.0000 1.0000 0.0000	</row2>
						<row3>	0.0000 0.7231 -1.6673 1.0000	</row3>
					</transform>
				</node>
				<node>
					<identifier>	HP_FX_FloodLight_left_2	</identifier>
					<transform>
						<row0>	-1.0000 0.0000 0.0000 0.0000	</row0>
						<row1>	0.0000 1.0000 0.0000 0.0000	</row1>
						<row2>	0.0000 0.0000 -1.0000 0.0000	</row2>
						<row3>	-0.8526 0.4987 -3.0032 1.0000	</row3>
					</transform>
				</node>
				<node>
					<identifier>	HP_FX_FloodLight_right_2	</identifier>
					<transform>
						<row0>	1.0000 0.0000 0.0000 0.0000	</row0>
						<row1>	0.0000 1.0000 0.0000 0.0000	</row1>
						<row2>	0.0000 0.0000 1.0000 0.0000	</row2>
						<row3>	0.7386 0.5000 -2.6921 1.0000	</row3>
					</transform>
				</node>
				<node>
					<identifier>	HP_FX_Flood_steam_1	</identifier>
					<transform>
						<row0>	0.8877 0.0000 -0.4603 0.0000	</row0>
						<row1>	-0.3328 0.6909 -0.6418 0.0000	</row1>
						<row2>	0.3181 0.7229 0.6134 0.0000	</row2>
						<row3>	-0.0840 1.4917 -1.6501 1.0000	</row3>
					</transform>
				</node>
				<node>
					<identifier>	HP_FX_Flood_steam_2	</identifier>
					<transform>
						<row0>	0.9116 0.0365 0.4094 0.0000	</row0>
						<row1>	0.2604 0.7194 -0.6439 0.0000	</row1>
						<row2>	-0.3181 0.6936 0.6463 0.0000	</row2>
						<row3>	0.0923 1.4919 -2.7191 1.0000	</row3>
					</transform>
				</node>
				<node>
					<identifier>	HP_FX_Flood_steam_exhaust_1	</identifier>
					<transform>
						<row0>	0.9062 0.0000 0.4229 0.0000	</row0>
						<row1>	0.3341 0.6129 -0.7160 0.0000	</row1>
						<row2>	-0.2592 0.7902 0.5554 0.0000	</row2>
						<row3>	0.0833 1.4927 -1.6481 1.0000	</row3>
					</transform>
				</node>
				<node>
					<identifier>	HP_FX_Flood_steam_exhaust_2	</identifier>
					<transform>
						<row0>	0.9577 0.0000 -0.2876 0.0000	</row0>
						<row1>	-0.1911 0.7473 -0.6364 0.0000	</row1>
						<row2>	0.2150 0.6645 0.7157 0.0000	</row2>
						<row3>	-0.0921 1.4927 -2.7177 1.0000	</row3>
					</transform>
				</node>
				<node>
					<identifier>	HP_FX_Flood_water_left	</identifier>
					<transform>
						<row0>	-0.9919 0.0000 -0.1270 0.0000	</row0>
						<row1>	0.0000 1.0000 0.0000 0.0000	</row1>
						<row2>	0.1270 0.0000 -0.9919 0.0000	</row2>
						<row3>	-0.8660 0.0481 -4.6302 1.0000	</row3>
					</transform>
				</node>
				<node>
					<identifier>	HP_FX_Flood_water_left_4	</identifier>
					<transform>
						<row0>	-0.9995 0.0000 -0.0330 0.0000	</row0>
						<row1>	0.0000 1.0000 0.0000 0.0000	</row1>
						<row2>	0.0330 0.0000 -0.9995 0.0000	</row2>
						<row3>	-1.0629 0.0489 -1.5423 1.0000	</row3>
					</transform>
				</node>
				<node>
					<identifier>	HP_FX_Flood_water_right	</identifier>
					<transform>
						<row0>	0.9957 0.0000 -0.0931 0.0000	</row0>
						<row1>	0.0000 1.0000 0.0000 0.0000	</row1>
						<row2>	0.0931 0.0000 0.9957 0.0000	</row2>
						<row3>	0.9311 0.0470 -3.9556 1.0000	</row3>
					</transform>
				</node>
				<node>
					<identifier>	HP_FX_Flood_water_right_4	</identifier>
					<transform>
						<row0>	0.9998 0.0000 0.0180 0.0000	</row0>
						<row1>	0.0000 1.0000 0.0000 0.0000	</row1>
						<row2>	-0.0180 0.0000 0.9998 0.0000	</row2>
						<row3>	1.0729 0.0468 -0.7180 1.0000	</row3>
					</transform>
				</node>
				<node>
					<identifier>	HP_FX_RepairLight_left_2	</identifier>
					<transform>
						<row0>	-0.0757 0.0000 0.9971 0.0000	</row0>
						<row1>	-0.0011 1.0000 0.0000 0.0000	</row1>
						<row2>	-0.9971 -0.0011 -0.0757 0.0000	</row2>
						<row3>	-0.9183 0.5477 -4.4527 1.0000	</row3>
					</transform>
				</node>
				<node>
					<identifier>	HP_FX_RepairLight_right_2	</identifier>
					<transform>
						<row0>	-0.0347 0.0000 -0.9994 0.0000	</row0>
						<row1>	0.0016 1.0000 0.0000 0.0000	</row1>
						<row2>	0.9994 -0.0016 -0.0347 0.0000	</row2>
						<row3>	1.0335 0.3440 -2.5163 1.0000	</row3>
					</transform>
				</node>
				<node>
					<identifier>	HP_FX_Smoke_1	</identifier>
					<transform>
						<row0>	1.0000 0.0000 0.0000 0.0000	</row0>
						<row1>	0.0000 1.0000 0.0000 0.0000	</row1>
						<row2>	0.0000 0.0000 1.0000 0.0000	</row2>
						<row3>	0.0000 1.4859 -1.4213 1.0000	</row3>
					</transform>
				</node>
				<node>
					<identifier>	HP_FX_Smoke_2	</identifier>
					<transform>
						<row0>	1.0000 0.0000 0.0000 0.0000	</row0>
						<row1>	0.0000 1.0000 0.0000 0.0000	</row1>
						<row2>	0.0000 0.0000 1.0000 0.0000	</row2>
						<row3>	0.0000 1.4816 -2.4160 1.0000	</row3>
					</transform>
				</node>
				<node>
					<identifier>	HP_HD_10	</identifier>
					<transform>
						<row0>	0.0000 0.0000 -1.0000 0.0000	</row0>
						<row1>	0.0000 1.0000 0.0000 0.0000	</row1>
						<row2>	1.0000 0.0000 0.0000 0.0000	</row2>
						<row3>	0.2082 0.9998 -2.0975 1.0000	</row3>
					</transform>
				</node>
				<node>
					<identifier>	HP_HD_11	</identifier>
					<transform>
						<row0>	0.0000 0.0000 1.0000 0.0000	</row0>
						<row1>	0.0000 1.0000 0.0000 0.0000	</row1>
						<row2>	-1.0000 0.0000 0.0000 0.0000	</row2>
						<row3>	-0.2232 1.0420 -2.7610 1.0000	</row3>
					</transform>
				</node>
				<node>
					<identifier>	HP_HD_12	</identifier>
					<transform>
						<row0>	0.0000 0.0000 -1.0000 0.0000	</row0>
						<row1>	0.0000 1.0000 0.0000 0.0000	</row1>
						<row2>	1.0000 0.0000 0.0000 0.0000	</row2>
						<row3>	0.2232 1.0420 -2.7610 1.0000	</row3>
					</transform>
				</node>
				<node>
					<identifier>	HP_HD_7	</identifier>
					<transform>
						<row0>	0.0000 0.0000 1.0000 0.0000	</row0>
						<row1>	0.0000 1.0000 0.0000 0.0000	</row1>
						<row2>	-1.0000 0.0000 0.0000 0.0000	</row2>
						<row3>	-0.1858 0.9997 -1.6657 1.0000	</row3>
					</transform>
				</node>
				<node>
					<identifier>	HP_HD_8	</identifier>
					<transform>
						<row0>	0.0000 0.0000 1.0000 0.0000	</row0>
						<row1>	0.0000 1.0000 0.0000 0.0000	</row1>
						<row2>	-1.0000 0.0000 0.0000 0.0000	</row2>
						<row3>	-0.3508 0.8332 -1.8998 1.0000	</row3>
					</transform>
				</node>
				<node>
					<identifier>	HP_HD_9	</identifier>
					<transform>
						<row0>	0.0000 0.0000 -1.0000 0.0000	</row0>
						<row1>	0.0000 1.0000 0.0000 0.0000	</row1>
						<row2>	1.0000 0.0000 0.0000 0.0000	</row2>
						<row3>	0.3508 0.8332 -1.8998 1.0000	</row3>
					</transform>
				</node>
				<node>
					<identifier>	HP_HGA_3	</identifier>
					<transform>
						<row0>	0.0000 0.0000 1.0000 0.0000	</row0>
						<row1>	0.0000 1.0000 0.0000 0.0000	</row1>
						<row2>	-1.0000 0.0000 0.0000 0.0000	</row2>
						<row3>	-0.7423 0.3544 -1.7541 1.0000	</row3>
					</transform>
				</node>
				<node>
					<identifier>	HP_HGA_4	</identifier>
					<transform>
						<row0>	0.0000 0.0000 -1.0000 0.0000	</row0>
						<row1>	0.0000 1.0000 0.0000 0.0000	</row1>
						<row2>	1.0000 0.0000 0.0000 0.0000	</row2>
						<row3>	0.7423 0.3544 -1.7541 1.0000	</row3>
					</transform>
				</node>
				<node>
					<identifier>	HP_HGA_5	</identifier>
					<transform>
						<row0>	0.0000 0.0000 1.0000 0.0000	</row0>
						<row1>	0.0000 1.0000 0.0000 0.0000	</row1>
						<row2>	-1.0000 0.0000 0.0000 0.0000	</row2>
						<row3>	-0.5555 0.5487 -2.7222 1.0000	</row3>
					</transform>
				</node>
				<node>
					<identifier>	HP_HGA_6	</identifier>
					<transform>
						<row0>	0.0000 0.0000 -1.0000 0.0000	</row0>
						<row1>	0.0000 1.0000 0.0000 0.0000	</row1>
						<row2>	1.0000 0.0000 0.0000 0.0000	</row2>
						<row3>	0.5555 0.5487 -2.7222 1.0000	</row3>
					</transform>
				</node>
				<node>
					<identifier>	HP_HGA_7	</identifier>
					<transform>
						<row0>	0.0000 0.0000 1.0000 0.0000	</row0>
						<row1>	0.0000 1.0000 0.0000 0.0000	</row1>
						<row2>	-1.0000 0.0000 0.0000 0.0000	</row2>
						<row3>	-0.3006 0.7488 -3.2396 1.0000	</row3>
					</transform>
				</node>
				<node>
					<identifier>	HP_HGA_8	</identifier>
					<transform>
						<row0>	0.0000 0.0000 -1.0000 0.0000	</row0>
						<row1>	0.0000 1.0000 0.0000 0.0000	</row1>
						<row2>	1.0000 0.0000 0.0000 0.0000	</row2>
						<row3>	0.3006 0.7488 -3.2396 1.0000	</row3>
					</transform>
				</node>
				<node>
					<identifier>	HP_HGB_5	</identifier>
					<transform>
						<row0>	0.0000 0.0000 1.0000 0.0000	</row0>
						<row1>	0.0000 1.0000 0.0000 0.0000	</row1>
						<row2>	-1.0000 0.0000 0.0000 0.0000	</row2>
						<row3>	-0.8453 0.3532 -2.1957 1.0000	</row3>
					</transform>
				</node>
				<node>
					<identifier>	HP_HGB_6	</identifier>
					<transform>
						<row0>	0.0000 0.0000 -1.0000 0.0000	</row0>
						<row1>	0.0000 1.0000 0.0000 0.0000	</row1>
						<row2>	1.0000 0.0000 0.0000 0.0000	</row2>
						<row3>	0.8453 0.3532 -2.1957 1.0000	</row3>
					</transform>
				</node>
				<node>
					<identifier>	HP_HGM_3	</identifier>
					<transform>
						<row0>	-1.0000 0.0000 0.0000 0.0000	</row0>
						<row1>	0.0000 1.0000 0.0000 0.0000	</row1>
						<row2>	0.0000 0.0000 -1.0000 0.0000	</row2>
						<row3>	0.0000 0.4249 0.1637 1.0000	</row3>
					</transform>
				</node>
				<node>
					<identifier>	HP_HGS_5	</identifier>
					<transform>
						<row0>	1.0000 0.0000 0.0000 0.0000	</row0>
						<row1>	0.0000 1.0000 0.0000 0.0000	</row1>
						<row2>	0.0000 0.0000 1.0000 0.0000	</row2>
						<row3>	-0.7688 0.5488 -3.3586 1.0000	</row3>
					</transform>
				</node>
				<node>
					<identifier>	HP_HGS_6	</identifier>
					<transform>
						<row0>	1.0000 0.0000 0.0000 0.0000	</row0>
						<row1>	0.0000 1.0000 0.0000 0.0000	</row1>
						<row2>	0.0000 0.0000 1.0000 0.0000	</row2>
						<row3>	0.7688 0.5488 -3.3586 1.0000	</row3>
					</transform>
				</node>
				<node>
					<identifier>	HP_HGS_7	</identifier>
					<transform>
						<row0>	1.0000 0.0000 0.0000 0.0000	</row0>
						<row1>	0.0000 1.0000 0.0000 0.0000	</row1>
						<row2>	0.0000 0.0000 1.0000 0.0000	</row2>
						<row3>	-0.7688 0.5488 -4.0019 1.0000	</row3>
					</transform>
				</node>
				<node>
					<identifier>	HP_HGS_8	</identifier>
					<transform>
						<row0>	1.0000 0.0000 0.0000 0.0000	</row0>
						<row1>	0.0000 1.0000 0.0000 0.0000	</row1>
						<row2>	0.0000 0.0000 1.0000 0.0000	</row2>
						<row3>	0.7688 0.5488 -4.0019 1.0000	</row3>
					</transform>
				</node>
				<node>
					<identifier>	HP_HRF_1	</identifier>
					<transform>
						<row0>	1.0000 0.0000 0.0000 0.0000	</row0>
						<row1>	0.0000 1.0000 0.0000 0.0000	</row1>
						<row2>	0.0000 0.0000 1.0000 0.0000	</row2>
						<row3>	0.0000 2.5632 -3.8082 1.0000	</row3>
					</transform>
				</node>
				<node>
					<identifier>	HP_HRS_2	</identifier>
					<transform>
						<row0>	1.0000 0.0000 0.0000 0.0000	</row0>
						<row1>	0.0000 1.0000 0.0000 0.0000	</row1>
						<row2>	0.0000 0.0000 1.0000 0.0000	</row2>
						<row3>	0.0000 2.2900 -3.7370 1.0000	</row3>
					</transform>
				</node>
				<node>
					<identifier>	HP_HRS_3	</identifier>
					<transform>
						<row0>	1.0000 0.0000 0.0000 0.0000	</row0>
						<row1>	0.0000 1.0000 0.0000 0.0000	</row1>
						<row2>	0.0000 0.0000 1.0000 0.0000	</row2>
						<row3>	0.0000 2.9559 -3.9015 1.0000	</row3>
					</transform>
				</node>
				<node>
					<identifier>	HP_Ship_death_2	</identifier>
					<transform>
						<row0>	1.0000 0.0000 0.0000 0.0000	</row0>
						<row1>	0.0000 1.0000 0.0000 0.0000	</row1>
						<row2>	0.0000 0.0000 1.0000 0.0000	</row2>
						<row3>	0.0000 0.0000 -0.6787 1.0000	</row3>
					</transform>
				</node>
				<node>
					<identifier>	HP_flag_1	</identifier>
					<transform>
						<row0>	0.9982 -0.0600 0.0026 0.0000	</row0>
						<row1>	0.0600 0.9943 -0.0880 0.0000	</row1>
						<row2>	0.0026 0.0880 0.9961 0.0000	</row2>
						<row3>	0.3477 1.9867 -3.7997 1.0000	</row3>
					</transform>
				</node>
				<node>
					<identifier>	HP_flag_2	</identifier>
					<transform>
						<row0>	0.9982 0.0600 -0.0026 0.0000	</row0>
						<row1>	-0.0600 0.9943 -0.0880 0.0000	</row1>
						<row2>	-0.0026 0.0880 0.9961 0.0000	</row2>
						<row3>	-0.3483 1.9866 -3.8007 1.0000	</row3>
					</transform>
				</node>
				<node>
					<identifier>	HP_flag_3	</identifier>
					<transform>
						<row0>	0.9995 -0.0311 0.0014 0.0000	</row0>
						<row1>	0.0311 0.9956 -0.0881 0.0000	</row1>
						<row2>	0.0014 0.0881 0.9961 0.0000	</row2>
						<row3>	0.2942 1.9860 -3.7997 1.0000	</row3>
					</transform>
				</node>
				<node>
					<identifier>	HP_flag_4	</identifier>
					<transform>
						<row0>	0.9995 0.0311 -0.0014 0.0000	</row0>
						<row1>	-0.0311 0.9956 -0.0881 0.0000	</row1>
						<row2>	-0.0014 0.0881 0.9961 0.0000	</row2>
						<row3>	-0.2948 1.9859 -3.8007 1.0000	</row3>
					</transform>
				</node>
				<node>
					<identifier>	HP_flag_courtesy	</identifier>
					<transform>
						<row0>	1.0000 0.0020 0.0000 0.0000	</row0>
						<row1>	-0.0020 0.9973 -0.0729 0.0000	</row1>
						<row2>	0.0000 0.0729 0.9973 0.0000	</row2>
						<row3>	0.2153 2.8269 -3.8431 1.0000	</row3>
					</transform>
				</node>
				<node>
					<identifier>	HP_flag_house	</identifier>
					<transform>
						<row0>	1.0000 -0.0020 0.0000 0.0000	</row0>
						<row1>	0.0020 0.9973 -0.0729 0.0000	</row1>
						<row2>	0.0000 0.0729 0.9973 0.0000	</row2>
						<row3>	-0.2152 2.8489 -3.8447 1.0000	</row3>
					</transform>
				</node>
				<node>
					<identifier>	HP_flag_rank	</identifier>
					<transform>
						<row0>	1.0000 0.0000 0.0000 0.0000	</row0>
						<row1>	0.0000 0.9937 -0.1125 0.0000	</row1>
						<row2>	0.0000 0.1125 0.9937 0.0000	</row2>
						<row3>	0.0000 3.0385 -4.0915 1.0000	</row3>
					</transform>
				</node>
				<node>
					<identifier>	MP_BM022_Flotanet	</identifier>
					<transform>
						<row0>	0.9397 0.0000 -0.3420 0.0000	</row0>
						<row1>	0.0000 1.0000 0.0000 0.0000	</row1>
						<row2>	0.3420 0.0000 0.9397 0.0000	</row2>
						<row3>	-0.2840 0.6792 -1.5464 1.0000	</row3>
					</transform>
				</node>
				<node>
					<identifier>	MP_BM022_Flotanet_INDEX_1	</identifier>
					<transform>
						<row0>	-0.9397 0.0000 -0.3420 0.0000	</row0>
						<row1>	0.0000 1.0000 0.0000 0.0000	</row1>
						<row2>	0.3420 0.0000 -0.9397 0.0000	</row2>
						<row3>	0.2840 0.6792 -1.5464 1.0000	</row3>
					</transform>
				</node>
				<node>
					<identifier>	MP_BM022_Flotanet_INDEX_2	</identifier>
					<transform>
						<row0>	-0.9397 0.0000 -0.3420 0.0000	</row0>
						<row1>	0.0000 1.0000 0.0000 0.0000	</row1>
						<row2>	0.3420 0.0000 -0.9397 0.0000	</row2>
						<row3>	0.5886 0.5488 -2.3820 1.0000	</row3>
					</transform>
				</node>
				<node>
					<identifier>	MP_BM022_Flotanet_INDEX_3	</identifier>
					<transform>
						<row0>	0.9397 0.0000 0.3420 0.0000	</row0>
						<row1>	0.0000 1.0000 0.0000 0.0000	</row1>
						<row2>	-0.3420 0.0000 0.9397 0.0000	</row2>
						<row3>	0.4995 0.5488 -2.1164 1.0000	</row3>
					</transform>
				</node>
				<node>
					<identifier>	MP_BM022_Flotanet_INDEX_4	</identifier>
					<transform>
						<row0>	-0.9397 0.0000 0.3420 0.0000	</row0>
						<row1>	0.0000 1.0000 0.0000 0.0000	</row1>
						<row2>	-0.3420 0.0000 -0.9397 0.0000	</row2>
						<row3>	-0.6111 0.5488 -2.4218 1.0000	</row3>
					</transform>
				</node>
				<node>
					<identifier>	MP_BM022_Flotanet_INDEX_5	</identifier>
					<transform>
						<row0>	0.9397 0.0000 -0.3420 0.0000	</row0>
						<row1>	0.0000 1.0000 0.0000 0.0000	</row1>
						<row2>	0.3420 0.0000 0.9397 0.0000	</row2>
						<row3>	-0.4862 0.5488 -2.0985 1.0000	</row3>
					</transform>
				</node>
				<node>
					<identifier>	MP_BM022_Flotanet_INDEX_6	</identifier>
					<transform>
						<row0>	-0.9110 0.3342 0.2417 0.0000	</row0>
						<row1>	0.3230 0.9425 -0.0857 0.0000	</row1>
						<row2>	-0.2564 0.0000 -0.9666 0.0000	</row2>
						<row3>	-0.5304 0.5139 -1.8010 1.0000	</row3>
					</transform>
				</node>
				<node>
					<identifier>	MP_BM022_Flotanet_INDEX_7	</identifier>
					<transform>
						<row0>	-0.9110 -0.3342 -0.2417 0.0000	</row0>
						<row1>	-0.3230 0.9425 -0.0857 0.0000	</row1>
						<row2>	0.2564 0.0000 -0.9666 0.0000	</row2>
						<row3>	0.5304 0.5139 -1.8010 1.0000	</row3>
					</transform>
				</node>
				<node>
					<identifier>	MP_CM011_Fire_Fighting_Gear	</identifier>
					<transform>
						<row0>	0.0000 0.0000 -1.0000 0.0000	</row0>
						<row1>	0.0000 1.0000 0.0000 0.0000	</row1>
						<row2>	1.0000 0.0000 0.0000 0.0000	</row2>
						<row3>	-0.3274 0.5499 -3.1647 1.0000	</row3>
					</transform>
				</node>
				<node>
					<identifier>	MP_CM011_Fire_Fighting_Gear_INDEX_1	</identifier>
					<transform>
						<row0>	-0.3427 0.0000 -0.9395 0.0000	</row0>
						<row1>	0.0000 1.0000 0.0000 0.0000	</row1>
						<row2>	0.9395 0.0000 -0.3427 0.0000	</row2>
						<row3>	-0.3587 0.3682 -1.6481 1.0000	</row3>
					</transform>
				</node>
				<node>
					<identifier>	MP_CM011_Fire_Fighting_Gear_INDEX_2	</identifier>
					<transform>
						<row0>	1.0000 0.0000 0.0000 0.0000	</row0>
						<row1>	0.0000 1.0000 0.0000 0.0000	</row1>
						<row2>	0.0000 0.0000 1.0000 0.0000	</row2>
						<row3>	0.0468 0.7504 -3.2869 1.0000	</row3>
					</transform>
				</node>
				<node>
					<identifier>	MP_CM011_Fire_Fighting_Gear_INDEX_3	</identifier>
					<transform>
						<row0>	0.0000 0.0000 -1.0000 0.0000	</row0>
						<row1>	0.0000 1.0000 0.0000 0.0000	</row1>
						<row2>	1.0000 0.0000 0.0000 0.0000	</row2>
						<row3>	-0.4458 0.5499 -2.2656 1.0000	</row3>
					</transform>
				</node>
				<node>
					<identifier>	MP_CM011_Fire_Fighting_Gear_INDEX_4	</identifier>
					<transform>
						<row0>	-0.3427 0.0000 0.9395 0.0000	</row0>
						<row1>	0.0000 1.0000 0.0000 0.0000	</row1>
						<row2>	-0.9395 0.0000 -0.3427 0.0000	</row2>
						<row3>	0.3587 0.3682 -1.6481 1.0000	</row3>
					</transform>
				</node>
				<node>
					<identifier>	MP_CM011_Fire_Fighting_Gear_INDEX_5	</identifier>
					<transform>
						<row0>	1.0000 0.0000 0.0000 0.0000	</row0>
						<row1>	0.0000 1.0000 0.0000 0.0000	</row1>
						<row2>	0.0000 0.0000 1.0000 0.0000	</row2>
						<row3>	0.1649 0.5519 -4.1295 1.0000	</row3>
					</transform>
				</node>
				<node>
					<identifier>	MP_CM011_Fire_Fighting_Gear_INDEX_6	</identifier>
					<transform>
						<row0>	0.0000 0.0000 1.0000 0.0000	</row0>
						<row1>	0.0000 1.0000 0.0000 0.0000	</row1>
						<row2>	-1.0000 0.0000 0.0000 0.0000	</row2>
						<row3>	0.4458 0.5499 -2.2656 1.0000	</row3>
					</transform>
				</node>
				<node>
					<identifier>	MP_CM012_Fire_Hose_Rack_1	</identifier>
					<transform>
						<row0>	0.9377 0.0000 -0.3474 0.0000	</row0>
						<row1>	0.0000 1.0000 0.0000 0.0000	</row1>
						<row2>	0.3474 0.0000 0.9377 0.0000	</row2>
						<row3>	-0.4313 0.6244 -2.2546 1.0000	</row3>
					</transform>
				</node>
				<node>
					<identifier>	MP_CM012_Fire_Hose_Rack_1_INDEX_1	</identifier>
					<transform>
						<row0>	0.9395 0.0000 -0.3427 0.0000	</row0>
						<row1>	0.0001 1.0000 0.0003 0.0000	</row1>
						<row2>	0.3427 -0.0003 0.9395 0.0000	</row2>
						<row3>	-0.3355 0.4388 -1.6014 1.0000	</row3>
					</transform>
				</node>
				<node>
					<identifier>	MP_CM012_Fire_Hose_Rack_1_INDEX_2	</identifier>
					<transform>
						<row0>	0.0000 0.0000 1.0000 0.0000	</row0>
						<row1>	0.0000 1.0000 0.0000 0.0000	</row1>
						<row2>	-1.0000 0.0000 0.0000 0.0000	</row2>
						<row3>	0.1452 0.6244 -4.1237 1.0000	</row3>
					</transform>
				</node>
				<node>
					<identifier>	MP_CM012_Fire_Hose_Rack_1_INDEX_3	</identifier>
					<transform>
						<row0>	-0.9395 0.0000 -0.3427 0.0000	</row0>
						<row1>	0.0000 1.0000 -0.0003 0.0000	</row1>
						<row2>	0.3427 -0.0003 -0.9395 0.0000	</row2>
						<row3>	0.3683 0.4388 -1.6912 1.0000	</row3>
					</transform>
				</node>
				<node>
					<identifier>	MP_CM012_Fire_Hose_Rack_1_INDEX_4	</identifier>
					<transform>
						<row0>	-0.9377 0.0000 -0.3474 0.0000	</row0>
						<row1>	0.0000 1.0000 0.0000 0.0000	</row1>
						<row2>	0.3474 0.0000 -0.9377 0.0000	</row2>
						<row3>	0.4313 0.6244 -2.2546 1.0000	</row3>
					</transform>
				</node>
				<node>
					<identifier>	MP_CM012_Fire_Hose_Rack_1_INDEX_5	</identifier>
					<transform>
						<row0>	1.0000 0.0000 0.0000 0.0000	</row0>
						<row1>	0.0000 1.0000 0.0000 0.0000	</row1>
						<row2>	0.0000 0.0000 1.0000 0.0000	</row2>
						<row3>	-0.3214 0.6244 -3.2082 1.0000	</row3>
					</transform>
				</node>
				<node>
					<identifier>	MP_CM012_Fire_Hose_Rack_1_INDEX_6	</identifier>
					<transform>
						<row0>	0.0000 0.0000 1.0000 0.0000	</row0>
						<row1>	0.0000 1.0000 0.0000 0.0000	</row1>
						<row2>	-1.0000 0.0000 0.0000 0.0000	</row2>
						<row3>	0.0759 0.8220 -3.2816 1.0000	</row3>
					</transform>
				</node>
				<node>
					<identifier>	MP_CM014_Fuel_Oil_Hose	</identifier>
					<transform>
						<row0>	-0.9395 0.0000 -0.3426 0.0000	</row0>
						<row1>	0.0000 1.0000 0.0000 0.0000	</row1>
						<row2>	0.3426 0.0000 -0.9395 0.0000	</row2>
						<row3>	0.3262 0.4670 -1.5739 1.0000	</row3>
					</transform>
				</node>
				<node>
					<identifier>	MP_CM014_Fuel_Oil_Hose_INDEX_1	</identifier>
					<transform>
						<row0>	0.9395 0.0000 -0.3426 0.0000	</row0>
						<row1>	0.0000 1.0000 0.0000 0.0000	</row1>
						<row2>	0.3426 0.0000 0.9395 0.0000	</row2>
						<row3>	-0.6031 0.4389 -2.3317 1.0000	</row3>
					</transform>
				</node>
				<node>
					<identifier>	MP_CM014_Fuel_Oil_Hose_INDEX_2	</identifier>
					<transform>
						<row0>	0.9395 0.0000 -0.3426 0.0000	</row0>
						<row1>	0.0000 1.0000 0.0000 0.0000	</row1>
						<row2>	0.3426 0.0000 0.9395 0.0000	</row2>
						<row3>	-0.6031 0.4670 -2.3317 1.0000	</row3>
					</transform>
				</node>
				<node>
					<identifier>	MP_CM014_Fuel_Oil_Hose_INDEX_3	</identifier>
					<transform>
						<row0>	0.9395 0.0000 -0.3426 0.0000	</row0>
						<row1>	0.0000 1.0000 0.0000 0.0000	</row1>
						<row2>	0.3426 0.0000 0.9395 0.0000	</row2>
						<row3>	-0.8738 0.4260 -3.0740 1.0000	</row3>
					</transform>
				</node>
				<node>
					<identifier>	MP_CM014_Fuel_Oil_Hose_INDEX_4	</identifier>
					<transform>
						<row0>	-0.9395 0.0000 -0.3426 0.0000	</row0>
						<row1>	0.0000 1.0000 0.0000 0.0000	</row1>
						<row2>	0.3426 0.0000 -0.9395 0.0000	</row2>
						<row3>	0.3262 0.4389 -1.5739 1.0000	</row3>
					</transform>
				</node>
				<node>
					<identifier>	MP_CM014_Fuel_Oil_Hose_INDEX_5	</identifier>
					<transform>
						<row0>	-0.9395 0.0000 -0.3426 0.0000	</row0>
						<row1>	0.0000 1.0000 0.0000 0.0000	</row1>
						<row2>	0.3426 0.0000 -0.9395 0.0000	</row2>
						<row3>	0.6372 0.4670 -2.4252 1.0000	</row3>
					</transform>
				</node>
				<node>
					<identifier>	MP_CM014_Fuel_Oil_Hose_INDEX_6	</identifier>
					<transform>
						<row0>	0.9395 0.0000 -0.3426 0.0000	</row0>
						<row1>	0.0000 1.0000 0.0000 0.0000	</row1>
						<row2>	0.3426 0.0000 0.9395 0.0000	</row2>
						<row3>	-0.3786 0.4668 -1.7159 1.0000	</row3>
					</transform>
				</node>
				<node>
					<identifier>	MP_CM014_Fuel_Oil_Hose_INDEX_7	</identifier>
					<transform>
						<row0>	-0.9395 0.0000 -0.3426 0.0000	</row0>
						<row1>	0.0000 1.0000 0.0000 0.0000	</row1>
						<row2>	0.3426 0.0000 -0.9395 0.0000	</row2>
						<row3>	0.6372 0.4389 -2.4252 1.0000	</row3>
					</transform>
				</node>
				<node>
					<identifier>	MP_CM029_Emergency_Box	</identifier>
					<transform>
						<row0>	0.0000 0.0000 -1.0000 0.0000	</row0>
						<row1>	0.0000 1.0000 0.0000 0.0000	</row1>
						<row2>	1.0000 0.0000 0.0000 0.0000	</row2>
						<row3>	-0.0923 0.6285 -4.0926 1.0000	</row3>
					</transform>
				</node>
				<node>
					<identifier>	MP_CM029_Emergency_Box_INDEX_1	</identifier>
					<transform>
						<row0>	0.0000 0.0000 1.0000 0.0000	</row0>
						<row1>	0.0000 1.0000 0.0000 0.0000	</row1>
						<row2>	-1.0000 0.0000 0.0000 0.0000	</row2>
						<row3>	0.0781 0.8746 -1.8082 1.0000	</row3>
					</transform>
				</node>
				<node>
					<identifier>	MP_CM029_Emergency_Box_INDEX_2	</identifier>
					<transform>
						<row0>	0.0000 0.0000 1.0000 0.0000	</row0>
						<row1>	0.0000 1.0000 0.0000 0.0000	</row1>
						<row2>	-1.0000 0.0000 0.0000 0.0000	</row2>
						<row3>	0.3279 0.6285 -3.1906 1.0000	</row3>
					</transform>
				</node>
				<node>
					<identifier>	MP_CM030_Swab_Rack_2	</identifier>
					<transform>
						<row0>	1.0000 0.0000 0.0000 0.0000	</row0>
						<row1>	0.0000 1.0000 0.0000 0.0000	</row1>
						<row2>	0.0000 0.0000 1.0000 0.0000	</row2>
						<row3>	0.0567 0.5479 -3.0796 1.0000	</row3>
					</transform>
				</node>
				<node>
					<identifier>	MP_CM052_Fender	</identifier>
					<transform>
						<row0>	0.1713 0.0000 -0.4697 0.0000	</row0>
						<row1>	0.0000 0.5000 0.0000 0.0000	</row1>
						<row2>	0.4697 0.0000 0.1713 0.0000	</row2>
						<row3>	0.5891 0.3614 -2.2538 1.0000	</row3>
					</transform>
				</node>
				<node>
					<identifier>	MP_CM052_Fender_INDEX_1	</identifier>
					<transform>
						<row0>	0.1713 0.0000 -0.4697 0.0000	</row0>
						<row1>	0.0000 0.5000 0.0000 0.0000	</row1>
						<row2>	0.4697 0.0000 0.1713 0.0000	</row2>
						<row3>	0.6004 0.3610 -2.2848 1.0000	</row3>
					</transform>
				</node>
				<node>
					<identifier>	MP_CM052_Fender_INDEX_2	</identifier>
					<transform>
						<row0>	0.1713 0.0000 0.4697 0.0000	</row0>
						<row1>	0.0000 0.5000 0.0000 0.0000	</row1>
						<row2>	-0.4697 0.0000 0.1713 0.0000	</row2>
						<row3>	-0.6796 0.3580 -2.5015 1.0000	</row3>
					</transform>
				</node>
				<node>
					<identifier>	MP_CM052_Fender_INDEX_3	</identifier>
					<transform>
						<row0>	0.1713 0.0000 0.4697 0.0000	</row0>
						<row1>	0.0000 0.5000 0.0000 0.0000	</row1>
						<row2>	-0.4697 0.0000 0.1713 0.0000	</row2>
						<row3>	-0.6908 0.3576 -2.5323 1.0000	</row3>
					</transform>
				</node>
				<node>
					<identifier>	MP_CM064_Anchor_Stern	</identifier>
					<transform>
						<row0>	-0.3420 0.0000 -0.9397 0.0000	</row0>
						<row1>	0.0894 0.9955 -0.0325 0.0000	</row1>
						<row2>	0.9354 -0.0951 -0.3405 0.0000	</row2>
						<row3>	-0.7310 0.4896 -2.6643 1.0000	</row3>
					</transform>
				</node>
				<node>
					<identifier>	MP_CM090_Accommodation_Ladder	</identifier>
					<transform>
						<row0>	0.9999 0.0138 -0.0001 0.0000	</row0>
						<row1>	-0.0138 0.9999 0.0014 0.0000	</row1>
						<row2>	0.0001 -0.0014 1.0000 0.0000	</row2>
						<row3>	-0.4115 0.3678 -1.0793 1.0000	</row3>
					</transform>
				</node>
				<node>
					<identifier>	MP_CM090_Accommodation_Ladder_INDEX_1	</identifier>
					<transform>
						<row0>	0.9999 -0.0138 0.0001 0.0000	</row0>
						<row1>	0.0138 0.9999 0.0014 0.0000	</row1>
						<row2>	-0.0001 -0.0014 1.0000 0.0000	</row2>
						<row3>	0.4110 0.3678 -1.0793 1.0000	</row3>
					</transform>
				</node>
				<node>
					<identifier>	MP_CM126_Cleat	</identifier>
					<transform>
						<row0>	0.4763 0.0000 -0.8793 0.0000	</row0>
						<row1>	0.8793 0.0000 0.4763 0.0000	</row1>
						<row2>	0.0000 -1.0000 0.0000 0.0000	</row2>
						<row3>	0.3875 0.5866 -3.7910 1.0000	</row3>
					</transform>
				</node>
				<node>
					<identifier>	MP_CM126_Cleat_INDEX_1	</identifier>
					<transform>
						<row0>	0.4763 0.0000 0.8793 0.0000	</row0>
						<row1>	-0.8793 0.0000 0.4763 0.0000	</row1>
						<row2>	0.0000 -1.0000 0.0000 0.0000	</row2>
						<row3>	-0.3876 0.5866 -3.7910 1.0000	</row3>
					</transform>
				</node>
				<node>
					<identifier>	MP_CM126_Cleat_INDEX_2	</identifier>
					<transform>
						<row0>	-0.2930 0.0000 0.9561 0.0000	</row0>
						<row1>	-0.9561 0.0000 -0.2930 0.0000	</row1>
						<row2>	0.0000 -1.0000 0.0000 0.0000	</row2>
						<row3>	-0.3874 0.6461 -3.8103 1.0000	</row3>
					</transform>
				</node>
				<node>
					<identifier>	MP_CM126_Cleat_INDEX_3	</identifier>
					<transform>
						<row0>	-0.2930 0.0000 -0.9561 0.0000	</row0>
						<row1>	0.9561 0.0000 -0.2930 0.0000	</row1>
						<row2>	0.0000 -1.0000 0.0000 0.0000	</row2>
						<row3>	0.3874 0.6461 -3.8103 1.0000	</row3>
					</transform>
				</node>
				<node>
					<identifier>	MP_HM004_Loudspeaker	</identifier>
					<transform>
						<row0>	-1.0000 0.0000 0.0000 0.0000	</row0>
						<row1>	0.0000 1.0000 0.0000 0.0000	</row1>
						<row2>	0.0000 0.0000 -1.0000 0.0000	</row2>
						<row3>	0.0583 0.7327 -3.7174 1.0000	</row3>
					</transform>
				</node>
				<node>
					<identifier>	MP_HM006_Flagbox	</identifier>
					<transform>
						<row0>	0.0000 0.0000 -1.0000 0.0000	</row0>
						<row1>	0.0000 1.0000 0.0000 0.0000	</row1>
						<row2>	1.0000 0.0000 0.0000 0.0000	</row2>
						<row3>	0.2343 0.7937 -3.7174 1.0000	</row3>
					</transform>
				</node>
				<node>
					<identifier>	MP_HM006_Flagbox_INDEX_1	</identifier>
					<transform>
						<row0>	0.0000 0.0000 -1.0000 0.0000	</row0>
						<row1>	0.0000 1.0000 0.0000 0.0000	</row1>
						<row2>	1.0000 0.0000 0.0000 0.0000	</row2>
						<row3>	-0.2343 0.7937 -3.7174 1.0000	</row3>
					</transform>
				</node>
				<node>
					<identifier>	MP_HM007_Lifebuoy	</identifier>
					<transform>
						<row0>	0.0376 0.0000 -0.9993 0.0000	</row0>
						<row1>	0.0000 1.0000 0.0000 0.0000	</row1>
						<row2>	0.9993 0.0000 0.0376 0.0000	</row2>
						<row3>	-1.0124 0.4105 -2.8700 1.0000	</row3>
					</transform>
				</node>
				<node>
					<identifier>	MP_HM007_Lifebuoy_INDEX_1	</identifier>
					<transform>
						<row0>	0.0376 0.0000 0.9993 0.0000	</row0>
						<row1>	0.0000 1.0000 0.0000 0.0000	</row1>
						<row2>	-0.9993 0.0000 0.0376 0.0000	</row2>
						<row3>	1.0124 0.4105 -2.8700 1.0000	</row3>
					</transform>
				</node>
				<node>
					<identifier>	MP_HM007_Lifebuoy_INDEX_2	</identifier>
					<transform>
						<row0>	0.0037 0.0000 -1.0000 0.0000	</row0>
						<row1>	0.0000 1.0000 0.0000 0.0000	</row1>
						<row2>	1.0000 0.0000 0.0037 0.0000	</row2>
						<row3>	-1.0692 0.4104 -0.2712 1.0000	</row3>
					</transform>
				</node>
				<node>
					<identifier>	MP_HM007_Lifebuoy_INDEX_3	</identifier>
					<transform>
						<row0>	0.0037 0.0000 1.0000 0.0000	</row0>
						<row1>	0.0000 1.0000 0.0000 0.0000	</row1>
						<row2>	-1.0000 0.0000 0.0037 0.0000	</row2>
						<row3>	1.0692 0.4104 -0.2712 1.0000	</row3>
					</transform>
				</node>
				<node>
					<identifier>	MP_HM030_Helmets	</identifier>
					<transform>
						<row0>	0.0000 0.0000 1.0000 0.0000	</row0>
						<row1>	0.0000 1.0000 0.0000 0.0000	</row1>
						<row2>	-1.0000 0.0000 0.0000 0.0000	</row2>
						<row3>	-0.1210 0.7828 -3.1216 1.0000	</row3>
					</transform>
				</node>
				<node>
					<identifier>	MP_HM030_Helmets_INDEX_1	</identifier>
					<transform>
						<row0>	0.0000 0.0000 -1.0000 0.0000	</row0>
						<row1>	0.0000 1.0000 0.0000 0.0000	</row1>
						<row2>	1.0000 0.0000 0.0000 0.0000	</row2>
						<row3>	0.4392 0.5820 -2.4850 1.0000	</row3>
					</transform>
				</node>
				<node>
					<identifier>	MP_HM030_Helmets_INDEX_2	</identifier>
					<transform>
						<row0>	-0.9914 0.0000 0.1305 0.0000	</row0>
						<row1>	0.0000 1.0000 0.0000 0.0000	</row1>
						<row2>	-0.1305 0.0000 -0.9914 0.0000	</row2>
						<row3>	-0.0250 1.0334 -1.6422 1.0000	</row3>
					</transform>
				</node>
				<node>
					<identifier>	MP_HM030_Helmets_INDEX_3	</identifier>
					<transform>
						<row0>	0.0000 0.0000 -1.0000 0.0000	</row0>
						<row1>	0.0000 1.0000 0.0000 0.0000	</row1>
						<row2>	1.0000 0.0000 0.0000 0.0000	</row2>
						<row3>	0.1210 0.7828 -3.2112 1.0000	</row3>
					</transform>
				</node>
				<node>
					<identifier>	MP_HM030_Helmets_INDEX_4	</identifier>
					<transform>
						<row0>	-0.9952 0.0000 0.0980 0.0000	</row0>
						<row1>	0.0000 1.0000 0.0000 0.0000	</row1>
						<row2>	-0.0980 0.0000 -0.9952 0.0000	</row2>
						<row3>	-0.0220 1.0755 -2.7093 1.0000	</row3>
					</transform>
				</node>
				<node>
					<identifier>	MP_HM030_Helmets_INDEX_5	</identifier>
					<transform>
						<row0>	0.0000 0.0000 1.0000 0.0000	</row0>
						<row1>	0.0000 1.0000 0.0000 0.0000	</row1>
						<row2>	-1.0000 0.0000 0.0000 0.0000	</row2>
						<row3>	-0.4392 0.5820 -2.4850 1.0000	</row3>
					</transform>
				</node>
				<node>
					<identifier>	MP_HM501_Whaleboat_27ft	</identifier>
					<transform>
						<row0>	1.0000 0.0000 0.0000 0.0000	</row0>
						<row1>	0.0000 1.0000 0.0000 0.0000	</row1>
						<row2>	0.0000 0.0000 1.0000 0.0000	</row2>
						<row3>	-0.5534 0.6406 -3.6413 1.0000	</row3>
					</transform>
				</node>
				<node>
					<identifier>	MP_HM501_Whaleboat_27ft_INDEX_1	</identifier>
					<transform>
						<row0>	1.0000 0.0000 0.0000 0.0000	</row0>
						<row1>	0.0000 1.0000 0.0000 0.0000	</row1>
						<row2>	0.0000 0.0000 1.0000 0.0000	</row2>
						<row3>	0.5534 0.6406 -3.6413 1.0000	</row3>
					</transform>
				</node>
				<node>
					<identifier>	MP_HM502_Life_Boat	</identifier>
					<transform>
						<row0>	0.0000 0.0000 -1.0000 0.0000	</row0>
						<row1>	0.0000 1.0000 0.0000 0.0000	</row1>
						<row2>	1.0000 0.0000 0.0000 0.0000	</row2>
						<row3>	0.7162 0.5488 -3.6814 1.0000	</row3>
					</transform>
				</node>
				<node>
					<identifier>	MP_HM502_Life_Boat_INDEX_1	</identifier>
					<transform>
						<row0>	0.0000 0.0000 -1.0000 0.0000	</row0>
						<row1>	0.0000 1.0000 0.0000 0.0000	</row1>
						<row2>	1.0000 0.0000 0.0000 0.0000	</row2>
						<row3>	0.8366 0.5488 -3.6814 1.0000	</row3>
					</transform>
				</node>
				<node>
					<identifier>	MP_HM502_Life_Boat_INDEX_2	</identifier>
					<transform>
						<row0>	0.0000 0.0000 1.0000 0.0000	</row0>
						<row1>	0.0000 1.0000 0.0000 0.0000	</row1>
						<row2>	-1.0000 0.0000 0.0000 0.0000	</row2>
						<row3>	-0.8366 0.5488 -3.6814 1.0000	</row3>
					</transform>
				</node>
				<node>
					<identifier>	MP_HM502_Life_Boat_INDEX_3	</identifier>
					<transform>
						<row0>	0.0000 0.0000 1.0000 0.0000	</row0>
						<row1>	0.0000 1.0000 0.0000 0.0000	</row1>
						<row2>	-1.0000 0.0000 0.0000 0.0000	</row2>
						<row3>	-0.7162 0.5488 -3.6814 1.0000	</row3>
					</transform>
				</node>
				<node>
					<identifier>	MP_HM502_Life_Boat_INDEX_4	</identifier>
					<transform>
						<row0>	1.0000 0.0000 0.0000 0.0000	</row0>
						<row1>	0.0000 0.0000 -1.0000 0.0000	</row1>
						<row2>	0.0000 1.0000 0.0000 0.0000	</row2>
						<row3>	0.0000 0.9755 -2.8324 1.0000	</row3>
					</transform>
				</node>
				<node>
					<identifier>	MP_HM502_Life_Boat_INDEX_5	</identifier>
					<transform>
						<row0>	-1.0000 0.0000 0.0000 0.0000	</row0>
						<row1>	0.0000 0.0000 -1.0000 0.0000	</row1>
						<row2>	0.0000 -1.0000 0.0000 0.0000	</row2>
						<row3>	0.0000 0.8585 -2.8324 1.0000	</row3>
					</transform>
				</node>
				<node>
					<identifier>	MP_HM502_Life_Boat_INDEX_6	</identifier>
					<transform>
						<row0>	-0.3445 0.0000 0.9388 0.0000	</row0>
						<row1>	0.9388 0.0000 0.3445 0.0000	</row1>
						<row2>	0.0000 1.0000 0.0000 0.0000	</row2>
						<row3>	0.2897 0.5475 -1.4770 1.0000	</row3>
					</transform>
				</node>
				<node>
					<identifier>	MP_HM502_Life_Boat_INDEX_7	</identifier>
					<transform>
						<row0>	-0.3445 0.0000 0.9388 0.0000	</row0>
						<row1>	0.9388 0.0000 0.3445 0.0000	</row1>
						<row2>	0.0000 1.0000 0.0000 0.0000	</row2>
						<row3>	0.3521 0.5475 -1.6470 1.0000	</row3>
					</transform>
				</node>
				<node>
					<identifier>	MP_HM502_Life_Boat_INDEX_8	</identifier>
					<transform>
						<row0>	-0.3445 0.0000 -0.9388 0.0000	</row0>
						<row1>	-0.9388 0.0000 0.3445 0.0000	</row1>
						<row2>	0.0000 1.0000 0.0000 0.0000	</row2>
						<row3>	-0.2897 0.5475 -1.4770 1.0000	</row3>
					</transform>
				</node>
				<node>
					<identifier>	MP_HM502_Life_Boat_INDEX_9	</identifier>
					<transform>
						<row0>	-0.3445 0.0000 -0.9388 0.0000	</row0>
						<row1>	-0.9388 0.0000 0.3445 0.0000	</row1>
						<row2>	0.0000 1.0000 0.0000 0.0000	</row2>
						<row3>	-0.3521 0.5475 -1.6470 1.0000	</row3>
					</transform>
				</node>
				<node>
					<identifier>	MP_HM5041_Searchlight_44in	</identifier>
					<transform>
						<row0>	0.0000 0.0000 1.0000 0.0000	</row0>
						<row1>	0.0000 1.0000 0.0000 0.0000	</row1>
						<row2>	-1.0000 0.0000 0.0000 0.0000	</row2>
						<row3>	-0.0882 0.9355 -1.1372 1.0000	</row3>
					</transform>
				</node>
				<node>
					<identifier>	MP_HM5041_Searchlight_44in_INDEX_1	</identifier>
					<transform>
						<row0>	0.0000 0.0000 -1.0000 0.0000	</row0>
						<row1>	0.0000 1.0000 0.0000 0.0000	</row1>
						<row2>	1.0000 0.0000 0.0000 0.0000	</row2>
						<row3>	0.0882 0.9355 -1.1372 1.0000	</row3>
					</transform>
				</node>
				<node>
					<identifier>	MP_HM5056_Speaker	</identifier>
					<transform>
						<row0>	-1.0000 0.0000 0.0000 0.0000	</row0>
						<row1>	0.0000 1.0000 0.0000 0.0000	</row1>
						<row2>	0.0000 0.0000 -1.0000 0.0000	</row2>
						<row3>	0.0851 0.6670 -2.8365 1.0000	</row3>
					</transform>
				</node>
				<node>
					<identifier>	MP_HM5056_Speaker_INDEX_1	</identifier>
					<transform>
						<row0>	0.3427 0.0000 0.9395 0.0000	</row0>
						<row1>	0.0000 1.0000 0.0000 0.0000	</row1>
						<row2>	-0.9395 0.0000 0.3427 0.0000	</row2>
						<row3>	-0.4483 0.5296 -1.9226 1.0000	</row3>
					</transform>
				</node>
				<node>
					<identifier>	MP_HM5056_Speaker_INDEX_2	</identifier>
					<transform>
						<row0>	0.3427 0.0000 -0.9395 0.0000	</row0>
						<row1>	0.0000 1.0000 0.0000 0.0000	</row1>
						<row2>	0.9395 0.0000 0.3427 0.0000	</row2>
						<row3>	0.4483 0.5296 -1.9226 1.0000	</row3>
					</transform>
				</node>
				<node>
					<identifier>	MP_HM5057_Dumaresq	</identifier>
					<transform>
						<row0>	-0.7165 0.0000 -0.6976 0.0000	</row0>
						<row1>	0.0000 1.0000 0.0000 0.0000	</row1>
						<row2>	0.6976 0.0000 -0.7165 0.0000	</row2>
						<row3>	-0.0734 1.1190 -3.6951 1.0000	</row3>
					</transform>
				</node>
				<node>
					<identifier>	MP_HM5057_Dumaresq_INDEX_1	</identifier>
					<transform>
						<row0>	-0.7165 0.0000 0.6976 0.0000	</row0>
						<row1>	0.0000 1.0000 0.0000 0.0000	</row1>
