<GAF511_Bf109E_float_StarTrek.visual>
	<node>
		<identifier>	Scene Root	</identifier>
		<transform>
			<row0>	1.0000 0.0000 0.0000 0.0000	</row0>
			<row1>	0.0000 1.0000 0.0000 0.0000	</row1>
			<row2>	0.0000 0.0000 1.0000 0.0000	</row2>
			<row3>	0.0000 0.0000 0.0000 1.0000	</row3>
		</transform>
		<node>
			<identifier>	GAF511_Bf109E_float_StarTrek	</identifier>
			<transform>
				<row0>	1.0000 0.0000 0.0000 0.0000	</row0>
				<row1>	0.0000 1.0000 0.0000 0.0000	</row1>
				<row2>	0.0000 0.0000 1.0000 0.0000	</row2>
				<row3>	0.0000 0.0000 0.0000 1.0000	</row3>
			</transform>
			<node>
				<identifier>	HP_Air_bomb_1	</identifier>
				<transform>
					<row0>	1.0000 0.0000 0.0000 0.0000	</row0>
					<row1>	0.0000 0.9948 -0.1023 0.0000	</row1>
					<row2>	0.0000 0.1023 0.9948 0.0000	</row2>
					<row3>	-0.0230 0.1103 0.0117 1.0000	</row3>
				</transform>
			</node>
			<node>
				<identifier>	HP_Air_bomb_2	</identifier>
				<transform>
					<row0>	1.0000 0.0000 0.0000 0.0000	</row0>
					<row1>	0.0000 0.9948 -0.1023 0.0000	</row1>
					<row2>	0.0000 0.1023 0.9948 0.0000	</row2>
					<row3>	-0.0002 0.1103 0.0117 1.0000	</row3>
				</transform>
			</node>
			<node>
				<identifier>	HP_Air_bomb_3	</identifier>
				<transform>
					<row0>	1.0000 0.0000 0.0000 0.0000	</row0>
					<row1>	0.0000 0.9948 -0.1023 0.0000	</row1>
					<row2>	0.0000 0.1023 0.9948 0.0000	</row2>
					<row3>	0.0227 0.1103 0.0117 1.0000	</row3>
				</transform>
			</node>
			<node>
				<identifier>	HP_Air_bomb_4	</identifier>
				<transform>
					<row0>	1.0000 0.0000 0.0000 0.0000	</row0>
					<row1>	0.0000 0.9948 -0.1023 0.0000	</row1>
					<row2>	0.0000 0.1023 0.9948 0.0000	</row2>
					<row3>	-0.0230 0.1014 -0.0743 1.0000	</row3>
				</transform>
			</node>
			<node>
				<identifier>	HP_Air_bomb_5	</identifier>
				<transform>
					<row0>	1.0000 0.0000 0.0000 0.0000	</row0>
					<row1>	0.0000 0.9948 -0.1023 0.0000	</row1>
					<row2>	0.0000 0.1023 0.9948 0.0000	</row2>
					<row3>	-0.0002 0.1014 -0.0743 1.0000	</row3>
				</transform>
			</node>
			<node>
				<identifier>	HP_Air_bomb_6	</identifier>
				<transform>
					<row0>	1.0000 0.0000 0.0000 0.0000	</row0>
					<row1>	0.0000 0.9948 -0.1023 0.0000	</row1>
					<row2>	0.0000 0.1023 0.9948 0.0000	</row2>
					<row3>	0.0227 0.1014 -0.0743 1.0000	</row3>
				</transform>
			</node>
			<node>
				<identifier>	HP_Air_gunfire_1	</identifier>
				<transform>
					<row0>	1.0000 0.0000 0.0000 0.0000	</row0>
					<row1>	0.0000 1.0000 0.0000 0.0000	</row1>
					<row2>	0.0000 0.0000 1.0000 0.0000	</row2>
					<row3>	-0.1382 0.1515 0.0846 1.0000	</row3>
				</transform>
			</node>
			<node>
				<identifier>	HP_Air_gunfire_2	</identifier>
				<transform>
					<row0>	1.0000 0.0000 0.0000 0.0000	</row0>
					<row1>	0.0000 1.0000 0.0000 0.0000	</row1>
					<row2>	0.0000 0.0000 1.0000 0.0000	</row2>
					<row3>	0.1383 0.1515 0.0846 1.0000	</row3>
				</transform>
			</node>
		</node>
	</node>
	<renderSet>
		<treatAsWorldSpaceObject>	false	</treatAsWorldSpaceObject>
		<node>	GAF511_Bf109E_float_StarTrek	</node>
		<geometry>
			<vertices>	GAF511_Bf109E_float_StarTrekShape.vertices	</vertices>
			<primitive>	GAF511_Bf109E_float_StarTrekShape.indices	</primitive>
			<primitiveGroup>	0
				<material>
					<identifier>	TL2_SHIPMAT_PBS_Misc9	</identifier>
					<mfm>	PnFMods/ModsSDK.zip/XSB027_Gneisenau_Vulkans/aircraft/GAF511_Bf109E_float_StarTrek.mfm	</mfm>
				</material>
			</primitiveGroup>
		</geometry>
	</renderSet>
	<boundingBox>
		<min>	-0.2049 0.0283 -0.4183	</min>
		<max>	0.2049 0.3733 0.2916	</max>
	</boundingBox>
</GAF511_Bf109E_float_StarTrek.visual>
