<RSS001_K_type_MidBack_ep.skel_ext>
	<exported>	false	</exported>
	<node>
		<identifier>	EP_Death_2	</identifier>
		<parent>	Scene Root	</parent>
		<transform>
			<row0>	1.0000 0.0000 0.0000 0.0000	</row0>
			<row1>	0.0000 1.0000 0.0000 0.0000	</row1>
			<row2>	0.0000 0.0000 1.0000 0.0000	</row2>
			<row3>	0.0000 0.0000 -0.0317 1.0000	</row3>
		</transform>
	</node>
	<node>
		<identifier>	EP_Death_3	</identifier>
		<parent>	Scene Root	</parent>
		<transform>
			<row0>	1.0000 0.0000 0.0000 0.0000	</row0>
			<row1>	0.0000 1.0000 0.0000 0.0000	</row1>
			<row2>	0.0000 0.0000 1.0000 0.0000	</row2>
			<row3>	0.0000 0.0000 -1.9992 1.0000	</row3>
		</transform>
	</node>
	<node>
		<identifier>	EP_Descent_2	</identifier>
		<parent>	Scene Root	</parent>
		<transform>
			<row0>	0.8159 -0.5781 0.0000 0.0000	</row0>
			<row1>	0.5781 0.8159 0.0000 0.0000	</row1>
			<row2>	0.0000 0.0000 1.0000 0.0000	</row2>
			<row3>	0.1619 0.0988 0.1116 1.0000	</row3>
		</transform>
	</node>
	<node>
		<identifier>	EP_Descent_4	</identifier>
		<parent>	Scene Root	</parent>
		<transform>
			<row0>	-0.7144 -0.6997 0.0000 0.0000	</row0>
			<row1>	-0.6997 0.7144 0.0000 0.0000	</row1>
			<row2>	0.0000 0.0000 -1.0000 0.0000	</row2>
			<row3>	-0.1547 0.0960 -1.6821 1.0000	</row3>
		</transform>
	</node>
	<node>
		<identifier>	EP_Flood_steam_1	</identifier>
		<parent>	Scene Root	</parent>
		<transform>
			<row0>	0.6150 -0.7885 0.0000 0.0000	</row0>
			<row1>	0.7885 0.6150 0.0000 0.0000	</row1>
			<row2>	0.0000 0.0000 1.0000 0.0000	</row2>
			<row3>	0.1475 0.0939 -1.9047 1.0000	</row3>
		</transform>
	</node>
	<node>
		<identifier>	EP_Flood_water_right	</identifier>
		<parent>	Scene Root	</parent>
		<transform>
			<row0>	1.0000 0.0000 0.0000 0.0000	</row0>
			<row1>	0.0000 1.0000 0.0000 0.0000	</row1>
			<row2>	0.0000 0.0000 1.0000 0.0000	</row2>
			<row3>	0.1457 0.1055 -1.1164 1.0000	</row3>
		</transform>
	</node>
	<node>
		<identifier>	EP_Runoff_deluge_left_10	</identifier>
		<parent>	Scene Root	</parent>
		<transform>
			<row0>	-1.0000 0.0000 0.0000 0.0000	</row0>
			<row1>	0.0000 1.0000 0.0000 0.0000	</row1>
			<row2>	0.0000 0.0000 -1.0000 0.0000	</row2>
			<row3>	-0.1955 0.0601 0.0096 1.0000	</row3>
		</transform>
	</node>
	<node>
		<identifier>	EP_Runoff_deluge_left_11	</identifier>
		<parent>	Scene Root	</parent>
		<transform>
			<row0>	-1.0000 0.0000 0.0000 0.0000	</row0>
			<row1>	0.0000 1.0000 0.0000 0.0000	</row1>
			<row2>	0.0000 0.0000 -1.0000 0.0000	</row2>
			<row3>	-0.1749 0.0821 -0.1681 1.0000	</row3>
		</transform>
	</node>
	<node>
		<identifier>	EP_Runoff_deluge_left_12	</identifier>
		<parent>	Scene Root	</parent>
		<transform>
			<row0>	-0.9998 0.0000 -0.0175 0.0000	</row0>
			<row1>	0.0000 1.0000 0.0000 0.0000	</row1>
			<row2>	0.0175 0.0000 -0.9998 0.0000	</row2>
			<row3>	-0.1759 0.0814 -0.4438 1.0000	</row3>
		</transform>
	</node>
	<node>
		<identifier>	EP_Runoff_deluge_left_13	</identifier>
		<parent>	Scene Root	</parent>
		<transform>
			<row0>	-0.9998 0.0000 -0.0175 0.0000	</row0>
			<row1>	0.0000 1.0000 0.0000 0.0000	</row1>
			<row2>	0.0175 0.0000 -0.9998 0.0000	</row2>
			<row3>	-0.1711 0.0830 -0.7515 1.0000	</row3>
		</transform>
	</node>
	<node>
		<identifier>	EP_Runoff_deluge_left_14	</identifier>
		<parent>	Scene Root	</parent>
		<transform>
			<row0>	-0.9998 0.0000 -0.0175 0.0000	</row0>
			<row1>	0.0000 1.0000 0.0000 0.0000	</row1>
			<row2>	0.0175 0.0000 -0.9998 0.0000	</row2>
			<row3>	-0.1734 0.0810 -1.0149 1.0000	</row3>
		</transform>
	</node>
	<node>
		<identifier>	EP_Runoff_deluge_left_15	</identifier>
		<parent>	Scene Root	</parent>
		<transform>
			<row0>	-0.9998 0.0000 -0.0175 0.0000	</row0>
			<row1>	0.0000 1.0000 0.0000 0.0000	</row1>
			<row2>	0.0175 0.0000 -0.9998 0.0000	</row2>
			<row3>	-0.1644 0.0805 -1.4405 1.0000	</row3>
		</transform>
	</node>
	<node>
		<identifier>	EP_Runoff_deluge_left_16	</identifier>
		<parent>	Scene Root	</parent>
		<transform>
			<row0>	-0.9998 0.0000 -0.0175 0.0000	</row0>
			<row1>	0.0000 1.0000 0.0000 0.0000	</row1>
			<row2>	0.0175 0.0000 -0.9998 0.0000	</row2>
			<row3>	-0.1647 0.0783 -1.6482 1.0000	</row3>
		</transform>
	</node>
	<node>
		<identifier>	EP_Runoff_deluge_left_17	</identifier>
		<parent>	Scene Root	</parent>
		<transform>
			<row0>	-0.9998 0.0000 -0.0175 0.0000	</row0>
			<row1>	0.0000 1.0000 0.0000 0.0000	</row1>
			<row2>	0.0175 0.0000 -0.9998 0.0000	</row2>
			<row3>	-0.1577 0.0776 -1.8391 1.0000	</row3>
		</transform>
	</node>
	<node>
		<identifier>	EP_Runoff_deluge_left_18	</identifier>
		<parent>	Scene Root	</parent>
		<transform>
			<row0>	-0.9998 0.0000 -0.0175 0.0000	</row0>
			<row1>	0.0000 1.0000 0.0000 0.0000	</row1>
			<row2>	0.0175 0.0000 -0.9998 0.0000	</row2>
			<row3>	-0.1613 0.0521 -2.0531 1.0000	</row3>
		</transform>
	</node>
	<node>
		<identifier>	EP_Runoff_deluge_right_10	</identifier>
		<parent>	Scene Root	</parent>
		<transform>
			<row0>	1.0000 0.0000 0.0000 0.0000	</row0>
			<row1>	0.0000 1.0000 0.0000 0.0000	</row1>
			<row2>	0.0000 0.0000 1.0000 0.0000	</row2>
			<row3>	0.1959 0.0600 0.0100 1.0000	</row3>
		</transform>
	</node>
	<node>
		<identifier>	EP_Runoff_deluge_right_11	</identifier>
		<parent>	Scene Root	</parent>
		<transform>
			<row0>	1.0000 0.0000 0.0000 0.0000	</row0>
			<row1>	0.0000 1.0000 0.0000 0.0000	</row1>
			<row2>	0.0000 0.0000 1.0000 0.0000	</row2>
			<row3>	0.1749 0.0820 -0.1679 1.0000	</row3>
		</transform>
	</node>
	<node>
		<identifier>	EP_Runoff_deluge_right_12	</identifier>
		<parent>	Scene Root	</parent>
		<transform>
			<row0>	0.9998 0.0000 -0.0175 0.0000	</row0>
			<row1>	0.0000 1.0000 0.0000 0.0000	</row1>
			<row2>	0.0175 0.0000 0.9998 0.0000	</row2>
			<row3>	0.1759 0.0810 -0.4438 1.0000	</row3>
		</transform>
	</node>
	<node>
		<identifier>	EP_Runoff_deluge_right_13	</identifier>
		<parent>	Scene Root	</parent>
		<transform>
			<row0>	0.9998 0.0000 -0.0175 0.0000	</row0>
			<row1>	0.0000 1.0000 0.0000 0.0000	</row1>
			<row2>	0.0175 0.0000 0.9998 0.0000	</row2>
			<row3>	0.1709 0.0830 -0.7516 1.0000	</row3>
		</transform>
	</node>
	<node>
		<identifier>	EP_Runoff_deluge_right_14	</identifier>
		<parent>	Scene Root	</parent>
		<transform>
			<row0>	0.9998 0.0000 -0.0175 0.0000	</row0>
			<row1>	0.0000 1.0000 0.0000 0.0000	</row1>
			<row2>	0.0175 0.0000 0.9998 0.0000	</row2>
			<row3>	0.1739 0.0810 -1.0145 1.0000	</row3>
		</transform>
	</node>
	<node>
		<identifier>	EP_Runoff_deluge_right_15	</identifier>
		<parent>	Scene Root	</parent>
		<transform>
			<row0>	0.9998 0.0000 -0.0175 0.0000	</row0>
			<row1>	0.0000 1.0000 0.0000 0.0000	</row1>
			<row2>	0.0175 0.0000 0.9998 0.0000	</row2>
			<row3>	0.1639 0.0800 -1.4403 1.0000	</row3>
		</transform>
	</node>
	<node>
		<identifier>	EP_Runoff_deluge_right_16	</identifier>
		<parent>	Scene Root	</parent>
		<transform>
			<row0>	0.9998 0.0000 -0.0175 0.0000	</row0>
			<row1>	0.0000 1.0000 0.0000 0.0000	</row1>
			<row2>	0.0175 0.0000 0.9998 0.0000	</row2>
			<row3>	0.1649 0.0780 -1.6482 1.0000	</row3>
		</transform>
	</node>
	<node>
		<identifier>	EP_Runoff_deluge_right_17	</identifier>
		<parent>	Scene Root	</parent>
		<transform>
			<row0>	0.9998 0.0000 -0.0175 0.0000	</row0>
			<row1>	0.0000 1.0000 0.0000 0.0000	</row1>
			<row2>	0.0175 0.0000 0.9998 0.0000	</row2>
			<row3>	0.1579 0.0780 -1.8391 1.0000	</row3>
		</transform>
	</node>
	<node>
		<identifier>	EP_Runoff_deluge_right_18	</identifier>
		<parent>	Scene Root	</parent>
		<transform>
			<row0>	0.9998 0.0000 -0.0175 0.0000	</row0>
			<row1>	0.0000 1.0000 0.0000 0.0000	</row1>
			<row2>	0.0175 0.0000 0.9998 0.0000	</row2>
			<row3>	0.1609 0.0520 -2.0530 1.0000	</row3>
		</transform>
	</node>
	<node>
		<identifier>	EP_Runoff_left_1	</identifier>
		<parent>	Scene Root	</parent>
		<transform>
			<row0>	-0.6677 0.7444 0.0064 0.0000	</row0>
			<row1>	0.7436 0.6666 0.0513 0.0000	</row1>
			<row2>	0.0340 0.0391 -0.9986 0.0000	</row2>
			<row3>	-0.1063 0.1455 -0.0053 1.0000	</row3>
		</transform>
	</node>
	<node>
		<identifier>	EP_Runoff_left_2	</identifier>
		<parent>	Scene Root	</parent>
		<transform>
			<row0>	-0.6671 0.7450 0.0027 0.0000	</row0>
			<row1>	0.7450 0.6671 -0.0030 0.0000	</row1>
			<row2>	-0.0040 0.0000 -1.0000 0.0000	</row2>
			<row3>	-0.0900 0.1677 -1.1454 1.0000	</row3>
		</transform>
	</node>
	<node>
		<identifier>	EP_Runoff_right_1	</identifier>
		<parent>	Scene Root	</parent>
		<transform>
			<row0>	0.6677 0.7444 0.0058 0.0000	</row0>
			<row1>	-0.7436 0.6666 0.0520 0.0000	</row1>
			<row2>	0.0349 -0.0391 0.9986 0.0000	</row2>
			<row3>	0.1059 0.1459 -0.0050 1.0000	</row3>
		</transform>
	</node>
	<node>
		<identifier>	EP_Runoff_right_2	</identifier>
		<parent>	Scene Root	</parent>
		<transform>
			<row0>	0.6671 0.7450 0.0026 0.0000	</row0>
			<row1>	-0.7450 0.6671 -0.0029 0.0000	</row1>
			<row2>	-0.0038 0.0000 1.0000 0.0000	</row2>
			<row3>	0.0900 0.1679 -1.1454 1.0000	</row3>
		</transform>
	</node>
	<node>
		<identifier>	EP_Runoff_tower_left_3	</identifier>
		<parent>	Scene Root	</parent>
		<transform>
			<row0>	-0.7198 0.0787 -0.6896 0.0000	</row0>
			<row1>	0.0566 0.9969 0.0546 0.0000	</row1>
			<row2>	0.6917 0.0003 -0.7220 0.0000	</row2>
			<row3>	-0.0471 0.2429 -0.0979 1.0000	</row3>
		</transform>
	</node>
	<node>
		<identifier>	EP_Runoff_tower_right_3	</identifier>
		<parent>	Scene Root	</parent>
		<transform>
			<row0>	0.5574 0.0787 -0.8265 0.0000	</row0>
			<row1>	-0.0443 0.9969 0.0651 0.0000	</row1>
			<row2>	0.8290 0.0003 0.5592 0.0000	</row2>
			<row3>	0.0470 0.2429 -0.0980 1.0000	</row3>
		</transform>
	</node>
	<node>
		<identifier>	EP_Runoff_up_left_2	</identifier>
		<parent>	Scene Root	</parent>
		<transform>
			<row0>	-1.0000 0.0002 -0.0138 0.0000	</row0>
			<row1>	0.0004 1.0001 0.0027 0.0000	</row1>
			<row2>	0.0138 0.0027 -1.0000 0.0000	</row2>
			<row3>	-0.0733 0.1673 -0.0989 1.0000	</row3>
		</transform>
	</node>
	<node>
		<identifier>	EP_Runoff_up_left_3	</identifier>
		<parent>	Scene Root	</parent>
		<transform>
			<row0>	-0.9998 0.0004 -0.0208 0.0000	</row0>
			<row1>	0.0004 1.0000 0.0003 0.0000	</row1>
			<row2>	0.0208 0.0003 -0.9998 0.0000	</row2>
			<row3>	-0.0702 0.1746 -0.8313 1.0000	</row3>
		</transform>
	</node>
	<node>
		<identifier>	EP_Runoff_up_right_2	</identifier>
		<parent>	Scene Root	</parent>
		<transform>
			<row0>	0.9999 0.0000 -0.0140 0.0000	</row0>
			<row1>	0.0000 1.0000 0.0027 0.0000	</row1>
			<row2>	0.0140 -0.0027 0.9999 0.0000	</row2>
			<row3>	0.0730 0.1669 -0.0990 1.0000	</row3>
		</transform>
	</node>
	<node>
		<identifier>	EP_Runoff_up_right_3	</identifier>
		<parent>	Scene Root	</parent>
		<transform>
			<row0>	0.9998 0.0000 -0.0209 0.0000	</row0>
			<row1>	0.0000 1.0000 0.0003 0.0000	</row1>
			<row2>	0.0209 -0.0003 0.9998 0.0000	</row2>
			<row3>	0.0700 0.1749 -0.8316 1.0000	</row3>
		</transform>
	</node>
	<node>
		<identifier>	EP_Smoke	</identifier>
		<parent>	Scene Root	</parent>
		<transform>
			<row0>	0.0000 -1.0000 0.0000 0.0000	</row0>
			<row1>	1.0000 0.0000 0.0000 0.0000	</row1>
			<row2>	0.0000 0.0000 1.0000 0.0000	</row2>
			<row3>	0.1549 0.0900 -1.7661 1.0000	</row3>
		</transform>
	</node>
	<node>
		<identifier>	EP_Smoke_1	</identifier>
		<parent>	Scene Root	</parent>
		<transform>
			<row0>	0.0000 1.0000 0.0000 0.0000	</row0>
			<row1>	-1.0000 0.0000 0.0000 0.0000	</row1>
			<row2>	0.0000 0.0000 1.0000 0.0000	</row2>
			<row3>	-0.1549 0.0900 -1.7661 1.0000	</row3>
		</transform>
	</node>
	<node>
		<identifier>	EP_WakeTraceBack_tower	</identifier>
		<parent>	Scene Root	</parent>
		<transform>
			<row0>	1.0000 0.0000 0.0000 0.0000	</row0>
			<row1>	0.0000 1.0000 0.0000 0.0000	</row1>
			<row2>	0.0000 0.0000 1.0000 0.0000	</row2>
			<row3>	0.0012 0.1652 -0.1534 1.0000	</row3>
		</transform>
	</node>
</RSS001_K_type_MidBack_ep.skel_ext>
