<HSB301_Willem_de_Eerste_1950_MidFront_ports.visual>
	<skeleton>
		<node>
			<identifier>	Scene Root	</identifier>
			<transform>
				<row0>	1.0000 0.0000 0.0000 0.0000	</row0>
				<row1>	0.0000 1.0000 0.0000 0.0000	</row1>
				<row2>	0.0000 0.0000 1.0000 0.0000	</row2>
				<row3>	0.0000 0.0000 0.0000 1.0000	</row3>
			</transform>
			<node>
				<identifier>	MidFront_ports	</identifier>
				<transform>
					<row0>	1.0000 0.0000 0.0000 0.0000	</row0>
					<row1>	0.0000 1.0000 0.0000 0.0000	</row1>
					<row2>	0.0000 0.0000 1.0000 0.0000	</row2>
					<row3>	0.0000 0.0000 0.0000 1.0000	</row3>
				</transform>
				<node>
					<identifier>	HP_FX_Death_1	</identifier>
					<transform>
						<row0>	1.0000 0.0000 0.0000 0.0000	</row0>
						<row1>	0.0000 1.0000 0.0000 0.0000	</row1>
						<row2>	0.0000 0.0000 1.0000 0.0000	</row2>
						<row3>	0.0000 0.0000 4.5235 1.0000	</row3>
					</transform>
				</node>
				<node>
					<identifier>	HP_FX_Death_2	</identifier>
					<transform>
						<row0>	1.0000 0.0000 0.0000 0.0000	</row0>
						<row1>	0.0000 1.0000 0.0000 0.0000	</row1>
						<row2>	0.0000 0.0000 1.0000 0.0000	</row2>
						<row3>	0.0000 0.0000 -0.5730 1.0000	</row3>
					</transform>
				</node>
				<node>
					<identifier>	HP_FX_Fire_2	</identifier>
					<transform>
						<row0>	1.0000 0.0000 0.0000 0.0000	</row0>
						<row1>	0.0000 1.0000 0.0000 0.0000	</row1>
						<row2>	0.0000 0.0000 1.0000 0.0000	</row2>
						<row3>	0.0000 1.5666 1.3263 1.0000	</row3>
					</transform>
				</node>
				<node>
					<identifier>	HP_FX_Fire_2_side_1	</identifier>
					<transform>
						<row0>	1.0000 0.0000 0.0000 0.0000	</row0>
						<row1>	0.0000 1.0000 0.0000 0.0000	</row1>
						<row2>	0.0000 0.0000 1.0000 0.0000	</row2>
						<row3>	-0.7939 0.3827 2.7573 1.0000	</row3>
					</transform>
				</node>
				<node>
					<identifier>	HP_FX_Fire_2_side_2	</identifier>
					<transform>
						<row0>	1.0000 0.0000 0.0000 0.0000	</row0>
						<row1>	0.0000 1.0000 0.0000 0.0000	</row1>
						<row2>	0.0000 0.0000 1.0000 0.0000	</row2>
						<row3>	0.9147 0.3794 0.9678 1.0000	</row3>
					</transform>
				</node>
				<node>
					<identifier>	HP_FX_FloodLight_left_1	</identifier>
					<transform>
						<row0>	-1.0000 0.0000 0.0000 0.0000	</row0>
						<row1>	0.0000 1.0000 0.0000 0.0000	</row1>
						<row2>	0.0000 0.0000 -1.0000 0.0000	</row2>
						<row3>	-0.3499 1.5141 0.9774 1.0000	</row3>
					</transform>
				</node>
				<node>
					<identifier>	HP_FX_FloodLight_right_1	</identifier>
					<transform>
						<row0>	1.0000 0.0000 0.0000 0.0000	</row0>
						<row1>	0.0000 1.0000 0.0000 0.0000	</row1>
						<row2>	0.0000 0.0000 1.0000 0.0000	</row2>
						<row3>	0.3490 1.5145 0.9814 1.0000	</row3>
					</transform>
				</node>
				<node>
					<identifier>	HP_FX_Flood_steam_left	</identifier>
					<transform>
						<row0>	-0.9982 0.0000 -0.0595 0.0000	</row0>
						<row1>	0.0000 1.0000 0.0000 0.0000	</row1>
						<row2>	0.0595 0.0000 -0.9982 0.0000	</row2>
						<row3>	-0.3306 0.6504 1.2537 1.0000	</row3>
					</transform>
				</node>
				<node>
					<identifier>	HP_FX_Flood_water_left_2	</identifier>
					<transform>
						<row0>	-1.0000 0.0000 0.0000 0.0000	</row0>
						<row1>	0.0000 1.0000 0.0000 0.0000	</row1>
						<row2>	0.0000 0.0000 -1.0000 0.0000	</row2>
						<row3>	-1.0685 0.0485 0.6921 1.0000	</row3>
					</transform>
				</node>
				<node>
					<identifier>	HP_FX_Flood_water_left_3	</identifier>
					<transform>
						<row0>	-0.9899 0.0000 0.1417 0.0000	</row0>
						<row1>	0.0000 1.0000 0.0000 0.0000	</row1>
						<row2>	-0.1417 0.0000 -0.9899 0.0000	</row2>
						<row3>	-0.7318 0.0440 4.3781 1.0000	</row3>
					</transform>
				</node>
				<node>
					<identifier>	HP_FX_Flood_water_right_2	</identifier>
					<transform>
						<row0>	0.9986 0.0000 0.0538 0.0000	</row0>
						<row1>	0.0000 1.0000 0.0000 0.0000	</row1>
						<row2>	-0.0538 0.0000 0.9986 0.0000	</row2>
						<row3>	1.0568 0.0468 1.1144 1.0000	</row3>
					</transform>
				</node>
				<node>
					<identifier>	HP_FX_Flood_water_right_3	</identifier>
					<transform>
						<row0>	0.9819 0.0000 0.1894 0.0000	</row0>
						<row1>	0.0000 1.0000 0.0000 0.0000	</row1>
						<row2>	-0.1894 0.0000 0.9819 0.0000	</row2>
						<row3>	0.6988 0.0456 4.5809 1.0000	</row3>
					</transform>
				</node>
				<node>
					<identifier>	HP_FX_RepairLight_left_1	</identifier>
					<transform>
						<row0>	0.0714 0.0000 0.9974 0.0000	</row0>
						<row1>	0.0008 1.0000 0.0000 0.0000	</row1>
						<row2>	-0.9974 0.0008 0.0714 0.0000	</row2>
						<row3>	-0.8075 0.3597 4.5722 1.0000	</row3>
					</transform>
				</node>
				<node>
					<identifier>	HP_Flagpole	</identifier>
					<transform>
						<row0>	0.5498 0.0000 0.0000 0.0000	</row0>
						<row1>	0.0000 0.5498 0.0000 0.0000	</row1>
						<row2>	0.0000 0.0000 0.5498 0.0000	</row2>
						<row3>	0.0375 2.3711 0.3924 1.0000	</row3>
					</transform>
				</node>
				<node>
					<identifier>	HP_HD_1	</identifier>
					<transform>
						<row0>	0.0000 0.0000 1.0000 0.0000	</row0>
						<row1>	0.0000 1.0000 0.0000 0.0000	</row1>
						<row2>	-1.0000 0.0000 0.0000 0.0000	</row2>
						<row3>	-0.3263 0.8767 1.4722 1.0000	</row3>
					</transform>
				</node>
				<node>
					<identifier>	HP_HD_2	</identifier>
					<transform>
						<row0>	0.0000 0.0000 -1.0000 0.0000	</row0>
						<row1>	0.0000 1.0000 0.0000 0.0000	</row1>
						<row2>	1.0000 0.0000 0.0000 0.0000	</row2>
						<row3>	0.3263 0.8767 1.4722 1.0000	</row3>
					</transform>
				</node>
				<node>
					<identifier>	HP_HD_3	</identifier>
					<transform>
						<row0>	0.0000 0.0000 1.0000 0.0000	</row0>
						<row1>	0.0000 1.0000 0.0000 0.0000	</row1>
						<row2>	-1.0000 0.0000 0.0000 0.0000	</row2>
						<row3>	-0.2771 1.3619 1.1886 1.0000	</row3>
					</transform>
				</node>
				<node>
					<identifier>	HP_HD_4	</identifier>
					<transform>
						<row0>	0.0000 0.0000 -1.0000 0.0000	</row0>
						<row1>	0.0000 1.0000 0.0000 0.0000	</row1>
						<row2>	1.0000 0.0000 0.0000 0.0000	</row2>
						<row3>	0.2771 1.3619 1.1886 1.0000	</row3>
					</transform>
				</node>
				<node>
					<identifier>	HP_HD_5	</identifier>
					<transform>
						<row0>	1.0000 0.0000 0.0000 0.0000	</row0>
						<row1>	0.0000 1.0000 0.0000 0.0000	</row1>
						<row2>	0.0000 0.0000 1.0000 0.0000	</row2>
						<row3>	0.0004 1.8829 1.1403 1.0000	</row3>
					</transform>
				</node>
				<node>
					<identifier>	HP_HD_6	</identifier>
					<transform>
						<row0>	1.0000 0.0000 0.0000 0.0000	</row0>
						<row1>	0.0000 1.0000 0.0000 0.0000	</row1>
						<row2>	0.0000 0.0000 1.0000 0.0000	</row2>
						<row3>	0.0000 2.1363 0.7698 1.0000	</row3>
					</transform>
				</node>
				<node>
					<identifier>	HP_HGA_1	</identifier>
					<transform>
						<row0>	0.7071 0.0000 0.7071 0.0000	</row0>
						<row1>	0.0000 1.0000 0.0000 0.0000	</row1>
						<row2>	-0.7071 0.0000 0.7071 0.0000	</row2>
						<row3>	-0.1689 1.0456 1.7484 1.0000	</row3>
					</transform>
				</node>
				<node>
					<identifier>	HP_HGA_2	</identifier>
					<transform>
						<row0>	0.7071 0.0000 -0.7071 0.0000	</row0>
						<row1>	0.0000 1.0000 0.0000 0.0000	</row1>
						<row2>	0.7071 0.0000 0.7071 0.0000	</row2>
						<row3>	0.1689 1.0456 1.7484 1.0000	</row3>
					</transform>
				</node>
				<node>
					<identifier>	HP_HGB_3	</identifier>
					<transform>
						<row0>	0.0000 0.0000 1.0000 0.0000	</row0>
						<row1>	0.0000 1.0000 0.0000 0.0000	</row1>
						<row2>	-1.0000 0.0000 0.0000 0.0000	</row2>
						<row3>	-0.8783 0.3525 0.9668 1.0000	</row3>
					</transform>
				</node>
				<node>
					<identifier>	HP_HGB_4	</identifier>
					<transform>
						<row0>	0.0000 0.0000 -1.0000 0.0000	</row0>
						<row1>	0.0000 1.0000 0.0000 0.0000	</row1>
						<row2>	1.0000 0.0000 0.0000 0.0000	</row2>
						<row3>	0.8783 0.3525 0.9668 1.0000	</row3>
					</transform>
				</node>
				<node>
					<identifier>	HP_HGM_2	</identifier>
					<transform>
						<row0>	1.0000 0.0000 0.0000 0.0000	</row0>
						<row1>	0.0000 1.0000 0.0000 0.0000	</row1>
						<row2>	0.0000 0.0000 1.0000 0.0000	</row2>
						<row3>	0.0000 0.6644 2.7642 1.0000	</row3>
					</transform>
				</node>
				<node>
					<identifier>	HP_HGS_1	</identifier>
					<transform>
						<row0>	1.0000 0.0000 0.0000 0.0000	</row0>
						<row1>	0.0000 1.0000 0.0000 0.0000	</row1>
						<row2>	0.0000 0.0000 1.0000 0.0000	</row2>
						<row3>	-0.5244 0.3721 2.2764 1.0000	</row3>
					</transform>
				</node>
				<node>
					<identifier>	HP_HGS_2	</identifier>
					<transform>
						<row0>	1.0000 0.0000 0.0000 0.0000	</row0>
						<row1>	0.0000 1.0000 0.0000 0.0000	</row1>
						<row2>	0.0000 0.0000 1.0000 0.0000	</row2>
						<row3>	0.5244 0.3721 2.2764 1.0000	</row3>
					</transform>
				</node>
				<node>
					<identifier>	HP_HGS_3	</identifier>
					<transform>
						<row0>	1.0000 0.0000 0.0000 0.0000	</row0>
						<row1>	0.0000 1.0000 0.0000 0.0000	</row1>
						<row2>	0.0000 0.0000 1.0000 0.0000	</row2>
						<row3>	-0.4102 0.5167 1.7074 1.0000	</row3>
					</transform>
				</node>
				<node>
					<identifier>	HP_HGS_4	</identifier>
					<transform>
						<row0>	1.0000 0.0000 0.0000 0.0000	</row0>
						<row1>	0.0000 1.0000 0.0000 0.0000	</row1>
						<row2>	0.0000 0.0000 1.0000 0.0000	</row2>
						<row3>	0.4102 0.5167 1.7074 1.0000	</row3>
					</transform>
				</node>
				<node>
					<identifier>	HP_HRS_1	</identifier>
					<transform>
						<row0>	1.0000 0.0000 0.0000 0.0000	</row0>
						<row1>	0.0000 1.0000 0.0000 0.0000	</row1>
						<row2>	0.0000 0.0000 1.0000 0.0000	</row2>
						<row3>	0.0000 2.3830 0.4625 1.0000	</row3>
					</transform>
				</node>
				<node>
					<identifier>	HP_flag_nation	</identifier>
					<transform>
						<row0>	1.0000 0.0000 0.0000 0.0000	</row0>
						<row1>	0.0000 0.9699 -0.2435 0.0000	</row1>
						<row2>	0.0000 0.2435 0.9699 0.0000	</row2>
						<row3>	0.0001 2.4656 0.2656 1.0000	</row3>
					</transform>
				</node>
				<node>
					<identifier>	MP_BM022_Flotanet	</identifier>
					<transform>
						<row0>	0.0000 -1.0000 0.0000 0.0000	</row0>
						<row1>	0.9592 0.0000 0.2826 0.0000	</row1>
						<row2>	-0.2826 0.0000 0.9592 0.0000	</row2>
						<row3>	0.2425 0.8997 1.8477 1.0000	</row3>
					</transform>
				</node>
				<node>
					<identifier>	MP_BM022_Flotanet_INDEX_1	</identifier>
					<transform>
						<row0>	0.0000 -1.0000 0.0000 0.0000	</row0>
						<row1>	-0.9592 0.0000 0.2826 0.0000	</row1>
						<row2>	-0.2826 0.0000 -0.9592 0.0000	</row2>
						<row3>	-0.2425 0.8997 1.8477 1.0000	</row3>
					</transform>
				</node>
				<node>
					<identifier>	MP_CM011_Fire_Fighting_Gear	</identifier>
					<transform>
						<row0>	-1.0000 0.0000 0.0000 0.0000	</row0>
						<row1>	0.0000 1.0000 0.0000 0.0000	</row1>
						<row2>	0.0000 0.0000 -1.0000 0.0000	</row2>
						<row3>	0.0336 0.8770 1.5515 1.0000	</row3>
					</transform>
				</node>
				<node>
					<identifier>	MP_CM011_Fire_Fighting_Gear_INDEX_1	</identifier>
					<transform>
						<row0>	0.4280 0.0000 -0.9038 0.0000	</row0>
						<row1>	0.0000 1.0000 0.0000 0.0000	</row1>
						<row2>	0.9038 0.0000 0.4280 0.0000	</row2>
						<row3>	-0.3634 0.3706 1.3412 1.0000	</row3>
					</transform>
				</node>
				<node>
					<identifier>	MP_CM011_Fire_Fighting_Gear_INDEX_2	</identifier>
					<transform>
						<row0>	0.4280 0.0000 0.9038 0.0000	</row0>
						<row1>	0.0000 1.0000 0.0000 0.0000	</row1>
						<row2>	-0.9038 0.0000 0.4280 0.0000	</row2>
						<row3>	0.1509 0.3706 0.8925 1.0000	</row3>
					</transform>
				</node>
				<node>
					<identifier>	MP_CM011_Fire_Fighting_Gear_INDEX_3	</identifier>
					<transform>
						<row0>	0.0000 0.0000 1.0000 0.0000	</row0>
						<row1>	0.0000 1.0000 0.0000 0.0000	</row1>
						<row2>	-1.0000 0.0000 0.0000 0.0000	</row2>
						<row3>	0.1901 0.3715 2.3673 1.0000	</row3>
					</transform>
				</node>
				<node>
					<identifier>	MP_CM012_Fire_Hose_Rack_1	</identifier>
					<transform>
						<row0>	0.0000 0.0000 -1.0000 0.0000	</row0>
						<row1>	0.0000 1.0000 0.0000 0.0000	</row1>
						<row2>	1.0000 0.0000 0.0000 0.0000	</row2>
						<row3>	0.0831 0.9487 1.5456 1.0000	</row3>
					</transform>
				</node>
				<node>
					<identifier>	MP_CM012_Fire_Hose_Rack_1_INDEX_1	</identifier>
					<transform>
						<row0>	-1.0000 0.0000 0.0000 0.0000	</row0>
						<row1>	0.0000 1.0000 0.0000 0.0000	</row1>
						<row2>	0.0000 0.0000 -1.0000 0.0000	</row2>
						<row3>	0.1846 0.4414 2.2009 1.0000	</row3>
					</transform>
				</node>
				<node>
					<identifier>	MP_CM012_Fire_Hose_Rack_1_INDEX_2	</identifier>
					<transform>
						<row0>	-0.9038 0.0000 0.4280 0.0000	</row0>
						<row1>	0.0000 1.0000 0.0000 0.0000	</row1>
						<row2>	-0.4280 0.0000 -0.9038 0.0000	</row2>
						<row3>	0.1641 0.4414 0.9348 1.0000	</row3>
					</transform>
				</node>
				<node>
					<identifier>	MP_CM012_Fire_Hose_Rack_1_INDEX_3	</identifier>
					<transform>
						<row0>	0.9038 0.0000 0.4280 0.0000	</row0>
						<row1>	0.0000 1.0000 0.0000 0.0000	</row1>
						<row2>	-0.4280 0.0000 0.9038 0.0000	</row2>
						<row3>	-0.3653 0.4414 1.3599 1.0000	</row3>
					</transform>
				</node>
				<node>
					<identifier>	MP_CM012_Fire_Hose_Rack_1_INDEX_4	</identifier>
					<transform>
						<row0>	1.0000 0.0000 0.0000 0.0000	</row0>
						<row1>	0.0000 1.0000 0.0000 0.0000	</row1>
						<row2>	0.0000 0.0000 1.0000 0.0000	</row2>
						<row3>	-0.1022 1.7585 0.8152 1.0000	</row3>
					</transform>
				</node>
				<node>
					<identifier>	MP_CM014_Fuel_Oil_Hose	</identifier>
					<transform>
						<row0>	0.9038 0.0000 0.4281 0.0000	</row0>
						<row1>	0.0000 1.0000 0.0000 0.0000	</row1>
						<row2>	-0.4281 0.0000 0.9038 0.0000	</row2>
						<row3>	-0.2453 0.4614 1.1037 1.0000	</row3>
					</transform>
				</node>
				<node>
					<identifier>	MP_CM014_Fuel_Oil_Hose_INDEX_1	</identifier>
					<transform>
						<row0>	-0.9038 0.0000 0.4281 0.0000	</row0>
						<row1>	0.0000 1.0000 0.0000 0.0000	</row1>
						<row2>	-0.4281 0.0000 -0.9038 0.0000	</row2>
						<row3>	0.2453 0.4614 1.1037 1.0000	</row3>
					</transform>
				</node>
				<node>
					<identifier>	MP_CM014_Fuel_Oil_Hose_INDEX_2	</identifier>
					<transform>
						<row0>	0.9038 0.0000 0.4281 0.0000	</row0>
						<row1>	0.0000 1.0000 0.0000 0.0000	</row1>
						<row2>	-0.4281 0.0000 0.9038 0.0000	</row2>
						<row3>	-0.2453 0.4337 1.1037 1.0000	</row3>
					</transform>
				</node>
				<node>
					<identifier>	MP_CM014_Fuel_Oil_Hose_INDEX_3	</identifier>
					<transform>
						<row0>	-0.9038 0.0000 0.4281 0.0000	</row0>
						<row1>	0.0000 1.0000 0.0000 0.0000	</row1>
						<row2>	-0.4281 0.0000 -0.9038 0.0000	</row2>
						<row3>	0.2453 0.4337 1.1037 1.0000	</row3>
					</transform>
				</node>
				<node>
					<identifier>	MP_CM029_Emergency_Box	</identifier>
					<transform>
						<row0>	0.0000 0.0000 1.0000 0.0000	</row0>
						<row1>	0.0000 1.0000 0.0000 0.0000	</row1>
						<row2>	-1.0000 0.0000 0.0000 0.0000	</row2>
						<row3>	0.1909 0.4568 2.3319 1.0000	</row3>
					</transform>
				</node>
				<node>
					<identifier>	MP_CM029_Emergency_Box_INDEX_1	</identifier>
					<transform>
						<row0>	-0.4717 0.0000 0.8818 0.0000	</row0>
						<row1>	0.0000 1.0000 0.0000 0.0000	</row1>
						<row2>	-0.8818 0.0000 -0.4717 0.0000	</row2>
						<row3>	0.0836 1.7548 0.8775 1.0000	</row3>
					</transform>
				</node>
				<node>
					<identifier>	MP_CM029_Emergency_Box_INDEX_2	</identifier>
					<transform>
						<row0>	-0.4663 0.0000 -0.8846 0.0000	</row0>
						<row1>	0.0000 1.0000 0.0000 0.0000	</row1>
						<row2>	0.8846 0.0000 -0.4663 0.0000	</row2>
						<row3>	-0.1891 0.9631 1.4062 1.0000	</row3>
					</transform>
				</node>
				<node>
					<identifier>	MP_CM029_Emergency_Box_INDEX_3	</identifier>
					<transform>
						<row0>	0.0000 0.0000 -1.0000 0.0000	</row0>
						<row1>	0.0000 1.0000 0.0000 0.0000	</row1>
						<row2>	1.0000 0.0000 0.0000 0.0000	</row2>
						<row3>	-0.1909 0.4568 2.1709 1.0000	</row3>
					</transform>
				</node>
				<node>
					<identifier>	MP_CM029_Emergency_Box_INDEX_4	</identifier>
					<transform>
						<row0>	-0.4663 0.0000 0.8846 0.0000	</row0>
						<row1>	0.0000 1.0000 0.0000 0.0000	</row1>
						<row2>	-0.8846 0.0000 -0.4663 0.0000	</row2>
						<row3>	0.1872 0.9631 1.4098 1.0000	</row3>
					</transform>
				</node>
				<node>
					<identifier>	MP_CM029_Emergency_Box_INDEX_5	</identifier>
					<transform>
						<row0>	0.0000 0.0000 -1.0000 0.0000	</row0>
						<row1>	0.0000 1.0000 0.0000 0.0000	</row1>
						<row2>	1.0000 0.0000 0.0000 0.0000	</row2>
						<row3>	-0.1781 1.6124 0.8726 1.0000	</row3>
					</transform>
				</node>
				<node>
					<identifier>	MP_CM030_Swab_Rack_2	</identifier>
					<transform>
						<row0>	0.0000 0.0000 1.0000 0.0000	</row0>
						<row1>	0.0000 1.0000 0.0000 0.0000	</row1>
						<row2>	-1.0000 0.0000 0.0000 0.0000	</row2>
						<row3>	-0.1844 0.3701 2.2747 1.0000	</row3>
					</transform>
				</node>
				<node>
					<identifier>	MP_CM030_Swab_Rack_2_INDEX_1	</identifier>
					<transform>
						<row0>	0.0000 0.0000 -1.0000 0.0000	</row0>
						<row1>	0.0000 1.0000 0.0000 0.0000	</row1>
						<row2>	1.0000 0.0000 0.0000 0.0000	</row2>
						<row3>	0.1711 1.2019 1.0627 1.0000	</row3>
					</transform>
				</node>
				<node>
					<identifier>	MP_CM051_Fire_Fighting_Gear	</identifier>
					<transform>
						<row0>	-1.0000 0.0000 0.0000 0.0000	</row0>
						<row1>	0.0000 -1.0000 0.0000 0.0000	</row1>
						<row2>	0.0000 0.0000 1.0000 0.0000	</row2>
						<row3>	-0.1011 1.6990 0.8186 1.0000	</row3>
					</transform>
				</node>
				<node>
					<identifier>	MP_CM052_Fender	</identifier>
					<transform>
						<row0>	-0.2140 0.0000 -0.4519 0.0000	</row0>
						<row1>	0.0000 0.5000 0.0000 0.0000	</row1>
						<row2>	0.4519 0.0000 -0.2140 0.0000	</row2>
						<row3>	0.3255 0.3677 1.2417 1.0000	</row3>
					</transform>
				</node>
				<node>
					<identifier>	MP_CM052_Fender_INDEX_1	</identifier>
					<transform>
						<row0>	-0.0490 0.0000 -0.4976 0.0000	</row0>
						<row1>	0.0000 0.5000 0.0000 0.0000	</row1>
						<row2>	0.4976 0.0000 -0.0490 0.0000	</row2>
						<row3>	0.4188 0.3691 2.7023 1.0000	</row3>
					</transform>
				</node>
				<node>
					<identifier>	MP_CM052_Fender_INDEX_2	</identifier>
					<transform>
						<row0>	-0.2140 0.0000 0.4519 0.0000	</row0>
						<row1>	0.0000 0.5000 0.0000 0.0000	</row1>
						<row2>	-0.4519 0.0000 -0.2140 0.0000	</row2>
						<row3>	-0.3255 0.3677 1.2417 1.0000	</row3>
					</transform>
				</node>
				<node>
					<identifier>	MP_CM052_Fender_INDEX_3	</identifier>
					<transform>
						<row0>	-0.0490 0.0000 -0.4976 0.0000	</row0>
						<row1>	0.0000 0.5000 0.0000 0.0000	</row1>
						<row2>	0.4976 0.0000 -0.0490 0.0000	</row2>
						<row3>	0.4221 0.3691 2.7401 1.0000	</row3>
					</transform>
				</node>
				<node>
					<identifier>	MP_CM052_Fender_INDEX_4	</identifier>
					<transform>
						<row0>	-0.2140 0.0000 -0.4519 0.0000	</row0>
						<row1>	0.0000 0.5000 0.0000 0.0000	</row1>
						<row2>	0.4519 0.0000 -0.2140 0.0000	</row2>
						<row3>	0.3105 0.3677 1.2101 1.0000	</row3>
					</transform>
				</node>
				<node>
					<identifier>	MP_CM052_Fender_INDEX_5	</identifier>
					<transform>
						<row0>	-0.2140 0.0000 0.4519 0.0000	</row0>
						<row1>	0.0000 0.5000 0.0000 0.0000	</row1>
						<row2>	-0.4519 0.0000 -0.2140 0.0000	</row2>
						<row3>	-0.3105 0.3677 1.2101 1.0000	</row3>
					</transform>
				</node>
				<node>
					<identifier>	MP_HM004_Loudspeaker	</identifier>
					<transform>
						<row0>	-1.0000 0.0000 0.0000 0.0000	</row0>
						<row1>	0.0000 1.0000 0.0000 0.0000	</row1>
						<row2>	0.0000 0.0000 -1.0000 0.0000	</row2>
						<row3>	0.0000 1.2712 0.7323 1.0000	</row3>
					</transform>
				</node>
				<node>
					<identifier>	MP_HM007_Lifebuoy	</identifier>
					<transform>
						<row0>	-0.0262 0.0000 -0.9997 0.0000	</row0>
						<row1>	0.0000 1.0000 0.0000 0.0000	</row1>
						<row2>	0.9997 0.0000 -0.0262 0.0000	</row2>
						<row3>	-1.0569 0.4120 0.9287 1.0000	</row3>
					</transform>
				</node>
				<node>
					<identifier>	MP_HM007_Lifebuoy_INDEX_1	</identifier>
					<transform>
						<row0>	-0.0262 0.0000 0.9997 0.0000	</row0>
						<row1>	0.0000 1.0000 0.0000 0.0000	</row1>
						<row2>	-0.9997 0.0000 -0.0262 0.0000	</row2>
						<row3>	1.0569 0.4120 0.9287 1.0000	</row3>
					</transform>
				</node>
				<node>
					<identifier>	MP_HM007_Lifebuoy_INDEX_2	</identifier>
					<transform>
						<row0>	-0.0528 0.0000 -0.9986 0.0000	</row0>
						<row1>	0.0000 1.0000 0.0000 0.0000	</row1>
						<row2>	0.9986 0.0000 -0.0528 0.0000	</row2>
						<row3>	-1.0195 0.4121 1.9280 1.0000	</row3>
					</transform>
				</node>
				<node>
					<identifier>	MP_HM007_Lifebuoy_INDEX_3	</identifier>
					<transform>
						<row0>	-0.0528 0.0000 0.9986 0.0000	</row0>
						<row1>	0.0000 1.0000 0.0000 0.0000	</row1>
						<row2>	-0.9986 0.0000 -0.0528 0.0000	</row2>
						<row3>	1.0195 0.4121 1.9280 1.0000	</row3>
					</transform>
				</node>
				<node>
					<identifier>	MP_HM007_Lifebuoy_INDEX_4	</identifier>
					<transform>
						<row0>	-0.0768 0.0000 -0.9970 0.0000	</row0>
						<row1>	0.0000 1.0000 0.0000 0.0000	</row1>
						<row2>	0.9970 0.0000 -0.0768 0.0000	</row2>
						<row3>	-0.9543 0.4121 2.9256 1.0000	</row3>
					</transform>
				</node>
				<node>
					<identifier>	MP_HM007_Lifebuoy_INDEX_5	</identifier>
					<transform>
						<row0>	-0.0768 0.0000 0.9970 0.0000	</row0>
						<row1>	0.0000 1.0000 0.0000 0.0000	</row1>
						<row2>	-0.9970 0.0000 -0.0768 0.0000	</row2>
						<row3>	0.9543 0.4121 2.9256 1.0000	</row3>
					</transform>
				</node>
				<node>
					<identifier>	MP_HM030_Helmets	</identifier>
					<transform>
						<row0>	0.7730 0.0000 -0.6344 0.0000	</row0>
						<row1>	0.0000 1.0000 0.0000 0.0000	</row1>
						<row2>	0.6344 0.0000 0.7730 0.0000	</row2>
						<row3>	0.2220 0.4021 1.4758 1.0000	</row3>
					</transform>
				</node>
				<node>
					<identifier>	MP_HM030_Helmets_INDEX_1	</identifier>
					<transform>
						<row0>	-0.8588 0.0000 0.5124 0.0000	</row0>
						<row1>	0.0000 1.0000 0.0000 0.0000	</row1>
						<row2>	-0.5124 0.0000 -0.8588 0.0000	</row2>
						<row3>	0.0883 1.0499 2.0086 1.0000	</row3>
					</transform>
				</node>
				<node>
					<identifier>	MP_HM030_Helmets_INDEX_2	</identifier>
					<transform>
						<row0>	0.7730 0.0000 0.6344 0.0000	</row0>
						<row1>	0.0000 1.0000 0.0000 0.0000	</row1>
						<row2>	-0.6344 0.0000 0.7730 0.0000	</row2>
						<row3>	-0.2220 0.4021 1.4758 1.0000	</row3>
					</transform>
				</node>
				<node>
					<identifier>	MP_HM030_Helmets_INDEX_3	</identifier>
					<transform>
						<row0>	0.0000 0.0000 -1.0000 0.0000	</row0>
						<row1>	0.0000 1.0000 0.0000 0.0000	</row1>
						<row2>	1.0000 0.0000 0.0000 0.0000	</row2>
						<row3>	0.1023 1.7197 0.7605 1.0000	</row3>
					</transform>
				</node>
				<node>
					<identifier>	MP_HM030_Helmets_INDEX_4	</identifier>
					<transform>
						<row0>	0.4663 0.0000 0.8846 0.0000	</row0>
						<row1>	0.0000 1.0000 0.0000 0.0000	</row1>
						<row2>	-0.8846 0.0000 0.4663 0.0000	</row2>
						<row3>	-0.1997 0.9099 1.3729 1.0000	</row3>
					</transform>
				</node>
				<node>
					<identifier>	MP_HM030_Helmets_INDEX_5	</identifier>
					<transform>
						<row0>	0.4663 0.0000 -0.8846 0.0000	</row0>
						<row1>	0.0000 1.0000 0.0000 0.0000	</row1>
						<row2>	0.8846 0.0000 0.4663 0.0000	</row2>
						<row3>	0.1997 0.9099 1.3729 1.0000	</row3>
					</transform>
				</node>
				<node>
					<identifier>	MP_HM031_Sounding_Machine	</identifier>
					<transform>
						<row0>	-0.8660 0.0000 -0.5000 0.0000	</row0>
						<row1>	0.0000 1.0000 0.0000 0.0000	</row1>
						<row2>	0.5000 0.0000 -0.8660 0.0000	</row2>
						<row3>	0.0961 1.0783 1.4870 1.0000	</row3>
					</transform>
				</node>
				<node>
					<identifier>	MP_HM031_Sounding_Machine_INDEX_1	</identifier>
					<transform>
						<row0>	-0.8660 0.0000 0.5000 0.0000	</row0>
						<row1>	0.0000 1.0000 0.0000 0.0000	</row1>
						<row2>	-0.5000 0.0000 -0.8660 0.0000	</row2>
						<row3>	-0.0961 1.0783 1.4870 1.0000	</row3>
					</transform>
				</node>
				<node>
					<identifier>	MP_HM502_Life_Boat	</identifier>
					<transform>
						<row0>	-0.3818 0.0000 0.9243 0.0000	</row0>
						<row1>	0.9243 0.0000 0.3818 0.0000	</row1>
						<row2>	0.0000 1.0000 0.0000 0.0000	</row2>
						<row3>	0.1824 0.7635 1.8496 1.0000	</row3>
					</transform>
				</node>
				<node>
					<identifier>	MP_HM502_Life_Boat_INDEX_1	</identifier>
					<transform>
						<row0>	-0.3818 0.0000 -0.9243 0.0000	</row0>
						<row1>	-0.9243 0.0000 0.3818 0.0000	</row1>
						<row2>	0.0000 1.0000 0.0000 0.0000	</row2>
						<row3>	-0.1824 0.7635 1.8496 1.0000	</row3>
					</transform>
				</node>
				<node>
					<identifier>	MP_HM5045_Searchlight_24in	</identifier>
					<transform>
						<row0>	0.0000 0.0000 1.0000 0.0000	</row0>
						<row1>	0.0000 1.0000 0.0000 0.0000	</row1>
						<row2>	-1.0000 0.0000 0.0000 0.0000	</row2>
						<row3>	-0.2986 1.2452 0.9361 1.0000	</row3>
					</transform>
				</node>
				<node>
					<identifier>	MP_HM5045_Searchlight_24in_INDEX_1	</identifier>
					<transform>
						<row0>	0.4801 0.0000 0.8772 0.0000	</row0>
						<row1>	0.0000 1.0000 0.0000 0.0000	</row1>
						<row2>	-0.8772 0.0000 0.4801 0.0000	</row2>
						<row3>	-0.1356 1.2452 1.4020 1.0000	</row3>
					</transform>
				</node>
				<node>
					<identifier>	MP_HM5045_Searchlight_24in_INDEX_2	</identifier>
					<transform>
						<row0>	0.0000 0.0000 -1.0000 0.0000	</row0>
						<row1>	0.0000 1.0000 0.0000 0.0000	</row1>
						<row2>	1.0000 0.0000 0.0000 0.0000	</row2>
						<row3>	0.2986 1.2452 0.9361 1.0000	</row3>
					</transform>
				</node>
				<node>
					<identifier>	MP_HM5045_Searchlight_24in_INDEX_3	</identifier>
					<transform>
						<row0>	0.4801 0.0000 -0.8772 0.0000	</row0>
						<row1>	0.0000 1.0000 0.0000 0.0000	</row1>
						<row2>	0.8772 0.0000 0.4801 0.0000	</row2>
						<row3>	0.1356 1.2452 1.4020 1.0000	</row3>
					</transform>
				</node>
				<node>
					<identifier>	MP_HM5053_Reels	</identifier>
					<transform>
						<row0>	1.1584 0.0000 0.0000 0.0000	</row0>
						<row1>	0.0000 1.1584 0.0000 0.0000	</row1>
						<row2>	0.0000 0.0000 1.1584 0.0000	</row2>
						<row3>	-0.2523 0.3717 3.2234 1.0000	</row3>
					</transform>
				</node>
				<node>
					<identifier>	MP_HM5053_Reels_INDEX_1	</identifier>
					<transform>
						<row0>	0.6648 0.0000 0.0000 0.0000	</row0>
						<row1>	0.0000 0.6648 0.0000 0.0000	</row1>
						<row2>	0.0000 0.0000 0.6648 0.0000	</row2>
						<row3>	0.3814 0.3696 3.0848 1.0000	</row3>
					</transform>
				</node>
				<node>
					<identifier>	MP_HM5053_Reels_INDEX_2	</identifier>
					<transform>
						<row0>	0.6648 0.0000 0.0000 0.0000	</row0>
						<row1>	0.0000 0.6648 0.0000 0.0000	</row1>
						<row2>	0.0000 0.0000 0.6648 0.0000	</row2>
						<row3>	-0.3814 0.3696 3.0848 1.0000	</row3>
					</transform>
				</node>
				<node>
					<identifier>	MP_HM5053_Reels_INDEX_3	</identifier>
					<transform>
						<row0>	1.1584 0.0000 0.0000 0.0000	</row0>
						<row1>	0.0000 1.1584 0.0000 0.0000	</row1>
						<row2>	0.0000 0.0000 1.1584 0.0000	</row2>
						<row3>	0.2523 0.3717 3.2307 1.0000	</row3>
					</transform>
				</node>
				<node>
					<identifier>	MP_HM5055_Compass_repeater	</identifier>
					<transform>
						<row0>	0.7844 0.0000 0.6203 0.0000	</row0>
						<row1>	0.0000 1.0000 0.0000 0.0000	</row1>
						<row2>	-0.6203 0.0000 0.7844 0.0000	</row2>
						<row3>	0.2226 1.4320 0.7935 1.0000	</row3>
					</transform>
				</node>
				<node>
					<identifier>	MP_HM5055_Compass_repeater_INDEX_1	</identifier>
					<transform>
						<row0>	-0.4660 0.0000 0.8848 0.0000	</row0>
						<row1>	0.0000 1.0000 0.0000 0.0000	</row1>
						<row2>	-0.8848 0.0000 -0.4660 0.0000	</row2>
						<row3>	0.2902 1.7590 1.1989 1.0000	</row3>
					</transform>
				</node>
				<node>
					<identifier>	MP_HM5055_Compass_repeater_INDEX_2	</identifier>
					<transform>
						<row0>	0.7844 0.0000 -0.6203 0.0000	</row0>
						<row1>	0.0000 1.0000 0.0000 0.0000	</row1>
						<row2>	0.6203 0.0000 0.7844 0.0000	</row2>
						<row3>	-0.1823 1.5947 0.7617 1.0000	</row3>
					</transform>
				</node>
				<node>
					<identifier>	MP_HM5055_Compass_repeater_INDEX_3	</identifier>
					<transform>
						<row0>	0.7844 0.0000 0.6203 0.0000	</row0>
						<row1>	0.0000 1.0000 0.0000 0.0000	</row1>
						<row2>	-0.6203 0.0000 0.7844 0.0000	</row2>
						<row3>	0.1823 1.5947 0.7617 1.0000	</row3>
					</transform>
				</node>
				<node>
					<identifier>	MP_HM5055_Compass_repeater_INDEX_4	</identifier>
					<transform>
						<row0>	0.7844 0.0000 -0.6203 0.0000	</row0>
						<row1>	0.0000 1.0000 0.0000 0.0000	</row1>
						<row2>	0.6203 0.0000 0.7844 0.0000	</row2>
						<row3>	-0.2226 1.4320 0.7935 1.0000	</row3>
					</transform>
				</node>
				<node>
					<identifier>	MP_HM5055_Compass_repeater_INDEX_5	</identifier>
					<transform>
						<row0>	-0.4660 0.0000 -0.8848 0.0000	</row0>
						<row1>	0.0000 1.0000 0.0000 0.0000	</row1>
						<row2>	0.8848 0.0000 -0.4660 0.0000	</row2>
						<row3>	-0.2902 1.7590 1.1989 1.0000	</row3>
					</transform>
				</node>
				<node>
					<identifier>	MP_HM5056_Speaker	</identifier>
					<transform>
						<row0>	-1.0000 0.0000 0.0000 0.0000	</row0>
						<row1>	0.0000 1.0000 0.0000 0.0000	</row1>
						<row2>	0.0000 0.0000 -1.0000 0.0000	</row2>
						<row3>	-0.0143 1.5039 0.8425 1.0000	</row3>
					</transform>
				</node>
				<node>
					<identifier>	MP_HM5056_Speaker_INDEX_1	</identifier>
					<transform>
						<row0>	-0.4280 0.0000 -0.9038 0.0000	</row0>
						<row1>	0.0000 1.0000 0.0000 0.0000	</row1>
						<row2>	0.9038 0.0000 -0.4280 0.0000	</row2>
						<row3>	0.1478 0.5389 0.9101 1.0000	</row3>
					</transform>
				</node>
				<node>
					<identifier>	MP_HM5056_Speaker_INDEX_2	</identifier>
					<transform>
						<row0>	1.0000 0.0000 0.0000 0.0000	</row0>
						<row1>	0.0000 1.0000 0.0000 0.0000	</row1>
						<row2>	0.0000 0.0000 1.0000 0.0000	</row2>
						<row3>	0.0000 1.2094 1.5425 1.0000	</row3>
					</transform>
				</node>
				<node>
					<identifier>	MP_HM5056_Speaker_INDEX_3	</identifier>
					<transform>
						<row0>	0.0000 0.0000 1.0000 0.0000	</row0>
						<row1>	0.0000 1.0000 0.0000 0.0000	</row1>
						<row2>	-1.0000 0.0000 0.0000 0.0000	</row2>
						<row3>	-0.0596 1.7976 0.9396 1.0000	</row3>
					</transform>
				</node>
				<node>
					<identifier>	MP_HM5056_Speaker_INDEX_4	</identifier>
					<transform>
						<row0>	0.0000 0.0000 1.0000 0.0000	</row0>
						<row1>	0.0000 1.0000 0.0000 0.0000	</row1>
						<row2>	-1.0000 0.0000 0.0000 0.0000	</row2>
						<row3>	-0.4073 0.5210 2.7642 1.0000	</row3>
					</transform>
				</node>
				<node>
					<identifier>	MP_HM5056_Speaker_INDEX_5	</identifier>
					<transform>
						<row0>	0.0000 0.0000 -1.0000 0.0000	</row0>
						<row1>	0.0000 1.0000 0.0000 0.0000	</row1>
						<row2>	1.0000 0.0000 0.0000 0.0000	</row2>
						<row3>	0.4069 0.5210 2.7642 1.0000	</row3>
					</transform>
				</node>
				<node>
					<identifier>	MP_HM5056_Speaker_INDEX_6	</identifier>
					<transform>
						<row0>	-0.4280 0.0000 0.9038 0.0000	</row0>
						<row1>	0.0000 1.0000 0.0000 0.0000	</row1>
						<row2>	-0.9038 0.0000 -0.4280 0.0000	</row2>
						<row3>	-0.1478 0.5389 0.9101 1.0000	</row3>
					</transform>
				</node>
				<node>
					<identifier>	MP_HM5057_Dumaresq	</identifier>
					<transform>
						<row0>	-0.9552 0.0000 0.2959 0.0000	</row0>
						<row1>	0.0000 1.0000 0.0000 0.0000	</row1>
						<row2>	-0.2959 0.0000 -0.9552 0.0000	</row2>
						<row3>	0.3202 1.5974 0.9223 1.0000	</row3>
					</transform>
				</node>
				<node>
					<identifier>	MP_HM5057_Dumaresq_INDEX_1	</identifier>
					<transform>
						<row0>	-0.9552 0.0000 -0.2959 0.0000	</row0>
						<row1>	0.0000 1.0000 0.0000 0.0000	</row1>
						<row2>	0.2959 0.0000 -0.9552 0.0000	</row2>
						<row3>	-0.3202 1.5974 0.9223 1.0000	</row3>
					</transform>
				</node>
				<node>
					<identifier>	MP_HM5058_Antenna_MF_DF	</identifier>
					<transform>
						<row0>	0.7071 0.0000 0.7071 0.0000	</row0>
						<row1>	0.0000 1.0000 0.0000 0.0000	</row1>
						<row2>	-0.7071 0.0000 0.7071 0.0000	</row2>
						<row3>	0.0000 1.6702 1.3712 1.0000	</row3>
					</transform>
				</node>
				<node>
					<identifier>	MP_HM5060_Ammunition_Box	</identifier>
					<transform>
						<row0>	0.0000 0.0000 1.0000 0.0000	</row0>
						<row1>	0.0000 1.0000 0.0000 0.0000	</row1>
						<row2>	-1.0000 0.0000 0.0000 0.0000	</row2>
						<row3>	0.0738 1.0459 1.5673 1.0000	</row3>
					</transform>
				</node>
				<node>
					<identifier>	MP_HM5060_Ammunition_Box_INDEX_1	</identifier>
					<transform>
						<row0>	-0.8863 0.0000 -0.4632 0.0000	</row0>
						<row1>	0.0000 1.0000 0.0000 0.0000	</row1>
						<row2>	0.4632 0.0000 -0.8863 0.0000	</row2>
						<row3>	-0.2162 1.0459 1.5478 1.0000	</row3>
					</transform>
				</node>
				<node>
					<identifier>	MP_HM5060_Ammunition_Box_INDEX_2	</identifier>
					<transform>
						<row0>	0.0000 0.0000 -1.0000 0.0000	</row0>
						<row1>	0.0000 1.0000 0.0000 0.0000	</row1>
						<row2>	1.0000 0.0000 0.0000 0.0000	</row2>
						<row3>	-0.0738 1.0459 1.5673 1.0000	</row3>
					</transform>
				</node>
				<node>
					<identifier>	MP_HM5060_Ammunition_Box_INDEX_3	</identifier>
					<transform>
						<row0>	-0.8863 0.0000 0.4632 0.0000	</row0>
						<row1>	0.0000 1.0000 0.0000 0.0000	</row1>
						<row2>	-0.4632 0.0000 -0.8863 0.0000	</row2>
						<row3>	0.2162 1.0459 1.5478 1.0000	</row3>
					</transform>
				</node>
				<node>
					<identifier>	MP_HM5063_Deck_Hatch	</identifier>
					<transform>
						<row0>	0.0000 0.0000 -1.0000 0.0000	</row0>
						<row1>	0.0000 1.0000 0.0000 0.0000	</row1>
						<row2>	1.0000 0.0000 0.0000 0.0000	</row2>
						<row3>	-0.2508 0.3739 2.3744 1.0000	</row3>
					</transform>
				</node>
				<node>
					<identifier>	MP_HM5063_Deck_Hatch_INDEX_1	</identifier>
					<transform>
						<row0>	-1.0000 0.0000 0.0000 0.0000	</row0>
						<row1>	0.0000 1.0000 0.0000 0.0000	</row1>
						<row2>	0.0000 0.0000 -1.0000 0.0000	</row2>
						<row3>	-0.2635 0.3725 0.9978 1.0000	</row3>
					</transform>
				</node>
				<node>
					<identifier>	MP_HM5063_Deck_Hatch_INDEX_2	</identifier>
					<transform>
						<row0>	1.0000 0.0000 0.0000 0.0000	</row0>
						<row1>	0.0000 1.0000 0.0000 0.0000	</row1>
						<row2>	0.0000 0.0000 1.0000 0.0000	</row2>
						<row3>	0.0867 0.5751 2.1108 1.0000	</row3>
					</transform>
				</node>
				<node>
					<identifier>	MP_HM5063_Deck_Hatch_INDEX_3	</identifier>
					<transform>
						<row0>	0.0000 0.0000 -1.0000 0.0000	</row0>
						<row1>	0.0000 1.0000 0.0000 0.0000	</row1>
						<row2>	1.0000 0.0000 0.0000 0.0000	</row2>
						<row3>	-0.0925 0.3787 3.2741 1.0000	</row3>
					</transform>
				</node>
				<node>
					<identifier>	MP_HM5063_Deck_Hatch_INDEX_4	</identifier>
					<transform>
						<row0>	1.0000 0.0000 0.0000 0.0000	</row0>
						<row1>	0.0000 1.0000 0.0000 0.0000	</row1>
						<row2>	0.0000 0.0000 1.0000 0.0000	</row2>
						<row3>	0.0815 0.3790 3.3343 1.0000	</row3>
					</transform>
				</node>
				<node>
					<identifier>	MP_HM5063_Deck_Hatch_INDEX_5	</identifier>
					<transform>
						<row0>	1.0000 0.0000 0.0000 0.0000	</row0>
						<row1>	0.0000 1.0000 0.0000 0.0000	</row1>
						<row2>	0.0000 0.0000 1.0000 0.0000	</row2>
						<row3>	0.2302 0.3768 3.1662 1.0000	</row3>
					</transform>
				</node>
				<node>
					<identifier>	MP_HM5063_Deck_Hatch_INDEX_6	</identifier>
					<transform>
						<row0>	0.0000 0.0000 -1.0000 0.0000	</row0>
						<row1>	0.0000 1.0000 0.0000 0.0000	</row1>
						<row2>	1.0000 0.0000 0.0000 0.0000	</row2>
						<row3>	-0.0898 0.3748 0.6562 1.0000	</row3>
					</transform>
				</node>
				<node>
					<identifier>	MP_HM5064_Deck_Hatch	</identifier>
					<transform>
						<row0>	1.0000 0.0000 0.0000 0.0000	</row0>
						<row1>	0.0000 1.0000 0.0000 0.0000	</row1>
						<row2>	0.0000 0.0000 1.0000 0.0000	</row2>
						<row3>	-0.3388 0.3755 3.3545 1.0000	</row3>
					</transform>
				</node>
				<node>
					<identifier>	MP_HM5064_Deck_Hatch_INDEX_1	</identifier>
					<transform>
						<row0>	1.0000 0.0000 0.0000 0.0000	</row0>
						<row1>	0.0000 1.0000 0.0000 0.0000	</row1>
						<row2>	0.0000 0.0000 1.0000 0.0000	</row2>
						<row3>	0.3388 0.3755 3.3545 1.0000	</row3>
					</transform>
				</node>
				<node>
					<identifier>	MP_HM5064_Deck_Hatch_INDEX_2	</identifier>
					<transform>
						<row0>	1.0000 0.0000 0.0000 0.0000	</row0>
						<row1>	0.0000 1.0000 0.0000 0.0000	</row1>
						<row2>	0.0000 0.0000 1.0000 0.0000	</row2>
						<row3>	0.4067 0.3707 1.0270 1.0000	</row3>
					</transform>
				</node>
				<node>
					<identifier>	MP_HM5064_Deck_Hatch_INDEX_3	</identifier>
					<transform>
						<row0>	1.0000 0.0000 0.0000 0.0000	</row0>
						<row1>	0.0000 1.0000 0.0000 0.0000	</row1>
						<row2>	0.0000 0.0000 1.0000 0.0000	</row2>
						<row3>	-0.4067 0.3707 1.0270 1.0000	</row3>
					</transform>
				</node>
				<node>
					<identifier>	MP_HM5066_Ventilation_box	</identifier>
					<transform>
						<row0>	0.0000 0.0000 1.0000 0.0000	</row0>
						<row1>	0.0000 1.0000 0.0000 0.0000	</row1>
						<row2>	-1.0000 0.0000 0.0000 0.0000	</row2>
						<row3>	-0.6061 0.3611 1.5655 1.0000	</row3>
					</transform>
				</node>
				<node>
					<identifier>	MP_HM5066_Ventilation_box_INDEX_1	</identifier>
					<transform>
						<row0>	0.0000 0.0000 1.0000 0.0000	</row0>
						<row1>	0.0000 1.0000 0.0000 0.0000	</row1>
						<row2>	-1.0000 0.0000 0.0000 0.0000	</row2>
						<row3>	0.6061 0.3611 1.5655 1.0000	</row3>
					</transform>
				</node>
				<node>
					<identifier>	MP_HM5066_Ventilation_box_INDEX_2	</identifier>
					<transform>
						<row0>	0.0000 0.0000 1.0000 0.0000	</row0>
						<row1>	0.0000 1.0000 0.0000 0.0000	</row1>
						<row2>	-1.0000 0.0000 0.0000 0.0000	</row2>
						<row3>	0.7323 0.3550 1.9931 1.0000	</row3>
					</transform>
				</node>
				<node>
					<identifier>	MP_HM5066_Ventilation_box_INDEX_3	</identifier>
					<transform>
						<row0>	0.0000 0.0000 1.0000 0.0000	</row0>
						<row1>	0.0000 1.0000 0.0000 0.0000	</row1>
						<row2>	-1.0000 0.0000 0.0000 0.0000	</row2>
						<row3>	-0.7320 0.3550 1.9930 1.0000	</row3>
					</transform>
				</node>
				<node>
					<identifier>	MP_HM5067_Signal_lamp_10in	</identifier>
					<transform>
						<row0>	-0.4639 0.0000 -0.8859 0.0000	</row0>
						<row1>	0.0000 1.0000 0.0000 0.0000	</row1>
						<row2>	0.8859 0.0000 -0.4639 0.0000	</row2>
						<row3>	-0.2668 1.7673 1.2539 1.0000	</row3>
					</transform>
				</node>
				<node>
					<identifier>	MP_HM5067_Signal_lamp_10in_INDEX_1	</identifier>
					<transform>
						<row0>	0.0000 0.0000 -1.0000 0.0000	</row0>
						<row1>	0.0000 1.0000 0.0000 0.0000	</row1>
						<row2>	1.0000 0.0000 0.0000 0.0000	</row2>
						<row3>	-0.3383 1.6050 1.0125 1.0000	</row3>
					</transform>
				</node>
				<node>
					<identifier>	MP_HM5067_Signal_lamp_10in_INDEX_2	</identifier>
					<transform>
						<row0>	-0.4639 0.0000 0.8859 0.0000	</row0>
						<row1>	0.0000 1.0000 0.0000 0.0000	</row1>
						<row2>	-0.8859 0.0000 -0.4639 0.0000	</row2>
						<row3>	0.2668 1.7673 1.2539 1.0000	</row3>
					</transform>
				</node>
				<node>
					<identifier>	MP_HM5067_Signal_lamp_10in_INDEX_3	</identifier>
					<transform>
						<row0>	0.0000 0.0000 1.0000 0.0000	</row0>
						<row1>	0.0000 1.0000 0.0000 0.0000	</row1>
						<row2>	-1.0000 0.0000 0.0000 0.0000	</row2>
						<row3>	0.3383 1.6050 1.0125 1.0000	</row3>
					</transform>
				</node>
				<node>
					<identifier>	MP_HM5068_Visual_flashing_lantern	</identifier>
					<transform>
						<row0>	0.0000 0.0000 1.0000 0.0000	</row0>
						<row1>	0.0000 1.0000 0.0000 0.0000	</row1>
						<row2>	-1.0000 0.0000 0.0000 0.0000	</row2>
						<row3>	-0.3531 1.7363 1.0399 1.0000	</row3>
					</transform>
				</node>
				<node>
