<JSB056_Iwami_1944_MidBack.skel_ext>
	<exported>	true	</exported>
	<node>
		<identifier>	MP_CM011_Fire_Fighting_Gear	</identifier>
		<parent>	Scene Root	</parent>
		<transform>
			<row0>	0.0000 0.0000 1.0000 0.0000	</row0>
			<row1>	0.0000 1.0000 0.0000 0.0000	</row1>
			<row2>	-1.0000 0.0000 0.0000 0.0000	</row2>
			<row3>	0.4764 0.4380 1.4102 1.0000	</row3>
		</transform>
	</node>
	<node>
		<identifier>	MP_CM011_Fire_Fighting_Gear_INDEX_1	</identifier>
		<parent>	Scene Root	</parent>
		<transform>
			<row0>	0.0000 0.0000 -1.0000 0.0000	</row0>
			<row1>	0.0000 1.0000 0.0000 0.0000	</row1>
			<row2>	1.0000 0.0000 0.0000 0.0000	</row2>
			<row3>	-0.4764 0.4380 1.4102 1.0000	</row3>
		</transform>
	</node>
	<node>
		<identifier>	MP_CM011_Fire_Fighting_Gear_INDEX_2	</identifier>
		<parent>	Scene Root	</parent>
		<transform>
			<row0>	0.0000 0.0000 1.0000 0.0000	</row0>
			<row1>	0.0000 1.0000 0.0000 0.0000	</row1>
			<row2>	-1.0000 0.0000 0.0000 0.0000	</row2>
			<row3>	0.4424 0.5847 -0.0838 1.0000	</row3>
		</transform>
	</node>
	<node>
		<identifier>	MP_CM011_Fire_Fighting_Gear_INDEX_3	</identifier>
		<parent>	Scene Root	</parent>
		<transform>
			<row0>	0.0000 0.0000 -1.0000 0.0000	</row0>
			<row1>	0.0000 1.0000 0.0000 0.0000	</row1>
			<row2>	1.0000 0.0000 0.0000 0.0000	</row2>
			<row3>	-0.4156 0.7208 0.4228 1.0000	</row3>
		</transform>
	</node>
	<node>
		<identifier>	MP_CM011_Fire_Fighting_Gear_INDEX_4	</identifier>
		<parent>	Scene Root	</parent>
		<transform>
			<row0>	0.0000 0.0000 1.0000 0.0000	</row0>
			<row1>	0.0000 1.0000 0.0000 0.0000	</row1>
			<row2>	-1.0000 0.0000 0.0000 0.0000	</row2>
			<row3>	0.4156 0.7208 0.4228 1.0000	</row3>
		</transform>
	</node>
	<node>
		<identifier>	MP_CM011_Fire_Fighting_Gear_INDEX_5	</identifier>
		<parent>	Scene Root	</parent>
		<transform>
			<row0>	-1.0000 0.0000 0.0000 0.0000	</row0>
			<row1>	0.0000 1.0000 0.0000 0.0000	</row1>
			<row2>	0.0000 0.0000 -1.0000 0.0000	</row2>
			<row3>	-0.0095 0.4510 2.3350 1.0000	</row3>
		</transform>
	</node>
	<node>
		<identifier>	MP_CM011_Fire_Fighting_Gear_INDEX_6	</identifier>
		<parent>	Scene Root	</parent>
		<transform>
			<row0>	0.0000 0.0000 -1.0000 0.0000	</row0>
			<row1>	0.0000 1.0000 0.0000 0.0000	</row1>
			<row2>	1.0000 0.0000 0.0000 0.0000	</row2>
			<row3>	-0.4424 0.5847 -0.0838 1.0000	</row3>
		</transform>
	</node>
	<node>
		<identifier>	MP_CM012_Fire_Hose_Rack_1	</identifier>
		<parent>	Scene Root	</parent>
		<transform>
			<row0>	0.0000 -0.1986 -0.9801 0.0000	</row0>
			<row1>	0.0000 0.9801 -0.1986 0.0000	</row1>
			<row2>	1.0000 0.0000 0.0000 0.0000	</row2>
			<row3>	-0.0095 0.5377 2.3003 1.0000	</row3>
		</transform>
	</node>
	<node>
		<identifier>	MP_CM012_Fire_Hose_Rack_1_INDEX_1	</identifier>
		<parent>	Scene Root	</parent>
		<transform>
			<row0>	-0.9748 -0.2229 0.0000 0.0000	</row0>
			<row1>	-0.2229 0.9748 0.0000 0.0000	</row1>
			<row2>	0.0000 0.0000 -1.0000 0.0000	</row2>
			<row3>	0.4174 0.6634 -0.0838 1.0000	</row3>
		</transform>
	</node>
	<node>
		<identifier>	MP_CM012_Fire_Hose_Rack_1_INDEX_2	</identifier>
		<parent>	Scene Root	</parent>
		<transform>
			<row0>	-0.9771 -0.2128 0.0000 0.0000	</row0>
			<row1>	-0.2128 0.9771 0.0000 0.0000	</row1>
			<row2>	0.0000 0.0000 -1.0000 0.0000	</row2>
			<row3>	0.4533 0.5011 1.3019 1.0000	</row3>
		</transform>
	</node>
	<node>
		<identifier>	MP_CM012_Fire_Hose_Rack_1_INDEX_3	</identifier>
		<parent>	Scene Root	</parent>
		<transform>
			<row0>	0.9748 -0.2229 0.0000 0.0000	</row0>
			<row1>	0.2229 0.9748 0.0000 0.0000	</row1>
			<row2>	0.0000 0.0000 1.0000 0.0000	</row2>
			<row3>	-0.4174 0.6634 -0.0838 1.0000	</row3>
		</transform>
	</node>
	<node>
		<identifier>	MP_CM012_Fire_Hose_Rack_1_INDEX_4	</identifier>
		<parent>	Scene Root	</parent>
		<transform>
			<row0>	0.9739 -0.2270 0.0000 0.0000	</row0>
			<row1>	0.2270 0.9739 0.0000 0.0000	</row1>
			<row2>	0.0000 0.0000 1.0000 0.0000	</row2>
			<row3>	-0.3851 0.8082 0.4271 1.0000	</row3>
		</transform>
	</node>
	<node>
		<identifier>	MP_CM012_Fire_Hose_Rack_1_INDEX_5	</identifier>
		<parent>	Scene Root	</parent>
		<transform>
			<row0>	0.9771 -0.2128 0.0000 0.0000	</row0>
			<row1>	0.2128 0.9771 0.0000 0.0000	</row1>
			<row2>	0.0000 0.0000 1.0000 0.0000	</row2>
			<row3>	-0.4533 0.5011 1.3019 1.0000	</row3>
		</transform>
	</node>
	<node>
		<identifier>	MP_CM012_Fire_Hose_Rack_1_INDEX_6	</identifier>
		<parent>	Scene Root	</parent>
		<transform>
			<row0>	-0.9739 -0.2270 0.0000 0.0000	</row0>
			<row1>	-0.2270 0.9739 0.0000 0.0000	</row1>
			<row2>	0.0000 0.0000 -1.0000 0.0000	</row2>
			<row3>	0.3851 0.8082 0.4271 1.0000	</row3>
		</transform>
	</node>
	<node>
		<identifier>	MP_CM014_Fuel_Oil_Hose	</identifier>
		<parent>	Scene Root	</parent>
		<transform>
			<row0>	-0.9659 -0.2588 0.0000 0.0000	</row0>
			<row1>	0.2588 -0.9659 0.0000 0.0000	</row1>
			<row2>	0.0000 0.0000 1.0000 0.0000	</row2>
			<row3>	0.4517 0.5195 1.4429 1.0000	</row3>
		</transform>
	</node>
	<node>
		<identifier>	MP_CM014_Fuel_Oil_Hose_INDEX_1	</identifier>
		<parent>	Scene Root	</parent>
		<transform>
			<row0>	0.9659 -0.2588 0.0000 0.0000	</row0>
			<row1>	0.2588 0.9659 0.0000 0.0000	</row1>
			<row2>	0.0000 0.0000 1.0000 0.0000	</row2>
			<row3>	-0.4517 0.5195 1.4429 1.0000	</row3>
		</transform>
	</node>
	<node>
		<identifier>	MP_CM029_Emergency_Box	</identifier>
		<parent>	Scene Root	</parent>
		<transform>
			<row0>	-0.5610 0.0000 0.8278 0.0000	</row0>
			<row1>	0.0000 1.0000 0.0000 0.0000	</row1>
			<row2>	-0.8278 0.0000 -0.5610 0.0000	</row2>
			<row3>	0.0595 1.0881 -1.1022 1.0000	</row3>
		</transform>
	</node>
	<node>
		<identifier>	MP_CM029_Emergency_Box_INDEX_1	</identifier>
		<parent>	Scene Root	</parent>
		<transform>
			<row0>	1.0000 0.0000 0.0000 0.0000	</row0>
			<row1>	0.0000 0.9890 0.1476 0.0000	</row1>
			<row2>	0.0000 -0.1476 0.9890 0.0000	</row2>
			<row3>	-0.0206 1.7658 1.4243 1.0000	</row3>
		</transform>
	</node>
	<node>
		<identifier>	MP_CM029_Emergency_Box_INDEX_10	</identifier>
		<parent>	Scene Root	</parent>
		<transform>
			<row0>	0.7283 0.0000 -0.6853 0.0000	</row0>
			<row1>	0.1257 0.9830 0.1336 0.0000	</row1>
			<row2>	0.6736 -0.1835 0.7159 0.0000	</row2>
			<row3>	-0.1721 0.9841 1.1442 1.0000	</row3>
		</transform>
	</node>
	<node>
		<identifier>	MP_CM029_Emergency_Box_INDEX_2	</identifier>
		<parent>	Scene Root	</parent>
		<transform>
			<row0>	1.0000 0.0000 0.0000 0.0000	</row0>
			<row1>	0.0000 0.9880 0.1542 0.0000	</row1>
			<row2>	0.0000 -0.1542 0.9880 0.0000	</row2>
			<row3>	0.0079 1.2794 1.3512 1.0000	</row3>
		</transform>
	</node>
	<node>
		<identifier>	MP_CM029_Emergency_Box_INDEX_3	</identifier>
		<parent>	Scene Root	</parent>
		<transform>
			<row0>	-0.9987 0.0000 0.0503 0.0000	</row0>
			<row1>	0.0000 1.0000 0.0000 0.0000	</row1>
			<row2>	-0.0503 0.0000 -0.9987 0.0000	</row2>
			<row3>	-0.0206 2.3415 1.4960 1.0000	</row3>
		</transform>
	</node>
	<node>
		<identifier>	MP_CM029_Emergency_Box_INDEX_4	</identifier>
		<parent>	Scene Root	</parent>
		<transform>
			<row0>	-0.1264 0.0000 -0.9920 0.0000	</row0>
			<row1>	0.0000 1.0000 0.0000 0.0000	</row1>
			<row2>	0.9920 0.0000 -0.1264 0.0000	</row2>
			<row3>	-0.2471 0.7474 -0.9299 1.0000	</row3>
		</transform>
	</node>
	<node>
		<identifier>	MP_CM029_Emergency_Box_INDEX_5	</identifier>
		<parent>	Scene Root	</parent>
		<transform>
			<row0>	-0.1264 0.0000 0.9920 0.0000	</row0>
			<row1>	0.0000 1.0000 0.0000 0.0000	</row1>
			<row2>	-0.9920 0.0000 -0.1264 0.0000	</row2>
			<row3>	0.2471 0.7474 -0.9299 1.0000	</row3>
		</transform>
	</node>
	<node>
		<identifier>	MP_CM029_Emergency_Box_INDEX_6	</identifier>
		<parent>	Scene Root	</parent>
		<transform>
			<row0>	0.7283 0.0000 0.6853 0.0000	</row0>
			<row1>	-0.1257 0.9830 0.1336 0.0000	</row1>
			<row2>	-0.6736 -0.1835 0.7159 0.0000	</row2>
			<row3>	0.1721 0.9841 1.1442 1.0000	</row3>
		</transform>
	</node>
	<node>
		<identifier>	MP_CM029_Emergency_Box_INDEX_7	</identifier>
		<parent>	Scene Root	</parent>
		<transform>
			<row0>	-0.6166 0.0000 0.7873 0.0000	</row0>
			<row1>	0.0000 1.0000 0.0000 0.0000	</row1>
			<row2>	-0.7873 0.0000 -0.6166 0.0000	</row2>
			<row3>	0.3962 0.7047 1.8685 1.0000	</row3>
		</transform>
	</node>
	<node>
		<identifier>	MP_CM029_Emergency_Box_INDEX_8	</identifier>
		<parent>	Scene Root	</parent>
		<transform>
			<row0>	0.0000 0.0000 -1.0000 0.0000	</row0>
			<row1>	0.0000 1.0000 0.0000 0.0000	</row1>
			<row2>	1.0000 0.0000 0.0000 0.0000	</row2>
			<row3>	-0.2709 1.1374 0.4409 1.0000	</row3>
		</transform>
	</node>
	<node>
		<identifier>	MP_CM029_Emergency_Box_INDEX_9	</identifier>
		<parent>	Scene Root	</parent>
		<transform>
			<row0>	0.0000 0.0000 1.0000 0.0000	</row0>
			<row1>	0.0000 1.0000 0.0000 0.0000	</row1>
			<row2>	-1.0000 0.0000 0.0000 0.0000	</row2>
			<row3>	0.2709 1.1374 0.4409 1.0000	</row3>
		</transform>
	</node>
	<node>
		<identifier>	MP_CM030_Swab_Rack_2	</identifier>
		<parent>	Scene Root	</parent>
		<transform>
			<row0>	0.0000 0.0000 -1.0000 0.0000	</row0>
			<row1>	0.0000 1.0000 0.0000 0.0000	</row1>
			<row2>	1.0000 0.0000 0.0000 0.0000	</row2>
			<row3>	0.1228 1.0182 -0.4381 1.0000	</row3>
		</transform>
	</node>
	<node>
		<identifier>	MP_CM030_Swab_Rack_2_INDEX_1	</identifier>
		<parent>	Scene Root	</parent>
		<transform>
			<row0>	0.0000 0.0000 1.0000 0.0000	</row0>
			<row1>	0.0000 1.0000 0.0000 0.0000	</row1>
			<row2>	-1.0000 0.0000 0.0000 0.0000	</row2>
			<row3>	-0.8042 0.4241 0.5223 1.0000	</row3>
		</transform>
	</node>
	<node>
		<identifier>	MP_CM030_Swab_Rack_2_INDEX_2	</identifier>
		<parent>	Scene Root	</parent>
		<transform>
			<row0>	0.0000 0.0000 -1.0000 0.0000	</row0>
			<row1>	0.0000 1.0000 0.0000 0.0000	</row1>
			<row2>	1.0000 0.0000 0.0000 0.0000	</row2>
			<row3>	0.8042 0.4241 0.5223 1.0000	</row3>
		</transform>
	</node>
	<node>
		<identifier>	MP_CM052_Fender	</identifier>
		<parent>	Scene Root	</parent>
		<transform>
			<row0>	0.0000 0.0000 1.0000 0.0000	</row0>
			<row1>	0.0000 1.0000 0.0000 0.0000	</row1>
			<row2>	-1.0000 0.0000 0.0000 0.0000	</row2>
			<row3>	-0.9310 0.4216 0.1846 1.0000	</row3>
		</transform>
	</node>
	<node>
		<identifier>	MP_CM052_Fender_INDEX_1	</identifier>
		<parent>	Scene Root	</parent>
		<transform>
			<row0>	0.0000 0.0000 -1.0000 0.0000	</row0>
			<row1>	0.0000 1.0000 0.0000 0.0000	</row1>
			<row2>	1.0000 0.0000 0.0000 0.0000	</row2>
			<row3>	0.9310 0.4216 0.1846 1.0000	</row3>
		</transform>
	</node>
	<node>
		<identifier>	MP_CM060_Flag_Box	</identifier>
		<parent>	Scene Root	</parent>
		<transform>
			<row0>	0.6633 0.0000 -0.7484 0.0000	</row0>
			<row1>	0.0000 1.0000 0.0000 0.0000	</row1>
			<row2>	0.7484 0.0000 0.6633 0.0000	</row2>
			<row3>	-0.2876 1.2454 1.2941 1.0000	</row3>
		</transform>
	</node>
	<node>
		<identifier>	MP_CM060_Flag_Box_INDEX_1	</identifier>
		<parent>	Scene Root	</parent>
		<transform>
			<row0>	0.6633 0.0000 0.7484 0.0000	</row0>
			<row1>	0.0000 1.0000 0.0000 0.0000	</row1>
			<row2>	-0.7484 0.0000 0.6633 0.0000	</row2>
			<row3>	0.2872 1.2454 1.2937 1.0000	</row3>
		</transform>
	</node>
	<node>
		<identifier>	MP_CM092_Siren	</identifier>
		<parent>	Scene Root	</parent>
		<transform>
			<row0>	1.0000 0.0000 0.0000 0.0000	</row0>
			<row1>	0.0000 1.0000 0.0000 0.0000	</row1>
			<row2>	0.0000 0.0000 1.0000 0.0000	</row2>
			<row3>	0.2403 1.6442 0.6046 1.0000	</row3>
		</transform>
	</node>
	<node>
		<identifier>	MP_CM092_Siren_INDEX_1	</identifier>
		<parent>	Scene Root	</parent>
		<transform>
			<row0>	1.0000 0.0000 0.0000 0.0000	</row0>
			<row1>	0.0000 1.0000 0.0000 0.0000	</row1>
			<row2>	0.0000 0.0000 1.0000 0.0000	</row2>
			<row3>	-0.2403 1.6442 0.6046 1.0000	</row3>
		</transform>
	</node>
	<node>
		<identifier>	MP_CM126_Cleat	</identifier>
		<parent>	Scene Root	</parent>
		<transform>
			<row0>	0.0000 0.0000 -1.0000 0.0000	</row0>
			<row1>	0.0000 1.0000 0.0000 0.0000	</row1>
			<row2>	1.0000 0.0000 0.0000 0.0000	</row2>
			<row3>	0.0000 1.1569 -0.3721 1.0000	</row3>
		</transform>
	</node>
	<node>
		<identifier>	MP_JM003_Searchlight_Control_1	</identifier>
		<parent>	Scene Root	</parent>
		<transform>
			<row0>	0.0000 0.0000 1.0000 0.0000	</row0>
			<row1>	0.0000 1.0000 0.0000 0.0000	</row1>
			<row2>	-1.0000 0.0000 0.0000 0.0000	</row2>
			<row3>	-0.2863 1.6864 1.4050 1.0000	</row3>
		</transform>
	</node>
	<node>
		<identifier>	MP_JM003_Searchlight_Control_1_INDEX_1	</identifier>
		<parent>	Scene Root	</parent>
		<transform>
			<row0>	0.0000 0.0000 -1.0000 0.0000	</row0>
			<row1>	0.0000 1.0000 0.0000 0.0000	</row1>
			<row2>	1.0000 0.0000 0.0000 0.0000	</row2>
			<row3>	0.2863 1.6864 1.4050 1.0000	</row3>
		</transform>
	</node>
	<node>
		<identifier>	MP_JM003_Searchlight_Control_1_INDEX_2	</identifier>
		<parent>	Scene Root	</parent>
		<transform>
			<row0>	0.0000 0.0000 1.0000 0.0000	</row0>
			<row1>	0.0000 1.0000 0.0000 0.0000	</row1>
			<row2>	-1.0000 0.0000 0.0000 0.0000	</row2>
			<row3>	-0.3577 1.2475 1.5267 1.0000	</row3>
		</transform>
	</node>
	<node>
		<identifier>	MP_JM003_Searchlight_Control_1_INDEX_3	</identifier>
		<parent>	Scene Root	</parent>
		<transform>
			<row0>	0.0000 0.0000 -1.0000 0.0000	</row0>
			<row1>	0.0000 1.0000 0.0000 0.0000	</row1>
			<row2>	1.0000 0.0000 0.0000 0.0000	</row2>
			<row3>	0.3577 1.2475 1.5267 1.0000	</row3>
		</transform>
	</node>
	<node>
		<identifier>	MP_JM008_Searchlight	</identifier>
		<parent>	Scene Root	</parent>
		<transform>
			<row0>	0.0000 0.0000 1.5980 0.0000	</row0>
			<row1>	0.0000 1.5980 0.0000 0.0000	</row1>
			<row2>	-1.5980 0.0000 0.0000 0.0000	</row2>
			<row3>	0.4182 1.0630 0.6667 1.0000	</row3>
		</transform>
	</node>
	<node>
		<identifier>	MP_JM008_Searchlight_INDEX_1	</identifier>
		<parent>	Scene Root	</parent>
		<transform>
			<row0>	0.0000 0.0000 1.5980 0.0000	</row0>
			<row1>	0.0000 1.5980 0.0000 0.0000	</row1>
			<row2>	-1.5980 0.0000 0.0000 0.0000	</row2>
			<row3>	0.4182 1.0630 0.0567 1.0000	</row3>
		</transform>
	</node>
	<node>
		<identifier>	MP_JM008_Searchlight_INDEX_2	</identifier>
		<parent>	Scene Root	</parent>
		<transform>
			<row0>	0.0000 0.0000 -1.5980 0.0000	</row0>
			<row1>	0.0000 1.5980 0.0000 0.0000	</row1>
			<row2>	1.5980 0.0000 0.0000 0.0000	</row2>
			<row3>	-0.4182 1.0630 0.6667 1.0000	</row3>
		</transform>
	</node>
	<node>
		<identifier>	MP_JM008_Searchlight_INDEX_3	</identifier>
		<parent>	Scene Root	</parent>
		<transform>
			<row0>	0.0000 0.0000 -1.5980 0.0000	</row0>
			<row1>	0.0000 1.5980 0.0000 0.0000	</row1>
			<row2>	1.5980 0.0000 0.0000 0.0000	</row2>
			<row3>	-0.4182 1.0630 0.0567 1.0000	</row3>
		</transform>
	</node>
	<node>
		<identifier>	MP_JM009_Signal_Lamp	</identifier>
		<parent>	Scene Root	</parent>
		<transform>
			<row0>	0.0000 0.0000 -1.0000 0.0000	</row0>
			<row1>	0.0000 1.0000 0.0000 0.0000	</row1>
			<row2>	1.0000 0.0000 0.0000 0.0000	</row2>
			<row3>	0.2990 1.3737 1.3669 1.0000	</row3>
		</transform>
	</node>
	<node>
		<identifier>	MP_JM009_Signal_Lamp_INDEX_1	</identifier>
		<parent>	Scene Root	</parent>
		<transform>
			<row0>	0.0000 0.0000 -1.0000 0.0000	</row0>
			<row1>	0.0000 1.0000 0.0000 0.0000	</row1>
			<row2>	1.0000 0.0000 0.0000 0.0000	</row2>
			<row3>	0.3635 2.3093 1.4688 1.0000	</row3>
		</transform>
	</node>
	<node>
		<identifier>	MP_JM009_Signal_Lamp_INDEX_2	</identifier>
		<parent>	Scene Root	</parent>
		<transform>
			<row0>	0.0000 0.0000 1.0000 0.0000	</row0>
			<row1>	0.0000 1.0000 0.0000 0.0000	</row1>
			<row2>	-1.0000 0.0000 0.0000 0.0000	</row2>
			<row3>	-0.3635 2.3093 1.4688 1.0000	</row3>
		</transform>
	</node>
	<node>
		<identifier>	MP_JM009_Signal_Lamp_INDEX_3	</identifier>
		<parent>	Scene Root	</parent>
		<transform>
			<row0>	0.0000 0.0000 1.0000 0.0000	</row0>
			<row1>	0.0000 1.0000 0.0000 0.0000	</row1>
			<row2>	-1.0000 0.0000 0.0000 0.0000	</row2>
			<row3>	-0.2990 1.3737 1.3662 1.0000	</row3>
		</transform>
	</node>
	<node>
		<identifier>	MP_JM010_Deck_Lamp	</identifier>
		<parent>	Scene Root	</parent>
		<transform>
			<row0>	0.0000 0.0000 -1.0000 0.0000	</row0>
			<row1>	0.0000 1.0000 0.0000 0.0000	</row1>
			<row2>	1.0000 0.0000 0.0000 0.0000	</row2>
			<row3>	0.0490 1.4689 -0.2517 1.0000	</row3>
		</transform>
	</node>
	<node>
		<identifier>	MP_JM010_Deck_Lamp_INDEX_1	</identifier>
		<parent>	Scene Root	</parent>
		<transform>
			<row0>	0.0000 0.0000 -1.0000 0.0000	</row0>
			<row1>	0.0000 1.0000 0.0000 0.0000	</row1>
			<row2>	1.0000 0.0000 0.0000 0.0000	</row2>
			<row3>	0.3941 1.5877 1.4226 1.0000	</row3>
		</transform>
	</node>
	<node>
		<identifier>	MP_JM010_Deck_Lamp_INDEX_2	</identifier>
		<parent>	Scene Root	</parent>
		<transform>
			<row0>	0.0000 0.0000 1.0000 0.0000	</row0>
			<row1>	0.0000 1.0000 0.0000 0.0000	</row1>
			<row2>	-1.0000 0.0000 0.0000 0.0000	</row2>
			<row3>	-0.0292 1.4689 -0.2517 1.0000	</row3>
		</transform>
	</node>
	<node>
		<identifier>	MP_JM010_Deck_Lamp_INDEX_3	</identifier>
		<parent>	Scene Root	</parent>
		<transform>
			<row0>	0.0000 0.0000 1.0000 0.0000	</row0>
			<row1>	0.0000 1.0000 0.0000 0.0000	</row1>
			<row2>	-1.0000 0.0000 0.0000 0.0000	</row2>
			<row3>	-0.3941 1.5877 1.4226 1.0000	</row3>
		</transform>
	</node>
	<node>
		<identifier>	MP_JM011_Day_Light	</identifier>
		<parent>	Scene Root	</parent>
		<transform>
			<row0>	1.0000 0.0000 0.0000 0.0000	</row0>
			<row1>	0.0000 1.0000 0.0000 0.0000	</row1>
			<row2>	0.0000 0.0000 1.0000 0.0000	</row2>
			<row3>	0.0000 2.7833 1.3809 1.0000	</row3>
		</transform>
	</node>
	<node>
		<identifier>	MP_JM011_Day_Light_INDEX_1	</identifier>
		<parent>	Scene Root	</parent>
		<transform>
			<row0>	0.9964 0.0000 -0.0843 0.0000	</row0>
			<row1>	0.0000 1.0000 0.0000 0.0000	</row1>
			<row2>	0.0843 0.0000 0.9964 0.0000	</row2>
			<row3>	0.4410 2.3121 1.3911 1.0000	</row3>
		</transform>
	</node>
	<node>
		<identifier>	MP_JM011_Day_Light_INDEX_2	</identifier>
		<parent>	Scene Root	</parent>
		<transform>
			<row0>	0.9964 0.0000 0.0843 0.0000	</row0>
			<row1>	0.0000 1.0000 0.0000 0.0000	</row1>
			<row2>	-0.0843 0.0000 0.9964 0.0000	</row2>
			<row3>	-0.4410 2.3121 1.3911 1.0000	</row3>
		</transform>
	</node>
	<node>
		<identifier>	MP_JM030_Wind_Direction	</identifier>
		<parent>	Scene Root	</parent>
		<transform>
			<row0>	1.0000 0.0000 0.0000 0.0000	</row0>
			<row1>	0.0000 1.0000 0.0000 0.0000	</row1>
			<row2>	0.0000 0.0000 1.0000 0.0000	</row2>
			<row3>	0.0000 2.8315 -0.3906 1.0000	</row3>
		</transform>
	</node>
	<node>
		<identifier>	MP_JM030_Wind_Direction_INDEX_1	</identifier>
		<parent>	Scene Root	</parent>
		<transform>
			<row0>	0.8968 0.0000 0.0758 0.0000	</row0>
			<row1>	0.0000 0.9000 0.0000 0.0000	</row1>
			<row2>	-0.0758 0.0000 0.8968 0.0000	</row2>
			<row3>	-0.6559 2.4059 1.1749 1.0000	</row3>
		</transform>
	</node>
	<node>
		<identifier>	MP_JM030_Wind_Direction_INDEX_2	</identifier>
		<parent>	Scene Root	</parent>
		<transform>
			<row0>	0.8968 0.0000 -0.0758 0.0000	</row0>
			<row1>	0.0000 0.9000 0.0000 0.0000	</row1>
			<row2>	0.0758 0.0000 0.8968 0.0000	</row2>
			<row3>	0.6559 2.4059 1.1749 1.0000	</row3>
		</transform>
	</node>
	<node>
		<identifier>	MP_JM031_Wind_Intensity	</identifier>
		<parent>	Scene Root	</parent>
		<transform>
			<row0>	0.8968 0.0000 0.0758 0.0000	</row0>
			<row1>	0.0000 0.9000 0.0000 0.0000	</row1>
			<row2>	-0.0758 0.0000 0.8968 0.0000	</row2>
			<row3>	-0.6559 2.3663 1.1745 1.0000	</row3>
		</transform>
	</node>
	<node>
		<identifier>	MP_JM031_Wind_Intensity_INDEX_1	</identifier>
		<parent>	Scene Root	</parent>
		<transform>
			<row0>	0.8968 0.0000 -0.0758 0.0000	</row0>
			<row1>	0.0000 0.9000 0.0000 0.0000	</row1>
			<row2>	0.0758 0.0000 0.8968 0.0000	</row2>
			<row3>	0.6559 2.3663 1.1745 1.0000	</row3>
		</transform>
	</node>
	<node>
		<identifier>	MP_JM032_Electric_Deck_Winch	</identifier>
		<parent>	Scene Root	</parent>
		<transform>
			<row0>	-0.7071 0.0000 -0.7071 0.0000	</row0>
			<row1>	0.0000 1.0000 0.0000 0.0000	</row1>
			<row2>	0.7071 0.0000 -0.7071 0.0000	</row2>
			<row3>	0.6472 0.4396 2.0427 1.0000	</row3>
		</transform>
	</node>
	<node>
		<identifier>	MP_JM060_Deck_Hatch_9	</identifier>
		<parent>	Scene Root	</parent>
		<transform>
			<row0>	0.9059 0.0000 0.4236 0.0000	</row0>
			<row1>	0.0000 1.0000 0.0000 0.0000	</row1>
			<row2>	-0.4236 0.0000 0.9059 0.0000	</row2>
			<row3>	0.2516 1.2068 1.3846 1.0000	</row3>
		</transform>
	</node>
	<node>
		<identifier>	MP_JM060_Deck_Hatch_9_INDEX_1	</identifier>
		<parent>	Scene Root	</parent>
		<transform>
			<row0>	0.9059 0.0000 0.4236 0.0000	</row0>
			<row1>	0.0000 1.0000 0.0000 0.0000	</row1>
			<row2>	-0.4236 0.0000 0.9059 0.0000	</row2>
			<row3>	0.2079 1.2069 1.3642 1.0000	</row3>
		</transform>
	</node>
	<node>
		<identifier>	MP_JM060_Deck_Hatch_9_INDEX_2	</identifier>
		<parent>	Scene Root	</parent>
		<transform>
			<row0>	0.9059 0.0000 -0.4236 0.0000	</row0>
			<row1>	0.0000 1.0000 0.0000 0.0000	</row1>
			<row2>	0.4236 0.0000 0.9059 0.0000	</row2>
			<row3>	-0.2079 1.2068 1.3642 1.0000	</row3>
		</transform>
	</node>
	<node>
		<identifier>	MP_JM060_Deck_Hatch_9_INDEX_3	</identifier>
		<parent>	Scene Root	</parent>
		<transform>
			<row0>	0.9059 0.0000 -0.4236 0.0000	</row0>
			<row1>	0.0000 1.0000 0.0000 0.0000	</row1>
			<row2>	0.4236 0.0000 0.9059 0.0000	</row2>
			<row3>	-0.2516 1.2066 1.3846 1.0000	</row3>
		</transform>
	</node>
	<node>
		<identifier>	MP_JM092_Running_Lights_R	</identifier>
		<parent>	Scene Root	</parent>
		<transform>
			<row0>	1.0000 0.0000 0.0000 0.0000	</row0>
			<row1>	0.0000 1.0000 0.0000 0.0000	</row1>
			<row2>	0.0000 0.0000 1.0000 0.0000	</row2>
			<row3>	0.6354 0.9241 1.5006 1.0000	</row3>
		</transform>
	</node>
	<node>
		<identifier>	MP_JM093_Running_Lights_L	</identifier>
		<parent>	Scene Root	</parent>
		<transform>
			<row0>	1.0000 0.0000 0.0000 0.0000	</row0>
			<row1>	0.0000 1.0000 0.0000 0.0000	</row1>
			<row2>	0.0000 0.0000 1.0000 0.0000	</row2>
			<row3>	-0.6323 0.9241 1.5006 1.0000	</row3>
		</transform>
	</node>
	<node>
		<identifier>	MP_JM125_Signal_Lamp_3	</identifier>
		<parent>	Scene Root	</parent>
		<transform>
			<row0>	1.0000 0.0000 0.0000 0.0000	</row0>
			<row1>	0.0000 1.0000 0.0000 0.0000	</row1>
			<row2>	0.0000 0.0000 1.0000 0.0000	</row2>
			<row3>	0.3715 2.1431 -0.8207 1.0000	</row3>
		</transform>
	</node>
	<node>
		<identifier>	MP_JM125_Signal_Lamp_3_INDEX_1	</identifier>
		<parent>	Scene Root	</parent>
		<transform>
			<row0>	1.0000 0.0000 0.0000 0.0000	</row0>
			<row1>	0.0000 1.0000 0.0000 0.0000	</row1>
			<row2>	0.0000 0.0000 1.0000 0.0000	</row2>
			<row3>	-0.3715 2.1431 -0.8207 1.0000	</row3>
		</transform>
	</node>
	<node>
		<identifier>	MP_JM125_Signal_Lamp_3_INDEX_2	</identifier>
		<parent>	Scene Root	</parent>
		<transform>
			<row0>	1.2865 0.0000 0.0000 0.0000	</row0>
			<row1>	0.0000 1.2865 0.0000 0.0000	</row1>
			<row2>	0.0000 0.0000 1.2865 0.0000	</row2>
			<row3>	0.0000 2.0559 -0.3572 1.0000	</row3>
		</transform>
	</node>
	<node>
		<identifier>	MP_JM125_Signal_Lamp_3_INDEX_3	</identifier>
		<parent>	Scene Root	</parent>
		<transform>
			<row0>	1.0000 0.0000 0.0000 0.0000	</row0>
			<row1>	0.0000 1.0000 0.0000 0.0000	</row1>
			<row2>	0.0000 0.0000 1.0000 0.0000	</row2>
			<row3>	0.2149 2.1270 1.9903 1.0000	</row3>
		</transform>
	</node>
	<node>
		<identifier>	MP_JM125_Signal_Lamp_3_INDEX_4	</identifier>
		<parent>	Scene Root	</parent>
		<transform>
			<row0>	1.0000 0.0000 0.0000 0.0000	</row0>
			<row1>	0.0000 1.0000 0.0000 0.0000	</row1>
			<row2>	0.0000 0.0000 1.0000 0.0000	</row2>
			<row3>	-0.2149 2.1270 1.9903 1.0000	</row3>
		</transform>
	</node>
	<node>
		<identifier>	MP_JM125_Signal_Lamp_3_INDEX_5	</identifier>
		<parent>	Scene Root	</parent>
		<transform>
			<row0>	0.9964 0.0000 -0.0843 0.0000	</row0>
			<row1>	0.0000 1.0000 0.0000 0.0000	</row1>
			<row2>	0.0843 0.0000 0.9964 0.0000	</row2>
			<row3>	0.6559 2.3392 1.1737 1.0000	</row3>
		</transform>
	</node>
	<node>
		<identifier>	MP_JM125_Signal_Lamp_3_INDEX_6	</identifier>
		<parent>	Scene Root	</parent>
		<transform>
			<row0>	1.2865 0.0000 0.0000 0.0000	</row0>
			<row1>	0.0000 1.2865 0.0000 0.0000	</row1>
			<row2>	0.0000 0.0000 1.2865 0.0000	</row2>
			<row3>	0.0000 1.7985 -0.4184 1.0000	</row3>
		</transform>
	</node>
	<node>
		<identifier>	MP_JM125_Signal_Lamp_3_INDEX_7	</identifier>
		<parent>	Scene Root	</parent>
		<transform>
			<row0>	0.9964 0.0000 0.0843 0.0000	</row0>
			<row1>	0.0000 1.0000 0.0000 0.0000	</row1>
			<row2>	-0.0843 0.0000 0.9964 0.0000	</row2>
			<row3>	-0.6559 2.3392 1.1737 1.0000	</row3>
		</transform>
	</node>
	<node>
		<identifier>	MP_JM158_Main_Wheel	</identifier>
		<parent>	Scene Root	</parent>
		<transform>
			<row0>	1.0000 0.0000 0.0000 0.0000	</row0>
			<row1>	0.0000 1.0000 0.0000 0.0000	</row1>
			<row2>	0.0000 0.0000 1.0000 0.0000	</row2>
			<row3>	0.0000 1.5239 2.0535 1.0000	</row3>
		</transform>
	</node>
	<node>
		<identifier>	MP_JM158_Main_Wheel_INDEX_1	</identifier>
		<parent>	Scene Root	</parent>
		<transform>
			<row0>	1.0000 0.0000 0.0000 0.0000	</row0>
			<row1>	0.0000 1.0000 0.0000 0.0000	</row1>
			<row2>	0.0000 0.0000 1.0000 0.0000	</row2>
			<row3>	0.0000 2.1510 2.0223 1.0000	</row3>
		</transform>
	</node>
	<node>
		<identifier>	MP_JM165_Telegraph_Engine	</identifier>
		<parent>	Scene Root	</parent>
		<transform>
			<row0>	1.0000 0.0000 0.0000 0.0000	</row0>
			<row1>	0.0000 1.0000 0.0000 0.0000	</row1>
			<row2>	0.0000 0.0000 1.0000 0.0000	</row2>
			<row3>	0.0610 1.5241 2.2153 1.0000	</row3>
		</transform>
	</node>
	<node>
		<identifier>	MP_JM165_Telegraph_Engine_INDEX_1	</identifier>
		<parent>	Scene Root	</parent>
		<transform>
			<row0>	1.0000 0.0000 0.0000 0.0000	</row0>
			<row1>	0.0000 1.0000 0.0000 0.0000	</row1>
			<row2>	0.0000 0.0000 1.0000 0.0000	</row2>
			<row3>	-0.0610 1.5240 2.2153 1.0000	</row3>
		</transform>
	</node>
	<node>
		<identifier>	MP_JM166_Voice_Tube	</identifier>
		<parent>	Scene Root	</parent>
		<transform>
			<row0>	0.9252 0.0000 0.3794 0.0000	</row0>
			<row1>	0.0000 1.0000 0.0000 0.0000	</row1>
			<row2>	-0.3794 0.0000 0.9252 0.0000	</row2>
			<row3>	-0.4031 1.5223 1.5315 1.0000	</row3>
		</transform>
	</node>
	<node>
		<identifier>	MP_JM166_Voice_Tube_INDEX_1	</identifier>
		<parent>	Scene Root	</parent>
		<transform>
			<row0>	-0.9322 0.0000 0.3619 0.0000	</row0>
			<row1>	0.0000 1.0000 0.0000 0.0000	</row1>
			<row2>	-0.3619 0.0000 -0.9322 0.0000	</row2>
			<row3>	-0.2051 2.2936 1.5532 1.0000	</row3>
		</transform>
	</node>
	<node>
		<identifier>	MP_JM166_Voice_Tube_INDEX_10	</identifier>
		<parent>	Scene Root	</parent>
		<transform>
			<row0>	0.2690 0.0000 -0.9631 0.0000	</row0>
			<row1>	0.0000 1.0000 0.0000 0.0000	</row1>
			<row2>	0.9631 0.0000 0.2690 0.0000	</row2>
			<row3>	0.2303 2.2936 1.8861 1.0000	</row3>
		</transform>
	</node>
	<node>
		<identifier>	MP_JM166_Voice_Tube_INDEX_11	</identifier>
		<parent>	Scene Root	</parent>
		<transform>
			<row0>	-0.5775 0.0000 -0.8164 0.0000	</row0>
			<row1>	0.0000 1.0000 0.0000 0.0000	</row1>
			<row2>	0.8164 0.0000 -0.5775 0.0000	</row2>
			<row3>	0.2780 1.0185 -0.9872 1.0000	</row3>
		</transform>
	</node>
	<node>
		<identifier>	MP_JM166_Voice_Tube_INDEX_12	</identifier>
		<parent>	Scene Root	</parent>
		<transform>
			<row0>	0.2588 0.0000 -0.9659 0.0000	</row0>
			<row1>	0.0000 1.0000 0.0000 0.0000	</row1>
			<row2>	0.9659 0.0000 0.2588 0.0000	</row2>
			<row3>	0.1841 1.5238 2.0658 1.0000	</row3>
		</transform>
	</node>
	<node>
		<identifier>	MP_JM166_Voice_Tube_INDEX_13	</identifier>
		<parent>	Scene Root	</parent>
		<transform>
			<row0>	0.2588 0.0000 -0.9659 0.0000	</row0>
			<row1>	0.0000 1.0000 0.0000 0.0000	</row1>
			<row2>	0.9659 0.0000 0.2588 0.0000	</row2>
			<row3>	0.2017 1.5239 2.0003 1.0000	</row3>
		</transform>
	</node>
	<node>
		<identifier>	MP_JM166_Voice_Tube_INDEX_14	</identifier>
		<parent>	Scene Root	</parent>
		<transform>
			<row0>	0.0029 0.0000 1.0000 0.0000	</row0>
			<row1>	0.0000 1.0000 0.0000 0.0000	</row1>
			<row2>	-1.0000 0.0000 0.0029 0.0000	</row2>
			<row3>	-0.3283 1.0184 -0.8490 1.0000	</row3>
		</transform>
	</node>
	<node>
		<identifier>	MP_JM166_Voice_Tube_INDEX_15	</identifier>
		<parent>	Scene Root	</parent>
		<transform>
			<row0>	1.0000 0.0000 0.0000 0.0000	</row0>
			<row1>	0.0000 1.0000 0.0000 0.0000	</row1>
			<row2>	0.0000 0.0000 1.0000 0.0000	</row2>
			<row3>	0.0327 1.5241 2.2032 1.0000	</row3>
		</transform>
	</node>
	<node>
		<identifier>	MP_JM166_Voice_Tube_INDEX_16	</identifier>
		<parent>	Scene Root	</parent>
		<transform>
			<row0>	0.2690 0.0000 0.9631 0.0000	</row0>
			<row1>	0.0000 1.0000 0.0000 0.0000	</row1>
			<row2>	-0.9631 0.0000 0.2690 0.0000	</row2>
			<row3>	-0.2742 2.2936 1.6942 1.0000	</row3>
		</transform>
	</node>
	<node>
		<identifier>	MP_JM166_Voice_Tube_INDEX_17	</identifier>
		<parent>	Scene Root	</parent>
		<transform>
			<row0>	0.2588 0.0000 0.9659 0.0000	</row0>
			<row1>	0.0000 1.0000 0.0000 0.0000	</row1>
			<row2>	-0.9659 0.0000 0.2588 0.0000	</row2>
			<row3>	-0.2017 1.5240 2.0003 1.0000	</row3>
		</transform>
	</node>
	<node>
		<identifier>	MP_JM166_Voice_Tube_INDEX_18	</identifier>
		<parent>	Scene Root	</parent>
		<transform>
			<row0>	0.9659 0.0000 0.2588 0.0000	</row0>
			<row1>	0.0000 1.0000 0.0000 0.0000	</row1>
			<row2>	-0.2588 0.0000 0.9659 0.0000	</row2>
			<row3>	-0.3348 1.2066 1.4426 1.0000	</row3>
		</transform>
	</node>
	<node>
		<identifier>	MP_JM166_Voice_Tube_INDEX_19	</identifier>
		<parent>	Scene Root	</parent>
		<transform>
			<row0>	0.0029 0.0000 -1.0000 0.0000	</row0>
			<row1>	0.0000 1.0000 0.0000 0.0000	</row1>
			<row2>	1.0000 0.0000 0.0029 0.0000	</row2>
			<row3>	0.3283 1.0184 -0.8490 1.0000	</row3>
		</transform>
	</node>
	<node>
		<identifier>	MP_JM166_Voice_Tube_INDEX_2	</identifier>
		<parent>	Scene Root	</parent>
		<transform>
			<row0>	-0.9322 0.0000 -0.3619 0.0000	</row0>
			<row1>	0.0000 1.0000 0.0000 0.0000	</row1>
			<row2>	0.3619 0.0000 -0.9322 0.0000	</row2>
			<row3>	0.2051 2.2936 1.5532 1.0000	</row3>
		</transform>
	</node>
	<node>
		<identifier>	MP_JM166_Voice_Tube_INDEX_20	</identifier>
		<parent>	Scene Root	</parent>
		<transform>
			<row0>	0.2690 0.0000 -0.9631 0.0000	</row0>
			<row1>	0.0000 1.0000 0.0000 0.0000	</row1>
			<row2>	0.9631 0.0000 0.2690 0.0000	</row2>
			<row3>	0.2844 2.1512 1.6661 1.0000	</row3>
		</transform>
	</node>
	<node>
		<identifier>	MP_JM166_Voice_Tube_INDEX_21	</identifier>
		<parent>	Scene Root	</parent>
		<transform>
			<row0>	-0.8680 0.0000 0.4965 0.0000	</row0>
			<row1>	0.0000 1.0000 0.0000 0.0000	</row1>
			<row2>	-0.4965 0.0000 -0.8680 0.0000	</row2>
			<row3>	-0.1574 1.0187 -1.0897 1.0000	</row3>
		</transform>
	</node>
	<node>
		<identifier>	MP_JM166_Voice_Tube_INDEX_22	</identifier>
		<parent>	Scene Root	</parent>
		<transform>
			<row0>	1.0000 0.0000 0.0000 0.0000	</row0>
			<row1>	0.0000 1.0000 0.0000 0.0000	</row1>
			<row2>	0.0000 0.0000 1.0000 0.0000	</row2>
			<row3>	-0.0837 2.1511 2.0912 1.0000	</row3>
		</transform>
	</node>
	<node>
		<identifier>	MP_JM166_Voice_Tube_INDEX_23	</identifier>
		<parent>	Scene Root	</parent>
		<transform>
			<row0>	0.2690 0.0000 -0.9631 0.0000	</row0>
			<row1>	0.0000 1.0000 0.0000 0.0000	</row1>
			<row2>	0.9631 0.0000 0.2690 0.0000	</row2>
			<row3>	0.2005 2.1510 1.9492 1.0000	</row3>
		</transform>
	</node>
	<node>
		<identifier>	MP_JM166_Voice_Tube_INDEX_24	</identifier>
		<parent>	Scene Root	</parent>
		<transform>
			<row0>	0.9659 0.0000 -0.2588 0.0000	</row0>
			<row1>	0.0000 1.0000 0.0000 0.0000	</row1>
			<row2>	0.2588 0.0000 0.9659 0.0000	</row2>
			<row3>	0.3348 1.2066 1.4426 1.0000	</row3>
		</transform>
	</node>
	<node>
		<identifier>	MP_JM166_Voice_Tube_INDEX_25	</identifier>
		<parent>	Scene Root	</parent>
		<transform>
			<row0>	1.0000 0.0000 0.0000 0.0000	</row0>
			<row1>	0.0000 1.0000 0.0000 0.0000	</row1>
			<row2>	0.0000 0.0000 1.0000 0.0000	</row2>
			<row3>	-0.1149 2.2936 2.0843 1.0000	</row3>
		</transform>
	</node>
	<node>
		<identifier>	MP_JM166_Voice_Tube_INDEX_26	</identifier>
		<parent>	Scene Root	</parent>
		<transform>
			<row0>	0.2588 0.0000 0.9659 0.0000	</row0>
			<row1>	0.0000 1.0000 0.0000 0.0000	</row1>
			<row2>	-0.9659 0.0000 0.2588 0.0000	</row2>
			<row3>	-0.1841 1.5239 2.0658 1.0000	</row3>
		</transform>
	</node>
	<node>
		<identifier>	MP_JM166_Voice_Tube_INDEX_27	</identifier>
		<parent>	Scene Root	</parent>
		<transform>
			<row0>	1.0000 0.0000 0.0000 0.0000	</row0>
			<row1>	0.0000 1.0000 0.0000 0.0000	</row1>
			<row2>	0.0000 0.0000 1.0000 0.0000	</row2>
			<row3>	0.0929 1.5239 2.2298 1.0000	</row3>
		</transform>
	</node>
	<node>
		<identifier>	MP_JM166_Voice_Tube_INDEX_28	</identifier>
		<parent>	Scene Root	</parent>
		<transform>
			<row0>	-0.8680 0.0000 -0.4965 0.0000	</row0>
			<row1>	0.0000 1.0000 0.0000 0.0000	</row1>
			<row2>	0.4965 0.0000 -0.8680 0.0000	</row2>
			<row3>	0.1574 1.0181 -1.0897 1.0000	</row3>
		</transform>
	</node>
	<node>
		<identifier>	MP_JM166_Voice_Tube_INDEX_29	</identifier>
		<parent>	Scene Root	</parent>
		<transform>
			<row0>	0.2690 0.0000 -0.9631 0.0000	</row0>
			<row1>	0.0000 1.0000 0.0000 0.0000	</row1>
			<row2>	0.9631 0.0000 0.2690 0.0000	</row2>
			<row3>	0.1749 2.1511 2.0385 1.0000	</row3>
		</transform>
	</node>
	<node>
		<identifier>	MP_JM166_Voice_Tube_INDEX_3	</identifier>
		<parent>	Scene Root	</parent>
		<transform>
			<row0>	0.2690 0.0000 0.9631 0.0000	</row0>
			<row1>	0.0000 1.0000 0.0000 0.0000	</row1>
			<row2>	-0.9631 0.0000 0.2690 0.0000	</row2>
			<row3>	-0.2492 2.2936 1.7613 1.0000	</row3>
		</transform>
	</node>
	<node>
		<identifier>	MP_JM166_Voice_Tube_INDEX_30	</identifier>
		<parent>	Scene Root	</parent>
		<transform>
			<row0>	1.0000 0.0000 0.0000 0.0000	</row0>
			<row1>	0.0000 1.0000 0.0000 0.0000	</row1>
			<row2>	0.0000 0.0000 1.0000 0.0000	</row2>
			<row3>	0.0339 1.5240 2.0656 1.0000	</row3>
		</transform>
	</node>
	<node>
		<identifier>	MP_JM166_Voice_Tube_INDEX_31	</identifier>
		<parent>	Scene Root	</parent>
		<transform>
			<row0>	0.2690 0.0000 0.9631 0.0000	</row0>
			<row1>	0.0000 1.0000 0.0000 0.0000	</row1>
			<row2>	-0.9631 0.0000 0.2690 0.0000	</row2>
			<row3>	-0.1941 2.2936 2.0014 1.0000	</row3>
		</transform>
	</node>
	<node>
		<identifier>	MP_JM166_Voice_Tube_INDEX_32	</identifier>
		<parent>	Scene Root	</parent>
		<transform>
			<row0>	0.2690 0.0000 -0.9631 0.0000	</row0>
			<row1>	0.0000 1.0000 0.0000 0.0000	</row1>
			<row2>	0.9631 0.0000 0.2690 0.0000	</row2>
			<row3>	0.1941 2.2936 2.0014 1.0000	</row3>
		</transform>
	</node>
	<node>
		<identifier>	MP_JM166_Voice_Tube_INDEX_33	</identifier>
		<parent>	Scene Root	</parent>
		<transform>
			<row0>	0.2690 0.0000 -0.9631 0.0000	</row0>
			<row1>	0.0000 1.0000 0.0000 0.0000	</row1>
			<row2>	0.9631 0.0000 0.2690 0.0000	</row2>
			<row3>	0.2492 2.2936 1.7613 1.0000	</row3>
		</transform>
	</node>
	<node>
		<identifier>	MP_JM166_Voice_Tube_INDEX_34	</identifier>
		<parent>	Scene Root	</parent>
		<transform>
			<row0>	1.0000 0.0000 0.0000 0.0000	</row0>
			<row1>	0.0000 1.0000 0.0000 0.0000	</row1>
			<row2>	0.0000 0.0000 1.0000 0.0000	</row2>
			<row3>	0.0837 2.1511 2.0912 1.0000	</row3>
		</transform>
	</node>
	<node>
		<identifier>	MP_JM166_Voice_Tube_INDEX_35	</identifier>
		<parent>	Scene Root	</parent>
		<transform>
			<row0>	0.2690 0.0000 0.9631 0.0000	</row0>
			<row1>	0.0000 1.0000 0.0000 0.0000	</row1>
			<row2>	-0.9631 0.0000 0.2690 0.0000	</row2>
			<row3>	-0.2844 2.1512 1.6661 1.0000	</row3>
		</transform>
	</node>
	<node>
		<identifier>	MP_JM166_Voice_Tube_INDEX_36	</identifier>
		<parent>	Scene Root	</parent>
		<transform>
			<row0>	0.9252 0.0000 -0.3794 0.0000	</row0>
			<row1>	0.0000 1.0000 0.0000 0.0000	</row1>
			<row2>	0.3794 0.0000 0.9252 0.0000	</row2>
			<row3>	0.4031 1.5223 1.5315 1.0000	</row3>
		</transform>
	</node>
	<node>
		<identifier>	MP_JM166_Voice_Tube_INDEX_37	</identifier>
		<parent>	Scene Root	</parent>
		<transform>
			<row0>	1.0000 0.0000 0.0000 0.0000	</row0>
			<row1>	0.0000 1.0000 0.0000 0.0000	</row1>
			<row2>	0.0000 0.0000 1.0000 0.0000	</row2>
			<row3>	-0.0929 1.5241 2.2298 1.0000	</row3>
		</transform>
	</node>
	<node>
		<identifier>	MP_JM166_Voice_Tube_INDEX_38	</identifier>
		<parent>	Scene Root	</parent>
		<transform>
			<row0>	0.2690 0.0000 0.9631 0.0000	</row0>
			<row1>	0.0000 1.0000 0.0000 0.0000	</row1>
			<row2>	-0.9631 0.0000 0.2690 0.0000	</row2>
			<row3>	-0.2005 2.1510 1.9492 1.0000	</row3>
		</transform>
	</node>
	<node>
		<identifier>	MP_JM166_Voice_Tube_INDEX_39	</identifier>
		<parent>	Scene Root	</parent>
		<transform>
			<row0>	0.2588 0.0000 -0.9659 0.0000	</row0>
			<row1>	0.0000 1.0000 0.0000 0.0000	</row1>
			<row2>	0.9659 0.0000 0.2588 0.0000	</row2>
			<row3>	0.1622 1.5241 2.1477 1.0000	</row3>
		</transform>
	</node>
	<node>
		<identifier>	MP_JM166_Voice_Tube_INDEX_4	</identifier>
		<parent>	Scene Root	</parent>
		<transform>
			<row0>	1.0000 0.0000 0.0000 0.0000	</row0>
			<row1>	0.0000 1.0000 0.0000 0.0000	</row1>
			<row2>	0.0000 0.0000 1.0000 0.0000	</row2>
			<row3>	0.1149 2.2936 2.0843 1.0000	</row3>
		</transform>
	</node>
	<node>
		<identifier>	MP_JM166_Voice_Tube_INDEX_5	</identifier>
		<parent>	Scene Root	</parent>
		<transform>
			<row0>	0.2690 0.0000 0.9631 0.0000	</row0>
			<row1>	0.0000 1.0000 0.0000 0.0000	</row1>
			<row2>	-0.9631 0.0000 0.2690 0.0000	</row2>
			<row3>	-0.2303 2.2936 1.8861 1.0000	</row3>
		</transform>
	</node>
	<node>
		<identifier>	MP_JM166_Voice_Tube_INDEX_6	</identifier>
		<parent>	Scene Root	</parent>
		<transform>
			<row0>	0.2690 0.0000 0.9631 0.0000	</row0>
			<row1>	0.0000 1.0000 0.0000 0.0000	</row1>
			<row2>	-0.9631 0.0000 0.2690 0.0000	</row2>
			<row3>	-0.1749 2.1511 2.0385 1.0000	</row3>
		</transform>
	</node>
	<node>
		<identifier>	MP_JM166_Voice_Tube_INDEX_7	</identifier>
		<parent>	Scene Root	</parent>
		<transform>
			<row0>	-0.5775 0.0000 0.8164 0.0000	</row0>
			<row1>	0.0000 1.0000 0.0000 0.0000	</row1>
			<row2>	-0.8164 0.0000 -0.5775 0.0000	</row2>
			<row3>	-0.2780 1.0185 -0.9872 1.0000	</row3>
		</transform>
	</node>
	<node>
		<identifier>	MP_JM166_Voice_Tube_INDEX_8	</identifier>
		<parent>	Scene Root	</parent>
		<transform>
			<row0>	0.2690 0.0000 -0.9631 0.0000	</row0>
			<row1>	0.0000 1.0000 0.0000 0.0000	</row1>
			<row2>	0.9631 0.0000 0.2690 0.0000	</row2>
			<row3>	0.2742 2.2936 1.6942 1.0000	</row3>
		</transform>
	</node>
	<node>
		<identifier>	MP_JM166_Voice_Tube_INDEX_9	</identifier>
		<parent>	Scene Root	</parent>
		<transform>
			<row0>	0.2588 0.0000 0.9659 0.0000	</row0>
			<row1>	0.0000 1.0000 0.0000 0.0000	</row1>
			<row2>	-0.9659 0.0000 0.2588 0.0000	</row2>
			<row3>	-0.1622 1.5240 2.1477 1.0000	</row3>
		</transform>
	</node>
	<node>
		<identifier>	MP_JM176_Compass_repeater	</identifier>
		<parent>	Scene Root	</parent>
		<transform>
			<row0>	0.0000 0.0000 1.0000 0.0000	</row0>
			<row1>	0.0000 1.0000 0.0000 0.0000	</row1>
			<row2>	-1.0000 0.0000 0.0000 0.0000	</row2>
			<row3>	0.4370 1.5940 1.5035 1.0000	</row3>
		</transform>
	</node>
	<node>
		<identifier>	MP_JM176_Compass_repeater_INDEX_1	</identifier>
		<parent>	Scene Root	</parent>
		<transform>
			<row0>	0.8622 0.0000 0.5066 0.0000	</row0>
			<row1>	0.0000 1.0000 0.0000 0.0000	</row1>
			<row2>	-0.5066 0.0000 0.8622 0.0000	</row2>
			<row3>	0.1913 1.0822 -1.1031 1.0000	</row3>
		</transform>
	</node>
	<node>
		<identifier>	MP_JM176_Compass_repeater_INDEX_2	</identifier>
		<parent>	Scene Root	</parent>
		<transform>
			<row0>	0.0000 0.0000 1.0000 0.0000	</row0>
			<row1>	0.0000 1.0000 0.0000 0.0000	</row1>
			<row2>	-1.0000 0.0000 0.0000 0.0000	</row2>
			<row3>	0.3321 2.2154 1.7932 1.0000	</row3>
		</transform>
	</node>
	<node>
		<identifier>	MP_JM176_Compass_repeater_INDEX_3	</identifier>
		<parent>	Scene Root	</parent>
		<transform>
			<row0>	0.8622 0.0000 -0.5066 0.0000	</row0>
			<row1>	0.0000 1.0000 0.0000 0.0000	</row1>
			<row2>	0.5066 0.0000 0.8622 0.0000	</row2>
			<row3>	-0.1913 1.0822 -1.1031 1.0000	</row3>
		</transform>
	</node>
	<node>
