<RSD001_Gremyashchy_1942_MidBack.skel_ext>
	<exported>	true	</exported>
	<node>
		<identifier>	MP_AM465_Fire_Extinguisher	</identifier>
		<parent>	Scene Root	</parent>
		<transform>
			<row0>	0.0000 0.0000 -1.0000 0.0000	</row0>
			<row1>	0.0000 1.0000 0.0000 0.0000	</row1>
			<row2>	1.0000 0.0000 0.0000 0.0000	</row2>
			<row3>	0.0269 0.3105 -1.7972 1.0000	</row3>
		</transform>
	</node>
	<node>
		<identifier>	MP_CM011_Fire_Fighting_Gear	</identifier>
		<parent>	Scene Root	</parent>
		<transform>
			<row0>	0.0000 0.0000 1.0000 0.0000	</row0>
			<row1>	0.0000 1.0000 0.0000 0.0000	</row1>
			<row2>	-1.0000 0.0000 0.0000 0.0000	</row2>
			<row3>	0.1841 0.1523 -1.8182 1.0000	</row3>
		</transform>
	</node>
	<node>
		<identifier>	MP_CM011_Fire_Fighting_Gear_INDEX_1	</identifier>
		<parent>	Scene Root	</parent>
		<transform>
			<row0>	0.5199 0.0000 -0.8542 0.0000	</row0>
			<row1>	0.0000 1.0000 0.0000 0.0000	</row1>
			<row2>	0.8542 0.0000 0.5199 0.0000	</row2>
			<row3>	-0.1247 0.1523 -2.2543 1.0000	</row3>
		</transform>
	</node>
	<node>
		<identifier>	MP_CM013_Fire_Hose_Rack_2	</identifier>
		<parent>	Scene Root	</parent>
		<transform>
			<row0>	0.8690 0.0000 0.4948 0.0000	</row0>
			<row1>	0.0000 1.0000 0.0000 0.0000	</row1>
			<row2>	-0.4948 0.0000 0.8690 0.0000	</row2>
			<row3>	-0.1209 0.2355 -2.2355 1.0000	</row3>
		</transform>
	</node>
	<node>
		<identifier>	MP_CM013_Fire_Hose_Rack_2_INDEX_1	</identifier>
		<parent>	Scene Root	</parent>
		<transform>
			<row0>	-1.0000 0.0000 0.0000 0.0000	</row0>
			<row1>	0.0000 1.0000 0.0000 0.0000	</row1>
			<row2>	0.0000 0.0000 -1.0000 0.0000	</row2>
			<row3>	0.1673 0.2355 -1.8457 1.0000	</row3>
		</transform>
	</node>
	<node>
		<identifier>	MP_CM029_Emergency_Box	</identifier>
		<parent>	Scene Root	</parent>
		<transform>
			<row0>	0.9526 0.0000 -0.3042 0.0000	</row0>
			<row1>	0.0000 1.0000 0.0000 0.0000	</row1>
			<row2>	0.3042 0.0000 0.9526 0.0000	</row2>
			<row3>	0.0979 0.3431 -1.7593 1.0000	</row3>
		</transform>
	</node>
	<node>
		<identifier>	MP_CM029_Emergency_Box_INDEX_1	</identifier>
		<parent>	Scene Root	</parent>
		<transform>
			<row0>	-1.0000 0.0000 0.0000 0.0000	</row0>
			<row1>	0.0000 1.0000 0.0000 0.0000	</row1>
			<row2>	0.0000 0.0000 -1.0000 0.0000	</row2>
			<row3>	0.0740 0.3500 -1.0838 1.0000	</row3>
		</transform>
	</node>
	<node>
		<identifier>	MP_CM052_Fender	</identifier>
		<parent>	Scene Root	</parent>
		<transform>
			<row0>	0.4435 0.0000 0.3253 0.0000	</row0>
			<row1>	0.0000 0.5500 0.0000 0.0000	</row1>
			<row2>	-0.3253 0.0000 0.4435 0.0000	</row2>
			<row3>	-0.2227 0.1543 -0.8386 1.0000	</row3>
		</transform>
	</node>
	<node>
		<identifier>	MP_CM052_Fender_INDEX_1	</identifier>
		<parent>	Scene Root	</parent>
		<transform>
			<row0>	0.4435 0.0000 -0.3253 0.0000	</row0>
			<row1>	0.0000 0.5500 0.0000 0.0000	</row1>
			<row2>	0.3253 0.0000 0.4435 0.0000	</row2>
			<row3>	0.2227 0.1543 -0.8386 1.0000	</row3>
		</transform>
	</node>
	<node>
		<identifier>	MP_RM008_Voice_Tube	</identifier>
		<parent>	Scene Root	</parent>
		<transform>
			<row0>	0.9501 0.0000 0.3120 0.0000	</row0>
			<row1>	0.0000 1.0000 0.0000 0.0000	</row1>
			<row2>	-0.3120 0.0000 0.9501 0.0000	</row2>
			<row3>	0.1131 0.3000 -0.8153 1.0000	</row3>
		</transform>
	</node>
	<node>
		<identifier>	MP_RM008_Voice_Tube_INDEX_1	</identifier>
		<parent>	Scene Root	</parent>
		<transform>
			<row0>	0.9944 0.0000 0.1058 0.0000	</row0>
			<row1>	0.0000 1.0000 0.0000 0.0000	</row1>
			<row2>	-0.1058 0.0000 0.9944 0.0000	</row2>
			<row3>	-0.0825 0.2984 -1.7687 1.0000	</row3>
		</transform>
	</node>
	<node>
		<identifier>	MP_RM008_Voice_Tube_INDEX_2	</identifier>
		<parent>	Scene Root	</parent>
		<transform>
			<row0>	0.9684 0.0000 -0.2495 0.0000	</row0>
			<row1>	0.0000 1.0000 0.0000 0.0000	</row1>
			<row2>	0.2495 0.0000 0.9684 0.0000	</row2>
			<row3>	-0.0965 0.3000 -0.8197 1.0000	</row3>
		</transform>
	</node>
	<node>
		<identifier>	MP_RM008_Voice_Tube_INDEX_3	</identifier>
		<parent>	Scene Root	</parent>
		<transform>
			<row0>	0.9684 0.0000 0.2495 0.0000	</row0>
			<row1>	0.0000 1.0000 0.0000 0.0000	</row1>
			<row2>	-0.2495 0.0000 0.9684 0.0000	</row2>
			<row3>	0.0965 0.3000 -0.8197 1.0000	</row3>
		</transform>
	</node>
	<node>
		<identifier>	MP_RM008_Voice_Tube_INDEX_4	</identifier>
		<parent>	Scene Root	</parent>
		<transform>
			<row0>	0.9501 0.0000 -0.3120 0.0000	</row0>
			<row1>	0.0000 1.0000 0.0000 0.0000	</row1>
			<row2>	0.3120 0.0000 0.9501 0.0000	</row2>
			<row3>	-0.1131 0.3000 -0.8153 1.0000	</row3>
		</transform>
	</node>
	<node>
		<identifier>	MP_RM008_Voice_Tube_INDEX_5	</identifier>
		<parent>	Scene Root	</parent>
		<transform>
			<row0>	0.9759 0.0000 0.2182 0.0000	</row0>
			<row1>	0.0000 1.0000 0.0000 0.0000	</row1>
			<row2>	-0.2182 0.0000 0.9759 0.0000	</row2>
			<row3>	-0.1027 0.2984 -1.7735 1.0000	</row3>
		</transform>
	</node>
	<node>
		<identifier>	MP_RM012_Ventilation	</identifier>
		<parent>	Scene Root	</parent>
		<transform>
			<row0>	1.0000 0.0000 0.0000 0.0000	</row0>
			<row1>	0.0000 0.9962 -0.0872 0.0000	</row1>
			<row2>	0.0000 0.0872 0.9962 0.0000	</row2>
			<row3>	-0.0290 0.2988 -0.7845 1.0000	</row3>
		</transform>
	</node>
	<node>
		<identifier>	MP_RM028_Signal_Lamp	</identifier>
		<parent>	Scene Root	</parent>
		<transform>
			<row0>	0.9000 0.0000 0.0000 0.0000	</row0>
			<row1>	0.0000 0.9000 0.0000 0.0000	</row1>
			<row2>	0.0000 0.0000 0.9000 0.0000	</row2>
			<row3>	0.0000 1.3328 -0.8369 1.0000	</row3>
		</transform>
	</node>
	<node>
		<identifier>	MP_RM060_Hatch	</identifier>
		<parent>	Scene Root	</parent>
		<transform>
			<row0>	0.0000 0.0000 1.0000 0.0000	</row0>
			<row1>	0.0000 1.0000 0.0000 0.0000	</row1>
			<row2>	-1.0000 0.0000 0.0000 0.0000	</row2>
			<row3>	-0.1473 0.1519 -1.6058 1.0000	</row3>
		</transform>
	</node>
	<node>
		<identifier>	MP_RM060_Hatch_INDEX_1	</identifier>
		<parent>	Scene Root	</parent>
		<transform>
			<row0>	1.0000 0.0000 0.0000 0.0000	</row0>
			<row1>	0.0000 1.0000 0.0000 0.0000	</row1>
			<row2>	0.0000 0.0000 1.0000 0.0000	</row2>
			<row3>	0.1268 0.1519 -0.7205 1.0000	</row3>
		</transform>
	</node>
	<node>
		<identifier>	MP_RM066_Ammunition_Box	</identifier>
		<parent>	Scene Root	</parent>
		<transform>
			<row0>	0.9537 0.0000 -0.3008 0.0000	</row0>
			<row1>	0.0000 1.0000 0.0000 0.0000	</row1>
			<row2>	0.3008 0.0000 0.9537 0.0000	</row2>
			<row3>	0.1509 0.2961 -1.7899 1.0000	</row3>
		</transform>
	</node>
	<node>
		<identifier>	MP_RM066_Ammunition_Box_INDEX_1	</identifier>
		<parent>	Scene Root	</parent>
		<transform>
			<row0>	0.6694 0.0000 -0.2047 0.0000	</row0>
			<row1>	0.0000 0.7000 0.0000 0.0000	</row1>
			<row2>	0.2047 0.0000 0.6694 0.0000	</row2>
			<row3>	0.1235 0.2984 -0.7873 1.0000	</row3>
		</transform>
	</node>
	<node>
		<identifier>	MP_RM066_Ammunition_Box_INDEX_2	</identifier>
		<parent>	Scene Root	</parent>
		<transform>
			<row0>	0.7000 0.0000 0.0000 0.0000	</row0>
			<row1>	0.0000 0.7000 0.0000 0.0000	</row1>
			<row2>	0.0000 0.0000 0.7000 0.0000	</row2>
			<row3>	-0.0854 0.2989 -1.0736 1.0000	</row3>
		</transform>
	</node>
	<node>
		<identifier>	MP_RM066_Ammunition_Box_INDEX_3	</identifier>
		<parent>	Scene Root	</parent>
		<transform>
			<row0>	0.7000 0.0000 0.0000 0.0000	</row0>
			<row1>	0.0000 0.7000 0.0000 0.0000	</row1>
			<row2>	0.0000 0.0000 0.7000 0.0000	</row2>
			<row3>	-0.0769 0.2984 -0.7841 1.0000	</row3>
		</transform>
	</node>
	<node>
		<identifier>	MP_RM066_Ammunition_Box_INDEX_4	</identifier>
		<parent>	Scene Root	</parent>
		<transform>
			<row0>	0.9537 0.0000 0.3008 0.0000	</row0>
			<row1>	0.0000 1.0000 0.0000 0.0000	</row1>
			<row2>	-0.3008 0.0000 0.9537 0.0000	</row2>
			<row3>	-0.1509 0.2961 -1.7899 1.0000	</row3>
		</transform>
	</node>
	<node>
		<identifier>	MP_RM067_Ammunition_Box	</identifier>
		<parent>	Scene Root	</parent>
		<transform>
			<row0>	0.0000 0.0000 -1.0000 0.0000	</row0>
			<row1>	0.0000 1.0000 0.0000 0.0000	</row1>
			<row2>	1.0000 0.0000 0.0000 0.0000	</row2>
			<row3>	-0.0673 0.2968 -2.2287 1.0000	</row3>
		</transform>
	</node>
	<node>
		<identifier>	MP_RM067_Ammunition_Box_INDEX_1	</identifier>
		<parent>	Scene Root	</parent>
		<transform>
			<row0>	0.0000 0.0000 1.0000 0.0000	</row0>
			<row1>	0.0000 1.0000 0.0000 0.0000	</row1>
			<row2>	-1.0000 0.0000 0.0000 0.0000	</row2>
			<row3>	0.0673 0.2968 -2.2287 1.0000	</row3>
		</transform>
	</node>
	<node>
		<identifier>	MP_RM067_Ammunition_Box_INDEX_2	</identifier>
		<parent>	Scene Root	</parent>
		<transform>
			<row0>	0.0000 0.0000 1.0000 0.0000	</row0>
			<row1>	0.0000 1.0000 0.0000 0.0000	</row1>
			<row2>	-1.0000 0.0000 0.0000 0.0000	</row2>
			<row3>	0.0516 0.2990 -0.7905 1.0000	</row3>
		</transform>
	</node>
	<node>
		<identifier>	MP_RM068_Sky_Light	</identifier>
		<parent>	Scene Root	</parent>
		<transform>
			<row0>	-1.2000 0.0000 0.0000 0.0000	</row0>
			<row1>	0.0000 1.2000 0.0000 0.0000	</row1>
			<row2>	0.0000 0.0000 -1.2000 0.0000	</row2>
			<row3>	0.1280 0.1300 -1.1326 1.0000	</row3>
		</transform>
	</node>
	<node>
		<identifier>	MP_RM068_Sky_Light_INDEX_1	</identifier>
		<parent>	Scene Root	</parent>
		<transform>
			<row0>	-1.2000 0.0000 0.0000 0.0000	</row0>
			<row1>	0.0000 1.2000 0.0000 0.0000	</row1>
			<row2>	0.0000 0.0000 -1.2000 0.0000	</row2>
			<row3>	-0.0391 0.2694 -1.8484 1.0000	</row3>
		</transform>
	</node>
	<node>
		<identifier>	MP_RM068_Sky_Light_INDEX_2	</identifier>
		<parent>	Scene Root	</parent>
		<transform>
			<row0>	-1.2000 0.0000 0.0000 0.0000	</row0>
			<row1>	0.0000 1.2000 0.0000 0.0000	</row1>
			<row2>	0.0000 0.0000 -1.2000 0.0000	</row2>
			<row3>	-0.0481 0.1257 -2.2857 1.0000	</row3>
		</transform>
	</node>
	<node>
		<identifier>	MP_RM082_Pelorus_Mk7	</identifier>
		<parent>	Scene Root	</parent>
		<transform>
			<row0>	1.0000 0.0000 0.0000 0.0000	</row0>
			<row1>	0.0000 1.0000 0.0000 0.0000	</row1>
			<row2>	0.0000 0.0000 1.0000 0.0000	</row2>
			<row3>	0.0000 0.2982 -0.9420 1.0000	</row3>
		</transform>
	</node>
	<node>
		<identifier>	MP_RM145_Turtles_Box	</identifier>
		<parent>	Scene Root	</parent>
		<transform>
			<row0>	1.0000 0.0000 0.0000 0.0000	</row0>
			<row1>	0.0000 1.0000 0.0000 0.0000	</row1>
			<row2>	0.0000 0.0000 1.0000 0.0000	</row2>
			<row3>	0.1058 0.3281 -1.0878 1.0000	</row3>
		</transform>
	</node>
	<node>
		<identifier>	MP_RM145_Turtles_Box_INDEX_1	</identifier>
		<parent>	Scene Root	</parent>
		<transform>
			<row0>	-1.0000 0.0000 0.0000 0.0000	</row0>
			<row1>	0.0000 1.0000 0.0000 0.0000	</row1>
			<row2>	0.0000 0.0000 -1.0000 0.0000	</row2>
			<row3>	-0.0933 0.2214 -2.2553 1.0000	</row3>
		</transform>
	</node>
	<node>
		<identifier>	MP_RM162_Hatch	</identifier>
		<parent>	Scene Root	</parent>
		<transform>
			<row0>	0.0000 0.0000 -0.8000 0.0000	</row0>
			<row1>	0.0000 0.8000 0.0000 0.0000	</row1>
			<row2>	0.8000 0.0000 0.0000 0.0000	</row2>
			<row3>	0.0256 0.1534 -2.3036 1.0000	</row3>
		</transform>
	</node>
	<node>
		<identifier>	MP_RM162_Hatch_INDEX_1	</identifier>
		<parent>	Scene Root	</parent>
		<transform>
			<row0>	0.0000 0.0000 -0.8000 0.0000	</row0>
			<row1>	0.0000 0.8000 0.0000 0.0000	</row1>
			<row2>	0.8000 0.0000 0.0000 0.0000	</row2>
			<row3>	0.0254 0.2954 -1.8605 1.0000	</row3>
		</transform>
	</node>
	<node>
		<identifier>	MP_RM196_Pelorus	</identifier>
		<parent>	Scene Root	</parent>
		<transform>
			<row0>	1.0000 0.0000 0.0000 0.0000	</row0>
			<row1>	0.0000 1.0000 0.0000 0.0000	</row1>
			<row2>	0.0000 0.0000 1.0000 0.0000	</row2>
			<row3>	0.0000 0.2992 -0.8757 1.0000	</row3>
		</transform>
	</node>
	<node>
		<identifier>	MP_RM214_Life_Buoy	</identifier>
		<parent>	Scene Root	</parent>
		<transform>
			<row0>	0.9269 0.0000 0.3753 0.0000	</row0>
			<row1>	0.0000 1.0000 0.0000 0.0000	</row1>
			<row2>	-0.3753 0.0000 0.9269 0.0000	</row2>
			<row3>	0.2078 0.3726 -1.0590 1.0000	</row3>
		</transform>
	</node>
	<node>
		<identifier>	MP_RM214_Life_Buoy_INDEX_1	</identifier>
		<parent>	Scene Root	</parent>
		<transform>
			<row0>	0.0426 0.0000 0.9991 0.0000	</row0>
			<row1>	0.0000 1.0000 0.0000 0.0000	</row1>
			<row2>	-0.9991 0.0000 0.0426 0.0000	</row2>
			<row3>	0.2871 0.2143 -2.1435 1.0000	</row3>
		</transform>
	</node>
	<node>
		<identifier>	MP_RM214_Life_Buoy_INDEX_2	</identifier>
		<parent>	Scene Root	</parent>
		<transform>
			<row0>	0.0000 0.0000 1.0000 0.0000	</row0>
			<row1>	0.0000 1.0000 0.0000 0.0000	</row1>
			<row2>	-1.0000 0.0000 0.0000 0.0000	</row2>
			<row3>	0.1674 0.3680 -2.0618 1.0000	</row3>
		</transform>
	</node>
	<node>
		<identifier>	MP_RM214_Life_Buoy_INDEX_3	</identifier>
		<parent>	Scene Root	</parent>
		<transform>
			<row0>	0.0187 0.0000 0.9998 0.0000	</row0>
			<row1>	0.0000 1.0000 0.0000 0.0000	</row1>
			<row2>	-0.9998 0.0000 0.0187 0.0000	</row2>
			<row3>	0.3283 0.2144 -1.0151 1.0000	</row3>
		</transform>
	</node>
	<node>
		<identifier>	MP_RM214_Life_Buoy_INDEX_4	</identifier>
		<parent>	Scene Root	</parent>
		<transform>
			<row0>	0.9269 0.0000 -0.3753 0.0000	</row0>
			<row1>	0.0000 1.0000 0.0000 0.0000	</row1>
			<row2>	0.3753 0.0000 0.9269 0.0000	</row2>
			<row3>	-0.2078 0.3723 -1.0588 1.0000	</row3>
		</transform>
	</node>
	<node>
		<identifier>	MP_RM214_Life_Buoy_INDEX_5	</identifier>
		<parent>	Scene Root	</parent>
		<transform>
			<row0>	0.0187 0.0000 -0.9998 0.0000	</row0>
			<row1>	0.0000 1.0000 0.0000 0.0000	</row1>
			<row2>	0.9998 0.0000 0.0187 0.0000	</row2>
			<row3>	-0.3283 0.2144 -1.0151 1.0000	</row3>
		</transform>
	</node>
	<node>
		<identifier>	MP_RM214_Life_Buoy_INDEX_6	</identifier>
		<parent>	Scene Root	</parent>
		<transform>
			<row0>	0.0000 0.0000 -1.0000 0.0000	</row0>
			<row1>	0.0000 1.0000 0.0000 0.0000	</row1>
			<row2>	1.0000 0.0000 0.0000 0.0000	</row2>
			<row3>	-0.1674 0.3680 -2.0618 1.0000	</row3>
		</transform>
	</node>
	<node>
		<identifier>	MP_RM214_Life_Buoy_INDEX_7	</identifier>
		<parent>	Scene Root	</parent>
		<transform>
			<row0>	0.0426 0.0000 -0.9991 0.0000	</row0>
			<row1>	0.0000 1.0000 0.0000 0.0000	</row1>
			<row2>	0.9991 0.0000 0.0426 0.0000	</row2>
			<row3>	-0.2871 0.2143 -2.1435 1.0000	</row3>
		</transform>
	</node>
	<node>
		<identifier>	MP_RM217_Ventilation_Mushroom	</identifier>
		<parent>	Scene Root	</parent>
		<transform>
			<row0>	0.0000 -1.0000 0.0000 0.0000	</row0>
			<row1>	0.6516 0.0000 0.7586 0.0000	</row1>
			<row2>	-0.7586 0.0000 0.6516 0.0000	</row2>
			<row3>	0.0918 0.2673 -1.7635 1.0000	</row3>
		</transform>
	</node>
	<node>
		<identifier>	MP_RM217_Ventilation_Mushroom_INDEX_1	</identifier>
		<parent>	Scene Root	</parent>
		<transform>
			<row0>	0.0000 1.0000 0.0000 0.0000	</row0>
			<row1>	-0.6067 0.0000 0.7949 0.0000	</row1>
			<row2>	0.7949 0.0000 0.6067 0.0000	</row2>
			<row3>	-0.1178 0.2708 -0.7818 1.0000	</row3>
		</transform>
	</node>
	<node>
		<identifier>	MP_RM217_Ventilation_Mushroom_INDEX_2	</identifier>
		<parent>	Scene Root	</parent>
		<transform>
			<row0>	0.0000 1.0000 0.0000 0.0000	</row0>
			<row1>	-0.6516 0.0000 0.7586 0.0000	</row1>
			<row2>	0.7586 0.0000 0.6516 0.0000	</row2>
			<row3>	-0.0918 0.2673 -1.7635 1.0000	</row3>
		</transform>
	</node>
	<node>
		<identifier>	MP_RM217_Ventilation_Mushroom_INDEX_3	</identifier>
		<parent>	Scene Root	</parent>
		<transform>
			<row0>	0.0000 -1.0000 0.0000 0.0000	</row0>
			<row1>	0.6067 0.0000 0.7949 0.0000	</row1>
			<row2>	-0.7949 0.0000 0.6067 0.0000	</row2>
			<row3>	0.1178 0.2708 -0.7818 1.0000	</row3>
		</transform>
	</node>
	<node>
		<identifier>	MP_RM217_Ventilation_Mushroom_INDEX_4	</identifier>
		<parent>	Scene Root	</parent>
		<transform>
			<row0>	0.0000 -1.0000 0.0000 0.0000	</row0>
			<row1>	0.0000 0.0000 -1.0000 0.0000	</row1>
			<row2>	1.0000 0.0000 0.0000 0.0000	</row2>
			<row3>	0.0946 0.2774 -1.0922 1.0000	</row3>
		</transform>
	</node>
	<node>
		<identifier>	MP_RM220_Bollard	</identifier>
		<parent>	Scene Root	</parent>
		<transform>
			<row0>	0.9995 0.0000 -0.0310 0.0000	</row0>
			<row1>	0.0000 1.0000 0.0000 0.0000	</row1>
			<row2>	0.0310 0.0000 0.9995 0.0000	</row2>
			<row3>	0.3159 0.1444 -0.8847 1.0000	</row3>
		</transform>
	</node>
	<node>
		<identifier>	MP_RM220_Bollard_INDEX_1	</identifier>
		<parent>	Scene Root	</parent>
		<transform>
			<row0>	0.9995 0.0000 -0.0310 0.0000	</row0>
			<row1>	0.0000 1.0000 0.0000 0.0000	</row1>
			<row2>	0.0310 0.0000 0.9995 0.0000	</row2>
			<row3>	0.3018 0.1444 -1.4054 1.0000	</row3>
		</transform>
	</node>
	<node>
		<identifier>	MP_RM220_Bollard_INDEX_2	</identifier>
		<parent>	Scene Root	</parent>
		<transform>
			<row0>	0.9995 0.0000 0.0310 0.0000	</row0>
			<row1>	0.0000 1.0000 0.0000 0.0000	</row1>
			<row2>	-0.0310 0.0000 0.9995 0.0000	</row2>
			<row3>	-0.3018 0.1444 -1.4054 1.0000	</row3>
		</transform>
	</node>
	<node>
		<identifier>	MP_RM220_Bollard_INDEX_3	</identifier>
		<parent>	Scene Root	</parent>
		<transform>
			<row0>	0.9995 0.0000 0.0310 0.0000	</row0>
			<row1>	0.0000 1.0000 0.0000 0.0000	</row1>
			<row2>	-0.0310 0.0000 0.9995 0.0000	</row2>
			<row3>	-0.3159 0.1444 -0.8847 1.0000	</row3>
		</transform>
	</node>
</RSD001_Gremyashchy_1942_MidBack.skel_ext>
