<GSC303_Blucher_1940_MidBack.skel_ext>
	<exported>	true	</exported>
	<node>
		<identifier>	MP_CM011_Fire_Fighting_Gear	</identifier>
		<parent>	Scene Root	</parent>
		<transform>
			<row0>	1.0000 0.0000 0.0000 0.0000	</row0>
			<row1>	0.0000 1.0000 0.0000 0.0000	</row1>
			<row2>	0.0000 0.0000 1.0000 0.0000	</row2>
			<row3>	-0.0595 0.3159 -5.7559 1.0000	</row3>
		</transform>
	</node>
	<node>
		<identifier>	MP_CM014_Fuel_Oil_Hose	</identifier>
		<parent>	Scene Root	</parent>
		<transform>
			<row0>	-1.0000 0.0000 0.0000 0.0000	</row0>
			<row1>	0.0000 1.0000 0.0000 0.0000	</row1>
			<row2>	0.0000 0.0000 -1.0000 0.0000	</row2>
			<row3>	0.5075 0.3400 -2.1800 1.0000	</row3>
		</transform>
	</node>
	<node>
		<identifier>	MP_CM014_Fuel_Oil_Hose_INDEX_1	</identifier>
		<parent>	Scene Root	</parent>
		<transform>
			<row0>	1.0000 0.0000 0.0000 0.0000	</row0>
			<row1>	0.0000 1.0000 0.0000 0.0000	</row1>
			<row2>	0.0000 0.0000 1.0000 0.0000	</row2>
			<row3>	-0.5075 0.3400 -2.1800 1.0000	</row3>
		</transform>
	</node>
	<node>
		<identifier>	MP_CM029_Emergency_Box	</identifier>
		<parent>	Scene Root	</parent>
		<transform>
			<row0>	-1.0000 0.0000 0.0000 0.0000	</row0>
			<row1>	0.0000 1.0000 0.0000 0.0000	</row1>
			<row2>	0.0000 0.0000 -1.0000 0.0000	</row2>
			<row3>	0.1796 0.6822 -2.0421 1.0000	</row3>
		</transform>
	</node>
	<node>
		<identifier>	MP_CM029_Emergency_Box_INDEX_1	</identifier>
		<parent>	Scene Root	</parent>
		<transform>
			<row0>	-1.0000 0.0000 0.0000 0.0000	</row0>
			<row1>	0.0000 1.0000 0.0000 0.0000	</row1>
			<row2>	0.0000 0.0000 -1.0000 0.0000	</row2>
			<row3>	-0.1796 0.6822 -2.0421 1.0000	</row3>
		</transform>
	</node>
	<node>
		<identifier>	MP_CM029_Emergency_Box_INDEX_2	</identifier>
		<parent>	Scene Root	</parent>
		<transform>
			<row0>	0.7276 0.0000 0.6860 0.0000	</row0>
			<row1>	0.0000 1.0000 0.0000 0.0000	</row1>
			<row2>	-0.6860 0.0000 0.7276 0.0000	</row2>
			<row3>	0.1762 0.6843 -2.5484 1.0000	</row3>
		</transform>
	</node>
	<node>
		<identifier>	MP_CM029_Emergency_Box_INDEX_3	</identifier>
		<parent>	Scene Root	</parent>
		<transform>
			<row0>	0.5615 0.0000 0.8275 0.0000	</row0>
			<row1>	0.0000 1.0000 0.0000 0.0000	</row1>
			<row2>	-0.8275 0.0000 0.5615 0.0000	</row2>
			<row3>	0.2678 0.5367 -2.7967 1.0000	</row3>
		</transform>
	</node>
	<node>
		<identifier>	MP_CM029_Emergency_Box_INDEX_4	</identifier>
		<parent>	Scene Root	</parent>
		<transform>
			<row0>	0.5615 0.0000 -0.8275 0.0000	</row0>
			<row1>	0.0000 1.0000 0.0000 0.0000	</row1>
			<row2>	0.8275 0.0000 0.5615 0.0000	</row2>
			<row3>	-0.2678 0.5367 -2.7967 1.0000	</row3>
		</transform>
	</node>
	<node>
		<identifier>	MP_CM029_Emergency_Box_INDEX_5	</identifier>
		<parent>	Scene Root	</parent>
		<transform>
			<row0>	0.7276 0.0000 -0.6860 0.0000	</row0>
			<row1>	0.0000 1.0000 0.0000 0.0000	</row1>
			<row2>	0.6860 0.0000 0.7276 0.0000	</row2>
			<row3>	-0.1762 0.6843 -2.5484 1.0000	</row3>
		</transform>
	</node>
	<node>
		<identifier>	MP_CM029_Emergency_Box_INDEX_6	</identifier>
		<parent>	Scene Root	</parent>
		<transform>
			<row0>	-0.5299 0.0000 0.8480 0.0000	</row0>
			<row1>	0.0000 1.0000 0.0000 0.0000	</row1>
			<row2>	-0.8480 0.0000 -0.5299 0.0000	</row2>
			<row3>	0.2429 0.5414 -2.0755 1.0000	</row3>
		</transform>
	</node>
	<node>
		<identifier>	MP_CM029_Emergency_Box_INDEX_7	</identifier>
		<parent>	Scene Root	</parent>
		<transform>
			<row0>	1.0000 0.0000 0.0000 0.0000	</row0>
			<row1>	0.0000 1.0000 0.0000 0.0000	</row1>
			<row2>	0.0000 0.0000 1.0000 0.0000	</row2>
			<row3>	-0.0198 0.6766 -1.5657 1.0000	</row3>
		</transform>
	</node>
	<node>
		<identifier>	MP_CM029_Emergency_Box_INDEX_8	</identifier>
		<parent>	Scene Root	</parent>
		<transform>
			<row0>	-0.5299 0.0000 -0.8480 0.0000	</row0>
			<row1>	0.0000 1.0000 0.0000 0.0000	</row1>
			<row2>	0.8480 0.0000 -0.5299 0.0000	</row2>
			<row3>	-0.2429 0.5414 -2.0755 1.0000	</row3>
		</transform>
	</node>
	<node>
		<identifier>	MP_CM030_Swab_Rack_2	</identifier>
		<parent>	Scene Root	</parent>
		<transform>
			<row0>	-1.0000 0.0000 0.0000 0.0000	</row0>
			<row1>	0.0000 1.0000 0.0000 0.0000	</row1>
			<row2>	0.0000 0.0000 -1.0000 0.0000	</row2>
			<row3>	0.2884 0.3068 -1.1875 1.0000	</row3>
		</transform>
	</node>
	<node>
		<identifier>	MP_CM030_Swab_Rack_2_INDEX_1	</identifier>
		<parent>	Scene Root	</parent>
		<transform>
			<row0>	-1.0000 0.0000 0.0000 0.0000	</row0>
			<row1>	0.0000 1.0000 0.0000 0.0000	</row1>
			<row2>	0.0000 0.0000 -1.0000 0.0000	</row2>
			<row3>	-0.2884 0.3068 -1.1875 1.0000	</row3>
		</transform>
	</node>
	<node>
		<identifier>	MP_CM051_Fire_Fighting_Gear	</identifier>
		<parent>	Scene Root	</parent>
		<transform>
			<row0>	0.8304 0.0051 -0.5571 0.0000	</row0>
			<row1>	0.0001 -1.0000 -0.0089 0.0000	</row1>
			<row2>	-0.5571 0.0073 -0.8304 0.0000	</row2>
			<row3>	0.4612 0.3314 -3.0271 1.0000	</row3>
		</transform>
	</node>
	<node>
		<identifier>	MP_CM051_Fire_Fighting_Gear_INDEX_1	</identifier>
		<parent>	Scene Root	</parent>
		<transform>
			<row0>	1.0000 0.0000 0.0000 0.0000	</row0>
			<row1>	0.0000 1.0000 0.0000 0.0000	</row1>
			<row2>	0.0000 0.0000 1.0000 0.0000	</row2>
			<row3>	0.2401 0.6400 -2.2017 1.0000	</row3>
		</transform>
	</node>
	<node>
		<identifier>	MP_CM051_Fire_Fighting_Gear_INDEX_2	</identifier>
		<parent>	Scene Root	</parent>
		<transform>
			<row0>	1.0000 0.0000 0.0000 0.0000	</row0>
			<row1>	0.0000 1.0000 0.0000 0.0000	</row1>
			<row2>	0.0000 0.0000 1.0000 0.0000	</row2>
			<row3>	0.3189 0.4933 -2.4776 1.0000	</row3>
		</transform>
	</node>
	<node>
		<identifier>	MP_CM051_Fire_Fighting_Gear_INDEX_3	</identifier>
		<parent>	Scene Root	</parent>
		<transform>
			<row0>	-1.0000 0.0000 0.0000 0.0000	</row0>
			<row1>	0.0000 -1.0000 0.0000 0.0000	</row1>
			<row2>	0.0000 0.0000 1.0000 0.0000	</row2>
			<row3>	-0.2401 0.6400 -2.2017 1.0000	</row3>
		</transform>
	</node>
	<node>
		<identifier>	MP_CM051_Fire_Fighting_Gear_INDEX_4	</identifier>
		<parent>	Scene Root	</parent>
		<transform>
			<row0>	-1.0000 0.0000 0.0000 0.0000	</row0>
			<row1>	0.0000 -1.0000 0.0000 0.0000	</row1>
			<row2>	0.0000 0.0000 1.0000 0.0000	</row2>
			<row3>	-0.3189 0.4933 -2.4776 1.0000	</row3>
		</transform>
	</node>
	<node>
		<identifier>	MP_CM051_Fire_Fighting_Gear_INDEX_5	</identifier>
		<parent>	Scene Root	</parent>
		<transform>
			<row0>	-0.8304 0.0051 -0.5571 0.0000	</row0>
			<row1>	-0.0001 -1.0000 -0.0089 0.0000	</row1>
			<row2>	-0.5571 -0.0073 0.8304 0.0000	</row2>
			<row3>	-0.4482 0.3316 -3.0465 1.0000	</row3>
		</transform>
	</node>
	<node>
		<identifier>	MP_CM093_Rope	</identifier>
		<parent>	Scene Root	</parent>
		<transform>
			<row0>	0.4490 0.0143 0.0265 0.0000	</row0>
			<row1>	-0.0162 0.4486 0.0312 0.0000	</row1>
			<row2>	-0.0254 -0.0321 0.4481 0.0000	</row2>
			<row3>	-0.0840 0.8278 -1.6538 1.0000	</row3>
		</transform>
	</node>
	<node>
		<identifier>	MP_CM093_Rope_INDEX_1	</identifier>
		<parent>	Scene Root	</parent>
		<transform>
			<row0>	0.0011 -0.0086 0.4499 0.0000	</row0>
			<row1>	-0.0039 0.4499 0.0086 0.0000	</row1>
			<row2>	-0.4500 -0.0040 0.0010 0.0000	</row2>
			<row3>	0.1500 0.8278 -1.7130 1.0000	</row3>
		</transform>
	</node>
	<node>
		<identifier>	MP_CM093_Rope_INDEX_10	</identifier>
		<parent>	Scene Root	</parent>
		<transform>
			<row0>	0.5934 0.0000 0.0888 0.0000	</row0>
			<row1>	0.0000 0.6000 0.0000 0.0000	</row1>
			<row2>	-0.0888 0.0000 0.5934 0.0000	</row2>
			<row3>	-0.4242 0.3516 -5.5244 1.0000	</row3>
		</transform>
	</node>
	<node>
		<identifier>	MP_CM093_Rope_INDEX_11	</identifier>
		<parent>	Scene Root	</parent>
		<transform>
			<row0>	-0.0015 0.0000 0.4750 0.0000	</row0>
			<row1>	0.0099 0.4749 0.0000 0.0000	</row1>
			<row2>	-0.4749 0.0099 -0.0015 0.0000	</row2>
			<row3>	0.0445 0.8282 -1.7127 1.0000	</row3>
		</transform>
	</node>
	<node>
		<identifier>	MP_CM093_Rope_INDEX_12	</identifier>
		<parent>	Scene Root	</parent>
		<transform>
			<row0>	0.5934 0.0000 -0.0888 0.0000	</row0>
			<row1>	0.0000 0.6000 0.0000 0.0000	</row1>
			<row2>	0.0888 0.0000 0.5934 0.0000	</row2>
			<row3>	0.4242 0.3516 -5.5244 1.0000	</row3>
		</transform>
	</node>
	<node>
		<identifier>	MP_CM093_Rope_INDEX_13	</identifier>
		<parent>	Scene Root	</parent>
		<transform>
			<row0>	-0.0057 -0.0118 0.5498 0.0000	</row0>
			<row1>	-0.0147 0.5497 0.0117 0.0000	</row1>
			<row2>	-0.5498 -0.0146 -0.0061 0.0000	</row2>
			<row3>	-0.0557 0.8278 -1.7136 1.0000	</row3>
		</transform>
	</node>
	<node>
		<identifier>	MP_CM093_Rope_INDEX_14	</identifier>
		<parent>	Scene Root	</parent>
		<transform>
			<row0>	0.4270 -0.0126 0.2417 0.0000	</row0>
			<row1>	0.0138 0.4906 0.0013 0.0000	</row1>
			<row2>	-0.2417 0.0056 0.4272 0.0000	</row2>
			<row3>	0.2032 1.0945 -1.2751 1.0000	</row3>
		</transform>
	</node>
	<node>
		<identifier>	MP_CM093_Rope_INDEX_15	</identifier>
		<parent>	Scene Root	</parent>
		<transform>
			<row0>	-0.6486 0.0000 -0.0419 0.0000	</row0>
			<row1>	0.0000 0.6500 0.0000 0.0000	</row1>
			<row2>	0.0419 0.0000 -0.6486 0.0000	</row2>
			<row3>	-0.4584 0.3524 -5.2443 1.0000	</row3>
		</transform>
	</node>
	<node>
		<identifier>	MP_CM093_Rope_INDEX_16	</identifier>
		<parent>	Scene Root	</parent>
		<transform>
			<row0>	0.4499 0.0045 -0.0050 0.0000	</row0>
			<row1>	-0.0042 0.4494 0.0231 0.0000	</row1>
			<row2>	0.0053 -0.0231 0.4494 0.0000	</row2>
			<row3>	-0.1707 0.8276 -1.6391 1.0000	</row3>
		</transform>
	</node>
	<node>
		<identifier>	MP_CM093_Rope_INDEX_17	</identifier>
		<parent>	Scene Root	</parent>
		<transform>
			<row0>	0.0097 0.0036 0.5249 0.0000	</row0>
			<row1>	0.0015 0.5250 -0.0037 0.0000	</row1>
			<row2>	-0.5249 0.0016 0.0097 0.0000	</row2>
			<row3>	-0.1447 0.8417 -2.0490 1.0000	</row3>
		</transform>
	</node>
	<node>
		<identifier>	MP_CM093_Rope_INDEX_18	</identifier>
		<parent>	Scene Root	</parent>
		<transform>
			<row0>	0.4905 -0.0172 0.0067 0.0000	</row0>
			<row1>	0.0162 0.4868 0.0604 0.0000	</row1>
			<row2>	-0.0088 -0.0601 0.4870 0.0000	</row2>
			<row3>	-0.1706 0.8287 -1.7010 1.0000	</row3>
		</transform>
	</node>
	<node>
		<identifier>	MP_CM093_Rope_INDEX_19	</identifier>
		<parent>	Scene Root	</parent>
		<transform>
			<row0>	-0.4906 -0.0126 -0.0016 0.0000	</row0>
			<row1>	-0.0126 0.4905 -0.0126 0.0000	</row1>
			<row2>	0.0019 -0.0126 -0.4906 0.0000	</row2>
			<row3>	-0.0834 0.8283 -1.6645 1.0000	</row3>
		</transform>
	</node>
	<node>
		<identifier>	MP_CM093_Rope_INDEX_2	</identifier>
		<parent>	Scene Root	</parent>
		<transform>
			<row0>	-0.6486 0.0000 0.0419 0.0000	</row0>
			<row1>	0.0000 0.6500 0.0000 0.0000	</row1>
			<row2>	-0.0419 0.0000 -0.6486 0.0000	</row2>
			<row3>	0.4584 0.3524 -5.2443 1.0000	</row3>
		</transform>
	</node>
	<node>
		<identifier>	MP_CM093_Rope_INDEX_20	</identifier>
		<parent>	Scene Root	</parent>
		<transform>
			<row0>	0.0097 -0.0036 -0.5249 0.0000	</row0>
			<row1>	-0.0015 0.5250 -0.0037 0.0000	</row1>
			<row2>	0.5249 0.0016 0.0097 0.0000	</row2>
			<row3>	0.1447 0.8417 -2.0490 1.0000	</row3>
		</transform>
	</node>
	<node>
		<identifier>	MP_CM093_Rope_INDEX_21	</identifier>
		<parent>	Scene Root	</parent>
		<transform>
			<row0>	-0.0015 0.0000 -0.4750 0.0000	</row0>
			<row1>	-0.0099 0.4749 0.0000 0.0000	</row1>
			<row2>	0.4749 0.0099 -0.0015 0.0000	</row2>
			<row3>	-0.0445 0.8282 -1.7127 1.0000	</row3>
		</transform>
	</node>
	<node>
		<identifier>	MP_CM093_Rope_INDEX_22	</identifier>
		<parent>	Scene Root	</parent>
		<transform>
			<row0>	0.4490 -0.0143 -0.0265 0.0000	</row0>
			<row1>	0.0162 0.4486 0.0312 0.0000	</row1>
			<row2>	0.0254 -0.0321 0.4481 0.0000	</row2>
			<row3>	0.0840 0.8278 -1.6538 1.0000	</row3>
		</transform>
	</node>
	<node>
		<identifier>	MP_CM093_Rope_INDEX_23	</identifier>
		<parent>	Scene Root	</parent>
		<transform>
			<row0>	-0.4906 0.0126 0.0016 0.0000	</row0>
			<row1>	0.0126 0.4905 -0.0126 0.0000	</row1>
			<row2>	-0.0019 -0.0126 -0.4906 0.0000	</row2>
			<row3>	0.0834 0.8283 -1.6645 1.0000	</row3>
		</transform>
	</node>
	<node>
		<identifier>	MP_CM093_Rope_INDEX_24	</identifier>
		<parent>	Scene Root	</parent>
		<transform>
			<row0>	0.4905 0.0172 -0.0067 0.0000	</row0>
			<row1>	-0.0162 0.4868 0.0604 0.0000	</row1>
			<row2>	0.0088 -0.0601 0.4870 0.0000	</row2>
			<row3>	0.1706 0.8287 -1.7010 1.0000	</row3>
		</transform>
	</node>
	<node>
		<identifier>	MP_CM093_Rope_INDEX_25	</identifier>
		<parent>	Scene Root	</parent>
		<transform>
			<row0>	-0.0259 -0.0549 0.5466 0.0000	</row0>
			<row1>	-0.0189 0.5470 0.0541 0.0000	</row1>
			<row2>	-0.5491 -0.0163 -0.0276 0.0000	</row2>
			<row3>	-0.1413 0.8280 -1.7134 1.0000	</row3>
		</transform>
	</node>
	<node>
		<identifier>	MP_CM093_Rope_INDEX_3	</identifier>
		<parent>	Scene Root	</parent>
		<transform>
			<row0>	-0.5498 0.0128 0.0042 0.0000	</row0>
			<row1>	0.0128 0.5498 -0.0083 0.0000	</row1>
			<row2>	-0.0044 -0.0082 -0.5499 0.0000	</row2>
			<row3>	-0.1702 0.8286 -1.6933 1.0000	</row3>
		</transform>
	</node>
	<node>
		<identifier>	MP_CM093_Rope_INDEX_4	</identifier>
		<parent>	Scene Root	</parent>
		<transform>
			<row0>	0.0011 0.0086 -0.4499 0.0000	</row0>
			<row1>	0.0039 0.4499 0.0086 0.0000	</row1>
			<row2>	0.4500 -0.0040 0.0010 0.0000	</row2>
			<row3>	-0.1500 0.8278 -1.7130 1.0000	</row3>
		</transform>
	</node>
	<node>
		<identifier>	MP_CM093_Rope_INDEX_5	</identifier>
		<parent>	Scene Root	</parent>
		<transform>
			<row0>	0.4499 -0.0045 0.0050 0.0000	</row0>
			<row1>	0.0042 0.4494 0.0231 0.0000	</row1>
			<row2>	-0.0053 -0.0231 0.4494 0.0000	</row2>
			<row3>	0.1707 0.8276 -1.6391 1.0000	</row3>
		</transform>
	</node>
	<node>
		<identifier>	MP_CM093_Rope_INDEX_6	</identifier>
		<parent>	Scene Root	</parent>
		<transform>
			<row0>	-0.0259 0.0549 -0.5466 0.0000	</row0>
			<row1>	0.0189 0.5470 0.0541 0.0000	</row1>
			<row2>	0.5491 -0.0163 -0.0276 0.0000	</row2>
			<row3>	0.1413 0.8280 -1.7134 1.0000	</row3>
		</transform>
	</node>
	<node>
		<identifier>	MP_CM093_Rope_INDEX_7	</identifier>
		<parent>	Scene Root	</parent>
		<transform>
			<row0>	0.4270 0.0126 -0.2417 0.0000	</row0>
			<row1>	-0.0138 0.4906 0.0013 0.0000	</row1>
			<row2>	0.2417 0.0056 0.4272 0.0000	</row2>
			<row3>	-0.2032 1.0945 -1.2751 1.0000	</row3>
		</transform>
	</node>
	<node>
		<identifier>	MP_CM093_Rope_INDEX_8	</identifier>
		<parent>	Scene Root	</parent>
		<transform>
			<row0>	-0.5498 -0.0128 -0.0042 0.0000	</row0>
			<row1>	-0.0128 0.5498 -0.0083 0.0000	</row1>
			<row2>	0.0044 -0.0082 -0.5499 0.0000	</row2>
			<row3>	0.1702 0.8286 -1.6933 1.0000	</row3>
		</transform>
	</node>
	<node>
		<identifier>	MP_CM093_Rope_INDEX_9	</identifier>
		<parent>	Scene Root	</parent>
		<transform>
			<row0>	-0.0057 0.0118 -0.5498 0.0000	</row0>
			<row1>	0.0147 0.5497 0.0117 0.0000	</row1>
			<row2>	0.5498 -0.0146 -0.0061 0.0000	</row2>
			<row3>	0.0557 0.8278 -1.7136 1.0000	</row3>
		</transform>
	</node>
	<node>
		<identifier>	MP_CM094_Propeller3_L	</identifier>
		<parent>	Scene Root	</parent>
		<transform>
			<row0>	0.9506 0.0002 -0.0348 0.0000	</row0>
			<row1>	-0.0006 0.9511 -0.0116 0.0000	</row1>
			<row2>	0.0348 0.0116 0.9505 0.0000	</row2>
			<row3>	-0.3703 -0.3634 -5.1995 1.0000	</row3>
		</transform>
	</node>
	<node>
		<identifier>	MP_CM094_Propeller3_L_INDEX_1	</identifier>
		<parent>	Scene Root	</parent>
		<transform>
			<row0>	0.9482 0.0000 0.0000 0.0000	</row0>
			<row1>	0.0000 0.9465 -0.0566 0.0000	</row1>
			<row2>	0.0000 0.0566 0.9465 0.0000	</row2>
			<row3>	0.0000 -0.4467 -5.4178 1.0000	</row3>
		</transform>
	</node>
	<node>
		<identifier>	MP_CM095_Propeller3_R	</identifier>
		<parent>	Scene Root	</parent>
		<transform>
			<row0>	0.9506 0.0002 0.0348 0.0000	</row0>
			<row1>	0.0002 0.9511 -0.0116 0.0000	</row1>
			<row2>	-0.0348 0.0116 0.9505 0.0000	</row2>
			<row3>	0.3703 -0.3634 -5.1995 1.0000	</row3>
		</transform>
	</node>
	<node>
		<identifier>	MP_CM097_Stairway	</identifier>
		<parent>	Scene Root	</parent>
		<transform>
			<row0>	0.0001 -1.0000 0.0020 0.0000	</row0>
			<row1>	0.9987 0.0000 -0.0504 0.0000	</row1>
			<row2>	0.0504 0.0020 0.9987 0.0000	</row2>
			<row3>	0.6108 0.3212 -3.5564 1.0000	</row3>
		</transform>
	</node>
	<node>
		<identifier>	MP_CM097_Stairway_INDEX_1	</identifier>
		<parent>	Scene Root	</parent>
		<transform>
			<row0>	0.0001 1.0000 -0.0020 0.0000	</row0>
			<row1>	-0.9987 0.0000 -0.0504 0.0000	</row1>
			<row2>	-0.0504 0.0020 0.9987 0.0000	</row2>
			<row3>	-0.6108 0.3212 -3.5564 1.0000	</row3>
		</transform>
	</node>
	<node>
		<identifier>	MP_CM109_Leadsman_Platform	</identifier>
		<parent>	Scene Root	</parent>
		<transform>
			<row0>	-0.0507 0.0135 -0.9986 0.0000	</row0>
			<row1>	0.9987 0.0000 -0.0507 0.0000	</row1>
			<row2>	-0.0007 -0.9999 -0.0135 0.0000	</row2>
			<row3>	0.6116 0.3212 -3.7645 1.0000	</row3>
		</transform>
	</node>
	<node>
		<identifier>	MP_CM109_Leadsman_Platform_INDEX_1	</identifier>
		<parent>	Scene Root	</parent>
		<transform>
			<row0>	-0.0507 -0.0135 0.9986 0.0000	</row0>
			<row1>	-0.9987 0.0000 -0.0507 0.0000	</row1>
			<row2>	0.0007 -0.9999 -0.0135 0.0000	</row2>
			<row3>	-0.6116 0.3212 -3.7645 1.0000	</row3>
		</transform>
	</node>
	<node>
		<identifier>	MP_CM112_Fire_Extinguisher	</identifier>
		<parent>	Scene Root	</parent>
		<transform>
			<row0>	-1.0000 0.0000 0.0000 0.0000	</row0>
			<row1>	0.0000 1.0000 0.0000 0.0000	</row1>
			<row2>	0.0000 0.0000 -1.0000 0.0000	</row2>
			<row3>	0.3250 0.5419 -2.6840 1.0000	</row3>
		</transform>
	</node>
	<node>
		<identifier>	MP_CM112_Fire_Extinguisher_INDEX_1	</identifier>
		<parent>	Scene Root	</parent>
		<transform>
			<row0>	-1.0000 0.0000 0.0013 0.0000	</row0>
			<row1>	0.0000 1.0000 0.0000 0.0000	</row1>
			<row2>	-0.0013 0.0000 -1.0000 0.0000	</row2>
			<row3>	0.3004 0.3731 -1.5760 1.0000	</row3>
		</transform>
	</node>
	<node>
		<identifier>	MP_CM112_Fire_Extinguisher_INDEX_2	</identifier>
		<parent>	Scene Root	</parent>
		<transform>
			<row0>	1.0000 0.0000 0.0000 0.0000	</row0>
			<row1>	0.0000 1.0000 0.0000 0.0000	</row1>
			<row2>	0.0000 0.0000 1.0000 0.0000	</row2>
			<row3>	-0.3250 0.5419 -2.6840 1.0000	</row3>
		</transform>
	</node>
	<node>
		<identifier>	MP_CM112_Fire_Extinguisher_INDEX_3	</identifier>
		<parent>	Scene Root	</parent>
		<transform>
			<row0>	0.9292 0.0000 -0.3696 0.0000	</row0>
			<row1>	0.0000 1.0000 0.0000 0.0000	</row1>
			<row2>	0.3696 0.0000 0.9292 0.0000	</row2>
			<row3>	0.0713 0.8352 -2.4844 1.0000	</row3>
		</transform>
	</node>
	<node>
		<identifier>	MP_GM001_Paravane	</identifier>
		<parent>	Scene Root	</parent>
		<transform>
			<row0>	-0.0267 -0.9994 0.0230 0.0000	</row0>
			<row1>	-0.7324 0.0353 0.6799 0.0000	</row1>
			<row2>	-0.6803 0.0013 -0.7329 0.0000	</row2>
			<row3>	0.1698 0.4254 -3.5653 1.0000	</row3>
		</transform>
	</node>
	<node>
		<identifier>	MP_GM001_Paravane_INDEX_1	</identifier>
		<parent>	Scene Root	</parent>
		<transform>
			<row0>	-0.0267 0.9994 -0.0230 0.0000	</row0>
			<row1>	0.7324 0.0353 0.6799 0.0000	</row1>
			<row2>	0.6803 0.0013 -0.7329 0.0000	</row2>
			<row3>	-0.1698 0.4254 -3.5653 1.0000	</row3>
		</transform>
	</node>
	<node>
		<identifier>	MP_GM008_Loudspeaker	</identifier>
		<parent>	Scene Root	</parent>
		<transform>
			<row0>	0.8282 0.0000 -0.5605 0.0000	</row0>
			<row1>	0.0000 1.0000 0.0000 0.0000	</row1>
			<row2>	0.5605 0.0000 0.8282 0.0000	</row2>
			<row3>	0.2813 0.4470 -3.2965 1.0000	</row3>
		</transform>
	</node>
	<node>
		<identifier>	MP_GM008_Loudspeaker_INDEX_1	</identifier>
		<parent>	Scene Root	</parent>
		<transform>
			<row0>	-0.8282 0.0000 -0.5605 0.0000	</row0>
			<row1>	0.0000 1.0000 0.0000 0.0000	</row1>
			<row2>	0.5605 0.0000 -0.8282 0.0000	</row2>
			<row3>	-0.2813 0.4470 -3.2965 1.0000	</row3>
		</transform>
	</node>
	<node>
		<identifier>	MP_GM013_Siren	</identifier>
		<parent>	Scene Root	</parent>
		<transform>
			<row0>	-1.0000 0.0000 0.0000 0.0000	</row0>
			<row1>	0.0000 1.0000 0.0000 0.0000	</row1>
			<row2>	0.0000 0.0000 -1.0000 0.0000	</row2>
			<row3>	0.0000 0.7527 -1.0309 1.0000	</row3>
		</transform>
	</node>
	<node>
		<identifier>	MP_GM013_Siren_INDEX_1	</identifier>
		<parent>	Scene Root	</parent>
		<transform>
			<row0>	1.0000 0.0000 0.0000 0.0000	</row0>
			<row1>	0.0000 1.0000 0.0000 0.0000	</row1>
			<row2>	0.0000 0.0000 1.0000 0.0000	</row2>
			<row3>	0.0000 0.8864 -2.1459 1.0000	</row3>
		</transform>
	</node>
	<node>
		<identifier>	MP_GM016_Sleeve	</identifier>
		<parent>	Scene Root	</parent>
		<transform>
			<row0>	0.0000 0.0000 1.0000 0.0000	</row0>
			<row1>	0.0000 1.0000 0.0000 0.0000	</row1>
			<row2>	-1.0000 0.0000 0.0000 0.0000	</row2>
			<row3>	-0.3193 0.5044 -2.5081 1.0000	</row3>
		</transform>
	</node>
	<node>
		<identifier>	MP_GM016_Sleeve_INDEX_1	</identifier>
		<parent>	Scene Root	</parent>
		<transform>
			<row0>	0.0000 0.0000 -1.0000 0.0000	</row0>
			<row1>	0.0000 1.0000 0.0000 0.0000	</row1>
			<row2>	1.0000 0.0000 0.0000 0.0000	</row2>
			<row3>	0.2403 0.6563 -2.2330 1.0000	</row3>
		</transform>
	</node>
	<node>
		<identifier>	MP_GM016_Sleeve_INDEX_2	</identifier>
		<parent>	Scene Root	</parent>
		<transform>
			<row0>	0.0000 0.0000 1.0000 0.0000	</row0>
			<row1>	0.0000 1.0000 0.0000 0.0000	</row1>
			<row2>	-1.0000 0.0000 0.0000 0.0000	</row2>
			<row3>	-0.2403 0.6563 -2.2330 1.0000	</row3>
		</transform>
	</node>
	<node>
		<identifier>	MP_GM016_Sleeve_INDEX_3	</identifier>
		<parent>	Scene Root	</parent>
		<transform>
			<row0>	-0.5539 0.0000 0.8326 0.0000	</row0>
			<row1>	0.0000 1.0000 0.0000 0.0000	</row1>
			<row2>	-0.8326 0.0000 -0.5539 0.0000	</row2>
			<row3>	-0.4336 0.3479 -3.0683 1.0000	</row3>
		</transform>
	</node>
	<node>
		<identifier>	MP_GM016_Sleeve_INDEX_4	</identifier>
		<parent>	Scene Root	</parent>
		<transform>
			<row0>	0.0000 0.0000 -1.0000 0.0000	</row0>
			<row1>	0.0000 1.0000 0.0000 0.0000	</row1>
			<row2>	1.0000 0.0000 0.0000 0.0000	</row2>
			<row3>	0.3193 0.5044 -2.5081 1.0000	</row3>
		</transform>
	</node>
	<node>
		<identifier>	MP_GM016_Sleeve_INDEX_5	</identifier>
		<parent>	Scene Root	</parent>
		<transform>
			<row0>	-0.5539 0.0000 -0.8326 0.0000	</row0>
			<row1>	0.0000 1.0000 0.0000 0.0000	</row1>
			<row2>	0.8326 0.0000 -0.5539 0.0000	</row2>
			<row3>	0.4336 0.3479 -3.0683 1.0000	</row3>
		</transform>
	</node>
	<node>
		<identifier>	MP_GM024_Night_Indicator	</identifier>
		<parent>	Scene Root	</parent>
		<transform>
			<row0>	-1.0000 0.0000 0.0000 0.0000	</row0>
			<row1>	0.0000 1.0000 0.0000 0.0000	</row1>
			<row2>	0.0000 0.0000 -1.0000 0.0000	</row2>
			<row3>	0.0000 1.6141 -1.3036 1.0000	</row3>
		</transform>
	</node>
	<node>
		<identifier>	MP_GM034_Turtles_box	</identifier>
		<parent>	Scene Root	</parent>
		<transform>
			<row0>	0.0000 0.0000 -1.0000 0.0000	</row0>
			<row1>	0.0000 1.0000 0.0000 0.0000	</row1>
			<row2>	1.0000 0.0000 0.0000 0.0000	</row2>
			<row3>	0.0648 0.6684 -2.7446 1.0000	</row3>
		</transform>
	</node>
	<node>
		<identifier>	MP_GM034_Turtles_box_INDEX_1	</identifier>
		<parent>	Scene Root	</parent>
		<transform>
			<row0>	0.5299 0.0000 -0.8480 0.0000	</row0>
			<row1>	0.0000 1.0000 0.0000 0.0000	</row1>
			<row2>	0.8480 0.0000 0.5299 0.0000	</row2>
			<row3>	0.3085 0.5251 -2.1913 1.0000	</row3>
		</transform>
	</node>
	<node>
		<identifier>	MP_GM034_Turtles_box_INDEX_2	</identifier>
		<parent>	Scene Root	</parent>
		<transform>
			<row0>	0.0000 0.0000 1.0000 0.0000	</row0>
			<row1>	0.0000 1.0000 0.0000 0.0000	</row1>
			<row2>	-1.0000 0.0000 0.0000 0.0000	</row2>
			<row3>	-0.0648 0.6684 -2.7446 1.0000	</row3>
		</transform>
	</node>
	<node>
		<identifier>	MP_GM034_Turtles_box_INDEX_3	</identifier>
		<parent>	Scene Root	</parent>
		<transform>
			<row0>	0.5299 0.0000 0.8480 0.0000	</row0>
			<row1>	0.0000 1.0000 0.0000 0.0000	</row1>
			<row2>	-0.8480 0.0000 0.5299 0.0000	</row2>
			<row3>	-0.3085 0.5251 -2.1913 1.0000	</row3>
		</transform>
	</node>
	<node>
		<identifier>	MP_GM034_Turtles_box_INDEX_4	</identifier>
		<parent>	Scene Root	</parent>
		<transform>
			<row0>	1.0000 0.0000 0.0000 0.0000	</row0>
			<row1>	0.0000 1.0000 0.0000 0.0000	</row1>
			<row2>	0.0000 0.0000 1.0000 0.0000	</row2>
			<row3>	0.2150 0.6669 -2.0451 1.0000	</row3>
		</transform>
	</node>
	<node>
		<identifier>	MP_GM034_Turtles_box_INDEX_5	</identifier>
		<parent>	Scene Root	</parent>
		<transform>
			<row0>	-0.5645 0.0000 0.8255 0.0000	</row0>
			<row1>	0.0000 1.0000 0.0000 0.0000	</row1>
			<row2>	-0.8255 0.0000 -0.5645 0.0000	</row2>
			<row3>	-0.2851 0.5118 -2.7632 1.0000	</row3>
		</transform>
	</node>
	<node>
		<identifier>	MP_GM034_Turtles_box_INDEX_6	</identifier>
		<parent>	Scene Root	</parent>
		<transform>
			<row0>	1.0000 0.0000 0.0000 0.0000	</row0>
			<row1>	0.0000 1.0000 0.0000 0.0000	</row1>
			<row2>	0.0000 0.0000 1.0000 0.0000	</row2>
			<row3>	-0.2150 0.6669 -2.0451 1.0000	</row3>
		</transform>
	</node>
	<node>
		<identifier>	MP_GM034_Turtles_box_INDEX_7	</identifier>
		<parent>	Scene Root	</parent>
		<transform>
			<row0>	-0.5645 0.0000 -0.8255 0.0000	</row0>
			<row1>	0.0000 1.0000 0.0000 0.0000	</row1>
			<row2>	0.8255 0.0000 -0.5645 0.0000	</row2>
			<row3>	0.2851 0.5118 -2.7632 1.0000	</row3>
		</transform>
	</node>
	<node>
		<identifier>	MP_GM035_LifeBuoy_Mount	</identifier>
		<parent>	Scene Root	</parent>
		<transform>
			<row0>	-0.8320 0.0000 0.5548 0.0000	</row0>
			<row1>	0.0000 1.0000 0.0000 0.0000	</row1>
			<row2>	-0.5548 0.0000 -0.8320 0.0000	</row2>
			<row3>	0.4283 0.5129 -3.0712 1.0000	</row3>
		</transform>
	</node>
	<node>
		<identifier>	MP_GM035_LifeBuoy_Mount_INDEX_1	</identifier>
		<parent>	Scene Root	</parent>
		<transform>
			<row0>	0.8320 0.0000 0.5548 0.0000	</row0>
			<row1>	0.0000 1.0000 0.0000 0.0000	</row1>
			<row2>	-0.5548 0.0000 0.8320 0.0000	</row2>
			<row3>	-0.4283 0.5129 -3.0712 1.0000	</row3>
		</transform>
	</node>
	<node>
		<identifier>	MP_GM5014_Nameplate_Blucher	</identifier>
		<parent>	Scene Root	</parent>
		<transform>
			<row0>	1.0000 0.0000 0.0000 0.0000	</row0>
			<row1>	0.0000 1.0000 0.0000 0.0000	</row1>
			<row2>	0.0000 0.0000 1.0000 0.0000	</row2>
			<row3>	0.0000 0.3021 -5.7056 1.0000	</row3>
		</transform>
	</node>
	<node>
		<identifier>	MP_GM5015_Monogramm_Blucher	</identifier>
		<parent>	Scene Root	</parent>
		<transform>
			<row0>	1.0000 0.0000 0.0000 0.0000	</row0>
			<row1>	0.0000 1.0000 0.0000 0.0000	</row1>
			<row2>	0.0000 0.0000 1.0000 0.0000	</row2>
			<row3>	0.0000 0.2159 -6.7405 1.0000	</row3>
		</transform>
	</node>
	<node>
		<identifier>	MP_GM514_Motorpinasse_9_2m	</identifier>
		<parent>	Scene Root	</parent>
		<transform>
			<row0>	1.0000 0.0000 0.0000 0.0000	</row0>
			<row1>	0.0000 1.0000 0.0000 0.0000	</row1>
			<row2>	0.0000 0.0000 1.0000 0.0000	</row2>
			<row3>	-0.3172 0.6867 -0.9634 1.0000	</row3>
		</transform>
	</node>
	<node>
		<identifier>	MP_GM516_Verksboot_4_65m	</identifier>
		<parent>	Scene Root	</parent>
		<transform>
			<row0>	0.0000 0.0000 1.0000 0.0000	</row0>
			<row1>	0.0000 1.0000 0.0000 0.0000	</row1>
			<row2>	-1.0000 0.0000 0.0000 0.0000	</row2>
			<row3>	0.0000 0.6894 -1.1033 1.0000	</row3>
		</transform>
	</node>
	<node>
		<identifier>	MP_GM520_Jolle_kl_I_6m	</identifier>
		<parent>	Scene Root	</parent>
		<transform>
			<row0>	0.0000 0.0000 1.0000 0.0000	</row0>
			<row1>	0.0000 1.0000 0.0000 0.0000	</row1>
			<row2>	-1.0000 0.0000 0.0000 0.0000	</row2>
			<row3>	0.0000 0.6680 -1.1033 1.0000	</row3>
		</transform>
	</node>
	<node>
		<identifier>	MP_GM534_Life_Boat	</identifier>
		<parent>	Scene Root	</parent>
		<transform>
			<row0>	1.0000 0.0000 0.0000 0.0000	</row0>
			<row1>	0.0000 1.0000 0.0000 0.0000	</row1>
			<row2>	0.0000 0.0000 1.0000 0.0000	</row2>
			<row3>	-0.0799 0.6424 -1.6540 1.0000	</row3>
		</transform>
	</node>
	<node>
		<identifier>	MP_GM534_Life_Boat_INDEX_1	</identifier>
		<parent>	Scene Root	</parent>
		<transform>
			<row0>	1.0000 0.0000 0.0000 0.0000	</row0>
			<row1>	0.0000 1.0000 0.0000 0.0000	</row1>
			<row2>	0.0000 0.0000 1.0000 0.0000	</row2>
			<row3>	0.0799 0.6424 -1.6540 1.0000	</row3>
		</transform>
	</node>
	<node>
		<identifier>	MP_GM534_Life_Boat_INDEX_2	</identifier>
		<parent>	Scene Root	</parent>
		<transform>
			<row0>	0.0000 1.0000 0.0000 0.0000	</row0>
			<row1>	1.0000 0.0000 0.0000 0.0000	</row1>
			<row2>	0.0000 0.0000 -1.0000 0.0000	</row2>
			<row3>	0.3007 0.3669 -1.4290 1.0000	</row3>
		</transform>
	</node>
	<node>
		<identifier>	MP_GM534_Life_Boat_INDEX_3	</identifier>
		<parent>	Scene Root	</parent>
		<transform>
			<row0>	1.0000 0.0000 0.0000 0.0000	</row0>
			<row1>	0.0000 1.0000 0.0000 0.0000	</row1>
			<row2>	0.0000 0.0000 1.0000 0.0000	</row2>
			<row3>	-0.0799 0.6158 -1.6540 1.0000	</row3>
		</transform>
	</node>
	<node>
		<identifier>	MP_GM534_Life_Boat_INDEX_4	</identifier>
		<parent>	Scene Root	</parent>
		<transform>
			<row0>	0.0000 1.0000 0.0000 0.0000	</row0>
			<row1>	0.0000 0.0000 1.0000 0.0000	</row1>
			<row2>	1.0000 0.0000 0.0000 0.0000	</row2>
			<row3>	0.0000 0.8302 -1.3161 1.0000	</row3>
		</transform>
	</node>
	<node>
		<identifier>	MP_GM534_Life_Boat_INDEX_5	</identifier>
		<parent>	Scene Root	</parent>
		<transform>
			<row0>	1.0000 0.0000 0.0000 0.0000	</row0>
			<row1>	0.0000 1.0000 0.0000 0.0000	</row1>
			<row2>	0.0000 0.0000 1.0000 0.0000	</row2>
			<row3>	0.0799 0.6158 -1.6540 1.0000	</row3>
		</transform>
	</node>
	<node>
		<identifier>	MP_GM534_Life_Boat_INDEX_6	</identifier>
		<parent>	Scene Root	</parent>
		<transform>
			<row0>	0.0000 -1.0000 0.0000 0.0000	</row0>
			<row1>	-1.0000 0.0000 0.0000 0.0000	</row1>
			<row2>	0.0000 0.0000 -1.0000 0.0000	</row2>
			<row3>	-0.3007 0.3669 -1.4290 1.0000	</row3>
		</transform>
	</node>
	<node>
		<identifier>	MP_GM536_Life_Boat_3	</identifier>
		<parent>	Scene Root	</parent>
		<transform>
			<row0>	0.0000 0.0000 -1.0000 0.0000	</row0>
			<row1>	0.0000 1.0000 0.0000 0.0000	</row1>
			<row2>	1.0000 0.0000 0.0000 0.0000	</row2>
			<row3>	-0.1828 0.7741 -2.1254 1.0000	</row3>
		</transform>
	</node>
	<node>
		<identifier>	MP_GM536_Life_Boat_3_INDEX_1	</identifier>
		<parent>	Scene Root	</parent>
		<transform>
			<row0>	0.0000 0.0000 1.0000 0.0000	</row0>
			<row1>	0.0000 1.0000 0.0000 0.0000	</row1>
			<row2>	-1.0000 0.0000 0.0000 0.0000	</row2>
			<row3>	0.1828 0.7741 -2.1254 1.0000	</row3>
		</transform>
	</node>
	<node>
		<identifier>	MP_GM549_Motorjolle_7_5m	</identifier>
		<parent>	Scene Root	</parent>
		<transform>
			<row0>	0.9957 0.0000 0.0930 0.0000	</row0>
			<row1>	0.0000 1.0000 0.0000 0.0000	</row1>
			<row2>	-0.0930 0.0000 0.9957 0.0000	</row2>
			<row3>	0.2664 0.6344 -0.8795 1.0000	</row3>
		</transform>
	</node>
	<node>
		<identifier>	MP_GM602_Switch_Box_3	</identifier>
		<parent>	Scene Root	</parent>
		<transform>
			<row0>	0.7239 0.0000 -0.6899 0.0000	</row0>
			<row1>	0.0000 1.0000 0.0000 0.0000	</row1>
			<row2>	0.6899 0.0000 0.7239 0.0000	</row2>
			<row3>	-0.1780 0.7832 -2.5356 1.0000	</row3>
		</transform>
	</node>
	<node>
		<identifier>	MP_GM602_Switch_Box_3_INDEX_1	</identifier>
		<parent>	Scene Root	</parent>
		<transform>
			<row0>	0.7239 0.0000 0.6899 0.0000	</row0>
			<row1>	0.0000 1.0000 0.0000 0.0000	</row1>
			<row2>	-0.6899 0.0000 0.7239 0.0000	</row2>
			<row3>	0.1780 0.7832 -2.5356 1.0000	</row3>
		</transform>
	</node>
	<node>
		<identifier>	MP_GM602_Switch_Box_3_INDEX_2	</identifier>
		<parent>	Scene Root	</parent>
		<transform>
			<row0>	0.8015 0.0000 -0.5980 0.0000	</row0>
			<row1>	0.0000 1.0000 0.0000 0.0000	</row1>
			<row2>	0.5980 0.0000 0.8015 0.0000	</row2>
			<row3>	-0.0307 0.8087 -2.8689 1.0000	</row3>
		</transform>
	</node>
	<node>
		<identifier>	MP_GM602_Switch_Box_3_INDEX_3	</identifier>
		<parent>	Scene Root	</parent>
		<transform>
			<row0>	0.0248 0.0000 -0.9997 0.0000	</row0>
			<row1>	0.0000 1.0000 0.0000 0.0000	</row1>
			<row2>	0.9997 0.0000 0.0248 0.0000	</row2>
			<row3>	-0.0608 0.7937 -2.7409 1.0000	</row3>
		</transform>
	</node>
	<node>
		<identifier>	MP_GM604_Switch_Box_5	</identifier>
		<parent>	Scene Root	</parent>
		<transform>
			<row0>	-0.5641 0.0000 -0.8257 0.0000	</row0>
			<row1>	-0.0010 1.0000 0.0008 0.0000	</row1>
			<row2>	0.8257 0.0013 -0.5641 0.0000	</row2>
			<row3>	0.4148 0.3535 -3.0947 1.0000	</row3>
		</transform>
	</node>
	<node>
		<identifier>	MP_GM604_Switch_Box_5_INDEX_1	</identifier>
		<parent>	Scene Root	</parent>
		<transform>
			<row0>	-0.2379 0.0000 0.9713 0.0000	</row0>
			<row1>	0.0000 1.0000 0.0000 0.0000	</row1>
			<row2>	-0.9713 0.0000 -0.2379 0.0000	</row2>
			<row3>	-0.0849 0.8207 -2.3962 1.0000	</row3>
		</transform>
	</node>
	<node>
		<identifier>	MP_GM605_Indicator	</identifier>
		<parent>	Scene Root	</parent>
		<transform>
			<row0>	0.1420 0.0000 -0.9899 0.0000	</row0>
			<row1>	0.0000 1.0000 0.0000 0.0000	</row1>
			<row2>	0.9899 0.0000 0.1420 0.0000	</row2>
			<row3>	-0.0650 0.8350 -2.6974 1.0000	</row3>
		</transform>
	</node>
	<node>
		<identifier>	MP_GM605_Indicator_INDEX_1	</identifier>
		<parent>	Scene Root	</parent>
		<transform>
			<row0>	0.7204 0.0000 0.6936 0.0000	</row0>
			<row1>	0.0000 1.0000 0.0000 0.0000	</row1>
			<row2>	-0.6936 0.0000 0.7204 0.0000	</row2>
			<row3>	0.1992 0.8096 -2.5151 1.0000	</row3>
		</transform>
	</node>
	<node>
		<identifier>	MP_GM606_MC_Box	</identifier>
		<parent>	Scene Root	</parent>
		<transform>
			<row0>	0.0000 0.0000 -1.0000 0.0000	</row0>
			<row1>	0.0000 1.0000 0.0000 0.0000	</row1>
			<row2>	1.0000 0.0000 0.0000 0.0000	</row2>
			<row3>	0.0936 0.8321 -1.4424 1.0000	</row3>
		</transform>
	</node>
	<node>
		<identifier>	MP_GM606_MC_Box_INDEX_1	</identifier>
		<parent>	Scene Root	</parent>
		<transform>
			<row0>	0.0000 0.0000 1.0000 0.0000	</row0>
			<row1>	0.0000 1.0000 0.0000 0.0000	</row1>
			<row2>	-1.0000 0.0000 0.0000 0.0000	</row2>
			<row3>	-0.0936 0.8321 -1.4424 1.0000	</row3>
		</transform>
	</node>
	<node>
		<identifier>	MP_GM607_Manometer	</identifier>
		<parent>	Scene Root	</parent>
		<transform>
			<row0>	0.1097 0.0000 0.9940 0.0000	</row0>
			<row1>	0.0000 1.0000 0.0000 0.0000	</row1>
			<row2>	-0.9940 0.0000 0.1097 0.0000	</row2>
			<row3>	0.0634 0.8367 -2.7059 1.0000	</row3>
		</transform>
	</node>
	<node>
		<identifier>	MP_GM607_Manometer_INDEX_1	</identifier>
		<parent>	Scene Root	</parent>
		<transform>
			<row0>	0.7239 0.0000 0.6899 0.0000	</row0>
			<row1>	0.0000 1.0000 0.0000 0.0000	</row1>
			<row2>	-0.6899 0.0000 0.7239 0.0000	</row2>
			<row3>	0.2226 0.8141 -2.4926 1.0000	</row3>
		</transform>
	</node>
	<node>
		<identifier>	MP_GM607_Manometer_INDEX_2	</identifier>
		<parent>	Scene Root	</parent>
		<transform>
			<row0>	0.7239 0.0000 -0.6899 0.0000	</row0>
			<row1>	0.0000 1.0000 0.0000 0.0000	</row1>
			<row2>	0.6899 0.0000 0.7239 0.0000	</row2>
			<row3>	-0.2226 0.8141 -2.4926 1.0000	</row3>
		</transform>
	</node>
	<node>
		<identifier>	MP_GM608_Bell	</identifier>
		<parent>	Scene Root	</parent>
		<transform>
			<row0>	0.7239 0.0000 -0.6899 0.0000	</row0>
			<row1>	0.0000 1.0000 0.0000 0.0000	</row1>
			<row2>	0.6899 0.0000 0.7239 0.0000	</row2>
			<row3>	-0.1952 0.8008 -2.5186 1.0000	</row3>
		</transform>
	</node>
	<node>
		<identifier>	MP_GM609_Rudder_Indicator	</identifier>
		<parent>	Scene Root	</parent>
		<transform>
			<row0>	0.8012 0.0000 0.5984 0.0000	</row0>
			<row1>	0.0000 1.0000 0.0000 0.0000	</row1>
			<row2>	-0.5984 0.0000 0.8012 0.0000	</row2>
			<row3>	0.0249 0.7532 -2.8613 1.0000	</row3>
		</transform>
	</node>
	<node>
		<identifier>	MP_GM610_Switch_Box_6	</identifier>
		<parent>	Scene Root	</parent>
		<transform>
			<row0>	-0.2259 0.0000 0.9741 0.0000	</row0>
			<row1>	0.0000 0.9001 0.0000 0.0000	</row1>
			<row2>	-0.9741 0.0000 -0.2259 0.0000	</row2>
			<row3>	-0.0824 0.8268 -2.4297 1.0000	</row3>
		</transform>
	</node>
	<node>
		<identifier>	MP_GM610_Switch_Box_6_INDEX_1	</identifier>
		<parent>	Scene Root	</parent>
		<transform>
			<row0>	0.0000 0.0000 -1.0000 0.0000	</row0>
			<row1>	0.0000 0.9001 0.0000 0.0000	</row1>
			<row2>	1.0000 0.0000 0.0000 0.0000	</row2>
			<row3>	0.0929 0.8342 -1.3672 1.0000	</row3>
		</transform>
	</node>
	<node>
		<identifier>	MP_GM610_Switch_Box_6_INDEX_2	</identifier>
		<parent>	Scene Root	</parent>
		<transform>
			<row0>	-1.0000 0.0000 0.0000 0.0000	</row0>
			<row1>	0.0000 0.9001 0.0000 0.0000	</row1>
			<row2>	0.0000 0.0000 -1.0000 0.0000	</row2>
			<row3>	0.0136 0.6747 -1.5590 1.0000	</row3>
		</transform>
	</node>
	<node>
		<identifier>	MP_GM612_Target_Giver	</identifier>
		<parent>	Scene Root	</parent>
		<transform>
			<row0>	-1.0000 0.0000 0.0000 0.0000	</row0>
			<row1>	0.0000 1.0000 0.0000 0.0000	</row1>
			<row2>	0.0000 0.0000 -1.0000 0.0000	</row2>
			<row3>	-0.0002 0.7702 -2.7140 1.0000	</row3>
		</transform>
	</node>
	<node>
		<identifier>	MP_GM612_Target_Giver_INDEX_1	</identifier>
		<parent>	Scene Root	</parent>
		<transform>
			<row0>	0.0000 0.0000 -1.0000 0.0000	</row0>
			<row1>	0.0000 1.0000 0.0000 0.0000	</row1>
			<row2>	1.0000 0.0000 0.0000 0.0000	</row2>
			<row3>	0.1941 0.7560 -2.4409 1.0000	</row3>
		</transform>
	</node>
	<node>
		<identifier>	MP_GM612_Target_Giver_INDEX_2	</identifier>
		<parent>	Scene Root	</parent>
		<transform>
			<row0>	0.0000 0.0000 1.0000 0.0000	</row0>
			<row1>	0.0000 1.0000 0.0000 0.0000	</row1>
			<row2>	-1.0000 0.0000 0.0000 0.0000	</row2>
			<row3>	-0.1941 0.7560 -2.4409 1.0000	</row3>
		</transform>
	</node>
	<node>
		<identifier>	MP_GM625_Telephone	</identifier>
		<parent>	Scene Root	</parent>
		<transform>
			<row0>	0.3719 0.0000 -0.9283 0.0000	</row0>
			<row1>	0.0000 1.0000 0.0000 0.0000	</row1>
			<row2>	0.9283 0.0000 0.3719 0.0000	</row2>
			<row3>	-0.0613 0.8444 -2.4945 1.0000	</row3>
		</transform>
	</node>
	<node>
		<identifier>	MP_GM700_AmmoBox	</identifier>
		<parent>	Scene Root	</parent>
		<transform>
			<row0>	0.5591 0.0000 0.8291 0.0000	</row0>
			<row1>	0.0000 1.0000 0.0000 0.0000	</row1>
			<row2>	-0.8291 0.0000 0.5591 0.0000	</row2>
			<row3>	0.2222 0.4652 -2.9010 1.0000	</row3>
		</transform>
	</node>
	<node>
		<identifier>	MP_GM700_AmmoBox_INDEX_1	</identifier>
		<parent>	Scene Root	</parent>
		<transform>
			<row0>	0.5591 0.0000 -0.8291 0.0000	</row0>
			<row1>	0.0000 1.0000 0.0000 0.0000	</row1>
			<row2>	0.8291 0.0000 0.5591 0.0000	</row2>
			<row3>	-0.2222 0.4652 -2.9010 1.0000	</row3>
		</transform>
	</node>
	<node>
		<identifier>	MP_GM701_AmmoBox	</identifier>
		<parent>	Scene Root	</parent>
		<transform>
			<row0>	-1.0000 0.0000 0.0000 0.0000	</row0>
			<row1>	0.0000 1.0000 0.0000 0.0000	</row1>
			<row2>	0.0000 0.0000 -1.0000 0.0000	</row2>
			<row3>	0.1042 0.6158 -2.0199 1.0000	</row3>
		</transform>
	</node>
	<node>
		<identifier>	MP_GM701_AmmoBox_INDEX_1	</identifier>
		<parent>	Scene Root	</parent>
		<transform>
			<row0>	-1.0000 0.0000 0.0000 0.0000	</row0>
			<row1>	0.0000 1.0000 0.0000 0.0000	</row1>
			<row2>	0.0000 0.0000 -1.0000 0.0000	</row2>
			<row3>	0.1660 0.4652 -2.0192 1.0000	</row3>
		</transform>
	</node>
	<node>
		<identifier>	MP_GM701_AmmoBox_INDEX_2	</identifier>
		<parent>	Scene Root	</parent>
		<transform>
			<row0>	-1.0000 0.0000 0.0000 0.0000	</row0>
			<row1>	0.0000 1.0000 0.0000 0.0000	</row1>
			<row2>	0.0000 0.0000 -1.0000 0.0000	</row2>
			<row3>	-0.1660 0.4652 -2.0192 1.0000	</row3>
		</transform>
	</node>
	<node>
		<identifier>	MP_GM701_AmmoBox_INDEX_3	</identifier>
		<parent>	Scene Root	</parent>
		<transform>
			<row0>	1.0000 0.0000 0.0000 0.0000	</row0>
			<row1>	0.0000 1.0000 0.0000 0.0000	</row1>
			<row2>	0.0000 0.0000 1.0000 0.0000	</row2>
			<row3>	0.0000 0.6158 -2.7882 1.0000	</row3>
		</transform>
	</node>
	<node>
		<identifier>	MP_GM701_AmmoBox_INDEX_4	</identifier>
		<parent>	Scene Root	</parent>
		<transform>
			<row0>	-1.0000 0.0000 0.0000 0.0000	</row0>
			<row1>	0.0000 1.0000 0.0000 0.0000	</row1>
			<row2>	0.0000 0.0000 -1.0000 0.0000	</row2>
			<row3>	-0.1042 0.6158 -2.0199 1.0000	</row3>
		</transform>
	</node>
	<node>
		<identifier>	MP_GM758_Hatch_Wall	</identifier>
		<parent>	Scene Root	</parent>
		<transform>
			<row0>	-0.5558 0.0000 -0.8313 0.0000	</row0>
			<row1>	0.0000 1.0000 0.0000 0.0000	</row1>
			<row2>	0.8313 0.0000 -0.5558 0.0000	</row2>
