<HGM2000_9_2in_Mark_X_Quadruple_dead.skel_ext>
	<exported>	true	</exported>
	<node>
		<identifier>	MP_BM988_Gun_Deck_for_BGM040_dead	</identifier>
		<parent>	Turret_dead	</parent>
		<transform>
			<row0>	1.0000 0.0000 0.0000 0.0000	</row0>
			<row1>	0.0000 1.0000 0.0000 0.0000	</row1>
			<row2>	0.0000 0.0000 1.0000 0.0000	</row2>
			<row3>	0.0000 -0.0070 0.0000 1.0000	</row3>
		</transform>
	</node>
	<node>
		<identifier>	SP_YMS100_YGBS_M_1_INDEX_5	</identifier>
		<parent>	Turret_dead	</parent>
		<transform>
			<row0>	1.0000 0.0000 0.0000 0.0000	</row0>
			<row1>	0.0000 1.0000 -0.0007 0.0000	</row1>
			<row2>	0.0000 0.0007 1.0000 0.0000	</row2>
			<row3>	-0.1854 0.0778 0.2564 1.0000	</row3>
		</transform>
	</node>
	<node>
		<identifier>	SP_YMS100_YGBS_M_1_INDEX_6	</identifier>
		<parent>	Turret_dead	</parent>
		<transform>
			<row0>	1.0000 0.0000 0.0000 0.0000	</row0>
			<row1>	0.0000 0.9994 -0.0338 0.0000	</row1>
			<row2>	0.0000 0.0338 0.9994 0.0000	</row2>
			<row3>	0.1854 0.0793 0.2564 1.0000	</row3>
		</transform>
	</node>
	<node>
		<identifier>	SP_YMS100_YGBS_M_1_INDEX_7	</identifier>
		<parent>	Turret_dead	</parent>
		<transform>
			<row0>	1.0000 0.0000 0.0000 0.0000	</row0>
			<row1>	0.0000 0.9963 -0.0864 0.0000	</row1>
			<row2>	0.0000 0.0864 0.9963 0.0000	</row2>
			<row3>	0.0618 0.0871 0.2226 1.0000	</row3>
		</transform>
	</node>
	<node>
		<identifier>	SP_YMS100_YGBS_M_1_INDEX_8	</identifier>
		<parent>	Turret_dead	</parent>
		<transform>
			<row0>	1.0000 0.0000 0.0000 0.0000	</row0>
			<row1>	0.0000 0.9906 -0.1369 0.0000	</row1>
			<row2>	0.0000 0.1369 0.9906 0.0000	</row2>
			<row3>	-0.0618 0.0910 0.2226 1.0000	</row3>
		</transform>
	</node>
	<node>
		<identifier>	SP_YMS101_YGCS_M_1_INDEX_5	</identifier>
		<parent>	Turret_dead	</parent>
		<transform>
			<row0>	0.9700 0.0000 0.0000 0.0000	</row0>
			<row1>	0.0000 0.9100 0.0000 0.0000	</row1>
			<row2>	0.0000 0.0000 0.8330 0.0000	</row2>
			<row3>	0.0618 0.0226 0.3299 1.0000	</row3>
		</transform>
	</node>
	<node>
		<identifier>	SP_YMS101_YGCS_M_1_INDEX_6	</identifier>
		<parent>	Turret_dead	</parent>
		<transform>
			<row0>	1.0000 0.0000 0.0000 0.0000	</row0>
			<row1>	0.0000 1.2000 0.0000 0.0000	</row1>
			<row2>	0.0000 0.0000 0.8500 0.0000	</row2>
			<row3>	0.1854 -0.0026 0.3561 1.0000	</row3>
		</transform>
	</node>
	<node>
		<identifier>	SP_YMS101_YGCS_M_1_INDEX_7	</identifier>
		<parent>	Turret_dead	</parent>
		<transform>
			<row0>	0.9700 0.0000 0.0000 0.0000	</row0>
			<row1>	0.0000 0.9100 0.0000 0.0000	</row1>
			<row2>	0.0000 0.0000 0.8330 0.0000	</row2>
			<row3>	-0.0618 0.0226 0.3299 1.0000	</row3>
		</transform>
	</node>
	<node>
		<identifier>	SP_YMS101_YGCS_M_1_INDEX_8	</identifier>
		<parent>	Turret_dead	</parent>
		<transform>
			<row0>	1.0000 0.0000 0.0000 0.0000	</row0>
			<row1>	0.0000 1.2000 0.0000 0.0000	</row1>
			<row2>	0.0000 0.0000 0.8500 0.0000	</row2>
			<row3>	-0.1854 -0.0026 0.3561 1.0000	</row3>
		</transform>
	</node>
	<node>
		<identifier>	SP_YMS102_YGFL_M_2	</identifier>
		<parent>	Turret_dead	</parent>
		<transform>
			<row0>	1.3728 0.0000 0.0000 0.0000	</row0>
			<row1>	0.0000 1.3728 0.0000 0.0000	</row1>
			<row2>	0.0000 0.0000 1.3728 0.0000	</row2>
			<row3>	0.2678 0.2115 -0.3570 1.0000	</row3>
		</transform>
	</node>
	<node>
		<identifier>	SP_YMS103_YGFR_M_2	</identifier>
		<parent>	Turret_dead	</parent>
		<transform>
			<row0>	1.3728 0.0000 0.0000 0.0000	</row0>
			<row1>	0.0000 1.3728 0.0000 0.0000	</row1>
			<row2>	0.0000 0.0000 1.3728 0.0000	</row2>
			<row3>	-0.2678 0.2115 -0.3570 1.0000	</row3>
		</transform>
	</node>
	<node>
		<identifier>	SP_YMS104_YGRS_M_1_INDEX_5	</identifier>
		<parent>	Turret_dead	</parent>
		<transform>
			<row0>	1.0000 0.0000 0.0000 0.0000	</row0>
			<row1>	0.0000 1.0000 0.0016 0.0000	</row1>
			<row2>	0.0000 -0.0016 1.0000 0.0000	</row2>
			<row3>	-0.1854 0.0777 0.7899 1.0000	</row3>
		</transform>
	</node>
	<node>
		<identifier>	SP_YMS104_YGRS_M_1_INDEX_6	</identifier>
		<parent>	Turret_dead	</parent>
		<transform>
			<row0>	1.0000 0.0000 0.0000 0.0000	</row0>
			<row1>	0.0000 0.9993 -0.0375 0.0000	</row1>
			<row2>	0.0000 0.0375 0.9993 0.0000	</row2>
			<row3>	0.1854 0.0980 0.7890 1.0000	</row3>
		</transform>
	</node>
	<node>
		<identifier>	SP_YMS104_YGRS_M_1_INDEX_7	</identifier>
		<parent>	Turret_dead	</parent>
		<transform>
			<row0>	1.0000 0.0000 0.0000 0.0000	</row0>
			<row1>	0.0000 0.9962 -0.0873 0.0000	</row1>
			<row2>	0.0000 0.0873 0.9962 0.0000	</row2>
			<row3>	0.0618 0.1313 0.7269 1.0000	</row3>
		</transform>
	</node>
	<node>
		<identifier>	SP_YMS104_YGRS_M_1_INDEX_8	</identifier>
		<parent>	Turret_dead	</parent>
		<transform>
			<row0>	1.0000 0.0000 0.0000 0.0000	</row0>
			<row1>	0.0000 0.9902 -0.1398 0.0000	</row1>
			<row2>	0.0000 0.1398 0.9902 0.0000	</row2>
			<row3>	-0.0618 0.1613 0.7226 1.0000	</row3>
		</transform>
	</node>
	<node>
		<identifier>	SP_YMS105_YGLC_M_1_INDEX_2	</identifier>
		<parent>	Turret_dead	</parent>
		<transform>
			<row0>	-0.4055 0.0000 0.0000 0.0000	</row0>
			<row1>	0.0000 0.4031 0.0447 0.0000	</row1>
			<row2>	0.0000 0.0447 -0.4031 0.0000	</row2>
			<row3>	0.0000 0.1820 -0.1656 1.0000	</row3>
		</transform>
	</node>
	<node>
		<identifier>	SP_YMS106_YGLL_M_1_INDEX_1	</identifier>
		<parent>	Turret_dead	</parent>
		<transform>
			<row0>	0.9550 -0.2782 0.1034 0.0000	</row0>
			<row1>	0.2755 0.9605 0.0393 0.0000	</row1>
			<row2>	-0.1102 -0.0090 0.9939 0.0000	</row2>
			<row3>	-0.3049 0.0840 -0.1426 1.0000	</row3>
		</transform>
	</node>
	<node>
		<identifier>	SP_YMS106_YGLL_M_1_INDEX_2	</identifier>
		<parent>	Turret_dead	</parent>
		<transform>
			<row0>	1.1051 -0.2600 -0.1836 0.0000	</row0>
			<row1>	0.2577 1.1202 -0.0350 0.0000	</row1>
			<row2>	0.1868 -0.0075 1.1347 0.0000	</row2>
			<row3>	-0.3074 0.0884 0.1416 1.0000	</row3>
		</transform>
	</node>
	<node>
		<identifier>	SP_YMS107_YGLR_M_1_INDEX_1	</identifier>
		<parent>	Turret_dead	</parent>
		<transform>
			<row0>	1.1051 0.2600 0.1836 0.0000	</row0>
			<row1>	-0.2577 1.1202 -0.0350 0.0000	</row1>
			<row2>	-0.1868 -0.0075 1.1347 0.0000	</row2>
			<row3>	0.3074 0.0884 0.1416 1.0000	</row3>
		</transform>
	</node>
	<node>
		<identifier>	SP_YMS107_YGLR_M_1_INDEX_2	</identifier>
		<parent>	Turret_dead	</parent>
		<transform>
			<row0>	0.9550 0.2782 -0.1034 0.0000	</row0>
			<row1>	-0.2755 0.9605 0.0393 0.0000	</row1>
			<row2>	0.1102 -0.0090 0.9939 0.0000	</row2>
			<row3>	0.3049 0.0840 -0.1426 1.0000	</row3>
		</transform>
	</node>
</HGM2000_9_2in_Mark_X_Quadruple_dead.skel_ext>
