<USC002_Hector_1945_Stern.skel_ext>
	<exported>	true	</exported>
	<node>
		<identifier>	MP_BM009_Depth_Charge	</identifier>
		<parent>	Scene Root	</parent>
		<transform>
			<row0>	-0.3669 0.0420 -0.9293 0.0000	</row0>
			<row1>	-0.9301 0.0000 0.3672 0.0000	</row1>
			<row2>	0.0154 0.9991 0.0391 0.0000	</row2>
			<row3>	0.1683 0.3221 -5.7587 1.0000	</row3>
		</transform>
	</node>
	<node>
		<identifier>	MP_BM009_Depth_Charge_INDEX_1	</identifier>
		<parent>	Scene Root	</parent>
		<transform>
			<row0>	-0.3669 0.0420 -0.9293 0.0000	</row0>
			<row1>	-0.9301 0.0000 0.3672 0.0000	</row1>
			<row2>	0.0154 0.9991 0.0391 0.0000	</row2>
			<row3>	0.1805 0.3207 -5.7278 1.0000	</row3>
		</transform>
	</node>
	<node>
		<identifier>	MP_BM009_Depth_Charge_INDEX_2	</identifier>
		<parent>	Scene Root	</parent>
		<transform>
			<row0>	-0.3669 -0.0420 0.9293 0.0000	</row0>
			<row1>	0.9301 0.0000 0.3672 0.0000	</row1>
			<row2>	-0.0154 0.9991 0.0391 0.0000	</row2>
			<row3>	-0.1805 0.3207 -5.7278 1.0000	</row3>
		</transform>
	</node>
	<node>
		<identifier>	MP_BM009_Depth_Charge_INDEX_3	</identifier>
		<parent>	Scene Root	</parent>
		<transform>
			<row0>	-0.3669 -0.0420 0.9293 0.0000	</row0>
			<row1>	0.9301 0.0000 0.3672 0.0000	</row1>
			<row2>	-0.0154 0.9991 0.0391 0.0000	</row2>
			<row3>	-0.1925 0.3194 -5.6974 1.0000	</row3>
		</transform>
	</node>
	<node>
		<identifier>	MP_BM009_Depth_Charge_INDEX_4	</identifier>
		<parent>	Scene Root	</parent>
		<transform>
			<row0>	-0.3669 -0.0420 0.9293 0.0000	</row0>
			<row1>	0.9301 0.0000 0.3672 0.0000	</row1>
			<row2>	-0.0154 0.9991 0.0391 0.0000	</row2>
			<row3>	-0.1683 0.3221 -5.7587 1.0000	</row3>
		</transform>
	</node>
	<node>
		<identifier>	MP_BM009_Depth_Charge_INDEX_5	</identifier>
		<parent>	Scene Root	</parent>
		<transform>
			<row0>	-0.3669 0.0420 -0.9293 0.0000	</row0>
			<row1>	-0.9301 0.0000 0.3672 0.0000	</row1>
			<row2>	0.0154 0.9991 0.0391 0.0000	</row2>
			<row3>	0.1925 0.3194 -5.6974 1.0000	</row3>
		</transform>
	</node>
	<node>
		<identifier>	MP_BM018_Depth_Charge_Stowage	</identifier>
		<parent>	Scene Root	</parent>
		<transform>
			<row0>	1.0000 0.0000 0.0000 0.0000	</row0>
			<row1>	0.0000 1.0000 0.0000 0.0000	</row1>
			<row2>	0.0000 0.0000 1.0000 0.0000	</row2>
			<row3>	-0.2502 0.2945 -4.9756 1.0000	</row3>
		</transform>
	</node>
	<node>
		<identifier>	MP_BM018_Depth_Charge_Stowage_INDEX_1	</identifier>
		<parent>	Scene Root	</parent>
		<transform>
			<row0>	1.0000 0.0000 0.0000 0.0000	</row0>
			<row1>	0.0000 1.0000 0.0000 0.0000	</row1>
			<row2>	0.0000 0.0000 1.0000 0.0000	</row2>
			<row3>	-0.2502 0.2938 -4.9008 1.0000	</row3>
		</transform>
	</node>
	<node>
		<identifier>	MP_BM018_Depth_Charge_Stowage_INDEX_2	</identifier>
		<parent>	Scene Root	</parent>
		<transform>
			<row0>	1.0000 0.0000 0.0000 0.0000	</row0>
			<row1>	0.0000 1.0000 0.0000 0.0000	</row1>
			<row2>	0.0000 0.0000 1.0000 0.0000	</row2>
			<row3>	0.2502 0.2945 -4.9756 1.0000	</row3>
		</transform>
	</node>
	<node>
		<identifier>	MP_BM018_Depth_Charge_Stowage_INDEX_3	</identifier>
		<parent>	Scene Root	</parent>
		<transform>
			<row0>	1.0000 0.0000 0.0000 0.0000	</row0>
			<row1>	0.0000 1.0000 0.0000 0.0000	</row1>
			<row2>	0.0000 0.0000 1.0000 0.0000	</row2>
			<row3>	-0.2502 0.2945 -4.9377 1.0000	</row3>
		</transform>
	</node>
	<node>
		<identifier>	MP_BM018_Depth_Charge_Stowage_INDEX_4	</identifier>
		<parent>	Scene Root	</parent>
		<transform>
			<row0>	1.0000 0.0000 0.0000 0.0000	</row0>
			<row1>	0.0000 1.0000 0.0000 0.0000	</row1>
			<row2>	0.0000 0.0000 1.0000 0.0000	</row2>
			<row3>	0.2502 0.2938 -4.9008 1.0000	</row3>
		</transform>
	</node>
	<node>
		<identifier>	MP_BM018_Depth_Charge_Stowage_INDEX_5	</identifier>
		<parent>	Scene Root	</parent>
		<transform>
			<row0>	1.0000 0.0000 0.0000 0.0000	</row0>
			<row1>	0.0000 1.0000 0.0000 0.0000	</row1>
			<row2>	0.0000 0.0000 1.0000 0.0000	</row2>
			<row3>	0.2502 0.2945 -4.9377 1.0000	</row3>
		</transform>
	</node>
	<node>
		<identifier>	MP_BM026_Reels	</identifier>
		<parent>	Scene Root	</parent>
		<transform>
			<row0>	0.0000 0.0153 -0.9999 0.0000	</row0>
			<row1>	0.0000 0.9999 0.0153 0.0000	</row1>
			<row2>	1.0000 0.0000 0.0000 0.0000	</row2>
			<row3>	0.2166 0.2897 -4.6458 1.0000	</row3>
		</transform>
	</node>
	<node>
		<identifier>	MP_BM026_Reels_INDEX_1	</identifier>
		<parent>	Scene Root	</parent>
		<transform>
			<row0>	0.0000 -0.0153 0.9999 0.0000	</row0>
			<row1>	0.0000 0.9999 0.0153 0.0000	</row1>
			<row2>	-1.0000 0.0000 0.0000 0.0000	</row2>
			<row3>	-0.2166 0.2897 -4.6458 1.0000	</row3>
		</transform>
	</node>
	<node>
		<identifier>	MP_BM038_Helmets	</identifier>
		<parent>	Scene Root	</parent>
		<transform>
			<row0>	-1.0000 0.0000 0.0000 0.0000	</row0>
			<row1>	0.0000 1.0000 0.0000 0.0000	</row1>
			<row2>	0.0000 0.0000 -1.0000 0.0000	</row2>
			<row3>	-0.1363 0.3693 -5.4063 1.0000	</row3>
		</transform>
	</node>
	<node>
		<identifier>	MP_BM038_Helmets_INDEX_1	</identifier>
		<parent>	Scene Root	</parent>
		<transform>
			<row0>	-1.0000 0.0000 0.0000 0.0000	</row0>
			<row1>	0.0000 1.0000 0.0000 0.0000	</row1>
			<row2>	0.0000 0.0000 -1.0000 0.0000	</row2>
			<row3>	0.1363 0.3693 -5.4063 1.0000	</row3>
		</transform>
	</node>
	<node>
		<identifier>	MP_BM509_Liferaft_type_20_10ft	</identifier>
		<parent>	Scene Root	</parent>
		<transform>
			<row0>	0.0000 0.0238 -0.9997 0.0000	</row0>
			<row1>	0.0000 0.9997 0.0238 0.0000	</row1>
			<row2>	1.0000 0.0000 0.0000 0.0000	</row2>
			<row3>	-0.1832 0.3027 -5.3352 1.0000	</row3>
		</transform>
	</node>
	<node>
		<identifier>	MP_BM509_Liferaft_type_20_10ft_INDEX_1	</identifier>
		<parent>	Scene Root	</parent>
		<transform>
			<row0>	0.0000 -0.0238 0.9997 0.0000	</row0>
			<row1>	0.0000 0.9997 0.0238 0.0000	</row1>
			<row2>	-1.0000 0.0000 0.0000 0.0000	</row2>
			<row3>	0.1832 0.3027 -5.3352 1.0000	</row3>
		</transform>
	</node>
	<node>
		<identifier>	MP_BM509_Liferaft_type_20_10ft_INDEX_2	</identifier>
		<parent>	Scene Root	</parent>
		<transform>
			<row0>	0.0000 -0.0207 0.9998 0.0000	</row0>
			<row1>	0.0000 0.9998 0.0207 0.0000	</row1>
			<row2>	-1.0000 0.0000 0.0000 0.0000	</row2>
			<row3>	0.1832 0.3000 -5.2138 1.0000	</row3>
		</transform>
	</node>
	<node>
		<identifier>	MP_BM509_Liferaft_type_20_10ft_INDEX_3	</identifier>
		<parent>	Scene Root	</parent>
		<transform>
			<row0>	0.0000 0.0207 -0.9998 0.0000	</row0>
			<row1>	0.0000 0.9998 0.0207 0.0000	</row1>
			<row2>	1.0000 0.0000 0.0000 0.0000	</row2>
			<row3>	-0.1832 0.3000 -5.2138 1.0000	</row3>
		</transform>
	</node>
	<node>
		<identifier>	MP_BM705_Ammunition_Box	</identifier>
		<parent>	Scene Root	</parent>
		<transform>
			<row0>	1.0000 0.0000 0.0000 0.0000	</row0>
			<row1>	0.0000 0.9996 0.0282 0.0000	</row1>
			<row2>	0.0000 -0.0282 0.9996 0.0000	</row2>
			<row3>	-0.0219 0.3055 -5.4540 1.0000	</row3>
		</transform>
	</node>
	<node>
		<identifier>	MP_BM705_Ammunition_Box_INDEX_1	</identifier>
		<parent>	Scene Root	</parent>
		<transform>
			<row0>	1.0000 0.0000 0.0000 0.0000	</row0>
			<row1>	0.0000 0.9996 0.0282 0.0000	</row1>
			<row2>	0.0000 -0.0282 0.9996 0.0000	</row2>
			<row3>	0.0219 0.3055 -5.4540 1.0000	</row3>
		</transform>
	</node>
	<node>
		<identifier>	MP_BM705_Ammunition_Box_INDEX_2	</identifier>
		<parent>	Scene Root	</parent>
		<transform>
			<row0>	1.0000 0.0000 0.0000 0.0000	</row0>
			<row1>	0.0000 0.9996 0.0282 0.0000	</row1>
			<row2>	0.0000 -0.0282 0.9996 0.0000	</row2>
			<row3>	0.1840 0.3055 -5.4540 1.0000	</row3>
		</transform>
	</node>
	<node>
		<identifier>	MP_BM705_Ammunition_Box_INDEX_3	</identifier>
		<parent>	Scene Root	</parent>
		<transform>
			<row0>	1.0000 0.0000 0.0000 0.0000	</row0>
			<row1>	0.0000 0.9996 0.0282 0.0000	</row1>
			<row2>	0.0000 -0.0282 0.9996 0.0000	</row2>
			<row3>	-0.1840 0.3055 -5.4540 1.0000	</row3>
		</transform>
	</node>
	<node>
		<identifier>	MP_BM751_Deck_Hatch	</identifier>
		<parent>	Scene Root	</parent>
		<transform>
			<row0>	0.0000 0.0000 -1.0000 0.0000	</row0>
			<row1>	0.0000 1.0000 0.0000 0.0000	</row1>
			<row2>	1.0000 0.0000 0.0000 0.0000	</row2>
			<row3>	0.1344 0.2674 -4.2571 1.0000	</row3>
		</transform>
	</node>
	<node>
		<identifier>	MP_BM751_Deck_Hatch_INDEX_1	</identifier>
		<parent>	Scene Root	</parent>
		<transform>
			<row0>	0.0000 0.0000 1.0000 0.0000	</row0>
			<row1>	0.0000 1.0000 0.0000 0.0000	</row1>
			<row2>	-1.0000 0.0000 0.0000 0.0000	</row2>
			<row3>	-0.1358 0.2674 -4.2567 1.0000	</row3>
		</transform>
	</node>
	<node>
		<identifier>	MP_BM767_Deck_Hatch	</identifier>
		<parent>	Scene Root	</parent>
		<transform>
			<row0>	1.0000 0.0000 0.0000 0.0000	</row0>
			<row1>	0.0000 0.9999 0.0171 0.0000	</row1>
			<row2>	0.0000 -0.0171 0.9999 0.0000	</row2>
			<row3>	-0.0774 0.2942 -4.9457 1.0000	</row3>
		</transform>
	</node>
	<node>
		<identifier>	MP_BM767_Deck_Hatch_INDEX_1	</identifier>
		<parent>	Scene Root	</parent>
		<transform>
			<row0>	-1.0000 0.0000 0.0000 0.0000	</row0>
			<row1>	0.0000 1.0000 0.0093 0.0000	</row1>
			<row2>	0.0000 0.0093 -1.0000 0.0000	</row2>
			<row3>	0.2272 0.2864 -4.4597 1.0000	</row3>
		</transform>
	</node>
	<node>
		<identifier>	MP_BM767_Deck_Hatch_INDEX_2	</identifier>
		<parent>	Scene Root	</parent>
		<transform>
			<row0>	-1.0000 0.0000 0.0000 0.0000	</row0>
			<row1>	0.0000 0.9999 0.0165 0.0000	</row1>
			<row2>	0.0000 0.0165 -0.9999 0.0000	</row2>
			<row3>	0.0791 0.2942 -4.9457 1.0000	</row3>
		</transform>
	</node>
	<node>
		<identifier>	MP_BM767_Deck_Hatch_INDEX_3	</identifier>
		<parent>	Scene Root	</parent>
		<transform>
			<row0>	1.0000 0.0000 0.0000 0.0000	</row0>
			<row1>	0.0000 0.9992 0.0398 0.0000	</row1>
			<row2>	0.0000 -0.0398 0.9992 0.0000	</row2>
			<row3>	0.0000 0.3194 -5.8563 1.0000	</row3>
		</transform>
	</node>
	<node>
		<identifier>	MP_BM767_Deck_Hatch_INDEX_4	</identifier>
		<parent>	Scene Root	</parent>
		<transform>
			<row0>	1.0000 0.0000 0.0000 0.0000	</row0>
			<row1>	0.0000 0.9999 0.0171 0.0000	</row1>
			<row2>	0.0000 -0.0171 0.9999 0.0000	</row2>
			<row3>	-0.2267 0.2864 -4.4594 1.0000	</row3>
		</transform>
	</node>
	<node>
		<identifier>	MP_BM857_Fog_Light	</identifier>
		<parent>	Scene Root	</parent>
		<transform>
			<row0>	-1.0000 0.0000 0.0000 0.0000	</row0>
			<row1>	0.0000 1.0000 0.0000 0.0000	</row1>
			<row2>	0.0000 0.0000 -1.0000 0.0000	</row2>
			<row3>	0.0000 0.5286 -6.1436 1.0000	</row3>
		</transform>
	</node>
	<node>
		<identifier>	MP_BM872_Running_Lights_B	</identifier>
		<parent>	Scene Root	</parent>
		<transform>
			<row0>	-1.0000 0.0000 0.0000 0.0000	</row0>
			<row1>	0.0000 1.0000 0.0000 0.0000	</row1>
			<row2>	0.0000 0.0000 -1.0000 0.0000	</row2>
			<row3>	0.0000 0.5558 -6.1542 1.0000	</row3>
		</transform>
	</node>
	<node>
		<identifier>	MP_BM872_Running_Lights_B_INDEX_1	</identifier>
		<parent>	Scene Root	</parent>
		<transform>
			<row0>	-1.0000 0.0000 0.0000 0.0000	</row0>
			<row1>	0.0000 1.0000 0.0000 0.0000	</row1>
			<row2>	0.0000 0.0000 -1.0000 0.0000	</row2>
			<row3>	0.0000 0.3872 -6.1221 1.0000	</row3>
		</transform>
	</node>
	<node>
		<identifier>	MP_BM963_Anchor_Capstan_Stern	</identifier>
		<parent>	Scene Root	</parent>
		<transform>
			<row0>	1.0000 0.0000 0.0000 0.0000	</row0>
			<row1>	0.0000 1.0000 0.0000 0.0000	</row1>
			<row2>	0.0000 0.0000 1.0000 0.0000	</row2>
			<row3>	0.0000 0.3112 -5.1425 1.0000	</row3>
		</transform>
	</node>
	<node>
		<identifier>	MP_BM967_Bollard	</identifier>
		<parent>	Scene Root	</parent>
		<transform>
			<row0>	0.9937 0.0067 0.1117 0.0000	</row0>
			<row1>	-0.0085 0.9998 0.0156 0.0000	</row1>
			<row2>	-0.1116 -0.0164 0.9936 0.0000	</row2>
			<row3>	-0.4331 0.2867 -4.3569 1.0000	</row3>
		</transform>
	</node>
	<node>
		<identifier>	MP_BM967_Bollard_INDEX_1	</identifier>
		<parent>	Scene Root	</parent>
		<transform>
			<row0>	0.9882 0.0107 -0.1529 0.0000	</row0>
			<row1>	-0.0073 0.9997 0.0224 0.0000	</row1>
			<row2>	0.1531 -0.0210 0.9880 0.0000	</row2>
			<row3>	0.3457 0.2997 -5.2022 1.0000	</row3>
		</transform>
	</node>
	<node>
		<identifier>	MP_BM967_Bollard_INDEX_2	</identifier>
		<parent>	Scene Root	</parent>
		<transform>
			<row0>	0.9882 -0.0107 0.1529 0.0000	</row0>
			<row1>	0.0073 0.9997 0.0224 0.0000	</row1>
			<row2>	-0.1531 -0.0210 0.9880 0.0000	</row2>
			<row3>	-0.3457 0.2997 -5.2022 1.0000	</row3>
		</transform>
	</node>
	<node>
		<identifier>	MP_BM967_Bollard_INDEX_3	</identifier>
		<parent>	Scene Root	</parent>
		<transform>
			<row0>	0.9937 -0.0067 -0.1117 0.0000	</row0>
			<row1>	0.0085 0.9998 0.0156 0.0000	</row1>
			<row2>	0.1116 -0.0164 0.9936 0.0000	</row2>
			<row3>	0.4331 0.2867 -4.3569 1.0000	</row3>
		</transform>
	</node>
	<node>
		<identifier>	MP_CM011_Fire_Fighting_Gear	</identifier>
		<parent>	Scene Root	</parent>
		<transform>
			<row0>	-1.0000 0.0000 0.0000 0.0000	</row0>
			<row1>	0.0000 1.0000 0.0000 0.0000	</row1>
			<row2>	0.0000 0.0000 -1.0000 0.0000	</row2>
			<row3>	-0.0433 0.3052 -5.3952 1.0000	</row3>
		</transform>
	</node>
	<node>
		<identifier>	MP_CM011_Fire_Fighting_Gear_INDEX_1	</identifier>
		<parent>	Scene Root	</parent>
		<transform>
			<row0>	-1.0000 0.0000 0.0000 0.0000	</row0>
			<row1>	0.0000 1.0000 0.0000 0.0000	</row1>
			<row2>	0.0000 0.0000 -1.0000 0.0000	</row2>
			<row3>	0.0433 0.3052 -5.3952 1.0000	</row3>
		</transform>
	</node>
	<node>
		<identifier>	MP_CM012_Fire_Hose_Rack_1	</identifier>
		<parent>	Scene Root	</parent>
		<transform>
			<row0>	0.0000 0.0000 -1.0000 0.0000	</row0>
			<row1>	0.0000 1.0000 0.0000 0.0000	</row1>
			<row2>	1.0000 0.0000 0.0000 0.0000	</row2>
			<row3>	-0.0305 0.3816 -5.4051 1.0000	</row3>
		</transform>
	</node>
	<node>
		<identifier>	MP_CM012_Fire_Hose_Rack_1_INDEX_1	</identifier>
		<parent>	Scene Root	</parent>
		<transform>
			<row0>	0.0000 0.0000 -1.0000 0.0000	</row0>
			<row1>	0.0000 1.0000 0.0000 0.0000	</row1>
			<row2>	1.0000 0.0000 0.0000 0.0000	</row2>
			<row3>	0.0291 0.3816 -5.4051 1.0000	</row3>
		</transform>
	</node>
	<node>
		<identifier>	MP_CM029_Emergency_Box	</identifier>
		<parent>	Scene Root	</parent>
		<transform>
			<row0>	0.9999 0.0000 -0.0105 0.0000	</row0>
			<row1>	0.0000 1.0000 0.0000 0.0000	</row1>
			<row2>	0.0105 0.0000 0.9999 0.0000	</row2>
			<row3>	0.0741 0.3881 -5.4122 1.0000	</row3>
		</transform>
	</node>
	<node>
		<identifier>	MP_CM029_Emergency_Box_INDEX_1	</identifier>
		<parent>	Scene Root	</parent>
		<transform>
			<row0>	1.0000 0.0000 -0.0064 0.0000	</row0>
			<row1>	0.0000 1.0000 0.0000 0.0000	</row1>
			<row2>	0.0064 0.0000 1.0000 0.0000	</row2>
			<row3>	-0.0685 0.3881 -5.4122 1.0000	</row3>
		</transform>
	</node>
	<node>
		<identifier>	MP_CM104_Life_Buoy	</identifier>
		<parent>	Scene Root	</parent>
		<transform>
			<row0>	0.1439 0.0000 0.9896 0.0000	</row0>
			<row1>	0.0000 1.0000 0.0000 0.0000	</row1>
			<row2>	-0.9896 0.0000 0.1439 0.0000	</row2>
			<row3>	0.3925 0.3559 -5.0174 1.0000	</row3>
		</transform>
	</node>
	<node>
		<identifier>	MP_CM104_Life_Buoy_INDEX_1	</identifier>
		<parent>	Scene Root	</parent>
		<transform>
			<row0>	0.1439 0.0000 -0.9896 0.0000	</row0>
			<row1>	0.0000 1.0000 0.0000 0.0000	</row1>
			<row2>	0.9896 0.0000 0.1439 0.0000	</row2>
			<row3>	-0.3925 0.3559 -5.0174 1.0000	</row3>
		</transform>
	</node>
	<node>
		<identifier>	MP_CM161_Propeller_4_8m_BB_R	</identifier>
		<parent>	Scene Root	</parent>
		<transform>
			<row0>	0.9994 0.0007 0.0354 0.0000	</row0>
			<row1>	0.0007 0.9992 -0.0402 0.0000	</row1>
			<row2>	-0.0354 0.0402 0.9986 0.0000	</row2>
			<row3>	0.4410 -0.2700 -4.2750 1.0000	</row3>
		</transform>
	</node>
	<node>
		<identifier>	MP_CM161_Propeller_4_8m_BB_R_INDEX_1	</identifier>
		<parent>	Scene Root	</parent>
		<transform>
			<row0>	0.9993 -0.0383 0.0000 0.0000	</row0>
			<row1>	0.0383 0.9974 -0.0608 0.0000	</row1>
			<row2>	0.0024 0.0607 0.9982 0.0000	</row2>
			<row3>	0.2187 -0.2889 -5.1905 1.0000	</row3>
		</transform>
	</node>
	<node>
		<identifier>	MP_CM162_Propeller_4_8m_BB_L	</identifier>
		<parent>	Scene Root	</parent>
		<transform>
			<row0>	0.9993 0.0383 0.0000 0.0000	</row0>
			<row1>	-0.0383 0.9974 -0.0608 0.0000	</row1>
			<row2>	-0.0023 0.0607 0.9982 0.0000	</row2>
			<row3>	-0.2187 -0.2889 -5.1905 1.0000	</row3>
		</transform>
	</node>
	<node>
		<identifier>	MP_CM162_Propeller_4_8m_BB_L_INDEX_1	</identifier>
		<parent>	Scene Root	</parent>
		<transform>
			<row0>	0.9994 -0.0007 -0.0354 0.0000	</row0>
			<row1>	-0.0007 0.9992 -0.0402 0.0000	</row1>
			<row2>	0.0354 0.0402 0.9986 0.0000	</row2>
			<row3>	-0.4410 -0.2700 -4.2750 1.0000	</row3>
		</transform>
	</node>
	<node>
		<identifier>	MP_UM006_Name_Plate_Hector_1945	</identifier>
		<parent>	Scene Root	</parent>
		<transform>
			<row0>	-0.1498 0.0000 0.9887 0.0000	</row0>
			<row1>	0.0000 1.0000 0.0000 0.0000	</row1>
			<row2>	-0.9887 0.0000 -0.1498 0.0000	</row2>
			<row3>	-0.3853 0.2723 -5.1032 1.0000	</row3>
		</transform>
	</node>
	<node>
		<identifier>	MP_UM006_Name_Plate_Hector_1945_INDEX_1	</identifier>
		<parent>	Scene Root	</parent>
		<transform>
			<row0>	-0.1498 0.0000 -0.9887 0.0000	</row0>
			<row1>	0.0000 1.0000 0.0000 0.0000	</row1>
			<row2>	0.9887 0.0000 -0.1498 0.0000	</row2>
			<row3>	0.3853 0.2723 -5.1032 1.0000	</row3>
		</transform>
	</node>
	<node>
		<identifier>	SP_YMS011_YHWL_M_1_INDEX_5	</identifier>
		<parent>	Scene Root	</parent>
		<transform>
			<row0>	0.8605 0.4756 0.1825 0.0000	</row0>
			<row1>	-0.4663 0.8797 -0.0937 0.0000	</row1>
			<row2>	-0.2051 -0.0045 0.9787 0.0000	</row2>
			<row3>	-0.2805 0.0021 -5.3289 1.0000	</row3>
		</transform>
	</node>
	<node>
		<identifier>	SP_YMS011_YHWL_M_1_INDEX_9	</identifier>
		<parent>	Scene Root	</parent>
		<transform>
			<row0>	0.9218 0.3648 0.1313 0.0000	</row0>
			<row1>	-0.3614 0.9311 -0.0496 0.0000	</row1>
			<row2>	-0.1403 -0.0018 0.9901 0.0000	</row2>
			<row3>	-0.4251 -0.0027 -4.4892 1.0000	</row3>
		</transform>
	</node>
	<node>
		<identifier>	SP_YMS012_YHWR_M_1_INDEX_1	</identifier>
		<parent>	Scene Root	</parent>
		<transform>
			<row0>	0.8605 -0.4756 -0.1825 0.0000	</row0>
			<row1>	0.4663 0.8797 -0.0937 0.0000	</row1>
			<row2>	0.2051 -0.0045 0.9787 0.0000	</row2>
			<row3>	0.2754 0.0072 -5.3278 1.0000	</row3>
		</transform>
	</node>
	<node>
		<identifier>	SP_YMS012_YHWR_M_1_INDEX_12	</identifier>
		<parent>	Scene Root	</parent>
		<transform>
			<row0>	0.9218 -0.3648 -0.1313 0.0000	</row0>
			<row1>	0.3614 0.9311 -0.0496 0.0000	</row1>
			<row2>	0.1403 -0.0018 0.9901 0.0000	</row2>
			<row3>	0.4251 -0.0027 -4.4892 1.0000	</row3>
		</transform>
	</node>
	<node>
		<identifier>	SP_YMS030_YHAM_M_1	</identifier>
		<parent>	Scene Root	</parent>
		<transform>
			<row0>	0.7253 0.0000 0.0000 0.0000	</row0>
			<row1>	0.0000 0.7253 0.0000 0.0000	</row1>
			<row2>	0.0000 0.0000 0.7253 0.0000	</row2>
			<row3>	0.0000 0.1794 -6.1675 1.0000	</row3>
		</transform>
	</node>
	<node>
		<identifier>	SP_YMS031_YHAL_M_1	</identifier>
		<parent>	Scene Root	</parent>
		<transform>
			<row0>	0.8857 0.1339 0.1731 0.0000	</row0>
			<row1>	-0.1314 0.9025 -0.0257 0.0000	</row1>
			<row2>	-0.1750 0.0000 0.8954 0.0000	</row2>
			<row3>	-0.4150 0.1466 -5.1536 1.0000	</row3>
		</transform>
	</node>
	<node>
		<identifier>	SP_YMS032_YHAR_M_1	</identifier>
		<parent>	Scene Root	</parent>
		<transform>
			<row0>	0.8857 -0.1339 -0.1731 0.0000	</row0>
			<row1>	0.1314 0.9025 -0.0257 0.0000	</row1>
			<row2>	0.1750 0.0000 0.8954 0.0000	</row2>
			<row3>	0.4150 0.1466 -5.1536 1.0000	</row3>
		</transform>
	</node>
	<node>
		<identifier>	SP_YMS053_YHDC_S_1_INDEX_2	</identifier>
		<parent>	Scene Root	</parent>
		<transform>
			<row0>	1.0000 0.0000 0.0000 0.0000	</row0>
			<row1>	0.0000 1.0000 0.0000 0.0000	</row1>
			<row2>	0.0000 0.0000 1.0000 0.0000	</row2>
			<row3>	0.3089 0.2991 -4.2125 1.0000	</row3>
		</transform>
	</node>
	<node>
		<identifier>	SP_YMS053_YHDC_S_1_INDEX_7	</identifier>
		<parent>	Scene Root	</parent>
		<transform>
			<row0>	1.0000 0.0000 0.0000 0.0000	</row0>
			<row1>	0.0000 1.0000 0.0000 0.0000	</row1>
			<row2>	0.0000 0.0000 1.0000 0.0000	</row2>
			<row3>	-0.3089 0.2991 -4.2125 1.0000	</row3>
		</transform>
	</node>
</USC002_Hector_1945_Stern.skel_ext>
