<ASB303_Tennessee_1945_MidFront.skel_ext>
	<exported>	true	</exported>
	<node>
		<identifier>	MP_AM010_Speaker_1	</identifier>
		<parent>	Scene Root	</parent>
		<transform>
			<row0>	-0.9707 0.0000 0.2404 0.0000	</row0>
			<row1>	0.0000 1.0000 0.0000 0.0000	</row1>
			<row2>	-0.2404 0.0000 -0.9707 0.0000	</row2>
			<row3>	0.4035 0.8595 1.0357 1.0000	</row3>
		</transform>
	</node>
	<node>
		<identifier>	MP_AM010_Speaker_1_INDEX_1	</identifier>
		<parent>	Scene Root	</parent>
		<transform>
			<row0>	-1.0000 0.0000 0.0000 0.0000	</row0>
			<row1>	0.0000 1.0000 0.0000 0.0000	</row1>
			<row2>	0.0000 0.0000 -1.0000 0.0000	</row2>
			<row3>	0.0000 1.0065 1.9352 1.0000	</row3>
		</transform>
	</node>
	<node>
		<identifier>	MP_AM010_Speaker_1_INDEX_2	</identifier>
		<parent>	Scene Root	</parent>
		<transform>
			<row0>	-0.9707 0.0000 -0.2404 0.0000	</row0>
			<row1>	0.0000 1.0000 0.0000 0.0000	</row1>
			<row2>	0.2404 0.0000 -0.9707 0.0000	</row2>
			<row3>	-0.4034 0.8595 1.0356 1.0000	</row3>
		</transform>
	</node>
	<node>
		<identifier>	MP_AM010_Speaker_1_INDEX_3	</identifier>
		<parent>	Scene Root	</parent>
		<transform>
			<row0>	-0.8652 0.0000 -0.5015 0.0000	</row0>
			<row1>	0.0000 1.0000 0.0000 0.0000	</row1>
			<row2>	0.5015 0.0000 -0.8652 0.0000	</row2>
			<row3>	-0.0983 1.0886 -0.7696 1.0000	</row3>
		</transform>
	</node>
	<node>
		<identifier>	MP_AM010_Speaker_1_INDEX_4	</identifier>
		<parent>	Scene Root	</parent>
		<transform>
			<row0>	-0.8652 0.0000 0.5015 0.0000	</row0>
			<row1>	0.0000 1.0000 0.0000 0.0000	</row1>
			<row2>	-0.5015 0.0000 -0.8652 0.0000	</row2>
			<row3>	0.0983 1.0886 -0.7696 1.0000	</row3>
		</transform>
	</node>
	<node>
		<identifier>	MP_AM018_Compass_Binnacle	</identifier>
		<parent>	Scene Root	</parent>
		<transform>
			<row0>	1.0000 0.0000 0.0000 0.0000	</row0>
			<row1>	0.0000 1.0000 0.0000 0.0000	</row1>
			<row2>	0.0000 0.0000 1.0000 0.0000	</row2>
			<row3>	0.0000 0.6906 -0.5416 1.0000	</row3>
		</transform>
	</node>
	<node>
		<identifier>	MP_AM022_Ventilators_4	</identifier>
		<parent>	Scene Root	</parent>
		<transform>
			<row0>	0.6000 0.0000 0.0000 0.0000	</row0>
			<row1>	0.0000 0.6000 0.0000 0.0000	</row1>
			<row2>	0.0000 0.0000 0.6000 0.0000	</row2>
			<row3>	-0.4665 0.4201 -1.3982 1.0000	</row3>
		</transform>
	</node>
	<node>
		<identifier>	MP_AM022_Ventilators_4_INDEX_1	</identifier>
		<parent>	Scene Root	</parent>
		<transform>
			<row0>	0.6000 0.0000 0.0000 0.0000	</row0>
			<row1>	0.0000 0.6000 0.0000 0.0000	</row1>
			<row2>	0.0000 0.0000 0.6000 0.0000	</row2>
			<row3>	-0.4341 0.4201 -1.3982 1.0000	</row3>
		</transform>
	</node>
	<node>
		<identifier>	MP_AM022_Ventilators_4_INDEX_2	</identifier>
		<parent>	Scene Root	</parent>
		<transform>
			<row0>	0.4000 0.0000 0.0000 0.0000	</row0>
			<row1>	0.0000 0.4000 0.0000 0.0000	</row1>
			<row2>	0.0000 0.0000 0.4000 0.0000	</row2>
			<row3>	-0.4945 0.4255 -1.3982 1.0000	</row3>
		</transform>
	</node>
	<node>
		<identifier>	MP_AM022_Ventilators_4_INDEX_3	</identifier>
		<parent>	Scene Root	</parent>
		<transform>
			<row0>	0.4000 0.0000 0.0000 0.0000	</row0>
			<row1>	0.0000 0.4000 0.0000 0.0000	</row1>
			<row2>	0.0000 0.0000 0.4000 0.0000	</row2>
			<row3>	0.4945 0.4255 -1.3982 1.0000	</row3>
		</transform>
	</node>
	<node>
		<identifier>	MP_AM023_Hatch_1	</identifier>
		<parent>	Scene Root	</parent>
		<transform>
			<row0>	-1.0000 0.0000 0.0000 0.0000	</row0>
			<row1>	0.0000 1.0000 0.0000 0.0000	</row1>
			<row2>	0.0000 0.0000 -1.0000 0.0000	</row2>
			<row3>	0.5716 0.2222 -1.1213 1.0000	</row3>
		</transform>
	</node>
	<node>
		<identifier>	MP_AM045_Running_Lights_F	</identifier>
		<parent>	Scene Root	</parent>
		<transform>
			<row0>	1.0000 0.0000 0.0000 0.0000	</row0>
			<row1>	0.0000 1.0000 0.0000 0.0000	</row1>
			<row2>	0.0000 0.0000 1.0000 0.0000	</row2>
			<row3>	0.0000 1.6664 0.8354 1.0000	</row3>
		</transform>
	</node>
	<node>
		<identifier>	MP_AM045_Running_Lights_F_INDEX_1	</identifier>
		<parent>	Scene Root	</parent>
		<transform>
			<row0>	1.0000 0.0000 0.0000 0.0000	</row0>
			<row1>	0.0000 1.0000 0.0000 0.0000	</row1>
			<row2>	0.0000 0.0000 1.0000 0.0000	</row2>
			<row3>	0.0000 1.0468 1.9630 1.0000	</row3>
		</transform>
	</node>
	<node>
		<identifier>	MP_AM047_Running_Lights_R	</identifier>
		<parent>	Scene Root	</parent>
		<transform>
			<row0>	1.0000 0.0000 0.0000 0.0000	</row0>
			<row1>	0.0000 1.0000 0.0000 0.0000	</row1>
			<row2>	0.0000 0.0000 1.0000 0.0000	</row2>
			<row3>	0.4560 0.9127 0.9089 1.0000	</row3>
		</transform>
	</node>
	<node>
		<identifier>	MP_AM048_Running_Lights_L	</identifier>
		<parent>	Scene Root	</parent>
		<transform>
			<row0>	1.0000 0.0000 0.0000 0.0000	</row0>
			<row1>	0.0000 1.0000 0.0000 0.0000	</row1>
			<row2>	0.0000 0.0000 1.0000 0.0000	</row2>
			<row3>	-0.4560 0.9127 0.9089 1.0000	</row3>
		</transform>
	</node>
	<node>
		<identifier>	MP_AM054_Boat_6	</identifier>
		<parent>	Scene Root	</parent>
		<transform>
			<row0>	0.0000 0.0000 1.0000 0.0000	</row0>
			<row1>	-0.9998 -0.0203 0.0000 0.0000	</row1>
			<row2>	0.0203 -0.9998 0.0000 0.0000	</row2>
			<row3>	0.1643 0.8217 -0.9459 1.0000	</row3>
		</transform>
	</node>
	<node>
		<identifier>	MP_AM054_Boat_6_INDEX_1	</identifier>
		<parent>	Scene Root	</parent>
		<transform>
			<row0>	0.0000 0.0000 -1.0000 0.0000	</row0>
			<row1>	0.9998 -0.0203 0.0000 0.0000	</row1>
			<row2>	-0.0203 -0.9998 0.0000 0.0000	</row2>
			<row3>	-0.1646 0.8217 -0.9459 1.0000	</row3>
		</transform>
	</node>
	<node>
		<identifier>	MP_AM077_Paravane	</identifier>
		<parent>	Scene Root	</parent>
		<transform>
			<row0>	0.0000 -1.0000 0.0023 0.0000	</row0>
			<row1>	0.9956 0.0002 0.0936 0.0000	</row1>
			<row2>	-0.0936 0.0023 0.9956 0.0000	</row2>
			<row3>	0.3392 0.4731 2.3810 1.0000	</row3>
		</transform>
	</node>
	<node>
		<identifier>	MP_AM077_Paravane_INDEX_1	</identifier>
		<parent>	Scene Root	</parent>
		<transform>
			<row0>	0.0000 1.0000 -0.0023 0.0000	</row0>
			<row1>	-0.9956 0.0002 0.0936 0.0000	</row1>
			<row2>	0.0936 0.0023 0.9956 0.0000	</row2>
			<row3>	-0.3392 0.4731 2.3810 1.0000	</row3>
		</transform>
	</node>
	<node>
		<identifier>	MP_AM077_Paravane_INDEX_2	</identifier>
		<parent>	Scene Root	</parent>
		<transform>
			<row0>	0.0015 -1.0000 0.0017 0.0000	</row0>
			<row1>	-0.7550 0.0000 0.6557 0.0000	</row1>
			<row2>	-0.6557 -0.0023 -0.7550 0.0000	</row2>
			<row3>	-0.2498 0.4733 2.5846 1.0000	</row3>
		</transform>
	</node>
	<node>
		<identifier>	MP_AM077_Paravane_INDEX_3	</identifier>
		<parent>	Scene Root	</parent>
		<transform>
			<row0>	0.0015 1.0000 -0.0017 0.0000	</row0>
			<row1>	0.7550 0.0000 0.6557 0.0000	</row1>
			<row2>	0.6557 -0.0023 -0.7550 0.0000	</row2>
			<row3>	0.2499 0.4733 2.5846 1.0000	</row3>
		</transform>
	</node>
	<node>
		<identifier>	MP_AM079_24in_SearchLight	</identifier>
		<parent>	Scene Root	</parent>
		<transform>
			<row0>	0.0000 0.0000 -1.0000 0.0000	</row0>
			<row1>	0.0000 1.0000 0.0000 0.0000	</row1>
			<row2>	1.0000 0.0000 0.0000 0.0000	</row2>
			<row3>	0.3233 0.9120 0.7717 1.0000	</row3>
		</transform>
	</node>
	<node>
		<identifier>	MP_AM079_24in_SearchLight_INDEX_1	</identifier>
		<parent>	Scene Root	</parent>
		<transform>
			<row0>	0.0000 0.0000 1.0000 0.0000	</row0>
			<row1>	0.0000 1.0000 0.0000 0.0000	</row1>
			<row2>	-1.0000 0.0000 0.0000 0.0000	</row2>
			<row3>	-0.3233 0.9116 0.7717 1.0000	</row3>
		</transform>
	</node>
	<node>
		<identifier>	MP_AM108_Reels_4	</identifier>
		<parent>	Scene Root	</parent>
		<transform>
			<row0>	0.6748 0.0000 -0.3273 0.0000	</row0>
			<row1>	0.0000 0.7500 0.0000 0.0000	</row1>
			<row2>	0.3273 0.0000 0.6748 0.0000	</row2>
			<row3>	-0.3981 0.5471 2.0321 1.0000	</row3>
		</transform>
	</node>
	<node>
		<identifier>	MP_AM108_Reels_4_INDEX_1	</identifier>
		<parent>	Scene Root	</parent>
		<transform>
			<row0>	0.6748 0.0000 0.3273 0.0000	</row0>
			<row1>	0.0000 0.7500 0.0000 0.0000	</row1>
			<row2>	-0.3273 0.0000 0.6748 0.0000	</row2>
			<row3>	0.3981 0.5471 2.0321 1.0000	</row3>
		</transform>
	</node>
	<node>
		<identifier>	MP_AM115_RDF	</identifier>
		<parent>	Scene Root	</parent>
		<transform>
			<row0>	0.0000 0.0000 1.0000 0.0000	</row0>
			<row1>	0.0000 1.0000 0.0000 0.0000	</row1>
			<row2>	-1.0000 0.0000 0.0000 0.0000	</row2>
			<row3>	0.0000 1.1806 0.8803 1.0000	</row3>
		</transform>
	</node>
	<node>
		<identifier>	MP_AM129_Turtles_box	</identifier>
		<parent>	Scene Root	</parent>
		<transform>
			<row0>	0.0000 0.0000 1.0000 0.0000	</row0>
			<row1>	0.0000 1.0000 0.0000 0.0000	</row1>
			<row2>	-1.0000 0.0000 0.0000 0.0000	</row2>
			<row3>	-0.4039 0.7799 0.0027 1.0000	</row3>
		</transform>
	</node>
	<node>
		<identifier>	MP_AM129_Turtles_box_INDEX_1	</identifier>
		<parent>	Scene Root	</parent>
		<transform>
			<row0>	0.0000 0.0000 -1.0000 0.0000	</row0>
			<row1>	0.0000 1.0000 0.0000 0.0000	</row1>
			<row2>	1.0000 0.0000 0.0000 0.0000	</row2>
			<row3>	0.7098 0.3986 -1.1003 1.0000	</row3>
		</transform>
	</node>
	<node>
		<identifier>	MP_AM129_Turtles_box_INDEX_10	</identifier>
		<parent>	Scene Root	</parent>
		<transform>
			<row0>	0.0000 0.0000 1.0000 0.0000	</row0>
			<row1>	0.0000 1.0000 0.0000 0.0000	</row1>
			<row2>	-1.0000 0.0000 0.0000 0.0000	</row2>
			<row3>	-0.7943 0.3986 1.5750 1.0000	</row3>
		</transform>
	</node>
	<node>
		<identifier>	MP_AM129_Turtles_box_INDEX_11	</identifier>
		<parent>	Scene Root	</parent>
		<transform>
			<row0>	0.0000 0.0000 -1.0000 0.0000	</row0>
			<row1>	0.0000 1.0000 0.0000 0.0000	</row1>
			<row2>	1.0000 0.0000 0.0000 0.0000	</row2>
			<row3>	-0.1605 1.0589 1.3277 1.0000	</row3>
		</transform>
	</node>
	<node>
		<identifier>	MP_AM129_Turtles_box_INDEX_12	</identifier>
		<parent>	Scene Root	</parent>
		<transform>
			<row0>	0.0000 0.0000 -1.0000 0.0000	</row0>
			<row1>	0.0000 1.0000 0.0000 0.0000	</row1>
			<row2>	1.0000 0.0000 0.0000 0.0000	</row2>
			<row3>	0.9520 0.2886 -1.1003 1.0000	</row3>
		</transform>
	</node>
	<node>
		<identifier>	MP_AM129_Turtles_box_INDEX_13	</identifier>
		<parent>	Scene Root	</parent>
		<transform>
			<row0>	0.0000 0.0000 1.0000 0.0000	</row0>
			<row1>	0.0000 1.0000 0.0000 0.0000	</row1>
			<row2>	-1.0000 0.0000 0.0000 0.0000	</row2>
			<row3>	0.1605 1.0589 1.3277 1.0000	</row3>
		</transform>
	</node>
	<node>
		<identifier>	MP_AM129_Turtles_box_INDEX_14	</identifier>
		<parent>	Scene Root	</parent>
		<transform>
			<row0>	0.0000 0.0000 1.0000 0.0000	</row0>
			<row1>	0.0000 1.0000 0.0000 0.0000	</row1>
			<row2>	-1.0000 0.0000 0.0000 0.0000	</row2>
			<row3>	-0.1698 0.8958 1.2310 1.0000	</row3>
		</transform>
	</node>
	<node>
		<identifier>	MP_AM129_Turtles_box_INDEX_15	</identifier>
		<parent>	Scene Root	</parent>
		<transform>
			<row0>	0.0000 0.0000 1.0000 0.0000	</row0>
			<row1>	0.0000 1.0000 0.0000 0.0000	</row1>
			<row2>	-1.0000 0.0000 0.0000 0.0000	</row2>
			<row3>	-0.9520 0.2886 -1.1003 1.0000	</row3>
		</transform>
	</node>
	<node>
		<identifier>	MP_AM129_Turtles_box_INDEX_16	</identifier>
		<parent>	Scene Root	</parent>
		<transform>
			<row0>	0.0000 0.0000 -1.0000 0.0000	</row0>
			<row1>	0.0000 1.0000 0.0000 0.0000	</row1>
			<row2>	1.0000 0.0000 0.0000 0.0000	</row2>
			<row3>	0.5658 0.6200 -0.9733 1.0000	</row3>
		</transform>
	</node>
	<node>
		<identifier>	MP_AM129_Turtles_box_INDEX_17	</identifier>
		<parent>	Scene Root	</parent>
		<transform>
			<row0>	0.0000 0.0000 1.0000 0.0000	</row0>
			<row1>	0.1931 0.9812 0.0000 0.0000	</row1>
			<row2>	-0.9812 0.1931 0.0000 0.0000	</row2>
			<row3>	-0.1618 0.5762 -1.7189 1.0000	</row3>
		</transform>
	</node>
	<node>
		<identifier>	MP_AM129_Turtles_box_INDEX_18	</identifier>
		<parent>	Scene Root	</parent>
		<transform>
			<row0>	0.0000 0.0000 -1.0000 0.0000	</row0>
			<row1>	-0.1931 0.9812 0.0000 0.0000	</row1>
			<row2>	0.9812 0.1931 0.0000 0.0000	</row2>
			<row3>	0.1617 0.5762 -1.7552 1.0000	</row3>
		</transform>
	</node>
	<node>
		<identifier>	MP_AM129_Turtles_box_INDEX_19	</identifier>
		<parent>	Scene Root	</parent>
		<transform>
			<row0>	0.0000 0.0000 -1.0000 0.0000	</row0>
			<row1>	0.0000 1.0000 0.0000 0.0000	</row1>
			<row2>	1.0000 0.0000 0.0000 0.0000	</row2>
			<row3>	0.4039 0.7799 0.0027 1.0000	</row3>
		</transform>
	</node>
	<node>
		<identifier>	MP_AM129_Turtles_box_INDEX_2	</identifier>
		<parent>	Scene Root	</parent>
		<transform>
			<row0>	0.0000 0.0000 -1.0000 0.0000	</row0>
			<row1>	0.0000 1.0000 0.0000 0.0000	</row1>
			<row2>	1.0000 0.0000 0.0000 0.0000	</row2>
			<row3>	0.7943 0.3986 1.5750 1.0000	</row3>
		</transform>
	</node>
	<node>
		<identifier>	MP_AM129_Turtles_box_INDEX_3	</identifier>
		<parent>	Scene Root	</parent>
		<transform>
			<row0>	0.8645 0.0000 -0.5026 0.0000	</row0>
			<row1>	0.0000 1.0000 0.0000 0.0000	</row1>
			<row2>	0.5026 0.0000 0.8645 0.0000	</row2>
			<row3>	0.5686 0.4185 2.0383 1.0000	</row3>
		</transform>
	</node>
	<node>
		<identifier>	MP_AM129_Turtles_box_INDEX_4	</identifier>
		<parent>	Scene Root	</parent>
		<transform>
			<row0>	0.0000 0.0000 -1.0000 0.0000	</row0>
			<row1>	0.0000 1.0000 0.0000 0.0000	</row1>
			<row2>	1.0000 0.0000 0.0000 0.0000	</row2>
			<row3>	0.1698 0.8958 1.2310 1.0000	</row3>
		</transform>
	</node>
	<node>
		<identifier>	MP_AM129_Turtles_box_INDEX_5	</identifier>
		<parent>	Scene Root	</parent>
		<transform>
			<row0>	0.8645 0.0000 0.5026 0.0000	</row0>
			<row1>	0.0000 1.0000 0.0000 0.0000	</row1>
			<row2>	-0.5026 0.0000 0.8645 0.0000	</row2>
			<row3>	-0.5686 0.4185 2.0383 1.0000	</row3>
		</transform>
	</node>
	<node>
		<identifier>	MP_AM129_Turtles_box_INDEX_6	</identifier>
		<parent>	Scene Root	</parent>
		<transform>
			<row0>	0.0000 0.0000 1.0000 0.0000	</row0>
			<row1>	0.0000 1.0000 0.0000 0.0000	</row1>
			<row2>	-1.0000 0.0000 0.0000 0.0000	</row2>
			<row3>	-0.7098 0.3986 -1.1003 1.0000	</row3>
		</transform>
	</node>
	<node>
		<identifier>	MP_AM129_Turtles_box_INDEX_7	</identifier>
		<parent>	Scene Root	</parent>
		<transform>
			<row0>	0.9795 0.0000 -0.2015 0.0000	</row0>
			<row1>	0.0000 1.0000 0.0000 0.0000	</row1>
			<row2>	0.2015 0.0000 0.9795 0.0000	</row2>
			<row3>	0.6397 0.5468 1.4647 1.0000	</row3>
		</transform>
	</node>
	<node>
		<identifier>	MP_AM129_Turtles_box_INDEX_8	</identifier>
		<parent>	Scene Root	</parent>
		<transform>
			<row0>	0.0000 0.0000 1.0000 0.0000	</row0>
			<row1>	0.0000 1.0000 0.0000 0.0000	</row1>
			<row2>	-1.0000 0.0000 0.0000 0.0000	</row2>
			<row3>	-0.5658 0.6200 -0.9733 1.0000	</row3>
		</transform>
	</node>
	<node>
		<identifier>	MP_AM129_Turtles_box_INDEX_9	</identifier>
		<parent>	Scene Root	</parent>
		<transform>
			<row0>	0.9795 0.0000 0.2015 0.0000	</row0>
			<row1>	0.0000 1.0000 0.0000 0.0000	</row1>
			<row2>	-0.2015 0.0000 0.9795 0.0000	</row2>
			<row3>	-0.6397 0.5468 1.4647 1.0000	</row3>
		</transform>
	</node>
	<node>
		<identifier>	MP_AM131_Davit_2	</identifier>
		<parent>	Scene Root	</parent>
		<transform>
			<row0>	0.0000 0.4934 0.0057 0.0000	</row0>
			<row1>	0.0000 -0.0057 0.4934 0.0000	</row1>
			<row2>	0.4934 0.0000 0.0000 0.0000	</row2>
			<row3>	-1.0354 0.2283 -1.6927 1.0000	</row3>
		</transform>
	</node>
	<node>
		<identifier>	MP_AM131_Davit_2_INDEX_1	</identifier>
		<parent>	Scene Root	</parent>
		<transform>
			<row0>	0.0000 -0.4934 -0.0057 0.0000	</row0>
			<row1>	0.0000 -0.0057 0.4934 0.0000	</row1>
			<row2>	-0.4934 0.0000 0.0000 0.0000	</row2>
			<row3>	1.0354 0.2283 -1.6927 1.0000	</row3>
		</transform>
	</node>
	<node>
		<identifier>	MP_AM132_Flag_Box	</identifier>
		<parent>	Scene Root	</parent>
		<transform>
			<row0>	1.0000 0.0000 0.0000 0.0000	</row0>
			<row1>	0.0000 1.0000 0.0000 0.0000	</row1>
			<row2>	0.0000 0.0000 1.0000 0.0000	</row2>
			<row3>	0.3714 0.5690 -1.0275 1.0000	</row3>
		</transform>
	</node>
	<node>
		<identifier>	MP_AM132_Flag_Box_INDEX_1	</identifier>
		<parent>	Scene Root	</parent>
		<transform>
			<row0>	1.0000 0.0000 0.0000 0.0000	</row0>
			<row1>	0.0000 1.0000 0.0000 0.0000	</row1>
			<row2>	0.0000 0.0000 1.0000 0.0000	</row2>
			<row3>	-0.3714 0.5690 -1.0275 1.0000	</row3>
		</transform>
	</node>
	<node>
		<identifier>	MP_AM133_Boat_7	</identifier>
		<parent>	Scene Root	</parent>
		<transform>
			<row0>	-0.0004 1.0000 -0.0008 0.0000	</row0>
			<row1>	-0.8970 0.0000 0.4419 0.0000	</row1>
			<row2>	0.4419 0.0009 0.8970 0.0000	</row2>
			<row3>	-0.7935 0.5165 1.6452 1.0000	</row3>
		</transform>
	</node>
	<node>
		<identifier>	MP_AM133_Boat_7_INDEX_1	</identifier>
		<parent>	Scene Root	</parent>
		<transform>
			<row0>	0.8930 0.0012 -0.4500 0.0000	</row0>
			<row1>	-0.0017 1.0000 -0.0006 0.0000	</row1>
			<row2>	0.4500 0.0013 0.8930 0.0000	</row2>
			<row3>	-0.7345 0.5628 1.8927 1.0000	</row3>
		</transform>
	</node>
	<node>
		<identifier>	MP_AM133_Boat_7_INDEX_2	</identifier>
		<parent>	Scene Root	</parent>
		<transform>
			<row0>	0.8930 -0.0012 0.4500 0.0000	</row0>
			<row1>	0.0017 1.0000 -0.0006 0.0000	</row1>
			<row2>	-0.4500 0.0013 0.8930 0.0000	</row2>
			<row3>	0.7345 0.5401 1.8927 1.0000	</row3>
		</transform>
	</node>
	<node>
		<identifier>	MP_AM133_Boat_7_INDEX_3	</identifier>
		<parent>	Scene Root	</parent>
		<transform>
			<row0>	-0.0004 1.0000 -0.0008 0.0000	</row0>
			<row1>	-0.8970 0.0000 0.4419 0.0000	</row1>
			<row2>	0.4419 0.0009 0.8970 0.0000	</row2>
			<row3>	-0.8140 0.5165 1.6552 1.0000	</row3>
		</transform>
	</node>
	<node>
		<identifier>	MP_AM133_Boat_7_INDEX_4	</identifier>
		<parent>	Scene Root	</parent>
		<transform>
			<row0>	-0.0004 -1.0000 0.0008 0.0000	</row0>
			<row1>	0.8970 0.0000 0.4419 0.0000	</row1>
			<row2>	-0.4419 0.0009 0.8970 0.0000	</row2>
			<row3>	0.8140 0.5165 1.6552 1.0000	</row3>
		</transform>
	</node>
	<node>
		<identifier>	MP_AM133_Boat_7_INDEX_5	</identifier>
		<parent>	Scene Root	</parent>
		<transform>
			<row0>	-0.0004 -1.0000 0.0008 0.0000	</row0>
			<row1>	0.8970 0.0000 0.4419 0.0000	</row1>
			<row2>	-0.4419 0.0009 0.8970 0.0000	</row2>
			<row3>	0.7935 0.5165 1.6452 1.0000	</row3>
		</transform>
	</node>
	<node>
		<identifier>	MP_AM133_Boat_7_INDEX_6	</identifier>
		<parent>	Scene Root	</parent>
		<transform>
			<row0>	0.8930 -0.0012 0.4500 0.0000	</row0>
			<row1>	0.0017 1.0000 -0.0006 0.0000	</row1>
			<row2>	-0.4500 0.0013 0.8930 0.0000	</row2>
			<row3>	0.7345 0.5628 1.8927 1.0000	</row3>
		</transform>
	</node>
	<node>
		<identifier>	MP_AM133_Boat_7_INDEX_7	</identifier>
		<parent>	Scene Root	</parent>
		<transform>
			<row0>	0.8930 0.0012 -0.4500 0.0000	</row0>
			<row1>	-0.0017 1.0000 -0.0006 0.0000	</row1>
			<row2>	0.4500 0.0013 0.8930 0.0000	</row2>
			<row3>	-0.7345 0.5401 1.8927 1.0000	</row3>
		</transform>
	</node>
	<node>
		<identifier>	MP_AM157_Telephone	</identifier>
		<parent>	Scene Root	</parent>
		<transform>
			<row0>	-0.8660 0.0000 -0.5000 0.0000	</row0>
			<row1>	0.0000 1.0000 0.0000 0.0000	</row1>
			<row2>	0.5000 0.0000 -0.8660 0.0000	</row2>
			<row3>	-0.0547 1.1269 1.2611 1.0000	</row3>
		</transform>
	</node>
	<node>
		<identifier>	MP_AM157_Telephone_INDEX_1	</identifier>
		<parent>	Scene Root	</parent>
		<transform>
			<row0>	-1.0000 0.0000 0.0000 0.0000	</row0>
			<row1>	0.0000 1.0000 0.0000 0.0000	</row1>
			<row2>	0.0000 0.0000 -1.0000 0.0000	</row2>
			<row3>	-0.0082 1.6767 0.7073 1.0000	</row3>
		</transform>
	</node>
	<node>
		<identifier>	MP_AM157_Telephone_INDEX_10	</identifier>
		<parent>	Scene Root	</parent>
		<transform>
			<row0>	0.0000 0.0000 1.0000 0.0000	</row0>
			<row1>	-0.0629 0.9980 0.0000 0.0000	</row1>
			<row2>	-0.9980 -0.0629 0.0000 0.0000	</row2>
			<row3>	0.1615 1.2551 0.4326 1.0000	</row3>
		</transform>
	</node>
	<node>
		<identifier>	MP_AM157_Telephone_INDEX_11	</identifier>
		<parent>	Scene Root	</parent>
		<transform>
			<row0>	0.0000 0.0000 -1.0000 0.0000	</row0>
			<row1>	0.1120 0.9937 0.0000 0.0000	</row1>
			<row2>	0.9937 -0.1120 0.0000 0.0000	</row2>
			<row3>	-0.1300 1.5505 0.6951 1.0000	</row3>
		</transform>
	</node>
	<node>
		<identifier>	MP_AM157_Telephone_INDEX_12	</identifier>
		<parent>	Scene Root	</parent>
		<transform>
			<row0>	0.0000 0.0000 -1.0000 0.0000	</row0>
			<row1>	0.0586 0.9983 0.0000 0.0000	</row1>
			<row2>	0.9983 -0.0586 0.0000 0.0000	</row2>
			<row3>	-0.1615 1.2577 0.4326 1.0000	</row3>
		</transform>
	</node>
	<node>
		<identifier>	MP_AM157_Telephone_INDEX_13	</identifier>
		<parent>	Scene Root	</parent>
		<transform>
			<row0>	0.0000 0.0000 1.0000 0.0000	</row0>
			<row1>	-0.0900 0.9959 0.0000 0.0000	</row1>
			<row2>	-0.9959 -0.0900 0.0000 0.0000	</row2>
			<row3>	0.1237 1.0297 -0.8276 1.0000	</row3>
		</transform>
	</node>
	<node>
		<identifier>	MP_AM157_Telephone_INDEX_14	</identifier>
		<parent>	Scene Root	</parent>
		<transform>
			<row0>	1.0000 0.0000 0.0000 0.0000	</row0>
			<row1>	0.0000 1.0000 0.0000 0.0000	</row1>
			<row2>	0.0000 0.0000 1.0000 0.0000	</row2>
			<row3>	0.0000 0.8994 -1.0865 1.0000	</row3>
		</transform>
	</node>
	<node>
		<identifier>	MP_AM157_Telephone_INDEX_15	</identifier>
		<parent>	Scene Root	</parent>
		<transform>
			<row0>	-1.0000 0.0000 0.0000 0.0000	</row0>
			<row1>	0.0000 1.0000 0.0000 0.0000	</row1>
			<row2>	0.0000 0.0000 -1.0000 0.0000	</row2>
			<row3>	-0.1395 0.6225 -0.7622 1.0000	</row3>
		</transform>
	</node>
	<node>
		<identifier>	MP_AM157_Telephone_INDEX_2	</identifier>
		<parent>	Scene Root	</parent>
		<transform>
			<row0>	0.0000 0.0000 1.0000 0.0000	</row0>
			<row1>	0.0000 1.0000 0.0000 0.0000	</row1>
			<row2>	-1.0000 0.0000 0.0000 0.0000	</row2>
			<row3>	0.1680 0.9620 0.7546 1.0000	</row3>
		</transform>
	</node>
	<node>
		<identifier>	MP_AM157_Telephone_INDEX_3	</identifier>
		<parent>	Scene Root	</parent>
		<transform>
			<row0>	0.0000 0.0000 1.0000 0.0000	</row0>
			<row1>	0.0000 1.0000 0.0000 0.0000	</row1>
			<row2>	-1.0000 0.0000 0.0000 0.0000	</row2>
			<row3>	-0.0305 1.6673 0.2832 1.0000	</row3>
		</transform>
	</node>
	<node>
		<identifier>	MP_AM157_Telephone_INDEX_4	</identifier>
		<parent>	Scene Root	</parent>
		<transform>
			<row0>	0.0000 0.0000 1.0000 0.0000	</row0>
			<row1>	0.0000 1.0000 0.0000 0.0000	</row1>
			<row2>	-1.0000 0.0000 0.0000 0.0000	</row2>
			<row3>	0.1680 0.9620 1.2611 1.0000	</row3>
		</transform>
	</node>
	<node>
		<identifier>	MP_AM157_Telephone_INDEX_5	</identifier>
		<parent>	Scene Root	</parent>
		<transform>
			<row0>	-1.0000 0.0000 0.0000 0.0000	</row0>
			<row1>	0.0000 1.0000 0.0000 0.0000	</row1>
			<row2>	0.0000 0.0000 -1.0000 0.0000	</row2>
			<row3>	0.1395 0.6225 -0.7622 1.0000	</row3>
		</transform>
	</node>
	<node>
		<identifier>	MP_AM157_Telephone_INDEX_6	</identifier>
		<parent>	Scene Root	</parent>
		<transform>
			<row0>	0.0000 0.0000 -1.0000 0.0000	</row0>
			<row1>	0.0792 0.9969 0.0000 0.0000	</row1>
			<row2>	0.9969 -0.0792 0.0000 0.0000	</row2>
			<row3>	-0.1234 1.0297 -0.8269 1.0000	</row3>
		</transform>
	</node>
	<node>
		<identifier>	MP_AM157_Telephone_INDEX_7	</identifier>
		<parent>	Scene Root	</parent>
		<transform>
			<row0>	-0.8660 0.0000 0.5000 0.0000	</row0>
			<row1>	0.0000 1.0000 0.0000 0.0000	</row1>
			<row2>	-0.5000 0.0000 -0.8660 0.0000	</row2>
			<row3>	0.0547 1.1269 1.2611 1.0000	</row3>
		</transform>
	</node>
	<node>
		<identifier>	MP_AM157_Telephone_INDEX_8	</identifier>
		<parent>	Scene Root	</parent>
		<transform>
			<row0>	0.0000 0.0000 1.0000 0.0000	</row0>
			<row1>	-0.1141 0.9935 0.0000 0.0000	</row1>
			<row2>	-0.9935 -0.1141 0.0000 0.0000	</row2>
			<row3>	0.1304 1.5439 0.7037 1.0000	</row3>
		</transform>
	</node>
	<node>
		<identifier>	MP_AM157_Telephone_INDEX_9	</identifier>
		<parent>	Scene Root	</parent>
		<transform>
			<row0>	0.9871 0.0000 -0.1601 0.0000	</row0>
			<row1>	0.0000 1.0000 0.0000 0.0000	</row1>
			<row2>	0.1601 0.0000 0.9871 0.0000	</row2>
			<row3>	-0.0243 1.1194 1.0900 1.0000	</row3>
		</transform>
	</node>
	<node>
		<identifier>	MP_AM164_Signal_Lamp_4	</identifier>
		<parent>	Scene Root	</parent>
		<transform>
			<row0>	0.0000 0.0000 1.0000 0.0000	</row0>
			<row1>	0.0000 1.0000 0.0000 0.0000	</row1>
			<row2>	-1.0000 0.0000 0.0000 0.0000	</row2>
			<row3>	-0.1847 1.5266 0.4872 1.0000	</row3>
		</transform>
	</node>
	<node>
		<identifier>	MP_AM164_Signal_Lamp_4_INDEX_1	</identifier>
		<parent>	Scene Root	</parent>
		<transform>
			<row0>	0.0000 0.0000 -1.0000 0.0000	</row0>
			<row1>	0.0000 1.0000 0.0000 0.0000	</row1>
			<row2>	1.0000 0.0000 0.0000 0.0000	</row2>
			<row3>	0.2341 1.2460 0.4492 1.0000	</row3>
		</transform>
	</node>
	<node>
		<identifier>	MP_AM164_Signal_Lamp_4_INDEX_2	</identifier>
		<parent>	Scene Root	</parent>
		<transform>
			<row0>	0.0000 0.0000 1.0000 0.0000	</row0>
			<row1>	0.0000 1.0000 0.0000 0.0000	</row1>
			<row2>	-1.0000 0.0000 0.0000 0.0000	</row2>
			<row3>	-0.2830 1.3889 0.1506 1.0000	</row3>
		</transform>
	</node>
	<node>
		<identifier>	MP_AM164_Signal_Lamp_4_INDEX_3	</identifier>
		<parent>	Scene Root	</parent>
		<transform>
			<row0>	0.0000 0.0000 1.0000 0.0000	</row0>
			<row1>	0.0000 1.0000 0.0000 0.0000	</row1>
			<row2>	-1.0000 0.0000 0.0000 0.0000	</row2>
			<row3>	-0.2244 1.2460 0.4492 1.0000	</row3>
		</transform>
	</node>
	<node>
		<identifier>	MP_AM164_Signal_Lamp_4_INDEX_4	</identifier>
		<parent>	Scene Root	</parent>
		<transform>
			<row0>	0.0000 0.0000 1.0000 0.0000	</row0>
			<row1>	0.0000 1.0000 0.0000 0.0000	</row1>
			<row2>	-1.0000 0.0000 0.0000 0.0000	</row2>
			<row3>	-0.5523 0.9104 0.4650 1.0000	</row3>
		</transform>
	</node>
	<node>
		<identifier>	MP_AM164_Signal_Lamp_4_INDEX_5	</identifier>
		<parent>	Scene Root	</parent>
		<transform>
			<row0>	0.0000 0.0000 -1.0000 0.0000	</row0>
			<row1>	0.0000 1.0000 0.0000 0.0000	</row1>
			<row2>	1.0000 0.0000 0.0000 0.0000	</row2>
			<row3>	0.1847 1.5266 0.4872 1.0000	</row3>
		</transform>
	</node>
	<node>
		<identifier>	MP_AM164_Signal_Lamp_4_INDEX_6	</identifier>
		<parent>	Scene Root	</parent>
		<transform>
			<row0>	0.0000 0.0000 -1.0000 0.0000	</row0>
			<row1>	0.0000 1.0000 0.0000 0.0000	</row1>
			<row2>	1.0000 0.0000 0.0000 0.0000	</row2>
			<row3>	0.5523 0.9104 0.4650 1.0000	</row3>
		</transform>
	</node>
	<node>
		<identifier>	MP_AM164_Signal_Lamp_4_INDEX_7	</identifier>
		<parent>	Scene Root	</parent>
		<transform>
			<row0>	0.0000 0.0000 -1.0000 0.0000	</row0>
			<row1>	0.0000 1.0000 0.0000 0.0000	</row1>
			<row2>	1.0000 0.0000 0.0000 0.0000	</row2>
			<row3>	0.2830 1.3889 0.1506 1.0000	</row3>
		</transform>
	</node>
	<node>
		<identifier>	MP_AM173_Insulator_1	</identifier>
		<parent>	Scene Root	</parent>
		<transform>
			<row0>	0.6000 0.0000 0.0000 0.0000	</row0>
			<row1>	0.0000 0.6000 0.0000 0.0000	</row1>
			<row2>	0.0000 0.0000 0.6000 0.0000	</row2>
			<row3>	0.4341 0.4374 -1.3982 1.0000	</row3>
		</transform>
	</node>
	<node>
		<identifier>	MP_AM173_Insulator_1_INDEX_1	</identifier>
		<parent>	Scene Root	</parent>
		<transform>
			<row0>	0.5000 0.0000 0.0000 0.0000	</row0>
			<row1>	0.0000 0.5000 0.0000 0.0000	</row1>
			<row2>	0.0000 0.0000 0.5000 0.0000	</row2>
			<row3>	-0.4665 0.6954 -0.3913 1.0000	</row3>
		</transform>
	</node>
	<node>
		<identifier>	MP_AM173_Insulator_1_INDEX_2	</identifier>
		<parent>	Scene Root	</parent>
		<transform>
			<row0>	0.5000 0.0000 0.0000 0.0000	</row0>
			<row1>	0.0000 0.5000 0.0000 0.0000	</row1>
			<row2>	0.0000 0.0000 0.5000 0.0000	</row2>
			<row3>	0.4665 0.6954 -0.3913 1.0000	</row3>
		</transform>
	</node>
	<node>
		<identifier>	MP_AM173_Insulator_1_INDEX_3	</identifier>
		<parent>	Scene Root	</parent>
		<transform>
			<row0>	0.6000 0.0000 0.0000 0.0000	</row0>
			<row1>	0.0000 0.6000 0.0000 0.0000	</row1>
			<row2>	0.0000 0.0000 0.6000 0.0000	</row2>
			<row3>	0.4658 0.4374 -1.3982 1.0000	</row3>
		</transform>
	</node>
	<node>
		<identifier>	MP_AM176_Target_Desingnator	</identifier>
		<parent>	Scene Root	</parent>
		<transform>
			<row0>	-1.0000 0.0000 0.0000 0.0000	</row0>
			<row1>	0.0000 1.0000 0.0000 0.0000	</row1>
			<row2>	0.0000 0.0000 -1.0000 0.0000	</row2>
			<row3>	0.0000 1.6035 0.2794 1.0000	</row3>
		</transform>
	</node>
	<node>
		<identifier>	MP_AM176_Target_Desingnator_INDEX_1	</identifier>
		<parent>	Scene Root	</parent>
		<transform>
			<row0>	0.0000 0.0000 -1.0000 0.0000	</row0>
			<row1>	0.0000 1.0000 0.0000 0.0000	</row1>
			<row2>	1.0000 0.0000 0.0000 0.0000	</row2>
			<row3>	0.2130 1.0188 1.1804 1.0000	</row3>
		</transform>
	</node>
	<node>
		<identifier>	MP_AM176_Target_Desingnator_INDEX_2	</identifier>
		<parent>	Scene Root	</parent>
		<transform>
			<row0>	0.0000 0.0000 1.0000 0.0000	</row0>
			<row1>	0.0000 1.0000 0.0000 0.0000	</row1>
			<row2>	-1.0000 0.0000 0.0000 0.0000	</row2>
			<row3>	-0.2130 1.0188 1.1804 1.0000	</row3>
		</transform>
	</node>
	<node>
		<identifier>	MP_AM176_Target_Desingnator_INDEX_3	</identifier>
		<parent>	Scene Root	</parent>
		<transform>
			<row0>	0.0000 0.0000 1.0000 0.0000	</row0>
			<row1>	0.0000 1.0000 0.0000 0.0000	</row1>
			<row2>	-1.0000 0.0000 0.0000 0.0000	</row2>
			<row3>	-0.2130 1.0188 1.2961 1.0000	</row3>
		</transform>
	</node>
	<node>
		<identifier>	MP_AM176_Target_Desingnator_INDEX_4	</identifier>
		<parent>	Scene Root	</parent>
		<transform>
			<row0>	1.0000 0.0000 0.0000 0.0000	</row0>
			<row1>	0.0000 1.0000 0.0000 0.0000	</row1>
			<row2>	0.0000 0.0000 1.0000 0.0000	</row2>
			<row3>	0.1149 1.4565 0.8396 1.0000	</row3>
		</transform>
	</node>
	<node>
		<identifier>	MP_AM176_Target_Desingnator_INDEX_5	</identifier>
		<parent>	Scene Root	</parent>
		<transform>
			<row0>	1.0000 0.0000 0.0000 0.0000	</row0>
			<row1>	0.0000 1.0000 0.0000 0.0000	</row1>
			<row2>	0.0000 0.0000 1.0000 0.0000	</row2>
			<row3>	-0.1167 1.4565 0.8396 1.0000	</row3>
		</transform>
	</node>
	<node>
		<identifier>	MP_AM176_Target_Desingnator_INDEX_6	</identifier>
		<parent>	Scene Root	</parent>
		<transform>
			<row0>	1.0000 0.0000 0.0000 0.0000	</row0>
			<row1>	0.0000 1.0000 0.0000 0.0000	</row1>
			<row2>	0.0000 0.0000 1.0000 0.0000	</row2>
			<row3>	0.0000 1.6023 0.7702 1.0000	</row3>
		</transform>
	</node>
	<node>
		<identifier>	MP_AM176_Target_Desingnator_INDEX_7	</identifier>
		<parent>	Scene Root	</parent>
		<transform>
			<row0>	0.0000 0.0000 -1.0000 0.0000	</row0>
			<row1>	0.0000 1.0000 0.0000 0.0000	</row1>
			<row2>	1.0000 0.0000 0.0000 0.0000	</row2>
			<row3>	0.2130 1.0188 1.2961 1.0000	</row3>
		</transform>
	</node>
	<node>
		<identifier>	MP_AM188_Switch_Panel_5	</identifier>
		<parent>	Scene Root	</parent>
		<transform>
			<row0>	0.9935 -0.0613 0.0963 0.0000	</row0>
			<row1>	0.0513 0.9933 0.1035 0.0000	</row1>
			<row2>	-0.1020 -0.0978 0.9900 0.0000	</row2>
			<row3>	-0.0077 0.9063 -1.2333 1.0000	</row3>
		</transform>
	</node>
	<node>
		<identifier>	MP_AM188_Switch_Panel_5_INDEX_1	</identifier>
		<parent>	Scene Root	</parent>
		<transform>
			<row0>	-0.9810 0.0000 -0.1939 0.0000	</row0>
			<row1>	0.0513 0.9643 -0.2598 0.0000	</row1>
			<row2>	0.1870 -0.2648 -0.9460 0.0000	</row2>
			<row3>	0.0123 1.1178 1.0942 1.0000	</row3>
		</transform>
	</node>
	<node>
		<identifier>	MP_AM197_net_2	</identifier>
		<parent>	Scene Root	</parent>
		<transform>
			<row0>	0.0000 -0.7145 0.0000 0.0000	</row0>
			<row1>	0.7145 0.0000 -0.0004 0.0000	</row1>
			<row2>	0.0004 0.0000 0.7145 0.0000	</row2>
			<row3>	0.7885 0.6538 0.8713 1.0000	</row3>
		</transform>
	</node>
	<node>
		<identifier>	MP_AM197_net_2_INDEX_1	</identifier>
		<parent>	Scene Root	</parent>
		<transform>
			<row0>	0.0000 0.7145 0.0000 0.0000	</row0>
			<row1>	-0.7145 0.0000 -0.0004 0.0000	</row1>
			<row2>	-0.0004 0.0000 0.7145 0.0000	</row2>
			<row3>	-0.7885 0.6538 0.8713 1.0000	</row3>
		</transform>
	</node>
	<node>
		<identifier>	MP_AM198_net_3	</identifier>
		<parent>	Scene Root	</parent>
		<transform>
			<row0>	-0.9600 -0.0536 -0.0052 0.0000	</row0>
			<row1>	-0.0520 0.9462 -0.1624 0.0000	</row1>
			<row2>	0.0142 -0.1618 -0.9476 0.0000	</row2>
			<row3>	-0.4193 0.4193 -1.2385 1.0000	</row3>
		</transform>
	</node>
	<node>
		<identifier>	MP_AM198_net_3_INDEX_1	</identifier>
		<parent>	Scene Root	</parent>
		<transform>
			<row0>	-0.9611 -0.0253 -0.0052 0.0000	</row0>
			<row1>	-0.0241 0.9474 -0.1624 0.0000	</row1>
			<row2>	0.0094 -0.1622 -0.9476 0.0000	</row2>
			<row3>	-0.4484 0.3986 -1.2385 1.0000	</row3>
		</transform>
	</node>
	<node>
		<identifier>	MP_AM198_net_3_INDEX_2	</identifier>
		<parent>	Scene Root	</parent>
		<transform>
			<row0>	0.9572 0.0905 0.0031 0.0000	</row0>
			<row1>	-0.0905 0.9572 -0.0011 0.0000	</row1>
			<row2>	-0.0031 0.0008 0.9615 0.0000	</row2>
			<row3>	-0.4402 0.4343 -1.2385 1.0000	</row3>
		</transform>
	</node>
	<node>
		<identifier>	MP_AM198_net_3_INDEX_3	</identifier>
		<parent>	Scene Root	</parent>
		<transform>
			<row0>	0.9612 0.0185 0.0095 0.0000	</row0>
			<row1>	-0.0178 0.9591 -0.0645 0.0000	</row1>
			<row2>	-0.0107 0.0643 0.9593 0.0000	</row2>
			<row3>	-0.4448 0.3785 -1.2320 1.0000	</row3>
		</transform>
	</node>
	<node>
		<identifier>	MP_AM198_net_3_INDEX_4	</identifier>
		<parent>	Scene Root	</parent>
		<transform>
			<row0>	0.9572 -0.0905 -0.0031 0.0000	</row0>
			<row1>	0.0905 0.9572 -0.0011 0.0000	</row1>
			<row2>	0.0031 0.0008 0.9615 0.0000	</row2>
			<row3>	0.4402 0.4343 -1.2385 1.0000	</row3>
		</transform>
	</node>
	<node>
		<identifier>	MP_AM198_net_3_INDEX_5	</identifier>
		<parent>	Scene Root	</parent>
		<transform>
			<row0>	-0.9600 0.0536 0.0052 0.0000	</row0>
			<row1>	0.0520 0.9462 -0.1624 0.0000	</row1>
			<row2>	-0.0142 -0.1618 -0.9476 0.0000	</row2>
			<row3>	0.4193 0.4193 -1.2385 1.0000	</row3>
		</transform>
	</node>
	<node>
		<identifier>	MP_AM198_net_3_INDEX_6	</identifier>
		<parent>	Scene Root	</parent>
		<transform>
			<row0>	-0.9611 0.0253 0.0052 0.0000	</row0>
			<row1>	0.0241 0.9474 -0.1624 0.0000	</row1>
			<row2>	-0.0094 -0.1622 -0.9476 0.0000	</row2>
			<row3>	0.4484 0.3986 -1.2385 1.0000	</row3>
		</transform>
	</node>
	<node>
		<identifier>	MP_AM198_net_3_INDEX_7	</identifier>
		<parent>	Scene Root	</parent>
		<transform>
			<row0>	0.9612 -0.0185 -0.0095 0.0000	</row0>
			<row1>	0.0178 0.9591 -0.0645 0.0000	</row1>
			<row2>	0.0107 0.0643 0.9593 0.0000	</row2>
			<row3>	0.4448 0.3785 -1.2320 1.0000	</row3>
		</transform>
	</node>
	<node>
		<identifier>	MP_AM2040_Whaleboat_26ft	</identifier>
		<parent>	Scene Root	</parent>
		<transform>
			<row0>	1.0000 0.0000 0.0000 0.0000	</row0>
			<row1>	0.0000 1.0000 0.0000 0.0000	</row1>
			<row2>	0.0000 0.0000 1.0000 0.0000	</row2>
			<row3>	-0.6371 0.4242 -1.7331 1.0000	</row3>
		</transform>
	</node>
	<node>
		<identifier>	MP_AM2040_Whaleboat_26ft_INDEX_1	</identifier>
		<parent>	Scene Root	</parent>
		<transform>
			<row0>	1.0000 0.0000 0.0000 0.0000	</row0>
			<row1>	0.0000 1.0000 0.0000 0.0000	</row1>
			<row2>	0.0000 0.0000 1.0000 0.0000	</row2>
			<row3>	-0.4294 0.4247 -1.7276 1.0000	</row3>
		</transform>
	</node>
	<node>
		<identifier>	MP_AM219_Bollard	</identifier>
		<parent>	Scene Root	</parent>
		<transform>
			<row0>	-1.3726 0.0000 0.0313 0.0000	</row0>
			<row1>	0.0000 1.3730 0.0000 0.0000	</row1>
			<row2>	-0.0313 0.0000 -1.3726 0.0000	</row2>
			<row3>	1.0822 0.2165 -1.5766 1.0000	</row3>
		</transform>
	</node>
	<node>
		<identifier>	MP_AM219_Bollard_INDEX_1	</identifier>
		<parent>	Scene Root	</parent>
		<transform>
			<row0>	-1.3726 0.0000 -0.0313 0.0000	</row0>
			<row1>	0.0000 1.3730 0.0000 0.0000	</row1>
			<row2>	0.0313 0.0000 -1.3726 0.0000	</row2>
			<row3>	-1.0822 0.2165 -1.5766 1.0000	</row3>
		</transform>
	</node>
	<node>
		<identifier>	MP_AM219_Bollard_INDEX_2	</identifier>
		<parent>	Scene Root	</parent>
		<transform>
			<row0>	-1.3694 0.0000 -0.0998 0.0000	</row0>
			<row1>	0.0000 1.3730 0.0000 0.0000	</row1>
			<row2>	0.0998 0.0000 -1.3694 0.0000	</row2>
			<row3>	0.8055 0.3847 2.2312 1.0000	</row3>
		</transform>
	</node>
	<node>
		<identifier>	MP_AM219_Bollard_INDEX_3	</identifier>
		<parent>	Scene Root	</parent>
		<transform>
			<row0>	-1.3694 0.0000 0.0998 0.0000	</row0>
			<row1>	0.0000 1.3730 0.0000 0.0000	</row1>
			<row2>	-0.0998 0.0000 -1.3694 0.0000	</row2>
			<row3>	-0.8055 0.3847 2.2312 1.0000	</row3>
		</transform>
	</node>
	<node>
		<identifier>	MP_AM248_Ammunition_Box	</identifier>
		<parent>	Scene Root	</parent>
		<transform>
			<row0>	0.0000 0.0000 1.0000 0.0000	</row0>
			<row1>	0.0000 1.0000 0.0000 0.0000	</row1>
			<row2>	-1.0000 0.0000 0.0000 0.0000	</row2>
			<row3>	0.2915 0.8780 1.0659 1.0000	</row3>
		</transform>
	</node>
	<node>
		<identifier>	MP_AM337_Boat	</identifier>
		<parent>	Scene Root	</parent>
		<transform>
			<row0>	1.0000 0.0000 0.0000 0.0000	</row0>
			<row1>	0.0000 0.9977 -0.0684 0.0000	</row1>
			<row2>	0.0000 0.0684 0.9977 0.0000	</row2>
			<row3>	0.6169 0.3791 -1.1739 1.0000	</row3>
		</transform>
	</node>
	<node>
		<identifier>	MP_AM337_Boat_INDEX_1	</identifier>
		<parent>	Scene Root	</parent>
		<transform>
			<row0>	0.0000 -0.0731 -0.9973 0.0000	</row0>
			<row1>	0.0000 0.9973 -0.0731 0.0000	</row1>
			<row2>	1.0000 0.0000 0.0000 0.0000	</row2>
			<row3>	0.4457 0.3820 -1.1291 1.0000	</row3>
		</transform>
	</node>
	<node>
		<identifier>	MP_AM337_Boat_INDEX_2	</identifier>
		<parent>	Scene Root	</parent>
		<transform>
			<row0>	0.0000 0.0731 0.9973 0.0000	</row0>
			<row1>	0.0000 0.9973 -0.0731 0.0000	</row1>
			<row2>	-1.0000 0.0000 0.0000 0.0000	</row2>
			<row3>	-0.4457 0.3820 -1.1291 1.0000	</row3>
		</transform>
	</node>
	<node>
		<identifier>	MP_AM337_Boat_INDEX_3	</identifier>
		<parent>	Scene Root	</parent>
		<transform>
			<row0>	1.0000 0.0000 0.0000 0.0000	</row0>
			<row1>	0.0000 0.9977 -0.0684 0.0000	</row1>
			<row2>	0.0000 0.0684 0.9977 0.0000	</row2>
			<row3>	-0.6169 0.3791 -1.1739 1.0000	</row3>
		</transform>
	</node>
	<node>
		<identifier>	MP_AM433_MC_Box	</identifier>
		<parent>	Scene Root	</parent>
		<transform>
			<row0>	-0.8361 0.0000 -0.5486 0.0000	</row0>
			<row1>	0.0000 1.0000 0.0000 0.0000	</row1>
			<row2>	0.5486 0.0000 -0.8361 0.0000	</row2>
			<row3>	0.0534 1.1322 1.1029 1.0000	</row3>
		</transform>
	</node>
	<node>
		<identifier>	MP_AM433_MC_Box_INDEX_1	</identifier>
		<parent>	Scene Root	</parent>
		<transform>
			<row0>	0.8574 0.0000 0.5146 0.0000	</row0>
			<row1>	0.0000 1.0000 0.0000 0.0000	</row1>
			<row2>	-0.5146 0.0000 0.8574 0.0000	</row2>
			<row3>	-0.0474 0.9086 -1.2445 1.0000	</row3>
		</transform>
	</node>
	<node>
		<identifier>	MP_AM433_MC_Box_INDEX_2	</identifier>
		<parent>	Scene Root	</parent>
		<transform>
			<row0>	-0.8361 0.0000 0.5486 0.0000	</row0>
			<row1>	0.0000 1.0000 0.0000 0.0000	</row1>
			<row2>	-0.5486 0.0000 -0.8361 0.0000	</row2>
			<row3>	-0.0534 1.1322 1.1029 1.0000	</row3>
		</transform>
	</node>
	<node>
		<identifier>	MP_AM438_Speakerphone	</identifier>
		<parent>	Scene Root	</parent>
		<transform>
			<row0>	-0.8361 0.0000 0.5486 0.0000	</row0>
			<row1>	0.0000 1.0000 0.0000 0.0000	</row1>
			<row2>	-0.5486 0.0000 -0.8361 0.0000	</row2>
			<row3>	-0.0534 1.0976 1.1029 1.0000	</row3>
		</transform>
	</node>
	<node>
		<identifier>	MP_AM438_Speakerphone_INDEX_1	</identifier>
		<parent>	Scene Root	</parent>
		<transform>
			<row0>	0.9279 0.0000 -0.3728 0.0000	</row0>
			<row1>	0.0000 1.0000 0.0000 0.0000	</row1>
			<row2>	0.3728 0.0000 0.9279 0.0000	</row2>
			<row3>	0.0371 0.9000 -1.2407 1.0000	</row3>
		</transform>
	</node>
	<node>
		<identifier>	MP_AM438_Speakerphone_INDEX_2	</identifier>
		<parent>	Scene Root	</parent>
		<transform>
			<row0>	0.5672 0.0000 0.8236 0.0000	</row0>
			<row1>	0.0000 1.0000 0.0000 0.0000	</row1>
			<row2>	-0.8236 0.0000 0.5672 0.0000	</row2>
			<row3>	-0.0764 0.9078 -1.2706 1.0000	</row3>
		</transform>
	</node>
	<node>
		<identifier>	MP_AM438_Speakerphone_INDEX_3	</identifier>
		<parent>	Scene Root	</parent>
		<transform>
			<row0>	-0.5326 0.0000 -0.8464 0.0000	</row0>
			<row1>	0.0000 1.0000 0.0000 0.0000	</row1>
			<row2>	0.8464 0.0000 -0.5326 0.0000	</row2>
			<row3>	0.0777 1.1127 1.1316 1.0000	</row3>
		</transform>
	</node>
	<node>
		<identifier>	MP_AM442_Multipole_Switch	</identifier>
		<parent>	Scene Root	</parent>
		<transform>
			<row0>	0.8696 0.0000 -0.4938 0.0000	</row0>
			<row1>	0.0000 1.0000 0.0000 0.0000	</row1>
			<row2>	0.4938 0.0000 0.8696 0.0000	</row2>
