<ISC302_Fiume_1939_MidFront.skel_ext>
	<exported>	true	</exported>
	<node>
		<identifier>	MP_CM014_Fuel_Oil_Hose	</identifier>
		<parent>	Scene Root	</parent>
		<transform>
			<row0>	-0.0553 -0.9985 -0.0012 0.0000	</row0>
			<row1>	0.9980 -0.0553 0.0293 0.0000	</row1>
			<row2>	-0.0294 0.0004 0.9996 0.0000	</row2>
			<row3>	0.6187 0.2584 0.8371 1.0000	</row3>
		</transform>
	</node>
	<node>
		<identifier>	MP_CM014_Fuel_Oil_Hose_INDEX_1	</identifier>
		<parent>	Scene Root	</parent>
		<transform>
			<row0>	-0.0515 -0.9987 -0.0004 0.0000	</row0>
			<row1>	0.9987 -0.0515 0.0064 0.0000	</row1>
			<row2>	-0.0064 0.0000 1.0000 0.0000	</row2>
			<row3>	0.6260 0.2583 0.3650 1.0000	</row3>
		</transform>
	</node>
	<node>
		<identifier>	MP_CM014_Fuel_Oil_Hose_INDEX_2	</identifier>
		<parent>	Scene Root	</parent>
		<transform>
			<row0>	-0.0515 -0.9987 0.0010 0.0000	</row0>
			<row1>	0.9987 -0.0515 -0.0007 0.0000	</row1>
			<row2>	0.0008 0.0010 1.0000 0.0000	</row2>
			<row3>	0.6232 0.2584 -0.3555 1.0000	</row3>
		</transform>
	</node>
	<node>
		<identifier>	MP_CM014_Fuel_Oil_Hose_INDEX_3	</identifier>
		<parent>	Scene Root	</parent>
		<transform>
			<row0>	-0.0447 -0.9990 0.0057 0.0000	</row0>
			<row1>	0.9988 -0.0448 -0.0179 0.0000	</row1>
			<row2>	0.0181 0.0049 0.9998 0.0000	</row2>
			<row3>	0.6100 0.2557 -1.0853 1.0000	</row3>
		</transform>
	</node>
	<node>
		<identifier>	MP_CM014_Fuel_Oil_Hose_INDEX_4	</identifier>
		<parent>	Scene Root	</parent>
		<transform>
			<row0>	-0.0446 -0.9990 0.0068 0.0000	</row0>
			<row1>	0.9983 -0.0449 -0.0360 0.0000	</row1>
			<row2>	0.0362 0.0052 0.9993 0.0000	</row2>
			<row3>	0.6033 0.2534 -1.4518 1.0000	</row3>
		</transform>
	</node>
	<node>
		<identifier>	MP_CM014_Fuel_Oil_Hose_INDEX_5	</identifier>
		<parent>	Scene Root	</parent>
		<transform>
			<row0>	0.0650 -0.9979 0.0076 0.0000	</row0>
			<row1>	0.9972 0.0652 0.0358 0.0000	</row1>
			<row2>	-0.0362 0.0052 0.9993 0.0000	</row2>
			<row3>	-0.6033 0.2534 -1.4518 1.0000	</row3>
		</transform>
	</node>
	<node>
		<identifier>	MP_CM014_Fuel_Oil_Hose_INDEX_6	</identifier>
		<parent>	Scene Root	</parent>
		<transform>
			<row0>	0.0609 -0.9981 0.0060 0.0000	</row0>
			<row1>	0.9980 0.0610 0.0178 0.0000	</row1>
			<row2>	-0.0181 0.0049 0.9998 0.0000	</row2>
			<row3>	-0.6100 0.2556 -1.0853 1.0000	</row3>
		</transform>
	</node>
	<node>
		<identifier>	MP_CM014_Fuel_Oil_Hose_INDEX_7	</identifier>
		<parent>	Scene Root	</parent>
		<transform>
			<row0>	0.0709 -0.9975 0.0011 0.0000	</row0>
			<row1>	0.9975 0.0709 0.0007 0.0000	</row1>
			<row2>	-0.0008 0.0010 1.0000 0.0000	</row2>
			<row3>	-0.6232 0.2584 -0.3555 1.0000	</row3>
		</transform>
	</node>
	<node>
		<identifier>	MP_CM014_Fuel_Oil_Hose_INDEX_8	</identifier>
		<parent>	Scene Root	</parent>
		<transform>
			<row0>	0.0696 -0.9976 -0.0005 0.0000	</row0>
			<row1>	0.9976 0.0696 -0.0064 0.0000	</row1>
			<row2>	0.0064 0.0000 1.0000 0.0000	</row2>
			<row3>	-0.6260 0.2583 0.3650 1.0000	</row3>
		</transform>
	</node>
	<node>
		<identifier>	MP_CM029_Emergency_Box	</identifier>
		<parent>	Scene Root	</parent>
		<transform>
			<row0>	0.0000 0.0000 -1.0000 0.0000	</row0>
			<row1>	0.0000 1.0000 0.0000 0.0000	</row1>
			<row2>	1.0000 0.0000 0.0000 0.0000	</row2>
			<row3>	-0.3035 0.3438 -0.5708 1.0000	</row3>
		</transform>
	</node>
	<node>
		<identifier>	MP_CM029_Emergency_Box_INDEX_1	</identifier>
		<parent>	Scene Root	</parent>
		<transform>
			<row0>	0.0000 0.0000 1.0000 0.0000	</row0>
			<row1>	0.0000 1.0000 0.0000 0.0000	</row1>
			<row2>	-1.0000 0.0000 0.0000 0.0000	</row2>
			<row3>	0.3035 0.3438 -0.5708 1.0000	</row3>
		</transform>
	</node>
	<node>
		<identifier>	MP_CM029_Emergency_Box_INDEX_10	</identifier>
		<parent>	Scene Root	</parent>
		<transform>
			<row0>	0.0000 0.0000 1.0000 0.0000	</row0>
			<row1>	0.0000 1.0000 0.0000 0.0000	</row1>
			<row2>	-1.0000 0.0000 0.0000 0.0000	</row2>
			<row3>	0.2458 0.5048 1.3603 1.0000	</row3>
		</transform>
	</node>
	<node>
		<identifier>	MP_CM029_Emergency_Box_INDEX_11	</identifier>
		<parent>	Scene Root	</parent>
		<transform>
			<row0>	0.0000 0.0000 -1.0000 0.0000	</row0>
			<row1>	0.0000 1.0000 0.0000 0.0000	</row1>
			<row2>	1.0000 0.0000 0.0000 0.0000	</row2>
			<row3>	-0.2458 0.5048 1.3603 1.0000	</row3>
		</transform>
	</node>
	<node>
		<identifier>	MP_CM029_Emergency_Box_INDEX_2	</identifier>
		<parent>	Scene Root	</parent>
		<transform>
			<row0>	0.0000 0.0000 1.0000 0.0000	</row0>
			<row1>	0.0000 1.0000 0.0000 0.0000	</row1>
			<row2>	-1.0000 0.0000 0.0000 0.0000	</row2>
			<row3>	0.1534 0.7940 1.4594 1.0000	</row3>
		</transform>
	</node>
	<node>
		<identifier>	MP_CM029_Emergency_Box_INDEX_3	</identifier>
		<parent>	Scene Root	</parent>
		<transform>
			<row0>	0.0000 0.0000 -1.0000 0.0000	</row0>
			<row1>	0.0000 1.0000 0.0000 0.0000	</row1>
			<row2>	1.0000 0.0000 0.0000 0.0000	</row2>
			<row3>	-0.1534 0.7940 1.4594 1.0000	</row3>
		</transform>
	</node>
	<node>
		<identifier>	MP_CM029_Emergency_Box_INDEX_4	</identifier>
		<parent>	Scene Root	</parent>
		<transform>
			<row0>	0.0000 0.0000 -1.0000 0.0000	</row0>
			<row1>	0.0000 1.0000 0.0000 0.0000	</row1>
			<row2>	1.0000 0.0000 0.0000 0.0000	</row2>
			<row3>	-0.3948 0.3438 0.3354 1.0000	</row3>
		</transform>
	</node>
	<node>
		<identifier>	MP_CM029_Emergency_Box_INDEX_5	</identifier>
		<parent>	Scene Root	</parent>
		<transform>
			<row0>	0.0000 0.0000 1.0000 0.0000	</row0>
			<row1>	0.0000 1.0000 0.0000 0.0000	</row1>
			<row2>	-1.0000 0.0000 0.0000 0.0000	</row2>
			<row3>	0.4113 0.3438 0.7510 1.0000	</row3>
		</transform>
	</node>
	<node>
		<identifier>	MP_CM029_Emergency_Box_INDEX_6	</identifier>
		<parent>	Scene Root	</parent>
		<transform>
			<row0>	-0.7948 0.0000 -0.6069 0.0000	</row0>
			<row1>	0.0000 1.0000 0.0000 0.0000	</row1>
			<row2>	0.6069 0.0000 -0.7948 0.0000	</row2>
			<row3>	-0.1101 1.2644 1.1731 1.0000	</row3>
		</transform>
	</node>
	<node>
		<identifier>	MP_CM029_Emergency_Box_INDEX_7	</identifier>
		<parent>	Scene Root	</parent>
		<transform>
			<row0>	-0.8376 0.0000 -0.5463 0.0000	</row0>
			<row1>	0.0000 1.0000 0.0000 0.0000	</row1>
			<row2>	0.5463 0.0000 -0.8376 0.0000	</row2>
			<row3>	-0.1307 0.6490 1.5314 1.0000	</row3>
		</transform>
	</node>
	<node>
		<identifier>	MP_CM029_Emergency_Box_INDEX_8	</identifier>
		<parent>	Scene Root	</parent>
		<transform>
			<row0>	-0.7948 0.0000 0.6069 0.0000	</row0>
			<row1>	0.0000 1.0000 0.0000 0.0000	</row1>
			<row2>	-0.6069 0.0000 -0.7948 0.0000	</row2>
			<row3>	0.1101 1.2644 1.1731 1.0000	</row3>
		</transform>
	</node>
	<node>
		<identifier>	MP_CM029_Emergency_Box_INDEX_9	</identifier>
		<parent>	Scene Root	</parent>
		<transform>
			<row0>	-0.8376 0.0000 0.5463 0.0000	</row0>
			<row1>	0.0000 1.0000 0.0000 0.0000	</row1>
			<row2>	-0.5463 0.0000 -0.8376 0.0000	</row2>
			<row3>	0.1307 0.6490 1.5314 1.0000	</row3>
		</transform>
	</node>
	<node>
		<identifier>	MP_CM030_Swab_Rack_2	</identifier>
		<parent>	Scene Root	</parent>
		<transform>
			<row0>	1.0000 0.0000 0.0000 0.0000	</row0>
			<row1>	0.0000 1.0000 0.0000 0.0000	</row1>
			<row2>	0.0000 0.0000 1.0000 0.0000	</row2>
			<row3>	-0.1243 0.2728 -0.9071 1.0000	</row3>
		</transform>
	</node>
	<node>
		<identifier>	MP_CM030_Swab_Rack_2_INDEX_1	</identifier>
		<parent>	Scene Root	</parent>
		<transform>
			<row0>	0.0000 0.0000 1.0000 0.0000	</row0>
			<row1>	0.0000 1.0000 0.0000 0.0000	</row1>
			<row2>	-1.0000 0.0000 0.0000 0.0000	</row2>
			<row3>	-0.2970 0.2716 -0.2089 1.0000	</row3>
		</transform>
	</node>
	<node>
		<identifier>	MP_CM030_Swab_Rack_2_INDEX_2	</identifier>
		<parent>	Scene Root	</parent>
		<transform>
			<row0>	0.0000 0.0000 -1.0000 0.0000	</row0>
			<row1>	0.0000 1.0000 0.0000 0.0000	</row1>
			<row2>	1.0000 0.0000 0.0000 0.0000	</row2>
			<row3>	0.2970 0.2716 -0.1295 1.0000	</row3>
		</transform>
	</node>
	<node>
		<identifier>	MP_CM030_Swab_Rack_2_INDEX_3	</identifier>
		<parent>	Scene Root	</parent>
		<transform>
			<row0>	1.0000 0.0000 0.0000 0.0000	</row0>
			<row1>	0.0000 1.0000 0.0000 0.0000	</row1>
			<row2>	0.0000 0.0000 1.0000 0.0000	</row2>
			<row3>	0.1387 0.2728 -0.9072 1.0000	</row3>
		</transform>
	</node>
	<node>
		<identifier>	MP_CM030_Swab_Rack_2_INDEX_4	</identifier>
		<parent>	Scene Root	</parent>
		<transform>
			<row0>	-1.0000 0.0000 0.0000 0.0000	</row0>
			<row1>	0.0000 1.0000 0.0000 0.0000	</row1>
			<row2>	0.0000 0.0000 -1.0000 0.0000	</row2>
			<row3>	0.2506 0.4275 -1.3510 1.0000	</row3>
		</transform>
	</node>
	<node>
		<identifier>	MP_CM052_Fender	</identifier>
		<parent>	Scene Root	</parent>
		<transform>
			<row0>	0.5086 0.0000 -0.6175 0.0000	</row0>
			<row1>	0.0000 0.8000 0.0000 0.0000	</row1>
			<row2>	0.6175 0.0000 0.5086 0.0000	</row2>
			<row3>	0.1868 0.4390 2.2576 1.0000	</row3>
		</transform>
	</node>
	<node>
		<identifier>	MP_CM052_Fender_INDEX_1	</identifier>
		<parent>	Scene Root	</parent>
		<transform>
			<row0>	0.6195 0.0000 -0.5062 0.0000	</row0>
			<row1>	0.0000 0.8000 0.0000 0.0000	</row1>
			<row2>	0.5062 0.0000 0.6195 0.0000	</row2>
			<row3>	0.1478 0.4393 2.2951 1.0000	</row3>
		</transform>
	</node>
	<node>
		<identifier>	MP_CM052_Fender_INDEX_2	</identifier>
		<parent>	Scene Root	</parent>
		<transform>
			<row0>	0.5086 0.0000 0.6175 0.0000	</row0>
			<row1>	0.0000 0.8000 0.0000 0.0000	</row1>
			<row2>	-0.6175 0.0000 0.5086 0.0000	</row2>
			<row3>	-0.1868 0.4390 2.2576 1.0000	</row3>
		</transform>
	</node>
	<node>
		<identifier>	MP_CM052_Fender_INDEX_3	</identifier>
		<parent>	Scene Root	</parent>
		<transform>
			<row0>	0.6195 0.0000 0.5062 0.0000	</row0>
			<row1>	0.0000 0.8000 0.0000 0.0000	</row1>
			<row2>	-0.5062 0.0000 0.6195 0.0000	</row2>
			<row3>	-0.1478 0.4393 2.2951 1.0000	</row3>
		</transform>
	</node>
	<node>
		<identifier>	MP_CM056_Ships_bell	</identifier>
		<parent>	Scene Root	</parent>
		<transform>
			<row0>	1.0000 0.0000 0.0000 0.0000	</row0>
			<row1>	0.0000 1.0000 0.0000 0.0000	</row1>
			<row2>	0.0000 0.0000 1.0000 0.0000	</row2>
			<row3>	0.0000 1.4755 1.1548 1.0000	</row3>
		</transform>
	</node>
	<node>
		<identifier>	MP_CM082_Rope	</identifier>
		<parent>	Scene Root	</parent>
		<transform>
			<row0>	0.9994 0.0000 -0.0360 0.0000	</row0>
			<row1>	0.0000 1.0000 0.0000 0.0000	</row1>
			<row2>	0.0360 0.0000 0.9994 0.0000	</row2>
			<row3>	-0.1739 0.7913 -1.4173 1.0000	</row3>
		</transform>
	</node>
	<node>
		<identifier>	MP_CM082_Rope_INDEX_1	</identifier>
		<parent>	Scene Root	</parent>
		<transform>
			<row0>	0.9539 0.0000 -0.1382 0.0000	</row0>
			<row1>	0.0000 0.9639 0.0000 0.0000	</row1>
			<row2>	0.1382 0.0000 0.9539 0.0000	</row2>
			<row3>	-0.1737 0.7913 -1.4019 1.0000	</row3>
		</transform>
	</node>
	<node>
		<identifier>	MP_CM082_Rope_INDEX_2	</identifier>
		<parent>	Scene Root	</parent>
		<transform>
			<row0>	-0.9998 0.0000 -0.0214 0.0000	</row0>
			<row1>	0.0000 1.0000 0.0000 0.0000	</row1>
			<row2>	0.0214 0.0000 -0.9998 0.0000	</row2>
			<row3>	-0.1751 0.7913 -1.3885 1.0000	</row3>
		</transform>
	</node>
	<node>
		<identifier>	MP_CM082_Rope_INDEX_3	</identifier>
		<parent>	Scene Root	</parent>
		<transform>
			<row0>	1.0001 0.0000 0.0000 0.0000	</row0>
			<row1>	0.0000 0.9987 0.0534 0.0000	</row1>
			<row2>	0.0000 -0.0534 0.9987 0.0000	</row2>
			<row3>	-0.1741 0.7910 -1.3701 1.0000	</row3>
		</transform>
	</node>
	<node>
		<identifier>	MP_CM082_Rope_INDEX_4	</identifier>
		<parent>	Scene Root	</parent>
		<transform>
			<row0>	-0.9801 0.0000 0.0000 0.0000	</row0>
			<row1>	0.0000 0.9801 0.0000 0.0000	</row1>
			<row2>	0.0000 0.0000 -0.9801 0.0000	</row2>
			<row3>	-0.1753 0.7913 -1.4358 1.0000	</row3>
		</transform>
	</node>
	<node>
		<identifier>	MP_CM082_Rope_INDEX_5	</identifier>
		<parent>	Scene Root	</parent>
		<transform>
			<row0>	1.0001 0.0000 0.0000 0.0000	</row0>
			<row1>	0.0000 0.9987 0.0534 0.0000	</row1>
			<row2>	0.0000 -0.0534 0.9987 0.0000	</row2>
			<row3>	0.1741 0.7910 -1.3701 1.0000	</row3>
		</transform>
	</node>
	<node>
		<identifier>	MP_CM082_Rope_INDEX_6	</identifier>
		<parent>	Scene Root	</parent>
		<transform>
			<row0>	-0.9998 0.0000 0.0214 0.0000	</row0>
			<row1>	0.0000 1.0000 0.0000 0.0000	</row1>
			<row2>	-0.0214 0.0000 -0.9998 0.0000	</row2>
			<row3>	0.1751 0.7913 -1.3885 1.0000	</row3>
		</transform>
	</node>
	<node>
		<identifier>	MP_CM082_Rope_INDEX_7	</identifier>
		<parent>	Scene Root	</parent>
		<transform>
			<row0>	0.9539 0.0000 0.1382 0.0000	</row0>
			<row1>	0.0000 0.9639 0.0000 0.0000	</row1>
			<row2>	-0.1382 0.0000 0.9539 0.0000	</row2>
			<row3>	0.1737 0.7913 -1.4019 1.0000	</row3>
		</transform>
	</node>
	<node>
		<identifier>	MP_CM082_Rope_INDEX_8	</identifier>
		<parent>	Scene Root	</parent>
		<transform>
			<row0>	0.9994 0.0000 0.0360 0.0000	</row0>
			<row1>	0.0000 1.0000 0.0000 0.0000	</row1>
			<row2>	-0.0360 0.0000 0.9994 0.0000	</row2>
			<row3>	0.1739 0.7913 -1.4173 1.0000	</row3>
		</transform>
	</node>
	<node>
		<identifier>	MP_CM082_Rope_INDEX_9	</identifier>
		<parent>	Scene Root	</parent>
		<transform>
			<row0>	-0.9801 0.0000 0.0000 0.0000	</row0>
			<row1>	0.0000 0.9801 0.0000 0.0000	</row1>
			<row2>	0.0000 0.0000 -0.9801 0.0000	</row2>
			<row3>	0.1753 0.7913 -1.4358 1.0000	</row3>
		</transform>
	</node>
	<node>
		<identifier>	MP_CM092_Siren	</identifier>
		<parent>	Scene Root	</parent>
		<transform>
			<row0>	1.0000 0.0000 0.0000 0.0000	</row0>
			<row1>	0.0000 1.0000 0.0000 0.0000	</row1>
			<row2>	0.0000 0.0000 1.0000 0.0000	</row2>
			<row3>	0.0175 0.8500 0.6514 1.0000	</row3>
		</transform>
	</node>
	<node>
		<identifier>	MP_CM126_Cleat	</identifier>
		<parent>	Scene Root	</parent>
		<transform>
			<row0>	0.7059 0.0000 -0.7083 0.0000	</row0>
			<row1>	-0.7083 0.0063 -0.7059 0.0000	</row1>
			<row2>	0.0045 1.0000 0.0045 0.0000	</row2>
			<row3>	-0.0167 0.9713 -0.8908 1.0000	</row3>
		</transform>
	</node>
	<node>
		<identifier>	MP_IM001_Paramine_Tipo_C	</identifier>
		<parent>	Scene Root	</parent>
		<transform>
			<row0>	0.0000 -1.0000 0.0000 0.0000	</row0>
			<row1>	-0.9945 0.0000 0.1044 0.0000	</row1>
			<row2>	-0.1044 0.0000 -0.9945 0.0000	</row2>
			<row3>	-0.2271 0.5252 2.1152 1.0000	</row3>
		</transform>
	</node>
	<node>
		<identifier>	MP_IM001_Paramine_Tipo_C_INDEX_1	</identifier>
		<parent>	Scene Root	</parent>
		<transform>
			<row0>	0.0000 1.0000 0.0000 0.0000	</row0>
			<row1>	0.9945 0.0000 0.1044 0.0000	</row1>
			<row2>	0.1044 0.0000 -0.9945 0.0000	</row2>
			<row3>	0.2271 0.5252 2.1152 1.0000	</row3>
		</transform>
	</node>
	<node>
		<identifier>	MP_IM021_Turtle	</identifier>
		<parent>	Scene Root	</parent>
		<transform>
			<row0>	0.0000 0.0000 -1.0000 0.0000	</row0>
			<row1>	0.0000 1.0000 0.0000 0.0000	</row1>
			<row2>	1.0000 0.0000 0.0000 0.0000	</row2>
			<row3>	0.3617 0.3374 -1.0273 1.0000	</row3>
		</transform>
	</node>
	<node>
		<identifier>	MP_IM021_Turtle_INDEX_1	</identifier>
		<parent>	Scene Root	</parent>
		<transform>
			<row0>	0.0000 0.0000 -1.0000 0.0000	</row0>
			<row1>	0.0000 1.0000 0.0000 0.0000	</row1>
			<row2>	1.0000 0.0000 0.0000 0.0000	</row2>
			<row3>	0.3617 0.3374 -1.0447 1.0000	</row3>
		</transform>
	</node>
	<node>
		<identifier>	MP_IM021_Turtle_INDEX_10	</identifier>
		<parent>	Scene Root	</parent>
		<transform>
			<row0>	0.0000 0.0000 1.0000 0.0000	</row0>
			<row1>	0.0000 1.0000 0.0000 0.0000	</row1>
			<row2>	-1.0000 0.0000 0.0000 0.0000	</row2>
			<row3>	-0.3600 0.3209 0.0575 1.0000	</row3>
		</transform>
	</node>
	<node>
		<identifier>	MP_IM021_Turtle_INDEX_11	</identifier>
		<parent>	Scene Root	</parent>
		<transform>
			<row0>	0.0000 0.0000 1.0000 0.0000	</row0>
			<row1>	0.0000 1.0000 0.0000 0.0000	</row1>
			<row2>	-1.0000 0.0000 0.0000 0.0000	</row2>
			<row3>	-0.3600 0.3209 0.0405 1.0000	</row3>
		</transform>
	</node>
	<node>
		<identifier>	MP_IM021_Turtle_INDEX_12	</identifier>
		<parent>	Scene Root	</parent>
		<transform>
			<row0>	0.0000 0.0000 1.0000 0.0000	</row0>
			<row1>	0.0000 1.0000 0.0000 0.0000	</row1>
			<row2>	-1.0000 0.0000 0.0000 0.0000	</row2>
			<row3>	-0.3600 0.3209 0.0236 1.0000	</row3>
		</transform>
	</node>
	<node>
		<identifier>	MP_IM021_Turtle_INDEX_13	</identifier>
		<parent>	Scene Root	</parent>
		<transform>
			<row0>	0.0000 0.0000 1.0000 0.0000	</row0>
			<row1>	0.0000 1.0000 0.0000 0.0000	</row1>
			<row2>	-1.0000 0.0000 0.0000 0.0000	</row2>
			<row3>	-0.3600 0.3209 0.0067 1.0000	</row3>
		</transform>
	</node>
	<node>
		<identifier>	MP_IM021_Turtle_INDEX_14	</identifier>
		<parent>	Scene Root	</parent>
		<transform>
			<row0>	0.0000 0.0000 1.0000 0.0000	</row0>
			<row1>	0.0000 1.0000 0.0000 0.0000	</row1>
			<row2>	-1.0000 0.0000 0.0000 0.0000	</row2>
			<row3>	-0.3600 0.3209 -0.0102 1.0000	</row3>
		</transform>
	</node>
	<node>
		<identifier>	MP_IM021_Turtle_INDEX_15	</identifier>
		<parent>	Scene Root	</parent>
		<transform>
			<row0>	0.0000 0.0000 -1.0000 0.0000	</row0>
			<row1>	0.0000 1.0000 0.0000 0.0000	</row1>
			<row2>	1.0000 0.0000 0.0000 0.0000	</row2>
			<row3>	0.4052 0.3209 0.2115 1.0000	</row3>
		</transform>
	</node>
	<node>
		<identifier>	MP_IM021_Turtle_INDEX_16	</identifier>
		<parent>	Scene Root	</parent>
		<transform>
			<row0>	0.0000 0.0000 -1.0000 0.0000	</row0>
			<row1>	0.0000 1.0000 0.0000 0.0000	</row1>
			<row2>	1.0000 0.0000 0.0000 0.0000	</row2>
			<row3>	0.4052 0.3209 0.2285 1.0000	</row3>
		</transform>
	</node>
	<node>
		<identifier>	MP_IM021_Turtle_INDEX_17	</identifier>
		<parent>	Scene Root	</parent>
		<transform>
			<row0>	0.0000 0.0000 -1.0000 0.0000	</row0>
			<row1>	0.0000 1.0000 0.0000 0.0000	</row1>
			<row2>	1.0000 0.0000 0.0000 0.0000	</row2>
			<row3>	0.4052 0.3209 0.2454 1.0000	</row3>
		</transform>
	</node>
	<node>
		<identifier>	MP_IM021_Turtle_INDEX_18	</identifier>
		<parent>	Scene Root	</parent>
		<transform>
			<row0>	0.0000 0.0000 -1.0000 0.0000	</row0>
			<row1>	0.0000 1.0000 0.0000 0.0000	</row1>
			<row2>	1.0000 0.0000 0.0000 0.0000	</row2>
			<row3>	0.4052 0.3209 0.2623 1.0000	</row3>
		</transform>
	</node>
	<node>
		<identifier>	MP_IM021_Turtle_INDEX_19	</identifier>
		<parent>	Scene Root	</parent>
		<transform>
			<row0>	0.0000 0.0000 -1.0000 0.0000	</row0>
			<row1>	0.0000 1.0000 0.0000 0.0000	</row1>
			<row2>	1.0000 0.0000 0.0000 0.0000	</row2>
			<row3>	0.4052 0.3209 0.2793 1.0000	</row3>
		</transform>
	</node>
	<node>
		<identifier>	MP_IM021_Turtle_INDEX_2	</identifier>
		<parent>	Scene Root	</parent>
		<transform>
			<row0>	0.0000 0.0000 -1.0000 0.0000	</row0>
			<row1>	0.0000 1.0000 0.0000 0.0000	</row1>
			<row2>	1.0000 0.0000 0.0000 0.0000	</row2>
			<row3>	0.3617 0.3209 -1.0185 1.0000	</row3>
		</transform>
	</node>
	<node>
		<identifier>	MP_IM021_Turtle_INDEX_20	</identifier>
		<parent>	Scene Root	</parent>
		<transform>
			<row0>	-0.3124 0.0000 0.9499 0.0000	</row0>
			<row1>	0.0000 1.0000 0.0000 0.0000	</row1>
			<row2>	-0.9499 0.0000 -0.3124 0.0000	</row2>
			<row3>	-0.2338 0.4901 0.9829 1.0000	</row3>
		</transform>
	</node>
	<node>
		<identifier>	MP_IM021_Turtle_INDEX_21	</identifier>
		<parent>	Scene Root	</parent>
		<transform>
			<row0>	-0.3124 0.0000 0.9499 0.0000	</row0>
			<row1>	0.0000 1.0000 0.0000 0.0000	</row1>
			<row2>	-0.9499 0.0000 -0.3124 0.0000	</row2>
			<row3>	-0.2277 0.4901 0.9643 1.0000	</row3>
		</transform>
	</node>
	<node>
		<identifier>	MP_IM021_Turtle_INDEX_22	</identifier>
		<parent>	Scene Root	</parent>
		<transform>
			<row0>	-0.3124 0.0000 0.9499 0.0000	</row0>
			<row1>	0.0000 1.0000 0.0000 0.0000	</row1>
			<row2>	-0.9499 0.0000 -0.3124 0.0000	</row2>
			<row3>	-0.2220 0.4901 0.9470 1.0000	</row3>
		</transform>
	</node>
	<node>
		<identifier>	MP_IM021_Turtle_INDEX_23	</identifier>
		<parent>	Scene Root	</parent>
		<transform>
			<row0>	-0.3124 0.0000 0.9499 0.0000	</row0>
			<row1>	0.0000 1.0000 0.0000 0.0000	</row1>
			<row2>	-0.9499 0.0000 -0.3124 0.0000	</row2>
			<row3>	-0.2248 0.4714 0.9555 1.0000	</row3>
		</transform>
	</node>
	<node>
		<identifier>	MP_IM021_Turtle_INDEX_24	</identifier>
		<parent>	Scene Root	</parent>
		<transform>
			<row0>	-0.3124 0.0000 0.9499 0.0000	</row0>
			<row1>	0.0000 1.0000 0.0000 0.0000	</row1>
			<row2>	-0.9499 0.0000 -0.3124 0.0000	</row2>
			<row3>	-0.2309 0.4714 0.9739 1.0000	</row3>
		</transform>
	</node>
	<node>
		<identifier>	MP_IM021_Turtle_INDEX_25	</identifier>
		<parent>	Scene Root	</parent>
		<transform>
			<row0>	-0.3124 0.0000 -0.9499 0.0000	</row0>
			<row1>	0.0000 1.0000 0.0000 0.0000	</row1>
			<row2>	0.9499 0.0000 -0.3124 0.0000	</row2>
			<row3>	0.2309 0.4714 0.9739 1.0000	</row3>
		</transform>
	</node>
	<node>
		<identifier>	MP_IM021_Turtle_INDEX_26	</identifier>
		<parent>	Scene Root	</parent>
		<transform>
			<row0>	-0.3124 0.0000 -0.9499 0.0000	</row0>
			<row1>	0.0000 1.0000 0.0000 0.0000	</row1>
			<row2>	0.9499 0.0000 -0.3124 0.0000	</row2>
			<row3>	0.2338 0.4901 0.9829 1.0000	</row3>
		</transform>
	</node>
	<node>
		<identifier>	MP_IM021_Turtle_INDEX_27	</identifier>
		<parent>	Scene Root	</parent>
		<transform>
			<row0>	-0.3124 0.0000 -0.9499 0.0000	</row0>
			<row1>	0.0000 1.0000 0.0000 0.0000	</row1>
			<row2>	0.9499 0.0000 -0.3124 0.0000	</row2>
			<row3>	0.2277 0.4901 0.9643 1.0000	</row3>
		</transform>
	</node>
	<node>
		<identifier>	MP_IM021_Turtle_INDEX_28	</identifier>
		<parent>	Scene Root	</parent>
		<transform>
			<row0>	-0.3124 0.0000 -0.9499 0.0000	</row0>
			<row1>	0.0000 1.0000 0.0000 0.0000	</row1>
			<row2>	0.9499 0.0000 -0.3124 0.0000	</row2>
			<row3>	0.2220 0.4901 0.9470 1.0000	</row3>
		</transform>
	</node>
	<node>
		<identifier>	MP_IM021_Turtle_INDEX_29	</identifier>
		<parent>	Scene Root	</parent>
		<transform>
			<row0>	-0.3124 0.0000 -0.9499 0.0000	</row0>
			<row1>	0.0000 1.0000 0.0000 0.0000	</row1>
			<row2>	0.9499 0.0000 -0.3124 0.0000	</row2>
			<row3>	0.2248 0.4714 0.9555 1.0000	</row3>
		</transform>
	</node>
	<node>
		<identifier>	MP_IM021_Turtle_INDEX_3	</identifier>
		<parent>	Scene Root	</parent>
		<transform>
			<row0>	0.0000 0.0000 -1.0000 0.0000	</row0>
			<row1>	0.0000 1.0000 0.0000 0.0000	</row1>
			<row2>	1.0000 0.0000 0.0000 0.0000	</row2>
			<row3>	0.3617 0.3209 -1.0360 1.0000	</row3>
		</transform>
	</node>
	<node>
		<identifier>	MP_IM021_Turtle_INDEX_4	</identifier>
		<parent>	Scene Root	</parent>
		<transform>
			<row0>	0.0000 0.0000 -1.0000 0.0000	</row0>
			<row1>	0.0000 1.0000 0.0000 0.0000	</row1>
			<row2>	1.0000 0.0000 0.0000 0.0000	</row2>
			<row3>	0.3617 0.3209 -1.0534 1.0000	</row3>
		</transform>
	</node>
	<node>
		<identifier>	MP_IM021_Turtle_INDEX_5	</identifier>
		<parent>	Scene Root	</parent>
		<transform>
			<row0>	0.0000 0.0000 1.0000 0.0000	</row0>
			<row1>	0.0000 1.0000 0.0000 0.0000	</row1>
			<row2>	-1.0000 0.0000 0.0000 0.0000	</row2>
			<row3>	-0.3819 0.3209 -0.4920 1.0000	</row3>
		</transform>
	</node>
	<node>
		<identifier>	MP_IM021_Turtle_INDEX_6	</identifier>
		<parent>	Scene Root	</parent>
		<transform>
			<row0>	0.0000 0.0000 1.0000 0.0000	</row0>
			<row1>	0.0000 1.0000 0.0000 0.0000	</row1>
			<row2>	-1.0000 0.0000 0.0000 0.0000	</row2>
			<row3>	-0.3819 0.3209 -0.4745 1.0000	</row3>
		</transform>
	</node>
	<node>
		<identifier>	MP_IM021_Turtle_INDEX_7	</identifier>
		<parent>	Scene Root	</parent>
		<transform>
			<row0>	0.0000 0.0000 1.0000 0.0000	</row0>
			<row1>	0.0000 1.0000 0.0000 0.0000	</row1>
			<row2>	-1.0000 0.0000 0.0000 0.0000	</row2>
			<row3>	-0.3819 0.3209 -0.4571 1.0000	</row3>
		</transform>
	</node>
	<node>
		<identifier>	MP_IM021_Turtle_INDEX_8	</identifier>
		<parent>	Scene Root	</parent>
		<transform>
			<row0>	0.0000 0.0000 1.0000 0.0000	</row0>
			<row1>	0.0000 1.0000 0.0000 0.0000	</row1>
			<row2>	-1.0000 0.0000 0.0000 0.0000	</row2>
			<row3>	-0.3819 0.3209 -0.4396 1.0000	</row3>
		</transform>
	</node>
	<node>
		<identifier>	MP_IM021_Turtle_INDEX_9	</identifier>
		<parent>	Scene Root	</parent>
		<transform>
			<row0>	0.0000 0.0000 1.0000 0.0000	</row0>
			<row1>	0.0000 1.0000 0.0000 0.0000	</row1>
			<row2>	-1.0000 0.0000 0.0000 0.0000	</row2>
			<row3>	-0.3819 0.3209 -0.4222 1.0000	</row3>
		</transform>
	</node>
	<node>
		<identifier>	MP_IM025_Reels	</identifier>
		<parent>	Scene Root	</parent>
		<transform>
			<row0>	0.9989 0.0461 0.0000 0.0000	</row0>
			<row1>	-0.0461 0.9989 0.0000 0.0000	</row1>
			<row2>	0.0000 0.0000 1.0000 0.0000	</row2>
			<row3>	-0.3244 0.4328 2.2499 1.0000	</row3>
		</transform>
	</node>
	<node>
		<identifier>	MP_IM025_Reels_INDEX_1	</identifier>
		<parent>	Scene Root	</parent>
		<transform>
			<row0>	0.9989 -0.0461 0.0000 0.0000	</row0>
			<row1>	0.0461 0.9989 0.0000 0.0000	</row1>
			<row2>	0.0000 0.0000 1.0000 0.0000	</row2>
			<row3>	0.3244 0.4328 2.2499 1.0000	</row3>
		</transform>
	</node>
	<node>
		<identifier>	MP_IM025_Reels_INDEX_2	</identifier>
		<parent>	Scene Root	</parent>
		<transform>
			<row0>	0.9997 -0.0250 0.0000 0.0000	</row0>
			<row1>	0.0250 0.9997 -0.0061 0.0000	</row1>
			<row2>	0.0002 0.0060 1.0000 0.0000	</row2>
			<row3>	0.1340 0.4427 4.0745 1.0000	</row3>
		</transform>
	</node>
	<node>
		<identifier>	MP_IM025_Reels_INDEX_3	</identifier>
		<parent>	Scene Root	</parent>
		<transform>
			<row0>	0.9997 0.0250 0.0000 0.0000	</row0>
			<row1>	-0.0250 0.9997 -0.0061 0.0000	</row1>
			<row2>	-0.0002 0.0060 1.0000 0.0000	</row2>
			<row3>	-0.1340 0.4427 4.0745 1.0000	</row3>
		</transform>
	</node>
	<node>
		<identifier>	MP_IM031_Fire_Fighting	</identifier>
		<parent>	Scene Root	</parent>
		<transform>
			<row0>	0.0000 0.0000 1.0000 0.0000	</row0>
			<row1>	0.0000 1.0000 0.0000 0.0000	</row1>
			<row2>	-1.0000 0.0000 0.0000 0.0000	</row2>
			<row3>	0.4224 0.2678 1.0952 1.0000	</row3>
		</transform>
	</node>
	<node>
		<identifier>	MP_IM031_Fire_Fighting_INDEX_1	</identifier>
		<parent>	Scene Root	</parent>
		<transform>
			<row0>	0.0000 0.0000 1.0000 0.0000	</row0>
			<row1>	0.0000 1.0000 0.0000 0.0000	</row1>
			<row2>	-1.0000 0.0000 0.0000 0.0000	</row2>
			<row3>	0.3152 0.2720 -0.0855 1.0000	</row3>
		</transform>
	</node>
	<node>
		<identifier>	MP_IM031_Fire_Fighting_INDEX_10	</identifier>
		<parent>	Scene Root	</parent>
		<transform>
			<row0>	0.8842 0.0000 0.4671 0.0000	</row0>
			<row1>	0.0000 1.0000 0.0000 0.0000	</row1>
			<row2>	-0.4671 0.0000 0.8842 0.0000	</row2>
			<row3>	0.1085 0.5695 1.8969 1.0000	</row3>
		</transform>
	</node>
	<node>
		<identifier>	MP_IM031_Fire_Fighting_INDEX_11	</identifier>
		<parent>	Scene Root	</parent>
		<transform>
			<row0>	0.0000 0.0000 -1.0000 0.0000	</row0>
			<row1>	0.0000 1.0000 0.0000 0.0000	</row1>
			<row2>	1.0000 0.0000 0.0000 0.0000	</row2>
			<row3>	-0.2571 0.4339 1.2640 1.0000	</row3>
		</transform>
	</node>
	<node>
		<identifier>	MP_IM031_Fire_Fighting_INDEX_2	</identifier>
		<parent>	Scene Root	</parent>
		<transform>
			<row0>	-1.0000 0.0000 0.0000 0.0000	</row0>
			<row1>	0.0000 1.0000 0.0000 0.0000	</row1>
			<row2>	0.0000 0.0000 -1.0000 0.0000	</row2>
			<row3>	0.3271 0.2684 -0.9786 1.0000	</row3>
		</transform>
	</node>
	<node>
		<identifier>	MP_IM031_Fire_Fighting_INDEX_3	</identifier>
		<parent>	Scene Root	</parent>
		<transform>
			<row0>	-1.0000 0.0000 0.0000 0.0000	</row0>
			<row1>	0.0000 1.0000 0.0000 0.0000	</row1>
			<row2>	0.0000 0.0000 -1.0000 0.0000	</row2>
			<row3>	-0.2628 0.2700 -0.9704 1.0000	</row3>
		</transform>
	</node>
	<node>
		<identifier>	MP_IM031_Fire_Fighting_INDEX_4	</identifier>
		<parent>	Scene Root	</parent>
		<transform>
			<row0>	0.8842 0.0000 -0.4671 0.0000	</row0>
			<row1>	0.0000 1.0000 0.0000 0.0000	</row1>
			<row2>	0.4671 0.0000 0.8842 0.0000	</row2>
			<row3>	-0.1085 0.5695 1.8969 1.0000	</row3>
		</transform>
	</node>
	<node>
		<identifier>	MP_IM031_Fire_Fighting_INDEX_5	</identifier>
		<parent>	Scene Root	</parent>
		<transform>
			<row0>	0.0000 0.0000 -1.0000 0.0000	</row0>
			<row1>	0.0000 1.0000 0.0000 0.0000	</row1>
			<row2>	1.0000 0.0000 0.0000 0.0000	</row2>
			<row3>	-0.4061 0.2684 1.0621 1.0000	</row3>
		</transform>
	</node>
	<node>
		<identifier>	MP_IM031_Fire_Fighting_INDEX_6	</identifier>
		<parent>	Scene Root	</parent>
		<transform>
			<row0>	1.0000 0.0000 0.0000 0.0000	</row0>
			<row1>	0.0000 1.0000 0.0000 0.0000	</row1>
			<row2>	0.0000 0.0000 1.0000 0.0000	</row2>
			<row3>	0.1694 0.4301 0.9008 1.0000	</row3>
		</transform>
	</node>
	<node>
		<identifier>	MP_IM031_Fire_Fighting_INDEX_7	</identifier>
		<parent>	Scene Root	</parent>
		<transform>
			<row0>	0.0000 0.0000 -1.0000 0.0000	</row0>
			<row1>	0.0000 1.0000 0.0000 0.0000	</row1>
			<row2>	1.0000 0.0000 0.0000 0.0000	</row2>
			<row3>	-0.3778 0.2692 -0.0527 1.0000	</row3>
		</transform>
	</node>
	<node>
		<identifier>	MP_IM031_Fire_Fighting_INDEX_8	</identifier>
		<parent>	Scene Root	</parent>
		<transform>
			<row0>	0.0000 0.0000 1.0000 0.0000	</row0>
			<row1>	0.0000 1.0000 0.0000 0.0000	</row1>
			<row2>	-1.0000 0.0000 0.0000 0.0000	</row2>
			<row3>	0.2571 0.4339 1.2640 1.0000	</row3>
		</transform>
	</node>
	<node>
		<identifier>	MP_IM031_Fire_Fighting_INDEX_9	</identifier>
		<parent>	Scene Root	</parent>
		<transform>
			<row0>	1.0000 0.0000 0.0000 0.0000	</row0>
			<row1>	0.0000 1.0000 0.0000 0.0000	</row1>
			<row2>	0.0000 0.0000 1.0000 0.0000	</row2>
			<row3>	-0.1694 0.4301 0.9008 1.0000	</row3>
		</transform>
	</node>
	<node>
		<identifier>	MP_IM032_Fire_Hose	</identifier>
		<parent>	Scene Root	</parent>
		<transform>
			<row0>	0.0000 0.0000 -1.0000 0.0000	</row0>
			<row1>	0.0000 1.0000 0.0000 0.0000	</row1>
			<row2>	1.0000 0.0000 0.0000 0.0000	</row2>
			<row3>	0.2417 0.4957 1.2640 1.0000	</row3>
		</transform>
	</node>
	<node>
		<identifier>	MP_IM032_Fire_Hose_INDEX_1	</identifier>
		<parent>	Scene Root	</parent>
		<transform>
			<row0>	0.0000 0.0000 1.0000 0.0000	</row0>
			<row1>	0.0000 1.0000 0.0000 0.0000	</row1>
			<row2>	-1.0000 0.0000 0.0000 0.0000	</row2>
			<row3>	-0.3915 0.3336 1.0616 1.0000	</row3>
		</transform>
	</node>
	<node>
		<identifier>	MP_IM032_Fire_Hose_INDEX_10	</identifier>
		<parent>	Scene Root	</parent>
		<transform>
			<row0>	0.0000 0.0000 1.0000 0.0000	</row0>
			<row1>	0.0000 1.0000 0.0000 0.0000	</row1>
			<row2>	-1.0000 0.0000 0.0000 0.0000	</row2>
			<row3>	-0.2417 0.4957 1.2640 1.0000	</row3>
		</transform>
	</node>
	<node>
		<identifier>	MP_IM032_Fire_Hose_INDEX_11	</identifier>
		<parent>	Scene Root	</parent>
		<transform>
			<row0>	-0.8824 0.0000 -0.4704 0.0000	</row0>
			<row1>	0.0000 1.0000 0.0000 0.0000	</row1>
			<row2>	0.4704 0.0000 -0.8824 0.0000	</row2>
			<row3>	0.1041 0.6359 1.9052 1.0000	</row3>
		</transform>
	</node>
	<node>
		<identifier>	MP_IM032_Fire_Hose_INDEX_2	</identifier>
		<parent>	Scene Root	</parent>
		<transform>
			<row0>	1.0000 0.0000 0.0000 0.0000	</row0>
			<row1>	0.0000 1.0000 0.0000 0.0000	</row1>
			<row2>	0.0000 0.0000 1.0000 0.0000	</row2>
			<row3>	0.3266 0.3317 -0.9935 1.0000	</row3>
		</transform>
	</node>
	<node>
		<identifier>	MP_IM032_Fire_Hose_INDEX_3	</identifier>
		<parent>	Scene Root	</parent>
		<transform>
			<row0>	0.0000 0.0000 -1.0000 0.0000	</row0>
			<row1>	0.0000 1.0000 0.0000 0.0000	</row1>
			<row2>	1.0000 0.0000 0.0000 0.0000	</row2>
			<row3>	0.2998 0.3353 -0.0850 1.0000	</row3>
		</transform>
	</node>
	<node>
		<identifier>	MP_IM032_Fire_Hose_INDEX_4	</identifier>
		<parent>	Scene Root	</parent>
		<transform>
			<row0>	-1.0000 0.0000 0.0000 0.0000	</row0>
			<row1>	0.0000 1.0000 0.0000 0.0000	</row1>
			<row2>	0.0000 0.0000 -1.0000 0.0000	</row2>
			<row3>	0.1689 0.4957 0.9147 1.0000	</row3>
		</transform>
	</node>
	<node>
		<identifier>	MP_IM032_Fire_Hose_INDEX_5	</identifier>
		<parent>	Scene Root	</parent>
		<transform>
			<row0>	1.0000 0.0000 0.0000 0.0000	</row0>
			<row1>	0.0000 1.0000 0.0000 0.0000	</row1>
			<row2>	0.0000 0.0000 1.0000 0.0000	</row2>
			<row3>	-0.2630 0.3317 -0.9854 1.0000	</row3>
		</transform>
	</node>
	<node>
		<identifier>	MP_IM032_Fire_Hose_INDEX_6	</identifier>
		<parent>	Scene Root	</parent>
		<transform>
			<row0>	-0.8824 0.0000 0.4704 0.0000	</row0>
			<row1>	0.0000 1.0000 0.0000 0.0000	</row1>
			<row2>	-0.4704 0.0000 -0.8824 0.0000	</row2>
			<row3>	-0.1041 0.6359 1.9052 1.0000	</row3>
		</transform>
	</node>
	<node>
		<identifier>	MP_IM032_Fire_Hose_INDEX_7	</identifier>
		<parent>	Scene Root	</parent>
		<transform>
			<row0>	0.0000 0.0000 -1.0000 0.0000	</row0>
			<row1>	0.0000 1.0000 0.0000 0.0000	</row1>
			<row2>	1.0000 0.0000 0.0000 0.0000	</row2>
			<row3>	0.4072 0.3297 1.0952 1.0000	</row3>
		</transform>
	</node>
	<node>
		<identifier>	MP_IM032_Fire_Hose_INDEX_8	</identifier>
		<parent>	Scene Root	</parent>
		<transform>
			<row0>	0.0000 0.0000 1.0000 0.0000	</row0>
			<row1>	0.0000 1.0000 0.0000 0.0000	</row1>
			<row2>	-1.0000 0.0000 0.0000 0.0000	</row2>
			<row3>	-0.3623 0.3353 -0.0532 1.0000	</row3>
		</transform>
	</node>
	<node>
		<identifier>	MP_IM032_Fire_Hose_INDEX_9	</identifier>
		<parent>	Scene Root	</parent>
		<transform>
			<row0>	-1.0000 0.0000 0.0000 0.0000	</row0>
			<row1>	0.0000 1.0000 0.0000 0.0000	</row1>
			<row2>	0.0000 0.0000 -1.0000 0.0000	</row2>
			<row3>	-0.1689 0.4957 0.9147 1.0000	</row3>
		</transform>
	</node>
	<node>
		<identifier>	MP_IM214_Antenna_Clean	</identifier>
		<parent>	Scene Root	</parent>
		<transform>
			<row0>	1.0000 0.0000 0.0000 0.0000	</row0>
			<row1>	0.0000 1.0000 0.0000 0.0000	</row1>
			<row2>	0.0000 0.0000 1.0000 0.0000	</row2>
			<row3>	0.0000 1.1991 1.5839 1.0000	</row3>
		</transform>
	</node>
	<node>
		<identifier>	MP_IM500_Life_Boat	</identifier>
		<parent>	Scene Root	</parent>
		<transform>
			<row0>	0.1261 -0.9920 0.0000 0.0000	</row0>
			<row1>	0.8945 0.1137 0.0000 0.0000	</row1>
			<row2>	0.0000 0.0000 1.0000 0.0000	</row2>
			<row3>	0.1267 0.6408 -1.3288 1.0000	</row3>
		</transform>
	</node>
	<node>
		<identifier>	MP_IM500_Life_Boat_INDEX_1	</identifier>
		<parent>	Scene Root	</parent>
		<transform>
			<row0>	0.0000 -1.0000 0.0000 0.0000	</row0>
			<row1>	0.9017 0.0000 0.0000 0.0000	</row1>
			<row2>	0.0000 0.0000 1.0000 0.0000	</row2>
			<row3>	0.1437 0.6776 0.4352 1.0000	</row3>
		</transform>
	</node>
	<node>
		<identifier>	MP_IM500_Life_Boat_INDEX_2	</identifier>
		<parent>	Scene Root	</parent>
		<transform>
			<row0>	0.0000 1.0000 0.0000 0.0000	</row0>
			<row1>	-0.9017 0.0000 0.0000 0.0000	</row1>
			<row2>	0.0000 0.0000 1.0000 0.0000	</row2>
			<row3>	-0.1437 0.6776 0.4352 1.0000	</row3>
		</transform>
	</node>
	<node>
		<identifier>	MP_IM500_Life_Boat_INDEX_3	</identifier>
		<parent>	Scene Root	</parent>
		<transform>
			<row0>	0.1261 0.9920 0.0000 0.0000	</row0>
			<row1>	-0.8945 0.1137 0.0000 0.0000	</row1>
			<row2>	0.0000 0.0000 1.0000 0.0000	</row2>
			<row3>	-0.1267 0.6408 -1.3288 1.0000	</row3>
		</transform>
	</node>
	<node>
		<identifier>	MP_IM5013_Crest_Fiume	</identifier>
		<parent>	Scene Root	</parent>
		<transform>
			<row0>	1.0000 0.0000 0.0000 0.0000	</row0>
			<row1>	0.0000 1.0000 0.0000 0.0000	</row1>
			<row2>	0.0000 0.0000 1.0000 0.0000	</row2>
			<row3>	0.0000 0.3548 6.0637 1.0000	</row3>
		</transform>
	</node>
	<node>
		<identifier>	MP_IM505_Baltello_M4_5	</identifier>
		<parent>	Scene Root	</parent>
		<transform>
			<row0>	1.0000 0.0000 0.0000 0.0000	</row0>
			<row1>	0.0000 1.0000 0.0000 0.0000	</row1>
			<row2>	0.0000 0.0000 1.0000 0.0000	</row2>
			<row3>	-0.1367 0.4538 3.3080 1.0000	</row3>
		</transform>
	</node>
	<node>
		<identifier>	MP_IM505_Baltello_M4_5_INDEX_1	</identifier>
		<parent>	Scene Root	</parent>
		<transform>
			<row0>	1.0000 0.0000 0.0000 0.0000	</row0>
			<row1>	0.0000 1.0000 0.0000 0.0000	</row1>
			<row2>	0.0000 0.0000 1.0000 0.0000	</row2>
			<row3>	0.2560 0.4504 3.3080 1.0000	</row3>
		</transform>
	</node>
	<node>
		<identifier>	MP_IM509_Motoscafo_10m	</identifier>
		<parent>	Scene Root	</parent>
		<transform>
			<row0>	0.9980 0.0000 -0.0639 0.0000	</row0>
			<row1>	0.0000 1.0000 0.0000 0.0000	</row1>
			<row2>	0.0639 0.0000 0.9980 0.0000	</row2>
			<row3>	0.1294 0.4949 -0.2168 1.0000	</row3>
		</transform>
	</node>
	<node>
		<identifier>	MP_IM509_Motoscafo_10m_INDEX_1	</identifier>
		<parent>	Scene Root	</parent>
		<transform>
			<row0>	0.9980 0.0000 0.0639 0.0000	</row0>
			<row1>	0.0000 1.0000 0.0000 0.0000	</row1>
			<row2>	-0.0639 0.0000 0.9980 0.0000	</row2>
			<row3>	-0.1294 0.4949 -0.2168 1.0000	</row3>
		</transform>
	</node>
	<node>
		<identifier>	MP_IM510_Moto_Lancie_13m	</identifier>
		<parent>	Scene Root	</parent>
		<transform>
			<row0>	1.0000 0.0000 0.0000 0.0000	</row0>
			<row1>	0.0000 1.0000 0.0000 0.0000	</row1>
			<row2>	0.0000 0.0000 1.0000 0.0000	</row2>
			<row3>	0.3614 0.4597 -0.7425 1.0000	</row3>
		</transform>
	</node>
	<node>
		<identifier>	MP_IM510_Moto_Lancie_13m_INDEX_1	</identifier>
		<parent>	Scene Root	</parent>
		<transform>
			<row0>	1.0000 0.0000 0.0000 0.0000	</row0>
			<row1>	0.0000 1.0000 0.0000 0.0000	</row1>
			<row2>	0.0000 0.0000 1.0000 0.0000	</row2>
			<row3>	-0.3614 0.4597 -0.7425 1.0000	</row3>
		</transform>
	</node>
	<node>
		<identifier>	MP_IM511_Diesel_barch_12_25m	</identifier>
		<parent>	Scene Root	</parent>
		<transform>
			<row0>	1.0000 0.0000 0.0000 0.0000	</row0>
			<row1>	0.0000 1.0000 0.0000 0.0000	</row1>
			<row2>	0.0000 0.0000 1.0000 0.0000	</row2>
			<row3>	0.3405 0.4522 0.1258 1.0000	</row3>
		</transform>
	</node>
	<node>
		<identifier>	MP_IM511_Diesel_barch_12_25m_INDEX_1	</identifier>
		<parent>	Scene Root	</parent>
		<transform>
			<row0>	1.0000 0.0000 0.0000 0.0000	</row0>
			<row1>	0.0000 1.0000 0.0000 0.0000	</row1>
			<row2>	0.0000 0.0000 1.0000 0.0000	</row2>
			<row3>	-0.3405 0.4522 0.1184 1.0000	</row3>
		</transform>
	</node>
	<node>
		<identifier>	MP_IM528_Zatterino_3_5m	</identifier>
		<parent>	Scene Root	</parent>
		<transform>
			<row0>	1.0000 0.0000 0.0000 0.0000	</row0>
			<row1>	0.0000 1.0000 0.0000 0.0000	</row1>
			<row2>	0.0000 0.0000 1.0000 0.0000	</row2>
			<row3>	0.2503 0.4516 3.6078 1.0000	</row3>
		</transform>
	</node>
	<node>
		<identifier>	MP_IM528_Zatterino_3_5m_INDEX_1	</identifier>
		<parent>	Scene Root	</parent>
		<transform>
			<row0>	1.0000 0.0000 0.0000 0.0000	</row0>
			<row1>	0.0000 1.0000 0.0000 0.0000	</row1>
			<row2>	0.0000 0.0000 1.0000 0.0000	</row2>
			<row3>	-0.1310 0.4550 3.6078 1.0000	</row3>
		</transform>
	</node>
	<node>
		<identifier>	MP_IM600_Pelorus	</identifier>
		<parent>	Scene Root	</parent>
		<transform>
			<row0>	-1.0000 0.0000 0.0000 0.0000	</row0>
			<row1>	0.0000 1.0000 0.0000 0.0000	</row1>
			<row2>	0.0000 0.0000 -1.0000 0.0000	</row2>
			<row3>	0.0000 1.1991 1.4370 1.0000	</row3>
		</transform>
	</node>
	<node>
		<identifier>	MP_IM600_Pelorus_INDEX_1	</identifier>
		<parent>	Scene Root	</parent>
		<transform>
			<row0>	1.0000 0.0000 0.0000 0.0000	</row0>
			<row1>	0.0000 1.0000 0.0000 0.0000	</row1>
			<row2>	0.0000 0.0000 1.0000 0.0000	</row2>
			<row3>	0.0000 1.3356 0.9553 1.0000	</row3>
		</transform>
	</node>
	<node>
		<identifier>	MP_IM613_Anemometer	</identifier>
		<parent>	Scene Root	</parent>
		<transform>
			<row0>	1.0000 0.0000 0.0000 0.0000	</row0>
			<row1>	0.0000 1.0000 0.0000 0.0000	</row1>
			<row2>	0.0000 0.0000 1.0000 0.0000	</row2>
			<row3>	0.2959 1.5187 1.1759 1.0000	</row3>
		</transform>
	</node>
	<node>
		<identifier>	MP_IM613_Anemometer_INDEX_1	</identifier>
		<parent>	Scene Root	</parent>
		<transform>
			<row0>	1.0000 0.0000 0.0000 0.0000	</row0>
			<row1>	0.0000 1.0000 0.0000 0.0000	</row1>
			<row2>	0.0000 0.0000 1.0000 0.0000	</row2>
			<row3>	-0.2959 1.5187 1.1759 1.0000	</row3>
		</transform>
	</node>
	<node>
		<identifier>	MP_IM620_Telegraph_Engine_L	</identifier>
		<parent>	Scene Root	</parent>
		<transform>
			<row0>	1.0000 0.0000 0.0000 0.0000	</row0>
			<row1>	0.0000 1.0000 0.0000 0.0000	</row1>
			<row2>	0.0000 0.0000 1.0000 0.0000	</row2>
			<row3>	-0.0784 1.0678 1.2946 1.0000	</row3>
		</transform>
	</node>
	<node>
		<identifier>	MP_IM621_Telegraph_Engine_R	</identifier>
		<parent>	Scene Root	</parent>
		<transform>
			<row0>	1.0000 0.0000 0.0000 0.0000	</row0>
			<row1>	0.0000 1.0000 0.0000 0.0000	</row1>
			<row2>	0.0000 0.0000 1.0000 0.0000	</row2>
			<row3>	0.0784 1.0678 1.2946 1.0000	</row3>
		</transform>
	</node>
	<node>
