<GSC040_Leipzig_1939_MidFront.skel_ext>
	<exported>	true	</exported>
	<node>
		<identifier>	MP_AM572_Telpher	</identifier>
		<parent>	Scene Root	</parent>
		<transform>
			<row0>	-0.3920 0.0000 -0.9200 0.0000	</row0>
			<row1>	0.0000 1.0000 0.0000 0.0000	</row1>
			<row2>	0.9200 0.0000 -0.3920 0.0000	</row2>
			<row3>	0.1535 0.3676 1.9537 1.0000	</row3>
		</transform>
	</node>
	<node>
		<identifier>	MP_BM037_Sounding_Machine	</identifier>
		<parent>	Scene Root	</parent>
		<transform>
			<row0>	0.0000 0.0000 -1.0000 0.0000	</row0>
			<row1>	0.0000 1.0000 0.0000 0.0000	</row1>
			<row2>	1.0000 0.0000 0.0000 0.0000	</row2>
			<row3>	0.1471 0.4019 0.7286 1.0000	</row3>
		</transform>
	</node>
	<node>
		<identifier>	MP_CM011_Fire_Fighting_Gear	</identifier>
		<parent>	Scene Root	</parent>
		<transform>
			<row0>	0.0000 0.0000 -1.0000 0.0000	</row0>
			<row1>	0.0000 1.0000 0.0000 0.0000	</row1>
			<row2>	1.0000 0.0000 0.0000 0.0000	</row2>
			<row3>	-0.2784 0.4034 2.8826 1.0000	</row3>
		</transform>
	</node>
	<node>
		<identifier>	MP_CM011_Fire_Fighting_Gear_INDEX_1	</identifier>
		<parent>	Scene Root	</parent>
		<transform>
			<row0>	0.0000 0.0000 -1.0000 0.0000	</row0>
			<row1>	0.0000 1.0000 0.0000 0.0000	</row1>
			<row2>	1.0000 0.0000 0.0000 0.0000	</row2>
			<row3>	-0.0867 0.3995 -0.2951 1.0000	</row3>
		</transform>
	</node>
	<node>
		<identifier>	MP_CM011_Fire_Fighting_Gear_INDEX_2	</identifier>
		<parent>	Scene Root	</parent>
		<transform>
			<row0>	0.0000 0.0000 1.0000 0.0000	</row0>
			<row1>	0.0000 1.0000 0.0000 0.0000	</row1>
			<row2>	-1.0000 0.0000 0.0000 0.0000	</row2>
			<row3>	0.2277 0.2374 0.4585 1.0000	</row3>
		</transform>
	</node>
	<node>
		<identifier>	MP_CM011_Fire_Fighting_Gear_INDEX_3	</identifier>
		<parent>	Scene Root	</parent>
		<transform>
			<row0>	0.0000 0.0000 1.0000 0.0000	</row0>
			<row1>	0.0000 1.0000 0.0000 0.0000	</row1>
			<row2>	-1.0000 0.0000 0.0000 0.0000	</row2>
			<row3>	0.2310 0.2378 2.2986 1.0000	</row3>
		</transform>
	</node>
	<node>
		<identifier>	MP_CM011_Fire_Fighting_Gear_INDEX_4	</identifier>
		<parent>	Scene Root	</parent>
		<transform>
			<row0>	0.0000 0.0000 -1.0000 0.0000	</row0>
			<row1>	0.0000 1.0000 0.0000 0.0000	</row1>
			<row2>	1.0000 0.0000 0.0000 0.0000	</row2>
			<row3>	-0.2310 0.2378 2.2986 1.0000	</row3>
		</transform>
	</node>
	<node>
		<identifier>	MP_CM011_Fire_Fighting_Gear_INDEX_5	</identifier>
		<parent>	Scene Root	</parent>
		<transform>
			<row0>	-0.4558 0.0000 0.8901 0.0000	</row0>
			<row1>	0.0000 1.0000 0.0000 0.0000	</row1>
			<row2>	-0.8901 0.0000 -0.4558 0.0000	</row2>
			<row3>	0.1851 0.4086 3.2500 1.0000	</row3>
		</transform>
	</node>
	<node>
		<identifier>	MP_CM011_Fire_Fighting_Gear_INDEX_6	</identifier>
		<parent>	Scene Root	</parent>
		<transform>
			<row0>	0.0000 0.0000 -1.0000 0.0000	</row0>
			<row1>	0.0000 1.0000 0.0000 0.0000	</row1>
			<row2>	1.0000 0.0000 0.0000 0.0000	</row2>
			<row3>	-0.2277 0.2374 0.4585 1.0000	</row3>
		</transform>
	</node>
	<node>
		<identifier>	MP_CM029_Emergency_Box	</identifier>
		<parent>	Scene Root	</parent>
		<transform>
			<row0>	0.0000 0.0000 1.0000 0.0000	</row0>
			<row1>	0.0000 1.0000 0.0000 0.0000	</row1>
			<row2>	-1.0000 0.0000 0.0000 0.0000	</row2>
			<row3>	0.1356 0.4804 0.8415 1.0000	</row3>
		</transform>
	</node>
	<node>
		<identifier>	MP_CM029_Emergency_Box_INDEX_1	</identifier>
		<parent>	Scene Root	</parent>
		<transform>
			<row0>	0.0000 0.0000 1.0000 0.0000	</row0>
			<row1>	0.0000 1.0000 0.0000 0.0000	</row1>
			<row2>	-1.0000 0.0000 0.0000 0.0000	</row2>
			<row3>	0.1422 0.6767 2.6484 1.0000	</row3>
		</transform>
	</node>
	<node>
		<identifier>	MP_CM029_Emergency_Box_INDEX_10	</identifier>
		<parent>	Scene Root	</parent>
		<transform>
			<row0>	-0.9924 0.0000 -0.1227 0.0000	</row0>
			<row1>	0.0000 1.0000 0.0000 0.0000	</row1>
			<row2>	0.1227 0.0000 -0.9924 0.0000	</row2>
			<row3>	-0.0177 0.6479 3.1713 1.0000	</row3>
		</transform>
	</node>
	<node>
		<identifier>	MP_CM029_Emergency_Box_INDEX_2	</identifier>
		<parent>	Scene Root	</parent>
		<transform>
			<row0>	-1.0000 0.0000 0.0000 0.0000	</row0>
			<row1>	0.0000 1.0000 0.0000 0.0000	</row1>
			<row2>	0.0000 0.0000 -1.0000 0.0000	</row2>
			<row3>	0.0845 0.4777 1.6759 1.0000	</row3>
		</transform>
	</node>
	<node>
		<identifier>	MP_CM029_Emergency_Box_INDEX_3	</identifier>
		<parent>	Scene Root	</parent>
		<transform>
			<row0>	0.0000 0.0000 -1.0000 0.0000	</row0>
			<row1>	0.0000 1.0000 0.0000 0.0000	</row1>
			<row2>	1.0000 0.0000 0.0000 0.0000	</row2>
			<row3>	-0.1356 0.4804 0.7997 1.0000	</row3>
		</transform>
	</node>
	<node>
		<identifier>	MP_CM029_Emergency_Box_INDEX_4	</identifier>
		<parent>	Scene Root	</parent>
		<transform>
			<row0>	1.0000 0.0000 0.0000 0.0000	</row0>
			<row1>	0.0000 1.0000 0.0000 0.0000	</row1>
			<row2>	0.0000 0.0000 1.0000 0.0000	</row2>
			<row3>	-0.0346 0.3084 2.1174 1.0000	</row3>
		</transform>
	</node>
	<node>
		<identifier>	MP_CM029_Emergency_Box_INDEX_5	</identifier>
		<parent>	Scene Root	</parent>
		<transform>
			<row0>	0.2765 0.0000 -0.9610 0.0000	</row0>
			<row1>	0.0000 1.0000 0.0000 0.0000	</row1>
			<row2>	0.9610 0.0000 0.2765 0.0000	</row2>
			<row3>	-0.0586 1.0513 2.3479 1.0000	</row3>
		</transform>
	</node>
	<node>
		<identifier>	MP_CM029_Emergency_Box_INDEX_6	</identifier>
		<parent>	Scene Root	</parent>
		<transform>
			<row0>	0.0000 0.0000 1.0000 0.0000	</row0>
			<row1>	0.0000 1.0000 0.0000 0.0000	</row1>
			<row2>	-1.0000 0.0000 0.0000 0.0000	</row2>
			<row3>	0.1399 0.4839 2.1130 1.0000	</row3>
		</transform>
	</node>
	<node>
		<identifier>	MP_CM029_Emergency_Box_INDEX_7	</identifier>
		<parent>	Scene Root	</parent>
		<transform>
			<row0>	0.0799 0.0000 0.9968 0.0000	</row0>
			<row1>	0.0000 1.0000 0.0000 0.0000	</row1>
			<row2>	-0.9968 0.0000 0.0799 0.0000	</row2>
			<row3>	0.2212 0.3129 -0.3752 1.0000	</row3>
		</transform>
	</node>
	<node>
		<identifier>	MP_CM029_Emergency_Box_INDEX_8	</identifier>
		<parent>	Scene Root	</parent>
		<transform>
			<row0>	0.0000 0.0000 -1.0000 0.0000	</row0>
			<row1>	0.0000 1.0000 0.0000 0.0000	</row1>
			<row2>	1.0000 0.0000 0.0000 0.0000	</row2>
			<row3>	-0.1422 0.6767 2.6484 1.0000	</row3>
		</transform>
	</node>
	<node>
		<identifier>	MP_CM029_Emergency_Box_INDEX_9	</identifier>
		<parent>	Scene Root	</parent>
		<transform>
			<row0>	-1.0000 0.0000 0.0000 0.0000	</row0>
			<row1>	0.0000 1.0000 0.0000 0.0000	</row1>
			<row2>	0.0000 0.0000 -1.0000 0.0000	</row2>
			<row3>	0.0000 0.4816 3.3349 1.0000	</row3>
		</transform>
	</node>
	<node>
		<identifier>	MP_CM030_Swab_Rack_2	</identifier>
		<parent>	Scene Root	</parent>
		<transform>
			<row0>	0.0000 0.0000 -1.0000 0.0000	</row0>
			<row1>	0.0000 1.0000 0.0000 0.0000	</row1>
			<row2>	1.0000 0.0000 0.0000 0.0000	</row2>
			<row3>	0.2205 0.2360 0.5775 1.0000	</row3>
		</transform>
	</node>
	<node>
		<identifier>	MP_CM030_Swab_Rack_2_INDEX_1	</identifier>
		<parent>	Scene Root	</parent>
		<transform>
			<row0>	0.0000 0.0000 1.0000 0.0000	</row0>
			<row1>	0.0000 1.0000 0.0000 0.0000	</row1>
			<row2>	-1.0000 0.0000 0.0000 0.0000	</row2>
			<row3>	-0.2205 0.2360 1.6640 1.0000	</row3>
		</transform>
	</node>
	<node>
		<identifier>	MP_CM030_Swab_Rack_2_INDEX_2	</identifier>
		<parent>	Scene Root	</parent>
		<transform>
			<row0>	0.0000 0.0000 1.0000 0.0000	</row0>
			<row1>	0.0000 1.0000 0.0000 0.0000	</row1>
			<row2>	-1.0000 0.0000 0.0000 0.0000	</row2>
			<row3>	-0.2205 0.2360 0.3730 1.0000	</row3>
		</transform>
	</node>
	<node>
		<identifier>	MP_CM030_Swab_Rack_2_INDEX_3	</identifier>
		<parent>	Scene Root	</parent>
		<transform>
			<row0>	0.0000 0.0000 -1.0000 0.0000	</row0>
			<row1>	0.0000 1.0000 0.0000 0.0000	</row1>
			<row2>	1.0000 0.0000 0.0000 0.0000	</row2>
			<row3>	0.2205 0.2360 1.6617 1.0000	</row3>
		</transform>
	</node>
	<node>
		<identifier>	MP_CM052_Fender	</identifier>
		<parent>	Scene Root	</parent>
		<transform>
			<row0>	0.0000 0.0000 0.8000 0.0000	</row0>
			<row1>	0.0000 0.8000 0.0000 0.0000	</row1>
			<row2>	-0.8000 0.0000 0.0000 0.0000	</row2>
			<row3>	-0.2454 0.2365 -0.0216 1.0000	</row3>
		</transform>
	</node>
	<node>
		<identifier>	MP_CM056_Ships_bell	</identifier>
		<parent>	Scene Root	</parent>
		<transform>
			<row0>	1.0000 0.0000 0.0000 0.0000	</row0>
			<row1>	0.0000 1.0000 0.0000 0.0000	</row1>
			<row2>	0.0000 0.0000 1.0000 0.0000	</row2>
			<row3>	0.0000 0.6825 2.2639 1.0000	</row3>
		</transform>
	</node>
	<node>
		<identifier>	MP_CM058_Fuel_Oil_Hose	</identifier>
		<parent>	Scene Root	</parent>
		<transform>
			<row0>	1.0000 0.0000 0.0000 0.0000	</row0>
			<row1>	0.0000 1.0000 0.0000 0.0000	</row1>
			<row2>	0.0000 0.0000 1.0000 0.0000	</row2>
			<row3>	-0.2195 0.2995 -0.0815 1.0000	</row3>
		</transform>
	</node>
	<node>
		<identifier>	MP_CM079_Fender	</identifier>
		<parent>	Scene Root	</parent>
		<transform>
			<row0>	0.3667 0.0000 -0.7110 0.0000	</row0>
			<row1>	0.0000 0.8000 0.0000 0.0000	</row1>
			<row2>	0.7110 0.0000 0.3667 0.0000	</row2>
			<row3>	0.2252 0.4698 3.1569 1.0000	</row3>
		</transform>
	</node>
	<node>
		<identifier>	MP_CM082_Rope	</identifier>
		<parent>	Scene Root	</parent>
		<transform>
			<row0>	0.0000 0.0000 -0.5132 0.0000	</row0>
			<row1>	0.0000 0.5132 0.0000 0.0000	</row1>
			<row2>	0.5132 0.0000 0.0000 0.0000	</row2>
			<row3>	0.0062 1.4682 2.1812 1.0000	</row3>
		</transform>
	</node>
	<node>
		<identifier>	MP_CM092_Siren	</identifier>
		<parent>	Scene Root	</parent>
		<transform>
			<row0>	1.0000 0.0000 0.0000 0.0000	</row0>
			<row1>	0.0000 1.0000 0.0000 0.0000	</row1>
			<row2>	0.0000 0.0000 1.0000 0.0000	</row2>
			<row3>	-0.1143 1.1019 0.8003 1.0000	</row3>
		</transform>
	</node>
	<node>
		<identifier>	MP_CM092_Siren_INDEX_1	</identifier>
		<parent>	Scene Root	</parent>
		<transform>
			<row0>	-1.0000 0.0000 0.0000 0.0000	</row0>
			<row1>	0.0000 1.0000 0.0000 0.0000	</row1>
			<row2>	0.0000 0.0000 -1.0000 0.0000	</row2>
			<row3>	0.0954 1.1019 0.3233 1.0000	</row3>
		</transform>
	</node>
	<node>
		<identifier>	MP_CM099_Compass_Binnacle	</identifier>
		<parent>	Scene Root	</parent>
		<transform>
			<row0>	-0.9000 0.0000 0.0000 0.0000	</row0>
			<row1>	0.0000 0.9000 0.0000 0.0000	</row1>
			<row2>	0.0000 0.0000 -0.9000 0.0000	</row2>
			<row3>	0.0097 0.7940 2.8659 1.0000	</row3>
		</transform>
	</node>
	<node>
		<identifier>	MP_CM109_Leadsman_Platform	</identifier>
		<parent>	Scene Root	</parent>
		<transform>
			<row0>	0.0000 -1.0000 0.0000 0.0000	</row0>
			<row1>	0.9992 0.0000 0.0411 0.0000	</row1>
			<row2>	-0.0411 0.0000 0.9992 0.0000	</row2>
			<row3>	0.4776 0.4017 2.7638 1.0000	</row3>
		</transform>
	</node>
	<node>
		<identifier>	MP_CM109_Leadsman_Platform_INDEX_1	</identifier>
		<parent>	Scene Root	</parent>
		<transform>
			<row0>	0.0000 -1.0000 0.0000 0.0000	</row0>
			<row1>	-0.9991 0.0000 0.0421 0.0000	</row1>
			<row2>	-0.0421 0.0000 -0.9991 0.0000	</row2>
			<row3>	-0.4776 0.4017 2.7638 1.0000	</row3>
		</transform>
	</node>
	<node>
		<identifier>	MP_CM112_Fire_Extinguisher	</identifier>
		<parent>	Scene Root	</parent>
		<transform>
			<row0>	-1.0000 0.0000 0.0000 0.0000	</row0>
			<row1>	0.0000 1.0000 0.0000 0.0000	</row1>
			<row2>	0.0000 0.0000 -1.0000 0.0000	</row2>
			<row3>	0.1378 0.4711 0.7632 1.0000	</row3>
		</transform>
	</node>
	<node>
		<identifier>	MP_CM112_Fire_Extinguisher_INDEX_1	</identifier>
		<parent>	Scene Root	</parent>
		<transform>
			<row0>	-0.9924 0.0000 -0.1229 0.0000	</row0>
			<row1>	0.0000 1.0000 0.0000 0.0000	</row1>
			<row2>	0.1229 0.0000 -0.9924 0.0000	</row2>
			<row3>	0.1337 0.8130 3.0528 1.0000	</row3>
		</transform>
	</node>
	<node>
		<identifier>	MP_CM112_Fire_Extinguisher_INDEX_10	</identifier>
		<parent>	Scene Root	</parent>
		<transform>
			<row0>	1.0000 0.0000 0.0000 0.0000	</row0>
			<row1>	0.0000 1.0000 0.0000 0.0000	</row1>
			<row2>	0.0000 0.0000 1.0000 0.0000	</row2>
			<row3>	-0.1399 0.4547 2.2792 1.0000	</row3>
		</transform>
	</node>
	<node>
		<identifier>	MP_CM112_Fire_Extinguisher_INDEX_11	</identifier>
		<parent>	Scene Root	</parent>
		<transform>
			<row0>	1.0000 0.0000 0.0000 0.0000	</row0>
			<row1>	0.0000 1.0000 0.0000 0.0000	</row1>
			<row2>	0.0000 0.0000 1.0000 0.0000	</row2>
			<row3>	-0.2265 0.3009 1.7687 1.0000	</row3>
		</transform>
	</node>
	<node>
		<identifier>	MP_CM112_Fire_Extinguisher_INDEX_12	</identifier>
		<parent>	Scene Root	</parent>
		<transform>
			<row0>	1.0000 0.0000 0.0000 0.0000	</row0>
			<row1>	0.0000 1.0000 0.0000 0.0000	</row1>
			<row2>	0.0000 0.0000 1.0000 0.0000	</row2>
			<row3>	-0.2262 0.2941 0.0740 1.0000	</row3>
		</transform>
	</node>
	<node>
		<identifier>	MP_CM112_Fire_Extinguisher_INDEX_13	</identifier>
		<parent>	Scene Root	</parent>
		<transform>
			<row0>	1.0000 0.0000 0.0000 0.0000	</row0>
			<row1>	0.0000 1.0000 0.0000 0.0000	</row1>
			<row2>	0.0000 0.0000 1.0000 0.0000	</row2>
			<row3>	-0.1378 0.4711 0.8429 1.0000	</row3>
		</transform>
	</node>
	<node>
		<identifier>	MP_CM112_Fire_Extinguisher_INDEX_2	</identifier>
		<parent>	Scene Root	</parent>
		<transform>
			<row0>	0.8826 0.0000 -0.4702 0.0000	</row0>
			<row1>	0.0000 1.0000 0.0000 0.0000	</row1>
			<row2>	0.4702 0.0000 0.8826 0.0000	</row2>
			<row3>	-0.1943 0.4719 3.2284 1.0000	</row3>
		</transform>
	</node>
	<node>
		<identifier>	MP_CM112_Fire_Extinguisher_INDEX_3	</identifier>
		<parent>	Scene Root	</parent>
		<transform>
			<row0>	-1.0000 0.0000 0.0000 0.0000	</row0>
			<row1>	0.0000 1.0000 0.0000 0.0000	</row1>
			<row2>	0.0000 0.0000 -1.0000 0.0000	</row2>
			<row3>	0.1137 0.8474 2.2594 1.0000	</row3>
		</transform>
	</node>
	<node>
		<identifier>	MP_CM112_Fire_Extinguisher_INDEX_4	</identifier>
		<parent>	Scene Root	</parent>
		<transform>
			<row0>	1.0000 0.0000 0.0000 0.0000	</row0>
			<row1>	0.0000 1.0000 0.0000 0.0000	</row1>
			<row2>	0.0000 0.0000 1.0000 0.0000	</row2>
			<row3>	-0.0697 0.4933 0.0243 1.0000	</row3>
		</transform>
	</node>
	<node>
		<identifier>	MP_CM112_Fire_Extinguisher_INDEX_5	</identifier>
		<parent>	Scene Root	</parent>
		<transform>
			<row0>	1.0000 0.0000 0.0000 0.0000	</row0>
			<row1>	0.0000 1.0000 0.0000 0.0000	</row1>
			<row2>	0.0000 0.0000 1.0000 0.0000	</row2>
			<row3>	-0.1137 0.8474 2.2594 1.0000	</row3>
		</transform>
	</node>
	<node>
		<identifier>	MP_CM112_Fire_Extinguisher_INDEX_6	</identifier>
		<parent>	Scene Root	</parent>
		<transform>
			<row0>	-1.0000 0.0000 0.0000 0.0000	</row0>
			<row1>	0.0000 1.0000 0.0000 0.0000	</row1>
			<row2>	0.0000 0.0000 -1.0000 0.0000	</row2>
			<row3>	0.2264 0.2941 0.0740 1.0000	</row3>
		</transform>
	</node>
	<node>
		<identifier>	MP_CM112_Fire_Extinguisher_INDEX_7	</identifier>
		<parent>	Scene Root	</parent>
		<transform>
			<row0>	0.9911 0.0000 -0.1335 0.0000	</row0>
			<row1>	0.0000 1.0000 0.0000 0.0000	</row1>
			<row2>	0.1335 0.0000 0.9911 0.0000	</row2>
			<row3>	-0.1337 0.8129 3.0528 1.0000	</row3>
		</transform>
	</node>
	<node>
		<identifier>	MP_CM112_Fire_Extinguisher_INDEX_8	</identifier>
		<parent>	Scene Root	</parent>
		<transform>
			<row0>	-0.6069 0.0000 -0.7948 0.0000	</row0>
			<row1>	0.0000 1.0000 0.0000 0.0000	</row1>
			<row2>	0.7948 0.0000 -0.6069 0.0000	</row2>
			<row3>	0.1589 0.4719 3.2895 1.0000	</row3>
		</transform>
	</node>
	<node>
		<identifier>	MP_CM112_Fire_Extinguisher_INDEX_9	</identifier>
		<parent>	Scene Root	</parent>
		<transform>
			<row0>	-1.0000 0.0000 0.0000 0.0000	</row0>
			<row1>	0.0000 1.0000 0.0000 0.0000	</row1>
			<row2>	0.0000 0.0000 -1.0000 0.0000	</row2>
			<row3>	0.2266 0.3009 1.7174 1.0000	</row3>
		</transform>
	</node>
	<node>
		<identifier>	MP_CM126_Cleat	</identifier>
		<parent>	Scene Root	</parent>
		<transform>
			<row0>	1.0000 0.0000 0.0000 0.0000	</row0>
			<row1>	0.0000 1.0000 0.0000 0.0000	</row1>
			<row2>	0.0000 0.0000 1.0000 0.0000	</row2>
			<row3>	0.5165 0.3908 0.3795 1.0000	</row3>
		</transform>
	</node>
	<node>
		<identifier>	MP_CM126_Cleat_INDEX_1	</identifier>
		<parent>	Scene Root	</parent>
		<transform>
			<row0>	-0.0090 0.0097 -0.9999 0.0000	</row0>
			<row1>	-0.9540 -0.2999 0.0056 0.0000	</row1>
			<row2>	-0.2998 0.9539 0.0119 0.0000	</row2>
			<row3>	-0.4581 0.3624 3.0384 1.0000	</row3>
		</transform>
	</node>
	<node>
		<identifier>	MP_CM126_Cleat_INDEX_10	</identifier>
		<parent>	Scene Root	</parent>
		<transform>
			<row0>	0.9738 0.0000 0.2275 0.0000	</row0>
			<row1>	0.2275 0.0000 -0.9738 0.0000	</row1>
			<row2>	0.0000 1.0000 0.0000 0.0000	</row2>
			<row3>	0.1478 0.8482 2.1909 1.0000	</row3>
		</transform>
	</node>
	<node>
		<identifier>	MP_CM126_Cleat_INDEX_11	</identifier>
		<parent>	Scene Root	</parent>
		<transform>
			<row0>	1.0000 0.0000 0.0000 0.0000	</row0>
			<row1>	0.0000 0.8025 0.5967 0.0000	</row1>
			<row2>	0.0000 -0.5967 0.8025 0.0000	</row2>
			<row3>	0.1041 0.6531 0.9870 1.0000	</row3>
		</transform>
	</node>
	<node>
		<identifier>	MP_CM126_Cleat_INDEX_12	</identifier>
		<parent>	Scene Root	</parent>
		<transform>
			<row0>	0.9791 0.0000 -0.2035 0.0000	</row0>
			<row1>	-0.2035 0.0000 -0.9791 0.0000	</row1>
			<row2>	0.0000 1.0000 0.0000 0.0000	</row2>
			<row3>	0.4914 0.4169 -0.1591 1.0000	</row3>
		</transform>
	</node>
	<node>
		<identifier>	MP_CM126_Cleat_INDEX_13	</identifier>
		<parent>	Scene Root	</parent>
		<transform>
			<row0>	0.9738 0.0000 0.2275 0.0000	</row0>
			<row1>	0.2275 0.0000 -0.9738 0.0000	</row1>
			<row2>	0.0000 1.0000 0.0000 0.0000	</row2>
			<row3>	0.2085 0.8482 2.2033 1.0000	</row3>
		</transform>
	</node>
	<node>
		<identifier>	MP_CM126_Cleat_INDEX_14	</identifier>
		<parent>	Scene Root	</parent>
		<transform>
			<row0>	0.9793 0.0000 -0.2022 0.0000	</row0>
			<row1>	0.2022 0.0000 0.9793 0.0000	</row1>
			<row2>	0.0000 -1.0000 0.0000 0.0000	</row2>
			<row3>	-0.4901 0.4232 0.3272 1.0000	</row3>
		</transform>
	</node>
	<node>
		<identifier>	MP_CM126_Cleat_INDEX_15	</identifier>
		<parent>	Scene Root	</parent>
		<transform>
			<row0>	1.0000 0.0000 0.0000 0.0000	</row0>
			<row1>	0.0000 0.0000 -1.0000 0.0000	</row1>
			<row2>	0.0000 1.0000 0.0000 0.0000	</row2>
			<row3>	0.0381 0.8482 2.1731 1.0000	</row3>
		</transform>
	</node>
	<node>
		<identifier>	MP_CM126_Cleat_INDEX_16	</identifier>
		<parent>	Scene Root	</parent>
		<transform>
			<row0>	-0.0090 -0.0097 0.9999 0.0000	</row0>
			<row1>	0.9540 -0.2999 0.0056 0.0000	</row1>
			<row2>	0.2998 0.9539 0.0119 0.0000	</row2>
			<row3>	0.4581 0.3624 3.0384 1.0000	</row3>
		</transform>
	</node>
	<node>
		<identifier>	MP_CM126_Cleat_INDEX_17	</identifier>
		<parent>	Scene Root	</parent>
		<transform>
			<row0>	1.0000 0.0000 0.0000 0.0000	</row0>
			<row1>	0.0000 1.0000 0.0000 0.0000	</row1>
			<row2>	0.0000 0.0000 1.0000 0.0000	</row2>
			<row3>	-0.5165 0.3908 0.3795 1.0000	</row3>
		</transform>
	</node>
	<node>
		<identifier>	MP_CM126_Cleat_INDEX_18	</identifier>
		<parent>	Scene Root	</parent>
		<transform>
			<row0>	1.0000 0.0000 0.0016 0.0000	</row0>
			<row1>	0.0016 0.0000 -1.0000 0.0000	</row1>
			<row2>	0.0000 1.0000 0.0000 0.0000	</row2>
			<row3>	-0.5446 0.6778 2.8303 1.0000	</row3>
		</transform>
	</node>
	<node>
		<identifier>	MP_CM126_Cleat_INDEX_19	</identifier>
		<parent>	Scene Root	</parent>
		<transform>
			<row0>	0.9793 0.0000 0.2022 0.0000	</row0>
			<row1>	-0.2022 0.0000 0.9793 0.0000	</row1>
			<row2>	0.0000 -1.0000 0.0000 0.0000	</row2>
			<row3>	0.4901 0.4232 0.3272 1.0000	</row3>
		</transform>
	</node>
	<node>
		<identifier>	MP_CM126_Cleat_INDEX_2	</identifier>
		<parent>	Scene Root	</parent>
		<transform>
			<row0>	0.9791 0.0000 0.2035 0.0000	</row0>
			<row1>	0.2035 0.0000 -0.9791 0.0000	</row1>
			<row2>	0.0000 1.0000 0.0000 0.0000	</row2>
			<row3>	-0.4914 0.4169 -0.1591 1.0000	</row3>
		</transform>
	</node>
	<node>
		<identifier>	MP_CM126_Cleat_INDEX_20	</identifier>
		<parent>	Scene Root	</parent>
		<transform>
			<row0>	0.9738 0.0000 -0.2275 0.0000	</row0>
			<row1>	-0.2275 0.0000 -0.9738 0.0000	</row1>
			<row2>	0.0000 1.0000 0.0000 0.0000	</row2>
			<row3>	-0.0825 0.8482 2.1739 1.0000	</row3>
		</transform>
	</node>
	<node>
		<identifier>	MP_CM126_Cleat_INDEX_21	</identifier>
		<parent>	Scene Root	</parent>
		<transform>
			<row0>	1.0000 0.0000 0.0015 0.0000	</row0>
			<row1>	0.0015 0.0000 -1.0000 0.0000	</row1>
			<row2>	0.0000 1.0000 0.0000 0.0000	</row2>
			<row3>	0.5446 0.6778 2.8303 1.0000	</row3>
		</transform>
	</node>
	<node>
		<identifier>	MP_CM126_Cleat_INDEX_22	</identifier>
		<parent>	Scene Root	</parent>
		<transform>
			<row0>	1.0000 0.0000 0.0000 0.0000	</row0>
			<row1>	0.0000 1.0000 0.0000 0.0000	</row1>
			<row2>	0.0000 0.0000 1.0000 0.0000	</row2>
			<row3>	-0.5165 0.3908 0.6627 1.0000	</row3>
		</transform>
	</node>
	<node>
		<identifier>	MP_CM126_Cleat_INDEX_23	</identifier>
		<parent>	Scene Root	</parent>
		<transform>
			<row0>	0.9037 -0.0396 -0.4263 0.0000	</row0>
			<row1>	0.0358 0.9992 -0.0169 0.0000	</row1>
			<row2>	0.4267 0.0000 0.9044 0.0000	</row2>
			<row3>	0.2387 0.3942 -0.3811 1.0000	</row3>
		</transform>
	</node>
	<node>
		<identifier>	MP_CM126_Cleat_INDEX_24	</identifier>
		<parent>	Scene Root	</parent>
		<transform>
			<row0>	0.9992 -0.0396 0.0000 0.0000	</row0>
			<row1>	0.0396 0.9992 0.0000 0.0000	</row1>
			<row2>	0.0000 0.0000 1.0000 0.0000	</row2>
			<row3>	0.5158 0.3905 0.5897 1.0000	</row3>
		</transform>
	</node>
	<node>
		<identifier>	MP_CM126_Cleat_INDEX_25	</identifier>
		<parent>	Scene Root	</parent>
		<transform>
			<row0>	0.6056 0.0000 0.7958 0.0000	</row0>
			<row1>	0.7958 0.0000 -0.6056 0.0000	</row1>
			<row2>	0.0000 1.0000 0.0000 0.0000	</row2>
			<row3>	0.2710 0.8482 2.2209 1.0000	</row3>
		</transform>
	</node>
	<node>
		<identifier>	MP_CM126_Cleat_INDEX_26	</identifier>
		<parent>	Scene Root	</parent>
		<transform>
			<row0>	0.6056 0.0000 0.7958 0.0000	</row0>
			<row1>	0.7958 0.0000 -0.6056 0.0000	</row1>
			<row2>	0.0000 1.0000 0.0000 0.0000	</row2>
			<row3>	0.3114 0.8482 2.2739 1.0000	</row3>
		</transform>
	</node>
	<node>
		<identifier>	MP_CM126_Cleat_INDEX_27	</identifier>
		<parent>	Scene Root	</parent>
		<transform>
			<row0>	0.6056 0.0000 -0.7958 0.0000	</row0>
			<row1>	-0.7958 0.0000 -0.6056 0.0000	</row1>
			<row2>	0.0000 1.0000 0.0000 0.0000	</row2>
			<row3>	-0.2710 0.8482 2.2209 1.0000	</row3>
		</transform>
	</node>
	<node>
		<identifier>	MP_CM126_Cleat_INDEX_28	</identifier>
		<parent>	Scene Root	</parent>
		<transform>
			<row0>	0.6056 0.0000 -0.7958 0.0000	</row0>
			<row1>	-0.7958 0.0000 -0.6056 0.0000	</row1>
			<row2>	0.0000 1.0000 0.0000 0.0000	</row2>
			<row3>	-0.3114 0.8482 2.2739 1.0000	</row3>
		</transform>
	</node>
	<node>
		<identifier>	MP_CM126_Cleat_INDEX_3	</identifier>
		<parent>	Scene Root	</parent>
		<transform>
			<row0>	1.0000 0.0000 0.0000 0.0000	</row0>
			<row1>	0.0000 1.0000 0.0000 0.0000	</row1>
			<row2>	0.0000 0.0000 1.0000 0.0000	</row2>
			<row3>	0.5165 0.3900 0.6289 1.0000	</row3>
		</transform>
	</node>
	<node>
		<identifier>	MP_CM126_Cleat_INDEX_4	</identifier>
		<parent>	Scene Root	</parent>
		<transform>
			<row0>	1.0000 0.0000 0.0000 0.0000	</row0>
			<row1>	0.0000 0.0000 -1.0000 0.0000	</row1>
			<row2>	0.0000 1.0000 0.0000 0.0000	</row2>
			<row3>	-0.0381 0.8482 2.1731 1.0000	</row3>
		</transform>
	</node>
	<node>
		<identifier>	MP_CM126_Cleat_INDEX_5	</identifier>
		<parent>	Scene Root	</parent>
		<transform>
			<row0>	0.9992 0.0396 0.0000 0.0000	</row0>
			<row1>	-0.0396 0.9992 0.0000 0.0000	</row1>
			<row2>	0.0000 0.0000 1.0000 0.0000	</row2>
			<row3>	-0.0978 0.5777 0.2761 1.0000	</row3>
		</transform>
	</node>
	<node>
		<identifier>	MP_CM126_Cleat_INDEX_6	</identifier>
		<parent>	Scene Root	</parent>
		<transform>
			<row0>	1.0000 0.0000 0.0000 0.0000	</row0>
			<row1>	0.0000 1.0000 0.0000 0.0000	</row1>
			<row2>	0.0000 0.0000 1.0000 0.0000	</row2>
			<row3>	0.5165 0.3908 0.6627 1.0000	</row3>
		</transform>
	</node>
	<node>
		<identifier>	MP_CM126_Cleat_INDEX_7	</identifier>
		<parent>	Scene Root	</parent>
		<transform>
			<row0>	0.9738 0.0000 -0.2275 0.0000	</row0>
			<row1>	-0.2275 0.0000 -0.9738 0.0000	</row1>
			<row2>	0.0000 1.0000 0.0000 0.0000	</row2>
			<row3>	-0.1478 0.8482 2.1909 1.0000	</row3>
		</transform>
	</node>
	<node>
		<identifier>	MP_CM126_Cleat_INDEX_8	</identifier>
		<parent>	Scene Root	</parent>
		<transform>
			<row0>	0.9738 0.0000 -0.2275 0.0000	</row0>
			<row1>	-0.2275 0.0000 -0.9738 0.0000	</row1>
			<row2>	0.0000 1.0000 0.0000 0.0000	</row2>
			<row3>	-0.2085 0.8482 2.2033 1.0000	</row3>
		</transform>
	</node>
	<node>
		<identifier>	MP_CM126_Cleat_INDEX_9	</identifier>
		<parent>	Scene Root	</parent>
		<transform>
			<row0>	0.9738 0.0000 0.2275 0.0000	</row0>
			<row1>	0.2275 0.0000 -0.9738 0.0000	</row1>
			<row2>	0.0000 1.0000 0.0000 0.0000	</row2>
			<row3>	0.0825 0.8482 2.1739 1.0000	</row3>
		</transform>
	</node>
	<node>
		<identifier>	MP_GM001_Paravane	</identifier>
		<parent>	Scene Root	</parent>
		<transform>
			<row0>	0.0000 -1.0000 0.0000 0.0000	</row0>
			<row1>	1.0000 0.0000 0.0000 0.0000	</row1>
			<row2>	0.0000 0.0000 1.0000 0.0000	</row2>
			<row3>	-0.2988 0.4613 2.6729 1.0000	</row3>
		</transform>
	</node>
	<node>
		<identifier>	MP_GM001_Paravane_INDEX_1	</identifier>
		<parent>	Scene Root	</parent>
		<transform>
			<row0>	0.0000 1.0000 0.0000 0.0000	</row0>
			<row1>	-1.0000 0.0000 0.0000 0.0000	</row1>
			<row2>	0.0000 0.0000 1.0000 0.0000	</row2>
			<row3>	0.2988 0.4613 2.6729 1.0000	</row3>
		</transform>
	</node>
	<node>
		<identifier>	MP_GM002_Fog_Horn	</identifier>
		<parent>	Scene Root	</parent>
		<transform>
			<row0>	0.5000 0.0000 0.0000 0.0000	</row0>
			<row1>	0.0000 0.5000 0.0000 0.0000	</row1>
			<row2>	0.0000 0.0000 0.5000 0.0000	</row2>
			<row3>	0.0581 1.1251 0.8246 1.0000	</row3>
		</transform>
	</node>
	<node>
		<identifier>	MP_GM003_Reels_1	</identifier>
		<parent>	Scene Root	</parent>
		<transform>
			<row0>	0.0000 0.0000 0.8000 0.0000	</row0>
			<row1>	0.0000 0.8000 0.0000 0.0000	</row1>
			<row2>	-0.8000 0.0000 0.0000 0.0000	</row2>
			<row3>	0.4248 0.2317 -0.1060 1.0000	</row3>
		</transform>
	</node>
	<node>
		<identifier>	MP_GM003_Reels_1_INDEX_1	</identifier>
		<parent>	Scene Root	</parent>
		<transform>
			<row0>	1.1308 0.0000 0.0000 0.0000	</row0>
			<row1>	0.0000 1.1308 0.0000 0.0000	</row1>
			<row2>	0.0000 0.0000 1.1308 0.0000	</row2>
			<row3>	-0.0273 0.5337 0.0253 1.0000	</row3>
		</transform>
	</node>
	<node>
		<identifier>	MP_GM003_Reels_1_INDEX_10	</identifier>
		<parent>	Scene Root	</parent>
		<transform>
			<row0>	0.0000 0.0000 -0.8000 0.0000	</row0>
			<row1>	0.0000 0.8000 0.0000 0.0000	</row1>
			<row2>	0.8000 0.0000 0.0000 0.0000	</row2>
			<row3>	-0.4262 0.2321 0.2691 1.0000	</row3>
		</transform>
	</node>
	<node>
		<identifier>	MP_GM003_Reels_1_INDEX_2	</identifier>
		<parent>	Scene Root	</parent>
		<transform>
			<row0>	0.0000 0.0000 0.8000 0.0000	</row0>
			<row1>	0.0000 0.8000 0.0000 0.0000	</row1>
			<row2>	-0.8000 0.0000 0.0000 0.0000	</row2>
			<row3>	0.4262 0.2321 0.2691 1.0000	</row3>
		</transform>
	</node>
	<node>
		<identifier>	MP_GM003_Reels_1_INDEX_3	</identifier>
		<parent>	Scene Root	</parent>
		<transform>
			<row0>	0.0000 0.0000 -0.8000 0.0000	</row0>
			<row1>	0.0000 0.8000 0.0000 0.0000	</row1>
			<row2>	0.8000 0.0000 0.0000 0.0000	</row2>
			<row3>	-0.4248 0.2317 -0.1060 1.0000	</row3>
		</transform>
	</node>
	<node>
		<identifier>	MP_GM003_Reels_1_INDEX_4	</identifier>
		<parent>	Scene Root	</parent>
		<transform>
			<row0>	0.6238 0.0000 1.2530 0.0000	</row0>
			<row1>	-1.2530 0.0000 0.6238 0.0000	</row1>
			<row2>	0.0000 -1.3997 0.0000 0.0000	</row2>
			<row3>	-0.2207 0.4821 3.1681 1.0000	</row3>
		</transform>
	</node>
	<node>
		<identifier>	MP_GM003_Reels_1_INDEX_5	</identifier>
		<parent>	Scene Root	</parent>
		<transform>
			<row0>	0.4482 0.0000 -1.3260 0.0000	</row0>
			<row1>	1.3260 0.0000 0.4482 0.0000	</row1>
			<row2>	0.0000 -1.3997 0.0000 0.0000	</row2>
			<row3>	0.2596 0.4821 3.0813 1.0000	</row3>
		</transform>
	</node>
	<node>
		<identifier>	MP_GM003_Reels_1_INDEX_6	</identifier>
		<parent>	Scene Root	</parent>
		<transform>
			<row0>	0.0000 0.0000 1.2000 0.0000	</row0>
			<row1>	1.2000 0.0000 0.0000 0.0000	</row1>
			<row2>	0.0000 1.2000 0.0000 0.0000	</row2>
			<row3>	0.1506 0.4333 1.5829 1.0000	</row3>
		</transform>
	</node>
	<node>
		<identifier>	MP_GM003_Reels_1_INDEX_7	</identifier>
		<parent>	Scene Root	</parent>
		<transform>
			<row0>	0.0000 0.0000 1.3324 0.0000	</row0>
			<row1>	-1.3324 0.0000 0.0000 0.0000	</row1>
			<row2>	0.0000 -1.3324 0.0000 0.0000	</row2>
			<row3>	-0.2703 0.4821 2.9908 1.0000	</row3>
		</transform>
	</node>
	<node>
		<identifier>	MP_GM003_Reels_1_INDEX_8	</identifier>
		<parent>	Scene Root	</parent>
		<transform>
			<row0>	0.0000 0.0000 1.4000 0.0000	</row0>
			<row1>	0.0000 1.4000 0.0000 0.0000	</row1>
			<row2>	-1.4000 0.0000 0.0000 0.0000	</row2>
			<row3>	0.1643 0.3999 1.2887 1.0000	</row3>
		</transform>
	</node>
	<node>
		<identifier>	MP_GM003_Reels_1_INDEX_9	</identifier>
		<parent>	Scene Root	</parent>
		<transform>
			<row0>	0.0000 0.0000 0.9000 0.0000	</row0>
			<row1>	0.0000 0.9000 0.0000 0.0000	</row1>
			<row2>	-0.9000 0.0000 0.0000 0.0000	</row2>
			<row3>	0.0644 0.5246 -0.2519 1.0000	</row3>
		</transform>
	</node>
	<node>
		<identifier>	MP_GM010_Binocular	</identifier>
		<parent>	Scene Root	</parent>
		<transform>
			<row0>	1.2000 0.0000 0.0000 0.0000	</row0>
			<row1>	0.0000 1.2000 0.0000 0.0000	</row1>
			<row2>	0.0000 0.0000 1.2000 0.0000	</row2>
			<row3>	0.2722 0.6143 2.7196 1.0000	</row3>
		</transform>
	</node>
	<node>
		<identifier>	MP_GM010_Binocular_INDEX_1	</identifier>
		<parent>	Scene Root	</parent>
		<transform>
			<row0>	-1.2000 0.0000 0.0000 0.0000	</row0>
			<row1>	0.0000 1.2000 0.0000 0.0000	</row1>
			<row2>	0.0000 0.0000 -1.2000 0.0000	</row2>
			<row3>	-0.2722 0.6143 2.7196 1.0000	</row3>
		</transform>
	</node>
	<node>
		<identifier>	MP_GM011_Pelorus	</identifier>
		<parent>	Scene Root	</parent>
		<transform>
			<row0>	0.0000 0.0000 1.0000 0.0000	</row0>
			<row1>	0.0000 1.0000 0.0000 0.0000	</row1>
			<row2>	-1.0000 0.0000 0.0000 0.0000	</row2>
			<row3>	-0.2978 0.6196 2.7949 1.0000	</row3>
		</transform>
	</node>
	<node>
		<identifier>	MP_GM011_Pelorus_INDEX_1	</identifier>
		<parent>	Scene Root	</parent>
		<transform>
			<row0>	0.0000 0.0000 1.0000 0.0000	</row0>
			<row1>	0.0000 1.0000 0.0000 0.0000	</row1>
			<row2>	-1.0000 0.0000 0.0000 0.0000	</row2>
			<row3>	0.2283 0.7928 2.6787 1.0000	</row3>
		</transform>
	</node>
	<node>
		<identifier>	MP_GM011_Pelorus_INDEX_2	</identifier>
		<parent>	Scene Root	</parent>
		<transform>
			<row0>	0.0000 0.0000 1.0000 0.0000	</row0>
			<row1>	0.0000 1.0000 0.0000 0.0000	</row1>
			<row2>	-1.0000 0.0000 0.0000 0.0000	</row2>
			<row3>	-0.2023 0.7558 3.0096 1.0000	</row3>
		</transform>
	</node>
	<node>
		<identifier>	MP_GM011_Pelorus_INDEX_3	</identifier>
		<parent>	Scene Root	</parent>
		<transform>
			<row0>	0.0000 0.0000 1.0000 0.0000	</row0>
			<row1>	0.0000 1.0000 0.0000 0.0000	</row1>
			<row2>	-1.0000 0.0000 0.0000 0.0000	</row2>
			<row3>	0.2023 0.7558 3.0096 1.0000	</row3>
		</transform>
	</node>
	<node>
		<identifier>	MP_GM011_Pelorus_INDEX_4	</identifier>
		<parent>	Scene Root	</parent>
		<transform>
			<row0>	0.0000 0.0000 -1.0000 0.0000	</row0>
			<row1>	0.0000 1.0000 0.0000 0.0000	</row1>
			<row2>	1.0000 0.0000 0.0000 0.0000	</row2>
			<row3>	-0.2283 0.7928 2.6787 1.0000	</row3>
		</transform>
	</node>
	<node>
		<identifier>	MP_GM011_Pelorus_INDEX_5	</identifier>
		<parent>	Scene Root	</parent>
		<transform>
			<row0>	0.0000 0.0000 1.0000 0.0000	</row0>
			<row1>	0.0000 1.0000 0.0000 0.0000	</row1>
			<row2>	-1.0000 0.0000 0.0000 0.0000	</row2>
			<row3>	0.2978 0.6196 2.7949 1.0000	</row3>
		</transform>
	</node>
	<node>
		<identifier>	MP_GM011_Pelorus_INDEX_6	</identifier>
		<parent>	Scene Root	</parent>
		<transform>
			<row0>	0.0000 0.0000 1.0000 0.0000	</row0>
			<row1>	0.0000 1.0000 0.0000 0.0000	</row1>
			<row2>	-1.0000 0.0000 0.0000 0.0000	</row2>
			<row3>	0.2260 0.6235 3.0173 1.0000	</row3>
		</transform>
	</node>
	<node>
		<identifier>	MP_GM011_Pelorus_INDEX_7	</identifier>
		<parent>	Scene Root	</parent>
		<transform>
			<row0>	0.0000 0.0000 -1.0000 0.0000	</row0>
			<row1>	0.0000 1.0000 0.0000 0.0000	</row1>
			<row2>	1.0000 0.0000 0.0000 0.0000	</row2>
			<row3>	-0.2260 0.6235 3.0173 1.0000	</row3>
		</transform>
	</node>
	<node>
		<identifier>	MP_GM012_Reels_5	</identifier>
		<parent>	Scene Root	</parent>
		<transform>
			<row0>	0.0000 0.0000 -0.6032 0.0000	</row0>
			<row1>	0.6032 0.0000 0.0000 0.0000	</row1>
			<row2>	0.0000 -0.6032 0.0000 0.0000	</row2>
			<row3>	0.2757 0.4808 2.9951 1.0000	</row3>
		</transform>
	</node>
	<node>
		<identifier>	MP_GM012_Reels_5_INDEX_1	</identifier>
		<parent>	Scene Root	</parent>
		<transform>
			<row0>	0.1990 0.0000 0.5695 0.0000	</row0>
			<row1>	-0.5695 0.0000 0.1990 0.0000	</row1>
			<row2>	0.0000 -0.6032 0.0000 0.0000	</row2>
			<row3>	-0.2610 0.4808 3.0801 1.0000	</row3>
		</transform>
	</node>
	<node>
		<identifier>	MP_GM014_Sleeve	</identifier>
		<parent>	Scene Root	</parent>
		<transform>
			<row0>	0.0000 0.0000 1.0000 0.0000	</row0>
			<row1>	0.0000 1.0000 0.0000 0.0000	</row1>
			<row2>	-1.0000 0.0000 0.0000 0.0000	</row2>
			<row3>	-0.2253 0.2940 2.2579 1.0000	</row3>
		</transform>
	</node>
	<node>
		<identifier>	MP_GM014_Sleeve_INDEX_1	</identifier>
		<parent>	Scene Root	</parent>
		<transform>
			<row0>	0.0000 0.0000 -1.0000 0.0000	</row0>
			<row1>	0.0000 1.0000 0.0000 0.0000	</row1>
			<row2>	1.0000 0.0000 0.0000 0.0000	</row2>
			<row3>	0.2210 0.2940 0.4959 1.0000	</row3>
		</transform>
	</node>
	<node>
		<identifier>	MP_GM014_Sleeve_INDEX_2	</identifier>
		<parent>	Scene Root	</parent>
		<transform>
			<row0>	0.0000 0.0000 1.0000 0.0000	</row0>
			<row1>	0.0000 1.0000 0.0000 0.0000	</row1>
			<row2>	-1.0000 0.0000 0.0000 0.0000	</row2>
			<row3>	-0.0814 0.4558 -0.2623 1.0000	</row3>
		</transform>
	</node>
	<node>
		<identifier>	MP_GM014_Sleeve_INDEX_3	</identifier>
		<parent>	Scene Root	</parent>
		<transform>
			<row0>	0.4592 0.0000 -0.8883 0.0000	</row0>
			<row1>	0.0000 1.0000 0.0000 0.0000	</row1>
			<row2>	0.8883 0.0000 0.4592 0.0000	</row2>
			<row3>	0.1933 0.4722 3.2177 1.0000	</row3>
		</transform>
	</node>
	<node>
		<identifier>	MP_GM014_Sleeve_INDEX_4	</identifier>
		<parent>	Scene Root	</parent>
		<transform>
			<row0>	0.0000 0.0000 -1.0000 0.0000	</row0>
			<row1>	0.0000 1.0000 0.0000 0.0000	</row1>
			<row2>	1.0000 0.0000 0.0000 0.0000	</row2>
			<row3>	0.2253 0.2940 2.2579 1.0000	</row3>
		</transform>
	</node>
	<node>
		<identifier>	MP_GM014_Sleeve_INDEX_5	</identifier>
		<parent>	Scene Root	</parent>
		<transform>
			<row0>	0.0000 0.0000 1.0000 0.0000	</row0>
			<row1>	0.0000 1.0000 0.0000 0.0000	</row1>
			<row2>	-1.0000 0.0000 0.0000 0.0000	</row2>
			<row3>	-0.2210 0.2940 0.4959 1.0000	</row3>
		</transform>
	</node>
	<node>
		<identifier>	MP_GM024_Night_Indicator	</identifier>
		<parent>	Scene Root	</parent>
		<transform>
			<row0>	-0.8000 0.0000 0.0000 0.0000	</row0>
			<row1>	0.0000 0.8000 0.0000 0.0000	</row1>
			<row2>	0.0000 0.0000 -0.8000 0.0000	</row2>
			<row3>	0.0000 1.1346 0.2466 1.0000	</row3>
		</transform>
	</node>
	<node>
		<identifier>	MP_GM025_Cooling_tube	</identifier>
		<parent>	Scene Root	</parent>
		<transform>
			<row0>	0.0000 0.0000 -1.0000 0.0000	</row0>
			<row1>	0.0000 1.0000 0.0000 0.0000	</row1>
			<row2>	1.0000 0.0000 0.0000 0.0000	</row2>
			<row3>	0.1342 0.4082 2.0364 1.0000	</row3>
		</transform>
	</node>
	<node>
		<identifier>	MP_GM025_Cooling_tube_INDEX_1	</identifier>
		<parent>	Scene Root	</parent>
		<transform>
			<row0>	0.0000 0.0000 1.0000 0.0000	</row0>
			<row1>	0.0000 1.0000 0.0000 0.0000	</row1>
			<row2>	-1.0000 0.0000 0.0000 0.0000	</row2>
			<row3>	-0.0346 0.4082 2.0293 1.0000	</row3>
		</transform>
	</node>
	<node>
		<identifier>	MP_GM025_Cooling_tube_INDEX_2	</identifier>
		<parent>	Scene Root	</parent>
		<transform>
			<row0>	0.0000 0.0000 -1.0000 0.0000	</row0>
			<row1>	0.0000 1.0000 0.0000 0.0000	</row1>
			<row2>	1.0000 0.0000 0.0000 0.0000	</row2>
			<row3>	0.1342 0.4082 2.0546 1.0000	</row3>
		</transform>
	</node>
	<node>
		<identifier>	MP_GM025_Cooling_tube_INDEX_3	</identifier>
		<parent>	Scene Root	</parent>
		<transform>
			<row0>	0.0000 0.0000 1.0000 0.0000	</row0>
			<row1>	0.0000 1.0000 0.0000 0.0000	</row1>
			<row2>	-1.0000 0.0000 0.0000 0.0000	</row2>
			<row3>	-0.0346 0.4082 2.0475 1.0000	</row3>
		</transform>
	</node>
	<node>
		<identifier>	MP_GM028_Compass_Binnacle	</identifier>
		<parent>	Scene Root	</parent>
		<transform>
			<row0>	0.9000 0.0000 0.0000 0.0000	</row0>
			<row1>	0.0000 0.9000 0.0000 0.0000	</row1>
			<row2>	0.0000 0.0000 0.9000 0.0000	</row2>
			<row3>	0.0000 0.6097 3.3107 1.0000	</row3>
		</transform>
	</node>
	<node>
		<identifier>	MP_GM034_Turtles_box	</identifier>
		<parent>	Scene Root	</parent>
		<transform>
			<row0>	-1.0000 0.0000 0.0000 0.0000	</row0>
			<row1>	0.0000 1.0000 0.0000 0.0000	</row1>
			<row2>	0.0000 0.0000 -1.0000 0.0000	</row2>
			<row3>	0.2172 0.4349 2.3629 1.0000	</row3>
		</transform>
	</node>
	<node>
		<identifier>	MP_GM034_Turtles_box_INDEX_1	</identifier>
		<parent>	Scene Root	</parent>
		<transform>
			<row0>	-0.7908 0.0000 -0.6121 0.0000	</row0>
			<row1>	0.0000 1.0000 0.0000 0.0000	</row1>
			<row2>	0.6121 0.0000 -0.7908 0.0000	</row2>
			<row3>	0.0789 0.7851 2.9332 1.0000	</row3>
		</transform>
	</node>
	<node>
		<identifier>	MP_GM034_Turtles_box_INDEX_2	</identifier>
		<parent>	Scene Root	</parent>
		<transform>
			<row0>	-0.0595 0.0000 -0.9982 0.0000	</row0>
			<row1>	0.0000 1.0000 0.0000 0.0000	</row1>
			<row2>	0.9982 0.0000 -0.0595 0.0000	</row2>
			<row3>	0.2220 0.2665 -0.0109 1.0000	</row3>
		</transform>
	</node>
	<node>
		<identifier>	MP_GM034_Turtles_box_INDEX_3	</identifier>
		<parent>	Scene Root	</parent>
		<transform>
			<row0>	-1.0000 0.0000 0.0000 0.0000	</row0>
			<row1>	0.0000 1.0000 0.0000 0.0000	</row1>
			<row2>	0.0000 0.0000 -1.0000 0.0000	</row2>
			<row3>	-0.2172 0.4349 2.3629 1.0000	</row3>
		</transform>
	</node>
	<node>
		<identifier>	MP_GM034_Turtles_box_INDEX_4	</identifier>
		<parent>	Scene Root	</parent>
		<transform>
			<row0>	-0.0084 -0.0002 -1.0000 0.0000	</row0>
			<row1>	-0.0183 0.9998 0.0000 0.0000	</row1>
			<row2>	0.9998 0.0183 -0.0084 0.0000	</row2>
			<row3>	0.1526 0.4559 1.5119 1.0000	</row3>
		</transform>
	</node>
	<node>
		<identifier>	MP_GM034_Turtles_box_INDEX_5	</identifier>
		<parent>	Scene Root	</parent>
		<transform>
			<row0>	-0.0084 0.0002 1.0000 0.0000	</row0>
			<row1>	0.0183 0.9998 0.0000 0.0000	</row1>
			<row2>	-0.9998 0.0183 -0.0084 0.0000	</row2>
			<row3>	-0.1377 0.2693 1.8898 1.0000	</row3>
		</transform>
	</node>
	<node>
		<identifier>	MP_GM034_Turtles_box_INDEX_6	</identifier>
		<parent>	Scene Root	</parent>
		<transform>
			<row0>	-0.0084 0.0002 1.0000 0.0000	</row0>
			<row1>	0.0183 0.9998 0.0000 0.0000	</row1>
			<row2>	-0.9998 0.0183 -0.0084 0.0000	</row2>
			<row3>	-0.1341 0.4474 0.7611 1.0000	</row3>
		</transform>
	</node>
	<node>
		<identifier>	MP_GM034_Turtles_box_INDEX_7	</identifier>
		<parent>	Scene Root	</parent>
		<transform>
			<row0>	-0.0084 0.0000 -1.0000 0.0000	</row0>
			<row1>	0.0000 1.0000 0.0000 0.0000	</row1>
			<row2>	1.0000 0.0000 -0.0084 0.0000	</row2>
			<row3>	0.2233 0.2693 1.7761 1.0000	</row3>
		</transform>
	</node>
	<node>
		<identifier>	MP_GM034_Turtles_box_INDEX_8	</identifier>
		<parent>	Scene Root	</parent>
		<transform>
			<row0>	0.8036 0.0000 0.5951 0.0000	</row0>
			<row1>	0.0000 1.0000 0.0000 0.0000	</row1>
			<row2>	-0.5951 0.0000 0.8036 0.0000	</row2>
			<row3>	-0.1336 0.4451 3.3024 1.0000	</row3>
		</transform>
	</node>
	<node>
		<identifier>	MP_GM034_Turtles_box_INDEX_9	</identifier>
		<parent>	Scene Root	</parent>
		<transform>
			<row0>	-0.2568 0.0000 -0.9665 0.0000	</row0>
			<row1>	0.0000 1.0000 0.0000 0.0000	</row1>
			<row2>	0.9665 0.0000 -0.2568 0.0000	</row2>
			<row3>	0.0553 0.9903 2.3520 1.0000	</row3>
		</transform>
	</node>
	<node>
