<BSD014_Vampire_1942_Bow.skel_ext>
	<exported>	true	</exported>
	<node>
		<identifier>	MP_BM054_Artillery_shell_102mm	</identifier>
		<parent>	Scene Root	</parent>
		<transform>
			<row0>	-0.9946 0.0000 0.1037 0.0000	</row0>
			<row1>	0.0000 1.0000 0.0000 0.0000	</row1>
			<row2>	-0.1037 0.0000 -0.9946 0.0000	</row2>
			<row3>	-0.2282 0.2624 2.3098 1.0000	</row3>
		</transform>
	</node>
	<node>
		<identifier>	MP_BM054_Artillery_shell_102mm_INDEX_1	</identifier>
		<parent>	Scene Root	</parent>
		<transform>
			<row0>	0.9954 0.0000 0.0959 0.0000	</row0>
			<row1>	0.0000 1.0000 0.0000 0.0000	</row1>
			<row2>	-0.0959 0.0000 0.9954 0.0000	</row2>
			<row3>	0.2232 0.2640 2.3597 1.0000	</row3>
		</transform>
	</node>
	<node>
		<identifier>	MP_BM054_Artillery_shell_102mm_INDEX_10	</identifier>
		<parent>	Scene Root	</parent>
		<transform>
			<row0>	0.9990 0.0000 0.0447 0.0000	</row0>
			<row1>	0.0000 1.0000 0.0000 0.0000	</row1>
			<row2>	-0.0447 0.0000 0.9990 0.0000	</row2>
			<row3>	0.2509 0.2552 2.0034 1.0000	</row3>
		</transform>
	</node>
	<node>
		<identifier>	MP_BM054_Artillery_shell_102mm_INDEX_11	</identifier>
		<parent>	Scene Root	</parent>
		<transform>
			<row0>	0.9946 0.0000 0.1033 0.0000	</row0>
			<row1>	0.0000 1.0000 0.0000 0.0000	</row1>
			<row2>	-0.1033 0.0000 0.9946 0.0000	</row2>
			<row3>	0.2320 0.2614 2.2733 1.0000	</row3>
		</transform>
	</node>
	<node>
		<identifier>	MP_BM054_Artillery_shell_102mm_INDEX_12	</identifier>
		<parent>	Scene Root	</parent>
		<transform>
			<row0>	-0.9957 0.0000 0.0928 0.0000	</row0>
			<row1>	0.0000 1.0000 0.0000 0.0000	</row1>
			<row2>	-0.0928 0.0000 -0.9957 0.0000	</row2>
			<row3>	-0.2216 0.2644 2.3753 1.0000	</row3>
		</transform>
	</node>
	<node>
		<identifier>	MP_BM054_Artillery_shell_102mm_INDEX_13	</identifier>
		<parent>	Scene Root	</parent>
		<transform>
			<row0>	0.9971 0.0000 0.0763 0.0000	</row0>
			<row1>	0.0000 1.0000 0.0000 0.0000	</row1>
			<row2>	-0.0763 0.0000 0.9971 0.0000	</row2>
			<row3>	0.2452 0.2570 2.1033 1.0000	</row3>
		</transform>
	</node>
	<node>
		<identifier>	MP_BM054_Artillery_shell_102mm_INDEX_14	</identifier>
		<parent>	Scene Root	</parent>
		<transform>
			<row0>	-0.9954 0.0000 0.0959 0.0000	</row0>
			<row1>	0.0000 1.0000 0.0000 0.0000	</row1>
			<row2>	-0.0959 0.0000 -0.9954 0.0000	</row2>
			<row3>	-0.2231 0.2640 2.3597 1.0000	</row3>
		</transform>
	</node>
	<node>
		<identifier>	MP_BM054_Artillery_shell_102mm_INDEX_15	</identifier>
		<parent>	Scene Root	</parent>
		<transform>
			<row0>	-0.9990 0.0000 0.0447 0.0000	</row0>
			<row1>	0.0000 1.0000 0.0000 0.0000	</row1>
			<row2>	-0.0447 0.0000 -0.9990 0.0000	</row2>
			<row3>	-0.2508 0.2552 2.0034 1.0000	</row3>
		</transform>
	</node>
	<node>
		<identifier>	MP_BM054_Artillery_shell_102mm_INDEX_16	</identifier>
		<parent>	Scene Root	</parent>
		<transform>
			<row0>	-0.9969 0.0000 0.0790 0.0000	</row0>
			<row1>	0.0000 1.0000 0.0000 0.0000	</row1>
			<row2>	-0.0790 0.0000 -0.9969 0.0000	</row2>
			<row3>	-0.2398 0.2588 2.1755 1.0000	</row3>
		</transform>
	</node>
	<node>
		<identifier>	MP_BM054_Artillery_shell_102mm_INDEX_17	</identifier>
		<parent>	Scene Root	</parent>
		<transform>
			<row0>	-0.9971 0.0000 0.0763 0.0000	</row0>
			<row1>	0.0000 1.0000 0.0000 0.0000	</row1>
			<row2>	-0.0763 0.0000 -0.9971 0.0000	</row2>
			<row3>	-0.2451 0.2570 2.1033 1.0000	</row3>
		</transform>
	</node>
	<node>
		<identifier>	MP_BM054_Artillery_shell_102mm_INDEX_2	</identifier>
		<parent>	Scene Root	</parent>
		<transform>
			<row0>	0.9946 0.0000 0.1037 0.0000	</row0>
			<row1>	0.0000 1.0000 0.0000 0.0000	</row1>
			<row2>	-0.1037 0.0000 0.9946 0.0000	</row2>
			<row3>	0.2283 0.2624 2.3098 1.0000	</row3>
		</transform>
	</node>
	<node>
		<identifier>	MP_BM054_Artillery_shell_102mm_INDEX_3	</identifier>
		<parent>	Scene Root	</parent>
		<transform>
			<row0>	-0.9971 0.0000 0.0760 0.0000	</row0>
			<row1>	0.0000 1.0000 0.0000 0.0000	</row1>
			<row2>	-0.0760 0.0000 -0.9971 0.0000	</row2>
			<row3>	-0.2480 0.2565 2.0620 1.0000	</row3>
		</transform>
	</node>
	<node>
		<identifier>	MP_BM054_Artillery_shell_102mm_INDEX_4	</identifier>
		<parent>	Scene Root	</parent>
		<transform>
			<row0>	0.9971 0.0000 0.0760 0.0000	</row0>
			<row1>	0.0000 1.0000 0.0000 0.0000	</row1>
			<row2>	-0.0760 0.0000 0.9971 0.0000	</row2>
			<row3>	0.2481 0.2565 2.0620 1.0000	</row3>
		</transform>
	</node>
	<node>
		<identifier>	MP_BM054_Artillery_shell_102mm_INDEX_5	</identifier>
		<parent>	Scene Root	</parent>
		<transform>
			<row0>	-0.9973 0.0000 0.0738 0.0000	</row0>
			<row1>	0.0000 1.0000 0.0000 0.0000	</row1>
			<row2>	-0.0738 0.0000 -0.9973 0.0000	</row2>
			<row3>	-0.2370 0.2601 2.2143 1.0000	</row3>
		</transform>
	</node>
	<node>
		<identifier>	MP_BM054_Artillery_shell_102mm_INDEX_6	</identifier>
		<parent>	Scene Root	</parent>
		<transform>
			<row0>	0.9973 0.0000 0.0738 0.0000	</row0>
			<row1>	0.0000 1.0000 0.0000 0.0000	</row1>
			<row2>	-0.0738 0.0000 0.9973 0.0000	</row2>
			<row3>	0.2371 0.2601 2.2143 1.0000	</row3>
		</transform>
	</node>
	<node>
		<identifier>	MP_BM054_Artillery_shell_102mm_INDEX_7	</identifier>
		<parent>	Scene Root	</parent>
		<transform>
			<row0>	0.9957 0.0000 0.0928 0.0000	</row0>
			<row1>	0.0000 1.0000 0.0000 0.0000	</row1>
			<row2>	-0.0928 0.0000 0.9957 0.0000	</row2>
			<row3>	0.2217 0.2644 2.3753 1.0000	</row3>
		</transform>
	</node>
	<node>
		<identifier>	MP_BM054_Artillery_shell_102mm_INDEX_8	</identifier>
		<parent>	Scene Root	</parent>
		<transform>
			<row0>	-0.9946 0.0000 0.1033 0.0000	</row0>
			<row1>	0.0000 1.0000 0.0000 0.0000	</row1>
			<row2>	-0.1033 0.0000 -0.9946 0.0000	</row2>
			<row3>	-0.2319 0.2614 2.2733 1.0000	</row3>
		</transform>
	</node>
	<node>
		<identifier>	MP_BM054_Artillery_shell_102mm_INDEX_9	</identifier>
		<parent>	Scene Root	</parent>
		<transform>
			<row0>	0.9969 0.0000 0.0790 0.0000	</row0>
			<row1>	0.0000 1.0000 0.0000 0.0000	</row1>
			<row2>	-0.0790 0.0000 0.9969 0.0000	</row2>
			<row3>	0.2399 0.2588 2.1755 1.0000	</row3>
		</transform>
	</node>
	<node>
		<identifier>	MP_BM950_Anchor_top	</identifier>
		<parent>	Scene Root	</parent>
		<transform>
			<row0>	0.2309 -0.6958 -0.4238 0.0000	</row0>
			<row1>	0.1346 0.4670 -0.6934 0.0000	</row1>
			<row2>	0.8035 0.1217 0.2380 0.0000	</row2>
			<row3>	-0.0843 0.2312 3.0336 1.0000	</row3>
		</transform>
	</node>
	<node>
		<identifier>	MP_BM950_Anchor_top_INDEX_1	</identifier>
		<parent>	Scene Root	</parent>
		<transform>
			<row0>	0.2309 0.6958 0.4238 0.0000	</row0>
			<row1>	-0.1346 0.4670 -0.6934 0.0000	</row1>
			<row2>	-0.8035 0.1217 0.2380 0.0000	</row2>
			<row3>	0.0843 0.2312 3.0336 1.0000	</row3>
		</transform>
	</node>
	<node>
		<identifier>	MP_BM951_Anchor_down	</identifier>
		<parent>	Scene Root	</parent>
		<transform>
			<row0>	0.2309 0.6958 0.4238 0.0000	</row0>
			<row1>	0.2371 0.3641 -0.7268 0.0000	</row1>
			<row2>	-0.7794 0.3168 -0.0956 0.0000	</row2>
			<row3>	0.0840 0.2314 3.0334 1.0000	</row3>
		</transform>
	</node>
	<node>
		<identifier>	MP_BM951_Anchor_down_INDEX_1	</identifier>
		<parent>	Scene Root	</parent>
		<transform>
			<row0>	0.2309 -0.6958 -0.4238 0.0000	</row0>
			<row1>	-0.2371 0.3641 -0.7268 0.0000	</row1>
			<row2>	0.7794 0.3168 -0.0956 0.0000	</row2>
			<row3>	-0.0840 0.2314 3.0334 1.0000	</row3>
		</transform>
	</node>
	<node>
		<identifier>	MP_BM966_Fairlead	</identifier>
		<parent>	Scene Root	</parent>
		<transform>
			<row0>	0.5543 0.0452 -0.1112 0.0000	</row0>
			<row1>	-0.0490 0.5648 -0.0146 0.0000	</row1>
			<row2>	0.1096 0.0239 0.5559 0.0000	</row2>
			<row3>	-0.1599 0.2804 2.8065 1.0000	</row3>
		</transform>
	</node>
	<node>
		<identifier>	MP_BM966_Fairlead_INDEX_1	</identifier>
		<parent>	Scene Root	</parent>
		<transform>
			<row0>	0.5543 -0.0452 0.1112 0.0000	</row0>
			<row1>	0.0490 0.5648 -0.0146 0.0000	</row1>
			<row2>	-0.1096 0.0239 0.5559 0.0000	</row2>
			<row3>	0.1599 0.2804 2.8065 1.0000	</row3>
		</transform>
	</node>
	<node>
		<identifier>	MP_BM967_Bollard	</identifier>
		<parent>	Scene Root	</parent>
		<transform>
			<row0>	0.4434 0.0368 -0.0633 0.0000	</row0>
			<row1>	-0.0388 0.4476 -0.0116 0.0000	</row1>
			<row2>	0.0621 0.0169 0.4448 0.0000	</row2>
			<row3>	-0.1931 0.2724 2.5692 1.0000	</row3>
		</transform>
	</node>
	<node>
		<identifier>	MP_BM967_Bollard_INDEX_1	</identifier>
		<parent>	Scene Root	</parent>
		<transform>
			<row0>	0.4434 -0.0368 0.0633 0.0000	</row0>
			<row1>	0.0388 0.4476 -0.0116 0.0000	</row1>
			<row2>	-0.0621 0.0169 0.4448 0.0000	</row2>
			<row3>	0.1931 0.2724 2.5692 1.0000	</row3>
		</transform>
	</node>
</BSD014_Vampire_1942_Bow.skel_ext>
