<ZSS301_Xing_Zhong_Guo_1955_Bow_ep.skel_ext>
	<exported>	false	</exported>
	<node>
		<identifier>	EP_Death_1	</identifier>
		<parent>	Scene Root	</parent>
		<transform>
			<row0>	1.0000 0.0000 0.0000 0.0000	</row0>
			<row1>	0.0000 1.0000 0.0000 0.0000	</row1>
			<row2>	0.0000 0.0000 1.0000 0.0000	</row2>
			<row3>	0.0000 0.0000 1.5264 1.0000	</row3>
		</transform>
	</node>
	<node>
		<identifier>	EP_Descent_1	</identifier>
		<parent>	Scene Root	</parent>
		<transform>
			<row0>	0.4946 -0.8691 0.0000 0.0000	</row0>
			<row1>	0.8691 0.4946 0.0000 0.0000	</row1>
			<row2>	0.0000 0.0000 1.0000 0.0000	</row2>
			<row3>	0.0126 -0.0526 2.4310 1.0000	</row3>
		</transform>
	</node>
	<node>
		<identifier>	EP_Hydrophone	</identifier>
		<parent>	Scene Root	</parent>
		<transform>
			<row0>	1.0000 0.0000 0.0000 0.0000	</row0>
			<row1>	0.0000 1.0000 0.0000 0.0000	</row1>
			<row2>	0.0000 0.0000 1.0000 0.0000	</row2>
			<row3>	0.0000 0.1243 2.6346 1.0000	</row3>
		</transform>
	</node>
	<node>
		<identifier>	EP_Runoff_deluge_left	</identifier>
		<parent>	Scene Root	</parent>
		<transform>
			<row0>	-0.9960 0.0000 0.0895 0.0000	</row0>
			<row1>	0.0000 1.0000 0.0000 0.0000	</row1>
			<row2>	-0.0895 0.0000 -0.9960 0.0000	</row2>
			<row3>	-0.1024 0.0405 1.7661 1.0000	</row3>
		</transform>
	</node>
	<node>
		<identifier>	EP_Runoff_deluge_left_1	</identifier>
		<parent>	Scene Root	</parent>
		<transform>
			<row0>	-0.9986 0.0000 0.0536 0.0000	</row0>
			<row1>	0.0000 1.0000 0.0000 0.0000	</row1>
			<row2>	-0.0536 0.0000 -0.9986 0.0000	</row2>
			<row3>	-0.1182 0.0387 1.5315 1.0000	</row3>
		</transform>
	</node>
	<node>
		<identifier>	EP_Runoff_deluge_right	</identifier>
		<parent>	Scene Root	</parent>
		<transform>
			<row0>	0.9960 0.0000 0.0898 0.0000	</row0>
			<row1>	0.0000 1.0000 0.0000 0.0000	</row1>
			<row2>	-0.0898 0.0000 0.9960 0.0000	</row2>
			<row3>	0.1019 0.0400 1.7661 1.0000	</row3>
		</transform>
	</node>
	<node>
		<identifier>	EP_Runoff_deluge_right_1	</identifier>
		<parent>	Scene Root	</parent>
		<transform>
			<row0>	0.9986 0.0000 0.0536 0.0000	</row0>
			<row1>	0.0000 1.0000 0.0000 0.0000	</row1>
			<row2>	-0.0536 0.0000 0.9986 0.0000	</row2>
			<row3>	0.1179 0.0390 1.5312 1.0000	</row3>
		</transform>
	</node>
	<node>
		<identifier>	EP_Runoff_up_left	</identifier>
		<parent>	Scene Root	</parent>
		<transform>
			<row0>	-0.9994 0.0032 0.0324 0.0000	</row0>
			<row1>	0.0017 0.9990 -0.0467 0.0000	</row1>
			<row2>	-0.0325 -0.0466 -0.9984 0.0000	</row2>
			<row3>	-0.0514 0.1442 1.9666 1.0000	</row3>
		</transform>
	</node>
	<node>
		<identifier>	EP_Runoff_up_right	</identifier>
		<parent>	Scene Root	</parent>
		<transform>
			<row0>	0.9995 0.0033 0.0325 0.0000	</row0>
			<row1>	-0.0017 0.9989 -0.0467 0.0000	</row1>
			<row2>	-0.0326 0.0466 0.9984 0.0000	</row2>
			<row3>	0.0510 0.1439 1.9670 1.0000	</row3>
		</transform>
	</node>
	<node>
		<identifier>	EP_WakeTrace	</identifier>
		<parent>	Scene Root	</parent>
		<transform>
			<row0>	1.0000 0.0000 0.0000 0.0000	</row0>
			<row1>	0.0000 1.0000 0.0000 0.0000	</row1>
			<row2>	0.0000 0.0000 1.0000 0.0000	</row2>
			<row3>	0.0000 0.0000 2.5376 1.0000	</row3>
		</transform>
	</node>
</ZSS301_Xing_Zhong_Guo_1955_Bow_ep.skel_ext>
