<ISB002_Roma_1943_MidFront.skel_ext>
	<exported>	true	</exported>
	<node>
		<identifier>	MP_CM011_Fire_Fighting_Gear	</identifier>
		<parent>	Scene Root	</parent>
		<transform>
			<row0>	-1.0000 0.0000 0.0000 0.0000	</row0>
			<row1>	0.0000 1.0000 0.0000 0.0000	</row1>
			<row2>	0.0000 0.0000 -1.0000 0.0000	</row2>
			<row3>	0.0000 0.4151 4.7818 1.0000	</row3>
		</transform>
	</node>
	<node>
		<identifier>	MP_CM011_Fire_Fighting_Gear_INDEX_1	</identifier>
		<parent>	Scene Root	</parent>
		<transform>
			<row0>	0.0000 0.0000 1.0000 0.0000	</row0>
			<row1>	0.0000 1.0000 0.0000 0.0000	</row1>
			<row2>	-1.0000 0.0000 0.0000 0.0000	</row2>
			<row3>	0.2151 0.4103 4.2840 1.0000	</row3>
		</transform>
	</node>
	<node>
		<identifier>	MP_CM011_Fire_Fighting_Gear_INDEX_2	</identifier>
		<parent>	Scene Root	</parent>
		<transform>
			<row0>	0.0000 0.0000 -1.0000 0.0000	</row0>
			<row1>	0.0000 1.0000 0.0000 0.0000	</row1>
			<row2>	1.0000 0.0000 0.0000 0.0000	</row2>
			<row3>	-0.2162 0.4103 4.2840 1.0000	</row3>
		</transform>
	</node>
	<node>
		<identifier>	MP_CM013_Fire_Hose_Rack_2	</identifier>
		<parent>	Scene Root	</parent>
		<transform>
			<row0>	-1.0000 0.0000 0.0000 0.0000	</row0>
			<row1>	0.0000 1.0000 0.0000 0.0000	</row1>
			<row2>	0.0000 0.0000 -1.0000 0.0000	</row2>
			<row3>	-0.2150 0.4417 4.3228 1.0000	</row3>
		</transform>
	</node>
	<node>
		<identifier>	MP_CM013_Fire_Hose_Rack_2_INDEX_1	</identifier>
		<parent>	Scene Root	</parent>
		<transform>
			<row0>	1.0000 0.0000 0.0000 0.0000	</row0>
			<row1>	0.0000 1.0000 0.0000 0.0000	</row1>
			<row2>	0.0000 0.0000 1.0000 0.0000	</row2>
			<row3>	0.2150 0.4417 4.3228 1.0000	</row3>
		</transform>
	</node>
	<node>
		<identifier>	MP_CM013_Fire_Hose_Rack_2_INDEX_2	</identifier>
		<parent>	Scene Root	</parent>
		<transform>
			<row0>	1.0000 0.0000 0.0000 0.0000	</row0>
			<row1>	0.0000 1.0000 0.0000 0.0000	</row1>
			<row2>	0.0000 0.0000 1.0000 0.0000	</row2>
			<row3>	-0.0006 0.4489 4.7362 1.0000	</row3>
		</transform>
	</node>
	<node>
		<identifier>	MP_CM013_Fire_Hose_Rack_2_INDEX_3	</identifier>
		<parent>	Scene Root	</parent>
		<transform>
			<row0>	-1.0000 0.0000 0.0000 0.0000	</row0>
			<row1>	0.0000 1.0000 0.0000 0.0000	</row1>
			<row2>	0.0000 0.0000 -1.0000 0.0000	</row2>
			<row3>	0.2162 0.4417 4.3228 1.0000	</row3>
		</transform>
	</node>
	<node>
		<identifier>	MP_CM013_Fire_Hose_Rack_2_INDEX_4	</identifier>
		<parent>	Scene Root	</parent>
		<transform>
			<row0>	1.0000 0.0000 0.0000 0.0000	</row0>
			<row1>	0.0000 1.0000 0.0000 0.0000	</row1>
			<row2>	0.0000 0.0000 1.0000 0.0000	</row2>
			<row3>	-0.0006 0.4489 4.6736 1.0000	</row3>
		</transform>
	</node>
	<node>
		<identifier>	MP_CM013_Fire_Hose_Rack_2_INDEX_5	</identifier>
		<parent>	Scene Root	</parent>
		<transform>
			<row0>	1.0000 0.0000 0.0000 0.0000	</row0>
			<row1>	0.0000 1.0000 0.0000 0.0000	</row1>
			<row2>	0.0000 0.0000 1.0000 0.0000	</row2>
			<row3>	-0.2162 0.4417 4.3228 1.0000	</row3>
		</transform>
	</node>
	<node>
		<identifier>	MP_CM013_Fire_Hose_Rack_2_INDEX_6	</identifier>
		<parent>	Scene Root	</parent>
		<transform>
			<row0>	-1.0000 0.0000 0.0000 0.0000	</row0>
			<row1>	0.0000 1.0000 0.0000 0.0000	</row1>
			<row2>	0.0000 0.0000 -1.0000 0.0000	</row2>
			<row3>	0.0006 0.4489 4.6736 1.0000	</row3>
		</transform>
	</node>
	<node>
		<identifier>	MP_CM013_Fire_Hose_Rack_2_INDEX_7	</identifier>
		<parent>	Scene Root	</parent>
		<transform>
			<row0>	-1.0000 0.0000 0.0000 0.0000	</row0>
			<row1>	0.0000 1.0000 0.0000 0.0000	</row1>
			<row2>	0.0000 0.0000 -1.0000 0.0000	</row2>
			<row3>	0.0006 0.4489 4.7362 1.0000	</row3>
		</transform>
	</node>
	<node>
		<identifier>	MP_CM029_Emergency_Box	</identifier>
		<parent>	Scene Root	</parent>
		<transform>
			<row0>	0.0000 0.0000 1.0000 0.0000	</row0>
			<row1>	0.0000 1.0000 0.0000 0.0000	</row1>
			<row2>	-1.0000 0.0000 0.0000 0.0000	</row2>
			<row3>	0.4540 0.4875 0.5269 1.0000	</row3>
		</transform>
	</node>
	<node>
		<identifier>	MP_CM029_Emergency_Box_INDEX_1	</identifier>
		<parent>	Scene Root	</parent>
		<transform>
			<row0>	-1.0000 0.0000 0.0000 0.0000	</row0>
			<row1>	0.0000 1.0000 0.0000 0.0000	</row1>
			<row2>	0.0000 0.0000 -1.0000 0.0000	</row2>
			<row3>	-0.0387 0.8283 0.5264 1.0000	</row3>
		</transform>
	</node>
	<node>
		<identifier>	MP_CM029_Emergency_Box_INDEX_2	</identifier>
		<parent>	Scene Root	</parent>
		<transform>
			<row0>	1.0000 0.0000 0.0000 0.0000	</row0>
			<row1>	0.0000 1.0000 0.0000 0.0000	</row1>
			<row2>	0.0000 0.0000 1.0000 0.0000	</row2>
			<row3>	0.0792 0.6842 -0.5420 1.0000	</row3>
		</transform>
	</node>
	<node>
		<identifier>	MP_CM029_Emergency_Box_INDEX_3	</identifier>
		<parent>	Scene Root	</parent>
		<transform>
			<row0>	0.0000 0.0000 -1.0000 0.0000	</row0>
			<row1>	0.0000 1.0000 0.0000 0.0000	</row1>
			<row2>	1.0000 0.0000 0.0000 0.0000	</row2>
			<row3>	-0.4540 0.4875 -0.6149 1.0000	</row3>
		</transform>
	</node>
	<node>
		<identifier>	MP_CM029_Emergency_Box_INDEX_4	</identifier>
		<parent>	Scene Root	</parent>
		<transform>
			<row0>	0.0000 0.0000 1.0000 0.0000	</row0>
			<row1>	0.0000 1.0000 0.0000 0.0000	</row1>
			<row2>	-1.0000 0.0000 0.0000 0.0000	</row2>
			<row3>	0.4540 0.4875 -0.6173 1.0000	</row3>
		</transform>
	</node>
	<node>
		<identifier>	MP_CM029_Emergency_Box_INDEX_5	</identifier>
		<parent>	Scene Root	</parent>
		<transform>
			<row0>	0.0000 0.0000 -1.0000 0.0000	</row0>
			<row1>	0.0000 1.0000 0.0000 0.0000	</row1>
			<row2>	1.0000 0.0000 0.0000 0.0000	</row2>
			<row3>	-0.4540 0.4875 0.5595 1.0000	</row3>
		</transform>
	</node>
	<node>
		<identifier>	MP_CM092_Siren	</identifier>
		<parent>	Scene Root	</parent>
		<transform>
			<row0>	1.0000 0.0000 0.0000 0.0000	</row0>
			<row1>	0.0000 1.0000 0.0000 0.0000	</row1>
			<row2>	0.0000 0.0000 1.0000 0.0000	</row2>
			<row3>	-0.0332 1.2984 0.2435 1.0000	</row3>
		</transform>
	</node>
	<node>
		<identifier>	MP_CM092_Siren_INDEX_1	</identifier>
		<parent>	Scene Root	</parent>
		<transform>
			<row0>	1.0000 0.0000 0.0000 0.0000	</row0>
			<row1>	0.0000 1.0000 0.0000 0.0000	</row1>
			<row2>	0.0000 0.0000 1.0000 0.0000	</row2>
			<row3>	0.0332 1.2984 0.2435 1.0000	</row3>
		</transform>
	</node>
	<node>
		<identifier>	MP_FM522_Plate_3m	</identifier>
		<parent>	Scene Root	</parent>
		<transform>
			<row0>	-1.1498 0.0000 0.0000 0.0000	</row0>
			<row1>	0.0000 -1.1498 0.0000 0.0000	</row1>
			<row2>	0.0000 0.0000 1.1498 0.0000	</row2>
			<row3>	-0.4881 0.4674 3.3754 1.0000	</row3>
		</transform>
	</node>
	<node>
		<identifier>	MP_FM522_Plate_3m_INDEX_1	</identifier>
		<parent>	Scene Root	</parent>
		<transform>
			<row0>	-1.1498 0.0000 0.0000 0.0000	</row0>
			<row1>	0.0000 -1.1498 0.0000 0.0000	</row1>
			<row2>	0.0000 0.0000 1.1498 0.0000	</row2>
			<row3>	0.4881 0.4674 3.3754 1.0000	</row3>
		</transform>
	</node>
	<node>
		<identifier>	MP_IM001_Paramine_Tipo_C	</identifier>
		<parent>	Scene Root	</parent>
		<transform>
			<row0>	0.6344 0.0000 0.7730 0.0000	</row0>
			<row1>	0.7730 0.0000 -0.6344 0.0000	</row1>
			<row2>	0.0000 1.0000 0.0000 0.0000	</row2>
			<row3>	0.3669 0.5305 1.9935 1.0000	</row3>
		</transform>
	</node>
	<node>
		<identifier>	MP_IM001_Paramine_Tipo_C_INDEX_1	</identifier>
		<parent>	Scene Root	</parent>
		<transform>
			<row0>	0.6344 0.0000 -0.7730 0.0000	</row0>
			<row1>	-0.7730 0.0000 -0.6344 0.0000	</row1>
			<row2>	0.0000 1.0000 0.0000 0.0000	</row2>
			<row3>	-0.3669 0.5305 1.9935 1.0000	</row3>
		</transform>
	</node>
	<node>
		<identifier>	MP_IM005_Life_Buoy	</identifier>
		<parent>	Scene Root	</parent>
		<transform>
			<row0>	0.0061 0.0000 -1.0000 0.0000	</row0>
			<row1>	0.0000 1.0000 0.0000 0.0000	</row1>
			<row2>	1.0000 0.0000 0.0061 0.0000	</row2>
			<row3>	1.0922 0.4000 -0.1651 1.0000	</row3>
		</transform>
	</node>
	<node>
		<identifier>	MP_IM005_Life_Buoy_INDEX_1	</identifier>
		<parent>	Scene Root	</parent>
		<transform>
			<row0>	0.0061 0.0000 1.0000 0.0000	</row0>
			<row1>	0.0000 1.0000 0.0000 0.0000	</row1>
			<row2>	-1.0000 0.0000 0.0061 0.0000	</row2>
			<row3>	-1.0922 0.4000 -0.1651 1.0000	</row3>
		</transform>
	</node>
	<node>
		<identifier>	MP_IM007_120mm_Armstrong_M1899	</identifier>
		<parent>	Scene Root	</parent>
		<transform>
			<row0>	1.0000 0.0000 0.0000 0.0000	</row0>
			<row1>	0.0000 1.0000 0.0000 0.0000	</row1>
			<row2>	0.0000 0.0000 1.0000 0.0000	</row2>
			<row3>	0.9986 0.4065 0.0539 1.0000	</row3>
		</transform>
	</node>
	<node>
		<identifier>	MP_IM007_120mm_Armstrong_M1899_INDEX_1	</identifier>
		<parent>	Scene Root	</parent>
		<transform>
			<row0>	-1.0000 0.0000 0.0000 0.0000	</row0>
			<row1>	0.0000 1.0000 0.0000 0.0000	</row1>
			<row2>	0.0000 0.0000 -1.0000 0.0000	</row2>
			<row3>	-0.9997 0.4065 -0.4147 1.0000	</row3>
		</transform>
	</node>
	<node>
		<identifier>	MP_IM007_120mm_Armstrong_M1899_INDEX_2	</identifier>
		<parent>	Scene Root	</parent>
		<transform>
			<row0>	-1.0000 0.0000 0.0000 0.0000	</row0>
			<row1>	0.0000 1.0000 0.0000 0.0000	</row1>
			<row2>	0.0000 0.0000 -1.0000 0.0000	</row2>
			<row3>	0.9997 0.4065 -0.4147 1.0000	</row3>
		</transform>
	</node>
	<node>
		<identifier>	MP_IM007_120mm_Armstrong_M1899_INDEX_3	</identifier>
		<parent>	Scene Root	</parent>
		<transform>
			<row0>	1.0000 0.0000 0.0000 0.0000	</row0>
			<row1>	0.0000 1.0000 0.0000 0.0000	</row1>
			<row2>	0.0000 0.0000 1.0000 0.0000	</row2>
			<row3>	-0.9986 0.4065 0.0539 1.0000	</row3>
		</transform>
	</node>
	<node>
		<identifier>	MP_IM021_Turtle	</identifier>
		<parent>	Scene Root	</parent>
		<transform>
			<row0>	1.0000 0.0000 0.0000 0.0000	</row0>
			<row1>	0.0000 1.0000 0.0000 0.0000	</row1>
			<row2>	0.0000 0.0000 1.0000 0.0000	</row2>
			<row3>	0.5262 0.7730 -0.0035 1.0000	</row3>
		</transform>
	</node>
	<node>
		<identifier>	MP_IM021_Turtle_INDEX_1	</identifier>
		<parent>	Scene Root	</parent>
		<transform>
			<row0>	-0.9037 0.0000 0.4282 0.0000	</row0>
			<row1>	0.4282 0.0000 0.9037 0.0000	</row1>
			<row2>	0.0000 1.0000 0.0000 0.0000	</row2>
			<row3>	0.4888 0.8986 -0.2844 1.0000	</row3>
		</transform>
	</node>
	<node>
		<identifier>	MP_IM021_Turtle_INDEX_10	</identifier>
		<parent>	Scene Root	</parent>
		<transform>
			<row0>	0.7259 0.0000 -0.6878 0.0000	</row0>
			<row1>	-0.6878 0.0000 -0.7259 0.0000	</row1>
			<row2>	0.0000 1.0000 0.0000 0.0000	</row2>
			<row3>	-0.0908 1.2041 -0.2167 1.0000	</row3>
		</transform>
	</node>
	<node>
		<identifier>	MP_IM021_Turtle_INDEX_11	</identifier>
		<parent>	Scene Root	</parent>
		<transform>
			<row0>	0.5040 0.0000 -0.8637 0.0000	</row0>
			<row1>	-0.8637 0.0000 -0.5040 0.0000	</row1>
			<row2>	0.0000 1.0000 0.0000 0.0000	</row2>
			<row3>	-0.1352 1.2041 -0.1593 1.0000	</row3>
		</transform>
	</node>
	<node>
		<identifier>	MP_IM021_Turtle_INDEX_12	</identifier>
		<parent>	Scene Root	</parent>
		<transform>
			<row0>	1.0000 0.0000 0.0000 0.0000	</row0>
			<row1>	0.0000 1.0000 0.0000 0.0000	</row1>
			<row2>	0.0000 0.0000 1.0000 0.0000	</row2>
			<row3>	-0.5047 0.7730 -0.0035 1.0000	</row3>
		</transform>
	</node>
	<node>
		<identifier>	MP_IM021_Turtle_INDEX_13	</identifier>
		<parent>	Scene Root	</parent>
		<transform>
			<row0>	0.8969 0.0000 0.4423 0.0000	</row0>
			<row1>	0.4423 0.0000 -0.8969 0.0000	</row1>
			<row2>	0.0000 1.0000 0.0000 0.0000	</row2>
			<row3>	0.4851 0.8781 -0.4416 1.0000	</row3>
		</transform>
	</node>
	<node>
		<identifier>	MP_IM021_Turtle_INDEX_14	</identifier>
		<parent>	Scene Root	</parent>
		<transform>
			<row0>	0.6181 0.0000 0.7861 0.0000	</row0>
			<row1>	0.7861 0.0000 -0.6181 0.0000	</row1>
			<row2>	0.0000 1.0000 0.0000 0.0000	</row2>
			<row3>	0.1226 1.2041 -0.1783 1.0000	</row3>
		</transform>
	</node>
	<node>
		<identifier>	MP_IM021_Turtle_INDEX_15	</identifier>
		<parent>	Scene Root	</parent>
		<transform>
			<row0>	1.0000 0.0000 0.0000 0.0000	</row0>
			<row1>	0.0000 1.0000 0.0000 0.0000	</row1>
			<row2>	0.0000 0.0000 1.0000 0.0000	</row2>
			<row3>	-0.5262 0.7730 -0.0035 1.0000	</row3>
		</transform>
	</node>
	<node>
		<identifier>	MP_IM021_Turtle_INDEX_16	</identifier>
		<parent>	Scene Root	</parent>
		<transform>
			<row0>	1.0000 0.0000 0.0000 0.0000	</row0>
			<row1>	0.0000 0.0000 -1.0000 0.0000	</row1>
			<row2>	0.0000 1.0000 0.0000 0.0000	</row2>
			<row3>	0.0000 1.2041 -0.2611 1.0000	</row3>
		</transform>
	</node>
	<node>
		<identifier>	MP_IM021_Turtle_INDEX_17	</identifier>
		<parent>	Scene Root	</parent>
		<transform>
			<row0>	0.6063 0.0000 -0.7952 0.0000	</row0>
			<row1>	-0.7952 0.0000 -0.6063 0.0000	</row1>
			<row2>	0.0000 1.0000 0.0000 0.0000	</row2>
			<row3>	-0.1076 1.2041 -0.1974 1.0000	</row3>
		</transform>
	</node>
	<node>
		<identifier>	MP_IM021_Turtle_INDEX_18	</identifier>
		<parent>	Scene Root	</parent>
		<transform>
			<row0>	0.6181 0.0000 -0.7861 0.0000	</row0>
			<row1>	-0.7861 0.0000 -0.6181 0.0000	</row1>
			<row2>	0.0000 1.0000 0.0000 0.0000	</row2>
			<row3>	-0.1226 1.2041 -0.1783 1.0000	</row3>
		</transform>
	</node>
	<node>
		<identifier>	MP_IM021_Turtle_INDEX_19	</identifier>
		<parent>	Scene Root	</parent>
		<transform>
			<row0>	0.9039 0.0000 -0.4277 0.0000	</row0>
			<row1>	-0.4277 0.0000 -0.9039 0.0000	</row1>
			<row2>	0.0000 1.0000 0.0000 0.0000	</row2>
			<row3>	-0.0508 1.2041 -0.2487 1.0000	</row3>
		</transform>
	</node>
	<node>
		<identifier>	MP_IM021_Turtle_INDEX_2	</identifier>
		<parent>	Scene Root	</parent>
		<transform>
			<row0>	0.5040 0.0000 0.8637 0.0000	</row0>
			<row1>	0.8637 0.0000 -0.5040 0.0000	</row1>
			<row2>	0.0000 1.0000 0.0000 0.0000	</row2>
			<row3>	0.1352 1.2041 -0.1593 1.0000	</row3>
		</transform>
	</node>
	<node>
		<identifier>	MP_IM021_Turtle_INDEX_20	</identifier>
		<parent>	Scene Root	</parent>
		<transform>
			<row0>	0.7741 0.0000 0.6331 0.0000	</row0>
			<row1>	0.6331 0.0000 -0.7741 0.0000	</row1>
			<row2>	0.0000 1.0000 0.0000 0.0000	</row2>
			<row3>	0.0719 1.2041 -0.2340 1.0000	</row3>
		</transform>
	</node>
	<node>
		<identifier>	MP_IM021_Turtle_INDEX_21	</identifier>
		<parent>	Scene Root	</parent>
		<transform>
			<row0>	0.3999 0.0000 0.9166 0.0000	</row0>
			<row1>	0.9166 0.0000 -0.3999 0.0000	</row1>
			<row2>	0.0000 1.0000 0.0000 0.0000	</row2>
			<row3>	0.1462 1.2041 -0.1405 1.0000	</row3>
		</transform>
	</node>
	<node>
		<identifier>	MP_IM021_Turtle_INDEX_22	</identifier>
		<parent>	Scene Root	</parent>
		<transform>
			<row0>	0.9628 0.0000 -0.2701 0.0000	</row0>
			<row1>	-0.2701 0.0000 -0.9628 0.0000	</row1>
			<row2>	0.0000 1.0000 0.0000 0.0000	</row2>
			<row3>	-0.0259 1.2041 -0.2571 1.0000	</row3>
		</transform>
	</node>
	<node>
		<identifier>	MP_IM021_Turtle_INDEX_23	</identifier>
		<parent>	Scene Root	</parent>
		<transform>
			<row0>	-0.4799 0.0000 -0.8773 0.0000	</row0>
			<row1>	-0.8773 0.0000 0.4799 0.0000	</row1>
			<row2>	0.0000 1.0000 0.0000 0.0000	</row2>
			<row3>	-0.5268 0.8986 -0.3226 1.0000	</row3>
		</transform>
	</node>
	<node>
		<identifier>	MP_IM021_Turtle_INDEX_24	</identifier>
		<parent>	Scene Root	</parent>
		<transform>
			<row0>	1.0000 0.0000 0.0000 0.0000	</row0>
			<row1>	0.0000 1.0000 0.0000 0.0000	</row1>
			<row2>	0.0000 0.0000 1.0000 0.0000	</row2>
			<row3>	0.5047 0.7730 -0.0035 1.0000	</row3>
		</transform>
	</node>
	<node>
		<identifier>	MP_IM021_Turtle_INDEX_25	</identifier>
		<parent>	Scene Root	</parent>
		<transform>
			<row0>	1.0000 0.0000 0.0000 0.0000	</row0>
			<row1>	0.0000 1.0000 0.0000 0.0000	</row1>
			<row2>	0.0000 0.0000 1.0000 0.0000	</row2>
			<row3>	0.4832 0.7730 -0.0035 1.0000	</row3>
		</transform>
	</node>
	<node>
		<identifier>	MP_IM021_Turtle_INDEX_26	</identifier>
		<parent>	Scene Root	</parent>
		<transform>
			<row0>	0.9039 0.0000 0.4277 0.0000	</row0>
			<row1>	0.4277 0.0000 -0.9039 0.0000	</row1>
			<row2>	0.0000 1.0000 0.0000 0.0000	</row2>
			<row3>	0.0508 1.2041 -0.2487 1.0000	</row3>
		</transform>
	</node>
	<node>
		<identifier>	MP_IM021_Turtle_INDEX_27	</identifier>
		<parent>	Scene Root	</parent>
		<transform>
			<row0>	1.0000 0.0000 0.0000 0.0000	</row0>
			<row1>	0.0000 1.0000 0.0000 0.0000	</row1>
			<row2>	0.0000 0.0000 1.0000 0.0000	</row2>
			<row3>	-0.4832 0.7730 -0.0035 1.0000	</row3>
		</transform>
	</node>
	<node>
		<identifier>	MP_IM021_Turtle_INDEX_28	</identifier>
		<parent>	Scene Root	</parent>
		<transform>
			<row0>	0.8969 0.0000 -0.4423 0.0000	</row0>
			<row1>	-0.4423 0.0000 -0.8969 0.0000	</row1>
			<row2>	0.0000 1.0000 0.0000 0.0000	</row2>
			<row3>	-0.4851 0.8781 -0.4416 1.0000	</row3>
		</transform>
	</node>
	<node>
		<identifier>	MP_IM021_Turtle_INDEX_29	</identifier>
		<parent>	Scene Root	</parent>
		<transform>
			<row0>	-0.1850 0.0000 0.9827 0.0000	</row0>
			<row1>	0.9827 0.0000 0.1850 0.0000	</row1>
			<row2>	0.0000 1.0000 0.0000 0.0000	</row2>
			<row3>	0.5352 0.8986 -0.3487 1.0000	</row3>
		</transform>
	</node>
	<node>
		<identifier>	MP_IM021_Turtle_INDEX_3	</identifier>
		<parent>	Scene Root	</parent>
		<transform>
			<row0>	0.6063 0.0000 0.7952 0.0000	</row0>
			<row1>	0.7952 0.0000 -0.6063 0.0000	</row1>
			<row2>	0.0000 1.0000 0.0000 0.0000	</row2>
			<row3>	0.1076 1.2041 -0.1974 1.0000	</row3>
		</transform>
	</node>
	<node>
		<identifier>	MP_IM021_Turtle_INDEX_30	</identifier>
		<parent>	Scene Root	</parent>
		<transform>
			<row0>	-0.7273 0.0000 0.6863 0.0000	</row0>
			<row1>	0.6863 0.0000 0.7273 0.0000	</row1>
			<row2>	0.0000 1.0000 0.0000 0.0000	</row2>
			<row3>	0.5108 0.8986 -0.3005 1.0000	</row3>
		</transform>
	</node>
	<node>
		<identifier>	MP_IM021_Turtle_INDEX_31	</identifier>
		<parent>	Scene Root	</parent>
		<transform>
			<row0>	0.9941 0.0000 0.1089 0.0000	</row0>
			<row1>	0.1089 0.0000 -0.9941 0.0000	</row1>
			<row2>	0.0000 1.0000 0.0000 0.0000	</row2>
			<row3>	0.4557 0.8781 -0.4492 1.0000	</row3>
		</transform>
	</node>
	<node>
		<identifier>	MP_IM021_Turtle_INDEX_32	</identifier>
		<parent>	Scene Root	</parent>
		<transform>
			<row0>	0.7741 0.0000 -0.6331 0.0000	</row0>
			<row1>	-0.6331 0.0000 -0.7741 0.0000	</row1>
			<row2>	0.0000 1.0000 0.0000 0.0000	</row2>
			<row3>	-0.0719 1.2041 -0.2340 1.0000	</row3>
		</transform>
	</node>
	<node>
		<identifier>	MP_IM021_Turtle_INDEX_33	</identifier>
		<parent>	Scene Root	</parent>
		<transform>
			<row0>	-0.7273 0.0000 -0.6863 0.0000	</row0>
			<row1>	-0.6863 0.0000 0.7273 0.0000	</row1>
			<row2>	0.0000 1.0000 0.0000 0.0000	</row2>
			<row3>	-0.5108 0.8986 -0.3005 1.0000	</row3>
		</transform>
	</node>
	<node>
		<identifier>	MP_IM021_Turtle_INDEX_34	</identifier>
		<parent>	Scene Root	</parent>
		<transform>
			<row0>	0.9628 0.0000 0.2701 0.0000	</row0>
			<row1>	0.2701 0.0000 -0.9628 0.0000	</row1>
			<row2>	0.0000 1.0000 0.0000 0.0000	</row2>
			<row3>	0.0259 1.2041 -0.2571 1.0000	</row3>
		</transform>
	</node>
	<node>
		<identifier>	MP_IM021_Turtle_INDEX_4	</identifier>
		<parent>	Scene Root	</parent>
		<transform>
			<row0>	-0.4799 0.0000 0.8773 0.0000	</row0>
			<row1>	0.8773 0.0000 0.4799 0.0000	</row1>
			<row2>	0.0000 1.0000 0.0000 0.0000	</row2>
			<row3>	0.5268 0.8986 -0.3226 1.0000	</row3>
		</transform>
	</node>
	<node>
		<identifier>	MP_IM021_Turtle_INDEX_5	</identifier>
		<parent>	Scene Root	</parent>
		<transform>
			<row0>	-0.9037 0.0000 -0.4282 0.0000	</row0>
			<row1>	-0.4282 0.0000 0.9037 0.0000	</row1>
			<row2>	0.0000 1.0000 0.0000 0.0000	</row2>
			<row3>	-0.4888 0.8986 -0.2844 1.0000	</row3>
		</transform>
	</node>
	<node>
		<identifier>	MP_IM021_Turtle_INDEX_6	</identifier>
		<parent>	Scene Root	</parent>
		<transform>
			<row0>	-0.1850 0.0000 -0.9827 0.0000	</row0>
			<row1>	-0.9827 0.0000 0.1850 0.0000	</row1>
			<row2>	0.0000 1.0000 0.0000 0.0000	</row2>
			<row3>	-0.5352 0.8986 -0.3487 1.0000	</row3>
		</transform>
	</node>
	<node>
		<identifier>	MP_IM021_Turtle_INDEX_7	</identifier>
		<parent>	Scene Root	</parent>
		<transform>
			<row0>	0.7259 0.0000 0.6878 0.0000	</row0>
			<row1>	0.6878 0.0000 -0.7259 0.0000	</row1>
			<row2>	0.0000 1.0000 0.0000 0.0000	</row2>
			<row3>	0.0908 1.2041 -0.2167 1.0000	</row3>
		</transform>
	</node>
	<node>
		<identifier>	MP_IM021_Turtle_INDEX_8	</identifier>
		<parent>	Scene Root	</parent>
		<transform>
			<row0>	0.9941 0.0000 -0.1089 0.0000	</row0>
			<row1>	-0.1089 0.0000 -0.9941 0.0000	</row1>
			<row2>	0.0000 1.0000 0.0000 0.0000	</row2>
			<row3>	-0.4557 0.8781 -0.4492 1.0000	</row3>
		</transform>
	</node>
	<node>
		<identifier>	MP_IM021_Turtle_INDEX_9	</identifier>
		<parent>	Scene Root	</parent>
		<transform>
			<row0>	0.3999 0.0000 -0.9166 0.0000	</row0>
			<row1>	-0.9166 0.0000 -0.3999 0.0000	</row1>
			<row2>	0.0000 1.0000 0.0000 0.0000	</row2>
			<row3>	-0.1462 1.2041 -0.1405 1.0000	</row3>
		</transform>
	</node>
	<node>
		<identifier>	MP_IM026_Reels	</identifier>
		<parent>	Scene Root	</parent>
		<transform>
			<row0>	0.9960 0.0000 0.2422 0.0000	</row0>
			<row1>	0.0000 0.7376 0.0000 0.0000	</row1>
			<row2>	-0.1743 0.0000 0.7168 0.0000	</row2>
			<row3>	-0.1122 0.4064 2.7988 1.0000	</row3>
		</transform>
	</node>
	<node>
		<identifier>	MP_IM026_Reels_INDEX_1	</identifier>
		<parent>	Scene Root	</parent>
		<transform>
			<row0>	0.0000 0.0000 -1.2875 0.0000	</row0>
			<row1>	0.0000 1.2010 0.0000 0.0000	</row1>
			<row2>	1.2010 0.0000 0.0000 0.0000	</row2>
			<row3>	-0.3879 0.5919 -0.5583 1.0000	</row3>
		</transform>
	</node>
	<node>
		<identifier>	MP_IM026_Reels_INDEX_10	</identifier>
		<parent>	Scene Root	</parent>
		<transform>
			<row0>	0.0000 0.0000 1.0876 0.0000	</row0>
			<row1>	0.0000 0.7963 0.0000 0.0000	</row1>
			<row2>	-0.7963 0.0000 0.0000 0.0000	</row2>
			<row3>	0.3584 0.5919 0.7815 1.0000	</row3>
		</transform>
	</node>
	<node>
		<identifier>	MP_IM026_Reels_INDEX_2	</identifier>
		<parent>	Scene Root	</parent>
		<transform>
			<row0>	0.9085 0.0000 0.4747 0.0000	</row0>
			<row1>	0.0000 0.7376 0.0000 0.0000	</row1>
			<row2>	-0.3416 0.0000 0.6538 0.0000	</row2>
			<row3>	-0.6975 0.4065 2.6237 1.0000	</row3>
		</transform>
	</node>
	<node>
		<identifier>	MP_IM026_Reels_INDEX_3	</identifier>
		<parent>	Scene Root	</parent>
		<transform>
			<row0>	0.9960 0.0000 -0.2422 0.0000	</row0>
			<row1>	0.0000 0.7376 0.0000 0.0000	</row1>
			<row2>	0.1743 0.0000 0.7168 0.0000	</row2>
			<row3>	0.1122 0.4064 2.7988 1.0000	</row3>
		</transform>
	</node>
	<node>
		<identifier>	MP_IM026_Reels_INDEX_4	</identifier>
		<parent>	Scene Root	</parent>
		<transform>
			<row0>	1.0325 0.0000 -0.5961 0.0000	</row0>
			<row1>	0.0000 0.8730 0.0000 0.0000	</row1>
			<row2>	0.4365 0.0000 0.7560 0.0000	</row2>
			<row3>	0.1681 0.5919 1.3023 1.0000	</row3>
		</transform>
	</node>
	<node>
		<identifier>	MP_IM026_Reels_INDEX_5	</identifier>
		<parent>	Scene Root	</parent>
		<transform>
			<row0>	0.0000 0.0000 -1.0876 0.0000	</row0>
			<row1>	0.0000 0.7963 0.0000 0.0000	</row1>
			<row2>	0.7963 0.0000 0.0000 0.0000	</row2>
			<row3>	-0.3584 0.5919 0.7815 1.0000	</row3>
		</transform>
	</node>
	<node>
		<identifier>	MP_IM026_Reels_INDEX_6	</identifier>
		<parent>	Scene Root	</parent>
		<transform>
			<row0>	1.0325 0.0000 0.5961 0.0000	</row0>
			<row1>	0.0000 0.8730 0.0000 0.0000	</row1>
			<row2>	-0.4365 0.0000 0.7560 0.0000	</row2>
			<row3>	-0.1681 0.5919 1.3023 1.0000	</row3>
		</transform>
	</node>
	<node>
		<identifier>	MP_IM026_Reels_INDEX_7	</identifier>
		<parent>	Scene Root	</parent>
		<transform>
			<row0>	0.0000 0.0000 1.2875 0.0000	</row0>
			<row1>	0.0000 1.2010 0.0000 0.0000	</row1>
			<row2>	-1.2010 0.0000 0.0000 0.0000	</row2>
			<row3>	0.3879 0.5919 -0.5583 1.0000	</row3>
		</transform>
	</node>
	<node>
		<identifier>	MP_IM026_Reels_INDEX_8	</identifier>
		<parent>	Scene Root	</parent>
		<transform>
			<row0>	0.9085 0.0000 -0.4747 0.0000	</row0>
			<row1>	0.0000 0.7376 0.0000 0.0000	</row1>
			<row2>	0.3416 0.0000 0.6538 0.0000	</row2>
			<row3>	0.6910 0.4065 2.6342 1.0000	</row3>
		</transform>
	</node>
	<node>
		<identifier>	MP_IM026_Reels_INDEX_9	</identifier>
		<parent>	Scene Root	</parent>
		<transform>
			<row0>	1.1923 0.0000 0.0000 0.0000	</row0>
			<row1>	0.0000 0.8730 0.0000 0.0000	</row1>
			<row2>	0.0000 0.0000 0.8730 0.0000	</row2>
			<row3>	0.0000 0.5919 1.3367 1.0000	</row3>
		</transform>
	</node>
	<node>
		<identifier>	MP_IM033_Life_Buoy	</identifier>
		<parent>	Scene Root	</parent>
		<transform>
			<row0>	-0.0952 0.0000 -0.9955 0.0000	</row0>
			<row1>	0.1027 0.9947 -0.0098 0.0000	</row1>
			<row2>	0.9901 -0.1032 -0.0947 0.0000	</row2>
			<row3>	-0.9365 0.4606 2.8069 1.0000	</row3>
		</transform>
	</node>
	<node>
		<identifier>	MP_IM033_Life_Buoy_INDEX_1	</identifier>
		<parent>	Scene Root	</parent>
		<transform>
			<row0>	-0.0952 0.0000 0.9955 0.0000	</row0>
			<row1>	-0.1027 0.9947 -0.0098 0.0000	</row1>
			<row2>	-0.9901 -0.1032 -0.0947 0.0000	</row2>
			<row3>	0.9365 0.4606 2.8069 1.0000	</row3>
		</transform>
	</node>
	<node>
		<identifier>	MP_IM057_Crest_Roma	</identifier>
		<parent>	Scene Root	</parent>
		<transform>
			<row0>	-0.6292 0.0000 0.0000 0.0000	</row0>
			<row1>	0.0000 0.0000 0.6292 0.0000	</row1>
			<row2>	0.0000 0.0738 0.0000 0.0000	</row2>
			<row3>	0.2510 0.4940 4.7645 1.0000	</row3>
		</transform>
	</node>
	<node>
		<identifier>	MP_IM058_Easter_egg_Roma	</identifier>
		<parent>	Scene Root	</parent>
		<transform>
			<row0>	1.0000 0.0000 0.0000 0.0000	</row0>
			<row1>	0.0000 1.0000 0.0000 0.0000	</row1>
			<row2>	0.0000 0.0000 1.0000 0.0000	</row2>
			<row3>	-0.0046 0.7897 -0.3379 1.0000	</row3>
		</transform>
	</node>
	<node>
		<identifier>	MP_IM505_Baltello_M4_5	</identifier>
		<parent>	Scene Root	</parent>
		<transform>
			<row0>	1.0000 0.0000 0.0000 0.0000	</row0>
			<row1>	0.0000 1.0000 0.0000 0.0000	</row1>
			<row2>	0.0000 0.0000 1.0000 0.0000	</row2>
			<row3>	-0.4889 0.4351 3.0646 1.0000	</row3>
		</transform>
	</node>
	<node>
		<identifier>	MP_IM505_Baltello_M4_5_INDEX_1	</identifier>
		<parent>	Scene Root	</parent>
		<transform>
			<row0>	1.0000 0.0000 0.0000 0.0000	</row0>
			<row1>	0.0000 1.0000 0.0000 0.0000	</row1>
			<row2>	0.0000 0.0000 1.0000 0.0000	</row2>
			<row3>	0.4889 0.4351 3.0646 1.0000	</row3>
		</transform>
	</node>
	<node>
		<identifier>	MP_IM600_Pelorus	</identifier>
		<parent>	Scene Root	</parent>
		<transform>
			<row0>	0.0000 0.0000 1.0000 0.0000	</row0>
			<row1>	0.0000 1.0000 0.0000 0.0000	</row1>
			<row2>	-1.0000 0.0000 0.0000 0.0000	</row2>
			<row3>	-0.2100 1.0838 1.2586 1.0000	</row3>
		</transform>
	</node>
	<node>
		<identifier>	MP_IM600_Pelorus_INDEX_1	</identifier>
		<parent>	Scene Root	</parent>
		<transform>
			<row0>	0.0000 0.0000 -1.0000 0.0000	</row0>
			<row1>	0.0000 1.0000 0.0000 0.0000	</row1>
			<row2>	1.0000 0.0000 0.0000 0.0000	</row2>
			<row3>	0.2100 1.0838 1.2586 1.0000	</row3>
		</transform>
	</node>
	<node>
		<identifier>	MP_IM603_Compass_Binnacle	</identifier>
		<parent>	Scene Root	</parent>
		<transform>
			<row0>	-1.0000 0.0000 0.0000 0.0000	</row0>
			<row1>	0.0000 1.0000 0.0000 0.0000	</row1>
			<row2>	0.0000 0.0000 -1.0000 0.0000	</row2>
			<row3>	0.0000 1.0806 0.7039 1.0000	</row3>
		</transform>
	</node>
	<node>
		<identifier>	MP_IM607_Pelorus_mini	</identifier>
		<parent>	Scene Root	</parent>
		<transform>
			<row0>	0.2689 0.0000 -0.7999 0.0000	</row0>
			<row1>	0.0000 0.6405 0.0000 0.0000	</row1>
			<row2>	0.7999 0.0000 0.2689 0.0000	</row2>
			<row3>	0.2750 1.2756 1.2665 1.0000	</row3>
		</transform>
	</node>
	<node>
		<identifier>	MP_IM607_Pelorus_mini_INDEX_1	</identifier>
		<parent>	Scene Root	</parent>
		<transform>
			<row0>	0.0000 0.0000 -0.8439 0.0000	</row0>
			<row1>	0.0000 0.6405 0.0000 0.0000	</row1>
			<row2>	0.8439 0.0000 0.0000 0.0000	</row2>
			<row3>	0.2859 1.1384 0.8110 1.0000	</row3>
		</transform>
	</node>
	<node>
		<identifier>	MP_IM607_Pelorus_mini_INDEX_2	</identifier>
		<parent>	Scene Root	</parent>
		<transform>
			<row0>	0.0000 0.0000 0.8439 0.0000	</row0>
			<row1>	0.0000 0.6405 0.0000 0.0000	</row1>
			<row2>	-0.8439 0.0000 0.0000 0.0000	</row2>
			<row3>	-0.2859 1.1384 0.8110 1.0000	</row3>
		</transform>
	</node>
	<node>
		<identifier>	MP_IM607_Pelorus_mini_INDEX_3	</identifier>
		<parent>	Scene Root	</parent>
		<transform>
			<row0>	0.2689 0.0000 0.7999 0.0000	</row0>
			<row1>	0.0000 0.6405 0.0000 0.0000	</row1>
			<row2>	-0.7999 0.0000 0.2689 0.0000	</row2>
			<row3>	-0.2750 1.2756 1.2665 1.0000	</row3>
		</transform>
	</node>
	<node>
		<identifier>	MP_IM608_Antenna	</identifier>
		<parent>	Scene Root	</parent>
		<transform>
			<row0>	1.0000 0.0000 0.0000 0.0000	</row0>
			<row1>	0.0000 1.0000 0.0000 0.0000	</row1>
			<row2>	0.0000 0.0000 1.0000 0.0000	</row2>
			<row3>	0.0000 1.3563 1.4880 1.0000	</row3>
		</transform>
	</node>
	<node>
		<identifier>	MP_IM609_VCU	</identifier>
		<parent>	Scene Root	</parent>
		<transform>
			<row0>	-1.0000 0.0000 0.0000 0.0000	</row0>
			<row1>	0.0000 1.0000 0.0000 0.0000	</row1>
			<row2>	0.0000 0.0000 -1.0000 0.0000	</row2>
			<row3>	-0.3482 0.8585 0.8002 1.0000	</row3>
		</transform>
	</node>
	<node>
		<identifier>	MP_IM609_VCU_INDEX_1	</identifier>
		<parent>	Scene Root	</parent>
		<transform>
			<row0>	1.0000 0.0000 0.0000 0.0000	</row0>
			<row1>	0.0000 1.0000 0.0000 0.0000	</row1>
			<row2>	0.0000 0.0000 1.0000 0.0000	</row2>
			<row3>	-0.2208 1.1032 -0.1295 1.0000	</row3>
		</transform>
	</node>
	<node>
		<identifier>	MP_IM609_VCU_INDEX_10	</identifier>
		<parent>	Scene Root	</parent>
		<transform>
			<row0>	1.0000 0.0000 0.0000 0.0000	</row0>
			<row1>	0.0000 1.0000 0.0000 0.0000	</row1>
			<row2>	0.0000 0.0000 1.0000 0.0000	</row2>
			<row3>	-0.2713 0.9387 1.4348 1.0000	</row3>
		</transform>
	</node>
	<node>
		<identifier>	MP_IM609_VCU_INDEX_11	</identifier>
		<parent>	Scene Root	</parent>
		<transform>
			<row0>	-1.0000 0.0000 0.0000 0.0000	</row0>
			<row1>	0.0000 1.0000 0.0000 0.0000	</row1>
			<row2>	0.0000 0.0000 -1.0000 0.0000	</row2>
			<row3>	0.1988 1.1032 -0.5136 1.0000	</row3>
		</transform>
	</node>
	<node>
		<identifier>	MP_IM609_VCU_INDEX_12	</identifier>
		<parent>	Scene Root	</parent>
		<transform>
			<row0>	-0.1736 0.0000 -0.9848 0.0000	</row0>
			<row1>	0.0000 1.0000 0.0000 0.0000	</row1>
			<row2>	0.9848 0.0000 -0.1736 0.0000	</row2>
			<row3>	0.1769 1.9738 1.0381 1.0000	</row3>
		</transform>
	</node>
	<node>
		<identifier>	MP_IM609_VCU_INDEX_13	</identifier>
		<parent>	Scene Root	</parent>
		<transform>
			<row0>	-1.0000 0.0000 0.0000 0.0000	</row0>
			<row1>	0.0000 1.0000 0.0000 0.0000	</row1>
			<row2>	0.0000 0.0000 -1.0000 0.0000	</row2>
			<row3>	-0.1988 1.1032 -0.5136 1.0000	</row3>
		</transform>
	</node>
	<node>
		<identifier>	MP_IM609_VCU_INDEX_14	</identifier>
		<parent>	Scene Root	</parent>
		<transform>
			<row0>	1.0000 0.0000 0.0000 0.0000	</row0>
			<row1>	0.0000 1.0000 0.0000 0.0000	</row1>
			<row2>	0.0000 0.0000 1.0000 0.0000	</row2>
			<row3>	-0.3717 0.9387 1.4348 1.0000	</row3>
		</transform>
	</node>
	<node>
		<identifier>	MP_IM609_VCU_INDEX_15	</identifier>
		<parent>	Scene Root	</parent>
		<transform>
			<row0>	0.1736 0.0000 -0.9848 0.0000	</row0>
			<row1>	0.0000 1.0000 0.0000 0.0000	</row1>
			<row2>	0.9848 0.0000 0.1736 0.0000	</row2>
			<row3>	0.1769 1.9738 1.1237 1.0000	</row3>
		</transform>
	</node>
	<node>
		<identifier>	MP_IM609_VCU_INDEX_16	</identifier>
		<parent>	Scene Root	</parent>
		<transform>
			<row0>	0.0000 0.0000 1.0000 0.0000	</row0>
			<row1>	0.0000 1.0000 0.0000 0.0000	</row1>
			<row2>	-1.0000 0.0000 0.0000 0.0000	</row2>
			<row3>	-0.1638 1.1266 -0.3121 1.0000	</row3>
		</transform>
	</node>
	<node>
		<identifier>	MP_IM609_VCU_INDEX_17	</identifier>
		<parent>	Scene Root	</parent>
		<transform>
			<row0>	1.0000 0.0000 0.0000 0.0000	</row0>
			<row1>	0.0000 1.0000 0.0000 0.0000	</row1>
			<row2>	0.0000 0.0000 1.0000 0.0000	</row2>
			<row3>	0.5570 0.7925 -0.2309 1.0000	</row3>
		</transform>
	</node>
	<node>
		<identifier>	MP_IM609_VCU_INDEX_18	</identifier>
		<parent>	Scene Root	</parent>
		<transform>
			<row0>	0.0000 0.0000 1.0000 0.0000	</row0>
			<row1>	0.0000 1.0000 0.0000 0.0000	</row1>
			<row2>	-1.0000 0.0000 0.0000 0.0000	</row2>
			<row3>	-0.2485 1.0826 0.9647 1.0000	</row3>
		</transform>
	</node>
	<node>
		<identifier>	MP_IM609_VCU_INDEX_19	</identifier>
		<parent>	Scene Root	</parent>
		<transform>
			<row0>	0.0000 0.0000 -1.0000 0.0000	</row0>
			<row1>	0.0000 1.0000 0.0000 0.0000	</row1>
			<row2>	1.0000 0.0000 0.0000 0.0000	</row2>
			<row3>	0.2485 1.0826 0.9646 1.0000	</row3>
		</transform>
	</node>
	<node>
		<identifier>	MP_IM609_VCU_INDEX_2	</identifier>
		<parent>	Scene Root	</parent>
		<transform>
			<row0>	1.0000 0.0000 0.0000 0.0000	</row0>
			<row1>	0.0000 1.0000 0.0000 0.0000	</row1>
			<row2>	0.0000 0.0000 1.0000 0.0000	</row2>
			<row3>	-0.5570 0.7925 -0.2309 1.0000	</row3>
		</transform>
	</node>
	<node>
		<identifier>	MP_IM609_VCU_INDEX_20	</identifier>
		<parent>	Scene Root	</parent>
		<transform>
			<row0>	1.0000 0.0000 0.0000 0.0000	</row0>
			<row1>	0.0000 1.0000 0.0000 0.0000	</row1>
			<row2>	0.0000 0.0000 1.0000 0.0000	</row2>
			<row3>	0.6232 0.7925 -0.3159 1.0000	</row3>
		</transform>
	</node>
	<node>
		<identifier>	MP_IM609_VCU_INDEX_21	</identifier>
		<parent>	Scene Root	</parent>
		<transform>
			<row0>	0.1736 0.0000 0.9848 0.0000	</row0>
			<row1>	0.0000 1.0000 0.0000 0.0000	</row1>
			<row2>	-0.9848 0.0000 0.1736 0.0000	</row2>
			<row3>	-0.1769 1.9738 1.1237 1.0000	</row3>
		</transform>
	</node>
	<node>
		<identifier>	MP_IM609_VCU_INDEX_22	</identifier>
		<parent>	Scene Root	</parent>
		<transform>
			<row0>	1.0000 0.0000 0.0000 0.0000	</row0>
			<row1>	0.0000 1.0000 0.0000 0.0000	</row1>
			<row2>	0.0000 0.0000 1.0000 0.0000	</row2>
			<row3>	0.2713 0.9387 1.4348 1.0000	</row3>
		</transform>
	</node>
	<node>
		<identifier>	MP_IM609_VCU_INDEX_23	</identifier>
		<parent>	Scene Root	</parent>
		<transform>
			<row0>	1.0000 0.0000 0.0000 0.0000	</row0>
			<row1>	0.0000 1.0000 0.0000 0.0000	</row1>
			<row2>	0.0000 0.0000 1.0000 0.0000	</row2>
			<row3>	0.5635 0.7925 -0.5296 1.0000	</row3>
		</transform>
	</node>
	<node>
		<identifier>	MP_IM609_VCU_INDEX_3	</identifier>
		<parent>	Scene Root	</parent>
		<transform>
			<row0>	1.0000 0.0000 0.0000 0.0000	</row0>
			<row1>	0.0000 1.0000 0.0000 0.0000	</row1>
			<row2>	0.0000 0.0000 1.0000 0.0000	</row2>
			<row3>	-0.5635 0.7925 -0.5296 1.0000	</row3>
		</transform>
	</node>
	<node>
		<identifier>	MP_IM609_VCU_INDEX_4	</identifier>
		<parent>	Scene Root	</parent>
		<transform>
			<row0>	1.0000 0.0000 0.0000 0.0000	</row0>
			<row1>	0.0000 1.0000 0.0000 0.0000	</row1>
			<row2>	0.0000 0.0000 1.0000 0.0000	</row2>
			<row3>	-0.6232 0.7925 -0.3159 1.0000	</row3>
		</transform>
	</node>
	<node>
		<identifier>	MP_IM609_VCU_INDEX_5	</identifier>
		<parent>	Scene Root	</parent>
		<transform>
			<row0>	-0.1736 0.0000 0.9848 0.0000	</row0>
			<row1>	0.0000 1.0000 0.0000 0.0000	</row1>
			<row2>	-0.9848 0.0000 -0.1736 0.0000	</row2>
			<row3>	-0.1769 1.9738 1.0381 1.0000	</row3>
		</transform>
	</node>
	<node>
		<identifier>	MP_IM609_VCU_INDEX_6	</identifier>
		<parent>	Scene Root	</parent>
		<transform>
			<row0>	1.0000 0.0000 0.0000 0.0000	</row0>
			<row1>	0.0000 1.0000 0.0000 0.0000	</row1>
			<row2>	0.0000 0.0000 1.0000 0.0000	</row2>
			<row3>	0.3717 0.9387 1.4348 1.0000	</row3>
		</transform>
	</node>
	<node>
		<identifier>	MP_IM609_VCU_INDEX_7	</identifier>
		<parent>	Scene Root	</parent>
		<transform>
			<row0>	0.0000 0.0000 -1.0000 0.0000	</row0>
			<row1>	0.0000 1.0000 0.0000 0.0000	</row1>
			<row2>	1.0000 0.0000 0.0000 0.0000	</row2>
			<row3>	0.1638 1.1266 -0.3121 1.0000	</row3>
		</transform>
	</node>
	<node>
		<identifier>	MP_IM609_VCU_INDEX_8	</identifier>
		<parent>	Scene Root	</parent>
		<transform>
			<row0>	-1.0000 0.0000 0.0000 0.0000	</row0>
			<row1>	0.0000 1.0000 0.0000 0.0000	</row1>
			<row2>	0.0000 0.0000 -1.0000 0.0000	</row2>
			<row3>	0.3482 0.8585 0.8002 1.0000	</row3>
		</transform>
	</node>
	<node>
		<identifier>	MP_IM609_VCU_INDEX_9	</identifier>
		<parent>	Scene Root	</parent>
		<transform>
			<row0>	1.0000 0.0000 0.0000 0.0000	</row0>
			<row1>	0.0000 1.0000 0.0000 0.0000	</row1>
			<row2>	0.0000 0.0000 1.0000 0.0000	</row2>
			<row3>	0.2208 1.1032 -0.1295 1.0000	</row3>
		</transform>
	</node>
	<node>
		<identifier>	MP_IM610_Dir_AA	</identifier>
		<parent>	Scene Root	</parent>
		<transform>
			<row0>	0.9239 0.0000 -0.3827 0.0000	</row0>
			<row1>	0.0000 1.0000 0.0000 0.0000	</row1>
			<row2>	0.3827 0.0000 0.9239 0.0000	</row2>
			<row3>	0.1918 1.1129 -0.2026 1.0000	</row3>
		</transform>
	</node>
	<node>
		<identifier>	MP_IM610_Dir_AA_INDEX_1	</identifier>
		<parent>	Scene Root	</parent>
		<transform>
			<row0>	0.0000 0.0000 1.0000 0.0000	</row0>
			<row1>	0.0000 1.0000 0.0000 0.0000	</row1>
			<row2>	-1.0000 0.0000 0.0000 0.0000	</row2>
			<row3>	-0.0874 1.1444 -0.3121 1.0000	</row3>
		</transform>
	</node>
	<node>
		<identifier>	MP_IM610_Dir_AA_INDEX_2	</identifier>
		<parent>	Scene Root	</parent>
		<transform>
			<row0>	-0.7071 0.0000 -0.7071 0.0000	</row0>
			<row1>	0.0000 1.0000 0.0000 0.0000	</row1>
			<row2>	0.7071 0.0000 -0.7071 0.0000	</row2>
			<row3>	0.1430 1.1129 -0.4594 1.0000	</row3>
		</transform>
	</node>
	<node>
		<identifier>	MP_IM610_Dir_AA_INDEX_3	</identifier>
		<parent>	Scene Root	</parent>
		<transform>
			<row0>	0.9239 0.0000 0.3827 0.0000	</row0>
			<row1>	0.0000 1.0000 0.0000 0.0000	</row1>
			<row2>	-0.3827 0.0000 0.9239 0.0000	</row2>
			<row3>	-0.1918 1.1129 -0.2026 1.0000	</row3>
		</transform>
	</node>
	<node>
		<identifier>	MP_IM610_Dir_AA_INDEX_4	</identifier>
		<parent>	Scene Root	</parent>
		<transform>
			<row0>	0.0000 0.0000 -1.0000 0.0000	</row0>
			<row1>	0.0000 1.0000 0.0000 0.0000	</row1>
			<row2>	1.0000 0.0000 0.0000 0.0000	</row2>
			<row3>	0.0874 1.1444 -0.3121 1.0000	</row3>
		</transform>
	</node>
	<node>
		<identifier>	MP_IM610_Dir_AA_INDEX_5	</identifier>
		<parent>	Scene Root	</parent>
		<transform>
			<row0>	-0.7071 0.0000 0.7071 0.0000	</row0>
			<row1>	0.0000 1.0000 0.0000 0.0000	</row1>
			<row2>	-0.7071 0.0000 -0.7071 0.0000	</row2>
			<row3>	-0.1430 1.1129 -0.4594 1.0000	</row3>
		</transform>
	</node>
	<node>
		<identifier>	MP_IM611_LA_Dir	</identifier>
		<parent>	Scene Root	</parent>
		<transform>
			<row0>	0.0000 0.0000 1.0000 0.0000	</row0>
			<row1>	0.0000 1.0000 0.0000 0.0000	</row1>
			<row2>	-1.0000 0.0000 0.0000 0.0000	</row2>
			<row3>	-0.2346 1.0814 0.8216 1.0000	</row3>
		</transform>
	</node>
	<node>
		<identifier>	MP_IM611_LA_Dir_INDEX_1	</identifier>
		<parent>	Scene Root	</parent>
		<transform>
			<row0>	0.0000 0.0000 -1.0000 0.0000	</row0>
			<row1>	0.0000 1.0000 0.0000 0.0000	</row1>
			<row2>	1.0000 0.0000 0.0000 0.0000	</row2>
			<row3>	0.5599 0.7910 -0.4182 1.0000	</row3>
		</transform>
	</node>
	<node>
		<identifier>	MP_IM611_LA_Dir_INDEX_2	</identifier>
		<parent>	Scene Root	</parent>
		<transform>
			<row0>	0.0000 0.0000 -1.0000 0.0000	</row0>
			<row1>	0.0000 1.0000 0.0000 0.0000	</row1>
			<row2>	1.0000 0.0000 0.0000 0.0000	</row2>
			<row3>	0.2354 1.0814 0.8215 1.0000	</row3>
		</transform>
	</node>
	<node>
		<identifier>	MP_IM611_LA_Dir_INDEX_3	</identifier>
		<parent>	Scene Root	</parent>
		<transform>
			<row0>	0.0000 0.0000 1.0000 0.0000	</row0>
			<row1>	0.0000 1.0000 0.0000 0.0000	</row1>
			<row2>	-1.0000 0.0000 0.0000 0.0000	</row2>
			<row3>	-0.5599 0.7910 -0.4182 1.0000	</row3>
		</transform>
	</node>
	<node>
		<identifier>	MP_IM613_Anemometer	</identifier>
		<parent>	Scene Root	</parent>
		<transform>
			<row0>	1.0000 0.0000 0.0000 0.0000	</row0>
			<row1>	0.0000 1.0000 0.0000 0.0000	</row1>
			<row2>	0.0000 0.0000 1.0000 0.0000	</row2>
			<row3>	0.3345 2.6053 0.5765 1.0000	</row3>
		</transform>
	</node>
	<node>
		<identifier>	MP_IM613_Anemometer_INDEX_1	</identifier>
		<parent>	Scene Root	</parent>
		<transform>
			<row0>	1.0000 0.0000 0.0000 0.0000	</row0>
			<row1>	0.0000 1.0000 0.0000 0.0000	</row1>
			<row2>	0.0000 0.0000 1.0000 0.0000	</row2>
			<row3>	-0.3345 2.6053 0.5765 1.0000	</row3>
		</transform>
	</node>
	<node>
		<identifier>	MP_IM614_Night_Director	</identifier>
		<parent>	Scene Root	</parent>
		<transform>
			<row0>	1.0000 0.0000 0.0000 0.0000	</row0>
