<JSS302_I_56_44_1944_Bow.visual>
	<skeleton>
		<node>
			<identifier>	Scene Root	</identifier>
			<transform>
				<row0>	1.0000 0.0000 0.0000 0.0000	</row0>
				<row1>	0.0000 1.0000 0.0000 0.0000	</row1>
				<row2>	0.0000 0.0000 1.0000 0.0000	</row2>
				<row3>	0.0000 0.0000 0.0000 1.0000	</row3>
			</transform>
			<node>
				<identifier>	Bow	</identifier>
				<transform>
					<row0>	1.0000 0.0000 0.0000 0.0000	</row0>
					<row1>	0.0000 1.0000 0.0000 0.0000	</row1>
					<row2>	0.0000 0.0000 1.0000 0.0000	</row2>
					<row3>	0.0000 0.0000 0.0000 1.0000	</row3>
				</transform>
				<node>
					<identifier>	Bow_animated	</identifier>
					<transform>
						<row0>	1.0000 0.0000 0.0000 0.0000	</row0>
						<row1>	0.0000 1.0000 0.0000 0.0000	</row1>
						<row2>	0.0000 0.0000 1.0000 0.0000	</row2>
						<row3>	0.0000 0.0000 0.0000 1.0000	</row3>
					</transform>
				</node>
				<node>
					<identifier>	Bow_crack_MidFront	</identifier>
					<transform>
						<row0>	1.0000 0.0000 0.0000 0.0000	</row0>
						<row1>	0.0000 1.0000 0.0000 0.0000	</row1>
						<row2>	0.0000 0.0000 1.0000 0.0000	</row2>
						<row3>	0.0000 0.0000 0.0000 1.0000	</row3>
					</transform>
					<node>
						<identifier>	Bow_crack_MidFront_in	</identifier>
						<transform>
							<row0>	1.0000 0.0000 0.0000 0.0000	</row0>
							<row1>	0.0000 1.0000 0.0000 0.0000	</row1>
							<row2>	0.0000 0.0000 1.0000 0.0000	</row2>
							<row3>	0.0000 0.0000 0.0000 1.0000	</row3>
						</transform>
					</node>
				</node>
				<node>
					<identifier>	Bow_patch_MidFront	</identifier>
					<transform>
						<row0>	1.0000 0.0000 0.0000 0.0000	</row0>
						<row1>	0.0000 1.0000 0.0000 0.0000	</row1>
						<row2>	0.0000 0.0000 1.0000 0.0000	</row2>
						<row3>	0.0000 0.0000 0.0000 1.0000	</row3>
					</transform>
				</node>
				<node>
					<identifier>	Bow_wire	</identifier>
					<transform>
						<row0>	1.0000 0.0000 0.0000 0.0000	</row0>
						<row1>	0.0000 1.0000 0.0000 0.0000	</row1>
						<row2>	0.0000 0.0000 1.0000 0.0000	</row2>
						<row3>	0.0000 0.0000 0.0000 1.0000	</row3>
					</transform>
				</node>
				<node>
					<identifier>	HP_Camera	</identifier>
					<transform>
						<row0>	1.0000 0.0000 0.0000 0.0000	</row0>
						<row1>	0.0000 1.0000 0.0000 0.0000	</row1>
						<row2>	0.0000 0.0000 1.0000 0.0000	</row2>
						<row3>	0.0000 0.5578 0.3064 1.0000	</row3>
					</transform>
				</node>
				<node>
					<identifier>	HP_JGM_1	</identifier>
					<transform>
						<row0>	-1.0000 0.0000 0.0000 0.0000	</row0>
						<row1>	0.0000 1.0000 0.0000 0.0000	</row1>
						<row2>	0.0000 0.0000 -1.0000 0.0000	</row2>
						<row3>	0.0000 0.2137 -0.7968 1.0000	</row3>
					</transform>
				</node>
				<node>
					<identifier>	HP_JGT_1	</identifier>
					<transform>
						<row0>	1.0000 0.0000 0.0000 0.0000	</row0>
						<row1>	0.0000 0.9988 0.0491 0.0000	</row1>
						<row2>	0.0000 -0.0491 0.9988 0.0000	</row2>
						<row3>	-0.0447 -0.0155 2.4472 1.0000	</row3>
					</transform>
				</node>
				<node>
					<identifier>	HP_JGT_2	</identifier>
					<transform>
						<row0>	1.0000 0.0000 0.0035 0.0000	</row0>
						<row1>	-0.0002 0.9986 0.0524 0.0000	</row1>
						<row2>	-0.0035 -0.0524 0.9986 0.0000	</row2>
						<row3>	0.0453 -0.0155 2.4472 1.0000	</row3>
					</transform>
				</node>
				<node>
					<identifier>	HP_JGT_3	</identifier>
					<transform>
						<row0>	1.0000 0.0000 0.0000 0.0000	</row0>
						<row1>	0.0000 0.9986 0.0524 0.0000	</row1>
						<row2>	0.0000 -0.0524 0.9986 0.0000	</row2>
						<row3>	-0.0447 -0.0721 2.4469 1.0000	</row3>
					</transform>
				</node>
				<node>
					<identifier>	HP_JGT_4	</identifier>
					<transform>
						<row0>	1.0000 0.0000 0.0000 0.0000	</row0>
						<row1>	0.0000 0.9986 0.0524 0.0000	</row1>
						<row2>	0.0000 -0.0524 0.9986 0.0000	</row2>
						<row3>	0.0447 -0.0721 2.4469 1.0000	</row3>
					</transform>
				</node>
				<node>
					<identifier>	HP_JGT_5	</identifier>
					<transform>
						<row0>	1.0000 0.0000 0.0000 0.0000	</row0>
						<row1>	0.0000 0.9988 0.0491 0.0000	</row1>
						<row2>	0.0000 -0.0491 0.9988 0.0000	</row2>
						<row3>	-0.0449 -0.1298 2.4469 1.0000	</row3>
					</transform>
				</node>
				<node>
					<identifier>	HP_JGT_6	</identifier>
					<transform>
						<row0>	1.0000 0.0000 0.0000 0.0000	</row0>
						<row1>	0.0000 0.9986 0.0524 0.0000	</row1>
						<row2>	0.0000 -0.0524 0.9986 0.0000	</row2>
						<row3>	0.0433 -0.1298 2.4469 1.0000	</row3>
					</transform>
				</node>
				<node>
					<identifier>	HP_JRS_1	</identifier>
					<transform>
						<row0>	1.0000 0.0000 0.0000 0.0000	</row0>
						<row1>	0.0000 1.0000 0.0000 0.0000	</row1>
						<row2>	0.0000 0.0000 1.0000 0.0000	</row2>
						<row3>	0.0000 0.3733 0.4408 1.0000	</row3>
					</transform>
				</node>
				<node>
					<identifier>	HP_Torp_Cap_1	</identifier>
					<transform>
						<row0>	1.0000 0.0000 0.0000 0.0000	</row0>
						<row1>	0.0000 0.9988 0.0491 0.0000	</row1>
						<row2>	0.0000 -0.0491 0.9988 0.0000	</row2>
						<row3>	-0.0447 -0.0468 3.0631 1.0000	</row3>
					</transform>
				</node>
				<node>
					<identifier>	HP_Torp_Cap_2	</identifier>
					<transform>
						<row0>	1.0000 0.0000 0.0000 0.0000	</row0>
						<row1>	0.0000 0.9988 0.0491 0.0000	</row1>
						<row2>	0.0000 -0.0491 0.9988 0.0000	</row2>
						<row3>	0.0447 -0.0468 3.0631 1.0000	</row3>
					</transform>
				</node>
				<node>
					<identifier>	HP_Torp_Cap_3	</identifier>
					<transform>
						<row0>	1.0000 0.0000 0.0000 0.0000	</row0>
						<row1>	0.0000 0.9988 0.0491 0.0000	</row1>
						<row2>	0.0000 -0.0491 0.9988 0.0000	</row2>
						<row3>	-0.0450 -0.1035 3.0676 1.0000	</row3>
					</transform>
				</node>
				<node>
					<identifier>	HP_Torp_Cap_4	</identifier>
					<transform>
						<row0>	1.0000 0.0000 0.0000 0.0000	</row0>
						<row1>	0.0000 0.9988 0.0491 0.0000	</row1>
						<row2>	0.0000 -0.0491 0.9988 0.0000	</row2>
						<row3>	0.0447 -0.1035 3.0676 1.0000	</row3>
					</transform>
				</node>
				<node>
					<identifier>	HP_Torp_Cap_5	</identifier>
					<transform>
						<row0>	1.0000 0.0000 0.0000 0.0000	</row0>
						<row1>	0.0000 0.9988 0.0491 0.0000	</row1>
						<row2>	0.0000 -0.0491 0.9988 0.0000	</row2>
						<row3>	-0.0449 -0.1602 3.0680 1.0000	</row3>
					</transform>
				</node>
				<node>
					<identifier>	HP_Torp_Cap_6	</identifier>
					<transform>
						<row0>	1.0000 0.0000 0.0000 0.0000	</row0>
						<row1>	0.0000 0.9988 0.0491 0.0000	</row1>
						<row2>	0.0000 -0.0491 0.9988 0.0000	</row2>
						<row3>	0.0449 -0.1602 3.0680 1.0000	</row3>
					</transform>
				</node>
			</node>
			<node>
				<identifier>	Root	</identifier>
				<transform>
					<row0>	1.0000 0.0000 0.0000 0.0000	</row0>
					<row1>	0.0000 1.0000 0.0000 0.0000	</row1>
					<row2>	0.0000 0.0000 1.0000 0.0000	</row2>
					<row3>	0.0000 0.0000 0.0000 1.0000	</row3>
				</transform>
				<node>
					<identifier>	Hydroplane_back_1	</identifier>
					<transform>
						<row0>	1.0000 0.0000 0.0000 0.0000	</row0>
						<row1>	0.0000 1.0000 0.0000 0.0000	</row1>
						<row2>	0.0000 0.0000 1.0000 0.0000	</row2>
						<row3>	0.0000 -0.1648 -3.2066 1.0000	</row3>
					</transform>
					<node>
						<identifier>	Hydroplane_back_1_BlendBone	</identifier>
						<transform>
							<row0>	1.0000 0.0000 0.0000 0.0000	</row0>
							<row1>	0.0000 1.0000 0.0000 0.0000	</row1>
							<row2>	0.0000 0.0000 1.0000 0.0000	</row2>
							<row3>	0.0000 0.1648 3.2066 1.0000	</row3>
						</transform>
					</node>
				</node>
				<node>
					<identifier>	Hydroplane_front_1	</identifier>
					<transform>
						<row0>	1.0000 0.0000 0.0000 0.0000	</row0>
						<row1>	0.0000 1.0000 0.0000 0.0000	</row1>
						<row2>	0.0000 0.0000 1.0000 0.0000	</row2>
						<row3>	0.0000 0.1142 2.9701 1.0000	</row3>
					</transform>
					<node>
						<identifier>	Hydroplane_front_1_BlendBone	</identifier>
						<transform>
							<row0>	1.0000 0.0000 0.0000 0.0000	</row0>
							<row1>	0.0000 1.0000 0.0000 0.0000	</row1>
							<row2>	0.0000 0.0000 1.0000 0.0000	</row2>
							<row3>	0.0000 -0.1142 -2.9701 1.0000	</row3>
						</transform>
					</node>
				</node>
				<node>
					<identifier>	Periscope_1	</identifier>
					<transform>
						<row0>	1.0000 0.0000 0.0000 0.0000	</row0>
						<row1>	0.0000 1.0000 0.0000 0.0000	</row1>
						<row2>	0.0000 0.0000 1.0000 0.0000	</row2>
						<row3>	0.0000 0.0000 0.0000 1.0000	</row3>
					</transform>
					<node>
						<identifier>	Periscope_1_BlendBone	</identifier>
						<transform>
							<row0>	1.0000 0.0000 0.0000 0.0000	</row0>
							<row1>	0.0000 1.0000 0.0000 0.0000	</row1>
							<row2>	0.0000 0.0000 1.0000 0.0000	</row2>
							<row3>	0.0000 0.0000 0.0000 1.0000	</row3>
						</transform>
					</node>
				</node>
				<node>
					<identifier>	Root_BlendBone	</identifier>
					<transform>
						<row0>	1.0000 0.0000 0.0000 0.0000	</row0>
						<row1>	0.0000 1.0000 0.0000 0.0000	</row1>
						<row2>	0.0000 0.0000 1.0000 0.0000	</row2>
						<row3>	0.0000 0.0000 0.0000 1.0000	</row3>
					</transform>
				</node>
				<node>
					<identifier>	Rudder_1	</identifier>
					<transform>
						<row0>	1.0000 0.0000 0.0000 0.0000	</row0>
						<row1>	0.0000 1.0000 0.0000 0.0000	</row1>
						<row2>	0.0000 0.0000 1.0000 0.0000	</row2>
						<row3>	0.0000 -0.0685 -3.3129 1.0000	</row3>
					</transform>
					<node>
						<identifier>	Rudder_1_BlendBone	</identifier>
						<transform>
							<row0>	1.0000 0.0000 0.0000 0.0000	</row0>
							<row1>	0.0000 1.0000 0.0000 0.0000	</row1>
							<row2>	0.0000 0.0000 1.0000 0.0000	</row2>
							<row3>	0.0000 0.0685 3.3129 1.0000	</row3>
						</transform>
					</node>
				</node>
				<node>
					<identifier>	cap_1_in	</identifier>
					<transform>
						<row0>	0.9848 0.0091 -0.1734 0.0000	</row0>
						<row1>	0.0000 0.9986 0.0523 0.0000	</row1>
						<row2>	0.1736 -0.0515 0.9835 0.0000	</row2>
						<row3>	-0.0202 -0.0424 3.0606 1.0000	</row3>
					</transform>
					<node>
						<identifier>	cap_1_in_1	</identifier>
						<transform>
							<row0>	0.9962 0.0000 -0.0872 0.0000	</row0>
							<row1>	0.0000 1.0000 0.0000 0.0000	</row1>
							<row2>	0.0872 0.0000 0.9962 0.0000	</row2>
							<row3>	-0.0421 0.0004 -0.0006 1.0000	</row3>
						</transform>
						<node>
							<identifier>	cap_1	</identifier>
							<transform>
								<row0>	0.9909 0.0567 0.1219 0.0000	</row0>
								<row1>	-0.0537 0.9982 -0.0277 0.0000	</row1>
								<row2>	-0.1232 0.0209 0.9922 0.0000	</row2>
								<row3>	0.0000 -0.0020 0.0742 1.0000	</row3>
							</transform>
							<node>
								<identifier>	cap_1_BlendBone	</identifier>
								<transform>
									<row0>	0.9887 -0.0591 0.1378 0.0000	</row0>
									<row1>	0.0639 0.9975 -0.0309 0.0000	</row1>
									<row2>	-0.1356 0.0394 0.9900 0.0000	</row2>
									<row3>	0.4708 -0.0781 -3.1030 1.0000	</row3>
								</transform>
							</node>
						</node>
						<node>
							<identifier>	cap_1_in_1_BlendBone	</identifier>
							<transform>
								<row0>	0.9659 0.0000 0.2588 0.0000	</row0>
								<row1>	0.0135 0.9986 -0.0506 0.0000	</row1>
								<row2>	-0.2585 0.0523 0.9646 0.0000	</row2>
								<row3>	0.8530 -0.1182 -2.9449 1.0000	</row3>
							</transform>
						</node>
					</node>
					<node>
						<identifier>	cap_1_in_BlendBone	</identifier>
						<transform>
							<row0>	0.9848 0.0000 0.1736 0.0000	</row0>
							<row1>	0.0091 0.9986 -0.0515 0.0000	</row1>
							<row2>	-0.1734 0.0523 0.9835 0.0000	</row2>
							<row3>	0.5510 -0.1178 -3.0086 1.0000	</row3>
						</transform>
					</node>
				</node>
				<node>
					<identifier>	cap_2_in	</identifier>
					<transform>
						<row0>	0.9848 -0.0091 0.1734 0.0000	</row0>
						<row1>	0.0000 -0.9986 -0.0523 0.0000	</row1>
						<row2>	0.1736 0.0515 -0.9835 0.0000	</row2>
						<row3>	0.0202 -0.0424 3.0606 1.0000	</row3>
					</transform>
					<node>
						<identifier>	cap_2_in_1	</identifier>
						<transform>
							<row0>	0.9962 0.0000 -0.0872 0.0000	</row0>
							<row1>	0.0000 1.0000 0.0000 0.0000	</row1>
							<row2>	0.0872 0.0000 0.9962 0.0000	</row2>
							<row3>	0.0425 -0.0004 0.0006 1.0000	</row3>
						</transform>
						<node>
							<identifier>	cap_2	</identifier>
							<transform>
								<row0>	0.9909 0.0567 0.1219 0.0000	</row0>
								<row1>	-0.0605 0.9978 0.0277 0.0000	</row1>
								<row2>	-0.1200 -0.0348 0.9922 0.0000	</row2>
								<row3>	0.0000 0.0014 -0.0742 1.0000	</row3>
							</transform>
							<node>
								<identifier>	cap_2_BlendBone	</identifier>
								<transform>
									<row0>	0.9887 -0.0513 0.1409 0.0000	</row0>
									<row1>	-0.0639 -0.9942 0.0866 0.0000	</row1>
									<row2>	0.1356 -0.0946 -0.9862 0.0000	</row2>
									<row3>	-0.4711 0.2519 3.0937 1.0000	</row3>
								</transform>
							</node>
						</node>
						<node>
							<identifier>	cap_2_in_1_BlendBone	</identifier>
							<transform>
								<row0>	0.9659 0.0000 0.2588 0.0000	</row0>
								<row1>	-0.0135 -0.9986 0.0506 0.0000	</row1>
								<row2>	0.2585 -0.0523 -0.9646 0.0000	</row2>
								<row3>	-0.8533 0.1182 2.9449 1.0000	</row3>
							</transform>
						</node>
					</node>
					<node>
						<identifier>	cap_2_in_BlendBone	</identifier>
						<transform>
							<row0>	0.9848 0.0000 0.1736 0.0000	</row0>
							<row1>	-0.0091 -0.9986 0.0515 0.0000	</row1>
							<row2>	0.1734 -0.0523 -0.9835 0.0000	</row2>
							<row3>	-0.5510 0.1178 3.0086 1.0000	</row3>
						</transform>
					</node>
				</node>
				<node>
					<identifier>	cap_3_in	</identifier>
					<transform>
						<row0>	0.9848 0.0091 -0.1734 0.0000	</row0>
						<row1>	0.0000 0.9986 0.0523 0.0000	</row1>
						<row2>	0.1736 -0.0515 0.9835 0.0000	</row2>
						<row3>	-0.0201 -0.0985 3.0606 1.0000	</row3>
					</transform>
					<node>
						<identifier>	cap_3_in_1	</identifier>
						<transform>
							<row0>	0.9962 0.0000 -0.0872 0.0000	</row0>
							<row1>	0.0000 1.0000 0.0000 0.0000	</row1>
							<row2>	0.0872 0.0000 0.9962 0.0000	</row2>
							<row3>	-0.0422 -0.0002 -0.0006 1.0000	</row3>
						</transform>
						<node>
							<identifier>	cap_3	</identifier>
							<transform>
								<row0>	0.9909 0.0567 0.1219 0.0000	</row0>
								<row1>	-0.0567 0.9984 -0.0036 0.0000	</row1>
								<row2>	-0.1219 -0.0034 0.9925 0.0000	</row2>
								<row3>	0.0000 0.0000 0.0750 1.0000	</row3>
							</transform>
							<node>
								<identifier>	cap_3_BlendBone	</identifier>
								<transform>
									<row0>	0.9887 -0.0557 0.1392 0.0000	</row0>
									<row1>	0.0639 0.9964 -0.0552 0.0000	</row1>
									<row2>	-0.1356 0.0635 0.9887 0.0000	</row2>
									<row3>	0.4742 -0.0991 -3.1041 1.0000	</row3>
								</transform>
							</node>
						</node>
						<node>
							<identifier>	cap_3_in_1_BlendBone	</identifier>
							<transform>
								<row0>	0.9659 0.0000 0.2588 0.0000	</row0>
								<row1>	0.0135 0.9986 -0.0506 0.0000	</row1>
								<row2>	-0.2585 0.0523 0.9646 0.0000	</row2>
								<row3>	0.8538 -0.0616 -2.9478 1.0000	</row3>
							</transform>
						</node>
					</node>
					<node>
						<identifier>	cap_3_in_BlendBone	</identifier>
						<transform>
							<row0>	0.9848 0.0000 0.1736 0.0000	</row0>
							<row1>	0.0091 0.9986 -0.0515 0.0000	</row1>
							<row2>	-0.1734 0.0523 0.9835 0.0000	</row2>
							<row3>	0.5514 -0.0618 -3.0116 1.0000	</row3>
						</transform>
					</node>
				</node>
				<node>
					<identifier>	cap_4_in	</identifier>
					<transform>
						<row0>	0.9848 -0.0091 0.1734 0.0000	</row0>
						<row1>	0.0000 -0.9986 -0.0523 0.0000	</row1>
						<row2>	0.1736 0.0515 -0.9835 0.0000	</row2>
						<row3>	0.0201 -0.0985 3.0606 1.0000	</row3>
					</transform>
					<node>
						<identifier>	cap_4_in_1	</identifier>
						<transform>
							<row0>	0.9962 0.0000 -0.0872 0.0000	</row0>
							<row1>	0.0000 1.0000 0.0000 0.0000	</row1>
							<row2>	0.0872 0.0000 0.9962 0.0000	</row2>
							<row3>	0.0425 0.0002 0.0006 1.0000	</row3>
						</transform>
						<node>
							<identifier>	cap_4	</identifier>
							<transform>
								<row0>	0.9909 0.0567 0.1219 0.0000	</row0>
								<row1>	-0.0567 0.9984 -0.0036 0.0000	</row1>
								<row2>	-0.1219 -0.0034 0.9925 0.0000	</row2>
								<row3>	0.0000 0.0000 -0.0750 1.0000	</row3>
							</transform>
							<node>
								<identifier>	cap_4_BlendBone	</identifier>
								<transform>
									<row0>	0.9887 -0.0557 0.1392 0.0000	</row0>
									<row1>	-0.0639 -0.9964 0.0552 0.0000	</row1>
									<row2>	0.1356 -0.0635 -0.9887 0.0000	</row2>
									<row3>	-0.4745 0.0991 3.1041 1.0000	</row3>
								</transform>
							</node>
						</node>
						<node>
							<identifier>	cap_4_in_1_BlendBone	</identifier>
							<transform>
								<row0>	0.9659 0.0000 0.2588 0.0000	</row0>
								<row1>	-0.0135 -0.9986 0.0506 0.0000	</row1>
								<row2>	0.2585 -0.0523 -0.9646 0.0000	</row2>
								<row3>	-0.8541 0.0616 2.9477 1.0000	</row3>
							</transform>
						</node>
					</node>
					<node>
						<identifier>	cap_4_in_BlendBone	</identifier>
						<transform>
							<row0>	0.9848 0.0000 0.1736 0.0000	</row0>
							<row1>	-0.0091 -0.9986 0.0515 0.0000	</row1>
							<row2>	0.1734 -0.0523 -0.9835 0.0000	</row2>
							<row3>	-0.5514 0.0618 3.0116 1.0000	</row3>
						</transform>
					</node>
				</node>
				<node>
					<identifier>	cap_5_in	</identifier>
					<transform>
						<row0>	0.9848 0.0091 -0.1734 0.0000	</row0>
						<row1>	0.0000 0.9986 0.0523 0.0000	</row1>
						<row2>	0.1736 -0.0515 0.9835 0.0000	</row2>
						<row3>	-0.0201 -0.1549 3.0604 1.0000	</row3>
					</transform>
					<node>
						<identifier>	cap_5_in_1	</identifier>
						<transform>
							<row0>	0.9962 0.0000 -0.0872 0.0000	</row0>
							<row1>	0.0000 1.0000 0.0000 0.0000	</row1>
							<row2>	0.0872 0.0000 0.9962 0.0000	</row2>
							<row3>	-0.0422 -0.0006 -0.0004 1.0000	</row3>
						</transform>
						<node>
							<identifier>	cap_5	</identifier>
							<transform>
								<row0>	0.9909 0.0567 0.1219 0.0000	</row0>
								<row1>	-0.0567 0.9984 -0.0036 0.0000	</row1>
								<row2>	-0.1219 -0.0034 0.9925 0.0000	</row2>
								<row3>	0.0013 0.0002 0.0711 1.0000	</row3>
							</transform>
							<node>
								<identifier>	cap_5_BlendBone	</identifier>
								<transform>
									<row0>	0.9887 -0.0557 0.1392 0.0000	</row0>
									<row1>	0.0639 0.9964 -0.0552 0.0000	</row1>
									<row2>	-0.1356 0.0635 0.9887 0.0000	</row2>
									<row3>	0.4770 -0.0427 -3.1032 1.0000	</row3>
								</transform>
							</node>
						</node>
						<node>
							<identifier>	cap_5_in_1_BlendBone	</identifier>
							<transform>
								<row0>	0.9659 0.0000 0.2588 0.0000	</row0>
								<row1>	0.0135 0.9986 -0.0506 0.0000	</row1>
								<row2>	-0.2585 0.0523 0.9646 0.0000	</row2>
								<row3>	0.8546 -0.0049 -2.9507 1.0000	</row3>
							</transform>
						</node>
					</node>
					<node>
						<identifier>	cap_5_in_BlendBone	</identifier>
						<transform>
							<row0>	0.9848 0.0000 0.1736 0.0000	</row0>
							<row1>	0.0091 0.9986 -0.0515 0.0000	</row1>
							<row2>	-0.1734 0.0523 0.9835 0.0000	</row2>
							<row3>	0.5520 -0.0055 -3.0143 1.0000	</row3>
						</transform>
					</node>
				</node>
				<node>
					<identifier>	cap_6_in	</identifier>
					<transform>
						<row0>	0.9848 -0.0091 0.1734 0.0000	</row0>
						<row1>	0.0000 -0.9986 -0.0523 0.0000	</row1>
						<row2>	0.1736 0.0515 -0.9835 0.0000	</row2>
						<row3>	0.0201 -0.1549 3.0604 1.0000	</row3>
					</transform>
					<node>
						<identifier>	cap_6_in_1	</identifier>
						<transform>
							<row0>	0.9962 0.0000 -0.0872 0.0000	</row0>
							<row1>	0.0000 1.0000 0.0000 0.0000	</row1>
							<row2>	0.0872 0.0000 0.9962 0.0000	</row2>
							<row3>	0.0425 0.0006 0.0004 1.0000	</row3>
						</transform>
						<node>
							<identifier>	cap_6	</identifier>
							<transform>
								<row0>	0.9909 0.0567 0.1219 0.0000	</row0>
								<row1>	-0.0567 0.9984 -0.0036 0.0000	</row1>
								<row2>	-0.1219 -0.0034 0.9925 0.0000	</row2>
								<row3>	-0.0013 -0.0002 -0.0711 1.0000	</row3>
							</transform>
							<node>
								<identifier>	cap_6_BlendBone	</identifier>
								<transform>
									<row0>	0.9887 -0.0557 0.1392 0.0000	</row0>
									<row1>	-0.0639 -0.9964 0.0552 0.0000	</row1>
									<row2>	0.1356 -0.0635 -0.9887 0.0000	</row2>
									<row3>	-0.4773 0.0427 3.1032 1.0000	</row3>
								</transform>
							</node>
						</node>
						<node>
							<identifier>	cap_6_in_1_BlendBone	</identifier>
							<transform>
								<row0>	0.9659 0.0000 0.2588 0.0000	</row0>
								<row1>	-0.0135 -0.9986 0.0506 0.0000	</row1>
								<row2>	0.2585 -0.0523 -0.9646 0.0000	</row2>
								<row3>	-0.8549 0.0049 2.9506 1.0000	</row3>
							</transform>
						</node>
					</node>
					<node>
						<identifier>	cap_6_in_BlendBone	</identifier>
						<transform>
							<row0>	0.9848 0.0000 0.1736 0.0000	</row0>
							<row1>	-0.0091 -0.9986 0.0515 0.0000	</row1>
							<row2>	0.1734 -0.0523 -0.9835 0.0000	</row2>
							<row3>	-0.5520 0.0055 3.0143 1.0000	</row3>
						</transform>
					</node>
				</node>
			</node>
		</node>
	</skeleton>
	<properties>
		<underwaterModel>	false	</underwaterModel>
		<abovewaterModel>	true	</abovewaterModel>
	</properties>
	<boundingBox>
		<min>	-0.3097 -0.3408 -3.6226	</min>
		<max>	0.3097 0.6958 3.6229	</max>
	</boundingBox>
	<renderSets>
		<renderSet>
			<name>	BowShape	</name>
			<treatAsWorldSpaceObject>	false	</treatAsWorldSpaceObject>
			<nodes>
				<node>	Bow	</node>
			</nodes>
			<material>
				<identifier>	TL2_SHIPMAT_PBS_Hull	</identifier>
				<mfm>	PnFMods/ModsSDK.zip/JSS720_I56_1944/ship/JSS302_I_56_44_1944.mfm	</mfm>
			</material>
		</renderSet>
		<renderSet>
			<name>	Bow_animatedShape	</name>
			<treatAsWorldSpaceObject>	true	</treatAsWorldSpaceObject>
			<nodes>
				<node>	Root_BlendBone	</node>
				<node>	Hydroplane_front_1_BlendBone	</node>
				<node>	Hydroplane_back_1_BlendBone	</node>
				<node>	Rudder_1_BlendBone	</node>
				<node>	Periscope_1_BlendBone	</node>
				<node>	cap_1_in_BlendBone	</node>
				<node>	cap_1_in_1_BlendBone	</node>
				<node>	cap_1_BlendBone	</node>
				<node>	cap_3_in_BlendBone	</node>
				<node>	cap_3_in_1_BlendBone	</node>
				<node>	cap_3_BlendBone	</node>
				<node>	cap_5_in_BlendBone	</node>
				<node>	cap_5_in_1_BlendBone	</node>
				<node>	cap_5_BlendBone	</node>
				<node>	cap_2_in_BlendBone	</node>
				<node>	cap_2_in_1_BlendBone	</node>
				<node>	cap_2_BlendBone	</node>
				<node>	cap_4_in_BlendBone	</node>
				<node>	cap_4_in_1_BlendBone	</node>
				<node>	cap_4_BlendBone	</node>
				<node>	cap_6_in_BlendBone	</node>
				<node>	cap_6_in_1_BlendBone	</node>
				<node>	cap_6_BlendBone	</node>
			</nodes>
			<material>
				<identifier>	TL2_SHIPMAT_PBS_Hull_skinned	</identifier>
				<mfm>	PnFMods/ModsSDK.zip/JSS720_I56_1944/ship/JSS302_I_56_44_1944_skinned.mfm	</mfm>
			</material>
		</renderSet>
		<renderSet>
			<name>	Bow_animated_lod1Shape	</name>
			<treatAsWorldSpaceObject>	true	</treatAsWorldSpaceObject>
			<nodes>
				<node>	cap_6_BlendBone	</node>
				<node>	cap_6_in_1_BlendBone	</node>
				<node>	cap_6_in_BlendBone	</node>
				<node>	cap_4_BlendBone	</node>
				<node>	cap_4_in_1_BlendBone	</node>
				<node>	cap_4_in_BlendBone	</node>
				<node>	cap_2_BlendBone	</node>
				<node>	cap_2_in_1_BlendBone	</node>
				<node>	cap_2_in_BlendBone	</node>
				<node>	cap_5_BlendBone	</node>
				<node>	cap_5_in_1_BlendBone	</node>
				<node>	cap_5_in_BlendBone	</node>
				<node>	cap_3_BlendBone	</node>
				<node>	cap_3_in_1_BlendBone	</node>
				<node>	cap_3_in_BlendBone	</node>
				<node>	cap_1_BlendBone	</node>
				<node>	cap_1_in_1_BlendBone	</node>
				<node>	cap_1_in_BlendBone	</node>
				<node>	Periscope_1_BlendBone	</node>
				<node>	Rudder_1_BlendBone	</node>
				<node>	Hydroplane_back_1_BlendBone	</node>
				<node>	Hydroplane_front_1_BlendBone	</node>
				<node>	Root_BlendBone	</node>
			</nodes>
			<material>
				<identifier>	TL2_SHIPMAT_PBS_Hull_skinned	</identifier>
				<mfm>	PnFMods/ModsSDK.zip/JSS720_I56_1944/ship/JSS302_I_56_44_1944_skinned.mfm	</mfm>
			</material>
		</renderSet>
		<renderSet>
			<name>	Bow_animated_lod2Shape	</name>
			<treatAsWorldSpaceObject>	true	</treatAsWorldSpaceObject>
			<nodes>
				<node>	Root_BlendBone	</node>
				<node>	Hydroplane_front_1_BlendBone	</node>
				<node>	Hydroplane_back_1_BlendBone	</node>
				<node>	Rudder_1_BlendBone	</node>
				<node>	Periscope_1_BlendBone	</node>
				<node>	cap_1_in_BlendBone	</node>
				<node>	cap_1_in_1_BlendBone	</node>
				<node>	cap_1_BlendBone	</node>
				<node>	cap_2_in_BlendBone	</node>
				<node>	cap_2_in_1_BlendBone	</node>
				<node>	cap_2_BlendBone	</node>
				<node>	cap_3_in_BlendBone	</node>
				<node>	cap_3_in_1_BlendBone	</node>
				<node>	cap_3_BlendBone	</node>
				<node>	cap_4_in_BlendBone	</node>
				<node>	cap_4_in_1_BlendBone	</node>
				<node>	cap_4_BlendBone	</node>
				<node>	cap_5_in_BlendBone	</node>
				<node>	cap_5_in_1_BlendBone	</node>
				<node>	cap_5_BlendBone	</node>
				<node>	cap_6_in_BlendBone	</node>
				<node>	cap_6_BlendBone	</node>
			</nodes>
			<material>
				<identifier>	TL2_SHIPMAT_PBS_Hull_skinned	</identifier>
				<mfm>	PnFMods/ModsSDK.zip/JSS720_I56_1944/ship/JSS302_I_56_44_1944_skinned.mfm	</mfm>
			</material>
		</renderSet>
		<renderSet>
			<name>	Bow_animated_lod3Shape	</name>
			<treatAsWorldSpaceObject>	true	</treatAsWorldSpaceObject>
			<nodes>
				<node>	cap_6_BlendBone	</node>
				<node>	cap_5_BlendBone	</node>
				<node>	cap_4_BlendBone	</node>
				<node>	cap_3_BlendBone	</node>
				<node>	cap_2_BlendBone	</node>
				<node>	cap_1_BlendBone	</node>
				<node>	Periscope_1_BlendBone	</node>
				<node>	Rudder_1_BlendBone	</node>
				<node>	Hydroplane_back_1_BlendBone	</node>
				<node>	Hydroplane_front_1_BlendBone	</node>
				<node>	Root_BlendBone	</node>
			</nodes>
			<material>
				<identifier>	TL2_SHIPMAT_PBS_Hull_skinned	</identifier>
				<mfm>	PnFMods/ModsSDK.zip/JSS720_I56_1944/ship/JSS302_I_56_44_1944_skinned.mfm	</mfm>
			</material>
		</renderSet>
		<renderSet>
			<name>	Bow_crack_MidFrontShape	</name>
			<treatAsWorldSpaceObject>	false	</treatAsWorldSpaceObject>
			<nodes>
				<node>	Bow_crack_MidFront	</node>
			</nodes>
			<material>
				<identifier>	TL2_SHIPMAT_PBS_Hull	</identifier>
				<mfm>	PnFMods/ModsSDK.zip/JSS720_I56_1944/ship/JSS302_I_56_44_1944.mfm	</mfm>
			</material>
		</renderSet>
		<renderSet>
			<name>	Bow_crack_MidFront_inShape	</name>
			<treatAsWorldSpaceObject>	false	</treatAsWorldSpaceObject>
			<nodes>
				<node>	Bow_crack_MidFront_in	</node>
			</nodes>
			<material>
				<identifier>	SHIPMAT_PBS_Crack	</identifier>
				<mfm>	PnFMods/ModsSDK.zip/JSS720_I56_1944/ship/C002_Razlom.mfm	</mfm>
			</material>
		</renderSet>
		<renderSet>
			<name>	Bow_crack_MidFront_in_lod1Shape	</name>
			<treatAsWorldSpaceObject>	false	</treatAsWorldSpaceObject>
			<nodes>
				<node>	Bow_crack_MidFront_in	</node>
			</nodes>
			<material>
				<identifier>	SHIPMAT_PBS_Crack	</identifier>
				<mfm>	PnFMods/ModsSDK.zip/JSS720_I56_1944/ship/C002_Razlom.mfm	</mfm>
			</material>
		</renderSet>
		<renderSet>
			<name>	Bow_crack_MidFront_in_lod2Shape	</name>
			<treatAsWorldSpaceObject>	false	</treatAsWorldSpaceObject>
			<nodes>
				<node>	Bow_crack_MidFront_in	</node>
			</nodes>
			<material>
				<identifier>	SHIPMAT_PBS_Crack	</identifier>
				<mfm>	PnFMods/ModsSDK.zip/JSS720_I56_1944/ship/C002_Razlom.mfm	</mfm>
			</material>
		</renderSet>
		<renderSet>
			<name>	Bow_crack_MidFront_in_lod3Shape	</name>
			<treatAsWorldSpaceObject>	false	</treatAsWorldSpaceObject>
			<nodes>
				<node>	Bow_crack_MidFront_in	</node>
			</nodes>
			<material>
				<identifier>	SHIPMAT_PBS_Crack	</identifier>
				<mfm>	PnFMods/ModsSDK.zip/JSS720_I56_1944/ship/C002_Razlom.mfm	</mfm>
			</material>
		</renderSet>
		<renderSet>
			<name>	Bow_crack_MidFront_lod1Shape	</name>
			<treatAsWorldSpaceObject>	false	</treatAsWorldSpaceObject>
			<nodes>
				<node>	Bow_crack_MidFront	</node>
			</nodes>
			<material>
				<identifier>	TL2_SHIPMAT_PBS_Hull	</identifier>
				<mfm>	PnFMods/ModsSDK.zip/JSS720_I56_1944/ship/JSS302_I_56_44_1944.mfm	</mfm>
			</material>
		</renderSet>
		<renderSet>
			<name>	Bow_crack_MidFront_lod2Shape	</name>
			<treatAsWorldSpaceObject>	false	</treatAsWorldSpaceObject>
			<nodes>
				<node>	Bow_crack_MidFront	</node>
			</nodes>
			<material>
				<identifier>	TL2_SHIPMAT_PBS_Hull	</identifier>
				<mfm>	PnFMods/ModsSDK.zip/JSS720_I56_1944/ship/JSS302_I_56_44_1944.mfm	</mfm>
			</material>
		</renderSet>
		<renderSet>
			<name>	Bow_crack_MidFront_lod3Shape	</name>
			<treatAsWorldSpaceObject>	false	</treatAsWorldSpaceObject>
			<nodes>
				<node>	Bow_crack_MidFront	</node>
			</nodes>
			<material>
				<identifier>	TL2_SHIPMAT_PBS_Hull	</identifier>
				<mfm>	PnFMods/ModsSDK.zip/JSS720_I56_1944/ship/JSS302_I_56_44_1944.mfm	</mfm>
			</material>
		</renderSet>
		<renderSet>
			<name>	Bow_lod1Shape	</name>
			<treatAsWorldSpaceObject>	false	</treatAsWorldSpaceObject>
			<nodes>
				<node>	Bow	</node>
			</nodes>
			<material>
				<identifier>	TL2_SHIPMAT_PBS_Hull	</identifier>
				<mfm>	PnFMods/ModsSDK.zip/JSS720_I56_1944/ship/JSS302_I_56_44_1944.mfm	</mfm>
			</material>
		</renderSet>
		<renderSet>
			<name>	Bow_lod2Shape	</name>
			<treatAsWorldSpaceObject>	false	</treatAsWorldSpaceObject>
			<nodes>
				<node>	Bow	</node>
			</nodes>
			<material>
				<identifier>	TL2_SHIPMAT_PBS_Hull	</identifier>
				<mfm>	PnFMods/ModsSDK.zip/JSS720_I56_1944/ship/JSS302_I_56_44_1944.mfm	</mfm>
			</material>
		</renderSet>
		<renderSet>
			<name>	Bow_lod3Shape	</name>
			<treatAsWorldSpaceObject>	false	</treatAsWorldSpaceObject>
			<nodes>
				<node>	Bow	</node>
			</nodes>
			<material>
				<identifier>	TL2_SHIPMAT_PBS_Hull	</identifier>
				<mfm>	PnFMods/ModsSDK.zip/JSS720_I56_1944/ship/JSS302_I_56_44_1944.mfm	</mfm>
			</material>
		</renderSet>
		<renderSet>
			<name>	Bow_patch_MidFrontShape	</name>
			<treatAsWorldSpaceObject>	false	</treatAsWorldSpaceObject>
			<nodes>
				<node>	Bow_patch_MidFront	</node>
			</nodes>
			<material>
				<identifier>	TL2_SHIPMAT_PBS_Hull	</identifier>
				<mfm>	PnFMods/ModsSDK.zip/JSS720_I56_1944/ship/JSS302_I_56_44_1944.mfm	</mfm>
			</material>
		</renderSet>
		<renderSet>
			<name>	Bow_patch_MidFront_lod1Shape	</name>
			<treatAsWorldSpaceObject>	false	</treatAsWorldSpaceObject>
			<nodes>
				<node>	Bow_patch_MidFront	</node>
			</nodes>
			<material>
				<identifier>	TL2_SHIPMAT_PBS_Hull	</identifier>
				<mfm>	PnFMods/ModsSDK.zip/JSS720_I56_1944/ship/JSS302_I_56_44_1944.mfm	</mfm>
			</material>
		</renderSet>
		<renderSet>
			<name>	Bow_patch_MidFront_lod2Shape	</name>
			<treatAsWorldSpaceObject>	false	</treatAsWorldSpaceObject>
			<nodes>
				<node>	Bow_patch_MidFront	</node>
			</nodes>
			<material>
				<identifier>	TL2_SHIPMAT_PBS_Hull	</identifier>
				<mfm>	PnFMods/ModsSDK.zip/JSS720_I56_1944/ship/JSS302_I_56_44_1944.mfm	</mfm>
			</material>
		</renderSet>
		<renderSet>
			<name>	Bow_patch_MidFront_lod3Shape	</name>
			<treatAsWorldSpaceObject>	false	</treatAsWorldSpaceObject>
			<nodes>
				<node>	Bow_patch_MidFront	</node>
			</nodes>
			<material>
				<identifier>	TL2_SHIPMAT_PBS_Hull	</identifier>
				<mfm>	PnFMods/ModsSDK.zip/JSS720_I56_1944/ship/JSS302_I_56_44_1944.mfm	</mfm>
			</material>
		</renderSet>
		<renderSet>
			<name>	Bow_wireShape	</name>
			<treatAsWorldSpaceObject>	false	</treatAsWorldSpaceObject>
			<nodes>
				<node>	Bow_wire	</node>
			</nodes>
			<material>
				<identifier>	TL2_SHIPWIRE_PBS_Hull	</identifier>
				<mfm>	PnFMods/ModsSDK.zip/JSS720_I56_1944/ship/JSS302_I_56_44_1944_wire.mfm	</mfm>
			</material>
		</renderSet>
		<renderSet>
			<name>	Bow_wire_lod1Shape	</name>
			<treatAsWorldSpaceObject>	false	</treatAsWorldSpaceObject>
			<nodes>
				<node>	Bow_wire	</node>
			</nodes>
			<material>
				<identifier>	TL2_SHIPWIRE_PBS_Hull	</identifier>
				<mfm>	PnFMods/ModsSDK.zip/JSS720_I56_1944/ship/JSS302_I_56_44_1944_wire.mfm	</mfm>
			</material>
		</renderSet>
	</renderSets>
	<lods>
		<lod>
			<extent>	17.0000	</extent>
			<castsShadow>	true	</castsShadow>
			<renderSets>
				<renderSet>	BowShape	</renderSet>
				<renderSet>	Bow_animatedShape	</renderSet>
				<renderSet>	Bow_crack_MidFrontShape	</renderSet>
				<renderSet>	Bow_crack_MidFront_inShape	</renderSet>
				<renderSet>	Bow_patch_MidFrontShape	</renderSet>
				<renderSet>	Bow_wireShape	</renderSet>
			</renderSets>
		</lod>
		<lod>
			<extent>	35.0000	</extent>
			<castsShadow>	true	</castsShadow>
			<renderSets>
				<renderSet>	Bow_animated_lod1Shape	</renderSet>
				<renderSet>	Bow_crack_MidFront_in_lod1Shape	</renderSet>
				<renderSet>	Bow_crack_MidFront_lod1Shape	</renderSet>
				<renderSet>	Bow_lod1Shape	</renderSet>
				<renderSet>	Bow_patch_MidFront_lod1Shape	</renderSet>
				<renderSet>	Bow_wire_lod1Shape	</renderSet>
			</renderSets>
		</lod>
		<lod>
			<extent>	45.0000	</extent>
			<castsShadow>	true	</castsShadow>
			<renderSets>
				<renderSet>	Bow_animated_lod2Shape	</renderSet>
				<renderSet>	Bow_crack_MidFront_in_lod2Shape	</renderSet>
				<renderSet>	Bow_crack_MidFront_lod2Shape	</renderSet>
				<renderSet>	Bow_lod2Shape	</renderSet>
				<renderSet>	Bow_patch_MidFront_lod2Shape	</renderSet>
			</renderSets>
		</lod>
		<lod>
			<extent>	400.0000	</extent>
			<castsShadow>	false	</castsShadow>
			<renderSets>
				<renderSet>	Bow_animated_lod3Shape	</renderSet>
				<renderSet>	Bow_crack_MidFront_in_lod3Shape	</renderSet>
				<renderSet>	Bow_crack_MidFront_lod3Shape	</renderSet>
				<renderSet>	Bow_lod3Shape	</renderSet>
				<renderSet>	Bow_patch_MidFront_lod3Shape	</renderSet>
			</renderSets>
		</lod>
	</lods>
</JSS302_I_56_44_1944_Bow.visual>
