<BSA007_Indomitable_1944_Stern.skel_ext>
	<exported>	true	</exported>
	<node>
		<identifier>	MP_BM004_Reels	</identifier>
		<parent>	Scene Root	</parent>
		<transform>
			<row0>	-1.0000 0.0000 0.0000 0.0000	</row0>
			<row1>	0.0000 1.0000 0.0000 0.0000	</row1>
			<row2>	0.0000 0.0000 -1.0000 0.0000	</row2>
			<row3>	0.1152 0.3262 -6.6067 1.0000	</row3>
		</transform>
	</node>
	<node>
		<identifier>	MP_BM004_Reels_INDEX_1	</identifier>
		<parent>	Scene Root	</parent>
		<transform>
			<row0>	-1.0000 0.0000 0.0000 0.0000	</row0>
			<row1>	0.0000 1.0000 0.0000 0.0000	</row1>
			<row2>	0.0000 0.0000 -1.0000 0.0000	</row2>
			<row3>	0.0025 0.3262 -6.6067 1.0000	</row3>
		</transform>
	</node>
	<node>
		<identifier>	MP_BM019_Reels_1	</identifier>
		<parent>	Scene Root	</parent>
		<transform>
			<row0>	0.0000 0.0000 -1.0000 0.0000	</row0>
			<row1>	0.0000 1.0000 0.0000 0.0000	</row1>
			<row2>	1.0000 0.0000 0.0000 0.0000	</row2>
			<row3>	0.4401 0.3275 -6.5322 1.0000	</row3>
		</transform>
	</node>
	<node>
		<identifier>	MP_BM019_Reels_1_INDEX_1	</identifier>
		<parent>	Scene Root	</parent>
		<transform>
			<row0>	0.0000 0.0000 1.0000 0.0000	</row0>
			<row1>	0.0000 1.0000 0.0000 0.0000	</row1>
			<row2>	-1.0000 0.0000 0.0000 0.0000	</row2>
			<row3>	-0.4401 0.3275 -6.2651 1.0000	</row3>
		</transform>
	</node>
	<node>
		<identifier>	MP_BM020_Smoke_floats	</identifier>
		<parent>	Scene Root	</parent>
		<transform>
			<row0>	0.8000 0.0000 0.0000 0.0000	</row0>
			<row1>	0.0000 0.8000 0.0000 0.0000	</row1>
			<row2>	0.0000 0.0000 0.8000 0.0000	</row2>
			<row3>	0.4210 0.3431 -7.4319 1.0000	</row3>
		</transform>
	</node>
	<node>
		<identifier>	MP_BM020_Smoke_floats_INDEX_1	</identifier>
		<parent>	Scene Root	</parent>
		<transform>
			<row0>	0.8000 0.0000 0.0000 0.0000	</row0>
			<row1>	0.0000 0.8000 0.0000 0.0000	</row1>
			<row2>	0.0000 0.0000 0.8000 0.0000	</row2>
			<row3>	0.3942 0.3431 -7.4971 1.0000	</row3>
		</transform>
	</node>
	<node>
		<identifier>	MP_BM020_Smoke_floats_INDEX_2	</identifier>
		<parent>	Scene Root	</parent>
		<transform>
			<row0>	0.8000 0.0000 0.0000 0.0000	</row0>
			<row1>	0.0000 0.8000 0.0000 0.0000	</row1>
			<row2>	0.0000 0.0000 0.8000 0.0000	</row2>
			<row3>	-0.4074 0.3431 -7.4644 1.0000	</row3>
		</transform>
	</node>
	<node>
		<identifier>	MP_BM020_Smoke_floats_INDEX_3	</identifier>
		<parent>	Scene Root	</parent>
		<transform>
			<row0>	0.8000 0.0000 0.0000 0.0000	</row0>
			<row1>	0.0000 0.8000 0.0000 0.0000	</row1>
			<row2>	0.0000 0.0000 0.8000 0.0000	</row2>
			<row3>	-0.3942 0.3431 -7.4971 1.0000	</row3>
		</transform>
	</node>
	<node>
		<identifier>	MP_BM020_Smoke_floats_INDEX_4	</identifier>
		<parent>	Scene Root	</parent>
		<transform>
			<row0>	0.8000 0.0000 0.0000 0.0000	</row0>
			<row1>	0.0000 0.8000 0.0000 0.0000	</row1>
			<row2>	0.0000 0.0000 0.8000 0.0000	</row2>
			<row3>	-0.4210 0.3431 -7.4319 1.0000	</row3>
		</transform>
	</node>
	<node>
		<identifier>	MP_BM020_Smoke_floats_INDEX_5	</identifier>
		<parent>	Scene Root	</parent>
		<transform>
			<row0>	0.8000 0.0000 0.0000 0.0000	</row0>
			<row1>	0.0000 0.8000 0.0000 0.0000	</row1>
			<row2>	0.0000 0.0000 0.8000 0.0000	</row2>
			<row3>	0.4075 0.3431 -7.4646 1.0000	</row3>
		</transform>
	</node>
	<node>
		<identifier>	MP_BM527_Liferaft_type_20_8ft	</identifier>
		<parent>	Scene Root	</parent>
		<transform>
			<row0>	0.1281 0.0006 -0.9918 0.0000	</row0>
			<row1>	0.9274 0.3544 0.1200 0.0000	</row1>
			<row2>	0.3515 -0.9351 0.0448 0.0000	</row2>
			<row3>	-0.7947 0.6189 -6.2037 1.0000	</row3>
		</transform>
	</node>
	<node>
		<identifier>	MP_BM527_Liferaft_type_20_8ft_INDEX_1	</identifier>
		<parent>	Scene Root	</parent>
		<transform>
			<row0>	0.1281 0.0006 -0.9918 0.0000	</row0>
			<row1>	0.9274 0.3544 0.1200 0.0000	</row1>
			<row2>	0.3515 -0.9351 0.0448 0.0000	</row2>
			<row3>	-0.8208 0.6186 -6.2071 1.0000	</row3>
		</transform>
	</node>
	<node>
		<identifier>	MP_BM527_Liferaft_type_20_8ft_INDEX_2	</identifier>
		<parent>	Scene Root	</parent>
		<transform>
			<row0>	-0.1185 0.0033 0.9929 0.0000	</row0>
			<row1>	-0.9222 -0.3710 -0.1088 0.0000	</row1>
			<row2>	0.3681 -0.9286 0.0470 0.0000	</row2>
			<row3>	-0.7848 0.6242 -6.3675 1.0000	</row3>
		</transform>
	</node>
	<node>
		<identifier>	MP_BM527_Liferaft_type_20_8ft_INDEX_3	</identifier>
		<parent>	Scene Root	</parent>
		<transform>
			<row0>	0.1281 -0.0006 0.9918 0.0000	</row0>
			<row1>	-0.9274 0.3544 0.1200 0.0000	</row1>
			<row2>	-0.3515 -0.9351 0.0448 0.0000	</row2>
			<row3>	0.7947 0.6189 -6.2037 1.0000	</row3>
		</transform>
	</node>
	<node>
		<identifier>	MP_BM527_Liferaft_type_20_8ft_INDEX_4	</identifier>
		<parent>	Scene Root	</parent>
		<transform>
			<row0>	0.1281 -0.0006 0.9918 0.0000	</row0>
			<row1>	-0.9274 0.3544 0.1200 0.0000	</row1>
			<row2>	-0.3515 -0.9351 0.0448 0.0000	</row2>
			<row3>	0.8208 0.6186 -6.2071 1.0000	</row3>
		</transform>
	</node>
	<node>
		<identifier>	MP_BM527_Liferaft_type_20_8ft_INDEX_5	</identifier>
		<parent>	Scene Root	</parent>
		<transform>
			<row0>	-0.1185 -0.0033 -0.9929 0.0000	</row0>
			<row1>	0.9222 -0.3710 -0.1088 0.0000	</row1>
			<row2>	-0.3681 -0.9286 0.0470 0.0000	</row2>
			<row3>	0.7585 0.6242 -6.3644 1.0000	</row3>
		</transform>
	</node>
	<node>
		<identifier>	MP_BM527_Liferaft_type_20_8ft_INDEX_6	</identifier>
		<parent>	Scene Root	</parent>
		<transform>
			<row0>	-0.1185 0.0033 0.9929 0.0000	</row0>
			<row1>	-0.9222 -0.3710 -0.1088 0.0000	</row1>
			<row2>	0.3681 -0.9286 0.0470 0.0000	</row2>
			<row3>	-0.7585 0.6242 -6.3644 1.0000	</row3>
		</transform>
	</node>
	<node>
		<identifier>	MP_BM527_Liferaft_type_20_8ft_INDEX_7	</identifier>
		<parent>	Scene Root	</parent>
		<transform>
			<row0>	-0.1185 -0.0033 -0.9929 0.0000	</row0>
			<row1>	0.9222 -0.3710 -0.1088 0.0000	</row1>
			<row2>	-0.3681 -0.9286 0.0470 0.0000	</row2>
			<row3>	0.7848 0.6242 -6.3675 1.0000	</row3>
		</transform>
	</node>
	<node>
		<identifier>	MP_BM532_Denton_raft	</identifier>
		<parent>	Scene Root	</parent>
		<transform>
			<row0>	0.4698 0.0000 0.8828 0.0000	</row0>
			<row1>	0.0000 1.0000 0.0000 0.0000	</row1>
			<row2>	-0.8828 0.0000 0.4698 0.0000	</row2>
			<row3>	0.6264 0.7055 -7.8577 1.0000	</row3>
		</transform>
	</node>
	<node>
		<identifier>	MP_BM532_Denton_raft_INDEX_1	</identifier>
		<parent>	Scene Root	</parent>
		<transform>
			<row0>	1.0000 0.0000 0.0000 0.0000	</row0>
			<row1>	0.0000 0.0000 1.0000 0.0000	</row1>
			<row2>	0.0000 -1.0000 0.0000 0.0000	</row2>
			<row3>	-0.1067 0.5088 -7.1290 1.0000	</row3>
		</transform>
	</node>
	<node>
		<identifier>	MP_BM532_Denton_raft_INDEX_10	</identifier>
		<parent>	Scene Root	</parent>
		<transform>
			<row0>	1.0000 0.0000 0.0000 0.0000	</row0>
			<row1>	0.0000 0.0000 1.0000 0.0000	</row1>
			<row2>	0.0000 -1.0000 0.0000 0.0000	</row2>
			<row3>	0.0371 0.5238 -7.1290 1.0000	</row3>
		</transform>
	</node>
	<node>
		<identifier>	MP_BM532_Denton_raft_INDEX_11	</identifier>
		<parent>	Scene Root	</parent>
		<transform>
			<row0>	1.0000 0.0000 0.0000 0.0000	</row0>
			<row1>	0.0000 0.0000 1.0000 0.0000	</row1>
			<row2>	0.0000 -1.0000 0.0000 0.0000	</row2>
			<row3>	0.1067 0.5238 -7.1290 1.0000	</row3>
		</transform>
	</node>
	<node>
		<identifier>	MP_BM532_Denton_raft_INDEX_12	</identifier>
		<parent>	Scene Root	</parent>
		<transform>
			<row0>	0.4698 0.0000 -0.8828 0.0000	</row0>
			<row1>	0.0000 1.0000 0.0000 0.0000	</row1>
			<row2>	0.8828 0.0000 0.4698 0.0000	</row2>
			<row3>	-0.6264 0.7055 -7.8577 1.0000	</row3>
		</transform>
	</node>
	<node>
		<identifier>	MP_BM532_Denton_raft_INDEX_13	</identifier>
		<parent>	Scene Root	</parent>
		<transform>
			<row0>	1.0000 0.0000 0.0000 0.0000	</row0>
			<row1>	0.0000 0.0000 1.0000 0.0000	</row1>
			<row2>	0.0000 -1.0000 0.0000 0.0000	</row2>
			<row3>	-0.1067 0.5238 -7.2129 1.0000	</row3>
		</transform>
	</node>
	<node>
		<identifier>	MP_BM532_Denton_raft_INDEX_14	</identifier>
		<parent>	Scene Root	</parent>
		<transform>
			<row0>	0.4698 0.0000 -0.8828 0.0000	</row0>
			<row1>	0.0000 1.0000 0.0000 0.0000	</row1>
			<row2>	0.8828 0.0000 0.4698 0.0000	</row2>
			<row3>	-0.5394 0.7055 -8.0212 1.0000	</row3>
		</transform>
	</node>
	<node>
		<identifier>	MP_BM532_Denton_raft_INDEX_15	</identifier>
		<parent>	Scene Root	</parent>
		<transform>
			<row0>	0.4698 0.0000 -0.8828 0.0000	</row0>
			<row1>	0.0000 1.0000 0.0000 0.0000	</row1>
			<row2>	0.8828 0.0000 0.4698 0.0000	</row2>
			<row3>	-0.5683 0.7055 -7.9669 1.0000	</row3>
		</transform>
	</node>
	<node>
		<identifier>	MP_BM532_Denton_raft_INDEX_16	</identifier>
		<parent>	Scene Root	</parent>
		<transform>
			<row0>	0.4698 0.0000 0.8828 0.0000	</row0>
			<row1>	0.0000 1.0000 0.0000 0.0000	</row1>
			<row2>	-0.8828 0.0000 0.4698 0.0000	</row2>
			<row3>	0.5394 0.7055 -8.0212 1.0000	</row3>
		</transform>
	</node>
	<node>
		<identifier>	MP_BM532_Denton_raft_INDEX_17	</identifier>
		<parent>	Scene Root	</parent>
		<transform>
			<row0>	1.0000 0.0000 0.0000 0.0000	</row0>
			<row1>	0.0000 0.0000 1.0000 0.0000	</row1>
			<row2>	0.0000 -1.0000 0.0000 0.0000	</row2>
			<row3>	-0.1067 0.5088 -7.2129 1.0000	</row3>
		</transform>
	</node>
	<node>
		<identifier>	MP_BM532_Denton_raft_INDEX_18	</identifier>
		<parent>	Scene Root	</parent>
		<transform>
			<row0>	0.4698 0.0000 0.8828 0.0000	</row0>
			<row1>	0.0000 1.0000 0.0000 0.0000	</row1>
			<row2>	-0.8828 0.0000 0.4698 0.0000	</row2>
			<row3>	0.5683 0.7055 -7.9669 1.0000	</row3>
		</transform>
	</node>
	<node>
		<identifier>	MP_BM532_Denton_raft_INDEX_19	</identifier>
		<parent>	Scene Root	</parent>
		<transform>
			<row0>	1.0000 0.0000 0.0000 0.0000	</row0>
			<row1>	0.0000 0.0000 1.0000 0.0000	</row1>
			<row2>	0.0000 -1.0000 0.0000 0.0000	</row2>
			<row3>	-0.0371 0.5088 -7.1290 1.0000	</row3>
		</transform>
	</node>
	<node>
		<identifier>	MP_BM532_Denton_raft_INDEX_2	</identifier>
		<parent>	Scene Root	</parent>
		<transform>
			<row0>	1.0000 0.0000 0.0000 0.0000	</row0>
			<row1>	0.0000 0.0000 1.0000 0.0000	</row1>
			<row2>	0.0000 -1.0000 0.0000 0.0000	</row2>
			<row3>	0.1067 0.5088 -7.2129 1.0000	</row3>
		</transform>
	</node>
	<node>
		<identifier>	MP_BM532_Denton_raft_INDEX_3	</identifier>
		<parent>	Scene Root	</parent>
		<transform>
			<row0>	0.4698 0.0000 0.8828 0.0000	</row0>
			<row1>	0.0000 1.0000 0.0000 0.0000	</row1>
			<row2>	-0.8828 0.0000 0.4698 0.0000	</row2>
			<row3>	0.5975 0.7055 -7.9120 1.0000	</row3>
		</transform>
	</node>
	<node>
		<identifier>	MP_BM532_Denton_raft_INDEX_4	</identifier>
		<parent>	Scene Root	</parent>
		<transform>
			<row0>	1.0000 0.0000 0.0000 0.0000	</row0>
			<row1>	0.0000 0.0000 1.0000 0.0000	</row1>
			<row2>	0.0000 -1.0000 0.0000 0.0000	</row2>
			<row3>	0.1067 0.5238 -7.2129 1.0000	</row3>
		</transform>
	</node>
	<node>
		<identifier>	MP_BM532_Denton_raft_INDEX_5	</identifier>
		<parent>	Scene Root	</parent>
		<transform>
			<row0>	1.0000 0.0000 0.0000 0.0000	</row0>
			<row1>	0.0000 0.0000 1.0000 0.0000	</row1>
			<row2>	0.0000 -1.0000 0.0000 0.0000	</row2>
			<row3>	-0.0371 0.5238 -7.1290 1.0000	</row3>
		</transform>
	</node>
	<node>
		<identifier>	MP_BM532_Denton_raft_INDEX_6	</identifier>
		<parent>	Scene Root	</parent>
		<transform>
			<row0>	1.0000 0.0000 0.0000 0.0000	</row0>
			<row1>	0.0000 0.0000 1.0000 0.0000	</row1>
			<row2>	0.0000 -1.0000 0.0000 0.0000	</row2>
			<row3>	0.1067 0.5088 -7.1290 1.0000	</row3>
		</transform>
	</node>
	<node>
		<identifier>	MP_BM532_Denton_raft_INDEX_7	</identifier>
		<parent>	Scene Root	</parent>
		<transform>
			<row0>	1.0000 0.0000 0.0000 0.0000	</row0>
			<row1>	0.0000 0.0000 1.0000 0.0000	</row1>
			<row2>	0.0000 -1.0000 0.0000 0.0000	</row2>
			<row3>	0.0371 0.5088 -7.1290 1.0000	</row3>
		</transform>
	</node>
	<node>
		<identifier>	MP_BM532_Denton_raft_INDEX_8	</identifier>
		<parent>	Scene Root	</parent>
		<transform>
			<row0>	1.0000 0.0000 0.0000 0.0000	</row0>
			<row1>	0.0000 0.0000 1.0000 0.0000	</row1>
			<row2>	0.0000 -1.0000 0.0000 0.0000	</row2>
			<row3>	-0.1067 0.5238 -7.1290 1.0000	</row3>
		</transform>
	</node>
	<node>
		<identifier>	MP_BM532_Denton_raft_INDEX_9	</identifier>
		<parent>	Scene Root	</parent>
		<transform>
			<row0>	0.4698 0.0000 -0.8828 0.0000	</row0>
			<row1>	0.0000 1.0000 0.0000 0.0000	</row1>
			<row2>	0.8828 0.0000 0.4698 0.0000	</row2>
			<row3>	-0.5975 0.7055 -7.9120 1.0000	</row3>
		</transform>
	</node>
	<node>
		<identifier>	MP_BM542_Liferaft_type_20_8ft	</identifier>
		<parent>	Scene Root	</parent>
		<transform>
			<row0>	1.0000 0.0000 0.0000 0.0000	</row0>
			<row1>	0.0000 0.9281 0.3724 0.0000	</row1>
			<row2>	0.0000 -0.3724 0.9281 0.0000	</row2>
			<row3>	0.3877 0.6087 -8.1542 1.0000	</row3>
		</transform>
	</node>
	<node>
		<identifier>	MP_BM542_Liferaft_type_20_8ft_INDEX_1	</identifier>
		<parent>	Scene Root	</parent>
		<transform>
			<row0>	1.0000 0.0000 0.0000 0.0000	</row0>
			<row1>	0.0000 0.9281 0.3724 0.0000	</row1>
			<row2>	0.0000 -0.3724 0.9281 0.0000	</row2>
			<row3>	-0.2860 0.6087 -8.1542 1.0000	</row3>
		</transform>
	</node>
	<node>
		<identifier>	MP_BM542_Liferaft_type_20_8ft_INDEX_2	</identifier>
		<parent>	Scene Root	</parent>
		<transform>
			<row0>	1.0000 0.0000 0.0000 0.0000	</row0>
			<row1>	0.0000 0.9281 0.3724 0.0000	</row1>
			<row2>	0.0000 -0.3724 0.9281 0.0000	</row2>
			<row3>	0.1658 0.6087 -8.1542 1.0000	</row3>
		</transform>
	</node>
	<node>
		<identifier>	MP_BM542_Liferaft_type_20_8ft_INDEX_3	</identifier>
		<parent>	Scene Root	</parent>
		<transform>
			<row0>	1.0000 0.0000 0.0000 0.0000	</row0>
			<row1>	0.0000 0.9281 0.3724 0.0000	</row1>
			<row2>	0.0000 -0.3724 0.9281 0.0000	</row2>
			<row3>	-0.0637 0.6087 -8.1542 1.0000	</row3>
		</transform>
	</node>
	<node>
		<identifier>	MP_BM542_Liferaft_type_20_8ft_INDEX_4	</identifier>
		<parent>	Scene Root	</parent>
		<transform>
			<row0>	1.0000 0.0000 0.0000 0.0000	</row0>
			<row1>	0.0000 0.9281 0.3724 0.0000	</row1>
			<row2>	0.0000 -0.3724 0.9281 0.0000	</row2>
			<row3>	-0.1658 0.6087 -8.1542 1.0000	</row3>
		</transform>
	</node>
	<node>
		<identifier>	MP_BM542_Liferaft_type_20_8ft_INDEX_5	</identifier>
		<parent>	Scene Root	</parent>
		<transform>
			<row0>	1.0000 0.0000 0.0000 0.0000	</row0>
			<row1>	0.0000 0.9281 0.3724 0.0000	</row1>
			<row2>	0.0000 -0.3724 0.9281 0.0000	</row2>
			<row3>	0.0637 0.6087 -8.1542 1.0000	</row3>
		</transform>
	</node>
	<node>
		<identifier>	MP_BM542_Liferaft_type_20_8ft_INDEX_6	</identifier>
		<parent>	Scene Root	</parent>
		<transform>
			<row0>	1.0000 0.0000 0.0000 0.0000	</row0>
			<row1>	0.0000 0.9281 0.3724 0.0000	</row1>
			<row2>	0.0000 -0.3724 0.9281 0.0000	</row2>
			<row3>	0.2860 0.6087 -8.1542 1.0000	</row3>
		</transform>
	</node>
	<node>
		<identifier>	MP_BM542_Liferaft_type_20_8ft_INDEX_7	</identifier>
		<parent>	Scene Root	</parent>
		<transform>
			<row0>	1.0000 0.0000 0.0000 0.0000	</row0>
			<row1>	0.0000 0.9281 0.3724 0.0000	</row1>
			<row2>	0.0000 -0.3724 0.9281 0.0000	</row2>
			<row3>	-0.3877 0.6087 -8.1542 1.0000	</row3>
		</transform>
	</node>
	<node>
		<identifier>	MP_BM543_Denton_raft	</identifier>
		<parent>	Scene Root	</parent>
		<transform>
			<row0>	0.0000 0.0000 -1.0000 0.0000	</row0>
			<row1>	0.0000 1.0000 0.0000 0.0000	</row1>
			<row2>	1.0000 0.0000 0.0000 0.0000	</row2>
			<row3>	-1.0142 0.7208 -5.7159 1.0000	</row3>
		</transform>
	</node>
	<node>
		<identifier>	MP_BM543_Denton_raft_INDEX_1	</identifier>
		<parent>	Scene Root	</parent>
		<transform>
			<row0>	0.0000 0.0000 -1.0000 0.0000	</row0>
			<row1>	0.0000 1.0000 0.0000 0.0000	</row1>
			<row2>	1.0000 0.0000 0.0000 0.0000	</row2>
			<row3>	-1.0142 0.7208 -5.5205 1.0000	</row3>
		</transform>
	</node>
	<node>
		<identifier>	MP_BM543_Denton_raft_INDEX_2	</identifier>
		<parent>	Scene Root	</parent>
		<transform>
			<row0>	0.0000 0.0000 1.0000 0.0000	</row0>
			<row1>	0.0000 1.0000 0.0000 0.0000	</row1>
			<row2>	-1.0000 0.0000 0.0000 0.0000	</row2>
			<row3>	1.0142 0.7208 -5.1299 1.0000	</row3>
		</transform>
	</node>
	<node>
		<identifier>	MP_BM543_Denton_raft_INDEX_3	</identifier>
		<parent>	Scene Root	</parent>
		<transform>
			<row0>	0.0000 0.0000 1.0000 0.0000	</row0>
			<row1>	0.0000 1.0000 0.0000 0.0000	</row1>
			<row2>	-1.0000 0.0000 0.0000 0.0000	</row2>
			<row3>	1.0142 0.7208 -5.3264 1.0000	</row3>
		</transform>
	</node>
	<node>
		<identifier>	MP_BM543_Denton_raft_INDEX_4	</identifier>
		<parent>	Scene Root	</parent>
		<transform>
			<row0>	0.0000 0.0000 -1.0000 0.0000	</row0>
			<row1>	0.0000 1.0000 0.0000 0.0000	</row1>
			<row2>	1.0000 0.0000 0.0000 0.0000	</row2>
			<row3>	-1.0142 0.7208 -5.3264 1.0000	</row3>
		</transform>
	</node>
	<node>
		<identifier>	MP_BM543_Denton_raft_INDEX_5	</identifier>
		<parent>	Scene Root	</parent>
		<transform>
			<row0>	0.0000 0.0000 -1.0000 0.0000	</row0>
			<row1>	0.0000 1.0000 0.0000 0.0000	</row1>
			<row2>	1.0000 0.0000 0.0000 0.0000	</row2>
			<row3>	-1.0142 0.7208 -5.1299 1.0000	</row3>
		</transform>
	</node>
	<node>
		<identifier>	MP_BM543_Denton_raft_INDEX_6	</identifier>
		<parent>	Scene Root	</parent>
		<transform>
			<row0>	0.0000 0.0000 1.0000 0.0000	</row0>
			<row1>	0.0000 1.0000 0.0000 0.0000	</row1>
			<row2>	-1.0000 0.0000 0.0000 0.0000	</row2>
			<row3>	1.0142 0.7208 -5.7159 1.0000	</row3>
		</transform>
	</node>
	<node>
		<identifier>	MP_BM543_Denton_raft_INDEX_7	</identifier>
		<parent>	Scene Root	</parent>
		<transform>
			<row0>	0.0000 0.0000 1.0000 0.0000	</row0>
			<row1>	0.0000 1.0000 0.0000 0.0000	</row1>
			<row2>	-1.0000 0.0000 0.0000 0.0000	</row2>
			<row3>	1.0142 0.7208 -5.5205 1.0000	</row3>
		</transform>
	</node>
	<node>
		<identifier>	MP_BM611_Telephone	</identifier>
		<parent>	Scene Root	</parent>
		<transform>
			<row0>	1.0000 0.0000 0.0000 0.0000	</row0>
			<row1>	0.0000 1.0000 0.0000 0.0000	</row1>
			<row2>	0.0000 0.0000 1.0000 0.0000	</row2>
			<row3>	0.2236 0.4166 -6.5769 1.0000	</row3>
		</transform>
	</node>
	<node>
		<identifier>	MP_BM704_Locker	</identifier>
		<parent>	Scene Root	</parent>
		<transform>
			<row0>	0.8951 0.0000 -0.4459 0.0000	</row0>
			<row1>	0.0000 1.0000 0.0000 0.0000	</row1>
			<row2>	0.4459 0.0000 0.8951 0.0000	</row2>
			<row3>	-0.4207 0.6933 -7.9817 1.0000	</row3>
		</transform>
	</node>
	<node>
		<identifier>	MP_BM704_Locker_INDEX_1	</identifier>
		<parent>	Scene Root	</parent>
		<transform>
			<row0>	0.8951 0.0000 0.4459 0.0000	</row0>
			<row1>	0.0000 1.0000 0.0000 0.0000	</row1>
			<row2>	-0.4459 0.0000 0.8951 0.0000	</row2>
			<row3>	0.4207 0.6933 -7.9817 1.0000	</row3>
		</transform>
	</node>
	<node>
		<identifier>	MP_BM704_Locker_INDEX_10	</identifier>
		<parent>	Scene Root	</parent>
		<transform>
			<row0>	0.1873 0.0000 0.9823 0.0000	</row0>
			<row1>	0.0000 1.0000 0.0000 0.0000	</row1>
			<row2>	-0.9823 0.0000 0.1873 0.0000	</row2>
			<row3>	0.4771 0.3283 -6.9910 1.0000	</row3>
		</transform>
	</node>
	<node>
		<identifier>	MP_BM704_Locker_INDEX_11	</identifier>
		<parent>	Scene Root	</parent>
		<transform>
			<row0>	0.1873 0.0000 -0.9823 0.0000	</row0>
			<row1>	0.0000 1.0000 0.0000 0.0000	</row1>
			<row2>	0.9823 0.0000 0.1873 0.0000	</row2>
			<row3>	-0.4768 0.3283 -6.9914 1.0000	</row3>
		</transform>
	</node>
	<node>
		<identifier>	MP_BM704_Locker_INDEX_12	</identifier>
		<parent>	Scene Root	</parent>
		<transform>
			<row0>	1.0000 0.0000 0.0000 0.0000	</row0>
			<row1>	0.0000 1.0000 0.0000 0.0000	</row1>
			<row2>	0.0000 0.0000 1.0000 0.0000	</row2>
			<row3>	-0.2145 0.6933 -7.9900 1.0000	</row3>
		</transform>
	</node>
	<node>
		<identifier>	MP_BM704_Locker_INDEX_13	</identifier>
		<parent>	Scene Root	</parent>
		<transform>
			<row0>	0.0000 0.0000 -1.0000 0.0000	</row0>
			<row1>	0.0000 1.0000 0.0000 0.0000	</row1>
			<row2>	1.0000 0.0000 0.0000 0.0000	</row2>
			<row3>	-0.5656 0.7614 -7.4930 1.0000	</row3>
		</transform>
	</node>
	<node>
		<identifier>	MP_BM704_Locker_INDEX_14	</identifier>
		<parent>	Scene Root	</parent>
		<transform>
			<row0>	0.1873 0.0000 -0.9823 0.0000	</row0>
			<row1>	0.0000 1.0000 0.0000 0.0000	</row1>
			<row2>	0.9823 0.0000 0.1873 0.0000	</row2>
			<row3>	-0.4570 0.3283 -7.0886 1.0000	</row3>
		</transform>
	</node>
	<node>
		<identifier>	MP_BM704_Locker_INDEX_15	</identifier>
		<parent>	Scene Root	</parent>
		<transform>
			<row0>	0.0000 0.0000 1.0000 0.0000	</row0>
			<row1>	0.0000 1.0000 0.0000 0.0000	</row1>
			<row2>	-1.0000 0.0000 0.0000 0.0000	</row2>
			<row3>	0.5656 0.7614 -7.4930 1.0000	</row3>
		</transform>
	</node>
	<node>
		<identifier>	MP_BM704_Locker_INDEX_2	</identifier>
		<parent>	Scene Root	</parent>
		<transform>
			<row0>	0.0000 0.0000 1.0000 0.0000	</row0>
			<row1>	0.0000 1.0000 0.0000 0.0000	</row1>
			<row2>	-1.0000 0.0000 0.0000 0.0000	</row2>
			<row3>	0.5656 0.7614 -7.5419 1.0000	</row3>
		</transform>
	</node>
	<node>
		<identifier>	MP_BM704_Locker_INDEX_3	</identifier>
		<parent>	Scene Root	</parent>
		<transform>
			<row0>	0.1873 0.0000 0.9823 0.0000	</row0>
			<row1>	0.0000 1.0000 0.0000 0.0000	</row1>
			<row2>	-0.9823 0.0000 0.1873 0.0000	</row2>
			<row3>	0.4577 0.3283 -7.0887 1.0000	</row3>
		</transform>
	</node>
	<node>
		<identifier>	MP_BM704_Locker_INDEX_4	</identifier>
		<parent>	Scene Root	</parent>
		<transform>
			<row0>	1.0000 0.0000 0.0000 0.0000	</row0>
			<row1>	0.0000 1.0000 0.0000 0.0000	</row1>
			<row2>	0.0000 0.0000 1.0000 0.0000	</row2>
			<row3>	0.1582 0.6933 -7.9900 1.0000	</row3>
		</transform>
	</node>
	<node>
		<identifier>	MP_BM704_Locker_INDEX_5	</identifier>
		<parent>	Scene Root	</parent>
		<transform>
			<row0>	0.1873 0.0000 0.9823 0.0000	</row0>
			<row1>	0.0000 1.0000 0.0000 0.0000	</row1>
			<row2>	-0.9823 0.0000 0.1873 0.0000	</row2>
			<row3>	0.4915 0.3283 -6.9139 1.0000	</row3>
		</transform>
	</node>
	<node>
		<identifier>	MP_BM704_Locker_INDEX_6	</identifier>
		<parent>	Scene Root	</parent>
		<transform>
			<row0>	0.0000 0.0000 -1.0000 0.0000	</row0>
			<row1>	0.0000 1.0000 0.0000 0.0000	</row1>
			<row2>	1.0000 0.0000 0.0000 0.0000	</row2>
			<row3>	-0.5656 0.7614 -7.5419 1.0000	</row3>
		</transform>
	</node>
	<node>
		<identifier>	MP_BM704_Locker_INDEX_7	</identifier>
		<parent>	Scene Root	</parent>
		<transform>
			<row0>	1.0000 0.0000 0.0000 0.0000	</row0>
			<row1>	0.0000 1.0000 0.0000 0.0000	</row1>
			<row2>	0.0000 0.0000 1.0000 0.0000	</row2>
			<row3>	-0.1582 0.6933 -7.9900 1.0000	</row3>
		</transform>
	</node>
	<node>
		<identifier>	MP_BM704_Locker_INDEX_8	</identifier>
		<parent>	Scene Root	</parent>
		<transform>
			<row0>	0.1873 0.0000 -0.9823 0.0000	</row0>
			<row1>	0.0000 1.0000 0.0000 0.0000	</row1>
			<row2>	0.9823 0.0000 0.1873 0.0000	</row2>
			<row3>	-0.4908 0.3283 -6.9138 1.0000	</row3>
		</transform>
	</node>
	<node>
		<identifier>	MP_BM704_Locker_INDEX_9	</identifier>
		<parent>	Scene Root	</parent>
		<transform>
			<row0>	1.0000 0.0000 0.0000 0.0000	</row0>
			<row1>	0.0000 1.0000 0.0000 0.0000	</row1>
			<row2>	0.0000 0.0000 1.0000 0.0000	</row2>
			<row3>	0.2145 0.6933 -7.9900 1.0000	</row3>
		</transform>
	</node>
	<node>
		<identifier>	MP_BM754_Deck_Hatch	</identifier>
		<parent>	Scene Root	</parent>
		<transform>
			<row0>	-1.0000 0.0000 0.0000 0.0000	</row0>
			<row1>	0.0000 1.0000 0.0000 0.0000	</row1>
			<row2>	0.0000 0.0000 -1.0000 0.0000	</row2>
			<row3>	0.9736 0.8400 -4.9013 1.0000	</row3>
		</transform>
	</node>
	<node>
		<identifier>	MP_BM754_Deck_Hatch_INDEX_1	</identifier>
		<parent>	Scene Root	</parent>
		<transform>
			<row0>	1.0000 0.0000 0.0000 0.0000	</row0>
			<row1>	0.0000 1.0000 0.0000 0.0000	</row1>
			<row2>	0.0000 0.0000 1.0000 0.0000	</row2>
			<row3>	-0.9733 0.8400 -4.9013 1.0000	</row3>
		</transform>
	</node>
	<node>
		<identifier>	MP_BM760_Hatch	</identifier>
		<parent>	Scene Root	</parent>
		<transform>
			<row0>	0.0000 0.0000 -1.3000 0.0000	</row0>
			<row1>	0.0000 1.3000 0.0000 0.0000	</row1>
			<row2>	1.3000 0.0000 0.0000 0.0000	</row2>
			<row3>	0.0025 0.3262 -6.8140 1.0000	</row3>
		</transform>
	</node>
	<node>
		<identifier>	MP_BM857_Fog_Light	</identifier>
		<parent>	Scene Root	</parent>
		<transform>
			<row0>	-1.0000 0.0000 0.0000 0.0000	</row0>
			<row1>	0.0000 1.0000 0.0000 0.0000	</row1>
			<row2>	0.0000 0.0000 -1.0000 0.0000	</row2>
			<row3>	0.0921 0.7180 -8.1931 1.0000	</row3>
		</transform>
	</node>
	<node>
		<identifier>	MP_BM872_Running_Lights_B	</identifier>
		<parent>	Scene Root	</parent>
		<transform>
			<row0>	-1.0000 0.0000 0.0000 0.0000	</row0>
			<row1>	0.0000 1.0000 0.0000 0.0000	</row1>
			<row2>	0.0000 0.0000 -1.0000 0.0000	</row2>
			<row3>	-0.0417 0.7121 -8.2058 1.0000	</row3>
		</transform>
	</node>
	<node>
		<identifier>	MP_BM952_Bollard	</identifier>
		<parent>	Scene Root	</parent>
		<transform>
			<row0>	1.1000 0.0000 0.0000 0.0000	</row0>
			<row1>	0.0000 1.1000 0.0000 0.0000	</row1>
			<row2>	0.0000 0.0000 1.1000 0.0000	</row2>
			<row3>	-0.1441 0.3340 -7.0982 1.0000	</row3>
		</transform>
	</node>
	<node>
		<identifier>	MP_BM952_Bollard_INDEX_1	</identifier>
		<parent>	Scene Root	</parent>
		<transform>
			<row0>	1.1000 0.0000 0.0000 0.0000	</row0>
			<row1>	0.0000 1.1000 0.0000 0.0000	</row1>
			<row2>	0.0000 0.0000 1.1000 0.0000	</row2>
			<row3>	0.1441 0.3340 -7.0982 1.0000	</row3>
		</transform>
	</node>
	<node>
		<identifier>	MP_BM974_Winch_for_provisions_R	</identifier>
		<parent>	Scene Root	</parent>
		<transform>
			<row0>	-1.3000 0.0000 0.0000 0.0000	</row0>
			<row1>	0.0000 1.3000 0.0000 0.0000	</row1>
			<row2>	0.0000 0.0000 -1.3000 0.0000	</row2>
			<row3>	-0.4446 0.3275 -6.1352 1.0000	</row3>
		</transform>
	</node>
	<node>
		<identifier>	MP_BM975_Winch_for_provisions_L	</identifier>
		<parent>	Scene Root	</parent>
		<transform>
			<row0>	-1.3000 0.0000 0.0000 0.0000	</row0>
			<row1>	0.0000 1.3000 0.0000 0.0000	</row1>
			<row2>	0.0000 0.0000 -1.3000 0.0000	</row2>
			<row3>	-0.2144 0.3275 -6.8057 1.0000	</row3>
		</transform>
	</node>
	<node>
		<identifier>	MP_BM975_Winch_for_provisions_L_INDEX_1	</identifier>
		<parent>	Scene Root	</parent>
		<transform>
			<row0>	-1.3000 0.0000 0.0000 0.0000	</row0>
			<row1>	0.0000 1.3000 0.0000 0.0000	</row1>
			<row2>	0.0000 0.0000 -1.3000 0.0000	</row2>
			<row3>	0.4446 0.3275 -6.1352 1.0000	</row3>
		</transform>
	</node>
	<node>
		<identifier>	MP_CM001_Propeller3_L	</identifier>
		<parent>	Scene Root	</parent>
		<transform>
			<row0>	1.1507 0.0000 0.0000 0.0000	</row0>
			<row1>	0.0000 1.1503 -0.0313 0.0000	</row1>
			<row2>	0.0000 0.0408 1.4994 0.0000	</row2>
			<row3>	-0.4214 -0.4101 -5.4892 1.0000	</row3>
		</transform>
	</node>
	<node>
		<identifier>	MP_CM011_Fire_Fighting_Gear	</identifier>
		<parent>	Scene Root	</parent>
		<transform>
			<row0>	1.0000 0.0000 0.0000 0.0000	</row0>
			<row1>	0.0000 1.0000 0.0000 0.0000	</row1>
			<row2>	0.0000 0.0000 1.0000 0.0000	</row2>
			<row3>	0.3623 0.3302 -6.5916 1.0000	</row3>
		</transform>
	</node>
	<node>
		<identifier>	MP_CM011_Fire_Fighting_Gear_INDEX_1	</identifier>
		<parent>	Scene Root	</parent>
		<transform>
			<row0>	1.0000 0.0000 0.0000 0.0000	</row0>
			<row1>	0.0000 1.0000 0.0000 0.0000	</row1>
			<row2>	0.0000 0.0000 1.0000 0.0000	</row2>
			<row3>	-0.2492 0.3302 -6.5916 1.0000	</row3>
		</transform>
	</node>
	<node>
		<identifier>	MP_CM011_Fire_Fighting_Gear_INDEX_2	</identifier>
		<parent>	Scene Root	</parent>
		<transform>
			<row0>	0.5000 0.0000 0.8660 0.0000	</row0>
			<row1>	0.0000 1.0000 0.0000 0.0000	</row1>
			<row2>	-0.8660 0.0000 0.5000 0.0000	</row2>
			<row3>	0.8655 0.8408 -4.9899 1.0000	</row3>
		</transform>
	</node>
	<node>
		<identifier>	MP_CM011_Fire_Fighting_Gear_INDEX_3	</identifier>
		<parent>	Scene Root	</parent>
		<transform>
			<row0>	0.5000 0.0000 -0.8660 0.0000	</row0>
			<row1>	0.0000 1.0000 0.0000 0.0000	</row1>
			<row2>	0.8660 0.0000 0.5000 0.0000	</row2>
			<row3>	-0.8655 0.8408 -4.9899 1.0000	</row3>
		</transform>
	</node>
	<node>
		<identifier>	MP_CM013_Fire_Hose_Rack_2	</identifier>
		<parent>	Scene Root	</parent>
		<transform>
			<row0>	-0.8660 0.0000 0.5000 0.0000	</row0>
			<row1>	0.0000 1.0000 0.0000 0.0000	</row1>
			<row2>	-0.5000 0.0000 -0.8660 0.0000	</row2>
			<row3>	0.8456 0.8841 -5.0120 1.0000	</row3>
		</transform>
	</node>
	<node>
		<identifier>	MP_CM013_Fire_Hose_Rack_2_INDEX_1	</identifier>
		<parent>	Scene Root	</parent>
		<transform>
			<row0>	0.0000 0.0000 1.0000 0.0000	</row0>
			<row1>	0.0000 1.0000 0.0000 0.0000	</row1>
			<row2>	-1.0000 0.0000 0.0000 0.0000	</row2>
			<row3>	-0.2152 0.3840 -6.5770 1.0000	</row3>
		</transform>
	</node>
	<node>
		<identifier>	MP_CM013_Fire_Hose_Rack_2_INDEX_2	</identifier>
		<parent>	Scene Root	</parent>
		<transform>
			<row0>	0.8660 0.0000 0.5000 0.0000	</row0>
			<row1>	0.0000 1.0000 0.0000 0.0000	</row1>
			<row2>	-0.5000 0.0000 0.8660 0.0000	</row2>
			<row3>	-0.8463 0.8841 -5.0107 1.0000	</row3>
		</transform>
	</node>
	<node>
		<identifier>	MP_CM013_Fire_Hose_Rack_2_INDEX_3	</identifier>
		<parent>	Scene Root	</parent>
		<transform>
			<row0>	0.0000 0.0000 1.0000 0.0000	</row0>
			<row1>	0.0000 1.0000 0.0000 0.0000	</row1>
			<row2>	-1.0000 0.0000 0.0000 0.0000	</row2>
			<row3>	0.3626 0.3840 -6.5770 1.0000	</row3>
		</transform>
	</node>
	<node>
		<identifier>	MP_CM029_Emergency_Box	</identifier>
		<parent>	Scene Root	</parent>
		<transform>
			<row0>	0.0000 0.0000 1.0000 0.0000	</row0>
			<row1>	0.0000 1.0000 0.0000 0.0000	</row1>
			<row2>	-1.0000 0.0000 0.0000 0.0000	</row2>
			<row3>	0.5567 0.8296 -7.5193 1.0000	</row3>
		</transform>
	</node>
	<node>
		<identifier>	MP_CM029_Emergency_Box_INDEX_1	</identifier>
		<parent>	Scene Root	</parent>
		<transform>
			<row0>	0.0000 0.0000 -1.0000 0.0000	</row0>
			<row1>	0.0000 1.0000 0.0000 0.0000	</row1>
			<row2>	1.0000 0.0000 0.0000 0.0000	</row2>
			<row3>	-0.5567 0.8296 -7.5193 1.0000	</row3>
		</transform>
	</node>
	<node>
		<identifier>	MP_CM029_Emergency_Box_INDEX_2	</identifier>
		<parent>	Scene Root	</parent>
		<transform>
			<row0>	1.0000 0.0000 0.0000 0.0000	</row0>
			<row1>	0.0000 1.0000 0.0000 0.0000	</row1>
			<row2>	0.0000 0.0000 1.0000 0.0000	</row2>
			<row3>	0.1827 0.4096 -6.5820 1.0000	</row3>
		</transform>
	</node>
	<node>
		<identifier>	MP_CM029_Emergency_Box_INDEX_3	</identifier>
		<parent>	Scene Root	</parent>
		<transform>
			<row0>	0.8635 0.0000 -0.5044 0.0000	</row0>
			<row1>	0.0000 1.0000 0.0000 0.0000	</row1>
			<row2>	0.5044 0.0000 0.8635 0.0000	</row2>
			<row3>	0.6109 0.8004 -7.7647 1.0000	</row3>
		</transform>
	</node>
	<node>
		<identifier>	MP_CM029_Emergency_Box_INDEX_4	</identifier>
		<parent>	Scene Root	</parent>
		<transform>
			<row0>	0.8635 0.0000 0.5044 0.0000	</row0>
			<row1>	0.0000 1.0000 0.0000 0.0000	</row1>
			<row2>	-0.5044 0.0000 0.8635 0.0000	</row2>
			<row3>	-0.6109 0.8004 -7.7647 1.0000	</row3>
		</transform>
	</node>
	<node>
		<identifier>	MP_CM030_Swab_Rack_2	</identifier>
		<parent>	Scene Root	</parent>
		<transform>
			<row0>	-1.0000 0.0000 0.0000 0.0000	</row0>
			<row1>	0.0000 1.0000 0.0000 0.0000	</row1>
			<row2>	0.0000 0.0000 -1.0000 0.0000	</row2>
			<row3>	-0.3632 0.3283 -6.5765 1.0000	</row3>
		</transform>
	</node>
	<node>
		<identifier>	MP_CM032_Propeller3_R	</identifier>
		<parent>	Scene Root	</parent>
		<transform>
			<row0>	1.1507 0.0000 0.0000 0.0000	</row0>
			<row1>	0.0000 1.1503 -0.0313 0.0000	</row1>
			<row2>	0.0000 0.0408 1.4994 0.0000	</row2>
			<row3>	0.0000 -0.4308 -6.3695 1.0000	</row3>
		</transform>
	</node>
	<node>
		<identifier>	MP_CM032_Propeller3_R_INDEX_1	</identifier>
		<parent>	Scene Root	</parent>
		<transform>
			<row0>	1.1507 0.0000 0.0000 0.0000	</row0>
			<row1>	0.0000 1.1503 -0.0313 0.0000	</row1>
			<row2>	0.0000 0.0408 1.4994 0.0000	</row2>
			<row3>	0.4214 -0.4101 -5.4892 1.0000	</row3>
		</transform>
	</node>
	<node>
		<identifier>	MP_CM043_Accommodation_Ladder	</identifier>
		<parent>	Scene Root	</parent>
		<transform>
			<row0>	-1.0000 0.0000 0.0000 0.0000	</row0>
			<row1>	0.0000 1.0000 0.0000 0.0000	</row1>
			<row2>	0.0000 0.0000 -1.0000 0.0000	</row2>
			<row3>	-0.3906 0.3655 -6.5428 1.0000	</row3>
		</transform>
	</node>
	<node>
		<identifier>	MP_CM043_Accommodation_Ladder_INDEX_1	</identifier>
		<parent>	Scene Root	</parent>
		<transform>
			<row0>	1.0000 0.0000 0.0000 0.0000	</row0>
			<row1>	0.0000 -1.0000 0.0000 0.0000	</row1>
			<row2>	0.0000 0.0000 -1.0000 0.0000	</row2>
			<row3>	0.3906 0.4411 -6.5428 1.0000	</row3>
		</transform>
	</node>
	<node>
		<identifier>	MP_CM056_Ships_bell	</identifier>
		<parent>	Scene Root	</parent>
		<transform>
			<row0>	1.0000 0.0000 0.0000 0.0000	</row0>
			<row1>	0.0000 1.0000 0.0000 0.0000	</row1>
			<row2>	0.0000 0.0000 1.0000 0.0000	</row2>
			<row3>	0.0000 0.5282 -6.9652 1.0000	</row3>
		</transform>
	</node>
	<node>
		<identifier>	MP_CM086_Anchor_top	</identifier>
		<parent>	Scene Root	</parent>
		<transform>
			<row0>	0.0000 0.0000 1.4000 0.0000	</row0>
			<row1>	1.3962 -0.1030 0.0000 0.0000	</row1>
			<row2>	0.1030 1.3962 0.0000 0.0000	</row2>
			<row3>	-0.0803 0.3513 -7.6571 1.0000	</row3>
		</transform>
	</node>
	<node>
		<identifier>	MP_CM087_Anchor_down	</identifier>
		<parent>	Scene Root	</parent>
		<transform>
			<row0>	0.0000 0.0000 1.4000 0.0000	</row0>
			<row1>	1.3568 -0.3450 0.0000 0.0000	</row1>
			<row2>	0.3450 1.3568 0.0000 0.0000	</row2>
			<row3>	-0.0803 0.3513 -7.6571 1.0000	</row3>
		</transform>
	</node>
	<node>
		<identifier>	MP_CM126_Cleat	</identifier>
		<parent>	Scene Root	</parent>
		<transform>
			<row0>	1.0000 0.0000 0.0000 0.0000	</row0>
			<row1>	0.0000 0.0000 1.0000 0.0000	</row1>
			<row2>	0.0000 -1.0000 0.0000 0.0000	</row2>
			<row3>	0.1659 0.7554 -8.1905 1.0000	</row3>
		</transform>
	</node>
	<node>
		<identifier>	MP_CM126_Cleat_INDEX_1	</identifier>
		<parent>	Scene Root	</parent>
		<transform>
			<row0>	1.0000 0.0000 0.0000 0.0000	</row0>
			<row1>	0.0000 0.0000 1.0000 0.0000	</row1>
			<row2>	0.0000 -1.0000 0.0000 0.0000	</row2>
			<row3>	-0.3877 0.7554 -8.1905 1.0000	</row3>
		</transform>
	</node>
	<node>
		<identifier>	MP_CM126_Cleat_INDEX_2	</identifier>
		<parent>	Scene Root	</parent>
		<transform>
			<row0>	1.0000 0.0000 0.0000 0.0000	</row0>
			<row1>	0.0000 0.0000 1.0000 0.0000	</row1>
			<row2>	0.0000 -1.0000 0.0000 0.0000	</row2>
			<row3>	0.2858 0.7554 -8.1905 1.0000	</row3>
		</transform>
	</node>
	<node>
		<identifier>	MP_CM126_Cleat_INDEX_3	</identifier>
		<parent>	Scene Root	</parent>
		<transform>
			<row0>	1.0000 0.0000 0.0000 0.0000	</row0>
			<row1>	0.0000 0.0000 1.0000 0.0000	</row1>
			<row2>	0.0000 -1.0000 0.0000 0.0000	</row2>
			<row3>	-0.6370 0.3781 -6.2478 1.0000	</row3>
		</transform>
	</node>
	<node>
		<identifier>	MP_CM126_Cleat_INDEX_4	</identifier>
		<parent>	Scene Root	</parent>
		<transform>
			<row0>	1.0000 0.0000 0.0000 0.0000	</row0>
			<row1>	0.0000 0.0000 1.0000 0.0000	</row1>
			<row2>	0.0000 -1.0000 0.0000 0.0000	</row2>
			<row3>	-0.0637 0.7554 -8.1905 1.0000	</row3>
		</transform>
	</node>
	<node>
		<identifier>	MP_CM126_Cleat_INDEX_5	</identifier>
		<parent>	Scene Root	</parent>
		<transform>
			<row0>	1.0000 0.0000 0.0000 0.0000	</row0>
			<row1>	0.0000 0.0000 1.0000 0.0000	</row1>
			<row2>	0.0000 -1.0000 0.0000 0.0000	</row2>
			<row3>	0.6369 0.3781 -6.2478 1.0000	</row3>
		</transform>
	</node>
	<node>
		<identifier>	MP_CM126_Cleat_INDEX_6	</identifier>
		<parent>	Scene Root	</parent>
		<transform>
			<row0>	1.0000 0.0000 0.0000 0.0000	</row0>
			<row1>	0.0000 0.0000 1.0000 0.0000	</row1>
			<row2>	0.0000 -1.0000 0.0000 0.0000	</row2>
			<row3>	-0.1659 0.7554 -8.1905 1.0000	</row3>
		</transform>
	</node>
	<node>
		<identifier>	MP_CM126_Cleat_INDEX_7	</identifier>
		<parent>	Scene Root	</parent>
		<transform>
			<row0>	1.0000 0.0000 0.0000 0.0000	</row0>
			<row1>	0.0000 0.0000 1.0000 0.0000	</row1>
			<row2>	0.0000 -1.0000 0.0000 0.0000	</row2>
			<row3>	0.0637 0.7554 -8.1905 1.0000	</row3>
		</transform>
	</node>
	<node>
		<identifier>	MP_CM126_Cleat_INDEX_8	</identifier>
		<parent>	Scene Root	</parent>
		<transform>
			<row0>	1.0000 0.0000 0.0000 0.0000	</row0>
			<row1>	0.0000 0.0000 1.0000 0.0000	</row1>
			<row2>	0.0000 -1.0000 0.0000 0.0000	</row2>
			<row3>	0.3877 0.7554 -8.1905 1.0000	</row3>
		</transform>
	</node>
	<node>
		<identifier>	MP_CM126_Cleat_INDEX_9	</identifier>
		<parent>	Scene Root	</parent>
		<transform>
			<row0>	1.0000 0.0000 0.0000 0.0000	</row0>
			<row1>	0.0000 0.0000 1.0000 0.0000	</row1>
			<row2>	0.0000 -1.0000 0.0000 0.0000	</row2>
			<row3>	-0.2858 0.7554 -8.1905 1.0000	</row3>
		</transform>
	</node>
	<node>
		<identifier>	SP_YMS011_YHWL_M_1_INDEX_1	</identifier>
		<parent>	Scene Root	</parent>
		<transform>
			<row0>	0.8694 0.4692 0.1549 0.0000	</row0>
			<row1>	-0.4619 0.8831 -0.0823 0.0000	</row1>
			<row2>	-0.1754 0.0000 0.9845 0.0000	</row2>
			<row3>	-0.6689 0.0000 -4.9981 1.0000	</row3>
		</transform>
	</node>
	<node>
		<identifier>	SP_YMS011_YHWL_M_1_INDEX_13	</identifier>
		<parent>	Scene Root	</parent>
		<transform>
			<row0>	0.7862 0.5971 0.1590 0.0000	</row0>
			<row1>	-0.5874 0.8021 -0.1075 0.0000	</row1>
			<row2>	-0.1918 -0.0089 0.9814 0.0000	</row2>
			<row3>	-0.5198 0.0000 -5.8161 1.0000	</row3>
		</transform>
	</node>
	<node>
		<identifier>	SP_YMS011_YHWL_M_1_INDEX_14	</identifier>
		<parent>	Scene Root	</parent>
		<transform>
			<row0>	0.7862 0.5971 0.1590 0.0000	</row0>
			<row1>	-0.5874 0.8021 -0.1075 0.0000	</row1>
			<row2>	-0.1918 -0.0089 0.9814 0.0000	</row2>
			<row3>	-0.3691 0.0000 -6.6398 1.0000	</row3>
		</transform>
	</node>
	<node>
		<identifier>	SP_YMS012_YHWR_M_1_INDEX_13	</identifier>
		<parent>	Scene Root	</parent>
		<transform>
			<row0>	0.8694 -0.4692 -0.1549 0.0000	</row0>
			<row1>	0.4619 0.8831 -0.0823 0.0000	</row1>
			<row2>	0.1754 0.0000 0.9845 0.0000	</row2>
			<row3>	0.6689 0.0000 -4.9981 1.0000	</row3>
		</transform>
	</node>
	<node>
		<identifier>	SP_YMS012_YHWR_M_1_INDEX_4	</identifier>
		<parent>	Scene Root	</parent>
		<transform>
			<row0>	0.7862 -0.5971 -0.1590 0.0000	</row0>
			<row1>	0.5874 0.8021 -0.1075 0.0000	</row1>
			<row2>	0.1918 -0.0089 0.9814 0.0000	</row2>
			<row3>	0.3691 0.0000 -6.6398 1.0000	</row3>
		</transform>
	</node>
	<node>
		<identifier>	SP_YMS012_YHWR_M_1_INDEX_8	</identifier>
		<parent>	Scene Root	</parent>
		<transform>
			<row0>	0.7862 -0.5971 -0.1590 0.0000	</row0>
			<row1>	0.5874 0.8021 -0.1075 0.0000	</row1>
			<row2>	0.1918 -0.0089 0.9814 0.0000	</row2>
			<row3>	0.5198 0.0000 -5.8161 1.0000	</row3>
		</transform>
	</node>
	<node>
		<identifier>	SP_YMS023_YHUC_L_1	</identifier>
		<parent>	Scene Root	</parent>
		<transform>
			<row0>	0.7000 0.0000 0.0000 0.0000	</row0>
			<row1>	0.0000 0.6997 -0.0190 0.0000	</row1>
			<row2>	0.0000 0.0190 0.6997 0.0000	</row2>
			<row3>	0.4214 -0.4101 -5.5722 1.0000	</row3>
		</transform>
	</node>
	<node>
		<identifier>	SP_YMS023_YHUC_L_1_INDEX_1	</identifier>
		<parent>	Scene Root	</parent>
		<transform>
			<row0>	0.5000 0.0000 0.0000 0.0000	</row0>
			<row1>	0.0000 0.4998 -0.0136 0.0000	</row1>
			<row2>	0.0000 0.0136 0.4998 0.0000	</row2>
			<row3>	0.0000 -0.4308 -6.4591 1.0000	</row3>
		</transform>
	</node>
	<node>
		<identifier>	SP_YMS023_YHUC_L_1_INDEX_2	</identifier>
		<parent>	Scene Root	</parent>
		<transform>
			<row0>	0.7000 0.0000 0.0000 0.0000	</row0>
			<row1>	0.0000 0.6997 -0.0190 0.0000	</row1>
			<row2>	0.0000 0.0190 0.6997 0.0000	</row2>
			<row3>	-0.4214 -0.4101 -5.5722 1.0000	</row3>
		</transform>
	</node>
	<node>
		<identifier>	SP_YMS030_YHAM_M_1	</identifier>
		<parent>	Scene Root	</parent>
		<transform>
			<row0>	1.0000 0.0000 0.0000 0.0000	</row0>
			<row1>	0.0000 1.0000 0.0000 0.0000	</row1>
			<row2>	0.0000 0.0000 1.0000 0.0000	</row2>
			<row3>	0.0000 0.3284 -7.8140 1.0000	</row3>
		</transform>
	</node>
	<node>
		<identifier>	SP_YMS031_YHAL_M_1	</identifier>
		<parent>	Scene Root	</parent>
		<transform>
			<row0>	0.7363 0.1680 0.1849 0.0000	</row0>
			<row1>	-0.1760 0.7572 0.0129 0.0000	</row1>
			<row2>	-0.1772 -0.0541 0.7551 0.0000	</row2>
			<row3>	-0.3356 0.1105 -7.4210 1.0000	</row3>
		</transform>
	</node>
	<node>
