<ASB046_Florida_1945_Bow.skel_ext>
	<exported>	true	</exported>
	<node>
		<identifier>	MP_AM024_Hatch_2	</identifier>
		<parent>	Scene Root	</parent>
		<transform>
			<row0>	1.0000 0.0000 0.0000 0.0000	</row0>
			<row1>	0.0000 1.0000 0.0000 0.0000	</row1>
			<row2>	0.0000 0.0000 1.0000 0.0000	</row2>
			<row3>	-0.0329 0.4934 6.3924 1.0000	</row3>
		</transform>
	</node>
	<node>
		<identifier>	MP_AM024_Hatch_2_INDEX_1	</identifier>
		<parent>	Scene Root	</parent>
		<transform>
			<row0>	1.0000 0.0000 0.0000 0.0000	</row0>
			<row1>	0.0000 1.0000 0.0000 0.0000	</row1>
			<row2>	0.0000 0.0000 1.0000 0.0000	</row2>
			<row3>	0.1436 0.4317 5.1881 1.0000	</row3>
		</transform>
	</node>
	<node>
		<identifier>	MP_AM049_Signal_Lamp_1	</identifier>
		<parent>	Scene Root	</parent>
		<transform>
			<row0>	1.1391 0.0000 0.0000 0.0000	</row0>
			<row1>	0.0000 1.1391 0.0000 0.0000	</row1>
			<row2>	0.0000 0.0000 1.1391 0.0000	</row2>
			<row3>	0.0000 1.1435 7.4083 1.0000	</row3>
		</transform>
	</node>
	<node>
		<identifier>	MP_AM088_Capstan_1	</identifier>
		<parent>	Scene Root	</parent>
		<transform>
			<row0>	1.0000 0.0000 0.0000 0.0000	</row0>
			<row1>	0.0000 0.9989 -0.0479 0.0000	</row1>
			<row2>	0.0000 0.0479 0.9989 0.0000	</row2>
			<row3>	-0.3344 0.4200 4.8589 1.0000	</row3>
		</transform>
	</node>
	<node>
		<identifier>	MP_AM088_Capstan_1_INDEX_1	</identifier>
		<parent>	Scene Root	</parent>
		<transform>
			<row0>	1.0000 0.0000 0.0000 0.0000	</row0>
			<row1>	0.0000 0.9989 -0.0479 0.0000	</row1>
			<row2>	0.0000 0.0479 0.9989 0.0000	</row2>
			<row3>	0.3344 0.4200 4.8589 1.0000	</row3>
		</transform>
	</node>
	<node>
		<identifier>	MP_AM129_Turtles_box	</identifier>
		<parent>	Scene Root	</parent>
		<transform>
			<row0>	-0.9636 0.0000 0.2673 0.0000	</row0>
			<row1>	-0.0151 0.9984 -0.0543 0.0000	</row1>
			<row2>	-0.2669 -0.0564 -0.9621 0.0000	</row2>
			<row3>	-0.4033 0.4410 5.0390 1.0000	</row3>
		</transform>
	</node>
	<node>
		<identifier>	MP_AM129_Turtles_box_INDEX_1	</identifier>
		<parent>	Scene Root	</parent>
		<transform>
			<row0>	-0.9636 0.0000 -0.2673 0.0000	</row0>
			<row1>	0.0151 0.9984 -0.0543 0.0000	</row1>
			<row2>	0.2669 -0.0564 -0.9621 0.0000	</row2>
			<row3>	0.4033 0.4410 5.0390 1.0000	</row3>
		</transform>
	</node>
	<node>
		<identifier>	MP_AM148_Hatch_8	</identifier>
		<parent>	Scene Root	</parent>
		<transform>
			<row0>	1.0000 0.0000 0.0000 0.0000	</row0>
			<row1>	0.0000 1.0000 0.0000 0.0000	</row1>
			<row2>	0.0000 0.0000 1.0000 0.0000	</row2>
			<row3>	-0.0351 0.5170 6.4887 1.0000	</row3>
		</transform>
	</node>
	<node>
		<identifier>	MP_AM148_Hatch_8_INDEX_1	</identifier>
		<parent>	Scene Root	</parent>
		<transform>
			<row0>	1.0000 0.0000 0.0000 0.0000	</row0>
			<row1>	0.0000 1.0000 0.0000 0.0000	</row1>
			<row2>	0.0000 0.0000 1.0000 0.0000	</row2>
			<row3>	0.0391 0.5418 6.8971 1.0000	</row3>
		</transform>
	</node>
	<node>
		<identifier>	MP_AM161_Anchor_top	</identifier>
		<parent>	Scene Root	</parent>
		<transform>
			<row0>	0.7614 -0.2643 0.5919 0.0000	</row0>
			<row1>	0.5902 0.6602 -0.4645 0.0000	</row1>
			<row2>	-0.2680 0.7031 0.6587 0.0000	</row2>
			<row3>	-0.3260 0.3523 6.7017 1.0000	</row3>
		</transform>
	</node>
	<node>
		<identifier>	MP_AM161_Anchor_top_INDEX_1	</identifier>
		<parent>	Scene Root	</parent>
		<transform>
			<row0>	0.7614 0.2643 -0.5919 0.0000	</row0>
			<row1>	-0.5902 0.6602 -0.4645 0.0000	</row1>
			<row2>	0.2680 0.7031 0.6587 0.0000	</row2>
			<row3>	0.3256 0.3527 6.7014 1.0000	</row3>
		</transform>
	</node>
	<node>
		<identifier>	MP_AM162_Anchor_down	</identifier>
		<parent>	Scene Root	</parent>
		<transform>
			<row0>	0.9610 -0.2437 -0.1309 0.0000	</row0>
			<row1>	0.0685 0.6680 -0.7410 0.0000	</row1>
			<row2>	0.2680 0.7031 0.6587 0.0000	</row2>
			<row3>	0.3210 0.3578 6.6978 1.0000	</row3>
		</transform>
	</node>
	<node>
		<identifier>	MP_AM162_Anchor_down_INDEX_1	</identifier>
		<parent>	Scene Root	</parent>
		<transform>
			<row0>	0.9610 0.2437 0.1309 0.0000	</row0>
			<row1>	-0.0685 0.6680 -0.7410 0.0000	</row1>
			<row2>	-0.2680 0.7031 0.6587 0.0000	</row2>
			<row3>	-0.3210 0.3578 6.6978 1.0000	</row3>
		</transform>
	</node>
	<node>
		<identifier>	MP_AM303_Hatch	</identifier>
		<parent>	Scene Root	</parent>
		<transform>
			<row0>	1.0000 0.0000 0.0000 0.0000	</row0>
			<row1>	0.0000 1.0000 0.0000 0.0000	</row1>
			<row2>	0.0000 0.0000 1.0000 0.0000	</row2>
			<row3>	-0.4264 0.4053 4.6567 1.0000	</row3>
		</transform>
	</node>
	<node>
		<identifier>	MP_AM303_Hatch_INDEX_1	</identifier>
		<parent>	Scene Root	</parent>
		<transform>
			<row0>	1.0000 0.0000 0.0000 0.0000	</row0>
			<row1>	0.0000 1.0000 0.0000 0.0000	</row1>
			<row2>	0.0000 0.0000 1.0000 0.0000	</row2>
			<row3>	0.4264 0.4053 4.6567 1.0000	</row3>
		</transform>
	</node>
</ASB046_Florida_1945_Bow.skel_ext>
