<RSS007_S_1_1937_Stern_ep.skel_ext>
	<exported>	false	</exported>
	<node>
		<identifier>	EP_Death_3	</identifier>
		<parent>	Scene Root	</parent>
		<transform>
			<row0>	1.0000 0.0000 0.0000 0.0000	</row0>
			<row1>	0.0000 1.0000 0.0000 0.0000	</row1>
			<row2>	0.0000 0.0000 1.0000 0.0000	</row2>
			<row3>	0.0000 0.0000 -1.4253 1.0000	</row3>
		</transform>
	</node>
	<node>
		<identifier>	EP_Flood_steam_2	</identifier>
		<parent>	Scene Root	</parent>
		<transform>
			<row0>	0.5767 0.8169 0.0000 0.0000	</row0>
			<row1>	-0.8169 0.5767 0.0000 0.0000	</row1>
			<row2>	0.0000 0.0000 1.0000 0.0000	</row2>
			<row3>	-0.1125 0.0810 -1.3011 1.0000	</row3>
		</transform>
	</node>
	<node>
		<identifier>	EP_Flood_water_left	</identifier>
		<parent>	Scene Root	</parent>
		<transform>
			<row0>	-0.9795 -0.2015 0.0000 0.0000	</row0>
			<row1>	-0.2015 0.9795 0.0000 0.0000	</row1>
			<row2>	0.0000 0.0000 -1.0000 0.0000	</row2>
			<row3>	-0.0616 0.0596 -2.1656 1.0000	</row3>
		</transform>
	</node>
	<node>
		<identifier>	EP_Oil	</identifier>
		<parent>	Scene Root	</parent>
		<transform>
			<row0>	0.8046 -0.5938 0.0000 0.0000	</row0>
			<row1>	0.5938 0.8046 0.0000 0.0000	</row1>
			<row2>	0.0000 0.0000 1.0000 0.0000	</row2>
			<row3>	0.0596 0.0584 -2.1656 1.0000	</row3>
		</transform>
	</node>
	<node>
		<identifier>	EP_Runoff_deluge_left_11	</identifier>
		<parent>	Scene Root	</parent>
		<transform>
			<row0>	-0.9983 0.0000 -0.0579 0.0000	</row0>
			<row1>	0.0000 1.0000 0.0000 0.0000	</row1>
			<row2>	0.0579 0.0000 -0.9983 0.0000	</row2>
			<row3>	-0.1434 0.0382 -1.2682 1.0000	</row3>
		</transform>
	</node>
	<node>
		<identifier>	EP_Runoff_deluge_left_12	</identifier>
		<parent>	Scene Root	</parent>
		<transform>
			<row0>	-0.9969 0.0000 -0.0790 0.0000	</row0>
			<row1>	0.0000 1.0000 0.0000 0.0000	</row1>
			<row2>	0.0790 0.0000 -0.9969 0.0000	</row2>
			<row3>	-0.1094 0.0368 -1.7683 1.0000	</row3>
		</transform>
	</node>
	<node>
		<identifier>	EP_Runoff_deluge_right_11	</identifier>
		<parent>	Scene Root	</parent>
		<transform>
			<row0>	0.9983 0.0000 -0.0581 0.0000	</row0>
			<row1>	0.0000 1.0000 0.0000 0.0000	</row1>
			<row2>	0.0581 0.0000 0.9983 0.0000	</row2>
			<row3>	0.1439 0.0380 -1.2684 1.0000	</row3>
		</transform>
	</node>
	<node>
		<identifier>	EP_Runoff_deluge_right_12	</identifier>
		<parent>	Scene Root	</parent>
		<transform>
			<row0>	0.9969 0.0000 -0.0790 0.0000	</row0>
			<row1>	0.0000 1.0000 0.0000 0.0000	</row1>
			<row2>	0.0790 0.0000 0.9969 0.0000	</row2>
			<row3>	0.1089 0.0370 -1.7681 1.0000	</row3>
		</transform>
	</node>
	<node>
		<identifier>	EP_Smoke	</identifier>
		<parent>	Scene Root	</parent>
		<transform>
			<row0>	0.0000 -1.0000 0.0000 0.0000	</row0>
			<row1>	1.0000 0.0000 0.0000 0.0000	</row1>
			<row2>	0.0000 0.0000 1.0000 0.0000	</row2>
			<row3>	0.1079 0.0890 -1.1764 1.0000	</row3>
		</transform>
	</node>
	<node>
		<identifier>	EP_Smoke_1	</identifier>
		<parent>	Scene Root	</parent>
		<transform>
			<row0>	0.0000 1.0000 0.0000 0.0000	</row0>
			<row1>	-1.0000 0.0000 0.0000 0.0000	</row1>
			<row2>	0.0000 0.0000 1.0000 0.0000	</row2>
			<row3>	-0.1079 0.0890 -1.1754 1.0000	</row3>
		</transform>
	</node>
	<node>
		<identifier>	EP_WakeTraceBack	</identifier>
		<parent>	Scene Root	</parent>
		<transform>
			<row0>	1.0000 0.0000 0.0000 0.0000	</row0>
			<row1>	0.0000 1.0000 0.0000 0.0000	</row1>
			<row2>	0.0000 0.0000 1.0000 0.0000	</row2>
			<row3>	0.0000 0.0000 -2.5437 1.0000	</row3>
		</transform>
	</node>
	<node>
		<identifier>	EP_WakeTrace_screw_1	</identifier>
		<parent>	Scene Root	</parent>
		<transform>
			<row0>	1.0000 0.0000 0.0000 0.0000	</row0>
			<row1>	0.0000 1.0000 0.0000 0.0000	</row1>
			<row2>	0.0000 0.0000 1.0000 0.0000	</row2>
			<row3>	-0.0760 -0.1540 -1.9908 1.0000	</row3>
		</transform>
	</node>
	<node>
		<identifier>	EP_WakeTrace_screw_2	</identifier>
		<parent>	Scene Root	</parent>
		<transform>
			<row0>	1.0000 0.0000 0.0000 0.0000	</row0>
			<row1>	0.0000 1.0000 0.0000 0.0000	</row1>
			<row2>	0.0000 0.0000 1.0000 0.0000	</row2>
			<row3>	0.0760 -0.1540 -1.9908 1.0000	</row3>
		</transform>
	</node>
</RSS007_S_1_1937_Stern_ep.skel_ext>
