<SSC301_Almirante_Oquendo_1947_Stern_ep.skel_ext>
	<exported>	false	</exported>
	<node>
		<identifier>	EP_Fire_4	</identifier>
		<parent>	Scene Root	</parent>
		<transform>
			<row0>	1.0000 0.0000 0.0000 0.0000	</row0>
			<row1>	0.0000 1.0000 0.0000 0.0000	</row1>
			<row2>	0.0000 0.0000 1.0000 0.0000	</row2>
			<row3>	0.0000 0.3724 -5.9419 1.0000	</row3>
		</transform>
	</node>
	<node>
		<identifier>	EP_Flood_water_left_2	</identifier>
		<parent>	Scene Root	</parent>
		<transform>
			<row0>	-0.9888 0.0000 -0.1489 0.0000	</row0>
			<row1>	0.0000 1.0000 0.0000 0.0000	</row1>
			<row2>	0.1489 0.0000 -0.9888 0.0000	</row2>
			<row3>	-0.5382 -0.0825 -4.7617 1.0000	</row3>
		</transform>
	</node>
	<node>
		<identifier>	EP_RepairLight_left_2	</identifier>
		<parent>	Scene Root	</parent>
		<transform>
			<row0>	-0.0547 0.0000 0.9985 0.0000	</row0>
			<row1>	-0.0488 0.9988 -0.0027 0.0000	</row1>
			<row2>	-0.9973 -0.0489 -0.0547 0.0000	</row2>
			<row3>	-0.4185 0.3956 -6.1536 1.0000	</row3>
		</transform>
	</node>
	<node>
		<identifier>	EP_RepairLight_right_1	</identifier>
		<parent>	Scene Root	</parent>
		<transform>
			<row0>	-0.0547 0.0000 -0.9985 0.0000	</row0>
			<row1>	0.0283 0.9996 -0.0015 0.0000	</row1>
			<row2>	0.9981 -0.0283 -0.0547 0.0000	</row2>
			<row3>	0.5831 0.3898 -4.5658 1.0000	</row3>
		</transform>
	</node>
	<node>
		<identifier>	EP_WakeTraceBack	</identifier>
		<parent>	Scene Root	</parent>
		<transform>
			<row0>	1.0000 0.0000 0.0000 0.0000	</row0>
			<row1>	0.0000 1.0000 0.0000 0.0000	</row1>
			<row2>	0.0000 0.0000 1.0000 0.0000	</row2>
			<row3>	0.0000 0.0000 -7.2815 1.0000	</row3>
		</transform>
	</node>
	<node>
		<identifier>	EP_WakeTrace_screw_1	</identifier>
		<parent>	Scene Root	</parent>
		<transform>
			<row0>	1.0000 0.0000 0.0000 0.0000	</row0>
			<row1>	0.0000 1.0000 0.0000 0.0000	</row1>
			<row2>	0.0000 0.0000 1.0000 0.0000	</row2>
			<row3>	-0.4536 -0.3049 -5.2536 1.0000	</row3>
		</transform>
	</node>
	<node>
		<identifier>	EP_WakeTrace_screw_2	</identifier>
		<parent>	Scene Root	</parent>
		<transform>
			<row0>	1.0000 0.0000 0.0000 0.0000	</row0>
			<row1>	0.0000 1.0000 0.0000 0.0000	</row1>
			<row2>	0.0000 0.0000 1.0000 0.0000	</row2>
			<row3>	-0.2165 -0.3215 -6.2098 1.0000	</row3>
		</transform>
	</node>
	<node>
		<identifier>	EP_WakeTrace_screw_3	</identifier>
		<parent>	Scene Root	</parent>
		<transform>
			<row0>	1.0000 0.0000 0.0000 0.0000	</row0>
			<row1>	0.0000 1.0000 0.0000 0.0000	</row1>
			<row2>	0.0000 0.0000 1.0000 0.0000	</row2>
			<row3>	0.2165 -0.3215 -6.2098 1.0000	</row3>
		</transform>
	</node>
	<node>
		<identifier>	EP_WakeTrace_screw_4	</identifier>
		<parent>	Scene Root	</parent>
		<transform>
			<row0>	1.0000 0.0000 0.0000 0.0000	</row0>
			<row1>	0.0000 1.0000 0.0000 0.0000	</row1>
			<row2>	0.0000 0.0000 1.0000 0.0000	</row2>
			<row3>	0.4536 -0.3049 -5.2536 1.0000	</row3>
		</transform>
	</node>
</SSC301_Almirante_Oquendo_1947_Stern_ep.skel_ext>
