<GSB014_Prinz_Eitel_Friedrich_1941_MidBack.skel_ext>
	<exported>	true	</exported>
	<node>
		<identifier>	MP_CM011_Fire_Fighting_Gear	</identifier>
		<parent>	Scene Root	</parent>
		<transform>
			<row0>	0.0000 0.0000 1.0000 0.0000	</row0>
			<row1>	0.0000 1.0000 0.0000 0.0000	</row1>
			<row2>	-1.0000 0.0000 0.0000 0.0000	</row2>
			<row3>	0.7658 0.2664 0.3619 1.0000	</row3>
		</transform>
	</node>
	<node>
		<identifier>	MP_CM011_Fire_Fighting_Gear_INDEX_1	</identifier>
		<parent>	Scene Root	</parent>
		<transform>
			<row0>	0.0000 0.0000 -1.0000 0.0000	</row0>
			<row1>	0.0000 1.0000 0.0000 0.0000	</row1>
			<row2>	1.0000 0.0000 0.0000 0.0000	</row2>
			<row3>	-0.7658 0.2664 0.3619 1.0000	</row3>
		</transform>
	</node>
	<node>
		<identifier>	MP_CM011_Fire_Fighting_Gear_INDEX_10	</identifier>
		<parent>	Scene Root	</parent>
		<transform>
			<row0>	0.0000 0.0000 1.0000 0.0000	</row0>
			<row1>	0.0000 1.0000 0.0000 0.0000	</row1>
			<row2>	-1.0000 0.0000 0.0000 0.0000	</row2>
			<row3>	0.1093 0.2664 -2.8730 1.0000	</row3>
		</transform>
	</node>
	<node>
		<identifier>	MP_CM011_Fire_Fighting_Gear_INDEX_11	</identifier>
		<parent>	Scene Root	</parent>
		<transform>
			<row0>	0.5163 0.0000 0.8564 0.0000	</row0>
			<row1>	0.0000 1.0000 0.0000 0.0000	</row1>
			<row2>	-0.8564 0.0000 0.5163 0.0000	</row2>
			<row3>	0.2332 0.3944 -1.0402 1.0000	</row3>
		</transform>
	</node>
	<node>
		<identifier>	MP_CM011_Fire_Fighting_Gear_INDEX_12	</identifier>
		<parent>	Scene Root	</parent>
		<transform>
			<row0>	0.5163 0.0000 -0.8564 0.0000	</row0>
			<row1>	0.0000 1.0000 0.0000 0.0000	</row1>
			<row2>	0.8564 0.0000 0.5163 0.0000	</row2>
			<row3>	-0.2332 0.3944 -1.0402 1.0000	</row3>
		</transform>
	</node>
	<node>
		<identifier>	MP_CM011_Fire_Fighting_Gear_INDEX_13	</identifier>
		<parent>	Scene Root	</parent>
		<transform>
			<row0>	0.0000 0.0000 -1.0000 0.0000	</row0>
			<row1>	0.0000 1.0000 0.0000 0.0000	</row1>
			<row2>	1.0000 0.0000 0.0000 0.0000	</row2>
			<row3>	-0.7659 0.2664 -0.3768 1.0000	</row3>
		</transform>
	</node>
	<node>
		<identifier>	MP_CM011_Fire_Fighting_Gear_INDEX_2	</identifier>
		<parent>	Scene Root	</parent>
		<transform>
			<row0>	0.0000 0.0000 1.0000 0.0000	</row0>
			<row1>	0.0000 1.0000 0.0000 0.0000	</row1>
			<row2>	-1.0000 0.0000 0.0000 0.0000	</row2>
			<row3>	0.9313 0.1069 -0.6229 1.0000	</row3>
		</transform>
	</node>
	<node>
		<identifier>	MP_CM011_Fire_Fighting_Gear_INDEX_3	</identifier>
		<parent>	Scene Root	</parent>
		<transform>
			<row0>	0.0000 0.0000 1.0000 0.0000	</row0>
			<row1>	0.0000 1.0000 0.0000 0.0000	</row1>
			<row2>	-1.0000 0.0000 0.0000 0.0000	</row2>
			<row3>	0.7659 0.2664 -0.3768 1.0000	</row3>
		</transform>
	</node>
	<node>
		<identifier>	MP_CM011_Fire_Fighting_Gear_INDEX_4	</identifier>
		<parent>	Scene Root	</parent>
		<transform>
			<row0>	0.0415 0.0000 -0.9991 0.0000	</row0>
			<row1>	0.0000 1.0000 0.0000 0.0000	</row1>
			<row2>	0.9991 0.0000 0.0415 0.0000	</row2>
			<row3>	-0.7438 0.1069 -2.3554 1.0000	</row3>
		</transform>
	</node>
	<node>
		<identifier>	MP_CM011_Fire_Fighting_Gear_INDEX_5	</identifier>
		<parent>	Scene Root	</parent>
		<transform>
			<row0>	0.0000 0.0000 -1.0000 0.0000	</row0>
			<row1>	0.0000 1.0000 0.0000 0.0000	</row1>
			<row2>	1.0000 0.0000 0.0000 0.0000	</row2>
			<row3>	-0.1093 0.2664 -2.8730 1.0000	</row3>
		</transform>
	</node>
	<node>
		<identifier>	MP_CM011_Fire_Fighting_Gear_INDEX_6	</identifier>
		<parent>	Scene Root	</parent>
		<transform>
			<row0>	0.5163 0.0000 0.8564 0.0000	</row0>
			<row1>	0.0000 1.0000 0.0000 0.0000	</row1>
			<row2>	-0.8564 0.0000 0.5163 0.0000	</row2>
			<row3>	0.2985 0.2664 -1.2972 1.0000	</row3>
		</transform>
	</node>
	<node>
		<identifier>	MP_CM011_Fire_Fighting_Gear_INDEX_7	</identifier>
		<parent>	Scene Root	</parent>
		<transform>
			<row0>	0.0000 0.0000 -1.0000 0.0000	</row0>
			<row1>	0.0000 1.0000 0.0000 0.0000	</row1>
			<row2>	1.0000 0.0000 0.0000 0.0000	</row2>
			<row3>	-0.9313 0.1069 -0.6229 1.0000	</row3>
		</transform>
	</node>
	<node>
		<identifier>	MP_CM011_Fire_Fighting_Gear_INDEX_8	</identifier>
		<parent>	Scene Root	</parent>
		<transform>
			<row0>	0.5163 0.0000 -0.8564 0.0000	</row0>
			<row1>	0.0000 1.0000 0.0000 0.0000	</row1>
			<row2>	0.8564 0.0000 0.5163 0.0000	</row2>
			<row3>	-0.2985 0.2664 -1.2972 1.0000	</row3>
		</transform>
	</node>
	<node>
		<identifier>	MP_CM011_Fire_Fighting_Gear_INDEX_9	</identifier>
		<parent>	Scene Root	</parent>
		<transform>
			<row0>	0.0415 0.0000 0.9991 0.0000	</row0>
			<row1>	0.0000 1.0000 0.0000 0.0000	</row1>
			<row2>	-0.9991 0.0000 0.0415 0.0000	</row2>
			<row3>	0.7356 0.1069 -2.5560 1.0000	</row3>
		</transform>
	</node>
	<node>
		<identifier>	MP_CM014_Fuel_Oil_Hose	</identifier>
		<parent>	Scene Root	</parent>
		<transform>
			<row0>	-0.9993 0.0000 -0.0384 0.0000	</row0>
			<row1>	0.0000 1.0000 0.0000 0.0000	</row1>
			<row2>	0.0384 0.0000 -0.9993 0.0000	</row2>
			<row3>	0.9062 0.1337 0.3412 1.0000	</row3>
		</transform>
	</node>
	<node>
		<identifier>	MP_CM014_Fuel_Oil_Hose_INDEX_1	</identifier>
		<parent>	Scene Root	</parent>
		<transform>
			<row0>	-1.0000 0.0000 0.0000 0.0000	</row0>
			<row1>	0.0000 1.0000 0.0000 0.0000	</row1>
			<row2>	0.0000 0.0000 -1.0000 0.0000	</row2>
			<row3>	0.7598 0.2830 -0.4678 1.0000	</row3>
		</transform>
	</node>
	<node>
		<identifier>	MP_CM014_Fuel_Oil_Hose_INDEX_2	</identifier>
		<parent>	Scene Root	</parent>
		<transform>
			<row0>	1.0000 0.0000 0.0000 0.0000	</row0>
			<row1>	0.0000 1.0000 0.0000 0.0000	</row1>
			<row2>	0.0000 0.0000 1.0000 0.0000	</row2>
			<row3>	-0.7598 0.3090 -0.4678 1.0000	</row3>
		</transform>
	</node>
	<node>
		<identifier>	MP_CM014_Fuel_Oil_Hose_INDEX_3	</identifier>
		<parent>	Scene Root	</parent>
		<transform>
			<row0>	0.9991 0.0000 0.0415 0.0000	</row0>
			<row1>	0.0000 1.0000 0.0000 0.0000	</row1>
			<row2>	-0.0415 0.0000 0.9991 0.0000	</row2>
			<row3>	-0.6928 0.1232 -3.4349 1.0000	</row3>
		</transform>
	</node>
	<node>
		<identifier>	MP_CM014_Fuel_Oil_Hose_INDEX_4	</identifier>
		<parent>	Scene Root	</parent>
		<transform>
			<row0>	-1.0000 0.0000 0.0000 0.0000	</row0>
			<row1>	0.0000 1.0000 0.0000 0.0000	</row1>
			<row2>	0.0000 0.0000 -1.0000 0.0000	</row2>
			<row3>	0.7598 0.3090 -0.4678 1.0000	</row3>
		</transform>
	</node>
	<node>
		<identifier>	MP_CM014_Fuel_Oil_Hose_INDEX_5	</identifier>
		<parent>	Scene Root	</parent>
		<transform>
			<row0>	0.9991 0.0000 0.0415 0.0000	</row0>
			<row1>	0.0000 1.0000 0.0000 0.0000	</row1>
			<row2>	-0.0415 0.0000 0.9991 0.0000	</row2>
			<row3>	-0.6928 0.1497 -3.4349 1.0000	</row3>
		</transform>
	</node>
	<node>
		<identifier>	MP_CM014_Fuel_Oil_Hose_INDEX_6	</identifier>
		<parent>	Scene Root	</parent>
		<transform>
			<row0>	-0.9991 0.0000 0.0415 0.0000	</row0>
			<row1>	0.0000 1.0000 0.0000 0.0000	</row1>
			<row2>	-0.0415 0.0000 -0.9991 0.0000	</row2>
			<row3>	0.6928 0.1497 -3.4349 1.0000	</row3>
		</transform>
	</node>
	<node>
		<identifier>	MP_CM014_Fuel_Oil_Hose_INDEX_7	</identifier>
		<parent>	Scene Root	</parent>
		<transform>
			<row0>	0.9993 0.0000 -0.0384 0.0000	</row0>
			<row1>	0.0000 1.0000 0.0000 0.0000	</row1>
			<row2>	0.0384 0.0000 0.9993 0.0000	</row2>
			<row3>	-0.9062 0.1337 0.3412 1.0000	</row3>
		</transform>
	</node>
	<node>
		<identifier>	MP_CM014_Fuel_Oil_Hose_INDEX_8	</identifier>
		<parent>	Scene Root	</parent>
		<transform>
			<row0>	1.0000 0.0000 0.0000 0.0000	</row0>
			<row1>	0.0000 1.0000 0.0000 0.0000	</row1>
			<row2>	0.0000 0.0000 1.0000 0.0000	</row2>
			<row3>	-0.7598 0.2830 -0.4678 1.0000	</row3>
		</transform>
	</node>
	<node>
		<identifier>	MP_CM014_Fuel_Oil_Hose_INDEX_9	</identifier>
		<parent>	Scene Root	</parent>
		<transform>
			<row0>	-0.9991 0.0000 0.0415 0.0000	</row0>
			<row1>	0.0000 1.0000 0.0000 0.0000	</row1>
			<row2>	-0.0415 0.0000 -0.9991 0.0000	</row2>
			<row3>	0.6928 0.1232 -3.4349 1.0000	</row3>
		</transform>
	</node>
	<node>
		<identifier>	MP_CM029_Emergency_Box	</identifier>
		<parent>	Scene Root	</parent>
		<transform>
			<row0>	-1.0000 0.0000 0.0000 0.0000	</row0>
			<row1>	0.0000 1.0000 0.0000 0.0000	</row1>
			<row2>	0.0000 0.0000 -1.0000 0.0000	</row2>
			<row3>	0.0084 0.6522 -0.9986 1.0000	</row3>
		</transform>
	</node>
	<node>
		<identifier>	MP_CM029_Emergency_Box_INDEX_1	</identifier>
		<parent>	Scene Root	</parent>
		<transform>
			<row0>	0.0000 0.0000 -1.0000 0.0000	</row0>
			<row1>	0.0000 1.0000 0.0000 0.0000	</row1>
			<row2>	1.0000 0.0000 0.0000 0.0000	</row2>
			<row3>	-0.2396 0.4829 -1.0006 1.0000	</row3>
		</transform>
	</node>
	<node>
		<identifier>	MP_CM029_Emergency_Box_INDEX_2	</identifier>
		<parent>	Scene Root	</parent>
		<transform>
			<row0>	0.0000 0.0000 1.0000 0.0000	</row0>
			<row1>	0.0000 1.0000 0.0000 0.0000	</row1>
			<row2>	-1.0000 0.0000 0.0000 0.0000	</row2>
			<row3>	0.7646 0.3580 0.0081 1.0000	</row3>
		</transform>
	</node>
	<node>
		<identifier>	MP_CM029_Emergency_Box_INDEX_3	</identifier>
		<parent>	Scene Root	</parent>
		<transform>
			<row0>	0.0415 0.0000 0.9991 0.0000	</row0>
			<row1>	0.0000 1.0000 0.0000 0.0000	</row1>
			<row2>	-0.9991 0.0000 0.0415 0.0000	</row2>
			<row3>	0.7487 0.2129 -2.1787 1.0000	</row3>
		</transform>
	</node>
	<node>
		<identifier>	MP_CM029_Emergency_Box_INDEX_4	</identifier>
		<parent>	Scene Root	</parent>
		<transform>
			<row0>	0.0000 0.0000 -1.0000 0.0000	</row0>
			<row1>	0.0000 1.0000 0.0000 0.0000	</row1>
			<row2>	1.0000 0.0000 0.0000 0.0000	</row2>
			<row3>	-0.7646 0.3580 0.0081 1.0000	</row3>
		</transform>
	</node>
	<node>
		<identifier>	MP_CM029_Emergency_Box_INDEX_5	</identifier>
		<parent>	Scene Root	</parent>
		<transform>
			<row0>	0.0000 0.0000 1.0000 0.0000	</row0>
			<row1>	0.0000 1.0000 0.0000 0.0000	</row1>
			<row2>	-1.0000 0.0000 0.0000 0.0000	</row2>
			<row3>	0.2396 0.4829 -1.0020 1.0000	</row3>
		</transform>
	</node>
	<node>
		<identifier>	MP_CM029_Emergency_Box_INDEX_6	</identifier>
		<parent>	Scene Root	</parent>
		<transform>
			<row0>	0.0415 0.0000 -0.9991 0.0000	</row0>
			<row1>	0.0000 1.0000 0.0000 0.0000	</row1>
			<row2>	0.9991 0.0000 0.0415 0.0000	</row2>
			<row3>	-0.6998 0.2129 -3.3599 1.0000	</row3>
		</transform>
	</node>
	<node>
		<identifier>	MP_CM031_Bullet_shell	</identifier>
		<parent>	Scene Root	</parent>
		<transform>
			<row0>	0.3339 -0.0012 -0.1050 0.0000	</row0>
			<row1>	-0.1050 -0.0038 -0.3338 0.0000	</row1>
			<row2>	0.0000 0.3500 -0.0040 0.0000	</row2>
			<row3>	0.3137 0.3976 -0.6935 1.0000	</row3>
		</transform>
	</node>
	<node>
		<identifier>	MP_CM052_Fender	</identifier>
		<parent>	Scene Root	</parent>
		<transform>
			<row0>	0.0000 0.0000 0.8500 0.0000	</row0>
			<row1>	0.0000 0.8500 0.0000 0.0000	</row1>
			<row2>	-0.8500 0.0000 0.0000 0.0000	</row2>
			<row3>	-0.7835 0.2667 0.0696 1.0000	</row3>
		</transform>
	</node>
	<node>
		<identifier>	MP_CM052_Fender_INDEX_1	</identifier>
		<parent>	Scene Root	</parent>
		<transform>
			<row0>	0.0000 0.0000 0.8500 0.0000	</row0>
			<row1>	0.0000 0.8500 0.0000 0.0000	</row1>
			<row2>	-0.8500 0.0000 0.0000 0.0000	</row2>
			<row3>	-0.7835 0.2667 0.2345 1.0000	</row3>
		</transform>
	</node>
	<node>
		<identifier>	MP_CM052_Fender_INDEX_2	</identifier>
		<parent>	Scene Root	</parent>
		<transform>
			<row0>	0.0000 0.0000 -0.8500 0.0000	</row0>
			<row1>	0.0000 0.8500 0.0000 0.0000	</row1>
			<row2>	0.8500 0.0000 0.0000 0.0000	</row2>
			<row3>	0.7835 0.2667 0.0696 1.0000	</row3>
		</transform>
	</node>
	<node>
		<identifier>	MP_CM052_Fender_INDEX_3	</identifier>
		<parent>	Scene Root	</parent>
		<transform>
			<row0>	0.0000 0.0000 -0.8500 0.0000	</row0>
			<row1>	0.0000 0.8500 0.0000 0.0000	</row1>
			<row2>	0.8500 0.0000 0.0000 0.0000	</row2>
			<row3>	0.7835 0.2667 0.2345 1.0000	</row3>
		</transform>
	</node>
	<node>
		<identifier>	MP_CM097_Stairway	</identifier>
		<parent>	Scene Root	</parent>
		<transform>
			<row0>	0.0000 1.0000 0.0000 0.0000	</row0>
			<row1>	-0.9991 0.0000 -0.0415 0.0000	</row1>
			<row2>	-0.0415 0.0000 0.9991 0.0000	</row2>
			<row3>	-0.7229 0.1323 -2.8329 1.0000	</row3>
		</transform>
	</node>
	<node>
		<identifier>	MP_CM097_Stairway_INDEX_1	</identifier>
		<parent>	Scene Root	</parent>
		<transform>
			<row0>	0.0000 -1.0000 0.0000 0.0000	</row0>
			<row1>	0.9991 0.0000 -0.0415 0.0000	</row1>
			<row2>	0.0415 0.0000 0.9991 0.0000	</row2>
			<row3>	0.7450 0.1323 -2.3001 1.0000	</row3>
		</transform>
	</node>
	<node>
		<identifier>	MP_CM109_Leadsman_Platform	</identifier>
		<parent>	Scene Root	</parent>
		<transform>
			<row0>	0.0000 1.0000 0.0000 0.0000	</row0>
			<row1>	0.9991 0.0000 -0.0415 0.0000	</row1>
			<row2>	-0.0415 0.0000 -0.9991 0.0000	</row2>
			<row3>	0.7393 0.1744 -2.2908 1.0000	</row3>
		</transform>
	</node>
	<node>
		<identifier>	MP_CM109_Leadsman_Platform_INDEX_1	</identifier>
		<parent>	Scene Root	</parent>
		<transform>
			<row0>	0.0000 1.0000 0.0000 0.0000	</row0>
			<row1>	-0.9991 0.0000 -0.0415 0.0000	</row1>
			<row2>	-0.0415 0.0000 0.9991 0.0000	</row2>
			<row3>	-0.7171 0.1744 -2.8237 1.0000	</row3>
		</transform>
	</node>
	<node>
		<identifier>	MP_CM126_Cleat	</identifier>
		<parent>	Scene Root	</parent>
		<transform>
			<row0>	1.0000 0.0000 0.0000 0.0000	</row0>
			<row1>	0.0000 0.0000 -1.0000 0.0000	</row1>
			<row2>	0.0000 1.0000 0.0000 0.0000	</row2>
			<row3>	0.0000 0.6241 -0.8744 1.0000	</row3>
		</transform>
	</node>
	<node>
		<identifier>	MP_GM001_Paravane	</identifier>
		<parent>	Scene Root	</parent>
		<transform>
			<row0>	0.0000 1.0000 0.0000 0.0000	</row0>
			<row1>	0.9676 0.0000 0.2523 0.0000	</row1>
			<row2>	0.2523 0.0000 -0.9676 0.0000	</row2>
			<row3>	-0.3312 0.3216 -2.0295 1.0000	</row3>
		</transform>
	</node>
	<node>
		<identifier>	MP_GM001_Paravane_INDEX_1	</identifier>
		<parent>	Scene Root	</parent>
		<transform>
			<row0>	0.0000 -1.0000 0.0000 0.0000	</row0>
			<row1>	-0.9676 0.0000 0.2523 0.0000	</row1>
			<row2>	-0.2523 0.0000 -0.9676 0.0000	</row2>
			<row3>	0.3312 0.3216 -2.0295 1.0000	</row3>
		</transform>
	</node>
	<node>
		<identifier>	MP_GM007_LifeBuoy	</identifier>
		<parent>	Scene Root	</parent>
		<transform>
			<row0>	0.9996 0.0000 0.0288 0.0000	</row0>
			<row1>	0.0000 1.0000 0.0000 0.0000	</row1>
			<row2>	-0.0288 0.0000 0.9996 0.0000	</row2>
			<row3>	-0.9793 0.1514 -1.7269 1.0000	</row3>
		</transform>
	</node>
	<node>
		<identifier>	MP_GM007_LifeBuoy_INDEX_1	</identifier>
		<parent>	Scene Root	</parent>
		<transform>
			<row0>	-0.9996 0.0000 0.0288 0.0000	</row0>
			<row1>	0.0000 1.0000 0.0000 0.0000	</row1>
			<row2>	-0.0288 0.0000 -0.9996 0.0000	</row2>
			<row3>	0.9793 0.1514 -1.7269 1.0000	</row3>
		</transform>
	</node>
	<node>
		<identifier>	MP_GM008_Loudspeaker	</identifier>
		<parent>	Scene Root	</parent>
		<transform>
			<row0>	1.0000 0.0000 0.0000 0.0000	</row0>
			<row1>	0.0000 1.0000 0.0000 0.0000	</row1>
			<row2>	0.0000 0.0000 1.0000 0.0000	</row2>
			<row3>	0.2840 0.3870 -1.3967 1.0000	</row3>
		</transform>
	</node>
	<node>
		<identifier>	MP_GM008_Loudspeaker_INDEX_1	</identifier>
		<parent>	Scene Root	</parent>
		<transform>
			<row0>	-1.0000 0.0000 0.0000 0.0000	</row0>
			<row1>	0.0000 1.0000 0.0000 0.0000	</row1>
			<row2>	0.0000 0.0000 -1.0000 0.0000	</row2>
			<row3>	-0.7582 0.3432 -0.5382 1.0000	</row3>
		</transform>
	</node>
	<node>
		<identifier>	MP_GM008_Loudspeaker_INDEX_2	</identifier>
		<parent>	Scene Root	</parent>
		<transform>
			<row0>	1.0000 0.0000 0.0000 0.0000	</row0>
			<row1>	0.0000 1.0000 0.0000 0.0000	</row1>
			<row2>	0.0000 0.0000 1.0000 0.0000	</row2>
			<row3>	0.7582 0.3432 -0.5382 1.0000	</row3>
		</transform>
	</node>
	<node>
		<identifier>	MP_GM008_Loudspeaker_INDEX_3	</identifier>
		<parent>	Scene Root	</parent>
		<transform>
			<row0>	-1.0000 0.0000 0.0000 0.0000	</row0>
			<row1>	0.0000 1.0000 0.0000 0.0000	</row1>
			<row2>	0.0000 0.0000 -1.0000 0.0000	</row2>
			<row3>	-0.2840 0.3870 -1.3967 1.0000	</row3>
		</transform>
	</node>
	<node>
		<identifier>	MP_GM011_Pelorus	</identifier>
		<parent>	Scene Root	</parent>
		<transform>
			<row0>	0.0000 0.0000 -1.0000 0.0000	</row0>
			<row1>	0.0000 1.0000 0.0000 0.0000	</row1>
			<row2>	1.0000 0.0000 0.0000 0.0000	</row2>
			<row3>	0.2084 0.5571 -0.9769 1.0000	</row3>
		</transform>
	</node>
	<node>
		<identifier>	MP_GM011_Pelorus_INDEX_1	</identifier>
		<parent>	Scene Root	</parent>
		<transform>
			<row0>	0.0000 0.0000 1.0000 0.0000	</row0>
			<row1>	0.0000 1.0000 0.0000 0.0000	</row1>
			<row2>	-1.0000 0.0000 0.0000 0.0000	</row2>
			<row3>	-0.2084 0.5571 -0.9769 1.0000	</row3>
		</transform>
	</node>
	<node>
		<identifier>	MP_GM012_Reels_5	</identifier>
		<parent>	Scene Root	</parent>
		<transform>
			<row0>	0.6347 0.0000 0.4870 0.0000	</row0>
			<row1>	0.0000 0.8000 0.0000 0.0000	</row1>
			<row2>	-0.4870 0.0000 0.6347 0.0000	</row2>
			<row3>	0.2912 0.2694 -2.2641 1.0000	</row3>
		</transform>
	</node>
	<node>
		<identifier>	MP_GM012_Reels_5_INDEX_1	</identifier>
		<parent>	Scene Root	</parent>
		<transform>
			<row0>	0.6347 0.0000 -0.4870 0.0000	</row0>
			<row1>	0.0000 0.8000 0.0000 0.0000	</row1>
			<row2>	0.4870 0.0000 0.6347 0.0000	</row2>
			<row3>	-0.2912 0.2694 -2.2641 1.0000	</row3>
		</transform>
	</node>
	<node>
		<identifier>	MP_GM013_Siren	</identifier>
		<parent>	Scene Root	</parent>
		<transform>
			<row0>	-0.5163 0.0000 0.8564 0.0000	</row0>
			<row1>	0.0000 1.0000 0.0000 0.0000	</row1>
			<row2>	-0.8564 0.0000 -0.5163 0.0000	</row2>
			<row3>	-0.3659 0.3753 -1.1686 1.0000	</row3>
		</transform>
	</node>
	<node>
		<identifier>	MP_GM013_Siren_INDEX_1	</identifier>
		<parent>	Scene Root	</parent>
		<transform>
			<row0>	-0.5163 0.0000 -0.8564 0.0000	</row0>
			<row1>	0.0000 1.0000 0.0000 0.0000	</row1>
			<row2>	0.8564 0.0000 -0.5163 0.0000	</row2>
			<row3>	0.3659 0.3753 -1.1686 1.0000	</row3>
		</transform>
	</node>
	<node>
		<identifier>	MP_GM014_Sleeve	</identifier>
		<parent>	Scene Root	</parent>
		<transform>
			<row0>	0.0000 0.0000 -1.0000 0.0000	</row0>
			<row1>	0.0000 1.0000 0.0000 0.0000	</row1>
			<row2>	1.0000 0.0000 0.0000 0.0000	</row2>
			<row3>	0.7585 0.2998 0.3225 1.0000	</row3>
		</transform>
	</node>
	<node>
		<identifier>	MP_GM014_Sleeve_INDEX_1	</identifier>
		<parent>	Scene Root	</parent>
		<transform>
			<row0>	0.0000 0.0000 1.0000 0.0000	</row0>
			<row1>	0.0000 1.0000 0.0000 0.0000	</row1>
			<row2>	-1.0000 0.0000 0.0000 0.0000	</row2>
			<row3>	-0.7585 0.2998 0.3225 1.0000	</row3>
		</transform>
	</node>
	<node>
		<identifier>	MP_GM015_Clock	</identifier>
		<parent>	Scene Root	</parent>
		<transform>
			<row0>	-0.5163 0.0000 0.8564 0.0000	</row0>
			<row1>	0.0000 1.0000 0.0000 0.0000	</row1>
			<row2>	-0.8564 0.0000 -0.5163 0.0000	</row2>
			<row3>	-0.5108 0.3645 -0.9272 1.0000	</row3>
		</transform>
	</node>
	<node>
		<identifier>	MP_GM015_Clock_INDEX_1	</identifier>
		<parent>	Scene Root	</parent>
		<transform>
			<row0>	-0.5163 0.0000 -0.8564 0.0000	</row0>
			<row1>	0.0000 1.0000 0.0000 0.0000	</row1>
			<row2>	0.8564 0.0000 -0.5163 0.0000	</row2>
			<row3>	0.5108 0.3645 -0.9272 1.0000	</row3>
		</transform>
	</node>
	<node>
		<identifier>	MP_GM016_Sleeve	</identifier>
		<parent>	Scene Root	</parent>
		<transform>
			<row0>	0.0000 0.0000 1.0000 0.0000	</row0>
			<row1>	0.0000 1.0000 0.0000 0.0000	</row1>
			<row2>	-1.0000 0.0000 0.0000 0.0000	</row2>
			<row3>	-0.1019 0.3131 -2.8480 1.0000	</row3>
		</transform>
	</node>
	<node>
		<identifier>	MP_GM016_Sleeve_INDEX_1	</identifier>
		<parent>	Scene Root	</parent>
		<transform>
			<row0>	0.0000 0.0000 -1.0000 0.0000	</row0>
			<row1>	0.0000 1.0000 0.0000 0.0000	</row1>
			<row2>	1.0000 0.0000 0.0000 0.0000	</row2>
			<row3>	0.1019 0.3131 -2.8480 1.0000	</row3>
		</transform>
	</node>
	<node>
		<identifier>	MP_GM016_Sleeve_INDEX_10	</identifier>
		<parent>	Scene Root	</parent>
		<transform>
			<row0>	0.0000 0.0000 -1.0000 0.0000	</row0>
			<row1>	0.0000 1.0000 0.0000 0.0000	</row1>
			<row2>	1.0000 0.0000 0.0000 0.0000	</row2>
			<row3>	0.9192 0.1400 -0.5925 1.0000	</row3>
		</transform>
	</node>
	<node>
		<identifier>	MP_GM016_Sleeve_INDEX_11	</identifier>
		<parent>	Scene Root	</parent>
		<transform>
			<row0>	-0.5163 0.0000 -0.8564 0.0000	</row0>
			<row1>	0.0000 1.0000 0.0000 0.0000	</row1>
			<row2>	0.8564 0.0000 -0.5163 0.0000	</row2>
			<row3>	0.3061 0.3131 -1.2677 1.0000	</row3>
		</transform>
	</node>
	<node>
		<identifier>	MP_GM016_Sleeve_INDEX_2	</identifier>
		<parent>	Scene Root	</parent>
		<transform>
			<row0>	0.0000 0.0000 1.0000 0.0000	</row0>
			<row1>	0.0000 1.0000 0.0000 0.0000	</row1>
			<row2>	-1.0000 0.0000 0.0000 0.0000	</row2>
			<row3>	-0.7585 0.3131 -0.3602 1.0000	</row3>
		</transform>
	</node>
	<node>
		<identifier>	MP_GM016_Sleeve_INDEX_3	</identifier>
		<parent>	Scene Root	</parent>
		<transform>
			<row0>	-0.5211 0.0000 -0.8535 0.0000	</row0>
			<row1>	0.0000 1.0000 0.0000 0.0000	</row1>
			<row2>	0.8535 0.0000 -0.5211 0.0000	</row2>
			<row3>	0.2099 0.4443 -1.0639 1.0000	</row3>
		</transform>
	</node>
	<node>
		<identifier>	MP_GM016_Sleeve_INDEX_4	</identifier>
		<parent>	Scene Root	</parent>
		<transform>
			<row0>	-0.5211 0.0000 0.8535 0.0000	</row0>
			<row1>	0.0000 1.0000 0.0000 0.0000	</row1>
			<row2>	-0.8535 0.0000 -0.5211 0.0000	</row2>
			<row3>	-0.2099 0.4443 -1.0639 1.0000	</row3>
		</transform>
	</node>
	<node>
		<identifier>	MP_GM016_Sleeve_INDEX_5	</identifier>
		<parent>	Scene Root	</parent>
		<transform>
			<row0>	-0.0415 0.0000 0.9991 0.0000	</row0>
			<row1>	0.0000 1.0000 0.0000 0.0000	</row1>
			<row2>	-0.9991 0.0000 -0.0415 0.0000	</row2>
			<row3>	-0.7351 0.1539 -2.3779 1.0000	</row3>
		</transform>
	</node>
	<node>
		<identifier>	MP_GM016_Sleeve_INDEX_6	</identifier>
		<parent>	Scene Root	</parent>
		<transform>
			<row0>	0.0000 0.0000 1.0000 0.0000	</row0>
			<row1>	0.0000 1.0000 0.0000 0.0000	</row1>
			<row2>	-1.0000 0.0000 0.0000 0.0000	</row2>
			<row3>	-0.9192 0.1400 -0.5925 1.0000	</row3>
		</transform>
	</node>
	<node>
		<identifier>	MP_GM016_Sleeve_INDEX_7	</identifier>
		<parent>	Scene Root	</parent>
		<transform>
			<row0>	-0.5163 0.0000 0.8564 0.0000	</row0>
			<row1>	0.0000 1.0000 0.0000 0.0000	</row1>
			<row2>	-0.8564 0.0000 -0.5163 0.0000	</row2>
			<row3>	-0.3061 0.3131 -1.2677 1.0000	</row3>
		</transform>
	</node>
	<node>
		<identifier>	MP_GM016_Sleeve_INDEX_8	</identifier>
		<parent>	Scene Root	</parent>
		<transform>
			<row0>	-0.0415 0.0000 -0.9991 0.0000	</row0>
			<row1>	0.0000 1.0000 0.0000 0.0000	</row1>
			<row2>	0.9991 0.0000 -0.0415 0.0000	</row2>
			<row3>	0.7263 0.1539 -2.5895 1.0000	</row3>
		</transform>
	</node>
	<node>
		<identifier>	MP_GM016_Sleeve_INDEX_9	</identifier>
		<parent>	Scene Root	</parent>
		<transform>
			<row0>	0.0000 0.0000 -1.0000 0.0000	</row0>
			<row1>	0.0000 1.0000 0.0000 0.0000	</row1>
			<row2>	1.0000 0.0000 0.0000 0.0000	</row2>
			<row3>	0.7585 0.3131 -0.3602 1.0000	</row3>
		</transform>
	</node>
	<node>
		<identifier>	MP_GM019_Loading_machine	</identifier>
		<parent>	Scene Root	</parent>
		<transform>
			<row0>	-0.7071 0.0000 0.7071 0.0000	</row0>
			<row1>	0.0000 1.0000 0.0000 0.0000	</row1>
			<row2>	-0.7071 0.0000 -0.7071 0.0000	</row2>
			<row3>	-0.1189 0.2664 -2.4702 1.0000	</row3>
		</transform>
	</node>
	<node>
		<identifier>	MP_GM019_Loading_machine_INDEX_1	</identifier>
		<parent>	Scene Root	</parent>
		<transform>
			<row0>	0.7071 0.0000 0.7071 0.0000	</row0>
			<row1>	0.0000 1.0000 0.0000 0.0000	</row1>
			<row2>	-0.7071 0.0000 0.7071 0.0000	</row2>
			<row3>	0.1189 0.2664 -2.4702 1.0000	</row3>
		</transform>
	</node>
	<node>
		<identifier>	MP_GM022_Freon_Cylinder_acetylene	</identifier>
		<parent>	Scene Root	</parent>
		<transform>
			<row0>	0.0000 0.0000 -1.0000 0.0000	</row0>
			<row1>	0.0000 1.0000 0.0000 0.0000	</row1>
			<row2>	1.0000 0.0000 0.0000 0.0000	</row2>
			<row3>	0.7664 0.2657 -0.2573 1.0000	</row3>
		</transform>
	</node>
	<node>
		<identifier>	MP_GM022_Freon_Cylinder_acetylene_INDEX_1	</identifier>
		<parent>	Scene Root	</parent>
		<transform>
			<row0>	0.0000 0.0000 1.0000 0.0000	</row0>
			<row1>	0.0000 1.0000 0.0000 0.0000	</row1>
			<row2>	-1.0000 0.0000 0.0000 0.0000	</row2>
			<row3>	-0.7664 0.2657 -0.3056 1.0000	</row3>
		</transform>
	</node>
	<node>
		<identifier>	MP_GM022_Freon_Cylinder_acetylene_INDEX_2	</identifier>
		<parent>	Scene Root	</parent>
		<transform>
			<row0>	0.0000 0.0000 1.0000 0.0000	</row0>
			<row1>	0.0000 1.0000 0.0000 0.0000	</row1>
			<row2>	-1.0000 0.0000 0.0000 0.0000	</row2>
			<row3>	-0.7664 0.2657 -0.2573 1.0000	</row3>
		</transform>
	</node>
	<node>
		<identifier>	MP_GM022_Freon_Cylinder_acetylene_INDEX_3	</identifier>
		<parent>	Scene Root	</parent>
		<transform>
			<row0>	0.0000 0.0000 -1.0000 0.0000	</row0>
			<row1>	0.0000 1.0000 0.0000 0.0000	</row1>
			<row2>	1.0000 0.0000 0.0000 0.0000	</row2>
			<row3>	0.7664 0.2657 -0.3056 1.0000	</row3>
		</transform>
	</node>
	<node>
		<identifier>	MP_GM023_Acetylen_Cylinder	</identifier>
		<parent>	Scene Root	</parent>
		<transform>
			<row0>	1.0000 0.0000 0.0000 0.0000	</row0>
			<row1>	0.0000 1.0000 0.0000 0.0000	</row1>
			<row2>	0.0000 0.0000 1.0000 0.0000	</row2>
			<row3>	-0.1440 0.3939 -0.8106 1.0000	</row3>
		</transform>
	</node>
	<node>
		<identifier>	MP_GM023_Acetylen_Cylinder_INDEX_1	</identifier>
		<parent>	Scene Root	</parent>
		<transform>
			<row0>	1.0000 0.0000 0.0000 0.0000	</row0>
			<row1>	0.0000 1.0000 0.0000 0.0000	</row1>
			<row2>	0.0000 0.0000 1.0000 0.0000	</row2>
			<row3>	0.1440 0.3939 -0.8106 1.0000	</row3>
		</transform>
	</node>
	<node>
		<identifier>	MP_GM024_Night_Indicator	</identifier>
		<parent>	Scene Root	</parent>
		<transform>
			<row0>	-1.0000 0.0000 0.0000 0.0000	</row0>
			<row1>	0.0000 1.0000 0.0000 0.0000	</row1>
			<row2>	0.0000 0.0000 -1.0000 0.0000	</row2>
			<row3>	0.0000 1.2987 -0.8828 1.0000	</row3>
		</transform>
	</node>
	<node>
		<identifier>	MP_GM025_Cooling_tube	</identifier>
		<parent>	Scene Root	</parent>
		<transform>
			<row0>	0.0000 0.0000 -1.0000 0.0000	</row0>
			<row1>	0.0000 1.0000 0.0000 0.0000	</row1>
			<row2>	1.0000 0.0000 0.0000 0.0000	</row2>
			<row3>	0.7175 0.2047 -2.7885 1.0000	</row3>
		</transform>
	</node>
	<node>
		<identifier>	MP_GM025_Cooling_tube_INDEX_1	</identifier>
		<parent>	Scene Root	</parent>
		<transform>
			<row0>	0.0000 0.0000 1.0000 0.0000	</row0>
			<row1>	0.0000 1.0000 0.0000 0.0000	</row1>
			<row2>	-1.0000 0.0000 0.0000 0.0000	</row2>
			<row3>	-0.7175 0.2047 -2.7885 1.0000	</row3>
		</transform>
	</node>
	<node>
		<identifier>	MP_GM025_Cooling_tube_INDEX_2	</identifier>
		<parent>	Scene Root	</parent>
		<transform>
			<row0>	0.0000 0.0000 1.0000 0.0000	</row0>
			<row1>	0.0000 1.0000 0.0000 0.0000	</row1>
			<row2>	-1.0000 0.0000 0.0000 0.0000	</row2>
			<row3>	-0.6956 0.2047 -3.3029 1.0000	</row3>
		</transform>
	</node>
	<node>
		<identifier>	MP_GM025_Cooling_tube_INDEX_3	</identifier>
		<parent>	Scene Root	</parent>
		<transform>
			<row0>	0.0000 0.0000 -1.0000 0.0000	</row0>
			<row1>	0.0000 1.0000 0.0000 0.0000	</row1>
			<row2>	1.0000 0.0000 0.0000 0.0000	</row2>
			<row3>	0.6956 0.2047 -3.3026 1.0000	</row3>
		</transform>
	</node>
	<node>
		<identifier>	MP_GM034_Turtles_box	</identifier>
		<parent>	Scene Root	</parent>
		<transform>
			<row0>	-0.5111 0.0000 0.8595 0.0000	</row0>
			<row1>	0.0000 1.0000 0.0000 0.0000	</row1>
			<row2>	-0.8595 0.0000 -0.5111 0.0000	</row2>
			<row3>	-0.1841 0.4062 -1.1070 1.0000	</row3>
		</transform>
	</node>
	<node>
		<identifier>	MP_GM034_Turtles_box_INDEX_1	</identifier>
		<parent>	Scene Root	</parent>
		<transform>
			<row0>	-0.9964 0.0000 -0.0844 0.0000	</row0>
			<row1>	0.0000 1.0000 0.0000 0.0000	</row1>
			<row2>	0.0844 0.0000 -0.9964 0.0000	</row2>
			<row3>	0.5684 0.2774 -0.5749 1.0000	</row3>
		</transform>
	</node>
	<node>
		<identifier>	MP_GM034_Turtles_box_INDEX_2	</identifier>
		<parent>	Scene Root	</parent>
		<transform>
			<row0>	-0.5111 0.0000 -0.8595 0.0000	</row0>
			<row1>	0.0000 1.0000 0.0000 0.0000	</row1>
			<row2>	0.8595 0.0000 -0.5111 0.0000	</row2>
			<row3>	0.1841 0.4062 -1.1070 1.0000	</row3>
		</transform>
	</node>
	<node>
		<identifier>	MP_GM034_Turtles_box_INDEX_3	</identifier>
		<parent>	Scene Root	</parent>
		<transform>
			<row0>	-0.9964 0.0000 0.0844 0.0000	</row0>
			<row1>	0.0000 1.0000 0.0000 0.0000	</row1>
			<row2>	-0.0844 0.0000 -0.9964 0.0000	</row2>
			<row3>	-0.5684 0.2774 -0.5749 1.0000	</row3>
		</transform>
	</node>
	<node>
		<identifier>	MP_GM035_LifeBuoy_Mount	</identifier>
		<parent>	Scene Root	</parent>
		<transform>
			<row0>	1.0000 0.0000 0.0000 0.0000	</row0>
			<row1>	0.0000 1.0000 0.0000 0.0000	</row1>
			<row2>	0.0000 0.0000 1.0000 0.0000	</row2>
			<row3>	-0.2847 0.3328 -1.4789 1.0000	</row3>
		</transform>
	</node>
	<node>
		<identifier>	MP_GM035_LifeBuoy_Mount_INDEX_1	</identifier>
		<parent>	Scene Root	</parent>
		<transform>
			<row0>	0.9991 0.0000 0.0415 0.0000	</row0>
			<row1>	0.0000 1.0000 0.0000 0.0000	</row1>
			<row2>	-0.0415 0.0000 0.9991 0.0000	</row2>
			<row3>	-0.6885 0.2052 -3.5051 1.0000	</row3>
		</transform>
	</node>
	<node>
		<identifier>	MP_GM035_LifeBuoy_Mount_INDEX_2	</identifier>
		<parent>	Scene Root	</parent>
		<transform>
			<row0>	-1.0000 0.0000 0.0000 0.0000	</row0>
			<row1>	0.0000 1.0000 0.0000 0.0000	</row1>
			<row2>	0.0000 0.0000 -1.0000 0.0000	</row2>
			<row3>	0.7585 0.3328 -0.1855 1.0000	</row3>
		</transform>
	</node>
	<node>
		<identifier>	MP_GM035_LifeBuoy_Mount_INDEX_3	</identifier>
		<parent>	Scene Root	</parent>
		<transform>
			<row0>	1.0000 0.0000 0.0000 0.0000	</row0>
			<row1>	0.0000 1.0000 0.0000 0.0000	</row1>
			<row2>	0.0000 0.0000 1.0000 0.0000	</row2>
			<row3>	-0.7585 0.3328 -0.1855 1.0000	</row3>
		</transform>
	</node>
	<node>
		<identifier>	MP_GM035_LifeBuoy_Mount_INDEX_4	</identifier>
		<parent>	Scene Root	</parent>
		<transform>
			<row0>	-1.0000 0.0000 0.0000 0.0000	</row0>
			<row1>	0.0000 1.0000 0.0000 0.0000	</row1>
			<row2>	0.0000 0.0000 -1.0000 0.0000	</row2>
			<row3>	0.2847 0.3328 -1.4789 1.0000	</row3>
		</transform>
	</node>
	<node>
		<identifier>	MP_GM035_LifeBuoy_Mount_INDEX_5	</identifier>
		<parent>	Scene Root	</parent>
		<transform>
			<row0>	-0.9991 0.0000 0.0415 0.0000	</row0>
			<row1>	0.0000 1.0000 0.0000 0.0000	</row1>
			<row2>	-0.0415 0.0000 -0.9991 0.0000	</row2>
			<row3>	0.6885 0.2052 -3.5051 1.0000	</row3>
		</transform>
	</node>
	<node>
		<identifier>	MP_GM065_Firelead	</identifier>
		<parent>	Scene Root	</parent>
		<transform>
			<row0>	0.9988 0.0000 -0.0499 0.0000	</row0>
			<row1>	0.0000 1.0000 0.0000 0.0000	</row1>
			<row2>	0.0499 0.0000 0.9988 0.0000	</row2>
			<row3>	0.9434 0.1087 -2.1024 1.0000	</row3>
		</transform>
	</node>
	<node>
		<identifier>	MP_GM065_Firelead_INDEX_1	</identifier>
		<parent>	Scene Root	</parent>
		<transform>
			<row0>	0.9988 0.0000 0.0499 0.0000	</row0>
			<row1>	0.0000 1.0000 0.0000 0.0000	</row1>
			<row2>	-0.0499 0.0000 0.9988 0.0000	</row2>
			<row3>	-0.9434 0.1087 -2.1024 1.0000	</row3>
		</transform>
	</node>
	<node>
		<identifier>	MP_GM503_Long_Boat_8m	</identifier>
		<parent>	Scene Root	</parent>
		<transform>
			<row0>	1.0000 0.0000 0.0000 0.0000	</row0>
			<row1>	0.0000 1.0000 0.0000 0.0000	</row1>
			<row2>	0.0000 0.0000 1.0000 0.0000	</row2>
			<row3>	-0.0795 0.4990 -0.0638 1.0000	</row3>
		</transform>
	</node>
	<node>
		<identifier>	MP_GM503_Long_Boat_8m_INDEX_1	</identifier>
		<parent>	Scene Root	</parent>
		<transform>
			<row0>	1.0000 0.0000 0.0000 0.0000	</row0>
			<row1>	0.0000 1.0000 0.0000 0.0000	</row1>
			<row2>	0.0000 0.0000 1.0000 0.0000	</row2>
			<row3>	0.0795 0.4990 -0.0638 1.0000	</row3>
		</transform>
	</node>
	<node>
		<identifier>	MP_GM512_Trafficboat_11_7m	</identifier>
		<parent>	Scene Root	</parent>
		<transform>
			<row0>	1.0000 0.0000 0.0000 0.0000	</row0>
			<row1>	0.0000 1.0000 0.0000 0.0000	</row1>
			<row2>	0.0000 0.0000 1.0000 0.0000	</row2>
			<row3>	-0.3012 0.4752 -0.0673 1.0000	</row3>
		</transform>
	</node>
	<node>
		<identifier>	MP_GM512_Trafficboat_11_7m_INDEX_1	</identifier>
		<parent>	Scene Root	</parent>
		<transform>
			<row0>	1.0000 0.0000 0.0000 0.0000	</row0>
			<row1>	0.0000 1.0000 0.0000 0.0000	</row1>
			<row2>	0.0000 0.0000 1.0000 0.0000	</row2>
			<row3>	0.3012 0.4752 -0.0673 1.0000	</row3>
		</transform>
	</node>
	<node>
		<identifier>	MP_GM532_Float	</identifier>
		<parent>	Scene Root	</parent>
		<transform>
			<row0>	0.0000 0.0000 -1.0000 0.0000	</row0>
			<row1>	0.0000 1.0000 0.0000 0.0000	</row1>
			<row2>	1.0000 0.0000 0.0000 0.0000	</row2>
			<row3>	0.7498 0.1063 -1.9338 1.0000	</row3>
		</transform>
	</node>
	<node>
		<identifier>	MP_GM532_Float_INDEX_1	</identifier>
		<parent>	Scene Root	</parent>
		<transform>
			<row0>	-0.9967 0.0000 -0.0818 0.0000	</row0>
			<row1>	0.0000 1.0000 0.0000 0.0000	</row1>
			<row2>	0.0818 0.0000 -0.9967 0.0000	</row2>
			<row3>	0.6740 0.2664 -0.5661 1.0000	</row3>
		</transform>
	</node>
	<node>
		<identifier>	MP_GM532_Float_INDEX_2	</identifier>
		<parent>	Scene Root	</parent>
		<transform>
			<row0>	0.0000 0.0000 1.0000 0.0000	</row0>
			<row1>	0.0000 1.0000 0.0000 0.0000	</row1>
			<row2>	-1.0000 0.0000 0.0000 0.0000	</row2>
			<row3>	-0.7498 0.1063 -1.9338 1.0000	</row3>
		</transform>
	</node>
	<node>
		<identifier>	MP_GM532_Float_INDEX_3	</identifier>
		<parent>	Scene Root	</parent>
		<transform>
			<row0>	0.9966 0.0000 -0.0822 0.0000	</row0>
			<row1>	0.0000 1.0000 0.0000 0.0000	</row1>
			<row2>	0.0822 0.0000 0.9966 0.0000	</row2>
			<row3>	0.6436 0.2664 0.3828 1.0000	</row3>
		</transform>
	</node>
	<node>
		<identifier>	MP_GM532_Float_INDEX_4	</identifier>
		<parent>	Scene Root	</parent>
		<transform>
			<row0>	0.9966 0.0000 0.0822 0.0000	</row0>
			<row1>	0.0000 1.0000 0.0000 0.0000	</row1>
			<row2>	-0.0822 0.0000 0.9966 0.0000	</row2>
			<row3>	-0.6436 0.2664 0.3828 1.0000	</row3>
		</transform>
	</node>
	<node>
		<identifier>	MP_GM532_Float_INDEX_5	</identifier>
		<parent>	Scene Root	</parent>
		<transform>
			<row0>	-0.9967 0.0000 0.0818 0.0000	</row0>
			<row1>	0.0000 1.0000 0.0000 0.0000	</row1>
			<row2>	-0.0818 0.0000 -0.9967 0.0000	</row2>
			<row3>	-0.6740 0.2664 -0.5661 1.0000	</row3>
		</transform>
	</node>
	<node>
		<identifier>	MP_GM532_Float_INDEX_6	</identifier>
		<parent>	Scene Root	</parent>
		<transform>
			<row0>	-0.0415 0.0000 0.9991 0.0000	</row0>
			<row1>	0.0000 1.0000 0.0000 0.0000	</row1>
			<row2>	-0.9991 0.0000 -0.0415 0.0000	</row2>
			<row3>	-0.7040 0.1063 -3.1294 1.0000	</row3>
		</transform>
	</node>
	<node>
		<identifier>	MP_GM532_Float_INDEX_7	</identifier>
		<parent>	Scene Root	</parent>
		<transform>
			<row0>	-0.0415 0.0000 0.9991 0.0000	</row0>
			<row1>	0.0000 1.0000 0.0000 0.0000	</row1>
			<row2>	-0.9991 0.0000 -0.0415 0.0000	</row2>
			<row3>	-0.7396 0.1063 -2.2732 1.0000	</row3>
		</transform>
	</node>
	<node>
		<identifier>	MP_GM532_Float_INDEX_8	</identifier>
		<parent>	Scene Root	</parent>
		<transform>
			<row0>	-0.0415 0.0000 0.9991 0.0000	</row0>
			<row1>	0.0000 1.0000 0.0000 0.0000	</row1>
			<row2>	-0.9991 0.0000 -0.0415 0.0000	</row2>
			<row3>	-0.7464 0.1063 -2.1083 1.0000	</row3>
		</transform>
	</node>
	<node>
		<identifier>	MP_GM532_Float_INDEX_9	</identifier>
		<parent>	Scene Root	</parent>
		<transform>
			<row0>	-0.0415 0.0000 -0.9991 0.0000	</row0>
			<row1>	0.0000 1.0000 0.0000 0.0000	</row1>
			<row2>	0.9991 0.0000 -0.0415 0.0000	</row2>
			<row3>	0.7040 0.1063 -3.1294 1.0000	</row3>
		</transform>
	</node>
	<node>
		<identifier>	MP_GM601_Switch_Box_2	</identifier>
		<parent>	Scene Root	</parent>
		<transform>
			<row0>	-0.2971 0.0000 -0.9548 0.0000	</row0>
			<row1>	0.0000 1.0000 0.0000 0.0000	</row1>
			<row2>	0.9548 0.0000 -0.2971 0.0000	</row2>
			<row3>	0.2596 0.3690 -1.6535 1.0000	</row3>
		</transform>
	</node>
	<node>
		<identifier>	MP_GM601_Switch_Box_2_INDEX_1	</identifier>
		<parent>	Scene Root	</parent>
		<transform>
			<row0>	-0.2971 0.0000 0.9548 0.0000	</row0>
			<row1>	0.0000 1.0000 0.0000 0.0000	</row1>
			<row2>	-0.9548 0.0000 -0.2971 0.0000	</row2>
			<row3>	-0.2648 0.3602 -1.6365 1.0000	</row3>
		</transform>
	</node>
	<node>
		<identifier>	MP_GM601_Switch_Box_2_INDEX_2	</identifier>
		<parent>	Scene Root	</parent>
		<transform>
			<row0>	-0.2971 0.0000 0.9548 0.0000	</row0>
			<row1>	0.0000 1.0000 0.0000 0.0000	</row1>
			<row2>	-0.9548 0.0000 -0.2971 0.0000	</row2>
			<row3>	-0.2596 0.3690 -1.6535 1.0000	</row3>
		</transform>
	</node>
	<node>
		<identifier>	MP_GM601_Switch_Box_2_INDEX_3	</identifier>
		<parent>	Scene Root	</parent>
		<transform>
			<row0>	-0.2971 0.0000 -0.9548 0.0000	</row0>
			<row1>	0.0000 1.0000 0.0000 0.0000	</row1>
			<row2>	0.9548 0.0000 -0.2971 0.0000	</row2>
			<row3>	0.2648 0.3602 -1.6365 1.0000	</row3>
		</transform>
	</node>
	<node>
		<identifier>	MP_GM608_Bell	</identifier>
		<parent>	Scene Root	</parent>
		<transform>
			<row0>	1.0500 0.0000 0.0000 0.0000	</row0>
			<row1>	0.0000 1.0500 0.0000 0.0000	</row1>
			<row2>	0.0000 0.0000 1.0500 0.0000	</row2>
			<row3>	-0.0442 0.6726 -1.0050 1.0000	</row3>
		</transform>
	</node>
	<node>
		<identifier>	MP_GM608_Bell_INDEX_1	</identifier>
		<parent>	Scene Root	</parent>
		<transform>
			<row0>	-0.3120 0.0000 -1.0026 0.0000	</row0>
			<row1>	0.0000 1.0500 0.0000 0.0000	</row1>
			<row2>	1.0026 0.0000 -0.3120 0.0000	</row2>
			<row3>	0.2525 0.3681 -1.6770 1.0000	</row3>
		</transform>
	</node>
	<node>
		<identifier>	MP_GM608_Bell_INDEX_2	</identifier>
		<parent>	Scene Root	</parent>
		<transform>
			<row0>	0.0000 0.0000 1.0000 0.0000	</row0>
			<row1>	0.0000 1.0000 0.0000 0.0000	</row1>
			<row2>	-1.0000 0.0000 0.0000 0.0000	</row2>
			<row3>	-0.2340 0.5151 -0.9282 1.0000	</row3>
		</transform>
	</node>
	<node>
		<identifier>	MP_GM608_Bell_INDEX_3	</identifier>
		<parent>	Scene Root	</parent>
		<transform>
			<row0>	0.0000 0.0000 -1.0000 0.0000	</row0>
			<row1>	0.0000 1.0000 0.0000 0.0000	</row1>
			<row2>	1.0000 0.0000 0.0000 0.0000	</row2>
			<row3>	0.2340 0.5151 -0.9295 1.0000	</row3>
		</transform>
	</node>
	<node>
		<identifier>	MP_GM608_Bell_INDEX_4	</identifier>
		<parent>	Scene Root	</parent>
		<transform>
			<row0>	-0.3120 0.0000 1.0026 0.0000	</row0>
			<row1>	0.0000 1.0500 0.0000 0.0000	</row1>
			<row2>	-1.0026 0.0000 -0.3120 0.0000	</row2>
			<row3>	-0.2525 0.3682 -1.6770 1.0000	</row3>
		</transform>
	</node>
	<node>
		<identifier>	MP_GM610_Switch_Box_6	</identifier>
		<parent>	Scene Root	</parent>
		<transform>
			<row0>	0.0000 0.0000 -1.0000 0.0000	</row0>
			<row1>	0.0000 1.0000 0.0000 0.0000	</row1>
			<row2>	1.0000 0.0000 0.0000 0.0000	</row2>
			<row3>	0.1403 0.4609 -0.6330 1.0000	</row3>
		</transform>
	</node>
	<node>
		<identifier>	MP_GM610_Switch_Box_6_INDEX_1	</identifier>
		<parent>	Scene Root	</parent>
		<transform>
			<row0>	0.0000 0.0000 1.0000 0.0000	</row0>
			<row1>	0.0000 1.0000 0.0000 0.0000	</row1>
			<row2>	-1.0000 0.0000 0.0000 0.0000	</row2>
			<row3>	-0.2845 0.3089 -1.5561 1.0000	</row3>
		</transform>
	</node>
	<node>
		<identifier>	MP_GM610_Switch_Box_6_INDEX_2	</identifier>
		<parent>	Scene Root	</parent>
		<transform>
			<row0>	0.0000 0.0000 1.0000 0.0000	</row0>
			<row1>	0.0000 1.0000 0.0000 0.0000	</row1>
			<row2>	-1.0000 0.0000 0.0000 0.0000	</row2>
			<row3>	-0.1403 0.4609 -0.6330 1.0000	</row3>
		</transform>
	</node>
	<node>
		<identifier>	MP_GM610_Switch_Box_6_INDEX_3	</identifier>
		<parent>	Scene Root	</parent>
		<transform>
			<row0>	0.0000 0.0000 -1.0000 0.0000	</row0>
			<row1>	0.0000 1.0000 0.0000 0.0000	</row1>
			<row2>	1.0000 0.0000 0.0000 0.0000	</row2>
			<row3>	0.1403 0.4609 -0.6038 1.0000	</row3>
		</transform>
	</node>
	<node>
		<identifier>	MP_GM610_Switch_Box_6_INDEX_4	</identifier>
		<parent>	Scene Root	</parent>
		<transform>
			<row0>	0.0000 0.0000 1.0000 0.0000	</row0>
			<row1>	0.0000 1.0000 0.0000 0.0000	</row1>
			<row2>	-1.0000 0.0000 0.0000 0.0000	</row2>
			<row3>	-0.1403 0.4609 -0.6038 1.0000	</row3>
		</transform>
	</node>
	<node>
		<identifier>	MP_GM610_Switch_Box_6_INDEX_5	</identifier>
		<parent>	Scene Root	</parent>
