<FSB034_Picardie_1939_MidBack.skel_ext>
	<exported>	true	</exported>
	<node>
		<identifier>	MP_CM002_Propeller4_L	</identifier>
		<parent>	Scene Root	</parent>
		<transform>
			<row0>	1.1095 -0.0001 -0.0327 0.0000	</row0>
			<row1>	-0.0001 1.1100 -0.0087 0.0000	</row1>
			<row2>	0.0327 0.0087 1.1095 0.0000	</row2>
			<row3>	-0.5280 -0.4767 -4.7178 1.0000	</row3>
		</transform>
	</node>
	<node>
		<identifier>	MP_CM011_Fire_Fighting_Gear	</identifier>
		<parent>	Scene Root	</parent>
		<transform>
			<row0>	0.0000 0.0000 1.0000 0.0000	</row0>
			<row1>	0.0000 1.0000 0.0000 0.0000	</row1>
			<row2>	-1.0000 0.0000 0.0000 0.0000	</row2>
			<row3>	0.4352 0.2704 -0.4349 1.0000	</row3>
		</transform>
	</node>
	<node>
		<identifier>	MP_CM011_Fire_Fighting_Gear_INDEX_1	</identifier>
		<parent>	Scene Root	</parent>
		<transform>
			<row0>	-0.7308 0.0000 0.6826 0.0000	</row0>
			<row1>	0.0000 1.0000 0.0000 0.0000	</row1>
			<row2>	-0.6826 0.0000 -0.7308 0.0000	</row2>
			<row3>	0.4734 0.2704 -1.5435 1.0000	</row3>
		</transform>
	</node>
	<node>
		<identifier>	MP_CM011_Fire_Fighting_Gear_INDEX_2	</identifier>
		<parent>	Scene Root	</parent>
		<transform>
			<row0>	0.6867 0.0000 -0.7269 0.0000	</row0>
			<row1>	0.0000 1.0000 0.0000 0.0000	</row1>
			<row2>	0.7269 0.0000 0.6867 0.0000	</row2>
			<row3>	-0.5269 0.2704 -3.0367 1.0000	</row3>
		</transform>
	</node>
	<node>
		<identifier>	MP_CM011_Fire_Fighting_Gear_INDEX_3	</identifier>
		<parent>	Scene Root	</parent>
		<transform>
			<row0>	0.0000 0.0000 -1.0000 0.0000	</row0>
			<row1>	0.0000 1.0000 0.0000 0.0000	</row1>
			<row2>	1.0000 0.0000 0.0000 0.0000	</row2>
			<row3>	-0.4352 0.2704 -0.4166 1.0000	</row3>
		</transform>
	</node>
	<node>
		<identifier>	MP_CM011_Fire_Fighting_Gear_INDEX_4	</identifier>
		<parent>	Scene Root	</parent>
		<transform>
			<row0>	-0.7308 0.0000 -0.6826 0.0000	</row0>
			<row1>	0.0000 1.0000 0.0000 0.0000	</row1>
			<row2>	0.6826 0.0000 -0.7308 0.0000	</row2>
			<row3>	-0.4734 0.2704 -1.5435 1.0000	</row3>
		</transform>
	</node>
	<node>
		<identifier>	MP_CM011_Fire_Fighting_Gear_INDEX_5	</identifier>
		<parent>	Scene Root	</parent>
		<transform>
			<row0>	0.6867 0.0000 0.7269 0.0000	</row0>
			<row1>	0.0000 1.0000 0.0000 0.0000	</row1>
			<row2>	-0.7269 0.0000 0.6867 0.0000	</row2>
			<row3>	0.5269 0.2704 -3.0367 1.0000	</row3>
		</transform>
	</node>
	<node>
		<identifier>	MP_CM011_Fire_Fighting_Gear_INDEX_6	</identifier>
		<parent>	Scene Root	</parent>
		<transform>
			<row0>	0.5493 0.0000 -0.8356 0.0000	</row0>
			<row1>	0.0000 1.0000 0.0000 0.0000	</row1>
			<row2>	0.8356 0.0000 0.5493 0.0000	</row2>
			<row3>	-0.4687 0.2704 0.5544 1.0000	</row3>
		</transform>
	</node>
	<node>
		<identifier>	MP_CM011_Fire_Fighting_Gear_INDEX_7	</identifier>
		<parent>	Scene Root	</parent>
		<transform>
			<row0>	0.5493 0.0000 0.8356 0.0000	</row0>
			<row1>	0.0000 1.0000 0.0000 0.0000	</row1>
			<row2>	-0.8356 0.0000 0.5493 0.0000	</row2>
			<row3>	0.4687 0.2704 0.5544 1.0000	</row3>
		</transform>
	</node>
	<node>
		<identifier>	MP_CM011_Fire_Fighting_Gear_INDEX_8	</identifier>
		<parent>	Scene Root	</parent>
		<transform>
			<row0>	0.0159 0.0000 -0.9999 0.0000	</row0>
			<row1>	0.0000 1.0000 0.0000 0.0000	</row1>
			<row2>	0.9999 0.0000 0.0159 0.0000	</row2>
			<row3>	-0.1980 0.4322 -1.3627 1.0000	</row3>
		</transform>
	</node>
	<node>
		<identifier>	MP_CM011_Fire_Fighting_Gear_INDEX_9	</identifier>
		<parent>	Scene Root	</parent>
		<transform>
			<row0>	0.0159 0.0000 0.9999 0.0000	</row0>
			<row1>	0.0000 1.0000 0.0000 0.0000	</row1>
			<row2>	-0.9999 0.0000 0.0159 0.0000	</row2>
			<row3>	0.1980 0.4322 -1.3627 1.0000	</row3>
		</transform>
	</node>
	<node>
		<identifier>	MP_CM012_Fire_Hose_Rack_1	</identifier>
		<parent>	Scene Root	</parent>
		<transform>
			<row0>	0.8351 0.0000 0.5501 0.0000	</row0>
			<row1>	0.0000 1.0000 0.0000 0.0000	</row1>
			<row2>	-0.5501 0.0000 0.8351 0.0000	</row2>
			<row3>	-0.4430 0.3373 0.5331 1.0000	</row3>
		</transform>
	</node>
	<node>
		<identifier>	MP_CM012_Fire_Hose_Rack_1_INDEX_1	</identifier>
		<parent>	Scene Root	</parent>
		<transform>
			<row0>	-0.7243 0.0000 0.6895 0.0000	</row0>
			<row1>	0.0000 1.0000 0.0000 0.0000	</row1>
			<row2>	-0.6895 0.0000 -0.7243 0.0000	</row2>
			<row3>	0.4954 0.3373 -3.0548 1.0000	</row3>
		</transform>
	</node>
	<node>
		<identifier>	MP_CM012_Fire_Hose_Rack_1_INDEX_2	</identifier>
		<parent>	Scene Root	</parent>
		<transform>
			<row0>	1.0000 0.0000 0.0000 0.0000	</row0>
			<row1>	0.0000 1.0000 0.0000 0.0000	</row1>
			<row2>	0.0000 0.0000 1.0000 0.0000	</row2>
			<row3>	-0.4252 0.3373 -0.3806 1.0000	</row3>
		</transform>
	</node>
	<node>
		<identifier>	MP_CM012_Fire_Hose_Rack_1_INDEX_3	</identifier>
		<parent>	Scene Root	</parent>
		<transform>
			<row0>	-0.8348 0.0000 0.5505 0.0000	</row0>
			<row1>	0.0000 1.0000 0.0000 0.0000	</row1>
			<row2>	-0.5505 0.0000 -0.8348 0.0000	</row2>
			<row3>	0.4435 0.3373 0.5328 1.0000	</row3>
		</transform>
	</node>
	<node>
		<identifier>	MP_CM012_Fire_Hose_Rack_1_INDEX_4	</identifier>
		<parent>	Scene Root	</parent>
		<transform>
			<row0>	-0.6770 0.0000 -0.7360 0.0000	</row0>
			<row1>	0.0000 1.0000 0.0000 0.0000	</row1>
			<row2>	0.7360 0.0000 -0.6770 0.0000	</row2>
			<row3>	0.5032 0.3373 -1.5865 1.0000	</row3>
		</transform>
	</node>
	<node>
		<identifier>	MP_CM012_Fire_Hose_Rack_1_INDEX_5	</identifier>
		<parent>	Scene Root	</parent>
		<transform>
			<row0>	-1.0000 0.0000 0.0000 0.0000	</row0>
			<row1>	0.0000 1.0000 0.0000 0.0000	</row1>
			<row2>	0.0000 0.0000 -1.0000 0.0000	</row2>
			<row3>	0.4252 0.3373 -0.3806 1.0000	</row3>
		</transform>
	</node>
	<node>
		<identifier>	MP_CM012_Fire_Hose_Rack_1_INDEX_6	</identifier>
		<parent>	Scene Root	</parent>
		<transform>
			<row0>	0.6798 0.0000 -0.7334 0.0000	</row0>
			<row1>	0.0000 1.0000 0.0000 0.0000	</row1>
			<row2>	0.7334 0.0000 0.6798 0.0000	</row2>
			<row3>	-0.5032 0.3373 -1.5865 1.0000	</row3>
		</transform>
	</node>
	<node>
		<identifier>	MP_CM012_Fire_Hose_Rack_1_INDEX_7	</identifier>
		<parent>	Scene Root	</parent>
		<transform>
			<row0>	0.7300 0.0000 0.6834 0.0000	</row0>
			<row1>	0.0000 1.0000 0.0000 0.0000	</row1>
			<row2>	-0.6834 0.0000 0.7300 0.0000	</row2>
			<row3>	-0.4954 0.3373 -3.0548 1.0000	</row3>
		</transform>
	</node>
	<node>
		<identifier>	MP_CM012_Fire_Hose_Rack_1_INDEX_8	</identifier>
		<parent>	Scene Root	</parent>
		<transform>
			<row0>	1.0000 0.0000 0.0000 0.0000	</row0>
			<row1>	0.0000 1.0000 0.0000 0.0000	</row1>
			<row2>	0.0000 0.0000 1.0000 0.0000	</row2>
			<row3>	-0.1803 0.5300 -1.3269 1.0000	</row3>
		</transform>
	</node>
	<node>
		<identifier>	MP_CM012_Fire_Hose_Rack_1_INDEX_9	</identifier>
		<parent>	Scene Root	</parent>
		<transform>
			<row0>	-1.0000 0.0000 0.0000 0.0000	</row0>
			<row1>	0.0000 1.0000 0.0000 0.0000	</row1>
			<row2>	0.0000 0.0000 -1.0000 0.0000	</row2>
			<row3>	0.1803 0.5300 -1.3269 1.0000	</row3>
		</transform>
	</node>
	<node>
		<identifier>	MP_CM014_Fuel_Oil_Hose	</identifier>
		<parent>	Scene Root	</parent>
		<transform>
			<row0>	1.0000 0.0000 0.0000 0.0000	</row0>
			<row1>	0.0000 1.0000 0.0000 0.0000	</row1>
			<row2>	0.0000 0.0000 1.0000 0.0000	</row2>
			<row3>	-0.5637 0.3317 -2.7065 1.0000	</row3>
		</transform>
	</node>
	<node>
		<identifier>	MP_CM014_Fuel_Oil_Hose_INDEX_1	</identifier>
		<parent>	Scene Root	</parent>
		<transform>
			<row0>	-1.0000 0.0000 0.0000 0.0000	</row0>
			<row1>	0.0000 -1.0000 0.0000 0.0000	</row1>
			<row2>	0.0000 0.0000 1.0000 0.0000	</row2>
			<row3>	0.5637 0.3317 -2.7065 1.0000	</row3>
		</transform>
	</node>
	<node>
		<identifier>	MP_CM014_Fuel_Oil_Hose_INDEX_2	</identifier>
		<parent>	Scene Root	</parent>
		<transform>
			<row0>	-1.0000 0.0000 0.0000 0.0000	</row0>
			<row1>	0.0000 -1.0000 0.0000 0.0000	</row1>
			<row2>	0.0000 0.0000 1.0000 0.0000	</row2>
			<row3>	0.4262 0.3028 -0.5355 1.0000	</row3>
		</transform>
	</node>
	<node>
		<identifier>	MP_CM014_Fuel_Oil_Hose_INDEX_3	</identifier>
		<parent>	Scene Root	</parent>
		<transform>
			<row0>	1.0000 0.0000 0.0000 0.0000	</row0>
			<row1>	0.0000 1.0000 0.0000 0.0000	</row1>
			<row2>	0.0000 0.0000 1.0000 0.0000	</row2>
			<row3>	-0.5637 0.3031 -2.7066 1.0000	</row3>
		</transform>
	</node>
	<node>
		<identifier>	MP_CM014_Fuel_Oil_Hose_INDEX_4	</identifier>
		<parent>	Scene Root	</parent>
		<transform>
			<row0>	1.0000 0.0000 0.0000 0.0000	</row0>
			<row1>	0.0000 1.0000 0.0000 0.0000	</row1>
			<row2>	0.0000 0.0000 1.0000 0.0000	</row2>
			<row3>	-0.4262 0.3028 -0.5355 1.0000	</row3>
		</transform>
	</node>
	<node>
		<identifier>	MP_CM014_Fuel_Oil_Hose_INDEX_5	</identifier>
		<parent>	Scene Root	</parent>
		<transform>
			<row0>	-1.0000 0.0000 0.0000 0.0000	</row0>
			<row1>	0.0000 -1.0000 0.0000 0.0000	</row1>
			<row2>	0.0000 0.0000 1.0000 0.0000	</row2>
			<row3>	0.5637 0.3031 -2.7066 1.0000	</row3>
		</transform>
	</node>
	<node>
		<identifier>	MP_CM014_Fuel_Oil_Hose_INDEX_6	</identifier>
		<parent>	Scene Root	</parent>
		<transform>
			<row0>	1.0000 0.0000 0.0000 0.0000	</row0>
			<row1>	0.0000 1.0000 0.0000 0.0000	</row1>
			<row2>	0.0000 0.0000 1.0000 0.0000	</row2>
			<row3>	-0.4262 0.3317 -0.5355 1.0000	</row3>
		</transform>
	</node>
	<node>
		<identifier>	MP_CM014_Fuel_Oil_Hose_INDEX_7	</identifier>
		<parent>	Scene Root	</parent>
		<transform>
			<row0>	-1.0000 0.0000 0.0000 0.0000	</row0>
			<row1>	0.0000 -1.0000 0.0000 0.0000	</row1>
			<row2>	0.0000 0.0000 1.0000 0.0000	</row2>
			<row3>	0.4262 0.3317 -0.5355 1.0000	</row3>
		</transform>
	</node>
	<node>
		<identifier>	MP_CM029_Emergency_Box	</identifier>
		<parent>	Scene Root	</parent>
		<transform>
			<row0>	0.5514 0.0000 -0.8342 0.0000	</row0>
			<row1>	0.0000 1.0000 0.0000 0.0000	</row1>
			<row2>	0.8342 0.0000 0.5514 0.0000	</row2>
			<row3>	-0.5125 0.3433 0.6269 1.0000	</row3>
		</transform>
	</node>
	<node>
		<identifier>	MP_CM029_Emergency_Box_INDEX_1	</identifier>
		<parent>	Scene Root	</parent>
		<transform>
			<row0>	0.0000 0.0000 1.0000 0.0000	</row0>
			<row1>	0.0000 1.0000 0.0000 0.0000	</row1>
			<row2>	-1.0000 0.0000 0.0000 0.0000	</row2>
			<row3>	0.5676 0.3483 -2.9271 1.0000	</row3>
		</transform>
	</node>
	<node>
		<identifier>	MP_CM029_Emergency_Box_INDEX_2	</identifier>
		<parent>	Scene Root	</parent>
		<transform>
			<row0>	0.0000 0.0000 -1.0000 0.0000	</row0>
			<row1>	0.0000 1.0000 0.0000 0.0000	</row1>
			<row2>	1.0000 0.0000 0.0000 0.0000	</row2>
			<row3>	-0.4308 0.3483 -0.7012 1.0000	</row3>
		</transform>
	</node>
	<node>
		<identifier>	MP_CM029_Emergency_Box_INDEX_3	</identifier>
		<parent>	Scene Root	</parent>
		<transform>
			<row0>	-0.5547 0.0000 -0.8321 0.0000	</row0>
			<row1>	0.0000 1.0000 0.0000 0.0000	</row1>
			<row2>	0.8321 0.0000 -0.5547 0.0000	</row2>
			<row3>	-0.1224 1.0170 -1.1195 1.0000	</row3>
		</transform>
	</node>
	<node>
		<identifier>	MP_CM029_Emergency_Box_INDEX_4	</identifier>
		<parent>	Scene Root	</parent>
		<transform>
			<row0>	-0.5547 0.0000 0.8321 0.0000	</row0>
			<row1>	0.0000 1.0000 0.0000 0.0000	</row1>
			<row2>	-0.8321 0.0000 -0.5547 0.0000	</row2>
			<row3>	0.1224 1.0170 -1.1195 1.0000	</row3>
		</transform>
	</node>
	<node>
		<identifier>	MP_CM029_Emergency_Box_INDEX_5	</identifier>
		<parent>	Scene Root	</parent>
		<transform>
			<row0>	0.0000 0.0000 1.0000 0.0000	</row0>
			<row1>	0.0000 1.0000 0.0000 0.0000	</row1>
			<row2>	-1.0000 0.0000 0.0000 0.0000	</row2>
			<row3>	0.4308 0.3483 -0.7012 1.0000	</row3>
		</transform>
	</node>
	<node>
		<identifier>	MP_CM029_Emergency_Box_INDEX_6	</identifier>
		<parent>	Scene Root	</parent>
		<transform>
			<row0>	0.5514 0.0000 0.8342 0.0000	</row0>
			<row1>	0.0000 1.0000 0.0000 0.0000	</row1>
			<row2>	-0.8342 0.0000 0.5514 0.0000	</row2>
			<row3>	0.5125 0.3433 0.6269 1.0000	</row3>
		</transform>
	</node>
	<node>
		<identifier>	MP_CM029_Emergency_Box_INDEX_7	</identifier>
		<parent>	Scene Root	</parent>
		<transform>
			<row0>	0.0000 0.0000 -1.0000 0.0000	</row0>
			<row1>	0.0000 1.0000 0.0000 0.0000	</row1>
			<row2>	1.0000 0.0000 0.0000 0.0000	</row2>
			<row3>	-0.5676 0.3483 -2.9271 1.0000	</row3>
		</transform>
	</node>
	<node>
		<identifier>	MP_CM030_Swab_Rack_2	</identifier>
		<parent>	Scene Root	</parent>
		<transform>
			<row0>	-0.3843 0.0000 0.9232 0.0000	</row0>
			<row1>	0.0000 1.0000 0.0000 0.0000	</row1>
			<row2>	-0.9232 0.0000 -0.3843 0.0000	</row2>
			<row3>	-0.2668 0.2692 0.2493 1.0000	</row3>
		</transform>
	</node>
	<node>
		<identifier>	MP_CM030_Swab_Rack_2_INDEX_1	</identifier>
		<parent>	Scene Root	</parent>
		<transform>
			<row0>	-0.3843 0.0000 -0.9232 0.0000	</row0>
			<row1>	0.0000 1.0000 0.0000 0.0000	</row1>
			<row2>	0.9232 0.0000 -0.3843 0.0000	</row2>
			<row3>	0.2668 0.2692 0.2493 1.0000	</row3>
		</transform>
	</node>
	<node>
		<identifier>	MP_CM033_Propeller4_R	</identifier>
		<parent>	Scene Root	</parent>
		<transform>
			<row0>	1.1096 0.0002 0.0303 0.0000	</row0>
			<row1>	0.0000 1.1099 -0.0111 0.0000	</row1>
			<row2>	-0.0303 0.0111 1.1095 0.0000	</row2>
			<row3>	0.5280 -0.4767 -4.7178 1.0000	</row3>
		</transform>
	</node>
	<node>
		<identifier>	MP_CM052_Fender	</identifier>
		<parent>	Scene Root	</parent>
		<transform>
			<row0>	-0.5509 0.0000 0.8346 0.0000	</row0>
			<row1>	0.0000 1.0000 0.0000 0.0000	</row1>
			<row2>	-0.8346 0.0000 -0.5509 0.0000	</row2>
			<row3>	-0.7346 0.2755 0.9210 1.0000	</row3>
		</transform>
	</node>
	<node>
		<identifier>	MP_CM052_Fender_INDEX_1	</identifier>
		<parent>	Scene Root	</parent>
		<transform>
			<row0>	-0.5509 0.0000 -0.8346 0.0000	</row0>
			<row1>	0.0000 1.0000 0.0000 0.0000	</row1>
			<row2>	0.8346 0.0000 -0.5509 0.0000	</row2>
			<row3>	0.7861 0.2755 0.9991 1.0000	</row3>
		</transform>
	</node>
	<node>
		<identifier>	MP_CM052_Fender_INDEX_2	</identifier>
		<parent>	Scene Root	</parent>
		<transform>
			<row0>	-0.5509 0.0000 0.8346 0.0000	</row0>
			<row1>	0.0000 1.0000 0.0000 0.0000	</row1>
			<row2>	-0.8346 0.0000 -0.5509 0.0000	</row2>
			<row3>	-0.7861 0.2755 0.9991 1.0000	</row3>
		</transform>
	</node>
	<node>
		<identifier>	MP_CM052_Fender_INDEX_3	</identifier>
		<parent>	Scene Root	</parent>
		<transform>
			<row0>	-0.5509 0.0000 -0.8346 0.0000	</row0>
			<row1>	0.0000 1.0000 0.0000 0.0000	</row1>
			<row2>	0.8346 0.0000 -0.5509 0.0000	</row2>
			<row3>	0.7346 0.2755 0.9210 1.0000	</row3>
		</transform>
	</node>
	<node>
		<identifier>	MP_CM079_Fender	</identifier>
		<parent>	Scene Root	</parent>
		<transform>
			<row0>	-0.0937 0.0000 -0.9956 0.0000	</row0>
			<row1>	-0.9956 0.0000 0.0937 0.0000	</row1>
			<row2>	0.0000 1.0000 0.0000 0.0000	</row2>
			<row3>	0.7331 0.2692 -4.2483 1.0000	</row3>
		</transform>
	</node>
	<node>
		<identifier>	MP_CM079_Fender_INDEX_1	</identifier>
		<parent>	Scene Root	</parent>
		<transform>
			<row0>	-0.0023 0.0000 1.0000 0.0000	</row0>
			<row1>	1.0000 0.0000 0.0023 0.0000	</row1>
			<row2>	0.0000 1.0000 0.0000 0.0000	</row2>
			<row3>	-0.9013 0.2692 -0.1347 1.0000	</row3>
		</transform>
	</node>
	<node>
		<identifier>	MP_CM079_Fender_INDEX_2	</identifier>
		<parent>	Scene Root	</parent>
		<transform>
			<row0>	-0.0175 0.0000 0.9998 0.0000	</row0>
			<row1>	0.9998 0.0000 0.0175 0.0000	</row1>
			<row2>	0.0000 1.0000 0.0000 0.0000	</row2>
			<row3>	-0.8777 0.2692 -1.4409 1.0000	</row3>
		</transform>
	</node>
	<node>
		<identifier>	MP_CM079_Fender_INDEX_3	</identifier>
		<parent>	Scene Root	</parent>
		<transform>
			<row0>	-0.0468 0.0000 -0.9989 0.0000	</row0>
			<row1>	-0.9989 0.0000 0.0468 0.0000	</row1>
			<row2>	0.0000 1.0000 0.0000 0.0000	</row2>
			<row3>	0.8205 0.2692 -2.8931 1.0000	</row3>
		</transform>
	</node>
	<node>
		<identifier>	MP_CM079_Fender_INDEX_4	</identifier>
		<parent>	Scene Root	</parent>
		<transform>
			<row0>	-0.0175 0.0000 -0.9998 0.0000	</row0>
			<row1>	-0.9998 0.0000 0.0175 0.0000	</row1>
			<row2>	0.0000 1.0000 0.0000 0.0000	</row2>
			<row3>	0.8777 0.2692 -1.4409 1.0000	</row3>
		</transform>
	</node>
	<node>
		<identifier>	MP_CM079_Fender_INDEX_5	</identifier>
		<parent>	Scene Root	</parent>
		<transform>
			<row0>	-0.0023 0.0000 -1.0000 0.0000	</row0>
			<row1>	-1.0000 0.0000 0.0023 0.0000	</row1>
			<row2>	0.0000 1.0000 0.0000 0.0000	</row2>
			<row3>	0.9013 0.2692 -0.1347 1.0000	</row3>
		</transform>
	</node>
	<node>
		<identifier>	MP_CM079_Fender_INDEX_6	</identifier>
		<parent>	Scene Root	</parent>
		<transform>
			<row0>	-0.0468 0.0000 0.9989 0.0000	</row0>
			<row1>	0.9989 0.0000 0.0468 0.0000	</row1>
			<row2>	0.0000 1.0000 0.0000 0.0000	</row2>
			<row3>	-0.8205 0.2692 -2.8931 1.0000	</row3>
		</transform>
	</node>
	<node>
		<identifier>	MP_CM079_Fender_INDEX_7	</identifier>
		<parent>	Scene Root	</parent>
		<transform>
			<row0>	-0.0937 0.0000 0.9956 0.0000	</row0>
			<row1>	0.9956 0.0000 0.0937 0.0000	</row1>
			<row2>	0.0000 1.0000 0.0000 0.0000	</row2>
			<row3>	-0.7331 0.2692 -4.2483 1.0000	</row3>
		</transform>
	</node>
	<node>
		<identifier>	MP_CM126_Cleat	</identifier>
		<parent>	Scene Root	</parent>
		<transform>
			<row0>	1.0000 0.0000 0.0000 0.0000	</row0>
			<row1>	0.0000 0.0000 -1.0000 0.0000	</row1>
			<row2>	0.0000 1.0000 0.0000 0.0000	</row2>
			<row3>	0.0000 1.8558 -1.2290 1.0000	</row3>
		</transform>
	</node>
	<node>
		<identifier>	MP_FM005_Bench	</identifier>
		<parent>	Scene Root	</parent>
		<transform>
			<row0>	0.0000 0.0000 1.0000 0.0000	</row0>
			<row1>	0.0000 1.0000 0.0000 0.0000	</row1>
			<row2>	-1.0000 0.0000 0.0000 0.0000	</row2>
			<row3>	0.1407 0.2689 -4.6103 1.0000	</row3>
		</transform>
	</node>
	<node>
		<identifier>	MP_FM005_Bench_INDEX_1	</identifier>
		<parent>	Scene Root	</parent>
		<transform>
			<row0>	0.0000 0.0000 -1.0000 0.0000	</row0>
			<row1>	0.0000 1.0000 0.0000 0.0000	</row1>
			<row2>	1.0000 0.0000 0.0000 0.0000	</row2>
			<row3>	-0.1407 0.2689 -4.6103 1.0000	</row3>
		</transform>
	</node>
	<node>
		<identifier>	MP_FM009_Range_Concentration_Dials	</identifier>
		<parent>	Scene Root	</parent>
		<transform>
			<row0>	-1.0000 0.0000 0.0000 0.0000	</row0>
			<row1>	0.0000 1.0000 0.0000 0.0000	</row1>
			<row2>	0.0000 0.0000 -1.0000 0.0000	</row2>
			<row3>	0.0000 1.6151 -1.3211 1.0000	</row3>
		</transform>
	</node>
	<node>
		<identifier>	MP_FM011_Reels	</identifier>
		<parent>	Scene Root	</parent>
		<transform>
			<row0>	0.6057 0.0000 -0.9182 0.0000	</row0>
			<row1>	-0.9182 0.0000 -0.6057 0.0000	</row1>
			<row2>	0.0000 1.1000 0.0000 0.0000	</row2>
			<row3>	-0.5885 0.3341 0.7534 1.0000	</row3>
		</transform>
	</node>
	<node>
		<identifier>	MP_FM011_Reels_INDEX_1	</identifier>
		<parent>	Scene Root	</parent>
		<transform>
			<row0>	0.6057 0.0000 0.9182 0.0000	</row0>
			<row1>	0.9182 0.0000 -0.6057 0.0000	</row1>
			<row2>	0.0000 1.1000 0.0000 0.0000	</row2>
			<row3>	0.5885 0.3341 0.7534 1.0000	</row3>
		</transform>
	</node>
	<node>
		<identifier>	MP_FM011_Reels_INDEX_2	</identifier>
		<parent>	Scene Root	</parent>
		<transform>
			<row0>	1.1000 0.0000 0.0000 0.0000	</row0>
			<row1>	0.0000 1.1000 0.0000 0.0000	</row1>
			<row2>	0.0000 0.0000 1.1000 0.0000	</row2>
			<row3>	-0.3093 0.2704 -4.5369 1.0000	</row3>
		</transform>
	</node>
	<node>
		<identifier>	MP_FM011_Reels_INDEX_3	</identifier>
		<parent>	Scene Root	</parent>
		<transform>
			<row0>	1.1000 0.0000 0.0000 0.0000	</row0>
			<row1>	0.0000 1.1000 0.0000 0.0000	</row1>
			<row2>	0.0000 0.0000 1.1000 0.0000	</row2>
			<row3>	0.3093 0.2704 -4.5369 1.0000	</row3>
		</transform>
	</node>
	<node>
		<identifier>	MP_FM011_Reels_INDEX_4	</identifier>
		<parent>	Scene Root	</parent>
		<transform>
			<row0>	1.1000 0.0000 0.0000 0.0000	</row0>
			<row1>	0.0000 1.1000 0.0000 0.0000	</row1>
			<row2>	0.0000 0.0000 1.1000 0.0000	</row2>
			<row3>	0.0000 0.2704 -3.4762 1.0000	</row3>
		</transform>
	</node>
	<node>
		<identifier>	MP_FM014_Telephone	</identifier>
		<parent>	Scene Root	</parent>
		<transform>
			<row0>	-0.8308 0.0000 0.5566 0.0000	</row0>
			<row1>	0.0000 1.0000 0.0000 0.0000	</row1>
			<row2>	-0.5566 0.0000 -0.8308 0.0000	</row2>
			<row3>	0.0780 1.0221 -1.0841 1.0000	</row3>
		</transform>
	</node>
	<node>
		<identifier>	MP_FM026_Motto_Honneur	</identifier>
		<parent>	Scene Root	</parent>
		<transform>
			<row0>	0.6871 0.0000 -0.7266 0.0000	</row0>
			<row1>	0.0000 1.0000 0.0000 0.0000	</row1>
			<row2>	0.7266 0.0000 0.6871 0.0000	</row2>
			<row3>	-0.3886 0.4223 -3.1675 1.0000	</row3>
		</transform>
	</node>
	<node>
		<identifier>	MP_FM027_Motto_Patrie	</identifier>
		<parent>	Scene Root	</parent>
		<transform>
			<row0>	0.6871 0.0000 0.7266 0.0000	</row0>
			<row1>	0.0000 1.0000 0.0000 0.0000	</row1>
			<row2>	-0.7266 0.0000 0.6871 0.0000	</row2>
			<row3>	0.3886 0.4223 -3.1675 1.0000	</row3>
		</transform>
	</node>
	<node>
		<identifier>	MP_FM500_11m_Cutter	</identifier>
		<parent>	Scene Root	</parent>
		<transform>
			<row0>	1.0000 0.0000 0.0000 0.0000	</row0>
			<row1>	0.0000 1.0000 0.0000 0.0000	</row1>
			<row2>	0.0000 0.0000 1.0000 0.0000	</row2>
			<row3>	0.1130 0.4422 -0.4934 1.0000	</row3>
		</transform>
	</node>
	<node>
		<identifier>	MP_FM500_11m_Cutter_INDEX_1	</identifier>
		<parent>	Scene Root	</parent>
		<transform>
			<row0>	1.0000 0.0000 0.0000 0.0000	</row0>
			<row1>	0.0000 1.0000 0.0000 0.0000	</row1>
			<row2>	0.0000 0.0000 1.0000 0.0000	</row2>
			<row3>	-0.1130 0.4422 -0.4935 1.0000	</row3>
		</transform>
	</node>
	<node>
		<identifier>	MP_FM502_Rafts_5in	</identifier>
		<parent>	Scene Root	</parent>
		<transform>
			<row0>	1.0000 0.0000 0.0000 0.0000	</row0>
			<row1>	0.0000 1.0000 0.0000 0.0000	</row1>
			<row2>	0.0000 0.0000 1.0000 0.0000	</row2>
			<row3>	0.3651 0.2692 -5.0654 1.0000	</row3>
		</transform>
	</node>
	<node>
		<identifier>	MP_FM502_Rafts_5in_INDEX_1	</identifier>
		<parent>	Scene Root	</parent>
		<transform>
			<row0>	-1.0000 0.0000 0.0000 0.0000	</row0>
			<row1>	0.0000 1.0000 0.0000 0.0000	</row1>
			<row2>	0.0000 0.0000 -1.0000 0.0000	</row2>
			<row3>	0.6523 0.4303 1.1059 1.0000	</row3>
		</transform>
	</node>
	<node>
		<identifier>	MP_FM502_Rafts_5in_INDEX_2	</identifier>
		<parent>	Scene Root	</parent>
		<transform>
			<row0>	-1.0000 0.0000 0.0000 0.0000	</row0>
			<row1>	0.0000 1.0000 0.0000 0.0000	</row1>
			<row2>	0.0000 0.0000 -1.0000 0.0000	</row2>
			<row3>	-0.6523 0.4303 1.1059 1.0000	</row3>
		</transform>
	</node>
	<node>
		<identifier>	MP_FM507_5m_yawl	</identifier>
		<parent>	Scene Root	</parent>
		<transform>
			<row0>	-1.0000 0.0000 0.0000 0.0000	</row0>
			<row1>	0.0000 1.0000 0.0000 0.0000	</row1>
			<row2>	0.0000 0.0000 -1.0000 0.0000	</row2>
			<row3>	0.3018 0.5225 -0.4930 1.0000	</row3>
		</transform>
	</node>
	<node>
		<identifier>	MP_FM507_5m_yawl_INDEX_1	</identifier>
		<parent>	Scene Root	</parent>
		<transform>
			<row0>	-1.0000 0.0000 0.0000 0.0000	</row0>
			<row1>	0.0000 1.0000 0.0000 0.0000	</row1>
			<row2>	0.0000 0.0000 -1.0000 0.0000	</row2>
			<row3>	-0.3018 0.5225 -0.4929 1.0000	</row3>
		</transform>
	</node>
	<node>
		<identifier>	MP_FM516_8_5m_whaleboat	</identifier>
		<parent>	Scene Root	</parent>
		<transform>
			<row0>	1.0000 0.0000 0.0000 0.0000	</row0>
			<row1>	0.0000 1.0000 0.0000 0.0000	</row1>
			<row2>	0.0000 0.0000 1.0000 0.0000	</row2>
			<row3>	-0.3017 0.4393 -0.5161 1.0000	</row3>
		</transform>
	</node>
	<node>
		<identifier>	MP_FM516_8_5m_whaleboat_INDEX_1	</identifier>
		<parent>	Scene Root	</parent>
		<transform>
			<row0>	1.0000 0.0000 0.0000 0.0000	</row0>
			<row1>	0.0000 1.0000 0.0000 0.0000	</row1>
			<row2>	0.0000 0.0000 1.0000 0.0000	</row2>
			<row3>	0.3017 0.4392 -0.5161 1.0000	</row3>
		</transform>
	</node>
	<node>
		<identifier>	MP_FM525_5m_motorboat	</identifier>
		<parent>	Scene Root	</parent>
		<transform>
			<row0>	-0.9945 0.0000 0.1050 0.0000	</row0>
			<row1>	0.0000 1.0000 0.0000 0.0000	</row1>
			<row2>	-0.1050 0.0000 -0.9945 0.0000	</row2>
			<row3>	0.6645 0.3108 -4.5366 1.0000	</row3>
		</transform>
	</node>
	<node>
		<identifier>	MP_FM525_5m_motorboat_INDEX_1	</identifier>
		<parent>	Scene Root	</parent>
		<transform>
			<row0>	-0.9945 0.0000 -0.1050 0.0000	</row0>
			<row1>	0.0000 1.0000 0.0000 0.0000	</row1>
			<row2>	0.1050 0.0000 -0.9945 0.0000	</row2>
			<row3>	-0.6645 0.3108 -4.5366 1.0000	</row3>
		</transform>
	</node>
	<node>
		<identifier>	MP_FM531_Rafts_4	</identifier>
		<parent>	Scene Root	</parent>
		<transform>
			<row0>	1.0000 0.0000 0.0000 0.0000	</row0>
			<row1>	0.0000 1.0000 0.0000 0.0000	</row1>
			<row2>	0.0000 0.0000 1.0000 0.0000	</row2>
			<row3>	0.2935 0.4300 -1.6456 1.0000	</row3>
		</transform>
	</node>
	<node>
		<identifier>	MP_FM531_Rafts_4_INDEX_1	</identifier>
		<parent>	Scene Root	</parent>
		<transform>
			<row0>	1.0000 0.0000 0.0000 0.0000	</row0>
			<row1>	0.0000 1.0000 0.0000 0.0000	</row1>
			<row2>	0.0000 0.0000 1.0000 0.0000	</row2>
			<row3>	0.3842 0.4300 -1.6456 1.0000	</row3>
		</transform>
	</node>
	<node>
		<identifier>	MP_FM531_Rafts_4_INDEX_2	</identifier>
		<parent>	Scene Root	</parent>
		<transform>
			<row0>	1.0000 0.0000 0.0000 0.0000	</row0>
			<row1>	0.0000 1.0000 0.0000 0.0000	</row1>
			<row2>	0.0000 0.0000 1.0000 0.0000	</row2>
			<row3>	-0.2935 0.4300 -1.6456 1.0000	</row3>
		</transform>
	</node>
	<node>
		<identifier>	MP_FM531_Rafts_4_INDEX_3	</identifier>
		<parent>	Scene Root	</parent>
		<transform>
			<row0>	1.0000 0.0000 0.0000 0.0000	</row0>
			<row1>	0.0000 1.0000 0.0000 0.0000	</row1>
			<row2>	0.0000 0.0000 1.0000 0.0000	</row2>
			<row3>	-0.3842 0.4300 -1.6456 1.0000	</row3>
		</transform>
	</node>
	<node>
		<identifier>	MP_FM701_Ammunition_Box	</identifier>
		<parent>	Scene Root	</parent>
		<transform>
			<row0>	1.0000 0.0000 0.0000 0.0000	</row0>
			<row1>	0.0000 1.0000 0.0000 0.0000	</row1>
			<row2>	0.0000 0.0000 1.0000 0.0000	</row2>
			<row3>	0.0000 0.9292 -0.9543 1.0000	</row3>
		</transform>
	</node>
	<node>
		<identifier>	MP_FM701_Ammunition_Box_INDEX_1	</identifier>
		<parent>	Scene Root	</parent>
		<transform>
			<row0>	0.0000 0.0000 1.0000 0.0000	</row0>
			<row1>	0.0000 1.0000 0.0000 0.0000	</row1>
			<row2>	-1.0000 0.0000 0.0000 0.0000	</row2>
			<row3>	0.6947 0.4289 1.3323 1.0000	</row3>
		</transform>
	</node>
	<node>
		<identifier>	MP_FM701_Ammunition_Box_INDEX_2	</identifier>
		<parent>	Scene Root	</parent>
		<transform>
			<row0>	0.0000 0.0000 -1.0000 0.0000	</row0>
			<row1>	0.0000 1.0000 0.0000 0.0000	</row1>
			<row2>	1.0000 0.0000 0.0000 0.0000	</row2>
			<row3>	-0.8214 0.4289 1.2097 1.0000	</row3>
		</transform>
	</node>
	<node>
		<identifier>	MP_FM701_Ammunition_Box_INDEX_3	</identifier>
		<parent>	Scene Root	</parent>
		<transform>
			<row0>	0.0000 0.0000 -1.0000 0.0000	</row0>
			<row1>	0.0000 1.0000 0.0000 0.0000	</row1>
			<row2>	1.0000 0.0000 0.0000 0.0000	</row2>
			<row3>	-0.8567 0.2647 -0.6988 1.0000	</row3>
		</transform>
	</node>
	<node>
		<identifier>	MP_FM701_Ammunition_Box_INDEX_4	</identifier>
		<parent>	Scene Root	</parent>
		<transform>
			<row0>	0.0000 0.0000 1.0000 0.0000	</row0>
			<row1>	0.0000 1.0000 0.0000 0.0000	</row1>
			<row2>	-1.0000 0.0000 0.0000 0.0000	</row2>
			<row3>	0.8567 0.2647 -0.6988 1.0000	</row3>
		</transform>
	</node>
	<node>
		<identifier>	MP_FM701_Ammunition_Box_INDEX_5	</identifier>
		<parent>	Scene Root	</parent>
		<transform>
			<row0>	0.0000 0.0000 -1.0000 0.0000	</row0>
			<row1>	0.0000 1.0000 0.0000 0.0000	</row1>
			<row2>	1.0000 0.0000 0.0000 0.0000	</row2>
			<row3>	-0.5865 0.2690 -1.7981 1.0000	</row3>
		</transform>
	</node>
	<node>
		<identifier>	MP_FM701_Ammunition_Box_INDEX_6	</identifier>
		<parent>	Scene Root	</parent>
		<transform>
			<row0>	0.0000 0.0000 1.0000 0.0000	</row0>
			<row1>	0.0000 1.0000 0.0000 0.0000	</row1>
			<row2>	-1.0000 0.0000 0.0000 0.0000	</row2>
			<row3>	0.5865 0.2690 -1.7981 1.0000	</row3>
		</transform>
	</node>
	<node>
		<identifier>	MP_FM702_Ammunition_Box	</identifier>
		<parent>	Scene Root	</parent>
		<transform>
			<row0>	1.0000 0.0000 0.0000 0.0000	</row0>
			<row1>	0.0000 1.0000 0.0000 0.0000	</row1>
			<row2>	0.0000 0.0000 1.0000 0.0000	</row2>
			<row3>	-0.5282 0.2692 -4.0375 1.0000	</row3>
		</transform>
	</node>
	<node>
		<identifier>	MP_FM702_Ammunition_Box_INDEX_1	</identifier>
		<parent>	Scene Root	</parent>
		<transform>
			<row0>	1.0000 0.0000 0.0000 0.0000	</row0>
			<row1>	0.0000 1.0000 0.0000 0.0000	</row1>
			<row2>	0.0000 0.0000 1.0000 0.0000	</row2>
			<row3>	-0.5414 0.2692 -3.5566 1.0000	</row3>
		</transform>
	</node>
	<node>
		<identifier>	MP_FM702_Ammunition_Box_INDEX_2	</identifier>
		<parent>	Scene Root	</parent>
		<transform>
			<row0>	1.0000 0.0000 0.0000 0.0000	</row0>
			<row1>	0.0000 1.0000 0.0000 0.0000	</row1>
			<row2>	0.0000 0.0000 1.0000 0.0000	</row2>
			<row3>	0.5282 0.2692 -4.0375 1.0000	</row3>
		</transform>
	</node>
	<node>
		<identifier>	MP_FM702_Ammunition_Box_INDEX_3	</identifier>
		<parent>	Scene Root	</parent>
		<transform>
			<row0>	1.0000 0.0000 0.0000 0.0000	</row0>
			<row1>	0.0000 1.0000 0.0000 0.0000	</row1>
			<row2>	0.0000 0.0000 1.0000 0.0000	</row2>
			<row3>	0.5414 0.2692 -3.5566 1.0000	</row3>
		</transform>
	</node>
	<node>
		<identifier>	MP_FM703_Ammunition_Box	</identifier>
		<parent>	Scene Root	</parent>
		<transform>
			<row0>	-1.0000 0.0000 0.0000 0.0000	</row0>
			<row1>	0.0000 1.0000 0.0000 0.0000	</row1>
			<row2>	0.0000 0.0000 -1.0000 0.0000	</row2>
			<row3>	0.0369 0.9292 -1.0410 1.0000	</row3>
		</transform>
	</node>
	<node>
		<identifier>	MP_FM703_Ammunition_Box_INDEX_1	</identifier>
		<parent>	Scene Root	</parent>
		<transform>
			<row0>	-1.0000 0.0000 0.0000 0.0000	</row0>
			<row1>	0.0000 1.0000 0.0000 0.0000	</row1>
			<row2>	0.0000 0.0000 -1.0000 0.0000	</row2>
			<row3>	-0.0369 0.9292 -1.0410 1.0000	</row3>
		</transform>
	</node>
	<node>
		<identifier>	MP_FM709_Ammo_Box	</identifier>
		<parent>	Scene Root	</parent>
		<transform>
			<row0>	-0.7071 0.0000 -0.7071 0.0000	</row0>
			<row1>	0.0000 1.0000 0.0000 0.0000	</row1>
			<row2>	0.7071 0.0000 -0.7071 0.0000	</row2>
			<row3>	0.4794 0.2687 -2.0583 1.0000	</row3>
		</transform>
	</node>
	<node>
		<identifier>	MP_FM709_Ammo_Box_INDEX_1	</identifier>
		<parent>	Scene Root	</parent>
		<transform>
			<row0>	-0.7071 0.0000 0.7071 0.0000	</row0>
			<row1>	0.0000 1.0000 0.0000 0.0000	</row1>
			<row2>	-0.7071 0.0000 -0.7071 0.0000	</row2>
			<row3>	-0.4794 0.2687 -2.0583 1.0000	</row3>
		</transform>
	</node>
	<node>
		<identifier>	MP_FM709_Ammo_Box_INDEX_2	</identifier>
		<parent>	Scene Root	</parent>
		<transform>
			<row0>	0.6088 0.0000 -0.7934 0.0000	</row0>
			<row1>	0.0000 1.0000 0.0000 0.0000	</row1>
			<row2>	0.7934 0.0000 0.6088 0.0000	</row2>
			<row3>	0.3327 0.2687 -1.3994 1.0000	</row3>
		</transform>
	</node>
	<node>
		<identifier>	MP_FM709_Ammo_Box_INDEX_3	</identifier>
		<parent>	Scene Root	</parent>
		<transform>
			<row0>	0.6088 0.0000 -0.7934 0.0000	</row0>
			<row1>	0.0000 1.0000 0.0000 0.0000	</row1>
			<row2>	0.7934 0.0000 0.6088 0.0000	</row2>
			<row3>	0.3330 0.2687 -0.1171 1.0000	</row3>
		</transform>
	</node>
	<node>
		<identifier>	MP_FM709_Ammo_Box_INDEX_4	</identifier>
		<parent>	Scene Root	</parent>
		<transform>
			<row0>	0.6088 0.0000 0.7934 0.0000	</row0>
			<row1>	0.0000 1.0000 0.0000 0.0000	</row1>
			<row2>	-0.7934 0.0000 0.6088 0.0000	</row2>
			<row3>	-0.3327 0.2687 -1.3994 1.0000	</row3>
		</transform>
	</node>
	<node>
		<identifier>	MP_FM709_Ammo_Box_INDEX_5	</identifier>
		<parent>	Scene Root	</parent>
		<transform>
			<row0>	0.6088 0.0000 0.7934 0.0000	</row0>
			<row1>	0.0000 1.0000 0.0000 0.0000	</row1>
			<row2>	-0.7934 0.0000 0.6088 0.0000	</row2>
			<row3>	-0.3330 0.2687 -0.1171 1.0000	</row3>
		</transform>
	</node>
	<node>
		<identifier>	MP_FM800_Ventilation	</identifier>
		<parent>	Scene Root	</parent>
		<transform>
			<row0>	0.7071 0.0000 0.7071 0.0000	</row0>
			<row1>	0.0000 1.0000 0.0000 0.0000	</row1>
			<row2>	-0.7071 0.0000 0.7071 0.0000	</row2>
			<row3>	0.3642 0.2677 -3.2436 1.0000	</row3>
		</transform>
	</node>
	<node>
		<identifier>	MP_FM800_Ventilation_INDEX_1	</identifier>
		<parent>	Scene Root	</parent>
		<transform>
			<row0>	-1.0000 0.0000 0.0000 0.0000	</row0>
			<row1>	0.0000 1.0000 0.0000 0.0000	</row1>
			<row2>	0.0000 0.0000 -1.0000 0.0000	</row2>
			<row3>	0.3784 0.4241 1.0010 1.0000	</row3>
		</transform>
	</node>
	<node>
		<identifier>	MP_FM800_Ventilation_INDEX_2	</identifier>
		<parent>	Scene Root	</parent>
		<transform>
			<row0>	0.7071 0.0000 -0.7071 0.0000	</row0>
			<row1>	0.0000 1.0000 0.0000 0.0000	</row1>
			<row2>	0.7071 0.0000 0.7071 0.0000	</row2>
			<row3>	-0.3642 0.2677 -3.2436 1.0000	</row3>
		</transform>
	</node>
	<node>
		<identifier>	MP_FM800_Ventilation_INDEX_3	</identifier>
		<parent>	Scene Root	</parent>
		<transform>
			<row0>	-1.0000 0.0000 0.0000 0.0000	</row0>
			<row1>	0.0000 1.0000 0.0000 0.0000	</row1>
			<row2>	0.0000 0.0000 -1.0000 0.0000	</row2>
			<row3>	-0.3784 0.4241 1.0010 1.0000	</row3>
		</transform>
	</node>
	<node>
		<identifier>	MP_FM851_Mastheadlight	</identifier>
		<parent>	Scene Root	</parent>
		<transform>
			<row0>	-1.0000 0.0000 0.0000 0.0000	</row0>
			<row1>	0.0000 1.0000 0.0000 0.0000	</row1>
			<row2>	0.0000 0.0000 -1.0000 0.0000	</row2>
			<row3>	0.0000 1.8996 -1.2391 1.0000	</row3>
		</transform>
	</node>
	<node>
		<identifier>	MP_FM851_Mastheadlight_INDEX_1	</identifier>
		<parent>	Scene Root	</parent>
		<transform>
			<row0>	-1.0000 0.0000 0.0000 0.0000	</row0>
			<row1>	0.0000 1.0000 0.0000 0.0000	</row1>
			<row2>	0.0000 0.0000 -1.0000 0.0000	</row2>
			<row3>	0.0000 2.0691 -1.2391 1.0000	</row3>
		</transform>
	</node>
	<node>
		<identifier>	MP_FM851_Mastheadlight_INDEX_2	</identifier>
		<parent>	Scene Root	</parent>
		<transform>
			<row0>	1.0000 0.0000 0.0000 0.0000	</row0>
			<row1>	0.0000 1.0000 0.0000 0.0000	</row1>
			<row2>	0.0000 0.0000 1.0000 0.0000	</row2>
			<row3>	0.0000 2.4349 -1.1567 1.0000	</row3>
		</transform>
	</node>
	<node>
		<identifier>	MP_FM953_Anchor_Capstan	</identifier>
		<parent>	Scene Root	</parent>
		<transform>
			<row0>	1.0000 0.0000 0.0000 0.0000	</row0>
			<row1>	0.0000 1.0000 0.0000 0.0000	</row1>
			<row2>	0.0000 0.0000 1.0000 0.0000	</row2>
			<row3>	0.0000 0.2692 -4.8017 1.0000	</row3>
		</transform>
	</node>
	<node>
		<identifier>	MP_FM961_Bollard	</identifier>
		<parent>	Scene Root	</parent>
		<transform>
			<row0>	1.2998 0.0000 0.0204 0.0000	</row0>
			<row1>	0.0000 1.3000 0.0000 0.0000	</row1>
			<row2>	-0.0204 0.0000 1.2998 0.0000	</row2>
			<row3>	0.9244 0.2726 0.7420 1.0000	</row3>
		</transform>
	</node>
	<node>
		<identifier>	MP_FM961_Bollard_INDEX_1	</identifier>
		<parent>	Scene Root	</parent>
		<transform>
			<row0>	1.2998 0.0000 -0.0204 0.0000	</row0>
			<row1>	0.0000 1.3000 0.0000 0.0000	</row1>
			<row2>	0.0204 0.0000 1.2998 0.0000	</row2>
			<row3>	-0.9244 0.2726 0.7420 1.0000	</row3>
		</transform>
	</node>
	<node>
		<identifier>	MP_FM961_Bollard_INDEX_2	</identifier>
		<parent>	Scene Root	</parent>
		<transform>
			<row0>	1.2986 0.0000 0.0612 0.0000	</row0>
			<row1>	0.0000 1.3000 0.0000 0.0000	</row1>
			<row2>	-0.0612 0.0000 1.2986 0.0000	</row2>
			<row3>	-0.8613 0.2726 -2.6815 1.0000	</row3>
		</transform>
	</node>
	<node>
		<identifier>	MP_FM961_Bollard_INDEX_3	</identifier>
		<parent>	Scene Root	</parent>
		<transform>
			<row0>	1.2872 0.0000 0.1817 0.0000	</row0>
			<row1>	0.0000 1.3000 0.0000 0.0000	</row1>
			<row2>	-0.1817 0.0000 1.2872 0.0000	</row2>
			<row3>	-0.6918 0.2726 -4.8340 1.0000	</row3>
		</transform>
	</node>
	<node>
		<identifier>	MP_FM961_Bollard_INDEX_4	</identifier>
		<parent>	Scene Root	</parent>
		<transform>
			<row0>	1.2872 0.0000 -0.1817 0.0000	</row0>
			<row1>	0.0000 1.3000 0.0000 0.0000	</row1>
			<row2>	0.1817 0.0000 1.2872 0.0000	</row2>
			<row3>	0.6918 0.2726 -4.8340 1.0000	</row3>
		</transform>
	</node>
	<node>
		<identifier>	MP_FM961_Bollard_INDEX_5	</identifier>
		<parent>	Scene Root	</parent>
		<transform>
			<row0>	1.2986 0.0000 -0.0612 0.0000	</row0>
			<row1>	0.0000 1.3000 0.0000 0.0000	</row1>
			<row2>	0.0612 0.0000 1.2986 0.0000	</row2>
			<row3>	0.8613 0.2726 -2.6815 1.0000	</row3>
		</transform>
	</node>
	<node>
		<identifier>	MP_FM966_Winch	</identifier>
		<parent>	Scene Root	</parent>
		<transform>
			<row0>	0.0000 0.0000 -1.0000 0.0000	</row0>
			<row1>	0.0000 1.0000 0.0000 0.0000	</row1>
			<row2>	1.0000 0.0000 0.0000 0.0000	</row2>
			<row3>	0.5411 0.2689 -3.7684 1.0000	</row3>
		</transform>
	</node>
	<node>
		<identifier>	MP_FM966_Winch_INDEX_1	</identifier>
		<parent>	Scene Root	</parent>
		<transform>
			<row0>	-0.6776 0.0000 -0.7354 0.0000	</row0>
			<row1>	0.0000 1.0000 0.0000 0.0000	</row1>
			<row2>	0.7354 0.0000 -0.6776 0.0000	</row2>
			<row3>	0.3169 0.4300 -1.8450 1.0000	</row3>
		</transform>
	</node>
	<node>
		<identifier>	MP_FM966_Winch_INDEX_2	</identifier>
		<parent>	Scene Root	</parent>
		<transform>
			<row0>	0.0000 0.0000 1.0000 0.0000	</row0>
			<row1>	0.0000 1.0000 0.0000 0.0000	</row1>
			<row2>	-1.0000 0.0000 0.0000 0.0000	</row2>
			<row3>	-0.5411 0.2689 -3.7684 1.0000	</row3>
		</transform>
	</node>
	<node>
		<identifier>	MP_FM966_Winch_INDEX_3	</identifier>
		<parent>	Scene Root	</parent>
		<transform>
			<row0>	-0.6776 0.0000 0.7354 0.0000	</row0>
			<row1>	0.0000 1.0000 0.0000 0.0000	</row1>
			<row2>	-0.7354 0.0000 -0.6776 0.0000	</row2>
			<row3>	-0.3169 0.4300 -1.8450 1.0000	</row3>
		</transform>
	</node>
	<node>
		<identifier>	MP_FM966_Winch_INDEX_4	</identifier>
		<parent>	Scene Root	</parent>
		<transform>
			<row0>	0.0000 0.0000 -1.0000 0.0000	</row0>
			<row1>	0.0000 1.0000 0.0000 0.0000	</row1>
			<row2>	1.0000 0.0000 0.0000 0.0000	</row2>
			<row3>	0.4736 0.4300 1.1088 1.0000	</row3>
		</transform>
	</node>
	<node>
		<identifier>	MP_FM966_Winch_INDEX_5	</identifier>
		<parent>	Scene Root	</parent>
		<transform>
			<row0>	0.0000 0.0000 1.0000 0.0000	</row0>
			<row1>	0.0000 1.0000 0.0000 0.0000	</row1>
			<row2>	-1.0000 0.0000 0.0000 0.0000	</row2>
			<row3>	-0.4736 0.4300 1.1088 1.0000	</row3>
		</transform>
	</node>
	<node>
		<identifier>	SP_YMS011_YHWL_M_1_INDEX_10	</identifier>
		<parent>	Scene Root	</parent>
		<transform>
			<row0>	1.2169 0.0000 -0.0017 0.0000	</row0>
			<row1>	0.0000 1.2169 -0.0003 0.0000	</row1>
			<row2>	0.0017 0.0003 1.2169 0.0000	</row2>
			<row3>	-1.0271 0.0000 -0.3897 1.0000	</row3>
		</transform>
	</node>
	<node>
		<identifier>	SP_YMS011_YHWL_M_1_INDEX_11	</identifier>
		<parent>	Scene Root	</parent>
		<transform>
			<row0>	1.2144 0.0000 0.0785 0.0000	</row0>
			<row1>	0.0000 1.2169 -0.0003 0.0000	</row1>
			<row2>	-0.0785 0.0003 1.2144 0.0000	</row2>
			<row3>	-0.9606 0.0000 -2.4422 1.0000	</row3>
		</transform>
	</node>
	<node>
		<identifier>	SP_YMS011_YHWL_M_1_INDEX_2	</identifier>
		<parent>	Scene Root	</parent>
		<transform>
			<row0>	1.2080 0.0000 0.1468 0.0000	</row0>
			<row1>	0.0000 1.2169 -0.0003 0.0000	</row1>
			<row2>	-0.1468 0.0003 1.2080 0.0000	</row2>
			<row3>	-0.7737 0.0000 -4.5005 1.0000	</row3>
		</transform>
	</node>
	<node>
		<identifier>	SP_YMS011_YHWL_M_1_INDEX_6	</identifier>
		<parent>	Scene Root	</parent>
		<transform>
			<row0>	1.2168 0.0000 -0.0151 0.0000	</row0>
			<row1>	0.0000 1.2169 -0.0003 0.0000	</row1>
			<row2>	0.0151 0.0003 1.2168 0.0000	</row2>
			<row3>	-1.0313 0.0000 0.6290 1.0000	</row3>
		</transform>
	</node>
	<node>
		<identifier>	SP_YMS011_YHWL_M_1_INDEX_8	</identifier>
		<parent>	Scene Root	</parent>
		<transform>
			<row0>	1.2125 0.0000 0.1027 0.0000	</row0>
			<row1>	0.0000 1.2169 -0.0003 0.0000	</row1>
			<row2>	-0.1027 0.0003 1.2125 0.0000	</row2>
			<row3>	-0.8854 0.0000 -3.4724 1.0000	</row3>
		</transform>
	</node>
	<node>
		<identifier>	SP_YMS011_YHWL_M_1_INDEX_9	</identifier>
		<parent>	Scene Root	</parent>
		<transform>
			<row0>	1.2161 0.0000 0.0439 0.0000	</row0>
			<row1>	0.0000 1.2169 -0.0003 0.0000	</row1>
			<row2>	-0.0439 0.0003 1.2161 0.0000	</row2>
			<row3>	-1.0122 0.0000 -1.4121 1.0000	</row3>
		</transform>
	</node>
	<node>
		<identifier>	SP_YMS012_YHWR_M_1_INDEX_1	</identifier>
		<parent>	Scene Root	</parent>
		<transform>
			<row0>	1.2169 0.0000 0.0017 0.0000	</row0>
