<ZSD007_Gadjah_Mada_1951_Bow.skel_ext>
	<exported>	true	</exported>
	<node>
		<identifier>	MP_ZM056_Artillery_shell	</identifier>
		<parent>	Scene Root	</parent>
		<transform>
			<row0>	0.5998 0.0000 0.8001 0.0000	</row0>
			<row1>	0.0000 1.0000 0.0000 0.0000	</row1>
			<row2>	-0.8001 0.0000 0.5998 0.0000	</row2>
			<row3>	0.2575 0.3296 2.8431 1.0000	</row3>
		</transform>
	</node>
	<node>
		<identifier>	MP_ZM056_Artillery_shell_INDEX_1	</identifier>
		<parent>	Scene Root	</parent>
		<transform>
			<row0>	-0.6338 0.0000 -0.7735 0.0000	</row0>
			<row1>	0.0000 1.0000 0.0000 0.0000	</row1>
			<row2>	0.7735 0.0000 -0.6338 0.0000	</row2>
			<row3>	0.2195 0.3335 2.9178 1.0000	</row3>
		</transform>
	</node>
	<node>
		<identifier>	MP_ZM056_Artillery_shell_INDEX_2	</identifier>
		<parent>	Scene Root	</parent>
		<transform>
			<row0>	-0.5819 0.0000 0.8133 0.0000	</row0>
			<row1>	0.0000 1.0000 0.0000 0.0000	</row1>
			<row2>	-0.8133 0.0000 -0.5819 0.0000	</row2>
			<row3>	-0.2271 0.3316 2.8662 1.0000	</row3>
		</transform>
	</node>
	<node>
		<identifier>	MP_ZM056_Artillery_shell_INDEX_3	</identifier>
		<parent>	Scene Root	</parent>
		<transform>
			<row0>	0.5794 0.0000 0.8150 0.0000	</row0>
			<row1>	0.0000 1.0000 0.0000 0.0000	</row1>
			<row2>	-0.8150 0.0000 0.5794 0.0000	</row2>
			<row3>	0.1981 0.3340 2.8852 1.0000	</row3>
		</transform>
	</node>
	<node>
		<identifier>	MP_ZM056_Artillery_shell_INDEX_4	</identifier>
		<parent>	Scene Root	</parent>
		<transform>
			<row0>	0.5823 0.0000 0.8130 0.0000	</row0>
			<row1>	0.0000 1.0000 0.0000 0.0000	</row1>
			<row2>	-0.8130 0.0000 0.5823 0.0000	</row2>
			<row3>	0.2263 0.3316 2.8652 1.0000	</row3>
		</transform>
	</node>
	<node>
		<identifier>	MP_ZM056_Artillery_shell_INDEX_5	</identifier>
		<parent>	Scene Root	</parent>
		<transform>
			<row0>	-0.6338 0.0000 -0.7735 0.0000	</row0>
			<row1>	0.0000 1.0000 0.0000 0.0000	</row1>
			<row2>	0.7735 0.0000 -0.6338 0.0000	</row2>
			<row3>	0.2510 0.3317 2.8933 1.0000	</row3>
		</transform>
	</node>
	<node>
		<identifier>	MP_ZM056_Artillery_shell_INDEX_6	</identifier>
		<parent>	Scene Root	</parent>
		<transform>
			<row0>	0.6089 0.0000 -0.7933 0.0000	</row0>
			<row1>	0.0000 1.0000 0.0000 0.0000	</row1>
			<row2>	0.7933 0.0000 0.6089 0.0000	</row2>
			<row3>	-0.2508 0.3317 2.8934 1.0000	</row3>
		</transform>
	</node>
	<node>
		<identifier>	MP_ZM056_Artillery_shell_INDEX_7	</identifier>
		<parent>	Scene Root	</parent>
		<transform>
			<row0>	-0.5844 0.0000 0.8114 0.0000	</row0>
			<row1>	0.0000 1.0000 0.0000 0.0000	</row1>
			<row2>	-0.8114 0.0000 -0.5844 0.0000	</row2>
			<row3>	-0.2575 0.3296 2.8431 1.0000	</row3>
		</transform>
	</node>
	<node>
		<identifier>	MP_ZM056_Artillery_shell_INDEX_8	</identifier>
		<parent>	Scene Root	</parent>
		<transform>
			<row0>	0.6082 0.0000 -0.7938 0.0000	</row0>
			<row1>	0.0000 1.0000 0.0000 0.0000	</row1>
			<row2>	0.7938 0.0000 0.6082 0.0000	</row2>
			<row3>	-0.2189 0.3335 2.9182 1.0000	</row3>
		</transform>
	</node>
	<node>
		<identifier>	MP_ZM056_Artillery_shell_INDEX_9	</identifier>
		<parent>	Scene Root	</parent>
		<transform>
			<row0>	-0.5857 0.0000 0.8105 0.0000	</row0>
			<row1>	0.0000 1.0000 0.0000 0.0000	</row1>
			<row2>	-0.8105 0.0000 -0.5857 0.0000	</row2>
			<row3>	-0.1994 0.3340 2.8871 1.0000	</row3>
		</transform>
	</node>
	<node>
		<identifier>	MP_ZM879_Signal_Lamp	</identifier>
		<parent>	Scene Root	</parent>
		<transform>
			<row0>	0.7993 0.0000 0.0000 0.0000	</row0>
			<row1>	0.0000 0.7993 0.0000 0.0000	</row1>
			<row2>	0.0000 0.0000 0.7993 0.0000	</row2>
			<row3>	0.0000 0.6242 3.8396 1.0000	</row3>
		</transform>
	</node>
</ZSD007_Gadjah_Mada_1951_Bow.skel_ext>
