<AGM155_12in50_Mk7.skel_ext>
	<exported>	true	</exported>
	<node>
		<identifier>	MP_AM619_Life_Raft	</identifier>
		<parent>	Rotate_Y	</parent>
		<transform>
			<row0>	0.9843 -0.0034 0.1764 0.0000	</row0>
			<row1>	0.0000 0.9998 0.0192 0.0000	</row1>
			<row2>	-0.1764 -0.0189 0.9841 0.0000	</row2>
			<row3>	0.1099 0.1112 -0.0156 1.0000	</row3>
		</transform>
	</node>
	<node>
		<identifier>	MP_AM619_Life_Raft_INDEX_1	</identifier>
		<parent>	Rotate_Y	</parent>
		<transform>
			<row0>	-0.9924 -0.0024 0.1229 0.0000	</row0>
			<row1>	0.0000 0.9998 0.0192 0.0000	</row1>
			<row2>	-0.1229 0.0191 -0.9922 0.0000	</row2>
			<row3>	-0.1099 0.1112 -0.0156 1.0000	</row3>
		</transform>
	</node>
	<node>
		<identifier>	MP_AM620_Life_Raft	</identifier>
		<parent>	Rotate_Y	</parent>
		<transform>
			<row0>	0.9773 0.0025 0.2116 0.0000	</row0>
			<row1>	0.0000 0.9999 -0.0116 0.0000	</row1>
			<row2>	-0.2116 0.0113 0.9773 0.0000	</row2>
			<row3>	-0.1020 0.1138 -0.2790 1.0000	</row3>
		</transform>
	</node>
	<node>
		<identifier>	MP_AM620_Life_Raft_INDEX_1	</identifier>
		<parent>	Rotate_Y	</parent>
		<transform>
			<row0>	0.9770 -0.0025 -0.2134 0.0000	</row0>
			<row1>	0.0000 0.9999 -0.0116 0.0000	</row1>
			<row2>	0.2134 0.0113 0.9769 0.0000	</row2>
			<row3>	0.1099 0.1138 -0.2790 1.0000	</row3>
		</transform>
	</node>
	<node>
		<identifier>	MP_AM641_Rangefinder_6m	</identifier>
		<parent>	Rotate_Y	</parent>
		<transform>
			<row0>	1.0000 0.0000 0.0000 0.0000	</row0>
			<row1>	0.0000 1.0000 0.0000 0.0000	</row1>
			<row2>	0.0000 0.0000 1.0000 0.0000	</row2>
			<row3>	-0.0686 0.1131 -0.2155 1.0000	</row3>
		</transform>
	</node>
	<node>
		<identifier>	MP_AM645_Rangefinder_6m	</identifier>
		<parent>	Rotate_Y	</parent>
		<transform>
			<row0>	1.0000 0.0000 0.0000 0.0000	</row0>
			<row1>	0.0000 1.0000 0.0000 0.0000	</row1>
			<row2>	0.0000 0.0000 1.0000 0.0000	</row2>
			<row3>	0.0000 0.1131 -0.2987 1.0000	</row3>
		</transform>
	</node>
	<node>
		<identifier>	MP_AM645_Rangefinder_6m_INDEX_1	</identifier>
		<parent>	Rotate_Y	</parent>
		<transform>
			<row0>	1.0000 0.0000 0.0000 0.0000	</row0>
			<row1>	0.0000 1.0000 0.0000 0.0000	</row1>
			<row2>	0.0000 0.0000 1.0000 0.0000	</row2>
			<row3>	0.0000 0.1131 -0.1477 1.0000	</row3>
		</transform>
	</node>
</AGM155_12in50_Mk7.skel_ext>
