<FSC016_De_Grasse_1941_Stern.skel_ext>
	<exported>	true	</exported>
	<node>
		<identifier>	MP_CM001_Propeller3_L	</identifier>
		<parent>	Scene Root	</parent>
		<transform>
			<row0>	0.2528 1.0772 -0.0397 0.0000	</row0>
			<row1>	-1.0775 0.2537 0.0227 0.0000	</row1>
			<row2>	0.0312 0.0334 1.1062 0.0000	</row2>
			<row3>	-0.3352 -0.3319 -4.9487 1.0000	</row3>
		</transform>
	</node>
	<node>
		<identifier>	MP_CM032_Propeller3_R	</identifier>
		<parent>	Scene Root	</parent>
		<transform>
			<row0>	-1.0780 -0.2506 -0.0228 0.0000	</row0>
			<row1>	0.2497 -1.0777 0.0396 0.0000	</row1>
			<row2>	-0.0312 0.0334 1.1061 0.0000	</row2>
			<row3>	0.3352 -0.3319 -4.9487 1.0000	</row3>
		</transform>
	</node>
	<node>
		<identifier>	MP_FM005_Bench	</identifier>
		<parent>	Scene Root	</parent>
		<transform>
			<row0>	0.0872 0.0000 -0.9962 0.0000	</row0>
			<row1>	0.0000 1.0000 0.0000 0.0000	</row1>
			<row2>	0.9962 0.0000 0.0872 0.0000	</row2>
			<row3>	-0.2816 0.3279 -5.3424 1.0000	</row3>
		</transform>
	</node>
	<node>
		<identifier>	MP_FM015_Life_Buoy	</identifier>
		<parent>	Scene Root	</parent>
		<transform>
			<row0>	0.1515 0.0000 -0.9885 0.0000	</row0>
			<row1>	0.0000 1.0000 0.0000 0.0000	</row1>
			<row2>	0.9885 0.0000 0.1515 0.0000	</row2>
			<row3>	-0.4062 0.3976 -5.4851 1.0000	</row3>
		</transform>
	</node>
	<node>
		<identifier>	MP_FM015_Life_Buoy_INDEX_1	</identifier>
		<parent>	Scene Root	</parent>
		<transform>
			<row0>	0.1515 0.0000 0.9885 0.0000	</row0>
			<row1>	0.0000 1.0000 0.0000 0.0000	</row1>
			<row2>	-0.9885 0.0000 0.1515 0.0000	</row2>
			<row3>	0.4062 0.3976 -5.4851 1.0000	</row3>
		</transform>
	</node>
	<node>
		<identifier>	MP_FM523_float_x3	</identifier>
		<parent>	Scene Root	</parent>
		<transform>
			<row0>	0.9962 -0.0003 0.0872 0.0000	</row0>
			<row1>	0.0000 1.0000 0.0029 0.0000	</row1>
			<row2>	-0.0872 -0.0029 0.9962 0.0000	</row2>
			<row3>	-0.4359 0.3243 -4.3285 1.0000	</row3>
		</transform>
	</node>
	<node>
		<identifier>	MP_FM523_float_x3_INDEX_1	</identifier>
		<parent>	Scene Root	</parent>
		<transform>
			<row0>	0.9962 0.0003 -0.0872 0.0000	</row0>
			<row1>	0.0000 1.0000 0.0029 0.0000	</row1>
			<row2>	0.0872 -0.0029 0.9962 0.0000	</row2>
			<row3>	0.4359 0.3243 -4.3285 1.0000	</row3>
		</transform>
	</node>
	<node>
		<identifier>	MP_FM702_Ammunition_Box	</identifier>
		<parent>	Scene Root	</parent>
		<transform>
			<row0>	0.0000 0.0000 -1.0000 0.0000	</row0>
			<row1>	0.0000 1.0000 0.0000 0.0000	</row1>
			<row2>	1.0000 0.0000 0.0000 0.0000	</row2>
			<row3>	0.1772 0.3286 -5.4289 1.0000	</row3>
		</transform>
	</node>
	<node>
		<identifier>	MP_FM851_Mastheadlight	</identifier>
		<parent>	Scene Root	</parent>
		<transform>
			<row0>	-1.0000 0.0000 0.0000 0.0000	</row0>
			<row1>	0.0000 1.0000 0.0000 0.0000	</row1>
			<row2>	0.0000 0.0000 -1.0000 0.0000	</row2>
			<row3>	0.0000 0.4062 -6.1233 1.0000	</row3>
		</transform>
	</node>
	<node>
		<identifier>	MP_FM950_Anchor_bottom	</identifier>
		<parent>	Scene Root	</parent>
		<transform>
			<row0>	-0.6739 0.0000 0.0000 0.0000	</row0>
			<row1>	0.0000 0.6589 0.1415 0.0000	</row1>
			<row2>	0.0000 0.1415 -0.6589 0.0000	</row2>
			<row3>	0.0000 0.1877 -6.1576 1.0000	</row3>
		</transform>
	</node>
	<node>
		<identifier>	MP_FM951_Anchor_up	</identifier>
		<parent>	Scene Root	</parent>
		<transform>
			<row0>	-0.6739 0.0000 0.0000 0.0000	</row0>
			<row1>	0.0000 0.5509 0.2782 0.0000	</row1>
			<row2>	0.0000 0.3037 -0.6016 0.0000	</row2>
			<row3>	0.0000 0.1855 -6.1584 1.0000	</row3>
		</transform>
	</node>
	<node>
		<identifier>	MP_FM953_Anchor_Capstan	</identifier>
		<parent>	Scene Root	</parent>
		<transform>
			<row0>	0.9407 0.0000 0.0000 0.0000	</row0>
			<row1>	0.0000 1.0054 0.0000 0.0000	</row1>
			<row2>	0.0000 0.0000 0.9407 0.0000	</row2>
			<row3>	0.0693 0.3430 -4.6273 1.0000	</row3>
		</transform>
	</node>
	<node>
		<identifier>	MP_FM955_Bollard	</identifier>
		<parent>	Scene Root	</parent>
		<transform>
			<row0>	1.0000 0.0000 0.0000 0.0000	</row0>
			<row1>	0.0000 1.0000 0.0000 0.0000	</row1>
			<row2>	0.0000 0.0000 1.0000 0.0000	</row2>
			<row3>	0.3937 0.3254 -5.0338 1.0000	</row3>
		</transform>
	</node>
	<node>
		<identifier>	MP_FM955_Bollard_INDEX_1	</identifier>
		<parent>	Scene Root	</parent>
		<transform>
			<row0>	1.3371 0.0000 0.0000 0.0000	</row0>
			<row1>	0.0000 1.3371 0.0000 0.0000	</row1>
			<row2>	0.0000 0.0000 1.3371 0.0000	</row2>
			<row3>	-0.3641 0.3247 -4.8331 1.0000	</row3>
		</transform>
	</node>
	<node>
		<identifier>	MP_FM955_Bollard_INDEX_2	</identifier>
		<parent>	Scene Root	</parent>
		<transform>
			<row0>	1.3371 0.0000 0.0000 0.0000	</row0>
			<row1>	0.0000 1.3371 0.0000 0.0000	</row1>
			<row2>	0.0000 0.0000 1.3371 0.0000	</row2>
			<row3>	0.3641 0.3247 -4.8331 1.0000	</row3>
		</transform>
	</node>
	<node>
		<identifier>	MP_FM955_Bollard_INDEX_3	</identifier>
		<parent>	Scene Root	</parent>
		<transform>
			<row0>	1.0000 0.0000 0.0000 0.0000	</row0>
			<row1>	0.0000 1.0000 0.0000 0.0000	</row1>
			<row2>	0.0000 0.0000 1.0000 0.0000	</row2>
			<row3>	-0.3937 0.3254 -5.0338 1.0000	</row3>
		</transform>
	</node>
</FSC016_De_Grasse_1941_Stern.skel_ext>
