<FAB702_LeO_H470.visual>
	<skeleton>
		<node>
			<identifier>	Scene Root	</identifier>
			<transform>
				<row0>	1.0000 0.0000 0.0000 0.0000	</row0>
				<row1>	0.0000 1.0000 0.0000 0.0000	</row1>
				<row2>	0.0000 0.0000 1.0000 0.0000	</row2>
				<row3>	0.0000 0.0000 0.0000 1.0000	</row3>
			</transform>
			<node>
				<identifier>	Root	</identifier>
				<transform>
					<row0>	1.0000 0.0000 0.0000 0.0000	</row0>
					<row1>	0.0000 1.0000 0.0000 0.0000	</row1>
					<row2>	0.0000 0.0000 1.0000 0.0000	</row2>
					<row3>	0.0000 0.0000 0.0000 1.0000	</row3>
				</transform>
				<node>
					<identifier>	HP_Air_bomb_1	</identifier>
					<transform>
						<row0>	0.5000 0.0000 0.0000 0.0000	</row0>
						<row1>	0.0000 0.4978 -0.0469 0.0000	</row1>
						<row2>	0.0000 0.0469 0.4978 0.0000	</row2>
						<row3>	-0.3012 0.2512 0.0801 1.0000	</row3>
					</transform>
				</node>
				<node>
					<identifier>	HP_Air_bomb_2	</identifier>
					<transform>
						<row0>	0.5000 0.0000 0.0000 0.0000	</row0>
						<row1>	0.0000 0.4978 -0.0469 0.0000	</row1>
						<row2>	0.0000 0.0469 0.4978 0.0000	</row2>
						<row3>	0.3012 0.2512 0.0800 1.0000	</row3>
					</transform>
				</node>
				<node>
					<identifier>	HP_Air_bomb_3	</identifier>
					<transform>
						<row0>	0.5000 0.0000 0.0000 0.0000	</row0>
						<row1>	0.0000 0.4978 -0.0469 0.0000	</row1>
						<row2>	0.0000 0.0469 0.4978 0.0000	</row2>
						<row3>	-0.2400 0.2494 0.0802 1.0000	</row3>
					</transform>
				</node>
				<node>
					<identifier>	HP_Air_bomb_4	</identifier>
					<transform>
						<row0>	0.5000 0.0000 0.0000 0.0000	</row0>
						<row1>	0.0000 0.4978 -0.0469 0.0000	</row1>
						<row2>	0.0000 0.0469 0.4978 0.0000	</row2>
						<row3>	0.2400 0.2494 0.0802 1.0000	</row3>
					</transform>
				</node>
				<node>
					<identifier>	HP_Air_break_1	</identifier>
					<transform>
						<row0>	1.0000 0.0000 0.0000 0.0000	</row0>
						<row1>	0.0000 1.0000 0.0000 0.0000	</row1>
						<row2>	0.0000 0.0000 1.0000 0.0000	</row2>
						<row3>	-0.2680 0.2249 -0.0945 1.0000	</row3>
					</transform>
				</node>
				<node>
					<identifier>	HP_Air_break_2	</identifier>
					<transform>
						<row0>	1.0000 0.0000 0.0000 0.0000	</row0>
						<row1>	0.0000 1.0000 0.0000 0.0000	</row1>
						<row2>	0.0000 0.0000 1.0000 0.0000	</row2>
						<row3>	-0.1514 0.2276 -0.0925 1.0000	</row3>
					</transform>
				</node>
				<node>
					<identifier>	HP_Air_break_3	</identifier>
					<transform>
						<row0>	1.0000 0.0000 0.0000 0.0000	</row0>
						<row1>	0.0000 1.0000 0.0000 0.0000	</row1>
						<row2>	0.0000 0.0000 1.0000 0.0000	</row2>
						<row3>	0.2680 0.2249 -0.0945 1.0000	</row3>
					</transform>
				</node>
				<node>
					<identifier>	HP_Air_break_4	</identifier>
					<transform>
						<row0>	1.0000 0.0000 0.0000 0.0000	</row0>
						<row1>	0.0000 1.0000 0.0000 0.0000	</row1>
						<row2>	0.0000 0.0000 1.0000 0.0000	</row2>
						<row3>	0.1514 0.2276 -0.0926 1.0000	</row3>
					</transform>
				</node>
				<node>
					<identifier>	HP_Air_death_1	</identifier>
					<transform>
						<row0>	1.0000 0.0000 0.0000 0.0000	</row0>
						<row1>	0.0000 1.0000 0.0000 0.0000	</row1>
						<row2>	0.0000 0.0000 1.0000 0.0000	</row2>
						<row3>	0.0000 0.1353 0.3104 1.0000	</row3>
					</transform>
				</node>
				<node>
					<identifier>	HP_Air_enginelight_1	</identifier>
					<transform>
						<row0>	0.0026 -0.0430 -0.9991 0.0000	</row0>
						<row1>	-0.3922 0.9190 -0.0406 0.0000	</row1>
						<row2>	0.9199 0.3920 -0.0145 0.0000	</row2>
						<row3>	-0.1475 0.3181 0.2545 1.0000	</row3>
					</transform>
				</node>
				<node>
					<identifier>	HP_Air_enginelight_10	</identifier>
					<transform>
						<row0>	0.0099 -0.0468 -0.9989 0.0000	</row0>
						<row1>	-0.3919 0.9188 -0.0470 0.0000	</row1>
						<row2>	0.9199 0.3919 -0.0092 0.0000	</row2>
						<row3>	-0.1467 0.3010 -0.1219 1.0000	</row3>
					</transform>
				</node>
				<node>
					<identifier>	HP_Air_enginelight_11	</identifier>
					<transform>
						<row0>	0.0099 -0.0468 -0.9989 0.0000	</row0>
						<row1>	-0.3919 0.9188 -0.0470 0.0000	</row1>
						<row2>	0.9199 0.3919 -0.0092 0.0000	</row2>
						<row3>	-0.1467 0.3007 -0.1273 1.0000	</row3>
					</transform>
				</node>
				<node>
					<identifier>	HP_Air_enginelight_12	</identifier>
					<transform>
						<row0>	0.0099 -0.0468 -0.9989 0.0000	</row0>
						<row1>	-0.3919 0.9188 -0.0470 0.0000	</row1>
						<row2>	0.9199 0.3919 -0.0092 0.0000	</row2>
						<row3>	-0.1465 0.2999 -0.1461 1.0000	</row3>
					</transform>
				</node>
				<node>
					<identifier>	HP_Air_enginelight_13	</identifier>
					<transform>
						<row0>	0.0022 0.0427 0.9991 0.0000	</row0>
						<row1>	0.3897 0.9201 -0.0402 0.0000	</row1>
						<row2>	-0.9209 0.3894 -0.0147 0.0000	</row2>
						<row3>	-0.0859 0.3181 0.2545 1.0000	</row3>
					</transform>
				</node>
				<node>
					<identifier>	HP_Air_enginelight_14	</identifier>
					<transform>
						<row0>	0.0022 0.0427 0.9991 0.0000	</row0>
						<row1>	0.3897 0.9201 -0.0402 0.0000	</row1>
						<row2>	-0.9209 0.3894 -0.0147 0.0000	</row2>
						<row3>	-0.0859 0.3173 0.2355 1.0000	</row3>
					</transform>
				</node>
				<node>
					<identifier>	HP_Air_enginelight_15	</identifier>
					<transform>
						<row0>	0.0022 0.0427 0.9991 0.0000	</row0>
						<row1>	0.3897 0.9201 -0.0402 0.0000	</row1>
						<row2>	-0.9209 0.3894 -0.0147 0.0000	</row2>
						<row3>	-0.0859 0.3171 0.2303 1.0000	</row3>
					</transform>
				</node>
				<node>
					<identifier>	HP_Air_enginelight_16	</identifier>
					<transform>
						<row0>	0.0022 0.0427 0.9991 0.0000	</row0>
						<row1>	0.3897 0.9201 -0.0402 0.0000	</row1>
						<row2>	-0.9209 0.3894 -0.0147 0.0000	</row2>
						<row3>	-0.0860 0.3162 0.2110 1.0000	</row3>
					</transform>
				</node>
				<node>
					<identifier>	HP_Air_enginelight_17	</identifier>
					<transform>
						<row0>	0.0022 0.0427 0.9991 0.0000	</row0>
						<row1>	0.3897 0.9201 -0.0402 0.0000	</row1>
						<row2>	-0.9209 0.3894 -0.0147 0.0000	</row2>
						<row3>	-0.0860 0.3160 0.2058 1.0000	</row3>
					</transform>
				</node>
				<node>
					<identifier>	HP_Air_enginelight_18	</identifier>
					<transform>
						<row0>	0.0022 0.0427 0.9991 0.0000	</row0>
						<row1>	0.3897 0.9201 -0.0402 0.0000	</row1>
						<row2>	-0.9209 0.3894 -0.0147 0.0000	</row2>
						<row3>	-0.0860 0.3151 0.1854 1.0000	</row3>
					</transform>
				</node>
				<node>
					<identifier>	HP_Air_enginelight_19	</identifier>
					<transform>
						<row0>	0.0101 0.0462 0.9989 0.0000	</row0>
						<row1>	0.3893 0.9199 -0.0465 0.0000	</row1>
						<row2>	-0.9210 0.3894 -0.0086 0.0000	</row2>
						<row3>	-0.0862 0.3031 -0.0773 1.0000	</row3>
					</transform>
				</node>
				<node>
					<identifier>	HP_Air_enginelight_2	</identifier>
					<transform>
						<row0>	0.0026 -0.0430 -0.9991 0.0000	</row0>
						<row1>	-0.3922 0.9190 -0.0406 0.0000	</row1>
						<row2>	0.9199 0.3920 -0.0145 0.0000	</row2>
						<row3>	-0.1474 0.3173 0.2355 1.0000	</row3>
					</transform>
				</node>
				<node>
					<identifier>	HP_Air_enginelight_20	</identifier>
					<transform>
						<row0>	0.0101 0.0462 0.9989 0.0000	</row0>
						<row1>	0.3893 0.9199 -0.0465 0.0000	</row1>
						<row2>	-0.9210 0.3894 -0.0086 0.0000	</row2>
						<row3>	-0.0864 0.3021 -0.0976 1.0000	</row3>
					</transform>
				</node>
				<node>
					<identifier>	HP_Air_enginelight_21	</identifier>
					<transform>
						<row0>	0.0101 0.0462 0.9989 0.0000	</row0>
						<row1>	0.3893 0.9199 -0.0465 0.0000	</row1>
						<row2>	-0.9210 0.3894 -0.0086 0.0000	</row2>
						<row3>	-0.0865 0.3019 -0.1028 1.0000	</row3>
					</transform>
				</node>
				<node>
					<identifier>	HP_Air_enginelight_22	</identifier>
					<transform>
						<row0>	0.0101 0.0462 0.9989 0.0000	</row0>
						<row1>	0.3893 0.9199 -0.0465 0.0000	</row1>
						<row2>	-0.9210 0.3894 -0.0086 0.0000	</row2>
						<row3>	-0.0867 0.3010 -0.1219 1.0000	</row3>
					</transform>
				</node>
				<node>
					<identifier>	HP_Air_enginelight_23	</identifier>
					<transform>
						<row0>	0.0101 0.0462 0.9989 0.0000	</row0>
						<row1>	0.3893 0.9199 -0.0465 0.0000	</row1>
						<row2>	-0.9210 0.3894 -0.0086 0.0000	</row2>
						<row3>	-0.0868 0.3008 -0.1273 1.0000	</row3>
					</transform>
				</node>
				<node>
					<identifier>	HP_Air_enginelight_24	</identifier>
					<transform>
						<row0>	0.0101 0.0462 0.9989 0.0000	</row0>
						<row1>	0.3893 0.9199 -0.0465 0.0000	</row1>
						<row2>	-0.9210 0.3894 -0.0086 0.0000	</row2>
						<row3>	-0.0869 0.3000 -0.1461 1.0000	</row3>
					</transform>
				</node>
				<node>
					<identifier>	HP_Air_enginelight_25	</identifier>
					<transform>
						<row0>	0.0026 -0.0430 -0.9991 0.0000	</row0>
						<row1>	-0.3922 0.9190 -0.0406 0.0000	</row1>
						<row2>	0.9199 0.3920 -0.0145 0.0000	</row2>
						<row3>	0.0859 0.3181 0.2545 1.0000	</row3>
					</transform>
				</node>
				<node>
					<identifier>	HP_Air_enginelight_26	</identifier>
					<transform>
						<row0>	0.0026 -0.0430 -0.9991 0.0000	</row0>
						<row1>	-0.3922 0.9190 -0.0406 0.0000	</row1>
						<row2>	0.9199 0.3920 -0.0145 0.0000	</row2>
						<row3>	0.0859 0.3173 0.2355 1.0000	</row3>
					</transform>
				</node>
				<node>
					<identifier>	HP_Air_enginelight_27	</identifier>
					<transform>
						<row0>	0.0026 -0.0430 -0.9991 0.0000	</row0>
						<row1>	-0.3922 0.9190 -0.0406 0.0000	</row1>
						<row2>	0.9199 0.3920 -0.0145 0.0000	</row2>
						<row3>	0.0859 0.3170 0.2303 1.0000	</row3>
					</transform>
				</node>
				<node>
					<identifier>	HP_Air_enginelight_28	</identifier>
					<transform>
						<row0>	0.0026 -0.0430 -0.9991 0.0000	</row0>
						<row1>	-0.3922 0.9190 -0.0406 0.0000	</row1>
						<row2>	0.9199 0.3920 -0.0145 0.0000	</row2>
						<row3>	0.0860 0.3162 0.2110 1.0000	</row3>
					</transform>
				</node>
				<node>
					<identifier>	HP_Air_enginelight_29	</identifier>
					<transform>
						<row0>	0.0026 -0.0430 -0.9991 0.0000	</row0>
						<row1>	-0.3922 0.9190 -0.0406 0.0000	</row1>
						<row2>	0.9199 0.3920 -0.0145 0.0000	</row2>
						<row3>	0.0860 0.3160 0.2058 1.0000	</row3>
					</transform>
				</node>
				<node>
					<identifier>	HP_Air_enginelight_3	</identifier>
					<transform>
						<row0>	0.0026 -0.0430 -0.9991 0.0000	</row0>
						<row1>	-0.3922 0.9190 -0.0406 0.0000	</row1>
						<row2>	0.9199 0.3920 -0.0145 0.0000	</row2>
						<row3>	-0.1474 0.3170 0.2303 1.0000	</row3>
					</transform>
				</node>
				<node>
					<identifier>	HP_Air_enginelight_30	</identifier>
					<transform>
						<row0>	0.0026 -0.0430 -0.9991 0.0000	</row0>
						<row1>	-0.3922 0.9190 -0.0406 0.0000	</row1>
						<row2>	0.9199 0.3920 -0.0145 0.0000	</row2>
						<row3>	0.0861 0.3151 0.1854 1.0000	</row3>
					</transform>
				</node>
				<node>
					<identifier>	HP_Air_enginelight_31	</identifier>
					<transform>
						<row0>	0.0099 -0.0468 -0.9989 0.0000	</row0>
						<row1>	-0.3919 0.9188 -0.0470 0.0000	</row1>
						<row2>	0.9199 0.3919 -0.0092 0.0000	</row2>
						<row3>	0.0862 0.3031 -0.0773 1.0000	</row3>
					</transform>
				</node>
				<node>
					<identifier>	HP_Air_enginelight_32	</identifier>
					<transform>
						<row0>	0.0099 -0.0468 -0.9989 0.0000	</row0>
						<row1>	-0.3919 0.9188 -0.0470 0.0000	</row1>
						<row2>	0.9199 0.3919 -0.0092 0.0000	</row2>
						<row3>	0.0864 0.3021 -0.0976 1.0000	</row3>
					</transform>
				</node>
				<node>
					<identifier>	HP_Air_enginelight_33	</identifier>
					<transform>
						<row0>	0.0099 -0.0468 -0.9989 0.0000	</row0>
						<row1>	-0.3919 0.9188 -0.0470 0.0000	</row1>
						<row2>	0.9199 0.3919 -0.0092 0.0000	</row2>
						<row3>	0.0864 0.3019 -0.1028 1.0000	</row3>
					</transform>
				</node>
				<node>
					<identifier>	HP_Air_enginelight_34	</identifier>
					<transform>
						<row0>	0.0099 -0.0468 -0.9989 0.0000	</row0>
						<row1>	-0.3919 0.9188 -0.0470 0.0000	</row1>
						<row2>	0.9199 0.3919 -0.0092 0.0000	</row2>
						<row3>	0.0866 0.3010 -0.1219 1.0000	</row3>
					</transform>
				</node>
				<node>
					<identifier>	HP_Air_enginelight_35	</identifier>
					<transform>
						<row0>	0.0099 -0.0468 -0.9989 0.0000	</row0>
						<row1>	-0.3919 0.9188 -0.0470 0.0000	</row1>
						<row2>	0.9199 0.3919 -0.0092 0.0000	</row2>
						<row3>	0.0867 0.3007 -0.1273 1.0000	</row3>
					</transform>
				</node>
				<node>
					<identifier>	HP_Air_enginelight_36	</identifier>
					<transform>
						<row0>	0.0099 -0.0468 -0.9989 0.0000	</row0>
						<row1>	-0.3919 0.9188 -0.0470 0.0000	</row1>
						<row2>	0.9199 0.3919 -0.0092 0.0000	</row2>
						<row3>	0.0869 0.2999 -0.1461 1.0000	</row3>
					</transform>
				</node>
				<node>
					<identifier>	HP_Air_enginelight_37	</identifier>
					<transform>
						<row0>	0.0022 0.0427 0.9991 0.0000	</row0>
						<row1>	0.3897 0.9201 -0.0402 0.0000	</row1>
						<row2>	-0.9209 0.3894 -0.0147 0.0000	</row2>
						<row3>	0.1475 0.3181 0.2545 1.0000	</row3>
					</transform>
				</node>
				<node>
					<identifier>	HP_Air_enginelight_38	</identifier>
					<transform>
						<row0>	0.0022 0.0427 0.9991 0.0000	</row0>
						<row1>	0.3897 0.9201 -0.0402 0.0000	</row1>
						<row2>	-0.9209 0.3894 -0.0147 0.0000	</row2>
						<row3>	0.1475 0.3173 0.2355 1.0000	</row3>
					</transform>
				</node>
				<node>
					<identifier>	HP_Air_enginelight_39	</identifier>
					<transform>
						<row0>	0.0022 0.0427 0.9991 0.0000	</row0>
						<row1>	0.3897 0.9201 -0.0402 0.0000	</row1>
						<row2>	-0.9209 0.3894 -0.0147 0.0000	</row2>
						<row3>	0.1474 0.3171 0.2303 1.0000	</row3>
					</transform>
				</node>
				<node>
					<identifier>	HP_Air_enginelight_4	</identifier>
					<transform>
						<row0>	0.0026 -0.0430 -0.9991 0.0000	</row0>
						<row1>	-0.3922 0.9190 -0.0406 0.0000	</row1>
						<row2>	0.9199 0.3920 -0.0145 0.0000	</row2>
						<row3>	-0.1474 0.3162 0.2110 1.0000	</row3>
					</transform>
				</node>
				<node>
					<identifier>	HP_Air_enginelight_40	</identifier>
					<transform>
						<row0>	0.0022 0.0427 0.9991 0.0000	</row0>
						<row1>	0.3897 0.9201 -0.0402 0.0000	</row1>
						<row2>	-0.9209 0.3894 -0.0147 0.0000	</row2>
						<row3>	0.1474 0.3162 0.2110 1.0000	</row3>
					</transform>
				</node>
				<node>
					<identifier>	HP_Air_enginelight_41	</identifier>
					<transform>
						<row0>	0.0022 0.0427 0.9991 0.0000	</row0>
						<row1>	0.3897 0.9201 -0.0402 0.0000	</row1>
						<row2>	-0.9209 0.3894 -0.0147 0.0000	</row2>
						<row3>	0.1474 0.3160 0.2058 1.0000	</row3>
					</transform>
				</node>
				<node>
					<identifier>	HP_Air_enginelight_42	</identifier>
					<transform>
						<row0>	0.0022 0.0427 0.9991 0.0000	</row0>
						<row1>	0.3897 0.9201 -0.0402 0.0000	</row1>
						<row2>	-0.9209 0.3894 -0.0147 0.0000	</row2>
						<row3>	0.1473 0.3151 0.1854 1.0000	</row3>
					</transform>
				</node>
				<node>
					<identifier>	HP_Air_enginelight_43	</identifier>
					<transform>
						<row0>	0.0101 0.0462 0.9989 0.0000	</row0>
						<row1>	0.3893 0.9199 -0.0465 0.0000	</row1>
						<row2>	-0.9210 0.3894 -0.0086 0.0000	</row2>
						<row3>	0.1471 0.3031 -0.0773 1.0000	</row3>
					</transform>
				</node>
				<node>
					<identifier>	HP_Air_enginelight_44	</identifier>
					<transform>
						<row0>	0.0101 0.0462 0.9989 0.0000	</row0>
						<row1>	0.3893 0.9199 -0.0465 0.0000	</row1>
						<row2>	-0.9210 0.3894 -0.0086 0.0000	</row2>
						<row3>	0.1469 0.3021 -0.0976 1.0000	</row3>
					</transform>
				</node>
				<node>
					<identifier>	HP_Air_enginelight_45	</identifier>
					<transform>
						<row0>	0.0101 0.0462 0.9989 0.0000	</row0>
						<row1>	0.3893 0.9199 -0.0465 0.0000	</row1>
						<row2>	-0.9210 0.3894 -0.0086 0.0000	</row2>
						<row3>	0.1469 0.3019 -0.1028 1.0000	</row3>
					</transform>
				</node>
				<node>
					<identifier>	HP_Air_enginelight_46	</identifier>
					<transform>
						<row0>	0.0101 0.0462 0.9989 0.0000	</row0>
						<row1>	0.3893 0.9199 -0.0465 0.0000	</row1>
						<row2>	-0.9210 0.3894 -0.0086 0.0000	</row2>
						<row3>	0.1467 0.3010 -0.1219 1.0000	</row3>
					</transform>
				</node>
				<node>
					<identifier>	HP_Air_enginelight_47	</identifier>
					<transform>
						<row0>	0.0101 0.0462 0.9989 0.0000	</row0>
						<row1>	0.3893 0.9199 -0.0465 0.0000	</row1>
						<row2>	-0.9210 0.3894 -0.0086 0.0000	</row2>
						<row3>	0.1466 0.3008 -0.1273 1.0000	</row3>
					</transform>
				</node>
				<node>
					<identifier>	HP_Air_enginelight_48	</identifier>
					<transform>
						<row0>	0.0101 0.0462 0.9989 0.0000	</row0>
						<row1>	0.3893 0.9199 -0.0465 0.0000	</row1>
						<row2>	-0.9210 0.3894 -0.0086 0.0000	</row2>
						<row3>	0.1464 0.3000 -0.1461 1.0000	</row3>
					</transform>
				</node>
				<node>
					<identifier>	HP_Air_enginelight_5	</identifier>
					<transform>
						<row0>	0.0026 -0.0430 -0.9991 0.0000	</row0>
						<row1>	-0.3922 0.9190 -0.0406 0.0000	</row1>
						<row2>	0.9199 0.3920 -0.0145 0.0000	</row2>
						<row3>	-0.1474 0.3160 0.2058 1.0000	</row3>
					</transform>
				</node>
				<node>
					<identifier>	HP_Air_enginelight_6	</identifier>
					<transform>
						<row0>	0.0026 -0.0430 -0.9991 0.0000	</row0>
						<row1>	-0.3922 0.9190 -0.0406 0.0000	</row1>
						<row2>	0.9199 0.3920 -0.0145 0.0000	</row2>
						<row3>	-0.1473 0.3151 0.1854 1.0000	</row3>
					</transform>
				</node>
				<node>
					<identifier>	HP_Air_enginelight_7	</identifier>
					<transform>
						<row0>	0.0099 -0.0468 -0.9989 0.0000	</row0>
						<row1>	-0.3919 0.9188 -0.0470 0.0000	</row1>
						<row2>	0.9199 0.3919 -0.0092 0.0000	</row2>
						<row3>	-0.1472 0.3031 -0.0773 1.0000	</row3>
					</transform>
				</node>
				<node>
					<identifier>	HP_Air_enginelight_8	</identifier>
					<transform>
						<row0>	0.0099 -0.0468 -0.9989 0.0000	</row0>
						<row1>	-0.3919 0.9188 -0.0470 0.0000	</row1>
						<row2>	0.9199 0.3919 -0.0092 0.0000	</row2>
						<row3>	-0.1470 0.3021 -0.0976 1.0000	</row3>
					</transform>
				</node>
				<node>
					<identifier>	HP_Air_enginelight_9	</identifier>
					<transform>
						<row0>	0.0099 -0.0468 -0.9989 0.0000	</row0>
						<row1>	-0.3919 0.9188 -0.0470 0.0000	</row1>
						<row2>	0.9199 0.3919 -0.0092 0.0000	</row2>
						<row3>	-0.1469 0.3019 -0.1028 1.0000	</row3>
					</transform>
				</node>
				<node>
					<identifier>	HP_Air_fire_1	</identifier>
					<transform>
						<row0>	1.0000 0.0000 0.0000 0.0000	</row0>
						<row1>	0.0000 1.0000 0.0000 0.0000	</row1>
						<row2>	0.0000 0.0000 1.0000 0.0000	</row2>
						<row3>	-0.1465 0.2999 -0.1461 1.0000	</row3>
					</transform>
				</node>
				<node>
					<identifier>	HP_Air_fire_2	</identifier>
					<transform>
						<row0>	1.0000 0.0000 0.0000 0.0000	</row0>
						<row1>	0.0000 1.0000 0.0000 0.0000	</row1>
						<row2>	0.0000 0.0000 1.0000 0.0000	</row2>
						<row3>	0.1464 0.3000 -0.1461 1.0000	</row3>
					</transform>
				</node>
				<node>
					<identifier>	HP_Air_fire_3	</identifier>
					<transform>
						<row0>	1.0000 0.0000 0.0000 0.0000	</row0>
						<row1>	0.0000 1.0000 0.0000 0.0000	</row1>
						<row2>	0.0000 0.0000 1.0000 0.0000	</row2>
						<row3>	0.4236 0.3193 0.0820 1.0000	</row3>
					</transform>
				</node>
				<node>
					<identifier>	HP_Air_fire_4	</identifier>
					<transform>
						<row0>	1.0000 0.0000 0.0000 0.0000	</row0>
						<row1>	0.0000 1.0000 0.0000 0.0000	</row1>
						<row2>	0.0000 0.0000 1.0000 0.0000	</row2>
						<row3>	-0.2587 0.3198 0.0913 1.0000	</row3>
					</transform>
				</node>
				<node>
					<identifier>	HP_Air_fire_5	</identifier>
					<transform>
						<row0>	1.0000 0.0000 0.0000 0.0000	</row0>
						<row1>	0.0000 1.0000 0.0000 0.0000	</row1>
						<row2>	0.0000 0.0000 1.0000 0.0000	</row2>
						<row3>	0.1398 0.1779 0.1320 1.0000	</row3>
					</transform>
				</node>
				<node>
					<identifier>	HP_Air_fire_6	</identifier>
					<transform>
						<row0>	1.0000 0.0000 0.0000 0.0000	</row0>
						<row1>	0.0000 1.0000 0.0000 0.0000	</row1>
						<row2>	0.0000 0.0000 1.0000 0.0000	</row2>
						<row3>	0.0000 0.2591 -0.1504 1.0000	</row3>
					</transform>
				</node>
				<node>
					<identifier>	HP_Air_fire_7	</identifier>
					<transform>
						<row0>	1.0000 0.0000 0.0000 0.0000	</row0>
						<row1>	0.0000 1.0000 0.0000 0.0000	</row1>
						<row2>	0.0000 0.0000 1.0000 0.0000	</row2>
						<row3>	0.0000 0.1747 -0.7248 1.0000	</row3>
					</transform>
				</node>
				<node>
					<identifier>	HP_Air_flytrail_1	</identifier>
					<transform>
						<row0>	1.0000 0.0000 0.0000 0.0000	</row0>
						<row1>	0.0000 1.0000 0.0000 0.0000	</row1>
						<row2>	0.0000 0.0000 1.0000 0.0000	</row2>
						<row3>	-1.0597 0.3082 0.0216 1.0000	</row3>
					</transform>
				</node>
				<node>
					<identifier>	HP_Air_flytrail_2	</identifier>
					<transform>
						<row0>	1.0000 0.0000 0.0000 0.0000	</row0>
						<row1>	0.0000 1.0000 0.0000 0.0000	</row1>
						<row2>	0.0000 0.0000 1.0000 0.0000	</row2>
						<row3>	1.0596 0.3082 0.0216 1.0000	</row3>
					</transform>
				</node>
				<node>
					<identifier>	HP_Air_ricochet_1	</identifier>
					<transform>
						<row0>	1.0000 0.0000 0.0000 0.0000	</row0>
						<row1>	0.0000 1.0000 0.0000 0.0000	</row1>
						<row2>	0.0000 0.0000 1.0000 0.0000	</row2>
						<row3>	-0.0718 0.1366 0.3570 1.0000	</row3>
					</transform>
				</node>
				<node>
					<identifier>	HP_Air_ricochet_2	</identifier>
					<transform>
						<row0>	1.0000 0.0000 0.0000 0.0000	</row0>
						<row1>	0.0000 1.0000 0.0000 0.0000	</row1>
						<row2>	0.0000 0.0000 1.0000 0.0000	</row2>
						<row3>	0.1494 0.2028 0.1616 1.0000	</row3>
					</transform>
				</node>
				<node>
					<identifier>	HP_Air_ricochet_3	</identifier>
					<transform>
						<row0>	1.0000 0.0000 0.0000 0.0000	</row0>
						<row1>	0.0000 1.0000 0.0000 0.0000	</row1>
						<row2>	0.0000 0.0000 1.0000 0.0000	</row2>
						<row3>	-0.1387 0.3388 0.1770 1.0000	</row3>
					</transform>
				</node>
				<node>
					<identifier>	HP_Air_ricochet_4	</identifier>
					<transform>
						<row0>	1.0000 0.0000 0.0000 0.0000	</row0>
						<row1>	0.0000 1.0000 0.0000 0.0000	</row1>
						<row2>	0.0000 0.0000 1.0000 0.0000	</row2>
						<row3>	0.1291 0.3277 -0.0781 1.0000	</row3>
					</transform>
				</node>
				<node>
					<identifier>	HP_Air_ricochet_5	</identifier>
					<transform>
						<row0>	1.0000 0.0000 0.0000 0.0000	</row0>
						<row1>	0.0000 1.0000 0.0000 0.0000	</row1>
						<row2>	0.0000 0.0000 1.0000 0.0000	</row2>
						<row3>	-0.4780 0.2628 0.0260 1.0000	</row3>
					</transform>
				</node>
				<node>
					<identifier>	HP_Air_ricochet_6	</identifier>
					<transform>
						<row0>	1.0000 0.0000 0.0000 0.0000	</row0>
						<row1>	0.0000 1.0000 0.0000 0.0000	</row1>
						<row2>	0.0000 0.0000 1.0000 0.0000	</row2>
						<row3>	-0.0550 0.1918 -0.3743 1.0000	</row3>
					</transform>
				</node>
				<node>
					<identifier>	HP_gunFireBack	</identifier>
					<transform>
						<row0>	1.0000 0.0000 0.0000 0.0000	</row0>
						<row1>	0.0000 0.9877 0.1564 0.0000	</row1>
						<row2>	0.0000 -0.1564 0.9877 0.0000	</row2>
						<row3>	0.0000 0.2402 -0.2137 1.0000	</row3>
					</transform>
				</node>
				<node>
					<identifier>	Root_BlendBone	</identifier>
					<transform>
						<row0>	1.0000 0.0000 0.0000 0.0000	</row0>
						<row1>	0.0000 1.0000 0.0000 0.0000	</row1>
						<row2>	0.0000 0.0000 -1.0000 0.0000	</row2>
						<row3>	0.0000 0.0000 0.0000 1.0000	</row3>
					</transform>
				</node>
				<node>
					<identifier>	elevator_1	</identifier>
					<transform>
						<row0>	1.0000 0.0000 0.0000 0.0000	</row0>
						<row1>	0.0000 1.0000 0.0000 0.0000	</row1>
						<row2>	0.0000 0.0000 1.0000 0.0000	</row2>
						<row3>	0.0000 0.3414 -0.8224 1.0000	</row3>
					</transform>
					<rotate>
						<min>	-25.0000 0.0000 0.0000	</min>
						<max>	25.0000 0.0000 0.0000	</max>
					</rotate>
					<node>
						<identifier>	elevator_1_BlendBone	</identifier>
						<transform>
							<row0>	1.0000 0.0000 0.0000 0.0000	</row0>
							<row1>	0.0000 1.0000 0.0000 0.0000	</row1>
							<row2>	0.0000 0.0000 -1.0000 0.0000	</row2>
							<row3>	0.0000 -0.3414 0.8224 1.0000	</row3>
						</transform>
					</node>
				</node>
				<node>
					<identifier>	l_ailerone_1	</identifier>
					<transform>
						<row0>	0.9939 -0.0644 -0.0891 0.0000	</row0>
						<row1>	0.0647 0.9979 0.0000 0.0000	</row1>
						<row2>	0.0889 -0.0058 0.9960 0.0000	</row2>
						<row3>	-0.6663 0.2729 -0.0818 1.0000	</row3>
					</transform>
					<rotate>
						<min>	-25.0000 -5.1100 -3.7100	</min>
						<max>	25.0000 -5.1100 -3.7100	</max>
					</rotate>
					<node>
						<identifier>	l_ailerone_1_BlendBone	</identifier>
						<transform>
							<row0>	0.9939 0.0647 0.0889 0.0000	</row0>
							<row1>	-0.0644 0.9979 -0.0058 0.0000	</row1>
							<row2>	0.0891 0.0000 -0.9960 0.0000	</row2>
							<row3>	0.6726 -0.2292 0.1422 1.0000	</row3>
						</transform>
					</node>
				</node>
				<node>
					<identifier>	l_flaps_1	</identifier>
					<transform>
						<row0>	0.9920 -0.0999 -0.0772 0.0000	</row0>
						<row1>	0.1002 0.9950 0.0000 0.0000	</row1>
						<row2>	0.0769 -0.0077 0.9970 0.0000	</row2>
						<row3>	-0.2680 0.2249 -0.0945 1.0000	</row3>
					</transform>
					<rotate>
						<min>	0.0000 -4.4300 -5.7500	</min>
						<max>	40.0000 -4.4300 -5.7500	</max>
					</rotate>
					<node>
						<identifier>	l_flaps_1_BlendBone	</identifier>
						<transform>
							<row0>	0.9920 0.1002 0.0769 0.0000	</row0>
							<row1>	-0.0999 0.9950 -0.0077 0.0000	</row1>
							<row2>	0.0772 0.0000 -0.9970 0.0000	</row2>
							<row3>	0.2811 -0.1969 0.1165 1.0000	</row3>
						</transform>
					</node>
				</node>
				<node>
					<identifier>	l_flaps_2	</identifier>
					<transform>
						<row0>	1.0000 0.0000 0.0000 0.0000	</row0>
						<row1>	0.0000 1.0000 0.0000 0.0000	</row1>
						<row2>	0.0000 0.0000 1.0000 0.0000	</row2>
						<row3>	-0.1514 0.2276 -0.0925 1.0000	</row3>
					</transform>
					<rotate>
						<min>	0.0000 0.0000 0.0000	</min>
						<max>	40.0000 0.0000 0.0000	</max>
					</rotate>
					<node>
						<identifier>	l_flaps_2_BlendBone	</identifier>
						<transform>
							<row0>	1.0000 0.0000 0.0000 0.0000	</row0>
							<row1>	0.0000 1.0000 0.0000 0.0000	</row1>
							<row2>	0.0000 0.0000 -1.0000 0.0000	</row2>
							<row3>	0.1514 -0.2276 0.0925 1.0000	</row3>
						</transform>
					</node>
				</node>
				<node>
					<identifier>	r_ailerone_1	</identifier>
					<transform>
						<row0>	0.9939 0.0646 0.0891 0.0000	</row0>
						<row1>	-0.0649 0.9979 0.0000 0.0000	</row1>
						<row2>	-0.0889 -0.0058 0.9960 0.0000	</row2>
						<row3>	0.6663 0.2729 -0.0818 1.0000	</row3>
					</transform>
					<rotate>
						<min>	-25.0000 5.1100 3.7200	</min>
						<max>	25.0000 5.1100 3.7200	</max>
					</rotate>
					<node>
						<identifier>	r_ailerone_1_BlendBone	</identifier>
						<transform>
							<row0>	0.9939 -0.0649 -0.0889 0.0000	</row0>
							<row1>	0.0646 0.9979 -0.0058 0.0000	</row1>
							<row2>	-0.0891 0.0000 -0.9960 0.0000	</row2>
							<row3>	-0.6726 -0.2291 0.1422 1.0000	</row3>
						</transform>
					</node>
				</node>
				<node>
					<identifier>	r_flaps_1	</identifier>
					<transform>
						<row0>	0.9920 0.0999 0.0772 0.0000	</row0>
						<row1>	-0.1002 0.9950 0.0000 0.0000	</row1>
						<row2>	-0.0769 -0.0077 0.9970 0.0000	</row2>
						<row3>	0.2680 0.2249 -0.0945 1.0000	</row3>
					</transform>
					<rotate>
						<min>	0.0000 4.4300 5.7500	</min>
						<max>	40.0000 4.4300 5.7500	</max>
					</rotate>
					<node>
						<identifier>	r_flaps_1_BlendBone	</identifier>
						<transform>
							<row0>	0.9920 -0.1002 -0.0769 0.0000	</row0>
							<row1>	0.0999 0.9950 -0.0077 0.0000	</row1>
							<row2>	-0.0772 0.0000 -0.9970 0.0000	</row2>
							<row3>	-0.2811 -0.1969 0.1165 1.0000	</row3>
						</transform>
					</node>
				</node>
				<node>
					<identifier>	r_flaps_2	</identifier>
					<transform>
						<row0>	1.0000 0.0000 0.0000 0.0000	</row0>
						<row1>	0.0000 1.0000 0.0000 0.0000	</row1>
						<row2>	0.0000 0.0000 1.0000 0.0000	</row2>
						<row3>	0.1514 0.2276 -0.0926 1.0000	</row3>
					</transform>
					<rotate>
						<min>	0.0000 0.0000 0.0000	</min>
						<max>	40.0000 0.0000 0.0000	</max>
					</rotate>
					<node>
						<identifier>	r_flaps_2_BlendBone	</identifier>
						<transform>
							<row0>	1.0000 0.0000 0.0000 0.0000	</row0>
							<row1>	0.0000 1.0000 0.0000 0.0000	</row1>
							<row2>	0.0000 0.0000 -1.0000 0.0000	</row2>
							<row3>	-0.1514 -0.2276 0.0926 1.0000	</row3>
						</transform>
					</node>
				</node>
				<node>
					<identifier>	rudder_1	</identifier>
					<transform>
						<row0>	1.0000 0.0000 0.0000 0.0000	</row0>
						<row1>	0.0000 1.0000 0.0000 0.0000	</row1>
						<row2>	0.0000 0.0000 1.0000 0.0000	</row2>
						<row3>	0.0000 0.4642 -0.8063 1.0000	</row3>
					</transform>
					<rotate>
						<min>	0.0000 -30.0000 0.0000	</min>
						<max>	0.0000 30.0000 0.0000	</max>
					</rotate>
					<node>
						<identifier>	rudder_1_BlendBone	</identifier>
						<transform>
							<row0>	1.0000 0.0000 0.0000 0.0000	</row0>
							<row1>	0.0000 1.0000 0.0000 0.0000	</row1>
							<row2>	0.0000 0.0000 -1.0000 0.0000	</row2>
							<row3>	0.0000 -0.4642 0.8063 1.0000	</row3>
						</transform>
					</node>
				</node>
			</node>
			<node>
				<identifier>	hull	</identifier>
				<transform>
					<row0>	1.0000 0.0000 0.0000 0.0000	</row0>
					<row1>	0.0000 1.0000 0.0000 0.0000	</row1>
					<row2>	0.0000 0.0000 1.0000 0.0000	</row2>
					<row3>	0.0000 0.0000 0.0000 1.0000	</row3>
				</transform>
				<node>
					<identifier>	hull_wire	</identifier>
					<transform>
						<row0>	1.0000 0.0000 0.0000 0.0000	</row0>
						<row1>	0.0000 1.0000 0.0000 0.0000	</row1>
						<row2>	0.0000 0.0000 1.0000 0.0000	</row2>
						<row3>	0.0000 0.0000 0.0000 1.0000	</row3>
					</transform>
				</node>
				<node>
					<identifier>	propeller_mod	</identifier>
					<transform>
						<row0>	1.0000 0.0000 0.0000 0.0000	</row0>
						<row1>	0.0000 0.9992 -0.0401 0.0000	</row1>
						<row2>	0.0000 0.0401 0.9992 0.0000	</row2>
						<row3>	-0.1166 0.3108 0.2895 1.0000	</row3>
					</transform>
					<node>
						<identifier>	disc	</identifier>
						<transform>
							<row0>	1.0000 0.0000 0.0000 0.0000	</row0>
							<row1>	0.0000 1.0000 0.0000 0.0000	</row1>
							<row2>	0.0000 0.0000 1.0000 0.0000	</row2>
							<row3>	0.0000 0.0000 0.0000 1.0000	</row3>
						</transform>
						<node>
							<identifier>	disc_cap	</identifier>
							<transform>
								<row0>	1.0000 0.0000 0.0000 0.0000	</row0>
								<row1>	0.0000 1.0000 0.0000 0.0000	</row1>
								<row2>	0.0000 0.0000 1.0000 0.0000	</row2>
								<row3>	0.0000 0.0000 0.0000 1.0000	</row3>
							</transform>
						</node>
					</node>
					<node>
						<identifier>	mod	</identifier>
						<transform>
							<row0>	1.0000 0.0000 0.0000 0.0000	</row0>
							<row1>	0.0000 1.0000 0.0000 0.0000	</row1>
							<row2>	0.0000 0.0000 1.0000 0.0000	</row2>
							<row3>	0.0000 0.0000 0.0000 1.0000	</row3>
						</transform>
					</node>
				</node>
				<node>
					<identifier>	propeller_mod_1	</identifier>
					<transform>
						<row0>	1.0000 0.0000 0.0000 0.0000	</row0>
						<row1>	0.0000 0.9992 -0.0401 0.0000	</row1>
						<row2>	0.0000 0.0401 0.9992 0.0000	</row2>
						<row3>	0.1166 0.3108 0.2895 1.0000	</row3>
					</transform>
					<node>
						<identifier>	disc_1	</identifier>
						<transform>
							<row0>	1.0000 0.0000 0.0000 0.0000	</row0>
							<row1>	0.0000 1.0000 0.0000 0.0000	</row1>
							<row2>	0.0000 0.0000 1.0000 0.0000	</row2>
							<row3>	0.0000 0.0000 0.0000 1.0000	</row3>
						</transform>
						<node>
							<identifier>	disc_cap_1	</identifier>
							<transform>
								<row0>	1.0000 0.0000 0.0000 0.0000	</row0>
								<row1>	0.0000 1.0000 0.0000 0.0000	</row1>
								<row2>	0.0000 0.0000 1.0000 0.0000	</row2>
								<row3>	0.0000 0.0000 0.0000 1.0000	</row3>
							</transform>
						</node>
					</node>
					<node>
						<identifier>	mod_1	</identifier>
						<transform>
							<row0>	1.0000 0.0000 0.0000 0.0000	</row0>
							<row1>	0.0000 1.0000 0.0000 0.0000	</row1>
							<row2>	0.0000 0.0000 1.0000 0.0000	</row2>
							<row3>	0.0000 0.0000 0.0000 1.0000	</row3>
						</transform>
					</node>
				</node>
				<node>
					<identifier>	propeller_mod_2	</identifier>
					<transform>
						<row0>	1.0000 0.0000 0.0000 0.0000	</row0>
						<row1>	0.0000 0.9992 -0.0401 0.0000	</row1>
						<row2>	0.0000 0.0401 0.9992 0.0000	</row2>
						<row3>	-0.1166 0.2938 -0.1836 1.0000	</row3>
					</transform>
					<node>
						<identifier>	disc_2	</identifier>
						<transform>
							<row0>	1.0000 0.0000 0.0000 0.0000	</row0>
							<row1>	0.0000 1.0000 0.0000 0.0000	</row1>
							<row2>	0.0000 0.0000 1.0000 0.0000	</row2>
							<row3>	0.0000 0.0000 0.0000 1.0000	</row3>
						</transform>
						<node>
							<identifier>	disc_cap_2	</identifier>
							<transform>
								<row0>	1.0000 0.0000 0.0000 0.0000	</row0>
								<row1>	0.0000 1.0000 0.0000 0.0000	</row1>
								<row2>	0.0000 0.0000 1.0000 0.0000	</row2>
								<row3>	0.0000 0.0000 0.0000 1.0000	</row3>
							</transform>
						</node>
					</node>
					<node>
						<identifier>	mod_2	</identifier>
						<transform>
							<row0>	1.0000 0.0000 0.0000 0.0000	</row0>
							<row1>	0.0000 1.0000 0.0000 0.0000	</row1>
							<row2>	0.0000 0.0000 1.0000 0.0000	</row2>
							<row3>	0.0000 0.0000 0.0000 1.0000	</row3>
						</transform>
					</node>
				</node>
				<node>
					<identifier>	propeller_mod_3	</identifier>
					<transform>
						<row0>	1.0000 0.0000 0.0000 0.0000	</row0>
						<row1>	0.0000 0.9992 -0.0401 0.0000	</row1>
						<row2>	0.0000 0.0401 0.9992 0.0000	</row2>
						<row3>	0.1166 0.2938 -0.1836 1.0000	</row3>
					</transform>
					<node>
						<identifier>	disc_3	</identifier>
						<transform>
							<row0>	1.0000 0.0000 0.0000 0.0000	</row0>
							<row1>	0.0000 1.0000 0.0000 0.0000	</row1>
							<row2>	0.0000 0.0000 1.0000 0.0000	</row2>
							<row3>	0.0000 0.0000 0.0000 1.0000	</row3>
						</transform>
						<node>
							<identifier>	disc_cap_3	</identifier>
							<transform>
								<row0>	1.0000 0.0000 0.0000 0.0000	</row0>
								<row1>	0.0000 1.0000 0.0000 0.0000	</row1>
								<row2>	0.0000 0.0000 1.0000 0.0000	</row2>
								<row3>	0.0000 0.0000 0.0000 1.0000	</row3>
							</transform>
						</node>
					</node>
					<node>
						<identifier>	mod_3	</identifier>
						<transform>
							<row0>	1.0000 0.0000 0.0000 0.0000	</row0>
							<row1>	0.0000 1.0000 0.0000 0.0000	</row1>
							<row2>	0.0000 0.0000 1.0000 0.0000	</row2>
							<row3>	0.0000 0.0000 0.0000 1.0000	</row3>
						</transform>
					</node>
				</node>
			</node>
		</node>
	</skeleton>
	<properties>
		<underwaterModel>	false	</underwaterModel>
		<abovewaterModel>	true	</abovewaterModel>
	</properties>
	<boundingBox>
		<min>	-1.0597 0.0000 -0.8792	</min>
		<max>	1.0597 0.4888 0.5920	</max>
	</boundingBox>
	<renderSets>
		<renderSet>
			<name>	discShape	</name>
			<treatAsWorldSpaceObject>	false	</treatAsWorldSpaceObject>
			<nodes>
				<node>	disc	</node>
			</nodes>
			<material>
				<identifier>	PROPELLERMAT_propeller	</identifier>
				<mfm>	PnFMods/ModsSDK.zip/FSB599_Black_Jean_Bart/aircraft/France_Disk_3Blade_02_alpha.mfm	</mfm>
			</material>
		</renderSet>
		<renderSet>
			<name>	disc_1Shape	</name>
			<treatAsWorldSpaceObject>	false	</treatAsWorldSpaceObject>
			<nodes>
				<node>	disc_1	</node>
			</nodes>
			<material>
				<identifier>	PROPELLERMAT_propeller	</identifier>
				<mfm>	PnFMods/ModsSDK.zip/FSB599_Black_Jean_Bart/aircraft/France_Disk_3Blade_02_alpha.mfm	</mfm>
			</material>
		</renderSet>
		<renderSet>
			<name>	disc_1_lod1Shape	</name>
			<treatAsWorldSpaceObject>	false	</treatAsWorldSpaceObject>
			<nodes>
				<node>	disc_1	</node>
			</nodes>
			<material>
				<identifier>	PROPELLERMAT_propeller	</identifier>
				<mfm>	PnFMods/ModsSDK.zip/FSB599_Black_Jean_Bart/aircraft/France_Disk_3Blade_02_alpha.mfm	</mfm>
			</material>
		</renderSet>
		<renderSet>
			<name>	disc_1_lod2Shape	</name>
			<treatAsWorldSpaceObject>	false	</treatAsWorldSpaceObject>
			<nodes>
				<node>	disc_1	</node>
			</nodes>
			<material>
				<identifier>	PROPELLERMAT_propeller	</identifier>
				<mfm>	PnFMods/ModsSDK.zip/FSB599_Black_Jean_Bart/aircraft/France_Disk_3Blade_02_alpha.mfm	</mfm>
			</material>
		</renderSet>
		<renderSet>
			<name>	disc_2Shape	</name>
			<treatAsWorldSpaceObject>	false	</treatAsWorldSpaceObject>
			<nodes>
				<node>	disc_2	</node>
			</nodes>
			<material>
				<identifier>	PROPELLERMAT_propeller	</identifier>
				<mfm>	PnFMods/ModsSDK.zip/FSB599_Black_Jean_Bart/aircraft/France_Disk_3Blade_02_alpha.mfm	</mfm>
			</material>
		</renderSet>
		<renderSet>
			<name>	disc_2_lod1Shape	</name>
			<treatAsWorldSpaceObject>	false	</treatAsWorldSpaceObject>
			<nodes>
				<node>	disc_2	</node>
			</nodes>
			<material>
				<identifier>	PROPELLERMAT_propeller	</identifier>
				<mfm>	PnFMods/ModsSDK.zip/FSB599_Black_Jean_Bart/aircraft/France_Disk_3Blade_02_alpha.mfm	</mfm>
			</material>
		</renderSet>
		<renderSet>
			<name>	disc_2_lod2Shape	</name>
			<treatAsWorldSpaceObject>	false	</treatAsWorldSpaceObject>
			<nodes>
				<node>	disc_2	</node>
			</nodes>
			<material>
				<identifier>	PROPELLERMAT_propeller	</identifier>
				<mfm>	PnFMods/ModsSDK.zip/FSB599_Black_Jean_Bart/aircraft/France_Disk_3Blade_02_alpha.mfm	</mfm>
			</material>
		</renderSet>
		<renderSet>
			<name>	disc_3Shape	</name>
			<treatAsWorldSpaceObject>	false	</treatAsWorldSpaceObject>
			<nodes>
				<node>	disc_3	</node>
			</nodes>
			<material>
				<identifier>	PROPELLERMAT_propeller	</identifier>
				<mfm>	PnFMods/ModsSDK.zip/FSB599_Black_Jean_Bart/aircraft/France_Disk_3Blade_02_alpha.mfm	</mfm>
			</material>
		</renderSet>
		<renderSet>
			<name>	disc_3_lod1Shape	</name>
			<treatAsWorldSpaceObject>	false	</treatAsWorldSpaceObject>
			<nodes>
				<node>	disc_3	</node>
			</nodes>
			<material>
				<identifier>	PROPELLERMAT_propeller	</identifier>
				<mfm>	PnFMods/ModsSDK.zip/FSB599_Black_Jean_Bart/aircraft/France_Disk_3Blade_02_alpha.mfm	</mfm>
			</material>
		</renderSet>
		<renderSet>
			<name>	disc_3_lod2Shape	</name>
			<treatAsWorldSpaceObject>	false	</treatAsWorldSpaceObject>
			<nodes>
				<node>	disc_3	</node>
			</nodes>
			<material>
				<identifier>	PROPELLERMAT_propeller	</identifier>
				<mfm>	PnFMods/ModsSDK.zip/FSB599_Black_Jean_Bart/aircraft/France_Disk_3Blade_02_alpha.mfm	</mfm>
			</material>
		</renderSet>
		<renderSet>
			<name>	disc_capShape	</name>
			<treatAsWorldSpaceObject>	false	</treatAsWorldSpaceObject>
			<nodes>
				<node>	disc_cap	</node>
			</nodes>
			<material>
				<identifier>	TL2_SHIPMAT_PBS_Hull	</identifier>
				<mfm>	PnFMods/ModsSDK.zip/FSB599_Black_Jean_Bart/aircraft/FAB702_LeO_H470.mfm	</mfm>
			</material>
		</renderSet>
		<renderSet>
			<name>	disc_cap_1Shape	</name>
			<treatAsWorldSpaceObject>	false	</treatAsWorldSpaceObject>
			<nodes>
				<node>	disc_cap_1	</node>
			</nodes>
			<material>
				<identifier>	TL2_SHIPMAT_PBS_Hull	</identifier>
				<mfm>	PnFMods/ModsSDK.zip/FSB599_Black_Jean_Bart/aircraft/FAB702_LeO_H470.mfm	</mfm>
			</material>
		</renderSet>
		<renderSet>
			<name>	disc_cap_1_lod1Shape	</name>
			<treatAsWorldSpaceObject>	false	</treatAsWorldSpaceObject>
			<nodes>
				<node>	disc_cap_1	</node>
			</nodes>
			<material>
				<identifier>	TL2_SHIPMAT_PBS_Hull	</identifier>
				<mfm>	PnFMods/ModsSDK.zip/FSB599_Black_Jean_Bart/aircraft/FAB702_LeO_H470.mfm	</mfm>
			</material>
		</renderSet>
		<renderSet>
			<name>	disc_cap_1_lod2Shape	</name>
			<treatAsWorldSpaceObject>	false	</treatAsWorldSpaceObject>
			<nodes>
				<node>	disc_cap_1	</node>
			</nodes>
			<material>
				<identifier>	TL2_SHIPMAT_PBS_Hull	</identifier>
				<mfm>	PnFMods/ModsSDK.zip/FSB599_Black_Jean_Bart/aircraft/FAB702_LeO_H470.mfm	</mfm>
			</material>
