<BSS005_Sturdy_1943_Bow_ep.skel_ext>
	<exported>	false	</exported>
	<node>
		<identifier>	EP_Death_1	</identifier>
		<parent>	Scene Root	</parent>
		<transform>
			<row0>	1.0000 0.0000 0.0000 0.0000	</row0>
			<row1>	0.0000 1.0000 0.0000 0.0000	</row1>
			<row2>	0.0000 0.0000 1.0000 0.0000	</row2>
			<row3>	0.0000 0.0000 1.2985 1.0000	</row3>
		</transform>
	</node>
	<node>
		<identifier>	EP_Descent_1	</identifier>
		<parent>	Scene Root	</parent>
		<transform>
			<row0>	0.2461 -0.9605 0.1297 0.0000	</row0>
			<row1>	0.9353 0.2704 0.2280 0.0000	</row1>
			<row2>	-0.2541 0.0653 0.9650 0.0000	</row2>
			<row3>	0.1076 -0.0504 1.5809 1.0000	</row3>
		</transform>
	</node>
	<node>
		<identifier>	EP_Descent_3	</identifier>
		<parent>	Scene Root	</parent>
		<transform>
			<row0>	-0.1048 -0.9930 0.0527 0.0000	</row0>
			<row1>	-0.9697 0.1138 0.2161 0.0000	</row1>
			<row2>	-0.2206 -0.0284 -0.9749 0.0000	</row2>
			<row3>	-0.1344 -0.1485 1.1532 1.0000	</row3>
		</transform>
	</node>
	<node>
		<identifier>	EP_Flood_steam_1	</identifier>
		<parent>	Scene Root	</parent>
		<transform>
			<row0>	0.4987 -0.8668 0.0000 0.0000	</row0>
			<row1>	0.8668 0.4987 0.0000 0.0000	</row1>
			<row2>	0.0000 0.0000 1.0000 0.0000	</row2>
			<row3>	0.0653 0.0578 1.5383 1.0000	</row3>
		</transform>
	</node>
	<node>
		<identifier>	EP_Flood_water_left_2	</identifier>
		<parent>	Scene Root	</parent>
		<transform>
			<row0>	-0.9104 -0.4136 0.0000 0.0000	</row0>
			<row1>	-0.4136 0.9104 0.0000 0.0000	</row1>
			<row2>	0.0000 0.0000 -1.0000 0.0000	</row2>
			<row3>	-0.0571 0.0542 1.7122 1.0000	</row3>
		</transform>
	</node>
	<node>
		<identifier>	EP_Flood_water_right_2	</identifier>
		<parent>	Scene Root	</parent>
		<transform>
			<row0>	0.9656 -0.2432 -0.0925 0.0000	</row0>
			<row1>	0.2421 0.9700 -0.0232 0.0000	</row1>
			<row2>	0.0953 0.0000 0.9954 0.0000	</row2>
			<row3>	0.0583 0.0566 1.6612 1.0000	</row3>
		</transform>
	</node>
	<node>
		<identifier>	EP_Hydrophone	</identifier>
		<parent>	Scene Root	</parent>
		<transform>
			<row0>	1.0000 0.0000 0.0000 0.0000	</row0>
			<row1>	0.0000 1.0000 0.0000 0.0000	</row1>
			<row2>	0.0000 0.0000 1.0000 0.0000	</row2>
			<row3>	0.0000 0.0380 2.2059 1.0000	</row3>
		</transform>
	</node>
	<node>
		<identifier>	EP_Runoff_deluge_left	</identifier>
		<parent>	Scene Root	</parent>
		<transform>
			<row0>	-0.9999 0.0000 0.0107 0.0000	</row0>
			<row1>	0.0000 1.0000 0.0000 0.0000	</row1>
			<row2>	-0.0107 0.0000 -0.9999 0.0000	</row2>
			<row3>	-0.0503 0.1166 1.7559 1.0000	</row3>
		</transform>
	</node>
	<node>
		<identifier>	EP_Runoff_deluge_left_1	</identifier>
		<parent>	Scene Root	</parent>
		<transform>
			<row0>	-0.9998 0.0000 0.0201 0.0000	</row0>
			<row1>	0.0000 1.0000 0.0000 0.0000	</row1>
			<row2>	-0.0201 0.0000 -0.9998 0.0000	</row2>
			<row3>	-0.0581 0.0547 1.5818 1.0000	</row3>
		</transform>
	</node>
	<node>
		<identifier>	EP_Runoff_deluge_left_11	</identifier>
		<parent>	Scene Root	</parent>
		<transform>
			<row0>	-0.9869 0.0000 0.1611 0.0000	</row0>
			<row1>	0.0000 1.0000 0.0000 0.0000	</row1>
			<row2>	-0.1611 0.0000 -0.9869 0.0000	</row2>
			<row3>	-0.0316 0.0141 2.0327 1.0000	</row3>
		</transform>
	</node>
	<node>
		<identifier>	EP_Runoff_deluge_right	</identifier>
		<parent>	Scene Root	</parent>
		<transform>
			<row0>	0.9997 0.0000 0.0204 0.0000	</row0>
			<row1>	0.0000 1.0000 0.0000 0.0000	</row1>
			<row2>	-0.0204 0.0000 0.9997 0.0000	</row2>
			<row3>	0.0511 0.1154 1.7565 1.0000	</row3>
		</transform>
	</node>
	<node>
		<identifier>	EP_Runoff_deluge_right_1	</identifier>
		<parent>	Scene Root	</parent>
		<transform>
			<row0>	0.9995 0.0000 0.0325 0.0000	</row0>
			<row1>	0.0000 1.0000 0.0000 0.0000	</row1>
			<row2>	-0.0325 0.0000 0.9995 0.0000	</row2>
			<row3>	0.0587 0.0563 1.5225 1.0000	</row3>
		</transform>
	</node>
	<node>
		<identifier>	EP_Runoff_deluge_right_11	</identifier>
		<parent>	Scene Root	</parent>
		<transform>
			<row0>	0.9853 0.0000 0.1708 0.0000	</row0>
			<row1>	0.0000 1.0000 0.0000 0.0000	</row1>
			<row2>	-0.1708 0.0000 0.9853 0.0000	</row2>
			<row3>	0.0413 0.0233 1.9642 1.0000	</row3>
		</transform>
	</node>
	<node>
		<identifier>	EP_Runoff_deluge_right_2	</identifier>
		<parent>	Scene Root	</parent>
		<transform>
			<row0>	1.0000 -0.0007 0.0056 0.0000	</row0>
			<row1>	0.0008 0.9997 -0.0225 0.0000	</row1>
			<row2>	-0.0055 0.0225 0.9997 0.0000	</row2>
			<row3>	0.0591 0.0564 1.1889 1.0000	</row3>
		</transform>
	</node>
	<node>
		<identifier>	EP_Runoff_left	</identifier>
		<parent>	Scene Root	</parent>
		<transform>
			<row0>	-0.9652 0.2616 0.0030 0.0000	</row0>
			<row1>	0.2614 0.9649 -0.0231 0.0000	</row1>
			<row2>	-0.0090 -0.0215 -0.9997 0.0000	</row2>
			<row3>	-0.0550 0.1149 1.3023 1.0000	</row3>
		</transform>
	</node>
	<node>
		<identifier>	EP_Runoff_right	</identifier>
		<parent>	Scene Root	</parent>
		<transform>
			<row0>	0.9878 0.1554 0.0048 0.0000	</row0>
			<row1>	-0.1554 0.9876 0.0214 0.0000	</row1>
			<row2>	-0.0014 -0.0219 0.9998 0.0000	</row2>
			<row3>	0.0550 0.1149 1.3023 1.0000	</row3>
		</transform>
	</node>
	<node>
		<identifier>	EP_Runoff_up_left	</identifier>
		<parent>	Scene Root	</parent>
		<transform>
			<row0>	-0.9995 0.0020 0.0325 0.0000	</row0>
			<row1>	0.0016 0.9999 -0.0110 0.0000	</row1>
			<row2>	-0.0325 -0.0109 -0.9994 0.0000	</row2>
			<row3>	-0.0450 0.1319 1.4833 1.0000	</row3>
		</transform>
	</node>
	<node>
		<identifier>	EP_Runoff_up_right	</identifier>
		<parent>	Scene Root	</parent>
		<transform>
			<row0>	1.0000 0.0021 0.0093 0.0000	</row0>
			<row1>	-0.0020 0.9999 -0.0109 0.0000	</row1>
			<row2>	-0.0093 0.0109 0.9999 0.0000	</row2>
			<row3>	0.0450 0.1319 1.4833 1.0000	</row3>
		</transform>
	</node>
	<node>
		<identifier>	EP_WakeTrace	</identifier>
		<parent>	Scene Root	</parent>
		<transform>
			<row0>	1.0000 0.0000 0.0000 0.0000	</row0>
			<row1>	0.0000 1.0000 0.0000 0.0000	</row1>
			<row2>	0.0000 0.0000 1.0000 0.0000	</row2>
			<row3>	0.0000 0.0000 2.1772 1.0000	</row3>
		</transform>
	</node>
</BSS005_Sturdy_1943_Bow_ep.skel_ext>
