<VSB302_Los_Andes_1943_Stern.skel_ext>
	<exported>	true	</exported>
	<node>
		<identifier>	MP_CM001_Propeller3_L	</identifier>
		<parent>	Scene Root	</parent>
		<transform>
			<row0>	1.2208 -0.0009 -0.0201 0.0000	</row0>
			<row1>	0.0000 1.2197 -0.0556 0.0000	</row1>
			<row2>	0.0201 0.0555 1.2196 0.0000	</row2>
			<row3>	-0.2316 -0.5407 -8.0845 1.0000	</row3>
		</transform>
	</node>
	<node>
		<identifier>	MP_CM012_Fire_Hose_Rack_1	</identifier>
		<parent>	Scene Root	</parent>
		<transform>
			<row0>	-0.1285 0.0000 0.9917 0.0000	</row0>
			<row1>	0.0000 1.0000 0.0000 0.0000	</row1>
			<row2>	-0.9917 0.0000 -0.1285 0.0000	</row2>
			<row3>	-0.2467 0.4390 -8.2966 1.0000	</row3>
		</transform>
	</node>
	<node>
		<identifier>	MP_CM012_Fire_Hose_Rack_1_INDEX_1	</identifier>
		<parent>	Scene Root	</parent>
		<transform>
			<row0>	0.1304 0.0000 0.9915 0.0000	</row0>
			<row1>	0.0000 1.0000 0.0000 0.0000	</row1>
			<row2>	-0.9915 0.0000 0.1304 0.0000	</row2>
			<row3>	0.2467 0.4390 -8.2966 1.0000	</row3>
		</transform>
	</node>
	<node>
		<identifier>	MP_CM032_Propeller3_R	</identifier>
		<parent>	Scene Root	</parent>
		<transform>
			<row0>	1.2208 0.0009 0.0201 0.0000	</row0>
			<row1>	0.0000 1.2197 -0.0556 0.0000	</row1>
			<row2>	-0.0201 0.0555 1.2196 0.0000	</row2>
			<row3>	0.2316 -0.5407 -8.0845 1.0000	</row3>
		</transform>
	</node>
	<node>
		<identifier>	MP_VM515_Liferaft_type_20_8ft_3	</identifier>
		<parent>	Scene Root	</parent>
		<transform>
			<row0>	0.9996 -0.0275 0.0000 0.0000	</row0>
			<row1>	0.0275 0.9991 0.0328 0.0000	</row1>
			<row2>	-0.0009 -0.0328 0.9995 0.0000	</row2>
			<row3>	0.1044 0.4377 -9.0268 1.0000	</row3>
		</transform>
	</node>
	<node>
		<identifier>	MP_VM515_Liferaft_type_20_8ft_3_INDEX_1	</identifier>
		<parent>	Scene Root	</parent>
		<transform>
			<row0>	0.9987 -0.0511 -0.0011 0.0000	</row0>
			<row1>	0.0511 0.9982 0.0306 0.0000	</row1>
			<row2>	-0.0005 -0.0306 0.9995 0.0000	</row2>
			<row3>	0.2745 0.4253 -8.8599 1.0000	</row3>
		</transform>
	</node>
	<node>
		<identifier>	MP_VM515_Liferaft_type_20_8ft_3_INDEX_2	</identifier>
		<parent>	Scene Root	</parent>
		<transform>
			<row0>	0.9996 0.0275 0.0000 0.0000	</row0>
			<row1>	-0.0275 0.9991 0.0328 0.0000	</row1>
			<row2>	0.0009 -0.0328 0.9995 0.0000	</row2>
			<row3>	-0.1040 0.4377 -9.0269 1.0000	</row3>
		</transform>
	</node>
	<node>
		<identifier>	MP_VM515_Liferaft_type_20_8ft_3_INDEX_3	</identifier>
		<parent>	Scene Root	</parent>
		<transform>
			<row0>	0.9987 0.0511 0.0011 0.0000	</row0>
			<row1>	-0.0511 0.9982 0.0306 0.0000	</row1>
			<row2>	0.0005 -0.0306 0.9995 0.0000	</row2>
			<row3>	-0.2751 0.4252 -8.8599 1.0000	</row3>
		</transform>
	</node>
	<node>
		<identifier>	MP_VM602_Multiple_Switch	</identifier>
		<parent>	Scene Root	</parent>
		<transform>
			<row0>	1.0000 0.0000 0.0000 0.0000	</row0>
			<row1>	0.0000 1.0000 0.0000 0.0000	</row1>
			<row2>	0.0000 0.0000 1.0000 0.0000	</row2>
			<row3>	0.1314 0.5510 -7.8045 1.0000	</row3>
		</transform>
	</node>
	<node>
		<identifier>	MP_VM602_Multiple_Switch_INDEX_1	</identifier>
		<parent>	Scene Root	</parent>
		<transform>
			<row0>	0.5523 0.0000 -0.8336 0.0000	</row0>
			<row1>	0.0000 1.0000 0.0000 0.0000	</row1>
			<row2>	0.8336 0.0000 0.5523 0.0000	</row2>
			<row3>	0.1372 0.4148 -7.9407 1.0000	</row3>
		</transform>
	</node>
	<node>
		<identifier>	MP_VM602_Multiple_Switch_INDEX_2	</identifier>
		<parent>	Scene Root	</parent>
		<transform>
			<row0>	1.0000 0.0000 0.0000 0.0000	</row0>
			<row1>	0.0000 1.0000 0.0000 0.0000	</row1>
			<row2>	0.0000 0.0000 1.0000 0.0000	</row2>
			<row3>	-0.1314 0.5510 -7.8045 1.0000	</row3>
		</transform>
	</node>
	<node>
		<identifier>	MP_VM602_Multiple_Switch_INDEX_3	</identifier>
		<parent>	Scene Root	</parent>
		<transform>
			<row0>	0.5523 0.0000 0.8336 0.0000	</row0>
			<row1>	0.0000 1.0000 0.0000 0.0000	</row1>
			<row2>	-0.8336 0.0000 0.5523 0.0000	</row2>
			<row3>	-0.1372 0.4148 -7.9407 1.0000	</row3>
		</transform>
	</node>
	<node>
		<identifier>	MP_VM722_Ammunition_Box	</identifier>
		<parent>	Scene Root	</parent>
		<transform>
			<row0>	0.4691 0.0126 -0.8831 0.0000	</row0>
			<row1>	-0.0318 0.9995 -0.0026 0.0000	</row1>
			<row2>	0.8826 0.0293 0.4692 0.0000	</row2>
			<row3>	-0.4034 0.3883 -7.8915 1.0000	</row3>
		</transform>
	</node>
	<node>
		<identifier>	MP_VM722_Ammunition_Box_INDEX_1	</identifier>
		<parent>	Scene Root	</parent>
		<transform>
			<row0>	0.1733 0.0145 -0.9848 0.0000	</row0>
			<row1>	-0.0265 0.9996 0.0101 0.0000	</row1>
			<row2>	0.9845 0.0243 0.1736 0.0000	</row2>
			<row3>	-0.3237 0.3916 -7.8648 1.0000	</row3>
		</transform>
	</node>
	<node>
		<identifier>	MP_VM722_Ammunition_Box_INDEX_2	</identifier>
		<parent>	Scene Root	</parent>
		<transform>
			<row0>	0.1733 -0.0145 0.9848 0.0000	</row0>
			<row1>	0.0265 0.9996 0.0101 0.0000	</row1>
			<row2>	-0.9845 0.0243 0.1736 0.0000	</row2>
			<row3>	0.3237 0.3916 -7.8648 1.0000	</row3>
		</transform>
	</node>
	<node>
		<identifier>	MP_VM722_Ammunition_Box_INDEX_3	</identifier>
		<parent>	Scene Root	</parent>
		<transform>
			<row0>	0.4691 -0.0126 0.8831 0.0000	</row0>
			<row1>	0.0318 0.9995 -0.0026 0.0000	</row1>
			<row2>	-0.8826 0.0293 0.4692 0.0000	</row2>
			<row3>	0.4034 0.3883 -7.8915 1.0000	</row3>
		</transform>
	</node>
	<node>
		<identifier>	MP_VM850_Signal_Lamp	</identifier>
		<parent>	Scene Root	</parent>
		<transform>
			<row0>	-1.0000 0.0000 0.0000 0.0000	</row0>
			<row1>	0.0000 1.0000 0.0000 0.0000	</row1>
			<row2>	0.0000 0.0000 -1.0000 0.0000	</row2>
			<row3>	0.0000 0.9981 -9.0977 1.0000	</row3>
		</transform>
	</node>
	<node>
		<identifier>	MP_VM859_Screened_speed_light	</identifier>
		<parent>	Scene Root	</parent>
		<transform>
			<row0>	1.0000 0.0000 0.0000 0.0000	</row0>
			<row1>	0.0000 1.0000 0.0000 0.0000	</row1>
			<row2>	0.0000 0.0000 1.0000 0.0000	</row2>
			<row3>	0.0000 0.5191 -9.1277 1.0000	</row3>
		</transform>
	</node>
	<node>
		<identifier>	MP_VM881_Fog_Light	</identifier>
		<parent>	Scene Root	</parent>
		<transform>
			<row0>	-1.0000 0.0000 0.0000 0.0000	</row0>
			<row1>	0.0000 1.0000 0.0000 0.0000	</row1>
			<row2>	0.0000 0.0000 -1.0000 0.0000	</row2>
			<row3>	0.0000 0.4751 -9.1185 1.0000	</row3>
		</transform>
	</node>
	<node>
		<identifier>	MP_VM882_Running_Lights_B	</identifier>
		<parent>	Scene Root	</parent>
		<transform>
			<row0>	-1.0000 0.0000 0.0000 0.0000	</row0>
			<row1>	0.0000 1.0000 0.0000 0.0000	</row1>
			<row2>	0.0000 0.0000 -1.0000 0.0000	</row2>
			<row3>	0.0000 0.8413 -9.1048 1.0000	</row3>
		</transform>
	</node>
	<node>
		<identifier>	MP_VM963_Reel_fire_hose	</identifier>
		<parent>	Scene Root	</parent>
		<transform>
			<row0>	1.0000 0.0000 0.0000 0.0000	</row0>
			<row1>	0.0000 0.9994 0.0341 0.0000	</row1>
			<row2>	0.0000 -0.0341 0.9994 0.0000	</row2>
			<row3>	0.1747 0.4173 -8.6638 1.0000	</row3>
		</transform>
	</node>
	<node>
		<identifier>	MP_VM963_Reel_fire_hose_INDEX_1	</identifier>
		<parent>	Scene Root	</parent>
		<transform>
			<row0>	1.0000 0.0000 0.0000 0.0000	</row0>
			<row1>	0.0000 0.9994 0.0341 0.0000	</row1>
			<row2>	0.0000 -0.0341 0.9994 0.0000	</row2>
			<row3>	-0.1747 0.4173 -8.6638 1.0000	</row3>
		</transform>
	</node>
	<node>
		<identifier>	MP_VM963_Reel_fire_hose_INDEX_2	</identifier>
		<parent>	Scene Root	</parent>
		<transform>
			<row0>	1.0000 0.0000 0.0000 0.0000	</row0>
			<row1>	0.0000 1.0000 0.0097 0.0000	</row1>
			<row2>	0.0000 -0.0097 1.0000 0.0000	</row2>
			<row3>	0.3326 0.3878 -7.7606 1.0000	</row3>
		</transform>
	</node>
	<node>
		<identifier>	MP_VM963_Reel_fire_hose_INDEX_3	</identifier>
		<parent>	Scene Root	</parent>
		<transform>
			<row0>	1.0000 0.0000 0.0000 0.0000	</row0>
			<row1>	0.0000 1.0000 0.0097 0.0000	</row1>
			<row2>	0.0000 -0.0097 1.0000 0.0000	</row2>
			<row3>	-0.3326 0.3878 -7.7606 1.0000	</row3>
		</transform>
	</node>
	<node>
		<identifier>	SP_YMS011_YHWL_M_1_INDEX_1	</identifier>
		<parent>	Scene Root	</parent>
		<transform>
			<row0>	0.8900 0.4297 0.1525 0.0000	</row0>
			<row1>	-0.4233 0.9030 -0.0739 0.0000	</row1>
			<row2>	-0.1694 0.0012 0.9855 0.0000	</row2>
			<row3>	-0.4591 -0.0481 -7.7969 1.0000	</row3>
		</transform>
	</node>
	<node>
		<identifier>	SP_YMS012_YHWR_M_1_INDEX_9	</identifier>
		<parent>	Scene Root	</parent>
		<transform>
			<row0>	0.8900 -0.4297 -0.1525 0.0000	</row0>
			<row1>	0.4233 0.9030 -0.0739 0.0000	</row1>
			<row2>	0.1694 0.0012 0.9855 0.0000	</row2>
			<row3>	0.4591 -0.0481 -7.7969 1.0000	</row3>
		</transform>
	</node>
	<node>
		<identifier>	SP_YMS023_YHUC_L_1	</identifier>
		<parent>	Scene Root	</parent>
		<transform>
			<row0>	0.8913 0.0000 -0.0138 0.0000	</row0>
			<row1>	-0.0005 0.8907 -0.0344 0.0000	</row1>
			<row2>	0.0138 0.0345 0.8906 0.0000	</row2>
			<row3>	-0.2334 -0.5530 -8.2167 1.0000	</row3>
		</transform>
	</node>
	<node>
		<identifier>	SP_YMS023_YHUC_L_1_INDEX_2	</identifier>
		<parent>	Scene Root	</parent>
		<transform>
			<row0>	0.8913 0.0000 0.0138 0.0000	</row0>
			<row1>	0.0005 0.8907 -0.0344 0.0000	</row1>
			<row2>	-0.0138 0.0345 0.8906 0.0000	</row2>
			<row3>	0.2334 -0.5530 -8.2167 1.0000	</row3>
		</transform>
	</node>
	<node>
		<identifier>	SP_YMS030_YHAM_M_1	</identifier>
		<parent>	Scene Root	</parent>
		<transform>
			<row0>	0.8456 0.0000 0.0000 0.0000	</row0>
			<row1>	0.0000 0.8456 0.0000 0.0000	</row1>
			<row2>	0.0000 0.0000 0.8456 0.0000	</row2>
			<row3>	0.0000 0.2871 -9.1329 1.0000	</row3>
		</transform>
	</node>
	<node>
		<identifier>	SP_YMS031_YHAL_M_1	</identifier>
		<parent>	Scene Root	</parent>
		<transform>
			<row0>	0.9794 0.2019 0.0000 0.0000	</row0>
			<row1>	-0.2019 0.9794 0.0000 0.0000	</row1>
			<row2>	0.0000 0.0000 1.0000 0.0000	</row2>
			<row3>	-0.4051 0.2954 -8.8834 1.0000	</row3>
		</transform>
	</node>
	<node>
		<identifier>	SP_YMS032_YHAR_M_1	</identifier>
		<parent>	Scene Root	</parent>
		<transform>
			<row0>	0.9794 -0.2019 0.0000 0.0000	</row0>
			<row1>	0.2019 0.9794 0.0000 0.0000	</row1>
			<row2>	0.0000 0.0000 1.0000 0.0000	</row2>
			<row3>	0.4051 0.2954 -8.8834 1.0000	</row3>
		</transform>
	</node>
	<node>
		<identifier>	SP_YMS053_YHDC_S_1_INDEX_1	</identifier>
		<parent>	Scene Root	</parent>
		<transform>
			<row0>	0.0000 0.0000 -1.0000 0.0000	</row0>
			<row1>	0.0000 1.0000 0.0000 0.0000	</row1>
			<row2>	1.0000 0.0000 0.0000 0.0000	</row2>
			<row3>	0.2556 0.4240 -8.4527 1.0000	</row3>
		</transform>
	</node>
	<node>
		<identifier>	SP_YMS053_YHDC_S_1_INDEX_6	</identifier>
		<parent>	Scene Root	</parent>
		<transform>
			<row0>	0.0000 0.0000 1.0000 0.0000	</row0>
			<row1>	0.0000 1.0000 0.0000 0.0000	</row1>
			<row2>	-1.0000 0.0000 0.0000 0.0000	</row2>
			<row3>	-0.2556 0.4240 -8.4527 1.0000	</row3>
		</transform>
	</node>
	<node>
		<identifier>	SP_YMS080_YHSL_M_1_INDEX_2	</identifier>
		<parent>	Scene Root	</parent>
		<transform>
			<row0>	0.9692 0.1855 0.1618 0.0000	</row0>
			<row1>	-0.2084 0.9682 0.1386 0.0000	</row1>
			<row2>	-0.1310 -0.1681 0.9770 0.0000	</row2>
			<row3>	-0.5164 0.2520 -8.0171 1.0000	</row3>
		</transform>
	</node>
	<node>
		<identifier>	SP_YMS081_YHSR_M_1	</identifier>
		<parent>	Scene Root	</parent>
		<transform>
			<row0>	0.9692 -0.1855 -0.1618 0.0000	</row0>
			<row1>	0.2084 0.9682 0.1386 0.0000	</row1>
			<row2>	0.1310 -0.1681 0.9770 0.0000	</row2>
			<row3>	0.5164 0.2520 -8.0171 1.0000	</row3>
		</transform>
	</node>
</VSB302_Los_Andes_1943_Stern.skel_ext>
