<RSB026_Admiral_Ushakov_1955_MidBack.skel_ext>
	<exported>	true	</exported>
	<node>
		<identifier>	MP_CM011_Fire_Fighting_Gear	</identifier>
		<parent>	Scene Root	</parent>
		<transform>
			<row0>	-1.0000 0.0000 0.0000 0.0000	</row0>
			<row1>	0.0000 1.0000 0.0000 0.0000	</row1>
			<row2>	0.0000 0.0000 -1.0000 0.0000	</row2>
			<row3>	0.0526 0.5076 3.7602 1.0000	</row3>
		</transform>
	</node>
	<node>
		<identifier>	MP_CM011_Fire_Fighting_Gear_INDEX_1	</identifier>
		<parent>	Scene Root	</parent>
		<transform>
			<row0>	-1.0000 0.0000 0.0000 0.0000	</row0>
			<row1>	0.0000 1.0000 0.0000 0.0000	</row1>
			<row2>	0.0000 0.0000 -1.0000 0.0000	</row2>
			<row3>	-0.0573 0.4680 2.0457 1.0000	</row3>
		</transform>
	</node>
	<node>
		<identifier>	MP_CM011_Fire_Fighting_Gear_INDEX_2	</identifier>
		<parent>	Scene Root	</parent>
		<transform>
			<row0>	1.0000 0.0000 0.0000 0.0000	</row0>
			<row1>	0.0000 1.0000 0.0000 0.0000	</row1>
			<row2>	0.0000 0.0000 1.0000 0.0000	</row2>
			<row3>	0.0764 0.5245 -6.9970 1.0000	</row3>
		</transform>
	</node>
	<node>
		<identifier>	MP_CM011_Fire_Fighting_Gear_INDEX_3	</identifier>
		<parent>	Scene Root	</parent>
		<transform>
			<row0>	1.0000 0.0000 0.0000 0.0000	</row0>
			<row1>	0.0000 1.0000 0.0000 0.0000	</row1>
			<row2>	0.0000 0.0000 1.0000 0.0000	</row2>
			<row3>	-0.0940 0.4748 -5.2007 1.0000	</row3>
		</transform>
	</node>
	<node>
		<identifier>	MP_CM014_Fuel_Oil_Hose	</identifier>
		<parent>	Scene Root	</parent>
		<transform>
			<row0>	0.4345 0.0000 0.9007 0.0000	</row0>
			<row1>	0.0000 1.0000 0.0000 0.0000	</row1>
			<row2>	-0.9007 0.0000 0.4345 0.0000	</row2>
			<row3>	-0.5817 0.5451 -4.1191 1.0000	</row3>
		</transform>
	</node>
	<node>
		<identifier>	MP_CM014_Fuel_Oil_Hose_INDEX_1	</identifier>
		<parent>	Scene Root	</parent>
		<transform>
			<row0>	-0.6896 0.0000 -0.7242 0.0000	</row0>
			<row1>	0.0000 1.0000 0.0000 0.0000	</row1>
			<row2>	0.7242 0.0000 -0.6896 0.0000	</row2>
			<row3>	0.6826 0.5409 1.0707 1.0000	</row3>
		</transform>
	</node>
	<node>
		<identifier>	MP_CM014_Fuel_Oil_Hose_INDEX_2	</identifier>
		<parent>	Scene Root	</parent>
		<transform>
			<row0>	-1.0000 0.0000 0.0000 0.0000	</row0>
			<row1>	0.0000 1.0000 0.0000 0.0000	</row1>
			<row2>	0.0000 0.0000 -1.0000 0.0000	</row2>
			<row3>	0.8682 0.5369 -2.1249 1.0000	</row3>
		</transform>
	</node>
	<node>
		<identifier>	MP_CM014_Fuel_Oil_Hose_INDEX_3	</identifier>
		<parent>	Scene Root	</parent>
		<transform>
			<row0>	1.0000 0.0000 0.0000 0.0000	</row0>
			<row1>	0.0000 1.0000 0.0000 0.0000	</row1>
			<row2>	0.0000 0.0000 1.0000 0.0000	</row2>
			<row3>	-0.8682 0.5369 -2.1249 1.0000	</row3>
		</transform>
	</node>
	<node>
		<identifier>	MP_CM014_Fuel_Oil_Hose_INDEX_4	</identifier>
		<parent>	Scene Root	</parent>
		<transform>
			<row0>	-0.6896 0.0000 -0.7242 0.0000	</row0>
			<row1>	0.0000 1.0000 0.0000 0.0000	</row1>
			<row2>	0.7242 0.0000 -0.6896 0.0000	</row2>
			<row3>	0.6826 0.5721 1.0707 1.0000	</row3>
		</transform>
	</node>
	<node>
		<identifier>	MP_CM014_Fuel_Oil_Hose_INDEX_5	</identifier>
		<parent>	Scene Root	</parent>
		<transform>
			<row0>	0.6896 0.0000 -0.7242 0.0000	</row0>
			<row1>	0.0000 1.0000 0.0000 0.0000	</row1>
			<row2>	0.7242 0.0000 0.6896 0.0000	</row2>
			<row3>	-0.6826 0.5569 1.0707 1.0000	</row3>
		</transform>
	</node>
	<node>
		<identifier>	MP_CM014_Fuel_Oil_Hose_INDEX_6	</identifier>
		<parent>	Scene Root	</parent>
		<transform>
			<row0>	0.6896 0.0000 -0.7242 0.0000	</row0>
			<row1>	0.0000 1.0000 0.0000 0.0000	</row1>
			<row2>	0.7242 0.0000 0.6896 0.0000	</row2>
			<row3>	-0.6826 0.5236 1.0707 1.0000	</row3>
		</transform>
	</node>
	<node>
		<identifier>	MP_CM014_Fuel_Oil_Hose_INDEX_7	</identifier>
		<parent>	Scene Root	</parent>
		<transform>
			<row0>	-0.4345 0.0000 0.9007 0.0000	</row0>
			<row1>	0.0000 1.0000 0.0000 0.0000	</row1>
			<row2>	-0.9007 0.0000 -0.4345 0.0000	</row2>
			<row3>	0.5817 0.5451 -4.1191 1.0000	</row3>
		</transform>
	</node>
	<node>
		<identifier>	MP_CM030_Swab_Rack_2	</identifier>
		<parent>	Scene Root	</parent>
		<transform>
			<row0>	0.0000 0.0000 -1.0000 0.0000	</row0>
			<row1>	0.0000 1.0000 0.0000 0.0000	</row1>
			<row2>	1.0000 0.0000 0.0000 0.0000	</row2>
			<row3>	0.3337 0.6297 1.3363 1.0000	</row3>
		</transform>
	</node>
	<node>
		<identifier>	MP_CM030_Swab_Rack_2_INDEX_1	</identifier>
		<parent>	Scene Root	</parent>
		<transform>
			<row0>	-0.9916 0.0012 -0.1294 0.0000	</row0>
			<row1>	0.0000 1.0000 0.0089 0.0000	</row1>
			<row2>	0.1294 0.0088 -0.9916 0.0000	</row2>
			<row3>	0.0195 0.4739 -5.2114 1.0000	</row3>
		</transform>
	</node>
	<node>
		<identifier>	MP_CM030_Swab_Rack_2_INDEX_2	</identifier>
		<parent>	Scene Root	</parent>
		<transform>
			<row0>	0.0000 0.0000 1.0000 0.0000	</row0>
			<row1>	0.0000 1.0000 0.0000 0.0000	</row1>
			<row2>	-1.0000 0.0000 0.0000 0.0000	</row2>
			<row3>	-0.3337 0.6297 1.3363 1.0000	</row3>
		</transform>
	</node>
	<node>
		<identifier>	MP_CM052_Fender	</identifier>
		<parent>	Scene Root	</parent>
		<transform>
			<row0>	-0.1060 0.0000 -0.9944 0.0000	</row0>
			<row1>	0.0000 1.0000 0.0000 0.0000	</row1>
			<row2>	0.9944 0.0000 -0.1060 0.0000	</row2>
			<row3>	0.5913 0.4873 3.1229 1.0000	</row3>
		</transform>
	</node>
	<node>
		<identifier>	MP_CM052_Fender_INDEX_1	</identifier>
		<parent>	Scene Root	</parent>
		<transform>
			<row0>	-0.0018 0.0000 1.0000 0.0000	</row0>
			<row1>	0.0000 1.0000 0.0000 0.0000	</row1>
			<row2>	-1.0000 0.0000 -0.0018 0.0000	</row2>
			<row3>	-0.7645 0.4556 -2.8680 1.0000	</row3>
		</transform>
	</node>
	<node>
		<identifier>	MP_CM052_Fender_INDEX_2	</identifier>
		<parent>	Scene Root	</parent>
		<transform>
			<row0>	-0.0018 0.0000 1.0000 0.0000	</row0>
			<row1>	0.0000 1.0000 0.0000 0.0000	</row1>
			<row2>	-1.0000 0.0000 -0.0018 0.0000	</row2>
			<row3>	-0.3647 0.4657 1.7978 1.0000	</row3>
		</transform>
	</node>
	<node>
		<identifier>	MP_CM052_Fender_INDEX_3	</identifier>
		<parent>	Scene Root	</parent>
		<transform>
			<row0>	-0.1060 0.0000 0.9944 0.0000	</row0>
			<row1>	0.0000 1.0000 0.0000 0.0000	</row1>
			<row2>	-0.9944 0.0000 -0.1060 0.0000	</row2>
			<row3>	-0.5912 0.4871 3.1220 1.0000	</row3>
		</transform>
	</node>
	<node>
		<identifier>	MP_CM052_Fender_INDEX_4	</identifier>
		<parent>	Scene Root	</parent>
		<transform>
			<row0>	-0.0018 0.0000 -1.0000 0.0000	</row0>
			<row1>	0.0000 1.0000 0.0000 0.0000	</row1>
			<row2>	1.0000 0.0000 -0.0018 0.0000	</row2>
			<row3>	0.7645 0.4556 -2.8680 1.0000	</row3>
		</transform>
	</node>
	<node>
		<identifier>	MP_CM052_Fender_INDEX_5	</identifier>
		<parent>	Scene Root	</parent>
		<transform>
			<row0>	-0.0018 0.0000 -1.0000 0.0000	</row0>
			<row1>	0.0000 1.0000 0.0000 0.0000	</row1>
			<row2>	1.0000 0.0000 -0.0018 0.0000	</row2>
			<row3>	0.3647 0.4657 1.7978 1.0000	</row3>
		</transform>
	</node>
	<node>
		<identifier>	MP_CM052_Fender_INDEX_6	</identifier>
		<parent>	Scene Root	</parent>
		<transform>
			<row0>	-0.0018 0.0000 1.0000 0.0000	</row0>
			<row1>	0.0000 1.0000 0.0000 0.0000	</row1>
			<row2>	-1.0000 0.0000 -0.0018 0.0000	</row2>
			<row3>	-0.8968 0.4555 -1.2268 1.0000	</row3>
		</transform>
	</node>
	<node>
		<identifier>	MP_CM052_Fender_INDEX_7	</identifier>
		<parent>	Scene Root	</parent>
		<transform>
			<row0>	-0.0018 0.0000 -1.0000 0.0000	</row0>
			<row1>	0.0000 1.0000 0.0000 0.0000	</row1>
			<row2>	1.0000 0.0000 -0.0018 0.0000	</row2>
			<row3>	0.8968 0.4555 -1.2268 1.0000	</row3>
		</transform>
	</node>
	<node>
		<identifier>	MP_CM056_Ships_bell	</identifier>
		<parent>	Scene Root	</parent>
		<transform>
			<row0>	1.0000 0.0000 0.0000 0.0000	</row0>
			<row1>	0.0000 1.0000 0.0000 0.0000	</row1>
			<row2>	0.0000 0.0000 1.0000 0.0000	</row2>
			<row3>	0.0000 1.4057 -2.8488 1.0000	</row3>
		</transform>
	</node>
	<node>
		<identifier>	MP_CM090_Accommodation_Ladder	</identifier>
		<parent>	Scene Root	</parent>
		<transform>
			<row0>	0.9987 0.0013 -0.0505 0.0000	</row0>
			<row1>	0.0002 0.9996 0.0278 0.0000	</row1>
			<row2>	0.0505 -0.0278 0.9983 0.0000	</row2>
			<row3>	1.2268 0.4883 -5.7351 1.0000	</row3>
		</transform>
	</node>
	<node>
		<identifier>	MP_CM090_Accommodation_Ladder_INDEX_1	</identifier>
		<parent>	Scene Root	</parent>
		<transform>
			<row0>	0.9995 0.0010 -0.0301 0.0000	</row0>
			<row1>	-0.0010 1.0000 0.0020 0.0000	</row1>
			<row2>	0.0301 -0.0020 0.9995 0.0000	</row2>
			<row3>	-1.2655 0.4604 0.7491 1.0000	</row3>
		</transform>
	</node>
	<node>
		<identifier>	MP_CM090_Accommodation_Ladder_INDEX_2	</identifier>
		<parent>	Scene Root	</parent>
		<transform>
			<row0>	0.9995 -0.0010 0.0321 0.0000	</row0>
			<row1>	0.0010 1.0000 0.0020 0.0000	</row1>
			<row2>	-0.0321 -0.0020 0.9995 0.0000	</row2>
			<row3>	1.2650 0.4604 0.7487 1.0000	</row3>
		</transform>
	</node>
	<node>
		<identifier>	MP_CM090_Accommodation_Ladder_INDEX_3	</identifier>
		<parent>	Scene Root	</parent>
		<transform>
			<row0>	0.9987 -0.0013 0.0505 0.0000	</row0>
			<row1>	-0.0002 0.9996 0.0278 0.0000	</row1>
			<row2>	-0.0505 -0.0278 0.9983 0.0000	</row2>
			<row3>	-1.2267 0.4883 -5.7351 1.0000	</row3>
		</transform>
	</node>
	<node>
		<identifier>	MP_CM109_Leadsman_Platform	</identifier>
		<parent>	Scene Root	</parent>
		<transform>
			<row0>	-0.0484 -0.9986 0.0221 0.0000	</row0>
			<row1>	-0.9958 0.0500 0.0769 0.0000	</row1>
			<row2>	-0.0779 -0.0183 -0.9968 0.0000	</row2>
			<row3>	-1.2985 0.4829 2.2049 1.0000	</row3>
		</transform>
	</node>
	<node>
		<identifier>	MP_CM109_Leadsman_Platform_INDEX_1	</identifier>
		<parent>	Scene Root	</parent>
		<transform>
			<row0>	0.0484 -0.9986 0.0221 0.0000	</row0>
			<row1>	0.9958 0.0500 0.0769 0.0000	</row1>
			<row2>	-0.0779 0.0183 0.9968 0.0000	</row2>
			<row3>	1.2985 0.4829 2.2049 1.0000	</row3>
		</transform>
	</node>
	<node>
		<identifier>	MP_CM112_Fire_Extinguisher	</identifier>
		<parent>	Scene Root	</parent>
		<transform>
			<row0>	-1.0000 0.0000 0.0000 0.0000	</row0>
			<row1>	0.0000 1.0000 0.0000 0.0000	</row1>
			<row2>	0.0000 0.0000 -1.0000 0.0000	</row2>
			<row3>	-0.2034 1.8957 -0.2284 1.0000	</row3>
		</transform>
	</node>
	<node>
		<identifier>	MP_CM112_Fire_Extinguisher_INDEX_1	</identifier>
		<parent>	Scene Root	</parent>
		<transform>
			<row0>	-1.0000 0.0000 0.0000 0.0000	</row0>
			<row1>	0.0000 1.0000 0.0000 0.0000	</row1>
			<row2>	0.0000 0.0000 -1.0000 0.0000	</row2>
			<row3>	0.3392 0.9560 -3.1007 1.0000	</row3>
		</transform>
	</node>
	<node>
		<identifier>	MP_CM112_Fire_Extinguisher_INDEX_2	</identifier>
		<parent>	Scene Root	</parent>
		<transform>
			<row0>	-0.5714 0.0000 0.8207 0.0000	</row0>
			<row1>	0.0000 1.0000 0.0000 0.0000	</row1>
			<row2>	-0.8207 0.0000 -0.5714 0.0000	</row2>
			<row3>	0.1474 1.2691 -2.7053 1.0000	</row3>
		</transform>
	</node>
	<node>
		<identifier>	MP_CM112_Fire_Extinguisher_INDEX_3	</identifier>
		<parent>	Scene Root	</parent>
		<transform>
			<row0>	-1.0000 0.0000 0.0000 0.0000	</row0>
			<row1>	0.0000 1.0000 0.0000 0.0000	</row1>
			<row2>	0.0000 0.0000 -1.0000 0.0000	</row2>
			<row3>	0.2034 1.8957 -0.2284 1.0000	</row3>
		</transform>
	</node>
	<node>
		<identifier>	MP_CM112_Fire_Extinguisher_INDEX_4	</identifier>
		<parent>	Scene Root	</parent>
		<transform>
			<row0>	-1.0000 0.0000 0.0000 0.0000	</row0>
			<row1>	0.0000 1.0000 0.0000 0.0000	</row1>
			<row2>	0.0000 0.0000 -1.0000 0.0000	</row2>
			<row3>	-0.3392 0.9560 -3.1007 1.0000	</row3>
		</transform>
	</node>
	<node>
		<identifier>	MP_CM112_Fire_Extinguisher_INDEX_5	</identifier>
		<parent>	Scene Root	</parent>
		<transform>
			<row0>	-0.7091 0.0000 0.7051 0.0000	</row0>
			<row1>	0.0000 1.0000 0.0000 0.0000	</row1>
			<row2>	-0.7051 0.0000 -0.7091 0.0000	</row2>
			<row3>	-0.4965 1.0574 -1.5444 1.0000	</row3>
		</transform>
	</node>
	<node>
		<identifier>	MP_CM112_Fire_Extinguisher_INDEX_6	</identifier>
		<parent>	Scene Root	</parent>
		<transform>
			<row0>	-0.5714 0.0000 -0.8207 0.0000	</row0>
			<row1>	0.0000 1.0000 0.0000 0.0000	</row1>
			<row2>	0.8207 0.0000 -0.5714 0.0000	</row2>
			<row3>	-0.1474 1.2691 -2.7053 1.0000	</row3>
		</transform>
	</node>
	<node>
		<identifier>	MP_CM112_Fire_Extinguisher_INDEX_7	</identifier>
		<parent>	Scene Root	</parent>
		<transform>
			<row0>	-0.7091 0.0000 -0.7051 0.0000	</row0>
			<row1>	0.0000 1.0000 0.0000 0.0000	</row1>
			<row2>	0.7051 0.0000 -0.7091 0.0000	</row2>
			<row3>	0.4965 1.0574 -1.5444 1.0000	</row3>
		</transform>
	</node>
	<node>
		<identifier>	MP_RM003_Yawl_20ft	</identifier>
		<parent>	Scene Root	</parent>
		<transform>
			<row0>	0.9969 0.0033 -0.0781 0.0000	</row0>
			<row1>	-0.0043 0.9999 -0.0138 0.0000	</row1>
			<row2>	0.0780 0.0141 0.9969 0.0000	</row2>
			<row3>	-1.2083 0.5020 1.5927 1.0000	</row3>
		</transform>
	</node>
	<node>
		<identifier>	MP_RM003_Yawl_20ft_INDEX_1	</identifier>
		<parent>	Scene Root	</parent>
		<transform>
			<row0>	0.9969 -0.0033 0.0781 0.0000	</row0>
			<row1>	0.0043 0.9999 -0.0138 0.0000	</row1>
			<row2>	-0.0780 0.0141 0.9969 0.0000	</row2>
			<row3>	1.2083 0.5020 1.5927 1.0000	</row3>
		</transform>
	</node>
	<node>
		<identifier>	MP_RM021_Screened_speed_light	</identifier>
		<parent>	Scene Root	</parent>
		<transform>
			<row0>	-1.0000 0.0000 0.0000 0.0000	</row0>
			<row1>	0.0000 1.0000 0.0000 0.0000	</row1>
			<row2>	0.0000 0.0000 -1.0000 0.0000	</row2>
			<row3>	0.0000 2.0280 -3.1860 1.0000	</row3>
		</transform>
	</node>
	<node>
		<identifier>	MP_RM028_Signal_Lamp	</identifier>
		<parent>	Scene Root	</parent>
		<transform>
			<row0>	1.0000 0.0000 0.0000 0.0000	</row0>
			<row1>	0.0000 1.0000 0.0000 0.0000	</row1>
			<row2>	0.0000 0.0000 1.0000 0.0000	</row2>
			<row3>	0.0000 1.6139 0.8316 1.0000	</row3>
		</transform>
	</node>
	<node>
		<identifier>	MP_RM096_Paravane	</identifier>
		<parent>	Scene Root	</parent>
		<transform>
			<row0>	0.0000 1.0000 0.0000 0.0000	</row0>
			<row1>	-0.4472 0.0000 -0.8944 0.0000	</row1>
			<row2>	-0.8944 0.0000 0.4472 0.0000	</row2>
			<row3>	0.2744 0.5868 3.7412 1.0000	</row3>
		</transform>
	</node>
	<node>
		<identifier>	MP_RM096_Paravane_INDEX_1	</identifier>
		<parent>	Scene Root	</parent>
		<transform>
			<row0>	0.0000 1.0000 0.0000 0.0000	</row0>
			<row1>	-0.8867 0.0000 -0.4623 0.0000	</row1>
			<row2>	-0.4623 0.0000 0.8867 0.0000	</row2>
			<row3>	0.5664 0.5766 3.4546 1.0000	</row3>
		</transform>
	</node>
	<node>
		<identifier>	MP_RM096_Paravane_INDEX_2	</identifier>
		<parent>	Scene Root	</parent>
		<transform>
			<row0>	0.0000 1.0000 0.0000 0.0000	</row0>
			<row1>	0.8822 0.0000 -0.4708 0.0000	</row1>
			<row2>	-0.4708 0.0000 -0.8822 0.0000	</row2>
			<row3>	-0.5638 0.5786 3.4594 1.0000	</row3>
		</transform>
	</node>
	<node>
		<identifier>	MP_RM105_Signal_Lamp	</identifier>
		<parent>	Scene Root	</parent>
		<transform>
			<row0>	-0.9659 0.0000 0.2588 0.0000	</row0>
			<row1>	0.0000 1.0000 0.0000 0.0000	</row1>
			<row2>	-0.2588 0.0000 -0.9659 0.0000	</row2>
			<row3>	-0.1663 2.3386 -0.4705 1.0000	</row3>
		</transform>
	</node>
	<node>
		<identifier>	MP_RM105_Signal_Lamp_INDEX_1	</identifier>
		<parent>	Scene Root	</parent>
		<transform>
			<row0>	-0.9659 0.0000 0.2588 0.0000	</row0>
			<row1>	0.0000 1.0000 0.0000 0.0000	</row1>
			<row2>	-0.2588 0.0000 -0.9659 0.0000	</row2>
			<row3>	-0.1501 2.0278 -2.6515 1.0000	</row3>
		</transform>
	</node>
	<node>
		<identifier>	MP_RM105_Signal_Lamp_INDEX_2	</identifier>
		<parent>	Scene Root	</parent>
		<transform>
			<row0>	-0.9659 0.0000 -0.2588 0.0000	</row0>
			<row1>	0.0000 1.0000 0.0000 0.0000	</row1>
			<row2>	0.2588 0.0000 -0.9659 0.0000	</row2>
			<row3>	0.1501 2.0278 -2.6515 1.0000	</row3>
		</transform>
	</node>
	<node>
		<identifier>	MP_RM105_Signal_Lamp_INDEX_3	</identifier>
		<parent>	Scene Root	</parent>
		<transform>
			<row0>	-0.9659 0.0000 -0.2588 0.0000	</row0>
			<row1>	0.0000 1.0000 0.0000 0.0000	</row1>
			<row2>	0.2588 0.0000 -0.9659 0.0000	</row2>
			<row3>	0.1663 2.3386 -0.4705 1.0000	</row3>
		</transform>
	</node>
	<node>
		<identifier>	MP_RM111_Bollard	</identifier>
		<parent>	Scene Root	</parent>
		<transform>
			<row0>	1.1346 -0.0188 0.4260 0.0000	</row0>
			<row1>	0.0033 1.2112 0.0446 0.0000	</row1>
			<row2>	-0.4264 -0.0406 1.1338 0.0000	</row2>
			<row3>	1.0790 0.5121 -6.7046 1.0000	</row3>
		</transform>
	</node>
	<node>
		<identifier>	MP_RM111_Bollard_INDEX_1	</identifier>
		<parent>	Scene Root	</parent>
		<transform>
			<row0>	0.8404 -0.0135 -0.8732 0.0000	</row0>
			<row1>	-0.0015 1.2119 -0.0202 0.0000	</row1>
			<row2>	0.8733 0.0150 0.8403 0.0000	</row2>
			<row3>	-1.1339 0.4694 2.2014 1.0000	</row3>
		</transform>
	</node>
	<node>
		<identifier>	MP_RM111_Bollard_INDEX_2	</identifier>
		<parent>	Scene Root	</parent>
		<transform>
			<row0>	1.1346 0.0188 -0.4260 0.0000	</row0>
			<row1>	-0.0033 1.2112 0.0446 0.0000	</row1>
			<row2>	0.4264 -0.0406 1.1338 0.0000	</row2>
			<row3>	-1.0790 0.5121 -6.7046 1.0000	</row3>
		</transform>
	</node>
	<node>
		<identifier>	MP_RM111_Bollard_INDEX_3	</identifier>
		<parent>	Scene Root	</parent>
		<transform>
			<row0>	0.8404 0.0135 0.8732 0.0000	</row0>
			<row1>	0.0015 1.2119 -0.0202 0.0000	</row1>
			<row2>	-0.8733 0.0150 0.8403 0.0000	</row2>
			<row3>	1.1339 0.4694 2.2014 1.0000	</row3>
		</transform>
	</node>
	<node>
		<identifier>	MP_RM111_Bollard_INDEX_4	</identifier>
		<parent>	Scene Root	</parent>
		<transform>
			<row0>	0.8990 0.0096 -0.8128 0.0000	</row0>
			<row1>	0.0019 1.2119 0.0164 0.0000	</row1>
			<row2>	0.8129 -0.0134 0.8989 0.0000	</row2>
			<row3>	1.1618 0.4648 -4.6793 1.0000	</row3>
		</transform>
	</node>
	<node>
		<identifier>	MP_RM111_Bollard_INDEX_5	</identifier>
		<parent>	Scene Root	</parent>
		<transform>
			<row0>	0.8990 -0.0096 0.8128 0.0000	</row0>
			<row1>	-0.0019 1.2119 0.0164 0.0000	</row1>
			<row2>	-0.8129 -0.0134 0.8989 0.0000	</row2>
			<row3>	-1.1618 0.4648 -4.6793 1.0000	</row3>
		</transform>
	</node>
	<node>
		<identifier>	MP_RM139_Insulator	</identifier>
		<parent>	Scene Root	</parent>
		<transform>
			<row0>	0.0000 0.8954 0.0000 0.0000	</row0>
			<row1>	-0.8954 0.0000 0.0000 0.0000	</row1>
			<row2>	0.0000 0.0000 0.8954 0.0000	</row2>
			<row3>	-0.3332 1.8284 -0.3101 1.0000	</row3>
		</transform>
	</node>
	<node>
		<identifier>	MP_RM139_Insulator_INDEX_1	</identifier>
		<parent>	Scene Root	</parent>
		<transform>
			<row0>	0.0000 -0.8954 0.0000 0.0000	</row0>
			<row1>	0.8954 0.0000 0.0000 0.0000	</row1>
			<row2>	0.0000 0.0000 0.8954 0.0000	</row2>
			<row3>	0.3332 1.8284 -0.3101 1.0000	</row3>
		</transform>
	</node>
	<node>
		<identifier>	MP_RM173_Signal_lanp_450mm_MSPl452	</identifier>
		<parent>	Scene Root	</parent>
		<transform>
			<row0>	0.0000 0.0000 -1.0000 0.0000	</row0>
			<row1>	0.0000 1.0000 0.0000 0.0000	</row1>
			<row2>	1.0000 0.0000 0.0000 0.0000	</row2>
			<row3>	0.3645 1.2562 -2.7196 1.0000	</row3>
		</transform>
	</node>
	<node>
		<identifier>	MP_RM173_Signal_lanp_450mm_MSPl452_INDEX_1	</identifier>
		<parent>	Scene Root	</parent>
		<transform>
			<row0>	0.0000 0.0000 1.0000 0.0000	</row0>
			<row1>	0.0000 1.0000 0.0000 0.0000	</row1>
			<row2>	-1.0000 0.0000 0.0000 0.0000	</row2>
			<row3>	-0.3163 1.8829 -0.3377 1.0000	</row3>
		</transform>
	</node>
	<node>
		<identifier>	MP_RM173_Signal_lanp_450mm_MSPl452_INDEX_2	</identifier>
		<parent>	Scene Root	</parent>
		<transform>
			<row0>	0.0000 0.0000 -1.0000 0.0000	</row0>
			<row1>	0.0000 1.0000 0.0000 0.0000	</row1>
			<row2>	1.0000 0.0000 0.0000 0.0000	</row2>
			<row3>	0.3317 1.9150 0.3302 1.0000	</row3>
		</transform>
	</node>
	<node>
		<identifier>	MP_RM173_Signal_lanp_450mm_MSPl452_INDEX_3	</identifier>
		<parent>	Scene Root	</parent>
		<transform>
			<row0>	0.0000 0.0000 1.0000 0.0000	</row0>
			<row1>	0.0000 1.0000 0.0000 0.0000	</row1>
			<row2>	-1.0000 0.0000 0.0000 0.0000	</row2>
			<row3>	-0.3645 1.2562 -2.7196 1.0000	</row3>
		</transform>
	</node>
	<node>
		<identifier>	MP_RM173_Signal_lanp_450mm_MSPl452_INDEX_4	</identifier>
		<parent>	Scene Root	</parent>
		<transform>
			<row0>	0.0000 0.0000 -1.0000 0.0000	</row0>
			<row1>	0.0000 1.0000 0.0000 0.0000	</row1>
			<row2>	1.0000 0.0000 0.0000 0.0000	</row2>
			<row3>	0.3163 1.8829 -0.3377 1.0000	</row3>
		</transform>
	</node>
	<node>
		<identifier>	MP_RM173_Signal_lanp_450mm_MSPl452_INDEX_5	</identifier>
		<parent>	Scene Root	</parent>
		<transform>
			<row0>	0.0000 0.0000 1.0000 0.0000	</row0>
			<row1>	0.0000 1.0000 0.0000 0.0000	</row1>
			<row2>	-1.0000 0.0000 0.0000 0.0000	</row2>
			<row3>	-0.3317 1.9150 0.3302 1.0000	</row3>
		</transform>
	</node>
	<node>
		<identifier>	MP_RM175_Searchlight_900mm_MPE9	</identifier>
		<parent>	Scene Root	</parent>
		<transform>
			<row0>	0.0000 0.0000 -1.0000 0.0000	</row0>
			<row1>	0.0000 1.0000 0.0000 0.0000	</row1>
			<row2>	1.0000 0.0000 0.0000 0.0000	</row2>
			<row3>	0.3890 1.4132 -0.2961 1.0000	</row3>
		</transform>
	</node>
	<node>
		<identifier>	MP_RM175_Searchlight_900mm_MPE9_INDEX_1	</identifier>
		<parent>	Scene Root	</parent>
		<transform>
			<row0>	0.0000 0.0000 1.0000 0.0000	</row0>
			<row1>	0.0000 1.0000 0.0000 0.0000	</row1>
			<row2>	-1.0000 0.0000 0.0000 0.0000	</row2>
			<row3>	-0.3890 1.4132 -0.2961 1.0000	</row3>
		</transform>
	</node>
	<node>
		<identifier>	MP_RM185_Fakel_MO	</identifier>
		<parent>	Scene Root	</parent>
		<transform>
			<row0>	1.0000 0.0000 0.0000 0.0000	</row0>
			<row1>	0.0000 1.0000 0.0000 0.0000	</row1>
			<row2>	0.0000 0.0000 1.0000 0.0000	</row2>
			<row3>	0.0000 3.8424 -0.6576 1.0000	</row3>
		</transform>
	</node>
	<node>
		<identifier>	MP_RM194_Magnetic_Compass	</identifier>
		<parent>	Scene Root	</parent>
		<transform>
			<row0>	-1.0000 0.0000 0.0000 0.0000	</row0>
			<row1>	0.0000 1.0000 0.0000 0.0000	</row1>
			<row2>	0.0000 0.0000 -1.0000 0.0000	</row2>
			<row3>	0.0000 1.2564 -2.7795 1.0000	</row3>
		</transform>
	</node>
	<node>
		<identifier>	MP_RM196_Pelorus	</identifier>
		<parent>	Scene Root	</parent>
		<transform>
			<row0>	0.6079 0.0000 -0.7940 0.0000	</row0>
			<row1>	0.0000 1.0000 0.0000 0.0000	</row1>
			<row2>	0.7940 0.0000 0.6079 0.0000	</row2>
			<row3>	0.2238 1.5908 0.6409 1.0000	</row3>
		</transform>
	</node>
	<node>
		<identifier>	MP_RM196_Pelorus_INDEX_1	</identifier>
		<parent>	Scene Root	</parent>
		<transform>
			<row0>	1.0000 0.0000 0.0000 0.0000	</row0>
			<row1>	0.0000 1.0000 0.0000 0.0000	</row1>
			<row2>	0.0000 0.0000 1.0000 0.0000	</row2>
			<row3>	0.3579 1.5873 0.1934 1.0000	</row3>
		</transform>
	</node>
	<node>
		<identifier>	MP_RM196_Pelorus_INDEX_2	</identifier>
		<parent>	Scene Root	</parent>
		<transform>
			<row0>	1.0000 0.0000 0.0000 0.0000	</row0>
			<row1>	0.0000 1.0000 0.0000 0.0000	</row1>
			<row2>	0.0000 0.0000 1.0000 0.0000	</row2>
			<row3>	-0.3579 1.5873 0.1934 1.0000	</row3>
		</transform>
	</node>
	<node>
		<identifier>	MP_RM196_Pelorus_INDEX_3	</identifier>
		<parent>	Scene Root	</parent>
		<transform>
			<row0>	0.0000 0.0000 1.0000 0.0000	</row0>
			<row1>	0.0000 1.0000 0.0000 0.0000	</row1>
			<row2>	-1.0000 0.0000 0.0000 0.0000	</row2>
			<row3>	-0.2227 2.0744 0.4363 1.0000	</row3>
		</transform>
	</node>
	<node>
		<identifier>	MP_RM196_Pelorus_INDEX_4	</identifier>
		<parent>	Scene Root	</parent>
		<transform>
			<row0>	0.0000 0.0000 -1.0000 0.0000	</row0>
			<row1>	0.0000 1.0000 0.0000 0.0000	</row1>
			<row2>	1.0000 0.0000 0.0000 0.0000	</row2>
			<row3>	0.2227 2.0744 0.4363 1.0000	</row3>
		</transform>
	</node>
	<node>
		<identifier>	MP_RM196_Pelorus_INDEX_5	</identifier>
		<parent>	Scene Root	</parent>
		<transform>
			<row0>	0.6079 0.0000 0.7940 0.0000	</row0>
			<row1>	0.0000 1.0000 0.0000 0.0000	</row1>
			<row2>	-0.7940 0.0000 0.6079 0.0000	</row2>
			<row3>	-0.2238 1.5908 0.6409 1.0000	</row3>
		</transform>
	</node>
	<node>
		<identifier>	MP_RM198_Manipulator_Searchlight	</identifier>
		<parent>	Scene Root	</parent>
		<transform>
			<row0>	0.0000 0.0000 -1.0000 0.0000	</row0>
			<row1>	0.0000 1.0000 0.0000 0.0000	</row1>
			<row2>	1.0000 0.0000 0.0000 0.0000	</row2>
			<row3>	-0.3671 1.2563 0.2584 1.0000	</row3>
		</transform>
	</node>
	<node>
		<identifier>	MP_RM198_Manipulator_Searchlight_INDEX_1	</identifier>
		<parent>	Scene Root	</parent>
		<transform>
			<row0>	0.0000 0.0000 1.0000 0.0000	</row0>
			<row1>	0.0000 1.0000 0.0000 0.0000	</row1>
			<row2>	-1.0000 0.0000 0.0000 0.0000	</row2>
			<row3>	0.3671 1.2563 0.2584 1.0000	</row3>
		</transform>
	</node>
	<node>
		<identifier>	MP_RM199_Running_Lights_F	</identifier>
		<parent>	Scene Root	</parent>
		<transform>
			<row0>	1.0000 0.0000 0.0000 0.0000	</row0>
			<row1>	0.0000 1.0000 0.0000 0.0000	</row1>
			<row2>	0.0000 0.0000 1.0000 0.0000	</row2>
			<row3>	0.0000 2.8343 -0.1756 1.0000	</row3>
		</transform>
	</node>
	<node>
		<identifier>	MP_RM199_Running_Lights_F_INDEX_1	</identifier>
		<parent>	Scene Root	</parent>
		<transform>
			<row0>	1.2256 0.0000 0.0000 0.0000	</row0>
			<row1>	0.0000 1.2256 0.0000 0.0000	</row1>
			<row2>	0.0000 0.0000 1.2256 0.0000	</row2>
			<row3>	0.0000 3.3829 -2.7746 1.0000	</row3>
		</transform>
	</node>
	<node>
		<identifier>	MP_RM208_Flag_Box	</identifier>
		<parent>	Scene Root	</parent>
		<transform>
			<row0>	0.0000 0.0000 -1.0000 0.0000	</row0>
			<row1>	0.0000 1.0000 0.0000 0.0000	</row1>
			<row2>	1.0000 0.0000 0.0000 0.0000	</row2>
			<row3>	0.2303 1.8825 -0.3734 1.0000	</row3>
		</transform>
	</node>
	<node>
		<identifier>	MP_RM208_Flag_Box_INDEX_1	</identifier>
		<parent>	Scene Root	</parent>
		<transform>
			<row0>	0.9240 0.0000 0.0000 0.0000	</row0>
			<row1>	0.0000 0.9240 0.0000 0.0000	</row1>
			<row2>	0.0000 0.0000 0.9240 0.0000	</row2>
			<row3>	0.0000 1.4120 -3.0413 1.0000	</row3>
		</transform>
	</node>
	<node>
		<identifier>	MP_RM208_Flag_Box_INDEX_2	</identifier>
		<parent>	Scene Root	</parent>
		<transform>
			<row0>	0.0000 0.0000 1.0000 0.0000	</row0>
			<row1>	0.0000 1.0000 0.0000 0.0000	</row1>
			<row2>	-1.0000 0.0000 0.0000 0.0000	</row2>
			<row3>	-0.2303 1.8825 -0.3734 1.0000	</row3>
		</transform>
	</node>
	<node>
		<identifier>	MP_RM214_Life_Buoy	</identifier>
		<parent>	Scene Root	</parent>
		<transform>
			<row0>	0.0544 0.0000 0.9985 0.0000	</row0>
			<row1>	0.0000 1.0000 0.0000 0.0000	</row1>
			<row2>	-0.9985 0.0000 0.0544 0.0000	</row2>
			<row3>	1.2789 0.5681 -6.3778 1.0000	</row3>
		</transform>
	</node>
	<node>
		<identifier>	MP_RM214_Life_Buoy_INDEX_1	</identifier>
		<parent>	Scene Root	</parent>
		<transform>
			<row0>	0.0082 0.0000 1.0000 0.0000	</row0>
			<row1>	0.0000 1.0000 0.0000 0.0000	</row1>
			<row2>	-1.0000 0.0000 0.0082 0.0000	</row2>
			<row3>	1.3675 0.5249 -3.8542 1.0000	</row3>
		</transform>
	</node>
	<node>
		<identifier>	MP_RM214_Life_Buoy_INDEX_2	</identifier>
		<parent>	Scene Root	</parent>
		<transform>
			<row0>	0.0082 0.0000 -1.0000 0.0000	</row0>
			<row1>	0.0000 1.0000 0.0000 0.0000	</row1>
			<row2>	1.0000 0.0000 0.0082 0.0000	</row2>
			<row3>	-1.3675 0.5249 -3.8542 1.0000	</row3>
		</transform>
	</node>
	<node>
		<identifier>	MP_RM214_Life_Buoy_INDEX_3	</identifier>
		<parent>	Scene Root	</parent>
		<transform>
			<row0>	0.0544 0.0000 -0.9985 0.0000	</row0>
			<row1>	0.0000 1.0000 0.0000 0.0000	</row1>
			<row2>	0.9985 0.0000 0.0544 0.0000	</row2>
			<row3>	-1.2789 0.5681 -6.3778 1.0000	</row3>
		</transform>
	</node>
	<node>
		<identifier>	MP_RM239_Bomb_Bogie	</identifier>
		<parent>	Scene Root	</parent>
		<transform>
			<row0>	0.6689 0.0078 0.7433 0.0000	</row0>
			<row1>	0.0000 0.9999 -0.0105 0.0000	</row1>
			<row2>	-0.7434 0.0070 0.6688 0.0000	</row2>
			<row3>	0.4527 0.4652 1.7405 1.0000	</row3>
		</transform>
	</node>
	<node>
		<identifier>	MP_RM239_Bomb_Bogie_INDEX_1	</identifier>
		<parent>	Scene Root	</parent>
		<transform>
			<row0>	-0.7071 -0.0175 0.7069 0.0000	</row0>
			<row1>	0.0000 0.9997 0.0248 0.0000	</row1>
			<row2>	-0.7071 0.0175 -0.7069 0.0000	</row2>
			<row3>	-0.4153 0.4903 -5.9160 1.0000	</row3>
		</transform>
	</node>
	<node>
		<identifier>	MP_RM239_Bomb_Bogie_INDEX_2	</identifier>
		<parent>	Scene Root	</parent>
		<transform>
			<row0>	-0.1788 0.0342 0.9833 0.0000	</row0>
			<row1>	0.0000 0.9994 -0.0347 0.0000	</row1>
			<row2>	-0.9839 -0.0062 -0.1787 0.0000	</row2>
			<row3>	-0.1133 0.5084 3.7787 1.0000	</row3>
		</transform>
	</node>
	<node>
		<identifier>	MP_RM239_Bomb_Bogie_INDEX_3	</identifier>
		<parent>	Scene Root	</parent>
		<transform>
			<row0>	0.6841 0.0108 -0.7293 0.0000	</row0>
			<row1>	-0.0005 0.9999 0.0143 0.0000	</row1>
			<row2>	0.7294 -0.0094 0.6840 0.0000	</row2>
			<row3>	0.1179 0.4740 -5.2170 1.0000	</row3>
		</transform>
	</node>
	<node>
		<identifier>	MP_RM239_Bomb_Bogie_INDEX_4	</identifier>
		<parent>	Scene Root	</parent>
		<transform>
			<row0>	-0.9366 0.0087 -0.3504 0.0000	</row0>
			<row1>	0.0000 0.9997 0.0248 0.0000	</row1>
			<row2>	0.3505 0.0232 -0.9363 0.0000	</row2>
			<row3>	0.5790 0.4961 -6.1493 1.0000	</row3>
		</transform>
	</node>
	<node>
		<identifier>	MP_RM239_Bomb_Bogie_INDEX_5	</identifier>
		<parent>	Scene Root	</parent>
		<transform>
			<row0>	0.6689 -0.0078 -0.7433 0.0000	</row0>
			<row1>	0.0000 0.9999 -0.0105 0.0000	</row1>
			<row2>	0.7434 0.0070 0.6688 0.0000	</row2>
			<row3>	-0.4527 0.4652 1.7405 1.0000	</row3>
		</transform>
	</node>
	<node>
		<identifier>	MP_RM239_Bomb_Bogie_INDEX_6	</identifier>
		<parent>	Scene Root	</parent>
		<transform>
			<row0>	0.5129 0.0154 0.8583 0.0000	</row0>
			<row1>	0.0000 0.9998 -0.0180 0.0000	</row1>
			<row2>	-0.8584 0.0092 0.5128 0.0000	</row2>
			<row3>	-0.2675 0.4776 2.6017 1.0000	</row3>
		</transform>
	</node>
	<node>
		<identifier>	MP_RM253_Anchor_Capstan_Bow	</identifier>
		<parent>	Scene Root	</parent>
		<transform>
			<row0>	-0.6189 0.0000 0.0000 0.0000	</row0>
			<row1>	0.0000 0.6189 0.0000 0.0000	</row1>
			<row2>	0.0000 0.0000 -0.6189 0.0000	</row2>
			<row3>	1.0202 0.4924 3.2512 1.0000	</row3>
		</transform>
	</node>
	<node>
		<identifier>	MP_RM253_Anchor_Capstan_Bow_INDEX_1	</identifier>
		<parent>	Scene Root	</parent>
		<transform>
			<row0>	-0.6189 0.0000 0.0000 0.0000	</row0>
			<row1>	0.0000 0.6189 0.0000 0.0000	</row1>
			<row2>	0.0000 0.0000 -0.6189 0.0000	</row2>
			<row3>	-1.0202 0.4924 3.2512 1.0000	</row3>
		</transform>
	</node>
	<node>
		<identifier>	MP_RM260_Captain_cutter_pr371_12m	</identifier>
		<parent>	Scene Root	</parent>
		<transform>
			<row0>	0.9714 -0.0035 0.2372 0.0000	</row0>
			<row1>	0.0000 0.9999 0.0150 0.0000	</row1>
			<row2>	-0.2373 -0.0145 0.9713 0.0000	</row2>
			<row3>	-0.3826 0.4831 -4.7969 1.0000	</row3>
		</transform>
	</node>
	<node>
		<identifier>	MP_RM260_Captain_cutter_pr371_12m_INDEX_1	</identifier>
		<parent>	Scene Root	</parent>
		<transform>
			<row0>	0.9714 0.0035 -0.2372 0.0000	</row0>
			<row1>	0.0000 0.9999 0.0150 0.0000	</row1>
			<row2>	0.2373 -0.0145 0.9713 0.0000	</row2>
			<row3>	0.3826 0.4831 -4.7969 1.0000	</row3>
		</transform>
	</node>
	<node>
		<identifier>	MP_RM262_Motor_Launch_10m	</identifier>
		<parent>	Scene Root	</parent>
		<transform>
			<row0>	1.0000 0.0000 0.0000 0.0000	</row0>
			<row1>	0.0000 1.0000 0.0000 0.0000	</row1>
			<row2>	0.0000 0.0000 1.0000 0.0000	</row2>
			<row3>	1.3063 0.5584 -0.7661 1.0000	</row3>
		</transform>
	</node>
	<node>
		<identifier>	MP_RM262_Motor_Launch_10m_INDEX_1	</identifier>
		<parent>	Scene Root	</parent>
		<transform>
			<row0>	1.0000 0.0000 0.0000 0.0000	</row0>
			<row1>	0.0000 1.0000 0.0000 0.0000	</row1>
			<row2>	0.0000 0.0000 1.0000 0.0000	</row2>
			<row3>	-1.3042 0.5584 -2.1598 1.0000	</row3>
		</transform>
	</node>
	<node>
		<identifier>	MP_RM262_Motor_Launch_10m_INDEX_2	</identifier>
		<parent>	Scene Root	</parent>
		<transform>
			<row0>	1.0000 0.0000 0.0000 0.0000	</row0>
			<row1>	0.0000 1.0000 0.0000 0.0000	</row1>
			<row2>	0.0000 0.0000 1.0000 0.0000	</row2>
			<row3>	1.3042 0.5584 -2.1598 1.0000	</row3>
		</transform>
	</node>
	<node>
		<identifier>	MP_RM262_Motor_Launch_10m_INDEX_3	</identifier>
		<parent>	Scene Root	</parent>
		<transform>
			<row0>	1.0000 0.0000 0.0000 0.0000	</row0>
			<row1>	0.0000 1.0000 0.0000 0.0000	</row1>
			<row2>	0.0000 0.0000 1.0000 0.0000	</row2>
			<row3>	-1.3063 0.5584 -0.7661 1.0000	</row3>
		</transform>
	</node>
	<node>
		<identifier>	MP_RM271_Lifeboat_SPS18	</identifier>
		<parent>	Scene Root	</parent>
		<transform>
			<row0>	0.7251 0.0000 0.6886 0.0000	</row0>
			<row1>	0.0000 1.0000 0.0000 0.0000	</row1>
			<row2>	-0.6886 0.0000 0.7251 0.0000	</row2>
			<row3>	1.1580 0.4554 -1.7069 1.0000	</row3>
		</transform>
	</node>
	<node>
		<identifier>	MP_RM271_Lifeboat_SPS18_INDEX_1	</identifier>
		<parent>	Scene Root	</parent>
		<transform>
			<row0>	1.0000 0.0000 0.0000 0.0000	</row0>
			<row1>	0.0000 1.0000 0.0042 0.0000	</row1>
			<row2>	0.0000 -0.0042 1.0000 0.0000	</row2>
			<row3>	-0.8879 0.4571 -3.6327 1.0000	</row3>
		</transform>
	</node>
	<node>
		<identifier>	MP_RM271_Lifeboat_SPS18_INDEX_10	</identifier>
		<parent>	Scene Root	</parent>
		<transform>
			<row0>	0.7051 0.0000 0.7091 0.0000	</row0>
			<row1>	0.0000 1.0000 0.0000 0.0000	</row1>
			<row2>	-0.7091 0.0000 0.7051 0.0000	</row2>
			<row3>	-0.2299 1.2557 -1.2690 1.0000	</row3>
		</transform>
	</node>
	<node>
		<identifier>	MP_RM271_Lifeboat_SPS18_INDEX_11	</identifier>
		<parent>	Scene Root	</parent>
		<transform>
			<row0>	1.0000 0.0000 0.0000 0.0000	</row0>
			<row1>	0.0000 1.0000 0.0000 0.0000	</row1>
			<row2>	0.0000 0.0000 1.0000 0.0000	</row2>
			<row3>	0.2914 1.0998 -0.6774 1.0000	</row3>
		</transform>
	</node>
	<node>
		<identifier>	MP_RM271_Lifeboat_SPS18_INDEX_12	</identifier>
		<parent>	Scene Root	</parent>
		<transform>
			<row0>	0.7320 0.0000 0.6813 0.0000	</row0>
			<row1>	0.0000 1.0000 0.0000 0.0000	</row1>
			<row2>	-0.6813 0.0000 0.7320 0.0000	</row2>
			<row3>	-1.1555 0.4554 -1.4436 1.0000	</row3>
		</transform>
	</node>
	<node>
		<identifier>	MP_RM271_Lifeboat_SPS18_INDEX_13	</identifier>
		<parent>	Scene Root	</parent>
		<transform>
			<row0>	1.0000 0.0000 0.0000 0.0000	</row0>
			<row1>	0.0000 1.0000 0.0000 0.0000	</row1>
			<row2>	0.0000 0.0000 1.0000 0.0000	</row2>
			<row3>	-0.2916 1.0998 -0.5089 1.0000	</row3>
		</transform>
	</node>
	<node>
		<identifier>	MP_RM271_Lifeboat_SPS18_INDEX_14	</identifier>
		<parent>	Scene Root	</parent>
		<transform>
			<row0>	0.0000 0.0000 -1.0000 0.0000	</row0>
			<row1>	1.0000 0.0000 0.0000 0.0000	</row1>
			<row2>	0.0000 -1.0000 0.0000 0.0000	</row2>
			<row3>	0.8674 0.5487 -0.8169 1.0000	</row3>
		</transform>
	</node>
	<node>
		<identifier>	MP_RM271_Lifeboat_SPS18_INDEX_15	</identifier>
		<parent>	Scene Root	</parent>
		<transform>
			<row0>	0.0000 0.0000 1.0000 0.0000	</row0>
			<row1>	-1.0000 0.0000 0.0000 0.0000	</row1>
			<row2>	0.0000 -1.0000 0.0000 0.0000	</row2>
			<row3>	-0.8673 0.5487 -1.8792 1.0000	</row3>
		</transform>
	</node>
	<node>
		<identifier>	MP_RM271_Lifeboat_SPS18_INDEX_16	</identifier>
		<parent>	Scene Root	</parent>
		<transform>
			<row0>	0.0000 0.0000 -1.0000 0.0000	</row0>
			<row1>	1.0000 0.0000 0.0000 0.0000	</row1>
			<row2>	0.0000 -1.0000 0.0000 0.0000	</row2>
			<row3>	0.7348 0.5351 -3.6009 1.0000	</row3>
		</transform>
	</node>
	<node>
		<identifier>	MP_RM271_Lifeboat_SPS18_INDEX_17	</identifier>
		<parent>	Scene Root	</parent>
		<transform>
			<row0>	1.0000 0.0000 0.0000 0.0000	</row0>
			<row1>	0.0000 1.0000 0.0000 0.0000	</row1>
			<row2>	0.0000 0.0000 1.0000 0.0000	</row2>
			<row3>	-0.2914 1.0998 -0.6774 1.0000	</row3>
		</transform>
	</node>
	<node>
		<identifier>	MP_RM271_Lifeboat_SPS18_INDEX_18	</identifier>
		<parent>	Scene Root	</parent>
		<transform>
			<row0>	0.0000 0.0000 1.0000 0.0000	</row0>
			<row1>	0.0000 1.0000 0.0000 0.0000	</row1>
			<row2>	-1.0000 0.0000 0.0000 0.0000	</row2>
			<row3>	0.0207 1.0998 -1.5768 1.0000	</row3>
		</transform>
	</node>
	<node>
		<identifier>	MP_RM271_Lifeboat_SPS18_INDEX_19	</identifier>
		<parent>	Scene Root	</parent>
		<transform>
			<row0>	0.0000 0.0000 1.0000 0.0000	</row0>
			<row1>	-1.0000 0.0000 0.0000 0.0000	</row1>
			<row2>	0.0000 -1.0000 0.0000 0.0000	</row2>
			<row3>	-0.8674 0.5487 -0.8169 1.0000	</row3>
		</transform>
	</node>
	<node>
		<identifier>	MP_RM271_Lifeboat_SPS18_INDEX_2	</identifier>
		<parent>	Scene Root	</parent>
		<transform>
			<row0>	-0.2898 0.0000 0.9571 0.0000	</row0>
			<row1>	-0.9571 0.0000 -0.2898 0.0000	</row1>
			<row2>	0.0000 -1.0000 0.0000 0.0000	</row2>
			<row3>	-0.5343 0.5983 2.9916 1.0000	</row3>
		</transform>
	</node>
	<node>
		<identifier>	MP_RM271_Lifeboat_SPS18_INDEX_20	</identifier>
		<parent>	Scene Root	</parent>
		<transform>
			<row0>	-0.8815 0.0000 0.4721 0.0000	</row0>
			<row1>	-0.4721 0.0000 -0.8815 0.0000	</row1>
			<row2>	0.0000 -1.0000 0.0000 0.0000	</row2>
			<row3>	-0.2840 0.5994 2.6849 1.0000	</row3>
		</transform>
	</node>
	<node>
		<identifier>	MP_RM271_Lifeboat_SPS18_INDEX_21	</identifier>
		<parent>	Scene Root	</parent>
		<transform>
			<row0>	-0.2441 0.0000 0.9697 0.0000	</row0>
			<row1>	-0.9697 0.0000 -0.2441 0.0000	</row1>
			<row2>	0.0000 -1.0000 0.0000 0.0000	</row2>
			<row3>	-0.3056 0.5483 -4.4751 1.0000	</row3>
		</transform>
	</node>
	<node>
		<identifier>	MP_RM271_Lifeboat_SPS18_INDEX_22	</identifier>
		<parent>	Scene Root	</parent>
		<transform>
			<row0>	-0.2441 0.0000 -0.9697 0.0000	</row0>
			<row1>	0.9697 0.0000 -0.2441 0.0000	</row1>
			<row2>	0.0000 -1.0000 0.0000 0.0000	</row2>
			<row3>	0.3056 0.5483 -4.4751 1.0000	</row3>
		</transform>
	</node>
	<node>
		<identifier>	MP_RM271_Lifeboat_SPS18_INDEX_23	</identifier>
		<parent>	Scene Root	</parent>
		<transform>
			<row0>	0.0000 0.0000 1.0000 0.0000	</row0>
			<row1>	-1.0000 0.0000 0.0000 0.0000	</row1>
			<row2>	0.0000 -1.0000 0.0000 0.0000	</row2>
			<row3>	-0.7348 0.5351 -3.6009 1.0000	</row3>
		</transform>
	</node>
	<node>
		<identifier>	MP_RM271_Lifeboat_SPS18_INDEX_24	</identifier>
		<parent>	Scene Root	</parent>
		<transform>
			<row0>	0.7273 0.0000 -0.6863 0.0000	</row0>
			<row1>	0.0000 1.0000 0.0000 0.0000	</row1>
			<row2>	0.6863 0.0000 0.7273 0.0000	</row2>
			<row3>	1.1562 0.4554 -1.4454 1.0000	</row3>
		</transform>
	</node>
	<node>
		<identifier>	MP_RM271_Lifeboat_SPS18_INDEX_25	</identifier>
		<parent>	Scene Root	</parent>
		<transform>
			<row0>	0.0000 0.0000 -1.0000 0.0000	</row0>
			<row1>	1.0000 0.0000 0.0000 0.0000	</row1>
			<row2>	0.0000 -1.0000 0.0000 0.0000	</row2>
			<row3>	0.8673 0.5487 -1.8792 1.0000	</row3>
		</transform>
	</node>
	<node>
		<identifier>	MP_RM271_Lifeboat_SPS18_INDEX_26	</identifier>
		<parent>	Scene Root	</parent>
		<transform>
			<row0>	-0.8815 0.0000 -0.4721 0.0000	</row0>
			<row1>	0.4721 0.0000 -0.8815 0.0000	</row1>
			<row2>	0.0000 -1.0000 0.0000 0.0000	</row2>
			<row3>	0.2840 0.5994 2.6849 1.0000	</row3>
		</transform>
	</node>
	<node>
		<identifier>	MP_RM271_Lifeboat_SPS18_INDEX_27	</identifier>
		<parent>	Scene Root	</parent>
		<transform>
			<row0>	0.0000 0.0000 -1.0000 0.0000	</row0>
			<row1>	1.0000 0.0000 0.0000 0.0000	</row1>
			<row2>	0.0000 -1.0000 0.0000 0.0000	</row2>
			<row3>	0.7347 0.5372 0.6719 1.0000	</row3>
		</transform>
	</node>
	<node>
		<identifier>	MP_RM271_Lifeboat_SPS18_INDEX_28	</identifier>
		<parent>	Scene Root	</parent>
		<transform>
			<row0>	0.7423 0.0000 -0.6701 0.0000	</row0>
			<row1>	0.0000 1.0000 0.0000 0.0000	</row1>
			<row2>	0.6701 0.0000 0.7423 0.0000	</row2>
			<row3>	-1.1523 0.4554 -1.7051 1.0000	</row3>
		</transform>
	</node>
	<node>
		<identifier>	MP_RM271_Lifeboat_SPS18_INDEX_29	</identifier>
		<parent>	Scene Root	</parent>
		<transform>
			<row0>	-0.2899 0.0000 -0.9571 0.0000	</row0>
			<row1>	0.9571 0.0000 -0.2899 0.0000	</row1>
			<row2>	0.0000 -1.0000 0.0000 0.0000	</row2>
			<row3>	0.5388 0.5985 3.0060 1.0000	</row3>
		</transform>
	</node>
	<node>
		<identifier>	MP_RM271_Lifeboat_SPS18_INDEX_3	</identifier>
		<parent>	Scene Root	</parent>
		<transform>
			<row0>	0.0000 0.0000 1.0000 0.0000	</row0>
			<row1>	0.0000 1.0000 0.0000 0.0000	</row1>
			<row2>	-1.0000 0.0000 0.0000 0.0000	</row2>
			<row3>	-0.1479 1.0998 -1.4488 1.0000	</row3>
		</transform>
	</node>
	<node>
		<identifier>	MP_RM271_Lifeboat_SPS18_INDEX_30	</identifier>
		<parent>	Scene Root	</parent>
