<BSD303_Eskimo_1940_Bow_ports.visual>
	<skeleton>
		<node>
			<identifier>	Scene Root	</identifier>
			<transform>
				<row0>	1.0000 0.0000 0.0000 0.0000	</row0>
				<row1>	0.0000 1.0000 0.0000 0.0000	</row1>
				<row2>	0.0000 0.0000 1.0000 0.0000	</row2>
				<row3>	0.0000 0.0000 0.0000 1.0000	</row3>
			</transform>
			<node>
				<identifier>	Bow_ports	</identifier>
				<transform>
					<row0>	1.0000 0.0000 0.0000 0.0000	</row0>
					<row1>	0.0000 1.0000 0.0000 0.0000	</row1>
					<row2>	0.0000 0.0000 1.0000 0.0000	</row2>
					<row3>	0.0000 0.0000 0.0000 1.0000	</row3>
				</transform>
				<node>
					<identifier>	HP_BGM_1	</identifier>
					<transform>
						<row0>	1.0000 0.0000 0.0000 0.0000	</row0>
						<row1>	0.0000 1.0000 0.0000 0.0000	</row1>
						<row2>	0.0000 0.0000 1.0000 0.0000	</row2>
						<row3>	0.0000 0.3214 2.6237 1.0000	</row3>
					</transform>
				</node>
				<node>
					<identifier>	HP_BGM_2	</identifier>
					<transform>
						<row0>	1.0000 0.0000 0.0000 0.0000	</row0>
						<row1>	0.0000 1.0000 0.0000 0.0000	</row1>
						<row2>	0.0000 0.0000 1.0000 0.0000	</row2>
						<row3>	0.0000 0.4622 1.9806 1.0000	</row3>
					</transform>
				</node>
				<node>
					<identifier>	HP_FX_Death_1	</identifier>
					<transform>
						<row0>	1.0000 0.0000 0.0000 0.0000	</row0>
						<row1>	0.0000 1.0000 0.0000 0.0000	</row1>
						<row2>	0.0000 0.0000 1.0000 0.0000	</row2>
						<row3>	0.0000 0.0000 1.7042 1.0000	</row3>
					</transform>
				</node>
				<node>
					<identifier>	HP_FX_Fire_1	</identifier>
					<transform>
						<row0>	1.0000 0.0000 0.0000 0.0000	</row0>
						<row1>	0.0000 1.0000 0.0000 0.0000	</row1>
						<row2>	0.0000 0.0000 1.0000 0.0000	</row2>
						<row3>	0.0000 0.3261 3.0450 1.0000	</row3>
					</transform>
				</node>
				<node>
					<identifier>	HP_FX_Flood_steam_left	</identifier>
					<transform>
						<row0>	-1.0000 0.0000 0.0000 0.0000	</row0>
						<row1>	0.0000 1.0000 0.0000 0.0000	</row1>
						<row2>	0.0000 0.0000 -1.0000 0.0000	</row2>
						<row3>	-0.3264 0.2645 1.7170 1.0000	</row3>
					</transform>
				</node>
				<node>
					<identifier>	HP_FX_WakeTrace	</identifier>
					<transform>
						<row0>	1.0000 0.0000 0.0000 0.0000	</row0>
						<row1>	0.0000 1.0000 0.0000 0.0000	</row1>
						<row2>	0.0000 0.0000 1.0000 0.0000	</row2>
						<row3>	0.0000 0.0000 3.7169 1.0000	</row3>
					</transform>
				</node>
				<node>
					<identifier>	HP_Ship_death_1	</identifier>
					<transform>
						<row0>	1.0000 0.0000 0.0000 0.0000	</row0>
						<row1>	0.0000 1.0000 0.0000 0.0000	</row1>
						<row2>	0.0000 0.0000 1.0000 0.0000	</row2>
						<row3>	0.0000 0.0000 1.7042 1.0000	</row3>
					</transform>
				</node>
				<node>
					<identifier>	MP_BM004_Reels	</identifier>
					<transform>
						<row0>	0.6617 0.0000 0.0000 0.0000	</row0>
						<row1>	0.0000 0.0000 0.6617 0.0000	</row1>
						<row2>	0.0000 -0.6617 0.0000 0.0000	</row2>
						<row3>	0.0000 0.4339 2.3718 1.0000	</row3>
					</transform>
				</node>
				<node>
					<identifier>	MP_BM019_Reels_1	</identifier>
					<transform>
						<row0>	0.5006 0.0000 0.0000 0.0000	</row0>
						<row1>	0.0000 0.5006 0.0000 0.0000	</row1>
						<row2>	0.0000 0.0000 0.5006 0.0000	</row2>
						<row3>	-0.0047 0.4625 2.3547 1.0000	</row3>
					</transform>
				</node>
				<node>
					<identifier>	MP_BM021_Crown	</identifier>
					<transform>
						<row0>	1.0000 0.0000 0.0000 0.0000	</row0>
						<row1>	0.0000 1.0000 0.0000 0.0000	</row1>
						<row2>	0.0000 0.0000 1.0000 0.0000	</row2>
						<row3>	0.0000 0.7956 3.9387 1.0000	</row3>
					</transform>
				</node>
				<node>
					<identifier>	MP_BM039_Artillery_shell	</identifier>
					<transform>
						<row0>	0.9980 0.0000 0.0632 0.0000	</row0>
						<row1>	0.0000 1.0000 0.0000 0.0000	</row1>
						<row2>	-0.0632 0.0000 0.9980 0.0000	</row2>
						<row3>	0.2619 0.3099 2.4679 1.0000	</row3>
					</transform>
				</node>
				<node>
					<identifier>	MP_BM039_Artillery_shell_INDEX_1	</identifier>
					<transform>
						<row0>	0.9980 0.0000 0.0632 0.0000	</row0>
						<row1>	0.0000 1.0000 0.0000 0.0000	</row1>
						<row2>	-0.0632 0.0000 0.9980 0.0000	</row2>
						<row3>	0.2601 0.3101 2.5160 1.0000	</row3>
					</transform>
				</node>
				<node>
					<identifier>	MP_BM039_Artillery_shell_INDEX_10	</identifier>
					<transform>
						<row0>	0.0000 0.0000 1.0000 0.0000	</row0>
						<row1>	0.0000 1.0000 0.0000 0.0000	</row1>
						<row2>	-1.0000 0.0000 0.0000 0.0000	</row2>
						<row3>	0.0503 0.4823 2.4192 1.0000	</row3>
					</transform>
				</node>
				<node>
					<identifier>	MP_BM039_Artillery_shell_INDEX_11	</identifier>
					<transform>
						<row0>	-0.9056 0.0001 -0.4242 0.0000	</row0>
						<row1>	0.0000 1.0000 0.0000 0.0000	</row1>
						<row2>	0.4242 0.0000 -0.9056 0.0000	</row2>
						<row3>	-0.2276 0.4524 1.8497 1.0000	</row3>
					</transform>
				</node>
				<node>
					<identifier>	MP_BM039_Artillery_shell_INDEX_12	</identifier>
					<transform>
						<row0>	-0.9962 0.0000 0.0872 0.0000	</row0>
						<row1>	0.0000 1.0000 0.0000 0.0000	</row1>
						<row2>	-0.0872 0.0000 -0.9962 0.0000	</row2>
						<row3>	-0.2428 0.3124 2.7471 1.0000	</row3>
					</transform>
				</node>
				<node>
					<identifier>	MP_BM039_Artillery_shell_INDEX_13	</identifier>
					<transform>
						<row0>	0.9980 0.0000 0.0632 0.0000	</row0>
						<row1>	0.0000 1.0000 0.0000 0.0000	</row1>
						<row2>	-0.0632 0.0000 0.9980 0.0000	</row2>
						<row3>	0.2467 0.3117 2.7020 1.0000	</row3>
					</transform>
				</node>
				<node>
					<identifier>	MP_BM039_Artillery_shell_INDEX_14	</identifier>
					<transform>
						<row0>	-0.9531 0.0001 0.3027 0.0000	</row0>
						<row1>	0.0001 1.0000 0.0000 0.0000	</row1>
						<row2>	-0.3027 0.0000 -0.9531 0.0000	</row2>
						<row3>	-0.2390 0.4524 2.0900 1.0000	</row3>
					</transform>
				</node>
				<node>
					<identifier>	MP_BM039_Artillery_shell_INDEX_15	</identifier>
					<transform>
						<row0>	-0.9962 0.0000 0.0872 0.0000	</row0>
						<row1>	0.0000 1.0000 0.0000 0.0000	</row1>
						<row2>	-0.0872 0.0000 -0.9962 0.0000	</row2>
						<row3>	-0.2619 0.3099 2.4679 1.0000	</row3>
					</transform>
				</node>
				<node>
					<identifier>	MP_BM039_Artillery_shell_INDEX_16	</identifier>
					<transform>
						<row0>	-0.9962 0.0000 0.0872 0.0000	</row0>
						<row1>	0.0000 1.0000 0.0000 0.0000	</row1>
						<row2>	-0.0872 0.0000 -0.9962 0.0000	</row2>
						<row3>	-0.2369 0.3133 2.8408 1.0000	</row3>
					</transform>
				</node>
				<node>
					<identifier>	MP_BM039_Artillery_shell_INDEX_17	</identifier>
					<transform>
						<row0>	0.9980 0.0000 0.0632 0.0000	</row0>
						<row1>	0.0000 1.0000 0.0000 0.0000	</row1>
						<row2>	-0.0632 0.0000 0.9980 0.0000	</row2>
						<row3>	0.2425 0.3149 2.8839 1.0000	</row3>
					</transform>
				</node>
				<node>
					<identifier>	MP_BM039_Artillery_shell_INDEX_18	</identifier>
					<transform>
						<row0>	0.0000 0.0000 1.0000 0.0000	</row0>
						<row1>	0.0000 1.0000 0.0000 0.0000	</row1>
						<row2>	-1.0000 0.0000 0.0000 0.0000	</row2>
						<row3>	0.0926 0.4999 2.4587 1.0000	</row3>
					</transform>
				</node>
				<node>
					<identifier>	MP_BM039_Artillery_shell_INDEX_19	</identifier>
					<transform>
						<row0>	1.0000 0.0000 0.0000 0.0000	</row0>
						<row1>	0.0000 1.0000 0.0000 0.0000	</row1>
						<row2>	0.0000 0.0000 1.0000 0.0000	</row2>
						<row3>	0.0629 0.4617 2.2825 1.0000	</row3>
					</transform>
				</node>
				<node>
					<identifier>	MP_BM039_Artillery_shell_INDEX_2	</identifier>
					<transform>
						<row0>	1.0000 0.0000 0.0000 0.0000	</row0>
						<row1>	0.0000 1.0000 0.0000 0.0000	</row1>
						<row2>	0.0000 0.0000 1.0000 0.0000	</row2>
						<row3>	0.2128 0.4534 1.7556 1.0000	</row3>
					</transform>
				</node>
				<node>
					<identifier>	MP_BM039_Artillery_shell_INDEX_20	</identifier>
					<transform>
						<row0>	0.9980 0.0000 0.0632 0.0000	</row0>
						<row1>	0.0000 1.0000 0.0000 0.0000	</row1>
						<row2>	-0.0632 0.0000 0.9980 0.0000	</row2>
						<row3>	0.2390 0.3133 2.7938 1.0000	</row3>
					</transform>
				</node>
				<node>
					<identifier>	MP_BM039_Artillery_shell_INDEX_21	</identifier>
					<transform>
						<row0>	0.9916 0.0000 -0.1295 0.0000	</row0>
						<row1>	0.0000 1.0000 0.0000 0.0000	</row1>
						<row2>	0.1295 0.0000 0.9916 0.0000	</row2>
						<row3>	0.0989 0.4723 2.3973 1.0000	</row3>
					</transform>
				</node>
				<node>
					<identifier>	MP_BM039_Artillery_shell_INDEX_22	</identifier>
					<transform>
						<row0>	0.6122 0.0001 0.7907 0.0000	</row0>
						<row1>	0.0000 1.0000 -0.0001 0.0000	</row1>
						<row2>	-0.7907 0.0000 0.6122 0.0000	</row2>
						<row3>	0.0973 0.3228 2.9679 1.0000	</row3>
					</transform>
				</node>
				<node>
					<identifier>	MP_BM039_Artillery_shell_INDEX_23	</identifier>
					<transform>
						<row0>	-0.9962 0.0000 0.0872 0.0000	</row0>
						<row1>	0.0000 1.0000 0.0000 0.0000	</row1>
						<row2>	-0.0872 0.0000 -0.9962 0.0000	</row2>
						<row3>	-0.2542 0.3109 2.6076 1.0000	</row3>
					</transform>
				</node>
				<node>
					<identifier>	MP_BM039_Artillery_shell_INDEX_24	</identifier>
					<transform>
						<row0>	0.8296 0.0000 0.5583 0.0000	</row0>
						<row1>	0.0000 1.0000 0.0000 0.0000	</row1>
						<row2>	-0.5583 0.0000 0.8296 0.0000	</row2>
						<row3>	0.1338 0.4580 2.3181 1.0000	</row3>
					</transform>
				</node>
				<node>
					<identifier>	MP_BM039_Artillery_shell_INDEX_25	</identifier>
					<transform>
						<row0>	0.0000 0.0000 1.0000 0.0000	</row0>
						<row1>	0.0000 1.0000 0.0000 0.0000	</row1>
						<row2>	-1.0000 0.0000 0.0000 0.0000	</row2>
						<row3>	-0.1234 0.4772 2.3666 1.0000	</row3>
					</transform>
				</node>
				<node>
					<identifier>	MP_BM039_Artillery_shell_INDEX_26	</identifier>
					<transform>
						<row0>	0.9980 0.0000 0.0632 0.0000	</row0>
						<row1>	0.0000 1.0000 0.0000 0.0000	</row1>
						<row2>	-0.0632 0.0000 0.9980 0.0000	</row2>
						<row3>	0.2681 0.3094 2.3744 1.0000	</row3>
					</transform>
				</node>
				<node>
					<identifier>	MP_BM039_Artillery_shell_INDEX_27	</identifier>
					<transform>
						<row0>	0.8296 0.0000 0.5583 0.0000	</row0>
						<row1>	0.0000 1.0000 0.0000 0.0000	</row1>
						<row2>	-0.5583 0.0000 0.8296 0.0000	</row2>
						<row3>	0.1533 0.4562 2.2806 1.0000	</row3>
					</transform>
				</node>
				<node>
					<identifier>	MP_BM039_Artillery_shell_INDEX_28	</identifier>
					<transform>
						<row0>	0.9980 0.0000 0.0632 0.0000	</row0>
						<row1>	0.0000 1.0000 0.0000 0.0000	</row1>
						<row2>	-0.0632 0.0000 0.9980 0.0000	</row2>
						<row3>	0.2428 0.3124 2.7471 1.0000	</row3>
					</transform>
				</node>
				<node>
					<identifier>	MP_BM039_Artillery_shell_INDEX_29	</identifier>
					<transform>
						<row0>	-0.9962 0.0000 0.0872 0.0000	</row0>
						<row1>	0.0000 1.0000 0.0000 0.0000	</row1>
						<row2>	-0.0872 0.0000 -0.9962 0.0000	</row2>
						<row3>	-0.2681 0.3094 2.3744 1.0000	</row3>
					</transform>
				</node>
				<node>
					<identifier>	MP_BM039_Artillery_shell_INDEX_3	</identifier>
					<transform>
						<row0>	0.9962 0.0000 0.0872 0.0000	</row0>
						<row1>	0.0000 1.0000 0.0000 0.0000	</row1>
						<row2>	-0.0872 0.0000 0.9962 0.0000	</row2>
						<row3>	0.2792 0.3080 2.1818 1.0000	</row3>
					</transform>
				</node>
				<node>
					<identifier>	MP_BM039_Artillery_shell_INDEX_30	</identifier>
					<transform>
						<row0>	-0.8298 0.0001 0.5581 0.0000	</row0>
						<row1>	0.0001 1.0000 0.0000 0.0000	</row1>
						<row2>	-0.5581 0.0000 -0.8298 0.0000	</row2>
						<row3>	-0.1573 0.4582 2.2833 1.0000	</row3>
					</transform>
				</node>
				<node>
					<identifier>	MP_BM039_Artillery_shell_INDEX_31	</identifier>
					<transform>
						<row0>	0.9980 0.0000 0.0632 0.0000	</row0>
						<row1>	0.0000 1.0000 0.0000 0.0000	</row1>
						<row2>	-0.0632 0.0000 0.9980 0.0000	</row2>
						<row3>	0.2542 0.3109 2.6076 1.0000	</row3>
					</transform>
				</node>
				<node>
					<identifier>	MP_BM039_Artillery_shell_INDEX_32	</identifier>
					<transform>
						<row0>	-0.9045 0.0001 -0.4264 0.0000	</row0>
						<row1>	0.0000 1.0000 0.0000 0.0000	</row1>
						<row2>	0.4264 0.0000 -0.9045 0.0000	</row2>
						<row3>	-0.2496 0.4524 1.8963 1.0000	</row3>
					</transform>
				</node>
				<node>
					<identifier>	MP_BM039_Artillery_shell_INDEX_33	</identifier>
					<transform>
						<row0>	1.0000 0.0000 0.0000 0.0000	</row0>
						<row1>	0.0000 1.0000 0.0000 0.0000	</row1>
						<row2>	0.0000 0.0000 1.0000 0.0000	</row2>
						<row3>	0.2807 0.3079 2.1351 1.0000	</row3>
					</transform>
				</node>
				<node>
					<identifier>	MP_BM039_Artillery_shell_INDEX_34	</identifier>
					<transform>
						<row0>	-1.0000 0.0000 0.0000 0.0000	</row0>
						<row1>	0.0000 1.0000 0.0000 0.0000	</row1>
						<row2>	0.0000 0.0000 -1.0000 0.0000	</row2>
						<row3>	0.1062 0.4591 2.2665 1.0000	</row3>
					</transform>
				</node>
				<node>
					<identifier>	MP_BM039_Artillery_shell_INDEX_35	</identifier>
					<transform>
						<row0>	-0.9962 0.0000 0.0872 0.0000	</row0>
						<row1>	0.0000 1.0000 0.0000 0.0000	</row1>
						<row2>	-0.0872 0.0000 -0.9962 0.0000	</row2>
						<row3>	-0.2740 0.3090 2.2801 1.0000	</row3>
					</transform>
				</node>
				<node>
					<identifier>	MP_BM039_Artillery_shell_INDEX_36	</identifier>
					<transform>
						<row0>	-0.9962 0.0000 0.0872 0.0000	</row0>
						<row1>	0.0000 1.0000 0.0000 0.0000	</row1>
						<row2>	-0.0872 0.0000 -0.9962 0.0000	</row2>
						<row3>	-0.2659 0.3094 2.4186 1.0000	</row3>
					</transform>
				</node>
				<node>
					<identifier>	MP_BM039_Artillery_shell_INDEX_37	</identifier>
					<transform>
						<row0>	1.0000 0.0000 0.0000 0.0000	</row0>
						<row1>	0.0000 1.0000 0.0000 0.0000	</row1>
						<row2>	0.0000 0.0000 1.0000 0.0000	</row2>
						<row3>	0.2128 0.4534 1.7073 1.0000	</row3>
					</transform>
				</node>
				<node>
					<identifier>	MP_BM039_Artillery_shell_INDEX_38	</identifier>
					<transform>
						<row0>	-0.9968 0.0001 -0.0796 0.0000	</row0>
						<row1>	0.0001 1.0000 0.0000 0.0000	</row1>
						<row2>	0.0796 0.0000 -0.9968 0.0000	</row2>
						<row3>	-0.2598 0.4524 1.9476 1.0000	</row3>
					</transform>
				</node>
				<node>
					<identifier>	MP_BM039_Artillery_shell_INDEX_39	</identifier>
					<transform>
						<row0>	-0.8298 0.0001 0.5581 0.0000	</row0>
						<row1>	0.0001 1.0000 0.0000 0.0000	</row1>
						<row2>	-0.5581 0.0000 -0.8298 0.0000	</row2>
						<row3>	-0.1339 0.4579 2.3181 1.0000	</row3>
					</transform>
				</node>
				<node>
					<identifier>	MP_BM039_Artillery_shell_INDEX_4	</identifier>
					<transform>
						<row0>	-0.9916 0.0000 -0.1295 0.0000	</row0>
						<row1>	0.0000 1.0000 0.0000 0.0000	</row1>
						<row2>	0.1295 0.0000 -0.9916 0.0000	</row2>
						<row3>	-0.0989 0.4723 2.3973 1.0000	</row3>
					</transform>
				</node>
				<node>
					<identifier>	MP_BM039_Artillery_shell_INDEX_40	</identifier>
					<transform>
						<row0>	-0.9962 0.0000 0.0872 0.0000	</row0>
						<row1>	0.0000 1.0000 0.0000 0.0000	</row1>
						<row2>	-0.0872 0.0000 -0.9962 0.0000	</row2>
						<row3>	-0.2506 0.3110 2.6560 1.0000	</row3>
					</transform>
				</node>
				<node>
					<identifier>	MP_BM039_Artillery_shell_INDEX_41	</identifier>
					<transform>
						<row0>	-0.9962 0.0000 0.0872 0.0000	</row0>
						<row1>	0.0000 1.0000 0.0000 0.0000	</row1>
						<row2>	-0.0872 0.0000 -0.9962 0.0000	</row2>
						<row3>	-0.2601 0.3101 2.5160 1.0000	</row3>
					</transform>
				</node>
				<node>
					<identifier>	MP_BM039_Artillery_shell_INDEX_42	</identifier>
					<transform>
						<row0>	-0.9962 0.0000 0.0872 0.0000	</row0>
						<row1>	0.0000 1.0000 0.0000 0.0000	</row1>
						<row2>	-0.0872 0.0000 -0.9962 0.0000	</row2>
						<row3>	-0.2772 0.3088 2.2334 1.0000	</row3>
					</transform>
				</node>
				<node>
					<identifier>	MP_BM039_Artillery_shell_INDEX_43	</identifier>
					<transform>
						<row0>	0.0000 0.0000 1.0000 0.0000	</row0>
						<row1>	0.0000 1.0000 0.0000 0.0000	</row1>
						<row2>	-1.0000 0.0000 0.0000 0.0000	</row2>
						<row3>	0.0503 0.4999 2.4587 1.0000	</row3>
					</transform>
				</node>
				<node>
					<identifier>	MP_BM039_Artillery_shell_INDEX_44	</identifier>
					<transform>
						<row0>	-0.9962 0.0000 0.0872 0.0000	</row0>
						<row1>	0.0000 1.0000 0.0000 0.0000	</row1>
						<row2>	-0.0872 0.0000 -0.9962 0.0000	</row2>
						<row3>	-0.2390 0.3133 2.7938 1.0000	</row3>
					</transform>
				</node>
				<node>
					<identifier>	MP_BM039_Artillery_shell_INDEX_45	</identifier>
					<transform>
						<row0>	-0.6122 -0.0001 0.7907 0.0000	</row0>
						<row1>	0.0000 1.0000 0.0001 0.0000	</row1>
						<row2>	-0.7907 0.0000 -0.6122 0.0000	</row2>
						<row3>	-0.1832 0.3177 2.9003 1.0000	</row3>
					</transform>
				</node>
				<node>
					<identifier>	MP_BM039_Artillery_shell_INDEX_46	</identifier>
					<transform>
						<row0>	0.9916 0.0000 -0.1295 0.0000	</row0>
						<row1>	0.0000 1.0000 0.0000 0.0000	</row1>
						<row2>	0.1295 0.0000 0.9916 0.0000	</row2>
						<row3>	0.0922 0.4607 2.3454 1.0000	</row3>
					</transform>
				</node>
				<node>
					<identifier>	MP_BM039_Artillery_shell_INDEX_47	</identifier>
					<transform>
						<row0>	-1.0000 -0.0001 0.0000 0.0000	</row0>
						<row1>	-0.0001 1.0000 0.0000 0.0000	</row1>
						<row2>	0.0000 0.0000 -1.0000 0.0000	</row2>
						<row3>	-0.2128 0.4534 1.7556 1.0000	</row3>
					</transform>
				</node>
				<node>
					<identifier>	MP_BM039_Artillery_shell_INDEX_48	</identifier>
					<transform>
						<row0>	-0.9962 0.0000 0.0872 0.0000	</row0>
						<row1>	0.0000 1.0000 0.0000 0.0000	</row1>
						<row2>	-0.0872 0.0000 -0.9962 0.0000	</row2>
						<row3>	-0.2715 0.3090 2.3257 1.0000	</row3>
					</transform>
				</node>
				<node>
					<identifier>	MP_BM039_Artillery_shell_INDEX_49	</identifier>
					<transform>
						<row0>	-0.9962 0.0000 0.0872 0.0000	</row0>
						<row1>	0.0000 1.0000 0.0000 0.0000	</row1>
						<row2>	-0.0872 0.0000 -0.9962 0.0000	</row2>
						<row3>	-0.2564 0.3106 2.5602 1.0000	</row3>
					</transform>
				</node>
				<node>
					<identifier>	MP_BM039_Artillery_shell_INDEX_5	</identifier>
					<transform>
						<row0>	0.6122 0.0001 0.7907 0.0000	</row0>
						<row1>	0.0000 1.0000 -0.0001 0.0000	</row1>
						<row2>	-0.7907 0.0000 0.6122 0.0000	</row2>
						<row3>	0.1832 0.3177 2.9003 1.0000	</row3>
					</transform>
				</node>
				<node>
					<identifier>	MP_BM039_Artillery_shell_INDEX_50	</identifier>
					<transform>
						<row0>	-1.0000 0.0000 0.0000 0.0000	</row0>
						<row1>	0.0000 1.0000 0.0000 0.0000	</row1>
						<row2>	0.0000 0.0000 -1.0000 0.0000	</row2>
						<row3>	-0.2832 0.3076 2.0879 1.0000	</row3>
					</transform>
				</node>
				<node>
					<identifier>	MP_BM039_Artillery_shell_INDEX_51	</identifier>
					<transform>
						<row0>	-0.9962 0.0000 0.0872 0.0000	</row0>
						<row1>	0.0000 1.0000 0.0000 0.0000	</row1>
						<row2>	-0.0872 0.0000 -0.9962 0.0000	</row2>
						<row3>	-0.2425 0.3149 2.8839 1.0000	</row3>
					</transform>
				</node>
				<node>
					<identifier>	MP_BM039_Artillery_shell_INDEX_52	</identifier>
					<transform>
						<row0>	-0.9962 0.0000 0.0872 0.0000	</row0>
						<row1>	0.0000 1.0000 0.0000 0.0000	</row1>
						<row2>	-0.0872 0.0000 -0.9962 0.0000	</row2>
						<row3>	-0.2467 0.3117 2.7020 1.0000	</row3>
					</transform>
				</node>
				<node>
					<identifier>	MP_BM039_Artillery_shell_INDEX_53	</identifier>
					<transform>
						<row0>	0.9980 0.0000 0.0632 0.0000	</row0>
						<row1>	0.0000 1.0000 0.0000 0.0000	</row1>
						<row2>	-0.0632 0.0000 0.9980 0.0000	</row2>
						<row3>	0.2506 0.3110 2.6560 1.0000	</row3>
					</transform>
				</node>
				<node>
					<identifier>	MP_BM039_Artillery_shell_INDEX_54	</identifier>
					<transform>
						<row0>	0.0000 0.0000 1.0000 0.0000	</row0>
						<row1>	0.0000 1.0000 0.0000 0.0000	</row1>
						<row2>	-1.0000 0.0000 0.0000 0.0000	</row2>
						<row3>	0.0503 0.4607 2.3671 1.0000	</row3>
					</transform>
				</node>
				<node>
					<identifier>	MP_BM039_Artillery_shell_INDEX_55	</identifier>
					<transform>
						<row0>	0.9962 0.0000 0.0872 0.0000	</row0>
						<row1>	0.0000 1.0000 0.0000 0.0000	</row1>
						<row2>	-0.0872 0.0000 0.9962 0.0000	</row2>
						<row3>	0.2740 0.3090 2.2801 1.0000	</row3>
					</transform>
				</node>
				<node>
					<identifier>	MP_BM039_Artillery_shell_INDEX_56	</identifier>
					<transform>
						<row0>	-0.9544 0.0001 0.2984 0.0000	</row0>
						<row1>	0.0001 1.0000 0.0000 0.0000	</row1>
						<row2>	-0.2984 0.0000 -0.9544 0.0000	</row2>
						<row3>	-0.2517 0.4524 2.0497 1.0000	</row3>
					</transform>
				</node>
				<node>
					<identifier>	MP_BM039_Artillery_shell_INDEX_57	</identifier>
					<transform>
						<row0>	1.0000 0.0000 0.0000 0.0000	</row0>
						<row1>	0.0000 1.0000 0.0000 0.0000	</row1>
						<row2>	0.0000 0.0000 1.0000 0.0000	</row2>
						<row3>	-0.1062 0.4591 2.2665 1.0000	</row3>
					</transform>
				</node>
				<node>
					<identifier>	MP_BM039_Artillery_shell_INDEX_58	</identifier>
					<transform>
						<row0>	0.0000 0.0000 1.0000 0.0000	</row0>
						<row1>	0.0000 1.0000 0.0000 0.0000	</row1>
						<row2>	-1.0000 0.0000 0.0000 0.0000	</row2>
						<row3>	0.1234 0.4772 2.3671 1.0000	</row3>
					</transform>
				</node>
				<node>
					<identifier>	MP_BM039_Artillery_shell_INDEX_59	</identifier>
					<transform>
						<row0>	0.9980 0.0000 0.0632 0.0000	</row0>
						<row1>	0.0000 1.0000 0.0000 0.0000	</row1>
						<row2>	-0.0632 0.0000 0.9980 0.0000	</row2>
						<row3>	0.2564 0.3106 2.5602 1.0000	</row3>
					</transform>
				</node>
				<node>
					<identifier>	MP_BM039_Artillery_shell_INDEX_6	</identifier>
					<transform>
						<row0>	-0.9962 0.0000 0.0872 0.0000	</row0>
						<row1>	0.0000 1.0000 0.0000 0.0000	</row1>
						<row2>	-0.0872 0.0000 -0.9962 0.0000	</row2>
						<row3>	-0.2792 0.3080 2.1818 1.0000	</row3>
					</transform>
				</node>
				<node>
					<identifier>	MP_BM039_Artillery_shell_INDEX_60	</identifier>
					<transform>
						<row0>	0.0000 0.0000 1.0000 0.0000	</row0>
						<row1>	0.0000 1.0000 0.0000 0.0000	</row1>
						<row2>	-1.0000 0.0000 0.0000 0.0000	</row2>
						<row3>	-0.0926 0.4999 2.4587 1.0000	</row3>
					</transform>
				</node>
				<node>
					<identifier>	MP_BM039_Artillery_shell_INDEX_61	</identifier>
					<transform>
						<row0>	-0.8184 0.0001 0.5746 0.0000	</row0>
						<row1>	0.0001 1.0000 0.0000 0.0000	</row1>
						<row2>	-0.5746 0.0000 -0.8184 0.0000	</row2>
						<row3>	-0.2206 0.4524 2.1259 1.0000	</row3>
					</transform>
				</node>
				<node>
					<identifier>	MP_BM039_Artillery_shell_INDEX_62	</identifier>
					<transform>
						<row0>	1.0000 0.0000 0.0000 0.0000	</row0>
						<row1>	0.0000 1.0000 0.0000 0.0000	</row1>
						<row2>	0.0000 0.0000 1.0000 0.0000	</row2>
						<row3>	0.2832 0.3076 2.0879 1.0000	</row3>
					</transform>
				</node>
				<node>
					<identifier>	MP_BM039_Artillery_shell_INDEX_63	</identifier>
					<transform>
						<row0>	0.9980 0.0000 0.0632 0.0000	</row0>
						<row1>	0.0000 1.0000 0.0000 0.0000	</row1>
						<row2>	-0.0632 0.0000 0.9980 0.0000	</row2>
						<row3>	0.2369 0.3133 2.8408 1.0000	</row3>
					</transform>
				</node>
				<node>
					<identifier>	MP_BM039_Artillery_shell_INDEX_64	</identifier>
					<transform>
						<row0>	-1.0000 -0.0001 0.0000 0.0000	</row0>
						<row1>	-0.0001 1.0000 0.0000 0.0000	</row1>
						<row2>	0.0000 0.0000 -1.0000 0.0000	</row2>
						<row3>	-0.2128 0.4534 1.7073 1.0000	</row3>
					</transform>
				</node>
				<node>
					<identifier>	MP_BM039_Artillery_shell_INDEX_65	</identifier>
					<transform>
						<row0>	0.0000 0.0000 1.0000 0.0000	</row0>
						<row1>	0.0000 1.0000 0.0000 0.0000	</row1>
						<row2>	-1.0000 0.0000 0.0000 0.0000	</row2>
						<row3>	-0.0503 0.4999 2.4587 1.0000	</row3>
					</transform>
				</node>
				<node>
					<identifier>	MP_BM039_Artillery_shell_INDEX_66	</identifier>
					<transform>
						<row0>	-0.9916 0.0001 -0.1297 0.0000	</row0>
						<row1>	0.0001 1.0000 0.0000 0.0000	</row1>
						<row2>	0.1297 0.0000 -0.9916 0.0000	</row2>
						<row3>	-0.0922 0.4607 2.3454 1.0000	</row3>
					</transform>
				</node>
				<node>
					<identifier>	MP_BM039_Artillery_shell_INDEX_67	</identifier>
					<transform>
						<row0>	0.9980 0.0000 0.0632 0.0000	</row0>
						<row1>	0.0000 1.0000 0.0000 0.0000	</row1>
						<row2>	-0.0632 0.0000 0.9980 0.0000	</row2>
						<row3>	0.2659 0.3094 2.4186 1.0000	</row3>
					</transform>
				</node>
				<node>
					<identifier>	MP_BM039_Artillery_shell_INDEX_68	</identifier>
					<transform>
						<row0>	0.0000 0.0000 1.0000 0.0000	</row0>
						<row1>	0.0000 1.0000 0.0000 0.0000	</row1>
						<row2>	-1.0000 0.0000 0.0000 0.0000	</row2>
						<row3>	-0.0503 0.4823 2.4192 1.0000	</row3>
					</transform>
				</node>
				<node>
					<identifier>	MP_BM039_Artillery_shell_INDEX_69	</identifier>
					<transform>
						<row0>	-0.6122 -0.0001 0.7907 0.0000	</row0>
						<row1>	0.0000 1.0000 0.0001 0.0000	</row1>
						<row2>	-0.7907 0.0000 -0.6122 0.0000	</row2>
						<row3>	-0.0972 0.3228 2.9679 1.0000	</row3>
					</transform>
				</node>
				<node>
					<identifier>	MP_BM039_Artillery_shell_INDEX_7	</identifier>
					<transform>
						<row0>	0.9962 0.0000 0.0872 0.0000	</row0>
						<row1>	0.0000 1.0000 0.0000 0.0000	</row1>
						<row2>	-0.0872 0.0000 0.9962 0.0000	</row2>
						<row3>	0.2772 0.3088 2.2334 1.0000	</row3>
					</transform>
				</node>
				<node>
					<identifier>	MP_BM039_Artillery_shell_INDEX_70	</identifier>
					<transform>
						<row0>	1.0000 0.0000 0.0000 0.0000	</row0>
						<row1>	0.0000 1.0000 0.0000 0.0000	</row1>
						<row2>	0.0000 0.0000 1.0000 0.0000	</row2>
						<row3>	0.2128 0.4534 1.8055 1.0000	</row3>
					</transform>
				</node>
				<node>
					<identifier>	MP_BM039_Artillery_shell_INDEX_71	</identifier>
					<transform>
						<row0>	-0.9968 0.0001 -0.0794 0.0000	</row0>
						<row1>	0.0001 1.0000 0.0000 0.0000	</row1>
						<row2>	0.0794 0.0000 -0.9968 0.0000	</row2>
						<row3>	-0.2636 0.4524 1.9952 1.0000	</row3>
					</transform>
				</node>
				<node>
					<identifier>	MP_BM039_Artillery_shell_INDEX_72	</identifier>
					<transform>
						<row0>	-0.9962 0.0000 0.0872 0.0000	</row0>
						<row1>	0.0000 1.0000 0.0000 0.0000	</row1>
						<row2>	-0.0872 0.0000 -0.9962 0.0000	</row2>
						<row3>	-0.2807 0.3079 2.1351 1.0000	</row3>
					</transform>
				</node>
				<node>
					<identifier>	MP_BM039_Artillery_shell_INDEX_73	</identifier>
					<transform>
						<row0>	-0.8364 0.0001 0.5481 0.0000	</row0>
						<row1>	0.0001 1.0000 0.0000 0.0000	</row1>
						<row2>	-0.5481 0.0000 -0.8364 0.0000	</row2>
						<row3>	-0.1829 0.4565 2.2384 1.0000	</row3>
					</transform>
				</node>
				<node>
					<identifier>	MP_BM039_Artillery_shell_INDEX_74	</identifier>
					<transform>
						<row0>	-1.0000 -0.0001 0.0000 0.0000	</row0>
						<row1>	-0.0001 1.0000 0.0000 0.0000	</row1>
						<row2>	0.0000 0.0000 -1.0000 0.0000	</row2>
						<row3>	-0.2128 0.4534 1.8055 1.0000	</row3>
					</transform>
				</node>
				<node>
					<identifier>	MP_BM039_Artillery_shell_INDEX_75	</identifier>
					<transform>
						<row0>	0.9056 0.0001 -0.4242 0.0000	</row0>
						<row1>	0.0000 1.0000 0.0000 0.0000	</row1>
						<row2>	0.4242 0.0000 0.9056 0.0000	</row2>
						<row3>	0.2276 0.4524 1.8497 1.0000	</row3>
					</transform>
				</node>
				<node>
					<identifier>	MP_BM039_Artillery_shell_INDEX_76	</identifier>
					<transform>
						<row0>	0.9045 0.0001 -0.4264 0.0000	</row0>
						<row1>	0.0000 1.0000 0.0000 0.0000	</row1>
						<row2>	0.4264 0.0000 0.9045 0.0000	</row2>
						<row3>	0.2496 0.4524 1.8963 1.0000	</row3>
					</transform>
				</node>
				<node>
					<identifier>	MP_BM039_Artillery_shell_INDEX_77	</identifier>
					<transform>
						<row0>	0.9968 0.0001 -0.0796 0.0000	</row0>
						<row1>	-0.0001 1.0000 0.0000 0.0000	</row1>
						<row2>	0.0796 0.0000 0.9968 0.0000	</row2>
						<row3>	0.2598 0.4524 1.9476 1.0000	</row3>
					</transform>
				</node>
				<node>
					<identifier>	MP_BM039_Artillery_shell_INDEX_78	</identifier>
					<transform>
						<row0>	0.9968 0.0001 -0.0794 0.0000	</row0>
						<row1>	-0.0001 1.0000 0.0000 0.0000	</row1>
						<row2>	0.0794 0.0000 0.9968 0.0000	</row2>
						<row3>	0.2636 0.4524 1.9952 1.0000	</row3>
					</transform>
				</node>
				<node>
					<identifier>	MP_BM039_Artillery_shell_INDEX_79	</identifier>
					<transform>
						<row0>	0.9544 0.0001 0.2984 0.0000	</row0>
						<row1>	-0.0001 1.0000 0.0000 0.0000	</row1>
						<row2>	-0.2984 0.0000 0.9544 0.0000	</row2>
						<row3>	0.2517 0.4524 2.0497 1.0000	</row3>
					</transform>
				</node>
				<node>
					<identifier>	MP_BM039_Artillery_shell_INDEX_8	</identifier>
					<transform>
						<row0>	0.9990 0.0000 0.0438 0.0000	</row0>
						<row1>	0.0000 1.0000 0.0000 0.0000	</row1>
						<row2>	-0.0438 0.0000 0.9990 0.0000	</row2>
						<row3>	0.2715 0.3090 2.3257 1.0000	</row3>
					</transform>
				</node>
				<node>
					<identifier>	MP_BM039_Artillery_shell_INDEX_80	</identifier>
					<transform>
						<row0>	0.9531 0.0001 0.3027 0.0000	</row0>
						<row1>	-0.0001 1.0000 0.0000 0.0000	</row1>
						<row2>	-0.3027 0.0000 0.9531 0.0000	</row2>
						<row3>	0.2390 0.4524 2.0900 1.0000	</row3>
					</transform>
				</node>
				<node>
					<identifier>	MP_BM039_Artillery_shell_INDEX_9	</identifier>
					<transform>
						<row0>	-1.0000 0.0000 0.0000 0.0000	</row0>
						<row1>	0.0000 1.0000 0.0000 0.0000	</row1>
						<row2>	0.0000 0.0000 -1.0000 0.0000	</row2>
						<row3>	-0.0629 0.4617 2.2825 1.0000	</row3>
					</transform>
				</node>
				<node>
					<identifier>	MP_BM715_Locker	</identifier>
					<transform>
						<row0>	0.0000 0.0000 -1.2296 0.0000	</row0>
						<row1>	0.0000 1.2121 0.0000 0.0000	</row1>
						<row2>	1.0182 0.0000 0.0000 0.0000	</row2>
						<row3>	0.0000 0.4614 2.2490 1.0000	</row3>
					</transform>
				</node>
				<node>
					<identifier>	MP_BM717_Locker	</identifier>
					<transform>
						<row0>	1.0000 0.0000 0.0000 0.0000	</row0>
						<row1>	0.0000 1.0000 0.0000 0.0000	</row1>
						<row2>	0.0000 0.0000 1.0000 0.0000	</row2>
						<row3>	-0.0846 0.4592 2.2627 1.0000	</row3>
					</transform>
				</node>
				<node>
					<identifier>	MP_BM717_Locker_INDEX_1	</identifier>
					<transform>
						<row0>	1.0000 0.0000 0.0000 0.0000	</row0>
						<row1>	0.0000 1.0000 0.0000 0.0000	</row1>
						<row2>	0.0000 0.0000 1.0000 0.0000	</row2>
						<row3>	0.0845 0.4592 2.2627 1.0000	</row3>
					</transform>
				</node>
				<node>
					<identifier>	MP_BM717_Locker_INDEX_2	</identifier>
					<transform>
						<row0>	1.0000 0.0000 0.0000 0.0000	</row0>
						<row1>	0.0000 1.0000 0.0000 0.0000	</row1>
						<row2>	0.0000 0.0000 1.0000 0.0000	</row2>
						<row3>	-0.0394 0.3222 2.9138 1.0000	</row3>
					</transform>
				</node>
				<node>
					<identifier>	MP_BM717_Locker_INDEX_3	</identifier>
					<transform>
						<row0>	1.0000 0.0000 0.0000 0.0000	</row0>
						<row1>	0.0000 1.0000 0.0000 0.0000	</row1>
						<row2>	0.0000 0.0000 1.0000 0.0000	</row2>
						<row3>	0.0394 0.3222 2.9138 1.0000	</row3>
					</transform>
				</node>
				<node>
					<identifier>	MP_BM804_Ventilation	</identifier>
					<transform>
						<row0>	0.0000 0.0000 -1.0000 0.0000	</row0>
						<row1>	0.0000 1.0000 0.0000 0.0000	</row1>
						<row2>	1.0000 0.0000 0.0000 0.0000	</row2>
						<row3>	0.0812 0.4027 2.9624 1.0000	</row3>
					</transform>
				</node>
				<node>
					<identifier>	MP_BM804_Ventilation_INDEX_1	</identifier>
					<transform>
						<row0>	0.0000 0.0000 -1.0000 0.0000	</row0>
						<row1>	0.0000 1.0000 0.0000 0.0000	</row1>
						<row2>	1.0000 0.0000 0.0000 0.0000	</row2>
						<row3>	0.1130 0.5336 1.7403 1.0000	</row3>
					</transform>
				</node>
				<node>
					<identifier>	MP_BM804_Ventilation_INDEX_2	</identifier>
					<transform>
						<row0>	0.0000 0.0000 -1.0000 0.0000	</row0>
						<row1>	0.0000 1.0000 0.0000 0.0000	</row1>
						<row2>	1.0000 0.0000 0.0000 0.0000	</row2>
						<row3>	-0.1107 0.5336 1.7403 1.0000	</row3>
					</transform>
				</node>
				<node>
					<identifier>	MP_BM804_Ventilation_INDEX_3	</identifier>
					<transform>
						<row0>	0.0000 0.0000 -1.0000 0.0000	</row0>
						<row1>	0.0000 1.0000 0.0000 0.0000	</row1>
						<row2>	1.0000 0.0000 0.0000 0.0000	</row2>
						<row3>	-0.0812 0.4027 2.9624 1.0000	</row3>
					</transform>
				</node>
				<node>
					<identifier>	MP_BM862_Signal_Lamp	</identifier>
					<transform>
						<row0>	1.0000 0.0000 0.0000 0.0000	</row0>
						<row1>	0.0000 1.0000 0.0000 0.0000	</row1>
						<row2>	0.0000 0.0000 1.0000 0.0000	</row2>
						<row3>	0.0000 0.7714 3.9387 1.0000	</row3>
					</transform>
				</node>
				<node>
					<identifier>	MP_BM966_Fairlead	</identifier>
					<transform>
						<row0>	0.6873 0.0000 0.1212 0.0000	</row0>
						<row1>	0.0039 0.6976 -0.0223 0.0000	</row1>
						<row2>	-0.1211 0.0226 0.6870 0.0000	</row2>
						<row3>	0.2001 0.3275 3.3306 1.0000	</row3>
					</transform>
				</node>
				<node>
					<identifier>	MP_BM966_Fairlead_INDEX_1	</identifier>
					<transform>
						<row0>	0.6873 0.0000 -0.1212 0.0000	</row0>
						<row1>	-0.0039 0.6976 -0.0223 0.0000	</row1>
						<row2>	0.1211 0.0226 0.6870 0.0000	</row2>
						<row3>	-0.2001 0.3275 3.3306 1.0000	</row3>
					</transform>
				</node>
				<node>
					<identifier>	MP_CM011_Fire_Fighting_Gear	</identifier>
					<transform>
						<row0>	0.0000 0.0000 1.0000 0.0000	</row0>
						<row1>	0.0000 1.0000 0.0000 0.0000	</row1>
						<row2>	-1.0000 0.0000 0.0000 0.0000	</row2>
						<row3>	-0.2197 0.3202 3.1114 1.0000	</row3>
					</transform>
				</node>
				<node>
					<identifier>	MP_CM011_Fire_Fighting_Gear_INDEX_1	</identifier>
					<transform>
						<row0>	0.0000 0.0000 -1.0000 0.0000	</row0>
						<row1>	0.0000 1.0000 0.0000 0.0000	</row1>
						<row2>	1.0000 0.0000 0.0000 0.0000	</row2>
						<row3>	0.2197 0.3202 3.1114 1.0000	</row3>
					</transform>
				</node>
				<node>
					<identifier>	MP_CM011_Fire_Fighting_Gear_INDEX_2	</identifier>
					<transform>
						<row0>	-1.0000 0.0000 0.0000 0.0000	</row0>
						<row1>	0.0000 1.0000 0.0000 0.0000	</row1>
						<row2>	0.0000 0.0000 -1.0000 0.0000	</row2>
						<row3>	0.0912 0.3197 2.3803 1.0000	</row3>
					</transform>
				</node>
				<node>
					<identifier>	MP_CM012_Fire_Hose_Rack_1	</identifier>
					<transform>
						<row0>	0.0000 0.0000 -1.0000 0.0000	</row0>
						<row1>	0.0000 1.0000 0.0000 0.0000	</row1>
						<row2>	1.0000 0.0000 0.0000 0.0000	</row2>
						<row3>	0.0753 0.4115 2.3730 1.0000	</row3>
					</transform>
				</node>
				<node>
					<identifier>	MP_CM029_Emergency_Box	</identifier>
					<transform>
						<row0>	-1.0000 0.0000 0.0000 0.0000	</row0>
						<row1>	0.0000 1.0000 0.0000 0.0000	</row1>
						<row2>	0.0000 0.0000 -1.0000 0.0000	</row2>
						<row3>	0.0000 0.3924 2.3787 1.0000	</row3>
					</transform>
				</node>
				<node>
					<identifier>	MP_CM112_Fire_Extinguisher	</identifier>
					<transform>
						<row0>	0.0000 0.0000 -1.0000 0.0000	</row0>
						<row1>	0.0000 1.0000 0.0000 0.0000	</row1>
						<row2>	1.0000 0.0000 0.0000 0.0000	</row2>
						<row3>	0.0332 0.3343 2.3782 1.0000	</row3>
					</transform>
				</node>
				<node>
					<identifier>	SP_YMS001_YHBM_M_1	</identifier>
					<transform>
						<row0>	0.8762 0.0000 0.0000 0.0000	</row0>
						<row1>	0.0000 0.8762 0.0000 0.0000	</row1>
						<row2>	0.0000 0.0000 0.8762 0.0000	</row2>
						<row3>	0.0000 0.3633 3.8837 1.0000	</row3>
					</transform>
				</node>
				<node>
					<identifier>	SP_YMS002_YHBL_M_1	</identifier>
					<transform>
						<row0>	0.7943 -0.0487 -0.0420 0.0000	</row0>
						<row1>	0.0450 0.7927 -0.0674 0.0000	</row1>
						<row2>	0.0459 0.0648 0.7929 0.0000	</row2>
						<row3>	0.0000 0.3633 3.8837 1.0000	</row3>
					</transform>
				</node>
				<node>
					<identifier>	SP_YMS003_YHBR_M_1	</identifier>
					<transform>
						<row0>	0.7943 0.0487 0.0420 0.0000	</row0>
						<row1>	-0.0450 0.7927 -0.0674 0.0000	</row1>
						<row2>	-0.0459 0.0648 0.7929 0.0000	</row2>
						<row3>	0.0000 0.3633 3.8837 1.0000	</row3>
					</transform>
				</node>
				<node>
					<identifier>	SP_YMS004_YHXL_L_1	</identifier>
					<transform>
						<row0>	0.5651 0.3449 -0.1121 0.0000	</row0>
						<row1>	-0.3552 0.5683 -0.0416 0.0000	</row1>
						<row2>	0.0735 0.0943 0.6607 0.0000	</row2>
						<row3>	-0.0914 0.2696 3.6575 1.0000	</row3>
					</transform>
				</node>
				<node>
					<identifier>	SP_YMS005_YHXR_L_1	</identifier>
					<transform>
						<row0>	0.5651 -0.3449 0.1121 0.0000	</row0>
						<row1>	0.3552 0.5683 -0.0416 0.0000	</row1>
						<row2>	-0.0735 0.0943 0.6607 0.0000	</row2>
						<row3>	0.0914 0.2696 3.6575 1.0000	</row3>
					</transform>
				</node>
				<node>
					<identifier>	SP_YMS010_YHWM_L_1	</identifier>
					<transform>
						<row0>	0.4512 0.0000 0.0000 0.0000	</row0>
						<row1>	0.0000 0.4512 0.0000 0.0000	</row1>
						<row2>	0.0000 0.0000 0.4512 0.0000	</row2>
						<row3>	0.0000 0.0000 3.7182 1.0000	</row3>
					</transform>
				</node>
				<node>
					<identifier>	SP_YMS011_YHWL_M_1	</identifier>
					<transform>
						<row0>	0.6653 0.1906 -0.1054 0.0000	</row0>
						<row1>	-0.1877 0.6735 0.0334 0.0000	</row1>
						<row2>	0.1105 -0.0035 0.6912 0.0000	</row2>
						<row3>	-0.1760 0.0000 2.8579 1.0000	</row3>
					</transform>
				</node>
				<node>
					<identifier>	SP_YMS011_YHWL_M_1_INDEX_1	</identifier>
					<transform>
						<row0>	0.6863 0.1113 -0.0812 0.0000	</row0>
						<row1>	-0.1111 0.6911 0.0086 0.0000	</row1>
						<row2>	0.0815 0.0044 0.6952 0.0000	</row2>
						<row3>	-0.2555 0.0000 2.2767 1.0000	</row3>
					</transform>
				</node>
				<node>
					<identifier>	SP_YMS011_YHWL_M_1_INDEX_2	</identifier>
					<transform>
						<row0>	0.6952 0.0610 -0.0548 0.0000	</row0>
						<row1>	-0.0608 0.6973 0.0047 0.0000	</row1>
						<row2>	0.0550 0.0001 0.6978 0.0000	</row2>
						<row3>	-0.3120 0.0000 1.6914 1.0000	</row3>
					</transform>
				</node>
				<node>
					<identifier>	SP_YMS012_YHWR_M_1	</identifier>
					<transform>
						<row0>	0.6653 -0.1906 0.1054 0.0000	</row0>
						<row1>	0.1877 0.6735 0.0334 0.0000	</row1>
						<row2>	-0.1105 -0.0035 0.6912 0.0000	</row2>
						<row3>	0.1760 0.0000 2.8579 1.0000	</row3>
					</transform>
				</node>
				<node>
					<identifier>	SP_YMS012_YHWR_M_1_INDEX_1	</identifier>
					<transform>
						<row0>	0.6863 -0.1113 0.0812 0.0000	</row0>
						<row1>	0.1111 0.6911 0.0086 0.0000	</row1>
						<row2>	-0.0815 0.0044 0.6952 0.0000	</row2>
						<row3>	0.2555 0.0000 2.2767 1.0000	</row3>
					</transform>
				</node>
				<node>
					<identifier>	SP_YMS012_YHWR_M_1_INDEX_2	</identifier>
					<transform>
						<row0>	0.6952 -0.0610 0.0548 0.0000	</row0>
						<row1>	0.0608 0.6973 0.0047 0.0000	</row1>
						<row2>	-0.0550 0.0001 0.6978 0.0000	</row2>
						<row3>	0.3120 0.0000 1.6914 1.0000	</row3>
					</transform>
				</node>
				<node>
					<identifier>	SP_YMS020_YHBU_M_1	</identifier>
					<transform>
						<row0>	0.7964 0.0000 0.0000 0.0000	</row0>
						<row1>	0.0000 0.7964 0.0000 0.0000	</row1>
						<row2>	0.0000 0.0000 0.7964 0.0000	</row2>
						<row3>	0.0000 0.0000 3.5717 1.0000	</row3>
					</transform>
				</node>
				<node>
					<identifier>	SP_YMS050_YHDC_M_1	</identifier>
					<transform>
						<row0>	0.0004 0.0022 -0.4305 0.0000	</row0>
						<row1>	-0.0209 0.4300 0.0021 0.0000	</row1>
						<row2>	0.4300 0.0209 0.0006 0.0000	</row2>
						<row3>	-0.2194 0.3126 1.9524 1.0000	</row3>
					</transform>
				</node>
				<node>
					<identifier>	SP_YMS050_YHDC_M_1_INDEX_1	</identifier>
					<transform>
						<row0>	0.0004 -0.0015 0.4305 0.0000	</row0>
						<row1>	0.0194 0.4301 0.0015 0.0000	</row1>
						<row2>	-0.4301 0.0194 0.0005 0.0000	</row2>
						<row3>	0.2196 0.3123 1.9524 1.0000	</row3>
					</transform>
				</node>
				<node>
