<ZSB301_Taihang_1956_Bow_ports.visual>
	<skeleton>
		<node>
			<identifier>	Scene Root	</identifier>
			<transform>
				<row0>	1.0000 0.0000 0.0000 0.0000	</row0>
				<row1>	0.0000 1.0000 0.0000 0.0000	</row1>
				<row2>	0.0000 0.0000 1.0000 0.0000	</row2>
				<row3>	0.0000 0.0000 0.0000 1.0000	</row3>
			</transform>
			<node>
				<identifier>	Bow_ports	</identifier>
				<transform>
					<row0>	1.0000 0.0000 0.0000 0.0000	</row0>
					<row1>	0.0000 1.0000 0.0000 0.0000	</row1>
					<row2>	0.0000 0.0000 1.0000 0.0000	</row2>
					<row3>	0.0000 0.0000 0.0000 1.0000	</row3>
				</transform>
				<node>
					<identifier>	HP_FX_Death_1	</identifier>
					<transform>
						<row0>	1.0000 0.0000 0.0000 0.0000	</row0>
						<row1>	0.0000 1.0000 0.0000 0.0000	</row1>
						<row2>	0.0000 0.0000 1.0000 0.0000	</row2>
						<row3>	0.0000 0.0000 5.9725 1.0000	</row3>
					</transform>
				</node>
				<node>
					<identifier>	HP_FX_Fire_1	</identifier>
					<transform>
						<row0>	1.0000 0.0000 0.0000 0.0000	</row0>
						<row1>	0.0000 1.0000 0.0000 0.0000	</row1>
						<row2>	0.0000 0.0000 1.0000 0.0000	</row2>
						<row3>	0.0000 0.5700 6.5566 1.0000	</row3>
					</transform>
				</node>
				<node>
					<identifier>	HP_FX_Flood_water_left_2	</identifier>
					<transform>
						<row0>	-0.9778 0.0000 0.2096 0.0000	</row0>
						<row1>	0.0000 1.0000 0.0000 0.0000	</row1>
						<row2>	-0.2096 0.0000 -0.9778 0.0000	</row2>
						<row3>	-0.7453 0.0926 4.3635 1.0000	</row3>
					</transform>
				</node>
				<node>
					<identifier>	HP_FX_Flood_water_left_3	</identifier>
					<transform>
						<row0>	-0.9761 0.0000 0.2172 0.0000	</row0>
						<row1>	0.0000 1.0000 0.0000 0.0000	</row1>
						<row2>	-0.2172 0.0000 -0.9761 0.0000	</row2>
						<row3>	-0.4835 0.0948 5.6426 1.0000	</row3>
					</transform>
				</node>
				<node>
					<identifier>	HP_FX_Flood_water_left_4	</identifier>
					<transform>
						<row0>	-0.9884 0.0000 0.1519 0.0000	</row0>
						<row1>	0.0000 1.0000 0.0000 0.0000	</row1>
						<row2>	-0.1519 0.0000 -0.9884 0.0000	</row2>
						<row3>	-0.2353 0.0979 6.9827 1.0000	</row3>
					</transform>
				</node>
				<node>
					<identifier>	HP_FX_Flood_water_right_2	</identifier>
					<transform>
						<row0>	0.9822 0.0000 0.1879 0.0000	</row0>
						<row1>	0.0000 1.0000 0.0000 0.0000	</row1>
						<row2>	-0.1879 0.0000 0.9822 0.0000	</row2>
						<row3>	0.7456 0.0950 4.3647 1.0000	</row3>
					</transform>
				</node>
				<node>
					<identifier>	HP_FX_Flood_water_right_3	</identifier>
					<transform>
						<row0>	0.9839 0.0000 0.1787 0.0000	</row0>
						<row1>	0.0000 1.0000 0.0000 0.0000	</row1>
						<row2>	-0.1787 0.0000 0.9839 0.0000	</row2>
						<row3>	0.4824 0.0956 5.6444 1.0000	</row3>
					</transform>
				</node>
				<node>
					<identifier>	HP_FX_Flood_water_right_4	</identifier>
					<transform>
						<row0>	0.9840 0.0000 0.1784 0.0000	</row0>
						<row1>	0.0000 1.0000 0.0000 0.0000	</row1>
						<row2>	-0.1784 0.0000 0.9840 0.0000	</row2>
						<row3>	0.2350 0.0986 6.9844 1.0000	</row3>
					</transform>
				</node>
				<node>
					<identifier>	HP_FX_RepairLight_left_1	</identifier>
					<transform>
						<row0>	0.1178 0.0000 0.9930 0.0000	</row0>
						<row1>	-0.1147 0.9933 0.0136 0.0000	</row1>
						<row2>	-0.9864 -0.1155 0.1170 0.0000	</row2>
						<row3>	-0.9402 0.4898 4.1955 1.0000	</row3>
					</transform>
				</node>
				<node>
					<identifier>	HP_FX_WakeTrace	</identifier>
					<transform>
						<row0>	1.0000 0.0000 0.0000 0.0000	</row0>
						<row1>	0.0000 1.0000 0.0000 0.0000	</row1>
						<row2>	0.0000 0.0000 1.0000 0.0000	</row2>
						<row3>	0.0000 0.0000 8.3829 1.0000	</row3>
					</transform>
				</node>
				<node>
					<identifier>	HP_Ship_death_1	</identifier>
					<transform>
						<row0>	1.0000 0.0000 0.0000 0.0000	</row0>
						<row1>	0.0000 1.0000 0.0000 0.0000	</row1>
						<row2>	0.0000 0.0000 1.0000 0.0000	</row2>
						<row3>	0.0000 0.0000 3.7306 1.0000	</row3>
					</transform>
				</node>
				<node>
					<identifier>	HP_ZGA_1	</identifier>
					<transform>
						<row0>	0.0000 0.0000 1.0000 0.0000	</row0>
						<row1>	0.0000 1.0000 0.0000 0.0000	</row1>
						<row2>	-1.0000 0.0000 0.0000 0.0000	</row2>
						<row3>	-0.7659 0.4853 3.9525 1.0000	</row3>
					</transform>
				</node>
				<node>
					<identifier>	HP_ZGA_2	</identifier>
					<transform>
						<row0>	0.0000 0.0000 -1.0000 0.0000	</row0>
						<row1>	0.0000 1.0000 0.0000 0.0000	</row1>
						<row2>	1.0000 0.0000 0.0000 0.0000	</row2>
						<row3>	0.7659 0.4853 3.9525 1.0000	</row3>
					</transform>
				</node>
				<node>
					<identifier>	HP_ZGM_1	</identifier>
					<transform>
						<row0>	1.0000 0.0000 0.0000 0.0000	</row0>
						<row1>	0.0000 1.0000 0.0000 0.0000	</row1>
						<row2>	0.0000 0.0000 1.0000 0.0000	</row2>
						<row3>	0.0000 0.5953 4.3337 1.0000	</row3>
					</transform>
				</node>
				<node>
					<identifier>	MP_CM011_Fire_Fighting_Gear	</identifier>
					<transform>
						<row0>	1.0000 0.0000 0.0000 0.0000	</row0>
						<row1>	0.0000 1.0000 0.0000 0.0000	</row1>
						<row2>	0.0000 0.0000 1.0000 0.0000	</row2>
						<row3>	-0.0129 0.4904 5.0544 1.0000	</row3>
					</transform>
				</node>
				<node>
					<identifier>	MP_CM012_Fire_Hose_Rack_1	</identifier>
					<transform>
						<row0>	0.0757 0.0000 -0.9971 0.0000	</row0>
						<row1>	0.0000 1.0000 0.0000 0.0000	</row1>
						<row2>	0.9971 0.0000 0.0757 0.0000	</row2>
						<row3>	-0.0345 0.5450 4.7330 1.0000	</row3>
					</transform>
				</node>
				<node>
					<identifier>	MP_CM029_Emergency_Box	</identifier>
					<transform>
						<row0>	0.6352 0.0000 -0.7724 0.0000	</row0>
						<row1>	0.0000 1.0000 0.0000 0.0000	</row1>
						<row2>	0.7724 0.0000 0.6352 0.0000	</row2>
						<row3>	-0.3176 0.5233 4.0790 1.0000	</row3>
					</transform>
				</node>
				<node>
					<identifier>	MP_CM029_Emergency_Box_INDEX_1	</identifier>
					<transform>
						<row0>	0.6352 0.0000 0.7724 0.0000	</row0>
						<row1>	0.0000 1.0000 0.0000 0.0000	</row1>
						<row2>	-0.7724 0.0000 0.6352 0.0000	</row2>
						<row3>	0.3176 0.5233 4.0790 1.0000	</row3>
					</transform>
				</node>
				<node>
					<identifier>	MP_CM159_Anchor_up	</identifier>
					<transform>
						<row0>	0.2506 0.6194 0.7440 0.0000	</row0>
						<row1>	0.1448 0.7359 -0.6615 0.0000	</row1>
						<row2>	-0.9572 0.2735 0.0947 0.0000	</row2>
						<row3>	0.1874 0.3892 8.1445 1.0000	</row3>
					</transform>
				</node>
				<node>
					<identifier>	MP_CM159_Anchor_up_INDEX_1	</identifier>
					<transform>
						<row0>	0.2506 -0.6194 -0.7440 0.0000	</row0>
						<row1>	-0.1448 0.7359 -0.6615 0.0000	</row1>
						<row2>	0.9572 0.2735 0.0947 0.0000	</row2>
						<row3>	-0.1874 0.3892 8.1445 1.0000	</row3>
					</transform>
				</node>
				<node>
					<identifier>	MP_CM160_Anchor_bottom	</identifier>
					<transform>
						<row0>	0.2455 0.6088 0.7544 0.0000	</row0>
						<row1>	0.3322 0.6782 -0.6555 0.0000	</row1>
						<row2>	-0.9107 0.4115 -0.0357 0.0000	</row2>
						<row3>	0.1874 0.3892 8.1445 1.0000	</row3>
					</transform>
				</node>
				<node>
					<identifier>	MP_CM160_Anchor_bottom_INDEX_1	</identifier>
					<transform>
						<row0>	0.2455 -0.6088 -0.7544 0.0000	</row0>
						<row1>	-0.3322 0.6782 -0.6555 0.0000	</row1>
						<row2>	0.9107 0.4115 -0.0357 0.0000	</row2>
						<row3>	-0.1874 0.3892 8.1445 1.0000	</row3>
					</transform>
				</node>
				<node>
					<identifier>	MP_JM033_Roller_Fairled	</identifier>
					<transform>
						<row0>	0.1883 0.0352 0.9815 0.0000	</row0>
						<row1>	-0.0066 0.9994 -0.0345 0.0000	</row1>
						<row2>	-0.9821 0.0000 0.1884 0.0000	</row2>
						<row3>	-0.4586 0.5508 7.3858 1.0000	</row3>
					</transform>
				</node>
				<node>
					<identifier>	MP_JM033_Roller_Fairled_INDEX_1	</identifier>
					<transform>
						<row0>	0.1883 -0.0352 -0.9815 0.0000	</row0>
						<row1>	0.0066 0.9994 -0.0345 0.0000	</row1>
						<row2>	0.9821 0.0000 0.1884 0.0000	</row2>
						<row3>	0.4586 0.5508 7.3858 1.0000	</row3>
					</transform>
				</node>
				<node>
					<identifier>	MP_ZM046_Leadsman_Platform	</identifier>
					<transform>
						<row0>	0.9367 0.1296 0.3251 0.0000	</row0>
						<row1>	-0.1096 0.9908 -0.0792 0.0000	</row1>
						<row2>	-0.3324 0.0386 0.9424 0.0000	</row2>
						<row3>	0.2437 0.5956 8.3192 1.0000	</row3>
					</transform>
				</node>
				<node>
					<identifier>	MP_ZM046_Leadsman_Platform_INDEX_1	</identifier>
					<transform>
						<row0>	-0.9393 0.1288 0.3181 0.0000	</row0>
						<row1>	0.1094 0.9909 -0.0782 0.0000	</row1>
						<row2>	-0.3253 -0.0387 -0.9448 0.0000	</row2>
						<row3>	-0.2437 0.5956 8.3192 1.0000	</row3>
					</transform>
				</node>
				<node>
					<identifier>	MP_ZM094_Break_Handwheel	</identifier>
					<transform>
						<row0>	-1.0000 0.0000 0.0000 0.0000	</row0>
						<row1>	0.0000 1.0000 0.0000 0.0000	</row1>
						<row2>	0.0000 0.0000 -1.0000 0.0000	</row2>
						<row3>	-0.0170 0.5211 6.2850 1.0000	</row3>
					</transform>
				</node>
				<node>
					<identifier>	MP_ZM094_Break_Handwheel_INDEX_1	</identifier>
					<transform>
						<row0>	-1.0000 0.0000 0.0000 0.0000	</row0>
						<row1>	0.0000 1.0000 0.0000 0.0000	</row1>
						<row2>	0.0000 0.0000 -1.0000 0.0000	</row2>
						<row3>	0.1391 0.5254 6.6048 1.0000	</row3>
					</transform>
				</node>
				<node>
					<identifier>	MP_ZM094_Break_Handwheel_INDEX_2	</identifier>
					<transform>
						<row0>	-1.0000 0.0000 0.0000 0.0000	</row0>
						<row1>	0.0000 1.0000 0.0000 0.0000	</row1>
						<row2>	0.0000 0.0000 -1.0000 0.0000	</row2>
						<row3>	-0.1391 0.5254 6.6048 1.0000	</row3>
					</transform>
				</node>
				<node>
					<identifier>	MP_ZM102_Life_Buoy	</identifier>
					<transform>
						<row0>	-0.1307 -0.0006 0.9914 0.0000	</row0>
						<row1>	-0.0001 1.0000 0.0006 0.0000	</row1>
						<row2>	-0.9914 0.0000 -0.1307 0.0000	</row2>
						<row3>	0.8076 0.5615 5.1870 1.0000	</row3>
					</transform>
				</node>
				<node>
					<identifier>	MP_ZM708_AmmoBox	</identifier>
					<transform>
						<row0>	-0.0216 0.0000 0.9998 0.0000	</row0>
						<row1>	0.0000 1.0000 0.0000 0.0000	</row1>
						<row2>	-0.9998 0.0000 -0.0216 0.0000	</row2>
						<row3>	0.5729 0.4678 3.9166 1.0000	</row3>
					</transform>
				</node>
				<node>
					<identifier>	MP_ZM708_AmmoBox_INDEX_1	</identifier>
					<transform>
						<row0>	-0.0216 0.0000 -0.9998 0.0000	</row0>
						<row1>	0.0000 1.0000 0.0000 0.0000	</row1>
						<row2>	0.9998 0.0000 -0.0216 0.0000	</row2>
						<row3>	-0.5729 0.4678 3.9166 1.0000	</row3>
					</transform>
				</node>
				<node>
					<identifier>	MP_ZM822_Ventilation	</identifier>
					<transform>
						<row0>	-0.4855 0.0000 0.0000 0.0000	</row0>
						<row1>	0.0000 0.4855 0.0000 0.0000	</row1>
						<row2>	0.0000 0.0000 -0.4855 0.0000	</row2>
						<row3>	0.4757 0.4752 4.2914 1.0000	</row3>
					</transform>
				</node>
				<node>
					<identifier>	MP_ZM822_Ventilation_INDEX_1	</identifier>
					<transform>
						<row0>	-0.4855 0.0000 0.0000 0.0000	</row0>
						<row1>	0.0000 0.4855 0.0000 0.0000	</row1>
						<row2>	0.0000 0.0000 -0.4855 0.0000	</row2>
						<row3>	-0.0209 0.5133 6.0684 1.0000	</row3>
					</transform>
				</node>
				<node>
					<identifier>	MP_ZM822_Ventilation_INDEX_2	</identifier>
					<transform>
						<row0>	-0.4855 0.0000 0.0000 0.0000	</row0>
						<row1>	0.0000 0.4855 0.0000 0.0000	</row1>
						<row2>	0.0000 0.0000 -0.4855 0.0000	</row2>
						<row3>	0.1433 0.4696 3.9219 1.0000	</row3>
					</transform>
				</node>
				<node>
					<identifier>	MP_ZM822_Ventilation_INDEX_3	</identifier>
					<transform>
						<row0>	-0.4855 0.0000 0.0000 0.0000	</row0>
						<row1>	0.0000 0.4855 0.0000 0.0000	</row1>
						<row2>	0.0000 0.0000 -0.4855 0.0000	</row2>
						<row3>	0.0249 0.4694 3.8880 1.0000	</row3>
					</transform>
				</node>
				<node>
					<identifier>	MP_ZM822_Ventilation_INDEX_4	</identifier>
					<transform>
						<row0>	-0.4855 0.0000 0.0000 0.0000	</row0>
						<row1>	0.0000 0.4855 0.0000 0.0000	</row1>
						<row2>	0.0000 0.0000 -0.4855 0.0000	</row2>
						<row3>	-0.2263 0.4705 3.9449 1.0000	</row3>
					</transform>
				</node>
				<node>
					<identifier>	MP_ZM822_Ventilation_INDEX_5	</identifier>
					<transform>
						<row0>	-0.4855 0.0000 0.0000 0.0000	</row0>
						<row1>	0.0000 0.4855 0.0000 0.0000	</row1>
						<row2>	0.0000 0.0000 -0.4855 0.0000	</row2>
						<row3>	0.1055 0.4841 4.7791 1.0000	</row3>
					</transform>
				</node>
				<node>
					<identifier>	MP_ZM822_Ventilation_INDEX_6	</identifier>
					<transform>
						<row0>	-0.4855 0.0000 0.0000 0.0000	</row0>
						<row1>	0.0000 0.4855 0.0000 0.0000	</row1>
						<row2>	0.0000 0.0000 -0.4855 0.0000	</row2>
						<row3>	-0.4325 0.4747 4.2547 1.0000	</row3>
					</transform>
				</node>
				<node>
					<identifier>	MP_ZM822_Ventilation_INDEX_7	</identifier>
					<transform>
						<row0>	-0.4855 0.0000 0.0000 0.0000	</row0>
						<row1>	0.0000 0.4855 0.0000 0.0000	</row1>
						<row2>	0.0000 0.0000 -0.4855 0.0000	</row2>
						<row3>	-0.4801 0.4779 4.4376 1.0000	</row3>
					</transform>
				</node>
				<node>
					<identifier>	MP_ZM885_Signal_Lamp	</identifier>
					<transform>
						<row0>	1.0000 0.0000 0.0000 0.0000	</row0>
						<row1>	0.0000 1.0000 0.0000 0.0000	</row1>
						<row2>	0.0000 0.0000 1.0000 0.0000	</row2>
						<row3>	0.0000 1.2078 8.5071 1.0000	</row3>
					</transform>
				</node>
				<node>
					<identifier>	MP_ZM988_Fairlead_2	</identifier>
					<transform>
						<row0>	-0.9931 0.0000 -0.1176 0.0000	</row0>
						<row1>	0.0000 1.0000 0.0000 0.0000	</row1>
						<row2>	0.1176 0.0000 -0.9931 0.0000	</row2>
						<row3>	0.8373 0.4916 4.6957 1.0000	</row3>
					</transform>
				</node>
				<node>
					<identifier>	MP_ZM988_Fairlead_2_INDEX_1	</identifier>
					<transform>
						<row0>	-0.8388 -0.0026 -0.1397 0.0000	</row0>
						<row1>	0.0000 0.8502 -0.0158 0.0000	</row1>
						<row2>	0.1397 -0.0156 -0.8387 0.0000	</row2>
						<row3>	0.5668 0.5388 6.6884 1.0000	</row3>
					</transform>
				</node>
				<node>
					<identifier>	MP_ZM988_Fairlead_2_INDEX_2	</identifier>
					<transform>
						<row0>	-0.9931 0.0000 0.1176 0.0000	</row0>
						<row1>	0.0000 1.0000 0.0000 0.0000	</row1>
						<row2>	-0.1176 0.0000 -0.9931 0.0000	</row2>
						<row3>	-0.8373 0.4916 4.6957 1.0000	</row3>
					</transform>
				</node>
				<node>
					<identifier>	MP_ZM988_Fairlead_2_INDEX_3	</identifier>
					<transform>
						<row0>	-0.8388 0.0026 0.1397 0.0000	</row0>
						<row1>	0.0000 0.8502 -0.0158 0.0000	</row1>
						<row2>	-0.1397 -0.0156 -0.8387 0.0000	</row2>
						<row3>	-0.5668 0.5388 6.6884 1.0000	</row3>
					</transform>
				</node>
				<node>
					<identifier>	MP_ZM990_After_Capstan	</identifier>
					<transform>
						<row0>	1.6276 0.0000 0.0000 0.0000	</row0>
						<row1>	0.0000 1.6276 0.0000 0.0000	</row1>
						<row2>	0.0000 0.0000 1.6276 0.0000	</row2>
						<row3>	-0.0003 0.5230 6.3484 1.0000	</row3>
					</transform>
				</node>
				<node>
					<identifier>	SP_YMS001_YHBM_M_1	</identifier>
					<transform>
						<row0>	1.5000 0.0000 0.0000 0.0000	</row0>
						<row1>	0.0000 1.5000 0.0000 0.0000	</row1>
						<row2>	0.0000 0.0000 1.5000 0.0000	</row2>
						<row3>	0.0000 0.6207 8.6317 1.0000	</row3>
					</transform>
				</node>
				<node>
					<identifier>	SP_YMS002_YHBL_M_1	</identifier>
					<transform>
						<row0>	1.0958 0.0000 -0.0959 0.0000	</row0>
						<row1>	-0.0069 1.0972 -0.0785 0.0000	</row1>
						<row2>	0.0956 0.0788 1.0930 0.0000	</row2>
						<row3>	0.0000 0.6207 8.6317 1.0000	</row3>
					</transform>
				</node>
				<node>
					<identifier>	SP_YMS003_YHBR_M_1	</identifier>
					<transform>
						<row0>	1.0958 0.0000 0.0959 0.0000	</row0>
						<row1>	0.0069 1.0972 -0.0785 0.0000	</row1>
						<row2>	-0.0956 0.0788 1.0930 0.0000	</row2>
						<row3>	0.0000 0.6207 8.6317 1.0000	</row3>
					</transform>
				</node>
				<node>
					<identifier>	SP_YMS004_YHXL_L_1	</identifier>
					<transform>
						<row0>	0.7207 0.4993 -0.1445 0.0000	</row0>
						<row1>	-0.5021 0.7326 0.0272 0.0000	</row1>
						<row2>	0.1344 0.0596 0.8763 0.0000	</row2>
						<row3>	-0.1947 0.4475 8.2243 1.0000	</row3>
					</transform>
				</node>
				<node>
					<identifier>	SP_YMS005_YHXR_L_1	</identifier>
					<transform>
						<row0>	0.7207 -0.4993 0.1445 0.0000	</row0>
						<row1>	0.5021 0.7326 0.0272 0.0000	</row1>
						<row2>	-0.1344 0.0596 0.8763 0.0000	</row2>
						<row3>	0.1947 0.4475 8.2243 1.0000	</row3>
					</transform>
				</node>
				<node>
					<identifier>	SP_YMS010_YHWM_L_1	</identifier>
					<transform>
						<row0>	0.9350 0.0000 0.0000 0.0000	</row0>
						<row1>	0.0000 0.9350 0.0000 0.0000	</row1>
						<row2>	0.0000 0.0000 0.9350 0.0000	</row2>
						<row3>	0.0000 0.0000 8.3649 1.0000	</row3>
					</transform>
				</node>
				<node>
					<identifier>	SP_YMS011_YHWL_M_1_INDEX_10	</identifier>
					<transform>
						<row0>	0.9646 0.1716 -0.2004 0.0000	</row0>
						<row1>	-0.1683 0.9852 0.0334 0.0000	</row1>
						<row2>	0.2031 0.0015 0.9792 0.0000	</row2>
						<row3>	-0.6207 0.0100 4.9452 1.0000	</row3>
					</transform>
				</node>
				<node>
					<identifier>	SP_YMS011_YHWL_M_1_INDEX_13	</identifier>
					<transform>
						<row0>	0.9646 0.1906 -0.1821 0.0000	</row0>
						<row1>	-0.1874 0.9817 0.0347 0.0000	</row1>
						<row2>	0.1854 0.0007 0.9827 0.0000	</row2>
						<row3>	-0.4582 0.0106 5.7698 1.0000	</row3>
					</transform>
				</node>
				<node>
					<identifier>	SP_YMS011_YHWL_M_1_INDEX_3	</identifier>
					<transform>
						<row0>	0.9711 0.1624 -0.1746 0.0000	</row0>
						<row1>	-0.1601 0.9867 0.0275 0.0000	</row1>
						<row2>	0.1768 0.0013 0.9843 0.0000	</row2>
						<row3>	-0.3061 0.0115 6.5993 1.0000	</row3>
					</transform>
				</node>
				<node>
					<identifier>	SP_YMS011_YHWL_M_1_INDEX_6	</identifier>
					<transform>
						<row0>	0.9534 0.2408 -0.1818 0.0000	</row0>
						<row1>	-0.2366 0.9706 0.0453 0.0000	</row1>
						<row2>	0.1874 -0.0001 0.9823 0.0000	</row2>
						<row3>	-0.7882 0.0080 4.1187 1.0000	</row3>
					</transform>
				</node>
				<node>
					<identifier>	SP_YMS012_YHWR_M_1_INDEX_13	</identifier>
					<transform>
						<row0>	0.9534 -0.2408 0.1818 0.0000	</row0>
						<row1>	0.2366 0.9706 0.0453 0.0000	</row1>
						<row2>	-0.1874 -0.0001 0.9823 0.0000	</row2>
						<row3>	0.7882 0.0080 4.1187 1.0000	</row3>
					</transform>
				</node>
				<node>
					<identifier>	SP_YMS012_YHWR_M_1_INDEX_15	</identifier>
					<transform>
						<row0>	0.9711 -0.1624 0.1746 0.0000	</row0>
						<row1>	0.1601 0.9867 0.0275 0.0000	</row1>
						<row2>	-0.1768 0.0013 0.9843 0.0000	</row2>
						<row3>	0.3061 0.0115 6.5993 1.0000	</row3>
					</transform>
				</node>
				<node>
					<identifier>	SP_YMS012_YHWR_M_1_INDEX_4	</identifier>
					<transform>
						<row0>	0.9646 -0.1906 0.1821 0.0000	</row0>
						<row1>	0.1874 0.9817 0.0347 0.0000	</row1>
						<row2>	-0.1854 0.0007 0.9827 0.0000	</row2>
						<row3>	0.4582 0.0106 5.7698 1.0000	</row3>
					</transform>
				</node>
				<node>
					<identifier>	SP_YMS012_YHWR_M_1_INDEX_5	</identifier>
					<transform>
						<row0>	0.9646 -0.1716 0.2004 0.0000	</row0>
						<row1>	0.1683 0.9852 0.0334 0.0000	</row1>
						<row2>	-0.2031 0.0015 0.9792 0.0000	</row2>
						<row3>	0.6207 0.0100 4.9452 1.0000	</row3>
					</transform>
				</node>
				<node>
					<identifier>	SP_YMS020_YHBU_M_1	</identifier>
					<transform>
						<row0>	1.4000 0.0000 0.0000 0.0000	</row0>
						<row1>	0.0000 1.4000 0.0000 0.0000	</row1>
						<row2>	0.0000 0.0000 1.4000 0.0000	</row2>
						<row3>	0.0000 -0.1444 7.9979 1.0000	</row3>
					</transform>
				</node>
				<node>
					<identifier>	SP_YMS022_YHUS_L_1	</identifier>
					<transform>
						<row0>	-0.3473 0.0128 1.6641 0.0000	</row0>
						<row1>	0.3825 1.6551 0.0671 0.0000	</row1>
						<row2>	-1.6196 0.3881 -0.3410 0.0000	</row2>
						<row3>	0.5463 -0.5811 4.1994 1.0000	</row3>
					</transform>
				</node>
				<node>
					<identifier>	SP_YMS022_YHUS_L_1_INDEX_4	</identifier>
					<transform>
						<row0>	-0.3473 -0.0128 -1.6641 0.0000	</row0>
						<row1>	-0.3825 1.6551 0.0671 0.0000	</row1>
						<row2>	1.6196 0.3881 -0.3410 0.0000	</row2>
						<row3>	-0.5463 -0.5811 4.1994 1.0000	</row3>
					</transform>
				</node>
				<node>
					<identifier>	SP_YMS051_YHDL_L_1	</identifier>
					<transform>
						<row0>	0.9942 -0.0018 -0.1077 0.0000	</row0>
						<row1>	0.0004 0.9999 -0.0123 0.0000	</row1>
						<row2>	0.1077 0.0122 0.9941 0.0000	</row2>
						<row3>	-0.7911 0.4545 5.0221 1.0000	</row3>
					</transform>
				</node>
				<node>
					<identifier>	SP_YMS052_YHDR_L_1	</identifier>
					<transform>
						<row0>	0.9942 0.0018 0.1077 0.0000	</row0>
						<row1>	-0.0004 0.9999 -0.0123 0.0000	</row1>
						<row2>	-0.1077 0.0122 0.9941 0.0000	</row2>
						<row3>	0.7911 0.4545 5.0221 1.0000	</row3>
					</transform>
				</node>
				<node>
					<identifier>	SP_YMS080_YHSL_M_1	</identifier>
					<transform>
						<row0>	0.9522 0.2467 -0.1801 0.0000	</row0>
						<row1>	-0.2455 0.9690 0.0293 0.0000	</row1>
						<row2>	0.1818 0.0163 0.9832 0.0000	</row2>
						<row3>	-0.8400 0.2007 3.9423 1.0000	</row3>
					</transform>
				</node>
				<node>
					<identifier>	SP_YMS080_YHSL_M_1_INDEX_1	</identifier>
					<transform>
						<row0>	0.9379 0.2954 -0.1820 0.0000	</row0>
						<row1>	-0.2923 0.9553 0.0438 0.0000	</row1>
						<row2>	0.1868 0.0121 0.9823 0.0000	</row2>
						<row3>	-0.7187 0.2075 4.5541 1.0000	</row3>
					</transform>
				</node>
				<node>
					<identifier>	SP_YMS081_YHSR_M_1	</identifier>
					<transform>
						<row0>	0.9522 -0.2467 0.1801 0.0000	</row0>
						<row1>	0.2455 0.9690 0.0293 0.0000	</row1>
						<row2>	-0.1818 0.0163 0.9832 0.0000	</row2>
						<row3>	0.8400 0.2007 3.9423 1.0000	</row3>
					</transform>
				</node>
				<node>
					<identifier>	SP_YMS081_YHSR_M_1_INDEX_1	</identifier>
					<transform>
						<row0>	0.9379 -0.2954 0.1820 0.0000	</row0>
						<row1>	0.2923 0.9553 0.0438 0.0000	</row1>
						<row2>	-0.1868 0.0121 0.9823 0.0000	</row2>
						<row3>	0.7187 0.2075 4.5541 1.0000	</row3>
					</transform>
				</node>
				<node>
					<identifier>	SP_YMS083_YHSC_L_1_INDEX_2	</identifier>
					<transform>
						<row0>	-0.2204 0.0011 1.0861 0.0000	</row0>
						<row1>	0.4825 0.9930 0.0969 0.0000	</row1>
						<row2>	-0.9730 0.4922 -0.1980 0.0000	</row2>
						<row3>	0.5828 0.4404 5.8365 1.0000	</row3>
					</transform>
				</node>
				<node>
					<identifier>	SP_YMS083_YHSC_L_1_INDEX_3	</identifier>
					<transform>
						<row0>	-0.2204 0.0011 1.0861 0.0000	</row0>
						<row1>	0.4825 0.9930 0.0969 0.0000	</row1>
						<row2>	-0.9730 0.4922 -0.1980 0.0000	</row2>
						<row3>	0.4237 0.4404 6.6396 1.0000	</row3>
					</transform>
				</node>
				<node>
					<identifier>	SP_YMS083_YHSC_L_1_INDEX_6	</identifier>
					<transform>
						<row0>	-0.2204 -0.0011 -1.0861 0.0000	</row0>
						<row1>	-0.4825 0.9930 0.0969 0.0000	</row1>
						<row2>	0.9730 0.4922 -0.1980 0.0000	</row2>
						<row3>	-0.5828 0.4404 5.8365 1.0000	</row3>
					</transform>
				</node>
				<node>
					<identifier>	SP_YMS083_YHSC_L_1_INDEX_7	</identifier>
					<transform>
						<row0>	-0.2204 -0.0011 -1.0861 0.0000	</row0>
						<row1>	-0.4825 0.9930 0.0969 0.0000	</row1>
						<row2>	0.9730 0.4922 -0.1980 0.0000	</row2>
						<row3>	-0.4237 0.4404 6.6396 1.0000	</row3>
					</transform>
				</node>
			</node>
		</node>
	</skeleton>
	<properties>
		<underwaterModel>	false	</underwaterModel>
		<abovewaterModel>	true	</abovewaterModel>
	</properties>
	<boundingBox>
		<min>	-0.0667 -0.0667 -0.0667	</min>
		<max>	0.0667 0.0667 0.0667	</max>
	</boundingBox>
	<renderSets />
	<lods>
		<lod>
			<extent>	200.0000	</extent>
			<castsShadow>	true	</castsShadow>
			<renderSets />
		</lod>
	</lods>
</ZSB301_Taihang_1956_Bow_ports.visual>
