<ZSB301_Taihang_1956_MidFront_ports.visual>
	<skeleton>
		<node>
			<identifier>	Scene Root	</identifier>
			<transform>
				<row0>	1.0000 0.0000 0.0000 0.0000	</row0>
				<row1>	0.0000 1.0000 0.0000 0.0000	</row1>
				<row2>	0.0000 0.0000 1.0000 0.0000	</row2>
				<row3>	0.0000 0.0000 0.0000 1.0000	</row3>
			</transform>
			<node>
				<identifier>	MidFront_ports	</identifier>
				<transform>
					<row0>	1.0000 0.0000 0.0000 0.0000	</row0>
					<row1>	0.0000 1.0000 0.0000 0.0000	</row1>
					<row2>	0.0000 0.0000 1.0000 0.0000	</row2>
					<row3>	0.0000 0.0000 0.0000 1.0000	</row3>
				</transform>
				<node>
					<identifier>	HP_FX_Flood_steam_left	</identifier>
					<transform>
						<row0>	-0.9963 0.0000 0.0857 0.0000	</row0>
						<row1>	0.0000 1.0000 0.0000 0.0000	</row1>
						<row2>	-0.0857 0.0000 -0.9963 0.0000	</row2>
						<row3>	-1.0715 0.3621 2.6546 1.0000	</row3>
					</transform>
				</node>
				<node>
					<identifier>	HP_FX_RepairLight_right_1	</identifier>
					<transform>
						<row0>	0.1228 0.0000 -0.9925 0.0000	</row0>
						<row1>	0.0011 1.0000 0.0000 0.0000	</row1>
						<row2>	0.9925 -0.0011 0.1228 0.0000	</row2>
						<row3>	1.0580 0.4681 2.9678 1.0000	</row3>
					</transform>
				</node>
				<node>
					<identifier>	HP_ZGA_3	</identifier>
					<transform>
						<row0>	0.0000 0.0000 1.0000 0.0000	</row0>
						<row1>	0.0000 1.0000 0.0000 0.0000	</row1>
						<row2>	-1.0000 0.0000 0.0000 0.0000	</row2>
						<row3>	-0.6228 0.4546 2.7540 1.0000	</row3>
					</transform>
				</node>
				<node>
					<identifier>	HP_ZGA_4	</identifier>
					<transform>
						<row0>	0.0000 0.0000 -1.0000 0.0000	</row0>
						<row1>	0.0000 1.0000 0.0000 0.0000	</row1>
						<row2>	1.0000 0.0000 0.0000 0.0000	</row2>
						<row3>	0.6228 0.4547 2.7540 1.0000	</row3>
					</transform>
				</node>
				<node>
					<identifier>	HP_ZGA_5	</identifier>
					<transform>
						<row0>	0.0000 0.0000 1.0000 0.0000	</row0>
						<row1>	0.0000 1.0000 0.0000 0.0000	</row1>
						<row2>	-1.0000 0.0000 0.0000 0.0000	</row2>
						<row3>	-0.6190 0.4492 2.3844 1.0000	</row3>
					</transform>
				</node>
				<node>
					<identifier>	HP_ZGA_6	</identifier>
					<transform>
						<row0>	0.0000 0.0000 -1.0000 0.0000	</row0>
						<row1>	0.0000 1.0000 0.0000 0.0000	</row1>
						<row2>	1.0000 0.0000 0.0000 0.0000	</row2>
						<row3>	0.6190 0.4491 2.3844 1.0000	</row3>
					</transform>
				</node>
				<node>
					<identifier>	HP_ZGM_2	</identifier>
					<transform>
						<row0>	1.0000 0.0000 0.0000 0.0000	</row0>
						<row1>	0.0000 1.0000 0.0000 0.0000	</row1>
						<row2>	0.0000 0.0000 1.0000 0.0000	</row2>
						<row3>	0.0000 0.8087 3.0830 1.0000	</row3>
					</transform>
				</node>
				<node>
					<identifier>	MP_CM029_Emergency_Box	</identifier>
					<transform>
						<row0>	0.4710 0.0000 -0.8821 0.0000	</row0>
						<row1>	0.0000 1.0000 0.0000 0.0000	</row1>
						<row2>	0.8821 0.0000 0.4710 0.0000	</row2>
						<row3>	-0.3601 0.5184 2.8932 1.0000	</row3>
					</transform>
				</node>
				<node>
					<identifier>	MP_CM029_Emergency_Box_INDEX_1	</identifier>
					<transform>
						<row0>	0.4710 0.0000 0.8821 0.0000	</row0>
						<row1>	0.0000 1.0000 0.0000 0.0000	</row1>
						<row2>	-0.8821 0.0000 0.4710 0.0000	</row2>
						<row3>	0.3601 0.5184 2.8932 1.0000	</row3>
					</transform>
				</node>
				<node>
					<identifier>	MP_CM030_Swab_Rack_2	</identifier>
					<transform>
						<row0>	-0.7713 0.0000 -0.6365 0.0000	</row0>
						<row1>	0.0000 1.0000 0.0000 0.0000	</row1>
						<row2>	0.6365 0.0000 -0.7713 0.0000	</row2>
						<row3>	0.2571 0.4533 2.7758 1.0000	</row3>
					</transform>
				</node>
				<node>
					<identifier>	MP_CM030_Swab_Rack_2_INDEX_1	</identifier>
					<transform>
						<row0>	-0.9550 0.0000 0.2966 0.0000	</row0>
						<row1>	0.0000 1.0000 0.0000 0.0000	</row1>
						<row2>	-0.2966 0.0000 -0.9550 0.0000	</row2>
						<row3>	-0.1014 0.4533 2.6950 1.0000	</row3>
					</transform>
				</node>
				<node>
					<identifier>	MP_CM052_Fender	</identifier>
					<transform>
						<row0>	-0.5675 0.0000 0.8233 0.0000	</row0>
						<row1>	0.0000 1.0000 0.0000 0.0000	</row1>
						<row2>	-0.8233 0.0000 -0.5675 0.0000	</row2>
						<row3>	-0.3453 0.4575 2.8234 1.0000	</row3>
					</transform>
				</node>
				<node>
					<identifier>	MP_CM052_Fender_INDEX_1	</identifier>
					<transform>
						<row0>	-0.5675 0.0000 -0.8233 0.0000	</row0>
						<row1>	0.0000 1.0000 0.0000 0.0000	</row1>
						<row2>	0.8233 0.0000 -0.5675 0.0000	</row2>
						<row3>	0.3453 0.4575 2.8234 1.0000	</row3>
					</transform>
				</node>
				<node>
					<identifier>	MP_ZM032_Paravane	</identifier>
					<transform>
						<row0>	-0.8192 0.0070 0.5735 0.0000	</row0>
						<row1>	0.0014 0.9999 -0.0102 0.0000	</row1>
						<row2>	-0.5736 -0.0076 -0.8191 0.0000	</row2>
						<row3>	0.2304 0.4644 3.5184 1.0000	</row3>
					</transform>
				</node>
				<node>
					<identifier>	MP_ZM032_Paravane_INDEX_1	</identifier>
					<transform>
						<row0>	-0.8192 -0.0070 -0.5735 0.0000	</row0>
						<row1>	-0.0014 0.9999 -0.0102 0.0000	</row1>
						<row2>	0.5736 -0.0076 -0.8191 0.0000	</row2>
						<row3>	-0.2304 0.4644 3.5184 1.0000	</row3>
					</transform>
				</node>
				<node>
					<identifier>	MP_ZM536_Cutter_9m	</identifier>
					<transform>
						<row0>	0.9146 -0.0053 -0.4044 0.0000	</row0>
						<row1>	0.0000 0.9999 -0.0130 0.0000	</row1>
						<row2>	0.4044 0.0119 0.9145 0.0000	</row2>
						<row3>	-0.4963 0.4844 3.2484 1.0000	</row3>
					</transform>
				</node>
				<node>
					<identifier>	MP_ZM536_Cutter_9m_INDEX_1	</identifier>
					<transform>
						<row0>	0.9146 0.0053 0.4044 0.0000	</row0>
						<row1>	0.0000 0.9999 -0.0130 0.0000	</row1>
						<row2>	-0.4044 0.0119 0.9145 0.0000	</row2>
						<row3>	0.4963 0.4844 3.2484 1.0000	</row3>
					</transform>
				</node>
				<node>
					<identifier>	MP_ZM708_AmmoBox	</identifier>
					<transform>
						<row0>	-0.0216 0.0000 0.9998 0.0000	</row0>
						<row1>	0.0000 1.0000 0.0000 0.0000	</row1>
						<row2>	-0.9998 0.0000 -0.0216 0.0000	</row2>
						<row3>	0.3928 0.4523 2.7299 1.0000	</row3>
					</transform>
				</node>
				<node>
					<identifier>	MP_ZM708_AmmoBox_INDEX_1	</identifier>
					<transform>
						<row0>	-0.0216 0.0000 -0.9998 0.0000	</row0>
						<row1>	0.0000 1.0000 0.0000 0.0000	</row1>
						<row2>	0.9998 0.0000 -0.0216 0.0000	</row2>
						<row3>	-0.3928 0.4523 2.7299 1.0000	</row3>
					</transform>
				</node>
				<node>
					<identifier>	MP_ZM989_Electric_Deck_Winch	</identifier>
					<transform>
						<row0>	-0.7071 0.0000 0.7071 0.0000	</row0>
						<row1>	0.0000 1.0000 0.0000 0.0000	</row1>
						<row2>	-0.7071 0.0000 -0.7071 0.0000	</row2>
						<row3>	-0.6472 0.4396 2.0427 1.0000	</row3>
					</transform>
				</node>
				<node>
					<identifier>	SP_YMS011_YHWL_M_1_INDEX_1	</identifier>
					<transform>
						<row0>	0.9621 0.2435 -0.1230 0.0000	</row0>
						<row1>	-0.2415 0.9699 0.0308 0.0000	</row1>
						<row2>	0.1268 0.0000 0.9919 0.0000	</row2>
						<row3>	-1.0586 0.0100 2.4516 1.0000	</row3>
					</transform>
				</node>
				<node>
					<identifier>	SP_YMS011_YHWL_M_1_INDEX_8	</identifier>
					<transform>
						<row0>	0.9575 0.2414 -0.1580 0.0000	</row0>
						<row1>	-0.2381 0.9704 0.0399 0.0000	</row1>
						<row2>	0.1630 -0.0006 0.9866 0.0000	</row2>
						<row3>	-0.9369 0.0092 3.2864 1.0000	</row3>
					</transform>
				</node>
				<node>
					<identifier>	SP_YMS012_YHWR_M_1_INDEX_17	</identifier>
					<transform>
						<row0>	0.9621 -0.2435 0.1230 0.0000	</row0>
						<row1>	0.2415 0.9699 0.0308 0.0000	</row1>
						<row2>	-0.1268 0.0000 0.9919 0.0000	</row2>
						<row3>	1.0586 0.0100 2.4516 1.0000	</row3>
					</transform>
				</node>
				<node>
					<identifier>	SP_YMS012_YHWR_M_1_INDEX_2	</identifier>
					<transform>
						<row0>	0.9575 -0.2414 0.1580 0.0000	</row0>
						<row1>	0.2381 0.9704 0.0399 0.0000	</row1>
						<row2>	-0.1630 -0.0006 0.9866 0.0000	</row2>
						<row3>	0.9369 0.0092 3.2864 1.0000	</row3>
					</transform>
				</node>
				<node>
					<identifier>	SP_YMS022_YHUS_L_1_INDEX_1	</identifier>
					<transform>
						<row0>	-0.2967 0.0018 1.6739 0.0000	</row0>
						<row1>	0.3277 1.6672 0.0563 0.0000	</row1>
						<row2>	-1.6415 0.3325 -0.2913 0.0000	</row2>
						<row3>	0.7868 -0.5889 2.9937 1.0000	</row3>
					</transform>
				</node>
				<node>
					<identifier>	SP_YMS022_YHUS_L_1_INDEX_3	</identifier>
					<transform>
						<row0>	-0.2967 -0.0018 -1.6739 0.0000	</row0>
						<row1>	-0.3277 1.6672 0.0563 0.0000	</row1>
						<row2>	1.6415 0.3325 -0.2913 0.0000	</row2>
						<row3>	-0.7868 -0.5889 2.9937 1.0000	</row3>
					</transform>
				</node>
				<node>
					<identifier>	SP_YMS041_YHCS_M_1	</identifier>
					<transform>
						<row0>	-0.8709 -0.0032 -0.3901 0.0000	</row0>
						<row1>	-0.0035 0.9543 0.0000 0.0000	</row1>
						<row2>	0.3901 0.0015 -0.8710 0.0000	</row2>
						<row3>	0.4966 0.5268 3.2490 1.0000	</row3>
					</transform>
				</node>
				<node>
					<identifier>	SP_YMS041_YHCS_M_1_INDEX_1	</identifier>
					<transform>
						<row0>	-0.8709 0.0032 0.3901 0.0000	</row0>
						<row1>	0.0035 0.9543 0.0000 0.0000	</row1>
						<row2>	-0.3901 0.0015 -0.8710 0.0000	</row2>
						<row3>	-0.4966 0.5268 3.2490 1.0000	</row3>
					</transform>
				</node>
				<node>
					<identifier>	SP_YMS053_YHDC_S_1	</identifier>
					<transform>
						<row0>	1.0000 0.0000 0.0000 0.0000	</row0>
						<row1>	0.0000 0.9998 -0.0187 0.0000	</row1>
						<row2>	0.0000 0.0187 0.9998 0.0000	</row2>
						<row3>	0.8798 0.4746 2.9318 1.0000	</row3>
					</transform>
				</node>
				<node>
					<identifier>	SP_YMS053_YHDC_S_1_INDEX_1	</identifier>
					<transform>
						<row0>	1.0000 0.0000 0.0000 0.0000	</row0>
						<row1>	0.0000 0.9998 -0.0187 0.0000	</row1>
						<row2>	0.0000 0.0187 0.9998 0.0000	</row2>
						<row3>	-0.8798 0.4746 2.9318 1.0000	</row3>
					</transform>
				</node>
				<node>
					<identifier>	SP_YMS072_YHHC_M_1	</identifier>
					<transform>
						<row0>	-0.1205 0.0002 0.9927 0.0000	</row0>
						<row1>	0.2380 0.9708 0.0287 0.0000	</row1>
						<row2>	-0.9638 0.2397 -0.1170 0.0000	</row2>
						<row3>	1.0826 0.1609 2.4521 1.0000	</row3>
					</transform>
				</node>
				<node>
					<identifier>	SP_YMS072_YHHC_M_1_INDEX_1	</identifier>
					<transform>
						<row0>	-0.1546 -0.0009 0.9880 0.0000	</row0>
						<row1>	0.2319 0.9720 0.0372 0.0000	</row1>
						<row2>	-0.9604 0.2349 -0.1501 0.0000	</row2>
						<row3>	0.9924 0.1641 3.0898 1.0000	</row3>
					</transform>
				</node>
				<node>
					<identifier>	SP_YMS072_YHHC_M_1_INDEX_6	</identifier>
					<transform>
						<row0>	-0.1205 -0.0002 -0.9927 0.0000	</row0>
						<row1>	-0.2380 0.9708 0.0287 0.0000	</row1>
						<row2>	0.9638 0.2397 -0.1170 0.0000	</row2>
						<row3>	-1.0826 0.1609 2.4521 1.0000	</row3>
					</transform>
				</node>
				<node>
					<identifier>	SP_YMS072_YHHC_M_1_INDEX_7	</identifier>
					<transform>
						<row0>	-0.1546 0.0009 -0.9880 0.0000	</row0>
						<row1>	-0.2319 0.9720 0.0372 0.0000	</row1>
						<row2>	0.9604 0.2349 -0.1501 0.0000	</row2>
						<row3>	-0.9924 0.1641 3.0898 1.0000	</row3>
					</transform>
				</node>
			</node>
		</node>
	</skeleton>
	<properties>
		<underwaterModel>	false	</underwaterModel>
		<abovewaterModel>	true	</abovewaterModel>
	</properties>
	<boundingBox>
		<min>	-0.0667 -0.0667 -0.0667	</min>
		<max>	0.0667 0.0667 0.0667	</max>
	</boundingBox>
	<renderSets />
	<lods>
		<lod>
			<extent>	200.0000	</extent>
			<castsShadow>	true	</castsShadow>
			<renderSets />
		</lod>
	</lods>
</ZSB301_Taihang_1956_MidFront_ports.visual>
