<RSS008_L_20_1942_MidFront_ports.visual>
	<skeleton>
		<node>
			<identifier>	Scene Root	</identifier>
			<transform>
				<row0>	1.0000 0.0000 0.0000 0.0000	</row0>
				<row1>	0.0000 1.0000 0.0000 0.0000	</row1>
				<row2>	0.0000 0.0000 1.0000 0.0000	</row2>
				<row3>	0.0000 0.0000 0.0000 1.0000	</row3>
			</transform>
			<node>
				<identifier>	MidFront_ports	</identifier>
				<transform>
					<row0>	1.0000 0.0000 0.0000 0.0000	</row0>
					<row1>	0.0000 1.0000 0.0000 0.0000	</row1>
					<row2>	0.0000 0.0000 1.0000 0.0000	</row2>
					<row3>	0.0000 0.0000 0.0000 1.0000	</row3>
				</transform>
				<node>
					<identifier>	HP_FX_Death_1	</identifier>
					<transform>
						<row0>	1.0000 0.0000 0.0000 0.0000	</row0>
						<row1>	0.0000 1.0000 0.0000 0.0000	</row1>
						<row2>	0.0000 0.0000 1.0000 0.0000	</row2>
						<row3>	0.0000 0.0000 1.5264 1.0000	</row3>
					</transform>
				</node>
				<node>
					<identifier>	HP_FX_Descent_1	</identifier>
					<transform>
						<row0>	-0.3360 -0.9419 0.0000 0.0000	</row0>
						<row1>	0.9419 -0.3360 0.0000 0.0000	</row1>
						<row2>	0.0000 0.0000 1.0000 0.0000	</row2>
						<row3>	0.1809 -0.1538 1.1951 1.0000	</row3>
					</transform>
				</node>
				<node>
					<identifier>	HP_FX_Descent_3	</identifier>
					<transform>
						<row0>	-0.7653 -0.6437 0.0000 0.0000	</row0>
						<row1>	-0.6437 0.7653 0.0000 0.0000	</row1>
						<row2>	0.0000 0.0000 -1.0000 0.0000	</row2>
						<row3>	-0.1330 0.0580 1.1379 1.0000	</row3>
					</transform>
				</node>
				<node>
					<identifier>	HP_FX_Fire_1	</identifier>
					<transform>
						<row0>	1.0000 0.0000 0.0000 0.0000	</row0>
						<row1>	0.0000 1.0000 0.0000 0.0000	</row1>
						<row2>	0.0000 0.0000 1.0000 0.0000	</row2>
						<row3>	0.0000 0.2559 0.3567 1.0000	</row3>
					</transform>
				</node>
				<node>
					<identifier>	HP_FX_Fire_2	</identifier>
					<transform>
						<row0>	1.0000 0.0000 0.0000 0.0000	</row0>
						<row1>	0.0000 1.0000 0.0000 0.0000	</row1>
						<row2>	0.0000 0.0000 1.0000 0.0000	</row2>
						<row3>	0.0000 0.2423 0.1911 1.0000	</row3>
					</transform>
				</node>
				<node>
					<identifier>	HP_FX_FloodLight_left_1	</identifier>
					<transform>
						<row0>	-1.0000 0.0000 0.0000 0.0000	</row0>
						<row1>	0.0000 1.0000 0.0000 0.0000	</row1>
						<row2>	0.0000 0.0000 -1.0000 0.0000	</row2>
						<row3>	-0.0820 0.2262 0.3115 1.0000	</row3>
					</transform>
				</node>
				<node>
					<identifier>	HP_FX_FloodLight_right_1	</identifier>
					<transform>
						<row0>	1.0000 0.0000 0.0000 0.0000	</row0>
						<row1>	0.0000 1.0000 0.0000 0.0000	</row1>
						<row2>	0.0000 0.0000 1.0000 0.0000	</row2>
						<row3>	0.0839 0.2005 0.3505 1.0000	</row3>
					</transform>
				</node>
				<node>
					<identifier>	HP_FX_Flood_water_left_2	</identifier>
					<transform>
						<row0>	-1.0000 0.0000 0.0000 0.0000	</row0>
						<row1>	0.0000 1.0000 0.0000 0.0000	</row1>
						<row2>	0.0000 0.0000 -1.0000 0.0000	</row2>
						<row3>	-0.1312 0.0532 1.1392 1.0000	</row3>
					</transform>
				</node>
				<node>
					<identifier>	HP_FX_Flood_water_right_2	</identifier>
					<transform>
						<row0>	1.0000 0.0000 0.0000 0.0000	</row0>
						<row1>	0.0000 1.0000 0.0000 0.0000	</row1>
						<row2>	0.0000 0.0000 1.0000 0.0000	</row2>
						<row3>	0.1248 0.0574 1.3702 1.0000	</row3>
					</transform>
				</node>
				<node>
					<identifier>	HP_FX_Runoff_deluge_left	</identifier>
					<transform>
						<row0>	-0.9989 0.0000 0.0469 0.0000	</row0>
						<row1>	0.0000 1.0000 0.0000 0.0000	</row1>
						<row2>	-0.0469 0.0000 -0.9989 0.0000	</row2>
						<row3>	-0.1510 0.0161 1.4387 1.0000	</row3>
					</transform>
				</node>
				<node>
					<identifier>	HP_FX_Runoff_deluge_left_1	</identifier>
					<transform>
						<row0>	-0.9989 0.0000 0.0469 0.0000	</row0>
						<row1>	0.0000 1.0000 0.0000 0.0000	</row1>
						<row2>	-0.0469 0.0000 -0.9989 0.0000	</row2>
						<row3>	-0.1645 0.0200 1.2100 1.0000	</row3>
					</transform>
				</node>
				<node>
					<identifier>	HP_FX_Runoff_deluge_left_2	</identifier>
					<transform>
						<row0>	-0.9989 0.0000 0.0469 0.0000	</row0>
						<row1>	0.0000 1.0000 0.0000 0.0000	</row1>
						<row2>	-0.0469 0.0000 -0.9989 0.0000	</row2>
						<row3>	-0.1674 0.0212 1.0374 1.0000	</row3>
					</transform>
				</node>
				<node>
					<identifier>	HP_FX_Runoff_deluge_left_3	</identifier>
					<transform>
						<row0>	-0.9999 0.0000 -0.0153 0.0000	</row0>
						<row1>	0.0000 1.0000 0.0000 0.0000	</row1>
						<row2>	0.0153 0.0000 -0.9999 0.0000	</row2>
						<row3>	-0.1675 0.0274 0.8380 1.0000	</row3>
					</transform>
				</node>
				<node>
					<identifier>	HP_FX_Runoff_deluge_left_4	</identifier>
					<transform>
						<row0>	-0.9994 0.0009 -0.0341 0.0000	</row0>
						<row1>	-0.0012 0.9981 0.0609 0.0000	</row1>
						<row2>	0.0341 0.0610 -0.9976 0.0000	</row2>
						<row3>	-0.1730 0.0241 0.6370 1.0000	</row3>
					</transform>
				</node>
				<node>
					<identifier>	HP_FX_Runoff_deluge_right	</identifier>
					<transform>
						<row0>	0.9989 0.0000 -0.0471 0.0000	</row0>
						<row1>	0.0000 1.0000 0.0000 0.0000	</row1>
						<row2>	0.0471 0.0000 0.9989 0.0000	</row2>
						<row3>	0.1509 0.0160 1.4383 1.0000	</row3>
					</transform>
				</node>
				<node>
					<identifier>	HP_FX_Runoff_deluge_right_1	</identifier>
					<transform>
						<row0>	0.9989 0.0000 0.0471 0.0000	</row0>
						<row1>	0.0000 1.0000 0.0000 0.0000	</row1>
						<row2>	-0.0471 0.0000 0.9989 0.0000	</row2>
						<row3>	0.1649 0.0200 1.2104 1.0000	</row3>
					</transform>
				</node>
				<node>
					<identifier>	HP_FX_Runoff_deluge_right_2	</identifier>
					<transform>
						<row0>	0.9989 0.0000 0.0471 0.0000	</row0>
						<row1>	0.0000 1.0000 0.0000 0.0000	</row1>
						<row2>	-0.0471 0.0000 0.9989 0.0000	</row2>
						<row3>	0.1669 0.0210 1.0375 1.0000	</row3>
					</transform>
				</node>
				<node>
					<identifier>	HP_FX_Runoff_deluge_right_3	</identifier>
					<transform>
						<row0>	0.9999 0.0000 -0.0157 0.0000	</row0>
						<row1>	0.0000 1.0000 0.0000 0.0000	</row1>
						<row2>	0.0157 0.0000 0.9999 0.0000	</row2>
						<row3>	0.1679 0.0270 0.8376 1.0000	</row3>
					</transform>
				</node>
				<node>
					<identifier>	HP_FX_Runoff_deluge_right_4	</identifier>
					<transform>
						<row0>	0.9994 0.0010 -0.0350 0.0000	</row0>
						<row1>	-0.0031 0.9981 -0.0609 0.0000	</row1>
						<row2>	0.0348 0.0609 0.9975 0.0000	</row2>
						<row3>	0.1729 0.0240 0.6367 1.0000	</row3>
					</transform>
				</node>
				<node>
					<identifier>	HP_FX_Runoff_left	</identifier>
					<transform>
						<row0>	-0.7188 0.6952 0.0094 0.0000	</row0>
						<row1>	0.6948 0.7188 -0.0223 0.0000	</row1>
						<row2>	-0.0222 -0.0095 -0.9997 0.0000	</row2>
						<row3>	-0.0850 0.1050 1.3898 1.0000	</row3>
					</transform>
				</node>
				<node>
					<identifier>	HP_FX_Runoff_left_1	</identifier>
					<transform>
						<row0>	-0.6992 0.7149 0.0083 0.0000	</row0>
						<row1>	0.7148 0.6993 -0.0085 0.0000	</row1>
						<row2>	-0.0119 0.0000 -0.9999 0.0000	</row2>
						<row3>	-0.0990 0.0970 0.3808 1.0000	</row3>
					</transform>
				</node>
				<node>
					<identifier>	HP_FX_Runoff_right	</identifier>
					<transform>
						<row0>	0.7188 0.6952 0.0094 0.0000	</row0>
						<row1>	-0.6949 0.7188 -0.0223 0.0000	</row1>
						<row2>	-0.0223 0.0095 0.9997 0.0000	</row2>
						<row3>	0.0850 0.1049 1.3903 1.0000	</row3>
					</transform>
				</node>
				<node>
					<identifier>	HP_FX_Runoff_right_1	</identifier>
					<transform>
						<row0>	0.6992 0.7149 0.0085 0.0000	</row0>
						<row1>	-0.7148 0.6993 -0.0087 0.0000	</row1>
						<row2>	-0.0122 0.0000 0.9999 0.0000	</row2>
						<row3>	0.0990 0.0970 0.3808 1.0000	</row3>
					</transform>
				</node>
				<node>
					<identifier>	HP_FX_Runoff_tower_left_2	</identifier>
					<transform>
						<row0>	-0.9884 0.0787 0.1295 0.0000	</row0>
						<row1>	0.0780 0.9969 -0.0099 0.0000	</row1>
						<row2>	-0.1299 0.0003 -0.9914 0.0000	</row2>
						<row3>	-0.0690 0.3594 0.5279 1.0000	</row3>
					</transform>
				</node>
				<node>
					<identifier>	HP_FX_Runoff_tower_right_2	</identifier>
					<transform>
						<row0>	-0.9885 0.0787 -0.1295 0.0000	</row0>
						<row1>	0.0780 0.9969 0.0106 0.0000	</row1>
						<row2>	0.1299 0.0003 -0.9915 0.0000	</row2>
						<row3>	0.0690 0.3598 0.5277 1.0000	</row3>
					</transform>
				</node>
				<node>
					<identifier>	HP_FX_Runoff_up_left	</identifier>
					<transform>
						<row0>	-0.9999 0.0018 -0.0036 0.0000	</row0>
						<row1>	0.0018 1.0001 -0.0034 0.0000	</row1>
						<row2>	0.0036 -0.0034 -1.0000 0.0000	</row2>
						<row3>	-0.0703 0.1098 1.5378 1.0000	</row3>
					</transform>
				</node>
				<node>
					<identifier>	HP_FX_Runoff_up_right	</identifier>
					<transform>
						<row0>	1.0000 0.0017 -0.0035 0.0000	</row0>
						<row1>	-0.0017 1.0000 -0.0034 0.0000	</row1>
						<row2>	0.0035 0.0034 1.0000 0.0000	</row2>
						<row3>	0.0700 0.1099 1.5382 1.0000	</row3>
					</transform>
				</node>
				<node>
					<identifier>	HP_FX_WakeTrace_periscope	</identifier>
					<transform>
						<row0>	1.0000 0.0000 0.0000 0.0000	</row0>
						<row1>	0.0000 1.0000 0.0000 0.0000	</row1>
						<row2>	0.0000 0.0000 1.0000 0.0000	</row2>
						<row3>	0.0000 0.4535 0.4574 1.0000	</row3>
					</transform>
				</node>
				<node>
					<identifier>	HP_FX_WakeTrace_tower	</identifier>
					<transform>
						<row0>	1.0000 0.0000 0.0000 0.0000	</row0>
						<row1>	0.0000 1.0000 0.0000 0.0000	</row1>
						<row2>	0.0000 0.0000 1.0000 0.0000	</row2>
						<row3>	-0.0016 0.1091 0.6353 1.0000	</row3>
					</transform>
				</node>
				<node>
					<identifier>	HP_flag_1	</identifier>
					<transform>
						<row0>	0.9997 -0.0227 -0.0024 0.0000	</row0>
						<row1>	0.0227 0.9780 0.2073 0.0000	</row1>
						<row2>	-0.0024 -0.2073 0.9783 0.0000	</row2>
						<row3>	0.0288 0.6830 0.4093 1.0000	</row3>
					</transform>
				</node>
				<node>
					<identifier>	HP_flag_2	</identifier>
					<transform>
						<row0>	0.9997 0.0227 0.0024 0.0000	</row0>
						<row1>	-0.0227 0.9780 0.2073 0.0000	</row1>
						<row2>	0.0024 -0.2073 0.9783 0.0000	</row2>
						<row3>	-0.0277 0.6830 0.4093 1.0000	</row3>
					</transform>
				</node>
				<node>
					<identifier>	HP_flag_3	</identifier>
					<transform>
						<row0>	0.9997 0.0242 0.0021 0.0000	</row0>
						<row1>	-0.0242 0.9843 0.1749 0.0000	</row1>
						<row2>	0.0021 -0.1749 0.9846 0.0000	</row2>
						<row3>	0.0119 0.6830 0.4093 1.0000	</row3>
					</transform>
				</node>
				<node>
					<identifier>	HP_flag_4	</identifier>
					<transform>
						<row0>	0.9997 -0.0242 -0.0021 0.0000	</row0>
						<row1>	0.0242 0.9843 0.1749 0.0000	</row1>
						<row2>	-0.0021 -0.1749 0.9846 0.0000	</row2>
						<row3>	-0.0108 0.6829 0.4093 1.0000	</row3>
					</transform>
				</node>
				<node>
					<identifier>	HP_flag_courtesy	</identifier>
					<transform>
						<row0>	0.9960 -0.0889 -0.0110 0.0000	</row0>
						<row1>	0.0889 0.9660 0.2428 0.0000	</row1>
						<row2>	-0.0110 -0.2428 0.9700 0.0000	</row2>
						<row3>	0.0462 0.6779 0.4080 1.0000	</row3>
					</transform>
				</node>
				<node>
					<identifier>	HP_flag_house	</identifier>
					<transform>
						<row0>	0.9960 0.0889 0.0110 0.0000	</row0>
						<row1>	-0.0889 0.9660 0.2428 0.0000	</row1>
						<row2>	0.0110 -0.2428 0.9700 0.0000	</row2>
						<row3>	-0.0462 0.6779 0.4080 1.0000	</row3>
					</transform>
				</node>
				<node>
					<identifier>	HP_flag_rank	</identifier>
					<transform>
						<row0>	1.0000 0.0000 0.0000 0.0000	</row0>
						<row1>	0.0000 1.0000 0.0023 0.0000	</row1>
						<row2>	0.0000 -0.0023 1.0000 0.0000	</row2>
						<row3>	0.0000 0.6799 0.4028 1.0000	</row3>
					</transform>
				</node>
				<node>
					<identifier>	MP_RM028_Signal_Lamp	</identifier>
					<transform>
						<row0>	0.7350 0.0000 0.0000 0.0000	</row0>
						<row1>	0.0000 0.7350 0.0000 0.0000	</row1>
						<row2>	0.0000 0.0000 0.7350 0.0000	</row2>
						<row3>	0.0000 0.3884 0.3540 1.0000	</row3>
					</transform>
				</node>
				<node>
					<identifier>	MP_RM199_Running_Lights_F	</identifier>
					<transform>
						<row0>	0.8441 0.0000 0.0000 0.0000	</row0>
						<row1>	0.0000 0.8441 0.0000 0.0000	</row1>
						<row2>	0.0000 0.0000 0.8441 0.0000	</row2>
						<row3>	0.0000 0.4143 0.4758 1.0000	</row3>
					</transform>
				</node>
				<node>
					<identifier>	MP_RM230_Hatch	</identifier>
					<transform>
						<row0>	1.0667 0.0000 0.0000 0.0000	</row0>
						<row1>	0.0000 1.0667 0.0000 0.0000	</row1>
						<row2>	0.0000 0.0000 1.0667 0.0000	</row2>
						<row3>	0.0000 0.2290 0.2902 1.0000	</row3>
					</transform>
				</node>
			</node>
		</node>
	</skeleton>
	<properties>
		<underwaterModel>	false	</underwaterModel>
		<abovewaterModel>	true	</abovewaterModel>
	</properties>
	<boundingBox>
		<min>	-0.0667 -0.0667 -0.0667	</min>
		<max>	0.0667 0.0667 0.0667	</max>
	</boundingBox>
	<renderSets />
	<lods>
		<lod>
			<extent>	200.0000	</extent>
			<castsShadow>	true	</castsShadow>
			<renderSets />
		</lod>
	</lods>
</RSS008_L_20_1942_MidFront_ports.visual>
