<RSS008_L_20_1942_MidBack_ports.visual>
	<skeleton>
		<node>
			<identifier>	Scene Root	</identifier>
			<transform>
				<row0>	1.0000 0.0000 0.0000 0.0000	</row0>
				<row1>	0.0000 1.0000 0.0000 0.0000	</row1>
				<row2>	0.0000 0.0000 1.0000 0.0000	</row2>
				<row3>	0.0000 0.0000 0.0000 1.0000	</row3>
			</transform>
			<node>
				<identifier>	MidBack_ports	</identifier>
				<transform>
					<row0>	1.0000 0.0000 0.0000 0.0000	</row0>
					<row1>	0.0000 1.0000 0.0000 0.0000	</row1>
					<row2>	0.0000 0.0000 1.0000 0.0000	</row2>
					<row3>	0.0000 0.0000 0.0000 1.0000	</row3>
				</transform>
				<node>
					<identifier>	HP_FX_Death_2	</identifier>
					<transform>
						<row0>	1.0000 0.0000 0.0000 0.0000	</row0>
						<row1>	0.0000 1.0000 0.0000 0.0000	</row1>
						<row2>	0.0000 0.0000 1.0000 0.0000	</row2>
						<row3>	0.0000 0.0000 -0.0317 1.0000	</row3>
					</transform>
				</node>
				<node>
					<identifier>	HP_FX_Death_3	</identifier>
					<transform>
						<row0>	1.0000 0.0000 0.0000 0.0000	</row0>
						<row1>	0.0000 1.0000 0.0000 0.0000	</row1>
						<row2>	0.0000 0.0000 1.0000 0.0000	</row2>
						<row3>	0.0000 0.0000 -1.7190 1.0000	</row3>
					</transform>
				</node>
				<node>
					<identifier>	HP_FX_Descent_2	</identifier>
					<transform>
						<row0>	-0.2771 -0.9608 0.0000 0.0000	</row0>
						<row1>	0.9608 -0.2771 0.0000 0.0000	</row1>
						<row2>	0.0000 0.0000 1.0000 0.0000	</row2>
						<row3>	0.1786 -0.1218 -1.2741 1.0000	</row3>
					</transform>
				</node>
				<node>
					<identifier>	HP_FX_Descent_4	</identifier>
					<transform>
						<row0>	0.6627 -0.7489 0.0000 0.0000	</row0>
						<row1>	-0.7489 -0.6627 0.0000 0.0000	</row1>
						<row2>	0.0000 0.0000 -1.0000 0.0000	</row2>
						<row3>	-0.1343 -0.1112 -1.7307 1.0000	</row3>
					</transform>
				</node>
				<node>
					<identifier>	HP_FX_Flood_steam_1	</identifier>
					<transform>
						<row0>	0.7518 -0.6594 0.0000 0.0000	</row0>
						<row1>	0.6594 0.7518 0.0000 0.0000	</row1>
						<row2>	0.0000 0.0000 1.0000 0.0000	</row2>
						<row3>	0.1380 0.0568 -0.8308 1.0000	</row3>
					</transform>
				</node>
				<node>
					<identifier>	HP_FX_Flood_steam_2	</identifier>
					<transform>
						<row0>	0.5767 0.8169 0.0000 0.0000	</row0>
						<row1>	-0.8169 0.5767 0.0000 0.0000	</row1>
						<row2>	0.0000 0.0000 1.0000 0.0000	</row2>
						<row3>	-0.1322 0.0580 -1.2285 1.0000	</row3>
					</transform>
				</node>
				<node>
					<identifier>	HP_FX_Flood_water_left	</identifier>
					<transform>
						<row0>	-1.0000 0.0000 0.0000 0.0000	</row0>
						<row1>	0.0000 1.0000 0.0000 0.0000	</row1>
						<row2>	0.0000 0.0000 -1.0000 0.0000	</row2>
						<row3>	-0.1077 0.0560 -2.1098 1.0000	</row3>
					</transform>
				</node>
				<node>
					<identifier>	HP_FX_Flood_water_right	</identifier>
					<transform>
						<row0>	1.0000 0.0000 0.0000 0.0000	</row0>
						<row1>	0.0000 1.0000 0.0000 0.0000	</row1>
						<row2>	0.0000 0.0000 1.0000 0.0000	</row2>
						<row3>	0.1280 0.0556 -1.0299 1.0000	</row3>
					</transform>
				</node>
				<node>
					<identifier>	HP_FX_Oil	</identifier>
					<transform>
						<row0>	0.5817 -0.8134 0.0000 0.0000	</row0>
						<row1>	0.8134 0.5817 0.0000 0.0000	</row1>
						<row2>	0.0000 0.0000 1.0000 0.0000	</row2>
						<row3>	0.1024 0.0522 -2.0950 1.0000	</row3>
					</transform>
				</node>
				<node>
					<identifier>	HP_FX_Runoff_deluge_left_10	</identifier>
					<transform>
						<row0>	-1.0000 0.0008 -0.0009 0.0000	</row0>
						<row1>	0.0009 0.9991 -0.0435 0.0000	</row1>
						<row2>	0.0009 -0.0435 -0.9991 0.0000	</row2>
						<row3>	-0.1728 0.0227 -0.9282 1.0000	</row3>
					</transform>
				</node>
				<node>
					<identifier>	HP_FX_Runoff_deluge_left_11	</identifier>
					<transform>
						<row0>	-1.0000 0.0008 -0.0009 0.0000	</row0>
						<row1>	0.0009 0.9991 -0.0435 0.0000	</row1>
						<row2>	0.0009 -0.0435 -0.9991 0.0000	</row2>
						<row3>	-0.1712 0.0170 -1.0953 1.0000	</row3>
					</transform>
				</node>
				<node>
					<identifier>	HP_FX_Runoff_deluge_left_12	</identifier>
					<transform>
						<row0>	-1.0000 0.0008 -0.0009 0.0000	</row0>
						<row1>	0.0009 0.9991 -0.0435 0.0000	</row1>
						<row2>	0.0009 -0.0435 -0.9991 0.0000	</row2>
						<row3>	-0.1630 0.0139 -1.3280 1.0000	</row3>
					</transform>
				</node>
				<node>
					<identifier>	HP_FX_Runoff_deluge_left_13	</identifier>
					<transform>
						<row0>	-1.0000 0.0008 -0.0009 0.0000	</row0>
						<row1>	0.0009 0.9991 -0.0435 0.0000	</row1>
						<row2>	0.0009 -0.0435 -0.9991 0.0000	</row2>
						<row3>	-0.1604 0.0105 -1.5278 1.0000	</row3>
					</transform>
				</node>
				<node>
					<identifier>	HP_FX_Runoff_deluge_left_14	</identifier>
					<transform>
						<row0>	-0.9988 0.0008 -0.0495 0.0000	</row0>
						<row1>	0.0030 0.9991 -0.0434 0.0000	</row1>
						<row2>	0.0494 -0.0435 -0.9978 0.0000	</row2>
						<row3>	-0.1546 0.0099 -1.7282 1.0000	</row3>
					</transform>
				</node>
				<node>
					<identifier>	HP_FX_Runoff_deluge_left_15	</identifier>
					<transform>
						<row0>	-0.9988 0.0008 -0.0495 0.0000	</row0>
						<row1>	0.0030 0.9991 -0.0434 0.0000	</row1>
						<row2>	0.0494 -0.0435 -0.9978 0.0000	</row2>
						<row3>	-0.1487 0.0075 -1.8957 1.0000	</row3>
					</transform>
				</node>
				<node>
					<identifier>	HP_FX_Runoff_deluge_left_16	</identifier>
					<transform>
						<row0>	-0.9988 0.0008 -0.0495 0.0000	</row0>
						<row1>	0.0030 0.9991 -0.0434 0.0000	</row1>
						<row2>	0.0494 -0.0435 -0.9978 0.0000	</row2>
						<row3>	-0.1371 0.0035 -2.1268 1.0000	</row3>
					</transform>
				</node>
				<node>
					<identifier>	HP_FX_Runoff_deluge_left_5	</identifier>
					<transform>
						<row0>	-1.0000 0.0009 -0.0008 0.0000	</row0>
						<row1>	0.0009 0.9981 0.0610 0.0000	</row1>
						<row2>	0.0009 0.0610 -0.9982 0.0000	</row2>
						<row3>	-0.1442 0.0536 -0.2288 1.0000	</row3>
					</transform>
				</node>
				<node>
					<identifier>	HP_FX_Runoff_deluge_left_6	</identifier>
					<transform>
						<row0>	-1.0000 0.0009 -0.0008 0.0000	</row0>
						<row1>	0.0009 0.9981 0.0610 0.0000	</row1>
						<row2>	0.0009 0.0610 -0.9982 0.0000	</row2>
						<row3>	-0.1446 0.0536 -0.3924 1.0000	</row3>
					</transform>
				</node>
				<node>
					<identifier>	HP_FX_Runoff_deluge_left_7	</identifier>
					<transform>
						<row0>	-1.0000 0.0009 -0.0008 0.0000	</row0>
						<row1>	0.0009 0.9981 0.0610 0.0000	</row1>
						<row2>	0.0009 0.0610 -0.9982 0.0000	</row2>
						<row3>	-0.1419 0.0514 -0.5272 1.0000	</row3>
					</transform>
				</node>
				<node>
					<identifier>	HP_FX_Runoff_deluge_left_8	</identifier>
					<transform>
						<row0>	-1.0000 0.0009 -0.0008 0.0000	</row0>
						<row1>	0.0009 0.9981 0.0610 0.0000	</row1>
						<row2>	0.0009 0.0610 -0.9982 0.0000	</row2>
						<row3>	-0.1721 0.0266 -0.6267 1.0000	</row3>
					</transform>
				</node>
				<node>
					<identifier>	HP_FX_Runoff_deluge_left_9	</identifier>
					<transform>
						<row0>	-1.0000 0.0008 -0.0009 0.0000	</row0>
						<row1>	0.0009 0.9991 -0.0435 0.0000	</row1>
						<row2>	0.0009 -0.0435 -0.9991 0.0000	</row2>
						<row3>	-0.1747 0.0280 -0.7605 1.0000	</row3>
					</transform>
				</node>
				<node>
					<identifier>	HP_FX_Runoff_deluge_right_10	</identifier>
					<transform>
						<row0>	1.0000 0.0008 -0.0008 0.0000	</row0>
						<row1>	-0.0007 0.9991 0.0435 0.0000	</row1>
						<row2>	0.0009 -0.0435 0.9991 0.0000	</row2>
						<row3>	0.1729 0.0230 -0.9285 1.0000	</row3>
					</transform>
				</node>
				<node>
					<identifier>	HP_FX_Runoff_deluge_right_11	</identifier>
					<transform>
						<row0>	1.0000 0.0008 -0.0008 0.0000	</row0>
						<row1>	-0.0007 0.9991 0.0435 0.0000	</row1>
						<row2>	0.0009 -0.0435 0.9991 0.0000	</row2>
						<row3>	0.1709 0.0170 -1.0955 1.0000	</row3>
					</transform>
				</node>
				<node>
					<identifier>	HP_FX_Runoff_deluge_right_12	</identifier>
					<transform>
						<row0>	1.0000 0.0008 -0.0008 0.0000	</row0>
						<row1>	-0.0007 0.9991 0.0435 0.0000	</row1>
						<row2>	0.0009 -0.0435 0.9991 0.0000	</row2>
						<row3>	0.1629 0.0140 -1.3283 1.0000	</row3>
					</transform>
				</node>
				<node>
					<identifier>	HP_FX_Runoff_deluge_right_13	</identifier>
					<transform>
						<row0>	1.0000 0.0008 -0.0008 0.0000	</row0>
						<row1>	-0.0007 0.9991 0.0435 0.0000	</row1>
						<row2>	0.0009 -0.0435 0.9991 0.0000	</row2>
						<row3>	0.1609 0.0110 -1.5282 1.0000	</row3>
					</transform>
				</node>
				<node>
					<identifier>	HP_FX_Runoff_deluge_right_14	</identifier>
					<transform>
						<row0>	0.9988 0.0007 -0.0497 0.0000	</row0>
						<row1>	0.0015 0.9991 0.0435 0.0000	</row1>
						<row2>	0.0497 -0.0435 0.9978 0.0000	</row2>
						<row3>	0.1549 0.0100 -1.7281 1.0000	</row3>
					</transform>
				</node>
				<node>
					<identifier>	HP_FX_Runoff_deluge_right_15	</identifier>
					<transform>
						<row0>	0.9988 0.0008 -0.0497 0.0000	</row0>
						<row1>	0.0013 0.9991 0.0435 0.0000	</row1>
						<row2>	0.0497 -0.0435 0.9978 0.0000	</row2>
						<row3>	0.1489 0.0070 -1.8961 1.0000	</row3>
					</transform>
				</node>
				<node>
					<identifier>	HP_FX_Runoff_deluge_right_16	</identifier>
					<transform>
						<row0>	0.9988 0.0008 -0.0497 0.0000	</row0>
						<row1>	0.0013 0.9991 0.0435 0.0000	</row1>
						<row2>	0.0497 -0.0435 0.9978 0.0000	</row2>
						<row3>	0.1369 0.0030 -2.1269 1.0000	</row3>
					</transform>
				</node>
				<node>
					<identifier>	HP_FX_Runoff_deluge_right_5	</identifier>
					<transform>
						<row0>	1.0000 0.0009 -0.0009 0.0000	</row0>
						<row1>	-0.0010 0.9981 -0.0609 0.0000	</row1>
						<row2>	0.0009 0.0609 0.9981 0.0000	</row2>
						<row3>	0.1439 0.0540 -0.2289 1.0000	</row3>
					</transform>
				</node>
				<node>
					<identifier>	HP_FX_Runoff_deluge_right_6	</identifier>
					<transform>
						<row0>	1.0000 0.0009 -0.0009 0.0000	</row0>
						<row1>	-0.0010 0.9981 -0.0609 0.0000	</row1>
						<row2>	0.0009 0.0609 0.9981 0.0000	</row2>
						<row3>	0.1449 0.0540 -0.3928 1.0000	</row3>
					</transform>
				</node>
				<node>
					<identifier>	HP_FX_Runoff_deluge_right_7	</identifier>
					<transform>
						<row0>	1.0000 0.0009 -0.0009 0.0000	</row0>
						<row1>	-0.0010 0.9981 -0.0609 0.0000	</row1>
						<row2>	0.0009 0.0609 0.9981 0.0000	</row2>
						<row3>	0.1419 0.0510 -0.5267 1.0000	</row3>
					</transform>
				</node>
				<node>
					<identifier>	HP_FX_Runoff_deluge_right_8	</identifier>
					<transform>
						<row0>	1.0000 0.0009 -0.0009 0.0000	</row0>
						<row1>	-0.0010 0.9981 -0.0609 0.0000	</row1>
						<row2>	0.0009 0.0609 0.9981 0.0000	</row2>
						<row3>	0.1719 0.0270 -0.6267 1.0000	</row3>
					</transform>
				</node>
				<node>
					<identifier>	HP_FX_Runoff_deluge_right_9	</identifier>
					<transform>
						<row0>	1.0000 0.0008 -0.0008 0.0000	</row0>
						<row1>	-0.0007 0.9991 0.0435 0.0000	</row1>
						<row2>	0.0009 -0.0435 0.9991 0.0000	</row2>
						<row3>	0.1749 0.0280 -0.7606 1.0000	</row3>
					</transform>
				</node>
				<node>
					<identifier>	HP_FX_Runoff_left_2	</identifier>
					<transform>
						<row0>	-0.7156 0.6985 0.0006 0.0000	</row0>
						<row1>	0.6984 0.7155 -0.0138 0.0000	</row1>
						<row2>	-0.0100 -0.0095 -0.9999 0.0000	</row2>
						<row3>	-0.0892 0.1025 -0.8375 1.0000	</row3>
					</transform>
				</node>
				<node>
					<identifier>	HP_FX_Runoff_right_2	</identifier>
					<transform>
						<row0>	0.7156 0.6985 0.0006 0.0000	</row0>
						<row1>	-0.6984 0.7156 -0.0139 0.0000	</row1>
						<row2>	-0.0101 0.0095 0.9999 0.0000	</row2>
						<row3>	0.0890 0.1029 -0.8376 1.0000	</row3>
					</transform>
				</node>
				<node>
					<identifier>	HP_FX_Runoff_tower_left_1	</identifier>
					<transform>
						<row0>	-0.9454 0.0000 -0.3259 0.0000	</row0>
						<row1>	0.0000 1.0000 0.0000 0.0000	</row1>
						<row2>	0.3259 0.0000 -0.9454 0.0000	</row2>
						<row3>	-0.0466 0.2936 0.0483 1.0000	</row3>
					</transform>
				</node>
				<node>
					<identifier>	HP_FX_Runoff_tower_right_1	</identifier>
					<transform>
						<row0>	-0.9454 0.0000 0.3259 0.0000	</row0>
						<row1>	0.0000 1.0000 0.0000 0.0000	</row1>
						<row2>	-0.3259 0.0000 -0.9454 0.0000	</row2>
						<row3>	0.0470 0.2939 0.0480 1.0000	</row3>
					</transform>
				</node>
				<node>
					<identifier>	HP_FX_Runoff_up_left_2	</identifier>
					<transform>
						<row0>	-1.0000 0.0000 -0.0138 0.0000	</row0>
						<row1>	0.0004 1.0000 -0.0106 0.0000	</row1>
						<row2>	0.0138 -0.0106 -0.9999 0.0000	</row2>
						<row3>	-0.0733 0.1107 -0.0989 1.0000	</row3>
					</transform>
				</node>
				<node>
					<identifier>	HP_FX_Runoff_up_left_3	</identifier>
					<transform>
						<row0>	-0.9998 0.0003 -0.0208 0.0000	</row0>
						<row1>	0.0004 1.0000 -0.0035 0.0000	</row1>
						<row2>	0.0208 -0.0035 -0.9998 0.0000	</row2>
						<row3>	-0.0730 0.1119 -0.8313 1.0000	</row3>
					</transform>
				</node>
				<node>
					<identifier>	HP_FX_Runoff_up_right_2	</identifier>
					<transform>
						<row0>	0.9999 0.0000 -0.0140 0.0000	</row0>
						<row1>	-0.0001 0.9999 -0.0106 0.0000	</row1>
						<row2>	0.0140 0.0106 0.9998 0.0000	</row2>
						<row3>	0.0730 0.1109 -0.0990 1.0000	</row3>
					</transform>
				</node>
				<node>
					<identifier>	HP_FX_Runoff_up_right_3	</identifier>
					<transform>
						<row0>	0.9998 0.0000 -0.0209 0.0000	</row0>
						<row1>	0.0000 1.0000 -0.0035 0.0000	</row1>
						<row2>	0.0209 0.0035 0.9998 0.0000	</row2>
						<row3>	0.0730 0.1119 -0.8316 1.0000	</row3>
					</transform>
				</node>
				<node>
					<identifier>	HP_FX_WakeTraceBack_tower	</identifier>
					<transform>
						<row0>	1.0000 0.0000 0.0000 0.0000	</row0>
						<row1>	0.0000 1.0000 0.0000 0.0000	</row1>
						<row2>	0.0000 0.0000 1.0000 0.0000	</row2>
						<row3>	0.0012 0.1090 -0.0679 1.0000	</row3>
					</transform>
				</node>
				<node>
					<identifier>	HP_flag_nation	</identifier>
					<transform>
						<row0>	0.9993 0.0383 -0.0008 0.0000	</row0>
						<row1>	-0.0383 0.9983 -0.0435 0.0000	</row1>
						<row2>	-0.0008 0.0435 0.9991 0.0000	</row2>
						<row3>	0.0009 0.3735 -0.0279 1.0000	</row3>
					</transform>
				</node>
				<node>
					<identifier>	MP_RM442_21K_45mm_Sub	</identifier>
					<transform>
						<row0>	-1.0000 0.0000 0.0000 0.0000	</row0>
						<row1>	0.0000 1.0000 0.0000 0.0000	</row1>
						<row2>	0.0000 0.0000 -1.0000 0.0000	</row2>
						<row3>	0.0000 0.2328 0.1834 1.0000	</row3>
					</transform>
				</node>
				<node>
					<identifier>	MP_RM444_Gun_Cap	</identifier>
					<transform>
						<row0>	-0.5850 0.0000 0.0000 0.0000	</row0>
						<row1>	0.0000 0.0500 0.5829 0.0000	</row1>
						<row2>	0.0000 0.5829 -0.0500 0.0000	</row2>
						<row3>	0.0000 0.4064 0.1954 1.0000	</row3>
					</transform>
				</node>
			</node>
		</node>
	</skeleton>
	<properties>
		<underwaterModel>	false	</underwaterModel>
		<abovewaterModel>	true	</abovewaterModel>
	</properties>
	<boundingBox>
		<min>	-0.0667 -0.0667 -0.0667	</min>
		<max>	0.0667 0.0667 0.0667	</max>
	</boundingBox>
	<renderSets />
	<lods>
		<lod>
			<extent>	200.0000	</extent>
			<castsShadow>	true	</castsShadow>
			<renderSets />
		</lod>
	</lods>
</RSS008_L_20_1942_MidBack_ports.visual>
