<ASB008_Colorado_1945_Bow_ep.skel_ext>
	<exported>	false	</exported>
	<node>
		<identifier>	EP_Fire_1	</identifier>
		<parent>	Scene Root	</parent>
		<transform>
			<row0>	1.0000 0.0000 0.0000 0.0000	</row0>
			<row1>	0.0000 1.0000 0.0000 0.0000	</row1>
			<row2>	0.0000 0.0000 1.0000 0.0000	</row2>
			<row3>	0.0000 0.4637 4.6707 1.0000	</row3>
		</transform>
	</node>
	<node>
		<identifier>	EP_Flood_water_left_2	</identifier>
		<parent>	Scene Root	</parent>
		<transform>
			<row0>	-0.9336 -0.2455 0.2613 0.0000	</row0>
			<row1>	-0.2543 0.9671 0.0000 0.0000	</row1>
			<row2>	-0.2527 -0.0664 -0.9653 0.0000	</row2>
			<row3>	-0.3688 0.1669 4.8706 1.0000	</row3>
		</transform>
	</node>
	<node>
		<identifier>	EP_Flood_water_right_2	</identifier>
		<parent>	Scene Root	</parent>
		<transform>
			<row0>	0.9033 -0.2895 0.3165 0.0000	</row0>
			<row1>	0.3052 0.9523 0.0000 0.0000	</row1>
			<row2>	-0.3014 0.0966 0.9486 0.0000	</row2>
			<row3>	0.3688 0.1669 4.8706 1.0000	</row3>
		</transform>
	</node>
	<node>
		<identifier>	EP_RepairLight_left_1	</identifier>
		<parent>	Scene Root	</parent>
		<transform>
			<row0>	0.1341 0.0000 0.9910 0.0000	</row0>
			<row1>	0.0000 1.0000 0.0000 0.0000	</row1>
			<row2>	-0.9910 0.0000 0.1341 0.0000	</row2>
			<row3>	-0.7454 0.4643 3.5424 1.0000	</row3>
		</transform>
	</node>
	<node>
		<identifier>	EP_RepairLight_right_1	</identifier>
		<parent>	Scene Root	</parent>
		<transform>
			<row0>	0.1474 0.0510 -0.9878 0.0000	</row0>
			<row1>	0.1129 0.9913 0.0680 0.0000	</row1>
			<row2>	0.9826 -0.1215 0.1403 0.0000	</row2>
			<row3>	0.6721 0.4655 4.1324 1.0000	</row3>
		</transform>
	</node>
	<node>
		<identifier>	EP_WakeTrace	</identifier>
		<parent>	Scene Root	</parent>
		<transform>
			<row0>	1.0000 0.0000 0.0000 0.0000	</row0>
			<row1>	0.0000 1.0000 0.0000 0.0000	</row1>
			<row2>	0.0000 0.0000 1.0000 0.0000	</row2>
			<row3>	0.0000 0.0000 6.0833 1.0000	</row3>
		</transform>
	</node>
</ASB008_Colorado_1945_Bow_ep.skel_ext>
