<BSB058_Renown_1944_MidBack.skel_ext>
	<exported>	true	</exported>
	<node>
		<identifier>	MP_AM063_Wind_Direction	</identifier>
		<parent>	Scene Root	</parent>
		<transform>
			<row0>	0.0000 0.0000 -1.0000 0.0000	</row0>
			<row1>	0.0000 1.0000 0.0000 0.0000	</row1>
			<row2>	1.0000 0.0000 0.0000 0.0000	</row2>
			<row3>	0.0863 1.6027 -2.6081 1.0000	</row3>
		</transform>
	</node>
	<node>
		<identifier>	MP_BM003_Night_lifebuoy	</identifier>
		<parent>	Scene Root	</parent>
		<transform>
			<row0>	0.9572 0.2814 -0.0683 0.0000	</row0>
			<row1>	-0.2807 0.9596 0.0200 0.0000	</row1>
			<row2>	0.0711 0.0000 0.9975 0.0000	</row2>
			<row3>	0.8212 0.4122 -3.3375 1.0000	</row3>
		</transform>
	</node>
	<node>
		<identifier>	MP_BM003_Night_lifebuoy_INDEX_1	</identifier>
		<parent>	Scene Root	</parent>
		<transform>
			<row0>	-0.9572 0.2814 -0.0683 0.0000	</row0>
			<row1>	0.2807 0.9596 0.0200 0.0000	</row1>
			<row2>	0.0711 0.0000 -0.9975 0.0000	</row2>
			<row3>	-0.8210 0.4122 -3.3375 1.0000	</row3>
		</transform>
	</node>
	<node>
		<identifier>	MP_BM004_Reels	</identifier>
		<parent>	Scene Root	</parent>
		<transform>
			<row0>	-0.7034 0.0000 -0.3811 0.0000	</row0>
			<row1>	-0.2858 0.0000 0.5275 0.0000	</row1>
			<row2>	0.0000 0.6000 0.0000 0.0000	</row2>
			<row3>	-0.1453 0.5744 -4.0201 1.0000	</row3>
		</transform>
	</node>
	<node>
		<identifier>	MP_BM004_Reels_INDEX_1	</identifier>
		<parent>	Scene Root	</parent>
		<transform>
			<row0>	1.0000 0.0000 0.0000 0.0000	</row0>
			<row1>	0.0000 -0.8000 0.0000 0.0000	</row1>
			<row2>	0.0000 0.0000 -0.8000 0.0000	</row2>
			<row3>	-0.0003 0.8765 -2.4436 1.0000	</row3>
		</transform>
	</node>
	<node>
		<identifier>	MP_BM004_Reels_INDEX_2	</identifier>
		<parent>	Scene Root	</parent>
		<transform>
			<row0>	0.4636 -0.0087 0.0000 0.0000	</row0>
			<row1>	0.0145 0.7726 0.0000 0.0000	</row1>
			<row2>	0.0000 0.0000 0.7728 0.0000	</row2>
			<row3>	0.4886 0.5254 -3.5944 1.0000	</row3>
		</transform>
	</node>
	<node>
		<identifier>	MP_BM004_Reels_INDEX_3	</identifier>
		<parent>	Scene Root	</parent>
		<transform>
			<row0>	0.0000 0.0000 1.0000 0.0000	</row0>
			<row1>	0.8000 -0.0047 0.0000 0.0000	</row1>
			<row2>	0.0047 0.8000 0.0000 0.0000	</row2>
			<row3>	0.0983 0.6427 -3.9359 1.0000	</row3>
		</transform>
	</node>
	<node>
		<identifier>	MP_BM038_Helmets	</identifier>
		<parent>	Scene Root	</parent>
		<transform>
			<row0>	0.0000 0.0000 1.0000 0.0000	</row0>
			<row1>	0.0000 1.0000 0.0000 0.0000	</row1>
			<row2>	-1.0000 0.0000 0.0000 0.0000	</row2>
			<row3>	-0.1112 0.7233 -3.4495 1.0000	</row3>
		</transform>
	</node>
	<node>
		<identifier>	MP_BM038_Helmets_INDEX_1	</identifier>
		<parent>	Scene Root	</parent>
		<transform>
			<row0>	-1.0000 0.0000 0.0000 0.0000	</row0>
			<row1>	0.0000 1.0000 0.0000 0.0000	</row1>
			<row2>	0.0000 0.0000 -1.0000 0.0000	</row2>
			<row3>	0.0516 0.5470 -4.0296 1.0000	</row3>
		</transform>
	</node>
	<node>
		<identifier>	MP_BM153_Name_plate_Renown	</identifier>
		<parent>	Scene Root	</parent>
		<transform>
			<row0>	-0.5128 0.0000 -0.8585 0.0000	</row0>
			<row1>	0.0000 1.0000 0.0000 0.0000	</row1>
			<row2>	0.8585 0.0000 -0.5128 0.0000	</row2>
			<row3>	0.4577 0.4283 -4.0099 1.0000	</row3>
		</transform>
	</node>
	<node>
		<identifier>	MP_BM153_Name_plate_Renown_INDEX_1	</identifier>
		<parent>	Scene Root	</parent>
		<transform>
			<row0>	-0.5068 0.0000 0.8621 0.0000	</row0>
			<row1>	0.0000 1.0000 0.0000 0.0000	</row1>
			<row2>	-0.8621 0.0000 -0.5068 0.0000	</row2>
			<row3>	-0.4618 0.4283 -4.0123 1.0000	</row3>
		</transform>
	</node>
	<node>
		<identifier>	MP_BM155_Battle_Honours_Renown	</identifier>
		<parent>	Scene Root	</parent>
		<transform>
			<row0>	1.0000 0.0000 0.0000 0.0000	</row0>
			<row1>	0.0000 1.0000 0.0000 0.0000	</row1>
			<row2>	0.0000 0.0000 1.0000 0.0000	</row2>
			<row3>	-0.0018 0.4226 -4.4112 1.0000	</row3>
		</transform>
	</node>
	<node>
		<identifier>	MP_BM478_Gun_Deck	</identifier>
		<parent>	Scene Root	</parent>
		<transform>
			<row0>	-1.0000 0.0000 0.0000 0.0000	</row0>
			<row1>	0.0000 1.0000 0.0000 0.0000	</row1>
			<row2>	0.0000 0.0000 -1.0000 0.0000	</row2>
			<row3>	0.0000 0.6918 -3.1660 1.0000	</row3>
		</transform>
	</node>
	<node>
		<identifier>	MP_BM478_Gun_Deck_INDEX_1	</identifier>
		<parent>	Scene Root	</parent>
		<transform>
			<row0>	0.0000 0.0000 -1.0000 0.0000	</row0>
			<row1>	0.0000 1.0000 0.0000 0.0000	</row1>
			<row2>	1.0000 0.0000 0.0000 0.0000	</row2>
			<row3>	-0.2868 0.5240 -3.8956 1.0000	</row3>
		</transform>
	</node>
	<node>
		<identifier>	MP_BM512_Liferaft_type_18_14ft	</identifier>
		<parent>	Scene Root	</parent>
		<transform>
			<row0>	0.9990 -0.0436 0.0013 0.0000	</row0>
			<row1>	0.0436 0.9990 0.0005 0.0000	</row1>
			<row2>	-0.0013 -0.0005 1.0000 0.0000	</row2>
			<row3>	0.6977 0.3903 -2.2201 1.0000	</row3>
		</transform>
	</node>
	<node>
		<identifier>	MP_BM512_Liferaft_type_18_14ft_INDEX_1	</identifier>
		<parent>	Scene Root	</parent>
		<transform>
			<row0>	0.9998 0.0223 0.0000 0.0000	</row0>
			<row1>	-0.0223 0.9997 -0.0052 0.0000	</row1>
			<row2>	-0.0001 0.0052 1.0000 0.0000	</row2>
			<row3>	-0.4835 0.5270 -3.7014 1.0000	</row3>
		</transform>
	</node>
	<node>
		<identifier>	MP_BM512_Liferaft_type_18_14ft_INDEX_10	</identifier>
		<parent>	Scene Root	</parent>
		<transform>
			<row0>	0.9990 0.0436 -0.0013 0.0000	</row0>
			<row1>	-0.0436 0.9990 0.0005 0.0000	</row1>
			<row2>	0.0013 -0.0005 1.0000 0.0000	</row2>
			<row3>	-0.6977 0.3903 -2.2203 1.0000	</row3>
		</transform>
	</node>
	<node>
		<identifier>	MP_BM512_Liferaft_type_18_14ft_INDEX_11	</identifier>
		<parent>	Scene Root	</parent>
		<transform>
			<row0>	0.9998 0.0223 0.0000 0.0000	</row0>
			<row1>	-0.0223 0.9997 -0.0052 0.0000	</row1>
			<row2>	-0.0001 0.0052 1.0000 0.0000	</row2>
			<row3>	-0.4821 0.5578 -3.7015 1.0000	</row3>
		</transform>
	</node>
	<node>
		<identifier>	MP_BM512_Liferaft_type_18_14ft_INDEX_2	</identifier>
		<parent>	Scene Root	</parent>
		<transform>
			<row0>	0.8748 -0.0195 -0.4840 0.0000	</row0>
			<row1>	0.0184 0.9998 -0.0070 0.0000	</row1>
			<row2>	0.4841 -0.0028 0.8750 0.0000	</row2>
			<row3>	0.4547 0.5266 -3.7755 1.0000	</row3>
		</transform>
	</node>
	<node>
		<identifier>	MP_BM512_Liferaft_type_18_14ft_INDEX_3	</identifier>
		<parent>	Scene Root	</parent>
		<transform>
			<row0>	0.9990 -0.0436 0.0013 0.0000	</row0>
			<row1>	0.0436 0.9990 0.0005 0.0000	</row1>
			<row2>	-0.0013 -0.0005 1.0000 0.0000	</row2>
			<row3>	0.6963 0.3594 -2.2201 1.0000	</row3>
		</transform>
	</node>
	<node>
		<identifier>	MP_BM512_Liferaft_type_18_14ft_INDEX_4	</identifier>
		<parent>	Scene Root	</parent>
		<transform>
			<row0>	0.8748 -0.0195 -0.4840 0.0000	</row0>
			<row1>	0.0184 0.9998 -0.0070 0.0000	</row1>
			<row2>	0.4841 -0.0028 0.8750 0.0000	</row2>
			<row3>	0.4576 0.5878 -3.7758 1.0000	</row3>
		</transform>
	</node>
	<node>
		<identifier>	MP_BM512_Liferaft_type_18_14ft_INDEX_5	</identifier>
		<parent>	Scene Root	</parent>
		<transform>
			<row0>	0.9990 0.0436 -0.0013 0.0000	</row0>
			<row1>	-0.0436 0.9990 0.0005 0.0000	</row1>
			<row2>	0.0013 -0.0005 1.0000 0.0000	</row2>
			<row3>	-0.6992 0.4207 -2.2205 1.0000	</row3>
		</transform>
	</node>
	<node>
		<identifier>	MP_BM512_Liferaft_type_18_14ft_INDEX_6	</identifier>
		<parent>	Scene Root	</parent>
		<transform>
			<row0>	0.9990 0.0436 -0.0013 0.0000	</row0>
			<row1>	-0.0436 0.9990 0.0005 0.0000	</row1>
			<row2>	0.0013 -0.0005 1.0000 0.0000	</row2>
			<row3>	-0.6963 0.3594 -2.2201 1.0000	</row3>
		</transform>
	</node>
	<node>
		<identifier>	MP_BM512_Liferaft_type_18_14ft_INDEX_7	</identifier>
		<parent>	Scene Root	</parent>
		<transform>
			<row0>	0.8748 -0.0195 -0.4840 0.0000	</row0>
			<row1>	0.0184 0.9998 -0.0070 0.0000	</row1>
			<row2>	0.4841 -0.0028 0.8750 0.0000	</row2>
			<row3>	0.4562 0.5574 -3.7757 1.0000	</row3>
		</transform>
	</node>
	<node>
		<identifier>	MP_BM512_Liferaft_type_18_14ft_INDEX_8	</identifier>
		<parent>	Scene Root	</parent>
		<transform>
			<row0>	0.9998 0.0223 0.0000 0.0000	</row0>
			<row1>	-0.0223 0.9997 -0.0052 0.0000	</row1>
			<row2>	-0.0001 0.0052 1.0000 0.0000	</row2>
			<row3>	-0.4806 0.5882 -3.7017 1.0000	</row3>
		</transform>
	</node>
	<node>
		<identifier>	MP_BM512_Liferaft_type_18_14ft_INDEX_9	</identifier>
		<parent>	Scene Root	</parent>
		<transform>
			<row0>	0.9990 -0.0436 0.0013 0.0000	</row0>
			<row1>	0.0436 0.9990 0.0005 0.0000	</row1>
			<row2>	-0.0013 -0.0005 1.0000 0.0000	</row2>
			<row3>	0.6992 0.4207 -2.2201 1.0000	</row3>
		</transform>
	</node>
	<node>
		<identifier>	MP_BM527_Liferaft_type_20_8ft	</identifier>
		<parent>	Scene Root	</parent>
		<transform>
			<row0>	0.1047 -0.9945 0.0000 0.0000	</row0>
			<row1>	0.9945 0.1047 0.0000 0.0000	</row1>
			<row2>	0.0000 0.0000 1.0000 0.0000	</row2>
			<row3>	0.2604 0.7255 -2.4870 1.0000	</row3>
		</transform>
	</node>
	<node>
		<identifier>	MP_BM527_Liferaft_type_20_8ft_INDEX_1	</identifier>
		<parent>	Scene Root	</parent>
		<transform>
			<row0>	0.1047 0.9945 0.0000 0.0000	</row0>
			<row1>	-0.9945 0.1047 0.0000 0.0000	</row1>
			<row2>	0.0000 0.0000 1.0000 0.0000	</row2>
			<row3>	-0.2603 0.7255 -2.4870 1.0000	</row3>
		</transform>
	</node>
	<node>
		<identifier>	MP_BM622_Speed_Light_Ctrl	</identifier>
		<parent>	Scene Root	</parent>
		<transform>
			<row0>	-1.0000 0.0000 0.0000 0.0000	</row0>
			<row1>	0.0000 1.0000 0.0000 0.0000	</row1>
			<row2>	0.0000 0.0000 -1.0000 0.0000	</row2>
			<row3>	-0.1283 0.6958 -3.4977 1.0000	</row3>
		</transform>
	</node>
	<node>
		<identifier>	MP_BM638_Navyphone	</identifier>
		<parent>	Scene Root	</parent>
		<transform>
			<row0>	0.0000 0.0000 1.0000 0.0000	</row0>
			<row1>	0.0000 1.0000 0.0000 0.0000	</row1>
			<row2>	-1.0000 0.0000 0.0000 0.0000	</row2>
			<row3>	-0.0978 0.7795 -2.9306 1.0000	</row3>
		</transform>
	</node>
	<node>
		<identifier>	MP_BM638_Navyphone_INDEX_1	</identifier>
		<parent>	Scene Root	</parent>
		<transform>
			<row0>	0.0000 0.0000 1.0000 0.0000	</row0>
			<row1>	0.0000 1.0000 0.0000 0.0000	</row1>
			<row2>	-1.0000 0.0000 0.0000 0.0000	</row2>
			<row3>	-0.1114 0.7824 -3.4750 1.0000	</row3>
		</transform>
	</node>
	<node>
		<identifier>	MP_BM638_Navyphone_INDEX_2	</identifier>
		<parent>	Scene Root	</parent>
		<transform>
			<row0>	0.0000 0.0000 -1.0000 0.0000	</row0>
			<row1>	0.0000 1.0000 0.0000 0.0000	</row1>
			<row2>	1.0000 0.0000 0.0000 0.0000	</row2>
			<row3>	0.1114 0.7824 -3.3620 1.0000	</row3>
		</transform>
	</node>
	<node>
		<identifier>	MP_BM715_Locker	</identifier>
		<parent>	Scene Root	</parent>
		<transform>
			<row0>	-0.8620 0.0003 -0.5069 0.0000	</row0>
			<row1>	-0.0114 0.9997 0.0200 0.0000	</row1>
			<row2>	0.5068 0.0231 -0.8618 0.0000	</row2>
			<row3>	-0.4463 0.1978 -4.0888 1.0000	</row3>
		</transform>
	</node>
	<node>
		<identifier>	MP_BM715_Locker_INDEX_1	</identifier>
		<parent>	Scene Root	</parent>
		<transform>
			<row0>	-0.8684 0.0000 -0.4959 0.0000	</row0>
			<row1>	-0.0114 0.9997 0.0200 0.0000	</row1>
			<row2>	0.4958 0.0231 -0.8681 0.0000	</row2>
			<row3>	-0.1571 0.2007 -4.5899 1.0000	</row3>
		</transform>
	</node>
	<node>
		<identifier>	MP_BM715_Locker_INDEX_2	</identifier>
		<parent>	Scene Root	</parent>
		<transform>
			<row0>	0.8684 0.0000 -0.4959 0.0000	</row0>
			<row1>	0.0114 0.9997 0.0200 0.0000	</row1>
			<row2>	0.4958 -0.0231 0.8681 0.0000	</row2>
			<row3>	0.2570 0.2012 -4.4018 1.0000	</row3>
		</transform>
	</node>
	<node>
		<identifier>	MP_BM715_Locker_INDEX_3	</identifier>
		<parent>	Scene Root	</parent>
		<transform>
			<row0>	0.8684 0.0000 -0.4959 0.0000	</row0>
			<row1>	0.0076 0.9999 0.0133 0.0000	</row1>
			<row2>	0.4959 -0.0153 0.8683 0.0000	</row2>
			<row3>	0.4463 0.1969 -4.0928 1.0000	</row3>
		</transform>
	</node>
	<node>
		<identifier>	MP_BM857_Fog_Light	</identifier>
		<parent>	Scene Root	</parent>
		<transform>
			<row0>	-1.0000 0.0000 0.0000 0.0000	</row0>
			<row1>	0.0000 1.0000 0.0000 0.0000	</row1>
			<row2>	0.0000 0.0000 -0.8000 0.0000	</row2>
			<row3>	-0.0254 0.5809 -4.5332 1.0000	</row3>
		</transform>
	</node>
	<node>
		<identifier>	MP_BM877_Running_Lights_B	</identifier>
		<parent>	Scene Root	</parent>
		<transform>
			<row0>	1.0000 0.0000 0.0000 0.0000	</row0>
			<row1>	0.0000 1.0000 0.0000 0.0000	</row1>
			<row2>	0.0000 0.0000 1.0000 0.0000	</row2>
			<row3>	0.0000 1.5981 -2.5673 1.0000	</row3>
		</transform>
	</node>
	<node>
		<identifier>	MP_CM011_Fire_Fighting_Gear	</identifier>
		<parent>	Scene Root	</parent>
		<transform>
			<row0>	0.5414 0.0000 -0.8408 0.0000	</row0>
			<row1>	0.0000 1.0000 0.0000 0.0000	</row1>
			<row2>	0.8408 0.0000 0.5414 0.0000	</row2>
			<row3>	-0.2684 0.2010 -4.3647 1.0000	</row3>
		</transform>
	</node>
	<node>
		<identifier>	MP_CM011_Fire_Fighting_Gear_INDEX_1	</identifier>
		<parent>	Scene Root	</parent>
		<transform>
			<row0>	-0.0174 0.0000 0.9998 0.0000	</row0>
			<row1>	0.0000 1.0000 0.0000 0.0000	</row1>
			<row2>	-0.9998 0.0000 -0.0174 0.0000	</row2>
			<row3>	0.2683 0.5360 -2.8479 1.0000	</row3>
		</transform>
	</node>
	<node>
		<identifier>	MP_CM011_Fire_Fighting_Gear_INDEX_2	</identifier>
		<parent>	Scene Root	</parent>
		<transform>
			<row0>	-1.0000 0.0000 0.0000 0.0000	</row0>
			<row1>	0.0000 1.0000 0.0000 0.0000	</row1>
			<row2>	0.0000 0.0000 -1.0000 0.0000	</row2>
			<row3>	-0.8394 0.3539 -2.3693 1.0000	</row3>
		</transform>
	</node>
	<node>
		<identifier>	MP_CM011_Fire_Fighting_Gear_INDEX_3	</identifier>
		<parent>	Scene Root	</parent>
		<transform>
			<row0>	-0.0174 0.0000 -0.9998 0.0000	</row0>
			<row1>	0.0000 1.0000 0.0000 0.0000	</row1>
			<row2>	0.9998 0.0000 -0.0174 0.0000	</row2>
			<row3>	-0.2683 0.5360 -2.8479 1.0000	</row3>
		</transform>
	</node>
	<node>
		<identifier>	MP_CM011_Fire_Fighting_Gear_INDEX_4	</identifier>
		<parent>	Scene Root	</parent>
		<transform>
			<row0>	0.5414 0.0000 0.8408 0.0000	</row0>
			<row1>	0.0000 1.0000 0.0000 0.0000	</row1>
			<row2>	-0.8408 0.0000 0.5414 0.0000	</row2>
			<row3>	0.4762 0.1983 -3.9934 1.0000	</row3>
		</transform>
	</node>
	<node>
		<identifier>	MP_CM011_Fire_Fighting_Gear_INDEX_5	</identifier>
		<parent>	Scene Root	</parent>
		<transform>
			<row0>	-1.0000 0.0000 0.0000 0.0000	</row0>
			<row1>	0.0000 1.0000 0.0000 0.0000	</row1>
			<row2>	0.0000 0.0000 -1.0000 0.0000	</row2>
			<row3>	0.8394 0.3539 -2.3693 1.0000	</row3>
		</transform>
	</node>
	<node>
		<identifier>	MP_CM012_Fire_Hose_Rack_1	</identifier>
		<parent>	Scene Root	</parent>
		<transform>
			<row0>	0.0000 0.0000 -1.0000 0.0000	</row0>
			<row1>	0.0000 1.0000 0.0000 0.0000	</row1>
			<row2>	1.0000 0.0000 0.0000 0.0000	</row2>
			<row3>	-0.8010 0.4107 -2.3765 1.0000	</row3>
		</transform>
	</node>
	<node>
		<identifier>	MP_CM012_Fire_Hose_Rack_1_INDEX_1	</identifier>
		<parent>	Scene Root	</parent>
		<transform>
			<row0>	0.9998 0.0000 -0.0174 0.0000	</row0>
			<row1>	0.0000 1.0000 0.0000 0.0000	</row1>
			<row2>	0.0174 0.0000 0.9998 0.0000	</row2>
			<row3>	-0.2605 0.5995 -2.8721 1.0000	</row3>
		</transform>
	</node>
	<node>
		<identifier>	MP_CM012_Fire_Hose_Rack_1_INDEX_2	</identifier>
		<parent>	Scene Root	</parent>
		<transform>
			<row0>	-0.9998 0.0000 -0.0174 0.0000	</row0>
			<row1>	0.0000 1.0000 0.0000 0.0000	</row1>
			<row2>	0.0174 0.0000 -0.9998 0.0000	</row2>
			<row3>	0.2606 0.5995 -2.8527 1.0000	</row3>
		</transform>
	</node>
	<node>
		<identifier>	MP_CM012_Fire_Hose_Rack_1_INDEX_3	</identifier>
		<parent>	Scene Root	</parent>
		<transform>
			<row0>	-0.8589 0.0000 0.5121 0.0000	</row0>
			<row1>	0.0000 1.0000 0.0000 0.0000	</row1>
			<row2>	-0.5121 0.0000 -0.8589 0.0000	</row2>
			<row3>	0.4721 0.2703 -3.9881 1.0000	</row3>
		</transform>
	</node>
	<node>
		<identifier>	MP_CM012_Fire_Hose_Rack_1_INDEX_4	</identifier>
		<parent>	Scene Root	</parent>
		<transform>
			<row0>	0.0000 0.0000 -1.0000 0.0000	</row0>
			<row1>	0.0000 1.0000 0.0000 0.0000	</row1>
			<row2>	1.0000 0.0000 0.0000 0.0000	</row2>
			<row3>	0.8010 0.4107 -2.3765 1.0000	</row3>
		</transform>
	</node>
	<node>
		<identifier>	MP_CM012_Fire_Hose_Rack_1_INDEX_5	</identifier>
		<parent>	Scene Root	</parent>
		<transform>
			<row0>	0.8645 0.0000 0.5027 0.0000	</row0>
			<row1>	0.0000 1.0000 0.0000 0.0000	</row1>
			<row2>	-0.5027 0.0000 0.8645 0.0000	</row2>
			<row3>	-0.2730 0.2729 -4.3332 1.0000	</row3>
		</transform>
	</node>
	<node>
		<identifier>	MP_CM029_Emergency_Box	</identifier>
		<parent>	Scene Root	</parent>
		<transform>
			<row0>	0.0000 0.0000 -1.0000 0.0000	</row0>
			<row1>	0.0000 1.0000 0.0000 0.0000	</row1>
			<row2>	1.0000 0.0000 0.0000 0.0000	</row2>
			<row3>	-0.0862 0.7462 -2.7378 1.0000	</row3>
		</transform>
	</node>
	<node>
		<identifier>	MP_CM029_Emergency_Box_INDEX_1	</identifier>
		<parent>	Scene Root	</parent>
		<transform>
			<row0>	0.0000 0.0000 -1.0000 0.0000	</row0>
			<row1>	0.0000 1.0000 0.0000 0.0000	</row1>
			<row2>	1.0000 0.0000 0.0000 0.0000	</row2>
			<row3>	-0.2659 0.5964 -3.4314 1.0000	</row3>
		</transform>
	</node>
	<node>
		<identifier>	MP_CM029_Emergency_Box_INDEX_2	</identifier>
		<parent>	Scene Root	</parent>
		<transform>
			<row0>	-1.0000 0.0000 0.0000 0.0000	</row0>
			<row1>	0.0000 1.0000 0.0000 0.0000	</row1>
			<row2>	0.0000 0.0000 -1.0000 0.0000	</row2>
			<row3>	-0.0899 0.7715 -3.3393 1.0000	</row3>
		</transform>
	</node>
	<node>
		<identifier>	MP_CM029_Emergency_Box_INDEX_3	</identifier>
		<parent>	Scene Root	</parent>
		<transform>
			<row0>	0.0000 0.0000 -1.0000 0.0000	</row0>
			<row1>	0.0000 1.0000 0.0000 0.0000	</row1>
			<row2>	1.0000 0.0000 0.0000 0.0000	</row2>
			<row3>	-0.1074 0.5969 -3.9475 1.0000	</row3>
		</transform>
	</node>
	<node>
		<identifier>	MP_CM029_Emergency_Box_INDEX_4	</identifier>
		<parent>	Scene Root	</parent>
		<transform>
			<row0>	0.0000 0.0000 1.0000 0.0000	</row0>
			<row1>	0.0000 1.0000 0.0000 0.0000	</row1>
			<row2>	-1.0000 0.0000 0.0000 0.0000	</row2>
			<row3>	0.2659 0.5964 -3.3675 1.0000	</row3>
		</transform>
	</node>
	<node>
		<identifier>	MP_CM052_Fender	</identifier>
		<parent>	Scene Root	</parent>
		<transform>
			<row0>	-0.5127 0.0000 -0.8586 0.0000	</row0>
			<row1>	0.0000 1.0000 0.0000 0.0000	</row1>
			<row2>	0.8586 0.0000 -0.5127 0.0000	</row2>
			<row3>	0.5445 0.1961 -3.9248 1.0000	</row3>
		</transform>
	</node>
	<node>
		<identifier>	MP_CM052_Fender_INDEX_1	</identifier>
		<parent>	Scene Root	</parent>
		<transform>
			<row0>	-0.5127 0.0000 0.8586 0.0000	</row0>
			<row1>	0.0000 1.0000 0.0000 0.0000	</row1>
			<row2>	-0.8586 0.0000 -0.5127 0.0000	</row2>
			<row3>	-0.5460 0.1957 -3.9224 1.0000	</row3>
		</transform>
	</node>
	<node>
		<identifier>	MP_CM088_Swab_Rack	</identifier>
		<parent>	Scene Root	</parent>
		<transform>
			<row0>	-0.8782 0.0000 0.4782 0.0000	</row0>
			<row1>	0.0000 1.0000 0.0000 0.0000	</row1>
			<row2>	-0.4782 0.0000 -0.8782 0.0000	</row2>
			<row3>	0.1341 0.5320 -4.0145 1.0000	</row3>
		</transform>
	</node>
	<node>
		<identifier>	MP_CM088_Swab_Rack_INDEX_1	</identifier>
		<parent>	Scene Root	</parent>
		<transform>
			<row0>	-0.8839 0.0000 -0.4676 0.0000	</row0>
			<row1>	0.0000 1.0000 0.0000 0.0000	</row1>
			<row2>	0.4676 0.0000 -0.8839 0.0000	</row2>
			<row3>	-0.1366 0.5331 -4.0157 1.0000	</row3>
		</transform>
	</node>
	<node>
		<identifier>	MP_CM088_Swab_Rack_INDEX_2	</identifier>
		<parent>	Scene Root	</parent>
		<transform>
			<row0>	-1.0000 0.0000 0.0000 0.0000	</row0>
			<row1>	0.0000 1.0000 0.0000 0.0000	</row1>
			<row2>	0.0000 0.0000 -1.0000 0.0000	</row2>
			<row3>	0.0786 0.5326 -3.5168 1.0000	</row3>
		</transform>
	</node>
	<node>
		<identifier>	MP_CM104_Life_Buoy	</identifier>
		<parent>	Scene Root	</parent>
		<transform>
			<row0>	0.0738 0.0000 0.9973 0.0000	</row0>
			<row1>	0.0000 1.0000 0.0000 0.0000	</row1>
			<row2>	-0.9973 0.0000 0.0738 0.0000	</row2>
			<row3>	0.7395 0.2508 -3.8423 1.0000	</row3>
		</transform>
	</node>
	<node>
		<identifier>	MP_CM104_Life_Buoy_INDEX_1	</identifier>
		<parent>	Scene Root	</parent>
		<transform>
			<row0>	0.0738 0.0000 -0.9973 0.0000	</row0>
			<row1>	0.0000 1.0000 0.0000 0.0000	</row1>
			<row2>	0.9973 0.0000 0.0738 0.0000	</row2>
			<row3>	-0.7397 0.2508 -3.8423 1.0000	</row3>
		</transform>
	</node>
	<node>
		<identifier>	MP_CM126_Cleat	</identifier>
		<parent>	Scene Root	</parent>
		<transform>
			<row0>	1.0000 0.0000 0.0000 0.0000	</row0>
			<row1>	0.0000 1.0000 0.0000 0.0000	</row1>
			<row2>	0.0000 0.0000 1.0000 0.0000	</row2>
			<row3>	0.0004 0.8104 -2.7322 1.0000	</row3>
		</transform>
	</node>
</BSB058_Renown_1944_MidBack.skel_ext>
