<JSC304_Kushiro_1945_MidFront_ports.visual>
	<skeleton>
		<node>
			<identifier>	Scene Root	</identifier>
			<transform>
				<row0>	1.0000 0.0000 0.0000 0.0000	</row0>
				<row1>	0.0000 1.0000 0.0000 0.0000	</row1>
				<row2>	0.0000 0.0000 1.0000 0.0000	</row2>
				<row3>	0.0000 0.0000 0.0000 1.0000	</row3>
			</transform>
			<node>
				<identifier>	MidFront_ports	</identifier>
				<transform>
					<row0>	1.0000 0.0000 0.0000 0.0000	</row0>
					<row1>	0.0000 1.0000 0.0000 0.0000	</row1>
					<row2>	0.0000 0.0000 1.0000 0.0000	</row2>
					<row3>	0.0000 0.0000 0.0000 1.0000	</row3>
				</transform>
				<node>
					<identifier>	HP_FX_Fire_2	</identifier>
					<transform>
						<row0>	1.0000 0.0000 0.0000 0.0000	</row0>
						<row1>	0.0000 1.0000 0.0000 0.0000	</row1>
						<row2>	0.0000 0.0000 1.0000 0.0000	</row2>
						<row3>	0.0000 1.0516 1.7066 1.0000	</row3>
					</transform>
				</node>
				<node>
					<identifier>	HP_FX_Fire_2_side_1	</identifier>
					<transform>
						<row0>	1.0000 0.0000 0.0000 0.0000	</row0>
						<row1>	0.0000 1.0000 0.0000 0.0000	</row1>
						<row2>	0.0000 0.0000 1.0000 0.0000	</row2>
						<row3>	-0.4779 0.2996 2.4430 1.0000	</row3>
					</transform>
				</node>
				<node>
					<identifier>	HP_FX_Fire_2_side_2	</identifier>
					<transform>
						<row0>	1.0000 0.0000 0.0000 0.0000	</row0>
						<row1>	0.0000 1.0000 0.0000 0.0000	</row1>
						<row2>	0.0000 0.0000 1.0000 0.0000	</row2>
						<row3>	0.4269 0.4648 0.9406 1.0000	</row3>
					</transform>
				</node>
				<node>
					<identifier>	HP_FX_FloodLight_left_1	</identifier>
					<transform>
						<row0>	-1.0000 0.0000 0.0000 0.0000	</row0>
						<row1>	0.0000 1.0000 0.0000 0.0000	</row1>
						<row2>	0.0000 0.0000 -1.0000 0.0000	</row2>
						<row3>	-0.0640 1.1300 1.1710 1.0000	</row3>
					</transform>
				</node>
				<node>
					<identifier>	HP_FX_FloodLight_right_2	</identifier>
					<transform>
						<row0>	1.0000 0.0000 0.0000 0.0000	</row0>
						<row1>	0.0000 1.0000 0.0000 0.0000	</row1>
						<row2>	0.0000 0.0000 1.0000 0.0000	</row2>
						<row3>	0.0640 1.1300 1.1710 1.0000	</row3>
					</transform>
				</node>
				<node>
					<identifier>	HP_FX_Flood_steam_1	</identifier>
					<transform>
						<row0>	1.0000 0.0000 0.0000 0.0000	</row0>
						<row1>	0.0000 0.2302 -0.9731 0.0000	</row1>
						<row2>	0.0000 0.9731 0.2302 0.0000	</row2>
						<row3>	-0.1430 1.0830 0.3820 1.0000	</row3>
					</transform>
				</node>
				<node>
					<identifier>	HP_FX_Flood_steam_2	</identifier>
					<transform>
						<row0>	1.0000 0.0000 0.0000 0.0000	</row0>
						<row1>	0.0000 0.5097 -0.8604 0.0000	</row1>
						<row2>	0.0000 0.8604 0.5097 0.0000	</row2>
						<row3>	0.1484 1.0516 0.1211 1.0000	</row3>
					</transform>
				</node>
				<node>
					<identifier>	HP_FX_Flood_steam_left	</identifier>
					<transform>
						<row0>	-1.0000 0.0000 0.0000 0.0000	</row0>
						<row1>	0.0000 1.0000 0.0000 0.0000	</row1>
						<row2>	0.0000 0.0000 -1.0000 0.0000	</row2>
						<row3>	-0.6642 0.1625 2.0292 1.0000	</row3>
					</transform>
				</node>
				<node>
					<identifier>	HP_FX_Flood_water_left_3	</identifier>
					<transform>
						<row0>	-1.0000 0.0000 0.0000 0.0000	</row0>
						<row1>	0.0000 1.0000 0.0000 0.0000	</row1>
						<row2>	0.0000 0.0000 -1.0000 0.0000	</row2>
						<row3>	-0.6762 0.0185 1.0773 1.0000	</row3>
					</transform>
				</node>
				<node>
					<identifier>	HP_FX_Flood_water_right_3	</identifier>
					<transform>
						<row0>	1.0000 0.0000 0.0000 0.0000	</row0>
						<row1>	0.0000 1.0000 0.0000 0.0000	</row1>
						<row2>	0.0000 0.0000 1.0000 0.0000	</row2>
						<row3>	0.6767 0.0199 1.0786 1.0000	</row3>
					</transform>
				</node>
				<node>
					<identifier>	HP_FX_RepairLight_left_1	</identifier>
					<transform>
						<row0>	-0.0349 0.0000 0.9994 0.0000	</row0>
						<row1>	0.0000 1.0000 0.0000 0.0000	</row1>
						<row2>	-0.9994 0.0000 -0.0349 0.0000	</row2>
						<row3>	-0.6646 0.2303 2.6667 1.0000	</row3>
					</transform>
				</node>
				<node>
					<identifier>	HP_FX_RepairLight_right_1	</identifier>
					<transform>
						<row0>	0.0000 0.0000 -1.0000 0.0000	</row0>
						<row1>	0.0000 1.0000 0.0000 0.0000	</row1>
						<row2>	1.0000 0.0000 0.0000 0.0000	</row2>
						<row3>	0.6479 0.2281 3.0410 1.0000	</row3>
					</transform>
				</node>
				<node>
					<identifier>	HP_FX_Smoke_1	</identifier>
					<transform>
						<row0>	1.0000 0.0000 0.0000 0.0000	</row0>
						<row1>	0.0000 0.9667 -0.2561 0.0000	</row1>
						<row2>	0.0000 0.2561 0.9667 0.0000	</row2>
						<row3>	0.0000 1.1253 0.3881 1.0000	</row3>
					</transform>
				</node>
				<node>
					<identifier>	HP_FX_Smoke_2	</identifier>
					<transform>
						<row0>	1.0000 0.0000 0.0000 0.0000	</row0>
						<row1>	0.0000 0.9717 -0.2361 0.0000	</row1>
						<row2>	0.0000 0.2361 0.9717 0.0000	</row2>
						<row3>	0.0000 1.0565 0.0850 1.0000	</row3>
					</transform>
				</node>
				<node>
					<identifier>	HP_JD_1	</identifier>
					<transform>
						<row0>	1.0000 0.0000 0.0000 0.0000	</row0>
						<row1>	0.0000 1.0000 0.0000 0.0000	</row1>
						<row2>	0.0000 0.0000 1.0000 0.0000	</row2>
						<row3>	0.0000 0.9156 2.0023 1.0000	</row3>
					</transform>
				</node>
				<node>
					<identifier>	HP_JD_2	</identifier>
					<transform>
						<row0>	0.9998 0.0000 -0.0175 0.0000	</row0>
						<row1>	0.0000 1.0000 0.0000 0.0000	</row1>
						<row2>	0.0175 0.0000 0.9998 0.0000	</row2>
						<row3>	-0.0003 1.2128 1.8557 1.0000	</row3>
					</transform>
				</node>
				<node>
					<identifier>	HP_JD_3	</identifier>
					<transform>
						<row0>	1.0000 0.0000 0.0000 0.0000	</row0>
						<row1>	0.0000 1.0000 0.0000 0.0000	</row1>
						<row2>	0.0000 0.0000 1.0000 0.0000	</row2>
						<row3>	-0.3331 0.5639 1.8004 1.0000	</row3>
					</transform>
				</node>
				<node>
					<identifier>	HP_JD_4	</identifier>
					<transform>
						<row0>	1.0000 0.0000 0.0000 0.0000	</row0>
						<row1>	0.0000 1.0000 0.0000 0.0000	</row1>
						<row2>	0.0000 0.0000 1.0000 0.0000	</row2>
						<row3>	0.3331 0.5639 1.8004 1.0000	</row3>
					</transform>
				</node>
				<node>
					<identifier>	HP_JD_5	</identifier>
					<transform>
						<row0>	0.0000 0.0000 1.0000 0.0000	</row0>
						<row1>	0.0000 1.0000 0.0000 0.0000	</row1>
						<row2>	-1.0000 0.0000 0.0000 0.0000	</row2>
						<row3>	-0.1389 1.0386 1.7527 1.0000	</row3>
					</transform>
				</node>
				<node>
					<identifier>	HP_JD_6	</identifier>
					<transform>
						<row0>	0.0000 0.0000 -1.0000 0.0000	</row0>
						<row1>	0.0000 1.0000 0.0000 0.0000	</row1>
						<row2>	1.0000 0.0000 0.0000 0.0000	</row2>
						<row3>	0.1389 1.0386 1.7527 1.0000	</row3>
					</transform>
				</node>
				<node>
					<identifier>	HP_JD_7	</identifier>
					<transform>
						<row0>	0.9998 0.0000 -0.0175 0.0000	</row0>
						<row1>	0.0000 1.0000 0.0000 0.0000	</row1>
						<row2>	0.0175 0.0000 0.9998 0.0000	</row2>
						<row3>	0.0000 1.3273 1.6903 1.0000	</row3>
					</transform>
				</node>
				<node>
					<identifier>	HP_JD_8	</identifier>
					<transform>
						<row0>	0.0000 0.0000 1.0000 0.0000	</row0>
						<row1>	0.0000 1.0000 0.0000 0.0000	</row1>
						<row2>	-1.0000 0.0000 0.0000 0.0000	</row2>
						<row3>	-0.4098 0.6686 1.6156 1.0000	</row3>
					</transform>
				</node>
				<node>
					<identifier>	HP_JD_9	</identifier>
					<transform>
						<row0>	0.0000 0.0000 -1.0000 0.0000	</row0>
						<row1>	0.0000 1.0000 0.0000 0.0000	</row1>
						<row2>	1.0000 0.0000 0.0000 0.0000	</row2>
						<row3>	0.4098 0.6686 1.6156 1.0000	</row3>
					</transform>
				</node>
				<node>
					<identifier>	HP_JF_1	</identifier>
					<transform>
						<row0>	0.0000 0.0000 1.0000 0.0000	</row0>
						<row1>	0.0000 1.0000 0.0000 0.0000	</row1>
						<row2>	-1.0000 0.0000 0.0000 0.0000	</row2>
						<row3>	-0.1915 0.8668 1.7610 1.0000	</row3>
					</transform>
				</node>
				<node>
					<identifier>	HP_JF_2	</identifier>
					<transform>
						<row0>	0.0000 0.0000 -1.0000 0.0000	</row0>
						<row1>	0.0000 1.0000 0.0000 0.0000	</row1>
						<row2>	1.0000 0.0000 0.0000 0.0000	</row2>
						<row3>	0.1915 0.8668 1.7610 1.0000	</row3>
					</transform>
				</node>
				<node>
					<identifier>	HP_JF_3	</identifier>
					<transform>
						<row0>	0.9998 0.0000 -0.0175 0.0000	</row0>
						<row1>	0.0000 1.0000 0.0000 0.0000	</row1>
						<row2>	0.0175 0.0000 0.9998 0.0000	</row2>
						<row3>	0.0000 1.4022 1.5077 1.0000	</row3>
					</transform>
				</node>
				<node>
					<identifier>	HP_JGA_10	</identifier>
					<transform>
						<row0>	0.5000 0.0000 -0.8660 0.0000	</row0>
						<row1>	0.0000 1.0000 0.0000 0.0000	</row1>
						<row2>	0.8660 0.0000 0.5000 0.0000	</row2>
						<row3>	0.5570 0.2238 2.7510 1.0000	</row3>
					</transform>
				</node>
				<node>
					<identifier>	HP_JGA_11	</identifier>
					<transform>
						<row0>	0.0000 0.0000 1.0000 0.0000	</row0>
						<row1>	0.0000 1.0000 0.0000 0.0000	</row1>
						<row2>	-1.0000 0.0000 0.0000 0.0000	</row2>
						<row3>	-0.4931 0.2223 2.4423 1.0000	</row3>
					</transform>
				</node>
				<node>
					<identifier>	HP_JGA_12	</identifier>
					<transform>
						<row0>	0.0000 0.0000 -1.0000 0.0000	</row0>
						<row1>	0.0000 1.0000 0.0000 0.0000	</row1>
						<row2>	1.0000 0.0000 0.0000 0.0000	</row2>
						<row3>	0.4931 0.2223 2.4423 1.0000	</row3>
					</transform>
				</node>
				<node>
					<identifier>	HP_JGA_13	</identifier>
					<transform>
						<row0>	0.7071 0.0000 0.7071 0.0000	</row0>
						<row1>	0.0000 1.0000 0.0000 0.0000	</row1>
						<row2>	-0.7071 0.0000 0.7071 0.0000	</row2>
						<row3>	-0.1207 0.6465 2.0414 1.0000	</row3>
					</transform>
				</node>
				<node>
					<identifier>	HP_JGA_14	</identifier>
					<transform>
						<row0>	0.7071 0.0000 -0.7071 0.0000	</row0>
						<row1>	0.0000 1.0000 0.0000 0.0000	</row1>
						<row2>	0.7071 0.0000 0.7071 0.0000	</row2>
						<row3>	0.1207 0.6465 2.0414 1.0000	</row3>
					</transform>
				</node>
				<node>
					<identifier>	HP_JGA_15	</identifier>
					<transform>
						<row0>	0.0000 0.0000 1.0000 0.0000	</row0>
						<row1>	0.0000 1.0000 0.0000 0.0000	</row1>
						<row2>	-1.0000 0.0000 0.0000 0.0000	</row2>
						<row3>	-0.5647 0.3893 1.5033 1.0000	</row3>
					</transform>
				</node>
				<node>
					<identifier>	HP_JGA_16	</identifier>
					<transform>
						<row0>	0.0000 0.0000 -1.0000 0.0000	</row0>
						<row1>	0.0000 1.0000 0.0000 0.0000	</row1>
						<row2>	1.0000 0.0000 0.0000 0.0000	</row2>
						<row3>	0.5647 0.3893 1.5033 1.0000	</row3>
					</transform>
				</node>
				<node>
					<identifier>	HP_JGA_3	</identifier>
					<transform>
						<row0>	0.0000 0.0000 -1.0000 0.0000	</row0>
						<row1>	0.0000 1.0000 0.0000 0.0000	</row1>
						<row2>	1.0000 0.0000 0.0000 0.0000	</row2>
						<row3>	0.4618 0.2223 3.3230 1.0000	</row3>
					</transform>
				</node>
				<node>
					<identifier>	HP_JGA_4	</identifier>
					<transform>
						<row0>	0.0000 0.0000 1.0000 0.0000	</row0>
						<row1>	0.0000 1.0000 0.0000 0.0000	</row1>
						<row2>	-1.0000 0.0000 0.0000 0.0000	</row2>
						<row3>	-0.4621 0.2223 3.3218 1.0000	</row3>
					</transform>
				</node>
				<node>
					<identifier>	HP_JGA_5	</identifier>
					<transform>
						<row0>	0.5000 0.0000 0.8660 0.0000	</row0>
						<row1>	0.0000 1.0000 0.0000 0.0000	</row1>
						<row2>	-0.8660 0.0000 0.5000 0.0000	</row2>
						<row3>	-0.3240 0.2234 3.0218 1.0000	</row3>
					</transform>
				</node>
				<node>
					<identifier>	HP_JGA_6	</identifier>
					<transform>
						<row0>	0.5000 0.0000 -0.8660 0.0000	</row0>
						<row1>	0.0000 1.0000 0.0000 0.0000	</row1>
						<row2>	0.8660 0.0000 0.5000 0.0000	</row2>
						<row3>	0.3240 0.2234 3.0218 1.0000	</row3>
					</transform>
				</node>
				<node>
					<identifier>	HP_JGA_7	</identifier>
					<transform>
						<row0>	0.5000 0.0000 0.8660 0.0000	</row0>
						<row1>	0.0000 1.0000 0.0000 0.0000	</row1>
						<row2>	-0.8660 0.0000 0.5000 0.0000	</row2>
						<row3>	-0.4642 0.2238 2.9321 1.0000	</row3>
					</transform>
				</node>
				<node>
					<identifier>	HP_JGA_8	</identifier>
					<transform>
						<row0>	0.5000 0.0000 -0.8660 0.0000	</row0>
						<row1>	0.0000 1.0000 0.0000 0.0000	</row1>
						<row2>	0.8660 0.0000 0.5000 0.0000	</row2>
						<row3>	0.4646 0.2238 2.9319 1.0000	</row3>
					</transform>
				</node>
				<node>
					<identifier>	HP_JGA_9	</identifier>
					<transform>
						<row0>	0.5000 0.0000 0.8660 0.0000	</row0>
						<row1>	0.0000 1.0000 0.0000 0.0000	</row1>
						<row2>	-0.8660 0.0000 0.5000 0.0000	</row2>
						<row3>	-0.5544 0.2238 2.7546 1.0000	</row3>
					</transform>
				</node>
				<node>
					<identifier>	HP_JGM_3	</identifier>
					<transform>
						<row0>	0.9998 0.0000 -0.0175 0.0000	</row0>
						<row1>	0.0000 1.0000 0.0000 0.0000	</row1>
						<row2>	0.0175 0.0000 0.9998 0.0000	</row2>
						<row3>	0.0000 0.4672 2.8304 1.0000	</row3>
					</transform>
				</node>
				<node>
					<identifier>	HP_JGS_1	</identifier>
					<transform>
						<row0>	0.0000 0.0000 1.0000 0.0000	</row0>
						<row1>	0.0000 1.0000 0.0000 0.0000	</row1>
						<row2>	-1.0000 0.0000 0.0000 0.0000	</row2>
						<row3>	-0.5962 0.4004 0.3865 1.0000	</row3>
					</transform>
				</node>
				<node>
					<identifier>	HP_JGS_2	</identifier>
					<transform>
						<row0>	0.0000 0.0000 -1.0000 0.0000	</row0>
						<row1>	0.0000 1.0000 0.0000 0.0000	</row1>
						<row2>	1.0000 0.0000 0.0000 0.0000	</row2>
						<row3>	0.5962 0.4004 0.3865 1.0000	</row3>
					</transform>
				</node>
				<node>
					<identifier>	HP_JRS_1	</identifier>
					<transform>
						<row0>	-1.0000 0.0000 0.0000 0.0000	</row0>
						<row1>	0.0000 1.0000 0.0000 0.0000	</row1>
						<row2>	0.0000 0.0000 -1.0000 0.0000	</row2>
						<row3>	-0.1967 1.2350 1.7459 1.0000	</row3>
					</transform>
				</node>
				<node>
					<identifier>	HP_JRS_2	</identifier>
					<transform>
						<row0>	1.0000 0.0000 0.0000 0.0000	</row0>
						<row1>	0.0000 1.0000 0.0000 0.0000	</row1>
						<row2>	0.0000 0.0000 1.0000 0.0000	</row2>
						<row3>	0.1995 1.2350 1.7459 1.0000	</row3>
					</transform>
				</node>
				<node>
					<identifier>	HP_JRS_3	</identifier>
					<transform>
						<row0>	1.0000 0.0000 0.0000 0.0000	</row0>
						<row1>	0.0000 1.0000 0.0000 0.0000	</row1>
						<row2>	0.0000 0.0000 1.0000 0.0000	</row2>
						<row3>	-0.2644 1.2119 1.5491 1.0000	</row3>
					</transform>
				</node>
				<node>
					<identifier>	HP_JRS_4	</identifier>
					<transform>
						<row0>	1.0000 0.0000 0.0000 0.0000	</row0>
						<row1>	0.0000 1.0000 0.0000 0.0000	</row1>
						<row2>	0.0000 0.0000 1.0000 0.0000	</row2>
						<row3>	0.2644 1.2119 1.5491 1.0000	</row3>
					</transform>
				</node>
				<node>
					<identifier>	HP_JRS_5	</identifier>
					<transform>
						<row0>	1.0000 0.0000 0.0000 0.0000	</row0>
						<row1>	0.0000 1.0000 0.0000 0.0000	</row1>
						<row2>	0.0000 0.0000 1.0000 0.0000	</row2>
						<row3>	0.0000 1.5845 1.1897 1.0000	</row3>
					</transform>
				</node>
				<node>
					<identifier>	HP_JRS_6	</identifier>
					<transform>
						<row0>	1.0000 0.0000 0.0000 0.0000	</row0>
						<row1>	0.0000 1.0000 0.0000 0.0000	</row1>
						<row2>	0.0000 0.0000 1.0000 0.0000	</row2>
						<row3>	0.0000 1.1680 1.0536 1.0000	</row3>
					</transform>
				</node>
				<node>
					<identifier>	HP_flag_1	</identifier>
					<transform>
						<row0>	0.9728 -0.2317 -0.0059 0.0000	</row0>
						<row1>	0.2317 0.9715 0.0500 0.0000	</row1>
						<row2>	-0.0059 -0.0500 0.9987 0.0000	</row2>
						<row3>	0.3230 1.5769 1.3144 1.0000	</row3>
					</transform>
				</node>
				<node>
					<identifier>	HP_flag_2	</identifier>
					<transform>
						<row0>	0.9728 0.2317 0.0059 0.0000	</row0>
						<row1>	-0.2317 0.9715 0.0500 0.0000	</row1>
						<row2>	0.0059 -0.0500 0.9987 0.0000	</row2>
						<row3>	-0.3228 1.5768 1.3155 1.0000	</row3>
					</transform>
				</node>
				<node>
					<identifier>	HP_flag_3	</identifier>
					<transform>
						<row0>	0.9977 -0.0671 0.0009 0.0000	</row0>
						<row1>	0.0671 0.9974 -0.0263 0.0000	</row1>
						<row2>	0.0009 0.0263 0.9997 0.0000	</row2>
						<row3>	0.2139 1.5232 1.2541 1.0000	</row3>
					</transform>
				</node>
				<node>
					<identifier>	HP_flag_4	</identifier>
					<transform>
						<row0>	0.9977 0.0671 -0.0009 0.0000	</row0>
						<row1>	-0.0671 0.9974 -0.0263 0.0000	</row1>
						<row2>	-0.0009 0.0263 0.9997 0.0000	</row2>
						<row3>	-0.2139 1.5232 1.2541 1.0000	</row3>
					</transform>
				</node>
				<node>
					<identifier>	HP_flag_courtesy	</identifier>
					<transform>
						<row0>	0.9449 -0.3270 -0.0154 0.0000	</row0>
						<row1>	0.3270 0.9406 0.0917 0.0000	</row1>
						<row2>	-0.0154 -0.0917 0.9957 0.0000	</row2>
						<row3>	0.3886 1.5698 1.3549 1.0000	</row3>
					</transform>
				</node>
				<node>
					<identifier>	HP_flag_house	</identifier>
					<transform>
						<row0>	0.9449 0.3270 0.0154 0.0000	</row0>
						<row1>	-0.3270 0.9406 0.0917 0.0000	</row1>
						<row2>	0.0154 -0.0917 0.9957 0.0000	</row2>
						<row3>	-0.3893 1.5695 1.3558 1.0000	</row3>
					</transform>
				</node>
				<node>
					<identifier>	MP_CM011_Fire_Fighting_Gear	</identifier>
					<transform>
						<row0>	-1.0000 0.0000 0.0000 0.0000	</row0>
						<row1>	0.0000 1.0000 0.0000 0.0000	</row1>
						<row2>	0.0000 0.0000 -1.0000 0.0000	</row2>
						<row3>	0.0563 0.2228 3.0102 1.0000	</row3>
					</transform>
				</node>
				<node>
					<identifier>	MP_CM011_Fire_Fighting_Gear_INDEX_1	</identifier>
					<transform>
						<row0>	-1.0000 0.0000 0.0000 0.0000	</row0>
						<row1>	0.0000 1.0000 0.0000 0.0000	</row1>
						<row2>	0.0000 0.0000 -1.0000 0.0000	</row2>
						<row3>	-0.3554 0.2228 2.7500 1.0000	</row3>
					</transform>
				</node>
				<node>
					<identifier>	MP_CM011_Fire_Fighting_Gear_INDEX_2	</identifier>
					<transform>
						<row0>	1.0000 0.0000 0.0000 0.0000	</row0>
						<row1>	0.0000 1.0000 0.0000 0.0000	</row1>
						<row2>	0.0000 0.0000 1.0000 0.0000	</row2>
						<row3>	-0.1786 0.2235 0.1458 1.0000	</row3>
					</transform>
				</node>
				<node>
					<identifier>	MP_CM011_Fire_Fighting_Gear_INDEX_3	</identifier>
					<transform>
						<row0>	1.0000 0.0000 0.0000 0.0000	</row0>
						<row1>	0.0000 1.0000 0.0000 0.0000	</row1>
						<row2>	0.0000 0.0000 1.0000 0.0000	</row2>
						<row3>	0.1786 0.2235 0.1458 1.0000	</row3>
					</transform>
				</node>
				<node>
					<identifier>	MP_CM012_Fire_Hose_Rack_1	</identifier>
					<transform>
						<row0>	0.9553 0.0000 0.2956 0.0000	</row0>
						<row1>	0.0000 1.0000 0.0000 0.0000	</row1>
						<row2>	-0.2956 0.0000 0.9553 0.0000	</row2>
						<row3>	-0.1707 0.2981 2.7784 1.0000	</row3>
					</transform>
				</node>
				<node>
					<identifier>	MP_CM012_Fire_Hose_Rack_1_INDEX_1	</identifier>
					<transform>
						<row0>	-0.2999 0.0000 -0.9540 0.0000	</row0>
						<row1>	0.0000 1.0000 0.0000 0.0000	</row1>
						<row2>	0.9540 0.0000 -0.2999 0.0000	</row2>
						<row3>	0.0506 0.2981 3.0011 1.0000	</row3>
					</transform>
				</node>
				<node>
					<identifier>	MP_CM012_Fire_Hose_Rack_1_INDEX_2	</identifier>
					<transform>
						<row0>	0.0000 0.0000 1.0000 0.0000	</row0>
						<row1>	0.0000 1.0000 0.0000 0.0000	</row1>
						<row2>	-1.0000 0.0000 0.0000 0.0000	</row2>
						<row3>	0.2072 0.3007 0.1631 1.0000	</row3>
					</transform>
				</node>
				<node>
					<identifier>	MP_CM012_Fire_Hose_Rack_1_INDEX_3	</identifier>
					<transform>
						<row0>	0.0000 0.0000 1.0000 0.0000	</row0>
						<row1>	0.0000 1.0000 0.0000 0.0000	</row1>
						<row2>	-1.0000 0.0000 0.0000 0.0000	</row2>
						<row3>	-0.2072 0.3007 0.1631 1.0000	</row3>
					</transform>
				</node>
				<node>
					<identifier>	MP_CM029_Emergency_Box	</identifier>
					<transform>
						<row0>	-0.7923 0.0000 0.6101 0.0000	</row0>
						<row1>	0.0000 1.0000 0.0000 0.0000	</row1>
						<row2>	-0.6101 0.0000 -0.7923 0.0000	</row2>
						<row3>	0.0702 1.0996 1.7007 1.0000	</row3>
					</transform>
				</node>
				<node>
					<identifier>	MP_CM029_Emergency_Box_INDEX_1	</identifier>
					<transform>
						<row0>	-0.8446 -0.0087 -0.5354 0.0000	</row0>
						<row1>	0.1020 0.9790 -0.1767 0.0000	</row1>
						<row2>	0.5256 -0.2039 -0.8259 0.0000	</row2>
						<row3>	-0.1290 0.7009 1.8953 1.0000	</row3>
					</transform>
				</node>
				<node>
					<identifier>	MP_CM029_Emergency_Box_INDEX_2	</identifier>
					<transform>
						<row0>	0.0000 0.0000 1.0000 0.0000	</row0>
						<row1>	0.0000 1.0000 0.0000 0.0000	</row1>
						<row2>	-1.0000 0.0000 0.0000 0.0000	</row2>
						<row3>	0.0870 1.2717 1.5551 1.0000	</row3>
					</transform>
				</node>
				<node>
					<identifier>	MP_CM029_Emergency_Box_INDEX_3	</identifier>
					<transform>
						<row0>	-0.5475 0.0000 0.8368 0.0000	</row0>
						<row1>	0.0000 1.0000 0.0000 0.0000	</row1>
						<row2>	-0.8368 0.0000 -0.5475 0.0000	</row2>
						<row3>	0.4553 0.3036 1.9383 1.0000	</row3>
					</transform>
				</node>
				<node>
					<identifier>	MP_CM029_Emergency_Box_INDEX_4	</identifier>
					<transform>
						<row0>	-0.5475 0.0000 -0.8368 0.0000	</row0>
						<row1>	0.0000 1.0000 0.0000 0.0000	</row1>
						<row2>	0.8368 0.0000 -0.5475 0.0000	</row2>
						<row3>	-0.4553 0.3036 1.9383 1.0000	</row3>
					</transform>
				</node>
				<node>
					<identifier>	MP_CM029_Emergency_Box_INDEX_5	</identifier>
					<transform>
						<row0>	-0.0083 0.0000 -1.0000 0.0000	</row0>
						<row1>	0.0000 1.0000 0.0000 0.0000	</row1>
						<row2>	1.0000 0.0000 -0.0083 0.0000	</row2>
						<row3>	-0.3087 0.4725 1.6639 1.0000	</row3>
					</transform>
				</node>
				<node>
					<identifier>	MP_CM029_Emergency_Box_INDEX_6	</identifier>
					<transform>
						<row0>	-0.0083 0.0000 1.0000 0.0000	</row0>
						<row1>	0.0000 1.0000 0.0000 0.0000	</row1>
						<row2>	-1.0000 0.0000 -0.0083 0.0000	</row2>
						<row3>	0.3089 0.4725 1.6362 1.0000	</row3>
					</transform>
				</node>
				<node>
					<identifier>	MP_CM029_Emergency_Box_INDEX_7	</identifier>
					<transform>
						<row0>	1.0000 0.0000 0.0000 0.0000	</row0>
						<row1>	0.0000 1.0000 0.0000 0.0000	</row1>
						<row2>	0.0000 0.0000 1.0000 0.0000	</row2>
						<row3>	0.0127 0.4725 0.4934 1.0000	</row3>
					</transform>
				</node>
				<node>
					<identifier>	MP_CM059_Ladder_Cruiser	</identifier>
					<transform>
						<row0>	0.9996 0.0000 0.0280 0.0000	</row0>
						<row1>	0.0000 1.0000 0.0000 0.0000	</row1>
						<row2>	-0.0280 0.0000 0.9996 0.0000	</row2>
						<row3>	0.6002 0.2230 2.2389 1.0000	</row3>
					</transform>
				</node>
				<node>
					<identifier>	MP_CM059_Ladder_Cruiser_INDEX_1	</identifier>
					<transform>
						<row0>	0.9996 0.0000 -0.0280 0.0000	</row0>
						<row1>	0.0000 1.0000 0.0000 0.0000	</row1>
						<row2>	0.0280 0.0000 0.9996 0.0000	</row2>
						<row3>	-0.6002 0.2229 2.2389 1.0000	</row3>
					</transform>
				</node>
				<node>
					<identifier>	MP_CM060_Flag_Box	</identifier>
					<transform>
						<row0>	0.9260 0.0000 0.0000 0.0000	</row0>
						<row1>	0.0000 0.8003 -0.1356 0.0000	</row1>
						<row2>	0.0000 0.0984 0.5808 0.0000	</row2>
						<row3>	0.1029 0.9231 1.2702 1.0000	</row3>
					</transform>
				</node>
				<node>
					<identifier>	MP_CM060_Flag_Box_INDEX_1	</identifier>
					<transform>
						<row0>	0.9260 0.0000 0.0000 0.0000	</row0>
						<row1>	0.0000 0.8003 -0.1356 0.0000	</row1>
						<row2>	0.0000 0.0984 0.5808 0.0000	</row2>
						<row3>	-0.1029 0.9231 1.2702 1.0000	</row3>
					</transform>
				</node>
				<node>
					<identifier>	MP_CM092_Siren	</identifier>
					<transform>
						<row0>	0.5000 0.0000 -0.8660 0.0000	</row0>
						<row1>	0.0000 1.0000 0.0000 0.0000	</row1>
						<row2>	0.8660 0.0000 0.5000 0.0000	</row2>
						<row3>	0.1141 1.1178 0.5470 1.0000	</row3>
					</transform>
				</node>
				<node>
					<identifier>	MP_CM092_Siren_INDEX_1	</identifier>
					<transform>
						<row0>	0.5000 0.0000 0.8660 0.0000	</row0>
						<row1>	0.0000 1.0000 0.0000 0.0000	</row1>
						<row2>	-0.8660 0.0000 0.5000 0.0000	</row2>
						<row3>	-0.1141 1.1178 0.5470 1.0000	</row3>
					</transform>
				</node>
				<node>
					<identifier>	MP_JM006_Binocular_1	</identifier>
					<transform>
						<row0>	1.0000 0.0000 0.0000 0.0000	</row0>
						<row1>	0.0000 1.0000 0.0000 0.0000	</row1>
						<row2>	0.0000 0.0000 1.0000 0.0000	</row2>
						<row3>	0.2295 0.8958 1.4804 1.0000	</row3>
					</transform>
				</node>
				<node>
					<identifier>	MP_JM006_Binocular_1_INDEX_1	</identifier>
					<transform>
						<row0>	1.0000 0.0000 0.0000 0.0000	</row0>
						<row1>	0.0000 1.0000 0.0000 0.0000	</row1>
						<row2>	0.0000 0.0000 1.0000 0.0000	</row2>
						<row3>	0.2380 0.8748 1.5702 1.0000	</row3>
					</transform>
				</node>
				<node>
					<identifier>	MP_JM006_Binocular_1_INDEX_2	</identifier>
					<transform>
						<row0>	-1.0000 0.0000 0.0000 0.0000	</row0>
						<row1>	0.0000 1.0000 0.0000 0.0000	</row1>
						<row2>	0.0000 0.0000 -1.0000 0.0000	</row2>
						<row3>	-0.2295 0.8958 1.4804 1.0000	</row3>
					</transform>
				</node>
				<node>
					<identifier>	MP_JM006_Binocular_1_INDEX_3	</identifier>
					<transform>
						<row0>	-1.0000 0.0000 0.0000 0.0000	</row0>
						<row1>	0.0000 1.0000 0.0000 0.0000	</row1>
						<row2>	0.0000 0.0000 -1.0000 0.0000	</row2>
						<row3>	-0.2380 0.8748 1.5702 1.0000	</row3>
					</transform>
				</node>
				<node>
					<identifier>	MP_JM006_Binocular_1_INDEX_4	</identifier>
					<transform>
						<row0>	0.7071 0.0000 -0.7071 0.0000	</row0>
						<row1>	0.0000 1.0000 0.0000 0.0000	</row1>
						<row2>	0.7071 0.0000 0.7071 0.0000	</row2>
						<row3>	0.1674 1.0276 1.4304 1.0000	</row3>
					</transform>
				</node>
				<node>
					<identifier>	MP_JM006_Binocular_1_INDEX_5	</identifier>
					<transform>
						<row0>	-0.7071 0.0000 -0.7071 0.0000	</row0>
						<row1>	0.0000 1.0000 0.0000 0.0000	</row1>
						<row2>	0.7071 0.0000 -0.7071 0.0000	</row2>
						<row3>	-0.1674 1.0276 1.4304 1.0000	</row3>
					</transform>
				</node>
				<node>
					<identifier>	MP_JM011_Day_Light	</identifier>
					<transform>
						<row0>	1.0000 0.0000 0.0000 0.0000	</row0>
						<row1>	0.0000 1.0000 0.0000 0.0000	</row1>
						<row2>	0.0000 0.0000 1.0000 0.0000	</row2>
						<row3>	0.1369 1.5695 1.2338 1.0000	</row3>
					</transform>
				</node>
				<node>
					<identifier>	MP_JM011_Day_Light_INDEX_1	</identifier>
					<transform>
						<row0>	1.0000 0.0000 0.0000 0.0000	</row0>
						<row1>	0.0000 1.0000 0.0000 0.0000	</row1>
						<row2>	0.0000 0.0000 1.0000 0.0000	</row2>
						<row3>	0.0000 1.8733 1.0658 1.0000	</row3>
					</transform>
				</node>
				<node>
					<identifier>	MP_JM018_Ventilators_2	</identifier>
					<transform>
						<row0>	0.9847 0.0000 -0.1741 0.0000	</row0>
						<row1>	0.0000 1.0000 0.0000 0.0000	</row1>
						<row2>	0.1741 0.0000 0.9847 0.0000	</row2>
						<row3>	0.1271 0.3901 0.0652 1.0000	</row3>
					</transform>
				</node>
				<node>
					<identifier>	MP_JM018_Ventilators_2_INDEX_1	</identifier>
					<transform>
						<row0>	-1.0000 0.0000 0.0000 0.0000	</row0>
						<row1>	0.0000 1.0000 0.0000 0.0000	</row1>
						<row2>	0.0000 0.0000 -1.0000 0.0000	</row2>
						<row3>	-0.0719 0.3901 0.0451 1.0000	</row3>
					</transform>
				</node>
				<node>
					<identifier>	MP_JM018_Ventilators_2_INDEX_2	</identifier>
					<transform>
						<row0>	1.0000 0.0000 0.0000 0.0000	</row0>
						<row1>	0.0000 1.0000 0.0000 0.0000	</row1>
						<row2>	0.0000 0.0000 1.0000 0.0000	</row2>
						<row3>	0.5925 0.2231 2.5908 1.0000	</row3>
					</transform>
				</node>
				<node>
					<identifier>	MP_JM018_Ventilators_2_INDEX_3	</identifier>
					<transform>
						<row0>	1.0000 0.0000 0.0000 0.0000	</row0>
						<row1>	0.0000 1.0000 0.0000 0.0000	</row1>
						<row2>	0.0000 0.0000 1.0000 0.0000	</row2>
						<row3>	-0.5853 0.2228 3.4340 1.0000	</row3>
					</transform>
				</node>
				<node>
					<identifier>	MP_JM018_Ventilators_2_INDEX_4	</identifier>
					<transform>
						<row0>	1.0000 0.0000 0.0000 0.0000	</row0>
						<row1>	0.0000 1.0000 0.0000 0.0000	</row1>
						<row2>	0.0000 0.0000 1.0000 0.0000	</row2>
						<row3>	-0.5932 0.2231 2.5920 1.0000	</row3>
					</transform>
				</node>
				<node>
					<identifier>	MP_JM018_Ventilators_2_INDEX_5	</identifier>
					<transform>
						<row0>	1.0000 0.0000 0.0000 0.0000	</row0>
						<row1>	0.0000 1.0000 0.0000 0.0000	</row1>
						<row2>	0.0000 0.0000 1.0000 0.0000	</row2>
						<row3>	0.5932 0.2228 3.2216 1.0000	</row3>
					</transform>
				</node>
				<node>
					<identifier>	MP_JM018_Ventilators_2_INDEX_6	</identifier>
					<transform>
						<row0>	1.0000 0.0000 0.0000 0.0000	</row0>
						<row1>	0.0000 1.0000 0.0000 0.0000	</row1>
						<row2>	0.0000 0.0000 1.0000 0.0000	</row2>
						<row3>	0.5857 0.2228 3.4335 1.0000	</row3>
					</transform>
				</node>
				<node>
					<identifier>	MP_JM018_Ventilators_2_INDEX_7	</identifier>
					<transform>
						<row0>	1.0000 0.0000 0.0000 0.0000	</row0>
						<row1>	0.0000 1.0000 0.0000 0.0000	</row1>
						<row2>	0.0000 0.0000 1.0000 0.0000	</row2>
						<row3>	-0.5934 0.2228 3.2215 1.0000	</row3>
					</transform>
				</node>
				<node>
					<identifier>	MP_JM018_Ventilators_2_INDEX_8	</identifier>
					<transform>
						<row0>	0.7136 0.0000 -0.7005 0.0000	</row0>
						<row1>	0.0000 1.0000 0.0000 0.0000	</row1>
						<row2>	0.7005 0.0000 0.7136 0.0000	</row2>
						<row3>	0.0927 0.2228 2.4086 1.0000	</row3>
					</transform>
				</node>
				<node>
					<identifier>	MP_JM019_Ventilators_3	</identifier>
					<transform>
						<row0>	1.0000 0.0000 0.0000 0.0000	</row0>
						<row1>	0.0000 1.0000 0.0000 0.0000	</row1>
						<row2>	0.0000 0.0000 1.0000 0.0000	</row2>
						<row3>	-0.1200 0.3901 0.0585 1.0000	</row3>
					</transform>
				</node>
				<node>
					<identifier>	MP_JM019_Ventilators_3_INDEX_1	</identifier>
					<transform>
						<row0>	0.9159 0.0000 -0.4013 0.0000	</row0>
						<row1>	0.0000 1.0000 0.0000 0.0000	</row1>
						<row2>	0.4013 0.0000 0.9159 0.0000	</row2>
						<row3>	0.0853 0.3901 0.0864 1.0000	</row3>
					</transform>
				</node>
				<node>
					<identifier>	MP_JM019_Ventilators_3_INDEX_10	</identifier>
					<transform>
						<row0>	0.7391 0.0000 0.6736 0.0000	</row0>
						<row1>	0.0000 1.0000 0.0000 0.0000	</row1>
						<row2>	-0.6736 0.0000 0.7391 0.0000	</row2>
						<row3>	-0.1192 0.2228 3.2832 1.0000	</row3>
					</transform>
				</node>
				<node>
					<identifier>	MP_JM019_Ventilators_3_INDEX_11	</identifier>
					<transform>
						<row0>	0.9999 0.0000 0.0120 0.0000	</row0>
						<row1>	0.0000 1.0000 0.0000 0.0000	</row1>
						<row2>	-0.0120 0.0000 0.9999 0.0000	</row2>
						<row3>	0.0175 0.2228 3.3599 1.0000	</row3>
					</transform>
				</node>
				<node>
					<identifier>	MP_JM019_Ventilators_3_INDEX_12	</identifier>
					<transform>
						<row0>	0.6827 0.0000 -0.7307 0.0000	</row0>
						<row1>	0.0000 1.0000 0.0000 0.0000	</row1>
						<row2>	0.7307 0.0000 0.6827 0.0000	</row2>
						<row3>	0.1159 0.2228 3.1883 1.0000	</row3>
					</transform>
				</node>
				<node>
					<identifier>	MP_JM019_Ventilators_3_INDEX_13	</identifier>
					<transform>
						<row0>	-0.9999 0.0000 0.0166 0.0000	</row0>
						<row1>	0.0000 1.0000 0.0000 0.0000	</row1>
						<row2>	-0.0166 0.0000 -0.9999 0.0000	</row2>
						<row3>	-0.0541 0.2228 3.1984 1.0000	</row3>
					</transform>
				</node>
				<node>
					<identifier>	MP_JM019_Ventilators_3_INDEX_14	</identifier>
					<transform>
						<row0>	0.8318 0.0000 0.5551 0.0000	</row0>
						<row1>	0.0000 1.0000 0.0000 0.0000	</row1>
						<row2>	-0.5551 0.0000 0.8318 0.0000	</row2>
						<row3>	-0.0981 0.2228 3.1955 1.0000	</row3>
					</transform>
				</node>
				<node>
					<identifier>	MP_JM019_Ventilators_3_INDEX_15	</identifier>
					<transform>
						<row0>	0.9999 0.0000 0.0120 0.0000	</row0>
						<row1>	0.0000 1.0000 0.0000 0.0000	</row1>
						<row2>	-0.0120 0.0000 0.9999 0.0000	</row2>
						<row3>	0.0304 0.2228 3.4278 1.0000	</row3>
					</transform>
				</node>
				<node>
					<identifier>	MP_JM019_Ventilators_3_INDEX_16	</identifier>
					<transform>
						<row0>	-0.9999 0.0000 0.0166 0.0000	</row0>
						<row1>	0.0000 1.0000 0.0000 0.0000	</row1>
						<row2>	-0.0166 0.0000 -0.9999 0.0000	</row2>
						<row3>	-0.0233 0.2228 3.1715 1.0000	</row3>
					</transform>
				</node>
				<node>
					<identifier>	MP_JM019_Ventilators_3_INDEX_17	</identifier>
					<transform>
						<row0>	1.0000 0.0000 -0.0026 0.0000	</row0>
						<row1>	0.0000 1.0000 0.0000 0.0000	</row1>
						<row2>	0.0026 0.0000 1.0000 0.0000	</row2>
						<row3>	-0.0788 0.2205 2.2601 1.0000	</row3>
					</transform>
				</node>
				<node>
					<identifier>	MP_JM019_Ventilators_3_INDEX_18	</identifier>
					<transform>
						<row0>	-0.9999 0.0000 -0.0158 0.0000	</row0>
						<row1>	0.0000 1.0000 0.0000 0.0000	</row1>
						<row2>	0.0158 0.0000 -0.9999 0.0000	</row2>
						<row3>	-0.0226 0.2212 3.2215 1.0000	</row3>
					</transform>
				</node>
				<node>
					<identifier>	MP_JM019_Ventilators_3_INDEX_19	</identifier>
					<transform>
						<row0>	0.9999 0.0000 -0.0166 0.0000	</row0>
						<row1>	0.0000 1.0000 0.0000 0.0000	</row1>
						<row2>	0.0166 0.0000 0.9999 0.0000	</row2>
						<row3>	-0.0806 0.2213 3.1565 1.0000	</row3>
					</transform>
				</node>
				<node>
					<identifier>	MP_JM019_Ventilators_3_INDEX_2	</identifier>
					<transform>
						<row0>	1.0000 0.0000 0.0000 0.0000	</row0>
						<row1>	0.0000 1.0000 0.0000 0.0000	</row1>
						<row2>	0.0000 0.0000 1.0000 0.0000	</row2>
						<row3>	-0.5857 0.2220 1.7666 1.0000	</row3>
					</transform>
				</node>
				<node>
					<identifier>	MP_JM019_Ventilators_3_INDEX_20	</identifier>
					<transform>
						<row0>	0.9670 0.0000 -0.2546 0.0000	</row0>
						<row1>	0.0000 1.0000 0.0000 0.0000	</row1>
						<row2>	0.2546 0.0000 0.9670 0.0000	</row2>
						<row3>	-0.0226 0.2219 2.3860 1.0000	</row3>
					</transform>
				</node>
				<node>
					<identifier>	MP_JM019_Ventilators_3_INDEX_3	</identifier>
					<transform>
						<row0>	1.0000 0.0000 0.0000 0.0000	</row0>
						<row1>	0.0000 1.0000 0.0000 0.0000	</row1>
						<row2>	0.0000 0.0000 1.0000 0.0000	</row2>
						<row3>	-0.6053 0.2220 1.7344 1.0000	</row3>
					</transform>
				</node>
				<node>
					<identifier>	MP_JM019_Ventilators_3_INDEX_4	</identifier>
					<transform>
						<row0>	1.0000 0.0000 0.0000 0.0000	</row0>
						<row1>	0.0000 1.0000 0.0000 0.0000	</row1>
						<row2>	0.0000 0.0000 1.0000 0.0000	</row2>
						<row3>	0.6053 0.2220 1.7344 1.0000	</row3>
					</transform>
				</node>
				<node>
					<identifier>	MP_JM019_Ventilators_3_INDEX_5	</identifier>
					<transform>
						<row0>	1.0000 0.0000 0.0000 0.0000	</row0>
						<row1>	0.0000 1.0000 0.0000 0.0000	</row1>
						<row2>	0.0000 0.0000 1.0000 0.0000	</row2>
						<row3>	0.5857 0.2220 1.7666 1.0000	</row3>
					</transform>
				</node>
				<node>
					<identifier>	MP_JM019_Ventilators_3_INDEX_6	</identifier>
					<transform>
						<row0>	0.7136 0.0000 -0.7005 0.0000	</row0>
						<row1>	0.0000 1.0000 0.0000 0.0000	</row1>
						<row2>	0.7005 0.0000 0.7136 0.0000	</row2>
						<row3>	0.0856 0.2228 2.3594 1.0000	</row3>
					</transform>
				</node>
				<node>
					<identifier>	MP_JM019_Ventilators_3_INDEX_7	</identifier>
					<transform>
						<row0>	-1.0000 0.0000 0.0026 0.0000	</row0>
						<row1>	0.0000 1.0000 0.0000 0.0000	</row1>
						<row2>	-0.0026 0.0000 -1.0000 0.0000	</row2>
						<row3>	-0.0233 0.2228 2.3507 1.0000	</row3>
					</transform>
				</node>
				<node>
					<identifier>	MP_JM019_Ventilators_3_INDEX_8	</identifier>
					<transform>
						<row0>	-1.0000 0.0000 0.0026 0.0000	</row0>
						<row1>	0.0000 1.0000 0.0000 0.0000	</row1>
						<row2>	-0.0026 0.0000 -1.0000 0.0000	</row2>
						<row3>	-0.0515 0.2228 2.3024 1.0000	</row3>
					</transform>
				</node>
				<node>
					<identifier>	MP_JM019_Ventilators_3_INDEX_9	</identifier>
					<transform>
						<row0>	0.8263 0.0000 0.5632 0.0000	</row0>
						<row1>	0.0000 1.0000 0.0000 0.0000	</row1>
						<row2>	-0.5632 0.0000 0.8263 0.0000	</row2>
						<row3>	-0.0959 0.2228 2.2981 1.0000	</row3>
					</transform>
				</node>
				<node>
					<identifier>	MP_JM020_Ventilators_4	</identifier>
					<transform>
						<row0>	1.0000 0.0000 0.0000 0.0000	</row0>
						<row1>	0.0000 1.0000 0.0000 0.0000	</row1>
						<row2>	0.0000 0.0000 1.0000 0.0000	</row2>
						<row3>	-0.0369 0.2228 3.4191 1.0000	</row3>
					</transform>
				</node>
				<node>
					<identifier>	MP_JM020_Ventilators_4_INDEX_1	</identifier>
					<transform>
						<row0>	0.4240 0.0000 -0.4538 0.0000	</row0>
						<row1>	0.0000 0.6210 0.0000 0.0000	</row1>
						<row2>	0.4538 0.0000 0.4240 0.0000	</row2>
						<row3>	0.1216 0.2228 3.2374 1.0000	</row3>
					</transform>
				</node>
				<node>
					<identifier>	MP_JM020_Ventilators_4_INDEX_2	</identifier>
					<transform>
						<row0>	-0.4585 0.0000 0.3537 0.0000	</row0>
						<row1>	0.0000 0.5791 0.0000 0.0000	</row1>
						<row2>	-0.3537 0.0000 -0.4585 0.0000	</row2>
						<row3>	0.0683 0.2228 3.3126 1.0000	</row3>
					</transform>
				</node>
				<node>
					<identifier>	MP_JM020_Ventilators_4_INDEX_3	</identifier>
					<transform>
						<row0>	-0.8080 0.0000 0.0000 0.0000	</row0>
						<row1>	0.0000 0.8080 0.0000 0.0000	</row1>
						<row2>	0.0000 0.0000 -0.8080 0.0000	</row2>
						<row3>	0.0330 0.2228 3.2042 1.0000	</row3>
					</transform>
				</node>
				<node>
					<identifier>	MP_JM030_Wind_Direction	</identifier>
					<transform>
						<row0>	1.0000 0.0000 0.0000 0.0000	</row0>
						<row1>	0.0000 1.0000 0.0000 0.0000	</row1>
						<row2>	0.0000 0.0000 1.0000 0.0000	</row2>
						<row3>	0.3643 1.6399 1.3325 1.0000	</row3>
					</transform>
				</node>
				<node>
					<identifier>	MP_JM031_Wind_Intensity	</identifier>
					<transform>
						<row0>	1.0000 0.0000 0.0000 0.0000	</row0>
						<row1>	0.0000 1.0000 0.0000 0.0000	</row1>
						<row2>	0.0000 0.0000 1.0000 0.0000	</row2>
						<row3>	-0.3643 1.6399 1.3325 1.0000	</row3>
					</transform>
				</node>
				<node>
					<identifier>	MP_JM037_Cutter_9m	</identifier>
					<transform>
						<row0>	0.9944 0.0000 -0.1060 0.0000	</row0>
						<row1>	0.0000 1.0000 0.0000 0.0000	</row1>
						<row2>	0.1060 0.0000 0.9944 0.0000	</row2>
						<row3>	0.4416 0.4032 1.0363 1.0000	</row3>
					</transform>
				</node>
				<node>
					<identifier>	MP_JM037_Cutter_9m_INDEX_1	</identifier>
					<transform>
						<row0>	0.9944 0.0000 0.1060 0.0000	</row0>
						<row1>	0.0000 1.0000 0.0000 0.0000	</row1>
						<row2>	-0.1060 0.0000 0.9944 0.0000	</row2>
						<row3>	-0.4416 0.4032 1.0363 1.0000	</row3>
					</transform>
				</node>
				<node>
					<identifier>	MP_JM055_Deck_Hatch_4	</identifier>
					<transform>
						<row0>	0.0000 0.0000 -0.5173 0.0000	</row0>
						<row1>	0.0000 0.5173 0.0000 0.0000	</row1>
						<row2>	0.5173 0.0000 0.0000 0.0000	</row2>
						<row3>	-0.2052 0.2226 2.1057 1.0000	</row3>
					</transform>
				</node>
				<node>
					<identifier>	MP_JM055_Deck_Hatch_4_INDEX_1	</identifier>
					<transform>
						<row0>	0.0000 0.0000 -0.5173 0.0000	</row0>
						<row1>	0.0000 0.5173 0.0000 0.0000	</row1>
						<row2>	0.5173 0.0000 0.0000 0.0000	</row2>
						<row3>	-0.3145 0.2227 2.7727 1.0000	</row3>
					</transform>
				</node>
				<node>
					<identifier>	MP_JM055_Deck_Hatch_4_INDEX_2	</identifier>
					<transform>
						<row0>	0.0000 0.0000 0.5173 0.0000	</row0>
						<row1>	0.0000 0.5173 0.0000 0.0000	</row1>
						<row2>	-0.5173 0.0000 0.0000 0.0000	</row2>
						<row3>	0.3145 0.2227 2.7727 1.0000	</row3>
					</transform>
				</node>
				<node>
					<identifier>	MP_JM055_Deck_Hatch_4_INDEX_3	</identifier>
					<transform>
						<row0>	0.0000 0.0000 0.5173 0.0000	</row0>
						<row1>	0.0000 0.5173 0.0000 0.0000	</row1>
						<row2>	-0.5173 0.0000 0.0000 0.0000	</row2>
						<row3>	0.2052 0.2226 2.1057 1.0000	</row3>
					</transform>
				</node>
				<node>
					<identifier>	MP_JM055_Deck_Hatch_4_INDEX_4	</identifier>
