<ISB304_Marcantonio_Colonna_1941_Bow.skel_ext>
	<exported>	true	</exported>
	<node>
		<identifier>	MP_CM011_Fire_Fighting_Gear	</identifier>
		<parent>	Scene Root	</parent>
		<transform>
			<row0>	1.0000 0.0000 0.0000 0.0000	</row0>
			<row1>	0.0000 1.0000 0.0000 0.0000	</row1>
			<row2>	0.0000 0.0000 1.0000 0.0000	</row2>
			<row3>	0.0117 0.3542 6.4835 1.0000	</row3>
		</transform>
	</node>
	<node>
		<identifier>	MP_CM011_Fire_Fighting_Gear_INDEX_1	</identifier>
		<parent>	Scene Root	</parent>
		<transform>
			<row0>	1.0000 0.0000 0.0000 0.0000	</row0>
			<row1>	0.0000 1.0000 0.0000 0.0000	</row1>
			<row2>	0.0000 0.0000 1.0000 0.0000	</row2>
			<row3>	0.1843 0.2781 3.2161 1.0000	</row3>
		</transform>
	</node>
	<node>
		<identifier>	MP_CM011_Fire_Fighting_Gear_INDEX_2	</identifier>
		<parent>	Scene Root	</parent>
		<transform>
			<row0>	1.0000 0.0000 0.0000 0.0000	</row0>
			<row1>	0.0000 1.0000 0.0000 0.0000	</row1>
			<row2>	0.0000 0.0000 1.0000 0.0000	</row2>
			<row3>	-0.1843 0.2781 3.2161 1.0000	</row3>
		</transform>
	</node>
	<node>
		<identifier>	MP_CM011_Fire_Fighting_Gear_INDEX_3	</identifier>
		<parent>	Scene Root	</parent>
		<transform>
			<row0>	1.0000 0.0000 0.0000 0.0000	</row0>
			<row1>	0.0000 1.0000 0.0000 0.0000	</row1>
			<row2>	0.0000 0.0000 1.0000 0.0000	</row2>
			<row3>	0.0224 0.2970 5.0895 1.0000	</row3>
		</transform>
	</node>
	<node>
		<identifier>	MP_CM011_Fire_Fighting_Gear_INDEX_4	</identifier>
		<parent>	Scene Root	</parent>
		<transform>
			<row0>	0.0000 0.0000 -1.0000 0.0000	</row0>
			<row1>	0.0000 1.0000 0.0000 0.0000	</row1>
			<row2>	1.0000 0.0000 0.0000 0.0000	</row2>
			<row3>	-0.3245 0.2801 4.0404 1.0000	</row3>
		</transform>
	</node>
	<node>
		<identifier>	MP_CM011_Fire_Fighting_Gear_INDEX_5	</identifier>
		<parent>	Scene Root	</parent>
		<transform>
			<row0>	0.0000 0.0000 1.0000 0.0000	</row0>
			<row1>	0.0000 1.0000 0.0000 0.0000	</row1>
			<row2>	-1.0000 0.0000 0.0000 0.0000	</row2>
			<row3>	0.3245 0.2801 4.0404 1.0000	</row3>
		</transform>
	</node>
	<node>
		<identifier>	MP_IM026_Reels	</identifier>
		<parent>	Scene Root	</parent>
		<transform>
			<row0>	0.7707 0.0000 -0.6372 0.0000	</row0>
			<row1>	0.0000 1.0000 0.0000 0.0000	</row1>
			<row2>	0.6372 0.0000 0.7707 0.0000	</row2>
			<row3>	0.2970 0.2787 4.1198 1.0000	</row3>
		</transform>
	</node>
	<node>
		<identifier>	MP_IM026_Reels_INDEX_1	</identifier>
		<parent>	Scene Root	</parent>
		<transform>
			<row0>	0.7707 0.0000 0.6372 0.0000	</row0>
			<row1>	0.0000 1.0000 0.0000 0.0000	</row1>
			<row2>	-0.6372 0.0000 0.7707 0.0000	</row2>
			<row3>	-0.2970 0.2787 4.1198 1.0000	</row3>
		</transform>
	</node>
	<node>
		<identifier>	MP_IM026_Reels_INDEX_2	</identifier>
		<parent>	Scene Root	</parent>
		<transform>
			<row0>	1.0000 0.0000 0.0000 0.0000	</row0>
			<row1>	0.0000 1.0000 0.0000 0.0000	</row1>
			<row2>	0.0000 0.0000 1.0000 0.0000	</row2>
			<row3>	0.1901 0.2836 4.5508 1.0000	</row3>
		</transform>
	</node>
	<node>
		<identifier>	MP_IM026_Reels_INDEX_3	</identifier>
		<parent>	Scene Root	</parent>
		<transform>
			<row0>	1.0000 0.0000 0.0000 0.0000	</row0>
			<row1>	0.0000 1.0000 0.0000 0.0000	</row1>
			<row2>	0.0000 0.0000 1.0000 0.0000	</row2>
			<row3>	-0.0873 0.2946 5.0933 1.0000	</row3>
		</transform>
	</node>
	<node>
		<identifier>	MP_IM032_Fire_Hose	</identifier>
		<parent>	Scene Root	</parent>
		<transform>
			<row0>	0.7728 -0.0308 0.6339 0.0000	</row0>
			<row1>	-0.1566 0.9587 0.2375 0.0000	</row1>
			<row2>	-0.6150 -0.2829 0.7361 0.0000	</row2>
			<row3>	-0.3350 0.3066 4.0084 1.0000	</row3>
		</transform>
	</node>
	<node>
		<identifier>	MP_IM032_Fire_Hose_INDEX_1	</identifier>
		<parent>	Scene Root	</parent>
		<transform>
			<row0>	0.9814 -0.0134 -0.1917 0.0000	</row0>
			<row1>	0.0841 0.9269 0.3657 0.0000	</row1>
			<row2>	0.1728 -0.3750 0.9108 0.0000	</row2>
			<row3>	0.0673 0.3083 4.1807 1.0000	</row3>
		</transform>
	</node>
	<node>
		<identifier>	MP_IM032_Fire_Hose_INDEX_2	</identifier>
		<parent>	Scene Root	</parent>
		<transform>
			<row0>	0.7728 0.0308 -0.6339 0.0000	</row0>
			<row1>	0.1566 0.9587 0.2375 0.0000	</row1>
			<row2>	0.6150 -0.2829 0.7361 0.0000	</row2>
			<row3>	0.3296 0.3088 4.0137 1.0000	</row3>
		</transform>
	</node>
	<node>
		<identifier>	MP_IM032_Fire_Hose_INDEX_3	</identifier>
		<parent>	Scene Root	</parent>
		<transform>
			<row0>	-0.8844 0.0000 -0.4668 0.0000	</row0>
			<row1>	0.0000 1.0000 0.0000 0.0000	</row1>
			<row2>	0.4668 0.0000 -0.8844 0.0000	</row2>
			<row3>	0.2059 0.3282 3.2469 1.0000	</row3>
		</transform>
	</node>
	<node>
		<identifier>	MP_IM032_Fire_Hose_INDEX_4	</identifier>
		<parent>	Scene Root	</parent>
		<transform>
			<row0>	0.9814 0.0134 0.1917 0.0000	</row0>
			<row1>	-0.0841 0.9269 0.3657 0.0000	</row1>
			<row2>	-0.1728 -0.3750 0.9108 0.0000	</row2>
			<row3>	-0.0673 0.3083 4.1809 1.0000	</row3>
		</transform>
	</node>
	<node>
		<identifier>	MP_IM032_Fire_Hose_INDEX_5	</identifier>
		<parent>	Scene Root	</parent>
		<transform>
			<row0>	-0.8844 0.0000 0.4668 0.0000	</row0>
			<row1>	0.0000 1.0000 0.0000 0.0000	</row1>
			<row2>	-0.4668 0.0000 -0.8844 0.0000	</row2>
			<row3>	-0.2059 0.3282 3.2469 1.0000	</row3>
		</transform>
	</node>
	<node>
		<identifier>	MP_IM033_Life_Buoy	</identifier>
		<parent>	Scene Root	</parent>
		<transform>
			<row0>	-0.1122 0.0000 -0.9937 0.0000	</row0>
			<row1>	0.0000 1.0000 0.0000 0.0000	</row1>
			<row2>	0.9937 0.0000 -0.1122 0.0000	</row2>
			<row3>	-0.5295 0.3759 5.1503 1.0000	</row3>
		</transform>
	</node>
	<node>
		<identifier>	MP_IM033_Life_Buoy_INDEX_1	</identifier>
		<parent>	Scene Root	</parent>
		<transform>
			<row0>	-0.1122 0.0000 0.9937 0.0000	</row0>
			<row1>	0.0000 1.0000 0.0000 0.0000	</row1>
			<row2>	-0.9937 0.0000 -0.1122 0.0000	</row2>
			<row3>	0.5295 0.3759 5.1503 1.0000	</row3>
		</transform>
	</node>
	<node>
		<identifier>	MP_IM044_Bow_Star	</identifier>
		<parent>	Scene Root	</parent>
		<transform>
			<row0>	0.8129 0.0000 0.0000 0.0000	</row0>
			<row1>	0.0000 0.6625 0.4710 0.0000	</row1>
			<row2>	0.0000 -0.4710 0.6625 0.0000	</row2>
			<row3>	0.0000 0.3637 7.1326 1.0000	</row3>
		</transform>
	</node>
	<node>
		<identifier>	MP_IM528_Zatterino_3_5m	</identifier>
		<parent>	Scene Root	</parent>
		<transform>
			<row0>	-1.0000 0.0000 0.0000 0.0000	</row0>
			<row1>	0.0000 -1.0000 0.0000 0.0000	</row1>
			<row2>	0.0000 0.0000 1.0000 0.0000	</row2>
			<row3>	0.3465 0.3274 3.2314 1.0000	</row3>
		</transform>
	</node>
	<node>
		<identifier>	MP_IM528_Zatterino_3_5m_INDEX_1	</identifier>
		<parent>	Scene Root	</parent>
		<transform>
			<row0>	-1.0000 0.0000 0.0000 0.0000	</row0>
			<row1>	0.0000 -1.0000 0.0000 0.0000	</row1>
			<row2>	0.0000 0.0000 1.0000 0.0000	</row2>
			<row3>	-0.3465 0.3274 3.2314 1.0000	</row3>
		</transform>
	</node>
	<node>
		<identifier>	MP_IM800_Ventilation	</identifier>
		<parent>	Scene Root	</parent>
		<transform>
			<row0>	1.0000 0.0000 0.0000 0.0000	</row0>
			<row1>	0.0000 1.0000 0.0000 0.0000	</row1>
			<row2>	0.0000 0.0000 1.0000 0.0000	</row2>
			<row3>	0.5210 0.2755 3.0264 1.0000	</row3>
		</transform>
	</node>
	<node>
		<identifier>	MP_IM800_Ventilation_INDEX_1	</identifier>
		<parent>	Scene Root	</parent>
		<transform>
			<row0>	1.0000 0.0000 0.0000 0.0000	</row0>
			<row1>	0.0000 1.0000 0.0000 0.0000	</row1>
			<row2>	0.0000 0.0000 1.0000 0.0000	</row2>
			<row3>	-0.5114 0.2768 3.4973 1.0000	</row3>
		</transform>
	</node>
	<node>
		<identifier>	MP_IM800_Ventilation_INDEX_2	</identifier>
		<parent>	Scene Root	</parent>
		<transform>
			<row0>	1.0000 0.0000 0.0000 0.0000	</row0>
			<row1>	0.0000 1.0000 0.0000 0.0000	</row1>
			<row2>	0.0000 0.0000 1.0000 0.0000	</row2>
			<row3>	0.5114 0.2768 3.4973 1.0000	</row3>
		</transform>
	</node>
	<node>
		<identifier>	MP_IM800_Ventilation_INDEX_3	</identifier>
		<parent>	Scene Root	</parent>
		<transform>
			<row0>	1.0000 0.0000 0.0000 0.0000	</row0>
			<row1>	0.0000 1.0000 0.0000 0.0000	</row1>
			<row2>	0.0000 0.0000 1.0000 0.0000	</row2>
			<row3>	-0.5210 0.2755 3.0264 1.0000	</row3>
		</transform>
	</node>
	<node>
		<identifier>	MP_IM800_Ventilation_INDEX_4	</identifier>
		<parent>	Scene Root	</parent>
		<transform>
			<row0>	1.0000 0.0000 0.0000 0.0000	</row0>
			<row1>	0.0000 1.0000 0.0000 0.0000	</row1>
			<row2>	0.0000 0.0000 1.0000 0.0000	</row2>
			<row3>	0.1116 0.2768 3.0290 1.0000	</row3>
		</transform>
	</node>
	<node>
		<identifier>	MP_IM800_Ventilation_INDEX_5	</identifier>
		<parent>	Scene Root	</parent>
		<transform>
			<row0>	1.0000 0.0000 0.0000 0.0000	</row0>
			<row1>	0.0000 1.0000 0.0000 0.0000	</row1>
			<row2>	0.0000 0.0000 1.0000 0.0000	</row2>
			<row3>	-0.1116 0.2768 3.0290 1.0000	</row3>
		</transform>
	</node>
	<node>
		<identifier>	MP_IM901_Crane_Paravan	</identifier>
		<parent>	Scene Root	</parent>
		<transform>
			<row0>	0.1536 0.0084 0.9881 0.0000	</row0>
			<row1>	-0.0003 1.0000 -0.0084 0.0000	</row1>
			<row2>	-0.9881 0.0010 0.1536 0.0000	</row2>
			<row3>	-0.2193 0.2828 4.3408 1.0000	</row3>
		</transform>
	</node>
	<node>
		<identifier>	MP_IM901_Crane_Paravan_INDEX_1	</identifier>
		<parent>	Scene Root	</parent>
		<transform>
			<row0>	0.1536 -0.0084 -0.9881 0.0000	</row0>
			<row1>	0.0003 1.0000 -0.0084 0.0000	</row1>
			<row2>	0.9881 0.0010 0.1536 0.0000	</row2>
			<row3>	0.2193 0.2828 4.3408 1.0000	</row3>
		</transform>
	</node>
	<node>
		<identifier>	MP_IM951_Anchor_up	</identifier>
		<parent>	Scene Root	</parent>
		<transform>
			<row0>	0.9924 -0.0266 0.1198 0.0000	</row0>
			<row1>	0.1224 0.2768 -0.9531 0.0000	</row1>
			<row2>	-0.0078 0.9606 0.2779 0.0000	</row2>
			<row3>	-0.2803 0.3420 6.6772 1.0000	</row3>
		</transform>
	</node>
	<node>
		<identifier>	MP_IM951_Anchor_up_INDEX_1	</identifier>
		<parent>	Scene Root	</parent>
		<transform>
			<row0>	0.9925 0.0211 -0.1206 0.0000	</row0>
			<row1>	-0.1215 0.2878 -0.9500 0.0000	</row1>
			<row2>	0.0147 0.9575 0.2882 0.0000	</row2>
			<row3>	0.3896 0.3159 6.1696 1.0000	</row3>
		</transform>
	</node>
	<node>
		<identifier>	MP_IM951_Anchor_up_INDEX_2	</identifier>
		<parent>	Scene Root	</parent>
		<transform>
			<row0>	0.9924 0.0266 -0.1198 0.0000	</row0>
			<row1>	-0.1224 0.2768 -0.9531 0.0000	</row1>
			<row2>	0.0078 0.9606 0.2779 0.0000	</row2>
			<row3>	0.2803 0.3420 6.6772 1.0000	</row3>
		</transform>
	</node>
	<node>
		<identifier>	MP_IM952_Anchor_Bottom	</identifier>
		<parent>	Scene Root	</parent>
		<transform>
			<row0>	0.9178 -0.1404 0.3713 0.0000	</row0>
			<row1>	0.3955 0.2437 -0.8856 0.0000	</row1>
			<row2>	0.0339 0.9596 0.2792 0.0000	</row2>
			<row3>	0.2803 0.3420 6.6772 1.0000	</row3>
		</transform>
	</node>
	<node>
		<identifier>	MP_IM952_Anchor_Bottom_INDEX_1	</identifier>
		<parent>	Scene Root	</parent>
		<transform>
			<row0>	0.9178 0.1404 -0.3713 0.0000	</row0>
			<row1>	-0.3955 0.2437 -0.8856 0.0000	</row1>
			<row2>	-0.0339 0.9596 0.2792 0.0000	</row2>
			<row3>	-0.2803 0.3420 6.6772 1.0000	</row3>
		</transform>
	</node>
	<node>
		<identifier>	MP_IM952_Anchor_Bottom_INDEX_2	</identifier>
		<parent>	Scene Root	</parent>
		<transform>
			<row0>	0.9230 -0.1468 0.3556 0.0000	</row0>
			<row1>	0.3826 0.2523 -0.8888 0.0000	</row1>
			<row2>	0.0408 0.9564 0.2890 0.0000	</row2>
			<row3>	0.3896 0.3159 6.1696 1.0000	</row3>
		</transform>
	</node>
	<node>
		<identifier>	SP_YMS001_YHBM_M_1	</identifier>
		<parent>	Scene Root	</parent>
		<transform>
			<row0>	0.7704 0.0000 0.0000 0.0000	</row0>
			<row1>	0.0000 0.7691 -0.0438 0.0000	</row1>
			<row2>	0.0000 0.0438 0.7691 0.0000	</row2>
			<row3>	0.0000 0.4019 7.1517 1.0000	</row3>
		</transform>
	</node>
	<node>
		<identifier>	SP_YMS002_YHBL_M_1	</identifier>
		<parent>	Scene Root	</parent>
		<transform>
			<row0>	1.0827 0.0000 0.0000 0.0000	</row0>
			<row1>	0.0000 1.0803 -0.0718 0.0000	</row1>
			<row2>	0.0000 0.0718 1.0803 0.0000	</row2>
			<row3>	0.0000 0.4019 7.1517 1.0000	</row3>
		</transform>
	</node>
	<node>
		<identifier>	SP_YMS003_YHBR_M_1	</identifier>
		<parent>	Scene Root	</parent>
		<transform>
			<row0>	1.0827 0.0000 0.0000 0.0000	</row0>
			<row1>	0.0000 1.0803 -0.0718 0.0000	</row1>
			<row2>	0.0000 0.0718 1.0803 0.0000	</row2>
			<row3>	0.0000 0.4019 7.1517 1.0000	</row3>
		</transform>
	</node>
	<node>
		<identifier>	SP_YMS010_YHWM_L_1	</identifier>
		<parent>	Scene Root	</parent>
		<transform>
			<row0>	0.6409 0.0000 0.0000 0.0000	</row0>
			<row1>	0.0000 0.6409 0.0000 0.0000	</row1>
			<row2>	0.0000 0.0000 0.6409 0.0000	</row2>
			<row3>	0.0000 0.0000 7.0505 1.0000	</row3>
		</transform>
	</node>
	<node>
		<identifier>	SP_YMS011_YHWL_M_1_INDEX_1	</identifier>
		<parent>	Scene Root	</parent>
		<transform>
			<row0>	1.0343 0.5710 -0.2204 0.0000	</row0>
			<row1>	-0.5602 1.0575 0.1111 0.0000	</row1>
			<row2>	0.2467 0.0071 1.1763 0.0000	</row2>
			<row3>	-0.3500 0.0149 5.2103 1.0000	</row3>
		</transform>
	</node>
	<node>
		<identifier>	SP_YMS011_YHWL_M_1_INDEX_3	</identifier>
		<parent>	Scene Root	</parent>
		<transform>
			<row0>	1.1041 0.4068 -0.2449 0.0000	</row0>
			<row1>	-0.3996 1.1309 0.0770 0.0000	</row1>
			<row2>	0.2565 0.0107 1.1741 0.0000	</row2>
			<row3>	-0.5642 0.0101 4.2137 1.0000	</row3>
		</transform>
	</node>
	<node>
		<identifier>	SP_YMS011_YHWL_M_1_INDEX_6	</identifier>
		<parent>	Scene Root	</parent>
		<transform>
			<row0>	1.1744 0.1604 -0.1991 0.0000	</row0>
			<row1>	-0.1565 1.1911 0.0363 0.0000	</row1>
			<row2>	0.2022 -0.0096 1.1847 0.0000	</row2>
			<row3>	-0.7518 0.0147 3.2113 1.0000	</row3>
		</transform>
	</node>
	<node>
		<identifier>	SP_YMS012_YHWR_M_1	</identifier>
		<parent>	Scene Root	</parent>
		<transform>
			<row0>	1.1744 -0.1604 0.1991 0.0000	</row0>
			<row1>	0.1565 1.1911 0.0363 0.0000	</row1>
			<row2>	-0.2022 -0.0096 1.1847 0.0000	</row2>
			<row3>	0.7518 0.0147 3.2113 1.0000	</row3>
		</transform>
	</node>
	<node>
		<identifier>	SP_YMS012_YHWR_M_1_INDEX_1	</identifier>
		<parent>	Scene Root	</parent>
		<transform>
			<row0>	1.1041 -0.4068 0.2449 0.0000	</row0>
			<row1>	0.3996 1.1309 0.0770 0.0000	</row1>
			<row2>	-0.2565 0.0107 1.1741 0.0000	</row2>
			<row3>	0.5642 0.0101 4.2137 1.0000	</row3>
		</transform>
	</node>
	<node>
		<identifier>	SP_YMS012_YHWR_M_1_INDEX_5	</identifier>
		<parent>	Scene Root	</parent>
		<transform>
			<row0>	1.0343 -0.5710 0.2204 0.0000	</row0>
			<row1>	0.5602 1.0575 0.1111 0.0000	</row1>
			<row2>	-0.2467 0.0071 1.1763 0.0000	</row2>
			<row3>	0.3500 0.0149 5.2103 1.0000	</row3>
		</transform>
	</node>
	<node>
		<identifier>	SP_YMS020_YHBU_M_1	</identifier>
		<parent>	Scene Root	</parent>
		<transform>
			<row0>	1.5377 0.0000 0.0000 0.0000	</row0>
			<row1>	0.0000 1.5377 0.0000 0.0000	</row1>
			<row2>	0.0000 0.0000 1.5377 0.0000	</row2>
			<row3>	0.0000 -0.0562 6.6860 1.0000	</row3>
		</transform>
	</node>
	<node>
		<identifier>	SP_YMS022_YHUS_L_1	</identifier>
		<parent>	Scene Root	</parent>
		<transform>
			<row0>	-0.3435 0.0023 -1.5882 0.0000	</row0>
			<row1>	-0.7614 1.4258 0.1667 0.0000	</row1>
			<row2>	1.3938 0.7794 -0.3003 0.0000	</row2>
			<row3>	-0.4036 -0.5214 3.4962 1.0000	</row3>
		</transform>
	</node>
	<node>
		<identifier>	SP_YMS022_YHUS_L_1_INDEX_1	</identifier>
		<parent>	Scene Root	</parent>
		<transform>
			<row0>	-0.3435 -0.0023 1.5882 0.0000	</row0>
			<row1>	0.7614 1.4258 0.1667 0.0000	</row1>
			<row2>	-1.3938 0.7794 -0.3003 0.0000	</row2>
			<row3>	0.4036 -0.5214 3.4962 1.0000	</row3>
		</transform>
	</node>
	<node>
		<identifier>	SP_YMS041_YHCS_M_1	</identifier>
		<parent>	Scene Root	</parent>
		<transform>
			<row0>	0.6059 0.0000 0.0000 0.0000	</row0>
			<row1>	0.0000 0.6059 0.0000 0.0000	</row1>
			<row2>	0.0000 0.0000 0.6059 0.0000	</row2>
			<row3>	-0.3360 0.3376 2.8360 1.0000	</row3>
		</transform>
	</node>
	<node>
		<identifier>	SP_YMS041_YHCS_M_1_INDEX_1	</identifier>
		<parent>	Scene Root	</parent>
		<transform>
			<row0>	0.6059 0.0000 0.0000 0.0000	</row0>
			<row1>	0.0000 0.6059 0.0000 0.0000	</row1>
			<row2>	0.0000 0.0000 0.6059 0.0000	</row2>
			<row3>	0.3360 0.3376 2.8360 1.0000	</row3>
		</transform>
	</node>
	<node>
		<identifier>	SP_YMS051_YHDL_L_1	</identifier>
		<parent>	Scene Root	</parent>
		<transform>
			<row0>	1.0845 0.0000 -0.1279 0.0000	</row0>
			<row1>	0.0000 1.0920 0.0000 0.0000	</row1>
			<row2>	0.1279 0.0000 1.0845 0.0000	</row2>
			<row3>	-0.7592 0.2770 3.5987 1.0000	</row3>
		</transform>
	</node>
	<node>
		<identifier>	SP_YMS052_YHDR_L_1	</identifier>
		<parent>	Scene Root	</parent>
		<transform>
			<row0>	1.0845 0.0000 0.1279 0.0000	</row0>
			<row1>	0.0000 1.0920 0.0000 0.0000	</row1>
			<row2>	-0.1279 0.0000 1.0845 0.0000	</row2>
			<row3>	0.7592 0.2770 3.5987 1.0000	</row3>
		</transform>
	</node>
	<node>
		<identifier>	SP_YMS072_YHHC_M_1	</identifier>
		<parent>	Scene Root	</parent>
		<transform>
			<row0>	-0.1168 -0.0039 -0.7202 0.0000	</row0>
			<row1>	-0.3217 0.6531 0.0486 0.0000	</row1>
			<row2>	0.6444 0.3253 -0.1063 0.0000	</row2>
			<row3>	-0.5981 0.1987 4.3628 1.0000	</row3>
		</transform>
	</node>
	<node>
		<identifier>	SP_YMS072_YHHC_M_1_INDEX_1	</identifier>
		<parent>	Scene Root	</parent>
		<transform>
			<row0>	-0.1168 0.0039 0.7202 0.0000	</row0>
			<row1>	0.3217 0.6531 0.0486 0.0000	</row1>
			<row2>	-0.6444 0.3253 -0.1063 0.0000	</row2>
			<row3>	0.5981 0.1987 4.3628 1.0000	</row3>
		</transform>
	</node>
	<node>
		<identifier>	SP_YMS080_YHSL_M_1_INDEX_1	</identifier>
		<parent>	Scene Root	</parent>
		<transform>
			<row0>	0.5216 0.4356 -0.1035 0.0000	</row0>
			<row1>	-0.4213 0.5313 0.1129 0.0000	</row1>
			<row2>	0.1515 -0.0223 0.6701 0.0000	</row2>
			<row3>	-0.4402 0.1921 5.2526 1.0000	</row3>
		</transform>
	</node>
	<node>
		<identifier>	SP_YMS081_YHSR_M_1	</identifier>
		<parent>	Scene Root	</parent>
		<transform>
			<row0>	0.5216 -0.4356 0.1035 0.0000	</row0>
			<row1>	0.4213 0.5313 0.1129 0.0000	</row1>
			<row2>	-0.1515 -0.0223 0.6701 0.0000	</row2>
			<row3>	0.4402 0.1921 5.2526 1.0000	</row3>
		</transform>
	</node>
</ISB304_Marcantonio_Colonna_1941_Bow.skel_ext>
