<BSA304_Ocean_1946_MidFront_ports.visual>
	<skeleton>
		<node>
			<identifier>	Scene Root	</identifier>
			<transform>
				<row0>	1.0000 0.0000 0.0000 0.0000	</row0>
				<row1>	0.0000 1.0000 0.0000 0.0000	</row1>
				<row2>	0.0000 0.0000 1.0000 0.0000	</row2>
				<row3>	0.0000 0.0000 0.0000 1.0000	</row3>
			</transform>
			<node>
				<identifier>	MidFront_ports	</identifier>
				<transform>
					<row0>	1.0000 0.0000 0.0000 0.0000	</row0>
					<row1>	0.0000 1.0000 0.0000 0.0000	</row1>
					<row2>	0.0000 0.0000 1.0000 0.0000	</row2>
					<row3>	0.0000 0.0000 0.0000 1.0000	</row3>
				</transform>
				<node>
					<identifier>	HP_FX_Death_1	</identifier>
					<transform>
						<row0>	1.0000 0.0000 0.0000 0.0000	</row0>
						<row1>	0.0000 1.0000 0.0000 0.0000	</row1>
						<row2>	0.0000 0.0000 1.0000 0.0000	</row2>
						<row3>	0.0000 0.0000 3.5587 1.0000	</row3>
					</transform>
				</node>
				<node>
					<identifier>	HP_FX_Fire_2	</identifier>
					<transform>
						<row0>	1.0000 0.0000 0.0000 0.0000	</row0>
						<row1>	0.0000 1.0000 0.0000 0.0000	</row1>
						<row2>	0.0000 0.0000 1.0000 0.0000	</row2>
						<row3>	-0.4900 0.7499 2.3770 1.0000	</row3>
					</transform>
				</node>
				<node>
					<identifier>	HP_FX_Fire_2_side_1	</identifier>
					<transform>
						<row0>	1.0000 0.0000 0.0000 0.0000	</row0>
						<row1>	0.0000 1.0000 0.0000 0.0000	</row1>
						<row2>	0.0000 0.0000 1.0000 0.0000	</row2>
						<row3>	0.5368 0.7694 3.8212 1.0000	</row3>
					</transform>
				</node>
				<node>
					<identifier>	HP_FX_Fire_2_side_2	</identifier>
					<transform>
						<row0>	1.0000 0.0000 0.0000 0.0000	</row0>
						<row1>	0.0000 1.0000 0.0000 0.0000	</row1>
						<row2>	0.0000 0.0000 1.0000 0.0000	</row2>
						<row3>	-0.0423 0.7652 0.7689 1.0000	</row3>
					</transform>
				</node>
				<node>
					<identifier>	HP_FX_FloodLight_left_2	</identifier>
					<transform>
						<row0>	-1.0000 0.0000 0.0000 0.0000	</row0>
						<row1>	0.0000 1.0000 0.0000 0.0000	</row1>
						<row2>	0.0000 0.0000 -1.0000 0.0000	</row2>
						<row3>	0.7110 0.9346 1.2453 1.0000	</row3>
					</transform>
				</node>
				<node>
					<identifier>	HP_FX_FloodLight_right_2	</identifier>
					<transform>
						<row0>	1.0000 0.0000 0.0000 0.0000	</row0>
						<row1>	0.0000 1.0000 0.0000 0.0000	</row1>
						<row2>	0.0000 0.0000 1.0000 0.0000	</row2>
						<row3>	1.0428 0.9555 1.2799 1.0000	</row3>
					</transform>
				</node>
				<node>
					<identifier>	HP_FX_Flood_steam_1	</identifier>
					<transform>
						<row0>	0.9512 0.3086 0.0000 0.0000	</row0>
						<row1>	-0.2874 0.8857 -0.3646 0.0000	</row1>
						<row2>	-0.1125 0.3468 0.9312 0.0000	</row2>
						<row3>	0.7900 1.5554 0.6883 1.0000	</row3>
					</transform>
				</node>
				<node>
					<identifier>	HP_FX_Flood_steam_left	</identifier>
					<transform>
						<row0>	-1.0000 0.0000 0.0000 0.0000	</row0>
						<row1>	0.0000 1.0000 0.0000 0.0000	</row1>
						<row2>	0.0000 0.0000 -1.0000 0.0000	</row2>
						<row3>	-0.8122 0.7183 2.8723 1.0000	</row3>
					</transform>
				</node>
				<node>
					<identifier>	HP_FX_Smoke_1	</identifier>
					<transform>
						<row0>	1.0000 0.0000 0.0000 0.0000	</row0>
						<row1>	0.0000 1.0000 0.0000 0.0000	</row1>
						<row2>	0.0000 0.0000 1.0000 0.0000	</row2>
						<row3>	0.8155 1.5305 0.8774 1.0000	</row3>
					</transform>
				</node>
				<node>
					<identifier>	HP_Flagpole	</identifier>
					<transform>
						<row0>	1.0000 0.0000 0.0000 0.0000	</row0>
						<row1>	0.0000 1.0000 0.0000 0.0000	</row1>
						<row2>	0.0000 0.0000 1.0000 0.0000	</row2>
						<row3>	0.8163 1.3033 0.4673 1.0000	</row3>
					</transform>
				</node>
				<node>
					<identifier>	HP_Ship_death_2	</identifier>
					<transform>
						<row0>	1.0000 0.0000 0.0000 0.0000	</row0>
						<row1>	0.0000 1.0000 0.0000 0.0000	</row1>
						<row2>	0.0000 0.0000 1.0000 0.0000	</row2>
						<row3>	0.0000 0.0000 0.5600 1.0000	</row3>
					</transform>
				</node>
				<node>
					<identifier>	HP_flag_1	</identifier>
					<transform>
						<row0>	0.9712 -0.2381 -0.0118 0.0000	</row0>
						<row1>	0.2381 0.9664 0.0971 0.0000	</row1>
						<row2>	-0.0118 -0.0971 0.9952 0.0000	</row2>
						<row3>	1.1846 1.9636 1.2993 1.0000	</row3>
					</transform>
				</node>
				<node>
					<identifier>	HP_flag_2	</identifier>
					<transform>
						<row0>	0.9726 0.2324 0.0022 0.0000	</row0>
						<row1>	-0.2324 0.9724 0.0184 0.0000	</row1>
						<row2>	0.0022 -0.0184 0.9998 0.0000	</row2>
						<row3>	0.5724 1.9636 1.2998 1.0000	</row3>
					</transform>
				</node>
				<node>
					<identifier>	HP_flag_3	</identifier>
					<transform>
						<row0>	0.9991 -0.0419 -0.0031 0.0000	</row0>
						<row1>	0.0419 0.9880 0.1490 0.0000	</row1>
						<row2>	-0.0031 -0.1490 0.9888 0.0000	</row2>
						<row3>	1.0458 1.9629 1.2986 1.0000	</row3>
					</transform>
				</node>
				<node>
					<identifier>	HP_flag_4	</identifier>
					<transform>
						<row0>	0.9996 0.0274 -0.0005 0.0000	</row0>
						<row1>	-0.0274 0.9991 -0.0329 0.0000	</row1>
						<row2>	-0.0005 0.0329 0.9995 0.0000	</row2>
						<row3>	0.7167 1.9628 1.2998 1.0000	</row3>
					</transform>
				</node>
				<node>
					<identifier>	HP_flag_courtesy	</identifier>
					<transform>
						<row0>	0.9418 -0.3311 -0.0575 0.0000	</row0>
						<row1>	0.3311 0.8849 0.3275 0.0000	</row1>
						<row2>	-0.0575 -0.3275 0.9431 0.0000	</row2>
						<row3>	1.0768 2.3454 1.3240 1.0000	</row3>
					</transform>
				</node>
				<node>
					<identifier>	HP_flag_house	</identifier>
					<transform>
						<row0>	0.9984 0.0549 0.0101 0.0000	</row0>
						<row1>	-0.0549 0.9334 0.3546 0.0000	</row1>
						<row2>	0.0101 -0.3546 0.9350 0.0000	</row2>
						<row3>	0.6784 2.3451 1.3239 1.0000	</row3>
					</transform>
				</node>
				<node>
					<identifier>	HP_flag_nation	</identifier>
					<transform>
						<row0>	0.9995 -0.0316 -0.0005 0.0000	</row0>
						<row1>	0.0316 0.9989 0.0337 0.0000	</row1>
						<row2>	-0.0005 -0.0337 0.9994 0.0000	</row2>
						<row3>	0.8764 2.2998 1.0586 1.0000	</row3>
					</transform>
				</node>
				<node>
					<identifier>	HP_flag_rank	</identifier>
					<transform>
						<row0>	0.9995 -0.0316 -0.0005 0.0000	</row0>
						<row1>	0.0316 0.9989 0.0337 0.0000	</row1>
						<row2>	-0.0005 -0.0337 0.9994 0.0000	</row2>
						<row3>	0.8708 2.1424 1.0543 1.0000	</row3>
					</transform>
				</node>
				<node>
					<identifier>	MP_BM001_Paravane	</identifier>
					<transform>
						<row0>	0.7849 0.6196 0.0000 0.0000	</row0>
						<row1>	-0.6196 0.7849 0.0000 0.0000	</row1>
						<row2>	0.0000 0.0000 1.0000 0.0000	</row2>
						<row3>	-0.7165 0.4036 3.4191 1.0000	</row3>
					</transform>
				</node>
				<node>
					<identifier>	MP_BM001_Paravane_INDEX_1	</identifier>
					<transform>
						<row0>	0.7849 -0.6196 0.0000 0.0000	</row0>
						<row1>	0.6196 0.7849 0.0000 0.0000	</row1>
						<row2>	0.0000 0.0000 1.0000 0.0000	</row2>
						<row3>	0.7165 0.4036 3.4191 1.0000	</row3>
					</transform>
				</node>
				<node>
					<identifier>	MP_BM019_Reels_1	</identifier>
					<transform>
						<row0>	0.0000 0.0000 -0.4996 0.0000	</row0>
						<row1>	0.4255 -0.2617 0.0000 0.0000	</row1>
						<row2>	-0.2617 -0.4255 0.0000 0.0000	</row2>
						<row3>	0.9323 0.5703 1.9673 1.0000	</row3>
					</transform>
				</node>
				<node>
					<identifier>	MP_BM019_Reels_1_INDEX_1	</identifier>
					<transform>
						<row0>	0.0000 0.0000 0.4996 0.0000	</row0>
						<row1>	-0.4996 0.0000 0.0000 0.0000	</row1>
						<row2>	0.0000 -0.4996 0.0000 0.0000	</row2>
						<row3>	-0.8126 0.4963 1.4463 1.0000	</row3>
					</transform>
				</node>
				<node>
					<identifier>	MP_BM019_Reels_1_INDEX_10	</identifier>
					<transform>
						<row0>	0.0000 0.0000 -0.4996 0.0000	</row0>
						<row1>	0.4996 0.0000 0.0000 0.0000	</row1>
						<row2>	0.0000 -0.4996 0.0000 0.0000	</row2>
						<row3>	1.0379 0.8342 0.8237 1.0000	</row3>
					</transform>
				</node>
				<node>
					<identifier>	MP_BM019_Reels_1_INDEX_11	</identifier>
					<transform>
						<row0>	0.0000 0.0000 0.4996 0.0000	</row0>
						<row1>	-0.4996 0.0000 0.0000 0.0000	</row1>
						<row2>	0.0000 -0.4996 0.0000 0.0000	</row2>
						<row3>	-0.8126 0.4963 1.3371 1.0000	</row3>
					</transform>
				</node>
				<node>
					<identifier>	MP_BM019_Reels_1_INDEX_12	</identifier>
					<transform>
						<row0>	0.0000 0.0000 -0.4996 0.0000	</row0>
						<row1>	0.4255 -0.2617 0.0000 0.0000	</row1>
						<row2>	-0.2617 -0.4255 0.0000 0.0000	</row2>
						<row3>	0.9323 0.5703 1.6397 1.0000	</row3>
					</transform>
				</node>
				<node>
					<identifier>	MP_BM019_Reels_1_INDEX_13	</identifier>
					<transform>
						<row0>	0.0000 0.0000 -0.4996 0.0000	</row0>
						<row1>	0.4255 -0.2617 0.0000 0.0000	</row1>
						<row2>	-0.2617 -0.4255 0.0000 0.0000	</row2>
						<row3>	0.9323 0.5703 1.7489 1.0000	</row3>
					</transform>
				</node>
				<node>
					<identifier>	MP_BM019_Reels_1_INDEX_14	</identifier>
					<transform>
						<row0>	0.0000 0.0000 -0.4996 0.0000	</row0>
						<row1>	0.4996 0.0000 0.0000 0.0000	</row1>
						<row2>	0.0000 -0.4996 0.0000 0.0000	</row2>
						<row3>	1.0379 0.8342 0.7145 1.0000	</row3>
					</transform>
				</node>
				<node>
					<identifier>	MP_BM019_Reels_1_INDEX_15	</identifier>
					<transform>
						<row0>	0.0000 0.0000 0.4996 0.0000	</row0>
						<row1>	-0.4996 0.0000 0.0000 0.0000	</row1>
						<row2>	0.0000 -0.4996 0.0000 0.0000	</row2>
						<row3>	-0.8126 0.4963 1.5555 1.0000	</row3>
					</transform>
				</node>
				<node>
					<identifier>	MP_BM019_Reels_1_INDEX_16	</identifier>
					<transform>
						<row0>	0.0000 0.0000 -0.4996 0.0000	</row0>
						<row1>	0.4996 0.0000 0.0000 0.0000	</row1>
						<row2>	0.0000 -0.4996 0.0000 0.0000	</row2>
						<row3>	1.0379 0.8342 0.6053 1.0000	</row3>
					</transform>
				</node>
				<node>
					<identifier>	MP_BM019_Reels_1_INDEX_17	</identifier>
					<transform>
						<row0>	0.0000 0.0000 -0.4996 0.0000	</row0>
						<row1>	0.4255 -0.2617 0.0000 0.0000	</row1>
						<row2>	-0.2617 -0.4255 0.0000 0.0000	</row2>
						<row3>	0.9323 0.5703 1.5304 1.0000	</row3>
					</transform>
				</node>
				<node>
					<identifier>	MP_BM019_Reels_1_INDEX_18	</identifier>
					<transform>
						<row0>	0.0000 0.0000 0.4996 0.0000	</row0>
						<row1>	-0.4996 0.0000 0.0000 0.0000	</row1>
						<row2>	0.0000 -0.4996 0.0000 0.0000	</row2>
						<row3>	-0.8122 0.4963 1.7742 1.0000	</row3>
					</transform>
				</node>
				<node>
					<identifier>	MP_BM019_Reels_1_INDEX_19	</identifier>
					<transform>
						<row0>	0.0000 0.0000 -0.4996 0.0000	</row0>
						<row1>	0.4996 0.0000 0.0000 0.0000	</row1>
						<row2>	0.0000 -0.4996 0.0000 0.0000	</row2>
						<row3>	1.0379 0.8342 0.3869 1.0000	</row3>
					</transform>
				</node>
				<node>
					<identifier>	MP_BM019_Reels_1_INDEX_2	</identifier>
					<transform>
						<row0>	0.0000 0.0000 0.4996 0.0000	</row0>
						<row1>	-0.4996 0.0000 0.0000 0.0000	</row1>
						<row2>	0.0000 -0.4996 0.0000 0.0000	</row2>
						<row3>	-0.8126 0.4963 1.2278 1.0000	</row3>
					</transform>
				</node>
				<node>
					<identifier>	MP_BM019_Reels_1_INDEX_20	</identifier>
					<transform>
						<row0>	0.0000 0.0000 -0.4996 0.0000	</row0>
						<row1>	0.4255 -0.2617 0.0000 0.0000	</row1>
						<row2>	-0.2617 -0.4255 0.0000 0.0000	</row2>
						<row3>	0.9323 0.5703 1.3120 1.0000	</row3>
					</transform>
				</node>
				<node>
					<identifier>	MP_BM019_Reels_1_INDEX_3	</identifier>
					<transform>
						<row0>	0.0000 0.0000 -0.4996 0.0000	</row0>
						<row1>	0.4996 0.0000 0.0000 0.0000	</row1>
						<row2>	0.0000 -0.4996 0.0000 0.0000	</row2>
						<row3>	1.0379 0.8342 0.4961 1.0000	</row3>
					</transform>
				</node>
				<node>
					<identifier>	MP_BM019_Reels_1_INDEX_4	</identifier>
					<transform>
						<row0>	0.0000 0.0000 0.4996 0.0000	</row0>
						<row1>	-0.4996 0.0000 0.0000 0.0000	</row1>
						<row2>	0.0000 -0.4996 0.0000 0.0000	</row2>
						<row3>	-0.8126 0.4963 1.6647 1.0000	</row3>
					</transform>
				</node>
				<node>
					<identifier>	MP_BM019_Reels_1_INDEX_5	</identifier>
					<transform>
						<row0>	0.0000 0.0000 -0.4996 0.0000	</row0>
						<row1>	0.4255 -0.2617 0.0000 0.0000	</row1>
						<row2>	-0.2617 -0.4255 0.0000 0.0000	</row2>
						<row3>	0.9323 0.5703 1.4212 1.0000	</row3>
					</transform>
				</node>
				<node>
					<identifier>	MP_BM019_Reels_1_INDEX_6	</identifier>
					<transform>
						<row0>	0.0000 0.0000 -0.4996 0.0000	</row0>
						<row1>	0.4255 -0.2617 0.0000 0.0000	</row1>
						<row2>	-0.2617 -0.4255 0.0000 0.0000	</row2>
						<row3>	0.9323 0.5703 1.8581 1.0000	</row3>
					</transform>
				</node>
				<node>
					<identifier>	MP_BM019_Reels_1_INDEX_7	</identifier>
					<transform>
						<row0>	-0.1022 0.0000 -0.4890 0.0000	</row0>
						<row1>	0.4890 0.0000 -0.1022 0.0000	</row1>
						<row2>	0.0000 -0.4996 0.0000 0.0000	</row2>
						<row3>	1.0329 0.8342 0.3217 1.0000	</row3>
					</transform>
				</node>
				<node>
					<identifier>	MP_BM019_Reels_1_INDEX_8	</identifier>
					<transform>
						<row0>	0.0000 0.0000 -0.4996 0.0000	</row0>
						<row1>	0.4996 0.0000 0.0000 0.0000	</row1>
						<row2>	0.0000 -0.4996 0.0000 0.0000	</row2>
						<row3>	1.0379 0.8342 0.9329 1.0000	</row3>
					</transform>
				</node>
				<node>
					<identifier>	MP_BM019_Reels_1_INDEX_9	</identifier>
					<transform>
						<row0>	0.0000 0.0000 -0.4996 0.0000	</row0>
						<row1>	0.4996 0.0000 0.0000 0.0000	</row1>
						<row2>	0.0000 -0.4996 0.0000 0.0000	</row2>
						<row3>	1.0379 0.8342 1.0421 1.0000	</row3>
					</transform>
				</node>
				<node>
					<identifier>	MP_BM037_Sounding_Machine	</identifier>
					<transform>
						<row0>	-1.0000 0.0000 0.0000 0.0000	</row0>
						<row1>	0.0000 1.0000 0.0000 0.0000	</row1>
						<row2>	0.0000 0.0000 -1.0000 0.0000	</row2>
						<row3>	1.0081 0.7499 1.9332 1.0000	</row3>
					</transform>
				</node>
				<node>
					<identifier>	MP_BM057_Car	</identifier>
					<transform>
						<row0>	-0.0229 0.0048 0.9997 0.0000	</row0>
						<row1>	0.0001 1.0000 -0.0048 0.0000	</row1>
						<row2>	-0.9997 0.0000 -0.0229 0.0000	</row2>
						<row3>	0.6991 0.7502 3.0081 1.0000	</row3>
					</transform>
				</node>
				<node>
					<identifier>	MP_BM057_Car_INDEX_1	</identifier>
					<transform>
						<row0>	-0.1539 0.0048 0.9881 0.0000	</row0>
						<row1>	0.0007 1.0000 -0.0047 0.0000	</row1>
						<row2>	-0.9881 0.0000 -0.1539 0.0000	</row2>
						<row3>	0.6991 0.7502 2.8993 1.0000	</row3>
					</transform>
				</node>
				<node>
					<identifier>	MP_BM075_Compas	</identifier>
					<transform>
						<row0>	1.0000 0.0000 0.0000 0.0000	</row0>
						<row1>	0.0000 1.0000 0.0000 0.0000	</row1>
						<row2>	0.0000 0.0000 1.0000 0.0000	</row2>
						<row3>	0.8785 1.0735 1.7717 1.0000	</row3>
					</transform>
				</node>
				<node>
					<identifier>	MP_BM163_Helmets_Rack	</identifier>
					<transform>
						<row0>	0.0000 0.0000 -1.0000 0.0000	</row0>
						<row1>	0.0000 1.0000 0.0000 0.0000	</row1>
						<row2>	1.0000 0.0000 0.0000 0.0000	</row2>
						<row3>	-0.8761 0.6960 3.1502 1.0000	</row3>
					</transform>
				</node>
				<node>
					<identifier>	MP_BM163_Helmets_Rack_INDEX_1	</identifier>
					<transform>
						<row0>	0.0000 0.0000 -1.0000 0.0000	</row0>
						<row1>	0.0000 1.0000 0.0000 0.0000	</row1>
						<row2>	1.0000 0.0000 0.0000 0.0000	</row2>
						<row3>	-0.8821 0.6960 1.4705 1.0000	</row3>
					</transform>
				</node>
				<node>
					<identifier>	MP_BM164_Talker_Helmets_Rack	</identifier>
					<transform>
						<row0>	0.0000 0.0000 -1.0000 0.0000	</row0>
						<row1>	0.0000 1.0000 0.0000 0.0000	</row1>
						<row2>	1.0000 0.0000 0.0000 0.0000	</row2>
						<row3>	-0.8827 0.7118 1.2974 1.0000	</row3>
					</transform>
				</node>
				<node>
					<identifier>	MP_BM164_Talker_Helmets_Rack_INDEX_1	</identifier>
					<transform>
						<row0>	0.0000 0.0000 1.0000 0.0000	</row0>
						<row1>	0.0000 1.0000 0.0000 0.0000	</row1>
						<row2>	-1.0000 0.0000 0.0000 0.0000	</row2>
						<row3>	1.0376 1.0634 0.5102 1.0000	</row3>
					</transform>
				</node>
				<node>
					<identifier>	MP_BM453_Radar_type_242_IFF_interrogator	</identifier>
					<transform>
						<row0>	0.7660 0.0000 -0.6428 0.0000	</row0>
						<row1>	0.0000 1.0000 0.0000 0.0000	</row1>
						<row2>	0.6428 0.0000 0.7660 0.0000	</row2>
						<row3>	0.9410 1.8149 1.4000 1.0000	</row3>
					</transform>
				</node>
				<node>
					<identifier>	MP_BM453_Radar_type_242_IFF_interrogator_INDEX_1	</identifier>
					<transform>
						<row0>	0.7660 0.0000 0.6428 0.0000	</row0>
						<row1>	0.0000 1.0000 0.0000 0.0000	</row1>
						<row2>	-0.6428 0.0000 0.7660 0.0000	</row2>
						<row3>	0.8161 1.8149 1.4000 1.0000	</row3>
					</transform>
				</node>
				<node>
					<identifier>	MP_BM453_Radar_type_242_IFF_interrogator_INDEX_2	</identifier>
					<transform>
						<row0>	1.0000 0.0000 0.0000 0.0000	</row0>
						<row1>	0.0000 1.0000 0.0000 0.0000	</row1>
						<row2>	0.0000 0.0000 1.0000 0.0000	</row2>
						<row3>	0.8785 2.5696 1.4265 1.0000	</row3>
					</transform>
				</node>
				<node>
					<identifier>	MP_BM5017_Crest_Ocean	</identifier>
					<transform>
						<row0>	0.0000 0.0000 1.0000 0.0000	</row0>
						<row1>	0.0000 1.0000 0.0000 0.0000	</row1>
						<row2>	-1.0000 0.0000 0.0000 0.0000	</row2>
						<row3>	0.7136 1.1091 1.2129 1.0000	</row3>
					</transform>
				</node>
				<node>
					<identifier>	MP_BM5017_Crest_Ocean_INDEX_1	</identifier>
					<transform>
						<row0>	1.0000 0.0000 0.0000 0.0000	</row0>
						<row1>	0.0000 1.0000 0.0000 0.0000	</row1>
						<row2>	0.0000 0.0000 1.0000 0.0000	</row2>
						<row3>	0.8762 1.0851 1.9782 1.0000	</row3>
					</transform>
				</node>
				<node>
					<identifier>	MP_BM5018_Battle_Honours_Ocean	</identifier>
					<transform>
						<row0>	0.0000 0.0000 1.0000 0.0000	</row0>
						<row1>	0.0000 1.0000 0.0000 0.0000	</row1>
						<row2>	-1.0000 0.0000 0.0000 0.0000	</row2>
						<row3>	0.7136 1.1091 1.2129 1.0000	</row3>
					</transform>
				</node>
				<node>
					<identifier>	MP_BM5019_Plate_Fuel_Stowed	</identifier>
					<transform>
						<row0>	1.0000 0.0000 0.0000 0.0000	</row0>
						<row1>	0.0000 1.0000 0.0000 0.0000	</row1>
						<row2>	0.0000 0.0000 1.0000 0.0000	</row2>
						<row3>	0.0000 0.0000 0.0000 1.0000	</row3>
					</transform>
				</node>
				<node>
					<identifier>	MP_BM501_Cutter_32ft	</identifier>
					<transform>
						<row0>	1.0000 0.0000 0.0000 0.0000	</row0>
						<row1>	0.0000 1.0000 0.0000 0.0000	</row1>
						<row2>	0.0000 0.0000 1.0000 0.0000	</row2>
						<row3>	0.7644 0.3562 2.6369 1.0000	</row3>
					</transform>
				</node>
				<node>
					<identifier>	MP_BM501_Cutter_32ft_INDEX_1	</identifier>
					<transform>
						<row0>	1.0000 0.0000 0.0000 0.0000	</row0>
						<row1>	0.0000 1.0000 0.0000 0.0000	</row1>
						<row2>	0.0000 0.0000 1.0000 0.0000	</row2>
						<row3>	-0.7644 0.3562 2.6369 1.0000	</row3>
					</transform>
				</node>
				<node>
					<identifier>	MP_BM527_Liferaft_type_20_8ft	</identifier>
					<transform>
						<row0>	0.0000 0.0000 1.0000 0.0000	</row0>
						<row1>	-1.0000 0.0000 0.0000 0.0000	</row1>
						<row2>	0.0000 -1.0000 0.0000 0.0000	</row2>
						<row3>	-0.8723 0.5357 1.3371 1.0000	</row3>
					</transform>
				</node>
				<node>
					<identifier>	MP_BM527_Liferaft_type_20_8ft_INDEX_1	</identifier>
					<transform>
						<row0>	0.0000 0.0000 -1.0000 0.0000	</row0>
						<row1>	0.9810 -0.1939 0.0000 0.0000	</row1>
						<row2>	-0.1939 -0.9810 0.0000 0.0000	</row2>
						<row3>	1.0372 0.5932 1.5304 1.0000	</row3>
					</transform>
				</node>
				<node>
					<identifier>	MP_BM527_Liferaft_type_20_8ft_INDEX_10	</identifier>
					<transform>
						<row0>	0.0000 0.0000 -1.0000 0.0000	</row0>
						<row1>	1.0000 0.0000 0.0000 0.0000	</row1>
						<row2>	0.0000 -1.0000 0.0000 0.0000	</row2>
						<row3>	1.1002 0.8820 0.7145 1.0000	</row3>
					</transform>
				</node>
				<node>
					<identifier>	MP_BM527_Liferaft_type_20_8ft_INDEX_11	</identifier>
					<transform>
						<row0>	0.0000 0.0000 -1.0000 0.0000	</row0>
						<row1>	0.9810 -0.1939 0.0000 0.0000	</row1>
						<row2>	-0.1939 -0.9810 0.0000 0.0000	</row2>
						<row3>	1.0145 0.6052 1.8581 1.0000	</row3>
					</transform>
				</node>
				<node>
					<identifier>	MP_BM527_Liferaft_type_20_8ft_INDEX_12	</identifier>
					<transform>
						<row0>	0.0000 0.0000 -1.0000 0.0000	</row0>
						<row1>	1.0000 0.0000 0.0000 0.0000	</row1>
						<row2>	0.0000 -1.0000 0.0000 0.0000	</row2>
						<row3>	1.1251 0.8736 1.0421 1.0000	</row3>
					</transform>
				</node>
				<node>
					<identifier>	MP_BM527_Liferaft_type_20_8ft_INDEX_13	</identifier>
					<transform>
						<row0>	0.0000 0.0000 -1.0000 0.0000	</row0>
						<row1>	1.0000 0.0000 0.0000 0.0000	</row1>
						<row2>	0.0000 -1.0000 0.0000 0.0000	</row2>
						<row3>	1.1002 0.8820 0.6053 1.0000	</row3>
					</transform>
				</node>
				<node>
					<identifier>	MP_BM527_Liferaft_type_20_8ft_INDEX_14	</identifier>
					<transform>
						<row0>	0.0000 0.0000 1.0000 0.0000	</row0>
						<row1>	-1.0000 0.0000 0.0000 0.0000	</row1>
						<row2>	0.0000 -1.0000 0.0000 0.0000	</row2>
						<row3>	-0.8723 0.5357 1.6647 1.0000	</row3>
					</transform>
				</node>
				<node>
					<identifier>	MP_BM527_Liferaft_type_20_8ft_INDEX_15	</identifier>
					<transform>
						<row0>	0.0000 0.0000 1.0000 0.0000	</row0>
						<row1>	-1.0000 0.0000 0.0000 0.0000	</row1>
						<row2>	0.0000 -1.0000 0.0000 0.0000	</row2>
						<row3>	-0.8971 0.5272 1.2278 1.0000	</row3>
					</transform>
				</node>
				<node>
					<identifier>	MP_BM527_Liferaft_type_20_8ft_INDEX_16	</identifier>
					<transform>
						<row0>	0.0000 0.0000 1.0000 0.0000	</row0>
						<row1>	-1.0000 0.0000 0.0000 0.0000	</row1>
						<row2>	0.0000 -1.0000 0.0000 0.0000	</row2>
						<row3>	-0.8723 0.5357 1.4463 1.0000	</row3>
					</transform>
				</node>
				<node>
					<identifier>	MP_BM527_Liferaft_type_20_8ft_INDEX_17	</identifier>
					<transform>
						<row0>	0.0000 0.0000 -1.0000 0.0000	</row0>
						<row1>	1.0000 0.0000 0.0000 0.0000	</row1>
						<row2>	0.0000 -1.0000 0.0000 0.0000	</row2>
						<row3>	1.1251 0.8736 0.6053 1.0000	</row3>
					</transform>
				</node>
				<node>
					<identifier>	MP_BM527_Liferaft_type_20_8ft_INDEX_18	</identifier>
					<transform>
						<row0>	0.0000 0.0000 -1.0000 0.0000	</row0>
						<row1>	0.9810 -0.1939 0.0000 0.0000	</row1>
						<row2>	-0.1939 -0.9810 0.0000 0.0000	</row2>
						<row3>	1.0145 0.6052 1.4212 1.0000	</row3>
					</transform>
				</node>
				<node>
					<identifier>	MP_BM527_Liferaft_type_20_8ft_INDEX_19	</identifier>
					<transform>
						<row0>	0.0000 0.0000 -1.0000 0.0000	</row0>
						<row1>	1.0000 0.0000 0.0000 0.0000	</row1>
						<row2>	0.0000 -1.0000 0.0000 0.0000	</row2>
						<row3>	1.1002 0.8820 1.0421 1.0000	</row3>
					</transform>
				</node>
				<node>
					<identifier>	MP_BM527_Liferaft_type_20_8ft_INDEX_2	</identifier>
					<transform>
						<row0>	0.0000 0.0000 -1.0000 0.0000	</row0>
						<row1>	1.0000 0.0000 0.0000 0.0000	</row1>
						<row2>	0.0000 -1.0000 0.0000 0.0000	</row2>
						<row3>	1.1002 0.8820 0.2777 1.0000	</row3>
					</transform>
				</node>
				<node>
					<identifier>	MP_BM527_Liferaft_type_20_8ft_INDEX_20	</identifier>
					<transform>
						<row0>	0.0000 0.0000 -1.0000 0.0000	</row0>
						<row1>	1.0000 0.0000 0.0000 0.0000	</row1>
						<row2>	0.0000 -1.0000 0.0000 0.0000	</row2>
						<row3>	1.1251 0.8736 0.9329 1.0000	</row3>
					</transform>
				</node>
				<node>
					<identifier>	MP_BM527_Liferaft_type_20_8ft_INDEX_21	</identifier>
					<transform>
						<row0>	0.0000 0.0000 -1.0000 0.0000	</row0>
						<row1>	1.0000 0.0000 0.0000 0.0000	</row1>
						<row2>	0.0000 -1.0000 0.0000 0.0000	</row2>
						<row3>	1.1002 0.8820 0.9329 1.0000	</row3>
					</transform>
				</node>
				<node>
					<identifier>	MP_BM527_Liferaft_type_20_8ft_INDEX_22	</identifier>
					<transform>
						<row0>	0.0000 0.0000 1.0000 0.0000	</row0>
						<row1>	-1.0000 0.0000 0.0000 0.0000	</row1>
						<row2>	0.0000 -1.0000 0.0000 0.0000	</row2>
						<row3>	-0.8971 0.5272 1.5555 1.0000	</row3>
					</transform>
				</node>
				<node>
					<identifier>	MP_BM527_Liferaft_type_20_8ft_INDEX_23	</identifier>
					<transform>
						<row0>	0.0000 0.0000 -1.0000 0.0000	</row0>
						<row1>	1.0000 0.0000 0.0000 0.0000	</row1>
						<row2>	0.0000 -1.0000 0.0000 0.0000	</row2>
						<row3>	1.1251 0.8736 0.7145 1.0000	</row3>
					</transform>
				</node>
				<node>
					<identifier>	MP_BM527_Liferaft_type_20_8ft_INDEX_24	</identifier>
					<transform>
						<row0>	0.0000 0.0000 1.0000 0.0000	</row0>
						<row1>	-1.0000 0.0000 0.0000 0.0000	</row1>
						<row2>	0.0000 -1.0000 0.0000 0.0000	</row2>
						<row3>	-0.8723 0.5357 1.2278 1.0000	</row3>
					</transform>
				</node>
				<node>
					<identifier>	MP_BM527_Liferaft_type_20_8ft_INDEX_25	</identifier>
					<transform>
						<row0>	0.0000 0.0000 -1.0000 0.0000	</row0>
						<row1>	1.0000 0.0000 0.0000 0.0000	</row1>
						<row2>	0.0000 -1.0000 0.0000 0.0000	</row2>
						<row3>	1.1251 0.8736 0.2777 1.0000	</row3>
					</transform>
				</node>
				<node>
					<identifier>	MP_BM527_Liferaft_type_20_8ft_INDEX_26	</identifier>
					<transform>
						<row0>	0.0000 0.0000 -1.0000 0.0000	</row0>
						<row1>	0.9810 -0.1939 0.0000 0.0000	</row1>
						<row2>	-0.1939 -0.9810 0.0000 0.0000	</row2>
						<row3>	1.0145 0.6052 1.6397 1.0000	</row3>
					</transform>
				</node>
				<node>
					<identifier>	MP_BM527_Liferaft_type_20_8ft_INDEX_27	</identifier>
					<transform>
						<row0>	0.0000 0.0000 1.0000 0.0000	</row0>
						<row1>	-1.0000 0.0000 0.0000 0.0000	</row1>
						<row2>	0.0000 -1.0000 0.0000 0.0000	</row2>
						<row3>	-0.8971 0.5272 1.4463 1.0000	</row3>
					</transform>
				</node>
				<node>
					<identifier>	MP_BM527_Liferaft_type_20_8ft_INDEX_28	</identifier>
					<transform>
						<row0>	0.0000 0.0000 1.0000 0.0000	</row0>
						<row1>	-1.0000 0.0000 0.0000 0.0000	</row1>
						<row2>	0.0000 -1.0000 0.0000 0.0000	</row2>
						<row3>	-0.8723 0.5357 1.7742 1.0000	</row3>
					</transform>
				</node>
				<node>
					<identifier>	MP_BM527_Liferaft_type_20_8ft_INDEX_29	</identifier>
					<transform>
						<row0>	0.0000 0.0000 -1.0000 0.0000	</row0>
						<row1>	0.9810 -0.1939 0.0000 0.0000	</row1>
						<row2>	-0.1939 -0.9810 0.0000 0.0000	</row2>
						<row3>	1.0145 0.6052 1.5304 1.0000	</row3>
					</transform>
				</node>
				<node>
					<identifier>	MP_BM527_Liferaft_type_20_8ft_INDEX_3	</identifier>
					<transform>
						<row0>	0.0000 0.0000 1.0000 0.0000	</row0>
						<row1>	-1.0000 0.0000 0.0000 0.0000	</row1>
						<row2>	0.0000 -1.0000 0.0000 0.0000	</row2>
						<row3>	-0.8971 0.5272 1.7742 1.0000	</row3>
					</transform>
				</node>
				<node>
					<identifier>	MP_BM527_Liferaft_type_20_8ft_INDEX_30	</identifier>
					<transform>
						<row0>	0.0000 0.0000 -1.0000 0.0000	</row0>
						<row1>	1.0000 0.0000 0.0000 0.0000	</row1>
						<row2>	0.0000 -1.0000 0.0000 0.0000	</row2>
						<row3>	1.1002 0.8820 0.3869 1.0000	</row3>
					</transform>
				</node>
				<node>
					<identifier>	MP_BM527_Liferaft_type_20_8ft_INDEX_31	</identifier>
					<transform>
						<row0>	0.0000 0.0000 -1.0000 0.0000	</row0>
						<row1>	0.9810 -0.1939 0.0000 0.0000	</row1>
						<row2>	-0.1939 -0.9810 0.0000 0.0000	</row2>
						<row3>	1.0372 0.5932 1.7489 1.0000	</row3>
					</transform>
				</node>
				<node>
					<identifier>	MP_BM527_Liferaft_type_20_8ft_INDEX_32	</identifier>
					<transform>
						<row0>	0.0000 0.0000 -1.0000 0.0000	</row0>
						<row1>	1.0000 0.0000 0.0000 0.0000	</row1>
						<row2>	0.0000 -1.0000 0.0000 0.0000	</row2>
						<row3>	1.1002 0.8820 0.8237 1.0000	</row3>
					</transform>
				</node>
				<node>
					<identifier>	MP_BM527_Liferaft_type_20_8ft_INDEX_33	</identifier>
					<transform>
						<row0>	0.0000 0.0000 -1.0000 0.0000	</row0>
						<row1>	0.9810 -0.1939 0.0000 0.0000	</row1>
						<row2>	-0.1939 -0.9810 0.0000 0.0000	</row2>
						<row3>	1.0372 0.5932 1.8581 1.0000	</row3>
					</transform>
				</node>
				<node>
					<identifier>	MP_BM527_Liferaft_type_20_8ft_INDEX_34	</identifier>
					<transform>
						<row0>	0.0000 0.0000 1.0000 0.0000	</row0>
						<row1>	-1.0000 0.0000 0.0000 0.0000	</row1>
						<row2>	0.0000 -1.0000 0.0000 0.0000	</row2>
						<row3>	-0.8971 0.5272 1.6647 1.0000	</row3>
					</transform>
				</node>
				<node>
					<identifier>	MP_BM527_Liferaft_type_20_8ft_INDEX_35	</identifier>
					<transform>
						<row0>	0.0000 0.0000 -1.0000 0.0000	</row0>
						<row1>	1.0000 0.0000 0.0000 0.0000	</row1>
						<row2>	0.0000 -1.0000 0.0000 0.0000	</row2>
						<row3>	1.1251 0.8736 0.4961 1.0000	</row3>
					</transform>
				</node>
				<node>
					<identifier>	MP_BM527_Liferaft_type_20_8ft_INDEX_36	</identifier>
					<transform>
						<row0>	0.0000 0.0000 -1.0000 0.0000	</row0>
						<row1>	0.9810 -0.1939 0.0000 0.0000	</row1>
						<row2>	-0.1939 -0.9810 0.0000 0.0000	</row2>
						<row3>	1.0372 0.5932 1.4212 1.0000	</row3>
					</transform>
				</node>
				<node>
					<identifier>	MP_BM527_Liferaft_type_20_8ft_INDEX_37	</identifier>
					<transform>
						<row0>	0.0000 0.0000 -1.0000 0.0000	</row0>
						<row1>	0.9810 -0.1939 0.0000 0.0000	</row1>
						<row2>	-0.1939 -0.9810 0.0000 0.0000	</row2>
						<row3>	1.0145 0.6052 1.7489 1.0000	</row3>
					</transform>
				</node>
				<node>
					<identifier>	MP_BM527_Liferaft_type_20_8ft_INDEX_38	</identifier>
					<transform>
						<row0>	0.0000 0.0000 -1.0000 0.0000	</row0>
						<row1>	1.0000 0.0000 0.0000 0.0000	</row1>
						<row2>	0.0000 -1.0000 0.0000 0.0000	</row2>
						<row3>	1.1251 0.8736 0.8237 1.0000	</row3>
					</transform>
				</node>
				<node>
					<identifier>	MP_BM527_Liferaft_type_20_8ft_INDEX_39	</identifier>
					<transform>
						<row0>	0.0000 0.0000 -1.0000 0.0000	</row0>
						<row1>	1.0000 0.0000 0.0000 0.0000	</row1>
						<row2>	0.0000 -1.0000 0.0000 0.0000	</row2>
						<row3>	1.1251 0.8736 0.3869 1.0000	</row3>
					</transform>
				</node>
				<node>
					<identifier>	MP_BM527_Liferaft_type_20_8ft_INDEX_4	</identifier>
					<transform>
						<row0>	0.0000 0.0000 -1.0000 0.0000	</row0>
						<row1>	0.9810 -0.1939 0.0000 0.0000	</row1>
						<row2>	-0.1939 -0.9810 0.0000 0.0000	</row2>
						<row3>	1.0372 0.5932 1.9673 1.0000	</row3>
					</transform>
				</node>
				<node>
					<identifier>	MP_BM527_Liferaft_type_20_8ft_INDEX_40	</identifier>
					<transform>
						<row0>	0.0000 0.0000 -1.0000 0.0000	</row0>
						<row1>	1.0000 0.0000 0.0000 0.0000	</row1>
						<row2>	0.0000 -1.0000 0.0000 0.0000	</row2>
						<row3>	1.1002 0.8820 0.4961 1.0000	</row3>
					</transform>
				</node>
				<node>
					<identifier>	MP_BM527_Liferaft_type_20_8ft_INDEX_41	</identifier>
					<transform>
						<row0>	0.0000 0.0000 -1.0000 0.0000	</row0>
						<row1>	0.9810 -0.1939 0.0000 0.0000	</row1>
						<row2>	-0.1939 -0.9810 0.0000 0.0000	</row2>
						<row3>	1.0372 0.5932 1.3120 1.0000	</row3>
					</transform>
				</node>
				<node>
					<identifier>	MP_BM527_Liferaft_type_20_8ft_INDEX_42	</identifier>
					<transform>
						<row0>	0.0000 0.0000 -1.0000 0.0000	</row0>
						<row1>	1.0000 0.0000 0.0000 0.0000	</row1>
						<row2>	0.0000 -1.0000 0.0000 0.0000	</row2>
						<row3>	1.1251 0.8736 1.1517 1.0000	</row3>
					</transform>
				</node>
				<node>
					<identifier>	MP_BM527_Liferaft_type_20_8ft_INDEX_43	</identifier>
					<transform>
						<row0>	0.0000 0.0000 -1.0000 0.0000	</row0>
						<row1>	0.9810 -0.1939 0.0000 0.0000	</row1>
						<row2>	-0.1939 -0.9810 0.0000 0.0000	</row2>
						<row3>	1.0145 0.6052 1.9673 1.0000	</row3>
					</transform>
				</node>
				<node>
					<identifier>	MP_BM527_Liferaft_type_20_8ft_INDEX_5	</identifier>
					<transform>
						<row0>	0.0000 0.0000 -1.0000 0.0000	</row0>
						<row1>	0.9810 -0.1939 0.0000 0.0000	</row1>
						<row2>	-0.1939 -0.9810 0.0000 0.0000	</row2>
						<row3>	1.0145 0.6052 1.3120 1.0000	</row3>
					</transform>
				</node>
				<node>
					<identifier>	MP_BM527_Liferaft_type_20_8ft_INDEX_6	</identifier>
					<transform>
						<row0>	0.0000 0.0000 1.0000 0.0000	</row0>
						<row1>	-1.0000 0.0000 0.0000 0.0000	</row1>
						<row2>	0.0000 -1.0000 0.0000 0.0000	</row2>
						<row3>	-0.8971 0.5272 1.3371 1.0000	</row3>
					</transform>
				</node>
				<node>
					<identifier>	MP_BM527_Liferaft_type_20_8ft_INDEX_7	</identifier>
					<transform>
						<row0>	0.0000 0.0000 -1.0000 0.0000	</row0>
						<row1>	0.9810 -0.1939 0.0000 0.0000	</row1>
						<row2>	-0.1939 -0.9810 0.0000 0.0000	</row2>
						<row3>	1.0372 0.5932 1.6397 1.0000	</row3>
					</transform>
				</node>
				<node>
					<identifier>	MP_BM527_Liferaft_type_20_8ft_INDEX_8	</identifier>
					<transform>
						<row0>	0.0000 0.0000 -1.0000 0.0000	</row0>
						<row1>	1.0000 0.0000 0.0000 0.0000	</row1>
						<row2>	0.0000 -1.0000 0.0000 0.0000	</row2>
						<row3>	1.1002 0.8820 1.1517 1.0000	</row3>
					</transform>
				</node>
				<node>
					<identifier>	MP_BM527_Liferaft_type_20_8ft_INDEX_9	</identifier>
					<transform>
						<row0>	0.0000 0.0000 1.0000 0.0000	</row0>
						<row1>	-1.0000 0.0000 0.0000 0.0000	</row1>
						<row2>	0.0000 -1.0000 0.0000 0.0000	</row2>
						<row3>	-0.8723 0.5357 1.5555 1.0000	</row3>
					</transform>
				</node>
				<node>
					<identifier>	MP_BM600_Sky_lookout	</identifier>
					<transform>
						<row0>	-0.7071 0.0000 -0.7071 0.0000	</row0>
						<row1>	0.0000 1.0000 0.0000 0.0000	</row1>
						<row2>	0.7071 0.0000 -0.7071 0.0000	</row2>
						<row3>	1.0581 1.3500 1.7318 1.0000	</row3>
					</transform>
				</node>
				<node>
					<identifier>	MP_BM600_Sky_lookout_INDEX_1	</identifier>
					<transform>
						<row0>	-1.0000 0.0000 0.0000 0.0000	</row0>
						<row1>	0.0000 1.0000 0.0000 0.0000	</row1>
						<row2>	0.0000 0.0000 -1.0000 0.0000	</row2>
						<row3>	1.0591 1.3500 1.6302 1.0000	</row3>
					</transform>
				</node>
				<node>
					<identifier>	MP_BM600_Sky_lookout_INDEX_2	</identifier>
					<transform>
						<row0>	1.0000 0.0000 0.0000 0.0000	</row0>
						<row1>	0.0000 1.0000 0.0000 0.0000	</row1>
						<row2>	0.0000 0.0000 1.0000 0.0000	</row2>
						<row3>	0.6830 1.3500 1.6302 1.0000	</row3>
					</transform>
				</node>
				<node>
					<identifier>	MP_BM600_Sky_lookout_INDEX_3	</identifier>
					<transform>
						<row0>	0.7071 0.0000 0.7071 0.0000	</row0>
						<row1>	0.0000 1.0000 0.0000 0.0000	</row1>
						<row2>	-0.7071 0.0000 0.7071 0.0000	</row2>
						<row3>	0.6849 1.3500 1.5279 1.0000	</row3>
					</transform>
				</node>
				<node>
					<identifier>	MP_BM600_Sky_lookout_INDEX_4	</identifier>
					<transform>
						<row0>	0.7071 0.0000 -0.7071 0.0000	</row0>
						<row1>	0.0000 1.0000 0.0000 0.0000	</row1>
						<row2>	0.7071 0.0000 0.7071 0.0000	</row2>
						<row3>	0.6849 1.3500 1.7318 1.0000	</row3>
					</transform>
				</node>
				<node>
					<identifier>	MP_BM600_Sky_lookout_INDEX_5	</identifier>
					<transform>
						<row0>	-0.7071 0.0000 0.7071 0.0000	</row0>
						<row1>	0.0000 1.0000 0.0000 0.0000	</row1>
						<row2>	-0.7071 0.0000 -0.7071 0.0000	</row2>
						<row3>	1.0581 1.3500 1.5279 1.0000	</row3>
					</transform>
				</node>
				<node>
					<identifier>	MP_BM602_Pelorus	</identifier>
					<transform>
						<row0>	0.0000 0.0000 1.0000 0.0000	</row0>
						<row1>	0.0000 1.0000 0.0000 0.0000	</row1>
						<row2>	-1.0000 0.0000 0.0000 0.0000	</row2>
						<row3>	0.8785 1.0736 1.8371 1.0000	</row3>
					</transform>
				</node>
				<node>
					<identifier>	MP_BM608_Compass_repeater	</identifier>
					<transform>
						<row0>	0.0000 0.0000 1.0000 0.0000	</row0>
						<row1>	0.0000 1.0000 0.0000 0.0000	</row1>
						<row2>	-1.0000 0.0000 0.0000 0.0000	</row2>
						<row3>	1.0937 1.1378 1.6415 1.0000	</row3>
					</transform>
				</node>
				<node>
					<identifier>	MP_BM608_Compass_repeater_INDEX_1	</identifier>
					<transform>
						<row0>	0.0000 0.0000 1.0000 0.0000	</row0>
						<row1>	0.0000 1.0000 0.0000 0.0000	</row1>
						<row2>	-1.0000 0.0000 0.0000 0.0000	</row2>
						<row3>	1.0112 1.4257 1.6089 1.0000	</row3>
					</transform>
				</node>
				<node>
					<identifier>	MP_BM608_Compass_repeater_INDEX_2	</identifier>
					<transform>
						<row0>	0.0000 0.0000 -1.0000 0.0000	</row0>
						<row1>	0.0000 1.0000 0.0000 0.0000	</row1>
						<row2>	1.0000 0.0000 0.0000 0.0000	</row2>
						<row3>	0.6496 1.1378 1.7139 1.0000	</row3>
					</transform>
				</node>
				<node>
					<identifier>	MP_BM608_Compass_repeater_INDEX_3	</identifier>
					<transform>
						<row0>	0.0000 0.0000 -1.0000 0.0000	</row0>
						<row1>	0.0000 1.0000 0.0000 0.0000	</row1>
						<row2>	1.0000 0.0000 0.0000 0.0000	</row2>
						<row3>	0.7309 1.4257 1.5403 1.0000	</row3>
					</transform>
				</node>
				<node>
					<identifier>	MP_BM609_Speaker	</identifier>
					<transform>
						<row0>	-0.5495 0.0000 -0.8355 0.0000	</row0>
						<row1>	0.0000 1.0000 0.0000 0.0000	</row1>
						<row2>	0.8355 0.0000 -0.5495 0.0000	</row2>
						<row3>	0.7436 1.1377 1.8374 1.0000	</row3>
					</transform>
				</node>
				<node>
					<identifier>	MP_BM609_Speaker_INDEX_1	</identifier>
					<transform>
						<row0>	-1.0000 0.0000 0.0000 0.0000	</row0>
						<row1>	0.0000 1.0000 0.0000 0.0000	</row1>
						<row2>	0.0000 0.0000 -1.0000 0.0000	</row2>
						<row3>	0.7970 1.4094 1.7854 1.0000	</row3>
					</transform>
				</node>
				<node>
					<identifier>	MP_BM609_Speaker_INDEX_2	</identifier>
					<transform>
						<row0>	-0.5495 0.0000 0.8355 0.0000	</row0>
						<row1>	0.0000 1.0000 0.0000 0.0000	</row1>
						<row2>	-0.8355 0.0000 -0.5495 0.0000	</row2>
						<row3>	1.0086 1.1377 1.8374 1.0000	</row3>
					</transform>
				</node>
				<node>
					<identifier>	MP_BM609_Speaker_INDEX_3	</identifier>
					<transform>
						<row0>	-1.0000 0.0000 0.0000 0.0000	</row0>
						<row1>	0.0000 1.0000 0.0000 0.0000	</row1>
						<row2>	0.0000 0.0000 -1.0000 0.0000	</row2>
						<row3>	0.9499 1.4094 1.7854 1.0000	</row3>
					</transform>
				</node>
				<node>
					<identifier>	MP_BM610_Speaker_2	</identifier>
					<transform>
						<row0>	0.0000 0.0000 -1.0000 0.0000	</row0>
						<row1>	0.0000 1.0000 0.0000 0.0000	</row1>
						<row2>	1.0000 0.0000 0.0000 0.0000	</row2>
						<row3>	0.8116 0.7455 3.5202 1.0000	</row3>
					</transform>
				</node>
				<node>
					<identifier>	MP_BM610_Speaker_2_INDEX_1	</identifier>
					<transform>
						<row0>	0.0000 0.0000 1.0000 0.0000	</row0>
						<row1>	0.0000 1.0000 0.0000 0.0000	</row1>
						<row2>	-1.0000 0.0000 0.0000 0.0000	</row2>
						<row3>	-0.8093 0.7455 3.5648 1.0000	</row3>
					</transform>
				</node>
				<node>
					<identifier>	MP_BM611_Telephone	</identifier>
					<transform>
						<row0>	1.0000 0.0000 0.0000 0.0000	</row0>
						<row1>	0.0000 1.0000 0.0000 0.0000	</row1>
						<row2>	0.0000 0.0000 1.0000 0.0000	</row2>
						<row3>	0.7764 1.4139 1.7849 1.0000	</row3>
					</transform>
				</node>
				<node>
					<identifier>	MP_BM611_Telephone_INDEX_1	</identifier>
					<transform>
						<row0>	0.7359 0.0000 0.6771 0.0000	</row0>
						<row1>	0.0000 1.0000 0.0000 0.0000	</row1>
						<row2>	-0.6771 0.0000 0.7359 0.0000	</row2>
						<row3>	0.7769 1.1333 1.8716 1.0000	</row3>
					</transform>
				</node>
				<node>
					<identifier>	MP_BM611_Telephone_INDEX_2	</identifier>
					<transform>
						<row0>	0.7359 0.0000 -0.6771 0.0000	</row0>
						<row1>	0.0000 1.0000 0.0000 0.0000	</row1>
						<row2>	0.6771 0.0000 0.7359 0.0000	</row2>
						<row3>	0.9756 1.1333 1.8716 1.0000	</row3>
					</transform>
				</node>
				<node>
					<identifier>	MP_BM611_Telephone_INDEX_3	</identifier>
					<transform>
						<row0>	-1.0000 0.0000 0.0000 0.0000	</row0>
						<row1>	0.0000 1.0000 0.0000 0.0000	</row1>
						<row2>	0.0000 0.0000 -1.0000 0.0000	</row2>
						<row3>	0.7764 1.4139 1.4749 1.0000	</row3>
					</transform>
				</node>
				<node>
