<JSA032_Ryujo_1944_MidFront_ep.skel_ext>
	<exported>	false	</exported>
	<node>
		<identifier>	EP_Death_1	</identifier>
		<parent>	Scene Root	</parent>
		<transform>
			<row0>	1.0000 0.0000 0.0000 0.0000	</row0>
			<row1>	0.0000 1.0000 0.0000 0.0000	</row1>
			<row2>	0.0000 0.0000 1.0000 0.0000	</row2>
			<row3>	0.0000 0.0000 2.7142 1.0000	</row3>
		</transform>
	</node>
	<node>
		<identifier>	EP_Fire_2	</identifier>
		<parent>	Scene Root	</parent>
		<transform>
			<row0>	0.8330 -0.1409 0.5351 0.0000	</row0>
			<row1>	0.1668 0.9860 0.0000 0.0000	</row1>
			<row2>	-0.5276 0.0893 0.8448 0.0000	</row2>
			<row3>	0.0453 1.0470 3.8561 1.0000	</row3>
		</transform>
	</node>
	<node>
		<identifier>	EP_Fire_2_side_1	</identifier>
		<parent>	Scene Root	</parent>
		<transform>
			<row0>	1.0000 0.0000 0.0000 0.0000	</row0>
			<row1>	0.0000 1.0000 0.0000 0.0000	</row1>
			<row2>	0.0000 0.0000 1.0000 0.0000	</row2>
			<row3>	-0.8625 0.9020 3.6717 1.0000	</row3>
		</transform>
	</node>
	<node>
		<identifier>	EP_Fire_2_side_2	</identifier>
		<parent>	Scene Root	</parent>
		<transform>
			<row0>	1.0000 0.0000 0.0000 0.0000	</row0>
			<row1>	0.0000 1.0000 0.0000 0.0000	</row1>
			<row2>	0.0000 0.0000 1.0000 0.0000	</row2>
			<row3>	1.0149 0.9443 1.8041 1.0000	</row3>
		</transform>
	</node>
	<node>
		<identifier>	EP_Fire_2_side_3	</identifier>
		<parent>	Scene Root	</parent>
		<transform>
			<row0>	1.0000 0.0000 0.0000 0.0000	</row0>
			<row1>	0.0000 1.0000 0.0000 0.0000	</row1>
			<row2>	0.0000 0.0000 1.0000 0.0000	</row2>
			<row3>	-0.8300 1.0269 0.1315 1.0000	</row3>
		</transform>
	</node>
	<node>
		<identifier>	EP_FloodLight_left_1	</identifier>
		<parent>	Scene Root	</parent>
		<transform>
			<row0>	-1.0000 0.0000 0.0000 0.0000	</row0>
			<row1>	0.0000 1.0000 0.0000 0.0000	</row1>
			<row2>	0.0000 0.0000 -1.0000 0.0000	</row2>
			<row3>	-0.5097 0.5197 4.2219 1.0000	</row3>
		</transform>
	</node>
	<node>
		<identifier>	EP_FloodLight_right_1	</identifier>
		<parent>	Scene Root	</parent>
		<transform>
			<row0>	1.0000 0.0000 0.0000 0.0000	</row0>
			<row1>	0.0000 1.0000 0.0000 0.0000	</row1>
			<row2>	0.0000 0.0000 1.0000 0.0000	</row2>
			<row3>	0.5177 0.5147 4.2019 1.0000	</row3>
		</transform>
	</node>
	<node>
		<identifier>	EP_Flood_steam_exhaust_2	</identifier>
		<parent>	Scene Root	</parent>
		<transform>
			<row0>	0.5230 -0.5288 -0.6685 0.0000	</row0>
			<row1>	0.1641 0.8321 -0.5298 0.0000	</row1>
			<row2>	0.8364 0.1674 0.5219 0.0000	</row2>
			<row3>	1.1994 0.6108 -0.5504 1.0000	</row3>
		</transform>
	</node>
	<node>
		<identifier>	EP_Flood_steam_left	</identifier>
		<parent>	Scene Root	</parent>
		<transform>
			<row0>	-1.0000 0.0000 0.0000 0.0000	</row0>
			<row1>	0.0000 1.0000 0.0000 0.0000	</row1>
			<row2>	0.0000 0.0000 -1.0000 0.0000	</row2>
			<row3>	-0.4757 0.4701 4.3844 1.0000	</row3>
		</transform>
	</node>
	<node>
		<identifier>	EP_Flood_water_left_2	</identifier>
		<parent>	Scene Root	</parent>
		<transform>
			<row0>	-0.8440 -0.5364 0.0000 0.0000	</row0>
			<row1>	-0.5364 0.8440 0.0000 0.0000	</row1>
			<row2>	0.0000 0.0000 -1.0000 0.0000	</row2>
			<row3>	-0.6485 0.1562 1.1737 1.0000	</row3>
		</transform>
	</node>
	<node>
		<identifier>	EP_Flood_water_left_3	</identifier>
		<parent>	Scene Root	</parent>
		<transform>
			<row0>	-0.8300 -0.5578 0.0000 0.0000	</row0>
			<row1>	-0.5578 0.8300 0.0000 0.0000	</row1>
			<row2>	0.0000 0.0000 -1.0000 0.0000	</row2>
			<row3>	-0.4240 0.1407 3.3269 1.0000	</row3>
		</transform>
	</node>
	<node>
		<identifier>	EP_Flood_water_right_2	</identifier>
		<parent>	Scene Root	</parent>
		<transform>
			<row0>	0.8230 -0.5681 0.0000 0.0000	</row0>
			<row1>	0.5681 0.8230 0.0000 0.0000	</row1>
			<row2>	0.0000 0.0000 1.0000 0.0000	</row2>
			<row3>	0.6483 0.1563 1.1712 1.0000	</row3>
		</transform>
	</node>
	<node>
		<identifier>	EP_Flood_water_right_3	</identifier>
		<parent>	Scene Root	</parent>
		<transform>
			<row0>	0.8129 -0.5824 0.0000 0.0000	</row0>
			<row1>	0.5824 0.8129 0.0000 0.0000	</row1>
			<row2>	0.0000 0.0000 1.0000 0.0000	</row2>
			<row3>	0.4231 0.1407 3.3270 1.0000	</row3>
		</transform>
	</node>
	<node>
		<identifier>	EP_Horn_1	</identifier>
		<parent>	Scene Root	</parent>
		<transform>
			<row0>	0.0000 -1.0000 0.0000 0.0000	</row0>
			<row1>	0.8354 0.0000 -0.5497 0.0000	</row1>
			<row2>	0.5497 0.0000 0.8354 0.0000	</row2>
			<row3>	1.0665 0.6607 -0.7466 1.0000	</row3>
		</transform>
	</node>
	<node>
		<identifier>	EP_Smoke_1	</identifier>
		<parent>	Scene Root	</parent>
		<transform>
			<row0>	0.0128 -0.9990 0.0438 0.0000	</row0>
			<row1>	0.8655 -0.0109 -0.5008 0.0000	</row1>
			<row2>	0.5007 0.0443 0.8645 0.0000	</row2>
			<row3>	1.0594 0.6607 -0.6970 1.0000	</row3>
		</transform>
	</node>
</JSA032_Ryujo_1944_MidFront_ep.skel_ext>
