<JSB066_Daisen_1944_MidBack_ep.skel_ext>
	<exported>	false	</exported>
	<node>
		<identifier>	EP_Fire_3	</identifier>
		<parent>	Scene Root	</parent>
		<transform>
			<row0>	1.0000 0.0000 0.0000 0.0000	</row0>
			<row1>	0.0000 1.0000 0.0000 0.0000	</row1>
			<row2>	0.0000 0.0000 1.0000 0.0000	</row2>
			<row3>	0.0000 0.4817 -2.8847 1.0000	</row3>
		</transform>
	</node>
	<node>
		<identifier>	EP_Fire_3_side_1	</identifier>
		<parent>	Scene Root	</parent>
		<transform>
			<row0>	1.0000 0.0000 0.0000 0.0000	</row0>
			<row1>	0.0000 1.0000 0.0000 0.0000	</row1>
			<row2>	0.0000 0.0000 1.0000 0.0000	</row2>
			<row3>	-0.7686 0.4988 -0.8046 1.0000	</row3>
		</transform>
	</node>
	<node>
		<identifier>	EP_Fire_3_side_2	</identifier>
		<parent>	Scene Root	</parent>
		<transform>
			<row0>	1.0000 0.0000 0.0000 0.0000	</row0>
			<row1>	0.0000 1.0000 0.0000 0.0000	</row1>
			<row2>	0.0000 0.0000 1.0000 0.0000	</row2>
			<row3>	0.5307 0.5897 -1.4613 1.0000	</row3>
		</transform>
	</node>
	<node>
		<identifier>	EP_Fire_3_side_3	</identifier>
		<parent>	Scene Root	</parent>
		<transform>
			<row0>	1.0000 0.0000 0.0000 0.0000	</row0>
			<row1>	0.0000 1.0000 0.0000 0.0000	</row1>
			<row2>	0.0000 0.0000 1.0000 0.0000	</row2>
			<row3>	-0.7304 0.5012 -3.5068 1.0000	</row3>
		</transform>
	</node>
	<node>
		<identifier>	EP_Fire_5_2	</identifier>
		<parent>	Scene Root	</parent>
		<transform>
			<row0>	1.0000 0.0000 0.0000 0.0000	</row0>
			<row1>	0.0000 1.0000 0.0000 0.0000	</row1>
			<row2>	0.0000 0.0000 1.0000 0.0000	</row2>
			<row3>	-0.2794 0.5229 -0.1653 1.0000	</row3>
		</transform>
	</node>
	<node>
		<identifier>	EP_FloodLight_left_2	</identifier>
		<parent>	Scene Root	</parent>
		<transform>
			<row0>	-0.8847 0.0000 -0.4662 0.0000	</row0>
			<row1>	-0.4662 0.0000 0.8847 0.0000	</row1>
			<row2>	0.0000 1.0000 0.0000 0.0000	</row2>
			<row3>	-0.4610 0.4751 -5.1273 1.0000	</row3>
		</transform>
	</node>
	<node>
		<identifier>	EP_FloodLight_right_2	</identifier>
		<parent>	Scene Root	</parent>
		<transform>
			<row0>	0.8847 0.0000 -0.4662 0.0000	</row0>
			<row1>	-0.4662 0.0000 -0.8847 0.0000	</row1>
			<row2>	0.0000 1.0000 0.0000 0.0000	</row2>
			<row3>	0.4608 0.4725 -5.1252 1.0000	</row3>
		</transform>
	</node>
	<node>
		<identifier>	EP_Flood_steam_3	</identifier>
		<parent>	Scene Root	</parent>
		<transform>
			<row0>	0.6906 -0.7232 0.0000 0.0000	</row0>
			<row1>	0.7232 0.6906 0.0000 0.0000	</row1>
			<row2>	0.0000 0.0000 1.0000 0.0000	</row2>
			<row3>	0.1876 1.6977 -0.3314 1.0000	</row3>
		</transform>
	</node>
	<node>
		<identifier>	EP_Flood_steam_4	</identifier>
		<parent>	Scene Root	</parent>
		<transform>
			<row0>	0.6906 0.7232 0.0000 0.0000	</row0>
			<row1>	-0.7232 0.6906 0.0000 0.0000	</row1>
			<row2>	0.0000 0.0000 1.0000 0.0000	</row2>
			<row3>	-0.1879 1.6982 -0.3318 1.0000	</row3>
		</transform>
	</node>
	<node>
		<identifier>	EP_Flood_water_left	</identifier>
		<parent>	Scene Root	</parent>
		<transform>
			<row0>	-0.9973 0.0000 -0.0736 0.0000	</row0>
			<row1>	0.0000 1.0000 0.0000 0.0000	</row1>
			<row2>	0.0736 0.0000 -0.9973 0.0000	</row2>
			<row3>	-0.7806 0.0280 -4.8956 1.0000	</row3>
		</transform>
	</node>
	<node>
		<identifier>	EP_Flood_water_left_2	</identifier>
		<parent>	Scene Root	</parent>
		<transform>
			<row0>	-0.9999 0.0000 0.0076 0.0000	</row0>
			<row1>	0.0000 1.0000 0.0000 0.0000	</row1>
			<row2>	-0.0076 0.0000 -0.9999 0.0000	</row2>
			<row3>	-0.9871 0.0297 -0.1662 1.0000	</row3>
		</transform>
	</node>
	<node>
		<identifier>	EP_Flood_water_right	</identifier>
		<parent>	Scene Root	</parent>
		<transform>
			<row0>	0.9978 0.0000 -0.0659 0.0000	</row0>
			<row1>	0.0000 1.0000 0.0000 0.0000	</row1>
			<row2>	0.0659 0.0000 0.9978 0.0000	</row2>
			<row3>	0.7808 0.0271 -4.8947 1.0000	</row3>
		</transform>
	</node>
	<node>
		<identifier>	EP_Flood_water_right_2	</identifier>
		<parent>	Scene Root	</parent>
		<transform>
			<row0>	1.0000 0.0000 0.0000 0.0000	</row0>
			<row1>	0.0000 1.0000 0.0000 0.0000	</row1>
			<row2>	0.0000 0.0000 1.0000 0.0000	</row2>
			<row3>	0.9871 0.0279 -0.1661 1.0000	</row3>
		</transform>
	</node>
	<node>
		<identifier>	EP_RepairLight_left_2	</identifier>
		<parent>	Scene Root	</parent>
		<transform>
			<row0>	-0.0853 0.0000 0.9964 0.0000	</row0>
			<row1>	0.0000 1.0000 0.0000 0.0000	</row1>
			<row2>	-0.9964 0.0000 -0.0853 0.0000	</row2>
			<row3>	-0.7732 0.3372 -5.0331 1.0000	</row3>
		</transform>
	</node>
	<node>
		<identifier>	EP_RepairLight_right_2	</identifier>
		<parent>	Scene Root	</parent>
		<transform>
			<row0>	-0.0853 0.0000 -0.9964 0.0000	</row0>
			<row1>	0.0138 0.9999 -0.0012 0.0000	</row1>
			<row2>	0.9963 -0.0138 -0.0853 0.0000	</row2>
			<row3>	0.7703 0.3164 -5.0646 1.0000	</row3>
		</transform>
	</node>
	<node>
		<identifier>	EP_Smoke_2	</identifier>
		<parent>	Scene Root	</parent>
		<transform>
			<row0>	0.9848 0.0000 0.1736 0.0000	</row0>
			<row1>	0.0000 1.0000 0.0000 0.0000	</row1>
			<row2>	-0.1736 0.0000 0.9848 0.0000	</row2>
			<row3>	0.0000 1.7360 -0.3622 1.0000	</row3>
		</transform>
	</node>
</JSB066_Daisen_1944_MidBack_ep.skel_ext>
