<AGM049_14in50_3Gun_Turret.visual>
	<skeleton>
		<node>
			<identifier>	Scene Root	</identifier>
			<transform>
				<row0>	1.0000 0.0000 0.0000 0.0000	</row0>
				<row1>	0.0000 1.0000 0.0000 0.0000	</row1>
				<row2>	0.0000 0.0000 1.0000 0.0000	</row2>
				<row3>	0.0000 0.0000 0.0000 1.0000	</row3>
			</transform>
			<node>
				<identifier>	Root	</identifier>
				<transform>
					<row0>	1.0000 0.0000 0.0000 0.0000	</row0>
					<row1>	0.0000 1.0000 0.0000 0.0000	</row1>
					<row2>	0.0000 0.0000 1.0000 0.0000	</row2>
					<row3>	0.0000 0.0000 0.0000 1.0000	</row3>
				</transform>
				<node>
					<identifier>	Root_BlendBone	</identifier>
					<transform>
						<row0>	1.0000 0.0000 0.0000 0.0000	</row0>
						<row1>	0.0000 1.0000 0.0000 0.0000	</row1>
						<row2>	0.0000 0.0000 1.0000 0.0000	</row2>
						<row3>	0.0000 0.0000 0.0000 1.0000	</row3>
					</transform>
				</node>
				<node>
					<identifier>	Rotate_Y	</identifier>
					<transform>
						<row0>	1.0000 0.0000 0.0000 0.0000	</row0>
						<row1>	0.0000 1.0000 0.0000 0.0000	</row1>
						<row2>	0.0000 0.0000 1.0000 0.0000	</row2>
						<row3>	0.0000 0.0320 0.0000 1.0000	</row3>
					</transform>
					<node>
						<identifier>	HP_AGA_1	</identifier>
						<transform>
							<row0>	0.0000 0.0000 1.0000 0.0000	</row0>
							<row1>	0.0000 1.0000 0.0000 0.0000	</row1>
							<row2>	-1.0000 0.0000 0.0000 0.0000	</row2>
							<row3>	-0.2642 0.1414 -0.0822 1.0000	</row3>
						</transform>
					</node>
					<node>
						<identifier>	HP_AGA_2	</identifier>
						<transform>
							<row0>	0.0000 0.0000 -1.0000 0.0000	</row0>
							<row1>	0.0000 1.0000 0.0000 0.0000	</row1>
							<row2>	1.0000 0.0000 0.0000 0.0000	</row2>
							<row3>	0.2642 0.1414 -0.0822 1.0000	</row3>
						</transform>
					</node>
					<node>
						<identifier>	HP_AGA_3	</identifier>
						<transform>
							<row0>	0.0000 0.0000 1.0000 0.0000	</row0>
							<row1>	0.0000 1.0000 0.0000 0.0000	</row1>
							<row2>	-1.0000 0.0000 0.0000 0.0000	</row2>
							<row3>	-0.2071 0.1580 -0.3452 1.0000	</row3>
						</transform>
					</node>
					<node>
						<identifier>	HP_AGA_4	</identifier>
						<transform>
							<row0>	0.0000 0.0000 -1.0000 0.0000	</row0>
							<row1>	0.0000 1.0000 0.0000 0.0000	</row1>
							<row2>	1.0000 0.0000 0.0000 0.0000	</row2>
							<row3>	0.2071 0.1580 -0.3452 1.0000	</row3>
						</transform>
					</node>
					<node>
						<identifier>	HP_AGA_5	</identifier>
						<transform>
							<row0>	1.0000 0.0000 0.0000 0.0000	</row0>
							<row1>	0.0000 1.0000 0.0000 0.0000	</row1>
							<row2>	0.0000 0.0000 1.0000 0.0000	</row2>
							<row3>	0.2151 0.1539 -0.0869 1.0000	</row3>
						</transform>
					</node>
					<node>
						<identifier>	HP_AGA_6	</identifier>
						<transform>
							<row0>	1.0000 0.0000 0.0000 0.0000	</row0>
							<row1>	0.0000 1.0000 0.0000 0.0000	</row1>
							<row2>	0.0000 0.0000 1.0000 0.0000	</row2>
							<row3>	-0.2151 0.1539 -0.0869 1.0000	</row3>
						</transform>
					</node>
					<node>
						<identifier>	MP_AM054_Boat_6	</identifier>
						<transform>
							<row0>	-0.3164 0.9452 0.0800 0.0000	</row0>
							<row1>	0.9167 0.3264 -0.2306 0.0000	</row1>
							<row2>	-0.2441 0.0004 -0.9697 0.0000	</row2>
							<row3>	0.2686 0.0061 -0.3897 1.0000	</row3>
						</transform>
					</node>
					<node>
						<identifier>	MP_AM054_Boat_6_INDEX_1	</identifier>
						<transform>
							<row0>	0.0000 -0.0624 0.9981 0.0000	</row0>
							<row1>	0.0000 0.9981 0.0624 0.0000	</row1>
							<row2>	-1.0000 0.0000 0.0000 0.0000	</row2>
							<row3>	0.1063 0.1258 0.0870 1.0000	</row3>
						</transform>
					</node>
					<node>
						<identifier>	MP_AM054_Boat_6_INDEX_2	</identifier>
						<transform>
							<row0>	0.0000 0.0608 -0.9982 0.0000	</row0>
							<row1>	0.0000 0.9982 0.0608 0.0000	</row1>
							<row2>	1.0000 0.0000 0.0000 0.0000	</row2>
							<row3>	0.0000 0.1325 -0.0263 1.0000	</row3>
						</transform>
					</node>
					<node>
						<identifier>	MP_AM054_Boat_6_INDEX_3	</identifier>
						<transform>
							<row0>	-0.3401 0.9364 0.0860 0.0000	</row0>
							<row1>	0.9081 0.3508 -0.2285 0.0000	</row1>
							<row2>	-0.2441 0.0004 -0.9697 0.0000	</row2>
							<row3>	0.2991 0.0454 -0.1837 1.0000	</row3>
						</transform>
					</node>
					<node>
						<identifier>	MP_AM054_Boat_6_INDEX_4	</identifier>
						<transform>
							<row0>	0.0000 0.0624 -0.9981 0.0000	</row0>
							<row1>	0.0000 0.9981 0.0624 0.0000	</row1>
							<row2>	1.0000 0.0000 0.0000 0.0000	</row2>
							<row3>	-0.1063 0.1258 0.0870 1.0000	</row3>
						</transform>
					</node>
					<node>
						<identifier>	MP_AM054_Boat_6_INDEX_5	</identifier>
						<transform>
							<row0>	0.0000 0.0635 -0.9980 0.0000	</row0>
							<row1>	0.0000 0.9980 0.0635 0.0000	</row1>
							<row2>	1.0000 0.0000 0.0000 0.0000	</row2>
							<row3>	0.0000 0.1397 -0.1421 1.0000	</row3>
						</transform>
					</node>
					<node>
						<identifier>	MP_AM054_Boat_6_INDEX_6	</identifier>
						<transform>
							<row0>	-0.3401 0.9364 0.0860 0.0000	</row0>
							<row1>	0.9081 0.3508 -0.2285 0.0000	</row1>
							<row2>	-0.2441 0.0004 -0.9697 0.0000	</row2>
							<row3>	0.2465 0.0455 -0.3926 1.0000	</row3>
						</transform>
					</node>
					<node>
						<identifier>	MP_AM054_Boat_6_INDEX_7	</identifier>
						<transform>
							<row0>	-0.3164 -0.9452 -0.0800 0.0000	</row0>
							<row1>	-0.9167 0.3264 -0.2306 0.0000	</row1>
							<row2>	0.2441 0.0004 -0.9697 0.0000	</row2>
							<row3>	-0.2686 0.0061 -0.3897 1.0000	</row3>
						</transform>
					</node>
					<node>
						<identifier>	MP_AM054_Boat_6_INDEX_8	</identifier>
						<transform>
							<row0>	-0.3137 -0.9462 -0.0793 0.0000	</row0>
							<row1>	-0.9183 0.3236 -0.2283 0.0000	</row1>
							<row2>	0.2417 0.0012 -0.9704 0.0000	</row2>
							<row3>	-0.2449 0.0483 -0.4000 1.0000	</row3>
						</transform>
					</node>
					<node>
						<identifier>	MP_AM054_Boat_6_INDEX_9	</identifier>
						<transform>
							<row0>	0.3377 0.9377 0.0819 0.0000	</row0>
							<row1>	-0.9090 0.3474 -0.2302 0.0000	</row1>
							<row2>	-0.2443 0.0033 0.9697 0.0000	</row2>
							<row3>	-0.2984 0.0470 -0.1851 1.0000	</row3>
						</transform>
					</node>
					<node>
						<identifier>	MP_AM056_Boat_2	</identifier>
						<transform>
							<row0>	0.4494 0.8840 -0.1289 0.0000	</row0>
							<row1>	-0.8225 0.4657 0.3265 0.0000	</row1>
							<row2>	0.3486 -0.0407 0.9364 0.0000	</row2>
							<row3>	-0.2704 0.0529 0.0539 1.0000	</row3>
						</transform>
					</node>
					<node>
						<identifier>	MP_AM056_Boat_2_INDEX_1	</identifier>
						<transform>
							<row0>	0.4494 -0.8840 0.1289 0.0000	</row0>
							<row1>	0.8225 0.4657 0.3265 0.0000	</row1>
							<row2>	-0.3486 -0.0407 0.9364 0.0000	</row2>
							<row3>	0.2704 0.0529 0.0539 1.0000	</row3>
						</transform>
					</node>
					<node>
						<identifier>	MP_AM133_Boat_7	</identifier>
						<transform>
							<row0>	0.2578 0.0026 -0.9662 0.0000	</row0>
							<row1>	-0.9062 0.3475 -0.2409 0.0000	</row1>
							<row2>	0.3351 0.9377 0.0919 0.0000	</row2>
							<row3>	-0.2958 0.0470 -0.1950 1.0000	</row3>
						</transform>
					</node>
					<node>
						<identifier>	MP_AM133_Boat_7_INDEX_1	</identifier>
						<transform>
							<row0>	0.2578 -0.0026 0.9662 0.0000	</row0>
							<row1>	0.9062 0.3475 -0.2409 0.0000	</row1>
							<row2>	-0.3351 0.9377 0.0919 0.0000	</row2>
							<row3>	0.2961 0.0471 -0.1950 1.0000	</row3>
						</transform>
					</node>
					<node>
						<identifier>	MP_AM133_Boat_7_INDEX_2	</identifier>
						<transform>
							<row0>	-0.3164 -0.9452 -0.0800 0.0000	</row0>
							<row1>	-0.9167 0.3264 -0.2306 0.0000	</row1>
							<row2>	0.2441 0.0004 -0.9697 0.0000	</row2>
							<row3>	-0.2756 0.0061 -0.3619 1.0000	</row3>
						</transform>
					</node>
					<node>
						<identifier>	MP_AM133_Boat_7_INDEX_3	</identifier>
						<transform>
							<row0>	-0.3164 0.9452 0.0800 0.0000	</row0>
							<row1>	0.9167 0.3264 -0.2306 0.0000	</row1>
							<row2>	-0.2441 0.0004 -0.9697 0.0000	</row2>
							<row3>	0.2756 0.0061 -0.3619 1.0000	</row3>
						</transform>
					</node>
					<node>
						<identifier>	MP_AM133_Boat_7_INDEX_4	</identifier>
						<transform>
							<row0>	-0.3344 -0.9387 -0.0845 0.0000	</row0>
							<row1>	-0.9123 0.3449 -0.2209 0.0000	</row1>
							<row2>	0.2364 0.0032 -0.9716 0.0000	</row2>
							<row3>	-0.2889 0.0395 -0.2366 1.0000	</row3>
						</transform>
					</node>
					<node>
						<identifier>	MP_AM133_Boat_7_INDEX_5	</identifier>
						<transform>
							<row0>	-0.3344 0.9387 0.0845 0.0000	</row0>
							<row1>	0.9123 0.3449 -0.2209 0.0000	</row1>
							<row2>	-0.2364 0.0032 -0.9716 0.0000	</row2>
							<row3>	0.2889 0.0395 -0.2366 1.0000	</row3>
						</transform>
					</node>
					<node>
						<identifier>	MP_AM250_Ammunition_Box	</identifier>
						<transform>
							<row0>	-0.9871 -0.0112 0.1596 0.0000	</row0>
							<row1>	-0.0025 0.9985 0.0546 0.0000	</row1>
							<row2>	-0.1600 0.0535 -0.9857 0.0000	</row2>
							<row3>	0.2113 0.1500 -0.2012 1.0000	</row3>
						</transform>
					</node>
					<node>
						<identifier>	MP_AM250_Ammunition_Box_INDEX_1	</identifier>
						<transform>
							<row0>	0.1645 0.0536 -0.9849 0.0000	</row0>
							<row1>	-0.0088 0.9986 0.0529 0.0000	</row1>
							<row2>	0.9863 0.0000 0.1647 0.0000	</row2>
							<row3>	-0.1180 0.1493 -0.2073 1.0000	</row3>
						</transform>
					</node>
					<node>
						<identifier>	MP_AM250_Ammunition_Box_INDEX_2	</identifier>
						<transform>
							<row0>	-0.9871 0.0112 -0.1596 0.0000	</row0>
							<row1>	0.0025 0.9985 0.0546 0.0000	</row1>
							<row2>	0.1600 0.0535 -0.9857 0.0000	</row2>
							<row3>	-0.2113 0.1500 -0.2012 1.0000	</row3>
						</transform>
					</node>
					<node>
						<identifier>	MP_AM250_Ammunition_Box_INDEX_3	</identifier>
						<transform>
							<row0>	-0.9871 0.0112 -0.1596 0.0000	</row0>
							<row1>	0.0025 0.9985 0.0546 0.0000	</row1>
							<row2>	0.1600 0.0535 -0.9857 0.0000	</row2>
							<row3>	-0.2051 0.1521 -0.2398 1.0000	</row3>
						</transform>
					</node>
					<node>
						<identifier>	MP_AM250_Ammunition_Box_INDEX_4	</identifier>
						<transform>
							<row0>	-0.7353 0.0330 -0.6770 0.0000	</row0>
							<row1>	0.0030 0.9990 0.0454 0.0000	</row1>
							<row2>	0.6778 0.0314 -0.7346 0.0000	</row2>
							<row3>	-0.1251 0.1653 -0.4533 1.0000	</row3>
						</transform>
					</node>
					<node>
						<identifier>	MP_AM250_Ammunition_Box_INDEX_5	</identifier>
						<transform>
							<row0>	-0.7353 -0.0330 0.6770 0.0000	</row0>
							<row1>	-0.0030 0.9990 0.0454 0.0000	</row1>
							<row2>	-0.6778 0.0314 -0.7346 0.0000	</row2>
							<row3>	0.1251 0.1653 -0.4533 1.0000	</row3>
						</transform>
					</node>
					<node>
						<identifier>	MP_AM250_Ammunition_Box_INDEX_6	</identifier>
						<transform>
							<row0>	0.1645 -0.0522 0.9850 0.0000	</row0>
							<row1>	0.0086 0.9986 0.0515 0.0000	</row1>
							<row2>	-0.9863 0.0000 0.1647 0.0000	</row2>
							<row3>	0.1178 0.1493 -0.2085 1.0000	</row3>
						</transform>
					</node>
					<node>
						<identifier>	MP_AM250_Ammunition_Box_INDEX_7	</identifier>
						<transform>
							<row0>	-0.9871 -0.0112 0.1596 0.0000	</row0>
							<row1>	-0.0025 0.9985 0.0546 0.0000	</row1>
							<row2>	-0.1600 0.0535 -0.9857 0.0000	</row2>
							<row3>	0.2051 0.1521 -0.2398 1.0000	</row3>
						</transform>
					</node>
					<node>
						<identifier>	MP_AM5000_Gun_Deck	</identifier>
						<transform>
							<row0>	-1.0000 0.0000 0.0000 0.0000	</row0>
							<row1>	0.0000 1.0000 0.0000 0.0000	</row1>
							<row2>	0.0000 0.0000 -1.0000 0.0000	</row2>
							<row3>	0.0000 -0.0320 0.0000 1.0000	</row3>
						</transform>
					</node>
					<node>
						<identifier>	MP_AM631_Boat_13ft	</identifier>
						<transform>
							<row0>	0.4646 0.8707 -0.1611 0.0000	</row0>
							<row1>	-0.8074 0.4913 0.3268 0.0000	</row1>
							<row2>	0.3637 -0.0217 0.9313 0.0000	</row2>
							<row3>	-0.2652 0.0539 0.0615 1.0000	</row3>
						</transform>
					</node>
					<node>
						<identifier>	MP_AM631_Boat_13ft_INDEX_1	</identifier>
						<transform>
							<row0>	-0.4597 0.8706 -0.1753 0.0000	</row0>
							<row1>	0.8054 0.4918 0.3307 0.0000	</row1>
							<row2>	0.3742 0.0108 -0.9273 0.0000	</row2>
							<row3>	0.2654 0.0542 0.0615 1.0000	</row3>
						</transform>
					</node>
					<node>
						<identifier>	MP_AM650_Radar_Mk27	</identifier>
						<transform>
							<row0>	0.8660 0.0000 0.5000 0.0000	</row0>
							<row1>	0.0000 1.0000 0.0000 0.0000	</row1>
							<row2>	-0.5000 0.0000 0.8660 0.0000	</row2>
							<row3>	-0.3526 0.0254 -0.0399 1.0000	</row3>
						</transform>
					</node>
					<node>
						<identifier>	MP_AM650_Radar_Mk27_INDEX_1	</identifier>
						<transform>
							<row0>	0.8660 0.0000 -0.5000 0.0000	</row0>
							<row1>	0.0000 1.0000 0.0000 0.0000	</row1>
							<row2>	0.5000 0.0000 0.8660 0.0000	</row2>
							<row3>	0.3527 0.0254 -0.0393 1.0000	</row3>
						</transform>
					</node>
					<node>
						<identifier>	MP_AM707_Periscope_short	</identifier>
						<transform>
							<row0>	1.0000 0.0000 0.0000 0.0000	</row0>
							<row1>	0.0000 1.0000 0.0000 0.0000	</row1>
							<row2>	0.0000 0.0000 1.0000 0.0000	</row2>
							<row3>	-0.0697 0.1548 -0.4562 1.0000	</row3>
						</transform>
					</node>
					<node>
						<identifier>	MP_AM707_Periscope_short_INDEX_1	</identifier>
						<transform>
							<row0>	1.0000 0.0000 0.0000 0.0000	</row0>
							<row1>	0.0000 1.0000 0.0000 0.0000	</row1>
							<row2>	0.0000 0.0000 1.0000 0.0000	</row2>
							<row3>	0.0697 0.1548 -0.4562 1.0000	</row3>
						</transform>
					</node>
					<node>
						<identifier>	MP_AM708_Periscope_tall	</identifier>
						<transform>
							<row0>	1.0000 0.0000 0.0000 0.0000	</row0>
							<row1>	0.0000 1.0000 0.0000 0.0000	</row1>
							<row2>	0.0000 0.0000 1.0000 0.0000	</row2>
							<row3>	-0.0474 0.1520 -0.3960 1.0000	</row3>
						</transform>
					</node>
					<node>
						<identifier>	MP_AM708_Periscope_tall_INDEX_1	</identifier>
						<transform>
							<row0>	1.0000 0.0000 0.0000 0.0000	</row0>
							<row1>	0.0000 1.0000 0.0000 0.0000	</row1>
							<row2>	0.0000 0.0000 1.0000 0.0000	</row2>
							<row3>	-0.0697 0.1548 -0.4562 1.0000	</row3>
						</transform>
					</node>
					<node>
						<identifier>	MP_AM708_Periscope_tall_INDEX_2	</identifier>
						<transform>
							<row0>	1.0000 0.0000 0.0000 0.0000	</row0>
							<row1>	0.0000 1.0000 0.0000 0.0000	</row1>
							<row2>	0.0000 0.0000 1.0000 0.0000	</row2>
							<row3>	0.0697 0.1548 -0.4562 1.0000	</row3>
						</transform>
					</node>
					<node>
						<identifier>	MP_AM708_Periscope_tall_INDEX_3	</identifier>
						<transform>
							<row0>	1.0000 0.0000 0.0000 0.0000	</row0>
							<row1>	0.0000 1.0000 0.0000 0.0000	</row1>
							<row2>	0.0000 0.0000 1.0000 0.0000	</row2>
							<row3>	0.0568 0.1487 -0.3268 1.0000	</row3>
						</transform>
					</node>
					<node>
						<identifier>	MP_AM722_Ammobox_big	</identifier>
						<transform>
							<row0>	-0.9080 0.0000 -0.2041 0.0000	</row0>
							<row1>	0.0000 0.9307 0.0000 0.0000	</row1>
							<row2>	0.2041 0.0000 -0.9080 0.0000	</row2>
							<row3>	-0.1732 0.1547 -0.2878 1.0000	</row3>
						</transform>
					</node>
					<node>
						<identifier>	MP_AM722_Ammobox_big_INDEX_1	</identifier>
						<transform>
							<row0>	-0.9080 0.0000 0.2041 0.0000	</row0>
							<row1>	0.0000 0.9307 0.0000 0.0000	</row1>
							<row2>	-0.2041 0.0000 -0.9080 0.0000	</row2>
							<row3>	0.1732 0.1547 -0.2878 1.0000	</row3>
						</transform>
					</node>
					<node>
						<identifier>	MP_AM725_Ammobox	</identifier>
						<transform>
							<row0>	-0.2588 0.0000 0.9659 0.0000	</row0>
							<row1>	0.0000 1.0000 0.0000 0.0000	</row1>
							<row2>	-0.9659 0.0000 -0.2588 0.0000	</row2>
							<row3>	-0.2250 0.1544 -0.2290 1.0000	</row3>
						</transform>
					</node>
					<node>
						<identifier>	MP_AM725_Ammobox_INDEX_1	</identifier>
						<transform>
							<row0>	-0.2588 0.0000 -0.9659 0.0000	</row0>
							<row1>	0.0000 1.0000 0.0000 0.0000	</row1>
							<row2>	0.9659 0.0000 -0.2588 0.0000	</row2>
							<row3>	0.2250 0.1544 -0.2290 1.0000	</row3>
						</transform>
					</node>
					<node>
						<identifier>	MP_AM790_Gun_Deck	</identifier>
						<transform>
							<row0>	1.0000 0.0000 0.0000 0.0000	</row0>
							<row1>	0.0000 1.0000 0.0000 0.0000	</row1>
							<row2>	0.0000 0.0000 1.0000 0.0000	</row2>
							<row3>	0.0000 -0.0320 0.0000 1.0000	</row3>
						</transform>
					</node>
					<node>
						<identifier>	MP_AM795_Rangefinder	</identifier>
						<transform>
							<row0>	1.0000 0.0000 0.0000 0.0000	</row0>
							<row1>	0.0000 1.0000 0.0000 0.0000	</row1>
							<row2>	0.0000 0.0000 1.0000 0.0000	</row2>
							<row3>	0.0000 -0.0320 0.0000 1.0000	</row3>
						</transform>
					</node>
					<node>
						<identifier>	MP_AM796_Ventilation	</identifier>
						<transform>
							<row0>	1.0000 0.0000 0.0000 0.0000	</row0>
							<row1>	0.0000 1.0000 0.0000 0.0000	</row1>
							<row2>	0.0000 0.0000 1.0000 0.0000	</row2>
							<row3>	0.0000 -0.0320 0.0000 1.0000	</row3>
						</transform>
					</node>
					<node>
						<identifier>	MP_AM797_RLS_place	</identifier>
						<transform>
							<row0>	1.0000 0.0000 0.0000 0.0000	</row0>
							<row1>	0.0000 1.0000 0.0000 0.0000	</row1>
							<row2>	0.0000 0.0000 1.0000 0.0000	</row2>
							<row3>	0.0000 -0.0320 0.0000 1.0000	</row3>
						</transform>
					</node>
					<node>
						<identifier>	MP_AM798_Ladder_1	</identifier>
						<transform>
							<row0>	1.0000 0.0000 0.0000 0.0000	</row0>
							<row1>	0.0000 1.0000 0.0000 0.0000	</row1>
							<row2>	0.0000 0.0000 1.0000 0.0000	</row2>
							<row3>	0.0000 -0.0320 0.0000 1.0000	</row3>
						</transform>
					</node>
					<node>
						<identifier>	MP_AM799_Ladder_2	</identifier>
						<transform>
							<row0>	1.0000 0.0000 0.0000 0.0000	</row0>
							<row1>	0.0000 1.0000 0.0000 0.0000	</row1>
							<row2>	0.0000 0.0000 1.0000 0.0000	</row2>
							<row3>	0.0000 -0.0320 0.0000 1.0000	</row3>
						</transform>
					</node>
					<node>
						<identifier>	MP_AM835_Catapult_for_AGM049	</identifier>
						<transform>
							<row0>	1.0000 0.0000 0.0000 0.0000	</row0>
							<row1>	0.0000 1.0000 0.0000 0.0000	</row1>
							<row2>	0.0000 0.0000 1.0000 0.0000	</row2>
							<row3>	0.0000 -0.0320 0.0000 1.0000	</row3>
						</transform>
					</node>
					<node>
						<identifier>	MP_AM840_Ladder_2	</identifier>
						<transform>
							<row0>	1.0000 0.0000 0.0000 0.0000	</row0>
							<row1>	0.0000 1.0000 0.0000 0.0000	</row1>
							<row2>	0.0000 0.0000 1.0000 0.0000	</row2>
							<row3>	0.0000 -0.0320 0.0000 1.0000	</row3>
						</transform>
					</node>
					<node>
						<identifier>	MP_AM840_Ladder_2_INDEX_1	</identifier>
						<transform>
							<row0>	0.9990 0.0432 -0.0149 0.0000	</row0>
							<row1>	-0.0432 0.9991 0.0000 0.0000	</row1>
							<row2>	0.0148 0.0006 0.9999 0.0000	</row2>
							<row3>	0.0969 -0.0052 -0.3528 1.0000	</row3>
						</transform>
					</node>
					<node>
						<identifier>	MP_AM841_Ladder_2	</identifier>
						<transform>
							<row0>	1.0000 0.0000 0.0000 0.0000	</row0>
							<row1>	0.0000 1.0000 0.0000 0.0000	</row1>
							<row2>	0.0000 0.0000 1.0000 0.0000	</row2>
							<row3>	0.0000 -0.0320 0.0000 1.0000	</row3>
						</transform>
					</node>
					<node>
						<identifier>	MP_AM842_Rangefinder_6m	</identifier>
						<transform>
							<row0>	1.0000 0.0000 0.0000 0.0000	</row0>
							<row1>	0.0000 1.0000 0.0000 0.0000	</row1>
							<row2>	0.0000 0.0000 1.0000 0.0000	</row2>
							<row3>	0.0000 -0.0320 0.0000 1.0000	</row3>
						</transform>
					</node>
					<node>
						<identifier>	MP_AM844_Ladder_3	</identifier>
						<transform>
							<row0>	1.0000 0.0000 0.0000 0.0000	</row0>
							<row1>	0.0000 1.0000 0.0000 0.0000	</row1>
							<row2>	0.0000 0.0000 1.0000 0.0000	</row2>
							<row3>	0.0000 -0.0320 0.0000 1.0000	</row3>
						</transform>
					</node>
					<node>
						<identifier>	Rotate_X	</identifier>
						<transform>
							<row0>	1.0000 0.0000 0.0000 0.0000	</row0>
							<row1>	0.0000 1.0000 0.0000 0.0000	</row1>
							<row2>	0.0000 0.0000 1.0000 0.0000	</row2>
							<row3>	0.0000 0.0308 0.1832 1.0000	</row3>
						</transform>
						<node>
							<identifier>	HP_gunFireEffect	</identifier>
							<transform>
								<row0>	1.0000 0.0000 0.0000 0.0000	</row0>
								<row1>	0.0000 1.0000 0.0000 0.0000	</row1>
								<row2>	0.0000 0.0000 1.0000 0.0000	</row2>
								<row3>	0.0000 0.0000 0.8661 1.0000	</row3>
							</transform>
						</node>
						<node>
							<identifier>	Roll_Back1	</identifier>
							<transform>
								<row0>	1.0000 0.0000 0.0000 0.0000	</row0>
								<row1>	0.0000 1.0000 0.0000 0.0000	</row1>
								<row2>	0.0000 0.0000 1.0000 0.0000	</row2>
								<row3>	0.0000 0.0000 0.8660 1.0000	</row3>
							</transform>
							<node>
								<identifier>	HP_gunFire1	</identifier>
								<transform>
									<row0>	1.0000 0.0000 0.0000 0.0000	</row0>
									<row1>	0.0000 1.0000 0.0000 0.0000	</row1>
									<row2>	0.0000 0.0000 1.0000 0.0000	</row2>
									<row3>	0.1209 0.0000 0.0001 1.0000	</row3>
								</transform>
							</node>
							<node>
								<identifier>	HP_gunFire2	</identifier>
								<transform>
									<row0>	1.0000 0.0000 0.0000 0.0000	</row0>
									<row1>	0.0000 1.0000 0.0000 0.0000	</row1>
									<row2>	0.0000 0.0000 1.0000 0.0000	</row2>
									<row3>	0.0000 0.0000 0.0001 1.0000	</row3>
								</transform>
							</node>
							<node>
								<identifier>	HP_gunFire3	</identifier>
								<transform>
									<row0>	1.0000 0.0000 0.0000 0.0000	</row0>
									<row1>	0.0000 1.0000 0.0000 0.0000	</row1>
									<row2>	0.0000 0.0000 1.0000 0.0000	</row2>
									<row3>	-0.1209 0.0000 0.0001 1.0000	</row3>
								</transform>
							</node>
							<node>
								<identifier>	Roll_Back1_BlendBone	</identifier>
								<transform>
									<row0>	1.0000 0.0000 0.0000 0.0000	</row0>
									<row1>	0.0000 1.0000 0.0000 0.0000	</row1>
									<row2>	0.0000 0.0000 1.0000 0.0000	</row2>
									<row3>	0.0000 -0.0629 -1.0492 1.0000	</row3>
								</transform>
							</node>
						</node>
						<node>
							<identifier>	Rotate_X_BlendBone	</identifier>
							<transform>
								<row0>	1.0000 0.0000 0.0000 0.0000	</row0>
								<row1>	0.0000 1.0000 0.0000 0.0000	</row1>
								<row2>	0.0000 0.0000 1.0000 0.0000	</row2>
								<row3>	0.0000 -0.0629 -0.1832 1.0000	</row3>
							</transform>
						</node>
					</node>
					<node>
						<identifier>	Rotate_Y_BlendBone	</identifier>
						<transform>
							<row0>	1.0000 0.0000 0.0000 0.0000	</row0>
							<row1>	0.0000 1.0000 0.0000 0.0000	</row1>
							<row2>	0.0000 0.0000 1.0000 0.0000	</row2>
							<row3>	0.0000 -0.0320 0.0000 1.0000	</row3>
						</transform>
					</node>
				</node>
			</node>
			<node>
				<identifier>	Turret	</identifier>
				<transform>
					<row0>	1.0000 0.0000 0.0000 0.0000	</row0>
					<row1>	0.0000 1.0000 0.0000 0.0000	</row1>
					<row2>	0.0000 0.0000 1.0000 0.0000	</row2>
					<row3>	0.0000 0.0000 0.0000 1.0000	</row3>
				</transform>
			</node>
		</node>
	</skeleton>
	<properties>
		<underwaterModel>	false	</underwaterModel>
		<abovewaterModel>	true	</abovewaterModel>
	</properties>
	<boundingBox>
		<min>	-0.3552 0.0000 -0.5551	</min>
		<max>	0.3552 0.1961 1.0527	</max>
	</boundingBox>
	<renderSets>
		<renderSet>
			<name>	TurretShape	</name>
			<treatAsWorldSpaceObject>	true	</treatAsWorldSpaceObject>
			<nodes>
				<node>	Rotate_Y_BlendBone	</node>
				<node>	Rotate_X_BlendBone	</node>
				<node>	Roll_Back1_BlendBone	</node>
			</nodes>
			<material>
				<identifier>	TL2_SHIPMAT_PBS_Gun_skinned	</identifier>
				<mfm>	PnFMods/ModsSDK.zip/ASB718_Tennessee/gun/AGM049_14in50_3Gun_Turret_skinned.mfm	</mfm>
			</material>
		</renderSet>
		<renderSet>
			<name>	Turret_lod1Shape	</name>
			<treatAsWorldSpaceObject>	true	</treatAsWorldSpaceObject>
			<nodes>
				<node>	Rotate_X_BlendBone	</node>
				<node>	Rotate_Y_BlendBone	</node>
				<node>	Roll_Back1_BlendBone	</node>
			</nodes>
			<material>
				<identifier>	TL2_SHIPMAT_PBS_Gun_skinned	</identifier>
				<mfm>	PnFMods/ModsSDK.zip/ASB718_Tennessee/gun/AGM049_14in50_3Gun_Turret_skinned.mfm	</mfm>
			</material>
		</renderSet>
		<renderSet>
			<name>	Turret_lod2Shape	</name>
			<treatAsWorldSpaceObject>	true	</treatAsWorldSpaceObject>
			<nodes>
				<node>	Rotate_X_BlendBone	</node>
				<node>	Rotate_Y_BlendBone	</node>
				<node>	Roll_Back1_BlendBone	</node>
			</nodes>
			<material>
				<identifier>	TL2_SHIPMAT_PBS_Gun_skinned	</identifier>
				<mfm>	PnFMods/ModsSDK.zip/ASB718_Tennessee/gun/AGM049_14in50_3Gun_Turret_skinned.mfm	</mfm>
			</material>
		</renderSet>
		<renderSet>
			<name>	Turret_lod3Shape	</name>
			<treatAsWorldSpaceObject>	true	</treatAsWorldSpaceObject>
			<nodes>
				<node>	Rotate_Y_BlendBone	</node>
				<node>	Rotate_X_BlendBone	</node>
				<node>	Roll_Back1_BlendBone	</node>
			</nodes>
			<material>
				<identifier>	TL2_SHIPMAT_PBS_Gun_skinned	</identifier>
				<mfm>	PnFMods/ModsSDK.zip/ASB718_Tennessee/gun/AGM049_14in50_3Gun_Turret_skinned.mfm	</mfm>
			</material>
		</renderSet>
	</renderSets>
	<lods>
		<lod>
			<extent>	4.0000	</extent>
			<castsShadow>	true	</castsShadow>
			<renderSets>
				<renderSet>	TurretShape	</renderSet>
			</renderSets>
		</lod>
		<lod>
			<extent>	12.0000	</extent>
			<castsShadow>	true	</castsShadow>
			<renderSets>
				<renderSet>	Turret_lod1Shape	</renderSet>
			</renderSets>
		</lod>
		<lod>
			<extent>	42.0000	</extent>
			<castsShadow>	true	</castsShadow>
			<renderSets>
				<renderSet>	Turret_lod2Shape	</renderSet>
			</renderSets>
		</lod>
		<lod>
			<extent>	200.0000	</extent>
			<castsShadow>	false	</castsShadow>
			<renderSets>
				<renderSet>	Turret_lod3Shape	</renderSet>
			</renderSets>
		</lod>
	</lods>
</AGM049_14in50_3Gun_Turret.visual>
