<RSB301_Archangellsk_1944_MidBack_ep.skel_ext>
	<exported>	false	</exported>
	<node>
		<identifier>	EP_Death_3	</identifier>
		<parent>	Scene Root	</parent>
		<transform>
			<row0>	1.0000 0.0000 0.0000 0.0000	</row0>
			<row1>	0.0000 1.0000 0.0000 0.0000	</row1>
			<row2>	0.0000 0.0000 1.0000 0.0000	</row2>
			<row3>	0.0000 0.0000 -3.7493 1.0000	</row3>
		</transform>
	</node>
	<node>
		<identifier>	EP_Fire_3	</identifier>
		<parent>	Scene Root	</parent>
		<transform>
			<row0>	1.0000 0.0000 0.0000 0.0000	</row0>
			<row1>	0.0000 1.0000 0.0000 0.0000	</row1>
			<row2>	0.0000 0.0000 1.0000 0.0000	</row2>
			<row3>	0.0000 0.6368 -1.5511 1.0000	</row3>
		</transform>
	</node>
	<node>
		<identifier>	EP_Fire_3_side_1	</identifier>
		<parent>	Scene Root	</parent>
		<transform>
			<row0>	0.9981 0.0000 -0.0623 0.0000	</row0>
			<row1>	0.0000 1.0000 0.0000 0.0000	</row1>
			<row2>	0.0623 0.0000 0.9981 0.0000	</row2>
			<row3>	0.6022 0.2849 -2.6532 1.0000	</row3>
		</transform>
	</node>
	<node>
		<identifier>	EP_FloodLight_left_2	</identifier>
		<parent>	Scene Root	</parent>
		<transform>
			<row0>	-1.0000 0.0000 0.0000 0.0000	</row0>
			<row1>	0.0000 1.0000 0.0000 0.0000	</row1>
			<row2>	0.0000 0.0000 -1.0000 0.0000	</row2>
			<row3>	-0.2350 0.5617 -1.8415 1.0000	</row3>
		</transform>
	</node>
	<node>
		<identifier>	EP_FloodLight_right_2	</identifier>
		<parent>	Scene Root	</parent>
		<transform>
			<row0>	1.0000 0.0000 0.0000 0.0000	</row0>
			<row1>	0.0000 1.0000 0.0000 0.0000	</row1>
			<row2>	0.0000 0.0000 1.0000 0.0000	</row2>
			<row3>	0.2358 0.5620 -1.8409 1.0000	</row3>
		</transform>
	</node>
	<node>
		<identifier>	EP_Flood_steam_right	</identifier>
		<parent>	Scene Root	</parent>
		<transform>
			<row0>	0.9974 0.0000 -0.0725 0.0000	</row0>
			<row1>	0.0000 1.0000 0.0000 0.0000	</row1>
			<row2>	0.0725 0.0000 0.9974 0.0000	</row2>
			<row3>	0.8288 0.1935 -2.8788 1.0000	</row3>
		</transform>
	</node>
	<node>
		<identifier>	EP_Flood_water_right_2	</identifier>
		<parent>	Scene Root	</parent>
		<transform>
			<row0>	0.6675 -0.7446 0.0000 0.0000	</row0>
			<row1>	0.7446 0.6675 0.0000 0.0000	</row1>
			<row2>	0.0000 0.0000 1.0000 0.0000	</row2>
			<row3>	0.8686 0.0480 -3.0227 1.0000	</row3>
		</transform>
	</node>
	<node>
		<identifier>	EP_RepairLight_right_2	</identifier>
		<parent>	Scene Root	</parent>
		<transform>
			<row0>	-0.0984 0.0000 -0.9951 0.0000	</row0>
			<row1>	0.0000 1.0000 0.0000 0.0000	</row1>
			<row2>	0.9951 0.0000 -0.0984 0.0000	</row2>
			<row3>	0.8175 0.2675 -3.0358 1.0000	</row3>
		</transform>
	</node>
</RSB301_Archangellsk_1944_MidBack_ep.skel_ext>
