<FSC002_Jurien_1903_Stern.skel_ext>
	<exported>	true	</exported>
	<node>
		<identifier>	MP_CM001_Propeller3_L	</identifier>
		<parent>	Scene Root	</parent>
		<transform>
			<row0>	0.9750 0.0000 0.0000 0.0000	</row0>
			<row1>	0.0000 0.9750 0.0000 0.0000	</row1>
			<row2>	0.0000 0.0000 0.9750 0.0000	</row2>
			<row3>	-0.2674 -0.2991 -3.7266 1.0000	</row3>
		</transform>
	</node>
	<node>
		<identifier>	MP_CM011_Fire_Fighting_Gear	</identifier>
		<parent>	Scene Root	</parent>
		<transform>
			<row0>	0.5791 0.0000 0.8152 0.0000	</row0>
			<row1>	0.0000 1.0000 0.0000 0.0000	</row1>
			<row2>	-0.8152 0.0000 0.5791 0.0000	</row2>
			<row3>	0.1476 0.2469 -3.6900 1.0000	</row3>
		</transform>
	</node>
	<node>
		<identifier>	MP_CM011_Fire_Fighting_Gear_INDEX_1	</identifier>
		<parent>	Scene Root	</parent>
		<transform>
			<row0>	0.5791 0.0000 -0.8152 0.0000	</row0>
			<row1>	0.0000 1.0000 0.0000 0.0000	</row1>
			<row2>	0.8152 0.0000 0.5791 0.0000	</row2>
			<row3>	-0.1476 0.2469 -3.6900 1.0000	</row3>
		</transform>
	</node>
	<node>
		<identifier>	MP_CM013_Fire_Hose_Rack_2	</identifier>
		<parent>	Scene Root	</parent>
		<transform>
			<row0>	0.8756 0.0000 0.4831 0.0000	</row0>
			<row1>	0.0000 1.0000 0.0000 0.0000	</row1>
			<row2>	-0.4831 0.0000 0.8756 0.0000	</row2>
			<row3>	-0.1759 0.2900 -3.6228 1.0000	</row3>
		</transform>
	</node>
	<node>
		<identifier>	MP_CM013_Fire_Hose_Rack_2_INDEX_1	</identifier>
		<parent>	Scene Root	</parent>
		<transform>
			<row0>	-0.8822 0.0000 0.4709 0.0000	</row0>
			<row1>	0.0000 1.0000 0.0000 0.0000	</row1>
			<row2>	-0.4709 0.0000 -0.8822 0.0000	</row2>
			<row3>	0.1759 0.2900 -3.6228 1.0000	</row3>
		</transform>
	</node>
	<node>
		<identifier>	MP_CM015_Bundle_1	</identifier>
		<parent>	Scene Root	</parent>
		<transform>
			<row0>	0.9525 0.0000 0.0000 0.0000	</row0>
			<row1>	0.0000 0.9525 0.0000 0.0000	</row1>
			<row2>	0.0000 0.0000 0.9525 0.0000	</row2>
			<row3>	0.0266 0.2519 -4.3093 1.0000	</row3>
		</transform>
	</node>
	<node>
		<identifier>	MP_CM032_Propeller3_R	</identifier>
		<parent>	Scene Root	</parent>
		<transform>
			<row0>	0.8709 0.0000 0.0000 0.0000	</row0>
			<row1>	0.0000 0.8709 0.0000 0.0000	</row1>
			<row2>	0.0000 0.0000 0.8709 0.0000	</row2>
			<row3>	0.0000 -0.3037 -3.9795 1.0000	</row3>
		</transform>
	</node>
	<node>
		<identifier>	MP_CM032_Propeller3_R_INDEX_1	</identifier>
		<parent>	Scene Root	</parent>
		<transform>
			<row0>	0.9750 0.0000 0.0000 0.0000	</row0>
			<row1>	0.0000 0.9750 0.0000 0.0000	</row1>
			<row2>	0.0000 0.0000 0.9750 0.0000	</row2>
			<row3>	0.2674 -0.2991 -3.7266 1.0000	</row3>
		</transform>
	</node>
	<node>
		<identifier>	MP_CM052_Fender	</identifier>
		<parent>	Scene Root	</parent>
		<transform>
			<row0>	-0.6511 0.0000 -0.5755 0.0000	</row0>
			<row1>	0.0000 0.8689 0.0000 0.0000	</row1>
			<row2>	0.5755 0.0000 -0.6511 0.0000	</row2>
			<row3>	0.0561 0.2544 -3.8184 1.0000	</row3>
		</transform>
	</node>
	<node>
		<identifier>	MP_CM052_Fender_INDEX_1	</identifier>
		<parent>	Scene Root	</parent>
		<transform>
			<row0>	-0.6511 0.0000 0.5755 0.0000	</row0>
			<row1>	0.0000 0.8689 0.0000 0.0000	</row1>
			<row2>	-0.5755 0.0000 -0.6511 0.0000	</row2>
			<row3>	-0.0549 0.2544 -3.8195 1.0000	</row3>
		</transform>
	</node>
	<node>
		<identifier>	MP_FM015_Life_Buoy	</identifier>
		<parent>	Scene Root	</parent>
		<transform>
			<row0>	0.1264 0.0000 -0.9920 0.0000	</row0>
			<row1>	0.0000 1.0000 0.0000 0.0000	</row1>
			<row2>	0.9920 0.0000 0.1264 0.0000	</row2>
			<row3>	-0.2816 0.4482 -3.1871 1.0000	</row3>
		</transform>
	</node>
	<node>
		<identifier>	MP_FM015_Life_Buoy_INDEX_1	</identifier>
		<parent>	Scene Root	</parent>
		<transform>
			<row0>	0.2189 0.0000 0.9757 0.0000	</row0>
			<row1>	0.0000 1.0000 0.0000 0.0000	</row1>
			<row2>	-0.9757 0.0000 0.2189 0.0000	</row2>
			<row3>	0.1496 0.3151 -4.0093 1.0000	</row3>
		</transform>
	</node>
	<node>
		<identifier>	MP_FM015_Life_Buoy_INDEX_2	</identifier>
		<parent>	Scene Root	</parent>
		<transform>
			<row0>	0.2189 0.0000 -0.9757 0.0000	</row0>
			<row1>	0.0000 1.0000 0.0000 0.0000	</row1>
			<row2>	0.9757 0.0000 0.2189 0.0000	</row2>
			<row3>	-0.1504 0.3150 -4.0094 1.0000	</row3>
		</transform>
	</node>
	<node>
		<identifier>	MP_FM015_Life_Buoy_INDEX_3	</identifier>
		<parent>	Scene Root	</parent>
		<transform>
			<row0>	0.1264 0.0000 0.9920 0.0000	</row0>
			<row1>	0.0000 1.0000 0.0000 0.0000	</row1>
			<row2>	-0.9920 0.0000 0.1264 0.0000	</row2>
			<row3>	0.2201 0.3114 -3.6460 1.0000	</row3>
		</transform>
	</node>
	<node>
		<identifier>	MP_FM015_Life_Buoy_INDEX_4	</identifier>
		<parent>	Scene Root	</parent>
		<transform>
			<row0>	0.1264 0.0000 -0.9920 0.0000	</row0>
			<row1>	0.0000 1.0000 0.0000 0.0000	</row1>
			<row2>	0.9920 0.0000 0.1264 0.0000	</row2>
			<row3>	-0.2201 0.3113 -3.6460 1.0000	</row3>
		</transform>
	</node>
	<node>
		<identifier>	MP_FM015_Life_Buoy_INDEX_5	</identifier>
		<parent>	Scene Root	</parent>
		<transform>
			<row0>	0.1264 0.0000 0.9920 0.0000	</row0>
			<row1>	0.0000 1.0000 0.0000 0.0000	</row1>
			<row2>	-0.9920 0.0000 0.1264 0.0000	</row2>
			<row3>	0.2816 0.4482 -3.1871 1.0000	</row3>
		</transform>
	</node>
	<node>
		<identifier>	MP_FM021_Reels	</identifier>
		<parent>	Scene Root	</parent>
		<transform>
			<row0>	1.0000 0.0000 0.0000 0.0000	</row0>
			<row1>	0.0000 1.0000 0.0000 0.0000	</row1>
			<row2>	0.0000 0.0000 1.0000 0.0000	</row2>
			<row3>	-0.0650 0.3881 -3.6955 1.0000	</row3>
		</transform>
	</node>
	<node>
		<identifier>	MP_FM701_Ammunition_Box	</identifier>
		<parent>	Scene Root	</parent>
		<transform>
			<row0>	0.0000 0.0000 -0.6000 0.0000	</row0>
			<row1>	0.0000 0.6000 0.0000 0.0000	</row1>
			<row2>	0.6000 0.0000 0.0000 0.0000	</row2>
			<row3>	0.0294 0.2477 -4.0128 1.0000	</row3>
		</transform>
	</node>
	<node>
		<identifier>	MP_FM701_Ammunition_Box_INDEX_1	</identifier>
		<parent>	Scene Root	</parent>
		<transform>
			<row0>	0.0000 0.0000 0.6000 0.0000	</row0>
			<row1>	0.0000 0.6000 0.0000 0.0000	</row1>
			<row2>	-0.6000 0.0000 0.0000 0.0000	</row2>
			<row3>	-0.0294 0.2477 -4.0128 1.0000	</row3>
		</transform>
	</node>
	<node>
		<identifier>	MP_FM860_Running_Lights_Back	</identifier>
		<parent>	Scene Root	</parent>
		<transform>
			<row0>	1.0000 0.0000 0.0000 0.0000	</row0>
			<row1>	0.0000 -1.0000 0.0000 0.0000	</row1>
			<row2>	0.0000 0.0000 -1.0000 0.0000	</row2>
			<row3>	0.0000 0.2923 -4.6382 1.0000	</row3>
		</transform>
	</node>
	<node>
		<identifier>	MP_FM865_Navigation_Light	</identifier>
		<parent>	Scene Root	</parent>
		<transform>
			<row0>	1.0000 0.0000 0.0000 0.0000	</row0>
			<row1>	0.0000 1.0000 0.0000 0.0000	</row1>
			<row2>	0.0000 0.0000 1.0000 0.0000	</row2>
			<row3>	0.0000 0.3256 -4.6384 1.0000	</row3>
		</transform>
	</node>
	<node>
		<identifier>	MP_FM959_Bollard	</identifier>
		<parent>	Scene Root	</parent>
		<transform>
			<row0>	0.0000 0.0000 -1.0000 0.0000	</row0>
			<row1>	0.0000 1.0000 0.0000 0.0000	</row1>
			<row2>	1.0000 0.0000 0.0000 0.0000	</row2>
			<row3>	0.0000 0.3902 -3.7700 1.0000	</row3>
		</transform>
	</node>
	<node>
		<identifier>	MP_FM961_Bollard	</identifier>
		<parent>	Scene Root	</parent>
		<transform>
			<row0>	0.9947 0.0000 -0.1028 0.0000	</row0>
			<row1>	0.0000 1.0000 0.0000 0.0000	</row1>
			<row2>	0.1028 0.0000 0.9947 0.0000	</row2>
			<row3>	0.2840 0.3824 -2.9971 1.0000	</row3>
		</transform>
	</node>
	<node>
		<identifier>	MP_FM961_Bollard_INDEX_1	</identifier>
		<parent>	Scene Root	</parent>
		<transform>
			<row0>	0.9943 0.0000 0.1069 0.0000	</row0>
			<row1>	0.0000 1.0000 0.0000 0.0000	</row1>
			<row2>	-0.1069 0.0000 0.9943 0.0000	</row2>
			<row3>	-0.2844 0.3824 -2.9971 1.0000	</row3>
		</transform>
	</node>
</FSC002_Jurien_1903_Stern.skel_ext>
