<FSS301_Surcouf_1940_Stern_ep.skel_ext>
	<exported>	false	</exported>
	<node>
		<identifier>	EP_Death_3	</identifier>
		<parent>	Scene Root	</parent>
		<transform>
			<row0>	1.0000 0.0000 0.0000 0.0000	</row0>
			<row1>	0.0000 1.0000 0.0000 0.0000	</row1>
			<row2>	0.0000 0.0000 1.0000 0.0000	</row2>
			<row3>	0.0000 0.0000 -2.1616 1.0000	</row3>
		</transform>
	</node>
	<node>
		<identifier>	EP_Descent_1	</identifier>
		<parent>	Scene Root	</parent>
		<transform>
			<row0>	-0.6905 -0.7233 0.0000 0.0000	</row0>
			<row1>	0.7233 -0.6905 0.0000 0.0000	</row1>
			<row2>	0.0000 0.0000 1.0000 0.0000	</row2>
			<row3>	0.1602 -0.2165 -2.2771 1.0000	</row3>
		</transform>
	</node>
	<node>
		<identifier>	EP_Descent_3	</identifier>
		<parent>	Scene Root	</parent>
		<transform>
			<row0>	0.5517 -0.8340 0.0000 0.0000	</row0>
			<row1>	-0.8340 -0.5517 0.0000 0.0000	</row1>
			<row2>	0.0000 0.0000 -1.0000 0.0000	</row2>
			<row3>	-0.1601 -0.2168 -2.2760 1.0000	</row3>
		</transform>
	</node>
	<node>
		<identifier>	EP_Flood_steam_2	</identifier>
		<parent>	Scene Root	</parent>
		<transform>
			<row0>	0.5994 -0.8004 0.0000 0.0000	</row0>
			<row1>	0.8004 0.5994 0.0000 0.0000	</row1>
			<row2>	0.0000 0.0000 1.0000 0.0000	</row2>
			<row3>	0.0764 0.0791 -2.6395 1.0000	</row3>
		</transform>
	</node>
	<node>
		<identifier>	EP_Flood_water_left	</identifier>
		<parent>	Scene Root	</parent>
		<transform>
			<row0>	-0.9991 0.0395 0.0000 0.0000	</row0>
			<row1>	0.0395 0.9991 0.0000 0.0000	</row1>
			<row2>	0.0000 0.0000 -1.0000 0.0000	</row2>
			<row3>	-0.0720 0.0841 -2.9633 1.0000	</row3>
		</transform>
	</node>
	<node>
		<identifier>	EP_Flood_water_right_3	</identifier>
		<parent>	Scene Root	</parent>
		<transform>
			<row0>	0.9819 -0.1885 -0.0112 0.0000	</row0>
			<row1>	0.1885 0.9820 -0.0022 0.0000	</row1>
			<row2>	0.0114 0.0000 0.9999 0.0000	</row2>
			<row3>	0.0705 0.0847 -3.1055 1.0000	</row3>
		</transform>
	</node>
	<node>
		<identifier>	EP_Oil	</identifier>
		<parent>	Scene Root	</parent>
		<transform>
			<row0>	0.6347 -0.7728 0.0000 0.0000	</row0>
			<row1>	0.7728 0.6347 0.0000 0.0000	</row1>
			<row2>	0.0000 0.0000 1.0000 0.0000	</row2>
			<row3>	0.0746 0.0792 -2.4110 1.0000	</row3>
		</transform>
	</node>
	<node>
		<identifier>	EP_Runoff_deluge_left_20	</identifier>
		<parent>	Scene Root	</parent>
		<transform>
			<row0>	-0.9795 0.1867 -0.0758 0.0000	</row0>
			<row1>	0.1874 0.9823 -0.0018 0.0000	</row1>
			<row2>	0.0741 -0.0160 -0.9971 0.0000	</row2>
			<row3>	-0.0798 0.0773 -2.4545 1.0000	</row3>
		</transform>
	</node>
	<node>
		<identifier>	EP_Runoff_deluge_left_21	</identifier>
		<parent>	Scene Root	</parent>
		<transform>
			<row0>	-0.9870 -0.1420 -0.0758 0.0000	</row0>
			<row1>	-0.1422 0.9899 -0.0018 0.0000	</row1>
			<row2>	0.0753 0.0090 -0.9971 0.0000	</row2>
			<row3>	-0.0798 0.0773 -2.6848 1.0000	</row3>
		</transform>
	</node>
	<node>
		<identifier>	EP_Runoff_deluge_left_22	</identifier>
		<parent>	Scene Root	</parent>
		<transform>
			<row0>	-0.9750 -0.2091 -0.0758 0.0000	</row0>
			<row1>	-0.2095 0.9778 -0.0018 0.0000	</row1>
			<row2>	0.0745 0.0141 -0.9971 0.0000	</row2>
			<row3>	-0.0723 0.0813 -2.9156 1.0000	</row3>
		</transform>
	</node>
	<node>
		<identifier>	EP_Runoff_deluge_left_23	</identifier>
		<parent>	Scene Root	</parent>
		<transform>
			<row0>	-0.9361 -0.3434 -0.0758 0.0000	</row0>
			<row1>	-0.3442 0.9389 -0.0018 0.0000	</row1>
			<row2>	0.0718 0.0244 -0.9971 0.0000	</row2>
			<row3>	-0.0707 0.0809 -2.9633 1.0000	</row3>
		</transform>
	</node>
	<node>
		<identifier>	EP_Runoff_deluge_left_24	</identifier>
		<parent>	Scene Root	</parent>
		<transform>
			<row0>	-0.9342 -0.3486 -0.0758 0.0000	</row0>
			<row1>	-0.3495 0.9370 -0.0018 0.0000	</row1>
			<row2>	0.0716 0.0248 -0.9971 0.0000	</row2>
			<row3>	-0.0704 0.0805 -3.0584 1.0000	</row3>
		</transform>
	</node>
	<node>
		<identifier>	EP_Runoff_deluge_left_25	</identifier>
		<parent>	Scene Root	</parent>
		<transform>
			<row0>	-0.9185 -0.3880 -0.0758 0.0000	</row0>
			<row1>	-0.3890 0.9213 -0.0018 0.0000	</row1>
			<row2>	0.0705 0.0278 -0.9971 0.0000	</row2>
			<row3>	-0.0694 0.0795 -3.1520 1.0000	</row3>
		</transform>
	</node>
	<node>
		<identifier>	EP_Runoff_deluge_right_17	</identifier>
		<parent>	Scene Root	</parent>
		<transform>
			<row0>	0.9583 0.1526 -0.2416 0.0000	</row0>
			<row1>	-0.1262 0.9846 0.1211 0.0000	</row1>
			<row2>	0.2564 -0.0855 0.9628 0.0000	</row2>
			<row3>	0.1409 0.0643 -1.6051 1.0000	</row3>
		</transform>
	</node>
	<node>
		<identifier>	EP_Runoff_deluge_right_18	</identifier>
		<parent>	Scene Root	</parent>
		<transform>
			<row0>	0.9787 0.1526 0.1370 0.0000	</row0>
			<row1>	-0.1626 0.9846 0.0647 0.0000	</row1>
			<row2>	-0.1250 -0.0855 0.9884 0.0000	</row2>
			<row3>	0.0877 0.0786 -2.4550 1.0000	</row3>
		</transform>
	</node>
	<node>
		<identifier>	EP_Runoff_deluge_right_19	</identifier>
		<parent>	Scene Root	</parent>
		<transform>
			<row0>	0.9787 0.1526 0.1370 0.0000	</row0>
			<row1>	-0.1626 0.9846 0.0647 0.0000	</row1>
			<row2>	-0.1250 -0.0855 0.9884 0.0000	</row2>
			<row3>	0.0845 0.0786 -2.6900 1.0000	</row3>
		</transform>
	</node>
	<node>
		<identifier>	EP_Runoff_deluge_right_20	</identifier>
		<parent>	Scene Root	</parent>
		<transform>
			<row0>	0.9871 -0.1600 0.0054 0.0000	</row0>
			<row1>	0.1601 0.9872 -0.0024 0.0000	</row1>
			<row2>	-0.0049 0.0033 0.9999 0.0000	</row2>
			<row3>	0.0615 0.0817 -2.9146 1.0000	</row3>
		</transform>
	</node>
	<node>
		<identifier>	EP_Runoff_deluge_right_21	</identifier>
		<parent>	Scene Root	</parent>
		<transform>
			<row0>	0.9871 -0.1600 0.0054 0.0000	</row0>
			<row1>	0.1601 0.9872 -0.0024 0.0000	</row1>
			<row2>	-0.0049 0.0033 0.9999 0.0000	</row2>
			<row3>	0.0615 0.0817 -3.0582 1.0000	</row3>
		</transform>
	</node>
	<node>
		<identifier>	EP_Runoff_deluge_right_22	</identifier>
		<parent>	Scene Root	</parent>
		<transform>
			<row0>	0.9871 -0.1600 0.0054 0.0000	</row0>
			<row1>	0.1601 0.9872 -0.0024 0.0000	</row1>
			<row2>	-0.0049 0.0033 0.9999 0.0000	</row2>
			<row3>	0.0615 0.0817 -3.1057 1.0000	</row3>
		</transform>
	</node>
	<node>
		<identifier>	EP_Runoff_deluge_right_23	</identifier>
		<parent>	Scene Root	</parent>
		<transform>
			<row0>	0.9871 -0.1600 0.0054 0.0000	</row0>
			<row1>	0.1601 0.9872 -0.0024 0.0000	</row1>
			<row2>	-0.0049 0.0033 0.9999 0.0000	</row2>
			<row3>	0.0615 0.0817 -3.1531 1.0000	</row3>
		</transform>
	</node>
	<node>
		<identifier>	EP_Runoff_left_2	</identifier>
		<parent>	Scene Root	</parent>
		<transform>
			<row0>	-0.9999 0.0105 0.0000 0.0000	</row0>
			<row1>	0.0105 0.9999 0.0070 0.0000	</row1>
			<row2>	0.0000 0.0070 -1.0000 0.0000	</row2>
			<row3>	-0.0780 0.1880 -2.4090 1.0000	</row3>
		</transform>
	</node>
	<node>
		<identifier>	EP_Runoff_right_2	</identifier>
		<parent>	Scene Root	</parent>
		<transform>
			<row0>	0.9999 0.0106 0.0011 0.0000	</row0>
			<row1>	-0.0105 0.9999 -0.0069 0.0000	</row1>
			<row2>	-0.0012 0.0069 0.9999 0.0000	</row2>
			<row3>	0.0784 0.1878 -2.4095 1.0000	</row3>
		</transform>
	</node>
	<node>
		<identifier>	EP_WakeTraceBack	</identifier>
		<parent>	Scene Root	</parent>
		<transform>
			<row0>	1.0000 0.0000 0.0000 0.0000	</row0>
			<row1>	0.0000 1.0000 0.0000 0.0000	</row1>
			<row2>	0.0000 0.0000 1.0000 0.0000	</row2>
			<row3>	0.0000 0.0000 -3.6826 1.0000	</row3>
		</transform>
	</node>
	<node>
		<identifier>	EP_WakeTrace_screw_1	</identifier>
		<parent>	Scene Root	</parent>
		<transform>
			<row0>	1.0000 0.0000 0.0000 0.0000	</row0>
			<row1>	0.0000 1.0000 0.0000 0.0000	</row1>
			<row2>	0.0000 0.0000 1.0000 0.0000	</row2>
			<row3>	-0.0854 -0.3149 -2.9292 1.0000	</row3>
		</transform>
	</node>
	<node>
		<identifier>	EP_WakeTrace_screw_2	</identifier>
		<parent>	Scene Root	</parent>
		<transform>
			<row0>	1.0000 0.0000 0.0000 0.0000	</row0>
			<row1>	0.0000 1.0000 0.0000 0.0000	</row1>
			<row2>	0.0000 0.0000 1.0000 0.0000	</row2>
			<row3>	0.0814 -0.3165 -2.8592 1.0000	</row3>
		</transform>
	</node>
</FSS301_Surcouf_1940_Stern_ep.skel_ext>
