<FSS301_Surcouf_1940_Bow_ep.skel_ext>
	<exported>	false	</exported>
	<node>
		<identifier>	EP_Death_1	</identifier>
		<parent>	Scene Root	</parent>
		<transform>
			<row0>	1.0000 0.0000 0.0000 0.0000	</row0>
			<row1>	0.0000 1.0000 0.0000 0.0000	</row1>
			<row2>	0.0000 0.0000 1.0000 0.0000	</row2>
			<row3>	0.0000 0.0000 2.5103 1.0000	</row3>
		</transform>
	</node>
	<node>
		<identifier>	EP_Descent	</identifier>
		<parent>	Scene Root	</parent>
		<transform>
			<row0>	-0.5788 -0.8155 0.0000 0.0000	</row0>
			<row1>	0.8155 -0.5788 0.0000 0.0000	</row1>
			<row2>	0.0000 0.0000 1.0000 0.0000	</row2>
			<row3>	0.1984 -0.1638 2.1866 1.0000	</row3>
		</transform>
	</node>
	<node>
		<identifier>	EP_Descent_2	</identifier>
		<parent>	Scene Root	</parent>
		<transform>
			<row0>	0.0417 -0.9991 0.0000 0.0000	</row0>
			<row1>	-0.9991 -0.0417 0.0000 0.0000	</row1>
			<row2>	0.0000 0.0000 -1.0000 0.0000	</row2>
			<row3>	-0.1985 -0.1641 2.1842 1.0000	</row3>
		</transform>
	</node>
	<node>
		<identifier>	EP_Flood_steam_1	</identifier>
		<parent>	Scene Root	</parent>
		<transform>
			<row0>	0.1887 0.9820 0.0000 0.0000	</row0>
			<row1>	-0.9820 0.1887 0.0000 0.0000	</row1>
			<row2>	0.0000 0.0000 1.0000 0.0000	</row2>
			<row3>	-0.1511 0.1761 1.7376 1.0000	</row3>
		</transform>
	</node>
	<node>
		<identifier>	EP_Flood_water_left_2	</identifier>
		<parent>	Scene Root	</parent>
		<transform>
			<row0>	-0.9975 0.0000 0.0712 0.0000	</row0>
			<row1>	0.0000 1.0000 0.0000 0.0000	</row1>
			<row2>	-0.0712 0.0000 -0.9975 0.0000	</row2>
			<row3>	-0.1446 0.0570 2.1426 1.0000	</row3>
		</transform>
	</node>
	<node>
		<identifier>	EP_Flood_water_left_3	</identifier>
		<parent>	Scene Root	</parent>
		<transform>
			<row0>	-0.9975 0.0000 0.0712 0.0000	</row0>
			<row1>	0.0000 1.0000 0.0000 0.0000	</row1>
			<row2>	-0.0712 0.0000 -0.9975 0.0000	</row2>
			<row3>	-0.1293 0.0577 2.4571 1.0000	</row3>
		</transform>
	</node>
	<node>
		<identifier>	EP_Flood_water_right	</identifier>
		<parent>	Scene Root	</parent>
		<transform>
			<row0>	0.9412 -0.3352 -0.0416 0.0000	</row0>
			<row1>	0.3355 0.9420 0.0000 0.0000	</row1>
			<row2>	0.0392 -0.0140 0.9991 0.0000	</row2>
			<row3>	0.0874 0.0692 2.6466 1.0000	</row3>
		</transform>
	</node>
	<node>
		<identifier>	EP_Flood_water_right_2	</identifier>
		<parent>	Scene Root	</parent>
		<transform>
			<row0>	1.0000 0.0000 0.0000 0.0000	</row0>
			<row1>	0.0000 1.0000 0.0000 0.0000	</row1>
			<row2>	0.0000 0.0000 1.0000 0.0000	</row2>
			<row3>	0.0812 0.0693 2.7373 1.0000	</row3>
		</transform>
	</node>
	<node>
		<identifier>	EP_Hydrophone	</identifier>
		<parent>	Scene Root	</parent>
		<transform>
			<row0>	1.0000 0.0000 0.0000 0.0000	</row0>
			<row1>	0.0000 1.0000 0.0000 0.0000	</row1>
			<row2>	0.0000 0.0000 1.0000 0.0000	</row2>
			<row3>	0.0000 0.1639 3.6665 1.0000	</row3>
		</transform>
	</node>
	<node>
		<identifier>	EP_Runoff_deluge_left_01	</identifier>
		<parent>	Scene Root	</parent>
		<transform>
			<row0>	-0.9975 0.0018 0.0701 0.0000	</row0>
			<row1>	0.0000 0.9997 -0.0262 0.0000	</row1>
			<row2>	-0.0701 -0.0262 -0.9972 0.0000	</row2>
			<row3>	-0.1272 0.0550 2.4121 1.0000	</row3>
		</transform>
	</node>
	<node>
		<identifier>	EP_Runoff_deluge_left_02	</identifier>
		<parent>	Scene Root	</parent>
		<transform>
			<row0>	-0.9975 0.0018 0.0701 0.0000	</row0>
			<row1>	0.0000 0.9997 -0.0262 0.0000	</row1>
			<row2>	-0.0701 -0.0262 -0.9972 0.0000	</row2>
			<row3>	-0.1417 0.0564 2.2338 1.0000	</row3>
		</transform>
	</node>
	<node>
		<identifier>	EP_Runoff_deluge_left_03	</identifier>
		<parent>	Scene Root	</parent>
		<transform>
			<row0>	-0.9986 0.0018 0.0524 0.0000	</row0>
			<row1>	0.0005 0.9997 -0.0262 0.0000	</row1>
			<row2>	-0.0524 -0.0262 -0.9983 0.0000	</row2>
			<row3>	-0.1471 0.0544 2.0104 1.0000	</row3>
		</transform>
	</node>
	<node>
		<identifier>	EP_Runoff_deluge_left_04	</identifier>
		<parent>	Scene Root	</parent>
		<transform>
			<row0>	-0.9986 0.0018 0.0524 0.0000	</row0>
			<row1>	0.0005 0.9997 -0.0262 0.0000	</row1>
			<row2>	-0.0524 -0.0262 -0.9983 0.0000	</row2>
			<row3>	-0.1590 0.0554 1.7383 1.0000	</row3>
		</transform>
	</node>
	<node>
		<identifier>	EP_Runoff_deluge_right_01	</identifier>
		<parent>	Scene Root	</parent>
		<transform>
			<row0>	0.9984 0.0000 0.0552 0.0000	</row0>
			<row1>	-0.0004 1.0000 0.0081 0.0000	</row1>
			<row2>	-0.0552 -0.0080 0.9984 0.0000	</row2>
			<row3>	0.1071 0.0538 2.4556 1.0000	</row3>
		</transform>
	</node>
	<node>
		<identifier>	EP_Runoff_deluge_right_02	</identifier>
		<parent>	Scene Root	</parent>
		<transform>
			<row0>	0.9984 0.0000 0.0552 0.0000	</row0>
			<row1>	-0.0004 1.0000 0.0081 0.0000	</row1>
			<row2>	-0.0552 -0.0080 0.9984 0.0000	</row2>
			<row3>	0.1269 0.0546 2.1870 1.0000	</row3>
		</transform>
	</node>
	<node>
		<identifier>	EP_Runoff_deluge_right_03	</identifier>
		<parent>	Scene Root	</parent>
		<transform>
			<row0>	0.9984 0.0000 0.0552 0.0000	</row0>
			<row1>	-0.0004 1.0000 0.0081 0.0000	</row1>
			<row2>	-0.0552 -0.0080 0.9984 0.0000	</row2>
			<row3>	0.1349 0.0555 1.9630 1.0000	</row3>
		</transform>
	</node>
	<node>
		<identifier>	EP_Runoff_deluge_right_04	</identifier>
		<parent>	Scene Root	</parent>
		<transform>
			<row0>	0.9868 0.1520 0.0552 0.0000	</row0>
			<row1>	-0.1527 0.9883 0.0081 0.0000	</row1>
			<row2>	-0.0533 -0.0163 0.9984 0.0000	</row2>
			<row3>	0.1587 0.0525 1.6915 1.0000	</row3>
		</transform>
	</node>
	<node>
		<identifier>	EP_Runoff_left	</identifier>
		<parent>	Scene Root	</parent>
		<transform>
			<row0>	-0.9969 -0.0349 0.0700 0.0000	</row0>
			<row1>	-0.0337 0.9993 0.0182 0.0000	</row1>
			<row2>	-0.0705 0.0157 -0.9974 0.0000	</row2>
			<row3>	-0.1533 0.1888 2.1288 1.0000	</row3>
		</transform>
	</node>
	<node>
		<identifier>	EP_Runoff_right	</identifier>
		<parent>	Scene Root	</parent>
		<transform>
			<row0>	0.9959 0.0757 0.0499 0.0000	</row0>
			<row1>	-0.0758 0.9971 0.0000 0.0000	</row1>
			<row2>	-0.0497 -0.0038 0.9988 0.0000	</row2>
			<row3>	0.1530 0.1890 2.1290 1.0000	</row3>
		</transform>
	</node>
	<node>
		<identifier>	EP_Runoff_up_left	</identifier>
		<parent>	Scene Root	</parent>
		<transform>
			<row0>	-0.9981 -0.0003 0.0623 0.0000	</row0>
			<row1>	-0.0022 0.9996 -0.0290 0.0000	</row1>
			<row2>	-0.0623 -0.0291 -0.9976 0.0000	</row2>
			<row3>	-0.1280 0.2040 2.3030 1.0000	</row3>
		</transform>
	</node>
	<node>
		<identifier>	EP_Runoff_up_right	</identifier>
		<parent>	Scene Root	</parent>
		<transform>
			<row0>	0.9980 -0.0003 0.0628 0.0000	</row0>
			<row1>	0.0022 0.9996 -0.0290 0.0000	</row1>
			<row2>	-0.0628 0.0291 0.9976 0.0000	</row2>
			<row3>	0.1314 0.2112 2.3034 1.0000	</row3>
		</transform>
	</node>
	<node>
		<identifier>	EP_WakeTrace	</identifier>
		<parent>	Scene Root	</parent>
		<transform>
			<row0>	1.0000 0.0000 0.0000 0.0000	</row0>
			<row1>	0.0000 1.0000 0.0000 0.0000	</row1>
			<row2>	0.0000 0.0000 1.0000 0.0000	</row2>
			<row3>	0.0000 0.0000 3.6666 1.0000	</row3>
		</transform>
	</node>
</FSS301_Surcouf_1940_Bow_ep.skel_ext>
