<HSC305_Vrijheid_1948_MidFront.skel_ext>
	<exported>	true	</exported>
	<node>
		<identifier>	MP_AM720_Helmets_Rack	</identifier>
		<parent>	Scene Root	</parent>
		<transform>
			<row0>	-1.0000 0.0000 0.0000 0.0000	</row0>
			<row1>	0.0000 1.0000 0.0000 0.0000	</row1>
			<row2>	0.0000 0.0000 -1.0000 0.0000	</row2>
			<row3>	0.1127 0.9108 1.6791 1.0000	</row3>
		</transform>
	</node>
	<node>
		<identifier>	MP_AM720_Helmets_Rack_INDEX_1	</identifier>
		<parent>	Scene Root	</parent>
		<transform>
			<row0>	0.9918 0.0000 0.1279 0.0000	</row0>
			<row1>	0.0000 1.0000 0.0000 0.0000	</row1>
			<row2>	-0.1279 0.0000 0.9918 0.0000	</row2>
			<row3>	0.3609 0.5153 1.4597 1.0000	</row3>
		</transform>
	</node>
	<node>
		<identifier>	MP_AM720_Helmets_Rack_INDEX_2	</identifier>
		<parent>	Scene Root	</parent>
		<transform>
			<row0>	0.9918 0.0000 0.1279 0.0000	</row0>
			<row1>	0.0000 1.0000 0.0000 0.0000	</row1>
			<row2>	-0.1279 0.0000 0.9918 0.0000	</row2>
			<row3>	0.3622 0.5153 0.6590 1.0000	</row3>
		</transform>
	</node>
	<node>
		<identifier>	MP_AM720_Helmets_Rack_INDEX_3	</identifier>
		<parent>	Scene Root	</parent>
		<transform>
			<row0>	-1.0000 0.0000 0.0000 0.0000	</row0>
			<row1>	0.0000 1.0000 0.0000 0.0000	</row1>
			<row2>	0.0000 0.0000 -1.0000 0.0000	</row2>
			<row3>	-0.0651 1.0612 1.7793 1.0000	</row3>
		</transform>
	</node>
	<node>
		<identifier>	MP_AM720_Helmets_Rack_INDEX_4	</identifier>
		<parent>	Scene Root	</parent>
		<transform>
			<row0>	-1.0000 0.0000 0.0000 0.0000	</row0>
			<row1>	0.0000 1.0000 0.0000 0.0000	</row1>
			<row2>	0.0000 0.0000 -1.0000 0.0000	</row2>
			<row3>	0.0648 1.2118 1.7793 1.0000	</row3>
		</transform>
	</node>
	<node>
		<identifier>	MP_AM720_Helmets_Rack_INDEX_5	</identifier>
		<parent>	Scene Root	</parent>
		<transform>
			<row0>	0.6872 0.0000 -0.7265 0.0000	</row0>
			<row1>	0.0000 1.0000 0.0000 0.0000	</row1>
			<row2>	0.7265 0.0000 0.6872 0.0000	</row2>
			<row3>	0.1640 0.8993 2.0169 1.0000	</row3>
		</transform>
	</node>
	<node>
		<identifier>	MP_AM720_Helmets_Rack_INDEX_6	</identifier>
		<parent>	Scene Root	</parent>
		<transform>
			<row0>	0.6872 0.0000 0.7265 0.0000	</row0>
			<row1>	0.0000 1.0000 0.0000 0.0000	</row1>
			<row2>	-0.7265 0.0000 0.6872 0.0000	</row2>
			<row3>	-0.1640 0.8993 2.0169 1.0000	</row3>
		</transform>
	</node>
	<node>
		<identifier>	MP_AM720_Helmets_Rack_INDEX_7	</identifier>
		<parent>	Scene Root	</parent>
		<transform>
			<row0>	0.9918 0.0000 -0.1279 0.0000	</row0>
			<row1>	0.0000 1.0000 0.0000 0.0000	</row1>
			<row2>	0.1279 0.0000 0.9918 0.0000	</row2>
			<row3>	-0.3609 0.5153 1.4597 1.0000	</row3>
		</transform>
	</node>
	<node>
		<identifier>	MP_AM720_Helmets_Rack_INDEX_8	</identifier>
		<parent>	Scene Root	</parent>
		<transform>
			<row0>	0.9918 0.0000 -0.1279 0.0000	</row0>
			<row1>	0.0000 1.0000 0.0000 0.0000	</row1>
			<row2>	0.1279 0.0000 0.9918 0.0000	</row2>
			<row3>	-0.3622 0.5153 0.6590 1.0000	</row3>
		</transform>
	</node>
	<node>
		<identifier>	MP_AM721_Talker_Helmets_Rack	</identifier>
		<parent>	Scene Root	</parent>
		<transform>
			<row0>	1.0000 0.0000 0.0000 0.0000	</row0>
			<row1>	0.0000 1.0000 0.0000 0.0000	</row1>
			<row2>	0.0000 0.0000 1.0000 0.0000	</row2>
			<row3>	0.0000 0.9124 2.0989 1.0000	</row3>
		</transform>
	</node>
	<node>
		<identifier>	MP_AM721_Talker_Helmets_Rack_INDEX_1	</identifier>
		<parent>	Scene Root	</parent>
		<transform>
			<row0>	-0.9914 0.0000 0.1307 0.0000	</row0>
			<row1>	0.0000 1.0000 0.0000 0.0000	</row1>
			<row2>	-0.1307 0.0000 -0.9914 0.0000	</row2>
			<row3>	0.3609 0.5287 1.0975 1.0000	</row3>
		</transform>
	</node>
	<node>
		<identifier>	MP_AM721_Talker_Helmets_Rack_INDEX_2	</identifier>
		<parent>	Scene Root	</parent>
		<transform>
			<row0>	0.9914 0.0000 -0.1307 0.0000	</row0>
			<row1>	0.0000 1.0000 0.0000 0.0000	</row1>
			<row2>	0.1307 0.0000 0.9914 0.0000	</row2>
			<row3>	0.3611 0.5287 0.3003 1.0000	</row3>
		</transform>
	</node>
	<node>
		<identifier>	MP_AM721_Talker_Helmets_Rack_INDEX_3	</identifier>
		<parent>	Scene Root	</parent>
		<transform>
			<row0>	0.9914 0.0000 0.1307 0.0000	</row0>
			<row1>	0.0000 1.0000 0.0000 0.0000	</row1>
			<row2>	-0.1307 0.0000 0.9914 0.0000	</row2>
			<row3>	-0.3611 0.5287 0.3003 1.0000	</row3>
		</transform>
	</node>
	<node>
		<identifier>	MP_AM721_Talker_Helmets_Rack_INDEX_4	</identifier>
		<parent>	Scene Root	</parent>
		<transform>
			<row0>	-0.9914 0.0000 -0.1307 0.0000	</row0>
			<row1>	0.0000 1.0000 0.0000 0.0000	</row1>
			<row2>	0.1307 0.0000 -0.9914 0.0000	</row2>
			<row3>	-0.3609 0.5287 1.0975 1.0000	</row3>
		</transform>
	</node>
	<node>
		<identifier>	MP_BM608_Compass_repeater	</identifier>
		<parent>	Scene Root	</parent>
		<transform>
			<row0>	0.0000 0.0000 1.0000 0.0000	</row0>
			<row1>	0.0000 1.0000 0.0000 0.0000	</row1>
			<row2>	-1.0000 0.0000 0.0000 0.0000	</row2>
			<row3>	0.1480 1.0692 1.7060 1.0000	</row3>
		</transform>
	</node>
	<node>
		<identifier>	MP_BM608_Compass_repeater_INDEX_1	</identifier>
		<parent>	Scene Root	</parent>
		<transform>
			<row0>	0.0000 0.0000 -1.0000 0.0000	</row0>
			<row1>	0.0000 1.0000 0.0000 0.0000	</row1>
			<row2>	1.0000 0.0000 0.0000 0.0000	</row2>
			<row3>	-0.1480 1.0692 1.7060 1.0000	</row3>
		</transform>
	</node>
	<node>
		<identifier>	MP_BM877_Running_Lights_B	</identifier>
		<parent>	Scene Root	</parent>
		<transform>
			<row0>	-1.0000 0.0000 0.0000 0.0000	</row0>
			<row1>	0.0000 1.0000 0.0000 0.0000	</row1>
			<row2>	0.0000 0.0000 -1.0000 0.0000	</row2>
			<row3>	0.0000 1.9228 1.6005 1.0000	</row3>
		</transform>
	</node>
	<node>
		<identifier>	MP_BM877_Running_Lights_B_INDEX_1	</identifier>
		<parent>	Scene Root	</parent>
		<transform>
			<row0>	-1.0000 0.0000 0.0000 0.0000	</row0>
			<row1>	0.0000 1.0000 0.0000 0.0000	</row1>
			<row2>	0.0000 0.0000 -1.0000 0.0000	</row2>
			<row3>	0.0000 1.7619 1.6005 1.0000	</row3>
		</transform>
	</node>
	<node>
		<identifier>	MP_BM877_Running_Lights_B_INDEX_2	</identifier>
		<parent>	Scene Root	</parent>
		<transform>
			<row0>	-1.0000 0.0000 0.0000 0.0000	</row0>
			<row1>	0.0000 1.0000 0.0000 0.0000	</row1>
			<row2>	0.0000 0.0000 -1.0000 0.0000	</row2>
			<row3>	0.0000 1.8858 1.6005 1.0000	</row3>
		</transform>
	</node>
	<node>
		<identifier>	MP_CM011_Fire_Fighting_Gear	</identifier>
		<parent>	Scene Root	</parent>
		<transform>
			<row0>	-0.7071 0.0000 0.7071 0.0000	</row0>
			<row1>	0.0000 1.0000 0.0000 0.0000	</row1>
			<row2>	-0.7071 0.0000 -0.7071 0.0000	</row2>
			<row3>	0.1007 0.8556 2.0971 1.0000	</row3>
		</transform>
	</node>
	<node>
		<identifier>	MP_CM011_Fire_Fighting_Gear_INDEX_1	</identifier>
		<parent>	Scene Root	</parent>
		<transform>
			<row0>	-0.7071 0.0000 -0.7071 0.0000	</row0>
			<row1>	0.0000 1.0000 0.0000 0.0000	</row1>
			<row2>	0.7071 0.0000 -0.7071 0.0000	</row2>
			<row3>	-0.1007 0.8556 2.0971 1.0000	</row3>
		</transform>
	</node>
	<node>
		<identifier>	MP_CM011_Fire_Fighting_Gear_INDEX_10	</identifier>
		<parent>	Scene Root	</parent>
		<transform>
			<row0>	0.9180 0.0000 0.3966 0.0000	</row0>
			<row1>	0.0000 1.0000 0.0000 0.0000	</row1>
			<row2>	-0.3966 0.0000 0.9180 0.0000	</row2>
			<row3>	-0.3185 0.5019 0.3029 1.0000	</row3>
		</transform>
	</node>
	<node>
		<identifier>	MP_CM011_Fire_Fighting_Gear_INDEX_11	</identifier>
		<parent>	Scene Root	</parent>
		<transform>
			<row0>	-0.0187 0.0000 -0.9998 0.0000	</row0>
			<row1>	0.0000 1.0000 0.0000 0.0000	</row1>
			<row2>	0.9998 0.0000 -0.0187 0.0000	</row2>
			<row3>	-0.3115 0.5072 1.6454 1.0000	</row3>
		</transform>
	</node>
	<node>
		<identifier>	MP_CM011_Fire_Fighting_Gear_INDEX_2	</identifier>
		<parent>	Scene Root	</parent>
		<transform>
			<row0>	-0.0187 0.0000 0.9998 0.0000	</row0>
			<row1>	0.0000 1.0000 0.0000 0.0000	</row1>
			<row2>	-0.9998 0.0000 -0.0187 0.0000	</row2>
			<row3>	0.3115 0.5072 1.6454 1.0000	</row3>
		</transform>
	</node>
	<node>
		<identifier>	MP_CM011_Fire_Fighting_Gear_INDEX_3	</identifier>
		<parent>	Scene Root	</parent>
		<transform>
			<row0>	0.0000 0.0000 1.0000 0.0000	</row0>
			<row1>	0.0000 1.0000 0.0000 0.0000	</row1>
			<row2>	-1.0000 0.0000 0.0000 0.0000	</row2>
			<row3>	0.3094 0.3504 3.3228 1.0000	</row3>
		</transform>
	</node>
	<node>
		<identifier>	MP_CM011_Fire_Fighting_Gear_INDEX_4	</identifier>
		<parent>	Scene Root	</parent>
		<transform>
			<row0>	0.0000 0.0000 -1.0000 0.0000	</row0>
			<row1>	0.0000 1.0000 0.0000 0.0000	</row1>
			<row2>	1.0000 0.0000 0.0000 0.0000	</row2>
			<row3>	-0.3094 0.3504 3.3228 1.0000	</row3>
		</transform>
	</node>
	<node>
		<identifier>	MP_CM011_Fire_Fighting_Gear_INDEX_5	</identifier>
		<parent>	Scene Root	</parent>
		<transform>
			<row0>	-0.0187 0.0000 0.9998 0.0000	</row0>
			<row1>	0.0000 1.0000 0.0000 0.0000	</row1>
			<row2>	-0.9998 0.0000 -0.0187 0.0000	</row2>
			<row3>	0.2065 0.6885 2.2060 1.0000	</row3>
		</transform>
	</node>
	<node>
		<identifier>	MP_CM011_Fire_Fighting_Gear_INDEX_6	</identifier>
		<parent>	Scene Root	</parent>
		<transform>
			<row0>	-0.0187 0.0000 -0.9998 0.0000	</row0>
			<row1>	0.0000 1.0000 0.0000 0.0000	</row1>
			<row2>	0.9998 0.0000 -0.0187 0.0000	</row2>
			<row3>	-0.2065 0.6885 2.2060 1.0000	</row3>
		</transform>
	</node>
	<node>
		<identifier>	MP_CM011_Fire_Fighting_Gear_INDEX_7	</identifier>
		<parent>	Scene Root	</parent>
		<transform>
			<row0>	-0.4940 0.0000 0.8694 0.0000	</row0>
			<row1>	0.0000 1.0000 0.0000 0.0000	</row1>
			<row2>	-0.8694 0.0000 -0.4940 0.0000	</row2>
			<row3>	0.1061 0.5205 2.7952 1.0000	</row3>
		</transform>
	</node>
	<node>
		<identifier>	MP_CM011_Fire_Fighting_Gear_INDEX_8	</identifier>
		<parent>	Scene Root	</parent>
		<transform>
			<row0>	-0.4940 0.0000 -0.8694 0.0000	</row0>
			<row1>	0.0000 1.0000 0.0000 0.0000	</row1>
			<row2>	0.8694 0.0000 -0.4940 0.0000	</row2>
			<row3>	-0.1061 0.5205 2.7952 1.0000	</row3>
		</transform>
	</node>
	<node>
		<identifier>	MP_CM011_Fire_Fighting_Gear_INDEX_9	</identifier>
		<parent>	Scene Root	</parent>
		<transform>
			<row0>	0.9180 0.0000 -0.3966 0.0000	</row0>
			<row1>	0.0000 1.0000 0.0000 0.0000	</row1>
			<row2>	0.3966 0.0000 0.9180 0.0000	</row2>
			<row3>	0.3185 0.5019 0.3029 1.0000	</row3>
		</transform>
	</node>
	<node>
		<identifier>	MP_CM012_Fire_Hose_Rack_1	</identifier>
		<parent>	Scene Root	</parent>
		<transform>
			<row0>	-0.7282 0.0000 -0.6854 0.0000	</row0>
			<row1>	0.0000 1.0000 0.0000 0.0000	</row1>
			<row2>	0.6854 0.0000 -0.7282 0.0000	</row2>
			<row3>	0.1116 0.9515 2.0724 1.0000	</row3>
		</transform>
	</node>
	<node>
		<identifier>	MP_CM012_Fire_Hose_Rack_1_INDEX_1	</identifier>
		<parent>	Scene Root	</parent>
		<transform>
			<row0>	0.7282 0.0000 -0.6854 0.0000	</row0>
			<row1>	0.0000 1.0000 0.0000 0.0000	</row1>
			<row2>	0.6854 0.0000 0.7282 0.0000	</row2>
			<row3>	-0.1116 0.9515 2.0724 1.0000	</row3>
		</transform>
	</node>
	<node>
		<identifier>	MP_CM012_Fire_Hose_Rack_1_INDEX_10	</identifier>
		<parent>	Scene Root	</parent>
		<transform>
			<row0>	-0.1281 0.0000 0.9918 0.0000	</row0>
			<row1>	0.0000 1.0000 0.0000 0.0000	</row1>
			<row2>	-0.9918 0.0000 -0.1281 0.0000	</row2>
			<row3>	-0.3725 0.5393 0.2973 1.0000	</row3>
		</transform>
	</node>
	<node>
		<identifier>	MP_CM012_Fire_Hose_Rack_1_INDEX_11	</identifier>
		<parent>	Scene Root	</parent>
		<transform>
			<row0>	1.0000 0.0000 0.0000 0.0000	</row0>
			<row1>	0.0000 1.0000 0.0000 0.0000	</row1>
			<row2>	0.0000 0.0000 1.0000 0.0000	</row2>
			<row3>	-0.3033 0.6120 1.6892 1.0000	</row3>
		</transform>
	</node>
	<node>
		<identifier>	MP_CM012_Fire_Hose_Rack_1_INDEX_2	</identifier>
		<parent>	Scene Root	</parent>
		<transform>
			<row0>	-1.0000 0.0000 0.0000 0.0000	</row0>
			<row1>	0.0000 1.0000 0.0000 0.0000	</row1>
			<row2>	0.0000 0.0000 -1.0000 0.0000	</row2>
			<row3>	0.3033 0.6120 1.6892 1.0000	</row3>
		</transform>
	</node>
	<node>
		<identifier>	MP_CM012_Fire_Hose_Rack_1_INDEX_3	</identifier>
		<parent>	Scene Root	</parent>
		<transform>
			<row0>	-1.0000 0.0000 0.0000 0.0000	</row0>
			<row1>	0.0000 1.0000 0.0000 0.0000	</row1>
			<row2>	0.0000 0.0000 -1.0000 0.0000	</row2>
			<row3>	0.3033 0.4266 3.2873 1.0000	</row3>
		</transform>
	</node>
	<node>
		<identifier>	MP_CM012_Fire_Hose_Rack_1_INDEX_4	</identifier>
		<parent>	Scene Root	</parent>
		<transform>
			<row0>	1.0000 0.0000 0.0000 0.0000	</row0>
			<row1>	0.0000 1.0000 0.0000 0.0000	</row1>
			<row2>	0.0000 0.0000 1.0000 0.0000	</row2>
			<row3>	-0.3033 0.4266 3.2873 1.0000	</row3>
		</transform>
	</node>
	<node>
		<identifier>	MP_CM012_Fire_Hose_Rack_1_INDEX_5	</identifier>
		<parent>	Scene Root	</parent>
		<transform>
			<row0>	-1.0000 0.0000 0.0000 0.0000	</row0>
			<row1>	0.0000 1.0000 0.0000 0.0000	</row1>
			<row2>	0.0000 0.0000 -1.0000 0.0000	</row2>
			<row3>	0.2000 0.7629 2.2347 1.0000	</row3>
		</transform>
	</node>
	<node>
		<identifier>	MP_CM012_Fire_Hose_Rack_1_INDEX_6	</identifier>
		<parent>	Scene Root	</parent>
		<transform>
			<row0>	1.0000 0.0000 0.0000 0.0000	</row0>
			<row1>	0.0000 1.0000 0.0000 0.0000	</row1>
			<row2>	0.0000 0.0000 1.0000 0.0000	</row2>
			<row3>	-0.2000 0.7629 2.2347 1.0000	</row3>
		</transform>
	</node>
	<node>
		<identifier>	MP_CM012_Fire_Hose_Rack_1_INDEX_7	</identifier>
		<parent>	Scene Root	</parent>
		<transform>
			<row0>	-0.8694 0.0000 -0.4940 0.0000	</row0>
			<row1>	0.0000 1.0000 0.0000 0.0000	</row1>
			<row2>	0.4940 0.0000 -0.8694 0.0000	</row2>
			<row3>	0.1153 0.6164 2.7606 1.0000	</row3>
		</transform>
	</node>
	<node>
		<identifier>	MP_CM012_Fire_Hose_Rack_1_INDEX_8	</identifier>
		<parent>	Scene Root	</parent>
		<transform>
			<row0>	0.8694 0.0000 -0.4940 0.0000	</row0>
			<row1>	0.0000 1.0000 0.0000 0.0000	</row1>
			<row2>	0.4940 0.0000 0.8694 0.0000	</row2>
			<row3>	-0.1153 0.6164 2.7606 1.0000	</row3>
		</transform>
	</node>
	<node>
		<identifier>	MP_CM012_Fire_Hose_Rack_1_INDEX_9	</identifier>
		<parent>	Scene Root	</parent>
		<transform>
			<row0>	0.1281 0.0000 0.9918 0.0000	</row0>
			<row1>	0.0000 1.0000 0.0000 0.0000	</row1>
			<row2>	-0.9918 0.0000 0.1281 0.0000	</row2>
			<row3>	0.3725 0.5393 0.2973 1.0000	</row3>
		</transform>
	</node>
	<node>
		<identifier>	MP_CM029_Emergency_Box	</identifier>
		<parent>	Scene Root	</parent>
		<transform>
			<row0>	0.0000 0.0000 1.0000 0.0000	</row0>
			<row1>	0.0000 1.0000 0.0000 0.0000	</row1>
			<row2>	-1.0000 0.0000 0.0000 0.0000	</row2>
			<row3>	0.1114 1.2414 1.8260 1.0000	</row3>
		</transform>
	</node>
	<node>
		<identifier>	MP_CM029_Emergency_Box_INDEX_1	</identifier>
		<parent>	Scene Root	</parent>
		<transform>
			<row0>	1.0000 0.0000 0.0000 0.0000	</row0>
			<row1>	0.0000 1.0000 0.0000 0.0000	</row1>
			<row2>	0.0000 0.0000 1.0000 0.0000	</row2>
			<row3>	-0.0331 1.0892 1.7738 1.0000	</row3>
		</transform>
	</node>
	<node>
		<identifier>	MP_CM029_Emergency_Box_INDEX_2	</identifier>
		<parent>	Scene Root	</parent>
		<transform>
			<row0>	1.0000 0.0000 0.0000 0.0000	</row0>
			<row1>	0.0000 1.0000 0.0000 0.0000	</row1>
			<row2>	0.0000 0.0000 1.0000 0.0000	</row2>
			<row3>	-0.0296 0.9340 1.6744 1.0000	</row3>
		</transform>
	</node>
	<node>
		<identifier>	MP_CM029_Emergency_Box_INDEX_3	</identifier>
		<parent>	Scene Root	</parent>
		<transform>
			<row0>	0.0000 0.0000 1.0000 0.0000	</row0>
			<row1>	0.0000 1.0000 0.0000 0.0000	</row1>
			<row2>	-1.0000 0.0000 0.0000 0.0000	</row2>
			<row3>	0.2053 0.7658 1.8697 1.0000	</row3>
		</transform>
	</node>
	<node>
		<identifier>	MP_CM029_Emergency_Box_INDEX_4	</identifier>
		<parent>	Scene Root	</parent>
		<transform>
			<row0>	0.0000 0.0000 -1.0000 0.0000	</row0>
			<row1>	0.0000 1.0000 0.0000 0.0000	</row1>
			<row2>	1.0000 0.0000 0.0000 0.0000	</row2>
			<row3>	-0.2053 0.7658 1.8697 1.0000	</row3>
		</transform>
	</node>
	<node>
		<identifier>	MP_CM029_Emergency_Box_INDEX_5	</identifier>
		<parent>	Scene Root	</parent>
		<transform>
			<row0>	-0.5000 0.0000 0.8660 0.0000	</row0>
			<row1>	0.0000 1.0000 0.0000 0.0000	</row1>
			<row2>	-0.8660 0.0000 -0.5000 0.0000	</row2>
			<row3>	0.1820 0.5901 2.6550 1.0000	</row3>
		</transform>
	</node>
	<node>
		<identifier>	MP_CM029_Emergency_Box_INDEX_6	</identifier>
		<parent>	Scene Root	</parent>
		<transform>
			<row0>	0.0000 0.0000 1.0000 0.0000	</row0>
			<row1>	0.0000 1.0000 0.0000 0.0000	</row1>
			<row2>	-1.0000 0.0000 0.0000 0.0000	</row2>
			<row3>	0.3087 0.5901 1.9463 1.0000	</row3>
		</transform>
	</node>
	<node>
		<identifier>	MP_CM030_Swab_Rack_2	</identifier>
		<parent>	Scene Root	</parent>
		<transform>
			<row0>	-1.0000 0.0000 0.0000 0.0000	</row0>
			<row1>	0.0000 1.0000 0.0000 0.0000	</row1>
			<row2>	0.0000 0.0000 -1.0000 0.0000	</row2>
			<row3>	0.0599 0.8508 1.6792 1.0000	</row3>
		</transform>
	</node>
	<node>
		<identifier>	MP_CM052_Fender	</identifier>
		<parent>	Scene Root	</parent>
		<transform>
			<row0>	0.0000 0.0000 -0.6840 0.0000	</row0>
			<row1>	0.0000 0.6840 0.0000 0.0000	</row1>
			<row2>	0.6840 0.0000 0.0000 0.0000	</row2>
			<row3>	0.3234 0.3415 2.7765 1.0000	</row3>
		</transform>
	</node>
	<node>
		<identifier>	MP_CM052_Fender_INDEX_1	</identifier>
		<parent>	Scene Root	</parent>
		<transform>
			<row0>	0.5285 0.0000 -0.4342 0.0000	</row0>
			<row1>	0.0000 0.6840 0.0000 0.0000	</row1>
			<row2>	0.4342 0.0000 0.5285 0.0000	</row2>
			<row3>	0.2076 0.3551 3.7171 1.0000	</row3>
		</transform>
	</node>
	<node>
		<identifier>	MP_CM052_Fender_INDEX_2	</identifier>
		<parent>	Scene Root	</parent>
		<transform>
			<row0>	0.5924 0.0000 0.3420 0.0000	</row0>
			<row1>	0.0000 0.6840 0.0000 0.0000	</row1>
			<row2>	-0.3420 0.0000 0.5924 0.0000	</row2>
			<row3>	-0.1521 0.3562 3.7552 1.0000	</row3>
		</transform>
	</node>
	<node>
		<identifier>	MP_CM052_Fender_INDEX_3	</identifier>
		<parent>	Scene Root	</parent>
		<transform>
			<row0>	0.0000 0.0000 0.6840 0.0000	</row0>
			<row1>	0.0000 0.6840 0.0000 0.0000	</row1>
			<row2>	-0.6840 0.0000 0.0000 0.0000	</row2>
			<row3>	-0.3234 0.3415 2.7765 1.0000	</row3>
		</transform>
	</node>
	<node>
		<identifier>	MP_CM056_Ships_bell	</identifier>
		<parent>	Scene Root	</parent>
		<transform>
			<row0>	0.8000 0.0000 0.0000 0.0000	</row0>
			<row1>	0.0000 0.8000 0.0000 0.0000	</row1>
			<row2>	0.0000 0.0000 0.8000 0.0000	</row2>
			<row3>	0.0305 0.8307 1.5991 1.0000	</row3>
		</transform>
	</node>
	<node>
		<identifier>	MP_CM059_Ladder_Cruiser	</identifier>
		<parent>	Scene Root	</parent>
		<transform>
			<row0>	0.0000 1.0000 0.0000 0.0000	</row0>
			<row1>	-0.9999 0.0000 -0.0155 0.0000	</row1>
			<row2>	-0.0155 0.0000 0.9999 0.0000	</row2>
			<row3>	0.5184 0.3675 2.5708 1.0000	</row3>
		</transform>
	</node>
	<node>
		<identifier>	MP_CM059_Ladder_Cruiser_INDEX_1	</identifier>
		<parent>	Scene Root	</parent>
		<transform>
			<row0>	0.0000 1.0000 0.0000 0.0000	</row0>
			<row1>	-0.9997 0.0000 0.0237 0.0000	</row1>
			<row2>	0.0237 0.0000 0.9997 0.0000	</row2>
			<row3>	-0.5051 0.3675 2.5705 1.0000	</row3>
		</transform>
	</node>
	<node>
		<identifier>	MP_CM082_Rope	</identifier>
		<parent>	Scene Root	</parent>
		<transform>
			<row0>	0.2971 0.0000 0.3960 0.0000	</row0>
			<row1>	0.0000 0.4950 0.0000 0.0000	</row1>
			<row2>	-0.3960 0.0000 0.2971 0.0000	</row2>
			<row3>	-0.0795 1.2309 1.6189 1.0000	</row3>
		</transform>
	</node>
	<node>
		<identifier>	MP_CM082_Rope_INDEX_1	</identifier>
		<parent>	Scene Root	</parent>
		<transform>
			<row0>	0.2188 0.0000 -0.3290 0.0000	</row0>
			<row1>	0.0000 0.3951 0.0000 0.0000	</row1>
			<row2>	0.3290 0.0000 0.2188 0.0000	</row2>
			<row3>	0.1300 1.2505 1.6651 1.0000	</row3>
		</transform>
	</node>
	<node>
		<identifier>	MP_CM082_Rope_INDEX_2	</identifier>
		<parent>	Scene Root	</parent>
		<transform>
			<row0>	0.2188 0.0000 -0.3290 0.0000	</row0>
			<row1>	0.0000 0.3951 0.0000 0.0000	</row1>
			<row2>	0.3290 0.0000 0.2188 0.0000	</row2>
			<row3>	0.1174 1.2505 1.6567 1.0000	</row3>
		</transform>
	</node>
	<node>
		<identifier>	MP_CM082_Rope_INDEX_3	</identifier>
		<parent>	Scene Root	</parent>
		<transform>
			<row0>	0.2188 0.0000 -0.3290 0.0000	</row0>
			<row1>	0.0000 0.3951 0.0000 0.0000	</row1>
			<row2>	0.3290 0.0000 0.2188 0.0000	</row2>
			<row3>	0.1040 1.2505 1.6478 1.0000	</row3>
		</transform>
	</node>
	<node>
		<identifier>	MP_CM082_Rope_INDEX_4	</identifier>
		<parent>	Scene Root	</parent>
		<transform>
			<row0>	0.2188 0.0000 -0.3290 0.0000	</row0>
			<row1>	0.0000 0.3951 0.0000 0.0000	</row1>
			<row2>	0.3290 0.0000 0.2188 0.0000	</row2>
			<row3>	0.0918 1.2505 1.6397 1.0000	</row3>
		</transform>
	</node>
	<node>
		<identifier>	MP_CM082_Rope_INDEX_5	</identifier>
		<parent>	Scene Root	</parent>
		<transform>
			<row0>	0.2188 0.0000 0.3290 0.0000	</row0>
			<row1>	0.0000 0.3951 0.0000 0.0000	</row1>
			<row2>	-0.3290 0.0000 0.2188 0.0000	</row2>
			<row3>	-0.0914 1.2505 1.6403 1.0000	</row3>
		</transform>
	</node>
	<node>
		<identifier>	MP_CM082_Rope_INDEX_6	</identifier>
		<parent>	Scene Root	</parent>
		<transform>
			<row0>	0.2188 0.0000 0.3290 0.0000	</row0>
			<row1>	0.0000 0.3951 0.0000 0.0000	</row1>
			<row2>	-0.3290 0.0000 0.2188 0.0000	</row2>
			<row3>	-0.1036 1.2505 1.6484 1.0000	</row3>
		</transform>
	</node>
	<node>
		<identifier>	MP_CM082_Rope_INDEX_7	</identifier>
		<parent>	Scene Root	</parent>
		<transform>
			<row0>	0.2188 0.0000 0.3290 0.0000	</row0>
			<row1>	0.0000 0.3951 0.0000 0.0000	</row1>
			<row2>	-0.3290 0.0000 0.2188 0.0000	</row2>
			<row3>	-0.1296 1.2505 1.6657 1.0000	</row3>
		</transform>
	</node>
	<node>
		<identifier>	MP_CM082_Rope_INDEX_8	</identifier>
		<parent>	Scene Root	</parent>
		<transform>
			<row0>	0.2188 0.0000 0.3290 0.0000	</row0>
			<row1>	0.0000 0.3951 0.0000 0.0000	</row1>
			<row2>	-0.3290 0.0000 0.2188 0.0000	</row2>
			<row3>	-0.1170 1.2505 1.6573 1.0000	</row3>
		</transform>
	</node>
	<node>
		<identifier>	MP_CM109_Leadsman_Platform	</identifier>
		<parent>	Scene Root	</parent>
		<transform>
			<row0>	-0.0013 -0.9999 0.0167 0.0000	</row0>
			<row1>	-0.9969 0.0000 -0.0781 0.0000	</row1>
			<row2>	0.0781 -0.0168 -0.9968 0.0000	</row2>
			<row3>	0.4791 0.3651 3.8275 1.0000	</row3>
		</transform>
	</node>
	<node>
		<identifier>	MP_CM109_Leadsman_Platform_INDEX_1	</identifier>
		<parent>	Scene Root	</parent>
		<transform>
			<row0>	0.0013 -0.9999 0.0167 0.0000	</row0>
			<row1>	0.9969 0.0000 -0.0781 0.0000	</row1>
			<row2>	0.0781 0.0168 0.9968 0.0000	</row2>
			<row3>	-0.4791 0.3651 3.8275 1.0000	</row3>
		</transform>
	</node>
	<node>
		<identifier>	MP_CM126_Cleat	</identifier>
		<parent>	Scene Root	</parent>
		<transform>
			<row0>	0.0000 0.0000 -1.0000 0.0000	</row0>
			<row1>	-1.0000 0.0000 0.0000 0.0000	</row1>
			<row2>	0.0000 1.0000 0.0000 0.0000	</row2>
			<row3>	0.5155 0.4434 2.0936 1.0000	</row3>
		</transform>
	</node>
	<node>
		<identifier>	MP_CM126_Cleat_INDEX_1	</identifier>
		<parent>	Scene Root	</parent>
		<transform>
			<row0>	0.9987 0.0000 0.0509 0.0000	</row0>
			<row1>	0.0000 1.0000 0.0000 0.0000	</row1>
			<row2>	-0.0509 0.0000 0.9987 0.0000	</row2>
			<row3>	0.4957 0.3526 3.3989 1.0000	</row3>
		</transform>
	</node>
	<node>
		<identifier>	MP_CM126_Cleat_INDEX_2	</identifier>
		<parent>	Scene Root	</parent>
		<transform>
			<row0>	0.9987 0.0000 -0.0509 0.0000	</row0>
			<row1>	0.0000 1.0000 0.0000 0.0000	</row1>
			<row2>	0.0509 0.0000 0.9987 0.0000	</row2>
			<row3>	-0.4957 0.3526 3.3989 1.0000	</row3>
		</transform>
	</node>
	<node>
		<identifier>	MP_CM126_Cleat_INDEX_3	</identifier>
		<parent>	Scene Root	</parent>
		<transform>
			<row0>	1.0000 0.0000 0.0000 0.0000	</row0>
			<row1>	0.0000 1.0000 0.0000 0.0000	</row1>
			<row2>	0.0000 0.0000 1.0000 0.0000	</row2>
			<row3>	0.2679 0.5017 1.0388 1.0000	</row3>
		</transform>
	</node>
	<node>
		<identifier>	MP_CM126_Cleat_INDEX_4	</identifier>
		<parent>	Scene Root	</parent>
		<transform>
			<row0>	1.0000 0.0000 0.0000 0.0000	</row0>
			<row1>	0.0000 1.0000 0.0000 0.0000	</row1>
			<row2>	0.0000 0.0000 1.0000 0.0000	</row2>
			<row3>	0.2539 0.5017 1.0577 1.0000	</row3>
		</transform>
	</node>
	<node>
		<identifier>	MP_CM126_Cleat_INDEX_5	</identifier>
		<parent>	Scene Root	</parent>
		<transform>
			<row0>	1.0000 0.0000 0.0000 0.0000	</row0>
			<row1>	0.0000 1.0000 0.0000 0.0000	</row1>
			<row2>	0.0000 0.0000 1.0000 0.0000	</row2>
			<row3>	-0.2679 0.5017 1.0388 1.0000	</row3>
		</transform>
	</node>
	<node>
		<identifier>	MP_CM126_Cleat_INDEX_6	</identifier>
		<parent>	Scene Root	</parent>
		<transform>
			<row0>	1.0000 0.0000 0.0000 0.0000	</row0>
			<row1>	0.0000 1.0000 0.0000 0.0000	</row1>
			<row2>	0.0000 0.0000 1.0000 0.0000	</row2>
			<row3>	-0.2539 0.5017 1.0577 1.0000	</row3>
		</transform>
	</node>
	<node>
		<identifier>	MP_CM126_Cleat_INDEX_7	</identifier>
		<parent>	Scene Root	</parent>
		<transform>
			<row0>	0.9515 0.0027 -0.3077 0.0000	</row0>
			<row1>	0.3064 0.0815 0.9484 0.0000	</row1>
			<row2>	0.0276 -0.9967 0.0768 0.0000	</row2>
			<row3>	0.0405 0.6019 0.9637 1.0000	</row3>
		</transform>
	</node>
	<node>
		<identifier>	MP_CM126_Cleat_INDEX_8	</identifier>
		<parent>	Scene Root	</parent>
		<transform>
			<row0>	0.9515 -0.0027 0.3077 0.0000	</row0>
			<row1>	-0.3064 0.0815 0.9484 0.0000	</row1>
			<row2>	-0.0276 -0.9967 0.0768 0.0000	</row2>
			<row3>	-0.0405 0.6019 0.9637 1.0000	</row3>
		</transform>
	</node>
	<node>
		<identifier>	MP_CM126_Cleat_INDEX_9	</identifier>
		<parent>	Scene Root	</parent>
		<transform>
			<row0>	0.0000 0.0000 1.0000 0.0000	</row0>
			<row1>	1.0000 0.0000 0.0000 0.0000	</row1>
			<row2>	0.0000 1.0000 0.0000 0.0000	</row2>
			<row3>	-0.5155 0.4434 2.0936 1.0000	</row3>
		</transform>
	</node>
	<node>
		<identifier>	MP_GM856_Mastheadlight	</identifier>
		<parent>	Scene Root	</parent>
		<transform>
			<row0>	1.0000 0.0000 0.0000 0.0000	</row0>
			<row1>	0.0000 1.0000 0.0000 0.0000	</row1>
			<row2>	0.0000 0.0000 1.0000 0.0000	</row2>
			<row3>	0.0000 1.3053 2.2170 1.0000	</row3>
		</transform>
	</node>
	<node>
		<identifier>	MP_HM003_Loudspeaker	</identifier>
		<parent>	Scene Root	</parent>
		<transform>
			<row0>	0.0000 0.0000 -1.0000 0.0000	</row0>
			<row1>	0.0000 1.0000 0.0000 0.0000	</row1>
			<row2>	1.0000 0.0000 0.0000 0.0000	</row2>
			<row3>	0.3032 0.5011 3.4658 1.0000	</row3>
		</transform>
	</node>
	<node>
		<identifier>	MP_HM003_Loudspeaker_INDEX_1	</identifier>
		<parent>	Scene Root	</parent>
		<transform>
			<row0>	0.0000 0.0000 1.0000 0.0000	</row0>
			<row1>	0.0000 1.0000 0.0000 0.0000	</row1>
			<row2>	-1.0000 0.0000 0.0000 0.0000	</row2>
			<row3>	-0.3032 0.5011 3.4658 1.0000	</row3>
		</transform>
	</node>
	<node>
		<identifier>	MP_HM003_Loudspeaker_INDEX_10	</identifier>
		<parent>	Scene Root	</parent>
		<transform>
			<row0>	0.0000 0.0000 1.0000 0.0000	</row0>
			<row1>	0.0000 1.0000 0.0000 0.0000	</row1>
			<row2>	-1.0000 0.0000 0.0000 0.0000	</row2>
			<row3>	-0.1998 0.8210 2.0061 1.0000	</row3>
		</transform>
	</node>
	<node>
		<identifier>	MP_HM003_Loudspeaker_INDEX_11	</identifier>
		<parent>	Scene Root	</parent>
		<transform>
			<row0>	0.0000 0.0000 -1.0000 0.0000	</row0>
			<row1>	0.0000 1.0000 0.0000 0.0000	</row1>
			<row2>	1.0000 0.0000 0.0000 0.0000	</row2>
			<row3>	0.1998 0.9826 1.9603 1.0000	</row3>
		</transform>
	</node>
	<node>
		<identifier>	MP_HM003_Loudspeaker_INDEX_12	</identifier>
		<parent>	Scene Root	</parent>
		<transform>
			<row0>	0.0000 0.0000 1.0000 0.0000	</row0>
			<row1>	0.0000 1.0000 0.0000 0.0000	</row1>
			<row2>	-1.0000 0.0000 0.0000 0.0000	</row2>
			<row3>	-0.1998 0.9826 1.9603 1.0000	</row3>
		</transform>
	</node>
	<node>
		<identifier>	MP_HM003_Loudspeaker_INDEX_13	</identifier>
		<parent>	Scene Root	</parent>
		<transform>
			<row0>	0.0000 0.0000 -1.0000 0.0000	</row0>
			<row1>	0.0000 1.0000 0.0000 0.0000	</row1>
			<row2>	1.0000 0.0000 0.0000 0.0000	</row2>
			<row3>	0.1366 1.1267 1.9577 1.0000	</row3>
		</transform>
	</node>
	<node>
		<identifier>	MP_HM003_Loudspeaker_INDEX_14	</identifier>
		<parent>	Scene Root	</parent>
		<transform>
			<row0>	0.0000 0.0000 1.0000 0.0000	</row0>
			<row1>	0.0000 1.0000 0.0000 0.0000	</row1>
			<row2>	-1.0000 0.0000 0.0000 0.0000	</row2>
			<row3>	-0.1366 1.1267 1.9577 1.0000	</row3>
		</transform>
	</node>
	<node>
		<identifier>	MP_HM003_Loudspeaker_INDEX_15	</identifier>
		<parent>	Scene Root	</parent>
		<transform>
			<row0>	0.0000 0.0000 -1.0000 0.0000	</row0>
			<row1>	0.0000 1.0000 0.0000 0.0000	</row1>
			<row2>	1.0000 0.0000 0.0000 0.0000	</row2>
			<row3>	0.1056 1.2733 1.8502 1.0000	</row3>
		</transform>
	</node>
	<node>
		<identifier>	MP_HM003_Loudspeaker_INDEX_16	</identifier>
		<parent>	Scene Root	</parent>
		<transform>
			<row0>	0.0000 0.0000 1.0000 0.0000	</row0>
			<row1>	0.0000 1.0000 0.0000 0.0000	</row1>
			<row2>	-1.0000 0.0000 0.0000 0.0000	</row2>
			<row3>	-0.1056 1.2733 1.8644 1.0000	</row3>
		</transform>
	</node>
	<node>
		<identifier>	MP_HM003_Loudspeaker_INDEX_17	</identifier>
		<parent>	Scene Root	</parent>
		<transform>
			<row0>	0.5848 0.0000 -0.8112 0.0000	</row0>
			<row1>	-0.0347 0.9991 -0.0251 0.0000	</row1>
			<row2>	0.8104 0.0428 0.5843 0.0000	</row2>
			<row3>	0.1230 0.6660 0.8994 1.0000	</row3>
		</transform>
	</node>
	<node>
		<identifier>	MP_HM003_Loudspeaker_INDEX_18	</identifier>
		<parent>	Scene Root	</parent>
		<transform>
			<row0>	0.5848 0.0000 0.8112 0.0000	</row0>
			<row1>	0.0347 0.9991 -0.0251 0.0000	</row1>
			<row2>	-0.8104 0.0428 0.5843 0.0000	</row2>
			<row3>	-0.1230 0.6660 0.8994 1.0000	</row3>
		</transform>
	</node>
	<node>
		<identifier>	MP_HM003_Loudspeaker_INDEX_19	</identifier>
		<parent>	Scene Root	</parent>
		<transform>
			<row0>	-0.7920 0.0000 -0.6105 0.0000	</row0>
			<row1>	0.0308 0.9987 -0.0400 0.0000	</row1>
			<row2>	0.6097 -0.0505 -0.7910 0.0000	</row2>
			<row3>	0.0517 0.6661 0.4663 1.0000	</row3>
		</transform>
	</node>
	<node>
		<identifier>	MP_HM003_Loudspeaker_INDEX_2	</identifier>
		<parent>	Scene Root	</parent>
		<transform>
			<row0>	0.9569 0.0000 0.2904 0.0000	</row0>
			<row1>	0.0000 1.0000 0.0000 0.0000	</row1>
			<row2>	-0.2904 0.0000 0.9569 0.0000	</row2>
			<row3>	-0.0850 0.5011 3.7609 1.0000	</row3>
		</transform>
	</node>
	<node>
		<identifier>	MP_HM003_Loudspeaker_INDEX_20	</identifier>
		<parent>	Scene Root	</parent>
		<transform>
			<row0>	-0.7920 0.0000 0.6105 0.0000	</row0>
			<row1>	-0.0308 0.9987 -0.0400 0.0000	</row1>
			<row2>	-0.6097 -0.0505 -0.7910 0.0000	</row2>
			<row3>	-0.0517 0.6661 0.4663 1.0000	</row3>
		</transform>
	</node>
	<node>
		<identifier>	MP_HM003_Loudspeaker_INDEX_3	</identifier>
		<parent>	Scene Root	</parent>
		<transform>
			<row0>	0.4937 0.0000 -0.8696 0.0000	</row0>
			<row1>	0.0000 1.0000 0.0000 0.0000	</row1>
			<row2>	0.8696 0.0000 0.4937 0.0000	</row2>
			<row3>	0.4155 0.4868 2.2316 1.0000	</row3>
		</transform>
	</node>
	<node>
		<identifier>	MP_HM003_Loudspeaker_INDEX_4	</identifier>
		<parent>	Scene Root	</parent>
		<transform>
			<row0>	0.4937 0.0000 0.8696 0.0000	</row0>
			<row1>	0.0000 1.0000 0.0000 0.0000	</row1>
			<row2>	-0.8696 0.0000 0.4937 0.0000	</row2>
			<row3>	-0.4155 0.4868 2.2316 1.0000	</row3>
		</transform>
	</node>
	<node>
		<identifier>	MP_HM003_Loudspeaker_INDEX_5	</identifier>
		<parent>	Scene Root	</parent>
		<transform>
			<row0>	0.0000 0.0000 1.0000 0.0000	</row0>
			<row1>	0.0000 1.0000 0.0000 0.0000	</row1>
			<row2>	-1.0000 0.0000 0.0000 0.0000	</row2>
			<row3>	-0.3031 0.6511 1.9484 1.0000	</row3>
		</transform>
	</node>
	<node>
		<identifier>	MP_HM003_Loudspeaker_INDEX_6	</identifier>
		<parent>	Scene Root	</parent>
		<transform>
			<row0>	0.0000 0.0000 -1.0000 0.0000	</row0>
			<row1>	0.0000 1.0000 0.0000 0.0000	</row1>
			<row2>	1.0000 0.0000 0.0000 0.0000	</row2>
			<row3>	0.3031 0.6511 1.9484 1.0000	</row3>
		</transform>
	</node>
	<node>
		<identifier>	MP_HM003_Loudspeaker_INDEX_7	</identifier>
		<parent>	Scene Root	</parent>
		<transform>
			<row0>	1.0000 0.0000 0.0000 0.0000	</row0>
			<row1>	0.0000 1.0000 0.0000 0.0000	</row1>
			<row2>	0.0000 0.0000 1.0000 0.0000	</row2>
			<row3>	-0.0703 0.6510 2.8029 1.0000	</row3>
		</transform>
	</node>
	<node>
		<identifier>	MP_HM003_Loudspeaker_INDEX_8	</identifier>
		<parent>	Scene Root	</parent>
		<transform>
			<row0>	-1.0000 0.0000 0.0000 0.0000	</row0>
			<row1>	0.0000 1.0000 0.0000 0.0000	</row1>
			<row2>	0.0000 0.0000 -1.0000 0.0000	</row2>
			<row3>	0.0318 0.6511 1.5787 1.0000	</row3>
		</transform>
	</node>
	<node>
		<identifier>	MP_HM003_Loudspeaker_INDEX_9	</identifier>
		<parent>	Scene Root	</parent>
		<transform>
			<row0>	0.0000 0.0000 -1.0000 0.0000	</row0>
			<row1>	0.0000 1.0000 0.0000 0.0000	</row1>
			<row2>	1.0000 0.0000 0.0000 0.0000	</row2>
			<row3>	0.1998 0.8210 2.0061 1.0000	</row3>
		</transform>
	</node>
	<node>
		<identifier>	MP_HM004_Loudspeaker	</identifier>
		<parent>	Scene Root	</parent>
		<transform>
			<row0>	0.6335 0.0000 -0.7737 0.0000	</row0>
			<row1>	0.0000 1.0000 0.0000 0.0000	</row1>
			<row2>	0.7737 0.0000 0.6335 0.0000	</row2>
			<row3>	0.2325 0.5080 3.6624 1.0000	</row3>
		</transform>
	</node>
	<node>
		<identifier>	MP_HM004_Loudspeaker_INDEX_1	</identifier>
		<parent>	Scene Root	</parent>
		<transform>
			<row0>	0.6335 0.0000 0.7737 0.0000	</row0>
			<row1>	0.0000 1.0000 0.0000 0.0000	</row1>
			<row2>	-0.7737 0.0000 0.6335 0.0000	</row2>
			<row3>	-0.2325 0.5080 3.6624 1.0000	</row3>
		</transform>
	</node>
	<node>
		<identifier>	MP_HM004_Loudspeaker_INDEX_2	</identifier>
		<parent>	Scene Root	</parent>
		<transform>
			<row0>	0.0000 0.0000 -1.0000 0.0000	</row0>
			<row1>	0.0000 1.0000 0.0000 0.0000	</row1>
			<row2>	1.0000 0.0000 0.0000 0.0000	</row2>
			<row3>	0.3033 0.6663 1.6902 1.0000	</row3>
		</transform>
	</node>
	<node>
		<identifier>	MP_HM004_Loudspeaker_INDEX_3	</identifier>
		<parent>	Scene Root	</parent>
		<transform>
			<row0>	0.0000 0.0000 1.0000 0.0000	</row0>
			<row1>	0.0000 1.0000 0.0000 0.0000	</row1>
			<row2>	-1.0000 0.0000 0.0000 0.0000	</row2>
			<row3>	-0.3033 0.6663 1.6902 1.0000	</row3>
		</transform>
	</node>
	<node>
		<identifier>	MP_HM004_Loudspeaker_INDEX_4	</identifier>
		<parent>	Scene Root	</parent>
		<transform>
			<row0>	1.0000 0.0000 0.0000 0.0000	</row0>
			<row1>	0.0000 1.0000 0.0000 0.0000	</row1>
			<row2>	0.0000 0.0000 1.0000 0.0000	</row2>
			<row3>	0.0000 1.0164 2.0989 1.0000	</row3>
		</transform>
	</node>
	<node>
		<identifier>	MP_HM007_Lifebuoy	</identifier>
		<parent>	Scene Root	</parent>
		<transform>
			<row0>	0.0150 0.0000 0.9999 0.0000	</row0>
			<row1>	0.0000 1.0000 0.0000 0.0000	</row1>
			<row2>	-0.9999 0.0000 0.0150 0.0000	</row2>
			<row3>	0.5520 0.5648 0.8957 1.0000	</row3>
		</transform>
	</node>
	<node>
		<identifier>	MP_HM007_Lifebuoy_INDEX_1	</identifier>
		<parent>	Scene Root	</parent>
		<transform>
			<row0>	0.0150 0.0000 0.9999 0.0000	</row0>
			<row1>	0.0000 1.0000 0.0000 0.0000	</row1>
			<row2>	-0.9999 0.0000 0.0150 0.0000	</row2>
			<row3>	0.5467 0.5688 1.8305 1.0000	</row3>
		</transform>
	</node>
	<node>
		<identifier>	MP_HM007_Lifebuoy_INDEX_2	</identifier>
		<parent>	Scene Root	</parent>
		<transform>
			<row0>	-0.0479 0.0000 0.9989 0.0000	</row0>
			<row1>	0.0000 1.0000 0.0000 0.0000	</row1>
			<row2>	-0.9989 0.0000 -0.0479 0.0000	</row2>
			<row3>	0.4922 0.4110 3.4607 1.0000	</row3>
		</transform>
	</node>
	<node>
		<identifier>	MP_HM007_Lifebuoy_INDEX_3	</identifier>
		<parent>	Scene Root	</parent>
		<transform>
			<row0>	-0.0479 0.0000 -0.9989 0.0000	</row0>
			<row1>	0.0000 1.0000 0.0000 0.0000	</row1>
			<row2>	0.9989 0.0000 -0.0479 0.0000	</row2>
			<row3>	-0.4922 0.4110 3.4607 1.0000	</row3>
		</transform>
	</node>
	<node>
		<identifier>	MP_HM007_Lifebuoy_INDEX_4	</identifier>
		<parent>	Scene Root	</parent>
		<transform>
			<row0>	0.0150 0.0000 -0.9999 0.0000	</row0>
			<row1>	0.0000 1.0000 0.0000 0.0000	</row1>
			<row2>	0.9999 0.0000 0.0150 0.0000	</row2>
			<row3>	-0.5520 0.5648 0.8957 1.0000	</row3>
		</transform>
	</node>
	<node>
		<identifier>	MP_HM007_Lifebuoy_INDEX_5	</identifier>
		<parent>	Scene Root	</parent>
		<transform>
			<row0>	0.0150 0.0000 -0.9999 0.0000	</row0>
			<row1>	0.0000 1.0000 0.0000 0.0000	</row1>
			<row2>	0.9999 0.0000 0.0150 0.0000	</row2>
			<row3>	-0.5467 0.5688 1.8305 1.0000	</row3>
		</transform>
	</node>
	<node>
		<identifier>	MP_HM008_Insulator	</identifier>
		<parent>	Scene Root	</parent>
		<transform>
			<row0>	1.0000 0.0000 0.0000 0.0000	</row0>
			<row1>	0.0000 1.0000 0.0000 0.0000	</row1>
			<row2>	0.0000 0.0000 1.0000 0.0000	</row2>
			<row3>	0.0000 0.8080 0.9661 1.0000	</row3>
		</transform>
	</node>
	<node>
		<identifier>	MP_HM008_Insulator_INDEX_1	</identifier>
		<parent>	Scene Root	</parent>
		<transform>
			<row0>	1.0000 0.0000 0.0000 0.0000	</row0>
			<row1>	0.0000 1.0000 0.0000 0.0000	</row1>
			<row2>	0.0000 0.0000 1.0000 0.0000	</row2>
			<row3>	0.1421 0.6262 0.6072 1.0000	</row3>
		</transform>
	</node>
	<node>
		<identifier>	MP_HM008_Insulator_INDEX_2	</identifier>
		<parent>	Scene Root	</parent>
		<transform>
			<row0>	1.0000 0.0000 0.0000 0.0000	</row0>
			<row1>	0.0000 1.0000 0.0000 0.0000	</row1>
			<row2>	0.0000 0.0000 1.0000 0.0000	</row2>
			<row3>	-0.1421 0.6262 0.6072 1.0000	</row3>
		</transform>
	</node>
	<node>
		<identifier>	MP_HM016_AmmoBox	</identifier>
		<parent>	Scene Root	</parent>
		<transform>
			<row0>	0.0000 0.0000 -1.0000 0.0000	</row0>
			<row1>	0.0000 1.0000 0.0000 0.0000	</row1>
			<row2>	1.0000 0.0000 0.0000 0.0000	</row2>
			<row3>	0.5223 0.5018 0.7086 1.0000	</row3>
		</transform>
	</node>
	<node>
		<identifier>	MP_HM016_AmmoBox_INDEX_1	</identifier>
		<parent>	Scene Root	</parent>
		<transform>
			<row0>	0.0000 0.0000 -1.0000 0.0000	</row0>
			<row1>	0.0000 1.0000 0.0000 0.0000	</row1>
			<row2>	1.0000 0.0000 0.0000 0.0000	</row2>
			<row3>	0.5223 0.5018 1.0837 1.0000	</row3>
		</transform>
	</node>
	<node>
		<identifier>	MP_HM016_AmmoBox_INDEX_10	</identifier>
		<parent>	Scene Root	</parent>
		<transform>
			<row0>	1.0000 0.0000 0.0000 0.0000	</row0>
			<row1>	0.0000 1.0000 0.0000 0.0000	</row1>
			<row2>	0.0000 0.0000 1.0000 0.0000	</row2>
			<row3>	-0.1703 0.5034 1.5477 1.0000	</row3>
		</transform>
	</node>
	<node>
		<identifier>	MP_HM016_AmmoBox_INDEX_11	</identifier>
		<parent>	Scene Root	</parent>
		<transform>
			<row0>	1.0000 0.0000 0.0000 0.0000	</row0>
			<row1>	0.0000 1.0000 0.0000 0.0000	</row1>
			<row2>	0.0000 0.0000 1.0000 0.0000	</row2>
			<row3>	-0.2420 0.5034 1.5477 1.0000	</row3>
		</transform>
	</node>
	<node>
		<identifier>	MP_HM016_AmmoBox_INDEX_12	</identifier>
		<parent>	Scene Root	</parent>
		<transform>
			<row0>	0.0000 0.0000 -1.0000 0.0000	</row0>
			<row1>	0.0000 1.0000 0.0000 0.0000	</row1>
			<row2>	1.0000 0.0000 0.0000 0.0000	</row2>
			<row3>	0.5223 0.5018 0.7842 1.0000	</row3>
		</transform>
	</node>
	<node>
		<identifier>	MP_HM016_AmmoBox_INDEX_13	</identifier>
		<parent>	Scene Root	</parent>
		<transform>
			<row0>	0.0000 0.0000 -1.0000 0.0000	</row0>
			<row1>	0.0000 1.0000 0.0000 0.0000	</row1>
			<row2>	1.0000 0.0000 0.0000 0.0000	</row2>
			<row3>	0.5223 0.5018 1.0074 1.0000	</row3>
		</transform>
	</node>
	<node>
		<identifier>	MP_HM016_AmmoBox_INDEX_14	</identifier>
		<parent>	Scene Root	</parent>
		<transform>
			<row0>	0.0000 0.0000 -1.0000 0.0000	</row0>
			<row1>	0.0000 1.0000 0.0000 0.0000	</row1>
			<row2>	1.0000 0.0000 0.0000 0.0000	</row2>
			<row3>	0.5223 0.5018 1.4918 1.0000	</row3>
		</transform>
	</node>
	<node>
		<identifier>	MP_HM016_AmmoBox_INDEX_15	</identifier>
		<parent>	Scene Root	</parent>
		<transform>
			<row0>	0.0000 0.0000 -1.0000 0.0000	</row0>
			<row1>	0.0000 1.0000 0.0000 0.0000	</row1>
			<row2>	1.0000 0.0000 0.0000 0.0000	</row2>
			<row3>	0.5223 0.5018 1.5660 1.0000	</row3>
		</transform>
	</node>
	<node>
		<identifier>	MP_HM016_AmmoBox_INDEX_16	</identifier>
		<parent>	Scene Root	</parent>
		<transform>
			<row0>	0.0000 0.0000 -1.0000 0.0000	</row0>
			<row1>	0.0000 1.0000 0.0000 0.0000	</row1>
			<row2>	1.0000 0.0000 0.0000 0.0000	</row2>
			<row3>	0.5223 0.5018 0.2814 1.0000	</row3>
		</transform>
	</node>
	<node>
		<identifier>	MP_HM016_AmmoBox_INDEX_17	</identifier>
		<parent>	Scene Root	</parent>
		<transform>
