<HSC305_Vrijheid_1948_Stern.skel_ext>
	<exported>	true	</exported>
	<node>
		<identifier>	MP_BM877_Running_Lights_B	</identifier>
		<parent>	Scene Root	</parent>
		<transform>
			<row0>	1.0000 0.0000 0.0000 0.0000	</row0>
			<row1>	0.0000 1.0000 0.0000 0.0000	</row1>
			<row2>	0.0000 0.0000 1.0000 0.0000	</row2>
			<row3>	0.0000 0.3034 -6.1248 1.0000	</row3>
		</transform>
	</node>
	<node>
		<identifier>	MP_CM161_Propeller_4_8m_BB_R	</identifier>
		<parent>	Scene Root	</parent>
		<transform>
			<row0>	0.9378 0.0000 0.0066 0.0000	</row0>
			<row1>	0.0001 0.9376 -0.0212 0.0000	</row1>
			<row2>	-0.0066 0.0212 0.9376 0.0000	</row2>
			<row3>	0.2529 -0.3172 -5.3003 1.0000	</row3>
		</transform>
	</node>
	<node>
		<identifier>	MP_CM162_Propeller_4_8m_BB_L	</identifier>
		<parent>	Scene Root	</parent>
		<transform>
			<row0>	0.9378 0.0000 -0.0066 0.0000	</row0>
			<row1>	-0.0001 0.9376 -0.0212 0.0000	</row1>
			<row2>	0.0066 0.0212 0.9376 0.0000	</row2>
			<row3>	-0.2529 -0.3172 -5.3003 1.0000	</row3>
		</transform>
	</node>
	<node>
		<identifier>	MP_HM007_Lifebuoy	</identifier>
		<parent>	Scene Root	</parent>
		<transform>
			<row0>	0.1565 0.0000 0.9877 0.0000	</row0>
			<row1>	0.0000 1.0000 0.0000 0.0000	</row1>
			<row2>	-0.9877 0.0000 0.1565 0.0000	</row2>
			<row3>	0.3709 0.2235 -5.1801 1.0000	</row3>
		</transform>
	</node>
	<node>
		<identifier>	MP_HM007_Lifebuoy_INDEX_1	</identifier>
		<parent>	Scene Root	</parent>
		<transform>
			<row0>	0.1565 0.0000 -0.9877 0.0000	</row0>
			<row1>	0.0000 1.0000 0.0000 0.0000	</row1>
			<row2>	0.9877 0.0000 0.1565 0.0000	</row2>
			<row3>	-0.3709 0.2235 -5.1801 1.0000	</row3>
		</transform>
	</node>
	<node>
		<identifier>	MP_HM022_Bench_for_Capstan	</identifier>
		<parent>	Scene Root	</parent>
		<transform>
			<row0>	1.0000 0.0000 0.0000 0.0000	</row0>
			<row1>	0.0000 1.0000 0.0000 0.0000	</row1>
			<row2>	0.0000 0.0000 1.0000 0.0000	</row2>
			<row3>	0.0000 0.1854 -5.2615 1.0000	</row3>
		</transform>
	</node>
	<node>
		<identifier>	MP_HM026_Smoke_Defence	</identifier>
		<parent>	Scene Root	</parent>
		<transform>
			<row0>	-0.5345 0.0000 0.8451 0.0000	</row0>
			<row1>	0.0000 1.0000 0.0000 0.0000	</row1>
			<row2>	-0.8451 0.0000 -0.5345 0.0000	</row2>
			<row3>	-0.1012 0.1648 -5.9451 1.0000	</row3>
		</transform>
	</node>
	<node>
		<identifier>	MP_HM026_Smoke_Defence_INDEX_1	</identifier>
		<parent>	Scene Root	</parent>
		<transform>
			<row0>	-0.5345 0.0000 -0.8451 0.0000	</row0>
			<row1>	0.0000 1.0000 0.0000 0.0000	</row1>
			<row2>	0.8451 0.0000 -0.5345 0.0000	</row2>
			<row3>	0.1012 0.1648 -5.9451 1.0000	</row3>
		</transform>
	</node>
	<node>
		<identifier>	MP_HM620_Depth_Charge_Stowage	</identifier>
		<parent>	Scene Root	</parent>
		<transform>
			<row0>	0.9798 0.0000 0.2001 0.0000	</row0>
			<row1>	0.0000 1.0000 0.0000 0.0000	</row1>
			<row2>	-0.2001 0.0000 0.9798 0.0000	</row2>
			<row3>	-0.2851 0.1624 -5.3623 1.0000	</row3>
		</transform>
	</node>
	<node>
		<identifier>	MP_HM620_Depth_Charge_Stowage_INDEX_1	</identifier>
		<parent>	Scene Root	</parent>
		<transform>
			<row0>	-0.9798 0.0000 -0.2001 0.0000	</row0>
			<row1>	0.0000 1.0000 0.0000 0.0000	</row1>
			<row2>	0.2001 0.0000 -0.9798 0.0000	</row2>
			<row3>	-0.2600 0.1624 -5.4851 1.0000	</row3>
		</transform>
	</node>
	<node>
		<identifier>	MP_HM620_Depth_Charge_Stowage_INDEX_2	</identifier>
		<parent>	Scene Root	</parent>
		<transform>
			<row0>	0.9798 0.0000 -0.2001 0.0000	</row0>
			<row1>	0.0000 1.0000 0.0000 0.0000	</row1>
			<row2>	0.2001 0.0000 0.9798 0.0000	</row2>
			<row3>	0.2851 0.1624 -5.3623 1.0000	</row3>
		</transform>
	</node>
	<node>
		<identifier>	MP_HM620_Depth_Charge_Stowage_INDEX_3	</identifier>
		<parent>	Scene Root	</parent>
		<transform>
			<row0>	-0.9798 0.0000 0.2001 0.0000	</row0>
			<row1>	0.0000 1.0000 0.0000 0.0000	</row1>
			<row2>	-0.2001 0.0000 -0.9798 0.0000	</row2>
			<row3>	0.2600 0.1624 -5.4851 1.0000	</row3>
		</transform>
	</node>
	<node>
		<identifier>	MP_HM621_Depth_Charge	</identifier>
		<parent>	Scene Root	</parent>
		<transform>
			<row0>	0.9798 0.0000 0.2001 0.0000	</row0>
			<row1>	0.2001 0.0000 -0.9798 0.0000	</row1>
			<row2>	0.0000 1.0000 0.0000 0.0000	</row2>
			<row3>	-0.2897 0.1942 -5.3397 1.0000	</row3>
		</transform>
	</node>
	<node>
		<identifier>	MP_HM621_Depth_Charge_INDEX_1	</identifier>
		<parent>	Scene Root	</parent>
		<transform>
			<row0>	-0.9798 0.0000 -0.2001 0.0000	</row0>
			<row1>	-0.2001 0.0000 0.9798 0.0000	</row1>
			<row2>	0.0000 1.0000 0.0000 0.0000	</row2>
			<row3>	-0.2554 0.1942 -5.5076 1.0000	</row3>
		</transform>
	</node>
	<node>
		<identifier>	MP_HM621_Depth_Charge_INDEX_2	</identifier>
		<parent>	Scene Root	</parent>
		<transform>
			<row0>	0.9798 0.0000 -0.2001 0.0000	</row0>
			<row1>	-0.2001 0.0000 -0.9798 0.0000	</row1>
			<row2>	0.0000 1.0000 0.0000 0.0000	</row2>
			<row3>	0.2897 0.1942 -5.3397 1.0000	</row3>
		</transform>
	</node>
	<node>
		<identifier>	MP_HM621_Depth_Charge_INDEX_3	</identifier>
		<parent>	Scene Root	</parent>
		<transform>
			<row0>	-0.9798 0.0000 0.2001 0.0000	</row0>
			<row1>	0.2001 0.0000 0.9798 0.0000	</row1>
			<row2>	0.0000 1.0000 0.0000 0.0000	</row2>
			<row3>	0.2554 0.1942 -5.5076 1.0000	</row3>
		</transform>
	</node>
	<node>
		<identifier>	MP_HM753_Hatch	</identifier>
		<parent>	Scene Root	</parent>
		<transform>
			<row0>	1.0000 0.0000 0.0000 0.0000	</row0>
			<row1>	0.0000 1.0000 0.0000 0.0000	</row1>
			<row2>	0.0000 0.0000 1.0000 0.0000	</row2>
			<row3>	0.0645 0.1644 -4.6091 1.0000	</row3>
		</transform>
	</node>
	<node>
		<identifier>	MP_HM753_Hatch_INDEX_1	</identifier>
		<parent>	Scene Root	</parent>
		<transform>
			<row0>	1.0000 0.0000 0.0000 0.0000	</row0>
			<row1>	0.0000 1.0000 0.0000 0.0000	</row1>
			<row2>	0.0000 0.0000 1.0000 0.0000	</row2>
			<row3>	-0.1602 0.1633 -5.3438 1.0000	</row3>
		</transform>
	</node>
	<node>
		<identifier>	MP_HM753_Hatch_INDEX_2	</identifier>
		<parent>	Scene Root	</parent>
		<transform>
			<row0>	1.0000 0.0000 0.0000 0.0000	</row0>
			<row1>	0.0000 1.0000 0.0000 0.0000	</row1>
			<row2>	0.0000 0.0000 1.0000 0.0000	</row2>
			<row3>	0.0000 0.1641 -5.7680 1.0000	</row3>
		</transform>
	</node>
	<node>
		<identifier>	MP_HM753_Hatch_INDEX_3	</identifier>
		<parent>	Scene Root	</parent>
		<transform>
			<row0>	1.0000 0.0000 0.0000 0.0000	</row0>
			<row1>	0.0000 1.0000 0.0000 0.0000	</row1>
			<row2>	0.0000 0.0000 1.0000 0.0000	</row2>
			<row3>	0.1602 0.1633 -5.3438 1.0000	</row3>
		</transform>
	</node>
	<node>
		<identifier>	MP_HM753_Hatch_INDEX_4	</identifier>
		<parent>	Scene Root	</parent>
		<transform>
			<row0>	1.0000 0.0000 0.0000 0.0000	</row0>
			<row1>	0.0000 1.0000 0.0000 0.0000	</row1>
			<row2>	0.0000 0.0000 1.0000 0.0000	</row2>
			<row3>	0.0000 0.1654 -3.8934 1.0000	</row3>
		</transform>
	</node>
	<node>
		<identifier>	MP_HM965_Capstan_Stern	</identifier>
		<parent>	Scene Root	</parent>
		<transform>
			<row0>	1.0000 0.0000 0.0000 0.0000	</row0>
			<row1>	0.0000 1.0000 0.0000 0.0000	</row1>
			<row2>	0.0000 0.0000 1.0000 0.0000	</row2>
			<row3>	0.0000 0.1854 -5.2615 1.0000	</row3>
		</transform>
	</node>
	<node>
		<identifier>	SP_YMS011_YHWL_M_1	</identifier>
		<parent>	Scene Root	</parent>
		<transform>
			<row0>	0.9706 0.2312 0.0677 0.0000	</row0>
			<row1>	-0.2306 0.9729 -0.0158 0.0000	</row1>
			<row2>	-0.0695 -0.0003 0.9976 0.0000	</row2>
			<row3>	-0.4933 0.0194 -3.9214 1.0000	</row3>
		</transform>
	</node>
	<node>
		<identifier>	SP_YMS011_YHWL_M_1_INDEX_7	</identifier>
		<parent>	Scene Root	</parent>
		<transform>
			<row0>	0.9070 0.4011 0.1283 0.0000	</row0>
			<row1>	-0.3976 0.9160 -0.0534 0.0000	</row1>
			<row2>	-0.1389 -0.0025 0.9903 0.0000	</row2>
			<row3>	-0.3995 0.0210 -4.7693 1.0000	</row3>
		</transform>
	</node>
	<node>
		<identifier>	SP_YMS012_YHWR_M_1	</identifier>
		<parent>	Scene Root	</parent>
		<transform>
			<row0>	0.9706 -0.2312 -0.0677 0.0000	</row0>
			<row1>	0.2306 0.9729 -0.0158 0.0000	</row1>
			<row2>	0.0695 -0.0003 0.9976 0.0000	</row2>
			<row3>	0.4933 0.0194 -3.9214 1.0000	</row3>
		</transform>
	</node>
	<node>
		<identifier>	SP_YMS012_YHWR_M_1_INDEX_5	</identifier>
		<parent>	Scene Root	</parent>
		<transform>
			<row0>	0.9070 -0.4011 -0.1283 0.0000	</row0>
			<row1>	0.3976 0.9160 -0.0534 0.0000	</row1>
			<row2>	0.1389 -0.0025 0.9903 0.0000	</row2>
			<row3>	0.3995 0.0210 -4.7693 1.0000	</row3>
		</transform>
	</node>
	<node>
		<identifier>	SP_YMS023_YHUC_L_1	</identifier>
		<parent>	Scene Root	</parent>
		<transform>
			<row0>	0.7845 0.0000 0.0051 0.0000	</row0>
			<row1>	0.0000 0.7843 -0.0171 0.0000	</row1>
			<row2>	-0.0051 0.0171 0.7843 0.0000	</row2>
			<row3>	0.2529 -0.3155 -5.3002 1.0000	</row3>
		</transform>
	</node>
	<node>
		<identifier>	SP_YMS023_YHUC_L_1_INDEX_1	</identifier>
		<parent>	Scene Root	</parent>
		<transform>
			<row0>	0.7845 0.0000 -0.0051 0.0000	</row0>
			<row1>	0.0000 0.7843 -0.0171 0.0000	</row1>
			<row2>	0.0051 0.0171 0.7843 0.0000	</row2>
			<row3>	-0.2529 -0.3155 -5.3002 1.0000	</row3>
		</transform>
	</node>
	<node>
		<identifier>	SP_YMS031_YHAL_M_1	</identifier>
		<parent>	Scene Root	</parent>
		<transform>
			<row0>	1.0000 0.0000 0.0000 0.0000	</row0>
			<row1>	0.0000 1.0000 0.0000 0.0000	</row1>
			<row2>	0.0000 0.0000 1.0000 0.0000	</row2>
			<row3>	-0.1910 0.0168 -5.8456 1.0000	</row3>
		</transform>
	</node>
	<node>
		<identifier>	SP_YMS032_YHAR_M_1	</identifier>
		<parent>	Scene Root	</parent>
		<transform>
			<row0>	1.0000 0.0000 0.0000 0.0000	</row0>
			<row1>	0.0000 1.0000 0.0000 0.0000	</row1>
			<row2>	0.0000 0.0000 1.0000 0.0000	</row2>
			<row3>	0.1885 0.0168 -5.8456 1.0000	</row3>
		</transform>
	</node>
	<node>
		<identifier>	SP_YMS033_YHAM_S_1	</identifier>
		<parent>	Scene Root	</parent>
		<transform>
			<row0>	0.5333 0.0000 0.0000 0.0000	</row0>
			<row1>	0.0000 0.5333 0.0000 0.0000	</row1>
			<row2>	0.0000 0.0000 0.5333 0.0000	</row2>
			<row3>	0.0000 0.0672 -6.1281 1.0000	</row3>
		</transform>
	</node>
	<node>
		<identifier>	SP_YMS053_YHDC_S_1	</identifier>
		<parent>	Scene Root	</parent>
		<transform>
			<row0>	1.0000 0.0000 0.0000 0.0000	</row0>
			<row1>	0.0000 1.0000 0.0000 0.0000	</row1>
			<row2>	0.0000 0.0000 1.0000 0.0000	</row2>
			<row3>	0.2353 0.1617 -4.8714 1.0000	</row3>
		</transform>
	</node>
	<node>
		<identifier>	SP_YMS053_YHDC_S_1_INDEX_4	</identifier>
		<parent>	Scene Root	</parent>
		<transform>
			<row0>	1.0000 0.0000 0.0000 0.0000	</row0>
			<row1>	0.0000 1.0000 0.0000 0.0000	</row1>
			<row2>	0.0000 0.0000 1.0000 0.0000	</row2>
			<row3>	-0.2353 0.1617 -4.8714 1.0000	</row3>
		</transform>
	</node>
	<node>
		<identifier>	SP_YMS095_YHZC_M_1_INDEX_11	</identifier>
		<parent>	Scene Root	</parent>
		<transform>
			<row0>	0.0599 0.0000 -1.0070 0.0000	</row0>
			<row1>	0.0000 1.0088 0.0000 0.0000	</row1>
			<row2>	1.0070 0.0000 0.0599 0.0000	</row2>
			<row3>	-0.4683 0.2286 -4.2020 1.0000	</row3>
		</transform>
	</node>
	<node>
		<identifier>	SP_YMS095_YHZC_M_1_INDEX_6	</identifier>
		<parent>	Scene Root	</parent>
		<transform>
			<row0>	0.0599 0.0000 1.0070 0.0000	</row0>
			<row1>	0.0000 1.0088 0.0000 0.0000	</row1>
			<row2>	-1.0070 0.0000 0.0599 0.0000	</row2>
			<row3>	0.4683 0.2286 -4.2020 1.0000	</row3>
		</transform>
	</node>
</HSC305_Vrijheid_1948_Stern.skel_ext>
