<RSB012_Gangut_1918_Bow.skel_ext>
	<exported>	true	</exported>
	<node>
		<identifier>	MP_CM137_Anchor_Up	</identifier>
		<parent>	Scene Root	</parent>
		<transform>
			<row0>	-0.0812 -0.8521 -0.5171 0.0000	</row0>
			<row1>	-0.2997 0.5157 -0.8027 0.0000	</row1>
			<row2>	0.9506 0.0898 -0.2972 0.0000	</row2>
			<row3>	0.1896 0.2320 5.5024 1.0000	</row3>
		</transform>
	</node>
	<node>
		<identifier>	MP_CM137_Anchor_Up_INDEX_1	</identifier>
		<parent>	Scene Root	</parent>
		<transform>
			<row0>	-0.0645 0.8504 0.5222 0.0000	</row0>
			<row1>	0.2997 0.5157 -0.8027 0.0000	</row1>
			<row2>	-0.9519 0.1047 -0.2881 0.0000	</row2>
			<row3>	-0.1306 0.2330 5.7867 1.0000	</row3>
		</transform>
	</node>
	<node>
		<identifier>	MP_CM137_Anchor_Up_INDEX_2	</identifier>
		<parent>	Scene Root	</parent>
		<transform>
			<row0>	-0.0645 -0.8504 -0.5222 0.0000	</row0>
			<row1>	-0.2997 0.5157 -0.8027 0.0000	</row1>
			<row2>	0.9519 0.1047 -0.2881 0.0000	</row2>
			<row3>	0.1306 0.2330 5.7867 1.0000	</row3>
		</transform>
	</node>
	<node>
		<identifier>	MP_CM138_Anchor_Bottom	</identifier>
		<parent>	Scene Root	</parent>
		<transform>
			<row0>	-0.0869 -0.8608 -0.5015 0.0000	</row0>
			<row1>	0.0020 0.5033 -0.8641 0.0000	</row1>
			<row2>	0.9962 -0.0761 -0.0420 0.0000	</row2>
			<row3>	0.1878 0.2305 5.5062 1.0000	</row3>
		</transform>
	</node>
	<node>
		<identifier>	MP_CM138_Anchor_Bottom_INDEX_1	</identifier>
		<parent>	Scene Root	</parent>
		<transform>
			<row0>	-0.0648 -0.8622 -0.5024 0.0000	</row0>
			<row1>	-0.0172 0.5043 -0.8633 0.0000	</row1>
			<row2>	0.9978 -0.0473 -0.0475 0.0000	</row2>
			<row3>	0.1292 0.2316 5.7904 1.0000	</row3>
		</transform>
	</node>
	<node>
		<identifier>	MP_CM138_Anchor_Bottom_INDEX_2	</identifier>
		<parent>	Scene Root	</parent>
		<transform>
			<row0>	-0.0648 0.8622 0.5024 0.0000	</row0>
			<row1>	0.0172 0.5043 -0.8633 0.0000	</row1>
			<row2>	-0.9978 -0.0473 -0.0475 0.0000	</row2>
			<row3>	-0.1292 0.2316 5.7904 1.0000	</row3>
		</transform>
	</node>
	<node>
		<identifier>	MP_RM028_Signal_Lamp	</identifier>
		<parent>	Scene Root	</parent>
		<transform>
			<row0>	1.0000 0.0000 0.0000 0.0000	</row0>
			<row1>	0.0000 1.0000 0.0000 0.0000	</row1>
			<row2>	0.0000 0.0000 1.0000 0.0000	</row2>
			<row3>	0.0000 0.7494 5.9536 1.0000	</row3>
		</transform>
	</node>
	<node>
		<identifier>	MP_RM214_Life_Buoy	</identifier>
		<parent>	Scene Root	</parent>
		<transform>
			<row0>	-0.0824 0.0000 0.9966 0.0000	</row0>
			<row1>	0.0000 1.0000 0.0000 0.0000	</row1>
			<row2>	-0.9966 0.0000 -0.0824 0.0000	</row2>
			<row3>	0.3641 0.4228 4.2927 1.0000	</row3>
		</transform>
	</node>
	<node>
		<identifier>	MP_RM214_Life_Buoy_INDEX_1	</identifier>
		<parent>	Scene Root	</parent>
		<transform>
			<row0>	-0.0824 0.0000 -0.9966 0.0000	</row0>
			<row1>	0.0000 1.0000 0.0000 0.0000	</row1>
			<row2>	0.9966 0.0000 -0.0824 0.0000	</row2>
			<row3>	-0.3641 0.4228 4.2927 1.0000	</row3>
		</transform>
	</node>
</RSB012_Gangut_1918_Bow.skel_ext>
