<GSB012_Kaiser_1936_Bow.skel_ext>
	<exported>	true	</exported>
	<node>
		<identifier>	MP_CM109_Leadsman_Platform	</identifier>
		<parent>	Scene Root	</parent>
		<transform>
			<row0>	0.0060 -0.9997 0.0243 0.0000	</row0>
			<row1>	0.9659 -0.0005 -0.2587 0.0000	</row1>
			<row2>	0.2587 0.0251 0.9656 0.0000	</row2>
			<row3>	-0.2487 0.4132 5.1355 1.0000	</row3>
		</transform>
	</node>
	<node>
		<identifier>	MP_CM109_Leadsman_Platform_INDEX_1	</identifier>
		<parent>	Scene Root	</parent>
		<transform>
			<row0>	-0.0205 -0.9996 0.0204 0.0000	</row0>
			<row1>	-0.9657 0.0145 -0.2591 0.0000	</row1>
			<row2>	0.2587 -0.0251 -0.9656 0.0000	</row2>
			<row3>	0.2487 0.4132 5.1355 1.0000	</row3>
		</transform>
	</node>
	<node>
		<identifier>	MP_GM007_LifeBuoy	</identifier>
		<parent>	Scene Root	</parent>
		<transform>
			<row0>	0.9636 0.0000 0.2672 0.0000	</row0>
			<row1>	0.0000 1.0000 0.0000 0.0000	</row1>
			<row2>	-0.2672 0.0000 0.9636 0.0000	</row2>
			<row3>	0.1458 0.4577 5.5036 1.0000	</row3>
		</transform>
	</node>
	<node>
		<identifier>	MP_GM007_LifeBuoy_INDEX_1	</identifier>
		<parent>	Scene Root	</parent>
		<transform>
			<row0>	0.9636 0.0000 -0.2672 0.0000	</row0>
			<row1>	0.0000 1.0000 0.0000 0.0000	</row1>
			<row2>	0.2672 0.0000 0.9636 0.0000	</row2>
			<row3>	-0.1450 0.4577 5.5044 1.0000	</row3>
		</transform>
	</node>
	<node>
		<identifier>	MP_GM065_Firelead	</identifier>
		<parent>	Scene Root	</parent>
		<transform>
			<row0>	0.7809 0.0000 -0.1739 0.0000	</row0>
			<row1>	-0.0038 0.7998 -0.0170 0.0000	</row1>
			<row2>	0.1739 0.0174 0.7807 0.0000	</row2>
			<row3>	-0.4077 0.3851 4.4403 1.0000	</row3>
		</transform>
	</node>
	<node>
		<identifier>	MP_GM065_Firelead_INDEX_1	</identifier>
		<parent>	Scene Root	</parent>
		<transform>
			<row0>	0.7809 0.0000 0.1739 0.0000	</row0>
			<row1>	0.0038 0.7998 -0.0170 0.0000	</row1>
			<row2>	-0.1739 0.0174 0.7807 0.0000	</row2>
			<row3>	0.4077 0.3851 4.4403 1.0000	</row3>
		</transform>
	</node>
</GSB012_Kaiser_1936_Bow.skel_ext>
