<ASS301_Archerfish_1944_MidBack_ports.visual>
	<skeleton>
		<node>
			<identifier>	Scene Root	</identifier>
			<transform>
				<row0>	1.0000 0.0000 0.0000 0.0000	</row0>
				<row1>	0.0000 1.0000 0.0000 0.0000	</row1>
				<row2>	0.0000 0.0000 1.0000 0.0000	</row2>
				<row3>	0.0000 0.0000 0.0000 1.0000	</row3>
			</transform>
			<node>
				<identifier>	MidBack_ports	</identifier>
				<transform>
					<row0>	1.0000 0.0000 0.0000 0.0000	</row0>
					<row1>	0.0000 1.0000 0.0000 0.0000	</row1>
					<row2>	0.0000 0.0000 1.0000 0.0000	</row2>
					<row3>	0.0000 0.0000 0.0000 1.0000	</row3>
				</transform>
				<node>
					<identifier>	HP_AGM_1	</identifier>
					<transform>
						<row0>	1.0000 0.0000 0.0000 0.0000	</row0>
						<row1>	0.0000 1.0000 0.0000 0.0000	</row1>
						<row2>	0.0000 0.0000 1.0000 0.0000	</row2>
						<row3>	0.0000 0.1765 1.2743 1.0000	</row3>
					</transform>
				</node>
				<node>
					<identifier>	HP_AGM_2	</identifier>
					<transform>
						<row0>	-1.0000 0.0000 0.0000 0.0000	</row0>
						<row1>	0.0000 1.0000 0.0000 0.0000	</row1>
						<row2>	0.0000 0.0000 -1.0000 0.0000	</row2>
						<row3>	0.0000 0.1572 -0.2020 1.0000	</row3>
					</transform>
				</node>
				<node>
					<identifier>	HP_FX_Death_2	</identifier>
					<transform>
						<row0>	1.0000 0.0000 0.0000 0.0000	</row0>
						<row1>	0.0000 1.0000 0.0000 0.0000	</row1>
						<row2>	0.0000 0.0000 1.0000 0.0000	</row2>
						<row3>	0.0000 0.0000 0.0663 1.0000	</row3>
					</transform>
				</node>
				<node>
					<identifier>	HP_FX_Death_3	</identifier>
					<transform>
						<row0>	1.0000 0.0000 0.0000 0.0000	</row0>
						<row1>	0.0000 1.0000 0.0000 0.0000	</row1>
						<row2>	0.0000 0.0000 1.0000 0.0000	</row2>
						<row3>	0.0000 0.0000 -1.5909 1.0000	</row3>
					</transform>
				</node>
				<node>
					<identifier>	HP_FX_Descent_2	</identifier>
					<transform>
						<row0>	-0.1299 -0.9915 0.0000 0.0000	</row0>
						<row1>	0.9915 -0.1299 0.0000 0.0000	</row1>
						<row2>	0.0000 0.0000 1.0000 0.0000	</row2>
						<row3>	0.1413 0.0888 -0.0529 1.0000	</row3>
					</transform>
				</node>
				<node>
					<identifier>	HP_FX_Descent_4	</identifier>
					<transform>
						<row0>	-0.1381 -0.9904 0.0000 0.0000	</row0>
						<row1>	-0.9904 0.1381 0.0000 0.0000	</row1>
						<row2>	0.0000 0.0000 -1.0000 0.0000	</row2>
						<row3>	-0.1418 0.0866 -1.0705 1.0000	</row3>
					</transform>
				</node>
				<node>
					<identifier>	HP_FX_Flood_steam_1	</identifier>
					<transform>
						<row0>	0.0915 -0.9958 0.0092 0.0000	</row0>
						<row1>	0.9908 0.0920 0.1001 0.0000	</row1>
						<row2>	-0.1005 0.0000 0.9949 0.0000	</row2>
						<row3>	0.1428 0.0935 -1.1307 1.0000	</row3>
					</transform>
				</node>
				<node>
					<identifier>	HP_FX_Flood_steam_2	</identifier>
					<transform>
						<row0>	0.4141 0.9102 0.0000 0.0000	</row0>
						<row1>	-0.9102 0.4141 0.0000 0.0000	</row1>
						<row2>	0.0000 0.0000 1.0000 0.0000	</row2>
						<row3>	-0.1446 0.0916 -1.4262 1.0000	</row3>
					</transform>
				</node>
				<node>
					<identifier>	HP_FX_Flood_water_left	</identifier>
					<transform>
						<row0>	-1.0000 0.0000 0.0000 0.0000	</row0>
						<row1>	0.0000 1.0000 0.0000 0.0000	</row1>
						<row2>	0.0000 0.0000 -1.0000 0.0000	</row2>
						<row3>	-0.1346 0.0787 -1.9205 1.0000	</row3>
					</transform>
				</node>
				<node>
					<identifier>	HP_FX_Flood_water_right	</identifier>
					<transform>
						<row0>	1.0000 0.0000 0.0000 0.0000	</row0>
						<row1>	0.0000 1.0000 0.0000 0.0000	</row1>
						<row2>	0.0000 0.0000 1.0000 0.0000	</row2>
						<row3>	0.1290 0.0959 -1.9522 1.0000	</row3>
					</transform>
				</node>
				<node>
					<identifier>	HP_FX_Runoff_deluge_left_10	</identifier>
					<transform>
						<row0>	-1.0000 -0.0068 0.0012 0.0000	</row0>
						<row1>	-0.0068 1.0000 0.0000 0.0000	</row1>
						<row2>	-0.0012 0.0000 -1.0000 0.0000	</row2>
						<row3>	-0.1379 0.0760 -1.7261 1.0000	</row3>
					</transform>
				</node>
				<node>
					<identifier>	HP_FX_Runoff_deluge_left_4	</identifier>
					<transform>
						<row0>	-1.0000 -0.0068 0.0012 0.0000	</row0>
						<row1>	-0.0068 1.0000 0.0000 0.0000	</row1>
						<row2>	-0.0012 0.0000 -1.0000 0.0000	</row2>
						<row3>	-0.1409 0.0880 0.0710 1.0000	</row3>
					</transform>
				</node>
				<node>
					<identifier>	HP_FX_Runoff_deluge_left_5	</identifier>
					<transform>
						<row0>	-1.0000 -0.0068 0.0011 0.0000	</row0>
						<row1>	-0.0068 0.9998 0.0206 0.0000	</row1>
						<row2>	-0.0012 0.0206 -0.9998 0.0000	</row2>
						<row3>	-0.1422 0.0897 -0.2056 1.0000	</row3>
					</transform>
				</node>
				<node>
					<identifier>	HP_FX_Runoff_deluge_left_6	</identifier>
					<transform>
						<row0>	-1.0000 -0.0068 0.0011 0.0000	</row0>
						<row1>	-0.0068 0.9998 0.0206 0.0000	</row1>
						<row2>	-0.0012 0.0206 -0.9998 0.0000	</row2>
						<row3>	-0.1422 0.0870 -0.5601 1.0000	</row3>
					</transform>
				</node>
				<node>
					<identifier>	HP_FX_Runoff_deluge_left_7	</identifier>
					<transform>
						<row0>	-1.0000 -0.0068 0.0012 0.0000	</row0>
						<row1>	-0.0068 1.0000 0.0000 0.0000	</row1>
						<row2>	-0.0012 0.0000 -1.0000 0.0000	</row2>
						<row3>	-0.1419 0.0870 -0.8636 1.0000	</row3>
					</transform>
				</node>
				<node>
					<identifier>	HP_FX_Runoff_deluge_left_8	</identifier>
					<transform>
						<row0>	-1.0000 0.0000 0.0012 0.0000	</row0>
						<row1>	0.0000 1.0000 0.0000 0.0000	</row1>
						<row2>	-0.0012 0.0000 -1.0000 0.0000	</row2>
						<row3>	-0.1519 0.0870 -1.1714 1.0000	</row3>
					</transform>
				</node>
				<node>
					<identifier>	HP_FX_Runoff_deluge_left_9	</identifier>
					<transform>
						<row0>	-1.0000 -0.0068 0.0013 0.0000	</row0>
						<row1>	-0.0068 0.9998 -0.0206 0.0000	</row1>
						<row2>	-0.0012 -0.0206 -0.9998 0.0000	</row2>
						<row3>	-0.1419 0.0820 -1.4263 1.0000	</row3>
					</transform>
				</node>
				<node>
					<identifier>	HP_FX_Runoff_deluge_right_10	</identifier>
					<transform>
						<row0>	1.0000 -0.0068 0.0000 0.0000	</row0>
						<row1>	0.0068 1.0000 0.0000 0.0000	</row1>
						<row2>	0.0000 0.0000 1.0000 0.0000	</row2>
						<row3>	0.1379 0.0760 -1.7261 1.0000	</row3>
					</transform>
				</node>
				<node>
					<identifier>	HP_FX_Runoff_deluge_right_4	</identifier>
					<transform>
						<row0>	1.0000 -0.0068 0.0012 0.0000	</row0>
						<row1>	0.0068 1.0000 0.0000 0.0000	</row1>
						<row2>	-0.0012 0.0000 1.0000 0.0000	</row2>
						<row3>	0.1409 0.0880 0.0710 1.0000	</row3>
					</transform>
				</node>
				<node>
					<identifier>	HP_FX_Runoff_deluge_right_6	</identifier>
					<transform>
						<row0>	1.0000 -0.0068 0.0011 0.0000	</row0>
						<row1>	0.0068 0.9998 0.0206 0.0000	</row1>
						<row2>	-0.0012 -0.0206 0.9998 0.0000	</row2>
						<row3>	0.1419 0.0870 -0.5597 1.0000	</row3>
					</transform>
				</node>
				<node>
					<identifier>	HP_FX_Runoff_deluge_right_7	</identifier>
					<transform>
						<row0>	1.0000 -0.0068 0.0012 0.0000	</row0>
						<row1>	0.0068 1.0000 0.0000 0.0000	</row1>
						<row2>	-0.0012 0.0000 1.0000 0.0000	</row2>
						<row3>	0.1419 0.0870 -0.8636 1.0000	</row3>
					</transform>
				</node>
				<node>
					<identifier>	HP_FX_Runoff_deluge_right_8	</identifier>
					<transform>
						<row0>	1.0000 0.0000 0.0012 0.0000	</row0>
						<row1>	0.0000 1.0000 0.0000 0.0000	</row1>
						<row2>	-0.0012 0.0000 1.0000 0.0000	</row2>
						<row3>	0.1519 0.0870 -1.1714 1.0000	</row3>
					</transform>
				</node>
				<node>
					<identifier>	HP_FX_Runoff_deluge_right_9	</identifier>
					<transform>
						<row0>	1.0000 -0.0068 0.0014 0.0000	</row0>
						<row1>	0.0068 0.9998 -0.0206 0.0000	</row1>
						<row2>	-0.0012 0.0206 0.9998 0.0000	</row2>
						<row3>	0.1419 0.0820 -1.4263 1.0000	</row3>
					</transform>
				</node>
				<node>
					<identifier>	HP_FX_Runoff_left_2	</identifier>
					<transform>
						<row0>	-0.9997 0.0238 -0.0018 0.0000	</row0>
						<row1>	0.0238 0.9995 -0.0206 0.0000	</row1>
						<row2>	0.0013 -0.0205 -0.9997 0.0000	</row2>
						<row3>	-0.1430 0.1439 -0.0977 1.0000	</row3>
					</transform>
				</node>
				<node>
					<identifier>	HP_FX_Runoff_left_3	</identifier>
					<transform>
						<row0>	-1.0000 0.0013 -0.0018 0.0000	</row0>
						<row1>	0.0012 0.9998 -0.0206 0.0000	</row1>
						<row2>	0.0018 -0.0205 -0.9997 0.0000	</row2>
						<row3>	-0.1445 0.1424 -1.1004 1.0000	</row3>
					</transform>
				</node>
				<node>
					<identifier>	HP_FX_Runoff_right_2	</identifier>
					<transform>
						<row0>	0.9997 0.0239 -0.0019 0.0000	</row0>
						<row1>	-0.0239 0.9995 -0.0205 0.0000	</row1>
						<row2>	0.0014 0.0205 0.9998 0.0000	</row2>
						<row3>	0.1429 0.1439 -0.0980 1.0000	</row3>
					</transform>
				</node>
				<node>
					<identifier>	HP_FX_Runoff_right_3	</identifier>
					<transform>
						<row0>	1.0000 0.0014 -0.0018 0.0000	</row0>
						<row1>	-0.0014 0.9998 -0.0205 0.0000	</row1>
						<row2>	0.0017 0.0205 0.9998 0.0000	</row2>
						<row3>	0.1449 0.1419 -1.1004 1.0000	</row3>
					</transform>
				</node>
				<node>
					<identifier>	HP_FX_Runoff_up_left_3	</identifier>
					<transform>
						<row0>	-0.9994 0.0000 -0.0349 0.0000	</row0>
						<row1>	0.0001 1.0000 -0.0035 0.0000	</row1>
						<row2>	0.0349 -0.0035 -0.9994 0.0000	</row2>
						<row3>	-0.1049 0.1586 -0.3778 1.0000	</row3>
					</transform>
				</node>
				<node>
					<identifier>	HP_FX_Runoff_up_right_3	</identifier>
					<transform>
						<row0>	0.9994 0.0000 -0.0349 0.0000	</row0>
						<row1>	-0.0001 1.0000 -0.0035 0.0000	</row1>
						<row2>	0.0349 0.0035 0.9994 0.0000	</row2>
						<row3>	0.1049 0.1589 -0.3778 1.0000	</row3>
					</transform>
				</node>
				<node>
					<identifier>	HP_flag_rank	</identifier>
					<transform>
						<row0>	1.0000 0.0000 0.0000 0.0000	</row0>
						<row1>	0.0000 0.9584 -0.2856 0.0000	</row1>
						<row2>	0.0000 0.2856 0.9584 0.0000	</row2>
						<row3>	0.0000 0.5940 0.5044 1.0000	</row3>
					</transform>
				</node>
			</node>
		</node>
	</skeleton>
	<properties>
		<underwaterModel>	false	</underwaterModel>
		<abovewaterModel>	true	</abovewaterModel>
	</properties>
	<boundingBox>
		<min>	-0.0667 -0.0667 -0.0667	</min>
		<max>	0.0667 0.0667 0.0667	</max>
	</boundingBox>
	<renderSets />
	<lods>
		<lod>
			<extent>	200.0000	</extent>
			<castsShadow>	true	</castsShadow>
			<renderSets />
		</lod>
	</lods>
</ASS301_Archerfish_1944_MidBack_ports.visual>
