<ASB025_Massachusetts_1946_MidFront.skel_ext>
	<exported>	true	</exported>
	<node>
		<identifier>	MP_AM001_Bollard_2	</identifier>
		<parent>	Scene Root	</parent>
		<transform>
			<row0>	1.4708 -0.0015 0.2947 0.0000	</row0>
			<row1>	0.0024 1.5000 -0.0043 0.0000	</row1>
			<row2>	-0.2947 0.0047 1.4708 0.0000	</row2>
			<row3>	0.9322 0.3605 2.0997 1.0000	</row3>
		</transform>
	</node>
	<node>
		<identifier>	MP_AM001_Bollard_2_INDEX_1	</identifier>
		<parent>	Scene Root	</parent>
		<transform>
			<row0>	1.4704 0.0015 -0.2967 0.0000	</row0>
			<row1>	-0.0024 1.5000 -0.0043 0.0000	</row1>
			<row2>	0.2967 0.0047 1.4704 0.0000	</row2>
			<row3>	-0.9323 0.3605 2.0997 1.0000	</row3>
		</transform>
	</node>
	<node>
		<identifier>	MP_AM008_Reels_3	</identifier>
		<parent>	Scene Root	</parent>
		<transform>
			<row0>	0.0000 0.0000 -1.0000 0.0000	</row0>
			<row1>	-1.0000 0.0000 0.0000 0.0000	</row1>
			<row2>	0.0000 1.0000 0.0000 0.0000	</row2>
			<row3>	-0.4771 0.5873 -1.0045 1.0000	</row3>
		</transform>
	</node>
	<node>
		<identifier>	MP_AM008_Reels_3_INDEX_1	</identifier>
		<parent>	Scene Root	</parent>
		<transform>
			<row0>	0.0000 0.0000 1.0000 0.0000	</row0>
			<row1>	1.0000 0.0000 0.0000 0.0000	</row1>
			<row2>	0.0000 1.0000 0.0000 0.0000	</row2>
			<row3>	0.4771 0.5873 -1.0064 1.0000	</row3>
		</transform>
	</node>
	<node>
		<identifier>	MP_AM010_Speaker_1	</identifier>
		<parent>	Scene Root	</parent>
		<transform>
			<row0>	-1.0000 0.0000 0.0000 0.0000	</row0>
			<row1>	0.0000 0.9631 0.2692 0.0000	</row1>
			<row2>	0.0000 0.2692 -0.9631 0.0000	</row2>
			<row3>	-0.3661 0.9598 0.9865 1.0000	</row3>
		</transform>
	</node>
	<node>
		<identifier>	MP_AM010_Speaker_1_INDEX_1	</identifier>
		<parent>	Scene Root	</parent>
		<transform>
			<row0>	-1.0000 0.0000 0.0000 0.0000	</row0>
			<row1>	0.0000 0.9631 0.2692 0.0000	</row1>
			<row2>	0.0000 0.2692 -0.9631 0.0000	</row2>
			<row3>	0.3661 0.9598 0.9865 1.0000	</row3>
		</transform>
	</node>
	<node>
		<identifier>	MP_AM020_Ventilators_2	</identifier>
		<parent>	Scene Root	</parent>
		<transform>
			<row0>	0.9222 0.0000 0.0000 0.0000	</row0>
			<row1>	0.0000 0.9222 0.0000 0.0000	</row1>
			<row2>	0.0000 0.0000 0.9222 0.0000	</row2>
			<row3>	0.7684 0.5165 0.6386 1.0000	</row3>
		</transform>
	</node>
	<node>
		<identifier>	MP_AM020_Ventilators_2_INDEX_1	</identifier>
		<parent>	Scene Root	</parent>
		<transform>
			<row0>	0.9222 0.0000 0.0000 0.0000	</row0>
			<row1>	0.0000 0.9222 0.0000 0.0000	</row1>
			<row2>	0.0000 0.0000 0.9222 0.0000	</row2>
			<row3>	-0.8005 0.5155 0.4470 1.0000	</row3>
		</transform>
	</node>
	<node>
		<identifier>	MP_AM023_Hatch_1	</identifier>
		<parent>	Scene Root	</parent>
		<transform>
			<row0>	0.0000 0.0000 -1.5000 0.0000	</row0>
			<row1>	0.0000 1.5000 0.0000 0.0000	</row1>
			<row2>	1.5000 0.0000 0.0000 0.0000	</row2>
			<row3>	-0.5414 0.5000 1.3884 1.0000	</row3>
		</transform>
	</node>
	<node>
		<identifier>	MP_AM023_Hatch_1_INDEX_1	</identifier>
		<parent>	Scene Root	</parent>
		<transform>
			<row0>	1.5000 0.0000 0.0000 0.0000	</row0>
			<row1>	0.0000 0.5000 0.0000 0.0000	</row1>
			<row2>	0.0000 0.0000 1.5000 0.0000	</row2>
			<row3>	-0.2960 0.3690 2.8606 1.0000	</row3>
		</transform>
	</node>
	<node>
		<identifier>	MP_AM023_Hatch_1_INDEX_2	</identifier>
		<parent>	Scene Root	</parent>
		<transform>
			<row0>	1.5000 0.0000 0.0000 0.0000	</row0>
			<row1>	0.0000 0.5000 0.0000 0.0000	</row1>
			<row2>	0.0000 0.0000 1.5000 0.0000	</row2>
			<row3>	0.2960 0.3690 2.8606 1.0000	</row3>
		</transform>
	</node>
	<node>
		<identifier>	MP_AM024_Hatch_2	</identifier>
		<parent>	Scene Root	</parent>
		<transform>
			<row0>	0.0000 0.0000 -1.0000 0.0000	</row0>
			<row1>	0.0000 1.0000 0.0000 0.0000	</row1>
			<row2>	1.0000 0.0000 0.0000 0.0000	</row2>
			<row3>	-0.3569 0.3606 2.4018 1.0000	</row3>
		</transform>
	</node>
	<node>
		<identifier>	MP_AM024_Hatch_2_INDEX_1	</identifier>
		<parent>	Scene Root	</parent>
		<transform>
			<row0>	1.0000 0.0000 0.0000 0.0000	</row0>
			<row1>	0.0000 0.7000 0.0000 0.0000	</row1>
			<row2>	0.0000 0.0000 1.0000 0.0000	</row2>
			<row3>	0.4553 0.5176 0.9717 1.0000	</row3>
		</transform>
	</node>
	<node>
		<identifier>	MP_AM025_Pelorus_Mk7	</identifier>
		<parent>	Scene Root	</parent>
		<transform>
			<row0>	1.0710 0.0000 0.0000 0.0000	</row0>
			<row1>	0.0000 1.0710 0.0000 0.0000	</row1>
			<row2>	0.0000 0.0000 1.0710 0.0000	</row2>
			<row3>	-0.3975 0.9836 0.9863 1.0000	</row3>
		</transform>
	</node>
	<node>
		<identifier>	MP_AM025_Pelorus_Mk7_INDEX_1	</identifier>
		<parent>	Scene Root	</parent>
		<transform>
			<row0>	1.0000 0.0000 0.0000 0.0000	</row0>
			<row1>	0.0000 1.0000 0.0000 0.0000	</row1>
			<row2>	0.0000 0.0000 1.0000 0.0000	</row2>
			<row3>	0.1908 1.6085 -0.2449 1.0000	</row3>
		</transform>
	</node>
	<node>
		<identifier>	MP_AM025_Pelorus_Mk7_INDEX_2	</identifier>
		<parent>	Scene Root	</parent>
		<transform>
			<row0>	1.0000 0.0000 0.0000 0.0000	</row0>
			<row1>	0.0000 1.0000 0.0000 0.0000	</row1>
			<row2>	0.0000 0.0000 1.0000 0.0000	</row2>
			<row3>	-0.1908 1.6085 -0.2449 1.0000	</row3>
		</transform>
	</node>
	<node>
		<identifier>	MP_AM025_Pelorus_Mk7_INDEX_3	</identifier>
		<parent>	Scene Root	</parent>
		<transform>
			<row0>	0.8660 0.0000 0.5000 0.0000	</row0>
			<row1>	0.0000 1.0000 0.0000 0.0000	</row1>
			<row2>	-0.5000 0.0000 0.8660 0.0000	</row2>
			<row3>	0.3811 0.8438 0.8679 1.0000	</row3>
		</transform>
	</node>
	<node>
		<identifier>	MP_AM025_Pelorus_Mk7_INDEX_4	</identifier>
		<parent>	Scene Root	</parent>
		<transform>
			<row0>	0.8660 0.0000 -0.5000 0.0000	</row0>
			<row1>	0.0000 1.0000 0.0000 0.0000	</row1>
			<row2>	0.5000 0.0000 0.8660 0.0000	</row2>
			<row3>	-0.3811 0.8438 0.8679 1.0000	</row3>
		</transform>
	</node>
	<node>
		<identifier>	MP_AM025_Pelorus_Mk7_INDEX_5	</identifier>
		<parent>	Scene Root	</parent>
		<transform>
			<row0>	1.0710 0.0000 0.0000 0.0000	</row0>
			<row1>	0.0000 1.0710 0.0000 0.0000	</row1>
			<row2>	0.0000 0.0000 1.0710 0.0000	</row2>
			<row3>	0.3975 0.9836 0.9863 1.0000	</row3>
		</transform>
	</node>
	<node>
		<identifier>	MP_AM030_Ammunition_Box4	</identifier>
		<parent>	Scene Root	</parent>
		<transform>
			<row0>	0.0000 0.0000 -1.0000 0.0000	</row0>
			<row1>	0.0000 1.0000 0.0000 0.0000	</row1>
			<row2>	1.0000 0.0000 0.0000 0.0000	</row2>
			<row3>	-0.2747 0.8986 -1.1157 1.0000	</row3>
		</transform>
	</node>
	<node>
		<identifier>	MP_AM030_Ammunition_Box4_INDEX_1	</identifier>
		<parent>	Scene Root	</parent>
		<transform>
			<row0>	-1.0000 0.0000 0.0000 0.0000	</row0>
			<row1>	0.0000 1.0000 0.0000 0.0000	</row1>
			<row2>	0.0000 0.0000 -1.0000 0.0000	</row2>
			<row3>	-0.2746 0.8329 -0.4690 1.0000	</row3>
		</transform>
	</node>
	<node>
		<identifier>	MP_AM030_Ammunition_Box4_INDEX_10	</identifier>
		<parent>	Scene Root	</parent>
		<transform>
			<row0>	-1.0000 0.0000 0.0000 0.0000	</row0>
			<row1>	0.0000 1.0000 0.0000 0.0000	</row1>
			<row2>	0.0000 0.0000 -1.0000 0.0000	</row2>
			<row3>	0.2746 0.8333 -0.4690 1.0000	</row3>
		</transform>
	</node>
	<node>
		<identifier>	MP_AM030_Ammunition_Box4_INDEX_11	</identifier>
		<parent>	Scene Root	</parent>
		<transform>
			<row0>	0.0000 0.0000 -1.0000 0.0000	</row0>
			<row1>	0.0000 1.0000 0.0000 0.0000	</row1>
			<row2>	1.0000 0.0000 0.0000 0.0000	</row2>
			<row3>	0.2044 1.1371 -0.3285 1.0000	</row3>
		</transform>
	</node>
	<node>
		<identifier>	MP_AM030_Ammunition_Box4_INDEX_2	</identifier>
		<parent>	Scene Root	</parent>
		<transform>
			<row0>	0.7115 0.0000 -0.7027 0.0000	</row0>
			<row1>	0.0000 1.0000 0.0000 0.0000	</row1>
			<row2>	0.7027 0.0000 0.7115 0.0000	</row2>
			<row3>	-0.5620 0.5170 1.0642 1.0000	</row3>
		</transform>
	</node>
	<node>
		<identifier>	MP_AM030_Ammunition_Box4_INDEX_3	</identifier>
		<parent>	Scene Root	</parent>
		<transform>
			<row0>	0.4888 0.0024 -0.8724 0.0000	</row0>
			<row1>	-0.0024 1.0000 0.0014 0.0000	</row1>
			<row2>	0.8724 0.0014 0.4888 0.0000	</row2>
			<row3>	0.7683 0.3631 1.6154 1.0000	</row3>
		</transform>
	</node>
	<node>
		<identifier>	MP_AM030_Ammunition_Box4_INDEX_4	</identifier>
		<parent>	Scene Root	</parent>
		<transform>
			<row0>	0.0000 0.0000 -1.0000 0.0000	</row0>
			<row1>	0.0000 1.0000 0.0000 0.0000	</row1>
			<row2>	1.0000 0.0000 0.0000 0.0000	</row2>
			<row3>	0.2801 0.5170 1.1217 1.0000	</row3>
		</transform>
	</node>
	<node>
		<identifier>	MP_AM030_Ammunition_Box4_INDEX_5	</identifier>
		<parent>	Scene Root	</parent>
		<transform>
			<row0>	0.1448 0.0000 -0.9895 0.0000	</row0>
			<row1>	0.0000 1.0000 0.0000 0.0000	</row1>
			<row2>	0.9895 0.0000 0.1448 0.0000	</row2>
			<row3>	-0.1430 0.8986 -0.8413 1.0000	</row3>
		</transform>
	</node>
	<node>
		<identifier>	MP_AM030_Ammunition_Box4_INDEX_6	</identifier>
		<parent>	Scene Root	</parent>
		<transform>
			<row0>	1.0000 0.0000 0.0000 0.0000	</row0>
			<row1>	0.0000 1.0000 0.0000 0.0000	</row1>
			<row2>	0.0000 0.0000 1.0000 0.0000	</row2>
			<row3>	0.8044 0.5170 0.3677 1.0000	</row3>
		</transform>
	</node>
	<node>
		<identifier>	MP_AM030_Ammunition_Box4_INDEX_7	</identifier>
		<parent>	Scene Root	</parent>
		<transform>
			<row0>	1.0000 0.0000 0.0000 0.0000	</row0>
			<row1>	0.0000 1.0000 0.0000 0.0000	</row1>
			<row2>	0.0000 0.0000 1.0000 0.0000	</row2>
			<row3>	-0.6986 0.5170 0.4897 1.0000	</row3>
		</transform>
	</node>
	<node>
		<identifier>	MP_AM030_Ammunition_Box4_INDEX_8	</identifier>
		<parent>	Scene Root	</parent>
		<transform>
			<row0>	0.4888 -0.0024 0.8724 0.0000	</row0>
			<row1>	0.0024 1.0000 0.0014 0.0000	</row1>
			<row2>	-0.8724 0.0014 0.4888 0.0000	</row2>
			<row3>	-0.7683 0.3631 1.6154 1.0000	</row3>
		</transform>
	</node>
	<node>
		<identifier>	MP_AM030_Ammunition_Box4_INDEX_9	</identifier>
		<parent>	Scene Root	</parent>
		<transform>
			<row0>	0.0000 0.0000 1.0000 0.0000	</row0>
			<row1>	0.0000 1.0000 0.0000 0.0000	</row1>
			<row2>	-1.0000 0.0000 0.0000 0.0000	</row2>
			<row3>	-0.2044 1.1371 -0.3285 1.0000	</row3>
		</transform>
	</node>
	<node>
		<identifier>	MP_AM041_TDY1_Jammer	</identifier>
		<parent>	Scene Root	</parent>
		<transform>
			<row0>	1.0000 0.0000 0.0000 0.0000	</row0>
			<row1>	0.0000 1.0000 0.0000 0.0000	</row1>
			<row2>	0.0000 0.0000 1.0000 0.0000	</row2>
			<row3>	0.0000 1.9589 0.3421 1.0000	</row3>
		</transform>
	</node>
	<node>
		<identifier>	MP_AM047_Running_Lights_R	</identifier>
		<parent>	Scene Root	</parent>
		<transform>
			<row0>	1.0000 0.0000 0.0000 0.0000	</row0>
			<row1>	0.0000 1.0000 0.0000 0.0000	</row1>
			<row2>	0.0000 0.0000 1.0000 0.0000	</row2>
			<row3>	0.4270 1.0047 0.9394 1.0000	</row3>
		</transform>
	</node>
	<node>
		<identifier>	MP_AM048_Running_Lights_L	</identifier>
		<parent>	Scene Root	</parent>
		<transform>
			<row0>	1.0000 0.0000 0.0000 0.0000	</row0>
			<row1>	0.0000 1.0000 0.0000 0.0000	</row1>
			<row2>	0.0000 0.0000 1.0000 0.0000	</row2>
			<row3>	-0.4270 1.0047 0.9394 1.0000	</row3>
		</transform>
	</node>
	<node>
		<identifier>	MP_AM049_Signal_Lamp_1	</identifier>
		<parent>	Scene Root	</parent>
		<transform>
			<row0>	0.5500 0.0000 0.0000 0.0000	</row0>
			<row1>	0.0000 0.5500 0.0000 0.0000	</row1>
			<row2>	0.0000 0.0000 0.5500 0.0000	</row2>
			<row3>	0.0174 3.2920 -0.4679 1.0000	</row3>
		</transform>
	</node>
	<node>
		<identifier>	MP_AM049_Signal_Lamp_1_INDEX_1	</identifier>
		<parent>	Scene Root	</parent>
		<transform>
			<row0>	1.0000 0.0000 0.0000 0.0000	</row0>
			<row1>	0.0000 1.0000 0.0000 0.0000	</row1>
			<row2>	0.0000 0.0000 1.0000 0.0000	</row2>
			<row3>	-0.6676 2.1329 0.1650 1.0000	</row3>
		</transform>
	</node>
	<node>
		<identifier>	MP_AM049_Signal_Lamp_1_INDEX_2	</identifier>
		<parent>	Scene Root	</parent>
		<transform>
			<row0>	0.5500 0.0000 0.0000 0.0000	</row0>
			<row1>	0.0000 0.5500 0.0000 0.0000	</row1>
			<row2>	0.0000 0.0000 0.5500 0.0000	</row2>
			<row3>	-0.0458 2.4880 -0.4294 1.0000	</row3>
		</transform>
	</node>
	<node>
		<identifier>	MP_AM049_Signal_Lamp_1_INDEX_3	</identifier>
		<parent>	Scene Root	</parent>
		<transform>
			<row0>	1.0000 0.0000 0.0000 0.0000	</row0>
			<row1>	0.0000 1.0000 0.0000 0.0000	</row1>
			<row2>	0.0000 0.0000 1.0000 0.0000	</row2>
			<row3>	0.6676 2.1329 0.1650 1.0000	</row3>
		</transform>
	</node>
	<node>
		<identifier>	MP_AM049_Signal_Lamp_1_INDEX_4	</identifier>
		<parent>	Scene Root	</parent>
		<transform>
			<row0>	0.5500 0.0000 0.0000 0.0000	</row0>
			<row1>	0.0000 0.5500 0.0000 0.0000	</row1>
			<row2>	0.0000 0.0000 0.5500 0.0000	</row2>
			<row3>	0.0458 2.4880 -0.4294 1.0000	</row3>
		</transform>
	</node>
	<node>
		<identifier>	MP_AM050_Fightin_Light	</identifier>
		<parent>	Scene Root	</parent>
		<transform>
			<row0>	-1.0000 0.0000 0.0000 0.0000	</row0>
			<row1>	0.0000 1.0000 0.0000 0.0000	</row1>
			<row2>	0.0000 0.0000 -1.0000 0.0000	</row2>
			<row3>	0.2080 2.1988 -0.1244 1.0000	</row3>
		</transform>
	</node>
	<node>
		<identifier>	MP_AM050_Fightin_Light_INDEX_1	</identifier>
		<parent>	Scene Root	</parent>
		<transform>
			<row0>	1.0000 0.0000 0.0000 0.0000	</row0>
			<row1>	0.0000 1.0000 0.0000 0.0000	</row1>
			<row2>	0.0000 0.0000 1.0000 0.0000	</row2>
			<row3>	-0.2080 2.1988 -0.1244 1.0000	</row3>
		</transform>
	</node>
	<node>
		<identifier>	MP_AM061_Sky_Lookout_1	</identifier>
		<parent>	Scene Root	</parent>
		<transform>
			<row0>	0.0000 0.0000 -1.0000 0.0000	</row0>
			<row1>	0.0000 1.0000 0.0000 0.0000	</row1>
			<row2>	1.0000 0.0000 0.0000 0.0000	</row2>
			<row3>	0.1820 2.1436 -0.0144 1.0000	</row3>
		</transform>
	</node>
	<node>
		<identifier>	MP_AM061_Sky_Lookout_1_INDEX_1	</identifier>
		<parent>	Scene Root	</parent>
		<transform>
			<row0>	0.0000 0.0000 1.0000 0.0000	</row0>
			<row1>	0.0000 1.0000 0.0000 0.0000	</row1>
			<row2>	-1.0000 0.0000 0.0000 0.0000	</row2>
			<row3>	-0.1834 2.1436 -0.0144 1.0000	</row3>
		</transform>
	</node>
	<node>
		<identifier>	MP_AM061_Sky_Lookout_1_INDEX_2	</identifier>
		<parent>	Scene Root	</parent>
		<transform>
			<row0>	0.0000 0.0000 1.0000 0.0000	</row0>
			<row1>	0.0000 1.0000 0.0000 0.0000	</row1>
			<row2>	-1.0000 0.0000 0.0000 0.0000	</row2>
			<row3>	-0.1834 2.1436 0.0678 1.0000	</row3>
		</transform>
	</node>
	<node>
		<identifier>	MP_AM061_Sky_Lookout_1_INDEX_3	</identifier>
		<parent>	Scene Root	</parent>
		<transform>
			<row0>	0.0000 0.0000 -1.0000 0.0000	</row0>
			<row1>	0.0000 1.0000 0.0000 0.0000	</row1>
			<row2>	1.0000 0.0000 0.0000 0.0000	</row2>
			<row3>	0.1820 2.1436 0.0678 1.0000	</row3>
		</transform>
	</node>
	<node>
		<identifier>	MP_AM062_IFF_Antenna	</identifier>
		<parent>	Scene Root	</parent>
		<transform>
			<row0>	1.0000 0.0000 0.0000 0.0000	</row0>
			<row1>	0.0000 1.0000 0.0000 0.0000	</row1>
			<row2>	0.0000 0.0000 1.0000 0.0000	</row2>
			<row3>	0.4855 2.4404 -1.0253 1.0000	</row3>
		</transform>
	</node>
	<node>
		<identifier>	MP_AM062_IFF_Antenna_INDEX_1	</identifier>
		<parent>	Scene Root	</parent>
		<transform>
			<row0>	1.0000 0.0000 0.0000 0.0000	</row0>
			<row1>	0.0000 1.0000 0.0000 0.0000	</row1>
			<row2>	0.0000 0.0000 1.0000 0.0000	</row2>
			<row3>	-0.0736 3.2494 -0.4764 1.0000	</row3>
		</transform>
	</node>
	<node>
		<identifier>	MP_AM062_IFF_Antenna_INDEX_2	</identifier>
		<parent>	Scene Root	</parent>
		<transform>
			<row0>	1.0000 0.0000 0.0000 0.0000	</row0>
			<row1>	0.0000 1.0000 0.0000 0.0000	</row1>
			<row2>	0.0000 0.0000 1.0000 0.0000	</row2>
			<row3>	-0.2670 2.4401 -1.0468 1.0000	</row3>
		</transform>
	</node>
	<node>
		<identifier>	MP_AM062_IFF_Antenna_INDEX_3	</identifier>
		<parent>	Scene Root	</parent>
		<transform>
			<row0>	1.0000 0.0000 0.0000 0.0000	</row0>
			<row1>	0.0000 1.0000 0.0000 0.0000	</row1>
			<row2>	0.0000 0.0000 1.0000 0.0000	</row2>
			<row3>	0.0736 3.2494 -0.4764 1.0000	</row3>
		</transform>
	</node>
	<node>
		<identifier>	MP_AM064_Wind_Intensity	</identifier>
		<parent>	Scene Root	</parent>
		<transform>
			<row0>	0.0000 0.0000 -1.0000 0.0000	</row0>
			<row1>	0.0000 1.0000 0.0000 0.0000	</row1>
			<row2>	1.0000 0.0000 0.0000 0.0000	</row2>
			<row3>	-0.5318 2.1318 0.1771 1.0000	</row3>
		</transform>
	</node>
	<node>
		<identifier>	MP_AM064_Wind_Intensity_INDEX_1	</identifier>
		<parent>	Scene Root	</parent>
		<transform>
			<row0>	0.0000 0.0000 -1.0000 0.0000	</row0>
			<row1>	0.0000 1.0000 0.0000 0.0000	</row1>
			<row2>	1.0000 0.0000 0.0000 0.0000	</row2>
			<row3>	0.6127 2.1318 0.1771 1.0000	</row3>
		</transform>
	</node>
	<node>
		<identifier>	MP_AM070_Loading_Machine	</identifier>
		<parent>	Scene Root	</parent>
		<transform>
			<row0>	1.0000 0.0000 0.0000 0.0000	</row0>
			<row1>	0.0000 1.0000 0.0000 0.0000	</row1>
			<row2>	0.0000 0.0000 1.0000 0.0000	</row2>
			<row3>	-0.1772 0.6867 -1.0362 1.0000	</row3>
		</transform>
	</node>
	<node>
		<identifier>	MP_AM072_Ships_bell	</identifier>
		<parent>	Scene Root	</parent>
		<transform>
			<row0>	1.0000 0.0000 0.0000 0.0000	</row0>
			<row1>	0.0000 1.0000 0.0000 0.0000	</row1>
			<row2>	0.0000 0.0000 1.0000 0.0000	</row2>
			<row3>	-0.0002 1.4881 0.2277 1.0000	</row3>
		</transform>
	</node>
	<node>
		<identifier>	MP_AM074_Floater_Net_Basket_2	</identifier>
		<parent>	Scene Root	</parent>
		<transform>
			<row0>	0.0000 0.0000 1.0000 0.0000	</row0>
			<row1>	0.0000 1.0000 0.0000 0.0000	</row1>
			<row2>	-1.0000 0.0000 0.0000 0.0000	</row2>
			<row3>	-0.3058 0.9090 -0.9652 1.0000	</row3>
		</transform>
	</node>
	<node>
		<identifier>	MP_AM074_Floater_Net_Basket_2_INDEX_1	</identifier>
		<parent>	Scene Root	</parent>
		<transform>
			<row0>	0.0000 0.0000 1.0000 0.0000	</row0>
			<row1>	0.0000 1.0000 0.0000 0.0000	</row1>
			<row2>	-1.0000 0.0000 0.0000 0.0000	</row2>
			<row3>	-0.4790 0.8308 -0.1848 1.0000	</row3>
		</transform>
	</node>
	<node>
		<identifier>	MP_AM074_Floater_Net_Basket_2_INDEX_2	</identifier>
		<parent>	Scene Root	</parent>
		<transform>
			<row0>	0.4946 0.0006 -0.8691 0.0000	</row0>
			<row1>	0.0014 1.0000 0.0015 0.0000	</row1>
			<row2>	0.8691 -0.0020 0.4946 0.0000	</row2>
			<row3>	0.8926 0.5128 1.3517 1.0000	</row3>
		</transform>
	</node>
	<node>
		<identifier>	MP_AM074_Floater_Net_Basket_2_INDEX_3	</identifier>
		<parent>	Scene Root	</parent>
		<transform>
			<row0>	0.0000 0.0000 -1.0000 0.0000	</row0>
			<row1>	0.0000 1.0000 0.0000 0.0000	</row1>
			<row2>	1.0000 0.0000 0.0000 0.0000	</row2>
			<row3>	0.4783 0.8308 -0.1806 1.0000	</row3>
		</transform>
	</node>
	<node>
		<identifier>	MP_AM074_Floater_Net_Basket_2_INDEX_4	</identifier>
		<parent>	Scene Root	</parent>
		<transform>
			<row0>	0.0000 0.0000 1.0000 0.0000	</row0>
			<row1>	0.0000 1.0000 0.0000 0.0000	</row1>
			<row2>	-1.0000 0.0000 0.0000 0.0000	</row2>
			<row3>	-0.3058 0.9090 -0.7598 1.0000	</row3>
		</transform>
	</node>
	<node>
		<identifier>	MP_AM074_Floater_Net_Basket_2_INDEX_5	</identifier>
		<parent>	Scene Root	</parent>
		<transform>
			<row0>	0.4947 0.0000 -0.8691 0.0000	</row0>
			<row1>	0.0000 1.0000 0.0000 0.0000	</row1>
			<row2>	0.8691 0.0000 0.4947 0.0000	</row2>
			<row3>	0.9635 0.5128 1.2268 1.0000	</row3>
		</transform>
	</node>
	<node>
		<identifier>	MP_AM074_Floater_Net_Basket_2_INDEX_6	</identifier>
		<parent>	Scene Root	</parent>
		<transform>
			<row0>	0.4947 0.0000 0.8691 0.0000	</row0>
			<row1>	0.0000 1.0000 0.0000 0.0000	</row1>
			<row2>	-0.8691 0.0000 0.4947 0.0000	</row2>
			<row3>	-0.8927 0.5128 1.3518 1.0000	</row3>
		</transform>
	</node>
	<node>
		<identifier>	MP_AM074_Floater_Net_Basket_2_INDEX_7	</identifier>
		<parent>	Scene Root	</parent>
		<transform>
			<row0>	0.4919 0.0000 0.8706 0.0000	</row0>
			<row1>	0.0000 1.0000 0.0000 0.0000	</row1>
			<row2>	-0.8706 0.0000 0.4919 0.0000	</row2>
			<row3>	-0.9636 0.5128 1.2268 1.0000	</row3>
		</transform>
	</node>
	<node>
		<identifier>	MP_AM079_24in_SearchLight	</identifier>
		<parent>	Scene Root	</parent>
		<transform>
			<row0>	0.0000 0.0000 1.0000 0.0000	</row0>
			<row1>	0.0000 1.0000 0.0000 0.0000	</row1>
			<row2>	-1.0000 0.0000 0.0000 0.0000	</row2>
			<row3>	-0.4082 0.9048 0.5947 1.0000	</row3>
		</transform>
	</node>
	<node>
		<identifier>	MP_AM079_24in_SearchLight_INDEX_1	</identifier>
		<parent>	Scene Root	</parent>
		<transform>
			<row0>	0.0000 0.0000 -1.0000 0.0000	</row0>
			<row1>	0.0000 1.0000 0.0000 0.0000	</row1>
			<row2>	1.0000 0.0000 0.0000 0.0000	</row2>
			<row3>	0.4082 0.9048 0.5947 1.0000	</row3>
		</transform>
	</node>
	<node>
		<identifier>	MP_AM079_24in_SearchLight_INDEX_2	</identifier>
		<parent>	Scene Root	</parent>
		<transform>
			<row0>	-1.0000 0.0000 0.0000 0.0000	</row0>
			<row1>	0.0000 1.0000 0.0000 0.0000	</row1>
			<row2>	0.0000 0.0000 -1.0000 0.0000	</row2>
			<row3>	0.0000 1.7643 -0.4183 1.0000	</row3>
		</transform>
	</node>
	<node>
		<identifier>	MP_AM085_TBS_Antenna	</identifier>
		<parent>	Scene Root	</parent>
		<transform>
			<row0>	1.0000 0.0000 0.0000 0.0000	</row0>
			<row1>	0.0000 1.0000 0.0000 0.0000	</row1>
			<row2>	0.0000 0.0000 1.0000 0.0000	</row2>
			<row3>	-0.4089 2.4433 -1.0388 1.0000	</row3>
		</transform>
	</node>
	<node>
		<identifier>	MP_AM085_TBS_Antenna_INDEX_1	</identifier>
		<parent>	Scene Root	</parent>
		<transform>
			<row0>	1.0000 0.0000 0.0000 0.0000	</row0>
			<row1>	0.0000 1.0000 0.0000 0.0000	</row1>
			<row2>	0.0000 0.0000 1.0000 0.0000	</row2>
			<row3>	0.0000 2.1831 0.5053 1.0000	</row3>
		</transform>
	</node>
	<node>
		<identifier>	MP_AM098_Siren	</identifier>
		<parent>	Scene Root	</parent>
		<transform>
			<row0>	0.5192 0.0000 0.0000 0.0000	</row0>
			<row1>	0.0000 0.5192 0.0000 0.0000	</row1>
			<row2>	0.0000 0.0000 0.5192 0.0000	</row2>
			<row3>	0.1642 1.9181 0.0696 1.0000	</row3>
		</transform>
	</node>
	<node>
		<identifier>	MP_AM098_Siren_INDEX_1	</identifier>
		<parent>	Scene Root	</parent>
		<transform>
			<row0>	0.5192 0.0000 0.0000 0.0000	</row0>
			<row1>	0.0000 0.5192 0.0000 0.0000	</row1>
			<row2>	0.0000 0.0000 0.5192 0.0000	</row2>
			<row3>	-0.1642 1.9181 0.0696 1.0000	</row3>
		</transform>
	</node>
	<node>
		<identifier>	MP_AM101_Cooling_tube	</identifier>
		<parent>	Scene Root	</parent>
		<transform>
			<row0>	0.0000 0.4744 0.8803 0.0000	</row0>
			<row1>	0.0000 0.8803 -0.4744 0.0000	</row1>
			<row2>	-1.0000 0.0000 0.0000 0.0000	</row2>
			<row3>	-0.2929 0.9153 -0.8277 1.0000	</row3>
		</transform>
	</node>
	<node>
		<identifier>	MP_AM101_Cooling_tube_INDEX_1	</identifier>
		<parent>	Scene Root	</parent>
		<transform>
			<row0>	0.0000 0.0000 -1.0000 0.0000	</row0>
			<row1>	0.0000 1.0000 0.0000 0.0000	</row1>
			<row2>	1.0000 0.0000 0.0000 0.0000	</row2>
			<row3>	0.3200 1.1572 -0.1176 1.0000	</row3>
		</transform>
	</node>
	<node>
		<identifier>	MP_AM101_Cooling_tube_INDEX_2	</identifier>
		<parent>	Scene Root	</parent>
		<transform>
			<row0>	0.2733 0.9619 0.0000 0.0000	</row0>
			<row1>	0.9619 -0.2733 0.0000 0.0000	</row1>
			<row2>	0.0000 0.0000 -1.0000 0.0000	</row2>
			<row3>	-0.7720 0.5239 0.5250 1.0000	</row3>
		</transform>
	</node>
	<node>
		<identifier>	MP_AM101_Cooling_tube_INDEX_3	</identifier>
		<parent>	Scene Root	</parent>
		<transform>
			<row0>	-0.4058 0.9135 -0.0272 0.0000	</row0>
			<row1>	0.9115 0.4067 0.0611 0.0000	</row1>
			<row2>	0.0669 0.0000 -0.9978 0.0000	</row2>
			<row3>	0.4431 0.5185 1.2353 1.0000	</row3>
		</transform>
	</node>
	<node>
		<identifier>	MP_AM101_Cooling_tube_INDEX_4	</identifier>
		<parent>	Scene Root	</parent>
		<transform>
			<row0>	-0.1197 0.9157 -0.3835 0.0000	</row0>
			<row1>	0.2728 0.4018 0.8741 0.0000	</row1>
			<row2>	0.9546 0.0000 -0.2979 0.0000	</row2>
			<row3>	-0.8077 0.3638 1.8803 1.0000	</row3>
		</transform>
	</node>
	<node>
		<identifier>	MP_AM101_Cooling_tube_INDEX_5	</identifier>
		<parent>	Scene Root	</parent>
		<transform>
			<row0>	0.0000 0.4419 0.8971 0.0000	</row0>
			<row1>	0.0000 0.8971 -0.4419 0.0000	</row1>
			<row2>	-1.0000 0.0000 0.0000 0.0000	</row2>
			<row3>	0.8692 0.5240 0.3492 1.0000	</row3>
		</transform>
	</node>
	<node>
		<identifier>	MP_AM101_Cooling_tube_INDEX_6	</identifier>
		<parent>	Scene Root	</parent>
		<transform>
			<row0>	0.0000 0.7071 -0.7071 0.0000	</row0>
			<row1>	0.0000 -0.7071 -0.7071 0.0000	</row1>
			<row2>	-1.0000 0.0000 0.0000 0.0000	</row2>
			<row3>	-0.3200 1.1572 -0.1176 1.0000	</row3>
		</transform>
	</node>
	<node>
		<identifier>	MP_AM101_Cooling_tube_INDEX_7	</identifier>
		<parent>	Scene Root	</parent>
		<transform>
			<row0>	-0.1218 0.9127 0.3901 0.0000	</row0>
			<row1>	0.2719 0.4086 -0.8712 0.0000	</row1>
			<row2>	-0.9546 0.0000 -0.2979 0.0000	</row2>
			<row3>	0.8077 0.3638 1.8803 1.0000	</row3>
		</transform>
	</node>
	<node>
		<identifier>	MP_AM101_Cooling_tube_INDEX_8	</identifier>
		<parent>	Scene Root	</parent>
		<transform>
			<row0>	0.1137 0.9139 -0.3897 0.0000	</row0>
			<row1>	-0.2614 0.4059 0.8757 0.0000	</row1>
			<row2>	0.9585 0.0023 0.2850 0.0000	</row2>
			<row3>	-0.7116 0.5189 1.1798 1.0000	</row3>
		</transform>
	</node>
	<node>
		<identifier>	MP_AM101_Cooling_tube_INDEX_9	</identifier>
		<parent>	Scene Root	</parent>
		<transform>
			<row0>	0.0000 0.4744 0.8803 0.0000	</row0>
			<row1>	0.0000 0.8803 -0.4744 0.0000	</row1>
			<row2>	-1.0000 0.0000 0.0000 0.0000	</row2>
			<row3>	-0.2929 0.9158 -0.8985 1.0000	</row3>
		</transform>
	</node>
	<node>
		<identifier>	MP_AM108_Reels_4	</identifier>
		<parent>	Scene Root	</parent>
		<transform>
			<row0>	-0.5174 0.0000 0.8557 0.0000	</row0>
			<row1>	0.0000 1.0000 0.0000 0.0000	</row1>
			<row2>	-0.8557 0.0000 -0.5174 0.0000	</row2>
			<row3>	0.8662 0.3603 1.6204 1.0000	</row3>
		</transform>
	</node>
	<node>
		<identifier>	MP_AM108_Reels_4_INDEX_1	</identifier>
		<parent>	Scene Root	</parent>
		<transform>
			<row0>	0.8660 0.0000 0.5000 0.0000	</row0>
			<row1>	0.0000 1.0000 0.0000 0.0000	</row1>
			<row2>	-0.5000 0.0000 0.8660 0.0000	</row2>
			<row3>	0.9187 0.5138 -0.5906 1.0000	</row3>
		</transform>
	</node>
	<node>
		<identifier>	MP_AM108_Reels_4_INDEX_2	</identifier>
		<parent>	Scene Root	</parent>
		<transform>
			<row0>	-0.5174 0.0000 -0.8557 0.0000	</row0>
			<row1>	0.0000 1.0000 0.0000 0.0000	</row1>
			<row2>	0.8557 0.0000 -0.5174 0.0000	</row2>
			<row3>	-0.8662 0.3603 1.6204 1.0000	</row3>
		</transform>
	</node>
	<node>
		<identifier>	MP_AM108_Reels_4_INDEX_3	</identifier>
		<parent>	Scene Root	</parent>
		<transform>
			<row0>	0.8660 0.0000 -0.5000 0.0000	</row0>
			<row1>	0.0000 1.0000 0.0000 0.0000	</row1>
			<row2>	0.5000 0.0000 0.8660 0.0000	</row2>
			<row3>	-0.9177 0.5138 -0.5933 1.0000	</row3>
		</transform>
	</node>
	<node>
		<identifier>	MP_AM114_Freon_Cylinder_acetylene	</identifier>
		<parent>	Scene Root	</parent>
		<transform>
			<row0>	0.0000 0.0000 1.0000 0.0000	</row0>
			<row1>	0.0000 1.0000 0.0000 0.0000	</row1>
			<row2>	-1.0000 0.0000 0.0000 0.0000	</row2>
			<row3>	0.4936 0.5161 -1.0983 1.0000	</row3>
		</transform>
	</node>
	<node>
		<identifier>	MP_AM129_Turtles_box	</identifier>
		<parent>	Scene Root	</parent>
		<transform>
			<row0>	0.0000 0.0000 -1.0000 0.0000	</row0>
			<row1>	0.0000 1.0000 0.0000 0.0000	</row1>
			<row2>	1.0000 0.0000 0.0000 0.0000	</row2>
			<row3>	0.7408 0.5654 0.2996 1.0000	</row3>
		</transform>
	</node>
	<node>
		<identifier>	MP_AM129_Turtles_box_INDEX_1	</identifier>
		<parent>	Scene Root	</parent>
		<transform>
			<row0>	0.4821 0.0000 0.8761 0.0000	</row0>
			<row1>	0.0000 1.0000 0.0000 0.0000	</row1>
			<row2>	-0.8761 0.0000 0.4821 0.0000	</row2>
			<row3>	-0.5790 0.4016 1.9033 1.0000	</row3>
		</transform>
	</node>
	<node>
		<identifier>	MP_AM129_Turtles_box_INDEX_2	</identifier>
		<parent>	Scene Root	</parent>
		<transform>
			<row0>	-0.7562 0.0000 -0.6544 0.0000	</row0>
			<row1>	0.0000 1.0000 0.0000 0.0000	</row1>
			<row2>	0.6544 0.0000 -0.7562 0.0000	</row2>
			<row3>	-0.2618 0.9037 -0.6237 1.0000	</row3>
		</transform>
	</node>
	<node>
		<identifier>	MP_AM129_Turtles_box_INDEX_3	</identifier>
		<parent>	Scene Root	</parent>
		<transform>
			<row0>	0.4821 0.0000 -0.8761 0.0000	</row0>
			<row1>	0.0000 1.0000 0.0000 0.0000	</row1>
			<row2>	0.8761 0.0000 0.4821 0.0000	</row2>
			<row3>	0.5790 0.4016 1.9033 1.0000	</row3>
		</transform>
	</node>
	<node>
		<identifier>	MP_AM129_Turtles_box_INDEX_4	</identifier>
		<parent>	Scene Root	</parent>
		<transform>
			<row0>	1.0000 0.0000 0.0000 0.0000	</row0>
			<row1>	0.0000 1.0000 0.0000 0.0000	</row1>
			<row2>	0.0000 0.0000 1.0000 0.0000	</row2>
			<row3>	0.0608 1.6477 0.1876 1.0000	</row3>
		</transform>
	</node>
	<node>
		<identifier>	MP_AM137_Boat_11	</identifier>
		<parent>	Scene Root	</parent>
		<transform>
			<row0>	1.0000 0.0000 0.0000 0.0000	</row0>
			<row1>	0.0000 1.0000 0.0000 0.0000	</row1>
			<row2>	0.0000 0.0000 1.0000 0.0000	</row2>
			<row3>	-0.6031 0.3653 2.4902 1.0000	</row3>
		</transform>
	</node>
	<node>
		<identifier>	MP_AM137_Boat_11_INDEX_1	</identifier>
		<parent>	Scene Root	</parent>
		<transform>
			<row0>	1.0000 0.0000 0.0000 0.0000	</row0>
			<row1>	0.0000 1.0000 0.0000 0.0000	</row1>
			<row2>	0.0000 0.0000 1.0000 0.0000	</row2>
			<row3>	0.6031 0.3653 2.4902 1.0000	</row3>
		</transform>
	</node>
	<node>
		<identifier>	MP_AM152_Log_Desk	</identifier>
		<parent>	Scene Root	</parent>
		<transform>
			<row0>	0.5340 -0.0002 -0.8455 0.0000	</row0>
			<row1>	0.0010 1.0000 0.0004 0.0000	</row1>
			<row2>	0.8455 -0.0010 0.5340 0.0000	</row2>
			<row3>	0.1412 1.0284 1.3774 1.0000	</row3>
		</transform>
	</node>
	<node>
		<identifier>	MP_AM170_Flag_Box_2	</identifier>
		<parent>	Scene Root	</parent>
		<transform>
			<row0>	-0.6500 0.0000 0.0000 0.0000	</row0>
			<row1>	0.0000 0.6500 0.0000 0.0000	</row1>
			<row2>	0.0000 0.0000 -0.6500 0.0000	</row2>
			<row3>	-0.3955 0.8335 -0.0918 1.0000	</row3>
		</transform>
	</node>
	<node>
		<identifier>	MP_AM170_Flag_Box_2_INDEX_1	</identifier>
		<parent>	Scene Root	</parent>
		<transform>
			<row0>	-0.6500 0.0000 0.0000 0.0000	</row0>
			<row1>	0.0000 0.6500 0.0000 0.0000	</row1>
			<row2>	0.0000 0.0000 -0.6500 0.0000	</row2>
			<row3>	0.3955 0.8335 -0.0918 1.0000	</row3>
		</transform>
	</node>
	<node>
		<identifier>	MP_AM173_Insulator_1	</identifier>
		<parent>	Scene Root	</parent>
		<transform>
			<row0>	0.0000 0.7160 0.0000 0.0000	</row0>
			<row1>	0.7160 0.0000 0.0000 0.0000	</row1>
			<row2>	0.0000 0.0000 -0.7160 0.0000	</row2>
			<row3>	0.1988 1.1026 0.5303 1.0000	</row3>
		</transform>
	</node>
	<node>
		<identifier>	MP_AM173_Insulator_1_INDEX_1	</identifier>
		<parent>	Scene Root	</parent>
		<transform>
			<row0>	0.0000 -0.7160 0.0000 0.0000	</row0>
			<row1>	-0.7160 0.0000 0.0000 0.0000	</row1>
			<row2>	0.0000 0.0000 -0.7160 0.0000	</row2>
			<row3>	-0.1988 1.1026 0.5303 1.0000	</row3>
		</transform>
	</node>
	<node>
		<identifier>	MP_AM173_Insulator_1_INDEX_2	</identifier>
		<parent>	Scene Root	</parent>
		<transform>
			<row0>	0.6527 0.0169 -0.2940 0.0000	</row0>
			<row1>	0.2874 0.1191 0.6449 0.0000	</row1>
			<row2>	0.0641 -0.7059 0.1017 0.0000	</row2>
			<row3>	0.1364 0.7934 1.2504 1.0000	</row3>
		</transform>
	</node>
	<node>
		<identifier>	MP_AM173_Insulator_1_INDEX_3	</identifier>
		<parent>	Scene Root	</parent>
		<transform>
			<row0>	-1.0000 0.0000 0.0000 0.0000	</row0>
			<row1>	0.0000 0.0000 1.0000 0.0000	</row1>
			<row2>	0.0000 1.0000 0.0000 0.0000	</row2>
			<row3>	0.0000 1.5273 0.1862 1.0000	</row3>
		</transform>
	</node>
	<node>
		<identifier>	MP_AM173_Insulator_1_INDEX_4	</identifier>
		<parent>	Scene Root	</parent>
		<transform>
			<row0>	0.6527 -0.0169 0.2940 0.0000	</row0>
			<row1>	-0.2874 0.1191 0.6449 0.0000	</row1>
			<row2>	-0.0641 -0.7059 0.1017 0.0000	</row2>
			<row3>	-0.1364 0.7934 1.2504 1.0000	</row3>
		</transform>
	</node>
	<node>
		<identifier>	MP_AM176_Target_Desingnator	</identifier>
		<parent>	Scene Root	</parent>
		<transform>
			<row0>	0.0000 0.0000 1.0000 0.0000	</row0>
			<row1>	0.0000 1.0000 0.0000 0.0000	</row1>
			<row2>	-1.0000 0.0000 0.0000 0.0000	</row2>
			<row3>	-0.1811 2.1436 -0.1200 1.0000	</row3>
		</transform>
	</node>
	<node>
		<identifier>	MP_AM176_Target_Desingnator_INDEX_1	</identifier>
		<parent>	Scene Root	</parent>
		<transform>
			<row0>	0.0000 0.0000 -1.0000 0.0000	</row0>
			<row1>	0.0000 1.0000 0.0000 0.0000	</row1>
			<row2>	1.0000 0.0000 0.0000 0.0000	</row2>
			<row3>	0.1811 2.1436 -0.1200 1.0000	</row3>
		</transform>
	</node>
	<node>
		<identifier>	MP_AM317_Running_Lights_F	</identifier>
		<parent>	Scene Root	</parent>
		<transform>
			<row0>	1.0000 0.0000 0.0000 0.0000	</row0>
			<row1>	0.0000 1.0000 0.0000 0.0000	</row1>
			<row2>	0.0000 0.0000 1.0000 0.0000	</row2>
			<row3>	0.0000 1.9463 0.4175 1.0000	</row3>
		</transform>
	</node>
	<node>
		<identifier>	MP_AM317_Running_Lights_F_INDEX_1	</identifier>
		<parent>	Scene Root	</parent>
		<transform>
			<row0>	1.0000 0.0000 0.0000 0.0000	</row0>
			<row1>	0.0000 1.0000 0.0000 0.0000	</row1>
			<row2>	0.0000 0.0000 1.0000 0.0000	</row2>
			<row3>	0.0000 1.2619 1.2937 1.0000	</row3>
		</transform>
	</node>
	<node>
		<identifier>	MP_AM338_Motor_launch_40ft	</identifier>
		<parent>	Scene Root	</parent>
		<transform>
			<row0>	1.0000 0.0000 0.0000 0.0000	</row0>
			<row1>	0.0000 1.0000 0.0000 0.0000	</row1>
			<row2>	0.0000 0.0000 1.0000 0.0000	</row2>
			<row3>	0.3178 0.6837 -1.0415 1.0000	</row3>
		</transform>
	</node>
	<node>
		<identifier>	MP_AM376_Fairlead	</identifier>
		<parent>	Scene Root	</parent>
		<transform>
			<row0>	0.9832 0.0021 -0.1828 0.0000	</row0>
			<row1>	-0.0028 1.0000 -0.0039 0.0000	</row1>
			<row2>	0.1828 0.0044 0.9831 0.0000	</row2>
			<row3>	-0.9170 0.3648 2.3748 1.0000	</row3>
		</transform>
	</node>
	<node>
		<identifier>	MP_AM376_Fairlead_INDEX_1	</identifier>
		<parent>	Scene Root	</parent>
		<transform>
			<row0>	-0.9922 0.0021 -0.1250 0.0000	</row0>
			<row1>	0.0026 1.0000 -0.0041 0.0000	</row1>
			<row2>	0.1250 -0.0044 -0.9921 0.0000	</row2>
			<row3>	1.0092 0.3627 1.8266 1.0000	</row3>
		</transform>
	</node>
	<node>
		<identifier>	MP_AM376_Fairlead_INDEX_2	</identifier>
		<parent>	Scene Root	</parent>
		<transform>
			<row0>	0.9922 0.0021 -0.1250 0.0000	</row0>
			<row1>	-0.0026 1.0000 -0.0041 0.0000	</row1>
			<row2>	0.1250 0.0044 0.9921 0.0000	</row2>
			<row3>	-1.0092 0.3627 1.8266 1.0000	</row3>
		</transform>
	</node>
	<node>
		<identifier>	MP_AM376_Fairlead_INDEX_3	</identifier>
		<parent>	Scene Root	</parent>
		<transform>
			<row0>	-0.9832 0.0021 -0.1828 0.0000	</row0>
			<row1>	0.0028 1.0000 -0.0039 0.0000	</row1>
			<row2>	0.1828 -0.0044 -0.9831 0.0000	</row2>
			<row3>	0.9170 0.3648 2.3748 1.0000	</row3>
		</transform>
	</node>
	<node>
		<identifier>	MP_AM432_Filling_connection_long	</identifier>
		<parent>	Scene Root	</parent>
		<transform>
			<row0>	1.9688 0.0000 0.3521 0.0000	</row0>
			<row1>	0.0000 2.0000 0.0000 0.0000	</row1>
			<row2>	-0.3521 0.0000 1.9688 0.0000	</row2>
			<row3>	0.8693 0.3708 2.5255 1.0000	</row3>
		</transform>
	</node>
	<node>
		<identifier>	MP_AM432_Filling_connection_long_INDEX_1	</identifier>
		<parent>	Scene Root	</parent>
		<transform>
			<row0>	-1.9688 0.0000 0.3521 0.0000	</row0>
			<row1>	0.0000 2.0000 0.0000 0.0000	</row1>
			<row2>	-0.3521 0.0000 -1.9688 0.0000	</row2>
			<row3>	-0.8693 0.3708 2.5255 1.0000	</row3>
		</transform>
	</node>
	<node>
		<identifier>	MP_AM433_MC_Box	</identifier>
		<parent>	Scene Root	</parent>
		<transform>
			<row0>	-1.0000 0.0000 0.0000 0.0000	</row0>
			<row1>	0.0000 1.0000 0.0000 0.0000	</row1>
			<row2>	0.0000 0.0000 -1.0000 0.0000	</row2>
			<row3>	0.0000 2.2128 0.3793 1.0000	</row3>
		</transform>
	</node>
	<node>
		<identifier>	MP_AM434_Eng_Order_Tele_Ind	</identifier>
		<parent>	Scene Root	</parent>
		<transform>
			<row0>	-1.0000 0.0000 0.0000 0.0000	</row0>
			<row1>	0.0000 1.0000 0.0000 0.0000	</row1>
			<row2>	0.0000 0.0000 -1.0000 0.0000	</row2>
			<row3>	0.0146 0.9837 1.3992 1.0000	</row3>
		</transform>
	</node>
	<node>
		<identifier>	MP_AM438_Speakerphone	</identifier>
		<parent>	Scene Root	</parent>
		<transform>
			<row0>	-0.1043 0.0000 0.9945 0.0000	</row0>
			<row1>	0.0000 1.0000 0.0000 0.0000	</row1>
			<row2>	-0.9945 0.0000 -0.1043 0.0000	</row2>
			<row3>	0.0484 2.2128 0.3442 1.0000	</row3>
		</transform>
	</node>
	<node>
		<identifier>	MP_AM441_Siren	</identifier>
		<parent>	Scene Root	</parent>
		<transform>
			<row0>	1.0000 0.0000 0.0000 0.0000	</row0>
			<row1>	0.0000 1.0000 0.0000 0.0000	</row1>
			<row2>	0.0000 0.0000 1.0000 0.0000	</row2>
			<row3>	-0.1077 1.0574 0.8634 1.0000	</row3>
		</transform>
	</node>
	<node>
		<identifier>	MP_AM442_Multipole_Switch	</identifier>
		<parent>	Scene Root	</parent>
		<transform>
			<row0>	0.1961 0.0000 0.9806 0.0000	</row0>
			<row1>	0.0000 1.0000 0.0000 0.0000	</row1>
			<row2>	-0.9806 0.0000 0.1961 0.0000	</row2>
			<row3>	-0.6004 0.4279 1.9801 1.0000	</row3>
		</transform>
	</node>
	<node>
		<identifier>	MP_AM442_Multipole_Switch_INDEX_1	</identifier>
		<parent>	Scene Root	</parent>
		<transform>
			<row0>	-0.1238 0.0000 -0.9923 0.0000	</row0>
			<row1>	0.0000 1.0000 0.0000 0.0000	</row1>
			<row2>	0.9923 0.0000 -0.1238 0.0000	</row2>
			<row3>	-0.0498 2.2041 0.3331 1.0000	</row3>
		</transform>
	</node>
	<node>
		<identifier>	MP_AM442_Multipole_Switch_INDEX_2	</identifier>
		<parent>	Scene Root	</parent>
		<transform>
			<row0>	-0.3834 0.0000 0.9236 0.0000	</row0>
			<row1>	0.0000 1.0000 0.0000 0.0000	</row1>
			<row2>	-0.9236 0.0000 -0.3834 0.0000	</row2>
			<row3>	-0.6450 0.5790 0.7336 1.0000	</row3>
		</transform>
	</node>
	<node>
		<identifier>	MP_AM442_Multipole_Switch_INDEX_3	</identifier>
		<parent>	Scene Root	</parent>
		<transform>
			<row0>	-0.1238 0.0000 -0.9923 0.0000	</row0>
			<row1>	0.0000 1.0000 0.0000 0.0000	</row1>
			<row2>	0.9923 0.0000 -0.1238 0.0000	</row2>
			<row3>	-0.0474 2.2041 0.3526 1.0000	</row3>
		</transform>
	</node>
	<node>
		<identifier>	MP_AM442_Multipole_Switch_INDEX_4	</identifier>
		<parent>	Scene Root	</parent>
		<transform>
			<row0>	-0.3834 0.0000 -0.9236 0.0000	</row0>
			<row1>	0.0000 1.0000 0.0000 0.0000	</row1>
			<row2>	0.9236 0.0000 -0.3834 0.0000	</row2>
			<row3>	0.6443 0.5804 0.7343 1.0000	</row3>
		</transform>
	</node>
	<node>
		<identifier>	MP_AM442_Multipole_Switch_INDEX_5	</identifier>
		<parent>	Scene Root	</parent>
		<transform>
			<row0>	0.1961 0.0000 -0.9806 0.0000	</row0>
			<row1>	0.0000 1.0000 0.0000 0.0000	</row1>
			<row2>	0.9806 0.0000 0.1961 0.0000	</row2>
			<row3>	0.6004 0.4279 1.9801 1.0000	</row3>
		</transform>
	</node>
	<node>
		<identifier>	MP_AM443_Turret_Position_Indicator	</identifier>
		<parent>	Scene Root	</parent>
		<transform>
			<row0>	-1.0000 0.0000 0.0000 0.0000	</row0>
			<row1>	0.0000 1.0000 0.0000 0.0000	</row1>
			<row2>	0.0000 0.0000 -1.0000 0.0000	</row2>
			<row3>	0.0000 1.6337 0.2848 1.0000	</row3>
		</transform>
	</node>
	<node>
		<identifier>	MP_AM444_Director_Train_Indicator	</identifier>
		<parent>	Scene Root	</parent>
		<transform>
			<row0>	-0.8308 0.0000 0.5566 0.0000	</row0>
			<row1>	0.0000 1.0000 0.0000 0.0000	</row1>
			<row2>	-0.5566 0.0000 -0.8308 0.0000	</row2>
			<row3>	0.1886 1.6455 0.3461 1.0000	</row3>
		</transform>
	</node>
	<node>
		<identifier>	MP_AM444_Director_Train_Indicator_INDEX_1	</identifier>
		<parent>	Scene Root	</parent>
		<transform>
			<row0>	-0.8308 0.0000 -0.5566 0.0000	</row0>
			<row1>	0.0000 1.0000 0.0000 0.0000	</row1>
			<row2>	0.5566 0.0000 -0.8308 0.0000	</row2>
			<row3>	-0.1886 1.6455 0.3461 1.0000	</row3>
		</transform>
	</node>
	<node>
		<identifier>	MP_AM445_Switch_box_2	</identifier>
		<parent>	Scene Root	</parent>
		<transform>
			<row0>	0.9801 0.0000 -0.1986 0.0000	</row0>
			<row1>	0.0000 1.0000 0.0000 0.0000	</row1>
			<row2>	0.1986 0.0000 0.9801 0.0000	</row2>
			<row3>	-0.6129 0.3935 1.9741 1.0000	</row3>
		</transform>
	</node>
	<node>
		<identifier>	MP_AM445_Switch_box_2_INDEX_1	</identifier>
		<parent>	Scene Root	</parent>
		<transform>
			<row0>	-0.9905 0.0000 -0.1378 0.0000	</row0>
			<row1>	0.0000 1.0000 0.0000 0.0000	</row1>
			<row2>	0.1378 0.0000 -0.9905 0.0000	</row2>
			<row3>	-0.6982 0.5714 0.7100 1.0000	</row3>
		</transform>
	</node>
	<node>
		<identifier>	MP_AM445_Switch_box_2_INDEX_2	</identifier>
