<GSB004_Bayern_1941_Stern.skel_ext>
	<exported>	true	</exported>
	<node>
		<identifier>	MP_CM094_Propeller3_L	</identifier>
		<parent>	Scene Root	</parent>
		<transform>
			<row0>	0.8750 0.0000 0.0000 0.0000	</row0>
			<row1>	0.0000 0.8750 0.0000 0.0000	</row1>
			<row2>	0.0000 0.0000 0.8750 0.0000	</row2>
			<row3>	-0.3528 -0.4663 -5.0555 1.0000	</row3>
		</transform>
	</node>
	<node>
		<identifier>	MP_CM094_Propeller3_L_INDEX_1	</identifier>
		<parent>	Scene Root	</parent>
		<transform>
			<row0>	0.8750 0.0000 0.0000 0.0000	</row0>
			<row1>	0.0000 0.8750 0.0000 0.0000	</row1>
			<row2>	0.0000 0.0000 0.8750 0.0000	</row2>
			<row3>	0.0000 -0.4663 -5.2073 1.0000	</row3>
		</transform>
	</node>
	<node>
		<identifier>	MP_CM095_Propeller3_R	</identifier>
		<parent>	Scene Root	</parent>
		<transform>
			<row0>	0.8750 0.0000 0.0000 0.0000	</row0>
			<row1>	0.0000 0.8750 0.0000 0.0000	</row1>
			<row2>	0.0000 0.0000 0.8750 0.0000	</row2>
			<row3>	0.3528 -0.4663 -5.0555 1.0000	</row3>
		</transform>
	</node>
	<node>
		<identifier>	MP_GM006_Reels_4	</identifier>
		<parent>	Scene Root	</parent>
		<transform>
			<row0>	1.0000 0.0000 0.0000 0.0000	</row0>
			<row1>	0.0000 1.0000 0.0000 0.0000	</row1>
			<row2>	0.0000 0.0000 1.0000 0.0000	</row2>
			<row3>	0.0000 0.2106 -5.0702 1.0000	</row3>
		</transform>
	</node>
	<node>
		<identifier>	MP_GM007_LifeBuoy	</identifier>
		<parent>	Scene Root	</parent>
		<transform>
			<row0>	0.9719 0.0000 -0.2356 0.0000	</row0>
			<row1>	0.0000 1.0000 0.0000 0.0000	</row1>
			<row2>	0.2356 0.0000 0.9719 0.0000	</row2>
			<row3>	0.6288 0.2482 -4.5069 1.0000	</row3>
		</transform>
	</node>
	<node>
		<identifier>	MP_GM007_LifeBuoy_INDEX_1	</identifier>
		<parent>	Scene Root	</parent>
		<transform>
			<row0>	0.9050 0.0000 0.4255 0.0000	</row0>
			<row1>	0.0000 1.0000 0.0000 0.0000	</row1>
			<row2>	-0.4255 0.0000 0.9050 0.0000	</row2>
			<row3>	-0.2703 0.2511 -5.6390 1.0000	</row3>
		</transform>
	</node>
	<node>
		<identifier>	MP_GM007_LifeBuoy_INDEX_2	</identifier>
		<parent>	Scene Root	</parent>
		<transform>
			<row0>	0.9710 0.0000 0.2389 0.0000	</row0>
			<row1>	0.0000 1.0000 0.0000 0.0000	</row1>
			<row2>	-0.2389 0.0000 0.9710 0.0000	</row2>
			<row3>	-0.6292 0.2482 -4.5037 1.0000	</row3>
		</transform>
	</node>
	<node>
		<identifier>	MP_GM007_LifeBuoy_INDEX_3	</identifier>
		<parent>	Scene Root	</parent>
		<transform>
			<row0>	0.9050 0.0000 -0.4255 0.0000	</row0>
			<row1>	0.0000 1.0000 0.0000 0.0000	</row1>
			<row2>	0.4255 0.0000 0.9050 0.0000	</row2>
			<row3>	0.2705 0.2511 -5.6390 1.0000	</row3>
		</transform>
	</node>
	<node>
		<identifier>	MP_GM856_Mastheadlight	</identifier>
		<parent>	Scene Root	</parent>
		<transform>
			<row0>	-1.0000 0.0000 0.0000 0.0000	</row0>
			<row1>	0.0000 1.0000 0.0000 0.0000	</row1>
			<row2>	0.0000 0.0000 -1.0000 0.0000	</row2>
			<row3>	0.0000 0.2326 -6.0247 1.0000	</row3>
		</transform>
	</node>
</GSB004_Bayern_1941_Stern.skel_ext>
