<ISD002_Paolo_Emilio_1942_Bow.skel_ext>
	<exported>	true	</exported>
	<node>
		<identifier>	MP_IM026_Reels	</identifier>
		<parent>	Scene Root	</parent>
		<transform>
			<row0>	0.7256 -0.0119 -0.6880 0.0000	</row0>
			<row1>	0.0087 0.9999 -0.0081 0.0000	</row1>
			<row2>	0.6881 0.0000 0.7256 0.0000	</row2>
			<row3>	0.2021 0.4408 2.6486 1.0000	</row3>
		</transform>
	</node>
	<node>
		<identifier>	MP_IM026_Reels_INDEX_1	</identifier>
		<parent>	Scene Root	</parent>
		<transform>
			<row0>	0.7256 0.0119 0.6880 0.0000	</row0>
			<row1>	-0.0087 0.9999 -0.0081 0.0000	</row1>
			<row2>	-0.6881 0.0000 0.7256 0.0000	</row2>
			<row3>	-0.2021 0.4408 2.6486 1.0000	</row3>
		</transform>
	</node>
	<node>
		<identifier>	MP_IM031_Fire_Fighting	</identifier>
		<parent>	Scene Root	</parent>
		<transform>
			<row0>	-1.0000 0.0000 0.0000 0.0000	</row0>
			<row1>	0.0000 1.0000 0.0000 0.0000	</row1>
			<row2>	0.0000 0.0000 -1.0000 0.0000	</row2>
			<row3>	-0.0176 0.4414 2.6857 1.0000	</row3>
		</transform>
	</node>
	<node>
		<identifier>	MP_IM032_Fire_Hose	</identifier>
		<parent>	Scene Root	</parent>
		<transform>
			<row0>	0.9893 0.0000 -0.1458 0.0000	</row0>
			<row1>	0.0000 1.0000 0.0000 0.0000	</row1>
			<row2>	0.1458 0.0000 0.9893 0.0000	</row2>
			<row3>	0.0202 0.4919 2.6780 1.0000	</row3>
		</transform>
	</node>
	<node>
		<identifier>	MP_IM033_Life_Buoy	</identifier>
		<parent>	Scene Root	</parent>
		<transform>
			<row0>	-0.0750 0.0000 0.9972 0.0000	</row0>
			<row1>	0.0000 1.0000 0.0000 0.0000	</row1>
			<row2>	-0.9972 0.0000 -0.0750 0.0000	</row2>
			<row3>	0.3711 0.5353 3.4558 1.0000	</row3>
		</transform>
	</node>
	<node>
		<identifier>	MP_IM033_Life_Buoy_INDEX_1	</identifier>
		<parent>	Scene Root	</parent>
		<transform>
			<row0>	-0.0655 0.0000 -0.9979 0.0000	</row0>
			<row1>	0.0000 1.0000 0.0000 0.0000	</row1>
			<row2>	0.9979 0.0000 -0.0655 0.0000	</row2>
			<row3>	-0.3779 0.5353 3.3561 1.0000	</row3>
		</transform>
	</node>
	<node>
		<identifier>	MP_IM044_Bow_Star	</identifier>
		<parent>	Scene Root	</parent>
		<transform>
			<row0>	1.0000 0.0000 0.0000 0.0000	</row0>
			<row1>	0.0000 0.8997 0.4366 0.0000	</row1>
			<row2>	0.0000 -0.4366 0.8997 0.0000	</row2>
			<row3>	0.0000 0.5085 5.0642 1.0000	</row3>
		</transform>
	</node>
	<node>
		<identifier>	MP_IM951_Anchor_up	</identifier>
		<parent>	Scene Root	</parent>
		<transform>
			<row0>	-0.5568 0.2198 0.2150 0.0000	</row0>
			<row1>	-0.1755 0.1379 -0.5956 0.0000	</row1>
			<row2>	-0.2525 -0.5807 -0.0601 0.0000	</row2>
			<row3>	0.2501 0.4920 4.7343 1.0000	</row3>
		</transform>
	</node>
	<node>
		<identifier>	MP_IM951_Anchor_up_INDEX_1	</identifier>
		<parent>	Scene Root	</parent>
		<transform>
			<row0>	-0.5568 -0.2198 -0.2150 0.0000	</row0>
			<row1>	0.1755 0.1379 -0.5956 0.0000	</row1>
			<row2>	0.2525 -0.5807 -0.0601 0.0000	</row2>
			<row3>	-0.2501 0.4920 4.7343 1.0000	</row3>
		</transform>
	</node>
	<node>
		<identifier>	MP_IM952_Anchor_Bottom	</identifier>
		<parent>	Scene Root	</parent>
		<transform>
			<row0>	-0.7105 0.3140 -0.0306 0.0000	</row0>
			<row1>	0.0576 0.0549 -0.7733 0.0000	</row1>
			<row2>	-0.3102 -0.7090 -0.0735 0.0000	</row2>
			<row3>	0.2502 0.4919 4.7343 1.0000	</row3>
		</transform>
	</node>
	<node>
		<identifier>	MP_IM952_Anchor_Bottom_INDEX_1	</identifier>
		<parent>	Scene Root	</parent>
		<transform>
			<row0>	-0.7105 -0.3140 0.0306 0.0000	</row0>
			<row1>	-0.0576 0.0549 -0.7733 0.0000	</row1>
			<row2>	0.3102 -0.7090 -0.0735 0.0000	</row2>
			<row3>	-0.2502 0.4919 4.7343 1.0000	</row3>
		</transform>
	</node>
	<node>
		<identifier>	SP_YMS001_YHBM_M_1	</identifier>
		<parent>	Scene Root	</parent>
		<transform>
			<row0>	1.0000 0.0000 0.0000 0.0000	</row0>
			<row1>	0.0000 0.9999 -0.0139 0.0000	</row1>
			<row2>	0.0000 0.0139 0.9999 0.0000	</row2>
			<row3>	0.0000 0.5544 5.1483 1.0000	</row3>
		</transform>
	</node>
	<node>
		<identifier>	SP_YMS002_YHBL_M_1	</identifier>
		<parent>	Scene Root	</parent>
		<transform>
			<row0>	0.8930 -0.0065 -0.1116 0.0000	</row0>
			<row1>	-0.0044 0.8958 -0.0869 0.0000	</row1>
			<row2>	0.1117 0.0867 0.8888 0.0000	</row2>
			<row3>	-0.0044 0.5565 5.1707 1.0000	</row3>
		</transform>
	</node>
	<node>
		<identifier>	SP_YMS003_YHBR_M_1	</identifier>
		<parent>	Scene Root	</parent>
		<transform>
			<row0>	0.8930 0.0065 0.1116 0.0000	</row0>
			<row1>	0.0044 0.8958 -0.0868 0.0000	</row1>
			<row2>	-0.1117 0.0867 0.8888 0.0000	</row2>
			<row3>	0.0044 0.5565 5.1707 1.0000	</row3>
		</transform>
	</node>
	<node>
		<identifier>	SP_YMS004_YHXL_L_1	</identifier>
		<parent>	Scene Root	</parent>
		<transform>
			<row0>	0.6397 0.4014 -0.1546 0.0000	</row0>
			<row1>	-0.4103 0.6526 -0.0035 0.0000	</row1>
			<row2>	0.1290 0.0852 0.7552 0.0000	</row2>
			<row3>	-0.1060 0.3864 4.7663 1.0000	</row3>
		</transform>
	</node>
	<node>
		<identifier>	SP_YMS005_YHXR_L_1	</identifier>
		<parent>	Scene Root	</parent>
		<transform>
			<row0>	0.6397 -0.4014 0.1546 0.0000	</row0>
			<row1>	0.4103 0.6526 -0.0035 0.0000	</row1>
			<row2>	-0.1290 0.0852 0.7552 0.0000	</row2>
			<row3>	0.1060 0.3864 4.7663 1.0000	</row3>
		</transform>
	</node>
</ISD002_Paolo_Emilio_1942_Bow.skel_ext>
