<ISD002_Paolo_Emilio_1942_Stern.skel_ext>
	<exported>	true	</exported>
	<node>
		<identifier>	MP_CM001_Propeller3_L	</identifier>
		<parent>	Scene Root	</parent>
		<transform>
			<row0>	0.7840 0.0006 -0.0375 0.0000	</row0>
			<row1>	-0.0027 0.7837 -0.0428 0.0000	</row1>
			<row2>	0.0374 0.0428 0.7828 0.0000	</row2>
			<row3>	-0.2392 -0.2255 -4.2063 1.0000	</row3>
		</transform>
	</node>
	<node>
		<identifier>	MP_CM032_Propeller3_R	</identifier>
		<parent>	Scene Root	</parent>
		<transform>
			<row0>	0.7845 -0.0006 0.0375 0.0000	</row0>
			<row1>	0.0027 0.7842 -0.0428 0.0000	</row1>
			<row2>	-0.0374 0.0429 0.7833 0.0000	</row2>
			<row3>	0.2392 -0.2255 -4.2063 1.0000	</row3>
		</transform>
	</node>
	<node>
		<identifier>	MP_CM126_Cleat	</identifier>
		<parent>	Scene Root	</parent>
		<transform>
			<row0>	0.0000 0.0000 0.5459 0.0000	</row0>
			<row1>	0.5459 0.0000 0.0000 0.0000	</row1>
			<row2>	0.0000 0.5459 0.0000 0.0000	</row2>
			<row3>	-0.3790 0.3175 -3.0413 1.0000	</row3>
		</transform>
	</node>
	<node>
		<identifier>	MP_CM126_Cleat_INDEX_1	</identifier>
		<parent>	Scene Root	</parent>
		<transform>
			<row0>	0.0000 0.0000 -0.5459 0.0000	</row0>
			<row1>	-0.5459 0.0000 0.0000 0.0000	</row1>
			<row2>	0.0000 0.5459 0.0000 0.0000	</row2>
			<row3>	0.3790 0.3175 -3.0413 1.0000	</row3>
		</transform>
	</node>
	<node>
		<identifier>	MP_IM003_Crown	</identifier>
		<parent>	Scene Root	</parent>
		<transform>
			<row0>	1.0000 0.0000 0.0000 0.0000	</row0>
			<row1>	0.0000 1.0000 0.0000 0.0000	</row1>
			<row2>	0.0000 0.0000 1.0000 0.0000	</row2>
			<row3>	0.0000 0.2927 -5.0816 1.0000	</row3>
		</transform>
	</node>
	<node>
		<identifier>	MP_IM031_Fire_Fighting	</identifier>
		<parent>	Scene Root	</parent>
		<transform>
			<row0>	1.0000 0.0000 0.0000 0.0000	</row0>
			<row1>	0.0000 1.0000 0.0000 0.0000	</row1>
			<row2>	0.0000 0.0000 1.0000 0.0000	</row2>
			<row3>	0.0288 0.2909 -2.9710 1.0000	</row3>
		</transform>
	</node>
	<node>
		<identifier>	MP_IM032_Fire_Hose	</identifier>
		<parent>	Scene Root	</parent>
		<transform>
			<row0>	-0.9274 0.0000 -0.3740 0.0000	</row0>
			<row1>	0.0000 1.0000 0.0000 0.0000	</row1>
			<row2>	0.3740 0.0000 -0.9274 0.0000	</row2>
			<row3>	0.0605 0.3448 -2.9530 1.0000	</row3>
		</transform>
	</node>
	<node>
		<identifier>	MP_IM033_Life_Buoy	</identifier>
		<parent>	Scene Root	</parent>
		<transform>
			<row0>	0.1853 0.0000 -0.9827 0.0000	</row0>
			<row1>	0.0000 1.0000 0.0000 0.0000	</row1>
			<row2>	0.9827 0.0000 0.1853 0.0000	</row2>
			<row3>	-0.1971 0.3750 -4.5283 1.0000	</row3>
		</transform>
	</node>
	<node>
		<identifier>	MP_IM033_Life_Buoy_INDEX_1	</identifier>
		<parent>	Scene Root	</parent>
		<transform>
			<row0>	0.1853 0.0000 0.9827 0.0000	</row0>
			<row1>	0.0000 1.0000 0.0000 0.0000	</row1>
			<row2>	-0.9827 0.0000 0.1853 0.0000	</row2>
			<row3>	0.1971 0.3750 -4.5283 1.0000	</row3>
		</transform>
	</node>
	<node>
		<identifier>	MP_IM033_Life_Buoy_INDEX_2	</identifier>
		<parent>	Scene Root	</parent>
		<transform>
			<row0>	0.0961 0.0000 0.9954 0.0000	</row0>
			<row1>	0.0000 1.0000 0.0000 0.0000	</row1>
			<row2>	-0.9954 0.0000 0.0961 0.0000	</row2>
			<row3>	0.3503 0.3617 -3.3267 1.0000	</row3>
		</transform>
	</node>
	<node>
		<identifier>	MP_IM033_Life_Buoy_INDEX_3	</identifier>
		<parent>	Scene Root	</parent>
		<transform>
			<row0>	0.0961 0.0000 -0.9954 0.0000	</row0>
			<row1>	0.0000 1.0000 0.0000 0.0000	</row1>
			<row2>	0.9954 0.0000 0.0961 0.0000	</row2>
			<row3>	-0.3503 0.3617 -3.3267 1.0000	</row3>
		</transform>
	</node>
</ISD002_Paolo_Emilio_1942_Stern.skel_ext>
