<FSB038_Patrie_1957_Stern_ep.skel_ext>
	<exported>	false	</exported>
	<node>
		<identifier>	EP_Death_3	</identifier>
		<parent>	Scene Root	</parent>
		<transform>
			<row0>	1.0000 0.0000 0.0000 0.0000	</row0>
			<row1>	0.0000 1.0000 0.0000 0.0000	</row1>
			<row2>	0.0000 0.0000 1.0000 0.0000	</row2>
			<row3>	0.0000 0.0000 -6.4040 1.0000	</row3>
		</transform>
	</node>
	<node>
		<identifier>	EP_Fire_4	</identifier>
		<parent>	Scene Root	</parent>
		<transform>
			<row0>	1.0000 0.0000 0.0000 0.0000	</row0>
			<row1>	0.0000 1.0000 0.0000 0.0000	</row1>
			<row2>	0.0000 0.0000 1.0000 0.0000	</row2>
			<row3>	0.0000 0.4941 -7.4214 1.0000	</row3>
		</transform>
	</node>
	<node>
		<identifier>	EP_Flood_water_left	</identifier>
		<parent>	Scene Root	</parent>
		<transform>
			<row0>	-0.9901 0.0000 -0.1407 0.0000	</row0>
			<row1>	0.0000 1.0000 0.0000 0.0000	</row1>
			<row2>	0.1407 0.0000 -0.9901 0.0000	</row2>
			<row3>	-0.9664 0.0661 -5.9518 1.0000	</row3>
		</transform>
	</node>
	<node>
		<identifier>	EP_Flood_water_right	</identifier>
		<parent>	Scene Root	</parent>
		<transform>
			<row0>	0.9898 0.0000 -0.1424 0.0000	</row0>
			<row1>	0.0000 1.0000 0.0000 0.0000	</row1>
			<row2>	0.1424 0.0000 0.9898 0.0000	</row2>
			<row3>	0.9663 0.0659 -5.9496 1.0000	</row3>
		</transform>
	</node>
	<node>
		<identifier>	EP_RepairLight_left_1	</identifier>
		<parent>	Scene Root	</parent>
		<transform>
			<row0>	-0.0986 0.0000 0.9951 0.0000	</row0>
			<row1>	0.0000 1.0000 0.0000 0.0000	</row1>
			<row2>	-0.9951 0.0000 -0.0986 0.0000	</row2>
			<row3>	-1.0779 0.5315 -4.7992 1.0000	</row3>
		</transform>
	</node>
	<node>
		<identifier>	EP_RepairLight_right_1	</identifier>
		<parent>	Scene Root	</parent>
		<transform>
			<row0>	-0.1055 0.0000 -0.9944 0.0000	</row0>
			<row1>	0.0274 0.9996 -0.0029 0.0000	</row1>
			<row2>	0.9940 -0.0276 -0.1054 0.0000	</row2>
			<row3>	1.0013 0.5341 -5.7673 1.0000	</row3>
		</transform>
	</node>
	<node>
		<identifier>	EP_WakeTraceBack	</identifier>
		<parent>	Scene Root	</parent>
		<transform>
			<row0>	1.0000 0.0000 0.0000 0.0000	</row0>
			<row1>	0.0000 1.0000 0.0000 0.0000	</row1>
			<row2>	0.0000 0.0000 1.0000 0.0000	</row2>
			<row3>	0.0000 0.0000 -10.3726 1.0000	</row3>
		</transform>
	</node>
	<node>
		<identifier>	EP_WakeTrace_screw_1	</identifier>
		<parent>	Scene Root	</parent>
		<transform>
			<row0>	1.0000 0.0000 0.0000 0.0000	</row0>
			<row1>	0.0000 1.0000 0.0000 0.0000	</row1>
			<row2>	0.0000 0.0000 1.0000 0.0000	</row2>
			<row3>	-0.6916 -0.5708 -7.5425 1.0000	</row3>
		</transform>
	</node>
	<node>
		<identifier>	EP_WakeTrace_screw_2	</identifier>
		<parent>	Scene Root	</parent>
		<transform>
			<row0>	1.0000 0.0000 0.0000 0.0000	</row0>
			<row1>	0.0000 1.0000 0.0000 0.0000	</row1>
			<row2>	0.0000 0.0000 1.0000 0.0000	</row2>
			<row3>	-0.3709 -0.5686 -8.6720 1.0000	</row3>
		</transform>
	</node>
	<node>
		<identifier>	EP_WakeTrace_screw_3	</identifier>
		<parent>	Scene Root	</parent>
		<transform>
			<row0>	1.0000 0.0000 0.0000 0.0000	</row0>
			<row1>	0.0000 1.0000 0.0000 0.0000	</row1>
			<row2>	0.0000 0.0000 1.0000 0.0000	</row2>
			<row3>	0.3709 -0.5686 -8.6720 1.0000	</row3>
		</transform>
	</node>
	<node>
		<identifier>	EP_WakeTrace_screw_4	</identifier>
		<parent>	Scene Root	</parent>
		<transform>
			<row0>	1.0000 0.0000 0.0000 0.0000	</row0>
			<row1>	0.0000 1.0000 0.0000 0.0000	</row1>
			<row2>	0.0000 0.0000 1.0000 0.0000	</row2>
			<row3>	0.6916 -0.5708 -7.5425 1.0000	</row3>
		</transform>
	</node>
</FSB038_Patrie_1957_Stern_ep.skel_ext>
