<BSB302_Royal_Sovereign_1944_MidBack_ports.visual>
	<skeleton>
		<node>
			<identifier>	Scene Root	</identifier>
			<transform>
				<row0>	1.0000 0.0000 0.0000 0.0000	</row0>
				<row1>	0.0000 1.0000 0.0000 0.0000	</row1>
				<row2>	0.0000 0.0000 1.0000 0.0000	</row2>
				<row3>	0.0000 0.0000 0.0000 1.0000	</row3>
			</transform>
			<node>
				<identifier>	MidBack_ports	</identifier>
				<transform>
					<row0>	1.0000 0.0000 0.0000 0.0000	</row0>
					<row1>	0.0000 1.0000 0.0000 0.0000	</row1>
					<row2>	0.0000 0.0000 1.0000 0.0000	</row2>
					<row3>	0.0000 0.0000 0.0000 1.0000	</row3>
				</transform>
				<node>
					<identifier>	HP_Ship_death_2	</identifier>
					<transform>
						<row0>	1.0000 0.0000 0.0000 0.0000	</row0>
						<row1>	0.0000 1.0000 0.0000 0.0000	</row1>
						<row2>	0.0000 0.0000 1.0000 0.0000	</row2>
						<row3>	0.0000 0.0000 -1.1262 1.0000	</row3>
					</transform>
				</node>
				<node>
					<identifier>	HP_FX_Fire_3	</identifier>
					<transform>
						<row0>	1.0000 0.0000 0.0000 0.0000	</row0>
						<row1>	0.0000 1.0000 0.0000 0.0000	</row1>
						<row2>	0.0000 0.0000 1.0000 0.0000	</row2>
						<row3>	0.0000 0.5975 -1.4627 1.0000	</row3>
					</transform>
				</node>
				<node>
					<identifier>	HP_FX_Fire_3_side_1	</identifier>
					<transform>
						<row0>	0.9981 0.0000 -0.0623 0.0000	</row0>
						<row1>	0.0000 1.0000 0.0000 0.0000	</row1>
						<row2>	0.0623 0.0000 0.9981 0.0000	</row2>
						<row3>	0.5977 0.2744 -2.6096 1.0000	</row3>
					</transform>
				</node>
				<node>
					<identifier>	HP_FX_Fire_3_side_2	</identifier>
					<transform>
						<row0>	0.9981 0.0000 0.0623 0.0000	</row0>
						<row1>	0.0000 1.0000 0.0000 0.0000	</row1>
						<row2>	-0.0623 0.0000 0.9981 0.0000	</row2>
						<row3>	-0.6763 0.2646 -1.9365 1.0000	</row3>
					</transform>
				</node>
				<node>
					<identifier>	HP_FX_FloodLight_left_2	</identifier>
					<transform>
						<row0>	-1.0000 0.0000 0.0000 0.0000	</row0>
						<row1>	0.0000 1.0000 0.0000 0.0000	</row1>
						<row2>	0.0000 0.0000 -1.0000 0.0000	</row2>
						<row3>	-0.2351 0.5610 -1.8415 1.0000	</row3>
					</transform>
				</node>
				<node>
					<identifier>	HP_FX_FloodLight_right_2	</identifier>
					<transform>
						<row0>	1.0000 0.0000 0.0000 0.0000	</row0>
						<row1>	0.0000 1.0000 0.0000 0.0000	</row1>
						<row2>	0.0000 0.0000 1.0000 0.0000	</row2>
						<row3>	0.2340 0.5618 -1.8403 1.0000	</row3>
					</transform>
				</node>
				<node>
					<identifier>	HP_FX_RepairLight_left_2	</identifier>
					<transform>
						<row0>	-0.0826 0.0000 0.9966 0.0000	</row0>
						<row1>	-0.3529 0.9352 -0.0292 0.0000	</row1>
						<row2>	-0.9320 -0.3541 -0.0772 0.0000	</row2>
						<row3>	-0.7879 0.2591 -3.7310 1.0000	</row3>
					</transform>
				</node>
				<node>
					<identifier>	HP_BD_1	</identifier>
					<transform>
						<row0>	1.0000 0.0000 0.0000 0.0000	</row0>
						<row1>	0.0000 1.0000 0.0000 0.0000	</row1>
						<row2>	0.0000 0.0000 1.0000 0.0000	</row2>
						<row3>	0.0000 1.0185 1.5784 1.0000	</row3>
					</transform>
				</node>
				<node>
					<identifier>	HP_BD_10	</identifier>
					<transform>
						<row0>	-1.0000 0.0000 0.0000 0.0000	</row0>
						<row1>	0.0000 1.0000 0.0000 0.0000	</row1>
						<row2>	0.0000 0.0000 -1.0000 0.0000	</row2>
						<row3>	0.0000 0.8674 -1.8816 1.0000	</row3>
					</transform>
				</node>
				<node>
					<identifier>	HP_BD_2	</identifier>
					<transform>
						<row0>	0.0000 0.0000 1.0000 0.0000	</row0>
						<row1>	0.0000 1.0000 0.0000 0.0000	</row1>
						<row2>	-1.0000 0.0000 0.0000 0.0000	</row2>
						<row3>	-0.1617 1.4263 1.2234 1.0000	</row3>
					</transform>
				</node>
				<node>
					<identifier>	HP_BD_3	</identifier>
					<transform>
						<row0>	0.0000 0.0000 -1.0000 0.0000	</row0>
						<row1>	0.0000 1.0000 0.0000 0.0000	</row1>
						<row2>	1.0000 0.0000 0.0000 0.0000	</row2>
						<row3>	0.1617 1.4263 1.2234 1.0000	</row3>
					</transform>
				</node>
				<node>
					<identifier>	HP_BD_4	</identifier>
					<transform>
						<row0>	1.0000 0.0000 0.0000 0.0000	</row0>
						<row1>	0.0000 1.0000 0.0000 0.0000	</row1>
						<row2>	0.0000 0.0000 1.0000 0.0000	</row2>
						<row3>	0.0000 2.0655 1.2047 1.0000	</row3>
					</transform>
				</node>
				<node>
					<identifier>	HP_BD_5	</identifier>
					<transform>
						<row0>	1.0000 0.0000 0.0000 0.0000	</row0>
						<row1>	0.0000 1.0000 0.0000 0.0000	</row1>
						<row2>	0.0000 0.0000 1.0000 0.0000	</row2>
						<row3>	0.0000 2.4448 1.0211 1.0000	</row3>
					</transform>
				</node>
				<node>
					<identifier>	HP_BD_6	</identifier>
					<transform>
						<row0>	0.0000 0.0000 1.0000 0.0000	</row0>
						<row1>	0.0000 1.0000 0.0000 0.0000	</row1>
						<row2>	-1.0000 0.0000 0.0000 0.0000	</row2>
						<row3>	-0.2191 1.3868 0.9620 1.0000	</row3>
					</transform>
				</node>
				<node>
					<identifier>	HP_BD_7	</identifier>
					<transform>
						<row0>	0.0000 0.0000 -1.0000 0.0000	</row0>
						<row1>	0.0000 1.0000 0.0000 0.0000	</row1>
						<row2>	1.0000 0.0000 0.0000 0.0000	</row2>
						<row3>	0.2191 1.3868 0.9620 1.0000	</row3>
					</transform>
				</node>
				<node>
					<identifier>	HP_BD_8	</identifier>
					<transform>
						<row0>	0.0000 0.0000 1.0000 0.0000	</row0>
						<row1>	0.0000 1.0000 0.0000 0.0000	</row1>
						<row2>	-1.0000 0.0000 0.0000 0.0000	</row2>
						<row3>	-0.4022 1.1709 0.9207 1.0000	</row3>
					</transform>
				</node>
				<node>
					<identifier>	HP_BD_9	</identifier>
					<transform>
						<row0>	0.0000 0.0000 -1.0000 0.0000	</row0>
						<row1>	0.0000 1.0000 0.0000 0.0000	</row1>
						<row2>	1.0000 0.0000 0.0000 0.0000	</row2>
						<row3>	0.4022 1.1709 0.9207 1.0000	</row3>
					</transform>
				</node>
				<node>
					<identifier>	HP_BF_1	</identifier>
					<transform>
						<row0>	0.0000 0.0000 1.0000 0.0000	</row0>
						<row1>	0.0000 1.0000 0.0000 0.0000	</row1>
						<row2>	-1.0000 0.0000 0.0000 0.0000	</row2>
						<row3>	-0.2318 1.2059 0.9840 1.0000	</row3>
					</transform>
				</node>
				<node>
					<identifier>	HP_BF_2	</identifier>
					<transform>
						<row0>	0.0000 0.0000 -1.0000 0.0000	</row0>
						<row1>	0.0000 1.0000 0.0000 0.0000	</row1>
						<row2>	1.0000 0.0000 0.0000 0.0000	</row2>
						<row3>	0.2318 1.2059 0.9840 1.0000	</row3>
					</transform>
				</node>
				<node>
					<identifier>	HP_BGA_1	</identifier>
					<transform>
						<row0>	0.7071 0.0000 0.7071 0.0000	</row0>
						<row1>	0.0000 1.0000 0.0000 0.0000	</row1>
						<row2>	-0.7071 0.0000 0.7071 0.0000	</row2>
						<row3>	-0.2946 0.8182 1.5074 1.0000	</row3>
					</transform>
				</node>
				<node>
					<identifier>	HP_BGA_10	</identifier>
					<transform>
						<row0>	0.0000 0.0000 -1.0000 0.0000	</row0>
						<row1>	0.0000 1.0000 0.0000 0.0000	</row1>
						<row2>	1.0000 0.0000 0.0000 0.0000	</row2>
						<row3>	0.3664 1.0108 0.5972 1.0000	</row3>
					</transform>
				</node>
				<node>
					<identifier>	HP_BGA_11	</identifier>
					<transform>
						<row0>	0.0000 0.0000 1.0000 0.0000	</row0>
						<row1>	0.0000 1.0000 0.0000 0.0000	</row1>
						<row2>	-1.0000 0.0000 0.0000 0.0000	</row2>
						<row3>	-0.4969 0.8027 0.1078 1.0000	</row3>
					</transform>
				</node>
				<node>
					<identifier>	HP_BGA_12	</identifier>
					<transform>
						<row0>	0.0000 0.0000 -1.0000 0.0000	</row0>
						<row1>	0.0000 1.0000 0.0000 0.0000	</row1>
						<row2>	1.0000 0.0000 0.0000 0.0000	</row2>
						<row3>	0.4969 0.8027 0.1078 1.0000	</row3>
					</transform>
				</node>
				<node>
					<identifier>	HP_BGA_13	</identifier>
					<transform>
						<row0>	-0.7071 0.0000 0.7071 0.0000	</row0>
						<row1>	0.0000 1.0000 0.0000 0.0000	</row1>
						<row2>	-0.7071 0.0000 -0.7071 0.0000	</row2>
						<row3>	-0.6000 0.5718 -1.1171 1.0000	</row3>
					</transform>
				</node>
				<node>
					<identifier>	HP_BGA_14	</identifier>
					<transform>
						<row0>	-0.7071 0.0000 -0.7071 0.0000	</row0>
						<row1>	0.0000 1.0000 0.0000 0.0000	</row1>
						<row2>	0.7071 0.0000 -0.7071 0.0000	</row2>
						<row3>	0.6000 0.5718 -1.1171 1.0000	</row3>
					</transform>
				</node>
				<node>
					<identifier>	HP_BGA_15	</identifier>
					<transform>
						<row0>	-0.7071 0.0000 0.7071 0.0000	</row0>
						<row1>	0.0000 1.0000 0.0000 0.0000	</row1>
						<row2>	-0.7071 0.0000 -0.7071 0.0000	</row2>
						<row3>	-0.4046 0.5754 -1.3104 1.0000	</row3>
					</transform>
				</node>
				<node>
					<identifier>	HP_BGA_16	</identifier>
					<transform>
						<row0>	-0.7071 0.0000 -0.7071 0.0000	</row0>
						<row1>	0.0000 1.0000 0.0000 0.0000	</row1>
						<row2>	0.7071 0.0000 -0.7071 0.0000	</row2>
						<row3>	0.4046 0.5754 -1.3104 1.0000	</row3>
					</transform>
				</node>
				<node>
					<identifier>	HP_BGA_17	</identifier>
					<transform>
						<row0>	-0.7071 0.0000 0.7071 0.0000	</row0>
						<row1>	0.0000 1.0000 0.0000 0.0000	</row1>
						<row2>	-0.7071 0.0000 -0.7071 0.0000	</row2>
						<row3>	-0.6795 0.4178 -1.4426 1.0000	</row3>
					</transform>
				</node>
				<node>
					<identifier>	HP_BGA_18	</identifier>
					<transform>
						<row0>	-0.7071 0.0000 -0.7071 0.0000	</row0>
						<row1>	0.0000 1.0000 0.0000 0.0000	</row1>
						<row2>	0.7071 0.0000 -0.7071 0.0000	</row2>
						<row3>	0.6795 0.4178 -1.4426 1.0000	</row3>
					</transform>
				</node>
				<node>
					<identifier>	HP_BGA_19	</identifier>
					<transform>
						<row0>	-0.7071 0.0000 0.7071 0.0000	</row0>
						<row1>	0.0000 1.0000 0.0000 0.0000	</row1>
						<row2>	-0.7071 0.0000 -0.7071 0.0000	</row2>
						<row3>	-0.5434 0.4220 -1.6632 1.0000	</row3>
					</transform>
				</node>
				<node>
					<identifier>	HP_BGA_2	</identifier>
					<transform>
						<row0>	0.7071 0.0000 -0.7071 0.0000	</row0>
						<row1>	0.0000 1.0000 0.0000 0.0000	</row1>
						<row2>	0.7071 0.0000 0.7071 0.0000	</row2>
						<row3>	0.2946 0.8182 1.5074 1.0000	</row3>
					</transform>
				</node>
				<node>
					<identifier>	HP_BGA_20	</identifier>
					<transform>
						<row0>	-0.7071 0.0000 -0.7071 0.0000	</row0>
						<row1>	0.0000 1.0000 0.0000 0.0000	</row1>
						<row2>	0.7071 0.0000 -0.7071 0.0000	</row2>
						<row3>	0.5434 0.4220 -1.6632 1.0000	</row3>
					</transform>
				</node>
				<node>
					<identifier>	HP_BGA_21	</identifier>
					<transform>
						<row0>	-0.7071 0.0000 0.7071 0.0000	</row0>
						<row1>	0.0000 1.0000 0.0000 0.0000	</row1>
						<row2>	-0.7071 0.0000 -0.7071 0.0000	</row2>
						<row3>	-0.5513 0.4231 -1.8969 1.0000	</row3>
					</transform>
				</node>
				<node>
					<identifier>	HP_BGA_22	</identifier>
					<transform>
						<row0>	-0.7071 0.0000 -0.7071 0.0000	</row0>
						<row1>	0.0000 1.0000 0.0000 0.0000	</row1>
						<row2>	0.7071 0.0000 -0.7071 0.0000	</row2>
						<row3>	0.5513 0.4231 -1.8969 1.0000	</row3>
					</transform>
				</node>
				<node>
					<identifier>	HP_BGA_23	</identifier>
					<transform>
						<row0>	-0.7071 0.0000 0.7071 0.0000	</row0>
						<row1>	0.0000 1.0000 0.0000 0.0000	</row1>
						<row2>	-0.7071 0.0000 -0.7071 0.0000	</row2>
						<row3>	-0.5509 0.2678 -2.6649 1.0000	</row3>
					</transform>
				</node>
				<node>
					<identifier>	HP_BGA_24	</identifier>
					<transform>
						<row0>	-0.7071 0.0000 -0.7071 0.0000	</row0>
						<row1>	0.0000 1.0000 0.0000 0.0000	</row1>
						<row2>	0.7071 0.0000 -0.7071 0.0000	</row2>
						<row3>	0.5509 0.2678 -2.6649 1.0000	</row3>
					</transform>
				</node>
				<node>
					<identifier>	HP_BGA_25	</identifier>
					<transform>
						<row0>	-1.0000 0.0000 0.0000 0.0000	</row0>
						<row1>	0.0000 1.0000 0.0000 0.0000	</row1>
						<row2>	0.0000 0.0000 -1.0000 0.0000	</row2>
						<row3>	0.0000 0.2791 -5.3101 1.0000	</row3>
					</transform>
				</node>
				<node>
					<identifier>	HP_BGA_26	</identifier>
					<transform>
						<row0>	-1.0000 0.0000 0.0000 0.0000	</row0>
						<row1>	0.0000 1.0000 0.0000 0.0000	</row1>
						<row2>	0.0000 0.0000 -1.0000 0.0000	</row2>
						<row3>	0.0950 0.2793 -5.5264 1.0000	</row3>
					</transform>
				</node>
				<node>
					<identifier>	HP_BGA_27	</identifier>
					<transform>
						<row0>	-1.0000 0.0000 0.0000 0.0000	</row0>
						<row1>	0.0000 1.0000 0.0000 0.0000	</row1>
						<row2>	0.0000 0.0000 -1.0000 0.0000	</row2>
						<row3>	-0.0950 0.2796 -5.5951 1.0000	</row3>
					</transform>
				</node>
				<node>
					<identifier>	HP_BGA_28	</identifier>
					<transform>
						<row0>	-1.0000 0.0000 0.0000 0.0000	</row0>
						<row1>	0.0000 1.0000 0.0000 0.0000	</row1>
						<row2>	0.0000 0.0000 -1.0000 0.0000	</row2>
						<row3>	0.0000 0.2848 -5.8131 1.0000	</row3>
					</transform>
				</node>
				<node>
					<identifier>	HP_BGA_3	</identifier>
					<transform>
						<row0>	0.7071 0.0000 0.7071 0.0000	</row0>
						<row1>	0.0000 1.0000 0.0000 0.0000	</row1>
						<row2>	-0.7071 0.0000 0.7071 0.0000	</row2>
						<row3>	-0.4600 0.6112 1.4632 1.0000	</row3>
					</transform>
				</node>
				<node>
					<identifier>	HP_BGA_4	</identifier>
					<transform>
						<row0>	0.7071 0.0000 -0.7071 0.0000	</row0>
						<row1>	0.0000 1.0000 0.0000 0.0000	</row1>
						<row2>	0.7071 0.0000 0.7071 0.0000	</row2>
						<row3>	0.4600 0.6112 1.4632 1.0000	</row3>
					</transform>
				</node>
				<node>
					<identifier>	HP_BGA_5	</identifier>
					<transform>
						<row0>	0.7071 0.0000 0.7071 0.0000	</row0>
						<row1>	0.0000 1.0000 0.0000 0.0000	</row1>
						<row2>	-0.7071 0.0000 0.7071 0.0000	</row2>
						<row3>	-0.3566 0.8467 1.2360 1.0000	</row3>
					</transform>
				</node>
				<node>
					<identifier>	HP_BGA_6	</identifier>
					<transform>
						<row0>	0.7071 0.0000 -0.7071 0.0000	</row0>
						<row1>	0.0000 1.0000 0.0000 0.0000	</row1>
						<row2>	0.7071 0.0000 0.7071 0.0000	</row2>
						<row3>	0.3564 0.8466 1.2360 1.0000	</row3>
					</transform>
				</node>
				<node>
					<identifier>	HP_BGA_7	</identifier>
					<transform>
						<row0>	0.0000 0.0000 1.0000 0.0000	</row0>
						<row1>	0.0000 1.0000 0.0000 0.0000	</row1>
						<row2>	-1.0000 0.0000 0.0000 0.0000	</row2>
						<row3>	-0.7771 0.4100 1.1545 1.0000	</row3>
					</transform>
				</node>
				<node>
					<identifier>	HP_BGA_8	</identifier>
					<transform>
						<row0>	0.0000 0.0000 -1.0000 0.0000	</row0>
						<row1>	0.0000 1.0000 0.0000 0.0000	</row1>
						<row2>	1.0000 0.0000 0.0000 0.0000	</row2>
						<row3>	0.7771 0.4100 1.1545 1.0000	</row3>
					</transform>
				</node>
				<node>
					<identifier>	HP_BGA_9	</identifier>
					<transform>
						<row0>	0.0000 0.0000 1.0000 0.0000	</row0>
						<row1>	0.0000 1.0000 0.0000 0.0000	</row1>
						<row2>	-1.0000 0.0000 0.0000 0.0000	</row2>
						<row3>	-0.3664 1.0108 0.5972 1.0000	</row3>
					</transform>
				</node>
				<node>
					<identifier>	HP_BGM_2	</identifier>
					<transform>
						<row0>	1.0000 0.0000 0.0000 0.0000	</row0>
						<row1>	0.0000 1.0000 0.0000 0.0000	</row1>
						<row2>	0.0000 0.0000 1.0000 0.0000	</row2>
						<row3>	0.0000 0.6851 2.4036 1.0000	</row3>
					</transform>
				</node>
				<node>
					<identifier>	HP_BGM_3	</identifier>
					<transform>
						<row0>	-1.0000 0.0000 0.0000 0.0000	</row0>
						<row1>	0.0000 1.0000 0.0000 0.0000	</row1>
						<row2>	0.0000 0.0000 -1.0000 0.0000	</row2>
						<row3>	0.0000 0.5319 -2.5976 1.0000	</row3>
					</transform>
				</node>
				<node>
					<identifier>	HP_BGM_4	</identifier>
					<transform>
						<row0>	-1.0000 0.0000 0.0000 0.0000	</row0>
						<row1>	0.0000 1.0000 0.0000 0.0000	</row1>
						<row2>	0.0000 0.0000 -1.0000 0.0000	</row2>
						<row3>	0.0000 0.3285 -3.5735 1.0000	</row3>
					</transform>
				</node>
				<node>
					<identifier>	HP_BGS_1	</identifier>
					<transform>
						<row0>	0.0000 0.0000 1.0000 0.0000	</row0>
						<row1>	0.0000 1.0000 0.0000 0.0000	</row1>
						<row2>	-1.0000 0.0000 0.0000 0.0000	</row2>
						<row3>	-0.7176 0.5677 0.5116 1.0000	</row3>
					</transform>
				</node>
				<node>
					<identifier>	HP_BGS_10	</identifier>
					<transform>
						<row0>	-0.9848 0.0000 -0.1736 0.0000	</row0>
						<row1>	0.0000 1.0000 0.0000 0.0000	</row1>
						<row2>	0.1736 0.0000 -0.9848 0.0000	</row2>
						<row3>	0.7965 0.3105 -1.0135 1.0000	</row3>
					</transform>
				</node>
				<node>
					<identifier>	HP_BGS_11	</identifier>
					<transform>
						<row0>	-0.9848 0.0000 0.1736 0.0000	</row0>
						<row1>	0.0000 1.0000 0.0000 0.0000	</row1>
						<row2>	-0.1736 0.0000 -0.9848 0.0000	</row2>
						<row3>	-0.6779 0.3135 -1.5439 1.0000	</row3>
					</transform>
				</node>
				<node>
					<identifier>	HP_BGS_12	</identifier>
					<transform>
						<row0>	-0.9848 0.0000 -0.1736 0.0000	</row0>
						<row1>	0.0000 1.0000 0.0000 0.0000	</row1>
						<row2>	0.1736 0.0000 -0.9848 0.0000	</row2>
						<row3>	0.6779 0.3135 -1.5439 1.0000	</row3>
					</transform>
				</node>
				<node>
					<identifier>	HP_BGS_2	</identifier>
					<transform>
						<row0>	0.0000 0.0000 -1.0000 0.0000	</row0>
						<row1>	0.0000 1.0000 0.0000 0.0000	</row1>
						<row2>	1.0000 0.0000 0.0000 0.0000	</row2>
						<row3>	0.7176 0.5677 0.5116 1.0000	</row3>
					</transform>
				</node>
				<node>
					<identifier>	HP_BGS_3	</identifier>
					<transform>
						<row0>	0.9397 0.0000 0.3420 0.0000	</row0>
						<row1>	0.0000 1.0000 0.0000 0.0000	</row1>
						<row2>	-0.3420 0.0000 0.9397 0.0000	</row2>
						<row3>	-0.8167 0.3072 0.1273 1.0000	</row3>
					</transform>
				</node>
				<node>
					<identifier>	HP_BGS_4	</identifier>
					<transform>
						<row0>	0.9397 0.0000 -0.3420 0.0000	</row0>
						<row1>	0.0000 1.0000 0.0000 0.0000	</row1>
						<row2>	0.3420 0.0000 0.9397 0.0000	</row2>
						<row3>	0.8167 0.3072 0.1273 1.0000	</row3>
					</transform>
				</node>
				<node>
					<identifier>	HP_BGS_5	</identifier>
					<transform>
						<row0>	0.9397 0.0000 0.3420 0.0000	</row0>
						<row1>	0.0000 1.0000 0.0000 0.0000	</row1>
						<row2>	-0.3420 0.0000 0.9397 0.0000	</row2>
						<row3>	-0.8144 0.3090 -0.4035 1.0000	</row3>
					</transform>
				</node>
				<node>
					<identifier>	HP_BGS_6	</identifier>
					<transform>
						<row0>	0.9397 0.0000 -0.3420 0.0000	</row0>
						<row1>	0.0000 1.0000 0.0000 0.0000	</row1>
						<row2>	0.3420 0.0000 0.9397 0.0000	</row2>
						<row3>	0.8144 0.3090 -0.4035 1.0000	</row3>
					</transform>
				</node>
				<node>
					<identifier>	HP_BGS_7	</identifier>
					<transform>
						<row0>	0.0000 0.0000 1.0000 0.0000	</row0>
						<row1>	0.0000 1.0000 0.0000 0.0000	</row1>
						<row2>	-1.0000 0.0000 0.0000 0.0000	</row2>
						<row3>	-0.7003 0.5714 -0.7273 1.0000	</row3>
					</transform>
				</node>
				<node>
					<identifier>	HP_BGS_8	</identifier>
					<transform>
						<row0>	0.0000 0.0000 -1.0000 0.0000	</row0>
						<row1>	0.0000 1.0000 0.0000 0.0000	</row1>
						<row2>	1.0000 0.0000 0.0000 0.0000	</row2>
						<row3>	0.7003 0.5714 -0.7273 1.0000	</row3>
					</transform>
				</node>
				<node>
					<identifier>	HP_BGS_9	</identifier>
					<transform>
						<row0>	-0.9848 0.0000 0.1736 0.0000	</row0>
						<row1>	0.0000 1.0000 0.0000 0.0000	</row1>
						<row2>	-0.1736 0.0000 -0.9848 0.0000	</row2>
						<row3>	-0.7965 0.3105 -1.0135 1.0000	</row3>
					</transform>
				</node>
				<node>
					<identifier>	HP_BRF_1	</identifier>
					<transform>
						<row0>	1.0000 0.0000 0.0000 0.0000	</row0>
						<row1>	0.0000 1.0000 0.0000 0.0000	</row1>
						<row2>	0.0000 0.0000 1.0000 0.0000	</row2>
						<row3>	0.0526 2.4079 1.2558 1.0000	</row3>
					</transform>
				</node>
				<node>
					<identifier>	HP_BRS_1	</identifier>
					<transform>
						<row0>	1.0000 0.0000 0.0000 0.0000	</row0>
						<row1>	0.0000 1.0000 0.0000 0.0000	</row1>
						<row2>	0.0000 0.0000 1.0000 0.0000	</row2>
						<row3>	0.0000 2.8200 0.8168 1.0000	</row3>
					</transform>
				</node>
				<node>
					<identifier>	HP_BRS_2	</identifier>
					<transform>
						<row0>	1.0000 0.0000 0.0000 0.0000	</row0>
						<row1>	0.0000 1.0000 0.0000 0.0000	</row1>
						<row2>	0.0000 0.0000 1.0000 0.0000	</row2>
						<row3>	0.0000 2.2146 -1.2698 1.0000	</row3>
					</transform>
				</node>
				<node>
					<identifier>	HP_BRS_3	</identifier>
					<transform>
						<row0>	1.0000 0.0000 0.0000 0.0000	</row0>
						<row1>	0.0000 1.0000 0.0000 0.0000	</row1>
						<row2>	0.0000 0.0000 1.0000 0.0000	</row2>
						<row3>	0.0000 2.6556 -1.4467 1.0000	</row3>
					</transform>
				</node>
				<node>
					<identifier>	HP_Flagpole	</identifier>
					<transform>
						<row0>	-0.0100 0.0000 0.0000 0.0000	</row0>
						<row1>	0.0000 0.0096 -0.0029 0.0000	</row1>
						<row2>	0.0000 -0.0029 -0.0096 0.0000	</row2>
						<row3>	0.0000 2.8118 0.5991 1.0000	</row3>
					</transform>
				</node>
				<node>
					<identifier>	HP_flag_1	</identifier>
					<transform>
						<row0>	0.9704 -0.2381 -0.0398 0.0000	</row0>
						<row1>	0.2381 0.9169 0.3204 0.0000	</row1>
						<row2>	-0.0398 -0.3204 0.9464 0.0000	</row2>
						<row3>	0.4739 2.2090 0.9145 1.0000	</row3>
					</transform>
				</node>
				<node>
					<identifier>	HP_flag_2	</identifier>
					<transform>
						<row0>	0.9704 0.2381 0.0398 0.0000	</row0>
						<row1>	-0.2381 0.9169 0.3204 0.0000	</row1>
						<row2>	0.0398 -0.3204 0.9464 0.0000	</row2>
						<row3>	-0.4745 2.2092 0.9136 1.0000	</row3>
					</transform>
				</node>
				<node>
					<identifier>	HP_flag_3	</identifier>
					<transform>
						<row0>	0.9781 -0.2060 -0.0312 0.0000	</row0>
						<row1>	0.2060 0.9338 0.2925 0.0000	</row1>
						<row2>	-0.0312 -0.2925 0.9557 0.0000	</row2>
						<row3>	0.3831 2.2085 0.9147 1.0000	</row3>
					</transform>
				</node>
				<node>
					<identifier>	HP_flag_4	</identifier>
					<transform>
						<row0>	0.9781 0.2060 0.0312 0.0000	</row0>
						<row1>	-0.2060 0.9338 0.2925 0.0000	</row1>
						<row2>	0.0312 -0.2925 0.9557 0.0000	</row2>
						<row3>	-0.3837 2.2081 0.9156 1.0000	</row3>
					</transform>
				</node>
				<node>
					<identifier>	HP_flag_courtesy	</identifier>
					<transform>
						<row0>	0.9936 -0.1133 -0.0047 0.0000	</row0>
						<row1>	0.1133 0.9901 0.0823 0.0000	</row1>
						<row2>	-0.0047 -0.0823 0.9966 0.0000	</row2>
						<row3>	0.2697 2.0304 -1.3944 1.0000	</row3>
					</transform>
				</node>
				<node>
					<identifier>	HP_flag_house	</identifier>
					<transform>
						<row0>	0.9936 0.1133 0.0047 0.0000	</row0>
						<row1>	-0.1133 0.9901 0.0823 0.0000	</row1>
						<row2>	0.0047 -0.0823 0.9966 0.0000	</row2>
						<row3>	-0.2708 2.0303 -1.3943 1.0000	</row3>
					</transform>
				</node>
				<node>
					<identifier>	HP_flag_nation	</identifier>
					<transform>
						<row0>	1.0000 0.0000 0.0000 0.0000	</row0>
						<row1>	0.0000 0.9702 -0.2423 0.0000	</row1>
						<row2>	0.0000 0.2423 0.9702 0.0000	</row2>
						<row3>	-0.0006 2.3970 -1.9317 1.0000	</row3>
					</transform>
				</node>
				<node>
					<identifier>	HP_flag_rank	</identifier>
					<transform>
						<row0>	1.0000 0.0000 0.0000 0.0000	</row0>
						<row1>	0.0000 0.9702 -0.2423 0.0000	</row1>
						<row2>	0.0000 0.2423 0.9702 0.0000	</row2>
						<row3>	0.0000 2.1784 -1.8781 1.0000	</row3>
					</transform>
				</node>
				<node>
					<identifier>	MP_BM001_Paravane	</identifier>
					<transform>
						<row0>	0.0000 -1.0000 0.0000 0.0000	</row0>
						<row1>	0.9603 0.0000 0.2790 0.0000	</row1>
						<row2>	-0.2790 0.0000 0.9603 0.0000	</row2>
						<row3>	0.4850 0.5014 1.6892 1.0000	</row3>
					</transform>
				</node>
				<node>
					<identifier>	MP_BM001_Paravane_INDEX_1	</identifier>
					<transform>
						<row0>	0.0000 -1.0000 0.0000 0.0000	</row0>
						<row1>	0.9603 0.0000 0.2790 0.0000	</row1>
						<row2>	-0.2790 0.0000 0.9603 0.0000	</row2>
						<row3>	0.5463 0.5014 1.3875 1.0000	</row3>
					</transform>
				</node>
				<node>
					<identifier>	MP_BM001_Paravane_INDEX_2	</identifier>
					<transform>
						<row0>	0.0000 1.0000 0.0000 0.0000	</row0>
						<row1>	-0.9603 0.0000 0.2790 0.0000	</row1>
						<row2>	0.2790 0.0000 0.9603 0.0000	</row2>
						<row3>	-0.4850 0.5014 1.6892 1.0000	</row3>
					</transform>
				</node>
				<node>
					<identifier>	MP_BM001_Paravane_INDEX_3	</identifier>
					<transform>
						<row0>	0.0000 1.0000 0.0000 0.0000	</row0>
						<row1>	-0.9603 0.0000 0.2790 0.0000	</row1>
						<row2>	0.2790 0.0000 0.9603 0.0000	</row2>
						<row3>	-0.5463 0.5014 1.3875 1.0000	</row3>
					</transform>
				</node>
				<node>
					<identifier>	MP_BM003_Night_lifebuoy	</identifier>
					<transform>
						<row0>	1.0000 0.0000 0.0026 0.0000	</row0>
						<row1>	0.0000 1.0000 0.0000 0.0000	</row1>
						<row2>	-0.0026 0.0000 1.0000 0.0000	</row2>
						<row3>	0.8697 0.6679 -0.4891 1.0000	</row3>
					</transform>
				</node>
				<node>
					<identifier>	MP_BM003_Night_lifebuoy_INDEX_1	</identifier>
					<transform>
						<row0>	-1.0000 0.0000 0.0026 0.0000	</row0>
						<row1>	0.0000 1.0000 0.0000 0.0000	</row1>
						<row2>	-0.0026 0.0000 -1.0000 0.0000	</row2>
						<row3>	-0.8697 0.6679 -0.4891 1.0000	</row3>
					</transform>
				</node>
				<node>
					<identifier>	MP_BM004_Reels	</identifier>
					<transform>
						<row0>	0.0000 0.0000 -1.0000 0.0000	</row0>
						<row1>	0.0507 0.9987 0.0000 0.0000	</row1>
						<row2>	0.9987 -0.0507 0.0000 0.0000	</row2>
						<row3>	0.7950 0.5582 0.1999 1.0000	</row3>
					</transform>
				</node>
				<node>
					<identifier>	MP_BM004_Reels_INDEX_1	</identifier>
					<transform>
						<row0>	0.0000 0.0000 -1.0000 0.0000	</row0>
						<row1>	0.0548 0.9985 0.0000 0.0000	</row1>
						<row2>	0.9985 -0.0548 0.0000 0.0000	</row2>
						<row3>	0.7950 0.5601 -0.4259 1.0000	</row3>
					</transform>
				</node>
				<node>
					<identifier>	MP_BM004_Reels_INDEX_2	</identifier>
					<transform>
						<row0>	0.0000 0.0000 1.0000 0.0000	</row0>
						<row1>	-0.0507 0.9987 0.0000 0.0000	</row1>
						<row2>	-0.9987 -0.0507 0.0000 0.0000	</row2>
						<row3>	-0.7950 0.5582 0.1999 1.0000	</row3>
					</transform>
				</node>
				<node>
					<identifier>	MP_BM004_Reels_INDEX_3	</identifier>
					<transform>
						<row0>	0.0000 0.0000 1.0000 0.0000	</row0>
						<row1>	-0.0548 0.9985 0.0000 0.0000	</row1>
						<row2>	-0.9985 -0.0548 0.0000 0.0000	</row2>
						<row3>	-0.7950 0.5601 -0.4259 1.0000	</row3>
					</transform>
				</node>
				<node>
					<identifier>	MP_BM004_Reels_INDEX_4	</identifier>
					<transform>
						<row0>	0.0000 0.0000 -1.0000 0.0000	</row0>
						<row1>	0.0177 0.9998 0.0000 0.0000	</row1>
						<row2>	0.9998 -0.0177 0.0000 0.0000	</row2>
						<row3>	0.3553 0.6146 1.8912 1.0000	</row3>
					</transform>
				</node>
				<node>
					<identifier>	MP_BM004_Reels_INDEX_5	</identifier>
					<transform>
						<row0>	0.0002 0.0078 -1.0000 0.0000	</row0>
						<row1>	0.0224 0.9997 0.0078 0.0000	</row1>
						<row2>	0.9997 -0.0224 0.0000 0.0000	</row2>
						<row3>	0.3502 0.5760 -0.2373 1.0000	</row3>
					</transform>
				</node>
				<node>
					<identifier>	MP_BM004_Reels_INDEX_6	</identifier>
					<transform>
						<row0>	-0.0003 0.0109 -0.9999 0.0000	</row0>
						<row1>	-0.0250 0.9996 0.0109 0.0000	</row1>
						<row2>	0.9997 0.0250 0.0000 0.0000	</row2>
						<row3>	-0.4831 0.5729 -0.2252 1.0000	</row3>
					</transform>
				</node>
				<node>
					<identifier>	MP_BM022_Flotanet	</identifier>
					<transform>
						<row0>	0.0000 -1.0000 0.0000 0.0000	</row0>
						<row1>	0.0000 0.0000 -1.0000 0.0000	</row1>
						<row2>	1.0000 0.0000 0.0000 0.0000	</row2>
						<row3>	0.0000 0.4346 -2.9252 1.0000	</row3>
					</transform>
				</node>
				<node>
					<identifier>	MP_BM022_Flotanet_INDEX_1	</identifier>
					<transform>
						<row0>	0.0000 0.0000 -1.0000 0.0000	</row0>
						<row1>	0.0000 1.0000 0.0000 0.0000	</row1>
						<row2>	1.0000 0.0000 0.0000 0.0000	</row2>
						<row3>	0.0000 0.7126 -0.0391 1.0000	</row3>
					</transform>
				</node>
				<node>
					<identifier>	MP_BM022_Flotanet_INDEX_10	</identifier>
					<transform>
						<row0>	0.0000 -1.0000 0.0000 0.0000	</row0>
						<row1>	-0.8919 0.0000 0.4522 0.0000	</row1>
						<row2>	-0.4522 0.0000 -0.8919 0.0000	</row2>
						<row3>	-0.2036 0.7596 1.7239 1.0000	</row3>
					</transform>
				</node>
				<node>
					<identifier>	MP_BM022_Flotanet_INDEX_11	</identifier>
					<transform>
						<row0>	0.0000 -1.0000 0.0000 0.0000	</row0>
						<row1>	0.8919 0.0000 0.4522 0.0000	</row1>
						<row2>	-0.4522 0.0000 0.8919 0.0000	</row2>
						<row3>	0.2036 0.7596 1.7239 1.0000	</row3>
					</transform>
				</node>
				<node>
					<identifier>	MP_BM022_Flotanet_INDEX_12	</identifier>
					<transform>
						<row0>	0.0000 0.0000 1.0000 0.0000	</row0>
						<row1>	0.0000 1.0000 0.0000 0.0000	</row1>
						<row2>	-1.0000 0.0000 0.0000 0.0000	</row2>
						<row3>	0.3358 0.9726 1.0573 1.0000	</row3>
					</transform>
				</node>
				<node>
					<identifier>	MP_BM022_Flotanet_INDEX_13	</identifier>
					<transform>
						<row0>	0.0000 0.0000 1.0000 0.0000	</row0>
						<row1>	0.0000 1.0000 0.0000 0.0000	</row1>
						<row2>	-1.0000 0.0000 0.0000 0.0000	</row2>
						<row3>	0.3358 0.9726 1.0185 1.0000	</row3>
					</transform>
				</node>
				<node>
					<identifier>	MP_BM022_Flotanet_INDEX_14	</identifier>
					<transform>
						<row0>	0.0000 0.0000 1.0000 0.0000	</row0>
						<row1>	0.0000 1.0000 0.0000 0.0000	</row1>
						<row2>	-1.0000 0.0000 0.0000 0.0000	</row2>
						<row3>	-0.3358 0.9726 1.0185 1.0000	</row3>
					</transform>
				</node>
				<node>
					<identifier>	MP_BM022_Flotanet_INDEX_15	</identifier>
					<transform>
						<row0>	0.0000 0.0000 1.0000 0.0000	</row0>
						<row1>	0.0000 1.0000 0.0000 0.0000	</row1>
						<row2>	-1.0000 0.0000 0.0000 0.0000	</row2>
						<row3>	-0.3358 0.9726 1.0573 1.0000	</row3>
					</transform>
				</node>
				<node>
					<identifier>	MP_BM022_Flotanet_INDEX_16	</identifier>
					<transform>
						<row0>	1.0000 0.0000 0.0000 0.0000	</row0>
						<row1>	0.0000 1.0000 0.0000 0.0000	</row1>
						<row2>	0.0000 0.0000 1.0000 0.0000	</row2>
						<row3>	0.1082 0.9726 1.2749 1.0000	</row3>
					</transform>
				</node>
				<node>
					<identifier>	MP_BM022_Flotanet_INDEX_17	</identifier>
					<transform>
						<row0>	1.0000 0.0000 0.0000 0.0000	</row0>
						<row1>	0.0000 1.0000 0.0000 0.0000	</row1>
						<row2>	0.0000 0.0000 1.0000 0.0000	</row2>
						<row3>	0.1462 0.9726 1.2747 1.0000	</row3>
					</transform>
				</node>
				<node>
					<identifier>	MP_BM022_Flotanet_INDEX_18	</identifier>
					<transform>
						<row0>	0.0000 -1.0000 0.0000 0.0000	</row0>
						<row1>	-1.0000 0.0000 0.0000 0.0000	</row1>
						<row2>	0.0000 0.0000 -1.0000 0.0000	</row2>
						<row3>	-0.4969 0.7172 0.3936 1.0000	</row3>
					</transform>
				</node>
				<node>
					<identifier>	MP_BM022_Flotanet_INDEX_19	</identifier>
					<transform>
						<row0>	0.0000 -1.0000 0.0000 0.0000	</row0>
						<row1>	-1.0000 0.0000 0.0000 0.0000	</row1>
						<row2>	0.0000 0.0000 -1.0000 0.0000	</row2>
						<row3>	-0.4969 0.7172 0.5587 1.0000	</row3>
					</transform>
				</node>
				<node>
					<identifier>	MP_BM022_Flotanet_INDEX_2	</identifier>
					<transform>
						<row0>	0.0000 -1.0000 0.0000 0.0000	</row0>
						<row1>	0.9798 0.0000 0.1998 0.0000	</row1>
						<row2>	-0.1998 0.0000 0.9798 0.0000	</row2>
						<row3>	0.5961 0.5813 1.1058 1.0000	</row3>
					</transform>
				</node>
				<node>
					<identifier>	MP_BM022_Flotanet_INDEX_20	</identifier>
					<transform>
						<row0>	0.0000 -1.0000 0.0000 0.0000	</row0>
						<row1>	1.0000 0.0000 0.0000 0.0000	</row1>
						<row2>	0.0000 0.0000 1.0000 0.0000	</row2>
						<row3>	0.4969 0.7172 0.6941 1.0000	</row3>
					</transform>
				</node>
				<node>
					<identifier>	MP_BM022_Flotanet_INDEX_21	</identifier>
					<transform>
						<row0>	0.0000 -1.0000 0.0000 0.0000	</row0>
						<row1>	1.0000 0.0000 0.0000 0.0000	</row1>
						<row2>	0.0000 0.0000 1.0000 0.0000	</row2>
						<row3>	0.4969 0.7172 0.5290 1.0000	</row3>
					</transform>
				</node>
				<node>
					<identifier>	MP_BM022_Flotanet_INDEX_22	</identifier>
					<transform>
						<row0>	0.8412 -0.0207 0.5403 0.0000	</row0>
						<row1>	0.0209 0.9998 0.0057 0.0000	</row1>
						<row2>	-0.5403 0.0065 0.8415 0.0000	</row2>
						<row3>	0.5511 0.8123 0.8893 1.0000	</row3>
					</transform>
				</node>
				<node>
					<identifier>	MP_BM022_Flotanet_INDEX_23	</identifier>
					<transform>
						<row0>	0.0000 0.0000 -1.0000 0.0000	</row0>
						<row1>	0.0000 1.0000 0.0000 0.0000	</row1>
						<row2>	1.0000 0.0000 0.0000 0.0000	</row2>
						<row3>	0.0000 0.7126 -0.0038 1.0000	</row3>
					</transform>
				</node>
				<node>
					<identifier>	MP_BM022_Flotanet_INDEX_3	</identifier>
					<transform>
						<row0>	0.0000 -1.0000 0.0000 0.0000	</row0>
						<row1>	0.9798 0.0000 0.1998 0.0000	</row1>
						<row2>	-0.1998 0.0000 0.9798 0.0000	</row2>
						<row3>	0.5633 0.5813 1.2668 1.0000	</row3>
					</transform>
				</node>
				<node>
					<identifier>	MP_BM022_Flotanet_INDEX_4	</identifier>
					<transform>
						<row0>	0.0000 -1.0000 0.0000 0.0000	</row0>
						<row1>	-0.9798 0.0000 0.1998 0.0000	</row1>
						<row2>	-0.1998 0.0000 -0.9798 0.0000	</row2>
						<row3>	-0.5961 0.5813 1.1058 1.0000	</row3>
					</transform>
				</node>
				<node>
					<identifier>	MP_BM022_Flotanet_INDEX_5	</identifier>
					<transform>
						<row0>	0.0000 -1.0000 0.0000 0.0000	</row0>
						<row1>	-0.9798 0.0000 0.1998 0.0000	</row1>
						<row2>	-0.1998 0.0000 -0.9798 0.0000	</row2>
						<row3>	-0.5633 0.5813 1.2668 1.0000	</row3>
					</transform>
				</node>
				<node>
					<identifier>	MP_BM022_Flotanet_INDEX_6	</identifier>
					<transform>
						<row0>	0.0000 -1.0000 0.0000 0.0000	</row0>
						<row1>	0.8919 0.0000 0.4522 0.0000	</row1>
						<row2>	-0.4522 0.0000 0.8919 0.0000	</row2>
						<row3>	0.1732 0.7769 1.7085 1.0000	</row3>
					</transform>
				</node>
				<node>
					<identifier>	MP_BM022_Flotanet_INDEX_7	</identifier>
					<transform>
						<row0>	0.0000 -1.0000 0.0000 0.0000	</row0>
						<row1>	0.8919 0.0000 0.4522 0.0000	</row1>
						<row2>	-0.4522 0.0000 0.8919 0.0000	</row2>
						<row3>	0.1732 0.7419 1.7085 1.0000	</row3>
					</transform>
				</node>
				<node>
					<identifier>	MP_BM022_Flotanet_INDEX_8	</identifier>
					<transform>
						<row0>	0.0000 -1.0000 0.0000 0.0000	</row0>
						<row1>	-0.8919 0.0000 0.4522 0.0000	</row1>
						<row2>	-0.4522 0.0000 -0.8919 0.0000	</row2>
						<row3>	-0.1732 0.7419 1.7085 1.0000	</row3>
					</transform>
				</node>
				<node>
					<identifier>	MP_BM022_Flotanet_INDEX_9	</identifier>
					<transform>
						<row0>	0.0000 -1.0000 0.0000 0.0000	</row0>
						<row1>	-0.8919 0.0000 0.4522 0.0000	</row1>
						<row2>	-0.4522 0.0000 -0.8919 0.0000	</row2>
						<row3>	-0.1732 0.7769 1.7085 1.0000	</row3>
					</transform>
				</node>
				<node>
					<identifier>	MP_BM035_Motor_for_Oerlikon	</identifier>
					<transform>
						<row0>	0.0000 0.0000 -1.0000 0.0000	</row0>
						<row1>	0.0000 1.0000 0.0000 0.0000	</row1>
						<row2>	1.0000 0.0000 0.0000 0.0000	</row2>
						<row3>	-0.3822 1.0077 0.4436 1.0000	</row3>
					</transform>
				</node>
				<node>
					<identifier>	MP_BM035_Motor_for_Oerlikon_INDEX_1	</identifier>
					<transform>
						<row0>	0.8700 0.0409 0.4914 0.0000	</row0>
						<row1>	-0.0444 0.9990 -0.0046 0.0000	</row1>
						<row2>	-0.4911 -0.0178 0.8709 0.0000	</row2>
						<row3>	-0.6957 0.5669 -0.9694 1.0000	</row3>
					</transform>
				</node>
				<node>
					<identifier>	MP_BM035_Motor_for_Oerlikon_INDEX_2	</identifier>
					<transform>
						<row0>	-0.8700 0.0409 0.4914 0.0000	</row0>
						<row1>	0.0444 0.9990 -0.0046 0.0000	</row1>
						<row2>	-0.4911 0.0178 -0.8709 0.0000	</row2>
						<row3>	0.6958 0.5669 -0.9691 1.0000	</row3>
					</transform>
				</node>
				<node>
					<identifier>	MP_BM035_Motor_for_Oerlikon_INDEX_3	</identifier>
					<transform>
						<row0>	0.0000 0.0000 1.0000 0.0000	</row0>
						<row1>	0.0102 0.9999 0.0000 0.0000	</row1>
						<row2>	-0.9999 0.0102 0.0000 0.0000	</row2>
						<row3>	0.3743 0.8173 1.1005 1.0000	</row3>
					</transform>
				</node>
				<node>
					<identifier>	MP_BM035_Motor_for_Oerlikon_INDEX_4	</identifier>
					<transform>
						<row0>	0.0000 0.0000 -1.0000 0.0000	</row0>
						<row1>	-0.0102 0.9999 0.0000 0.0000	</row1>
						<row2>	0.9999 0.0102 0.0000 0.0000	</row2>
						<row3>	-0.3743 0.8173 1.1005 1.0000	</row3>
					</transform>
				</node>
				<node>
					<identifier>	MP_BM035_Motor_for_Oerlikon_INDEX_5	</identifier>
					<transform>
						<row0>	-0.4111 0.0042 0.9116 0.0000	</row0>
						<row1>	0.0102 0.9999 0.0000 0.0000	</row1>
						<row2>	-0.9115 0.0093 -0.4111 0.0000	</row2>
						<row3>	0.3092 0.8190 1.3862 1.0000	</row3>
					</transform>
				</node>
				<node>
					<identifier>	MP_BM035_Motor_for_Oerlikon_INDEX_6	</identifier>
					<transform>
						<row0>	-0.4111 -0.0042 -0.9116 0.0000	</row0>
						<row1>	-0.0102 0.9999 0.0000 0.0000	</row1>
						<row2>	0.9115 0.0093 -0.4111 0.0000	</row2>
						<row3>	-0.3092 0.8190 1.3862 1.0000	</row3>
					</transform>
				</node>
				<node>
					<identifier>	MP_BM035_Motor_for_Oerlikon_INDEX_7	</identifier>
					<transform>
						<row0>	0.0000 0.0000 1.0000 0.0000	</row0>
						<row1>	0.0000 1.0000 0.0000 0.0000	</row1>
						<row2>	-1.0000 0.0000 0.0000 0.0000	</row2>
						<row3>	0.3822 1.0077 0.4431 1.0000	</row3>
					</transform>
				</node>
				<node>
					<identifier>	MP_BM038_Helmets	</identifier>
					<transform>
						<row0>	0.0000 0.0000 -1.0000 0.0000	</row0>
						<row1>	0.0000 1.0000 0.0000 0.0000	</row1>
						<row2>	1.0000 0.0000 0.0000 0.0000	</row2>
						<row3>	0.0626 1.6050 0.9326 1.0000	</row3>
					</transform>
				</node>
				<node>
					<identifier>	MP_BM038_Helmets_INDEX_1	</identifier>
					<transform>
						<row0>	0.0000 0.0000 -1.0000 0.0000	</row0>
						<row1>	0.0000 1.0000 0.0000 0.0000	</row1>
						<row2>	1.0000 0.0000 0.0000 0.0000	</row2>
						<row3>	0.1868 1.1827 0.1791 1.0000	</row3>
					</transform>
				</node>
				<node>
					<identifier>	MP_BM038_Helmets_INDEX_10	</identifier>
					<transform>
						<row0>	-1.0000 0.0000 0.0000 0.0000	</row0>
						<row1>	0.0000 1.0000 0.0000 0.0000	</row1>
						<row2>	0.0000 0.0000 -1.0000 0.0000	</row2>
						<row3>	-0.5655 0.6025 0.7770 1.0000	</row3>
					</transform>
				</node>
				<node>
					<identifier>	MP_BM038_Helmets_INDEX_11	</identifier>
					<transform>
						<row0>	-1.0000 0.0000 0.0000 0.0000	</row0>
						<row1>	0.0000 1.0000 0.0000 0.0000	</row1>
						<row2>	0.0000 0.0000 -1.0000 0.0000	</row2>
						<row3>	-0.4972 0.6077 -0.0657 1.0000	</row3>
					</transform>
				</node>
				<node>
					<identifier>	MP_BM038_Helmets_INDEX_12	</identifier>
					<transform>
						<row0>	-1.0000 0.0000 0.0000 0.0000	</row0>
						<row1>	0.0000 1.0000 0.0000 0.0000	</row1>
						<row2>	0.0000 0.0000 -1.0000 0.0000	</row2>
						<row3>	0.4995 0.6077 -0.0657 1.0000	</row3>
					</transform>
				</node>
				<node>
					<identifier>	MP_BM038_Helmets_INDEX_2	</identifier>
					<transform>
						<row0>	0.0000 0.0000 1.0000 0.0000	</row0>
						<row1>	0.0000 1.0000 0.0000 0.0000	</row1>
						<row2>	-1.0000 0.0000 0.0000 0.0000	</row2>
						<row3>	-0.3225 1.1436 0.0518 1.0000	</row3>
					</transform>
				</node>
				<node>
					<identifier>	MP_BM038_Helmets_INDEX_3	</identifier>
					<transform>
						<row0>	0.0000 0.0000 -1.0000 0.0000	</row0>
						<row1>	0.0000 1.0000 0.0000 0.0000	</row1>
						<row2>	1.0000 0.0000 0.0000 0.0000	</row2>
						<row3>	0.1632 0.8520 1.2236 1.0000	</row3>
					</transform>
				</node>
				<node>
					<identifier>	MP_BM038_Helmets_INDEX_4	</identifier>
					<transform>
						<row0>	1.0000 0.0000 0.0000 0.0000	</row0>
						<row1>	0.0000 1.0000 0.0000 0.0000	</row1>
						<row2>	0.0000 0.0000 1.0000 0.0000	</row2>
						<row3>	-0.0551 0.8520 1.3580 1.0000	</row3>
					</transform>
				</node>
				<node>
					<identifier>	MP_BM038_Helmets_INDEX_5	</identifier>
					<transform>
						<row0>	0.4120 0.0000 0.9112 0.0000	</row0>
						<row1>	0.0000 1.0000 0.0000 0.0000	</row1>
						<row2>	-0.9112 0.0000 0.4120 0.0000	</row2>
