<ASB304_Indiana_1945_MidBack_ports.visual>
	<skeleton>
		<node>
			<identifier>	Scene Root	</identifier>
			<transform>
				<row0>	1.0000 0.0000 0.0000 0.0000	</row0>
				<row1>	0.0000 1.0000 0.0000 0.0000	</row1>
				<row2>	0.0000 0.0000 1.0000 0.0000	</row2>
				<row3>	0.0000 0.0000 0.0000 1.0000	</row3>
			</transform>
			<node>
				<identifier>	MidBack_ports	</identifier>
				<transform>
					<row0>	1.0000 0.0000 0.0000 0.0000	</row0>
					<row1>	0.0000 1.0000 0.0000 0.0000	</row1>
					<row2>	0.0000 0.0000 1.0000 0.0000	</row2>
					<row3>	0.0000 0.0000 0.0000 1.0000	</row3>
				</transform>
				<node>
					<identifier>	HP_AC_1	</identifier>
					<transform>
						<row0>	0.6428 0.0000 0.7660 0.0000	</row0>
						<row1>	0.0000 1.0000 0.0000 0.0000	</row1>
						<row2>	-0.7660 0.0000 0.6428 0.0000	</row2>
						<row3>	-0.5841 0.4233 -5.9154 1.0000	</row3>
					</transform>
				</node>
				<node>
					<identifier>	HP_AC_2	</identifier>
					<transform>
						<row0>	0.6428 0.0000 -0.7660 0.0000	</row0>
						<row1>	0.0000 1.0000 0.0000 0.0000	</row1>
						<row2>	0.7660 0.0000 0.6428 0.0000	</row2>
						<row3>	0.5841 0.4233 -5.9154 1.0000	</row3>
					</transform>
				</node>
				<node>
					<identifier>	HP_AD_1	</identifier>
					<transform>
						<row0>	0.5000 0.0000 0.8660 0.0000	</row0>
						<row1>	0.0000 1.0000 0.0000 0.0000	</row1>
						<row2>	-0.8660 0.0000 0.5000 0.0000	</row2>
						<row3>	-0.4591 0.8119 0.8463 1.0000	</row3>
					</transform>
				</node>
				<node>
					<identifier>	HP_AD_10	</identifier>
					<transform>
						<row0>	1.0000 0.0000 0.0000 0.0000	</row0>
						<row1>	0.0000 1.0000 0.0000 0.0000	</row1>
						<row2>	0.0000 0.0000 1.0000 0.0000	</row2>
						<row3>	0.3629 1.3073 -0.4294 1.0000	</row3>
					</transform>
				</node>
				<node>
					<identifier>	HP_AD_11	</identifier>
					<transform>
						<row0>	0.0000 0.0000 1.0000 0.0000	</row0>
						<row1>	0.0000 1.0000 0.0000 0.0000	</row1>
						<row2>	-1.0000 0.0000 0.0000 0.0000	</row2>
						<row3>	-0.3989 1.1147 -0.5830 1.0000	</row3>
					</transform>
				</node>
				<node>
					<identifier>	HP_AD_12	</identifier>
					<transform>
						<row0>	0.0000 0.0000 -1.0000 0.0000	</row0>
						<row1>	0.0000 1.0000 0.0000 0.0000	</row1>
						<row2>	1.0000 0.0000 0.0000 0.0000	</row2>
						<row3>	0.3989 1.1147 -0.5830 1.0000	</row3>
					</transform>
				</node>
				<node>
					<identifier>	HP_AD_13	</identifier>
					<transform>
						<row0>	-0.5441 0.0000 0.8390 0.0000	</row0>
						<row1>	0.0000 1.0000 0.0000 0.0000	</row1>
						<row2>	-0.8390 0.0000 -0.5441 0.0000	</row2>
						<row3>	-0.8812 0.3941 -1.5632 1.0000	</row3>
					</transform>
				</node>
				<node>
					<identifier>	HP_AD_14	</identifier>
					<transform>
						<row0>	-0.5441 0.0000 -0.8390 0.0000	</row0>
						<row1>	0.0000 1.0000 0.0000 0.0000	</row1>
						<row2>	0.8390 0.0000 -0.5441 0.0000	</row2>
						<row3>	0.8812 0.3941 -1.5632 1.0000	</row3>
					</transform>
				</node>
				<node>
					<identifier>	HP_AD_15	</identifier>
					<transform>
						<row0>	-1.0000 0.0000 0.0000 0.0000	</row0>
						<row1>	0.0000 1.0000 0.0000 0.0000	</row1>
						<row2>	0.0000 0.0000 -1.0000 0.0000	</row2>
						<row3>	0.0000 1.2318 -1.6714 1.0000	</row3>
					</transform>
				</node>
				<node>
					<identifier>	HP_AD_16	</identifier>
					<transform>
						<row0>	-0.7071 0.0000 0.7071 0.0000	</row0>
						<row1>	0.0000 1.0000 0.0000 0.0000	</row1>
						<row2>	-0.7071 0.0000 -0.7071 0.0000	</row2>
						<row3>	-0.1085 0.8690 -2.0610 1.0000	</row3>
					</transform>
				</node>
				<node>
					<identifier>	HP_AD_17	</identifier>
					<transform>
						<row0>	-0.7071 0.0000 -0.7071 0.0000	</row0>
						<row1>	0.0000 1.0000 0.0000 0.0000	</row1>
						<row2>	0.7071 0.0000 -0.7071 0.0000	</row2>
						<row3>	0.1085 0.8690 -2.0610 1.0000	</row3>
					</transform>
				</node>
				<node>
					<identifier>	HP_AD_18	</identifier>
					<transform>
						<row0>	-1.0000 0.0000 0.0000 0.0000	</row0>
						<row1>	0.0000 1.0000 0.0000 0.0000	</row1>
						<row2>	0.0000 0.0000 -1.0000 0.0000	</row2>
						<row3>	0.0000 0.7398 -2.4714 1.0000	</row3>
					</transform>
				</node>
				<node>
					<identifier>	HP_AD_19	</identifier>
					<transform>
						<row0>	-1.0000 0.0000 0.0000 0.0000	</row0>
						<row1>	0.0000 1.0000 0.0000 0.0000	</row1>
						<row2>	0.0000 0.0000 -1.0000 0.0000	</row2>
						<row3>	-0.1449 0.4695 -6.5429 1.0000	</row3>
					</transform>
				</node>
				<node>
					<identifier>	HP_AD_2	</identifier>
					<transform>
						<row0>	0.5000 0.0000 -0.8660 0.0000	</row0>
						<row1>	0.0000 1.0000 0.0000 0.0000	</row1>
						<row2>	0.8660 0.0000 0.5000 0.0000	</row2>
						<row3>	0.4591 0.8119 0.8463 1.0000	</row3>
					</transform>
				</node>
				<node>
					<identifier>	HP_AD_20	</identifier>
					<transform>
						<row0>	-1.0000 0.0000 0.0000 0.0000	</row0>
						<row1>	0.0000 1.0000 0.0000 0.0000	</row1>
						<row2>	0.0000 0.0000 -1.0000 0.0000	</row2>
						<row3>	0.1449 0.4695 -6.5429 1.0000	</row3>
					</transform>
				</node>
				<node>
					<identifier>	HP_AD_3	</identifier>
					<transform>
						<row0>	1.0000 0.0000 0.0000 0.0000	</row0>
						<row1>	0.0000 1.0000 0.0000 0.0000	</row1>
						<row2>	0.0000 0.0000 1.0000 0.0000	</row2>
						<row3>	0.0000 1.3066 0.6932 1.0000	</row3>
					</transform>
				</node>
				<node>
					<identifier>	HP_AD_4	</identifier>
					<transform>
						<row0>	0.0000 0.0000 1.0000 0.0000	</row0>
						<row1>	0.0000 1.0000 0.0000 0.0000	</row1>
						<row2>	-1.0000 0.0000 0.0000 0.0000	</row2>
						<row3>	-0.2711 1.0898 0.6900 1.0000	</row3>
					</transform>
				</node>
				<node>
					<identifier>	HP_AD_5	</identifier>
					<transform>
						<row0>	0.0000 0.0000 -1.0000 0.0000	</row0>
						<row1>	0.0000 1.0000 0.0000 0.0000	</row1>
						<row2>	1.0000 0.0000 0.0000 0.0000	</row2>
						<row3>	0.2711 1.0898 0.6900 1.0000	</row3>
					</transform>
				</node>
				<node>
					<identifier>	HP_AD_6	</identifier>
					<transform>
						<row0>	1.0000 0.0000 0.0000 0.0000	</row0>
						<row1>	0.0000 1.0000 0.0000 0.0000	</row1>
						<row2>	0.0000 0.0000 1.0000 0.0000	</row2>
						<row3>	0.0000 2.3279 0.0760 1.0000	</row3>
					</transform>
				</node>
				<node>
					<identifier>	HP_AD_7	</identifier>
					<transform>
						<row0>	0.0000 0.0000 1.0000 0.0000	</row0>
						<row1>	0.0000 1.0000 0.0000 0.0000	</row1>
						<row2>	-1.0000 0.0000 0.0000 0.0000	</row2>
						<row3>	-0.3986 1.1538 -0.2787 1.0000	</row3>
					</transform>
				</node>
				<node>
					<identifier>	HP_AD_8	</identifier>
					<transform>
						<row0>	0.0000 0.0000 -1.0000 0.0000	</row0>
						<row1>	0.0000 1.0000 0.0000 0.0000	</row1>
						<row2>	1.0000 0.0000 0.0000 0.0000	</row2>
						<row3>	0.3986 1.1538 -0.2787 1.0000	</row3>
					</transform>
				</node>
				<node>
					<identifier>	HP_AD_9	</identifier>
					<transform>
						<row0>	1.0000 0.0000 0.0000 0.0000	</row0>
						<row1>	0.0000 1.0000 0.0000 0.0000	</row1>
						<row2>	0.0000 0.0000 1.0000 0.0000	</row2>
						<row3>	-0.3629 1.3073 -0.4294 1.0000	</row3>
					</transform>
				</node>
				<node>
					<identifier>	HP_AF_1	</identifier>
					<transform>
						<row0>	1.0000 0.0000 0.0000 0.0000	</row0>
						<row1>	0.0000 1.0000 0.0000 0.0000	</row1>
						<row2>	0.0000 0.0000 1.0000 0.0000	</row2>
						<row3>	0.0000 1.2409 1.1793 1.0000	</row3>
					</transform>
				</node>
				<node>
					<identifier>	HP_AF_2	</identifier>
					<transform>
						<row0>	1.0000 0.0000 0.0000 0.0000	</row0>
						<row1>	0.0000 1.0000 0.0000 0.0000	</row1>
						<row2>	0.0000 0.0000 1.0000 0.0000	</row2>
						<row3>	-0.0870 1.2409 1.1747 1.0000	</row3>
					</transform>
				</node>
				<node>
					<identifier>	HP_AF_3	</identifier>
					<transform>
						<row0>	1.0000 0.0000 0.0000 0.0000	</row0>
						<row1>	0.0000 1.0000 0.0000 0.0000	</row1>
						<row2>	0.0000 0.0000 1.0000 0.0000	</row2>
						<row3>	0.0870 1.2409 1.1747 1.0000	</row3>
					</transform>
				</node>
				<node>
					<identifier>	HP_AF_4	</identifier>
					<transform>
						<row0>	1.0000 0.0000 0.0000 0.0000	</row0>
						<row1>	0.0000 1.0000 0.0000 0.0000	</row1>
						<row2>	0.0000 0.0000 1.0000 0.0000	</row2>
						<row3>	-0.0914 1.2409 1.1172 1.0000	</row3>
					</transform>
				</node>
				<node>
					<identifier>	HP_AF_5	</identifier>
					<transform>
						<row0>	1.0000 0.0000 0.0000 0.0000	</row0>
						<row1>	0.0000 1.0000 0.0000 0.0000	</row1>
						<row2>	0.0000 0.0000 1.0000 0.0000	</row2>
						<row3>	0.0914 1.2409 1.1172 1.0000	</row3>
					</transform>
				</node>
				<node>
					<identifier>	HP_AGA_21	</identifier>
					<transform>
						<row0>	0.7071 0.0000 0.7071 0.0000	</row0>
						<row1>	0.0000 1.0000 0.0000 0.0000	</row1>
						<row2>	-0.7071 0.0000 0.7071 0.0000	</row2>
						<row3>	-0.5714 0.5037 1.0412 1.0000	</row3>
					</transform>
				</node>
				<node>
					<identifier>	HP_AGA_22	</identifier>
					<transform>
						<row0>	0.7071 0.0000 -0.7071 0.0000	</row0>
						<row1>	0.0000 1.0000 0.0000 0.0000	</row1>
						<row2>	0.7071 0.0000 0.7071 0.0000	</row2>
						<row3>	0.5714 0.5036 1.0412 1.0000	</row3>
					</transform>
				</node>
				<node>
					<identifier>	HP_AGA_23	</identifier>
					<transform>
						<row0>	0.7071 0.0000 0.7071 0.0000	</row0>
						<row1>	0.0000 1.0000 0.0000 0.0000	</row1>
						<row2>	-0.7071 0.0000 0.7071 0.0000	</row2>
						<row3>	-0.1790 1.1171 0.8726 1.0000	</row3>
					</transform>
				</node>
				<node>
					<identifier>	HP_AGA_24	</identifier>
					<transform>
						<row0>	0.7071 0.0000 -0.7071 0.0000	</row0>
						<row1>	0.0000 1.0000 0.0000 0.0000	</row1>
						<row2>	0.7071 0.0000 0.7071 0.0000	</row2>
						<row3>	0.1790 1.1171 0.8726 1.0000	</row3>
					</transform>
				</node>
				<node>
					<identifier>	HP_AGA_25	</identifier>
					<transform>
						<row0>	0.7071 0.0000 0.7071 0.0000	</row0>
						<row1>	0.0000 1.0000 0.0000 0.0000	</row1>
						<row2>	-0.7071 0.0000 0.7071 0.0000	</row2>
						<row3>	-0.7107 0.5017 0.7767 1.0000	</row3>
					</transform>
				</node>
				<node>
					<identifier>	HP_AGA_26	</identifier>
					<transform>
						<row0>	0.7071 0.0000 -0.7071 0.0000	</row0>
						<row1>	0.0000 1.0000 0.0000 0.0000	</row1>
						<row2>	0.7071 0.0000 0.7071 0.0000	</row2>
						<row3>	0.7107 0.5017 0.7767 1.0000	</row3>
					</transform>
				</node>
				<node>
					<identifier>	HP_AGA_27	</identifier>
					<transform>
						<row0>	0.0000 0.0000 1.0000 0.0000	</row0>
						<row1>	0.0000 1.0000 0.0000 0.0000	</row1>
						<row2>	-1.0000 0.0000 0.0000 0.0000	</row2>
						<row3>	-0.8146 0.5037 0.5387 1.0000	</row3>
					</transform>
				</node>
				<node>
					<identifier>	HP_AGA_28	</identifier>
					<transform>
						<row0>	0.0000 0.0000 -1.0000 0.0000	</row0>
						<row1>	0.0000 1.0000 0.0000 0.0000	</row1>
						<row2>	1.0000 0.0000 0.0000 0.0000	</row2>
						<row3>	0.8146 0.5036 0.5387 1.0000	</row3>
					</transform>
				</node>
				<node>
					<identifier>	HP_AGA_29	</identifier>
					<transform>
						<row0>	0.0000 0.0000 1.0000 0.0000	</row0>
						<row1>	0.0000 1.0000 0.0000 0.0000	</row1>
						<row2>	-1.0000 0.0000 0.0000 0.0000	</row2>
						<row3>	-0.8776 0.5037 0.3898 1.0000	</row3>
					</transform>
				</node>
				<node>
					<identifier>	HP_AGA_30	</identifier>
					<transform>
						<row0>	0.0000 0.0000 -1.0000 0.0000	</row0>
						<row1>	0.0000 1.0000 0.0000 0.0000	</row1>
						<row2>	1.0000 0.0000 0.0000 0.0000	</row2>
						<row3>	0.8776 0.5036 0.3898 1.0000	</row3>
					</transform>
				</node>
				<node>
					<identifier>	HP_AGA_31	</identifier>
					<transform>
						<row0>	0.0000 0.0000 1.0000 0.0000	</row0>
						<row1>	0.0000 1.0000 0.0000 0.0000	</row1>
						<row2>	-1.0000 0.0000 0.0000 0.0000	</row2>
						<row3>	-0.3146 1.1543 0.2733 1.0000	</row3>
					</transform>
				</node>
				<node>
					<identifier>	HP_AGA_32	</identifier>
					<transform>
						<row0>	0.0000 0.0000 -1.0000 0.0000	</row0>
						<row1>	0.0000 1.0000 0.0000 0.0000	</row1>
						<row2>	1.0000 0.0000 0.0000 0.0000	</row2>
						<row3>	0.3146 1.1543 0.2733 1.0000	</row3>
					</transform>
				</node>
				<node>
					<identifier>	HP_AGA_33	</identifier>
					<transform>
						<row0>	0.0000 0.0000 1.0000 0.0000	</row0>
						<row1>	0.0000 1.0000 0.0000 0.0000	</row1>
						<row2>	-1.0000 0.0000 0.0000 0.0000	</row2>
						<row3>	-0.4059 0.8125 -0.2624 1.0000	</row3>
					</transform>
				</node>
				<node>
					<identifier>	HP_AGA_34	</identifier>
					<transform>
						<row0>	0.0000 0.0000 -1.0000 0.0000	</row0>
						<row1>	0.0000 1.0000 0.0000 0.0000	</row1>
						<row2>	1.0000 0.0000 0.0000 0.0000	</row2>
						<row3>	0.4059 0.8125 -0.2624 1.0000	</row3>
					</transform>
				</node>
				<node>
					<identifier>	HP_AGA_35	</identifier>
					<transform>
						<row0>	0.0000 0.0000 -1.0000 0.0000	</row0>
						<row1>	0.0000 1.0000 0.0000 0.0000	</row1>
						<row2>	1.0000 0.0000 0.0000 0.0000	</row2>
						<row3>	0.2797 1.1153 -0.6860 1.0000	</row3>
					</transform>
				</node>
				<node>
					<identifier>	HP_AGA_36	</identifier>
					<transform>
						<row0>	0.0000 0.0000 1.0000 0.0000	</row0>
						<row1>	0.0000 1.0000 0.0000 0.0000	</row1>
						<row2>	-1.0000 0.0000 0.0000 0.0000	</row2>
						<row3>	-0.2841 1.1150 -0.6932 1.0000	</row3>
					</transform>
				</node>
				<node>
					<identifier>	HP_AGA_37	</identifier>
					<transform>
						<row0>	0.0000 0.0000 1.0000 0.0000	</row0>
						<row1>	0.0000 1.0000 0.0000 0.0000	</row1>
						<row2>	-1.0000 0.0000 0.0000 0.0000	</row2>
						<row3>	-0.2865 0.8615 -0.7086 1.0000	</row3>
					</transform>
				</node>
				<node>
					<identifier>	HP_AGA_38	</identifier>
					<transform>
						<row0>	0.0000 0.0000 1.0000 0.0000	</row0>
						<row1>	0.0000 1.0000 0.0000 0.0000	</row1>
						<row2>	-1.0000 0.0000 0.0000 0.0000	</row2>
						<row3>	-0.2865 0.8615 -0.8731 1.0000	</row3>
					</transform>
				</node>
				<node>
					<identifier>	HP_AGA_39	</identifier>
					<transform>
						<row0>	0.0000 0.0000 1.0000 0.0000	</row0>
						<row1>	0.0000 1.0000 0.0000 0.0000	</row1>
						<row2>	-1.0000 0.0000 0.0000 0.0000	</row2>
						<row3>	-0.2841 1.1150 -0.8740 1.0000	</row3>
					</transform>
				</node>
				<node>
					<identifier>	HP_AGA_40	</identifier>
					<transform>
						<row0>	0.0000 0.0000 1.0000 0.0000	</row0>
						<row1>	0.0000 1.0000 0.0000 0.0000	</row1>
						<row2>	-1.0000 0.0000 0.0000 0.0000	</row2>
						<row3>	-0.2865 0.8615 -1.0364 1.0000	</row3>
					</transform>
				</node>
				<node>
					<identifier>	HP_AGA_41	</identifier>
					<transform>
						<row0>	0.0000 0.0000 1.0000 0.0000	</row0>
						<row1>	0.0000 1.0000 0.0000 0.0000	</row1>
						<row2>	-1.0000 0.0000 0.0000 0.0000	</row2>
						<row3>	-0.2865 0.8615 -1.1944 1.0000	</row3>
					</transform>
				</node>
				<node>
					<identifier>	HP_AGA_42	</identifier>
					<transform>
						<row0>	0.0000 0.0000 1.0000 0.0000	</row0>
						<row1>	0.0000 1.0000 0.0000 0.0000	</row1>
						<row2>	-1.0000 0.0000 0.0000 0.0000	</row2>
						<row3>	-0.2865 0.8615 -1.3580 1.0000	</row3>
					</transform>
				</node>
				<node>
					<identifier>	HP_AGA_43	</identifier>
					<transform>
						<row0>	0.0000 0.0000 1.0000 0.0000	</row0>
						<row1>	0.0000 1.0000 0.0000 0.0000	</row1>
						<row2>	-1.0000 0.0000 0.0000 0.0000	</row2>
						<row3>	-0.2865 0.8615 -1.5265 1.0000	</row3>
					</transform>
				</node>
				<node>
					<identifier>	HP_AGA_44	</identifier>
					<transform>
						<row0>	0.0000 0.0000 1.0000 0.0000	</row0>
						<row1>	0.0000 1.0000 0.0000 0.0000	</row1>
						<row2>	-1.0000 0.0000 0.0000 0.0000	</row2>
						<row3>	-0.2865 0.8615 -1.6941 1.0000	</row3>
					</transform>
				</node>
				<node>
					<identifier>	HP_AGA_45	</identifier>
					<transform>
						<row0>	0.0000 0.0000 1.0000 0.0000	</row0>
						<row1>	0.0000 1.0000 0.0000 0.0000	</row1>
						<row2>	-1.0000 0.0000 0.0000 0.0000	</row2>
						<row3>	-0.2865 0.8615 -1.8508 1.0000	</row3>
					</transform>
				</node>
				<node>
					<identifier>	HP_AGA_46	</identifier>
					<transform>
						<row0>	-0.7071 0.0000 0.7071 0.0000	</row0>
						<row1>	0.0000 1.0000 0.0000 0.0000	</row1>
						<row2>	-0.7071 0.0000 -0.7071 0.0000	</row2>
						<row3>	-0.7712 0.3435 -2.0095 1.0000	</row3>
					</transform>
				</node>
				<node>
					<identifier>	HP_AGA_47	</identifier>
					<transform>
						<row0>	-0.6428 0.0000 -0.7660 0.0000	</row0>
						<row1>	0.0000 1.0000 0.0000 0.0000	</row1>
						<row2>	0.7660 0.0000 -0.6428 0.0000	</row2>
						<row3>	0.7712 0.3435 -2.0095 1.0000	</row3>
					</transform>
				</node>
				<node>
					<identifier>	HP_AGA_48	</identifier>
					<transform>
						<row0>	-0.6428 0.0000 0.7660 0.0000	</row0>
						<row1>	0.0000 1.0000 0.0000 0.0000	</row1>
						<row2>	-0.7660 0.0000 -0.6428 0.0000	</row2>
						<row3>	-0.2030 0.6567 -2.1952 1.0000	</row3>
					</transform>
				</node>
				<node>
					<identifier>	HP_AGA_49	</identifier>
					<transform>
						<row0>	-0.6428 0.0000 -0.7660 0.0000	</row0>
						<row1>	0.0000 1.0000 0.0000 0.0000	</row1>
						<row2>	0.7660 0.0000 -0.6428 0.0000	</row2>
						<row3>	0.2030 0.6567 -2.1952 1.0000	</row3>
					</transform>
				</node>
				<node>
					<identifier>	HP_AGA_50	</identifier>
					<transform>
						<row0>	-0.7071 0.0000 0.7071 0.0000	</row0>
						<row1>	0.0000 1.0000 0.0000 0.0000	</row1>
						<row2>	-0.7071 0.0000 -0.7071 0.0000	</row2>
						<row3>	-0.5525 0.3435 -2.3353 1.0000	</row3>
					</transform>
				</node>
				<node>
					<identifier>	HP_AGA_51	</identifier>
					<transform>
						<row0>	-0.7071 0.0000 -0.7071 0.0000	</row0>
						<row1>	0.0000 1.0000 0.0000 0.0000	</row1>
						<row2>	0.7071 0.0000 -0.7071 0.0000	</row2>
						<row3>	0.5525 0.3429 -2.3353 1.0000	</row3>
					</transform>
				</node>
				<node>
					<identifier>	HP_AGA_52	</identifier>
					<transform>
						<row0>	-0.7071 0.0000 0.7071 0.0000	</row0>
						<row1>	0.0000 1.0000 0.0000 0.0000	</row1>
						<row2>	-0.7071 0.0000 -0.7071 0.0000	</row2>
						<row3>	-0.4665 0.3442 -2.4685 1.0000	</row3>
					</transform>
				</node>
				<node>
					<identifier>	HP_AGA_53	</identifier>
					<transform>
						<row0>	-0.7071 0.0000 -0.7071 0.0000	</row0>
						<row1>	0.0000 1.0000 0.0000 0.0000	</row1>
						<row2>	0.7071 0.0000 -0.7071 0.0000	</row2>
						<row3>	0.4665 0.3438 -2.4685 1.0000	</row3>
					</transform>
				</node>
				<node>
					<identifier>	HP_AGA_54	</identifier>
					<transform>
						<row0>	-0.7071 0.0000 -0.7071 0.0000	</row0>
						<row1>	0.0000 1.0000 0.0000 0.0000	</row1>
						<row2>	0.7071 0.0000 -0.7071 0.0000	</row2>
						<row3>	0.7420 0.3516 -4.2326 1.0000	</row3>
					</transform>
				</node>
				<node>
					<identifier>	HP_AGA_55	</identifier>
					<transform>
						<row0>	-0.7071 0.0000 0.7071 0.0000	</row0>
						<row1>	0.0000 1.0000 0.0000 0.0000	</row1>
						<row2>	-0.7071 0.0000 -0.7071 0.0000	</row2>
						<row3>	-0.7420 0.3537 -4.3916 1.0000	</row3>
					</transform>
				</node>
				<node>
					<identifier>	HP_AGA_56	</identifier>
					<transform>
						<row0>	-0.7071 0.0000 -0.7071 0.0000	</row0>
						<row1>	0.0000 1.0000 0.0000 0.0000	</row1>
						<row2>	0.7071 0.0000 -0.7071 0.0000	</row2>
						<row3>	0.7420 0.3538 -4.3916 1.0000	</row3>
					</transform>
				</node>
				<node>
					<identifier>	HP_AGA_57	</identifier>
					<transform>
						<row0>	-0.7071 0.0000 0.7071 0.0000	</row0>
						<row1>	0.0000 1.0000 0.0000 0.0000	</row1>
						<row2>	-0.7071 0.0000 -0.7071 0.0000	</row2>
						<row3>	-0.7420 0.3565 -4.5550 1.0000	</row3>
					</transform>
				</node>
				<node>
					<identifier>	HP_AGA_58	</identifier>
					<transform>
						<row0>	-0.7071 0.0000 -0.7071 0.0000	</row0>
						<row1>	0.0000 1.0000 0.0000 0.0000	</row1>
						<row2>	0.7071 0.0000 -0.7071 0.0000	</row2>
						<row3>	0.7420 0.3564 -4.5550 1.0000	</row3>
					</transform>
				</node>
				<node>
					<identifier>	HP_AGA_59	</identifier>
					<transform>
						<row0>	-0.7071 0.0000 0.7071 0.0000	</row0>
						<row1>	0.0000 1.0000 0.0000 0.0000	</row1>
						<row2>	-0.7071 0.0000 -0.7071 0.0000	</row2>
						<row3>	-0.7374 0.3597 -4.7175 1.0000	</row3>
					</transform>
				</node>
				<node>
					<identifier>	HP_AGA_60	</identifier>
					<transform>
						<row0>	-0.7071 0.0000 -0.7071 0.0000	</row0>
						<row1>	0.0000 1.0000 0.0000 0.0000	</row1>
						<row2>	0.7071 0.0000 -0.7071 0.0000	</row2>
						<row3>	0.7374 0.3593 -4.7175 1.0000	</row3>
					</transform>
				</node>
				<node>
					<identifier>	HP_AGA_61	</identifier>
					<transform>
						<row0>	-1.0000 0.0000 0.0000 0.0000	</row0>
						<row1>	0.0000 1.0000 0.0000 0.0000	</row1>
						<row2>	0.0000 0.0000 -1.0000 0.0000	</row2>
						<row3>	-0.3533 0.3840 -6.7051 1.0000	</row3>
					</transform>
				</node>
				<node>
					<identifier>	HP_AGA_62	</identifier>
					<transform>
						<row0>	-1.0000 0.0000 0.0000 0.0000	</row0>
						<row1>	0.0000 1.0000 0.0000 0.0000	</row1>
						<row2>	0.0000 0.0000 -1.0000 0.0000	</row2>
						<row3>	0.3533 0.3840 -6.7051 1.0000	</row3>
					</transform>
				</node>
				<node>
					<identifier>	HP_AGM_3	</identifier>
					<transform>
						<row0>	-1.0000 0.0000 0.0000 0.0000	</row0>
						<row1>	0.0000 1.0000 0.0000 0.0000	</row1>
						<row2>	0.0000 0.0000 -1.0000 0.0000	</row2>
						<row3>	0.0000 0.4097 -3.2706 1.0000	</row3>
					</transform>
				</node>
				<node>
					<identifier>	HP_AGS_1	</identifier>
					<transform>
						<row0>	1.0000 0.0000 0.0000 0.0000	</row0>
						<row1>	0.0000 1.0000 0.0000 0.0000	</row1>
						<row2>	0.0000 0.0000 1.0000 0.0000	</row2>
						<row3>	-0.6081 0.6899 0.2205 1.0000	</row3>
					</transform>
				</node>
				<node>
					<identifier>	HP_AGS_10	</identifier>
					<transform>
						<row0>	-1.0000 0.0000 0.0000 0.0000	</row0>
						<row1>	0.0000 1.0000 0.0000 0.0000	</row1>
						<row2>	0.0000 0.0000 -1.0000 0.0000	</row2>
						<row3>	0.6099 0.6899 -1.5071 1.0000	</row3>
					</transform>
				</node>
				<node>
					<identifier>	HP_AGS_2	</identifier>
					<transform>
						<row0>	1.0000 0.0000 0.0000 0.0000	</row0>
						<row1>	0.0000 1.0000 0.0000 0.0000	</row1>
						<row2>	0.0000 0.0000 1.0000 0.0000	</row2>
						<row3>	0.6081 0.6899 0.2205 1.0000	</row3>
					</transform>
				</node>
				<node>
					<identifier>	HP_AGS_3	</identifier>
					<transform>
						<row0>	1.0000 0.0000 0.0000 0.0000	</row0>
						<row1>	0.0000 1.0000 0.0000 0.0000	</row1>
						<row2>	0.0000 0.0000 1.0000 0.0000	</row2>
						<row3>	-0.8920 0.5351 -0.2046 1.0000	</row3>
					</transform>
				</node>
				<node>
					<identifier>	HP_AGS_4	</identifier>
					<transform>
						<row0>	1.0000 0.0000 0.0000 0.0000	</row0>
						<row1>	0.0000 1.0000 0.0000 0.0000	</row1>
						<row2>	0.0000 0.0000 1.0000 0.0000	</row2>
						<row3>	0.8920 0.5351 -0.2046 1.0000	</row3>
					</transform>
				</node>
				<node>
					<identifier>	HP_AGS_5	</identifier>
					<transform>
						<row0>	1.0000 0.0000 0.0000 0.0000	</row0>
						<row1>	0.0000 1.0000 0.0000 0.0000	</row1>
						<row2>	0.0000 0.0000 1.0000 0.0000	</row2>
						<row3>	-0.6081 0.6899 -0.6450 1.0000	</row3>
					</transform>
				</node>
				<node>
					<identifier>	HP_AGS_6	</identifier>
					<transform>
						<row0>	1.0000 0.0000 0.0000 0.0000	</row0>
						<row1>	0.0000 1.0000 0.0000 0.0000	</row1>
						<row2>	0.0000 0.0000 1.0000 0.0000	</row2>
						<row3>	0.6081 0.6899 -0.6450 1.0000	</row3>
					</transform>
				</node>
				<node>
					<identifier>	HP_AGS_7	</identifier>
					<transform>
						<row0>	-1.0000 0.0000 0.0000 0.0000	</row0>
						<row1>	0.0000 1.0000 0.0000 0.0000	</row1>
						<row2>	0.0000 0.0000 -1.0000 0.0000	</row2>
						<row3>	-0.8920 0.5351 -1.0803 1.0000	</row3>
					</transform>
				</node>
				<node>
					<identifier>	HP_AGS_8	</identifier>
					<transform>
						<row0>	-1.0000 0.0000 0.0000 0.0000	</row0>
						<row1>	0.0000 1.0000 0.0000 0.0000	</row1>
						<row2>	0.0000 0.0000 -1.0000 0.0000	</row2>
						<row3>	0.8920 0.5351 -1.0803 1.0000	</row3>
					</transform>
				</node>
				<node>
					<identifier>	HP_AGS_9	</identifier>
					<transform>
						<row0>	-1.0000 0.0000 0.0000 0.0000	</row0>
						<row1>	0.0000 1.0000 0.0000 0.0000	</row1>
						<row2>	0.0000 0.0000 -1.0000 0.0000	</row2>
						<row3>	-0.6099 0.6899 -1.5071 1.0000	</row3>
					</transform>
				</node>
				<node>
					<identifier>	HP_ARF_1	</identifier>
					<transform>
						<row0>	1.0000 0.0000 0.0000 0.0000	</row0>
						<row1>	0.0000 1.0000 0.0000 0.0000	</row1>
						<row2>	0.0000 0.0000 1.0000 0.0000	</row2>
						<row3>	0.0000 1.2827 1.0956 1.0000	</row3>
					</transform>
				</node>
				<node>
					<identifier>	HP_ARF_2	</identifier>
					<transform>
						<row0>	1.0000 0.0000 0.0000 0.0000	</row0>
						<row1>	0.0000 1.0000 0.0000 0.0000	</row1>
						<row2>	0.0000 0.0000 1.0000 0.0000	</row2>
						<row3>	0.0000 2.5649 -1.0380 1.0000	</row3>
					</transform>
				</node>
				<node>
					<identifier>	HP_ARS_1	</identifier>
					<transform>
						<row0>	1.0000 0.0000 0.0000 0.0000	</row0>
						<row1>	0.0000 1.0000 0.0000 0.0000	</row1>
						<row2>	0.0000 0.0000 1.0000 0.0000	</row2>
						<row3>	0.0000 2.5151 -0.2487 1.0000	</row3>
					</transform>
				</node>
				<node>
					<identifier>	HP_ARS_2	</identifier>
					<transform>
						<row0>	1.0000 0.0000 0.0000 0.0000	</row0>
						<row1>	0.0000 1.0000 0.0000 0.0000	</row1>
						<row2>	0.0000 0.0000 1.0000 0.0000	</row2>
						<row3>	0.0000 2.9436 -0.4629 1.0000	</row3>
					</transform>
				</node>
				<node>
					<identifier>	HP_ARS_3	</identifier>
					<transform>
						<row0>	-1.0000 0.0000 0.0000 0.0000	</row0>
						<row1>	0.0000 1.0000 0.0000 0.0000	</row1>
						<row2>	0.0000 0.0000 -1.0000 0.0000	</row2>
						<row3>	0.0000 2.4356 -1.1372 1.0000	</row3>
					</transform>
				</node>
				<node>
					<identifier>	HP_FX_Death_3	</identifier>
					<transform>
						<row0>	1.0000 0.0000 0.0000 0.0000	</row0>
						<row1>	0.0000 1.0000 0.0000 0.0000	</row1>
						<row2>	0.0000 0.0000 1.0000 0.0000	</row2>
						<row3>	0.0000 0.0000 -3.8958 1.0000	</row3>
					</transform>
				</node>
				<node>
					<identifier>	HP_FX_Fire_3	</identifier>
					<transform>
						<row0>	1.0000 0.0000 0.0000 0.0000	</row0>
						<row1>	0.0000 1.0000 0.0000 0.0000	</row1>
						<row2>	0.0000 0.0000 1.0000 0.0000	</row2>
						<row3>	0.0000 0.7359 -2.1761 1.0000	</row3>
					</transform>
				</node>
				<node>
					<identifier>	HP_FX_Fire_3_side_1	</identifier>
					<transform>
						<row0>	1.0000 0.0000 0.0000 0.0000	</row0>
						<row1>	0.0000 1.0000 0.0000 0.0000	</row1>
						<row2>	0.0000 0.0000 1.0000 0.0000	</row2>
						<row3>	-0.7981 0.4747 -2.0198 1.0000	</row3>
					</transform>
				</node>
				<node>
					<identifier>	HP_FX_Fire_3_side_2	</identifier>
					<transform>
						<row0>	1.0000 0.0000 0.0000 0.0000	</row0>
						<row1>	0.0000 1.0000 0.0000 0.0000	</row1>
						<row2>	0.0000 0.0000 1.0000 0.0000	</row2>
						<row3>	0.8507 0.3963 -3.7165 1.0000	</row3>
					</transform>
				</node>
				<node>
					<identifier>	HP_FX_Fire_5_1	</identifier>
					<transform>
						<row0>	1.0000 0.0000 0.0000 0.0000	</row0>
						<row1>	0.0000 1.0000 0.0000 0.0000	</row1>
						<row2>	0.0000 0.0000 1.0000 0.0000	</row2>
						<row3>	0.0000 0.8572 -1.5281 1.0000	</row3>
					</transform>
				</node>
				<node>
					<identifier>	HP_FX_Flood_water_left	</identifier>
					<transform>
						<row0>	-0.9890 0.0000 -0.1477 0.0000	</row0>
						<row1>	0.0000 1.0000 0.0000 0.0000	</row1>
						<row2>	0.1477 0.0000 -0.9890 0.0000	</row2>
						<row3>	-0.9828 0.0701 -4.0679 1.0000	</row3>
					</transform>
				</node>
				<node>
					<identifier>	HP_FX_Flood_water_left_2	</identifier>
					<transform>
						<row0>	-0.9990 0.0000 -0.0442 0.0000	</row0>
						<row1>	0.0000 1.0000 0.0000 0.0000	</row1>
						<row2>	0.0442 0.0000 -0.9990 0.0000	</row2>
						<row3>	-1.0867 0.0718 -2.2920 1.0000	</row3>
					</transform>
				</node>
				<node>
					<identifier>	HP_FX_Flood_water_right	</identifier>
					<transform>
						<row0>	0.9987 0.0000 -0.0516 0.0000	</row0>
						<row1>	0.0000 1.0000 0.0000 0.0000	</row1>
						<row2>	0.0516 0.0000 0.9987 0.0000	</row2>
						<row3>	0.9808 0.0684 -4.0694 1.0000	</row3>
					</transform>
				</node>
				<node>
					<identifier>	HP_FX_Flood_water_right_2	</identifier>
					<transform>
						<row0>	1.0000 0.0000 0.0000 0.0000	</row0>
						<row1>	0.0000 1.0000 0.0000 0.0000	</row1>
						<row2>	0.0000 0.0000 1.0000 0.0000	</row2>
						<row3>	1.0865 0.0681 -2.2914 1.0000	</row3>
					</transform>
				</node>
				<node>
					<identifier>	HP_FX_RepairLight_right_1	</identifier>
					<transform>
						<row0>	-0.0479 0.0000 -0.9989 0.0000	</row0>
						<row1>	0.0946 0.9955 -0.0045 0.0000	</row1>
						<row2>	0.9944 -0.0947 -0.0477 0.0000	</row2>
						<row3>	1.0951 0.3570 -3.0432 1.0000	</row3>
					</transform>
				</node>
				<node>
					<identifier>	HP_Flagpole	</identifier>
					<transform>
						<row0>	0.5000 0.0000 0.0000 0.0000	</row0>
						<row1>	0.0000 0.5000 0.0000 0.0000	</row1>
						<row2>	0.0000 0.0000 0.5000 0.0000	</row2>
						<row3>	0.0000 2.5153 -0.5161 1.0000	</row3>
					</transform>
				</node>
				<node>
					<identifier>	HP_Ship_death_2	</identifier>
					<transform>
						<row0>	1.0000 0.0000 0.0000 0.0000	</row0>
						<row1>	0.0000 1.0000 0.0000 0.0000	</row1>
						<row2>	0.0000 0.0000 1.0000 0.0000	</row2>
						<row3>	0.0000 0.0000 -1.3047 1.0000	</row3>
					</transform>
				</node>
				<node>
					<identifier>	HP_flag_1	</identifier>
					<transform>
						<row0>	0.9917 -0.1279 -0.0126 0.0000	</row0>
						<row1>	0.1279 0.9726 0.1940 0.0000	</row1>
						<row2>	-0.0126 -0.1940 0.9809 0.0000	</row2>
						<row3>	0.5258 1.8948 0.1271 1.0000	</row3>
					</transform>
				</node>
				<node>
					<identifier>	HP_flag_2	</identifier>
					<transform>
						<row0>	0.9917 0.1279 0.0126 0.0000	</row0>
						<row1>	-0.1279 0.9726 0.1940 0.0000	</row1>
						<row2>	0.0126 -0.1940 0.9809 0.0000	</row2>
						<row3>	-0.5251 1.8951 0.1262 1.0000	</row3>
					</transform>
				</node>
				<node>
					<identifier>	HP_flag_3	</identifier>
					<transform>
						<row0>	0.9948 -0.1012 -0.0100 0.0000	</row0>
						<row1>	0.1012 0.9756 0.1946 0.0000	</row1>
						<row2>	-0.0100 -0.1946 0.9808 0.0000	</row2>
						<row3>	0.3977 1.8942 0.1270 1.0000	</row3>
					</transform>
				</node>
				<node>
					<identifier>	HP_flag_4	</identifier>
					<transform>
						<row0>	0.9948 0.1012 0.0100 0.0000	</row0>
						<row1>	-0.1012 0.9756 0.1946 0.0000	</row1>
						<row2>	0.0100 -0.1946 0.9808 0.0000	</row2>
						<row3>	-0.3966 1.8944 0.1272 1.0000	</row3>
					</transform>
				</node>
				<node>
					<identifier>	HP_flag_courtesy	</identifier>
					<transform>
						<row0>	0.9894 -0.1445 -0.0142 0.0000	</row0>
						<row1>	0.1445 0.9704 0.1936 0.0000	</row1>
						<row2>	-0.0142 -0.1936 0.9810 0.0000	</row2>
						<row3>	0.6173 2.0807 0.1642 1.0000	</row3>
					</transform>
				</node>
				<node>
					<identifier>	HP_flag_house	</identifier>
					<transform>
						<row0>	0.9894 0.1445 0.0142 0.0000	</row0>
						<row1>	-0.1445 0.9704 0.1936 0.0000	</row1>
						<row2>	0.0142 -0.1936 0.9810 0.0000	</row2>
						<row3>	-0.6173 2.0807 0.1642 1.0000	</row3>
					</transform>
				</node>
				<node>
					<identifier>	HP_flag_nation	</identifier>
					<transform>
						<row0>	1.0000 0.0000 0.0000 0.0000	</row0>
						<row1>	0.0000 0.9962 0.0873 0.0000	</row1>
						<row2>	0.0000 -0.0873 0.9962 0.0000	</row2>
						<row3>	-0.0003 2.3438 -1.2422 1.0000	</row3>
					</transform>
				</node>
				<node>
					<identifier>	HP_flag_rank	</identifier>
					<transform>
						<row0>	1.0000 0.0000 0.0000 0.0000	</row0>
						<row1>	0.0000 0.9962 0.0873 0.0000	</row1>
						<row2>	0.0000 -0.0873 0.9962 0.0000	</row2>
						<row3>	-0.0003 2.0226 -1.2704 1.0000	</row3>
					</transform>
				</node>
				<node>
					<identifier>	MP_AM006_Reels_1	</identifier>
					<transform>
						<row0>	0.0000 1.1358 0.0000 0.0000	</row0>
						<row1>	0.0000 0.0000 -1.1358 0.0000	</row1>
						<row2>	-1.1358 0.0000 0.0000 0.0000	</row2>
						<row3>	-0.6330 0.5486 -1.6995 1.0000	</row3>
					</transform>
				</node>
				<node>
					<identifier>	MP_AM008_Reels_3	</identifier>
					<transform>
						<row0>	-1.1358 0.0000 0.0000 0.0000	</row0>
						<row1>	0.0000 0.0000 1.1358 0.0000	</row1>
						<row2>	0.0000 1.1358 0.0000 0.0000	</row2>
						<row3>	0.5554 0.5810 0.3316 1.0000	</row3>
					</transform>
				</node>
				<node>
					<identifier>	MP_AM008_Reels_3_INDEX_1	</identifier>
					<transform>
						<row0>	0.0000 0.0000 -1.1358 0.0000	</row0>
						<row1>	-1.1358 0.0000 0.0000 0.0000	</row1>
						<row2>	0.0000 1.1358 0.0000 0.0000	</row2>
						<row3>	-0.4812 0.5837 -0.1642 1.0000	</row3>
					</transform>
				</node>
				<node>
					<identifier>	MP_AM008_Reels_3_INDEX_2	</identifier>
					<transform>
						<row0>	0.0000 0.0000 -1.1358 0.0000	</row0>
						<row1>	-1.1358 0.0000 0.0000 0.0000	</row1>
						<row2>	0.0000 1.0810 0.0000 0.0000	</row2>
						<row3>	-0.4809 0.5763 -0.9710 1.0000	</row3>
					</transform>
				</node>
				<node>
					<identifier>	MP_AM008_Reels_3_INDEX_3	</identifier>
					<transform>
						<row0>	0.0000 0.0000 -1.1358 0.0000	</row0>
						<row1>	-1.1358 0.0000 0.0000 0.0000	</row1>
						<row2>	0.0000 1.0810 0.0000 0.0000	</row2>
						<row3>	-0.4809 0.5763 -1.0486 1.0000	</row3>
					</transform>
				</node>
				<node>
					<identifier>	MP_AM008_Reels_3_INDEX_4	</identifier>
					<transform>
						<row0>	0.0000 0.0000 1.1358 0.0000	</row0>
						<row1>	1.1358 0.0000 0.0000 0.0000	</row1>
						<row2>	0.0000 1.1358 0.0000 0.0000	</row2>
						<row3>	0.4791 0.5810 0.4782 1.0000	</row3>
					</transform>
				</node>
				<node>
					<identifier>	MP_AM008_Reels_3_INDEX_5	</identifier>
					<transform>
						<row0>	-1.1358 0.0000 0.0000 0.0000	</row0>
						<row1>	0.0000 0.0000 1.1358 0.0000	</row1>
						<row2>	0.0000 1.1358 0.0000 0.0000	</row2>
						<row3>	-0.5702 0.5837 -0.5182 1.0000	</row3>
					</transform>
				</node>
				<node>
					<identifier>	MP_AM018_Compass_Binnacle	</identifier>
					<transform>
						<row0>	1.0000 0.0000 0.0000 0.0000	</row0>
						<row1>	0.0000 1.0000 0.0000 0.0000	</row1>
						<row2>	0.0000 0.0000 1.0000 0.0000	</row2>
						<row3>	0.0000 0.9750 -1.2855 1.0000	</row3>
					</transform>
				</node>
				<node>
					<identifier>	MP_AM025_Pelorus_Mk7	</identifier>
					<transform>
						<row0>	1.0000 0.0000 0.0000 0.0000	</row0>
						<row1>	0.0000 1.0000 0.0000 0.0000	</row1>
						<row2>	0.0000 0.0000 1.0000 0.0000	</row2>
						<row3>	0.1881 1.5750 -0.1978 1.0000	</row3>
					</transform>
				</node>
				<node>
					<identifier>	MP_AM025_Pelorus_Mk7_INDEX_1	</identifier>
					<transform>
						<row0>	1.0000 0.0000 0.0000 0.0000	</row0>
						<row1>	0.0000 1.0000 0.0000 0.0000	</row1>
						<row2>	0.0000 0.0000 1.0000 0.0000	</row2>
						<row3>	-0.1881 1.5750 -0.1978 1.0000	</row3>
					</transform>
				</node>
				<node>
					<identifier>	MP_AM025_Pelorus_Mk7_INDEX_2	</identifier>
					<transform>
						<row0>	1.0000 0.0000 0.0000 0.0000	</row0>
						<row1>	0.0000 1.0000 0.0000 0.0000	</row1>
						<row2>	0.0000 0.0000 1.0000 0.0000	</row2>
						<row3>	0.4540 0.8222 0.7127 1.0000	</row3>
					</transform>
				</node>
				<node>
					<identifier>	MP_AM025_Pelorus_Mk7_INDEX_3	</identifier>
					<transform>
						<row0>	1.0000 0.0000 0.0000 0.0000	</row0>
						<row1>	0.0000 1.0000 0.0000 0.0000	</row1>
						<row2>	0.0000 0.0000 1.0000 0.0000	</row2>
						<row3>	-0.4540 0.8222 0.7127 1.0000	</row3>
					</transform>
				</node>
				<node>
					<identifier>	MP_AM025_Pelorus_Mk7_INDEX_4	</identifier>
					<transform>
						<row0>	1.0000 0.0000 0.0000 0.0000	</row0>
						<row1>	0.0000 1.0000 0.0000 0.0000	</row1>
						<row2>	0.0000 0.0000 1.0000 0.0000	</row2>
						<row3>	-0.4267 0.9662 0.8021 1.0000	</row3>
					</transform>
				</node>
				<node>
					<identifier>	MP_AM025_Pelorus_Mk7_INDEX_5	</identifier>
					<transform>
						<row0>	1.0000 0.0000 0.0000 0.0000	</row0>
						<row1>	0.0000 1.0000 0.0000 0.0000	</row1>
						<row2>	0.0000 0.0000 1.0000 0.0000	</row2>
						<row3>	0.4267 0.9662 0.8021 1.0000	</row3>
					</transform>
				</node>
				<node>
					<identifier>	MP_AM041_TDY1_Jammer	</identifier>
					<transform>
						<row0>	1.0000 0.0000 0.0000 0.0000	</row0>
						<row1>	0.0000 1.0000 0.0000 0.0000	</row1>
						<row2>	0.0000 0.0000 1.0000 0.0000	</row2>
						<row3>	0.0000 1.8965 0.3421 1.0000	</row3>
					</transform>
				</node>
				<node>
					<identifier>	MP_AM046_Running_Lights_B	</identifier>
					<transform>
						<row0>	-1.0000 0.0000 0.0000 0.0000	</row0>
						<row1>	0.0000 1.0000 0.0000 0.0000	</row1>
						<row2>	0.0000 0.0000 -1.0000 0.0000	</row2>
						<row3>	-0.0657 0.6400 -6.9342 1.0000	</row3>
					</transform>
				</node>
				<node>
					<identifier>	MP_AM047_Running_Lights_R	</identifier>
					<transform>
						<row0>	1.0000 0.0000 0.0000 0.0000	</row0>
						<row1>	0.0000 1.0000 0.0000 0.0000	</row1>
						<row2>	0.0000 0.0000 1.0000 0.0000	</row2>
						<row3>	0.3336 0.9955 1.0133 1.0000	</row3>
					</transform>
				</node>
				<node>
					<identifier>	MP_AM048_Running_Lights_L	</identifier>
					<transform>
						<row0>	1.0000 0.0000 0.0000 0.0000	</row0>
						<row1>	0.0000 1.0000 0.0000 0.0000	</row1>
						<row2>	0.0000 0.0000 1.0000 0.0000	</row2>
						<row3>	-0.3336 0.9955 1.0133 1.0000	</row3>
					</transform>
				</node>
				<node>
					<identifier>	MP_AM049_Signal_Lamp_1	</identifier>
					<transform>
						<row0>	1.0000 0.0000 0.0000 0.0000	</row0>
						<row1>	0.0000 1.0000 0.0000 0.0000	</row1>
						<row2>	0.0000 0.0000 1.0000 0.0000	</row2>
						<row3>	-0.5808 2.0978 0.1650 1.0000	</row3>
					</transform>
				</node>
				<node>
					<identifier>	MP_AM049_Signal_Lamp_1_INDEX_1	</identifier>
					<transform>
						<row0>	1.0000 0.0000 0.0000 0.0000	</row0>
						<row1>	0.0000 1.0000 0.0000 0.0000	</row1>
						<row2>	0.0000 0.0000 1.0000 0.0000	</row2>
						<row3>	0.6039 2.0960 0.1638 1.0000	</row3>
					</transform>
				</node>
				<node>
					<identifier>	MP_AM050_Fightin_Light	</identifier>
					<transform>
						<row0>	1.0000 0.0000 0.0000 0.0000	</row0>
						<row1>	0.0000 1.0000 0.0000 0.0000	</row1>
						<row2>	0.0000 0.0000 1.0000 0.0000	</row2>
						<row3>	-0.1158 2.2874 0.0739 1.0000	</row3>
					</transform>
				</node>
				<node>
					<identifier>	MP_AM050_Fightin_Light_INDEX_1	</identifier>
					<transform>
						<row0>	-1.0000 0.0000 0.0000 0.0000	</row0>
						<row1>	0.0000 1.0000 0.0000 0.0000	</row1>
						<row2>	0.0000 0.0000 -1.0000 0.0000	</row2>
						<row3>	0.1158 2.2874 0.0739 1.0000	</row3>
					</transform>
				</node>
				<node>
					<identifier>	MP_AM050_Fightin_Light_INDEX_2	</identifier>
					<transform>
						<row0>	-1.0000 0.0000 0.0000 0.0000	</row0>
						<row1>	0.0000 1.0000 0.0000 0.0000	</row1>
						<row2>	0.0000 0.0000 -1.0000 0.0000	</row2>
						<row3>	0.4578 1.1647 -0.4294 1.0000	</row3>
					</transform>
				</node>
				<node>
					<identifier>	MP_AM050_Fightin_Light_INDEX_3	</identifier>
					<transform>
						<row0>	1.0000 0.0000 0.0000 0.0000	</row0>
						<row1>	0.0000 1.0000 0.0000 0.0000	</row1>
						<row2>	0.0000 0.0000 1.0000 0.0000	</row2>
						<row3>	-0.4578 1.1647 -0.4294 1.0000	</row3>
					</transform>
				</node>
				<node>
					<identifier>	MP_AM054_Boat_6	</identifier>
					<transform>
						<row0>	1.0000 0.0079 0.0000 0.0000	</row0>
						<row1>	-0.0079 1.0000 0.0000 0.0000	</row1>
						<row2>	0.0000 0.0000 1.0000 0.0000	</row2>
						<row3>	0.0966 0.5464 -4.9018 1.0000	</row3>
					</transform>
				</node>
				<node>
					<identifier>	MP_AM054_Boat_6_INDEX_1	</identifier>
					<transform>
						<row0>	1.0000 -0.0079 0.0000 0.0000	</row0>
