<HSC003_Java_1933_Stern.skel_ext>
	<exported>	true	</exported>
	<node>
		<identifier>	MP_CM011_Fire_Fighting_Gear	</identifier>
		<parent>	Scene Root	</parent>
		<transform>
			<row0>	0.9997 -0.0232 0.0000 0.0000	</row0>
			<row1>	0.0232 0.9997 0.0000 0.0000	</row1>
			<row2>	0.0000 0.0000 1.0000 0.0000	</row2>
			<row3>	-0.0204 0.1745 -4.0065 1.0000	</row3>
		</transform>
	</node>
	<node>
		<identifier>	MP_HM001_Anchor_down	</identifier>
		<parent>	Scene Root	</parent>
		<transform>
			<row0>	-0.0465 0.1079 0.9931 0.0000	</row0>
			<row1>	0.0300 0.9938 -0.1066 0.0000	</row1>
			<row2>	-0.9985 0.0249 -0.0495 0.0000	</row2>
			<row3>	-0.0005 -0.0024 -5.1542 1.0000	</row3>
		</transform>
	</node>
	<node>
		<identifier>	MP_HM002_Anchor_up	</identifier>
		<parent>	Scene Root	</parent>
		<transform>
			<row0>	-0.0298 -0.2610 0.9649 0.0000	</row0>
			<row1>	0.0082 0.9652 0.2613 0.0000	</row1>
			<row2>	-0.9995 0.0157 -0.0267 0.0000	</row2>
			<row3>	-0.0005 -0.0024 -5.1542 1.0000	</row3>
		</transform>
	</node>
	<node>
		<identifier>	MP_HM007_Lifebuoy	</identifier>
		<parent>	Scene Root	</parent>
		<transform>
			<row0>	-0.3196 0.0000 0.9475 0.0000	</row0>
			<row1>	0.0000 1.0000 0.0000 0.0000	</row1>
			<row2>	-0.9475 0.0000 -0.3196 0.0000	</row2>
			<row3>	-0.1973 0.2376 -4.9977 1.0000	</row3>
		</transform>
	</node>
	<node>
		<identifier>	MP_HM007_Lifebuoy_INDEX_1	</identifier>
		<parent>	Scene Root	</parent>
		<transform>
			<row0>	-0.3196 0.0000 -0.9475 0.0000	</row0>
			<row1>	0.0000 1.0000 0.0000 0.0000	</row1>
			<row2>	0.9475 0.0000 -0.3196 0.0000	</row2>
			<row3>	0.1973 0.2376 -4.9977 1.0000	</row3>
		</transform>
	</node>
	<node>
		<identifier>	MP_HM016_AmmoBox	</identifier>
		<parent>	Scene Root	</parent>
		<transform>
			<row0>	-0.1695 -0.0023 0.9855 0.0000	</row0>
			<row1>	-0.0135 0.9999 0.0000 0.0000	</row1>
			<row2>	-0.9854 -0.0133 -0.1695 0.0000	</row2>
			<row3>	-0.2149 0.1675 -4.7960 1.0000	</row3>
		</transform>
	</node>
	<node>
		<identifier>	MP_HM016_AmmoBox_INDEX_1	</identifier>
		<parent>	Scene Root	</parent>
		<transform>
			<row0>	-0.2292 0.0023 -0.9734 0.0000	</row0>
			<row1>	0.0135 0.9999 -0.0008 0.0000	</row1>
			<row2>	0.9733 -0.0133 -0.2292 0.0000	</row2>
			<row3>	0.1978 0.1675 -4.8771 1.0000	</row3>
		</transform>
	</node>
	<node>
		<identifier>	MP_HM021_Rope_dryer	</identifier>
		<parent>	Scene Root	</parent>
		<transform>
			<row0>	0.9000 0.0000 0.0000 0.0000	</row0>
			<row1>	0.0000 0.9000 0.0000 0.0000	</row1>
			<row2>	0.0000 0.0000 0.9000 0.0000	</row2>
			<row3>	0.0000 0.1689 -3.8328 1.0000	</row3>
		</transform>
	</node>
	<node>
		<identifier>	MP_HM028_Bench_for_Capstan	</identifier>
		<parent>	Scene Root	</parent>
		<transform>
			<row0>	1.0000 0.0000 0.0000 0.0000	</row0>
			<row1>	0.0000 1.0000 0.0000 0.0000	</row1>
			<row2>	0.0000 0.0000 1.0000 0.0000	</row2>
			<row3>	0.0373 0.1654 -4.4297 1.0000	</row3>
		</transform>
	</node>
	<node>
		<identifier>	MP_HM410_Bench	</identifier>
		<parent>	Scene Root	</parent>
		<transform>
			<row0>	1.0000 0.0000 0.0000 0.0000	</row0>
			<row1>	0.0000 1.0000 0.0000 0.0000	</row1>
			<row2>	0.0000 0.0000 1.0000 0.0000	</row2>
			<row3>	-0.1027 0.1654 -4.2359 1.0000	</row3>
		</transform>
	</node>
	<node>
		<identifier>	MP_HM410_Bench_INDEX_1	</identifier>
		<parent>	Scene Root	</parent>
		<transform>
			<row0>	1.0000 0.0000 0.0000 0.0000	</row0>
			<row1>	0.0000 1.0000 0.0000 0.0000	</row1>
			<row2>	0.0000 0.0000 1.0000 0.0000	</row2>
			<row3>	0.1052 0.1654 -4.0965 1.0000	</row3>
		</transform>
	</node>
	<node>
		<identifier>	MP_JM409_Propeller_R	</identifier>
		<parent>	Scene Root	</parent>
		<transform>
			<row0>	1.5248 -0.2510 0.0000 0.0000	</row0>
			<row1>	0.2510 1.5248 0.0000 0.0000	</row1>
			<row2>	0.0000 0.0000 1.5453 0.0000	</row2>
			<row3>	0.2857 -0.2544 -3.9997 1.0000	</row3>
		</transform>
	</node>
	<node>
		<identifier>	MP_JM409_Propeller_R_INDEX_1	</identifier>
		<parent>	Scene Root	</parent>
		<transform>
			<row0>	1.4583 0.0000 0.0000 0.0000	</row0>
			<row1>	0.0000 1.4561 -0.0788 0.0000	</row1>
			<row2>	0.0000 0.0788 1.4561 0.0000	</row2>
			<row3>	0.0000 -0.2996 -4.4056 1.0000	</row3>
		</transform>
	</node>
	<node>
		<identifier>	MP_JM410_Propeller_L	</identifier>
		<parent>	Scene Root	</parent>
		<transform>
			<row0>	1.5225 0.2629 0.0000 0.0000	</row0>
			<row1>	-0.2629 1.5225 0.0000 0.0000	</row1>
			<row2>	0.0000 0.0000 1.5450 0.0000	</row2>
			<row3>	-0.2857 -0.2544 -3.9997 1.0000	</row3>
		</transform>
	</node>
</HSC003_Java_1933_Stern.skel_ext>
