<USC307_Uganda_1944_MidFront.skel_ext>
	<exported>	true	</exported>
	<node>
		<identifier>	MP_BM001_Paravane	</identifier>
		<parent>	Scene Root	</parent>
		<transform>
			<row0>	-0.5481 0.7186 -0.4280 0.0000	</row0>
			<row1>	-0.5628 -0.6954 -0.4469 0.0000	</row1>
			<row2>	-0.6188 -0.0041 0.7856 0.0000	</row2>
			<row3>	0.4234 0.8030 2.2543 1.0000	</row3>
		</transform>
	</node>
	<node>
		<identifier>	MP_BM001_Paravane_INDEX_1	</identifier>
		<parent>	Scene Root	</parent>
		<transform>
			<row0>	0.9994 0.0118 -0.0337 0.0000	</row0>
			<row1>	-0.0118 0.9999 0.0002 0.0000	</row1>
			<row2>	0.0337 0.0002 0.9994 0.0000	</row2>
			<row3>	-0.4394 0.6337 2.4637 1.0000	</row3>
		</transform>
	</node>
	<node>
		<identifier>	MP_BM001_Paravane_INDEX_2	</identifier>
		<parent>	Scene Root	</parent>
		<transform>
			<row0>	-0.5481 0.7186 -0.4280 0.0000	</row0>
			<row1>	-0.5628 -0.6954 -0.4469 0.0000	</row1>
			<row2>	-0.6188 -0.0041 0.7856 0.0000	</row2>
			<row3>	0.2777 0.8020 2.4329 1.0000	</row3>
		</transform>
	</node>
	<node>
		<identifier>	MP_BM001_Paravane_INDEX_3	</identifier>
		<parent>	Scene Root	</parent>
		<transform>
			<row0>	-0.5481 -0.7186 0.4280 0.0000	</row0>
			<row1>	0.5628 -0.6954 -0.4469 0.0000	</row1>
			<row2>	0.6188 -0.0041 0.7856 0.0000	</row2>
			<row3>	-0.2777 0.8020 2.4329 1.0000	</row3>
		</transform>
	</node>
	<node>
		<identifier>	MP_BM001_Paravane_INDEX_4	</identifier>
		<parent>	Scene Root	</parent>
		<transform>
			<row0>	-0.5481 -0.7186 0.4280 0.0000	</row0>
			<row1>	0.5628 -0.6954 -0.4469 0.0000	</row1>
			<row2>	0.6188 -0.0041 0.7856 0.0000	</row2>
			<row3>	-0.4234 0.8030 2.2543 1.0000	</row3>
		</transform>
	</node>
	<node>
		<identifier>	MP_BM001_Paravane_INDEX_5	</identifier>
		<parent>	Scene Root	</parent>
		<transform>
			<row0>	0.9994 -0.0118 0.0337 0.0000	</row0>
			<row1>	0.0118 0.9999 0.0002 0.0000	</row1>
			<row2>	-0.0337 0.0002 0.9994 0.0000	</row2>
			<row3>	0.4394 0.6337 2.4637 1.0000	</row3>
		</transform>
	</node>
	<node>
		<identifier>	MP_BM004_Reels	</identifier>
		<parent>	Scene Root	</parent>
		<transform>
			<row0>	1.0000 0.0000 0.0000 0.0000	</row0>
			<row1>	0.0000 0.0000 1.0000 0.0000	</row1>
			<row2>	0.0000 -1.0000 0.0000 0.0000	</row2>
			<row3>	0.0000 0.7923 2.5857 1.0000	</row3>
		</transform>
	</node>
	<node>
		<identifier>	MP_BM004_Reels_INDEX_1	</identifier>
		<parent>	Scene Root	</parent>
		<transform>
			<row0>	-0.0128 0.0000 -0.9999 0.0000	</row0>
			<row1>	0.0000 1.0000 0.0000 0.0000	</row1>
			<row2>	0.9999 0.0000 -0.0128 0.0000	</row2>
			<row3>	-0.4529 0.6215 2.8037 1.0000	</row3>
		</transform>
	</node>
	<node>
		<identifier>	MP_BM004_Reels_INDEX_2	</identifier>
		<parent>	Scene Root	</parent>
		<transform>
			<row0>	-0.0128 0.0000 -0.9999 0.0000	</row0>
			<row1>	0.0000 1.0000 0.0000 0.0000	</row1>
			<row2>	0.9999 0.0000 -0.0128 0.0000	</row2>
			<row3>	-0.4529 0.6215 2.6998 1.0000	</row3>
		</transform>
	</node>
	<node>
		<identifier>	MP_BM004_Reels_INDEX_3	</identifier>
		<parent>	Scene Root	</parent>
		<transform>
			<row0>	-0.5394 0.0000 -0.8421 0.0000	</row0>
			<row1>	0.0000 1.0000 0.0000 0.0000	</row1>
			<row2>	0.8421 0.0000 -0.5394 0.0000	</row2>
			<row3>	-0.2214 0.4666 3.2614 1.0000	</row3>
		</transform>
	</node>
	<node>
		<identifier>	MP_BM004_Reels_INDEX_4	</identifier>
		<parent>	Scene Root	</parent>
		<transform>
			<row0>	0.6261 0.0000 -0.7798 0.0000	</row0>
			<row1>	0.7798 0.0000 0.6261 0.0000	</row1>
			<row2>	0.0000 -1.0000 0.0000 0.0000	</row2>
			<row3>	0.1831 0.5161 3.2540 1.0000	</row3>
		</transform>
	</node>
	<node>
		<identifier>	MP_BM004_Reels_INDEX_5	</identifier>
		<parent>	Scene Root	</parent>
		<transform>
			<row0>	0.4460 0.0000 -0.8950 0.0000	</row0>
			<row1>	0.0000 1.0000 0.0000 0.0000	</row1>
			<row2>	0.8950 0.0000 0.4460 0.0000	</row2>
			<row3>	0.3344 0.6215 2.7351 1.0000	</row3>
		</transform>
	</node>
	<node>
		<identifier>	MP_BM022_Flotanet	</identifier>
		<parent>	Scene Root	</parent>
		<transform>
			<row0>	-0.9418 0.0037 -0.3361 0.0000	</row0>
			<row1>	0.0080 0.9999 -0.0113 0.0000	</row1>
			<row2>	0.3360 -0.0133 -0.9418 0.0000	</row2>
			<row3>	0.4760 0.6172 2.2541 1.0000	</row3>
		</transform>
	</node>
	<node>
		<identifier>	MP_BM022_Flotanet_INDEX_1	</identifier>
		<parent>	Scene Root	</parent>
		<transform>
			<row0>	-0.9940 -0.0067 0.1088 0.0000	</row0>
			<row1>	-0.0080 0.9999 -0.0113 0.0000	</row1>
			<row2>	-0.1087 -0.0121 -0.9940 0.0000	</row2>
			<row3>	-0.4841 0.6171 2.2570 1.0000	</row3>
		</transform>
	</node>
	<node>
		<identifier>	MP_BM038_Helmets	</identifier>
		<parent>	Scene Root	</parent>
		<transform>
			<row0>	0.0000 0.0000 -1.0000 0.0000	</row0>
			<row1>	0.0000 1.0000 0.0000 0.0000	</row1>
			<row2>	1.0000 0.0000 0.0000 0.0000	</row2>
			<row3>	0.1730 0.8946 1.9706 1.0000	</row3>
		</transform>
	</node>
	<node>
		<identifier>	MP_BM038_Helmets_INDEX_1	</identifier>
		<parent>	Scene Root	</parent>
		<transform>
			<row0>	0.0000 0.0000 1.0000 0.0000	</row0>
			<row1>	0.0000 1.0000 0.0000 0.0000	</row1>
			<row2>	-1.0000 0.0000 0.0000 0.0000	</row2>
			<row3>	-0.0660 1.1750 1.7756 1.0000	</row3>
		</transform>
	</node>
	<node>
		<identifier>	MP_BM038_Helmets_INDEX_2	</identifier>
		<parent>	Scene Root	</parent>
		<transform>
			<row0>	0.0000 0.0000 1.0000 0.0000	</row0>
			<row1>	0.0000 1.0000 0.0000 0.0000	</row1>
			<row2>	-1.0000 0.0000 0.0000 0.0000	</row2>
			<row3>	-0.1730 0.8946 1.9706 1.0000	</row3>
		</transform>
	</node>
	<node>
		<identifier>	MP_BM038_Helmets_INDEX_3	</identifier>
		<parent>	Scene Root	</parent>
		<transform>
			<row0>	0.0000 0.0000 -1.0000 0.0000	</row0>
			<row1>	0.0000 1.0000 0.0000 0.0000	</row1>
			<row2>	1.0000 0.0000 0.0000 0.0000	</row2>
			<row3>	0.0660 1.1750 1.7738 1.0000	</row3>
		</transform>
	</node>
	<node>
		<identifier>	MP_BM075_Compas	</identifier>
		<parent>	Scene Root	</parent>
		<transform>
			<row0>	1.0000 0.0000 0.0000 0.0000	</row0>
			<row1>	0.0000 1.0000 0.0000 0.0000	</row1>
			<row2>	0.0000 0.0000 1.0000 0.0000	</row2>
			<row3>	0.0000 1.1344 2.4139 1.0000	</row3>
		</transform>
	</node>
	<node>
		<identifier>	MP_BM223_Antenna_MF_DF_Ice	</identifier>
		<parent>	Scene Root	</parent>
		<transform>
			<row0>	1.0000 0.0000 0.0000 0.0000	</row0>
			<row1>	0.0000 1.0000 0.0000 0.0000	</row1>
			<row2>	0.0000 0.0000 1.0000 0.0000	</row2>
			<row3>	0.0000 1.1262 2.7358 1.0000	</row3>
		</transform>
	</node>
	<node>
		<identifier>	MP_BM509_Liferaft_type_20_10ft	</identifier>
		<parent>	Scene Root	</parent>
		<transform>
			<row0>	-0.0123 0.0000 -0.9999 0.0000	</row0>
			<row1>	-0.9404 0.3398 0.0116 0.0000	</row1>
			<row2>	0.3398 0.9405 -0.0042 0.0000	</row2>
			<row3>	-0.5837 0.6840 1.3793 1.0000	</row3>
		</transform>
	</node>
	<node>
		<identifier>	MP_BM509_Liferaft_type_20_10ft_INDEX_1	</identifier>
		<parent>	Scene Root	</parent>
		<transform>
			<row0>	-0.0123 0.0000 -0.9999 0.0000	</row0>
			<row1>	-0.9404 0.3398 0.0116 0.0000	</row1>
			<row2>	0.3398 0.9405 -0.0042 0.0000	</row2>
			<row3>	-0.5784 0.6840 1.8487 1.0000	</row3>
		</transform>
	</node>
	<node>
		<identifier>	MP_BM509_Liferaft_type_20_10ft_INDEX_10	</identifier>
		<parent>	Scene Root	</parent>
		<transform>
			<row0>	-0.0089 0.0000 1.0000 0.0000	</row0>
			<row1>	0.9404 0.3398 0.0084 0.0000	</row1>
			<row2>	-0.3398 0.9405 -0.0030 0.0000	</row2>
			<row3>	0.5825 0.6840 1.4944 1.0000	</row3>
		</transform>
	</node>
	<node>
		<identifier>	MP_BM509_Liferaft_type_20_10ft_INDEX_11	</identifier>
		<parent>	Scene Root	</parent>
		<transform>
			<row0>	-0.0123 0.0000 -0.9999 0.0000	</row0>
			<row1>	-0.9404 0.3398 0.0116 0.0000	</row1>
			<row2>	0.3398 0.9405 -0.0042 0.0000	</row2>
			<row3>	-0.5798 0.6840 1.7296 1.0000	</row3>
		</transform>
	</node>
	<node>
		<identifier>	MP_BM509_Liferaft_type_20_10ft_INDEX_12	</identifier>
		<parent>	Scene Root	</parent>
		<transform>
			<row0>	-0.0095 0.0000 1.0000 0.0000	</row0>
			<row1>	0.9404 0.3398 0.0089 0.0000	</row1>
			<row2>	-0.3398 0.9405 -0.0032 0.0000	</row2>
			<row3>	0.5864 0.6840 1.1404 1.0000	</row3>
		</transform>
	</node>
	<node>
		<identifier>	MP_BM509_Liferaft_type_20_10ft_INDEX_13	</identifier>
		<parent>	Scene Root	</parent>
		<transform>
			<row0>	-0.0158 0.0000 0.9999 0.0000	</row0>
			<row1>	0.9404 0.3398 0.0149 0.0000	</row1>
			<row2>	-0.3398 0.9405 -0.0054 0.0000	</row2>
			<row3>	0.5892 0.6840 0.9080 1.0000	</row3>
		</transform>
	</node>
	<node>
		<identifier>	MP_BM509_Liferaft_type_20_10ft_INDEX_14	</identifier>
		<parent>	Scene Root	</parent>
		<transform>
			<row0>	-0.0127 0.0000 0.9999 0.0000	</row0>
			<row1>	0.9404 0.3398 0.0119 0.0000	</row1>
			<row2>	-0.3398 0.9405 -0.0043 0.0000	</row2>
			<row3>	0.5879 0.6840 1.0226 1.0000	</row3>
		</transform>
	</node>
	<node>
		<identifier>	MP_BM509_Liferaft_type_20_10ft_INDEX_15	</identifier>
		<parent>	Scene Root	</parent>
		<transform>
			<row0>	-0.0123 0.0000 0.9999 0.0000	</row0>
			<row1>	0.9404 0.3398 0.0116 0.0000	</row1>
			<row2>	-0.3398 0.9405 -0.0042 0.0000	</row2>
			<row3>	0.5837 0.6840 1.3793 1.0000	</row3>
		</transform>
	</node>
	<node>
		<identifier>	MP_BM509_Liferaft_type_20_10ft_INDEX_16	</identifier>
		<parent>	Scene Root	</parent>
		<transform>
			<row0>	-0.0123 0.0000 0.9999 0.0000	</row0>
			<row1>	0.9404 0.3398 0.0116 0.0000	</row1>
			<row2>	-0.3398 0.9405 -0.0042 0.0000	</row2>
			<row3>	0.5812 0.6840 1.6097 1.0000	</row3>
		</transform>
	</node>
	<node>
		<identifier>	MP_BM509_Liferaft_type_20_10ft_INDEX_17	</identifier>
		<parent>	Scene Root	</parent>
		<transform>
			<row0>	-0.0089 0.0000 -1.0000 0.0000	</row0>
			<row1>	-0.9404 0.3398 0.0084 0.0000	</row1>
			<row2>	0.3398 0.9405 -0.0030 0.0000	</row2>
			<row3>	-0.5825 0.6840 1.4944 1.0000	</row3>
		</transform>
	</node>
	<node>
		<identifier>	MP_BM509_Liferaft_type_20_10ft_INDEX_2	</identifier>
		<parent>	Scene Root	</parent>
		<transform>
			<row0>	-0.0113 0.0000 -0.9999 0.0000	</row0>
			<row1>	-0.9404 0.3398 0.0106 0.0000	</row1>
			<row2>	0.3398 0.9405 -0.0038 0.0000	</row2>
			<row3>	-0.5863 0.6840 1.1402 1.0000	</row3>
		</transform>
	</node>
	<node>
		<identifier>	MP_BM509_Liferaft_type_20_10ft_INDEX_3	</identifier>
		<parent>	Scene Root	</parent>
		<transform>
			<row0>	-0.0113 0.0000 -0.9999 0.0000	</row0>
			<row1>	-0.9404 0.3398 0.0106 0.0000	</row1>
			<row2>	0.3398 0.9405 -0.0038 0.0000	</row2>
			<row3>	-0.5852 0.6840 1.2591 1.0000	</row3>
		</transform>
	</node>
	<node>
		<identifier>	MP_BM509_Liferaft_type_20_10ft_INDEX_4	</identifier>
		<parent>	Scene Root	</parent>
		<transform>
			<row0>	-0.0123 0.0000 0.9999 0.0000	</row0>
			<row1>	0.9404 0.3398 0.0116 0.0000	</row1>
			<row2>	-0.3398 0.9405 -0.0042 0.0000	</row2>
			<row3>	0.5784 0.6840 1.8487 1.0000	</row3>
		</transform>
	</node>
	<node>
		<identifier>	MP_BM509_Liferaft_type_20_10ft_INDEX_5	</identifier>
		<parent>	Scene Root	</parent>
		<transform>
			<row0>	-0.0113 0.0000 0.9999 0.0000	</row0>
			<row1>	0.9404 0.3398 0.0106 0.0000	</row1>
			<row2>	-0.3398 0.9405 -0.0038 0.0000	</row2>
			<row3>	0.5852 0.6840 1.2591 1.0000	</row3>
		</transform>
	</node>
	<node>
		<identifier>	MP_BM509_Liferaft_type_20_10ft_INDEX_6	</identifier>
		<parent>	Scene Root	</parent>
		<transform>
			<row0>	-0.0127 0.0000 -0.9999 0.0000	</row0>
			<row1>	-0.9404 0.3398 0.0119 0.0000	</row1>
			<row2>	0.3398 0.9405 -0.0043 0.0000	</row2>
			<row3>	-0.5892 0.6840 0.9082 1.0000	</row3>
		</transform>
	</node>
	<node>
		<identifier>	MP_BM509_Liferaft_type_20_10ft_INDEX_7	</identifier>
		<parent>	Scene Root	</parent>
		<transform>
			<row0>	-0.0123 0.0000 -0.9999 0.0000	</row0>
			<row1>	-0.9404 0.3398 0.0116 0.0000	</row1>
			<row2>	0.3398 0.9405 -0.0042 0.0000	</row2>
			<row3>	-0.5812 0.6840 1.6097 1.0000	</row3>
		</transform>
	</node>
	<node>
		<identifier>	MP_BM509_Liferaft_type_20_10ft_INDEX_8	</identifier>
		<parent>	Scene Root	</parent>
		<transform>
			<row0>	-0.0123 0.0000 0.9999 0.0000	</row0>
			<row1>	0.9404 0.3398 0.0116 0.0000	</row1>
			<row2>	-0.3398 0.9405 -0.0042 0.0000	</row2>
			<row3>	0.5798 0.6840 1.7296 1.0000	</row3>
		</transform>
	</node>
	<node>
		<identifier>	MP_BM509_Liferaft_type_20_10ft_INDEX_9	</identifier>
		<parent>	Scene Root	</parent>
		<transform>
			<row0>	-0.0078 0.0031 -1.0000 0.0000	</row0>
			<row1>	-0.9404 0.3401 0.0084 0.0000	</row1>
			<row2>	0.3401 0.9404 0.0002 0.0000	</row2>
			<row3>	-0.5880 0.6840 1.0226 1.0000	</row3>
		</transform>
	</node>
	<node>
		<identifier>	MP_BM600_Sky_lookout	</identifier>
		<parent>	Scene Root	</parent>
		<transform>
			<row0>	1.0000 0.0000 0.0000 0.0000	</row0>
			<row1>	0.0000 1.0000 0.0000 0.0000	</row1>
			<row2>	0.0000 0.0000 1.0000 0.0000	</row2>
			<row3>	-0.2077 1.1438 1.6804 1.0000	</row3>
		</transform>
	</node>
	<node>
		<identifier>	MP_BM600_Sky_lookout_INDEX_1	</identifier>
		<parent>	Scene Root	</parent>
		<transform>
			<row0>	-1.0000 0.0000 0.0000 0.0000	</row0>
			<row1>	0.0000 1.0000 0.0000 0.0000	</row1>
			<row2>	0.0000 0.0000 -1.0000 0.0000	</row2>
			<row3>	0.2077 1.1438 1.6804 1.0000	</row3>
		</transform>
	</node>
	<node>
		<identifier>	MP_BM600_Sky_lookout_INDEX_2	</identifier>
		<parent>	Scene Root	</parent>
		<transform>
			<row0>	1.0000 0.0000 0.0000 0.0000	</row0>
			<row1>	0.0000 1.0000 0.0000 0.0000	</row1>
			<row2>	0.0000 0.0000 1.0000 0.0000	</row2>
			<row3>	-0.2077 1.1438 1.8479 1.0000	</row3>
		</transform>
	</node>
	<node>
		<identifier>	MP_BM600_Sky_lookout_INDEX_3	</identifier>
		<parent>	Scene Root	</parent>
		<transform>
			<row0>	-1.0000 0.0000 0.0000 0.0000	</row0>
			<row1>	0.0000 1.0000 0.0000 0.0000	</row1>
			<row2>	0.0000 0.0000 -1.0000 0.0000	</row2>
			<row3>	0.2077 1.1438 1.7631 1.0000	</row3>
		</transform>
	</node>
	<node>
		<identifier>	MP_BM600_Sky_lookout_INDEX_4	</identifier>
		<parent>	Scene Root	</parent>
		<transform>
			<row0>	-1.0000 0.0000 0.0000 0.0000	</row0>
			<row1>	0.0000 1.0000 0.0000 0.0000	</row1>
			<row2>	0.0000 0.0000 -1.0000 0.0000	</row2>
			<row3>	0.2077 1.1438 1.8479 1.0000	</row3>
		</transform>
	</node>
	<node>
		<identifier>	MP_BM600_Sky_lookout_INDEX_5	</identifier>
		<parent>	Scene Root	</parent>
		<transform>
			<row0>	1.0000 0.0000 0.0000 0.0000	</row0>
			<row1>	0.0000 1.0000 0.0000 0.0000	</row1>
			<row2>	0.0000 0.0000 1.0000 0.0000	</row2>
			<row3>	-0.2077 1.1438 1.7631 1.0000	</row3>
		</transform>
	</node>
	<node>
		<identifier>	MP_BM602_Pelorus	</identifier>
		<parent>	Scene Root	</parent>
		<transform>
			<row0>	1.0000 0.0000 0.0000 0.0000	</row0>
			<row1>	0.0000 1.0000 0.0000 0.0000	</row1>
			<row2>	0.0000 0.0000 1.0000 0.0000	</row2>
			<row3>	0.0000 1.1348 2.5016 1.0000	</row3>
		</transform>
	</node>
	<node>
		<identifier>	MP_BM604_Voice_Tube	</identifier>
		<parent>	Scene Root	</parent>
		<transform>
			<row0>	0.0000 0.0000 1.0000 0.0000	</row0>
			<row1>	0.0000 1.0000 0.0000 0.0000	</row1>
			<row2>	-1.0000 0.0000 0.0000 0.0000	</row2>
			<row3>	-0.2160 1.1455 1.7242 1.0000	</row3>
		</transform>
	</node>
	<node>
		<identifier>	MP_BM604_Voice_Tube_INDEX_1	</identifier>
		<parent>	Scene Root	</parent>
		<transform>
			<row0>	0.0000 0.0000 -1.0000 0.0000	</row0>
			<row1>	0.0000 1.0000 0.0000 0.0000	</row1>
			<row2>	1.0000 0.0000 0.0000 0.0000	</row2>
			<row3>	0.2160 1.1455 1.8115 1.0000	</row3>
		</transform>
	</node>
	<node>
		<identifier>	MP_BM604_Voice_Tube_INDEX_2	</identifier>
		<parent>	Scene Root	</parent>
		<transform>
			<row0>	0.9847 0.0000 0.1745 0.0000	</row0>
			<row1>	0.0000 1.0000 0.0000 0.0000	</row1>
			<row2>	-0.1745 0.0000 0.9847 0.0000	</row2>
			<row3>	0.1727 1.1460 1.9035 1.0000	</row3>
		</transform>
	</node>
	<node>
		<identifier>	MP_BM604_Voice_Tube_INDEX_3	</identifier>
		<parent>	Scene Root	</parent>
		<transform>
			<row0>	0.9847 0.0000 -0.1745 0.0000	</row0>
			<row1>	0.0000 1.0000 0.0000 0.0000	</row1>
			<row2>	0.1745 0.0000 0.9847 0.0000	</row2>
			<row3>	-0.1727 1.1460 1.9035 1.0000	</row3>
		</transform>
	</node>
	<node>
		<identifier>	MP_BM604_Voice_Tube_INDEX_4	</identifier>
		<parent>	Scene Root	</parent>
		<transform>
			<row0>	0.0000 0.0000 -1.0000 0.0000	</row0>
			<row1>	0.0000 1.0000 0.0000 0.0000	</row1>
			<row2>	1.0000 0.0000 0.0000 0.0000	</row2>
			<row3>	0.2160 1.1455 1.7242 1.0000	</row3>
		</transform>
	</node>
	<node>
		<identifier>	MP_BM604_Voice_Tube_INDEX_5	</identifier>
		<parent>	Scene Root	</parent>
		<transform>
			<row0>	0.0000 0.0000 1.0000 0.0000	</row0>
			<row1>	0.0000 1.0000 0.0000 0.0000	</row1>
			<row2>	-1.0000 0.0000 0.0000 0.0000	</row2>
			<row3>	-0.2160 1.1455 1.8115 1.0000	</row3>
		</transform>
	</node>
	<node>
		<identifier>	MP_BM606_Searchlight_sight	</identifier>
		<parent>	Scene Root	</parent>
		<transform>
			<row0>	0.0000 0.0000 -1.0000 0.0000	</row0>
			<row1>	0.0000 1.0000 0.0000 0.0000	</row1>
			<row2>	1.0000 0.0000 0.0000 0.0000	</row2>
			<row3>	0.1693 1.1700 1.5914 1.0000	</row3>
		</transform>
	</node>
	<node>
		<identifier>	MP_BM606_Searchlight_sight_INDEX_1	</identifier>
		<parent>	Scene Root	</parent>
		<transform>
			<row0>	0.0000 0.0000 1.0000 0.0000	</row0>
			<row1>	0.0000 1.0000 0.0000 0.0000	</row1>
			<row2>	-1.0000 0.0000 0.0000 0.0000	</row2>
			<row3>	-0.1693 1.1700 1.5914 1.0000	</row3>
		</transform>
	</node>
	<node>
		<identifier>	MP_BM608_Compass_repeater	</identifier>
		<parent>	Scene Root	</parent>
		<transform>
			<row0>	-0.2961 0.0000 -0.9552 0.0000	</row0>
			<row1>	0.0000 1.0000 0.0000 0.0000	</row1>
			<row2>	0.9552 0.0000 -0.2961 0.0000	</row2>
			<row3>	-0.1552 1.2128 2.3192 1.0000	</row3>
		</transform>
	</node>
	<node>
		<identifier>	MP_BM608_Compass_repeater_INDEX_1	</identifier>
		<parent>	Scene Root	</parent>
		<transform>
			<row0>	-0.2961 0.0000 0.9552 0.0000	</row0>
			<row1>	0.0000 1.0000 0.0000 0.0000	</row1>
			<row2>	-0.9552 0.0000 -0.2961 0.0000	</row2>
			<row3>	0.1552 1.2128 2.3192 1.0000	</row3>
		</transform>
	</node>
	<node>
		<identifier>	MP_BM611_Telephone	</identifier>
		<parent>	Scene Root	</parent>
		<transform>
			<row0>	1.0000 0.0000 0.0000 0.0000	</row0>
			<row1>	0.0000 1.0000 0.0000 0.0000	</row1>
			<row2>	0.0000 0.0000 1.0000 0.0000	</row2>
			<row3>	0.0785 1.1837 2.5548 1.0000	</row3>
		</transform>
	</node>
	<node>
		<identifier>	MP_BM611_Telephone_INDEX_1	</identifier>
		<parent>	Scene Root	</parent>
		<transform>
			<row0>	1.0000 0.0000 0.0000 0.0000	</row0>
			<row1>	0.0000 1.0000 0.0000 0.0000	</row1>
			<row2>	0.0000 0.0000 1.0000 0.0000	</row2>
			<row3>	-0.2172 0.9562 2.0486 1.0000	</row3>
		</transform>
	</node>
	<node>
		<identifier>	MP_BM611_Telephone_INDEX_2	</identifier>
		<parent>	Scene Root	</parent>
		<transform>
			<row0>	-1.0000 0.0000 0.0000 0.0000	</row0>
			<row1>	0.0000 1.0000 0.0000 0.0000	</row1>
			<row2>	0.0000 0.0000 -1.0000 0.0000	</row2>
			<row3>	-0.0982 0.7000 2.5893 1.0000	</row3>
		</transform>
	</node>
	<node>
		<identifier>	MP_BM611_Telephone_INDEX_3	</identifier>
		<parent>	Scene Root	</parent>
		<transform>
			<row0>	1.0000 0.0000 0.0000 0.0000	</row0>
			<row1>	0.0000 1.0000 0.0000 0.0000	</row1>
			<row2>	0.0000 0.0000 1.0000 0.0000	</row2>
			<row3>	-0.0785 1.1828 2.5507 1.0000	</row3>
		</transform>
	</node>
	<node>
		<identifier>	MP_BM611_Telephone_INDEX_4	</identifier>
		<parent>	Scene Root	</parent>
		<transform>
			<row0>	1.0000 0.0000 0.0000 0.0000	</row0>
			<row1>	0.0000 1.0000 0.0000 0.0000	</row1>
			<row2>	0.0000 0.0000 1.0000 0.0000	</row2>
			<row3>	0.2172 0.9562 2.0486 1.0000	</row3>
		</transform>
	</node>
	<node>
		<identifier>	MP_BM611_Telephone_INDEX_5	</identifier>
		<parent>	Scene Root	</parent>
		<transform>
			<row0>	0.0000 0.0000 1.0000 0.0000	</row0>
			<row1>	0.0000 1.0000 0.0000 0.0000	</row1>
			<row2>	-1.0000 0.0000 0.0000 0.0000	</row2>
			<row3>	0.0654 1.2112 1.8408 1.0000	</row3>
		</transform>
	</node>
	<node>
		<identifier>	MP_BM611_Telephone_INDEX_6	</identifier>
		<parent>	Scene Root	</parent>
		<transform>
			<row0>	0.0000 0.0000 -1.0000 0.0000	</row0>
			<row1>	0.0000 1.0000 0.0000 0.0000	</row1>
			<row2>	1.0000 0.0000 0.0000 0.0000	</row2>
			<row3>	-0.0654 1.2112 1.8557 1.0000	</row3>
		</transform>
	</node>
	<node>
		<identifier>	MP_BM611_Telephone_INDEX_7	</identifier>
		<parent>	Scene Root	</parent>
		<transform>
			<row0>	0.0000 0.0000 -1.0000 0.0000	</row0>
			<row1>	0.0000 1.0000 0.0000 0.0000	</row1>
			<row2>	1.0000 0.0000 0.0000 0.0000	</row2>
			<row3>	0.1299 1.1837 2.5096 1.0000	</row3>
		</transform>
	</node>
	<node>
		<identifier>	MP_BM612_Switch_Panel	</identifier>
		<parent>	Scene Root	</parent>
		<transform>
			<row0>	0.0000 0.0000 -1.0000 0.0000	</row0>
			<row1>	0.0000 1.0000 0.0000 0.0000	</row1>
			<row2>	1.0000 0.0000 0.0000 0.0000	</row2>
			<row3>	0.1308 1.1847 2.4089 1.0000	</row3>
		</transform>
	</node>
	<node>
		<identifier>	MP_BM612_Switch_Panel_INDEX_1	</identifier>
		<parent>	Scene Root	</parent>
		<transform>
			<row0>	1.0000 0.0000 0.0000 0.0000	</row0>
			<row1>	0.0000 1.0000 0.0000 0.0000	</row1>
			<row2>	0.0000 0.0000 1.0000 0.0000	</row2>
			<row3>	-0.1035 1.1838 2.5508 1.0000	</row3>
		</transform>
	</node>
	<node>
		<identifier>	MP_BM613_Switch_Panel	</identifier>
		<parent>	Scene Root	</parent>
		<transform>
			<row0>	1.0000 0.0000 0.0000 0.0000	</row0>
			<row1>	0.0000 1.0000 0.0000 0.0000	</row1>
			<row2>	0.0000 0.0000 1.0000 0.0000	</row2>
			<row3>	0.0162 1.1846 2.5549 1.0000	</row3>
		</transform>
	</node>
	<node>
		<identifier>	MP_BM613_Switch_Panel_INDEX_1	</identifier>
		<parent>	Scene Root	</parent>
		<transform>
			<row0>	0.0000 0.0000 -1.0000 0.0000	</row0>
			<row1>	0.0000 1.0000 0.0000 0.0000	</row1>
			<row2>	1.0000 0.0000 0.0000 0.0000	</row2>
			<row3>	0.1304 1.1846 2.4821 1.0000	</row3>
		</transform>
	</node>
	<node>
		<identifier>	MP_BM614_Switch_box	</identifier>
		<parent>	Scene Root	</parent>
		<transform>
			<row0>	-1.0000 0.0000 0.0000 0.0000	</row0>
			<row1>	0.0000 1.0000 0.0000 0.0000	</row1>
			<row2>	0.0000 0.0000 -1.0000 0.0000	</row2>
			<row3>	0.0520 1.1842 2.5557 1.0000	</row3>
		</transform>
	</node>
	<node>
		<identifier>	MP_BM614_Switch_box_INDEX_1	</identifier>
		<parent>	Scene Root	</parent>
		<transform>
			<row0>	0.0000 0.0000 1.0000 0.0000	</row0>
			<row1>	0.0000 1.0000 0.0000 0.0000	</row1>
			<row2>	-1.0000 0.0000 0.0000 0.0000	</row2>
			<row3>	0.1323 1.1666 2.4460 1.0000	</row3>
		</transform>
	</node>
	<node>
		<identifier>	MP_BM702_Flag_box	</identifier>
		<parent>	Scene Root	</parent>
		<transform>
			<row0>	-1.0000 0.0000 0.0000 0.0000	</row0>
			<row1>	0.0000 1.0000 0.0000 0.0000	</row1>
			<row2>	0.0000 0.0000 -1.0000 0.0000	</row2>
			<row3>	-0.2388 0.9752 1.5906 1.0000	</row3>
		</transform>
	</node>
	<node>
		<identifier>	MP_BM702_Flag_box_INDEX_1	</identifier>
		<parent>	Scene Root	</parent>
		<transform>
			<row0>	-1.0000 0.0000 0.0000 0.0000	</row0>
			<row1>	0.0000 1.0000 0.0000 0.0000	</row1>
			<row2>	0.0000 0.0000 -1.0000 0.0000	</row2>
			<row3>	0.2388 0.9752 1.5906 1.0000	</row3>
		</transform>
	</node>
	<node>
		<identifier>	MP_BM705_Ammunition_Box	</identifier>
		<parent>	Scene Root	</parent>
		<transform>
			<row0>	0.0000 0.0000 1.0000 0.0000	</row0>
			<row1>	0.0000 1.0000 0.0000 0.0000	</row1>
			<row2>	-1.0000 0.0000 0.0000 0.0000	</row2>
			<row3>	-0.2513 0.8741 1.4228 1.0000	</row3>
		</transform>
	</node>
	<node>
		<identifier>	MP_BM705_Ammunition_Box_INDEX_1	</identifier>
		<parent>	Scene Root	</parent>
		<transform>
			<row0>	0.7071 0.0000 -0.7071 0.0000	</row0>
			<row1>	0.0000 1.0000 0.0000 0.0000	</row1>
			<row2>	0.7071 0.0000 0.7071 0.0000	</row2>
			<row3>	-0.4366 0.8746 1.3022 1.0000	</row3>
		</transform>
	</node>
	<node>
		<identifier>	MP_BM705_Ammunition_Box_INDEX_2	</identifier>
		<parent>	Scene Root	</parent>
		<transform>
			<row0>	0.7071 0.0000 0.7071 0.0000	</row0>
			<row1>	0.0000 1.0000 0.0000 0.0000	</row1>
			<row2>	-0.7071 0.0000 0.7071 0.0000	</row2>
			<row3>	0.4366 0.8746 1.3022 1.0000	</row3>
		</transform>
	</node>
	<node>
		<identifier>	MP_BM705_Ammunition_Box_INDEX_3	</identifier>
		<parent>	Scene Root	</parent>
		<transform>
			<row0>	0.0000 0.0000 -1.0000 0.0000	</row0>
			<row1>	0.0000 1.0000 0.0000 0.0000	</row1>
			<row2>	1.0000 0.0000 0.0000 0.0000	</row2>
			<row3>	0.2513 0.8741 1.4228 1.0000	</row3>
		</transform>
	</node>
	<node>
		<identifier>	MP_BM707_Locker	</identifier>
		<parent>	Scene Root	</parent>
		<transform>
			<row0>	0.7196 0.0000 0.6944 0.0000	</row0>
			<row1>	0.0000 1.0000 0.0000 0.0000	</row1>
			<row2>	-0.6944 0.0000 0.7196 0.0000	</row2>
			<row3>	0.2504 0.8744 1.1342 1.0000	</row3>
		</transform>
	</node>
	<node>
		<identifier>	MP_BM707_Locker_INDEX_1	</identifier>
		<parent>	Scene Root	</parent>
		<transform>
			<row0>	0.7196 0.0000 -0.6944 0.0000	</row0>
			<row1>	0.0000 1.0000 0.0000 0.0000	</row1>
			<row2>	0.6944 0.0000 0.7196 0.0000	</row2>
			<row3>	-0.2504 0.8744 1.1342 1.0000	</row3>
		</transform>
	</node>
	<node>
		<identifier>	MP_BM707_Locker_INDEX_2	</identifier>
		<parent>	Scene Root	</parent>
		<transform>
			<row0>	0.7196 0.0000 0.6944 0.0000	</row0>
			<row1>	0.0000 1.0000 0.0000 0.0000	</row1>
			<row2>	-0.6944 0.0000 0.7196 0.0000	</row2>
			<row3>	0.3035 0.8744 1.1854 1.0000	</row3>
		</transform>
	</node>
	<node>
		<identifier>	MP_BM707_Locker_INDEX_3	</identifier>
		<parent>	Scene Root	</parent>
		<transform>
			<row0>	0.7196 0.0000 -0.6944 0.0000	</row0>
			<row1>	0.0000 1.0000 0.0000 0.0000	</row1>
			<row2>	0.6944 0.0000 0.7196 0.0000	</row2>
			<row3>	-0.3035 0.8744 1.1854 1.0000	</row3>
		</transform>
	</node>
	<node>
		<identifier>	MP_BM752_Deck_Hatch	</identifier>
		<parent>	Scene Root	</parent>
		<transform>
			<row0>	1.0000 0.0000 0.0000 0.0000	</row0>
			<row1>	0.0000 1.0000 0.0000 0.0000	</row1>
			<row2>	0.0000 0.0000 1.0000 0.0000	</row2>
			<row3>	0.1363 0.4774 3.4926 1.0000	</row3>
		</transform>
	</node>
	<node>
		<identifier>	MP_BM850_Signal_lamp_10in	</identifier>
		<parent>	Scene Root	</parent>
		<transform>
			<row0>	-0.0871 0.0000 -0.9962 0.0000	</row0>
			<row1>	0.0000 1.0000 0.0000 0.0000	</row1>
			<row2>	0.9962 0.0000 -0.0871 0.0000	</row2>
			<row3>	-0.1517 1.2190 2.2017 1.0000	</row3>
		</transform>
	</node>
	<node>
		<identifier>	MP_BM850_Signal_lamp_10in_INDEX_1	</identifier>
		<parent>	Scene Root	</parent>
		<transform>
			<row0>	-0.0871 0.0000 0.9962 0.0000	</row0>
			<row1>	0.0000 1.0000 0.0000 0.0000	</row1>
			<row2>	-0.9962 0.0000 -0.0871 0.0000	</row2>
			<row3>	0.1517 1.2190 2.2017 1.0000	</row3>
		</transform>
	</node>
	<node>
		<identifier>	MP_BM851_Searchlight_20in	</identifier>
		<parent>	Scene Root	</parent>
		<transform>
			<row0>	0.0000 0.0000 1.0000 0.0000	</row0>
			<row1>	0.0000 1.0000 0.0000 0.0000	</row1>
			<row2>	-1.0000 0.0000 0.0000 0.0000	</row2>
			<row3>	-0.2361 0.9749 2.1246 1.0000	</row3>
		</transform>
	</node>
	<node>
		<identifier>	MP_BM851_Searchlight_20in_INDEX_1	</identifier>
		<parent>	Scene Root	</parent>
		<transform>
			<row0>	0.0000 0.0000 1.0000 0.0000	</row0>
			<row1>	0.0000 1.0000 0.0000 0.0000	</row1>
			<row2>	-1.0000 0.0000 0.0000 0.0000	</row2>
			<row3>	-0.5091 0.8764 1.1563 1.0000	</row3>
		</transform>
	</node>
	<node>
		<identifier>	MP_BM851_Searchlight_20in_INDEX_2	</identifier>
		<parent>	Scene Root	</parent>
		<transform>
			<row0>	0.0000 0.0000 -1.0000 0.0000	</row0>
			<row1>	0.0000 1.0000 0.0000 0.0000	</row1>
			<row2>	1.0000 0.0000 0.0000 0.0000	</row2>
			<row3>	0.5091 0.8764 1.1563 1.0000	</row3>
		</transform>
	</node>
	<node>
		<identifier>	MP_BM851_Searchlight_20in_INDEX_3	</identifier>
		<parent>	Scene Root	</parent>
		<transform>
			<row0>	0.0000 0.0000 -1.0000 0.0000	</row0>
			<row1>	0.0000 1.0000 0.0000 0.0000	</row1>
			<row2>	1.0000 0.0000 0.0000 0.0000	</row2>
			<row3>	0.2521 0.9749 2.1201 1.0000	</row3>
		</transform>
	</node>
	<node>
		<identifier>	MP_BM853_Visual_flashing_lantern	</identifier>
		<parent>	Scene Root	</parent>
		<transform>
			<row0>	0.0000 0.0000 1.0000 0.0000	</row0>
			<row1>	0.0000 1.0000 0.0000 0.0000	</row1>
			<row2>	-1.0000 0.0000 0.0000 0.0000	</row2>
			<row3>	-0.0715 2.1594 1.5834 1.0000	</row3>
		</transform>
	</node>
	<node>
		<identifier>	MP_BM853_Visual_flashing_lantern_INDEX_1	</identifier>
		<parent>	Scene Root	</parent>
		<transform>
			<row0>	0.0000 0.0000 -1.0000 0.0000	</row0>
			<row1>	0.0000 1.0000 0.0000 0.0000	</row1>
			<row2>	1.0000 0.0000 0.0000 0.0000	</row2>
			<row3>	0.0716 2.1594 1.5834 1.0000	</row3>
		</transform>
	</node>
	<node>
		<identifier>	MP_BM854_Running_Lights_R	</identifier>
		<parent>	Scene Root	</parent>
		<transform>
			<row0>	0.7840 0.0000 0.0000 0.0000	</row0>
			<row1>	0.0000 0.7840 0.0000 0.0000	</row1>
			<row2>	0.0000 0.0000 0.7840 0.0000	</row2>
			<row3>	0.5295 0.9488 1.6201 1.0000	</row3>
		</transform>
	</node>
	<node>
		<identifier>	MP_BM855_Running_Lights_L	</identifier>
		<parent>	Scene Root	</parent>
		<transform>
			<row0>	0.7845 0.0000 0.0000 0.0000	</row0>
			<row1>	0.0000 0.7845 0.0000 0.0000	</row1>
			<row2>	0.0000 0.0000 0.7845 0.0000	</row2>
			<row3>	-0.5295 0.9488 1.6200 1.0000	</row3>
		</transform>
	</node>
	<node>
		<identifier>	MP_BM858_Signal_Lamp	</identifier>
		<parent>	Scene Root	</parent>
		<transform>
			<row0>	1.0000 0.0000 0.0000 0.0000	</row0>
			<row1>	0.0000 1.0000 0.0000 0.0000	</row1>
			<row2>	0.0000 0.0000 1.0000 0.0000	</row2>
			<row3>	-0.1560 1.8673 1.5623 1.0000	</row3>
		</transform>
	</node>
	<node>
		<identifier>	MP_BM858_Signal_Lamp_INDEX_1	</identifier>
		<parent>	Scene Root	</parent>
		<transform>
			<row0>	1.0000 0.0000 0.0000 0.0000	</row0>
			<row1>	0.0000 1.0000 0.0000 0.0000	</row1>
			<row2>	0.0000 0.0000 1.0000 0.0000	</row2>
			<row3>	0.1560 1.8673 1.5623 1.0000	</row3>
		</transform>
	</node>
	<node>
		<identifier>	MP_BM862_Signal_Lamp	</identifier>
		<parent>	Scene Root	</parent>
		<transform>
			<row0>	-1.0000 0.0000 0.0000 0.0000	</row0>
			<row1>	0.0000 1.0000 0.0000 0.0000	</row1>
			<row2>	0.0000 0.0000 -1.0000 0.0000	</row2>
			<row3>	-0.2401 1.1853 1.6132 1.0000	</row3>
		</transform>
	</node>
	<node>
		<identifier>	MP_BM862_Signal_Lamp_INDEX_1	</identifier>
		<parent>	Scene Root	</parent>
		<transform>
			<row0>	1.0000 0.0000 0.0000 0.0000	</row0>
			<row1>	0.0000 1.0000 0.0000 0.0000	</row1>
			<row2>	0.0000 0.0000 1.0000 0.0000	</row2>
			<row3>	0.2401 1.1853 1.6132 1.0000	</row3>
		</transform>
	</node>
	<node>
		<identifier>	MP_BM864_Signal_Lamp_L	</identifier>
		<parent>	Scene Root	</parent>
		<transform>
			<row0>	1.0000 0.0000 0.0000 0.0000	</row0>
			<row1>	0.0000 1.0000 0.0000 0.0000	</row1>
			<row2>	0.0000 0.0000 1.0000 0.0000	</row2>
			<row3>	-0.1187 2.0233 1.5828 1.0000	</row3>
		</transform>
	</node>
	<node>
		<identifier>	MP_BM864_Signal_Lamp_L_INDEX_1	</identifier>
		<parent>	Scene Root	</parent>
		<transform>
			<row0>	1.0000 0.0000 0.0000 0.0000	</row0>
			<row1>	0.0000 -1.0000 0.0000 0.0000	</row1>
			<row2>	0.0000 0.0000 -1.0000 0.0000	</row2>
			<row3>	0.2889 1.8559 1.5623 1.0000	</row3>
		</transform>
	</node>
	<node>
		<identifier>	MP_BM864_Signal_Lamp_L_INDEX_2	</identifier>
		<parent>	Scene Root	</parent>
		<transform>
			<row0>	1.0000 0.0000 0.0000 0.0000	</row0>
			<row1>	0.0000 1.0000 0.0000 0.0000	</row1>
			<row2>	0.0000 0.0000 1.0000 0.0000	</row2>
			<row3>	0.1187 2.0233 1.5828 1.0000	</row3>
		</transform>
	</node>
	<node>
		<identifier>	MP_BM864_Signal_Lamp_L_INDEX_3	</identifier>
		<parent>	Scene Root	</parent>
		<transform>
			<row0>	1.0000 0.0000 0.0000 0.0000	</row0>
			<row1>	0.0000 -1.0000 0.0000 0.0000	</row1>
			<row2>	0.0000 0.0000 -1.0000 0.0000	</row2>
			<row3>	-0.2889 1.8559 1.5623 1.0000	</row3>
		</transform>
	</node>
	<node>
		<identifier>	MP_BM865_Signal_Lamp_R	</identifier>
		<parent>	Scene Root	</parent>
		<transform>
			<row0>	1.0000 0.0000 0.0000 0.0000	</row0>
			<row1>	0.0000 -1.0000 0.0000 0.0000	</row1>
			<row2>	0.0000 0.0000 -1.0000 0.0000	</row2>
			<row3>	0.1947 1.8559 1.5623 1.0000	</row3>
		</transform>
	</node>
	<node>
		<identifier>	MP_BM865_Signal_Lamp_R_INDEX_1	</identifier>
		<parent>	Scene Root	</parent>
		<transform>
			<row0>	1.0000 0.0000 0.0000 0.0000	</row0>
			<row1>	0.0000 -1.0000 0.0000 0.0000	</row1>
			<row2>	0.0000 0.0000 -1.0000 0.0000	</row2>
			<row3>	-0.1947 1.8559 1.5623 1.0000	</row3>
		</transform>
	</node>
	<node>
		<identifier>	MP_BM865_Signal_Lamp_R_INDEX_2	</identifier>
		<parent>	Scene Root	</parent>
		<transform>
			<row0>	1.0000 0.0000 0.0000 0.0000	</row0>
			<row1>	0.0000 -1.0000 0.0000 0.0000	</row1>
			<row2>	0.0000 0.0000 -1.0000 0.0000	</row2>
			<row3>	0.2889 1.8559 1.5623 1.0000	</row3>
		</transform>
	</node>
	<node>
		<identifier>	MP_BM871_Running_Lights_F	</identifier>
		<parent>	Scene Root	</parent>
		<transform>
			<row0>	0.8660 0.0000 -0.5000 0.0000	</row0>
			<row1>	0.0000 1.0000 0.0000 0.0000	</row1>
			<row2>	0.5000 0.0000 0.8660 0.0000	</row2>
			<row3>	0.0442 1.9977 1.6584 1.0000	</row3>
		</transform>
	</node>
	<node>
		<identifier>	MP_BM880_Running_Lights_F_Ice	</identifier>
		<parent>	Scene Root	</parent>
		<transform>
			<row0>	0.8660 0.0000 0.5000 0.0000	</row0>
			<row1>	0.0000 1.0000 0.0000 0.0000	</row1>
			<row2>	-0.5000 0.0000 0.8660 0.0000	</row2>
			<row3>	-0.0431 2.0758 1.6589 1.0000	</row3>
		</transform>
	</node>
	<node>
		<identifier>	MP_BM907_Cran_6_7_ton_Down	</identifier>
		<parent>	Scene Root	</parent>
		<transform>
			<row0>	-0.9923 0.0000 -0.1241 0.0000	</row0>
			<row1>	0.0000 1.0000 0.0000 0.0000	</row1>
			<row2>	0.1241 0.0000 -0.9923 0.0000	</row2>
			<row3>	0.0000 0.4502 0.5641 1.0000	</row3>
		</transform>
	</node>
	<node>
		<identifier>	MP_BM952_Bollard	</identifier>
		<parent>	Scene Root	</parent>
		<transform>
			<row0>	0.7034 -0.0079 -0.0013 0.0000	</row0>
			<row1>	0.0079 0.7034 -0.0009 0.0000	</row1>
			<row2>	0.0013 0.0009 0.7035 0.0000	</row2>
			<row3>	0.5846 0.4545 0.5066 1.0000	</row3>
		</transform>
	</node>
	<node>
		<identifier>	MP_BM952_Bollard_INDEX_1	</identifier>
		<parent>	Scene Root	</parent>
		<transform>
			<row0>	0.7034 0.0079 0.0013 0.0000	</row0>
			<row1>	-0.0079 0.7034 -0.0009 0.0000	</row1>
			<row2>	-0.0013 0.0009 0.7035 0.0000	</row2>
			<row3>	-0.5846 0.4545 0.5066 1.0000	</row3>
		</transform>
	</node>
	<node>
		<identifier>	MP_BM964_3ton_electrik_winch_R	</identifier>
		<parent>	Scene Root	</parent>
		<transform>
			<row0>	-0.9417 0.0000 0.3365 0.0000	</row0>
			<row1>	0.0000 1.0000 0.0000 0.0000	</row1>
			<row2>	-0.3365 0.0000 -0.9417 0.0000	</row2>
			<row3>	-0.2461 0.6206 2.6765 1.0000	</row3>
		</transform>
	</node>
	<node>
		<identifier>	MP_BM964_3ton_electrik_winch_R_INDEX_1	</identifier>
		<parent>	Scene Root	</parent>
		<transform>
			<row0>	-0.9421 0.0000 -0.3354 0.0000	</row0>
			<row1>	0.0000 1.0000 0.0000 0.0000	</row1>
			<row2>	0.3354 0.0000 -0.9421 0.0000	</row2>
			<row3>	0.2307 0.6198 2.6850 1.0000	</row3>
		</transform>
	</node>
	<node>
		<identifier>	MP_CM011_Fire_Fighting_Gear	</identifier>
		<parent>	Scene Root	</parent>
		<transform>
			<row0>	0.0000 0.0000 -1.0000 0.0000	</row0>
			<row1>	0.0000 1.0000 0.0000 0.0000	</row1>
			<row2>	1.0000 0.0000 0.0000 0.0000	</row2>
			<row3>	-0.1851 0.8761 1.6224 1.0000	</row3>
		</transform>
	</node>
	<node>
		<identifier>	MP_CM011_Fire_Fighting_Gear_INDEX_1	</identifier>
		<parent>	Scene Root	</parent>
		<transform>
			<row0>	-0.6210 0.0000 -0.7838 0.0000	</row0>
			<row1>	0.0000 1.0000 0.0000 0.0000	</row1>
			<row2>	0.7838 0.0000 -0.6210 0.0000	</row2>
			<row3>	-0.1879 0.6206 2.4940 1.0000	</row3>
		</transform>
	</node>
	<node>
		<identifier>	MP_CM011_Fire_Fighting_Gear_INDEX_2	</identifier>
		<parent>	Scene Root	</parent>
		<transform>
			<row0>	-0.6187 0.0000 0.7856 0.0000	</row0>
			<row1>	0.0000 1.0000 0.0000 0.0000	</row1>
			<row2>	-0.7856 0.0000 -0.6187 0.0000	</row2>
			<row3>	0.1879 0.6209 2.4940 1.0000	</row3>
		</transform>
	</node>
	<node>
		<identifier>	MP_CM011_Fire_Fighting_Gear_INDEX_3	</identifier>
		<parent>	Scene Root	</parent>
		<transform>
			<row0>	0.0000 0.0000 1.0000 0.0000	</row0>
			<row1>	0.0000 1.0000 0.0000 0.0000	</row1>
			<row2>	-1.0000 0.0000 0.0000 0.0000	</row2>
			<row3>	0.1851 0.8761 1.6224 1.0000	</row3>
		</transform>
	</node>
	<node>
		<identifier>	MP_CM012_Fire_Hose_Rack_1	</identifier>
		<parent>	Scene Root	</parent>
		<transform>
			<row0>	0.7802 0.0000 -0.6256 0.0000	</row0>
			<row1>	0.0000 1.0000 0.0000 0.0000	</row1>
			<row2>	0.6256 0.0000 0.7802 0.0000	</row2>
			<row3>	-0.1920 0.6871 2.4628 1.0000	</row3>
		</transform>
	</node>
	<node>
		<identifier>	MP_CM012_Fire_Hose_Rack_1_INDEX_1	</identifier>
		<parent>	Scene Root	</parent>
		<transform>
			<row0>	-1.0000 0.0000 0.0000 0.0000	</row0>
			<row1>	0.0000 1.0000 0.0000 0.0000	</row1>
			<row2>	0.0000 0.0000 -1.0000 0.0000	</row2>
			<row3>	0.1741 0.6871 2.5195 1.0000	</row3>
		</transform>
	</node>
	<node>
		<identifier>	MP_CM012_Fire_Hose_Rack_1_INDEX_2	</identifier>
		<parent>	Scene Root	</parent>
		<transform>
			<row0>	0.0000 0.0000 -1.0000 0.0000	</row0>
			<row1>	0.0000 1.0000 0.0000 0.0000	</row1>
			<row2>	1.0000 0.0000 0.0000 0.0000	</row2>
			<row3>	0.2373 0.9494 1.6080 1.0000	</row3>
		</transform>
	</node>
	<node>
		<identifier>	MP_CM012_Fire_Hose_Rack_1_INDEX_3	</identifier>
		<parent>	Scene Root	</parent>
		<transform>
			<row0>	0.0000 0.0000 1.0000 0.0000	</row0>
			<row1>	0.0000 1.0000 0.0000 0.0000	</row1>
			<row2>	-1.0000 0.0000 0.0000 0.0000	</row2>
			<row3>	-0.2373 0.9494 1.6080 1.0000	</row3>
		</transform>
	</node>
	<node>
		<identifier>	MP_CM029_Emergency_Box	</identifier>
		<parent>	Scene Root	</parent>
		<transform>
			<row0>	0.0000 0.0000 1.0000 0.0000	</row0>
			<row1>	0.0000 1.0000 0.0000 0.0000	</row1>
			<row2>	-1.0000 0.0000 0.0000 0.0000	</row2>
			<row3>	0.1789 0.9393 1.8905 1.0000	</row3>
		</transform>
	</node>
	<node>
		<identifier>	MP_CM029_Emergency_Box_INDEX_1	</identifier>
		<parent>	Scene Root	</parent>
		<transform>
			<row0>	0.0000 0.0000 -1.0000 0.0000	</row0>
			<row1>	0.0000 1.0000 0.0000 0.0000	</row1>
			<row2>	1.0000 0.0000 0.0000 0.0000	</row2>
			<row3>	-0.1789 0.9393 1.8905 1.0000	</row3>
		</transform>
	</node>
	<node>
		<identifier>	MP_CM029_Emergency_Box_INDEX_2	</identifier>
		<parent>	Scene Root	</parent>
		<transform>
			<row0>	0.0000 0.0000 1.0000 0.0000	</row0>
			<row1>	0.0000 1.0000 0.0000 0.0000	</row1>
			<row2>	-1.0000 0.0000 0.0000 0.0000	</row2>
			<row3>	0.0771 1.2253 2.1258 1.0000	</row3>
		</transform>
	</node>
	<node>
		<identifier>	MP_CM029_Emergency_Box_INDEX_3	</identifier>
		<parent>	Scene Root	</parent>
		<transform>
			<row0>	-0.6256 0.0000 -0.7802 0.0000	</row0>
			<row1>	0.0000 1.0000 0.0000 0.0000	</row1>
			<row2>	0.7802 0.0000 -0.6256 0.0000	</row2>
			<row3>	-0.4219 0.7012 2.1860 1.0000	</row3>
		</transform>
	</node>
	<node>
		<identifier>	MP_CM082_Rope	</identifier>
		<parent>	Scene Root	</parent>
		<transform>
			<row0>	0.0531 0.0000 0.6069 0.0000	</row0>
			<row1>	0.0000 0.6093 0.0000 0.0000	</row1>
			<row2>	-0.6069 0.0000 0.0531 0.0000	</row2>
			<row3>	0.2032 1.0791 1.4583 1.0000	</row3>
		</transform>
	</node>
	<node>
		<identifier>	MP_CM082_Rope_INDEX_1	</identifier>
		<parent>	Scene Root	</parent>
		<transform>
			<row0>	0.0531 0.0000 -0.6069 0.0000	</row0>
			<row1>	0.0000 0.6093 0.0000 0.0000	</row1>
			<row2>	0.6069 0.0000 0.0531 0.0000	</row2>
			<row3>	-0.2564 1.0764 1.5758 1.0000	</row3>
		</transform>
	</node>
	<node>
		<identifier>	MP_CM082_Rope_INDEX_10	</identifier>
		<parent>	Scene Root	</parent>
		<transform>
			<row0>	0.0000 0.0000 -0.6035 0.0000	</row0>
			<row1>	0.0000 0.6035 0.0000 0.0000	</row1>
			<row2>	0.6035 0.0000 0.0000 0.0000	</row2>
			<row3>	0.2217 1.0788 1.4575 1.0000	</row3>
		</transform>
	</node>
	<node>
		<identifier>	MP_CM082_Rope_INDEX_11	</identifier>
		<parent>	Scene Root	</parent>
		<transform>
			<row0>	0.0000 0.0000 0.6035 0.0000	</row0>
			<row1>	0.0000 0.6035 0.0000 0.0000	</row1>
			<row2>	-0.6035 0.0000 0.0000 0.0000	</row2>
			<row3>	-0.2217 1.0788 1.4575 1.0000	</row3>
		</transform>
	</node>
	<node>
