<GSB011_Nassau_1912_Bow.skel_ext>
	<exported>	true	</exported>
	<node>
		<identifier>	MP_GM035_LifeBuoy_Mount	</identifier>
		<parent>	Scene Root	</parent>
		<transform>
			<row0>	0.9904 0.0000 -0.1382 0.0000	</row0>
			<row1>	0.0000 1.0000 0.0000 0.0000	</row1>
			<row2>	0.1382 0.0000 0.9904 0.0000	</row2>
			<row3>	-0.5021 0.4166 3.1385 1.0000	</row3>
		</transform>
	</node>
	<node>
		<identifier>	MP_GM035_LifeBuoy_Mount_INDEX_1	</identifier>
		<parent>	Scene Root	</parent>
		<transform>
			<row0>	-0.9904 0.0000 -0.1384 0.0000	</row0>
			<row1>	0.0000 1.0000 0.0000 0.0000	</row1>
			<row2>	0.1384 0.0000 -0.9904 0.0000	</row2>
			<row3>	0.5021 0.4166 3.1385 1.0000	</row3>
		</transform>
	</node>
	<node>
		<identifier>	MP_GM065_Firelead	</identifier>
		<parent>	Scene Root	</parent>
		<transform>
			<row0>	0.9201 -0.0134 -0.3915 0.0000	</row0>
			<row1>	0.0000 0.9994 -0.0341 0.0000	</row1>
			<row2>	0.3917 0.0314 0.9196 0.0000	</row2>
			<row3>	-0.1400 0.4162 4.4508 1.0000	</row3>
		</transform>
	</node>
	<node>
		<identifier>	MP_GM065_Firelead_INDEX_1	</identifier>
		<parent>	Scene Root	</parent>
		<transform>
			<row0>	0.9201 0.0134 0.3915 0.0000	</row0>
			<row1>	0.0000 0.9994 -0.0341 0.0000	</row1>
			<row2>	-0.3917 0.0314 0.9196 0.0000	</row2>
			<row3>	0.1400 0.4162 4.4508 1.0000	</row3>
		</transform>
	</node>
	<node>
		<identifier>	MP_GM065_Firelead_INDEX_2	</identifier>
		<parent>	Scene Root	</parent>
		<transform>
			<row0>	0.9946 0.0022 0.1041 0.0000	</row0>
			<row1>	0.0000 0.9998 -0.0216 0.0000	</row1>
			<row2>	-0.1042 0.0214 0.9943 0.0000	</row2>
			<row3>	0.5073 0.3707 2.9517 1.0000	</row3>
		</transform>
	</node>
	<node>
		<identifier>	MP_GM065_Firelead_INDEX_3	</identifier>
		<parent>	Scene Root	</parent>
		<transform>
			<row0>	0.9537 0.0109 0.3005 0.0000	</row0>
			<row1>	0.0000 0.9993 -0.0364 0.0000	</row1>
			<row2>	-0.3007 0.0347 0.9531 0.0000	</row2>
			<row3>	0.2806 0.4015 4.0337 1.0000	</row3>
		</transform>
	</node>
	<node>
		<identifier>	MP_GM065_Firelead_INDEX_4	</identifier>
		<parent>	Scene Root	</parent>
		<transform>
			<row0>	0.9943 -0.0025 -0.1063 0.0000	</row0>
			<row1>	0.0000 0.9997 -0.0234 0.0000	</row1>
			<row2>	0.1063 0.0233 0.9941 0.0000	</row2>
			<row3>	-0.5069 0.3707 2.9517 1.0000	</row3>
		</transform>
	</node>
	<node>
		<identifier>	MP_GM065_Firelead_INDEX_5	</identifier>
		<parent>	Scene Root	</parent>
		<transform>
			<row0>	0.9537 -0.0109 -0.3005 0.0000	</row0>
			<row1>	0.0000 0.9993 -0.0364 0.0000	</row1>
			<row2>	0.3007 0.0347 0.9531 0.0000	</row2>
			<row3>	-0.2806 0.4015 4.0337 1.0000	</row3>
		</transform>
	</node>
	<node>
		<identifier>	MP_GM700_AmmoBox	</identifier>
		<parent>	Scene Root	</parent>
		<transform>
			<row0>	0.0000 0.0000 1.0000 0.0000	</row0>
			<row1>	0.0000 1.0000 0.0000 0.0000	</row1>
			<row2>	-1.0000 0.0000 0.0000 0.0000	</row2>
			<row3>	0.3783 0.2248 3.1873 1.0000	</row3>
		</transform>
	</node>
	<node>
		<identifier>	MP_GM700_AmmoBox_INDEX_1	</identifier>
		<parent>	Scene Root	</parent>
		<transform>
			<row0>	0.0000 0.0000 1.0000 0.0000	</row0>
			<row1>	0.0000 1.0000 0.0000 0.0000	</row1>
			<row2>	-1.0000 0.0000 0.0000 0.0000	</row2>
			<row3>	0.2933 0.2282 3.4842 1.0000	</row3>
		</transform>
	</node>
	<node>
		<identifier>	MP_GM700_AmmoBox_INDEX_2	</identifier>
		<parent>	Scene Root	</parent>
		<transform>
			<row0>	0.0000 0.0000 -1.0000 0.0000	</row0>
			<row1>	0.0000 1.0000 0.0000 0.0000	</row1>
			<row2>	1.0000 0.0000 0.0000 0.0000	</row2>
			<row3>	-0.3783 0.2248 3.1873 1.0000	</row3>
		</transform>
	</node>
	<node>
		<identifier>	MP_GM700_AmmoBox_INDEX_3	</identifier>
		<parent>	Scene Root	</parent>
		<transform>
			<row0>	0.0000 0.0000 -1.0000 0.0000	</row0>
			<row1>	0.0000 1.0000 0.0000 0.0000	</row1>
			<row2>	1.0000 0.0000 0.0000 0.0000	</row2>
			<row3>	-0.2933 0.2282 3.4842 1.0000	</row3>
		</transform>
	</node>
	<node>
		<identifier>	MP_GM856_Mastheadlight	</identifier>
		<parent>	Scene Root	</parent>
		<transform>
			<row0>	1.0000 0.0000 0.0000 0.0000	</row0>
			<row1>	0.0000 1.0000 0.0000 0.0000	</row1>
			<row2>	0.0000 0.0000 1.0000 0.0000	</row2>
			<row3>	0.0000 0.8354 4.6936 1.0000	</row3>
		</transform>
	</node>
	<node>
		<identifier>	MP_GM952_Bollard	</identifier>
		<parent>	Scene Root	</parent>
		<transform>
			<row0>	1.5904 0.0000 0.0000 0.0000	</row0>
			<row1>	0.0000 1.5896 -0.0500 0.0000	</row1>
			<row2>	0.0000 0.0500 1.5896 0.0000	</row2>
			<row3>	0.0000 0.3902 3.6186 1.0000	</row3>
		</transform>
	</node>
</GSB011_Nassau_1912_Bow.skel_ext>
