<SGM055_381mm50_barrels_3_M1939_Life_Boat.skel_ext>
	<exported>	true	</exported>
	<node>
		<identifier>	MP_SM410_RM2_Galileo	</identifier>
		<parent>	Rotate_Y	</parent>
		<transform>
			<row0>	1.0000 0.0000 0.0000 0.0000	</row0>
			<row1>	0.0000 1.0000 0.0000 0.0000	</row1>
			<row2>	0.0000 0.0000 1.0000 0.0000	</row2>
			<row3>	-0.4000 0.1525 -0.5869 1.0000	</row3>
		</transform>
	</node>
	<node>
		<identifier>	MP_SM507_Baltello_M4_5	</identifier>
		<parent>	Rotate_Y	</parent>
		<transform>
			<row0>	0.8000 0.0000 0.0000 0.0000	</row0>
			<row1>	0.0000 0.8000 0.0000 0.0000	</row1>
			<row2>	0.0000 0.0000 0.8000 0.0000	</row2>
			<row3>	0.3933 0.0133 -0.0027 1.0000	</row3>
		</transform>
	</node>
	<node>
		<identifier>	MP_SM507_Baltello_M4_5_INDEX_1	</identifier>
		<parent>	Rotate_Y	</parent>
		<transform>
			<row0>	0.8000 0.0000 0.0000 0.0000	</row0>
			<row1>	0.0000 0.8000 0.0000 0.0000	</row1>
			<row2>	0.0000 0.0000 0.8000 0.0000	</row2>
			<row3>	-0.3933 0.0133 -0.0027 1.0000	</row3>
		</transform>
	</node>
	<node>
		<identifier>	MP_SM510_Life_Boat_3_5m_monte	</identifier>
		<parent>	Rotate_Y	</parent>
		<transform>
			<row0>	0.0015 -0.1392 0.9903 0.0000	</row0>
			<row1>	0.0000 0.9903 0.1392 0.0000	</row1>
			<row2>	-1.0000 -0.0002 0.0015 0.0000	</row2>
			<row3>	-0.1400 0.1720 0.1076 1.0000	</row3>
		</transform>
	</node>
	<node>
		<identifier>	MP_SM510_Life_Boat_3_5m_monte_INDEX_1	</identifier>
		<parent>	Rotate_Y	</parent>
		<transform>
			<row0>	0.0000 0.1564 0.9877 0.0000	</row0>
			<row1>	0.0000 0.9877 -0.1564 0.0000	</row1>
			<row2>	-1.0000 0.0000 0.0000 0.0000	</row2>
			<row3>	0.1233 0.1658 -0.4970 1.0000	</row3>
		</transform>
	</node>
	<node>
		<identifier>	MP_SM510_Life_Boat_3_5m_monte_INDEX_2	</identifier>
		<parent>	Rotate_Y	</parent>
		<transform>
			<row0>	0.0000 -0.1564 -0.9877 0.0000	</row0>
			<row1>	0.0000 0.9877 -0.1564 0.0000	</row1>
			<row2>	1.0000 0.0000 0.0000 0.0000	</row2>
			<row3>	-0.1233 0.1658 -0.4970 1.0000	</row3>
		</transform>
	</node>
	<node>
		<identifier>	MP_SM510_Life_Boat_3_5m_monte_INDEX_3	</identifier>
		<parent>	Rotate_Y	</parent>
		<transform>
			<row0>	-0.0163 0.1564 0.9876 0.0000	</row0>
			<row1>	0.0000 0.9877 -0.1564 0.0000	</row1>
			<row2>	-0.9999 -0.0026 -0.0161 0.0000	</row2>
			<row3>	-0.1333 0.1976 -0.2970 1.0000	</row3>
		</transform>
	</node>
	<node>
		<identifier>	MP_SM510_Life_Boat_3_5m_monte_INDEX_4	</identifier>
		<parent>	Rotate_Y	</parent>
		<transform>
			<row0>	-0.0006 -0.1564 -0.9877 0.0000	</row0>
			<row1>	0.0000 0.9877 -0.1564 0.0000	</row1>
			<row2>	1.0000 0.0000 -0.0006 0.0000	</row2>
			<row3>	0.1333 0.1976 -0.2970 1.0000	</row3>
		</transform>
	</node>
	<node>
		<identifier>	MP_SM510_Life_Boat_3_5m_monte_INDEX_5	</identifier>
		<parent>	Rotate_Y	</parent>
		<transform>
			<row0>	0.0000 -0.1392 0.9903 0.0000	</row0>
			<row1>	0.0000 0.9903 0.1392 0.0000	</row1>
			<row2>	-1.0000 0.0000 0.0000 0.0000	</row2>
			<row3>	0.1400 0.1997 -0.0878 1.0000	</row3>
		</transform>
	</node>
	<node>
		<identifier>	MP_SM510_Life_Boat_3_5m_monte_INDEX_6	</identifier>
		<parent>	Rotate_Y	</parent>
		<transform>
			<row0>	0.0344 0.1391 -0.9897 0.0000	</row0>
			<row1>	0.0000 0.9903 0.1392 0.0000	</row1>
			<row2>	0.9994 -0.0048 0.0340 0.0000	</row2>
			<row3>	-0.1400 0.1997 -0.0878 1.0000	</row3>
		</transform>
	</node>
	<node>
		<identifier>	MP_SM510_Life_Boat_3_5m_monte_INDEX_7	</identifier>
		<parent>	Rotate_Y	</parent>
		<transform>
			<row0>	0.0147 0.1392 -0.9902 0.0000	</row0>
			<row1>	0.0000 0.9903 0.1392 0.0000	</row1>
			<row2>	0.9999 -0.0020 0.0146 0.0000	</row2>
			<row3>	0.1368 0.1720 0.1076 1.0000	</row3>
		</transform>
	</node>
	<node>
		<identifier>	SP_YMS100_YGBS_M_1	</identifier>
		<parent>	Rotate_X	</parent>
		<transform>
			<row0>	1.0534 0.0000 0.0000 0.0000	</row0>
			<row1>	0.0000 1.0534 0.0000 0.0000	</row1>
			<row2>	0.0000 0.0000 1.0534 0.0000	</row2>
			<row3>	-0.1722 -0.0034 0.2441 1.0000	</row3>
		</transform>
	</node>
	<node>
		<identifier>	SP_YMS100_YGBS_M_1_INDEX_2	</identifier>
		<parent>	Rotate_X	</parent>
		<transform>
			<row0>	1.0534 0.0000 0.0000 0.0000	</row0>
			<row1>	0.0000 1.0534 0.0000 0.0000	</row1>
			<row2>	0.0000 0.0000 1.0534 0.0000	</row2>
			<row3>	0.0000 -0.0034 0.2441 1.0000	</row3>
		</transform>
	</node>
	<node>
		<identifier>	SP_YMS100_YGBS_M_1_INDEX_3	</identifier>
		<parent>	Rotate_X	</parent>
		<transform>
			<row0>	1.0534 0.0000 0.0000 0.0000	</row0>
			<row1>	0.0000 1.0534 0.0000 0.0000	</row1>
			<row2>	0.0000 0.0000 1.0534 0.0000	</row2>
			<row3>	0.1722 -0.0034 0.2441 1.0000	</row3>
		</transform>
	</node>
	<node>
		<identifier>	SP_YMS101_YGCS_M_1	</identifier>
		<parent>	Rotate_Y	</parent>
		<transform>
			<row0>	1.0000 0.0000 0.0000 0.0000	</row0>
			<row1>	0.0000 0.9612 0.0000 0.0000	</row1>
			<row2>	0.0000 0.0000 0.7036 0.0000	</row2>
			<row3>	-0.1722 -0.0061 0.4281 1.0000	</row3>
		</transform>
	</node>
	<node>
		<identifier>	SP_YMS101_YGCS_M_1_INDEX_2	</identifier>
		<parent>	Rotate_Y	</parent>
		<transform>
			<row0>	1.0000 0.0000 0.0000 0.0000	</row0>
			<row1>	0.0000 0.9612 0.0000 0.0000	</row1>
			<row2>	0.0000 0.0000 0.7036 0.0000	</row2>
			<row3>	0.0000 -0.0061 0.4281 1.0000	</row3>
		</transform>
	</node>
	<node>
		<identifier>	SP_YMS101_YGCS_M_1_INDEX_4	</identifier>
		<parent>	Rotate_Y	</parent>
		<transform>
			<row0>	1.0000 0.0000 0.0000 0.0000	</row0>
			<row1>	0.0000 0.9612 0.0000 0.0000	</row1>
			<row2>	0.0000 0.0000 0.7036 0.0000	</row2>
			<row3>	0.1722 -0.0061 0.4281 1.0000	</row3>
		</transform>
	</node>
	<node>
		<identifier>	SP_YMS102_YGFL_M_1	</identifier>
		<parent>	Rotate_Y	</parent>
		<transform>
			<row0>	-1.0000 0.0000 0.0000 0.0000	</row0>
			<row1>	0.0000 -1.0000 0.0000 0.0000	</row1>
			<row2>	0.0000 0.0000 1.0000 0.0000	</row2>
			<row3>	-0.3297 0.0658 -0.4442 1.0000	</row3>
		</transform>
	</node>
	<node>
		<identifier>	SP_YMS103_YGFR_M_1	</identifier>
		<parent>	Rotate_Y	</parent>
		<transform>
			<row0>	-1.0000 0.0000 0.0000 0.0000	</row0>
			<row1>	0.0000 -1.0000 0.0000 0.0000	</row1>
			<row2>	0.0000 0.0000 1.0000 0.0000	</row2>
			<row3>	0.3297 0.0658 -0.4442 1.0000	</row3>
		</transform>
	</node>
	<node>
		<identifier>	SP_YMS104_YGRS_M_1	</identifier>
		<parent>	Roll_Back1	</parent>
		<transform>
			<row0>	0.9989 0.0000 0.0000 0.0000	</row0>
			<row1>	0.0000 0.9989 0.0000 0.0000	</row1>
			<row2>	0.0000 0.0000 0.9989 0.0000	</row2>
			<row3>	-0.1722 0.0000 -0.0049 1.0000	</row3>
		</transform>
	</node>
	<node>
		<identifier>	SP_YMS104_YGRS_M_1_INDEX_2	</identifier>
		<parent>	Roll_Back1	</parent>
		<transform>
			<row0>	0.9989 0.0000 0.0000 0.0000	</row0>
			<row1>	0.0000 0.9989 0.0000 0.0000	</row1>
			<row2>	0.0000 0.0000 0.9989 0.0000	</row2>
			<row3>	0.0000 0.0000 -0.0049 1.0000	</row3>
		</transform>
	</node>
	<node>
		<identifier>	SP_YMS104_YGRS_M_1_INDEX_3	</identifier>
		<parent>	Roll_Back1	</parent>
		<transform>
			<row0>	0.9989 0.0000 0.0000 0.0000	</row0>
			<row1>	0.0000 0.9989 0.0000 0.0000	</row1>
			<row2>	0.0000 0.0000 0.9989 0.0000	</row2>
			<row3>	0.1722 0.0000 -0.0049 1.0000	</row3>
		</transform>
	</node>
	<node>
		<identifier>	SP_YMS105_YGLC_M_1	</identifier>
		<parent>	Rotate_Y	</parent>
		<transform>
			<row0>	1.0000 0.0000 0.0000 0.0000	</row0>
			<row1>	0.0000 0.9873 -0.1588 0.0000	</row1>
			<row2>	0.0000 0.1588 0.9873 0.0000	</row2>
			<row3>	0.0000 0.1742 -0.4426 1.0000	</row3>
		</transform>
	</node>
	<node>
		<identifier>	SP_YMS106_YGLL_M_1	</identifier>
		<parent>	Rotate_Y	</parent>
		<transform>
			<row0>	1.0273 -0.3921 -0.1234 0.0000	</row0>
			<row1>	0.3893 1.0347 -0.0468 0.0000	</row1>
			<row2>	0.1320 0.0000 1.0986 0.0000	</row2>
			<row3>	-0.2736 0.0947 0.2175 1.0000	</row3>
		</transform>
	</node>
	<node>
		<identifier>	SP_YMS107_YGLR_M_1	</identifier>
		<parent>	Rotate_Y	</parent>
		<transform>
			<row0>	1.0273 0.3921 0.1234 0.0000	</row0>
			<row1>	-0.3893 1.0347 -0.0468 0.0000	</row1>
			<row2>	-0.1320 0.0000 1.0986 0.0000	</row2>
			<row3>	0.2736 0.0947 0.2175 1.0000	</row3>
		</transform>
	</node>
</SGM055_381mm50_barrels_3_M1939_Life_Boat.skel_ext>
