<BGM056_14in45_BL_MkVII_Quadro.skel_ext>
	<exported>	true	</exported>
	<node>
		<identifier>	MP_BM022_Flotanet	</identifier>
		<parent>	Rotate_Y	</parent>
		<transform>
			<row0>	0.3813 0.7544 0.8640 0.0000	</row0>
			<row1>	0.3360 -0.9440 0.6760 0.0000	</row1>
			<row2>	1.0967 0.0269 -0.5075 0.0000	</row2>
			<row3>	-0.2043 0.1898 -0.0043 1.0000	</row3>
		</transform>
	</node>
	<node>
		<identifier>	MP_BM022_Flotanet_INDEX_1	</identifier>
		<parent>	Rotate_Y	</parent>
		<transform>
			<row0>	0.3856 0.8405 -0.7784 0.0000	</row0>
			<row1>	0.3390 -0.8682 -0.7695 0.0000	</row1>
			<row2>	-1.0942 0.0272 -0.5127 0.0000	</row2>
			<row3>	0.1967 0.1889 0.0120 1.0000	</row3>
		</transform>
	</node>
	<node>
		<identifier>	MP_BM418_Leer_for_BGM056	</identifier>
		<parent>	Rotate_Y	</parent>
		<transform>
			<row0>	1.0000 0.0000 0.0000 0.0000	</row0>
			<row1>	0.0000 1.0000 0.0000 0.0000	</row1>
			<row2>	0.0000 0.0000 1.0000 0.0000	</row2>
			<row3>	0.0000 -0.0673 0.0000 1.0000	</row3>
		</transform>
	</node>
	<node>
		<identifier>	MP_BM419_Leer_for_BGM056	</identifier>
		<parent>	Rotate_Y	</parent>
		<transform>
			<row0>	1.0000 0.0000 0.0000 0.0000	</row0>
			<row1>	0.0000 1.0000 0.0000 0.0000	</row1>
			<row2>	0.0000 0.0000 1.0000 0.0000	</row2>
			<row3>	0.0000 -0.0673 0.0000 1.0000	</row3>
		</transform>
	</node>
	<node>
		<identifier>	MP_BM420_Ammobox_for_BGM056	</identifier>
		<parent>	Rotate_Y	</parent>
		<transform>
			<row0>	0.3897 -0.1018 -1.4553 0.0000	</row0>
			<row1>	0.0000 1.5063 -0.1053 0.0000	</row1>
			<row2>	1.4588 0.0272 0.3887 0.0000	</row2>
			<row3>	0.1324 0.1000 -0.5099 1.0000	</row3>
		</transform>
	</node>
	<node>
		<identifier>	MP_BM420_Ammobox_for_BGM056_INDEX_1	</identifier>
		<parent>	Rotate_Y	</parent>
		<transform>
			<row0>	-0.3765 -0.1020 -1.4587 0.0000	</row0>
			<row1>	0.0000 1.5063 -0.1053 0.0000	</row1>
			<row2>	1.4623 -0.0263 -0.3756 0.0000	</row2>
			<row3>	-0.1324 0.1000 -0.5099 1.0000	</row3>
		</transform>
	</node>
	<node>
		<identifier>	MP_BM422_Lifeboat_holder_for_BGM056	</identifier>
		<parent>	Rotate_Y	</parent>
		<transform>
			<row0>	1.0000 0.0000 0.0000 0.0000	</row0>
			<row1>	0.0000 1.0000 0.0000 0.0000	</row1>
			<row2>	0.0000 0.0000 1.0000 0.0000	</row2>
			<row3>	0.0000 -0.0673 0.0000 1.0000	</row3>
		</transform>
	</node>
	<node>
		<identifier>	MP_BM444_misc_for_BGM056	</identifier>
		<parent>	Rotate_Y	</parent>
		<transform>
			<row0>	1.0000 0.0000 0.0000 0.0000	</row0>
			<row1>	0.0000 0.9976 -0.0697 0.0000	</row1>
			<row2>	0.0000 0.0697 0.9976 0.0000	</row2>
			<row3>	-0.4356 0.1137 -0.3237 1.0000	</row3>
		</transform>
	</node>
	<node>
		<identifier>	MP_BM444_misc_for_BGM056_INDEX_1	</identifier>
		<parent>	Rotate_Y	</parent>
		<transform>
			<row0>	1.0000 0.0000 0.0000 0.0000	</row0>
			<row1>	0.0000 0.9976 -0.0697 0.0000	</row1>
			<row2>	0.0000 0.0697 0.9976 0.0000	</row2>
			<row3>	0.4356 0.1137 -0.3237 1.0000	</row3>
		</transform>
	</node>
	<node>
		<identifier>	MP_BM444_misc_for_BGM056_INDEX_2	</identifier>
		<parent>	Rotate_Y	</parent>
		<transform>
			<row0>	-1.0000 0.0000 0.0000 0.0000	</row0>
			<row1>	0.0000 0.9976 -0.0697 0.0000	</row1>
			<row2>	0.0000 -0.0697 -0.9976 0.0000	</row2>
			<row3>	0.4356 0.1137 -0.3237 1.0000	</row3>
		</transform>
	</node>
	<node>
		<identifier>	MP_BM444_misc_for_BGM056_INDEX_3	</identifier>
		<parent>	Rotate_Y	</parent>
		<transform>
			<row0>	-1.0000 0.0000 0.0000 0.0000	</row0>
			<row1>	0.0000 0.9976 -0.0697 0.0000	</row1>
			<row2>	0.0000 -0.0697 -0.9976 0.0000	</row2>
			<row3>	-0.4356 0.1137 -0.3237 1.0000	</row3>
		</transform>
	</node>
	<node>
		<identifier>	MP_BM498_Stowage_BGM056	</identifier>
		<parent>	Rotate_Y	</parent>
		<transform>
			<row0>	0.4226 0.0474 -0.9051 0.0000	</row0>
			<row1>	0.0000 0.9986 0.0523 0.0000	</row1>
			<row2>	0.9063 -0.0221 0.4220 0.0000	</row2>
			<row3>	0.2000 0.1269 0.0003 1.0000	</row3>
		</transform>
	</node>
	<node>
		<identifier>	MP_BM498_Stowage_BGM056_INDEX_1	</identifier>
		<parent>	Rotate_Y	</parent>
		<transform>
			<row0>	0.4226 -0.0474 0.9051 0.0000	</row0>
			<row1>	0.0000 0.9986 0.0523 0.0000	</row1>
			<row2>	-0.9063 -0.0221 0.4220 0.0000	</row2>
			<row3>	-0.2000 0.1269 0.0003 1.0000	</row3>
		</transform>
	</node>
	<node>
		<identifier>	MP_BM498_Stowage_BGM056_INDEX_2	</identifier>
		<parent>	Rotate_Y	</parent>
		<transform>
			<row0>	0.0000 -0.0523 0.9986 0.0000	</row0>
			<row1>	0.0000 0.9986 0.0523 0.0000	</row1>
			<row2>	-1.0000 0.0000 0.0000 0.0000	</row2>
			<row3>	0.0000 0.1269 0.0003 1.0000	</row3>
		</transform>
	</node>
	<node>
		<identifier>	MP_BM509_Liferaft_type_20_10ft	</identifier>
		<parent>	Rotate_Y	</parent>
		<transform>
			<row0>	0.0000 0.0698 0.9976 0.0000	</row0>
			<row1>	0.0000 0.9976 -0.0698 0.0000	</row1>
			<row2>	-1.0000 0.0000 0.0000 0.0000	</row2>
			<row3>	0.1267 0.1167 -0.2821 1.0000	</row3>
		</transform>
	</node>
	<node>
		<identifier>	MP_BM509_Liferaft_type_20_10ft_INDEX_1	</identifier>
		<parent>	Rotate_Y	</parent>
		<transform>
			<row0>	0.0000 -0.0523 0.9986 0.0000	</row0>
			<row1>	0.0000 0.9986 0.0523 0.0000	</row1>
			<row2>	-1.0000 0.0000 0.0000 0.0000	</row2>
			<row3>	-0.1267 0.1180 0.0567 1.0000	</row3>
		</transform>
	</node>
	<node>
		<identifier>	MP_BM509_Liferaft_type_20_10ft_INDEX_2	</identifier>
		<parent>	Rotate_Y	</parent>
		<transform>
			<row0>	0.0000 -0.0523 0.9986 0.0000	</row0>
			<row1>	0.0000 0.9986 0.0523 0.0000	</row1>
			<row2>	-1.0000 0.0000 0.0000 0.0000	</row2>
			<row3>	0.1267 0.1180 0.0567 1.0000	</row3>
		</transform>
	</node>
	<node>
		<identifier>	MP_BM509_Liferaft_type_20_10ft_INDEX_3	</identifier>
		<parent>	Rotate_Y	</parent>
		<transform>
			<row0>	0.0000 0.0698 0.9976 0.0000	</row0>
			<row1>	0.0000 0.9976 -0.0698 0.0000	</row1>
			<row2>	-1.0000 0.0000 0.0000 0.0000	</row2>
			<row3>	-0.1267 0.1167 -0.2821 1.0000	</row3>
		</transform>
	</node>
	<node>
		<identifier>	MP_BM509_Liferaft_type_20_10ft_INDEX_4	</identifier>
		<parent>	Rotate_Y	</parent>
		<transform>
			<row0>	0.4226 -0.0474 0.9051 0.0000	</row0>
			<row1>	0.0000 0.9986 0.0523 0.0000	</row1>
			<row2>	-0.9063 -0.0221 0.4220 0.0000	</row2>
			<row3>	-0.2000 0.1269 0.0003 1.0000	</row3>
		</transform>
	</node>
	<node>
		<identifier>	MP_BM509_Liferaft_type_20_10ft_INDEX_5	</identifier>
		<parent>	Rotate_Y	</parent>
		<transform>
			<row0>	0.4226 0.0474 -0.9051 0.0000	</row0>
			<row1>	0.0000 0.9986 0.0523 0.0000	</row1>
			<row2>	0.9063 -0.0221 0.4220 0.0000	</row2>
			<row3>	0.2000 0.1269 0.0003 1.0000	</row3>
		</transform>
	</node>
	<node>
		<identifier>	MP_BM509_Liferaft_type_20_10ft_INDEX_6	</identifier>
		<parent>	Rotate_Y	</parent>
		<transform>
			<row0>	0.0000 -0.0523 0.9986 0.0000	</row0>
			<row1>	0.0000 0.9986 0.0523 0.0000	</row1>
			<row2>	-1.0000 0.0000 0.0000 0.0000	</row2>
			<row3>	0.0000 0.1269 0.0003 1.0000	</row3>
		</transform>
	</node>
	<node>
		<identifier>	MP_BM509_Liferaft_type_20_10ft_INDEX_7	</identifier>
		<parent>	Rotate_Y	</parent>
		<transform>
			<row0>	0.0000 -0.0523 0.9986 0.0000	</row0>
			<row1>	0.0000 0.9986 0.0523 0.0000	</row1>
			<row2>	-1.0000 0.0000 0.0000 0.0000	</row2>
			<row3>	0.0000 0.1515 0.0016 1.0000	</row3>
		</transform>
	</node>
	<node>
		<identifier>	MP_BM705_Ammunition_Box	</identifier>
		<parent>	Rotate_Y	</parent>
		<transform>
			<row0>	0.0000 0.0000 -0.7500 0.0000	</row0>
			<row1>	0.0000 0.7500 0.0000 0.0000	</row1>
			<row2>	0.7500 0.0000 0.0000 0.0000	</row2>
			<row3>	-0.0369 0.1233 -0.0554 1.0000	</row3>
		</transform>
	</node>
	<node>
		<identifier>	MP_BM705_Ammunition_Box_INDEX_1	</identifier>
		<parent>	Rotate_Y	</parent>
		<transform>
			<row0>	0.0000 0.0000 0.7500 0.0000	</row0>
			<row1>	0.0000 0.7500 0.0000 0.0000	</row1>
			<row2>	-0.7500 0.0000 0.0000 0.0000	</row2>
			<row3>	0.0369 0.1233 -0.0554 1.0000	</row3>
		</transform>
	</node>
	<node>
		<identifier>	MP_BM706_Ammunition_Box	</identifier>
		<parent>	Rotate_Y	</parent>
		<transform>
			<row0>	0.0000 0.0697 0.9976 0.0000	</row0>
			<row1>	0.0000 0.9976 -0.0697 0.0000	</row1>
			<row2>	-1.0000 0.0000 0.0000 0.0000	</row2>
			<row3>	-0.1957 0.1146 -0.3111 1.0000	</row3>
		</transform>
	</node>
	<node>
		<identifier>	MP_BM706_Ammunition_Box_INDEX_1	</identifier>
		<parent>	Rotate_Y	</parent>
		<transform>
			<row0>	0.0000 -0.0697 -0.9976 0.0000	</row0>
			<row1>	0.0000 0.9976 -0.0697 0.0000	</row1>
			<row2>	1.0000 0.0000 0.0000 0.0000	</row2>
			<row3>	0.1957 0.1146 -0.3111 1.0000	</row3>
		</transform>
	</node>
	<node>
		<identifier>	SP_YMS100_YGBS_M_1	</identifier>
		<parent>	Rotate_X	</parent>
		<transform>
			<row0>	1.1157 0.0000 0.0000 0.0000	</row0>
			<row1>	0.0000 1.1157 0.0000 0.0000	</row1>
			<row2>	0.0000 0.0000 1.1157 0.0000	</row2>
			<row3>	0.2440 0.0004 0.1342 1.0000	</row3>
		</transform>
	</node>
	<node>
		<identifier>	SP_YMS100_YGBS_M_1_INDEX_1	</identifier>
		<parent>	Rotate_X	</parent>
		<transform>
			<row0>	1.1157 0.0000 0.0000 0.0000	</row0>
			<row1>	0.0000 1.1157 0.0000 0.0000	</row1>
			<row2>	0.0000 0.0000 1.1157 0.0000	</row2>
			<row3>	-0.2440 0.0004 0.1342 1.0000	</row3>
		</transform>
	</node>
	<node>
		<identifier>	SP_YMS100_YGBS_M_1_INDEX_2	</identifier>
		<parent>	Rotate_X	</parent>
		<transform>
			<row0>	1.1157 0.0000 0.0000 0.0000	</row0>
			<row1>	0.0000 1.1157 0.0000 0.0000	</row1>
			<row2>	0.0000 0.0000 1.1157 0.0000	</row2>
			<row3>	-0.0814 0.0004 0.1342 1.0000	</row3>
		</transform>
	</node>
	<node>
		<identifier>	SP_YMS100_YGBS_M_1_INDEX_3	</identifier>
		<parent>	Rotate_X	</parent>
		<transform>
			<row0>	1.1157 0.0000 0.0000 0.0000	</row0>
			<row1>	0.0000 1.1157 0.0000 0.0000	</row1>
			<row2>	0.0000 0.0000 1.1157 0.0000	</row2>
			<row3>	0.0814 0.0004 0.1342 1.0000	</row3>
		</transform>
	</node>
	<node>
		<identifier>	SP_YMS101_YGCS_M_1	</identifier>
		<parent>	Rotate_Y	</parent>
		<transform>
			<row0>	1.0000 0.0000 0.0000 0.0000	</row0>
			<row1>	0.0000 1.0000 0.0000 0.0000	</row1>
			<row2>	0.0000 0.0000 1.0000 0.0000	</row2>
			<row3>	-0.0814 -0.0547 0.3911 1.0000	</row3>
		</transform>
	</node>
	<node>
		<identifier>	SP_YMS101_YGCS_M_1_INDEX_1	</identifier>
		<parent>	Rotate_Y	</parent>
		<transform>
			<row0>	1.0000 0.0000 0.0000 0.0000	</row0>
			<row1>	0.0000 1.0000 0.0000 0.0000	</row1>
			<row2>	0.0000 0.0000 1.0000 0.0000	</row2>
			<row3>	0.2440 -0.0547 0.3911 1.0000	</row3>
		</transform>
	</node>
	<node>
		<identifier>	SP_YMS101_YGCS_M_1_INDEX_2	</identifier>
		<parent>	Rotate_Y	</parent>
		<transform>
			<row0>	1.0000 0.0000 0.0000 0.0000	</row0>
			<row1>	0.0000 1.0000 0.0000 0.0000	</row1>
			<row2>	0.0000 0.0000 1.0000 0.0000	</row2>
			<row3>	-0.2440 -0.0547 0.3911 1.0000	</row3>
		</transform>
	</node>
	<node>
		<identifier>	SP_YMS101_YGCS_M_1_INDEX_3	</identifier>
		<parent>	Rotate_Y	</parent>
		<transform>
			<row0>	1.0000 0.0000 0.0000 0.0000	</row0>
			<row1>	0.0000 1.0000 0.0000 0.0000	</row1>
			<row2>	0.0000 0.0000 1.0000 0.0000	</row2>
			<row3>	0.0814 -0.0547 0.3911 1.0000	</row3>
		</transform>
	</node>
	<node>
		<identifier>	SP_YMS102_YGFL_M_1	</identifier>
		<parent>	Rotate_Y	</parent>
		<transform>
			<row0>	1.0000 0.0000 0.0000 0.0000	</row0>
			<row1>	0.0000 1.7544 0.0000 0.0000	</row1>
			<row2>	0.0000 0.0000 1.7544 0.0000	</row2>
			<row3>	0.3653 0.1427 -0.2914 1.0000	</row3>
		</transform>
	</node>
	<node>
		<identifier>	SP_YMS103_YGFR_M_1	</identifier>
		<parent>	Rotate_Y	</parent>
		<transform>
			<row0>	1.0000 0.0000 0.0000 0.0000	</row0>
			<row1>	0.0000 1.7544 0.0000 0.0000	</row1>
			<row2>	0.0000 0.0000 1.7544 0.0000	</row2>
			<row3>	-0.3653 0.1427 -0.2914 1.0000	</row3>
		</transform>
	</node>
	<node>
		<identifier>	SP_YMS104_YGRS_M_1	</identifier>
		<parent>	Rotate_X	</parent>
		<transform>
			<row0>	1.0625 0.0000 0.0000 0.0000	</row0>
			<row1>	0.0000 1.0625 0.0000 0.0000	</row1>
			<row2>	0.0000 0.0000 1.0000 0.0000	</row2>
			<row3>	0.2440 0.0004 0.8673 1.0000	</row3>
		</transform>
	</node>
	<node>
		<identifier>	SP_YMS104_YGRS_M_1_INDEX_1	</identifier>
		<parent>	Rotate_X	</parent>
		<transform>
			<row0>	1.0625 0.0000 0.0000 0.0000	</row0>
			<row1>	0.0000 1.0625 0.0000 0.0000	</row1>
			<row2>	0.0000 0.0000 1.0000 0.0000	</row2>
			<row3>	-0.0814 0.0004 0.8673 1.0000	</row3>
		</transform>
	</node>
	<node>
		<identifier>	SP_YMS104_YGRS_M_1_INDEX_2	</identifier>
		<parent>	Rotate_X	</parent>
		<transform>
			<row0>	1.0625 0.0000 0.0000 0.0000	</row0>
			<row1>	0.0000 1.0625 0.0000 0.0000	</row1>
			<row2>	0.0000 0.0000 1.0000 0.0000	</row2>
			<row3>	-0.2440 0.0004 0.8673 1.0000	</row3>
		</transform>
	</node>
	<node>
		<identifier>	SP_YMS104_YGRS_M_1_INDEX_3	</identifier>
		<parent>	Rotate_X	</parent>
		<transform>
			<row0>	1.0625 0.0000 0.0000 0.0000	</row0>
			<row1>	0.0000 1.0625 0.0000 0.0000	</row1>
			<row2>	0.0000 0.0000 1.0000 0.0000	</row2>
			<row3>	0.0814 0.0004 0.8673 1.0000	</row3>
		</transform>
	</node>
	<node>
		<identifier>	SP_YMS106_YGLL_M_1	</identifier>
		<parent>	Rotate_Y	</parent>
		<transform>
			<row0>	0.9420 -0.3069 -0.1358 0.0000	</row0>
			<row1>	0.3069 0.9515 -0.0215 0.0000	</row1>
			<row2>	0.1358 -0.0215 0.9905 0.0000	</row2>
			<row3>	-0.3610 0.0201 0.1633 1.0000	</row3>
		</transform>
	</node>
	<node>
		<identifier>	SP_YMS107_YGLR_M_1	</identifier>
		<parent>	Rotate_Y	</parent>
		<transform>
			<row0>	0.9420 0.3069 0.1358 0.0000	</row0>
			<row1>	-0.3069 0.9515 -0.0215 0.0000	</row1>
			<row2>	-0.1358 -0.0215 0.9905 0.0000	</row2>
			<row3>	0.3610 0.0201 0.1633 1.0000	</row3>
		</transform>
	</node>
</BGM056_14in45_BL_MkVII_Quadro.skel_ext>
