<BSS005_Sturdy_1943_MidFront_ep.skel_ext>
	<exported>	false	</exported>
	<node>
		<identifier>	EP_Death_2	</identifier>
		<parent>	Scene Root	</parent>
		<transform>
			<row0>	1.0000 0.0000 0.0000 0.0000	</row0>
			<row1>	0.0000 1.0000 0.0000 0.0000	</row1>
			<row2>	0.0000 0.0000 1.0000 0.0000	</row2>
			<row3>	0.0000 0.0000 -0.0317 1.0000	</row3>
		</transform>
	</node>
	<node>
		<identifier>	EP_Fire_1	</identifier>
		<parent>	Scene Root	</parent>
		<transform>
			<row0>	1.0000 0.0000 0.0000 0.0000	</row0>
			<row1>	0.0000 1.0000 0.0000 0.0000	</row1>
			<row2>	0.0000 0.0000 1.0000 0.0000	</row2>
			<row3>	0.0000 0.2550 -0.0729 1.0000	</row3>
		</transform>
	</node>
	<node>
		<identifier>	EP_FloodLight_left_1	</identifier>
		<parent>	Scene Root	</parent>
		<transform>
			<row0>	-0.9880 0.0000 -0.1543 0.0000	</row0>
			<row1>	0.0000 1.0000 0.0000 0.0000	</row1>
			<row2>	0.1543 0.0000 -0.9880 0.0000	</row2>
			<row3>	-0.0805 0.1742 -0.0877 1.0000	</row3>
		</transform>
	</node>
	<node>
		<identifier>	EP_FloodLight_right_1	</identifier>
		<parent>	Scene Root	</parent>
		<transform>
			<row0>	1.0000 0.0000 0.0000 0.0000	</row0>
			<row1>	0.0000 1.0000 0.0000 0.0000	</row1>
			<row2>	0.0000 0.0000 1.0000 0.0000	</row2>
			<row3>	0.0800 0.1788 -0.0873 1.0000	</row3>
		</transform>
	</node>
	<node>
		<identifier>	EP_Runoff_deluge_left_2	</identifier>
		<parent>	Scene Root	</parent>
		<transform>
			<row0>	-0.9995 -0.0007 -0.0317 0.0000	</row0>
			<row1>	-0.0014 0.9997 0.0225 0.0000	</row1>
			<row2>	0.0316 0.0225 -0.9992 0.0000	</row2>
			<row3>	-0.0596 0.0559 1.1186 1.0000	</row3>
		</transform>
	</node>
	<node>
		<identifier>	EP_Runoff_deluge_left_3	</identifier>
		<parent>	Scene Root	</parent>
		<transform>
			<row0>	-0.9999 -0.0007 0.0121 0.0000	</row0>
			<row1>	-0.0004 0.9997 0.0225 0.0000	</row1>
			<row2>	-0.0121 0.0225 -0.9996 0.0000	</row2>
			<row3>	-0.0616 0.0549 0.7631 1.0000	</row3>
		</transform>
	</node>
	<node>
		<identifier>	EP_Runoff_deluge_left_4	</identifier>
		<parent>	Scene Root	</parent>
		<transform>
			<row0>	-1.0000 -0.0007 -0.0065 0.0000	</row0>
			<row1>	-0.0008 0.9997 0.0225 0.0000	</row1>
			<row2>	0.0065 0.0225 -0.9997 0.0000	</row2>
			<row3>	-0.0606 0.0579 0.3683 1.0000	</row3>
		</transform>
	</node>
	<node>
		<identifier>	EP_Runoff_deluge_left_5	</identifier>
		<parent>	Scene Root	</parent>
		<transform>
			<row0>	-1.0000 -0.0007 -0.0065 0.0000	</row0>
			<row1>	-0.0008 0.9997 0.0225 0.0000	</row1>
			<row2>	0.0065 0.0225 -0.9997 0.0000	</row2>
			<row3>	-0.0635 0.0577 0.1203 1.0000	</row3>
		</transform>
	</node>
	<node>
		<identifier>	EP_Runoff_deluge_right_3	</identifier>
		<parent>	Scene Root	</parent>
		<transform>
			<row0>	0.9999 -0.0007 -0.0079 0.0000	</row0>
			<row1>	0.0005 0.9997 -0.0225 0.0000	</row1>
			<row2>	0.0079 0.0225 0.9996 0.0000	</row2>
			<row3>	0.0586 0.0562 0.9194 1.0000	</row3>
		</transform>
	</node>
	<node>
		<identifier>	EP_Runoff_deluge_right_4	</identifier>
		<parent>	Scene Root	</parent>
		<transform>
			<row0>	0.9997 -0.0019 0.0245 0.0000	</row0>
			<row1>	0.0012 0.9996 0.0268 0.0000	</row1>
			<row2>	-0.0245 -0.0267 0.9993 0.0000	</row2>
			<row3>	0.0623 0.0552 0.5798 1.0000	</row3>
		</transform>
	</node>
	<node>
		<identifier>	EP_Runoff_deluge_right_5	</identifier>
		<parent>	Scene Root	</parent>
		<transform>
			<row0>	1.0000 -0.0006 -0.0052 0.0000	</row0>
			<row1>	0.0005 0.9999 -0.0031 0.0000	</row1>
			<row2>	0.0052 0.0031 1.0000 0.0000	</row2>
			<row3>	0.0600 0.0557 0.1928 1.0000	</row3>
		</transform>
	</node>
	<node>
		<identifier>	EP_Runoff_deluge_right_6	</identifier>
		<parent>	Scene Root	</parent>
		<transform>
			<row0>	0.9999 -0.0007 0.0184 0.0000	</row0>
			<row1>	0.0011 0.9997 -0.0225 0.0000	</row1>
			<row2>	-0.0184 0.0225 0.9996 0.0000	</row2>
			<row3>	0.0690 0.0566 -0.0604 1.0000	</row3>
		</transform>
	</node>
	<node>
		<identifier>	EP_Runoff_left_1	</identifier>
		<parent>	Scene Root	</parent>
		<transform>
			<row0>	-0.9639 0.2651 0.0236 0.0000	</row0>
			<row1>	0.2651 0.9642 -0.0018 0.0000	</row1>
			<row2>	-0.0232 0.0046 -0.9997 0.0000	</row2>
			<row3>	-0.0580 0.1109 0.4178 1.0000	</row3>
		</transform>
	</node>
	<node>
		<identifier>	EP_Runoff_right_1	</identifier>
		<parent>	Scene Root	</parent>
		<transform>
			<row0>	0.9768 0.2140 0.0089 0.0000	</row0>
			<row1>	-0.2139 0.9768 -0.0097 0.0000	</row1>
			<row2>	-0.0108 0.0075 0.9999 0.0000	</row2>
			<row3>	0.0580 0.1109 0.4178 1.0000	</row3>
		</transform>
	</node>
	<node>
		<identifier>	EP_Runoff_tower_left_2	</identifier>
		<parent>	Scene Root	</parent>
		<transform>
			<row0>	-0.9737 0.0000 0.2278 0.0000	</row0>
			<row1>	0.0000 1.0000 0.0000 0.0000	</row1>
			<row2>	-0.2278 0.0000 -0.9737 0.0000	</row2>
			<row3>	-0.0690 0.3078 -0.0010 1.0000	</row3>
		</transform>
	</node>
	<node>
		<identifier>	EP_Runoff_tower_right_2	</identifier>
		<parent>	Scene Root	</parent>
		<transform>
			<row0>	-0.9806 0.0000 -0.1958 0.0000	</row0>
			<row1>	0.0000 1.0000 0.0000 0.0000	</row1>
			<row2>	0.1958 0.0000 -0.9806 0.0000	</row2>
			<row3>	0.0690 0.3078 -0.0010 1.0000	</row3>
		</transform>
	</node>
	<node>
		<identifier>	EP_Runoff_up_left_2	</identifier>
		<parent>	Scene Root	</parent>
		<transform>
			<row0>	-0.9999 0.0000 -0.0117 0.0000	</row0>
			<row1>	0.0000 1.0000 -0.0061 0.0000	</row1>
			<row2>	0.0117 -0.0061 -0.9999 0.0000	</row2>
			<row3>	-0.0480 0.1209 0.4618 1.0000	</row3>
		</transform>
	</node>
	<node>
		<identifier>	EP_Runoff_up_right_2	</identifier>
		<parent>	Scene Root	</parent>
		<transform>
			<row0>	0.9999 0.0000 -0.0117 0.0000	</row0>
			<row1>	0.0000 1.0000 -0.0061 0.0000	</row1>
			<row2>	0.0117 0.0061 0.9999 0.0000	</row2>
			<row3>	0.0480 0.1209 0.4618 1.0000	</row3>
		</transform>
	</node>
	<node>
		<identifier>	EP_WakeTraceBack_tower	</identifier>
		<parent>	Scene Root	</parent>
		<transform>
			<row0>	1.0000 0.0000 0.0000 0.0000	</row0>
			<row1>	0.0000 1.0000 0.0000 0.0000	</row1>
			<row2>	0.0000 0.0000 1.0000 0.0000	</row2>
			<row3>	0.0012 0.1119 -0.1042 1.0000	</row3>
		</transform>
	</node>
	<node>
		<identifier>	EP_WakeTrace_periscope	</identifier>
		<parent>	Scene Root	</parent>
		<transform>
			<row0>	1.0000 0.0000 0.0000 0.0000	</row0>
			<row1>	0.0000 1.0000 0.0000 0.0000	</row1>
			<row2>	0.0000 0.0000 1.0000 0.0000	</row2>
			<row3>	0.0000 0.3206 -0.0657 1.0000	</row3>
		</transform>
	</node>
	<node>
		<identifier>	EP_WakeTrace_tower	</identifier>
		<parent>	Scene Root	</parent>
		<transform>
			<row0>	1.0000 0.0000 0.0000 0.0000	</row0>
			<row1>	0.0000 1.0000 0.0000 0.0000	</row1>
			<row2>	0.0000 0.0000 1.0000 0.0000	</row2>
			<row3>	-0.0016 0.1182 0.1258 1.0000	</row3>
		</transform>
	</node>
</BSS005_Sturdy_1943_MidFront_ep.skel_ext>
