<ASB303_Tennessee_1945_Bow_ports.visual>
	<node>
		<identifier>	Scene Root	</identifier>
		<transform>
			<row0>	1.0000 0.0000 0.0000 0.0000	</row0>
			<row1>	0.0000 1.0000 0.0000 0.0000	</row1>
			<row2>	0.0000 0.0000 1.0000 0.0000	</row2>
			<row3>	0.0000 0.0000 0.0000 1.0000	</row3>
		</transform>
		<node>
			<identifier>	Bow_ports	</identifier>
			<transform>
				<row0>	1.0000 0.0000 0.0000 0.0000	</row0>
				<row1>	0.0000 1.0000 0.0000 0.0000	</row1>
				<row2>	0.0000 0.0000 1.0000 0.0000	</row2>
				<row3>	0.0000 0.0000 0.0000 1.0000	</row3>
			</transform>
			<node>
				<identifier>	HP_AGA_1	</identifier>
				<transform>
					<row0>	1.0000 0.0000 0.0000 0.0000	</row0>
					<row1>	0.0000 1.0000 0.0000 0.0000	</row1>
					<row2>	0.0000 0.0000 1.0000 0.0000	</row2>
					<row3>	-0.0107 0.3918 5.0185 1.0000	</row3>
				</transform>
			</node>
			<node>
				<identifier>	HP_AGA_2	</identifier>
				<transform>
					<row0>	1.0000 0.0000 0.0000 0.0000	</row0>
					<row1>	0.0000 1.0000 0.0000 0.0000	</row1>
					<row2>	0.0000 0.0000 1.0000 0.0000	</row2>
					<row3>	-0.0988 0.4623 4.7838 1.0000	</row3>
				</transform>
			</node>
			<node>
				<identifier>	HP_AGA_3	</identifier>
				<transform>
					<row0>	1.0000 0.0000 0.0000 0.0000	</row0>
					<row1>	0.0000 1.0000 0.0000 0.0000	</row1>
					<row2>	0.0000 0.0000 1.0000 0.0000	</row2>
					<row3>	0.0988 0.4623 4.7838 1.0000	</row3>
				</transform>
			</node>
			<node>
				<identifier>	HP_AGM_1	</identifier>
				<transform>
					<row0>	1.0000 0.0000 0.0000 0.0000	</row0>
					<row1>	0.0000 1.0000 0.0000 0.0000	</row1>
					<row2>	0.0000 0.0000 1.0000 0.0000	</row2>
					<row3>	0.0000 0.4557 3.2857 1.0000	</row3>
				</transform>
			</node>
			<node>
				<identifier>	HP_FX_Death_1	</identifier>
				<transform>
					<row0>	1.0000 0.0000 0.0000 0.0000	</row0>
					<row1>	0.0000 1.0000 0.0000 0.0000	</row1>
					<row2>	0.0000 0.0000 1.0000 0.0000	</row2>
					<row3>	0.0000 0.0000 3.2758 1.0000	</row3>
				</transform>
			</node>
			<node>
				<identifier>	HP_FX_Fire_1	</identifier>
				<transform>
					<row0>	1.0000 0.0000 0.0000 0.0000	</row0>
					<row1>	0.0000 1.0000 0.0000 0.0000	</row1>
					<row2>	0.0000 0.0000 1.0000 0.0000	</row2>
					<row3>	-0.0168 0.3903 4.9422 1.0000	</row3>
				</transform>
			</node>
			<node>
				<identifier>	HP_FX_Flood_water_left_3	</identifier>
				<transform>
					<row0>	-0.9038 -0.2917 0.3133 0.0000	</row0>
					<row1>	-0.3071 0.9517 0.0000 0.0000	</row1>
					<row2>	-0.2982 -0.0962 -0.9497 0.0000	</row2>
					<row3>	-0.3674 0.0676 4.9011 1.0000	</row3>
				</transform>
			</node>
			<node>
				<identifier>	HP_FX_Flood_water_right_3	</identifier>
				<transform>
					<row0>	0.9055 -0.3333 0.2627 0.0000	</row0>
					<row1>	0.3454 0.9384 0.0000 0.0000	</row1>
					<row2>	-0.2465 0.0907 0.9649 0.0000	</row2>
					<row3>	0.3699 0.0660 4.9035 1.0000	</row3>
				</transform>
			</node>
			<node>
				<identifier>	HP_FX_RepairLight_left_1	</identifier>
				<transform>
					<row0>	0.1341 0.0000 0.9910 0.0000	</row0>
					<row1>	0.0000 1.0000 0.0000 0.0000	</row1>
					<row2>	-0.9910 0.0000 0.1341 0.0000	</row2>
					<row3>	-0.7743 0.3978 3.3610 1.0000	</row3>
				</transform>
			</node>
			<node>
				<identifier>	HP_FX_RepairLight_right_1	</identifier>
				<transform>
					<row0>	0.0000 0.0000 -1.0000 0.0000	</row0>
					<row1>	0.0000 1.0000 0.0000 0.0000	</row1>
					<row2>	1.0000 0.0000 0.0000 0.0000	</row2>
					<row3>	0.6338 0.4028 4.3558 1.0000	</row3>
				</transform>
			</node>
			<node>
				<identifier>	HP_FX_WakeTrace	</identifier>
				<transform>
					<row0>	1.0000 0.0000 0.0000 0.0000	</row0>
					<row1>	0.0000 1.0000 0.0000 0.0000	</row1>
					<row2>	0.0000 0.0000 1.0000 0.0000	</row2>
					<row3>	0.0000 0.0000 6.0947 1.0000	</row3>
				</transform>
			</node>
			<node>
				<identifier>	HP_Ship_death_1	</identifier>
				<transform>
					<row0>	1.0000 0.0000 0.0000 0.0000	</row0>
					<row1>	0.0000 1.0000 0.0000 0.0000	</row1>
					<row2>	0.0000 0.0000 1.0000 0.0000	</row2>
					<row3>	0.0000 0.0000 2.8211 1.0000	</row3>
				</transform>
			</node>
			<node>
				<identifier>	MP_AM024_Hatch_2	</identifier>
				<transform>
					<row0>	0.0000 0.0000 -1.3170 0.0000	</row0>
					<row1>	0.0000 1.3170 0.0000 0.0000	</row1>
					<row2>	1.3170 0.0000 0.0000 0.0000	</row2>
					<row3>	-0.1053 0.3811 4.4082 1.0000	</row3>
				</transform>
			</node>
			<node>
				<identifier>	MP_AM129_Turtles_box	</identifier>
				<transform>
					<row0>	-1.0000 0.0000 0.0000 0.0000	</row0>
					<row1>	0.0000 1.0000 0.0000 0.0000	</row1>
					<row2>	0.0000 0.0000 -1.0000 0.0000	</row2>
					<row3>	0.0403 0.4415 4.6475 1.0000	</row3>
				</transform>
			</node>
			<node>
				<identifier>	MP_AM219_Bollard	</identifier>
				<transform>
					<row0>	-1.3646 0.0000 0.1514 0.0000	</row0>
					<row1>	0.0000 1.3730 0.0000 0.0000	</row1>
					<row2>	-0.1514 0.0000 -1.3646 0.0000	</row2>
					<row3>	-0.6759 0.3847 3.5667 1.0000	</row3>
				</transform>
			</node>
			<node>
				<identifier>	MP_AM219_Bollard_INDEX_1	</identifier>
				<transform>
					<row0>	-1.3392 0.0000 0.3026 0.0000	</row0>
					<row1>	0.0000 1.3730 0.0000 0.0000	</row1>
					<row2>	-0.3026 0.0000 -1.3392 0.0000	</row2>
					<row3>	-0.4032 0.3917 5.1243 1.0000	</row3>
				</transform>
			</node>
			<node>
				<identifier>	MP_AM219_Bollard_INDEX_2	</identifier>
				<transform>
					<row0>	-1.3392 0.0000 -0.3026 0.0000	</row0>
					<row1>	0.0000 1.3730 0.0000 0.0000	</row1>
					<row2>	0.3026 0.0000 -1.3392 0.0000	</row2>
					<row3>	0.4032 0.3917 5.1243 1.0000	</row3>
				</transform>
			</node>
			<node>
				<identifier>	MP_AM219_Bollard_INDEX_3	</identifier>
				<transform>
					<row0>	-1.3646 0.0000 -0.1514 0.0000	</row0>
					<row1>	0.0000 1.3730 0.0000 0.0000	</row1>
					<row2>	0.1514 0.0000 -1.3646 0.0000	</row2>
					<row3>	0.6759 0.3847 3.5667 1.0000	</row3>
				</transform>
			</node>
			<node>
				<identifier>	MP_AM248_Ammunition_Box	</identifier>
				<transform>
					<row0>	0.0000 0.0000 -1.0000 0.0000	</row0>
					<row1>	0.0000 1.0000 0.0000 0.0000	</row1>
					<row2>	1.0000 0.0000 0.0000 0.0000	</row2>
					<row3>	0.0011 0.4629 4.6755 1.0000	</row3>
				</transform>
			</node>
			<node>
				<identifier>	MP_AM248_Ammunition_Box_INDEX_1	</identifier>
				<transform>
					<row0>	0.0000 0.0000 -1.0000 0.0000	</row0>
					<row1>	0.0000 1.0000 0.0000 0.0000	</row1>
					<row2>	1.0000 0.0000 0.0000 0.0000	</row2>
					<row3>	0.1496 0.4629 4.6755 1.0000	</row3>
				</transform>
			</node>
			<node>
				<identifier>	MP_AM248_Ammunition_Box_INDEX_2	</identifier>
				<transform>
					<row0>	0.0000 0.0000 -1.0000 0.0000	</row0>
					<row1>	0.0000 1.0000 0.0000 0.0000	</row1>
					<row2>	1.0000 0.0000 0.0000 0.0000	</row2>
					<row3>	-0.1553 0.4629 4.6755 1.0000	</row3>
				</transform>
			</node>
			<node>
				<identifier>	MP_AM250_Ammunition_Box	</identifier>
				<transform>
					<row0>	-0.8670 0.0000 0.0000 0.0000	</row0>
					<row1>	0.0000 0.8670 0.0000 0.0000	</row1>
					<row2>	0.0000 0.0000 -0.8670 0.0000	</row2>
					<row3>	-0.0316 0.3895 4.6282 1.0000	</row3>
				</transform>
			</node>
			<node>
				<identifier>	MP_AM250_Ammunition_Box_INDEX_1	</identifier>
				<transform>
					<row0>	-0.8670 0.0000 0.0000 0.0000	</row0>
					<row1>	0.0000 0.8670 0.0000 0.0000	</row1>
					<row2>	0.0000 0.0000 -0.8670 0.0000	</row2>
					<row3>	-0.0759 0.4619 4.8657 1.0000	</row3>
				</transform>
			</node>
			<node>
				<identifier>	MP_AM250_Ammunition_Box_INDEX_2	</identifier>
				<transform>
					<row0>	-0.8670 0.0000 0.0000 0.0000	</row0>
					<row1>	0.0000 0.8670 0.0000 0.0000	</row1>
					<row2>	0.0000 0.0000 -0.8670 0.0000	</row2>
					<row3>	0.0542 0.4627 4.8657 1.0000	</row3>
				</transform>
			</node>
			<node>
				<identifier>	MP_AM250_Ammunition_Box_INDEX_3	</identifier>
				<transform>
					<row0>	-0.8670 0.0000 0.0000 0.0000	</row0>
					<row1>	0.0000 0.8670 0.0000 0.0000	</row1>
					<row2>	0.0000 0.0000 -0.8670 0.0000	</row2>
					<row3>	-0.0769 0.3917 4.9056 1.0000	</row3>
				</transform>
			</node>
			<node>
				<identifier>	MP_AM250_Ammunition_Box_INDEX_4	</identifier>
				<transform>
					<row0>	-0.8670 0.0000 0.0000 0.0000	</row0>
					<row1>	0.0000 0.8670 0.0000 0.0000	</row1>
					<row2>	0.0000 0.0000 -0.8670 0.0000	</row2>
					<row3>	-0.0079 0.3923 4.9056 1.0000	</row3>
				</transform>
			</node>
			<node>
				<identifier>	MP_AM250_Ammunition_Box_INDEX_5	</identifier>
				<transform>
					<row0>	-0.8670 0.0000 0.0000 0.0000	</row0>
					<row1>	0.0000 0.8670 0.0000 0.0000	</row1>
					<row2>	0.0000 0.0000 -0.8670 0.0000	</row2>
					<row3>	0.0647 0.3926 4.9056 1.0000	</row3>
				</transform>
			</node>
			<node>
				<identifier>	MP_AM250_Ammunition_Box_INDEX_6	</identifier>
				<transform>
					<row0>	-0.8670 0.0000 0.0000 0.0000	</row0>
					<row1>	0.0000 0.8670 0.0000 0.0000	</row1>
					<row2>	0.0000 0.0000 -0.8670 0.0000	</row2>
					<row3>	-0.0105 0.4625 4.8657 1.0000	</row3>
				</transform>
			</node>
			<node>
				<identifier>	MP_AM304_Paravane_Gear_Fairlead	</identifier>
				<transform>
					<row0>	0.1784 0.0000 0.9840 0.0000	</row0>
					<row1>	0.0000 1.0000 0.0000 0.0000	</row1>
					<row2>	-0.9840 0.0000 0.1784 0.0000	</row2>
					<row3>	-0.2325 0.3872 5.5296 1.0000	</row3>
				</transform>
			</node>
			<node>
				<identifier>	MP_AM304_Paravane_Gear_Fairlead_INDEX_1	</identifier>
				<transform>
					<row0>	0.1784 0.0000 -0.9840 0.0000	</row0>
					<row1>	0.0000 1.0000 0.0000 0.0000	</row1>
					<row2>	0.9840 0.0000 0.1784 0.0000	</row2>
					<row3>	0.2325 0.3872 5.5296 1.0000	</row3>
				</transform>
			</node>
			<node>
				<identifier>	MP_AM442_Multipole_Switch	</identifier>
				<transform>
					<row0>	0.0000 0.0000 1.0000 0.0000	</row0>
					<row1>	0.0992 0.9951 0.0000 0.0000	</row1>
					<row2>	-0.9951 0.0992 0.0000 0.0000	</row2>
					<row3>	0.1003 0.4348 4.9741 1.0000	</row3>
				</transform>
			</node>
			<node>
				<identifier>	MP_AM442_Multipole_Switch_INDEX_1	</identifier>
				<transform>
					<row0>	1.0000 0.0000 0.0000 0.0000	</row0>
					<row1>	0.0000 1.0000 0.0000 0.0000	</row1>
					<row2>	0.0000 0.0000 1.0000 0.0000	</row2>
					<row3>	-0.0526 0.4866 4.6536 1.0000	</row3>
				</transform>
			</node>
			<node>
				<identifier>	MP_AM484_Ammo_hoist	</identifier>
				<transform>
					<row0>	-1.0000 0.0000 0.0000 0.0000	</row0>
					<row1>	0.0000 1.0000 0.0000 0.0000	</row1>
					<row2>	0.0000 0.0000 -1.0000 0.0000	</row2>
					<row3>	-0.0297 0.3931 5.4024 1.0000	</row3>
				</transform>
			</node>
			<node>
				<identifier>	MP_CM104_Life_Buoy	</identifier>
				<transform>
					<row0>	-0.1723 0.0000 0.9850 0.0000	</row0>
					<row1>	0.0000 1.0000 0.0000 0.0000	</row1>
					<row2>	-0.9850 0.0000 -0.1723 0.0000	</row2>
					<row3>	0.5896 0.4552 4.5745 1.0000	</row3>
				</transform>
			</node>
			<node>
				<identifier>	MP_CM104_Life_Buoy_INDEX_1	</identifier>
				<transform>
					<row0>	-0.1723 0.0000 -0.9850 0.0000	</row0>
					<row1>	0.0000 1.0000 0.0000 0.0000	</row1>
					<row2>	0.9850 0.0000 -0.1723 0.0000	</row2>
					<row3>	-0.5897 0.4552 4.5742 1.0000	</row3>
				</transform>
			</node>
			<node>
				<identifier>	SP_YMS001_YHBM_M_1	</identifier>
				<transform>
					<row0>	1.1333 0.0000 0.0000 0.0000	</row0>
					<row1>	0.0000 1.1333 0.0000 0.0000	</row1>
					<row2>	0.0000 0.0000 1.1333 0.0000	</row2>
					<row3>	0.0000 0.4432 6.4868 1.0000	</row3>
				</transform>
			</node>
			<node>
				<identifier>	SP_YMS002_YHBL_M_1	</identifier>
				<transform>
					<row0>	0.9848 0.0000 -0.1736 0.0000	</row0>
					<row1>	-0.0086 0.9988 -0.0489 0.0000	</row1>
					<row2>	0.1734 0.0497 0.9836 0.0000	</row2>
					<row3>	0.0000 0.4432 6.4868 1.0000	</row3>
				</transform>
			</node>
			<node>
				<identifier>	SP_YMS003_YHBR_M_1	</identifier>
				<transform>
					<row0>	0.9848 0.0000 0.1736 0.0000	</row0>
					<row1>	0.0086 0.9988 -0.0489 0.0000	</row1>
					<row2>	-0.1734 0.0497 0.9836 0.0000	</row2>
					<row3>	0.0000 0.4432 6.4868 1.0000	</row3>
				</transform>
			</node>
			<node>
				<identifier>	SP_YMS010_YHWM_L_1	</identifier>
				<transform>
					<row0>	0.4953 0.0000 0.0000 0.0000	</row0>
					<row1>	0.0000 0.4953 0.0000 0.0000	</row1>
					<row2>	0.0000 0.0000 0.4953 0.0000	</row2>
					<row3>	0.0000 -0.0075 6.3732 1.0000	</row3>
				</transform>
			</node>
			<node>
				<identifier>	SP_YMS011_YHWL_M_1_INDEX_13	</identifier>
				<transform>
					<row0>	0.8462 0.0286 -0.3051 0.0000	</row0>
					<row1>	-0.0269 0.8995 0.0097 0.0000	</row1>
					<row2>	0.3052 0.0000 0.8467 0.0000	</row2>
					<row3>	-0.4147 -0.0005 4.7250 1.0000	</row3>
				</transform>
			</node>
			<node>
				<identifier>	SP_YMS011_YHWL_M_1_INDEX_3	</identifier>
				<transform>
					<row0>	0.8017 0.0263 -0.2162 0.0000	</row0>
					<row1>	-0.0248 0.8303 0.0089 0.0000	</row1>
					<row2>	0.2164 -0.0022 0.8020 0.0000	</row2>
					<row3>	-0.1918 0.0020 5.4237 1.0000	</row3>
				</transform>
			</node>
			<node>
				<identifier>	SP_YMS011_YHWL_M_1_INDEX_6	</identifier>
				<transform>
					<row0>	0.9623 0.0000 -0.2719 0.0000	</row0>
					<row1>	0.0000 1.0000 0.0000 0.0000	</row1>
					<row2>	0.2719 0.0000 0.9623 0.0000	</row2>
					<row3>	-0.8716 0.0000 3.1615 1.0000	</row3>
				</transform>
			</node>
			<node>
				<identifier>	SP_YMS011_YHWL_M_1_INDEX_7	</identifier>
				<transform>
					<row0>	0.9520 0.0000 -0.3061 0.0000	</row0>
					<row1>	0.0000 1.0000 0.0000 0.0000	</row1>
					<row2>	0.3061 0.0000 0.9520 0.0000	</row2>
					<row3>	-0.6512 0.0000 3.9629 1.0000	</row3>
				</transform>
			</node>
			<node>
				<identifier>	SP_YMS012_YHWR_M_1	</identifier>
				<transform>
					<row0>	0.8462 -0.0286 0.3051 0.0000	</row0>
					<row1>	0.0269 0.8995 0.0097 0.0000	</row1>
					<row2>	-0.3052 0.0000 0.8467 0.0000	</row2>
					<row3>	0.4147 -0.0005 4.7250 1.0000	</row3>
				</transform>
			</node>
			<node>
				<identifier>	SP_YMS012_YHWR_M_1_INDEX_11	</identifier>
				<transform>
					<row0>	0.9520 0.0000 0.3061 0.0000	</row0>
					<row1>	0.0000 1.0000 0.0000 0.0000	</row1>
					<row2>	-0.3061 0.0000 0.9520 0.0000	</row2>
					<row3>	0.6512 0.0000 3.9629 1.0000	</row3>
				</transform>
			</node>
			<node>
				<identifier>	SP_YMS012_YHWR_M_1_INDEX_13	</identifier>
				<transform>
					<row0>	0.8017 -0.0263 0.2162 0.0000	</row0>
					<row1>	0.0248 0.8303 0.0089 0.0000	</row1>
					<row2>	-0.2164 -0.0022 0.8020 0.0000	</row2>
					<row3>	0.1918 0.0020 5.4237 1.0000	</row3>
				</transform>
			</node>
			<node>
				<identifier>	SP_YMS012_YHWR_M_1_INDEX_7	</identifier>
				<transform>
					<row0>	0.9623 0.0000 0.2719 0.0000	</row0>
					<row1>	0.0000 1.0000 0.0000 0.0000	</row1>
					<row2>	-0.2719 0.0000 0.9623 0.0000	</row2>
					<row3>	0.8716 0.0000 3.1615 1.0000	</row3>
				</transform>
			</node>
			<node>
				<identifier>	SP_YMS020_YHBU_M_1	</identifier>
				<transform>
					<row0>	1.4458 0.0000 0.0000 0.0000	</row0>
					<row1>	0.0000 1.4458 0.0000 0.0000	</row1>
					<row2>	0.0000 0.0000 1.4458 0.0000	</row2>
					<row3>	0.0000 -0.1302 5.9615 1.0000	</row3>
				</transform>
			</node>
			<node>
				<identifier>	SP_YMS022_YHUS_L_1	</identifier>
				<transform>
					<row0>	-0.3093 -0.0246 -0.9507 0.0000	</row0>
					<row1>	-0.2426 0.9686 0.0539 0.0000	</row1>
					<row2>	0.9195 0.2473 -0.3055 0.0000	</row2>
					<row3>	-0.7497 -0.3936 3.4344 1.0000	</row3>
				</transform>
			</node>
			<node>
				<identifier>	SP_YMS022_YHUS_L_1_INDEX_1	</identifier>
				<transform>
					<row0>	-0.3093 0.0246 0.9507 0.0000	</row0>
					<row1>	0.2426 0.9686 0.0539 0.0000	</row1>
					<row2>	-0.9195 0.2473 -0.3055 0.0000	</row2>
					<row3>	0.7497 -0.3936 3.4344 1.0000	</row3>
				</transform>
			</node>
			<node>
				<identifier>	SP_YMS080_YHSL_M_1	</identifier>
				<transform>
					<row0>	0.8206 0.3962 -0.2199 0.0000	</row0>
					<row1>	-0.3827 0.8496 0.1025 0.0000	</row1>
					<row2>	0.2426 0.0000 0.9055 0.0000	</row2>
					<row3>	-0.5204 0.2390 4.4603 1.0000	</row3>
				</transform>
			</node>
			<node>
				<identifier>	SP_YMS081_YHSR_M_1_INDEX_1	</identifier>
				<transform>
					<row0>	0.8206 -0.3962 0.2199 0.0000	</row0>
					<row1>	0.3827 0.8496 0.1025 0.0000	</row1>
					<row2>	-0.2426 0.0000 0.9055 0.0000	</row2>
					<row3>	0.5204 0.2390 4.4603 1.0000	</row3>
				</transform>
			</node>
		</node>
	</node>
	<boundingBox>
		<min>	-0.0667 -0.0667 -0.0667	</min>
		<max>	0.0667 0.0667 0.0667	</max>
	</boundingBox>
</ASB303_Tennessee_1945_Bow_ports.visual>
