<RSD025_Minsk_1943_Stern.skel_ext>
	<exported>	true	</exported>
	<node>
		<identifier>	MP_CM011_Fire_Fighting_Gear	</identifier>
		<parent>	Scene Root	</parent>
		<transform>
			<row0>	0.9277 0.0000 -0.3732 0.0000	</row0>
			<row1>	0.0000 1.0000 0.0000 0.0000	</row1>
			<row2>	0.3732 0.0000 0.9277 0.0000	</row2>
			<row3>	0.1448 0.1529 -2.6583 1.0000	</row3>
		</transform>
	</node>
	<node>
		<identifier>	MP_CM014_Fuel_Oil_Hose	</identifier>
		<parent>	Scene Root	</parent>
		<transform>
			<row0>	0.0000 0.0000 -1.0000 0.0000	</row0>
			<row1>	0.0000 1.0000 0.0000 0.0000	</row1>
			<row2>	1.0000 0.0000 0.0000 0.0000	</row2>
			<row3>	0.0000 0.1960 -1.9213 1.0000	</row3>
		</transform>
	</node>
	<node>
		<identifier>	MP_CM014_Fuel_Oil_Hose_INDEX_1	</identifier>
		<parent>	Scene Root	</parent>
		<transform>
			<row0>	0.0000 0.0000 -1.0000 0.0000	</row0>
			<row1>	0.0000 1.0000 0.0000 0.0000	</row1>
			<row2>	1.0000 0.0000 0.0000 0.0000	</row2>
			<row3>	0.0000 0.2308 -1.9213 1.0000	</row3>
		</transform>
	</node>
	<node>
		<identifier>	MP_CM029_Emergency_Box	</identifier>
		<parent>	Scene Root	</parent>
		<transform>
			<row0>	0.3750 0.0000 -0.9270 0.0000	</row0>
			<row1>	0.0000 1.0000 0.0000 0.0000	</row1>
			<row2>	0.9270 0.0000 0.3750 0.0000	</row2>
			<row3>	-0.1541 0.2128 -2.6311 1.0000	</row3>
		</transform>
	</node>
	<node>
		<identifier>	MP_CM052_Fender	</identifier>
		<parent>	Scene Root	</parent>
		<transform>
			<row0>	0.5268 0.0000 -0.4610 0.0000	</row0>
			<row1>	0.0000 0.7000 0.0000 0.0000	</row1>
			<row2>	0.4610 0.0000 0.5268 0.0000	</row2>
			<row3>	0.1130 0.1530 -1.9265 1.0000	</row3>
		</transform>
	</node>
	<node>
		<identifier>	MP_CM052_Fender_INDEX_1	</identifier>
		<parent>	Scene Root	</parent>
		<transform>
			<row0>	0.5268 0.0000 0.4610 0.0000	</row0>
			<row1>	0.0000 0.7000 0.0000 0.0000	</row1>
			<row2>	-0.4610 0.0000 0.5268 0.0000	</row2>
			<row3>	-0.1293 0.1530 -1.9408 1.0000	</row3>
		</transform>
	</node>
	<node>
		<identifier>	MP_CM094_Propeller3_L	</identifier>
		<parent>	Scene Root	</parent>
		<transform>
			<row0>	0.5262 0.0000 0.0000 0.0000	</row0>
			<row1>	0.0000 0.5257 -0.0228 0.0000	</row1>
			<row2>	0.0000 0.0228 0.5257 0.0000	</row2>
			<row3>	-0.1857 -0.1859 -3.4091 1.0000	</row3>
		</transform>
	</node>
	<node>
		<identifier>	MP_CM095_Propeller3_R	</identifier>
		<parent>	Scene Root	</parent>
		<transform>
			<row0>	0.5262 0.0000 0.0000 0.0000	</row0>
			<row1>	0.0000 0.5257 -0.0228 0.0000	</row1>
			<row2>	0.0000 0.0228 0.5257 0.0000	</row2>
			<row3>	0.1857 -0.1859 -3.4091 1.0000	</row3>
		</transform>
	</node>
	<node>
		<identifier>	MP_CM095_Propeller3_R_INDEX_1	</identifier>
		<parent>	Scene Root	</parent>
		<transform>
			<row0>	0.5262 0.0000 0.0000 0.0000	</row0>
			<row1>	0.0000 0.5257 -0.0228 0.0000	</row1>
			<row2>	0.0000 0.0228 0.5257 0.0000	</row2>
			<row3>	0.0000 -0.1879 -3.8197 1.0000	</row3>
		</transform>
	</node>
	<node>
		<identifier>	MP_CM112_Fire_Extinguisher	</identifier>
		<parent>	Scene Root	</parent>
		<transform>
			<row0>	0.0000 0.0000 1.0000 0.0000	</row0>
			<row1>	0.0000 1.0000 0.0000 0.0000	</row1>
			<row2>	-1.0000 0.0000 0.0000 0.0000	</row2>
			<row3>	-0.0094 0.1821 -2.7901 1.0000	</row3>
		</transform>
	</node>
	<node>
		<identifier>	MP_RM008_Voice_Tube	</identifier>
		<parent>	Scene Root	</parent>
		<transform>
			<row0>	-0.6083 0.0000 0.7937 0.0000	</row0>
			<row1>	0.0000 1.0000 0.0000 0.0000	</row1>
			<row2>	-0.7937 0.0000 -0.6083 0.0000	</row2>
			<row3>	-0.1530 0.3005 -2.5969 1.0000	</row3>
		</transform>
	</node>
	<node>
		<identifier>	MP_RM008_Voice_Tube_INDEX_1	</identifier>
		<parent>	Scene Root	</parent>
		<transform>
			<row0>	0.8429 0.0000 0.5381 0.0000	</row0>
			<row1>	0.0000 1.0000 0.0000 0.0000	</row1>
			<row2>	-0.5381 0.0000 0.8429 0.0000	</row2>
			<row3>	0.0000 0.3005 -1.9931 1.0000	</row3>
		</transform>
	</node>
	<node>
		<identifier>	MP_RM008_Voice_Tube_INDEX_2	</identifier>
		<parent>	Scene Root	</parent>
		<transform>
			<row0>	0.8429 0.0000 0.5381 0.0000	</row0>
			<row1>	0.0000 1.0000 0.0000 0.0000	</row1>
			<row2>	-0.5381 0.0000 0.8429 0.0000	</row2>
			<row3>	0.0143 0.3005 -1.9855 1.0000	</row3>
		</transform>
	</node>
	<node>
		<identifier>	MP_RM008_Voice_Tube_INDEX_3	</identifier>
		<parent>	Scene Root	</parent>
		<transform>
			<row0>	-0.6083 0.0000 -0.7937 0.0000	</row0>
			<row1>	0.0000 1.0000 0.0000 0.0000	</row1>
			<row2>	0.7937 0.0000 -0.6083 0.0000	</row2>
			<row3>	0.1544 0.3005 -2.5980 1.0000	</row3>
		</transform>
	</node>
	<node>
		<identifier>	MP_RM015_Bollard	</identifier>
		<parent>	Scene Root	</parent>
		<transform>
			<row0>	0.9941 0.0000 0.1088 0.0000	</row0>
			<row1>	0.0000 1.0000 0.0000 0.0000	</row1>
			<row2>	-0.1088 0.0000 0.9941 0.0000	</row2>
			<row3>	-0.2000 0.1527 -3.6853 1.0000	</row3>
		</transform>
	</node>
	<node>
		<identifier>	MP_RM015_Bollard_INDEX_1	</identifier>
		<parent>	Scene Root	</parent>
		<transform>
			<row0>	0.9941 0.0000 -0.1088 0.0000	</row0>
			<row1>	0.0000 1.0000 0.0000 0.0000	</row1>
			<row2>	0.1088 0.0000 0.9941 0.0000	</row2>
			<row3>	0.2000 0.1527 -3.6853 1.0000	</row3>
		</transform>
	</node>
	<node>
		<identifier>	MP_RM017_Fairlead	</identifier>
		<parent>	Scene Root	</parent>
		<transform>
			<row0>	0.0000 0.0000 0.3000 0.0000	</row0>
			<row1>	0.0000 0.3000 0.0000 0.0000	</row1>
			<row2>	-0.3000 0.0000 0.0000 0.0000	</row2>
			<row3>	0.0000 0.1506 -3.9935 1.0000	</row3>
		</transform>
	</node>
	<node>
		<identifier>	MP_RM019_Reels	</identifier>
		<parent>	Scene Root	</parent>
		<transform>
			<row0>	0.0000 0.0000 -1.0000 0.0000	</row0>
			<row1>	0.0000 -1.0000 0.0000 0.0000	</row1>
			<row2>	-1.0000 0.0000 0.0000 0.0000	</row2>
			<row3>	-0.0495 0.1517 -3.2634 1.0000	</row3>
		</transform>
	</node>
	<node>
		<identifier>	MP_RM019_Reels_INDEX_1	</identifier>
		<parent>	Scene Root	</parent>
		<transform>
			<row0>	0.0000 0.0000 1.0000 0.0000	</row0>
			<row1>	0.0000 -1.0000 0.0000 0.0000	</row1>
			<row2>	1.0000 0.0000 0.0000 0.0000	</row2>
			<row3>	0.0494 0.1517 -3.2634 1.0000	</row3>
		</transform>
	</node>
	<node>
		<identifier>	MP_RM021_Screened_speed_light	</identifier>
		<parent>	Scene Root	</parent>
		<transform>
			<row0>	-0.5810 0.0000 0.0000 0.0000	</row0>
			<row1>	0.0000 0.5810 0.0000 0.0000	</row1>
			<row2>	0.0000 0.0000 -0.5810 0.0000	</row2>
			<row3>	0.0000 0.1484 -4.2921 1.0000	</row3>
		</transform>
	</node>
	<node>
		<identifier>	MP_RM060_Hatch	</identifier>
		<parent>	Scene Root	</parent>
		<transform>
			<row0>	0.0000 0.0000 -1.1000 0.0000	</row0>
			<row1>	0.0000 1.1000 0.0000 0.0000	</row1>
			<row2>	1.1000 0.0000 0.0000 0.0000	</row2>
			<row3>	0.0806 0.1506 -3.7448 1.0000	</row3>
		</transform>
	</node>
	<node>
		<identifier>	MP_RM060_Hatch_INDEX_1	</identifier>
		<parent>	Scene Root	</parent>
		<transform>
			<row0>	0.0000 0.0000 1.1000 0.0000	</row0>
			<row1>	0.0000 1.1000 0.0000 0.0000	</row1>
			<row2>	-1.1000 0.0000 0.0000 0.0000	</row2>
			<row3>	-0.0377 0.1506 -3.6976 1.0000	</row3>
		</transform>
	</node>
	<node>
		<identifier>	MP_RM065_Ammunition_Box	</identifier>
		<parent>	Scene Root	</parent>
		<transform>
			<row0>	-0.1099 0.0000 -0.9939 0.0000	</row0>
			<row1>	0.0000 1.0000 0.0000 0.0000	</row1>
			<row2>	0.9939 0.0000 -0.1099 0.0000	</row2>
			<row3>	0.2282 0.1425 -3.3972 1.0000	</row3>
		</transform>
	</node>
	<node>
		<identifier>	MP_RM065_Ammunition_Box_INDEX_1	</identifier>
		<parent>	Scene Root	</parent>
		<transform>
			<row0>	0.0000 0.0000 1.0000 0.0000	</row0>
			<row1>	0.0000 1.0000 0.0000 0.0000	</row1>
			<row2>	-1.0000 0.0000 0.0000 0.0000	</row2>
			<row3>	0.1733 0.1449 -2.5156 1.0000	</row3>
		</transform>
	</node>
	<node>
		<identifier>	MP_RM065_Ammunition_Box_INDEX_2	</identifier>
		<parent>	Scene Root	</parent>
		<transform>
			<row0>	0.0000 0.0000 -1.0000 0.0000	</row0>
			<row1>	0.0000 1.0000 0.0000 0.0000	</row1>
			<row2>	1.0000 0.0000 0.0000 0.0000	</row2>
			<row3>	-0.1733 0.1449 -2.5609 1.0000	</row3>
		</transform>
	</node>
	<node>
		<identifier>	MP_RM065_Ammunition_Box_INDEX_3	</identifier>
		<parent>	Scene Root	</parent>
		<transform>
			<row0>	-0.1099 0.0000 0.9939 0.0000	</row0>
			<row1>	0.0000 1.0000 0.0000 0.0000	</row1>
			<row2>	-0.9939 0.0000 -0.1099 0.0000	</row2>
			<row3>	-0.2282 0.1425 -3.3972 1.0000	</row3>
		</transform>
	</node>
	<node>
		<identifier>	MP_RM066_Ammunition_Box	</identifier>
		<parent>	Scene Root	</parent>
		<transform>
			<row0>	0.1256 0.0000 0.6886 0.0000	</row0>
			<row1>	0.0000 0.7000 0.0000 0.0000	</row1>
			<row2>	-0.6886 0.0000 0.1256 0.0000	</row2>
			<row3>	0.0823 0.3006 -2.1531 1.0000	</row3>
		</transform>
	</node>
	<node>
		<identifier>	MP_RM066_Ammunition_Box_INDEX_1	</identifier>
		<parent>	Scene Root	</parent>
		<transform>
			<row0>	-0.0961 0.0000 -0.6934 0.0000	</row0>
			<row1>	0.0000 0.7000 0.0000 0.0000	</row1>
			<row2>	0.6934 0.0000 -0.0961 0.0000	</row2>
			<row3>	-0.0840 0.3006 -2.1029 1.0000	</row3>
		</transform>
	</node>
	<node>
		<identifier>	MP_RM066_Ammunition_Box_INDEX_2	</identifier>
		<parent>	Scene Root	</parent>
		<transform>
			<row0>	0.1256 0.0000 -0.6886 0.0000	</row0>
			<row1>	0.0000 0.7000 0.0000 0.0000	</row1>
			<row2>	0.6886 0.0000 0.1256 0.0000	</row2>
			<row3>	-0.0823 0.3006 -2.1531 1.0000	</row3>
		</transform>
	</node>
	<node>
		<identifier>	MP_RM066_Ammunition_Box_INDEX_3	</identifier>
		<parent>	Scene Root	</parent>
		<transform>
			<row0>	-0.0961 0.0000 0.6934 0.0000	</row0>
			<row1>	0.0000 0.7000 0.0000 0.0000	</row1>
			<row2>	-0.6934 0.0000 -0.0961 0.0000	</row2>
			<row3>	0.0840 0.3006 -2.1029 1.0000	</row3>
		</transform>
	</node>
	<node>
		<identifier>	MP_RM069_Telegraph	</identifier>
		<parent>	Scene Root	</parent>
		<transform>
			<row0>	-1.0000 0.0000 0.0000 0.0000	</row0>
			<row1>	0.0000 1.0000 0.0000 0.0000	</row1>
			<row2>	0.0000 0.0000 -1.0000 0.0000	</row2>
			<row3>	0.1317 0.3000 -2.0030 1.0000	</row3>
		</transform>
	</node>
	<node>
		<identifier>	MP_RM139_Insulator	</identifier>
		<parent>	Scene Root	</parent>
		<transform>
			<row0>	1.0000 0.0000 0.0000 0.0000	</row0>
			<row1>	0.0000 0.0000 1.0000 0.0000	</row1>
			<row2>	0.0000 -1.0000 0.0000 0.0000	</row2>
			<row3>	0.0327 0.2608 -1.9234 1.0000	</row3>
		</transform>
	</node>
	<node>
		<identifier>	MP_RM145_Turtles_Box	</identifier>
		<parent>	Scene Root	</parent>
		<transform>
			<row0>	-0.3841 0.0000 0.9233 0.0000	</row0>
			<row1>	0.0000 1.0000 0.0000 0.0000	</row1>
			<row2>	-0.9233 0.0000 -0.3841 0.0000	</row2>
			<row3>	-0.1531 0.1524 -2.6279 1.0000	</row3>
		</transform>
	</node>
	<node>
		<identifier>	MP_RM145_Turtles_Box_INDEX_1	</identifier>
		<parent>	Scene Root	</parent>
		<transform>
			<row0>	-0.3841 0.0000 -0.9233 0.0000	</row0>
			<row1>	0.0000 1.0000 0.0000 0.0000	</row1>
			<row2>	0.9233 0.0000 -0.3841 0.0000	</row2>
			<row3>	0.1559 0.1524 -2.6197 1.0000	</row3>
		</transform>
	</node>
	<node>
		<identifier>	MP_RM148_Ammunition_Box	</identifier>
		<parent>	Scene Root	</parent>
		<transform>
			<row0>	0.7685 0.0000 0.6398 0.0000	</row0>
			<row1>	0.0000 1.0000 0.0000 0.0000	</row1>
			<row2>	-0.6398 0.0000 0.7685 0.0000	</row2>
			<row3>	-0.0985 0.3005 -1.9197 1.0000	</row3>
		</transform>
	</node>
	<node>
		<identifier>	MP_RM148_Ammunition_Box_INDEX_1	</identifier>
		<parent>	Scene Root	</parent>
		<transform>
			<row0>	0.7685 0.0000 0.6398 0.0000	</row0>
			<row1>	0.0000 1.0000 0.0000 0.0000	</row1>
			<row2>	-0.6398 0.0000 0.7685 0.0000	</row2>
			<row3>	-0.1549 0.3005 -1.9668 1.0000	</row3>
		</transform>
	</node>
	<node>
		<identifier>	MP_RM157_Freon_Cylinder_acetylene	</identifier>
		<parent>	Scene Root	</parent>
		<transform>
			<row0>	0.0000 0.0000 -1.0000 0.0000	</row0>
			<row1>	0.0000 1.0000 0.0000 0.0000	</row1>
			<row2>	1.0000 0.0000 0.0000 0.0000	</row2>
			<row3>	0.1668 0.1520 -2.3920 1.0000	</row3>
		</transform>
	</node>
	<node>
		<identifier>	MP_RM157_Freon_Cylinder_acetylene_INDEX_1	</identifier>
		<parent>	Scene Root	</parent>
		<transform>
			<row0>	0.0000 0.0000 1.0000 0.0000	</row0>
			<row1>	0.0000 1.0000 0.0000 0.0000	</row1>
			<row2>	-1.0000 0.0000 0.0000 0.0000	</row2>
			<row3>	-0.1668 0.1520 -2.3920 1.0000	</row3>
		</transform>
	</node>
	<node>
		<identifier>	MP_RM183_Depth_Charge_BM1	</identifier>
		<parent>	Scene Root	</parent>
		<transform>
			<row0>	0.9943 0.0000 -0.1067 0.0000	</row0>
			<row1>	0.0000 1.0000 0.0000 0.0000	</row1>
			<row2>	0.1067 0.0000 0.9943 0.0000	</row2>
			<row3>	0.1666 0.1529 -3.9930 1.0000	</row3>
		</transform>
	</node>
	<node>
		<identifier>	MP_RM183_Depth_Charge_BM1_INDEX_1	</identifier>
		<parent>	Scene Root	</parent>
		<transform>
			<row0>	0.9943 0.0000 -0.1067 0.0000	</row0>
			<row1>	0.0000 1.0000 0.0000 0.0000	</row1>
			<row2>	0.1067 0.0000 0.9943 0.0000	</row2>
			<row3>	0.1757 0.1529 -3.9087 1.0000	</row3>
		</transform>
	</node>
	<node>
		<identifier>	MP_RM183_Depth_Charge_BM1_INDEX_10	</identifier>
		<parent>	Scene Root	</parent>
		<transform>
			<row0>	0.9943 0.0000 -0.1067 0.0000	</row0>
			<row1>	0.0000 1.0000 0.0000 0.0000	</row1>
			<row2>	0.1067 0.0000 0.9943 0.0000	</row2>
			<row3>	0.1779 0.1529 -3.8878 1.0000	</row3>
		</transform>
	</node>
	<node>
		<identifier>	MP_RM183_Depth_Charge_BM1_INDEX_11	</identifier>
		<parent>	Scene Root	</parent>
		<transform>
			<row0>	0.9943 0.0000 0.1067 0.0000	</row0>
			<row1>	0.0000 1.0000 0.0000 0.0000	</row1>
			<row2>	-0.1067 0.0000 0.9943 0.0000	</row2>
			<row3>	-0.1779 0.1529 -3.8878 1.0000	</row3>
		</transform>
	</node>
	<node>
		<identifier>	MP_RM183_Depth_Charge_BM1_INDEX_2	</identifier>
		<parent>	Scene Root	</parent>
		<transform>
			<row0>	0.9943 0.0000 -0.1067 0.0000	</row0>
			<row1>	0.0000 1.0000 0.0000 0.0000	</row1>
			<row2>	0.1067 0.0000 0.9943 0.0000	</row2>
			<row3>	0.1734 0.1529 -3.9298 1.0000	</row3>
		</transform>
	</node>
	<node>
		<identifier>	MP_RM183_Depth_Charge_BM1_INDEX_3	</identifier>
		<parent>	Scene Root	</parent>
		<transform>
			<row0>	0.9943 0.0000 0.1067 0.0000	</row0>
			<row1>	0.0000 1.0000 0.0000 0.0000	</row1>
			<row2>	-0.1067 0.0000 0.9943 0.0000	</row2>
			<row3>	-0.1711 0.1529 -3.9509 1.0000	</row3>
		</transform>
	</node>
	<node>
		<identifier>	MP_RM183_Depth_Charge_BM1_INDEX_4	</identifier>
		<parent>	Scene Root	</parent>
		<transform>
			<row0>	0.9943 0.0000 -0.1067 0.0000	</row0>
			<row1>	0.0000 1.0000 0.0000 0.0000	</row1>
			<row2>	0.1067 0.0000 0.9943 0.0000	</row2>
			<row3>	0.1711 0.1529 -3.9509 1.0000	</row3>
		</transform>
	</node>
	<node>
		<identifier>	MP_RM183_Depth_Charge_BM1_INDEX_5	</identifier>
		<parent>	Scene Root	</parent>
		<transform>
			<row0>	0.9943 0.0000 0.1067 0.0000	</row0>
			<row1>	0.0000 1.0000 0.0000 0.0000	</row1>
			<row2>	-0.1067 0.0000 0.9943 0.0000	</row2>
			<row3>	-0.1734 0.1529 -3.9298 1.0000	</row3>
		</transform>
	</node>
	<node>
		<identifier>	MP_RM183_Depth_Charge_BM1_INDEX_6	</identifier>
		<parent>	Scene Root	</parent>
		<transform>
			<row0>	0.9943 0.0000 -0.1067 0.0000	</row0>
			<row1>	0.0000 1.0000 0.0000 0.0000	</row1>
			<row2>	0.1067 0.0000 0.9943 0.0000	</row2>
			<row3>	0.1689 0.1529 -3.9719 1.0000	</row3>
		</transform>
	</node>
	<node>
		<identifier>	MP_RM183_Depth_Charge_BM1_INDEX_7	</identifier>
		<parent>	Scene Root	</parent>
		<transform>
			<row0>	0.9943 0.0000 0.1067 0.0000	</row0>
			<row1>	0.0000 1.0000 0.0000 0.0000	</row1>
			<row2>	-0.1067 0.0000 0.9943 0.0000	</row2>
			<row3>	-0.1757 0.1529 -3.9087 1.0000	</row3>
		</transform>
	</node>
	<node>
		<identifier>	MP_RM183_Depth_Charge_BM1_INDEX_8	</identifier>
		<parent>	Scene Root	</parent>
		<transform>
			<row0>	0.9943 0.0000 0.1067 0.0000	</row0>
			<row1>	0.0000 1.0000 0.0000 0.0000	</row1>
			<row2>	-0.1067 0.0000 0.9943 0.0000	</row2>
			<row3>	-0.1689 0.1529 -3.9719 1.0000	</row3>
		</transform>
	</node>
	<node>
		<identifier>	MP_RM183_Depth_Charge_BM1_INDEX_9	</identifier>
		<parent>	Scene Root	</parent>
		<transform>
			<row0>	0.9943 0.0000 0.1067 0.0000	</row0>
			<row1>	0.0000 1.0000 0.0000 0.0000	</row1>
			<row2>	-0.1067 0.0000 0.9943 0.0000	</row2>
			<row3>	-0.1666 0.1529 -3.9930 1.0000	</row3>
		</transform>
	</node>
	<node>
		<identifier>	MP_RM194_Magnetic_Compass	</identifier>
		<parent>	Scene Root	</parent>
		<transform>
			<row0>	-1.0000 0.0000 0.0000 0.0000	</row0>
			<row1>	0.0000 1.0000 0.0000 0.0000	</row1>
			<row2>	0.0000 0.0000 -1.0000 0.0000	</row2>
			<row3>	0.1006 0.3009 -1.9645 1.0000	</row3>
		</transform>
	</node>
	<node>
		<identifier>	MP_RM200_Running_Lights_B	</identifier>
		<parent>	Scene Root	</parent>
		<transform>
			<row0>	-1.0000 0.0000 0.0000 0.0000	</row0>
			<row1>	0.0000 1.0000 0.0000 0.0000	</row1>
			<row2>	0.0000 0.0000 -1.0000 0.0000	</row2>
			<row3>	0.0000 0.1710 -4.2933 1.0000	</row3>
		</transform>
	</node>
	<node>
		<identifier>	MP_RM203_Torpedo_Bogie	</identifier>
		<parent>	Scene Root	</parent>
		<transform>
			<row0>	1.0000 0.0000 0.0000 0.0000	</row0>
			<row1>	0.0000 1.0000 0.0000 0.0000	</row1>
			<row2>	0.0000 0.0000 1.0000 0.0000	</row2>
			<row3>	-0.2023 0.1523 -2.2673 1.0000	</row3>
		</transform>
	</node>
	<node>
		<identifier>	MP_RM203_Torpedo_Bogie_INDEX_1	</identifier>
		<parent>	Scene Root	</parent>
		<transform>
			<row0>	1.0000 0.0000 0.0000 0.0000	</row0>
			<row1>	0.0000 1.0000 0.0000 0.0000	</row1>
			<row2>	0.0000 0.0000 1.0000 0.0000	</row2>
			<row3>	0.2023 0.1523 -2.2673 1.0000	</row3>
		</transform>
	</node>
	<node>
		<identifier>	MP_RM212_Anchor_Capstan_Stern	</identifier>
		<parent>	Scene Root	</parent>
		<transform>
			<row0>	1.0000 0.0000 0.0000 0.0000	</row0>
			<row1>	0.0000 1.0000 0.0000 0.0000	</row1>
			<row2>	0.0000 0.0000 1.0000 0.0000	</row2>
			<row3>	0.0000 0.1505 -3.6387 1.0000	</row3>
		</transform>
	</node>
	<node>
		<identifier>	MP_RM214_Life_Buoy	</identifier>
		<parent>	Scene Root	</parent>
		<transform>
			<row0>	0.1237 0.0000 0.9923 0.0000	</row0>
			<row1>	0.0000 1.0000 0.0000 0.0000	</row1>
			<row2>	-0.9923 0.0000 0.1237 0.0000	</row2>
			<row3>	0.1771 0.2154 -4.0337 1.0000	</row3>
		</transform>
	</node>
	<node>
		<identifier>	MP_RM214_Life_Buoy_INDEX_1	</identifier>
		<parent>	Scene Root	</parent>
		<transform>
			<row0>	0.1237 0.0000 -0.9923 0.0000	</row0>
			<row1>	0.0000 1.0000 0.0000 0.0000	</row1>
			<row2>	0.9923 0.0000 0.1237 0.0000	</row2>
			<row3>	-0.1771 0.2154 -4.0337 1.0000	</row3>
		</transform>
	</node>
	<node>
		<identifier>	MP_RM214_Life_Buoy_INDEX_2	</identifier>
		<parent>	Scene Root	</parent>
		<transform>
			<row0>	0.0943 0.0000 -0.9955 0.0000	</row0>
			<row1>	0.0000 1.0000 0.0000 0.0000	</row1>
			<row2>	0.9955 0.0000 0.0943 0.0000	</row2>
			<row3>	-0.2695 0.2154 -3.1229 1.0000	</row3>
		</transform>
	</node>
	<node>
		<identifier>	MP_RM214_Life_Buoy_INDEX_3	</identifier>
		<parent>	Scene Root	</parent>
		<transform>
			<row0>	0.0943 0.0000 0.9955 0.0000	</row0>
			<row1>	0.0000 1.0000 0.0000 0.0000	</row1>
			<row2>	-0.9955 0.0000 0.0943 0.0000	</row2>
			<row3>	0.2695 0.2154 -3.1229 1.0000	</row3>
		</transform>
	</node>
	<node>
		<identifier>	MP_RM214_Life_Buoy_INDEX_4	</identifier>
		<parent>	Scene Root	</parent>
		<transform>
			<row0>	-0.0057 0.0000 1.0000 0.0000	</row0>
			<row1>	0.0000 1.0000 0.0000 0.0000	</row1>
			<row2>	-1.0000 0.0000 -0.0057 0.0000	</row2>
			<row3>	0.1746 0.3676 -2.6054 1.0000	</row3>
		</transform>
	</node>
	<node>
		<identifier>	MP_RM214_Life_Buoy_INDEX_5	</identifier>
		<parent>	Scene Root	</parent>
		<transform>
			<row0>	-0.0057 0.0000 -1.0000 0.0000	</row0>
			<row1>	0.0000 1.0000 0.0000 0.0000	</row1>
			<row2>	1.0000 0.0000 -0.0057 0.0000	</row2>
			<row3>	-0.1746 0.3676 -2.6054 1.0000	</row3>
		</transform>
	</node>
	<node>
		<identifier>	MP_RM217_Ventilation_Mushroom	</identifier>
		<parent>	Scene Root	</parent>
		<transform>
			<row0>	0.0000 -1.0000 0.0000 0.0000	</row0>
			<row1>	0.9292 0.0000 -0.3696 0.0000	</row1>
			<row2>	0.3696 0.0000 0.9292 0.0000	</row2>
			<row3>	0.0967 0.2800 -2.7650 1.0000	</row3>
		</transform>
	</node>
	<node>
		<identifier>	MP_RM217_Ventilation_Mushroom_INDEX_1	</identifier>
		<parent>	Scene Root	</parent>
		<transform>
			<row0>	1.0000 0.0000 0.0000 0.0000	</row0>
			<row1>	0.0000 1.0000 0.0000 0.0000	</row1>
			<row2>	0.0000 0.0000 1.0000 0.0000	</row2>
			<row3>	0.0827 0.1509 -3.6720 1.0000	</row3>
		</transform>
	</node>
	<node>
		<identifier>	MP_RM217_Ventilation_Mushroom_INDEX_2	</identifier>
		<parent>	Scene Root	</parent>
		<transform>
			<row0>	0.0000 1.0000 0.0000 0.0000	</row0>
			<row1>	-1.0000 0.0000 0.0000 0.0000	</row1>
			<row2>	0.0000 0.0000 1.0000 0.0000	</row2>
			<row3>	-0.1593 0.2777 -2.4284 1.0000	</row3>
		</transform>
	</node>
	<node>
		<identifier>	MP_RM217_Ventilation_Mushroom_INDEX_3	</identifier>
		<parent>	Scene Root	</parent>
		<transform>
			<row0>	2.0000 0.0000 0.0000 0.0000	</row0>
			<row1>	0.0000 2.0000 0.0000 0.0000	</row1>
			<row2>	0.0000 0.0000 2.0000 0.0000	</row2>
			<row3>	0.1406 0.1509 -2.8981 1.0000	</row3>
		</transform>
	</node>
	<node>
		<identifier>	MP_RM217_Ventilation_Mushroom_INDEX_4	</identifier>
		<parent>	Scene Root	</parent>
		<transform>
			<row0>	1.3000 0.0000 0.0000 0.0000	</row0>
			<row1>	0.0000 1.3000 0.0000 0.0000	</row1>
			<row2>	0.0000 0.0000 1.3000 0.0000	</row2>
			<row3>	-0.1193 0.3001 -2.4265 1.0000	</row3>
		</transform>
	</node>
	<node>
		<identifier>	MP_RM217_Ventilation_Mushroom_INDEX_5	</identifier>
		<parent>	Scene Root	</parent>
		<transform>
			<row0>	0.0000 -1.0000 0.0000 0.0000	</row0>
			<row1>	0.9292 0.0000 -0.3696 0.0000	</row1>
			<row2>	0.3696 0.0000 0.9292 0.0000	</row2>
			<row3>	0.1524 0.2733 -2.6248 1.0000	</row3>
		</transform>
	</node>
	<node>
		<identifier>	MP_RM217_Ventilation_Mushroom_INDEX_6	</identifier>
		<parent>	Scene Root	</parent>
		<transform>
			<row0>	0.0000 1.0000 0.0000 0.0000	</row0>
			<row1>	-0.9292 0.0000 -0.3696 0.0000	</row1>
			<row2>	-0.3696 0.0000 0.9292 0.0000	</row2>
			<row3>	-0.0967 0.2800 -2.7650 1.0000	</row3>
		</transform>
	</node>
	<node>
		<identifier>	MP_RM217_Ventilation_Mushroom_INDEX_7	</identifier>
		<parent>	Scene Root	</parent>
		<transform>
			<row0>	0.0000 1.0000 0.0000 0.0000	</row0>
			<row1>	-0.9292 0.0000 -0.3696 0.0000	</row1>
			<row2>	-0.3696 0.0000 0.9292 0.0000	</row2>
			<row3>	-0.1524 0.2733 -2.6248 1.0000	</row3>
		</transform>
	</node>
	<node>
		<identifier>	MP_RM217_Ventilation_Mushroom_INDEX_8	</identifier>
		<parent>	Scene Root	</parent>
		<transform>
			<row0>	0.0000 -1.0000 0.0000 0.0000	</row0>
			<row1>	1.0000 0.0000 0.0000 0.0000	</row1>
			<row2>	0.0000 0.0000 1.0000 0.0000	</row2>
			<row3>	0.1593 0.2777 -2.4294 1.0000	</row3>
		</transform>
	</node>
	<node>
		<identifier>	MP_RM218_Deck_Hatch	</identifier>
		<parent>	Scene Root	</parent>
		<transform>
			<row0>	0.0000 0.0000 1.0000 0.0000	</row0>
			<row1>	0.0000 1.0000 0.0000 0.0000	</row1>
			<row2>	-1.0000 0.0000 0.0000 0.0000	</row2>
			<row3>	-0.0475 0.2992 -2.3457 1.0000	</row3>
		</transform>
	</node>
	<node>
		<identifier>	MP_RM218_Deck_Hatch_INDEX_1	</identifier>
		<parent>	Scene Root	</parent>
		<transform>
			<row0>	-1.1000 0.0000 0.0000 0.0000	</row0>
			<row1>	0.0000 1.1000 0.0000 0.0000	</row1>
			<row2>	0.0000 0.0000 -1.1000 0.0000	</row2>
			<row3>	0.0608 0.1504 -2.8636 1.0000	</row3>
		</transform>
	</node>
	<node>
		<identifier>	MP_RM218_Deck_Hatch_INDEX_2	</identifier>
		<parent>	Scene Root	</parent>
		<transform>
			<row0>	0.0000 0.0000 1.0000 0.0000	</row0>
			<row1>	0.0000 1.0000 0.0000 0.0000	</row1>
			<row2>	-1.0000 0.0000 0.0000 0.0000	</row2>
			<row3>	-0.1391 0.2985 -2.1224 1.0000	</row3>
		</transform>
	</node>
	<node>
		<identifier>	MP_RM219_Fairlead	</identifier>
		<parent>	Scene Root	</parent>
		<transform>
			<row0>	0.9980 0.0000 -0.0629 0.0000	</row0>
			<row1>	0.0000 1.0000 0.0000 0.0000	</row1>
			<row2>	0.0629 0.0000 0.9980 0.0000	</row2>
			<row3>	0.2991 0.1582 -2.6620 1.0000	</row3>
		</transform>
	</node>
	<node>
		<identifier>	MP_RM219_Fairlead_INDEX_1	</identifier>
		<parent>	Scene Root	</parent>
		<transform>
			<row0>	0.9980 0.0000 0.0629 0.0000	</row0>
			<row1>	0.0000 1.0000 0.0000 0.0000	</row1>
			<row2>	-0.0629 0.0000 0.9980 0.0000	</row2>
			<row3>	-0.2991 0.1582 -2.6620 1.0000	</row3>
		</transform>
	</node>
	<node>
		<identifier>	MP_RM220_Bollard	</identifier>
		<parent>	Scene Root	</parent>
		<transform>
			<row0>	0.9979 0.0000 -0.0649 0.0000	</row0>
			<row1>	0.0000 1.0000 0.0000 0.0000	</row1>
			<row2>	0.0649 0.0000 0.9979 0.0000	</row2>
			<row3>	0.3238 0.1496 -2.2044 1.0000	</row3>
		</transform>
	</node>
	<node>
		<identifier>	MP_RM220_Bollard_INDEX_1	</identifier>
		<parent>	Scene Root	</parent>
		<transform>
			<row0>	0.9979 0.0000 0.0649 0.0000	</row0>
			<row1>	0.0000 1.0000 0.0000 0.0000	</row1>
			<row2>	-0.0649 0.0000 0.9979 0.0000	</row2>
			<row3>	-0.3238 0.1496 -2.2044 1.0000	</row3>
		</transform>
	</node>
	<node>
		<identifier>	MP_RM236_Telephone	</identifier>
		<parent>	Scene Root	</parent>
		<transform>
			<row0>	-1.0000 0.0000 0.0000 0.0000	</row0>
			<row1>	0.0000 1.0000 0.0000 0.0000	</row1>
			<row2>	0.0000 0.0000 -1.0000 0.0000	</row2>
			<row3>	0.0136 0.2286 -2.7849 1.0000	</row3>
		</transform>
	</node>
	<node>
		<identifier>	MP_RM246_Steering_Wheel	</identifier>
		<parent>	Scene Root	</parent>
		<transform>
			<row0>	-1.3252 0.0000 0.0000 0.0000	</row0>
			<row1>	0.0000 1.3252 0.0000 0.0000	</row1>
			<row2>	0.0000 0.0000 -1.3252 0.0000	</row2>
			<row3>	0.0627 0.3007 -1.9840 1.0000	</row3>
		</transform>
	</node>
	<node>
		<identifier>	MP_RM249_Coat_of_Arms_USSR	</identifier>
		<parent>	Scene Root	</parent>
		<transform>
			<row0>	-0.8000 0.0000 0.0000 0.0000	</row0>
			<row1>	0.0000 0.6806 -0.4204 0.0000	</row1>
			<row2>	0.0000 -0.4204 -0.6806 0.0000	</row2>
			<row3>	0.0000 0.0850 -4.2941 1.0000	</row3>
		</transform>
	</node>
	<node>
		<identifier>	MP_RM266_Telegraph	</identifier>
		<parent>	Scene Root	</parent>
		<transform>
			<row0>	-1.0000 0.0000 0.0000 0.0000	</row0>
			<row1>	0.0000 1.0000 0.0000 0.0000	</row1>
			<row2>	0.0000 0.0000 -1.0000 0.0000	</row2>
			<row3>	0.1655 0.2999 -2.0030 1.0000	</row3>
		</transform>
	</node>
	<node>
		<identifier>	MP_RM273_Fire_Hose_Rack_box	</identifier>
		<parent>	Scene Root	</parent>
		<transform>
			<row0>	-0.3761 -0.0016 -0.9266 0.0000	</row0>
			<row1>	-0.0002 1.0000 -0.0017 0.0000	</row1>
			<row2>	0.9266 -0.0004 -0.3761 0.0000	</row2>
			<row3>	0.1399 0.2262 -2.6550 1.0000	</row3>
		</transform>
	</node>
	<node>
		<identifier>	MP_RM285_Hatch	</identifier>
		<parent>	Scene Root	</parent>
		<transform>
			<row0>	0.0000 0.0000 1.2000 0.0000	</row0>
			<row1>	0.0000 1.2000 0.0000 0.0000	</row1>
			<row2>	-1.2000 0.0000 0.0000 0.0000	</row2>
			<row3>	-0.0477 0.1450 -2.8538 1.0000	</row3>
		</transform>
	</node>
	<node>
		<identifier>	MP_RM285_Hatch_INDEX_1	</identifier>
		<parent>	Scene Root	</parent>
		<transform>
			<row0>	-1.2000 0.0000 0.0000 0.0000	</row0>
			<row1>	0.0000 1.2000 0.0000 0.0000	</row1>
			<row2>	0.0000 0.0000 -1.2000 0.0000	</row2>
			<row3>	0.0492 0.2938 -2.3455 1.0000	</row3>
		</transform>
	</node>
	<node>
		<identifier>	MP_RM285_Hatch_INDEX_2	</identifier>
		<parent>	Scene Root	</parent>
		<transform>
			<row0>	-1.2000 0.0000 0.0000 0.0000	</row0>
			<row1>	0.0000 1.2000 0.0000 0.0000	</row1>
			<row2>	0.0000 0.0000 -1.2000 0.0000	</row2>
			<row3>	0.1321 0.2881 -2.1537 1.0000	</row3>
		</transform>
	</node>
	<node>
		<identifier>	MP_RM290_Reel	</identifier>
		<parent>	Scene Root	</parent>
		<transform>
			<row0>	-1.0000 0.0000 0.0000 0.0000	</row0>
			<row1>	0.0000 1.0000 0.0000 0.0000	</row1>
			<row2>	0.0000 0.0000 -1.0000 0.0000	</row2>
			<row3>	0.0277 0.3000 -2.7420 1.0000	</row3>
		</transform>
	</node>
	<node>
		<identifier>	MP_RM295_Ventilation	</identifier>
		<parent>	Scene Root	</parent>
		<transform>
			<row0>	1.0000 0.0000 0.0000 0.0000	</row0>
			<row1>	0.0000 1.0000 0.0000 0.0000	</row1>
			<row2>	0.0000 0.0000 1.0000 0.0000	</row2>
			<row3>	0.0354 0.2985 -2.2408 1.0000	</row3>
		</transform>
	</node>
	<node>
		<identifier>	MP_RM295_Ventilation_INDEX_1	</identifier>
		<parent>	Scene Root	</parent>
		<transform>
			<row0>	1.0000 0.0000 0.0000 0.0000	</row0>
			<row1>	0.0000 1.0000 0.0000 0.0000	</row1>
			<row2>	0.0000 0.0000 1.0000 0.0000	</row2>
			<row3>	0.0000 0.2985 -2.2829 1.0000	</row3>
		</transform>
	</node>
	<node>
		<identifier>	MP_RM317_Sbomb_ejector	</identifier>
		<parent>	Scene Root	</parent>
		<transform>
			<row0>	0.0939 0.0000 0.9956 0.0000	</row0>
			<row1>	0.0000 1.0000 0.0000 0.0000	</row1>
			<row2>	-0.9956 0.0000 0.0939 0.0000	</row2>
			<row3>	0.2391 0.1532 -3.2934 1.0000	</row3>
		</transform>
	</node>
	<node>
		<identifier>	MP_RM317_Sbomb_ejector_INDEX_1	</identifier>
		<parent>	Scene Root	</parent>
		<transform>
			<row0>	0.0939 0.0000 -0.9956 0.0000	</row0>
			<row1>	0.0000 1.0000 0.0000 0.0000	</row1>
			<row2>	0.9956 0.0000 0.0939 0.0000	</row2>
			<row3>	-0.2391 0.1532 -3.2934 1.0000	</row3>
		</transform>
	</node>
	<node>
		<identifier>	MP_RM317_Sbomb_ejector_INDEX_2	</identifier>
		<parent>	Scene Root	</parent>
		<transform>
			<row0>	0.0939 0.0000 0.9956 0.0000	</row0>
			<row1>	0.0000 1.0000 0.0000 0.0000	</row1>
			<row2>	-0.9956 0.0000 0.0939 0.0000	</row2>
			<row3>	0.2430 0.1532 -3.2517 1.0000	</row3>
		</transform>
	</node>
	<node>
		<identifier>	MP_RM317_Sbomb_ejector_INDEX_3	</identifier>
		<parent>	Scene Root	</parent>
		<transform>
			<row0>	0.0939 0.0000 -0.9956 0.0000	</row0>
			<row1>	0.0000 1.0000 0.0000 0.0000	</row1>
			<row2>	0.9956 0.0000 0.0939 0.0000	</row2>
			<row3>	-0.2430 0.1532 -3.2517 1.0000	</row3>
		</transform>
	</node>
</RSD025_Minsk_1943_Stern.skel_ext>
