<ASC303_Hawaii_1955_MidFront_ports.visual>
	<skeleton>
		<node>
			<identifier>	Scene Root	</identifier>
			<transform>
				<row0>	1.0000 0.0000 0.0000 0.0000	</row0>
				<row1>	0.0000 1.0000 0.0000 0.0000	</row1>
				<row2>	0.0000 0.0000 1.0000 0.0000	</row2>
				<row3>	0.0000 0.0000 0.0000 1.0000	</row3>
			</transform>
			<node>
				<identifier>	MidFront_ports	</identifier>
				<transform>
					<row0>	1.0000 0.0000 0.0000 0.0000	</row0>
					<row1>	0.0000 1.0000 0.0000 0.0000	</row1>
					<row2>	0.0000 0.0000 1.0000 0.0000	</row2>
					<row3>	0.0000 0.0000 0.0000 1.0000	</row3>
				</transform>
				<node>
					<identifier>	HP_AGM_1	</identifier>
					<transform>
						<row0>	1.0000 0.0000 0.0000 0.0000	</row0>
						<row1>	0.0000 1.0000 0.0000 0.0000	</row1>
						<row2>	0.0000 0.0000 1.0000 0.0000	</row2>
						<row3>	0.1669 0.4066 5.1133 1.0000	</row3>
					</transform>
				</node>
				<node>
					<identifier>	HP_AGM_2	</identifier>
					<transform>
						<row0>	1.0000 0.0000 0.0000 0.0000	</row0>
						<row1>	0.0000 1.0000 0.0000 0.0000	</row1>
						<row2>	0.0000 0.0000 1.0000 0.0000	</row2>
						<row3>	-0.1661 0.5187 3.8470 1.0000	</row3>
					</transform>
				</node>
				<node>
					<identifier>	HP_ARS_1	</identifier>
					<transform>
						<row0>	1.0000 0.0000 0.0000 0.0000	</row0>
						<row1>	0.0000 1.0000 0.0000 0.0000	</row1>
						<row2>	0.0000 0.0000 1.0000 0.0000	</row2>
						<row3>	-0.0759 1.1869 5.8456 1.0000	</row3>
					</transform>
				</node>
				<node>
					<identifier>	HP_ARS_2	</identifier>
					<transform>
						<row0>	1.0000 0.0000 0.0000 0.0000	</row0>
						<row1>	0.0000 1.0000 0.0000 0.0000	</row1>
						<row2>	0.0000 0.0000 1.0000 0.0000	</row2>
						<row3>	0.0000 1.2110 5.8456 1.0000	</row3>
					</transform>
				</node>
				<node>
					<identifier>	HP_ARS_3	</identifier>
					<transform>
						<row0>	1.0000 0.0000 0.0000 0.0000	</row0>
						<row1>	0.0000 1.0000 0.0000 0.0000	</row1>
						<row2>	0.0000 0.0000 1.0000 0.0000	</row2>
						<row3>	0.0759 1.1869 5.8456 1.0000	</row3>
					</transform>
				</node>
				<node>
					<identifier>	HP_FX_Death_2	</identifier>
					<transform>
						<row0>	1.0000 0.0000 0.0000 0.0000	</row0>
						<row1>	0.0000 1.0000 0.0000 0.0000	</row1>
						<row2>	0.0000 0.0000 1.0000 0.0000	</row2>
						<row3>	0.0000 0.0000 0.2223 1.0000	</row3>
					</transform>
				</node>
				<node>
					<identifier>	HP_FX_Fire_2	</identifier>
					<transform>
						<row0>	1.0000 0.0000 0.0000 0.0000	</row0>
						<row1>	0.0000 1.0000 0.0000 0.0000	</row1>
						<row2>	0.0000 0.0000 1.0000 0.0000	</row2>
						<row3>	0.0000 1.3225 1.2943 1.0000	</row3>
					</transform>
				</node>
				<node>
					<identifier>	HP_FX_Fire_2_side_1	</identifier>
					<transform>
						<row0>	1.0000 0.0000 0.0000 0.0000	</row0>
						<row1>	0.0000 1.0000 0.0000 0.0000	</row1>
						<row2>	0.0000 0.0000 1.0000 0.0000	</row2>
						<row3>	-0.5778 0.5072 2.6394 1.0000	</row3>
					</transform>
				</node>
				<node>
					<identifier>	HP_FX_Fire_2_side_2	</identifier>
					<transform>
						<row0>	1.0000 0.0000 0.0000 0.0000	</row0>
						<row1>	0.0000 1.0000 0.0000 0.0000	</row1>
						<row2>	0.0000 0.0000 1.0000 0.0000	</row2>
						<row3>	0.7968 0.3805 0.1089 1.0000	</row3>
					</transform>
				</node>
				<node>
					<identifier>	HP_FX_FloodLight_left_1	</identifier>
					<transform>
						<row0>	-1.0000 0.0000 0.0000 0.0000	</row0>
						<row1>	0.0000 1.0000 0.0000 0.0000	</row1>
						<row2>	0.0000 0.0000 -1.0000 0.0000	</row2>
						<row3>	-0.6093 0.4105 1.5737 1.0000	</row3>
					</transform>
				</node>
				<node>
					<identifier>	HP_FX_FloodLight_right_1	</identifier>
					<transform>
						<row0>	1.0000 0.0000 0.0000 0.0000	</row0>
						<row1>	0.0000 1.0000 0.0000 0.0000	</row1>
						<row2>	0.0000 0.0000 1.0000 0.0000	</row2>
						<row3>	0.6090 0.4100 1.5740 1.0000	</row3>
					</transform>
				</node>
				<node>
					<identifier>	HP_FX_Flood_steam_left	</identifier>
					<transform>
						<row0>	-1.0000 0.0000 0.0000 0.0000	</row0>
						<row1>	0.0000 1.0000 0.0000 0.0000	</row1>
						<row2>	0.0000 0.0000 -1.0000 0.0000	</row2>
						<row3>	-0.6000 0.4083 1.5469 1.0000	</row3>
					</transform>
				</node>
				<node>
					<identifier>	HP_FX_Flood_water_left_3	</identifier>
					<transform>
						<row0>	-1.0000 0.0000 0.0000 0.0000	</row0>
						<row1>	0.0000 1.0000 0.0000 0.0000	</row1>
						<row2>	0.0000 0.0000 -1.0000 0.0000	</row2>
						<row3>	-0.8396 0.2663 2.1868 1.0000	</row3>
					</transform>
				</node>
				<node>
					<identifier>	HP_FX_Flood_water_right_2	</identifier>
					<transform>
						<row0>	1.0000 0.0000 0.0000 0.0000	</row0>
						<row1>	0.0000 1.0000 0.0000 0.0000	</row1>
						<row2>	0.0000 0.0000 1.0000 0.0000	</row2>
						<row3>	0.8579 0.2403 1.9068 1.0000	</row3>
					</transform>
				</node>
				<node>
					<identifier>	MP_AM001_Bollard_2	</identifier>
					<transform>
						<row0>	1.6561 0.0000 0.1845 0.0000	</row0>
						<row1>	0.0096 1.6640 -0.0863 0.0000	</row1>
						<row2>	-0.1843 0.0868 1.6538 0.0000	</row2>
						<row3>	0.4742 0.4047 5.4906 1.0000	</row3>
					</transform>
				</node>
				<node>
					<identifier>	MP_AM001_Bollard_2_INDEX_1	</identifier>
					<transform>
						<row0>	1.6487 0.0030 0.2414 0.0000	</row0>
						<row1>	0.0125 1.6629 -0.1057 0.0000	</row1>
						<row2>	-0.2411 0.1064 1.6453 0.0000	</row2>
						<row3>	0.2877 0.4946 7.0187 1.0000	</row3>
					</transform>
				</node>
				<node>
					<identifier>	MP_AM001_Bollard_2_INDEX_2	</identifier>
					<transform>
						<row0>	1.6663 0.0000 0.0000 0.0000	</row0>
						<row1>	0.0000 1.6628 -0.1081 0.0000	</row1>
						<row2>	0.0000 0.1081 1.6628 0.0000	</row2>
						<row3>	0.0000 0.5636 8.1056 1.0000	</row3>
					</transform>
				</node>
				<node>
					<identifier>	MP_AM001_Bollard_2_INDEX_3	</identifier>
					<transform>
						<row0>	1.6592 -0.0016 0.1539 0.0000	</row0>
						<row1>	0.0064 1.6655 -0.0516 0.0000	</row1>
						<row2>	-0.1537 0.0519 1.6584 0.0000	</row2>
						<row3>	0.6490 0.3447 3.9800 1.0000	</row3>
					</transform>
				</node>
				<node>
					<identifier>	MP_AM001_Bollard_2_INDEX_4	</identifier>
					<transform>
						<row0>	1.6561 0.0000 -0.1845 0.0000	</row0>
						<row1>	-0.0096 1.6640 -0.0863 0.0000	</row1>
						<row2>	0.1843 0.0868 1.6538 0.0000	</row2>
						<row3>	-0.4742 0.4047 5.4906 1.0000	</row3>
					</transform>
				</node>
				<node>
					<identifier>	MP_AM001_Bollard_2_INDEX_5	</identifier>
					<transform>
						<row0>	1.6487 -0.0030 -0.2414 0.0000	</row0>
						<row1>	-0.0125 1.6629 -0.1057 0.0000	</row1>
						<row2>	0.2411 0.1064 1.6453 0.0000	</row2>
						<row3>	-0.2877 0.4946 7.0187 1.0000	</row3>
					</transform>
				</node>
				<node>
					<identifier>	MP_AM001_Bollard_2_INDEX_6	</identifier>
					<transform>
						<row0>	1.6592 0.0016 -0.1539 0.0000	</row0>
						<row1>	-0.0064 1.6655 -0.0516 0.0000	</row1>
						<row2>	0.1537 0.0519 1.6584 0.0000	</row2>
						<row3>	-0.6490 0.3447 3.9800 1.0000	</row3>
					</transform>
				</node>
				<node>
					<identifier>	MP_AM002_Fairlead_3	</identifier>
					<transform>
						<row0>	-0.2548 0.1114 1.9354 0.0000	</row0>
						<row1>	0.0145 1.9521 -0.1104 0.0000	</row1>
						<row2>	-1.9385 0.0000 -0.2552 0.0000	</row2>
						<row3>	0.3661 0.4787 6.7481 1.0000	</row3>
					</transform>
				</node>
				<node>
					<identifier>	MP_AM002_Fairlead_3_INDEX_1	</identifier>
					<transform>
						<row0>	-0.2548 -0.1114 -1.9354 0.0000	</row0>
						<row1>	-0.0145 1.9521 -0.1104 0.0000	</row1>
						<row2>	1.9385 0.0000 -0.2552 0.0000	</row2>
						<row3>	-0.3661 0.4787 6.7481 1.0000	</row3>
					</transform>
				</node>
				<node>
					<identifier>	MP_AM003_Fairlead_1	</identifier>
					<transform>
						<row0>	0.9446 0.0000 0.3281 0.0000	</row0>
						<row1>	0.0187 0.9984 -0.0539 0.0000	</row1>
						<row2>	-0.3276 0.0571 0.9431 0.0000	</row2>
						<row3>	0.1353 0.5594 8.0318 1.0000	</row3>
					</transform>
				</node>
				<node>
					<identifier>	MP_AM003_Fairlead_1_INDEX_1	</identifier>
					<transform>
						<row0>	0.9446 0.0000 -0.3281 0.0000	</row0>
						<row1>	-0.0187 0.9984 -0.0539 0.0000	</row1>
						<row2>	0.3276 0.0571 0.9431 0.0000	</row2>
						<row3>	-0.1353 0.5594 8.0318 1.0000	</row3>
					</transform>
				</node>
				<node>
					<identifier>	MP_AM004_Fairlead_2	</identifier>
					<transform>
						<row0>	-0.3295 0.1318 2.0328 0.0000	</row0>
						<row1>	-0.0073 2.0591 -0.1347 0.0000	</row1>
						<row2>	-2.0371 -0.0287 -0.3283 0.0000	</row2>
						<row3>	0.2964 0.5114 7.2729 1.0000	</row3>
					</transform>
				</node>
				<node>
					<identifier>	MP_AM004_Fairlead_2_INDEX_1	</identifier>
					<transform>
						<row0>	-0.2324 0.1061 2.0477 0.0000	</row0>
						<row1>	-0.0104 2.0607 -0.1080 0.0000	</row1>
						<row2>	-2.0504 -0.0224 -0.2316 0.0000	</row2>
						<row3>	0.4938 0.4195 5.7295 1.0000	</row3>
					</transform>
				</node>
				<node>
					<identifier>	MP_AM004_Fairlead_2_INDEX_2	</identifier>
					<transform>
						<row0>	-0.2204 0.0966 2.0495 0.0000	</row0>
						<row1>	-0.0114 2.0612 -0.0984 0.0000	</row1>
						<row2>	-2.0517 -0.0218 -0.2196 0.0000	</row2>
						<row3>	0.5529 0.3920 5.2002 1.0000	</row3>
					</transform>
				</node>
				<node>
					<identifier>	MP_AM004_Fairlead_2_INDEX_3	</identifier>
					<transform>
						<row0>	-0.1959 0.0715 2.0530 0.0000	</row0>
						<row1>	-0.0138 2.0622 -0.0731 0.0000	</row1>
						<row2>	-2.0542 -0.0207 -0.1953 0.0000	</row2>
						<row3>	0.6467 0.3562 4.3124 1.0000	</row3>
					</transform>
				</node>
				<node>
					<identifier>	MP_AM004_Fairlead_2_INDEX_4	</identifier>
					<transform>
						<row0>	-0.1958 0.0590 2.0534 0.0000	</row0>
						<row1>	-0.0150 2.0626 -0.0607 0.0000	</row1>
						<row2>	-2.0542 -0.0207 -0.1953 0.0000	</row2>
						<row3>	0.7121 0.3350 3.6325 1.0000	</row3>
					</transform>
				</node>
				<node>
					<identifier>	MP_AM004_Fairlead_2_INDEX_5	</identifier>
					<transform>
						<row0>	-0.3295 -0.1318 -2.0328 0.0000	</row0>
						<row1>	0.0073 2.0591 -0.1347 0.0000	</row1>
						<row2>	2.0371 -0.0287 -0.3283 0.0000	</row2>
						<row3>	-0.2964 0.5114 7.2729 1.0000	</row3>
					</transform>
				</node>
				<node>
					<identifier>	MP_AM004_Fairlead_2_INDEX_6	</identifier>
					<transform>
						<row0>	-0.1959 -0.0715 -2.0530 0.0000	</row0>
						<row1>	0.0138 2.0622 -0.0731 0.0000	</row1>
						<row2>	2.0542 -0.0207 -0.1953 0.0000	</row2>
						<row3>	-0.6467 0.3562 4.3124 1.0000	</row3>
					</transform>
				</node>
				<node>
					<identifier>	MP_AM004_Fairlead_2_INDEX_7	</identifier>
					<transform>
						<row0>	-0.1958 -0.0590 -2.0534 0.0000	</row0>
						<row1>	0.0150 2.0626 -0.0607 0.0000	</row1>
						<row2>	2.0542 -0.0207 -0.1953 0.0000	</row2>
						<row3>	-0.7121 0.3350 3.6325 1.0000	</row3>
					</transform>
				</node>
				<node>
					<identifier>	MP_AM004_Fairlead_2_INDEX_8	</identifier>
					<transform>
						<row0>	-0.2204 -0.0966 -2.0495 0.0000	</row0>
						<row1>	0.0114 2.0612 -0.0984 0.0000	</row1>
						<row2>	2.0517 -0.0218 -0.2196 0.0000	</row2>
						<row3>	-0.5529 0.3920 5.2002 1.0000	</row3>
					</transform>
				</node>
				<node>
					<identifier>	MP_AM004_Fairlead_2_INDEX_9	</identifier>
					<transform>
						<row0>	-0.2324 -0.1061 -2.0477 0.0000	</row0>
						<row1>	0.0104 2.0607 -0.1080 0.0000	</row1>
						<row2>	2.0504 -0.0224 -0.2316 0.0000	</row2>
						<row3>	-0.4938 0.4195 5.7295 1.0000	</row3>
					</transform>
				</node>
				<node>
					<identifier>	MP_AM007_Reels_2	</identifier>
					<transform>
						<row0>	0.1379 0.0000 -0.9904 0.0000	</row0>
						<row1>	0.0000 1.0000 0.0000 0.0000	</row1>
						<row2>	0.9904 0.0000 0.1379 0.0000	</row2>
						<row3>	0.5008 0.4147 3.6884 1.0000	</row3>
					</transform>
				</node>
				<node>
					<identifier>	MP_AM007_Reels_2_INDEX_1	</identifier>
					<transform>
						<row0>	0.1379 0.0000 0.9904 0.0000	</row0>
						<row1>	0.0000 1.0000 0.0000 0.0000	</row1>
						<row2>	-0.9904 0.0000 0.1379 0.0000	</row2>
						<row3>	-0.5008 0.4147 3.6884 1.0000	</row3>
					</transform>
				</node>
				<node>
					<identifier>	MP_AM021_Ventilators_3	</identifier>
					<transform>
						<row0>	1.0000 0.0000 0.0000 0.0000	</row0>
						<row1>	0.0000 1.0000 0.0000 0.0000	</row1>
						<row2>	0.0000 0.0000 1.0000 0.0000	</row2>
						<row3>	-0.1991 0.3910 5.2469 1.0000	</row3>
					</transform>
				</node>
				<node>
					<identifier>	MP_AM021_Ventilators_3_INDEX_1	</identifier>
					<transform>
						<row0>	1.0000 0.0000 0.0000 0.0000	</row0>
						<row1>	0.0000 1.0000 0.0000 0.0000	</row1>
						<row2>	0.0000 0.0000 1.0000 0.0000	</row2>
						<row3>	-0.3004 0.3739 4.8470 1.0000	</row3>
					</transform>
				</node>
				<node>
					<identifier>	MP_AM021_Ventilators_3_INDEX_2	</identifier>
					<transform>
						<row0>	1.0000 0.0000 0.0000 0.0000	</row0>
						<row1>	0.0000 1.0000 0.0000 0.0000	</row1>
						<row2>	0.0000 0.0000 1.0000 0.0000	</row2>
						<row3>	0.1333 0.5089 4.1133 1.0000	</row3>
					</transform>
				</node>
				<node>
					<identifier>	MP_AM023_Hatch_1	</identifier>
					<transform>
						<row0>	0.0000 0.0000 1.0000 0.0000	</row0>
						<row1>	0.0000 1.0000 0.0000 0.0000	</row1>
						<row2>	-1.0000 0.0000 0.0000 0.0000	</row2>
						<row3>	0.3010 0.3768 4.8972 1.0000	</row3>
					</transform>
				</node>
				<node>
					<identifier>	MP_AM023_Hatch_1_INDEX_1	</identifier>
					<transform>
						<row0>	0.0000 0.0189 0.9998 0.0000	</row0>
						<row1>	0.0000 0.9998 -0.0189 0.0000	</row1>
						<row2>	-1.0000 0.0000 0.0000 0.0000	</row2>
						<row3>	-0.2329 0.5021 3.6129 1.0000	</row3>
					</transform>
				</node>
				<node>
					<identifier>	MP_AM049_Signal_Lamp_1	</identifier>
					<transform>
						<row0>	0.0000 0.0000 -1.0000 0.0000	</row0>
						<row1>	0.0000 1.0000 0.0000 0.0000	</row1>
						<row2>	1.0000 0.0000 0.0000 0.0000	</row2>
						<row3>	0.0000 1.1562 5.9539 1.0000	</row3>
					</transform>
				</node>
				<node>
					<identifier>	MP_AM049_Signal_Lamp_1_INDEX_1	</identifier>
					<transform>
						<row0>	1.0000 0.0000 0.0000 0.0000	</row0>
						<row1>	0.0000 1.0000 0.0000 0.0000	</row1>
						<row2>	0.0000 0.0000 1.0000 0.0000	</row2>
						<row3>	0.0000 1.0822 8.3211 1.0000	</row3>
					</transform>
				</node>
				<node>
					<identifier>	MP_AM059_Boat_5	</identifier>
					<transform>
						<row0>	1.0000 0.0000 0.0000 0.0000	</row0>
						<row1>	0.0000 0.9987 -0.0517 0.0000	</row1>
						<row2>	0.0000 0.0517 0.9987 0.0000	</row2>
						<row3>	-0.2782 0.4087 5.5136 1.0000	</row3>
					</transform>
				</node>
				<node>
					<identifier>	MP_AM059_Boat_5_INDEX_1	</identifier>
					<transform>
						<row0>	1.0000 -0.0002 0.0000 0.0000	</row0>
						<row1>	0.0002 0.9987 -0.0517 0.0000	</row1>
						<row2>	0.0000 0.0517 0.9987 0.0000	</row2>
						<row3>	-0.1664 0.4087 5.5136 1.0000	</row3>
					</transform>
				</node>
				<node>
					<identifier>	MP_AM071_Signal_Lamp_2	</identifier>
					<transform>
						<row0>	1.0000 0.0000 0.0000 0.0000	</row0>
						<row1>	0.0000 1.0000 0.0000 0.0000	</row1>
						<row2>	0.0000 0.0000 1.0000 0.0000	</row2>
						<row3>	0.0000 0.7344 8.3340 1.0000	</row3>
					</transform>
				</node>
				<node>
					<identifier>	MP_AM108_Reels_4	</identifier>
					<transform>
						<row0>	1.0000 0.0000 0.0000 0.0000	</row0>
						<row1>	0.0000 0.9990 -0.0440 0.0000	</row1>
						<row2>	0.0000 0.0440 0.9990 0.0000	</row2>
						<row3>	-0.1544 0.3726 4.7131 1.0000	</row3>
					</transform>
				</node>
				<node>
					<identifier>	MP_AM108_Reels_4_INDEX_1	</identifier>
					<transform>
						<row0>	1.0000 0.0000 0.0000 0.0000	</row0>
						<row1>	0.0000 0.9998 -0.0189 0.0000	</row1>
						<row2>	0.0000 0.0189 0.9998 0.0000	</row2>
						<row3>	0.2458 0.5009 3.5127 1.0000	</row3>
					</transform>
				</node>
				<node>
					<identifier>	MP_AM114_Freon_Cylinder_acetylene	</identifier>
					<transform>
						<row0>	0.0000 0.0000 -1.0000 0.0000	</row0>
						<row1>	0.0000 1.0000 0.0000 0.0000	</row1>
						<row2>	1.0000 0.0000 0.0000 0.0000	</row2>
						<row3>	-0.0386 0.3701 4.6928 1.0000	</row3>
					</transform>
				</node>
				<node>
					<identifier>	MP_AM136_Boat_10	</identifier>
					<transform>
						<row0>	1.0000 0.0000 0.0000 0.0000	</row0>
						<row1>	0.0000 0.9998 -0.0189 0.0000	</row1>
						<row2>	0.0000 0.0189 0.9998 0.0000	</row2>
						<row3>	0.1659 0.5071 3.8456 1.0000	</row3>
					</transform>
				</node>
				<node>
					<identifier>	MP_AM136_Boat_10_INDEX_1	</identifier>
					<transform>
						<row0>	1.0000 0.0000 0.0000 0.0000	</row0>
						<row1>	0.0000 0.9998 -0.0189 0.0000	</row1>
						<row2>	0.0000 0.0189 0.9998 0.0000	</row2>
						<row3>	0.3088 0.5071 3.8456 1.0000	</row3>
					</transform>
				</node>
				<node>
					<identifier>	MP_AM161_Anchor_top	</identifier>
					<transform>
						<row0>	-0.9467 -0.3992 -0.4987 0.0000	</row0>
						<row1>	0.3341 0.4505 -0.9948 0.0000	</row1>
						<row2>	0.5444 -0.9705 -0.2567 0.0000	</row2>
						<row3>	-0.2076 0.4190 7.7729 1.0000	</row3>
					</transform>
				</node>
				<node>
					<identifier>	MP_AM161_Anchor_top_INDEX_1	</identifier>
					<transform>
						<row0>	-0.9467 0.3992 0.4987 0.0000	</row0>
						<row1>	-0.3341 0.4505 -0.9948 0.0000	</row1>
						<row2>	-0.5444 -0.9705 -0.2567 0.0000	</row2>
						<row3>	0.2076 0.4190 7.7729 1.0000	</row3>
					</transform>
				</node>
				<node>
					<identifier>	MP_AM162_Anchor_down	</identifier>
					<transform>
						<row0>	-1.1122 0.6136 0.0456 0.0000	</row0>
						<row1>	0.1282 0.3232 -1.2225 0.0000	</row1>
						<row2>	-0.6018 -1.0651 -0.3447 0.0000	</row2>
						<row3>	0.2084 0.4243 7.7536 1.0000	</row3>
					</transform>
				</node>
				<node>
					<identifier>	MP_AM162_Anchor_down_INDEX_1	</identifier>
					<transform>
						<row0>	-1.1122 -0.6136 -0.0456 0.0000	</row0>
						<row1>	-0.1282 0.3232 -1.2225 0.0000	</row1>
						<row2>	0.6018 -1.0651 -0.3447 0.0000	</row2>
						<row3>	-0.2084 0.4243 7.7536 1.0000	</row3>
					</transform>
				</node>
				<node>
					<identifier>	MP_AM2047_Floater_Net_Basket_Big	</identifier>
					<transform>
						<row0>	0.5125 0.0314 0.8581 0.0000	</row0>
						<row1>	-0.0161 0.9995 -0.0270 0.0000	</row1>
						<row2>	-0.8585 0.0000 0.5128 0.0000	</row2>
						<row3>	-0.2951 0.3620 4.4740 1.0000	</row3>
					</transform>
				</node>
				<node>
					<identifier>	MP_AM2047_Floater_Net_Basket_Big_INDEX_1	</identifier>
					<transform>
						<row0>	0.5125 0.0314 0.8581 0.0000	</row0>
						<row1>	-0.0161 0.9995 -0.0270 0.0000	</row1>
						<row2>	-0.8585 0.0000 0.5128 0.0000	</row2>
						<row3>	-0.3604 0.3580 4.3647 1.0000	</row3>
					</transform>
				</node>
				<node>
					<identifier>	MP_AM2047_Floater_Net_Basket_Big_INDEX_2	</identifier>
					<transform>
						<row0>	0.5125 0.0314 0.8581 0.0000	</row0>
						<row1>	-0.0161 0.9995 -0.0270 0.0000	</row1>
						<row2>	-0.8585 0.0000 0.5128 0.0000	</row2>
						<row3>	-0.4259 0.3540 4.2556 1.0000	</row3>
					</transform>
				</node>
				<node>
					<identifier>	MP_AM2047_Floater_Net_Basket_Big_INDEX_3	</identifier>
					<transform>
						<row0>	0.5124 -0.0375 -0.8579 0.0000	</row0>
						<row1>	0.0192 0.9993 -0.0322 0.0000	</row1>
						<row2>	0.8585 0.0000 0.5128 0.0000	</row2>
						<row3>	0.2957 0.3620 4.4731 1.0000	</row3>
					</transform>
				</node>
				<node>
					<identifier>	MP_AM2047_Floater_Net_Basket_Big_INDEX_4	</identifier>
					<transform>
						<row0>	0.5125 -0.0314 -0.8581 0.0000	</row0>
						<row1>	0.0161 0.9995 -0.0270 0.0000	</row1>
						<row2>	0.8585 0.0000 0.5128 0.0000	</row2>
						<row3>	0.3609 0.3579 4.3639 1.0000	</row3>
					</transform>
				</node>
				<node>
					<identifier>	MP_AM2047_Floater_Net_Basket_Big_INDEX_5	</identifier>
					<transform>
						<row0>	0.5125 -0.0314 -0.8581 0.0000	</row0>
						<row1>	0.0161 0.9995 -0.0270 0.0000	</row1>
						<row2>	0.8585 0.0000 0.5128 0.0000	</row2>
						<row3>	0.4264 0.3542 4.2548 1.0000	</row3>
					</transform>
				</node>
				<node>
					<identifier>	MP_AM303_Hatch	</identifier>
					<transform>
						<row0>	1.0000 0.0000 0.0000 0.0000	</row0>
						<row1>	0.0000 1.0000 0.0000 0.0000	</row1>
						<row2>	0.0000 0.0000 1.0000 0.0000	</row2>
						<row3>	0.0000 0.3697 4.9138 1.0000	</row3>
					</transform>
				</node>
				<node>
					<identifier>	MP_AM549_Life_Buoy	</identifier>
					<transform>
						<row0>	-0.9904 -0.0011 -0.1381 0.0000	</row0>
						<row1>	0.0011 0.9999 -0.0163 0.0000	</row1>
						<row2>	0.1381 -0.0163 -0.9903 0.0000	</row2>
						<row3>	0.5314 0.4178 3.5199 1.0000	</row3>
					</transform>
				</node>
				<node>
					<identifier>	MP_AM549_Life_Buoy_INDEX_1	</identifier>
					<transform>
						<row0>	-0.9904 0.0011 0.1381 0.0000	</row0>
						<row1>	-0.0011 0.9999 -0.0163 0.0000	</row1>
						<row2>	-0.1381 -0.0163 -0.9903 0.0000	</row2>
						<row3>	-0.5248 0.4178 3.5189 1.0000	</row3>
					</transform>
				</node>
				<node>
					<identifier>	MP_AM720_Helmets_Rack	</identifier>
					<transform>
						<row0>	1.0000 0.0000 0.0000 0.0000	</row0>
						<row1>	0.0000 1.0000 0.0000 0.0000	</row1>
						<row2>	0.0000 0.0000 1.0000 0.0000	</row2>
						<row3>	-0.1345 0.4277 4.5128 1.0000	</row3>
					</transform>
				</node>
				<node>
					<identifier>	MP_AM735_Hatch	</identifier>
					<transform>
						<row0>	1.0000 0.0000 0.0000 0.0000	</row0>
						<row1>	0.0000 0.9998 -0.0189 0.0000	</row1>
						<row2>	0.0000 0.0189 0.9998 0.0000	</row2>
						<row3>	0.0000 0.4809 3.6482 1.0000	</row3>
					</transform>
				</node>
				<node>
					<identifier>	MP_CM012_Fire_Hose_Rack_1	</identifier>
					<transform>
						<row0>	-0.9904 0.0000 -0.1379 0.0000	</row0>
						<row1>	0.0000 1.0000 0.0000 0.0000	</row1>
						<row2>	0.1379 0.0000 -0.9904 0.0000	</row2>
						<row3>	0.4575 0.4147 4.0015 1.0000	</row3>
					</transform>
				</node>
				<node>
					<identifier>	MP_CM012_Fire_Hose_Rack_1_INDEX_1	</identifier>
					<transform>
						<row0>	0.9904 0.0000 -0.1379 0.0000	</row0>
						<row1>	0.0000 1.0000 0.0000 0.0000	</row1>
						<row2>	0.1379 0.0000 0.9904 0.0000	</row2>
						<row3>	-0.4575 0.4147 4.0015 1.0000	</row3>
					</transform>
				</node>
				<node>
					<identifier>	MP_CM029_Emergency_Box	</identifier>
					<transform>
						<row0>	-0.1379 0.0000 0.9904 0.0000	</row0>
						<row1>	0.0000 1.0000 0.0000 0.0000	</row1>
						<row2>	-0.9904 0.0000 -0.1379 0.0000	</row2>
						<row3>	0.4483 0.4165 4.1104 1.0000	</row3>
					</transform>
				</node>
				<node>
					<identifier>	MP_CM029_Emergency_Box_INDEX_1	</identifier>
					<transform>
						<row0>	-0.1379 0.0000 -0.9904 0.0000	</row0>
						<row1>	0.0000 1.0000 0.0000 0.0000	</row1>
						<row2>	0.9904 0.0000 -0.1379 0.0000	</row2>
						<row3>	-0.4483 0.4165 4.1104 1.0000	</row3>
					</transform>
				</node>
				<node>
					<identifier>	MP_CM030_Swab_Rack_2	</identifier>
					<transform>
						<row0>	1.0000 0.0000 0.0000 0.0000	</row0>
						<row1>	0.0000 1.0000 0.0000 0.0000	</row1>
						<row2>	0.0000 0.0000 1.0000 0.0000	</row2>
						<row3>	0.0000 0.3636 4.5126 1.0000	</row3>
					</transform>
				</node>
				<node>
					<identifier>	MP_CM156_Fire_Fighting_Gear	</identifier>
					<transform>
						<row0>	-0.9975 0.0024 0.0712 0.0000	</row0>
						<row1>	0.0000 0.9995 -0.0330 0.0000	</row1>
						<row2>	-0.0712 -0.0330 -0.9969 0.0000	</row2>
						<row3>	0.4708 0.3475 4.0396 1.0000	</row3>
					</transform>
				</node>
				<node>
					<identifier>	MP_CM156_Fire_Fighting_Gear_INDEX_1	</identifier>
					<transform>
						<row0>	-0.9904 -0.0046 0.1379 0.0000	</row0>
						<row1>	-0.0090 0.9995 -0.0318 0.0000	</row1>
						<row2>	-0.1377 -0.0327 -0.9899 0.0000	</row2>
						<row3>	-0.4708 0.3475 4.0396 1.0000	</row3>
					</transform>
				</node>
				<node>
					<identifier>	SP_YMS001_YHBM_M_1	</identifier>
					<transform>
						<row0>	1.0500 0.0000 0.0000 0.0000	</row0>
						<row1>	0.0000 1.0461 0.0908 0.0000	</row1>
						<row2>	0.0000 -0.0908 1.0461 0.0000	</row2>
						<row3>	0.0000 0.5850 8.3008 1.0000	</row3>
					</transform>
				</node>
				<node>
					<identifier>	SP_YMS002_YHBL_M_1	</identifier>
					<transform>
						<row0>	0.9997 0.0000 -0.0237 0.0000	</row0>
						<row1>	-0.0016 0.9979 -0.0645 0.0000	</row1>
						<row2>	0.0236 0.0645 0.9976 0.0000	</row2>
						<row3>	0.0020 0.5902 8.2702 1.0000	</row3>
					</transform>
				</node>
				<node>
					<identifier>	SP_YMS003_YHBR_M_1	</identifier>
					<transform>
						<row0>	0.9997 0.0000 0.0237 0.0000	</row0>
						<row1>	0.0016 0.9979 -0.0645 0.0000	</row1>
						<row2>	-0.0236 0.0645 0.9976 0.0000	</row2>
						<row3>	0.0020 0.5902 8.2703 1.0000	</row3>
					</transform>
				</node>
				<node>
					<identifier>	SP_YMS004_YHXL_L_1	</identifier>
					<transform>
						<row0>	0.8587 0.4852 -0.1651 0.0000	</row0>
						<row1>	-0.4585 0.8712 0.1754 0.0000	</row1>
						<row2>	0.2289 -0.0749 0.9706 0.0000	</row2>
						<row3>	-0.1464 0.4224 7.7479 1.0000	</row3>
					</transform>
				</node>
				<node>
					<identifier>	SP_YMS005_YHXR_L_1	</identifier>
					<transform>
						<row0>	0.8587 -0.4852 0.1651 0.0000	</row0>
						<row1>	0.4585 0.8712 0.1754 0.0000	</row1>
						<row2>	-0.2289 -0.0749 0.9706 0.0000	</row2>
						<row3>	0.1464 0.4224 7.7479 1.0000	</row3>
					</transform>
				</node>
				<node>
					<identifier>	SP_YMS010_YHWM_L_1	</identifier>
					<transform>
						<row0>	1.0178 0.0000 0.0000 0.0000	</row0>
						<row1>	0.0000 1.0178 0.0000 0.0000	</row1>
						<row2>	0.0000 0.0000 1.0178 0.0000	</row2>
						<row3>	0.0000 0.0000 8.0323 1.0000	</row3>
					</transform>
				</node>
				<node>
					<identifier>	SP_YMS011_YHWL_M_1	</identifier>
					<transform>
						<row0>	0.9884 0.0000 -0.1517 0.0000	</row0>
						<row1>	0.0000 1.0000 0.0000 0.0000	</row1>
						<row2>	0.1517 0.0000 0.9884 0.0000	</row2>
						<row3>	-0.2357 0.0000 6.3577 1.0000	</row3>
					</transform>
				</node>
				<node>
					<identifier>	SP_YMS011_YHWL_M_1_INDEX_1	</identifier>
					<transform>
						<row0>	0.9860 0.0000 -0.1667 0.0000	</row0>
						<row1>	0.0000 1.0000 0.0000 0.0000	</row1>
						<row2>	0.1667 0.0000 0.9860 0.0000	</row2>
						<row3>	-0.3667 0.0000 5.5186 1.0000	</row3>
					</transform>
				</node>
				<node>
					<identifier>	SP_YMS011_YHWL_M_1_INDEX_2	</identifier>
					<transform>
						<row0>	0.9838 0.0000 -0.1791 0.0000	</row0>
						<row1>	0.0000 1.0000 0.0000 0.0000	</row1>
						<row2>	0.1791 0.0000 0.9838 0.0000	</row2>
						<row3>	-0.5164 0.0000 4.6826 1.0000	</row3>
					</transform>
				</node>
				<node>
					<identifier>	SP_YMS011_YHWL_M_1_INDEX_3	</identifier>
					<transform>
						<row0>	0.9892 0.0000 -0.1468 0.0000	</row0>
						<row1>	0.0000 1.0000 0.0000 0.0000	</row1>
						<row2>	0.1468 0.0000 0.9892 0.0000	</row2>
						<row3>	-0.6557 0.0000 3.8444 1.0000	</row3>
					</transform>
				</node>
				<node>
					<identifier>	SP_YMS012_YHWR_M_1	</identifier>
					<transform>
						<row0>	0.9884 0.0000 0.1517 0.0000	</row0>
						<row1>	0.0000 1.0000 0.0000 0.0000	</row1>
						<row2>	-0.1517 0.0000 0.9884 0.0000	</row2>
						<row3>	0.2357 0.0000 6.3577 1.0000	</row3>
					</transform>
				</node>
				<node>
					<identifier>	SP_YMS012_YHWR_M_1_INDEX_1	</identifier>
					<transform>
						<row0>	0.9860 0.0000 0.1667 0.0000	</row0>
						<row1>	0.0000 1.0000 0.0000 0.0000	</row1>
						<row2>	-0.1667 0.0000 0.9860 0.0000	</row2>
						<row3>	0.3667 0.0000 5.5186 1.0000	</row3>
					</transform>
				</node>
				<node>
					<identifier>	SP_YMS012_YHWR_M_1_INDEX_2	</identifier>
					<transform>
						<row0>	0.9838 0.0000 0.1791 0.0000	</row0>
						<row1>	0.0000 1.0000 0.0000 0.0000	</row1>
						<row2>	-0.1791 0.0000 0.9838 0.0000	</row2>
						<row3>	0.5164 0.0000 4.6826 1.0000	</row3>
					</transform>
				</node>
				<node>
					<identifier>	SP_YMS012_YHWR_M_1_INDEX_3	</identifier>
					<transform>
						<row0>	0.9892 0.0000 0.1468 0.0000	</row0>
						<row1>	0.0000 1.0000 0.0000 0.0000	</row1>
						<row2>	-0.1468 0.0000 0.9892 0.0000	</row2>
						<row3>	0.6557 0.0000 3.8444 1.0000	</row3>
					</transform>
				</node>
				<node>
					<identifier>	SP_YMS020_YHBU_M_1	</identifier>
					<transform>
						<row0>	1.6255 0.0000 0.0000 0.0000	</row0>
						<row1>	0.0000 1.6233 -0.0851 0.0000	</row1>
						<row2>	0.0000 0.0851 1.6233 0.0000	</row2>
						<row3>	0.0000 0.0000 7.9307 1.0000	</row3>
					</transform>
				</node>
				<node>
					<identifier>	SP_YMS051_YHDL_L_1	</identifier>
					<transform>
						<row0>	0.9899 0.0000 -0.0984 0.0000	</row0>
						<row1>	-0.0037 0.9941 -0.0368 0.0000	</row1>
						<row2>	0.0984 0.0370 0.9892 0.0000	</row2>
						<row3>	-0.6318 0.3740 4.7102 1.0000	</row3>
					</transform>
				</node>
				<node>
					<identifier>	SP_YMS052_YHDR_L_1	</identifier>
					<transform>
						<row0>	0.9899 0.0000 0.0984 0.0000	</row0>
						<row1>	0.0037 0.9941 -0.0368 0.0000	</row1>
						<row2>	-0.0984 0.0370 0.9892 0.0000	</row2>
						<row3>	0.6318 0.3740 4.7102 1.0000	</row3>
					</transform>
				</node>
				<node>
					<identifier>	SP_YMS053_YHDC_S_1	</identifier>
					<transform>
						<row0>	1.0000 0.0000 0.0000 0.0000	</row0>
						<row1>	0.0000 0.9987 -0.0502 0.0000	</row1>
						<row2>	0.0000 0.0502 0.9987 0.0000	</row2>
						<row3>	0.0000 0.5171 7.1070 1.0000	</row3>
					</transform>
				</node>
				<node>
					<identifier>	SP_YMS053_YHDC_S_1_INDEX_1	</identifier>
					<transform>
						<row0>	1.0000 0.0000 0.0000 0.0000	</row0>
						<row1>	0.0000 0.9993 -0.0370 0.0000	</row1>
						<row2>	0.0000 0.0370 0.9993 0.0000	</row2>
						<row3>	0.2004 0.5333 4.3155 1.0000	</row3>
					</transform>
				</node>
				<node>
					<identifier>	SP_YMS053_YHDC_S_1_INDEX_2	</identifier>
					<transform>
						<row0>	1.0000 0.0000 0.0000 0.0000	</row0>
						<row1>	0.0000 0.9993 -0.0370 0.0000	</row1>
						<row2>	0.0000 0.0370 0.9993 0.0000	</row2>
						<row3>	-0.2004 0.5333 4.3155 1.0000	</row3>
					</transform>
				</node>
				<node>
					<identifier>	SP_YMS071_YHHC_S_1	</identifier>
					<transform>
						<row0>	-0.3125 0.9499 -0.0038 0.0000	</row0>
						<row1>	-0.9431 -0.3098 0.1204 0.0000	</row1>
						<row2>	0.1132 0.0412 0.9927 0.0000	</row2>
						<row3>	-0.6787 0.2496 3.8849 1.0000	</row3>
					</transform>
				</node>
				<node>
					<identifier>	SP_YMS071_YHHC_S_1_INDEX_1	</identifier>
					<transform>
						<row0>	-0.3125 -0.9499 0.0038 0.0000	</row0>
						<row1>	0.9431 -0.3098 0.1204 0.0000	</row1>
						<row2>	-0.1132 0.0412 0.9927 0.0000	</row2>
						<row3>	0.6787 0.2496 3.8849 1.0000	</row3>
					</transform>
				</node>
				<node>
					<identifier>	SP_YMS080_YHSL_M_1	</identifier>
					<transform>
						<row0>	0.8265 0.5584 -0.0718 0.0000	</row0>
						<row1>	-0.5524 0.8290 0.0874 0.0000	</row1>
						<row2>	0.1083 -0.0326 0.9936 0.0000	</row2>
						<row3>	-0.2869 0.2953 6.3455 1.0000	</row3>
					</transform>
				</node>
				<node>
					<identifier>	SP_YMS080_YHSL_M_1_INDEX_1	</identifier>
					<transform>
						<row0>	0.9007 0.4163 -0.1246 0.0000	</row0>
						<row1>	-0.4106 0.9092 0.0696 0.0000	</row1>
						<row2>	0.1422 -0.0115 0.9898 0.0000	</row2>
						<row3>	-0.5160 0.2510 4.7961 1.0000	</row3>
					</transform>
				</node>
				<node>
					<identifier>	SP_YMS081_YHSR_M_1	</identifier>
					<transform>
						<row0>	0.8265 -0.5584 0.0718 0.0000	</row0>
						<row1>	0.5524 0.8290 0.0874 0.0000	</row1>
						<row2>	-0.1083 -0.0326 0.9936 0.0000	</row2>
						<row3>	0.2869 0.2953 6.3455 1.0000	</row3>
					</transform>
				</node>
				<node>
					<identifier>	SP_YMS081_YHSR_M_1_INDEX_1	</identifier>
					<transform>
						<row0>	0.9007 -0.4163 0.1246 0.0000	</row0>
						<row1>	0.4106 0.9092 0.0696 0.0000	</row1>
						<row2>	-0.1422 -0.0115 0.9898 0.0000	</row2>
						<row3>	0.5160 0.2510 4.7961 1.0000	</row3>
					</transform>
				</node>
				<node>
					<identifier>	SP_YMS095_YHZC_M_1_INDEX_30	</identifier>
					<transform>
						<row0>	-0.0869 -0.0108 -0.6222 0.0000	</row0>
						<row1>	-0.0015 0.6283 -0.0107 0.0000	</row1>
						<row2>	0.6223 0.0000 -0.0869 0.0000	</row2>
						<row3>	-0.5077 0.5703 3.5930 1.0000	</row3>
					</transform>
				</node>
				<node>
					<identifier>	SP_YMS095_YHZC_M_1_INDEX_31	</identifier>
					<transform>
						<row0>	-0.0869 0.0108 0.6222 0.0000	</row0>
						<row1>	0.0015 0.6283 -0.0107 0.0000	</row1>
						<row2>	-0.6223 0.0000 -0.0869 0.0000	</row2>
						<row3>	0.4525 0.5783 3.9940 1.0000	</row3>
					</transform>
				</node>
				<node>
					<identifier>	SP_YMS095_YHZC_M_1_INDEX_32	</identifier>
					<transform>
						<row0>	-0.0869 0.0108 0.6222 0.0000	</row0>
						<row1>	0.0015 0.6283 -0.0107 0.0000	</row1>
						<row2>	-0.6223 0.0000 -0.0869 0.0000	</row2>
						<row3>	0.5077 0.5703 3.5930 1.0000	</row3>
					</transform>
				</node>
				<node>
					<identifier>	SP_YMS095_YHZC_M_1_INDEX_33	</identifier>
					<transform>
						<row0>	-0.0869 -0.0108 -0.6222 0.0000	</row0>
						<row1>	-0.0015 0.6283 -0.0107 0.0000	</row1>
						<row2>	0.6223 0.0000 -0.0869 0.0000	</row2>
						<row3>	-0.4525 0.5783 3.9940 1.0000	</row3>
					</transform>
				</node>
				<node>
					<identifier>	SP_YMS096_YHZC_S_1_INDEX_17	</identifier>
					<transform>
						<row0>	-0.3307 -0.0100 -0.5397 0.0000	</row0>
						<row1>	-0.0015 0.6329 -0.0107 0.0000	</row1>
						<row2>	0.5398 -0.0043 -0.3306 0.0000	</row2>
						<row3>	-0.3270 0.5854 4.3440 1.0000	</row3>
					</transform>
				</node>
				<node>
					<identifier>	SP_YMS096_YHZC_S_1_INDEX_18	</identifier>
					<transform>
						<row0>	-0.3307 0.0100 0.5397 0.0000	</row0>
						<row1>	0.0015 0.6329 -0.0107 0.0000	</row1>
						<row2>	-0.5398 -0.0043 -0.3306 0.0000	</row2>
						<row3>	0.3270 0.5854 4.3440 1.0000	</row3>
					</transform>
				</node>
			</node>
		</node>
	</skeleton>
	<properties>
		<underwaterModel>	false	</underwaterModel>
		<abovewaterModel>	true	</abovewaterModel>
	</properties>
	<boundingBox>
		<min>	-0.0667 -0.0667 -0.0667	</min>
		<max>	0.0667 0.0667 0.0667	</max>
	</boundingBox>
	<renderSets />
	<lods>
		<lod>
			<extent>	200.0000	</extent>
			<castsShadow>	true	</castsShadow>
			<renderSets />
		</lod>
	</lods>
</ASC303_Hawaii_1955_MidFront_ports.visual>
