<FSD009_Vauquelin_1940_Bow.skel_ext>
	<exported>	true	</exported>
	<node>
		<identifier>	MP_CM149_Telegraph	</identifier>
		<parent>	Scene Root	</parent>
		<transform>
			<row0>	0.0000 0.0000 1.0000 0.0000	</row0>
			<row1>	0.0000 1.0000 0.0000 0.0000	</row1>
			<row2>	-1.0000 0.0000 0.0000 0.0000	</row2>
			<row3>	0.0922 0.6788 2.0352 1.0000	</row3>
		</transform>
	</node>
	<node>
		<identifier>	MP_FM011_Reels	</identifier>
		<parent>	Scene Root	</parent>
		<transform>
			<row0>	-1.2500 0.0000 0.0000 0.0000	</row0>
			<row1>	0.0000 1.2500 0.0000 0.0000	</row1>
			<row2>	0.0000 0.0000 -1.2500 0.0000	</row2>
			<row3>	0.1637 0.3963 3.1321 1.0000	</row3>
		</transform>
	</node>
	<node>
		<identifier>	MP_FM015_Life_Buoy	</identifier>
		<parent>	Scene Root	</parent>
		<transform>
			<row0>	-0.0436 0.0000 0.9990 0.0000	</row0>
			<row1>	0.0000 1.0000 0.0000 0.0000	</row1>
			<row2>	-0.9990 0.0000 -0.0436 0.0000	</row2>
			<row3>	0.3291 0.4455 2.8003 1.0000	</row3>
		</transform>
	</node>
	<node>
		<identifier>	MP_FM015_Life_Buoy_INDEX_1	</identifier>
		<parent>	Scene Root	</parent>
		<transform>
			<row0>	-0.0436 0.0000 -0.9990 0.0000	</row0>
			<row1>	0.0000 1.0000 0.0000 0.0000	</row1>
			<row2>	0.9990 0.0000 -0.0436 0.0000	</row2>
			<row3>	-0.3291 0.4455 2.8003 1.0000	</row3>
		</transform>
	</node>
	<node>
		<identifier>	MP_FM015_Life_Buoy_INDEX_2	</identifier>
		<parent>	Scene Root	</parent>
		<transform>
			<row0>	-0.1736 0.0000 0.9848 0.0000	</row0>
			<row1>	0.0000 1.0000 0.0000 0.0000	</row1>
			<row2>	-0.9848 0.0000 -0.1736 0.0000	</row2>
			<row3>	0.2379 0.4612 3.7152 1.0000	</row3>
		</transform>
	</node>
	<node>
		<identifier>	MP_FM015_Life_Buoy_INDEX_3	</identifier>
		<parent>	Scene Root	</parent>
		<transform>
			<row0>	-0.1736 0.0000 -0.9848 0.0000	</row0>
			<row1>	0.0000 1.0000 0.0000 0.0000	</row1>
			<row2>	0.9848 0.0000 -0.1736 0.0000	</row2>
			<row3>	-0.2379 0.4612 3.7152 1.0000	</row3>
		</transform>
	</node>
	<node>
		<identifier>	MP_FM016_Reels	</identifier>
		<parent>	Scene Root	</parent>
		<transform>
			<row0>	0.6948 0.0000 0.0000 0.0000	</row0>
			<row1>	0.0000 0.6948 0.0000 0.0000	</row1>
			<row2>	0.0000 0.0000 0.6948 0.0000	</row2>
			<row3>	-0.1504 0.3978 3.1312 1.0000	</row3>
		</transform>
	</node>
</FSD009_Vauquelin_1940_Bow.skel_ext>
