<BSC042_Monmouth_1947_Bow_ep.skel_ext>
	<exported>	false	</exported>
	<node>
		<identifier>	EP_Fire_1	</identifier>
		<parent>	Scene Root	</parent>
		<transform>
			<row0>	1.0000 0.0000 0.0000 0.0000	</row0>
			<row1>	0.0000 1.0000 0.0000 0.0000	</row1>
			<row2>	0.0000 0.0000 1.0000 0.0000	</row2>
			<row3>	0.0000 0.5657 6.1498 1.0000	</row3>
		</transform>
	</node>
	<node>
		<identifier>	EP_Flood_water_left_2	</identifier>
		<parent>	Scene Root	</parent>
		<transform>
			<row0>	-0.9879 -0.1120 0.1070 0.0000	</row0>
			<row1>	-0.1126 0.9936 0.0000 0.0000	</row1>
			<row2>	-0.1063 -0.0120 -0.9943 0.0000	</row2>
			<row3>	-0.6247 0.1579 4.4598 1.0000	</row3>
		</transform>
	</node>
	<node>
		<identifier>	EP_Flood_water_left_3	</identifier>
		<parent>	Scene Root	</parent>
		<transform>
			<row0>	-0.9311 -0.2908 0.2201 0.0000	</row0>
			<row1>	-0.2981 0.9545 0.0000 0.0000	</row1>
			<row2>	-0.2101 -0.0656 -0.9755 0.0000	</row2>
			<row3>	-0.3408 0.1789 5.9870 1.0000	</row3>
		</transform>
	</node>
	<node>
		<identifier>	EP_Flood_water_right_2	</identifier>
		<parent>	Scene Root	</parent>
		<transform>
			<row0>	0.9735 -0.1594 0.1640 0.0000	</row0>
			<row1>	0.1616 0.9869 0.0000 0.0000	</row1>
			<row2>	-0.1618 0.0265 0.9865 0.0000	</row2>
			<row3>	0.6226 0.1524 4.4598 1.0000	</row3>
		</transform>
	</node>
	<node>
		<identifier>	EP_Flood_water_right_3	</identifier>
		<parent>	Scene Root	</parent>
		<transform>
			<row0>	0.9650 -0.1054 0.2402 0.0000	</row0>
			<row1>	0.1086 0.9941 0.0000 0.0000	</row1>
			<row2>	-0.2387 0.0261 0.9707 0.0000	</row2>
			<row3>	0.3407 0.1778 5.9867 1.0000	</row3>
		</transform>
	</node>
	<node>
		<identifier>	EP_WakeTrace	</identifier>
		<parent>	Scene Root	</parent>
		<transform>
			<row0>	1.0000 0.0000 0.0000 0.0000	</row0>
			<row1>	0.0000 1.0000 0.0000 0.0000	</row1>
			<row2>	0.0000 0.0000 1.0000 0.0000	</row2>
			<row3>	0.0000 0.0000 7.3075 1.0000	</row3>
		</transform>
	</node>
</BSC042_Monmouth_1947_Bow_ep.skel_ext>
