<ASD045_Wickes_1925_MidBack.skel_ext>
	<exported>	true	</exported>
	<node>
		<identifier>	MP_AM055_Boat_1	</identifier>
		<parent>	Scene Root	</parent>
		<transform>
			<row0>	0.0660 -0.9973 0.0318 0.0000	</row0>
			<row1>	0.9977 0.0654 -0.0202 0.0000	</row1>
			<row2>	0.0181 0.0331 0.9993 0.0000	</row2>
			<row3>	0.2366 0.2648 -1.1511 1.0000	</row3>
		</transform>
	</node>
	<node>
		<identifier>	MP_AM055_Boat_1_INDEX_1	</identifier>
		<parent>	Scene Root	</parent>
		<transform>
			<row0>	0.0657 0.9973 -0.0325 0.0000	</row0>
			<row1>	-0.9978 0.0654 -0.0109 0.0000	</row1>
			<row2>	-0.0088 0.0331 0.9994 0.0000	</row2>
			<row3>	-0.2432 0.2694 -0.8631 1.0000	</row3>
		</transform>
	</node>
	<node>
		<identifier>	MP_AM2040_Whaleboat_26ft	</identifier>
		<parent>	Scene Root	</parent>
		<transform>
			<row0>	1.0000 0.0000 0.0000 0.0000	</row0>
			<row1>	0.0000 1.0000 0.0000 0.0000	</row1>
			<row2>	0.0000 0.0000 1.0000 0.0000	</row2>
			<row3>	-0.1467 0.3935 -0.8841 1.0000	</row3>
		</transform>
	</node>
	<node>
		<identifier>	MP_AM212_Ventilation	</identifier>
		<parent>	Scene Root	</parent>
		<transform>
			<row0>	0.2040 0.0000 0.0000 0.0000	</row0>
			<row1>	0.0000 0.2040 0.0000 0.0000	</row1>
			<row2>	0.0000 0.0000 0.2040 0.0000	</row2>
			<row3>	0.0162 0.1820 -1.7027 1.0000	</row3>
		</transform>
	</node>
	<node>
		<identifier>	MP_AM212_Ventilation_INDEX_1	</identifier>
		<parent>	Scene Root	</parent>
		<transform>
			<row0>	0.2042 0.0000 0.0000 0.0000	</row0>
			<row1>	0.0000 0.2042 0.0000 0.0000	</row1>
			<row2>	0.0000 0.0000 0.2042 0.0000	</row2>
			<row3>	-0.0850 0.1963 -1.1001 1.0000	</row3>
		</transform>
	</node>
	<node>
		<identifier>	MP_AM219_Bollard	</identifier>
		<parent>	Scene Root	</parent>
		<transform>
			<row0>	0.3690 -0.0338 -0.0174 0.0000	</row0>
			<row1>	0.0332 0.3693 -0.0128 0.0000	</row1>
			<row2>	0.0184 0.0111 0.3704 0.0000	</row2>
			<row3>	0.2432 0.1836 -1.1462 1.0000	</row3>
		</transform>
	</node>
	<node>
		<identifier>	MP_AM219_Bollard_INDEX_1	</identifier>
		<parent>	Scene Root	</parent>
		<transform>
			<row0>	0.3693 0.0318 0.0158 0.0000	</row0>
			<row1>	-0.0313 0.3695 -0.0117 0.0000	</row1>
			<row2>	-0.0167 0.0103 0.3705 0.0000	</row2>
			<row3>	-0.2169 0.1660 -1.8584 1.0000	</row3>
		</transform>
	</node>
	<node>
		<identifier>	MP_AM219_Bollard_INDEX_2	</identifier>
		<parent>	Scene Root	</parent>
		<transform>
			<row0>	0.3699 0.0283 -0.0009 0.0000	</row0>
			<row1>	-0.0283 0.3697 -0.0117 0.0000	</row1>
			<row2>	0.0000 0.0117 0.3708 0.0000	</row2>
			<row3>	-0.2502 0.1913 -0.8804 1.0000	</row3>
		</transform>
	</node>
	<node>
		<identifier>	MP_AM417_Hatch	</identifier>
		<parent>	Scene Root	</parent>
		<transform>
			<row0>	-1.0000 0.0000 0.0000 0.0000	</row0>
			<row1>	0.0000 1.0000 0.0000 0.0000	</row1>
			<row2>	0.0000 0.0000 -1.0000 0.0000	</row2>
			<row3>	0.0000 0.2143 -0.3503 1.0000	</row3>
		</transform>
	</node>
	<node>
		<identifier>	MP_AM572_Telpher	</identifier>
		<parent>	Scene Root	</parent>
		<transform>
			<row0>	1.0000 0.0000 -0.0088 0.0000	</row0>
			<row1>	0.0000 1.0000 -0.0098 0.0000	</row1>
			<row2>	0.0088 0.0098 0.9999 0.0000	</row2>
			<row3>	-0.2104 0.3256 -1.0557 1.0000	</row3>
		</transform>
	</node>
	<node>
		<identifier>	MP_AM572_Telpher_INDEX_1	</identifier>
		<parent>	Scene Root	</parent>
		<transform>
			<row0>	-0.9996 0.0015 0.0289 0.0000	</row0>
			<row1>	0.0008 0.9997 -0.0247 0.0000	</row1>
			<row2>	-0.0290 -0.0247 -0.9993 0.0000	</row2>
			<row3>	0.1989 0.3159 -1.4175 1.0000	</row3>
		</transform>
	</node>
	<node>
		<identifier>	MP_AM736_24ft_motor_launch	</identifier>
		<parent>	Scene Root	</parent>
		<transform>
			<row0>	1.0000 0.0000 0.0000 0.0000	</row0>
			<row1>	0.0000 0.9998 -0.0183 0.0000	</row1>
			<row2>	0.0000 0.0183 0.9998 0.0000	</row2>
			<row3>	0.1441 0.3980 -1.1528 1.0000	</row3>
		</transform>
	</node>
	<node>
		<identifier>	MP_CM079_Fender	</identifier>
		<parent>	Scene Root	</parent>
		<transform>
			<row0>	0.0377 -0.0308 -0.9988 0.0000	</row0>
			<row1>	-0.9985 0.0397 -0.0389 0.0000	</row1>
			<row2>	0.0408 0.9987 -0.0293 0.0000	</row2>
			<row3>	0.0385 0.2038 -0.9335 1.0000	</row3>
		</transform>
	</node>
	<node>
		<identifier>	MP_CM079_Fender_INDEX_1	</identifier>
		<parent>	Scene Root	</parent>
		<transform>
			<row0>	0.0377 0.0308 0.9988 0.0000	</row0>
			<row1>	0.9985 0.0397 -0.0389 0.0000	</row1>
			<row2>	-0.0408 0.9987 -0.0293 0.0000	</row2>
			<row3>	-0.0381 0.2039 -0.9219 1.0000	</row3>
		</transform>
	</node>
	<node>
		<identifier>	MP_CM126_Cleat	</identifier>
		<parent>	Scene Root	</parent>
		<transform>
			<row0>	0.9996 0.0000 0.0274 0.0000	</row0>
			<row1>	0.0274 -0.0002 -0.9996 0.0000	</row1>
			<row2>	0.0000 1.0000 -0.0002 0.0000	</row2>
			<row3>	0.2782 0.2767 -0.9373 1.0000	</row3>
		</transform>
	</node>
	<node>
		<identifier>	MP_CM126_Cleat_INDEX_1	</identifier>
		<parent>	Scene Root	</parent>
		<transform>
			<row0>	0.9994 0.0020 -0.0353 0.0000	</row0>
			<row1>	0.0353 0.0004 0.9994 0.0000	</row1>
			<row2>	0.0020 -1.0000 0.0004 0.0000	</row2>
			<row3>	-0.2823 0.2869 -0.6115 1.0000	</row3>
		</transform>
	</node>
	<node>
		<identifier>	MP_CM126_Cleat_INDEX_2	</identifier>
		<parent>	Scene Root	</parent>
		<transform>
			<row0>	1.0000 0.0000 0.0052 0.0000	</row0>
			<row1>	-0.0052 0.0004 1.0000 0.0000	</row1>
			<row2>	0.0000 -1.0000 0.0004 0.0000	</row2>
			<row3>	0.2641 0.2660 -1.4329 1.0000	</row3>
		</transform>
	</node>
	<node>
		<identifier>	MP_CM126_Cleat_INDEX_3	</identifier>
		<parent>	Scene Root	</parent>
		<transform>
			<row0>	-0.9998 0.0012 0.0183 0.0000	</row0>
			<row1>	-0.0183 -0.0002 -0.9998 0.0000	</row1>
			<row2>	-0.0012 -1.0000 0.0002 0.0000	</row2>
			<row3>	-0.2757 0.2693 -1.1191 1.0000	</row3>
		</transform>
	</node>
</ASD045_Wickes_1925_MidBack.skel_ext>
