<GSB033_Derfflinger_1915_MidFront.skel_ext>
	<exported>	true	</exported>
	<node>
		<identifier>	MP_CM011_Fire_Fighting_Gear	</identifier>
		<parent>	Scene Root	</parent>
		<transform>
			<row0>	-1.0000 0.0000 0.0000 0.0000	</row0>
			<row1>	0.0000 1.0000 0.0000 0.0000	</row1>
			<row2>	0.0000 0.0000 -1.0000 0.0000	</row2>
			<row3>	-0.0902 0.3195 3.7183 1.0000	</row3>
		</transform>
	</node>
	<node>
		<identifier>	MP_CM011_Fire_Fighting_Gear_INDEX_1	</identifier>
		<parent>	Scene Root	</parent>
		<transform>
			<row0>	0.0000 0.0000 -1.0000 0.0000	</row0>
			<row1>	0.0000 1.0000 0.0000 0.0000	</row1>
			<row2>	1.0000 0.0000 0.0000 0.0000	</row2>
			<row3>	-0.2582 0.5524 0.5497 1.0000	</row3>
		</transform>
	</node>
	<node>
		<identifier>	MP_CM011_Fire_Fighting_Gear_INDEX_2	</identifier>
		<parent>	Scene Root	</parent>
		<transform>
			<row0>	1.0000 0.0000 0.0000 0.0000	</row0>
			<row1>	0.0000 1.0000 0.0000 0.0000	</row1>
			<row2>	0.0000 0.0000 1.0000 0.0000	</row2>
			<row3>	0.0003 0.2974 3.0843 1.0000	</row3>
		</transform>
	</node>
	<node>
		<identifier>	MP_CM011_Fire_Fighting_Gear_INDEX_3	</identifier>
		<parent>	Scene Root	</parent>
		<transform>
			<row0>	0.0000 0.0000 1.0000 0.0000	</row0>
			<row1>	0.0000 1.0000 0.0000 0.0000	</row1>
			<row2>	-1.0000 0.0000 0.0000 0.0000	</row2>
			<row3>	0.2582 0.5524 0.5497 1.0000	</row3>
		</transform>
	</node>
	<node>
		<identifier>	MP_CM011_Fire_Fighting_Gear_INDEX_4	</identifier>
		<parent>	Scene Root	</parent>
		<transform>
			<row0>	-1.0000 0.0000 0.0000 0.0000	</row0>
			<row1>	0.0000 1.0000 0.0000 0.0000	</row1>
			<row2>	0.0000 0.0000 -1.0000 0.0000	</row2>
			<row3>	0.1218 0.4209 2.0916 1.0000	</row3>
		</transform>
	</node>
	<node>
		<identifier>	MP_CM029_Emergency_Box	</identifier>
		<parent>	Scene Root	</parent>
		<transform>
			<row0>	0.0000 0.0000 1.0000 0.0000	</row0>
			<row1>	0.0000 1.0000 0.0000 0.0000	</row1>
			<row2>	-1.0000 0.0000 0.0000 0.0000	</row2>
			<row3>	0.3887 0.7544 1.3598 1.0000	</row3>
		</transform>
	</node>
	<node>
		<identifier>	MP_CM029_Emergency_Box_INDEX_1	</identifier>
		<parent>	Scene Root	</parent>
		<transform>
			<row0>	-1.0000 0.0000 0.0000 0.0000	</row0>
			<row1>	0.0000 1.0000 0.0000 0.0000	</row1>
			<row2>	0.0000 0.0000 -1.0000 0.0000	</row2>
			<row3>	0.0662 0.7574 1.4249 1.0000	</row3>
		</transform>
	</node>
	<node>
		<identifier>	MP_CM029_Emergency_Box_INDEX_2	</identifier>
		<parent>	Scene Root	</parent>
		<transform>
			<row0>	0.2267 0.0000 0.9740 0.0000	</row0>
			<row1>	0.0000 1.0000 0.0000 0.0000	</row1>
			<row2>	-0.9740 0.0000 0.2267 0.0000	</row2>
			<row3>	-0.6248 0.6306 0.6993 1.0000	</row3>
		</transform>
	</node>
	<node>
		<identifier>	MP_CM029_Emergency_Box_INDEX_3	</identifier>
		<parent>	Scene Root	</parent>
		<transform>
			<row0>	1.0000 0.0000 0.0000 0.0000	</row0>
			<row1>	0.0000 1.0000 0.0000 0.0000	</row1>
			<row2>	0.0000 0.0000 1.0000 0.0000	</row2>
			<row3>	0.4813 0.6188 1.1904 1.0000	</row3>
		</transform>
	</node>
	<node>
		<identifier>	MP_CM029_Emergency_Box_INDEX_4	</identifier>
		<parent>	Scene Root	</parent>
		<transform>
			<row0>	0.2267 0.0000 -0.9740 0.0000	</row0>
			<row1>	0.0000 1.0000 0.0000 0.0000	</row1>
			<row2>	0.9740 0.0000 0.2267 0.0000	</row2>
			<row3>	0.6248 0.6306 0.6993 1.0000	</row3>
		</transform>
	</node>
	<node>
		<identifier>	MP_CM029_Emergency_Box_INDEX_5	</identifier>
		<parent>	Scene Root	</parent>
		<transform>
			<row0>	1.0000 0.0000 0.0000 0.0000	</row0>
			<row1>	0.0000 1.0000 0.0000 0.0000	</row1>
			<row2>	0.0000 0.0000 1.0000 0.0000	</row2>
			<row3>	-0.4813 0.6188 1.1904 1.0000	</row3>
		</transform>
	</node>
	<node>
		<identifier>	MP_CM029_Emergency_Box_INDEX_6	</identifier>
		<parent>	Scene Root	</parent>
		<transform>
			<row0>	0.0000 0.0000 -1.0000 0.0000	</row0>
			<row1>	0.0000 1.0000 0.0000 0.0000	</row1>
			<row2>	1.0000 0.0000 0.0000 0.0000	</row2>
			<row3>	-0.3887 0.7544 1.3598 1.0000	</row3>
		</transform>
	</node>
	<node>
		<identifier>	MP_CM030_Swab_Rack_2	</identifier>
		<parent>	Scene Root	</parent>
		<transform>
			<row0>	-1.0000 0.0000 0.0000 0.0000	</row0>
			<row1>	0.0000 1.0000 0.0000 0.0000	</row1>
			<row2>	0.0000 0.0000 -1.0000 0.0000	</row2>
			<row3>	0.0000 0.7104 1.1465 1.0000	</row3>
		</transform>
	</node>
	<node>
		<identifier>	MP_CM040_Steering_Wheel	</identifier>
		<parent>	Scene Root	</parent>
		<transform>
			<row0>	1.0000 0.0000 0.0000 0.0000	</row0>
			<row1>	0.0000 1.0000 0.0000 0.0000	</row1>
			<row2>	0.0000 0.0000 1.0000 0.0000	</row2>
			<row3>	0.0268 0.7116 2.0503 1.0000	</row3>
		</transform>
	</node>
	<node>
		<identifier>	MP_CM052_Fender	</identifier>
		<parent>	Scene Root	</parent>
		<transform>
			<row0>	0.5844 0.0000 -0.8115 0.0000	</row0>
			<row1>	0.0000 1.0000 0.0000 0.0000	</row1>
			<row2>	0.8115 0.0000 0.5844 0.0000	</row2>
			<row3>	0.5861 0.2619 2.0774 1.0000	</row3>
		</transform>
	</node>
	<node>
		<identifier>	MP_CM052_Fender_INDEX_1	</identifier>
		<parent>	Scene Root	</parent>
		<transform>
			<row0>	0.4703 0.0000 -0.8825 0.0000	</row0>
			<row1>	0.0000 1.0000 0.0000 0.0000	</row1>
			<row2>	0.8825 0.0000 0.4703 0.0000	</row2>
			<row3>	0.2976 0.2829 2.7043 1.0000	</row3>
		</transform>
	</node>
	<node>
		<identifier>	MP_CM052_Fender_INDEX_2	</identifier>
		<parent>	Scene Root	</parent>
		<transform>
			<row0>	0.5844 0.0000 0.8115 0.0000	</row0>
			<row1>	0.0000 1.0000 0.0000 0.0000	</row1>
			<row2>	-0.8115 0.0000 0.5844 0.0000	</row2>
			<row3>	-0.5861 0.2619 2.0774 1.0000	</row3>
		</transform>
	</node>
	<node>
		<identifier>	MP_CM052_Fender_INDEX_3	</identifier>
		<parent>	Scene Root	</parent>
		<transform>
			<row0>	0.4703 0.0000 0.8825 0.0000	</row0>
			<row1>	0.0000 1.0000 0.0000 0.0000	</row1>
			<row2>	-0.8825 0.0000 0.4703 0.0000	</row2>
			<row3>	-0.2976 0.2829 2.7043 1.0000	</row3>
		</transform>
	</node>
	<node>
		<identifier>	MP_CM056_Ships_bell	</identifier>
		<parent>	Scene Root	</parent>
		<transform>
			<row0>	0.9843 0.0000 0.0000 0.0000	</row0>
			<row1>	0.0000 0.9843 0.0000 0.0000	</row1>
			<row2>	0.0000 0.0000 0.9843 0.0000	</row2>
			<row3>	0.0475 0.9121 0.5099 1.0000	</row3>
		</transform>
	</node>
	<node>
		<identifier>	MP_CM093_Rope	</identifier>
		<parent>	Scene Root	</parent>
		<transform>
			<row0>	0.7919 0.0000 0.0000 0.0000	</row0>
			<row1>	0.0000 0.7069 0.0000 0.0000	</row1>
			<row2>	0.0000 0.0000 0.7320 0.0000	</row2>
			<row3>	-0.1593 0.8107 0.9171 1.0000	</row3>
		</transform>
	</node>
	<node>
		<identifier>	MP_CM093_Rope_INDEX_1	</identifier>
		<parent>	Scene Root	</parent>
		<transform>
			<row0>	0.7859 0.0000 0.0000 0.0000	</row0>
			<row1>	0.0000 0.9787 0.0000 0.0000	</row1>
			<row2>	0.0000 0.0000 0.7859 0.0000	</row2>
			<row3>	-0.1593 0.8107 0.9020 1.0000	</row3>
		</transform>
	</node>
	<node>
		<identifier>	MP_CM093_Rope_INDEX_2	</identifier>
		<parent>	Scene Root	</parent>
		<transform>
			<row0>	0.7859 0.0000 0.0000 0.0000	</row0>
			<row1>	0.0000 0.9787 0.0000 0.0000	</row1>
			<row2>	0.0000 0.0000 0.7859 0.0000	</row2>
			<row3>	0.1593 0.8107 0.9020 1.0000	</row3>
		</transform>
	</node>
	<node>
		<identifier>	MP_CM093_Rope_INDEX_3	</identifier>
		<parent>	Scene Root	</parent>
		<transform>
			<row0>	0.7919 0.0000 0.0000 0.0000	</row0>
			<row1>	0.0000 0.7069 0.0000 0.0000	</row1>
			<row2>	0.0000 0.0000 0.7320 0.0000	</row2>
			<row3>	0.1593 0.8107 0.9171 1.0000	</row3>
		</transform>
	</node>
	<node>
		<identifier>	MP_CM126_Cleat	</identifier>
		<parent>	Scene Root	</parent>
		<transform>
			<row0>	0.9972 0.0000 0.0742 0.0000	</row0>
			<row1>	0.0000 1.0000 0.0000 0.0000	</row1>
			<row2>	-0.0742 0.0000 0.9972 0.0000	</row2>
			<row3>	0.7802 0.2594 2.2251 1.0000	</row3>
		</transform>
	</node>
	<node>
		<identifier>	MP_CM126_Cleat_INDEX_1	</identifier>
		<parent>	Scene Root	</parent>
		<transform>
			<row0>	0.9954 0.0000 -0.0959 0.0000	</row0>
			<row1>	0.0000 1.0000 0.0000 0.0000	</row1>
			<row2>	0.0959 0.0000 0.9954 0.0000	</row2>
			<row3>	-0.7126 0.2792 2.8794 1.0000	</row3>
		</transform>
	</node>
	<node>
		<identifier>	MP_CM126_Cleat_INDEX_10	</identifier>
		<parent>	Scene Root	</parent>
		<transform>
			<row0>	1.0000 0.0000 -0.0010 0.0000	</row0>
			<row1>	0.0000 1.0000 0.0000 0.0000	</row1>
			<row2>	0.0010 0.0000 1.0000 0.0000	</row2>
			<row3>	-0.8798 0.2286 0.8400 1.0000	</row3>
		</transform>
	</node>
	<node>
		<identifier>	MP_CM126_Cleat_INDEX_11	</identifier>
		<parent>	Scene Root	</parent>
		<transform>
			<row0>	1.0000 0.0000 0.0000 0.0000	</row0>
			<row1>	0.0000 0.0000 1.0000 0.0000	</row1>
			<row2>	0.0000 -1.0000 0.0000 0.0000	</row2>
			<row3>	-0.3544 1.0949 0.6920 1.0000	</row3>
		</transform>
	</node>
	<node>
		<identifier>	MP_CM126_Cleat_INDEX_2	</identifier>
		<parent>	Scene Root	</parent>
		<transform>
			<row0>	1.0000 0.0000 0.0010 0.0000	</row0>
			<row1>	0.0000 1.0000 0.0000 0.0000	</row1>
			<row2>	-0.0010 0.0000 1.0000 0.0000	</row2>
			<row3>	0.8798 0.2286 0.8400 1.0000	</row3>
		</transform>
	</node>
	<node>
		<identifier>	MP_CM126_Cleat_INDEX_3	</identifier>
		<parent>	Scene Root	</parent>
		<transform>
			<row0>	0.9954 0.0000 0.0959 0.0000	</row0>
			<row1>	0.0000 1.0000 0.0000 0.0000	</row1>
			<row2>	-0.0959 0.0000 0.9954 0.0000	</row2>
			<row3>	0.7126 0.2792 2.8794 1.0000	</row3>
		</transform>
	</node>
	<node>
		<identifier>	MP_CM126_Cleat_INDEX_4	</identifier>
		<parent>	Scene Root	</parent>
		<transform>
			<row0>	0.9972 0.0000 -0.0742 0.0000	</row0>
			<row1>	0.0000 1.0000 0.0000 0.0000	</row1>
			<row2>	0.0742 0.0000 0.9972 0.0000	</row2>
			<row3>	-0.7802 0.2594 2.2251 1.0000	</row3>
		</transform>
	</node>
	<node>
		<identifier>	MP_CM126_Cleat_INDEX_5	</identifier>
		<parent>	Scene Root	</parent>
		<transform>
			<row0>	1.0000 0.0000 0.0010 0.0000	</row0>
			<row1>	0.0000 1.0000 0.0000 0.0000	</row1>
			<row2>	-0.0010 0.0000 1.0000 0.0000	</row2>
			<row3>	0.8403 0.2400 1.4415 1.0000	</row3>
		</transform>
	</node>
	<node>
		<identifier>	MP_CM126_Cleat_INDEX_6	</identifier>
		<parent>	Scene Root	</parent>
		<transform>
			<row0>	1.0000 0.0000 -0.0010 0.0000	</row0>
			<row1>	0.0000 1.0000 0.0000 0.0000	</row1>
			<row2>	0.0010 0.0000 1.0000 0.0000	</row2>
			<row3>	-0.8403 0.2400 1.4415 1.0000	</row3>
		</transform>
	</node>
	<node>
		<identifier>	MP_CM126_Cleat_INDEX_7	</identifier>
		<parent>	Scene Root	</parent>
		<transform>
			<row0>	0.9954 0.0000 0.0959 0.0000	</row0>
			<row1>	0.0000 1.0000 0.0000 0.0000	</row1>
			<row2>	-0.0959 0.0000 0.9954 0.0000	</row2>
			<row3>	0.6329 0.3034 3.5346 1.0000	</row3>
		</transform>
	</node>
	<node>
		<identifier>	MP_CM126_Cleat_INDEX_8	</identifier>
		<parent>	Scene Root	</parent>
		<transform>
			<row0>	0.9954 0.0000 -0.0959 0.0000	</row0>
			<row1>	0.0000 1.0000 0.0000 0.0000	</row1>
			<row2>	0.0959 0.0000 0.9954 0.0000	</row2>
			<row3>	-0.6329 0.3034 3.5346 1.0000	</row3>
		</transform>
	</node>
	<node>
		<identifier>	MP_CM126_Cleat_INDEX_9	</identifier>
		<parent>	Scene Root	</parent>
		<transform>
			<row0>	1.0000 0.0000 0.0000 0.0000	</row0>
			<row1>	0.0000 0.0000 1.0000 0.0000	</row1>
			<row2>	0.0000 -1.0000 0.0000 0.0000	</row2>
			<row3>	0.3544 1.0949 0.6920 1.0000	</row3>
		</transform>
	</node>
	<node>
		<identifier>	MP_GM003_Reels_1	</identifier>
		<parent>	Scene Root	</parent>
		<transform>
			<row0>	1.1565 0.0000 0.0000 0.0000	</row0>
			<row1>	0.0000 1.1565 0.0000 0.0000	</row1>
			<row2>	0.0000 0.0000 1.1565 0.0000	</row2>
			<row3>	-0.1143 0.7127 0.4789 1.0000	</row3>
		</transform>
	</node>
	<node>
		<identifier>	MP_GM006_Reels_4	</identifier>
		<parent>	Scene Root	</parent>
		<transform>
			<row0>	0.5187 0.0000 0.0000 0.0000	</row0>
			<row1>	0.0000 0.4291 0.0000 0.0000	</row1>
			<row2>	0.0000 0.0000 0.4291 0.0000	</row2>
			<row3>	0.1130 0.7142 0.4789 1.0000	</row3>
		</transform>
	</node>
	<node>
		<identifier>	MP_GM010_Binocular	</identifier>
		<parent>	Scene Root	</parent>
		<transform>
			<row0>	-1.0000 0.0000 0.0000 0.0000	</row0>
			<row1>	0.0000 1.0000 0.0000 0.0000	</row1>
			<row2>	0.0000 0.0000 -1.0000 0.0000	</row2>
			<row3>	-0.0674 0.8463 1.3376 1.0000	</row3>
		</transform>
	</node>
	<node>
		<identifier>	MP_GM010_Binocular_INDEX_1	</identifier>
		<parent>	Scene Root	</parent>
		<transform>
			<row0>	1.0000 0.0000 0.0000 0.0000	</row0>
			<row1>	0.0000 1.0000 0.0000 0.0000	</row1>
			<row2>	0.0000 0.0000 1.0000 0.0000	</row2>
			<row3>	0.0674 0.8463 1.3376 1.0000	</row3>
		</transform>
	</node>
	<node>
		<identifier>	MP_GM012_Reels_5	</identifier>
		<parent>	Scene Root	</parent>
		<transform>
			<row0>	0.0000 0.0000 -0.7680 0.0000	</row0>
			<row1>	0.0000 0.7680 0.0000 0.0000	</row1>
			<row2>	0.7680 0.0000 0.0000 0.0000	</row2>
			<row3>	0.3032 0.5546 0.6879 1.0000	</row3>
		</transform>
	</node>
	<node>
		<identifier>	MP_GM012_Reels_5_INDEX_1	</identifier>
		<parent>	Scene Root	</parent>
		<transform>
			<row0>	0.0000 0.0000 0.7680 0.0000	</row0>
			<row1>	0.0000 0.7680 0.0000 0.0000	</row1>
			<row2>	-0.7680 0.0000 0.0000 0.0000	</row2>
			<row3>	-0.3032 0.5546 0.6879 1.0000	</row3>
		</transform>
	</node>
	<node>
		<identifier>	MP_GM014_Sleeve	</identifier>
		<parent>	Scene Root	</parent>
		<transform>
			<row0>	0.5311 0.0000 -0.8473 0.0000	</row0>
			<row1>	0.0000 1.0000 0.0000 0.0000	</row1>
			<row2>	0.8473 0.0000 0.5311 0.0000	</row2>
			<row3>	0.3752 0.3294 2.3479 1.0000	</row3>
		</transform>
	</node>
	<node>
		<identifier>	MP_GM014_Sleeve_INDEX_1	</identifier>
		<parent>	Scene Root	</parent>
		<transform>
			<row0>	0.5311 0.0000 0.8473 0.0000	</row0>
			<row1>	0.0000 1.0000 0.0000 0.0000	</row1>
			<row2>	-0.8473 0.0000 0.5311 0.0000	</row2>
			<row3>	-0.3752 0.3294 2.3479 1.0000	</row3>
		</transform>
	</node>
	<node>
		<identifier>	MP_GM015_Clock	</identifier>
		<parent>	Scene Root	</parent>
		<transform>
			<row0>	-0.4564 -0.0003 0.8898 0.0000	</row0>
			<row1>	0.0000 1.0000 0.0003 0.0000	</row1>
			<row2>	-0.8898 0.0000 -0.4564 0.0000	</row2>
			<row3>	0.1103 0.7639 2.0555 1.0000	</row3>
		</transform>
	</node>
	<node>
		<identifier>	MP_GM016_Sleeve	</identifier>
		<parent>	Scene Root	</parent>
		<transform>
			<row0>	0.9570 0.0000 0.2902 0.0000	</row0>
			<row1>	0.0000 1.0000 0.0000 0.0000	</row1>
			<row2>	-0.2902 0.0000 0.9570 0.0000	</row2>
			<row3>	-0.0992 0.3875 2.8384 1.0000	</row3>
		</transform>
	</node>
	<node>
		<identifier>	MP_GM016_Sleeve_INDEX_1	</identifier>
		<parent>	Scene Root	</parent>
		<transform>
			<row0>	0.9570 0.0000 -0.2902 0.0000	</row0>
			<row1>	0.0000 1.0000 0.0000 0.0000	</row1>
			<row2>	0.2902 0.0000 0.9570 0.0000	</row2>
			<row3>	0.0992 0.3875 2.8384 1.0000	</row3>
		</transform>
	</node>
	<node>
		<identifier>	MP_GM016_Sleeve_INDEX_2	</identifier>
		<parent>	Scene Root	</parent>
		<transform>
			<row0>	-1.0000 0.0000 0.0000 0.0000	</row0>
			<row1>	0.0000 1.0000 0.0000 0.0000	</row1>
			<row2>	0.0000 0.0000 -1.0000 0.0000	</row2>
			<row3>	0.1707 0.6107 0.4558 1.0000	</row3>
		</transform>
	</node>
	<node>
		<identifier>	MP_GM016_Sleeve_INDEX_3	</identifier>
		<parent>	Scene Root	</parent>
		<transform>
			<row0>	1.0000 0.0000 0.0000 0.0000	</row0>
			<row1>	0.0000 1.0000 0.0000 0.0000	</row1>
			<row2>	0.0000 0.0000 1.0000 0.0000	</row2>
			<row3>	0.1063 0.4935 2.0825 1.0000	</row3>
		</transform>
	</node>
	<node>
		<identifier>	MP_GM016_Sleeve_INDEX_4	</identifier>
		<parent>	Scene Root	</parent>
		<transform>
			<row0>	-1.0000 0.0000 0.0000 0.0000	</row0>
			<row1>	0.0000 1.0000 0.0000 0.0000	</row1>
			<row2>	0.0000 0.0000 -1.0000 0.0000	</row2>
			<row3>	-0.1707 0.6107 0.4558 1.0000	</row3>
		</transform>
	</node>
	<node>
		<identifier>	MP_GM018_Siren	</identifier>
		<parent>	Scene Root	</parent>
		<transform>
			<row0>	-1.0000 0.0000 0.0000 0.0000	</row0>
			<row1>	0.0000 1.0000 0.0000 0.0000	</row1>
			<row2>	0.0000 0.0000 -1.0000 0.0000	</row2>
			<row3>	0.0038 0.6833 0.4574 1.0000	</row3>
		</transform>
	</node>
	<node>
		<identifier>	MP_GM028_Compass_Binnacle	</identifier>
		<parent>	Scene Root	</parent>
		<transform>
			<row0>	1.0000 0.0000 0.0000 0.0000	</row0>
			<row1>	0.0000 1.0000 0.0000 0.0000	</row1>
			<row2>	0.0000 0.0000 1.0000 0.0000	</row2>
			<row3>	0.0000 1.0064 1.6188 1.0000	</row3>
		</transform>
	</node>
	<node>
		<identifier>	MP_GM066_Whinch	</identifier>
		<parent>	Scene Root	</parent>
		<transform>
			<row0>	1.0000 0.0000 0.0000 0.0000	</row0>
			<row1>	0.0000 1.0000 0.0000 0.0000	</row1>
			<row2>	0.0000 0.0000 1.0000 0.0000	</row2>
			<row3>	0.7798 0.3967 1.3204 1.0000	</row3>
		</transform>
	</node>
	<node>
		<identifier>	MP_GM066_Whinch_INDEX_1	</identifier>
		<parent>	Scene Root	</parent>
		<transform>
			<row0>	-1.0000 0.0000 0.0000 0.0000	</row0>
			<row1>	0.0000 1.0000 0.0000 0.0000	</row1>
			<row2>	0.0000 0.0000 -1.0000 0.0000	</row2>
			<row3>	-0.6739 0.4022 1.6421 1.0000	</row3>
		</transform>
	</node>
	<node>
		<identifier>	MP_GM066_Whinch_INDEX_2	</identifier>
		<parent>	Scene Root	</parent>
		<transform>
			<row0>	1.0000 0.0000 0.0000 0.0000	</row0>
			<row1>	0.0000 1.0000 0.0000 0.0000	</row1>
			<row2>	0.0000 0.0000 1.0000 0.0000	</row2>
			<row3>	0.6739 0.4022 1.6421 1.0000	</row3>
		</transform>
	</node>
	<node>
		<identifier>	MP_GM066_Whinch_INDEX_3	</identifier>
		<parent>	Scene Root	</parent>
		<transform>
			<row0>	-0.7071 0.0000 0.7071 0.0000	</row0>
			<row1>	0.0000 1.0000 0.0000 0.0000	</row1>
			<row2>	-0.7071 0.0000 -0.7071 0.0000	</row2>
			<row3>	-0.2670 0.5498 0.4173 1.0000	</row3>
		</transform>
	</node>
	<node>
		<identifier>	MP_GM066_Whinch_INDEX_4	</identifier>
		<parent>	Scene Root	</parent>
		<transform>
			<row0>	-0.7071 0.0000 -0.7071 0.0000	</row0>
			<row1>	0.0000 1.0000 0.0000 0.0000	</row1>
			<row2>	0.7071 0.0000 -0.7071 0.0000	</row2>
			<row3>	0.2670 0.5498 0.4173 1.0000	</row3>
		</transform>
	</node>
	<node>
		<identifier>	MP_GM066_Whinch_INDEX_5	</identifier>
		<parent>	Scene Root	</parent>
		<transform>
			<row0>	-1.0000 0.0000 0.0000 0.0000	</row0>
			<row1>	0.0000 1.0000 0.0000 0.0000	</row1>
			<row2>	0.0000 0.0000 -1.0000 0.0000	</row2>
			<row3>	-0.8134 0.3894 1.0013 1.0000	</row3>
		</transform>
	</node>
	<node>
		<identifier>	MP_GM066_Whinch_INDEX_6	</identifier>
		<parent>	Scene Root	</parent>
		<transform>
			<row0>	-1.0000 0.0000 0.0000 0.0000	</row0>
			<row1>	0.0000 1.0000 0.0000 0.0000	</row1>
			<row2>	0.0000 0.0000 -1.0000 0.0000	</row2>
			<row3>	-0.7798 0.3967 1.3204 1.0000	</row3>
		</transform>
	</node>
	<node>
		<identifier>	MP_GM066_Whinch_INDEX_7	</identifier>
		<parent>	Scene Root	</parent>
		<transform>
			<row0>	1.0000 0.0000 0.0000 0.0000	</row0>
			<row1>	0.0000 1.0000 0.0000 0.0000	</row1>
			<row2>	0.0000 0.0000 1.0000 0.0000	</row2>
			<row3>	0.8134 0.3894 1.0013 1.0000	</row3>
		</transform>
	</node>
	<node>
		<identifier>	MP_GM602_Switch_Box_3	</identifier>
		<parent>	Scene Root	</parent>
		<transform>
			<row0>	-0.4564 -0.0003 0.8898 0.0000	</row0>
			<row1>	0.0000 1.0000 0.0003 0.0000	</row1>
			<row2>	-0.8898 0.0000 -0.4564 0.0000	</row2>
			<row3>	0.4789 0.7648 1.3441 1.0000	</row3>
		</transform>
	</node>
	<node>
		<identifier>	MP_GM602_Switch_Box_3_INDEX_1	</identifier>
		<parent>	Scene Root	</parent>
		<transform>
			<row0>	-0.2267 0.0000 0.9740 0.0000	</row0>
			<row1>	0.0000 1.0000 0.0000 0.0000	</row1>
			<row2>	-0.9740 0.0000 -0.2267 0.0000	</row2>
			<row3>	0.6298 0.5966 0.7097 1.0000	</row3>
		</transform>
	</node>
	<node>
		<identifier>	MP_GM602_Switch_Box_3_INDEX_2	</identifier>
		<parent>	Scene Root	</parent>
		<transform>
			<row0>	-0.4564 0.0003 -0.8898 0.0000	</row0>
			<row1>	0.0000 1.0000 0.0003 0.0000	</row1>
			<row2>	0.8898 0.0000 -0.4564 0.0000	</row2>
			<row3>	-0.4789 0.7648 1.3441 1.0000	</row3>
		</transform>
	</node>
	<node>
		<identifier>	MP_GM602_Switch_Box_3_INDEX_3	</identifier>
		<parent>	Scene Root	</parent>
		<transform>
			<row0>	-0.2267 0.0000 -0.9740 0.0000	</row0>
			<row1>	0.0000 1.0000 0.0000 0.0000	</row1>
			<row2>	0.9740 0.0000 -0.2267 0.0000	</row2>
			<row3>	-0.6298 0.5966 0.7097 1.0000	</row3>
		</transform>
	</node>
	<node>
		<identifier>	MP_GM607_Manometer	</identifier>
		<parent>	Scene Root	</parent>
		<transform>
			<row0>	-0.8580 0.0000 0.0000 0.0000	</row0>
			<row1>	0.0000 0.8580 0.0000 0.0000	</row1>
			<row2>	0.0000 0.0000 -0.8580 0.0000	</row2>
			<row3>	0.0478 0.7541 2.0759 1.0000	</row3>
		</transform>
	</node>
	<node>
		<identifier>	MP_GM607_Manometer_INDEX_1	</identifier>
		<parent>	Scene Root	</parent>
		<transform>
			<row0>	-0.8580 0.0000 0.0000 0.0000	</row0>
			<row1>	0.0000 0.8580 0.0000 0.0000	</row1>
			<row2>	0.0000 0.0000 -0.8580 0.0000	</row2>
			<row3>	0.0478 0.7678 2.0759 1.0000	</row3>
		</transform>
	</node>
	<node>
		<identifier>	MP_GM611_Headlights_straightener	</identifier>
		<parent>	Scene Root	</parent>
		<transform>
			<row0>	1.0000 0.0000 0.0000 0.0000	</row0>
			<row1>	0.0000 1.0000 0.0000 0.0000	</row1>
			<row2>	0.0000 0.0000 1.0000 0.0000	</row2>
			<row3>	0.0685 0.8466 1.1738 1.0000	</row3>
		</transform>
	</node>
	<node>
		<identifier>	MP_GM611_Headlights_straightener_INDEX_1	</identifier>
		<parent>	Scene Root	</parent>
		<transform>
			<row0>	0.0000 0.0000 -1.0000 0.0000	</row0>
			<row1>	0.0000 1.0000 0.0000 0.0000	</row1>
			<row2>	1.0000 0.0000 0.0000 0.0000	</row2>
			<row3>	0.3944 0.7180 0.6968 1.0000	</row3>
		</transform>
	</node>
	<node>
		<identifier>	MP_GM611_Headlights_straightener_INDEX_2	</identifier>
		<parent>	Scene Root	</parent>
		<transform>
			<row0>	0.0000 0.0000 1.0000 0.0000	</row0>
			<row1>	0.0000 1.0000 0.0000 0.0000	</row1>
			<row2>	-1.0000 0.0000 0.0000 0.0000	</row2>
			<row3>	-0.3944 0.7180 0.6968 1.0000	</row3>
		</transform>
	</node>
	<node>
		<identifier>	MP_GM611_Headlights_straightener_INDEX_3	</identifier>
		<parent>	Scene Root	</parent>
		<transform>
			<row0>	1.0000 0.0000 0.0000 0.0000	</row0>
			<row1>	0.0000 1.0000 0.0000 0.0000	</row1>
			<row2>	0.0000 0.0000 1.0000 0.0000	</row2>
			<row3>	-0.0685 0.8466 1.1738 1.0000	</row3>
		</transform>
	</node>
	<node>
		<identifier>	MP_GM623_Pelorus	</identifier>
		<parent>	Scene Root	</parent>
		<transform>
			<row0>	1.0000 0.0000 0.0000 0.0000	</row0>
			<row1>	0.0000 1.0000 0.0000 0.0000	</row1>
			<row2>	0.0000 0.0000 1.0000 0.0000	</row2>
			<row3>	-0.4738 0.7730 1.1469 1.0000	</row3>
		</transform>
	</node>
	<node>
		<identifier>	MP_GM623_Pelorus_INDEX_1	</identifier>
		<parent>	Scene Root	</parent>
		<transform>
			<row0>	1.0000 0.0000 0.0000 0.0000	</row0>
			<row1>	0.0000 1.0000 0.0000 0.0000	</row1>
			<row2>	0.0000 0.0000 1.0000 0.0000	</row2>
			<row3>	-0.0276 0.7108 2.0503 1.0000	</row3>
		</transform>
	</node>
	<node>
		<identifier>	MP_GM623_Pelorus_INDEX_2	</identifier>
		<parent>	Scene Root	</parent>
		<transform>
			<row0>	1.0000 0.0000 0.0000 0.0000	</row0>
			<row1>	0.0000 1.0000 0.0000 0.0000	</row1>
			<row2>	0.0000 0.0000 1.0000 0.0000	</row2>
			<row3>	0.4738 0.7730 1.1469 1.0000	</row3>
		</transform>
	</node>
	<node>
		<identifier>	MP_GM624_Telephone	</identifier>
		<parent>	Scene Root	</parent>
		<transform>
			<row0>	0.1719 0.0000 0.9851 0.0000	</row0>
			<row1>	0.0000 1.0000 0.0000 0.0000	</row1>
			<row2>	-0.9851 0.0000 0.1719 0.0000	</row2>
			<row3>	-0.1110 0.8984 1.2082 1.0000	</row3>
		</transform>
	</node>
	<node>
		<identifier>	MP_GM700_AmmoBox	</identifier>
		<parent>	Scene Root	</parent>
		<transform>
			<row0>	0.2270 0.0000 -0.9739 0.0000	</row0>
			<row1>	0.0000 1.0000 0.0000 0.0000	</row1>
			<row2>	0.9739 0.0000 0.2270 0.0000	</row2>
			<row3>	0.5799 0.5491 0.7952 1.0000	</row3>
		</transform>
	</node>
	<node>
		<identifier>	MP_GM700_AmmoBox_INDEX_1	</identifier>
		<parent>	Scene Root	</parent>
		<transform>
			<row0>	0.2270 0.0000 -0.9739 0.0000	</row0>
			<row1>	0.0000 1.0000 0.0000 0.0000	</row1>
			<row2>	0.9739 0.0000 0.2270 0.0000	</row2>
			<row3>	0.6163 0.5491 0.6388 1.0000	</row3>
		</transform>
	</node>
	<node>
		<identifier>	MP_GM700_AmmoBox_INDEX_2	</identifier>
		<parent>	Scene Root	</parent>
		<transform>
			<row0>	0.3603 0.0000 0.7020 0.0000	</row0>
			<row1>	0.0000 0.7890 0.0000 0.0000	</row1>
			<row2>	-0.7020 0.0000 0.3603 0.0000	</row2>
			<row3>	-0.3120 0.7105 1.6212 1.0000	</row3>
		</transform>
	</node>
	<node>
		<identifier>	MP_GM700_AmmoBox_INDEX_3	</identifier>
		<parent>	Scene Root	</parent>
		<transform>
			<row0>	0.2270 0.0000 0.9739 0.0000	</row0>
			<row1>	0.0000 1.0000 0.0000 0.0000	</row1>
			<row2>	-0.9739 0.0000 0.2270 0.0000	</row2>
			<row3>	-0.5799 0.5491 0.7952 1.0000	</row3>
		</transform>
	</node>
	<node>
		<identifier>	MP_GM700_AmmoBox_INDEX_4	</identifier>
		<parent>	Scene Root	</parent>
		<transform>
			<row0>	0.3603 0.0000 -0.7020 0.0000	</row0>
			<row1>	0.0000 0.7890 0.0000 0.0000	</row1>
			<row2>	0.7020 0.0000 0.3603 0.0000	</row2>
			<row3>	0.3120 0.7105 1.6212 1.0000	</row3>
		</transform>
	</node>
	<node>
		<identifier>	MP_GM700_AmmoBox_INDEX_5	</identifier>
		<parent>	Scene Root	</parent>
		<transform>
			<row0>	0.2270 0.0000 0.9739 0.0000	</row0>
			<row1>	0.0000 1.0000 0.0000 0.0000	</row1>
			<row2>	-0.9739 0.0000 0.2270 0.0000	</row2>
			<row3>	-0.6163 0.5491 0.6388 1.0000	</row3>
		</transform>
	</node>
	<node>
		<identifier>	MP_GM702_AmmoBox	</identifier>
		<parent>	Scene Root	</parent>
		<transform>
			<row0>	-1.0000 0.0000 0.0000 0.0000	</row0>
			<row1>	0.0000 1.0000 0.0000 0.0000	</row1>
			<row2>	0.0000 0.0000 -1.0000 0.0000	</row2>
			<row3>	0.0000 0.7087 1.4384 1.0000	</row3>
		</transform>
	</node>
	<node>
		<identifier>	MP_GM856_Mastheadlight	</identifier>
		<parent>	Scene Root	</parent>
		<transform>
			<row0>	1.0000 0.0000 0.0000 0.0000	</row0>
			<row1>	0.0000 1.0000 0.0000 0.0000	</row1>
			<row2>	0.0000 0.0000 1.0000 0.0000	</row2>
			<row3>	0.0000 1.8896 1.5622 1.0000	</row3>
		</transform>
	</node>
	<node>
		<identifier>	MP_GM857_Searchlight_1_1m	</identifier>
		<parent>	Scene Root	</parent>
		<transform>
			<row0>	1.0000 0.0000 0.0000 0.0000	</row0>
			<row1>	0.0000 1.0000 0.0000 0.0000	</row1>
			<row2>	0.0000 0.0000 1.0000 0.0000	</row2>
			<row3>	-0.0911 1.0736 1.1584 1.0000	</row3>
		</transform>
	</node>
	<node>
		<identifier>	MP_GM857_Searchlight_1_1m_INDEX_1	</identifier>
		<parent>	Scene Root	</parent>
		<transform>
			<row0>	1.0000 0.0000 0.0000 0.0000	</row0>
			<row1>	0.0000 1.0000 0.0000 0.0000	</row1>
			<row2>	0.0000 0.0000 1.0000 0.0000	</row2>
			<row3>	0.0911 1.0736 1.1584 1.0000	</row3>
		</transform>
	</node>
	<node>
		<identifier>	MP_GM857_Searchlight_1_1m_INDEX_2	</identifier>
		<parent>	Scene Root	</parent>
		<transform>
			<row0>	0.0000 0.0000 1.0000 0.0000	</row0>
			<row1>	0.0000 1.0000 0.0000 0.0000	</row1>
			<row2>	-1.0000 0.0000 0.0000 0.0000	</row2>
			<row3>	-0.2517 0.9398 0.6971 1.0000	</row3>
		</transform>
	</node>
	<node>
		<identifier>	MP_GM857_Searchlight_1_1m_INDEX_3	</identifier>
		<parent>	Scene Root	</parent>
		<transform>
			<row0>	0.0000 0.0000 -1.0000 0.0000	</row0>
			<row1>	0.0000 1.0000 0.0000 0.0000	</row1>
			<row2>	1.0000 0.0000 0.0000 0.0000	</row2>
			<row3>	0.2517 0.9398 0.6971 1.0000	</row3>
		</transform>
	</node>
	<node>
		<identifier>	MP_GM966_Firelead	</identifier>
		<parent>	Scene Root	</parent>
		<transform>
			<row0>	0.6951 0.0000 0.0828 0.0000	</row0>
			<row1>	0.0000 0.7000 0.0000 0.0000	</row1>
			<row2>	-0.0828 0.0000 0.6951 0.0000	</row2>
			<row3>	0.6989 0.2945 2.9684 1.0000	</row3>
		</transform>
	</node>
	<node>
		<identifier>	MP_GM966_Firelead_INDEX_1	</identifier>
		<parent>	Scene Root	</parent>
		<transform>
			<row0>	0.6999 0.0000 -0.0111 0.0000	</row0>
			<row1>	0.0000 0.7000 0.0000 0.0000	</row1>
			<row2>	0.0111 0.0000 0.6999 0.0000	</row2>
			<row3>	-0.6801 0.4028 1.7456 1.0000	</row3>
		</transform>
	</node>
	<node>
		<identifier>	MP_GM966_Firelead_INDEX_2	</identifier>
		<parent>	Scene Root	</parent>
		<transform>
			<row0>	0.6999 0.0000 0.0111 0.0000	</row0>
			<row1>	0.0000 0.7000 0.0000 0.0000	</row1>
			<row2>	-0.0111 0.0000 0.6999 0.0000	</row2>
			<row3>	0.6801 0.4028 1.7456 1.0000	</row3>
		</transform>
	</node>
	<node>
		<identifier>	MP_GM966_Firelead_INDEX_3	</identifier>
		<parent>	Scene Root	</parent>
		<transform>
			<row0>	0.6951 0.0000 -0.0828 0.0000	</row0>
			<row1>	0.0000 0.7000 0.0000 0.0000	</row1>
			<row2>	0.0828 0.0000 0.6951 0.0000	</row2>
			<row3>	-0.6989 0.2945 2.9684 1.0000	</row3>
		</transform>
	</node>
</GSB033_Derfflinger_1915_MidFront.skel_ext>
