<VSB002_Atlantico_1945_MidFront_ep.skel_ext>
	<exported>	false	</exported>
	<node>
		<identifier>	EP_Death_1	</identifier>
		<parent>	Scene Root	</parent>
		<transform>
			<row0>	1.0000 0.0000 0.0000 0.0000	</row0>
			<row1>	0.0000 1.0000 0.0000 0.0000	</row1>
			<row2>	0.0000 0.0000 1.0000 0.0000	</row2>
			<row3>	0.0000 0.0000 3.7957 1.0000	</row3>
		</transform>
	</node>
	<node>
		<identifier>	EP_Fire_2	</identifier>
		<parent>	Scene Root	</parent>
		<transform>
			<row0>	1.0000 0.0000 0.0000 0.0000	</row0>
			<row1>	0.0000 1.0000 0.0000 0.0000	</row1>
			<row2>	0.0000 0.0000 1.0000 0.0000	</row2>
			<row3>	0.0000 0.5769 1.4838 1.0000	</row3>
		</transform>
	</node>
	<node>
		<identifier>	EP_Fire_2_side_1	</identifier>
		<parent>	Scene Root	</parent>
		<transform>
			<row0>	0.9986 0.0000 -0.0531 0.0000	</row0>
			<row1>	0.0000 1.0000 0.0000 0.0000	</row1>
			<row2>	0.0531 0.0000 0.9986 0.0000	</row2>
			<row3>	-0.7075 0.4975 3.0872 1.0000	</row3>
		</transform>
	</node>
	<node>
		<identifier>	EP_Fire_2_side_2	</identifier>
		<parent>	Scene Root	</parent>
		<transform>
			<row0>	0.9971 0.0000 0.0763 0.0000	</row0>
			<row1>	0.0000 1.0000 0.0000 0.0000	</row1>
			<row2>	-0.0763 0.0000 0.9971 0.0000	</row2>
			<row3>	0.3722 0.6341 2.2981 1.0000	</row3>
		</transform>
	</node>
	<node>
		<identifier>	EP_FloodLight_left_2	</identifier>
		<parent>	Scene Root	</parent>
		<transform>
			<row0>	-0.9905 0.0000 0.1379 0.0000	</row0>
			<row1>	0.0000 1.0000 0.0000 0.0000	</row1>
			<row2>	-0.1379 0.0000 -0.9905 0.0000	</row2>
			<row3>	-0.2038 0.7118 2.0323 1.0000	</row3>
		</transform>
	</node>
	<node>
		<identifier>	EP_FloodLight_right_2	</identifier>
		<parent>	Scene Root	</parent>
		<transform>
			<row0>	0.9900 0.0000 0.1411 0.0000	</row0>
			<row1>	0.0000 1.0000 0.0000 0.0000	</row1>
			<row2>	-0.1411 0.0000 0.9900 0.0000	</row2>
			<row3>	0.2042 0.7092 2.0325 1.0000	</row3>
		</transform>
	</node>
	<node>
		<identifier>	EP_Flood_steam_1	</identifier>
		<parent>	Scene Root	</parent>
		<transform>
			<row0>	0.6226 0.7455 -0.2381 0.0000	</row0>
			<row1>	-0.6836 0.3700 -0.6291 0.0000	</row1>
			<row2>	-0.3808 0.5544 0.7400 0.0000	</row2>
			<row3>	-0.0205 1.1873 1.0972 1.0000	</row3>
		</transform>
	</node>
	<node>
		<identifier>	EP_Flood_steam_2	</identifier>
		<parent>	Scene Root	</parent>
		<transform>
			<row0>	0.8547 -0.3694 -0.3648 0.0000	</row0>
			<row1>	0.2262 0.8974 -0.3788 0.0000	</row1>
			<row2>	0.4673 0.2412 0.8506 0.0000	</row2>
			<row3>	0.0201 1.1874 1.0975 1.0000	</row3>
		</transform>
	</node>
	<node>
		<identifier>	EP_Flood_steam_left	</identifier>
		<parent>	Scene Root	</parent>
		<transform>
			<row0>	-1.0000 0.0000 0.0000 0.0000	</row0>
			<row1>	0.0000 1.0000 0.0000 0.0000	</row1>
			<row2>	0.0000 0.0000 -1.0000 0.0000	</row2>
			<row3>	-0.7884 0.3512 3.4156 1.0000	</row3>
		</transform>
	</node>
	<node>
		<identifier>	EP_Flood_water_left_2	</identifier>
		<parent>	Scene Root	</parent>
		<transform>
			<row0>	-0.9957 0.0000 0.0927 0.0000	</row0>
			<row1>	0.0000 1.0000 0.0000 0.0000	</row1>
			<row2>	-0.0927 0.0000 -0.9957 0.0000	</row2>
			<row3>	-0.8414 0.1190 2.8660 1.0000	</row3>
		</transform>
	</node>
	<node>
		<identifier>	EP_Flood_water_right_2	</identifier>
		<parent>	Scene Root	</parent>
		<transform>
			<row0>	0.9950 0.0000 0.0996 0.0000	</row0>
			<row1>	0.0000 1.0000 0.0000 0.0000	</row1>
			<row2>	-0.0996 0.0000 0.9950 0.0000	</row2>
			<row3>	0.8409 0.1170 2.8664 1.0000	</row3>
		</transform>
	</node>
	<node>
		<identifier>	EP_RepairLight_right_1	</identifier>
		<parent>	Scene Root	</parent>
		<transform>
			<row0>	0.1050 0.0000 -0.9945 0.0000	</row0>
			<row1>	0.0789 0.9969 0.0083 0.0000	</row1>
			<row2>	0.9913 -0.0793 0.1046 0.0000	</row2>
			<row3>	0.7388 0.4075 3.8779 1.0000	</row3>
		</transform>
	</node>
	<node>
		<identifier>	EP_Smoke_1	</identifier>
		<parent>	Scene Root	</parent>
		<transform>
			<row0>	1.0000 0.0000 0.0000 0.0000	</row0>
			<row1>	0.0000 0.9979 -0.0638 0.0000	</row1>
			<row2>	0.0000 0.0638 0.9979 0.0000	</row2>
			<row3>	0.0000 1.3870 1.2606 1.0000	</row3>
		</transform>
	</node>
</VSB002_Atlantico_1945_MidFront_ep.skel_ext>
