<WSC301_Svea_1954_Stern.skel_ext>
	<exported>	true	</exported>
	<node>
		<identifier>	MP_CM161_Propeller_4_8m_BB_R	</identifier>
		<parent>	Scene Root	</parent>
		<transform>
			<row0>	-0.0464 -0.8686 0.0178 0.0000	</row0>
			<row1>	0.8687 -0.0462 0.0084 0.0000	</row1>
			<row2>	-0.0074 0.0182 0.8698 0.0000	</row2>
			<row3>	0.2934 -0.2984 -4.9411 1.0000	</row3>
		</transform>
	</node>
	<node>
		<identifier>	MP_CM162_Propeller_4_8m_BB_L	</identifier>
		<parent>	Scene Root	</parent>
		<transform>
			<row0>	0.8687 0.0444 -0.0147 0.0000	</row0>
			<row1>	-0.0447 0.8687 -0.0186 0.0000	</row1>
			<row2>	0.0138 0.0193 0.8697 0.0000	</row2>
			<row3>	-0.2935 -0.2984 -4.9411 1.0000	</row3>
		</transform>
	</node>
	<node>
		<identifier>	MP_WM002_Boat_8m	</identifier>
		<parent>	Scene Root	</parent>
		<transform>
			<row0>	0.9953 -0.0263 -0.0927 0.0000	</row0>
			<row1>	0.0272 0.9996 0.0091 0.0000	</row1>
			<row2>	0.0924 -0.0116 0.9957 0.0000	</row2>
			<row3>	0.3329 0.3123 -4.4281 1.0000	</row3>
		</transform>
	</node>
	<node>
		<identifier>	MP_WM002_Boat_8m_INDEX_1	</identifier>
		<parent>	Scene Root	</parent>
		<transform>
			<row0>	0.9953 0.0263 0.0927 0.0000	</row0>
			<row1>	-0.0272 0.9996 0.0091 0.0000	</row1>
			<row2>	-0.0924 -0.0116 0.9957 0.0000	</row2>
			<row3>	-0.3329 0.3123 -4.4281 1.0000	</row3>
		</transform>
	</node>
	<node>
		<identifier>	MP_WM004_Life_buoy	</identifier>
		<parent>	Scene Root	</parent>
		<transform>
			<row0>	0.2049 0.0000 0.9788 0.0000	</row0>
			<row1>	0.0000 1.0000 0.0000 0.0000	</row1>
			<row2>	-0.9788 0.0000 0.2049 0.0000	</row2>
			<row3>	0.2639 0.3278 -5.6860 1.0000	</row3>
		</transform>
	</node>
	<node>
		<identifier>	MP_WM004_Life_buoy_INDEX_1	</identifier>
		<parent>	Scene Root	</parent>
		<transform>
			<row0>	0.2049 0.0000 -0.9788 0.0000	</row0>
			<row1>	0.0000 1.0000 0.0000 0.0000	</row1>
			<row2>	0.9788 0.0000 0.2049 0.0000	</row2>
			<row3>	-0.2639 0.3278 -5.6860 1.0000	</row3>
		</transform>
	</node>
	<node>
		<identifier>	MP_WM019_Basket	</identifier>
		<parent>	Scene Root	</parent>
		<transform>
			<row0>	1.0000 0.0000 0.0000 0.0000	</row0>
			<row1>	0.0000 1.0000 0.0000 0.0000	</row1>
			<row2>	0.0000 0.0000 1.0000 0.0000	</row2>
			<row3>	0.0623 0.2562 -5.0999 1.0000	</row3>
		</transform>
	</node>
	<node>
		<identifier>	MP_WM019_Basket_INDEX_1	</identifier>
		<parent>	Scene Root	</parent>
		<transform>
			<row0>	1.0000 0.0000 0.0000 0.0000	</row0>
			<row1>	0.0000 1.0000 0.0000 0.0000	</row1>
			<row2>	0.0000 0.0000 1.0000 0.0000	</row2>
			<row3>	-0.0623 0.2562 -5.0999 1.0000	</row3>
		</transform>
	</node>
	<node>
		<identifier>	MP_WM030_Fire_Hose_SW	</identifier>
		<parent>	Scene Root	</parent>
		<transform>
			<row0>	-0.0179 0.0000 -0.9998 0.0000	</row0>
			<row1>	0.0000 1.0000 0.0000 0.0000	</row1>
			<row2>	0.9998 0.0000 -0.0179 0.0000	</row2>
			<row3>	0.0677 0.3249 -5.1826 1.0000	</row3>
		</transform>
	</node>
	<node>
		<identifier>	MP_WM070_Reels_2	</identifier>
		<parent>	Scene Root	</parent>
		<transform>
			<row0>	0.0000 0.0170 -0.9999 0.0000	</row0>
			<row1>	-1.0000 0.0000 0.0000 0.0000	</row1>
			<row2>	0.0000 0.9999 0.0170 0.0000	</row2>
			<row3>	-0.1752 0.2474 -4.3504 1.0000	</row3>
		</transform>
	</node>
	<node>
		<identifier>	MP_WM070_Reels_2_INDEX_1	</identifier>
		<parent>	Scene Root	</parent>
		<transform>
			<row0>	1.0000 0.0000 0.0000 0.0000	</row0>
			<row1>	0.0000 0.0077 -1.0000 0.0000	</row1>
			<row2>	0.0000 1.0000 0.0077 0.0000	</row2>
			<row3>	0.0000 0.2519 -4.6437 1.0000	</row3>
		</transform>
	</node>
	<node>
		<identifier>	MP_WM070_Reels_2_INDEX_2	</identifier>
		<parent>	Scene Root	</parent>
		<transform>
			<row0>	0.0000 -0.0170 0.9999 0.0000	</row0>
			<row1>	1.0000 0.0000 0.0000 0.0000	</row1>
			<row2>	0.0000 0.9999 0.0170 0.0000	</row2>
			<row3>	0.1752 0.2474 -4.3504 1.0000	</row3>
		</transform>
	</node>
	<node>
		<identifier>	MP_WM097_Reels	</identifier>
		<parent>	Scene Root	</parent>
		<transform>
			<row0>	0.9999 0.0109 -0.0026 0.0000	</row0>
			<row1>	-0.0109 0.9999 0.0132 0.0000	</row1>
			<row2>	0.0027 -0.0132 0.9999 0.0000	</row2>
			<row3>	-0.1225 0.2492 -4.5622 1.0000	</row3>
		</transform>
	</node>
	<node>
		<identifier>	MP_WM097_Reels_INDEX_1	</identifier>
		<parent>	Scene Root	</parent>
		<transform>
			<row0>	-0.0043 0.0154 -0.9999 0.0000	</row0>
			<row1>	-0.0033 0.9999 0.0154 0.0000	</row1>
			<row2>	1.0000 0.0034 -0.0043 0.0000	</row2>
			<row3>	-0.0023 0.2550 -4.9665 1.0000	</row3>
		</transform>
	</node>
	<node>
		<identifier>	MP_WM097_Reels_INDEX_2	</identifier>
		<parent>	Scene Root	</parent>
		<transform>
			<row0>	-0.9999 0.0103 0.0029 0.0000	</row0>
			<row1>	0.0103 0.9999 0.0132 0.0000	</row1>
			<row2>	-0.0027 0.0132 -0.9999 0.0000	</row2>
			<row3>	0.1135 0.2481 -4.4635 1.0000	</row3>
		</transform>
	</node>
	<node>
		<identifier>	MP_WM5005_Name_Svea	</identifier>
		<parent>	Scene Root	</parent>
		<transform>
			<row0>	1.0000 0.0000 0.0000 0.0000	</row0>
			<row1>	0.0000 1.0000 0.0000 0.0000	</row1>
			<row2>	0.0000 0.0000 1.0000 0.0000	</row2>
			<row3>	0.0000 0.2408 -5.7662 1.0000	</row3>
		</transform>
	</node>
	<node>
		<identifier>	MP_WM701_Ammo_box_SW	</identifier>
		<parent>	Scene Root	</parent>
		<transform>
			<row0>	1.0000 0.0000 0.0000 0.0000	</row0>
			<row1>	0.0000 1.0000 0.0000 0.0000	</row1>
			<row2>	0.0000 0.0000 1.0000 0.0000	</row2>
			<row3>	0.0000 0.2470 -4.2569 1.0000	</row3>
		</transform>
	</node>
	<node>
		<identifier>	MP_WM957_Hall_Anchor_bottom	</identifier>
		<parent>	Scene Root	</parent>
		<transform>
			<row0>	0.7000 0.0000 0.0000 0.0000	</row0>
			<row1>	0.0000 0.6844 0.1469 0.0000	</row1>
			<row2>	0.0000 -0.1469 0.6844 0.0000	</row2>
			<row3>	0.0000 0.1161 -6.1419 1.0000	</row3>
		</transform>
	</node>
	<node>
		<identifier>	MP_WM958_Hall_Anchor_up	</identifier>
		<parent>	Scene Root	</parent>
		<transform>
			<row0>	0.7000 0.0000 0.0000 0.0000	</row0>
			<row1>	0.0000 0.4878 0.5021 0.0000	</row1>
			<row2>	0.0000 -0.5021 0.4878 0.0000	</row2>
			<row3>	0.0000 0.1161 -6.1419 1.0000	</row3>
		</transform>
	</node>
	<node>
		<identifier>	MP_WM961_Fender_long_SW	</identifier>
		<parent>	Scene Root	</parent>
		<transform>
			<row0>	0.0000 0.0000 -1.0000 0.0000	</row0>
			<row1>	0.0000 1.0000 0.0000 0.0000	</row1>
			<row2>	1.0000 0.0000 0.0000 0.0000	</row2>
			<row3>	0.0658 0.3329 -5.2335 1.0000	</row3>
		</transform>
	</node>
	<node>
		<identifier>	MP_WM961_Fender_long_SW_INDEX_1	</identifier>
		<parent>	Scene Root	</parent>
		<transform>
			<row0>	0.0000 0.0000 1.0000 0.0000	</row0>
			<row1>	0.0000 1.0000 0.0000 0.0000	</row1>
			<row2>	-1.0000 0.0000 0.0000 0.0000	</row2>
			<row3>	-0.0658 0.3329 -5.2057 1.0000	</row3>
		</transform>
	</node>
	<node>
		<identifier>	SP_YMS023_YHUC_L_1	</identifier>
		<parent>	Scene Root	</parent>
		<transform>
			<row0>	0.5519 -0.0282 0.0094 0.0000	</row0>
			<row1>	0.0284 0.5518 -0.0118 0.0000	</row1>
			<row2>	-0.0087 0.0122 0.5525 0.0000	</row2>
			<row3>	0.2935 -0.3002 -4.9411 1.0000	</row3>
		</transform>
	</node>
	<node>
		<identifier>	SP_YMS023_YHUC_L_1_INDEX_1	</identifier>
		<parent>	Scene Root	</parent>
		<transform>
			<row0>	0.5519 0.0282 -0.0094 0.0000	</row0>
			<row1>	-0.0284 0.5518 -0.0118 0.0000	</row1>
			<row2>	0.0087 0.0122 0.5525 0.0000	</row2>
			<row3>	-0.2935 -0.3002 -4.9411 1.0000	</row3>
		</transform>
	</node>
	<node>
		<identifier>	SP_YMS031_YHAL_M_1	</identifier>
		<parent>	Scene Root	</parent>
		<transform>
			<row0>	0.9704 0.0000 0.2414 0.0000	</row0>
			<row1>	0.0000 1.0000 0.0000 0.0000	</row1>
			<row2>	-0.2414 0.0000 0.9704 0.0000	</row2>
			<row3>	-0.2965 0.1355 -5.7283 1.0000	</row3>
		</transform>
	</node>
	<node>
		<identifier>	SP_YMS032_YHAR_M_1	</identifier>
		<parent>	Scene Root	</parent>
		<transform>
			<row0>	0.9753 0.0000 -0.2208 0.0000	</row0>
			<row1>	0.0000 1.0000 0.0000 0.0000	</row1>
			<row2>	0.2208 0.0000 0.9753 0.0000	</row2>
			<row3>	0.2989 0.1355 -5.7293 1.0000	</row3>
		</transform>
	</node>
	<node>
		<identifier>	SP_YMS053_YHDC_S_1_INDEX_1	</identifier>
		<parent>	Scene Root	</parent>
		<transform>
			<row0>	0.6906 0.0000 0.0000 0.0000	</row0>
			<row1>	0.0000 0.6906 0.0000 0.0000	</row1>
			<row2>	0.0000 0.0000 0.6906 0.0000	</row2>
			<row3>	-0.2806 0.2614 -4.9756 1.0000	</row3>
		</transform>
	</node>
	<node>
		<identifier>	SP_YMS053_YHDC_S_1_INDEX_12	</identifier>
		<parent>	Scene Root	</parent>
		<transform>
			<row0>	0.6906 0.0000 0.0000 0.0000	</row0>
			<row1>	0.0000 0.6906 0.0000 0.0000	</row1>
			<row2>	0.0000 0.0000 0.6906 0.0000	</row2>
			<row3>	0.2806 0.2614 -4.9756 1.0000	</row3>
		</transform>
	</node>
	<node>
		<identifier>	SP_YMS083_YHSC_L_1	</identifier>
		<parent>	Scene Root	</parent>
		<transform>
			<row0>	0.0597 -0.0009 0.6241 0.0000	</row0>
			<row1>	0.0886 0.6206 -0.0075 0.0000	</row1>
			<row2>	-0.6178 0.0890 0.0593 0.0000	</row2>
			<row3>	0.4110 0.2290 -4.4643 1.0000	</row3>
		</transform>
	</node>
	<node>
		<identifier>	SP_YMS083_YHSC_L_1_INDEX_3	</identifier>
		<parent>	Scene Root	</parent>
		<transform>
			<row0>	0.0597 0.0009 -0.6241 0.0000	</row0>
			<row1>	-0.0886 0.6206 -0.0075 0.0000	</row1>
			<row2>	0.6178 0.0890 0.0593 0.0000	</row2>
			<row3>	-0.4111 0.2290 -4.4643 1.0000	</row3>
		</transform>
	</node>
</WSC301_Svea_1954_Stern.skel_ext>
