<GSB033_Derfflinger_1915_Stern.skel_ext>
	<exported>	true	</exported>
	<node>
		<identifier>	MP_CM011_Fire_Fighting_Gear	</identifier>
		<parent>	Scene Root	</parent>
		<transform>
			<row0>	1.0000 0.0000 0.0000 0.0000	</row0>
			<row1>	0.0000 1.0000 0.0000 0.0000	</row1>
			<row2>	0.0000 0.0000 1.0000 0.0000	</row2>
			<row3>	0.0000 0.2310 -6.5581 1.0000	</row3>
		</transform>
	</node>
	<node>
		<identifier>	MP_CM126_Cleat	</identifier>
		<parent>	Scene Root	</parent>
		<transform>
			<row0>	0.9965 0.0000 0.0835 0.0000	</row0>
			<row1>	0.0000 1.0000 0.0000 0.0000	</row1>
			<row2>	-0.0835 0.0000 0.9965 0.0000	</row2>
			<row3>	-0.7150 0.1961 -3.8357 1.0000	</row3>
		</transform>
	</node>
	<node>
		<identifier>	MP_CM126_Cleat_INDEX_1	</identifier>
		<parent>	Scene Root	</parent>
		<transform>
			<row0>	0.9965 0.0000 -0.0835 0.0000	</row0>
			<row1>	0.0000 1.0000 0.0000 0.0000	</row1>
			<row2>	0.0835 0.0000 0.9965 0.0000	</row2>
			<row3>	0.7150 0.1961 -3.8357 1.0000	</row3>
		</transform>
	</node>
	<node>
		<identifier>	MP_CM126_Cleat_INDEX_2	</identifier>
		<parent>	Scene Root	</parent>
		<transform>
			<row0>	0.9728 0.0000 -0.2317 0.0000	</row0>
			<row1>	0.0000 1.0000 0.0000 0.0000	</row1>
			<row2>	0.2317 0.0000 0.9728 0.0000	</row2>
			<row3>	0.4007 0.2085 -5.7583 1.0000	</row3>
		</transform>
	</node>
	<node>
		<identifier>	MP_CM126_Cleat_INDEX_3	</identifier>
		<parent>	Scene Root	</parent>
		<transform>
			<row0>	0.9899 0.0000 0.1419 0.0000	</row0>
			<row1>	0.0000 1.0000 0.0000 0.0000	</row1>
			<row2>	-0.1419 0.0000 0.9899 0.0000	</row2>
			<row3>	-0.6377 0.1990 -4.4785 1.0000	</row3>
		</transform>
	</node>
	<node>
		<identifier>	MP_CM126_Cleat_INDEX_4	</identifier>
		<parent>	Scene Root	</parent>
		<transform>
			<row0>	0.9899 0.0000 -0.1419 0.0000	</row0>
			<row1>	0.0000 1.0000 0.0000 0.0000	</row1>
			<row2>	0.1419 0.0000 0.9899 0.0000	</row2>
			<row3>	0.6377 0.1990 -4.4785 1.0000	</row3>
		</transform>
	</node>
	<node>
		<identifier>	MP_CM126_Cleat_INDEX_5	</identifier>
		<parent>	Scene Root	</parent>
		<transform>
			<row0>	0.9675 0.0000 0.2530 0.0000	</row0>
			<row1>	0.0000 1.0000 0.0000 0.0000	</row1>
			<row2>	-0.2530 0.0000 0.9675 0.0000	</row2>
			<row3>	-0.4007 0.2085 -5.7583 1.0000	</row3>
		</transform>
	</node>
	<node>
		<identifier>	MP_CM126_Cleat_INDEX_6	</identifier>
		<parent>	Scene Root	</parent>
		<transform>
			<row0>	0.9728 0.0000 -0.2318 0.0000	</row0>
			<row1>	0.0000 1.0000 0.0000 0.0000	</row1>
			<row2>	0.2318 0.0000 0.9728 0.0000	</row2>
			<row3>	0.4214 0.2085 -5.6666 1.0000	</row3>
		</transform>
	</node>
	<node>
		<identifier>	MP_CM126_Cleat_INDEX_7	</identifier>
		<parent>	Scene Root	</parent>
		<transform>
			<row0>	0.9728 0.0000 0.2318 0.0000	</row0>
			<row1>	0.0000 1.0000 0.0000 0.0000	</row1>
			<row2>	-0.2318 0.0000 0.9728 0.0000	</row2>
			<row3>	-0.4214 0.2085 -5.6666 1.0000	</row3>
		</transform>
	</node>
	<node>
		<identifier>	MP_CM161_Propeller_4_8m_BB_R	</identifier>
		<parent>	Scene Root	</parent>
		<transform>
			<row0>	1.2400 0.0000 0.0000 0.0000	</row0>
			<row1>	0.0000 1.2400 0.0000 0.0000	</row1>
			<row2>	0.0000 0.0000 1.2400 0.0000	</row2>
			<row3>	0.4711 -0.3711 -5.4717 1.0000	</row3>
		</transform>
	</node>
	<node>
		<identifier>	MP_CM161_Propeller_4_8m_BB_R_INDEX_1	</identifier>
		<parent>	Scene Root	</parent>
		<transform>
			<row0>	1.1503 -0.4635 0.0253 0.0000	</row0>
			<row1>	0.4639 1.1502 -0.0221 0.0000	</row1>
			<row2>	-0.0152 0.0299 1.2400 0.0000	</row2>
			<row3>	0.2191 -0.4437 -6.0795 1.0000	</row3>
		</transform>
	</node>
	<node>
		<identifier>	MP_CM162_Propeller_4_8m_BB_L	</identifier>
		<parent>	Scene Root	</parent>
		<transform>
			<row0>	1.1503 0.4635 -0.0253 0.0000	</row0>
			<row1>	-0.4639 1.1502 -0.0221 0.0000	</row1>
			<row2>	0.0152 0.0299 1.2400 0.0000	</row2>
			<row3>	-0.2191 -0.4437 -6.0795 1.0000	</row3>
		</transform>
	</node>
	<node>
		<identifier>	MP_CM162_Propeller_4_8m_BB_L_INDEX_1	</identifier>
		<parent>	Scene Root	</parent>
		<transform>
			<row0>	1.2400 0.0000 0.0000 0.0000	</row0>
			<row1>	0.0000 1.2400 0.0000 0.0000	</row1>
			<row2>	0.0000 0.0000 1.2400 0.0000	</row2>
			<row3>	-0.4711 -0.3711 -5.4717 1.0000	</row3>
		</transform>
	</node>
	<node>
		<identifier>	MP_GM172_Monogramm_Derfflinger	</identifier>
		<parent>	Scene Root	</parent>
		<transform>
			<row0>	-0.4381 0.0104 0.8989 0.0000	</row0>
			<row1>	0.1138 0.9925 0.0440 0.0000	</row1>
			<row2>	-0.8917 0.1216 -0.4360 0.0000	</row2>
			<row3>	-0.1630 0.1689 -6.8223 1.0000	</row3>
		</transform>
	</node>
	<node>
		<identifier>	MP_GM172_Monogramm_Derfflinger_INDEX_1	</identifier>
		<parent>	Scene Root	</parent>
		<transform>
			<row0>	-0.4381 -0.0104 -0.8989 0.0000	</row0>
			<row1>	-0.1138 0.9925 0.0440 0.0000	</row1>
			<row2>	0.8917 0.1216 -0.4360 0.0000	</row2>
			<row3>	0.1630 0.1689 -6.8223 1.0000	</row3>
		</transform>
	</node>
	<node>
		<identifier>	MP_GM700_AmmoBox	</identifier>
		<parent>	Scene Root	</parent>
		<transform>
			<row0>	0.0000 0.0000 1.0000 0.0000	</row0>
			<row1>	0.0000 1.0000 0.0000 0.0000	</row1>
			<row2>	-1.0000 0.0000 0.0000 0.0000	</row2>
			<row3>	0.0269 0.2109 -5.0334 1.0000	</row3>
		</transform>
	</node>
	<node>
		<identifier>	MP_GM700_AmmoBox_INDEX_1	</identifier>
		<parent>	Scene Root	</parent>
		<transform>
			<row0>	0.0000 0.0000 -1.0000 0.0000	</row0>
			<row1>	0.0000 1.0000 0.0000 0.0000	</row1>
			<row2>	1.0000 0.0000 0.0000 0.0000	</row2>
			<row3>	-0.0269 0.2109 -5.0334 1.0000	</row3>
		</transform>
	</node>
	<node>
		<identifier>	MP_GM856_Mastheadlight	</identifier>
		<parent>	Scene Root	</parent>
		<transform>
			<row0>	-1.0000 0.0000 0.0000 0.0000	</row0>
			<row1>	0.0000 1.0000 0.0000 0.0000	</row1>
			<row2>	0.0000 0.0000 -1.0000 0.0000	</row2>
			<row3>	0.0000 0.4053 -6.9267 1.0000	</row3>
		</transform>
	</node>
	<node>
		<identifier>	MP_GM966_Firelead	</identifier>
		<parent>	Scene Root	</parent>
		<transform>
			<row0>	0.6835 0.0000 0.1509 0.0000	</row0>
			<row1>	0.0000 0.7000 0.0000 0.0000	</row1>
			<row2>	-0.1509 0.0000 0.6835 0.0000	</row2>
			<row3>	-0.3382 0.2195 -6.0414 1.0000	</row3>
		</transform>
	</node>
	<node>
		<identifier>	MP_GM966_Firelead_INDEX_1	</identifier>
		<parent>	Scene Root	</parent>
		<transform>
			<row0>	0.6835 0.0000 -0.1509 0.0000	</row0>
			<row1>	0.0000 0.7000 0.0000 0.0000	</row1>
			<row2>	0.1509 0.0000 0.6835 0.0000	</row2>
			<row3>	0.3382 0.2195 -6.0414 1.0000	</row3>
		</transform>
	</node>
	<node>
		<identifier>	MP_GM970_Anchor_bottom	</identifier>
		<parent>	Scene Root	</parent>
		<transform>
			<row0>	0.7085 0.0646 -0.0090 0.0000	</row0>
			<row1>	-0.0434 0.5400 0.4613 0.0000	</row1>
			<row2>	0.0487 -0.4588 0.5417 0.0000	</row2>
			<row3>	-0.0004 0.1545 -6.9890 1.0000	</row3>
		</transform>
	</node>
</GSB033_Derfflinger_1915_Stern.skel_ext>
