<ZSD006_Jian_Wei_1930_Bow.skel_ext>
	<exported>	true	</exported>
	<node>
		<identifier>	MP_ZM056_Artillery_shell	</identifier>
		<parent>	Scene Root	</parent>
		<transform>
			<row0>	-0.9981 0.0000 0.0611 0.0000	</row0>
			<row1>	0.0000 1.0000 0.0000 0.0000	</row1>
			<row2>	-0.0611 0.0000 -0.9981 0.0000	</row2>
			<row3>	-0.2687 0.3555 2.2973 1.0000	</row3>
		</transform>
	</node>
	<node>
		<identifier>	MP_ZM056_Artillery_shell_INDEX_1	</identifier>
		<parent>	Scene Root	</parent>
		<transform>
			<row0>	0.9976 0.0000 0.0698 0.0000	</row0>
			<row1>	0.0000 1.0000 0.0000 0.0000	</row1>
			<row2>	-0.0698 0.0000 0.9976 0.0000	</row2>
			<row3>	0.2645 0.3568 2.3568 1.0000	</row3>
		</transform>
	</node>
	<node>
		<identifier>	MP_ZM056_Artillery_shell_INDEX_10	</identifier>
		<parent>	Scene Root	</parent>
		<transform>
			<row0>	-0.9976 0.0000 0.0698 0.0000	</row0>
			<row1>	0.0000 1.0000 0.0000 0.0000	</row1>
			<row2>	-0.0698 0.0000 -0.9976 0.0000	</row2>
			<row3>	-0.2645 0.3568 2.3568 1.0000	</row3>
		</transform>
	</node>
	<node>
		<identifier>	MP_ZM056_Artillery_shell_INDEX_11	</identifier>
		<parent>	Scene Root	</parent>
		<transform>
			<row0>	-0.9976 0.0000 0.0698 0.0000	</row0>
			<row1>	0.0000 1.0000 0.0000 0.0000	</row1>
			<row2>	-0.0698 0.0000 -0.9976 0.0000	</row2>
			<row3>	-0.2603 0.3580 2.4165 1.0000	</row3>
		</transform>
	</node>
	<node>
		<identifier>	MP_ZM056_Artillery_shell_INDEX_12	</identifier>
		<parent>	Scene Root	</parent>
		<transform>
			<row0>	-0.9986 0.0000 0.0524 0.0000	</row0>
			<row1>	0.0000 1.0000 0.0000 0.0000	</row1>
			<row2>	-0.0524 0.0000 -0.9986 0.0000	</row2>
			<row3>	-0.2718 0.3546 2.2377 1.0000	</row3>
		</transform>
	</node>
	<node>
		<identifier>	MP_ZM056_Artillery_shell_INDEX_13	</identifier>
		<parent>	Scene Root	</parent>
		<transform>
			<row0>	-0.9976 0.0000 0.0698 0.0000	</row0>
			<row1>	0.0000 1.0000 0.0000 0.0000	</row1>
			<row2>	-0.0698 0.0000 -0.9976 0.0000	</row2>
			<row3>	-0.2557 0.3592 2.4762 1.0000	</row3>
		</transform>
	</node>
	<node>
		<identifier>	MP_ZM056_Artillery_shell_INDEX_14	</identifier>
		<parent>	Scene Root	</parent>
		<transform>
			<row0>	-0.9966 0.0000 0.0828 0.0000	</row0>
			<row1>	0.0000 1.0000 0.0000 0.0000	</row1>
			<row2>	-0.0828 0.0000 -0.9966 0.0000	</row2>
			<row3>	-0.2476 0.3619 2.5954 1.0000	</row3>
		</transform>
	</node>
	<node>
		<identifier>	MP_ZM056_Artillery_shell_INDEX_15	</identifier>
		<parent>	Scene Root	</parent>
		<transform>
			<row0>	0.9976 0.0000 0.0698 0.0000	</row0>
			<row1>	0.0000 1.0000 0.0000 0.0000	</row1>
			<row2>	-0.0698 0.0000 0.9976 0.0000	</row2>
			<row3>	0.2557 0.3592 2.4762 1.0000	</row3>
		</transform>
	</node>
	<node>
		<identifier>	MP_ZM056_Artillery_shell_INDEX_2	</identifier>
		<parent>	Scene Root	</parent>
		<transform>
			<row0>	-0.9976 0.0000 0.0698 0.0000	</row0>
			<row1>	0.0000 1.0000 0.0000 0.0000	</row1>
			<row2>	-0.0698 0.0000 -0.9976 0.0000	</row2>
			<row3>	-0.2517 0.3606 2.5357 1.0000	</row3>
		</transform>
	</node>
	<node>
		<identifier>	MP_ZM056_Artillery_shell_INDEX_3	</identifier>
		<parent>	Scene Root	</parent>
		<transform>
			<row0>	0.9986 0.0000 0.0524 0.0000	</row0>
			<row1>	0.0000 1.0000 0.0000 0.0000	</row1>
			<row2>	-0.0524 0.0000 0.9986 0.0000	</row2>
			<row3>	0.2718 0.3546 2.2377 1.0000	</row3>
		</transform>
	</node>
	<node>
		<identifier>	MP_ZM056_Artillery_shell_INDEX_4	</identifier>
		<parent>	Scene Root	</parent>
		<transform>
			<row0>	-0.9985 0.0000 0.0540 0.0000	</row0>
			<row1>	0.0000 1.0000 0.0000 0.0000	</row1>
			<row2>	-0.0540 0.0000 -0.9985 0.0000	</row2>
			<row3>	-0.2748 0.3536 2.1780 1.0000	</row3>
		</transform>
	</node>
	<node>
		<identifier>	MP_ZM056_Artillery_shell_INDEX_5	</identifier>
		<parent>	Scene Root	</parent>
		<transform>
			<row0>	0.9985 0.0000 0.0540 0.0000	</row0>
			<row1>	0.0000 1.0000 0.0000 0.0000	</row1>
			<row2>	-0.0540 0.0000 0.9985 0.0000	</row2>
			<row3>	0.2748 0.3536 2.1780 1.0000	</row3>
		</transform>
	</node>
	<node>
		<identifier>	MP_ZM056_Artillery_shell_INDEX_6	</identifier>
		<parent>	Scene Root	</parent>
		<transform>
			<row0>	0.9981 0.0000 0.0611 0.0000	</row0>
			<row1>	0.0000 1.0000 0.0000 0.0000	</row1>
			<row2>	-0.0611 0.0000 0.9981 0.0000	</row2>
			<row3>	0.2687 0.3555 2.2973 1.0000	</row3>
		</transform>
	</node>
	<node>
		<identifier>	MP_ZM056_Artillery_shell_INDEX_7	</identifier>
		<parent>	Scene Root	</parent>
		<transform>
			<row0>	0.9976 0.0000 0.0698 0.0000	</row0>
			<row1>	0.0000 1.0000 0.0000 0.0000	</row1>
			<row2>	-0.0698 0.0000 0.9976 0.0000	</row2>
			<row3>	0.2603 0.3580 2.4165 1.0000	</row3>
		</transform>
	</node>
	<node>
		<identifier>	MP_ZM056_Artillery_shell_INDEX_8	</identifier>
		<parent>	Scene Root	</parent>
		<transform>
			<row0>	0.9976 0.0000 0.0698 0.0000	</row0>
			<row1>	0.0000 1.0000 0.0000 0.0000	</row1>
			<row2>	-0.0698 0.0000 0.9976 0.0000	</row2>
			<row3>	0.2517 0.3606 2.5357 1.0000	</row3>
		</transform>
	</node>
	<node>
		<identifier>	MP_ZM056_Artillery_shell_INDEX_9	</identifier>
		<parent>	Scene Root	</parent>
		<transform>
			<row0>	0.9966 0.0000 0.0828 0.0000	</row0>
			<row1>	0.0000 1.0000 0.0000 0.0000	</row1>
			<row2>	-0.0828 0.0000 0.9966 0.0000	</row2>
			<row3>	0.2476 0.3619 2.5954 1.0000	</row3>
		</transform>
	</node>
</ZSD006_Jian_Wei_1930_Bow.skel_ext>
