<BSB036_Collingwood_1942_MidBack.skel_ext>
	<exported>	true	</exported>
	<node>
		<identifier>	MP_BM004_Reels	</identifier>
		<parent>	Scene Root	</parent>
		<transform>
			<row0>	-0.0006 0.0060 1.0000 0.0000	</row0>
			<row1>	-0.0280 0.9996 -0.0060 0.0000	</row1>
			<row2>	-0.9996 -0.0280 -0.0005 0.0000	</row2>
			<row3>	-0.9748 0.4851 -2.3768 1.0000	</row3>
		</transform>
	</node>
	<node>
		<identifier>	MP_BM004_Reels_INDEX_1	</identifier>
		<parent>	Scene Root	</parent>
		<transform>
			<row0>	-0.0161 -0.0055 -0.9999 0.0000	</row0>
			<row1>	0.0280 0.9996 -0.0060 0.0000	</row1>
			<row2>	0.9995 -0.0281 -0.0159 0.0000	</row2>
			<row3>	0.9759 0.4856 -1.6471 1.0000	</row3>
		</transform>
	</node>
	<node>
		<identifier>	MP_BM004_Reels_INDEX_10	</identifier>
		<parent>	Scene Root	</parent>
		<transform>
			<row0>	-0.0006 -0.0060 -1.0000 0.0000	</row0>
			<row1>	0.0280 0.9996 -0.0060 0.0000	</row1>
			<row2>	0.9996 -0.0280 -0.0005 0.0000	</row2>
			<row3>	0.9740 0.4852 -2.0129 1.0000	</row3>
		</transform>
	</node>
	<node>
		<identifier>	MP_BM004_Reels_INDEX_11	</identifier>
		<parent>	Scene Root	</parent>
		<transform>
			<row0>	-0.0161 0.0055 0.9999 0.0000	</row0>
			<row1>	-0.0280 0.9996 -0.0060 0.0000	</row1>
			<row2>	-0.9995 -0.0281 -0.0159 0.0000	</row2>
			<row3>	-0.9749 0.4863 -0.5898 1.0000	</row3>
		</transform>
	</node>
	<node>
		<identifier>	MP_BM004_Reels_INDEX_12	</identifier>
		<parent>	Scene Root	</parent>
		<transform>
			<row0>	-0.0161 -0.0055 -0.9999 0.0000	</row0>
			<row1>	0.0280 0.9996 -0.0060 0.0000	</row1>
			<row2>	0.9995 -0.0281 -0.0159 0.0000	</row2>
			<row3>	0.9749 0.4863 -0.9144 1.0000	</row3>
		</transform>
	</node>
	<node>
		<identifier>	MP_BM004_Reels_INDEX_2	</identifier>
		<parent>	Scene Root	</parent>
		<transform>
			<row0>	-0.0006 0.0060 1.0000 0.0000	</row0>
			<row1>	-0.0280 0.9996 -0.0060 0.0000	</row1>
			<row2>	-0.9996 -0.0280 -0.0005 0.0000	</row2>
			<row3>	-0.9740 0.4852 -2.0129 1.0000	</row3>
		</transform>
	</node>
	<node>
		<identifier>	MP_BM004_Reels_INDEX_3	</identifier>
		<parent>	Scene Root	</parent>
		<transform>
			<row0>	-0.0161 -0.0055 -0.9999 0.0000	</row0>
			<row1>	0.0280 0.9996 -0.0060 0.0000	</row1>
			<row2>	0.9995 -0.0281 -0.0159 0.0000	</row2>
			<row3>	0.9759 0.4857 -1.3665 1.0000	</row3>
		</transform>
	</node>
	<node>
		<identifier>	MP_BM004_Reels_INDEX_4	</identifier>
		<parent>	Scene Root	</parent>
		<transform>
			<row0>	-0.0161 0.0055 0.9999 0.0000	</row0>
			<row1>	-0.0280 0.9996 -0.0060 0.0000	</row1>
			<row2>	-0.9995 -0.0281 -0.0159 0.0000	</row2>
			<row3>	-0.9749 0.4863 -0.9144 1.0000	</row3>
		</transform>
	</node>
	<node>
		<identifier>	MP_BM004_Reels_INDEX_5	</identifier>
		<parent>	Scene Root	</parent>
		<transform>
			<row0>	-0.0161 0.0055 0.9999 0.0000	</row0>
			<row1>	-0.0280 0.9996 -0.0060 0.0000	</row1>
			<row2>	-0.9995 -0.0281 -0.0159 0.0000	</row2>
			<row3>	-0.9759 0.4857 -1.3665 1.0000	</row3>
		</transform>
	</node>
	<node>
		<identifier>	MP_BM004_Reels_INDEX_6	</identifier>
		<parent>	Scene Root	</parent>
		<transform>
			<row0>	0.0000 0.0000 -1.0000 0.0000	</row0>
			<row1>	0.0000 1.0000 0.0000 0.0000	</row1>
			<row2>	1.0000 0.0000 0.0000 0.0000	</row2>
			<row3>	0.2210 0.6853 -3.4545 1.0000	</row3>
		</transform>
	</node>
	<node>
		<identifier>	MP_BM004_Reels_INDEX_7	</identifier>
		<parent>	Scene Root	</parent>
		<transform>
			<row0>	-0.0161 -0.0055 -0.9999 0.0000	</row0>
			<row1>	0.0280 0.9996 -0.0060 0.0000	</row1>
			<row2>	0.9995 -0.0281 -0.0159 0.0000	</row2>
			<row3>	0.9749 0.4863 -0.5898 1.0000	</row3>
		</transform>
	</node>
	<node>
		<identifier>	MP_BM004_Reels_INDEX_8	</identifier>
		<parent>	Scene Root	</parent>
		<transform>
			<row0>	0.0000 0.0000 1.0000 0.0000	</row0>
			<row1>	0.0000 1.0000 0.0000 0.0000	</row1>
			<row2>	-1.0000 0.0000 0.0000 0.0000	</row2>
			<row3>	-0.2210 0.6853 -3.4545 1.0000	</row3>
		</transform>
	</node>
	<node>
		<identifier>	MP_BM004_Reels_INDEX_9	</identifier>
		<parent>	Scene Root	</parent>
		<transform>
			<row0>	-0.0161 0.0055 0.9999 0.0000	</row0>
			<row1>	-0.0280 0.9996 -0.0060 0.0000	</row1>
			<row2>	-0.9995 -0.0281 -0.0159 0.0000	</row2>
			<row3>	-0.9759 0.4856 -1.6471 1.0000	</row3>
		</transform>
	</node>
	<node>
		<identifier>	MP_BM038_Helmets	</identifier>
		<parent>	Scene Root	</parent>
		<transform>
			<row0>	-0.9373 0.0000 0.3484 0.0000	</row0>
			<row1>	0.0000 1.0000 0.0000 0.0000	</row1>
			<row2>	-0.3484 0.0000 -0.9373 0.0000	</row2>
			<row3>	-0.1192 0.5647 -5.8780 1.0000	</row3>
		</transform>
	</node>
	<node>
		<identifier>	MP_BM038_Helmets_INDEX_1	</identifier>
		<parent>	Scene Root	</parent>
		<transform>
			<row0>	-1.0000 0.0000 0.0000 0.0000	</row0>
			<row1>	0.0000 1.0000 0.0000 0.0000	</row1>
			<row2>	0.0000 0.0000 -1.0000 0.0000	</row2>
			<row3>	0.0175 1.2260 -1.6475 1.0000	</row3>
		</transform>
	</node>
	<node>
		<identifier>	MP_BM038_Helmets_INDEX_10	</identifier>
		<parent>	Scene Root	</parent>
		<transform>
			<row0>	0.0038 0.0000 -1.0000 0.0000	</row0>
			<row1>	0.0000 1.0000 0.0000 0.0000	</row1>
			<row2>	1.0000 0.0000 0.0038 0.0000	</row2>
			<row3>	0.1220 0.7600 -5.5384 1.0000	</row3>
		</transform>
	</node>
	<node>
		<identifier>	MP_BM038_Helmets_INDEX_11	</identifier>
		<parent>	Scene Root	</parent>
		<transform>
			<row0>	-1.0000 0.0000 0.0000 0.0000	</row0>
			<row1>	0.0000 1.0000 0.0000 0.0000	</row1>
			<row2>	0.0000 0.0000 -1.0000 0.0000	</row2>
			<row3>	-0.0533 0.9267 -1.8906 1.0000	</row3>
		</transform>
	</node>
	<node>
		<identifier>	MP_BM038_Helmets_INDEX_12	</identifier>
		<parent>	Scene Root	</parent>
		<transform>
			<row0>	0.4798 0.0000 -0.8774 0.0000	</row0>
			<row1>	0.0000 1.0000 0.0000 0.0000	</row1>
			<row2>	0.8774 0.0000 0.4798 0.0000	</row2>
			<row3>	0.0998 0.9267 -0.8087 1.0000	</row3>
		</transform>
	</node>
	<node>
		<identifier>	MP_BM038_Helmets_INDEX_13	</identifier>
		<parent>	Scene Root	</parent>
		<transform>
			<row0>	-1.0000 0.0000 0.0000 0.0000	</row0>
			<row1>	0.0000 1.0000 0.0000 0.0000	</row1>
			<row2>	0.0000 0.0000 -1.0000 0.0000	</row2>
			<row3>	0.0533 0.9267 -1.8906 1.0000	</row3>
		</transform>
	</node>
	<node>
		<identifier>	MP_BM038_Helmets_INDEX_14	</identifier>
		<parent>	Scene Root	</parent>
		<transform>
			<row0>	-1.0000 0.0000 0.0000 0.0000	</row0>
			<row1>	0.0000 1.0000 0.0000 0.0000	</row1>
			<row2>	0.0000 0.0000 -1.0000 0.0000	</row2>
			<row3>	-0.0207 0.9204 -5.0219 1.0000	</row3>
		</transform>
	</node>
	<node>
		<identifier>	MP_BM038_Helmets_INDEX_2	</identifier>
		<parent>	Scene Root	</parent>
		<transform>
			<row0>	0.4798 0.0000 0.8774 0.0000	</row0>
			<row1>	0.0000 1.0000 0.0000 0.0000	</row1>
			<row2>	-0.8774 0.0000 0.4798 0.0000	</row2>
			<row3>	-0.0998 0.9267 -0.8087 1.0000	</row3>
		</transform>
	</node>
	<node>
		<identifier>	MP_BM038_Helmets_INDEX_3	</identifier>
		<parent>	Scene Root	</parent>
		<transform>
			<row0>	-0.9350 0.0000 -0.3547 0.0000	</row0>
			<row1>	0.0000 1.0000 0.0000 0.0000	</row1>
			<row2>	0.3547 0.0000 -0.9350 0.0000	</row2>
			<row3>	0.1192 0.5647 -5.8780 1.0000	</row3>
		</transform>
	</node>
	<node>
		<identifier>	MP_BM038_Helmets_INDEX_4	</identifier>
		<parent>	Scene Root	</parent>
		<transform>
			<row0>	-0.0138 0.0000 -0.9999 0.0000	</row0>
			<row1>	0.0000 1.0000 0.0000 0.0000	</row1>
			<row2>	0.9999 0.0000 -0.0138 0.0000	</row2>
			<row3>	0.1234 1.0352 -3.1234 1.0000	</row3>
		</transform>
	</node>
	<node>
		<identifier>	MP_BM038_Helmets_INDEX_5	</identifier>
		<parent>	Scene Root	</parent>
		<transform>
			<row0>	-1.0000 0.0000 0.0000 0.0000	</row0>
			<row1>	0.0000 1.0000 0.0000 0.0000	</row1>
			<row2>	0.0000 0.0000 -1.0000 0.0000	</row2>
			<row3>	-0.0574 0.9204 -5.0219 1.0000	</row3>
		</transform>
	</node>
	<node>
		<identifier>	MP_BM038_Helmets_INDEX_6	</identifier>
		<parent>	Scene Root	</parent>
		<transform>
			<row0>	-0.0138 0.0000 0.9999 0.0000	</row0>
			<row1>	0.0000 1.0000 0.0000 0.0000	</row1>
			<row2>	-0.9999 0.0000 -0.0138 0.0000	</row2>
			<row3>	-0.1162 0.9267 -1.7556 1.0000	</row3>
		</transform>
	</node>
	<node>
		<identifier>	MP_BM038_Helmets_INDEX_7	</identifier>
		<parent>	Scene Root	</parent>
		<transform>
			<row0>	-0.0138 0.0000 -0.9999 0.0000	</row0>
			<row1>	0.0000 1.0000 0.0000 0.0000	</row1>
			<row2>	0.9999 0.0000 -0.0138 0.0000	</row2>
			<row3>	0.1162 0.9267 -1.7556 1.0000	</row3>
		</transform>
	</node>
	<node>
		<identifier>	MP_BM038_Helmets_INDEX_8	</identifier>
		<parent>	Scene Root	</parent>
		<transform>
			<row0>	0.0038 0.0000 1.0000 0.0000	</row0>
			<row1>	0.0000 1.0000 0.0000 0.0000	</row1>
			<row2>	-1.0000 0.0000 0.0038 0.0000	</row2>
			<row3>	-0.1216 0.7600 -5.3432 1.0000	</row3>
		</transform>
	</node>
	<node>
		<identifier>	MP_BM038_Helmets_INDEX_9	</identifier>
		<parent>	Scene Root	</parent>
		<transform>
			<row0>	-0.0138 0.0000 0.9999 0.0000	</row0>
			<row1>	0.0000 1.0000 0.0000 0.0000	</row1>
			<row2>	-0.9999 0.0000 -0.0138 0.0000	</row2>
			<row3>	-0.1234 1.0352 -3.1234 1.0000	</row3>
		</transform>
	</node>
	<node>
		<identifier>	MP_BM138_Crest_Collingwood_1942	</identifier>
		<parent>	Scene Root	</parent>
		<transform>
			<row0>	-1.0000 0.0000 0.0000 0.0000	</row0>
			<row1>	0.0000 1.0000 0.0000 0.0000	</row1>
			<row2>	0.0000 0.0000 -1.0000 0.0000	</row2>
			<row3>	0.0000 1.4847 -0.7517 1.0000	</row3>
		</transform>
	</node>
	<node>
		<identifier>	MP_BM140_Fight_List_Collingwood_1942	</identifier>
		<parent>	Scene Root	</parent>
		<transform>
			<row0>	0.4795 0.0000 0.8776 0.0000	</row0>
			<row1>	0.0000 1.0000 0.0000 0.0000	</row1>
			<row2>	-0.8776 0.0000 0.4795 0.0000	</row2>
			<row3>	0.4389 0.6167 -5.6044 1.0000	</row3>
		</transform>
	</node>
	<node>
		<identifier>	MP_BM453_Radar_type_242_IFF_interrogator	</identifier>
		<parent>	Scene Root	</parent>
		<transform>
			<row0>	1.0000 0.0000 0.0000 0.0000	</row0>
			<row1>	0.0000 1.0000 0.0000 0.0000	</row1>
			<row2>	0.0000 0.0000 1.0000 0.0000	</row2>
			<row3>	-0.0356 2.7332 -4.8783 1.0000	</row3>
		</transform>
	</node>
	<node>
		<identifier>	MP_BM501_Cutter_32ft	</identifier>
		<parent>	Scene Root	</parent>
		<transform>
			<row0>	0.9859 0.0000 0.1672 0.0000	</row0>
			<row1>	0.0000 1.0000 0.0000 0.0000	</row1>
			<row2>	-0.1672 0.0000 0.9859 0.0000	</row2>
			<row3>	-0.3994 0.7090 -4.0445 1.0000	</row3>
		</transform>
	</node>
	<node>
		<identifier>	MP_BM504_Motor_Boat_45ft	</identifier>
		<parent>	Scene Root	</parent>
		<transform>
			<row0>	1.0000 0.0000 0.0000 0.0000	</row0>
			<row1>	0.0000 1.0000 0.0000 0.0000	</row1>
			<row2>	0.0000 0.0000 1.0000 0.0000	</row2>
			<row3>	0.0000 0.6952 -4.1830 1.0000	</row3>
		</transform>
	</node>
	<node>
		<identifier>	MP_BM507_Whaler_27ft	</identifier>
		<parent>	Scene Root	</parent>
		<transform>
			<row0>	0.9959 0.0000 -0.0908 0.0000	</row0>
			<row1>	0.0000 1.0000 0.0000 0.0000	</row1>
			<row2>	0.0908 0.0000 0.9959 0.0000	</row2>
			<row3>	0.4334 0.7242 -3.9695 1.0000	</row3>
		</transform>
	</node>
	<node>
		<identifier>	MP_BM508_Motor_boat_35ft	</identifier>
		<parent>	Scene Root	</parent>
		<transform>
			<row0>	0.9959 0.0000 -0.0908 0.0000	</row0>
			<row1>	0.0000 1.0000 0.0000 0.0000	</row1>
			<row2>	0.0908 0.0000 0.9959 0.0000	</row2>
			<row3>	0.2262 0.7534 -3.8921 1.0000	</row3>
		</transform>
	</node>
	<node>
		<identifier>	MP_BM509_Liferaft_type_20_10ft	</identifier>
		<parent>	Scene Root	</parent>
		<transform>
			<row0>	0.4934 0.0000 0.8698 0.0000	</row0>
			<row1>	-0.8698 0.0000 0.4934 0.0000	</row1>
			<row2>	0.0000 -1.0000 0.0000 0.0000	</row2>
			<row3>	-0.4193 0.7646 -0.8893 1.0000	</row3>
		</transform>
	</node>
	<node>
		<identifier>	MP_BM509_Liferaft_type_20_10ft_INDEX_1	</identifier>
		<parent>	Scene Root	</parent>
		<transform>
			<row0>	0.4934 0.0000 0.8698 0.0000	</row0>
			<row1>	-0.8698 0.0000 0.4934 0.0000	</row1>
			<row2>	0.0000 -1.0000 0.0000 0.0000	</row2>
			<row3>	-0.2749 0.7646 -0.6347 1.0000	</row3>
		</transform>
	</node>
	<node>
		<identifier>	MP_BM509_Liferaft_type_20_10ft_INDEX_10	</identifier>
		<parent>	Scene Root	</parent>
		<transform>
			<row0>	0.4934 0.0000 -0.8698 0.0000	</row0>
			<row1>	0.8698 0.0000 0.4934 0.0000	</row1>
			<row2>	0.0000 -1.0000 0.0000 0.0000	</row2>
			<row3>	0.2749 0.7646 -0.6347 1.0000	</row3>
		</transform>
	</node>
	<node>
		<identifier>	MP_BM509_Liferaft_type_20_10ft_INDEX_11	</identifier>
		<parent>	Scene Root	</parent>
		<transform>
			<row0>	0.8526 0.0000 0.5225 0.0000	</row0>
			<row1>	-0.5225 0.0000 0.8526 0.0000	</row1>
			<row2>	0.0000 -1.0000 0.0000 0.0000	</row2>
			<row3>	-0.9372 0.5929 -3.4780 1.0000	</row3>
		</transform>
	</node>
	<node>
		<identifier>	MP_BM509_Liferaft_type_20_10ft_INDEX_12	</identifier>
		<parent>	Scene Root	</parent>
		<transform>
			<row0>	-0.8993 0.0000 -0.4374 0.0000	</row0>
			<row1>	0.4372 0.0255 -0.8990 0.0000	</row1>
			<row2>	0.0111 -0.9997 -0.0229 0.0000	</row2>
			<row3>	0.9484 0.5890 -4.0483 1.0000	</row3>
		</transform>
	</node>
	<node>
		<identifier>	MP_BM509_Liferaft_type_20_10ft_INDEX_13	</identifier>
		<parent>	Scene Root	</parent>
		<transform>
			<row0>	0.8526 0.0000 -0.5225 0.0000	</row0>
			<row1>	0.5225 0.0000 0.8526 0.0000	</row1>
			<row2>	0.0000 -1.0000 0.0000 0.0000	</row2>
			<row3>	0.9372 0.5929 -3.4780 1.0000	</row3>
		</transform>
	</node>
	<node>
		<identifier>	MP_BM509_Liferaft_type_20_10ft_INDEX_14	</identifier>
		<parent>	Scene Root	</parent>
		<transform>
			<row0>	-0.8993 0.0000 0.4374 0.0000	</row0>
			<row1>	-0.4372 0.0255 -0.8990 0.0000	</row1>
			<row2>	-0.0111 -0.9997 -0.0229 0.0000	</row2>
			<row3>	-0.9483 0.5890 -4.0481 1.0000	</row3>
		</transform>
	</node>
	<node>
		<identifier>	MP_BM509_Liferaft_type_20_10ft_INDEX_15	</identifier>
		<parent>	Scene Root	</parent>
		<transform>
			<row0>	-0.8993 0.0000 -0.4374 0.0000	</row0>
			<row1>	0.4373 0.0161 -0.8992 0.0000	</row1>
			<row2>	0.0070 -0.9999 -0.0145 0.0000	</row2>
			<row3>	0.8412 0.5917 -4.0994 1.0000	</row3>
		</transform>
	</node>
	<node>
		<identifier>	MP_BM509_Liferaft_type_20_10ft_INDEX_2	</identifier>
		<parent>	Scene Root	</parent>
		<transform>
			<row0>	0.8518 0.0000 -0.5239 0.0000	</row0>
			<row1>	0.5238 0.0058 0.8518 0.0000	</row1>
			<row2>	0.0031 -1.0000 0.0049 0.0000	</row2>
			<row3>	0.8379 0.5929 -3.4167 1.0000	</row3>
		</transform>
	</node>
	<node>
		<identifier>	MP_BM509_Liferaft_type_20_10ft_INDEX_3	</identifier>
		<parent>	Scene Root	</parent>
		<transform>
			<row0>	0.4934 0.0000 -0.8698 0.0000	</row0>
			<row1>	0.8698 0.0000 0.4934 0.0000	</row1>
			<row2>	0.0000 -1.0000 0.0000 0.0000	</row2>
			<row3>	0.4193 0.7646 -0.8893 1.0000	</row3>
		</transform>
	</node>
	<node>
		<identifier>	MP_BM509_Liferaft_type_20_10ft_INDEX_4	</identifier>
		<parent>	Scene Root	</parent>
		<transform>
			<row0>	0.8518 0.0000 0.5239 0.0000	</row0>
			<row1>	-0.5238 0.0058 0.8518 0.0000	</row1>
			<row2>	-0.0031 -1.0000 0.0049 0.0000	</row2>
			<row3>	-0.8379 0.5929 -3.4167 1.0000	</row3>
		</transform>
	</node>
	<node>
		<identifier>	MP_BM509_Liferaft_type_20_10ft_INDEX_5	</identifier>
		<parent>	Scene Root	</parent>
		<transform>
			<row0>	0.0000 -1.0000 -0.0010 0.0000	</row0>
			<row1>	-1.0000 0.0000 0.0000 0.0000	</row1>
			<row2>	0.0000 0.0010 -1.0000 0.0000	</row2>
			<row3>	-0.6757 0.7152 -2.3791 1.0000	</row3>
		</transform>
	</node>
	<node>
		<identifier>	MP_BM509_Liferaft_type_20_10ft_INDEX_6	</identifier>
		<parent>	Scene Root	</parent>
		<transform>
			<row0>	-0.8993 0.0000 0.4374 0.0000	</row0>
			<row1>	-0.4373 0.0161 -0.8992 0.0000	</row1>
			<row2>	-0.0070 -0.9999 -0.0145 0.0000	</row2>
			<row3>	-0.8412 0.5917 -4.0994 1.0000	</row3>
		</transform>
	</node>
	<node>
		<identifier>	MP_BM509_Liferaft_type_20_10ft_INDEX_7	</identifier>
		<parent>	Scene Root	</parent>
		<transform>
			<row0>	0.4934 0.0000 0.8698 0.0000	</row0>
			<row1>	-0.8698 0.0000 0.4934 0.0000	</row1>
			<row2>	0.0000 -1.0000 0.0000 0.0000	</row2>
			<row3>	-0.3440 0.7644 -0.7562 1.0000	</row3>
		</transform>
	</node>
	<node>
		<identifier>	MP_BM509_Liferaft_type_20_10ft_INDEX_8	</identifier>
		<parent>	Scene Root	</parent>
		<transform>
			<row0>	0.0000 1.0000 0.0010 0.0000	</row0>
			<row1>	1.0000 0.0000 0.0000 0.0000	</row1>
			<row2>	0.0000 0.0010 -1.0000 0.0000	</row2>
			<row3>	0.6757 0.7152 -2.3791 1.0000	</row3>
		</transform>
	</node>
	<node>
		<identifier>	MP_BM509_Liferaft_type_20_10ft_INDEX_9	</identifier>
		<parent>	Scene Root	</parent>
		<transform>
			<row0>	0.4934 0.0000 -0.8698 0.0000	</row0>
			<row1>	0.8698 0.0000 0.4934 0.0000	</row1>
			<row2>	0.0000 -1.0000 0.0000 0.0000	</row2>
			<row3>	0.3440 0.7646 -0.7561 1.0000	</row3>
		</transform>
	</node>
	<node>
		<identifier>	MP_BM512_Liferaft_type_18_14ft	</identifier>
		<parent>	Scene Root	</parent>
		<transform>
			<row0>	0.0000 -1.0000 -0.0010 0.0000	</row0>
			<row1>	-1.0000 0.0000 0.0000 0.0000	</row1>
			<row2>	0.0000 0.0010 -1.0000 0.0000	</row2>
			<row3>	-0.6641 0.7170 -2.3790 1.0000	</row3>
		</transform>
	</node>
	<node>
		<identifier>	MP_BM512_Liferaft_type_18_14ft_INDEX_1	</identifier>
		<parent>	Scene Root	</parent>
		<transform>
			<row0>	0.0000 1.0000 0.0010 0.0000	</row0>
			<row1>	1.0000 0.0000 0.0000 0.0000	</row1>
			<row2>	0.0000 0.0010 -1.0000 0.0000	</row2>
			<row3>	0.6641 0.7170 -2.3790 1.0000	</row3>
		</transform>
	</node>
	<node>
		<identifier>	MP_BM524_Motor_Boat_30ft	</identifier>
		<parent>	Scene Root	</parent>
		<transform>
			<row0>	0.9987 0.0000 0.0502 0.0000	</row0>
			<row1>	0.0000 1.0000 0.0000 0.0000	</row1>
			<row2>	-0.0502 0.0000 0.9987 0.0000	</row2>
			<row3>	-0.2173 0.7529 -3.9373 1.0000	</row3>
		</transform>
	</node>
	<node>
		<identifier>	MP_BM528_Dinghy_16ft	</identifier>
		<parent>	Scene Root	</parent>
		<transform>
			<row0>	1.0000 0.0000 0.0000 0.0000	</row0>
			<row1>	0.0000 1.0000 0.0000 0.0000	</row1>
			<row2>	0.0000 0.0000 1.0000 0.0000	</row2>
			<row3>	0.1879 0.7074 -4.4280 1.0000	</row3>
		</transform>
	</node>
	<node>
		<identifier>	MP_BM528_Dinghy_16ft_INDEX_1	</identifier>
		<parent>	Scene Root	</parent>
		<transform>
			<row0>	1.0000 0.0000 0.0000 0.0000	</row0>
			<row1>	0.0000 1.0000 0.0000 0.0000	</row1>
			<row2>	0.0000 0.0000 1.0000 0.0000	</row2>
			<row3>	-0.1879 0.7079 -4.4280 1.0000	</row3>
		</transform>
	</node>
	<node>
		<identifier>	MP_BM600_Sky_lookout	</identifier>
		<parent>	Scene Root	</parent>
		<transform>
			<row0>	-1.0000 0.0000 0.0000 0.0000	</row0>
			<row1>	0.0000 1.0000 0.0000 0.0000	</row1>
			<row2>	0.0000 0.0000 -1.0000 0.0000	</row2>
			<row3>	0.0715 1.9154 -1.4032 1.0000	</row3>
		</transform>
	</node>
	<node>
		<identifier>	MP_BM600_Sky_lookout_INDEX_1	</identifier>
		<parent>	Scene Root	</parent>
		<transform>
			<row0>	1.0000 0.0000 0.0000 0.0000	</row0>
			<row1>	0.0000 1.0000 0.0000 0.0000	</row1>
			<row2>	0.0000 0.0000 1.0000 0.0000	</row2>
			<row3>	-0.0715 1.9154 -1.4846 1.0000	</row3>
		</transform>
	</node>
	<node>
		<identifier>	MP_BM600_Sky_lookout_INDEX_2	</identifier>
		<parent>	Scene Root	</parent>
		<transform>
			<row0>	-0.8660 0.0000 -0.5000 0.0000	</row0>
			<row1>	0.0000 1.0000 0.0000 0.0000	</row1>
			<row2>	0.5000 0.0000 -0.8660 0.0000	</row2>
			<row3>	0.2038 1.5952 -1.0366 1.0000	</row3>
		</transform>
	</node>
	<node>
		<identifier>	MP_BM600_Sky_lookout_INDEX_3	</identifier>
		<parent>	Scene Root	</parent>
		<transform>
			<row0>	0.8669 0.0000 -0.4985 0.0000	</row0>
			<row1>	0.0000 1.0000 0.0000 0.0000	</row1>
			<row2>	0.4985 0.0000 0.8669 0.0000	</row2>
			<row3>	-0.2038 1.5952 -1.0366 1.0000	</row3>
		</transform>
	</node>
	<node>
		<identifier>	MP_BM600_Sky_lookout_INDEX_4	</identifier>
		<parent>	Scene Root	</parent>
		<transform>
			<row0>	-1.0000 0.0000 0.0000 0.0000	</row0>
			<row1>	0.0000 1.0000 0.0000 0.0000	</row1>
			<row2>	0.0000 0.0000 -1.0000 0.0000	</row2>
			<row3>	0.0715 1.9154 -1.4846 1.0000	</row3>
		</transform>
	</node>
	<node>
		<identifier>	MP_BM600_Sky_lookout_INDEX_5	</identifier>
		<parent>	Scene Root	</parent>
		<transform>
			<row0>	1.0000 0.0000 0.0000 0.0000	</row0>
			<row1>	0.0000 1.0000 0.0000 0.0000	</row1>
			<row2>	0.0000 0.0000 1.0000 0.0000	</row2>
			<row3>	-0.0715 1.9154 -1.4032 1.0000	</row3>
		</transform>
	</node>
	<node>
		<identifier>	MP_BM602_Pelorus	</identifier>
		<parent>	Scene Root	</parent>
		<transform>
			<row0>	0.0000 0.0000 -1.0000 0.0000	</row0>
			<row1>	0.0000 1.0000 0.0000 0.0000	</row1>
			<row2>	1.0000 0.0000 0.0000 0.0000	</row2>
			<row3>	0.0000 1.3053 -0.7940 1.0000	</row3>
		</transform>
	</node>
	<node>
		<identifier>	MP_BM603_Compass_Binnacle	</identifier>
		<parent>	Scene Root	</parent>
		<transform>
			<row0>	1.0000 0.0000 0.0000 0.0000	</row0>
			<row1>	0.0000 1.0000 0.0000 0.0000	</row1>
			<row2>	0.0000 0.0000 1.0000 0.0000	</row2>
			<row3>	0.0000 1.3022 -0.8745 1.0000	</row3>
		</transform>
	</node>
	<node>
		<identifier>	MP_BM605_Captain_sight	</identifier>
		<parent>	Scene Root	</parent>
		<transform>
			<row0>	1.0000 0.0000 0.0000 0.0000	</row0>
			<row1>	0.0000 1.0000 0.0000 0.0000	</row1>
			<row2>	0.0000 0.0000 1.0000 0.0000	</row2>
			<row3>	0.0000 1.5952 -0.7925 1.0000	</row3>
		</transform>
	</node>
	<node>
		<identifier>	MP_BM606_Searchlight_sight	</identifier>
		<parent>	Scene Root	</parent>
		<transform>
			<row0>	0.0000 0.0000 1.0000 0.0000	</row0>
			<row1>	0.0000 1.0000 0.0000 0.0000	</row1>
			<row2>	-1.0000 0.0000 0.0000 0.0000	</row2>
			<row3>	-0.1514 1.3283 -4.8564 1.0000	</row3>
		</transform>
	</node>
	<node>
		<identifier>	MP_BM606_Searchlight_sight_INDEX_1	</identifier>
		<parent>	Scene Root	</parent>
		<transform>
			<row0>	1.0000 0.0000 0.0000 0.0000	</row0>
			<row1>	0.0000 1.0000 0.0000 0.0000	</row1>
			<row2>	0.0000 0.0000 1.0000 0.0000	</row2>
			<row3>	0.1224 1.5952 -0.9150 1.0000	</row3>
		</transform>
	</node>
	<node>
		<identifier>	MP_BM606_Searchlight_sight_INDEX_2	</identifier>
		<parent>	Scene Root	</parent>
		<transform>
			<row0>	0.0000 0.0000 -1.0000 0.0000	</row0>
			<row1>	0.0000 1.0000 0.0000 0.0000	</row1>
			<row2>	1.0000 0.0000 0.0000 0.0000	</row2>
			<row3>	0.1514 1.3283 -4.8564 1.0000	</row3>
		</transform>
	</node>
	<node>
		<identifier>	MP_BM606_Searchlight_sight_INDEX_3	</identifier>
		<parent>	Scene Root	</parent>
		<transform>
			<row0>	1.0000 0.0000 0.0000 0.0000	</row0>
			<row1>	0.0000 1.0000 0.0000 0.0000	</row1>
			<row2>	0.0000 0.0000 1.0000 0.0000	</row2>
			<row3>	-0.1224 1.5952 -0.9150 1.0000	</row3>
		</transform>
	</node>
	<node>
		<identifier>	MP_BM608_Compass_repeater	</identifier>
		<parent>	Scene Root	</parent>
		<transform>
			<row0>	-1.0000 0.0000 0.0000 0.0000	</row0>
			<row1>	0.0000 1.0000 0.0000 0.0000	</row1>
			<row2>	0.0000 0.0000 -1.0000 0.0000	</row2>
			<row3>	0.0000 1.5307 -0.7604 1.0000	</row3>
		</transform>
	</node>
	<node>
		<identifier>	MP_BM608_Compass_repeater_INDEX_1	</identifier>
		<parent>	Scene Root	</parent>
		<transform>
			<row0>	0.0000 0.0000 1.0000 0.0000	</row0>
			<row1>	0.0000 1.0000 0.0000 0.0000	</row1>
			<row2>	-1.0000 0.0000 0.0000 0.0000	</row2>
			<row3>	0.3349 1.5104 -1.4031 1.0000	</row3>
		</transform>
	</node>
	<node>
		<identifier>	MP_BM608_Compass_repeater_INDEX_2	</identifier>
		<parent>	Scene Root	</parent>
		<transform>
			<row0>	0.0000 0.0000 -1.0000 0.0000	</row0>
			<row1>	0.0000 1.0000 0.0000 0.0000	</row1>
			<row2>	1.0000 0.0000 0.0000 0.0000	</row2>
			<row3>	-0.3349 1.5104 -1.4031 1.0000	</row3>
		</transform>
	</node>
	<node>
		<identifier>	MP_BM611_Telephone	</identifier>
		<parent>	Scene Root	</parent>
		<transform>
			<row0>	0.4695 0.0000 -0.8829 0.0000	</row0>
			<row1>	0.0000 1.0000 0.0000 0.0000	</row1>
			<row2>	0.8829 0.0000 0.4695 0.0000	</row2>
			<row3>	0.2346 1.6469 -1.0623 1.0000	</row3>
		</transform>
	</node>
	<node>
		<identifier>	MP_BM611_Telephone_INDEX_1	</identifier>
		<parent>	Scene Root	</parent>
		<transform>
			<row0>	-0.0076 0.0000 1.0000 0.0000	</row0>
			<row1>	0.0000 1.0000 0.0000 0.0000	</row1>
			<row2>	-1.0000 0.0000 -0.0076 0.0000	</row2>
			<row3>	0.1918 0.7932 -2.2712 1.0000	</row3>
		</transform>
	</node>
	<node>
		<identifier>	MP_BM611_Telephone_INDEX_10	</identifier>
		<parent>	Scene Root	</parent>
		<transform>
			<row0>	1.0000 0.0000 0.0000 0.0000	</row0>
			<row1>	0.0000 1.0000 0.0000 0.0000	</row1>
			<row2>	0.0000 0.0000 1.0000 0.0000	</row2>
			<row3>	0.0347 1.5243 -0.7606 1.0000	</row3>
		</transform>
	</node>
	<node>
		<identifier>	MP_BM611_Telephone_INDEX_11	</identifier>
		<parent>	Scene Root	</parent>
		<transform>
			<row0>	0.4972 0.0000 0.8677 0.0000	</row0>
			<row1>	0.0000 1.0000 0.0000 0.0000	</row1>
			<row2>	-0.8677 0.0000 0.4972 0.0000	</row2>
			<row3>	-0.0840 1.3784 -0.7969 1.0000	</row3>
		</transform>
	</node>
	<node>
		<identifier>	MP_BM611_Telephone_INDEX_12	</identifier>
		<parent>	Scene Root	</parent>
		<transform>
			<row0>	0.4642 0.0000 -0.8857 0.0000	</row0>
			<row1>	0.0000 1.0000 0.0000 0.0000	</row1>
			<row2>	0.8857 0.0000 0.4642 0.0000	</row2>
			<row3>	0.1589 1.5243 -0.9271 1.0000	</row3>
		</transform>
	</node>
	<node>
		<identifier>	MP_BM611_Telephone_INDEX_13	</identifier>
		<parent>	Scene Root	</parent>
		<transform>
			<row0>	-0.0076 0.0000 -1.0000 0.0000	</row0>
			<row1>	0.0000 1.0000 0.0000 0.0000	</row1>
			<row2>	1.0000 0.0000 -0.0076 0.0000	</row2>
			<row3>	-0.1251 1.2492 -2.6090 1.0000	</row3>
		</transform>
	</node>
	<node>
		<identifier>	MP_BM611_Telephone_INDEX_14	</identifier>
		<parent>	Scene Root	</parent>
		<transform>
			<row0>	0.4972 0.0000 -0.8677 0.0000	</row0>
			<row1>	0.0000 1.0000 0.0000 0.0000	</row1>
			<row2>	0.8677 0.0000 0.4972 0.0000	</row2>
			<row3>	0.1391 1.3784 -0.8958 1.0000	</row3>
		</transform>
	</node>
	<node>
		<identifier>	MP_BM611_Telephone_INDEX_15	</identifier>
		<parent>	Scene Root	</parent>
		<transform>
			<row0>	-1.0000 0.0000 0.0000 0.0000	</row0>
			<row1>	0.0000 1.0000 0.0000 0.0000	</row1>
			<row2>	0.0000 0.0000 -1.0000 0.0000	</row2>
			<row3>	0.0425 1.1061 -4.8565 1.0000	</row3>
		</transform>
	</node>
	<node>
		<identifier>	MP_BM611_Telephone_INDEX_16	</identifier>
		<parent>	Scene Root	</parent>
		<transform>
			<row0>	-1.0000 0.0000 0.0000 0.0000	</row0>
			<row1>	0.0000 1.0000 0.0000 0.0000	</row1>
			<row2>	0.0000 0.0000 -1.0000 0.0000	</row2>
			<row3>	0.0427 1.1537 -3.2302 1.0000	</row3>
		</transform>
	</node>
	<node>
		<identifier>	MP_BM611_Telephone_INDEX_17	</identifier>
		<parent>	Scene Root	</parent>
		<transform>
			<row0>	-0.5031 0.0000 -0.8642 0.0000	</row0>
			<row1>	0.0000 1.0000 0.0000 0.0000	</row1>
			<row2>	0.8642 0.0000 -0.5031 0.0000	</row2>
			<row3>	-0.0791 0.9440 -0.7728 1.0000	</row3>
		</transform>
	</node>
	<node>
		<identifier>	MP_BM611_Telephone_INDEX_18	</identifier>
		<parent>	Scene Root	</parent>
		<transform>
			<row0>	1.0000 0.0000 0.0000 0.0000	</row0>
			<row1>	0.0000 1.0000 0.0000 0.0000	</row1>
			<row2>	0.0000 0.0000 1.0000 0.0000	</row2>
			<row3>	0.0573 1.2492 -5.0212 1.0000	</row3>
		</transform>
	</node>
	<node>
		<identifier>	MP_BM611_Telephone_INDEX_19	</identifier>
		<parent>	Scene Root	</parent>
		<transform>
			<row0>	0.9355 0.0000 -0.3534 0.0000	</row0>
			<row1>	0.0000 1.0000 0.0000 0.0000	</row1>
			<row2>	0.3534 0.0000 0.9355 0.0000	</row2>
			<row3>	-0.0669 0.5975 -5.8972 1.0000	</row3>
		</transform>
	</node>
	<node>
		<identifier>	MP_BM611_Telephone_INDEX_2	</identifier>
		<parent>	Scene Root	</parent>
		<transform>
			<row0>	0.4695 0.0000 0.8829 0.0000	</row0>
			<row1>	0.0000 1.0000 0.0000 0.0000	</row1>
			<row2>	-0.8829 0.0000 0.4695 0.0000	</row2>
			<row3>	-0.2346 1.6469 -1.0623 1.0000	</row3>
		</transform>
	</node>
	<node>
		<identifier>	MP_BM611_Telephone_INDEX_20	</identifier>
		<parent>	Scene Root	</parent>
		<transform>
			<row0>	0.0000 0.0000 -1.0000 0.0000	</row0>
			<row1>	0.0000 1.0000 0.0000 0.0000	</row1>
			<row2>	1.0000 0.0000 0.0000 0.0000	</row2>
			<row3>	-0.1232 1.0473 -3.2026 1.0000	</row3>
		</transform>
	</node>
	<node>
		<identifier>	MP_BM611_Telephone_INDEX_21	</identifier>
		<parent>	Scene Root	</parent>
		<transform>
			<row0>	-0.0076 0.0000 -1.0000 0.0000	</row0>
			<row1>	0.0000 1.0000 0.0000 0.0000	</row1>
			<row2>	1.0000 0.0000 -0.0076 0.0000	</row2>
			<row3>	-0.4574 0.7839 -1.8627 1.0000	</row3>
		</transform>
	</node>
	<node>
		<identifier>	MP_BM611_Telephone_INDEX_22	</identifier>
		<parent>	Scene Root	</parent>
		<transform>
			<row0>	0.4972 0.0000 -0.8677 0.0000	</row0>
			<row1>	0.0000 1.0000 0.0000 0.0000	</row1>
			<row2>	0.8677 0.0000 0.4972 0.0000	</row2>
			<row3>	0.0840 1.3784 -0.7969 1.0000	</row3>
		</transform>
	</node>
	<node>
		<identifier>	MP_BM611_Telephone_INDEX_23	</identifier>
		<parent>	Scene Root	</parent>
		<transform>
			<row0>	1.0000 0.0000 0.0000 0.0000	</row0>
			<row1>	0.0000 1.0000 0.0000 0.0000	</row1>
			<row2>	0.0000 0.0000 1.0000 0.0000	</row2>
			<row3>	0.0384 1.6465 -0.7583 1.0000	</row3>
		</transform>
	</node>
	<node>
		<identifier>	MP_BM611_Telephone_INDEX_24	</identifier>
		<parent>	Scene Root	</parent>
		<transform>
			<row0>	0.4642 0.0000 0.8857 0.0000	</row0>
			<row1>	0.0000 1.0000 0.0000 0.0000	</row1>
			<row2>	-0.8857 0.0000 0.4642 0.0000	</row2>
			<row3>	-0.1589 1.5243 -0.9271 1.0000	</row3>
		</transform>
	</node>
	<node>
		<identifier>	MP_BM611_Telephone_INDEX_25	</identifier>
		<parent>	Scene Root	</parent>
		<transform>
			<row0>	0.0000 0.0000 1.0000 0.0000	</row0>
			<row1>	0.0000 1.0000 0.0000 0.0000	</row1>
			<row2>	-1.0000 0.0000 0.0000 0.0000	</row2>
			<row3>	0.1232 1.0473 -3.2026 1.0000	</row3>
		</transform>
	</node>
	<node>
		<identifier>	MP_BM611_Telephone_INDEX_26	</identifier>
		<parent>	Scene Root	</parent>
		<transform>
			<row0>	0.4642 0.0000 -0.8857 0.0000	</row0>
			<row1>	0.0000 1.0000 0.0000 0.0000	</row1>
			<row2>	0.8857 0.0000 0.4642 0.0000	</row2>
			<row3>	0.1091 1.5243 -0.8371 1.0000	</row3>
		</transform>
	</node>
	<node>
		<identifier>	MP_BM611_Telephone_INDEX_27	</identifier>
		<parent>	Scene Root	</parent>
		<transform>
			<row0>	0.4695 0.0000 0.8829 0.0000	</row0>
			<row1>	0.0000 1.0000 0.0000 0.0000	</row1>
			<row2>	-0.8829 0.0000 0.4695 0.0000	</row2>
			<row3>	-0.1689 1.6460 -0.9456 1.0000	</row3>
		</transform>
	</node>
	<node>
		<identifier>	MP_BM611_Telephone_INDEX_28	</identifier>
		<parent>	Scene Root	</parent>
		<transform>
			<row0>	0.0084 0.0000 -1.0000 0.0000	</row0>
			<row1>	0.0000 1.0000 0.0000 0.0000	</row1>
			<row2>	1.0000 0.0000 0.0084 0.0000	</row2>
			<row3>	-0.0806 0.9381 -4.8283 1.0000	</row3>
		</transform>
	</node>
	<node>
		<identifier>	MP_BM611_Telephone_INDEX_29	</identifier>
		<parent>	Scene Root	</parent>
		<transform>
			<row0>	-0.5031 0.0000 0.8642 0.0000	</row0>
			<row1>	0.0000 1.0000 0.0000 0.0000	</row1>
			<row2>	-0.8642 0.0000 -0.5031 0.0000	</row2>
			<row3>	0.0791 0.9440 -0.7728 1.0000	</row3>
		</transform>
	</node>
	<node>
		<identifier>	MP_BM611_Telephone_INDEX_3	</identifier>
		<parent>	Scene Root	</parent>
		<transform>
			<row0>	0.0084 0.0000 1.0000 0.0000	</row0>
			<row1>	0.0000 1.0000 0.0000 0.0000	</row1>
			<row2>	-1.0000 0.0000 0.0084 0.0000	</row2>
			<row3>	0.1214 0.7676 -5.5808 1.0000	</row3>
		</transform>
	</node>
	<node>
		<identifier>	MP_BM611_Telephone_INDEX_30	</identifier>
		<parent>	Scene Root	</parent>
		<transform>
			<row0>	-0.0076 0.0000 1.0000 0.0000	</row0>
			<row1>	0.0000 1.0000 0.0000 0.0000	</row1>
			<row2>	-1.0000 0.0000 -0.0076 0.0000	</row2>
			<row3>	0.4574 0.7850 -1.8314 1.0000	</row3>
		</transform>
	</node>
	<node>
		<identifier>	MP_BM611_Telephone_INDEX_31	</identifier>
		<parent>	Scene Root	</parent>
		<transform>
			<row0>	0.9840 0.0000 0.1784 0.0000	</row0>
			<row1>	0.0000 1.0000 0.0000 0.0000	</row1>
			<row2>	-0.1784 0.0000 0.9840 0.0000	</row2>
			<row3>	-0.1268 1.3808 -4.8029 1.0000	</row3>
		</transform>
	</node>
	<node>
		<identifier>	MP_BM611_Telephone_INDEX_32	</identifier>
		<parent>	Scene Root	</parent>
		<transform>
			<row0>	-0.0076 0.0000 1.0000 0.0000	</row0>
			<row1>	0.0000 1.0000 0.0000 0.0000	</row1>
			<row2>	-1.0000 0.0000 -0.0076 0.0000	</row2>
			<row3>	0.1247 1.2492 -2.6090 1.0000	</row3>
		</transform>
	</node>
	<node>
		<identifier>	MP_BM611_Telephone_INDEX_33	</identifier>
		<parent>	Scene Root	</parent>
		<transform>
			<row0>	0.0084 0.0000 1.0000 0.0000	</row0>
			<row1>	0.0000 1.0000 0.0000 0.0000	</row1>
			<row2>	-1.0000 0.0000 0.0084 0.0000	</row2>
			<row3>	0.0806 0.9381 -4.8283 1.0000	</row3>
		</transform>
	</node>
	<node>
		<identifier>	MP_BM611_Telephone_INDEX_34	</identifier>
		<parent>	Scene Root	</parent>
		<transform>
			<row0>	0.4642 0.0000 0.8857 0.0000	</row0>
			<row1>	0.0000 1.0000 0.0000 0.0000	</row1>
			<row2>	-0.8857 0.0000 0.4642 0.0000	</row2>
			<row3>	-0.1091 1.5243 -0.8371 1.0000	</row3>
		</transform>
	</node>
	<node>
		<identifier>	MP_BM611_Telephone_INDEX_35	</identifier>
		<parent>	Scene Root	</parent>
		<transform>
			<row0>	0.4695 0.0000 -0.8829 0.0000	</row0>
			<row1>	0.0000 1.0000 0.0000 0.0000	</row1>
			<row2>	0.8829 0.0000 0.4695 0.0000	</row2>
			<row3>	0.1689 1.6466 -0.9456 1.0000	</row3>
		</transform>
	</node>
	<node>
		<identifier>	MP_BM611_Telephone_INDEX_36	</identifier>
		<parent>	Scene Root	</parent>
		<transform>
			<row0>	0.4972 0.0000 0.8677 0.0000	</row0>
			<row1>	0.0000 1.0000 0.0000 0.0000	</row1>
			<row2>	-0.8677 0.0000 0.4972 0.0000	</row2>
			<row3>	-0.1397 1.3784 -0.8958 1.0000	</row3>
		</transform>
	</node>
	<node>
		<identifier>	MP_BM611_Telephone_INDEX_4	</identifier>
		<parent>	Scene Root	</parent>
		<transform>
			<row0>	1.0000 0.0000 0.0000 0.0000	</row0>
			<row1>	0.0000 1.0000 0.0000 0.0000	</row1>
			<row2>	0.0000 0.0000 1.0000 0.0000	</row2>
			<row3>	-0.0257 0.9292 -1.8902 1.0000	</row3>
		</transform>
	</node>
	<node>
		<identifier>	MP_BM611_Telephone_INDEX_5	</identifier>
		<parent>	Scene Root	</parent>
		<transform>
			<row0>	-0.0076 0.0000 -1.0000 0.0000	</row0>
			<row1>	0.0000 1.0000 0.0000 0.0000	</row1>
			<row2>	1.0000 0.0000 -0.0076 0.0000	</row2>
			<row3>	-0.1918 0.7932 -2.2712 1.0000	</row3>
		</transform>
	</node>
	<node>
		<identifier>	MP_BM611_Telephone_INDEX_6	</identifier>
		<parent>	Scene Root	</parent>
		<transform>
			<row0>	0.9355 0.0000 0.3534 0.0000	</row0>
			<row1>	0.0000 1.0000 0.0000 0.0000	</row1>
			<row2>	-0.3534 0.0000 0.9355 0.0000	</row2>
			<row3>	0.0669 0.5975 -5.8972 1.0000	</row3>
		</transform>
	</node>
	<node>
		<identifier>	MP_BM611_Telephone_INDEX_7	</identifier>
		<parent>	Scene Root	</parent>
		<transform>
			<row0>	0.9840 0.0000 -0.1784 0.0000	</row0>
			<row1>	0.0000 1.0000 0.0000 0.0000	</row1>
			<row2>	0.1784 0.0000 0.9840 0.0000	</row2>
			<row3>	0.1268 1.3808 -4.8029 1.0000	</row3>
		</transform>
	</node>
	<node>
		<identifier>	MP_BM611_Telephone_INDEX_8	</identifier>
		<parent>	Scene Root	</parent>
		<transform>
			<row0>	-1.0000 0.0000 0.0000 0.0000	</row0>
			<row1>	0.0000 1.0000 0.0000 0.0000	</row1>
			<row2>	0.0000 0.0000 -1.0000 0.0000	</row2>
			<row3>	-0.0414 1.1538 -3.2301 1.0000	</row3>
		</transform>
	</node>
	<node>
		<identifier>	MP_BM611_Telephone_INDEX_9	</identifier>
		<parent>	Scene Root	</parent>
		<transform>
			<row0>	0.0084 0.0000 -1.0000 0.0000	</row0>
			<row1>	0.0000 1.0000 0.0000 0.0000	</row1>
			<row2>	1.0000 0.0000 0.0084 0.0000	</row2>
			<row3>	-0.1214 0.7676 -5.5808 1.0000	</row3>
		</transform>
	</node>
	<node>
		<identifier>	MP_BM612_Switch_Panel	</identifier>
		<parent>	Scene Root	</parent>
		<transform>
			<row0>	0.4695 0.0000 0.8829 0.0000	</row0>
			<row1>	0.0000 1.0000 0.0000 0.0000	</row1>
			<row2>	-0.8829 0.0000 0.4695 0.0000	</row2>
			<row3>	-0.0798 1.6249 -0.7838 1.0000	</row3>
		</transform>
	</node>
	<node>
		<identifier>	MP_BM612_Switch_Panel_INDEX_1	</identifier>
		<parent>	Scene Root	</parent>
		<transform>
			<row0>	0.4695 0.0000 -0.8829 0.0000	</row0>
			<row1>	0.0000 1.0000 0.0000 0.0000	</row1>
			<row2>	0.8829 0.0000 0.4695 0.0000	</row2>
			<row3>	0.0798 1.6249 -0.7838 1.0000	</row3>
		</transform>
	</node>
	<node>
		<identifier>	MP_BM613_Switch_Panel	</identifier>
		<parent>	Scene Root	</parent>
		<transform>
			<row0>	0.4695 0.0000 0.8829 0.0000	</row0>
			<row1>	0.0000 1.0000 0.0000 0.0000	</row1>
			<row2>	-0.8829 0.0000 0.4695 0.0000	</row2>
			<row3>	-0.0798 1.6475 -0.7838 1.0000	</row3>
		</transform>
	</node>
	<node>
		<identifier>	MP_BM613_Switch_Panel_INDEX_1	</identifier>
		<parent>	Scene Root	</parent>
		<transform>
			<row0>	0.4695 0.0000 -0.8829 0.0000	</row0>
			<row1>	0.0000 1.0000 0.0000 0.0000	</row1>
			<row2>	0.8829 0.0000 0.4695 0.0000	</row2>
			<row3>	0.0798 1.6475 -0.7838 1.0000	</row3>
		</transform>
	</node>
	<node>
		<identifier>	MP_BM640_Binocular	</identifier>
		<parent>	Scene Root	</parent>
		<transform>
			<row0>	0.5272 0.0000 -0.8497 0.0000	</row0>
			<row1>	0.0000 1.0000 0.0000 0.0000	</row1>
			<row2>	0.8497 0.0000 0.5272 0.0000	</row2>
			<row3>	0.1432 1.3026 -0.9556 1.0000	</row3>
		</transform>
	</node>
	<node>
		<identifier>	MP_BM640_Binocular_INDEX_1	</identifier>
		<parent>	Scene Root	</parent>
		<transform>
			<row0>	0.5272 0.0000 0.8497 0.0000	</row0>
			<row1>	0.0000 1.0000 0.0000 0.0000	</row1>
			<row2>	-0.8497 0.0000 0.5272 0.0000	</row2>
			<row3>	-0.1432 1.3026 -0.9556 1.0000	</row3>
		</transform>
	</node>
	<node>
		<identifier>	MP_BM675_Antenna_MF_DF	</identifier>
		<parent>	Scene Root	</parent>
		<transform>
			<row0>	1.0000 0.0000 0.0000 0.0000	</row0>
			<row1>	0.0000 1.0000 0.0000 0.0000	</row1>
			<row2>	0.0000 0.0000 1.0000 0.0000	</row2>
			<row3>	0.0000 1.5970 -0.6261 1.0000	</row3>
		</transform>
	</node>
	<node>
		<identifier>	MP_BM700_Locker	</identifier>
		<parent>	Scene Root	</parent>
		<transform>
			<row0>	-1.0000 0.0000 0.0000 0.0000	</row0>
			<row1>	0.0000 1.0000 0.0000 0.0000	</row1>
			<row2>	0.0000 0.0000 -1.0000 0.0000	</row2>
			<row3>	-0.6891 0.4985 -1.7200 1.0000	</row3>
		</transform>
	</node>
	<node>
		<identifier>	MP_BM700_Locker_INDEX_1	</identifier>
		<parent>	Scene Root	</parent>
		<transform>
			<row0>	1.0000 0.0000 0.0000 0.0000	</row0>
			<row1>	0.0000 1.0000 0.0000 0.0000	</row1>
			<row2>	0.0000 0.0000 1.0000 0.0000	</row2>
			<row3>	0.6891 0.4985 -1.7200 1.0000	</row3>
		</transform>
	</node>
	<node>
		<identifier>	MP_BM700_Locker_INDEX_2	</identifier>
		<parent>	Scene Root	</parent>
		<transform>
			<row0>	-1.0000 0.0000 0.0000 0.0000	</row0>
			<row1>	0.0000 1.0000 0.0000 0.0000	</row1>
			<row2>	0.0000 0.0000 -1.0000 0.0000	</row2>
			<row3>	-0.6891 0.4996 -2.0241 1.0000	</row3>
		</transform>
	</node>
	<node>
		<identifier>	MP_BM700_Locker_INDEX_3	</identifier>
		<parent>	Scene Root	</parent>
		<transform>
			<row0>	1.0000 0.0000 0.0000 0.0000	</row0>
			<row1>	0.0000 1.0000 0.0000 0.0000	</row1>
			<row2>	0.0000 0.0000 1.0000 0.0000	</row2>
			<row3>	0.6891 0.4996 -2.0241 1.0000	</row3>
		</transform>
	</node>
	<node>
		<identifier>	MP_BM705_Ammunition_Box	</identifier>
		<parent>	Scene Root	</parent>
		<transform>
			<row0>	-1.0000 0.0000 0.0003 0.0000	</row0>
			<row1>	0.0000 1.0000 0.0000 0.0000	</row1>
			<row2>	-0.0003 0.0000 -1.0000 0.0000	</row2>
			<row3>	0.1024 0.8485 -4.9700 1.0000	</row3>
		</transform>
	</node>
	<node>
		<identifier>	MP_BM705_Ammunition_Box_INDEX_1	</identifier>
		<parent>	Scene Root	</parent>
		<transform>
			<row0>	1.0000 0.0000 0.0000 0.0000	</row0>
			<row1>	0.0000 1.0000 0.0000 0.0000	</row1>
			<row2>	0.0000 0.0000 1.0000 0.0000	</row2>
			<row3>	0.4791 0.6893 -1.7658 1.0000	</row3>
		</transform>
	</node>
	<node>
		<identifier>	MP_BM705_Ammunition_Box_INDEX_10	</identifier>
		<parent>	Scene Root	</parent>
		<transform>
			<row0>	0.8716 0.0000 -0.4903 0.0000	</row0>
			<row1>	0.0000 1.0000 0.0000 0.0000	</row1>
			<row2>	0.4903 0.0000 0.8716 0.0000	</row2>
			<row3>	-0.1828 0.8496 -0.9129 1.0000	</row3>
		</transform>
	</node>
	<node>
		<identifier>	MP_BM705_Ammunition_Box_INDEX_11	</identifier>
		<parent>	Scene Root	</parent>
		<transform>
			<row0>	1.0000 0.0000 0.0000 0.0000	</row0>
			<row1>	0.0000 1.0000 0.0000 0.0000	</row1>
