<BSB036_Collingwood_1942_Stern.skel_ext>
	<exported>	true	</exported>
	<node>
		<identifier>	MP_BM003_Night_lifebuoy	</identifier>
		<parent>	Scene Root	</parent>
		<transform>
			<row0>	0.8163 0.5270 -0.2366 0.0000	</row0>
			<row1>	-0.5061 0.8499 0.1467 0.0000	</row1>
			<row2>	0.2784 0.0000 0.9605 0.0000	</row2>
			<row3>	0.5465 0.5889 -6.3066 1.0000	</row3>
		</transform>
	</node>
	<node>
		<identifier>	MP_BM003_Night_lifebuoy_INDEX_1	</identifier>
		<parent>	Scene Root	</parent>
		<transform>
			<row0>	-0.8147 0.5270 -0.2421 0.0000	</row0>
			<row1>	0.5061 0.8499 0.1467 0.0000	</row1>
			<row2>	0.2830 -0.0030 -0.9591 0.0000	</row2>
			<row3>	-0.5465 0.5889 -6.3066 1.0000	</row3>
		</transform>
	</node>
	<node>
		<identifier>	MP_BM021_Crown	</identifier>
		<parent>	Scene Root	</parent>
		<transform>
			<row0>	1.0000 0.0000 0.0000 0.0000	</row0>
			<row1>	0.0000 1.0000 0.0000 0.0000	</row1>
			<row2>	0.0000 0.0000 1.0000 0.0000	</row2>
			<row3>	0.0000 1.0636 -7.5600 1.0000	</row3>
		</transform>
	</node>
	<node>
		<identifier>	MP_BM139_Name_Plate_Collingwood_1942	</identifier>
		<parent>	Scene Root	</parent>
		<transform>
			<row0>	0.2996 -0.0010 -0.9541 0.0000	</row0>
			<row1>	-0.0774 0.9967 -0.0254 0.0000	</row1>
			<row2>	0.9509 0.0814 0.2985 0.0000	</row2>
			<row3>	-0.5424 0.4650 -6.4505 1.0000	</row3>
		</transform>
	</node>
	<node>
		<identifier>	MP_BM139_Name_Plate_Collingwood_1942_INDEX_1	</identifier>
		<parent>	Scene Root	</parent>
		<transform>
			<row0>	0.2996 0.0010 0.9541 0.0000	</row0>
			<row1>	0.0774 0.9967 -0.0254 0.0000	</row1>
			<row2>	-0.9509 0.0814 0.2985 0.0000	</row2>
			<row3>	0.5424 0.4650 -6.4505 1.0000	</row3>
		</transform>
	</node>
	<node>
		<identifier>	MP_BM241_Fog_Light_Ice	</identifier>
		<parent>	Scene Root	</parent>
		<transform>
			<row0>	-1.0000 0.0000 0.0000 0.0000	</row0>
			<row1>	0.0000 1.0000 0.0000 0.0000	</row1>
			<row2>	0.0000 0.0000 -1.0000 0.0000	</row2>
			<row3>	0.0000 0.5710 -7.5795 1.0000	</row3>
		</transform>
	</node>
	<node>
		<identifier>	MP_BM877_Running_Lights_B	</identifier>
		<parent>	Scene Root	</parent>
		<transform>
			<row0>	1.0000 0.0000 0.0000 0.0000	</row0>
			<row1>	0.0000 1.0000 0.0000 0.0000	</row1>
			<row2>	0.0000 0.0000 1.0000 0.0000	</row2>
			<row3>	0.0000 0.6312 -7.5879 1.0000	</row3>
		</transform>
	</node>
	<node>
		<identifier>	MP_BM964_3ton_electrik_winch_R	</identifier>
		<parent>	Scene Root	</parent>
		<transform>
			<row0>	-1.0000 0.0082 0.0048 0.0000	</row0>
			<row1>	0.0082 1.0000 -0.0001 0.0000	</row1>
			<row2>	-0.0048 0.0000 -1.0000 0.0000	</row2>
			<row3>	0.4661 0.4933 -5.8367 1.0000	</row3>
		</transform>
	</node>
	<node>
		<identifier>	MP_BM965_3ton_electrik_winch_L	</identifier>
		<parent>	Scene Root	</parent>
		<transform>
			<row0>	-0.9999 -0.0140 0.0040 0.0000	</row0>
			<row1>	-0.0139 0.9999 0.0033 0.0000	</row1>
			<row2>	-0.0040 0.0033 -1.0000 0.0000	</row2>
			<row3>	-0.4644 0.4953 -5.8358 1.0000	</row3>
		</transform>
	</node>
	<node>
		<identifier>	MP_CM161_Propeller_4_8m_BB_R	</identifier>
		<parent>	Scene Root	</parent>
		<transform>
			<row0>	1.2260 0.0000 -0.0029 0.0000	</row0>
			<row1>	0.0000 1.2254 -0.0385 0.0000	</row1>
			<row2>	0.0029 0.0385 1.2254 0.0000	</row2>
			<row3>	0.4043 -0.4368 -6.1623 1.0000	</row3>
		</transform>
	</node>
	<node>
		<identifier>	MP_CM162_Propeller_4_8m_BB_L	</identifier>
		<parent>	Scene Root	</parent>
		<transform>
			<row0>	1.2260 0.0000 0.0029 0.0000	</row0>
			<row1>	0.0000 1.2254 -0.0385 0.0000	</row1>
			<row2>	-0.0029 0.0385 1.2254 0.0000	</row2>
			<row3>	-0.4043 -0.4368 -6.1623 1.0000	</row3>
		</transform>
	</node>
</BSB036_Collingwood_1942_Stern.skel_ext>
