<GSB031_Von_der_Tann_1918_MidBack.skel_ext>
	<exported>	true	</exported>
	<node>
		<identifier>	MP_CM001_Propeller3_L	</identifier>
		<parent>	Scene Root	</parent>
		<transform>
			<row0>	0.9899 -0.1418 -0.0055 0.0000	</row0>
			<row1>	0.1417 0.9898 -0.0162 0.0000	</row1>
			<row2>	0.0078 0.0152 0.9999 0.0000	</row2>
			<row3>	-0.4369 -0.4200 -4.0929 1.0000	</row3>
		</transform>
	</node>
	<node>
		<identifier>	MP_CM011_Fire_Fighting_Gear	</identifier>
		<parent>	Scene Root	</parent>
		<transform>
			<row0>	-1.0000 0.0000 0.0000 0.0000	</row0>
			<row1>	0.0000 1.0000 0.0000 0.0000	</row1>
			<row2>	0.0000 0.0000 -1.0000 0.0000	</row2>
			<row3>	-0.0270 0.2859 -1.6941 1.0000	</row3>
		</transform>
	</node>
	<node>
		<identifier>	MP_CM011_Fire_Fighting_Gear_INDEX_1	</identifier>
		<parent>	Scene Root	</parent>
		<transform>
			<row0>	0.1345 0.0000 0.9909 0.0000	</row0>
			<row1>	0.0000 1.0000 0.0000 0.0000	</row1>
			<row2>	-0.9909 0.0000 0.1345 0.0000	</row2>
			<row3>	0.3226 0.2846 -2.0674 1.0000	</row3>
		</transform>
	</node>
	<node>
		<identifier>	MP_CM011_Fire_Fighting_Gear_INDEX_2	</identifier>
		<parent>	Scene Root	</parent>
		<transform>
			<row0>	0.0000 0.0000 -1.0000 0.0000	</row0>
			<row1>	0.0000 1.0000 0.0000 0.0000	</row1>
			<row2>	1.0000 0.0000 0.0000 0.0000	</row2>
			<row3>	-0.5703 0.1364 -1.7317 1.0000	</row3>
		</transform>
	</node>
	<node>
		<identifier>	MP_CM011_Fire_Fighting_Gear_INDEX_3	</identifier>
		<parent>	Scene Root	</parent>
		<transform>
			<row0>	0.0000 0.0000 1.0000 0.0000	</row0>
			<row1>	0.0000 1.0000 0.0000 0.0000	</row1>
			<row2>	-1.0000 0.0000 0.0000 0.0000	</row2>
			<row3>	0.5703 0.1364 -1.7317 1.0000	</row3>
		</transform>
	</node>
	<node>
		<identifier>	MP_CM011_Fire_Fighting_Gear_INDEX_4	</identifier>
		<parent>	Scene Root	</parent>
		<transform>
			<row0>	0.1345 0.0000 -0.9909 0.0000	</row0>
			<row1>	0.0000 1.0000 0.0000 0.0000	</row1>
			<row2>	0.9909 0.0000 0.1345 0.0000	</row2>
			<row3>	-0.3226 0.2846 -2.0674 1.0000	</row3>
		</transform>
	</node>
	<node>
		<identifier>	MP_CM011_Fire_Fighting_Gear_INDEX_5	</identifier>
		<parent>	Scene Root	</parent>
		<transform>
			<row0>	0.8159 0.0000 0.5782 0.0000	</row0>
			<row1>	0.0000 1.0000 0.0000 0.0000	</row1>
			<row2>	-0.5782 0.0000 0.8159 0.0000	</row2>
			<row3>	-0.0641 0.2887 -0.5697 1.0000	</row3>
		</transform>
	</node>
	<node>
		<identifier>	MP_CM032_Propeller3_R	</identifier>
		<parent>	Scene Root	</parent>
		<transform>
			<row0>	0.9899 0.1418 0.0055 0.0000	</row0>
			<row1>	-0.1417 0.9898 -0.0162 0.0000	</row1>
			<row2>	-0.0078 0.0152 0.9999 0.0000	</row2>
			<row3>	0.4369 -0.4200 -4.0929 1.0000	</row3>
		</transform>
	</node>
	<node>
		<identifier>	MP_CM052_Fender	</identifier>
		<parent>	Scene Root	</parent>
		<transform>
			<row0>	0.0000 0.0000 -0.7000 0.0000	</row0>
			<row1>	0.0000 0.7000 0.0000 0.0000	</row1>
			<row2>	0.7000 0.0000 0.0000 0.0000	</row2>
			<row3>	0.3244 0.3260 -1.9643 1.0000	</row3>
		</transform>
	</node>
	<node>
		<identifier>	MP_CM052_Fender_INDEX_1	</identifier>
		<parent>	Scene Root	</parent>
		<transform>
			<row0>	0.0000 0.0000 0.7000 0.0000	</row0>
			<row1>	0.0000 0.7000 0.0000 0.0000	</row1>
			<row2>	-0.7000 0.0000 0.0000 0.0000	</row2>
			<row3>	-0.3244 0.3260 -1.9643 1.0000	</row3>
		</transform>
	</node>
	<node>
		<identifier>	MP_CM059_Ladder_Cruiser	</identifier>
		<parent>	Scene Root	</parent>
		<transform>
			<row0>	0.9994 0.0000 0.0351 0.0000	</row0>
			<row1>	0.0000 1.0000 0.0000 0.0000	</row1>
			<row2>	-0.0351 0.0000 0.9994 0.0000	</row2>
			<row3>	-0.7712 0.1353 -1.8992 1.0000	</row3>
		</transform>
	</node>
	<node>
		<identifier>	MP_CM082_Rope	</identifier>
		<parent>	Scene Root	</parent>
		<transform>
			<row0>	0.9994 0.0000 0.0359 0.0000	</row0>
			<row1>	-0.0025 0.9976 0.0692 0.0000	</row1>
			<row2>	-0.0358 -0.0693 0.9970 0.0000	</row2>
			<row3>	0.1703 1.0381 -1.9142 1.0000	</row3>
		</transform>
	</node>
	<node>
		<identifier>	MP_CM082_Rope_INDEX_1	</identifier>
		<parent>	Scene Root	</parent>
		<transform>
			<row0>	0.0000 0.3015 -0.9535 0.0000	</row0>
			<row1>	0.0000 0.8923 0.2822 0.0000	</row1>
			<row2>	1.1373 0.0000 0.0000 0.0000	</row2>
			<row3>	-0.2206 0.6674 -1.7630 1.0000	</row3>
		</transform>
	</node>
	<node>
		<identifier>	MP_CM082_Rope_INDEX_2	</identifier>
		<parent>	Scene Root	</parent>
		<transform>
			<row0>	0.9966 0.0032 -0.0824 0.0000	</row0>
			<row1>	0.0025 0.9976 0.0692 0.0000	</row1>
			<row2>	0.0824 -0.0692 0.9942 0.0000	</row2>
			<row3>	-0.1689 1.0381 -1.9142 1.0000	</row3>
		</transform>
	</node>
	<node>
		<identifier>	MP_CM082_Rope_INDEX_3	</identifier>
		<parent>	Scene Root	</parent>
		<transform>
			<row0>	0.2534 0.1943 -0.9476 0.0000	</row0>
			<row1>	0.0129 0.9789 0.2042 0.0000	</row1>
			<row2>	0.9673 -0.0639 0.2455 0.0000	</row2>
			<row3>	-0.2669 0.6678 -1.7645 1.0000	</row3>
		</transform>
	</node>
	<node>
		<identifier>	MP_CM082_Rope_INDEX_4	</identifier>
		<parent>	Scene Root	</parent>
		<transform>
			<row0>	0.2358 -0.0415 0.9182 0.0000	</row0>
			<row1>	-0.0377 0.7361 0.0430 0.0000	</row1>
			<row2>	-0.9179 -0.0606 0.2330 0.0000	</row2>
			<row3>	0.2669 0.6678 -1.7645 1.0000	</row3>
		</transform>
	</node>
	<node>
		<identifier>	MP_CM082_Rope_INDEX_5	</identifier>
		<parent>	Scene Root	</parent>
		<transform>
			<row0>	0.0000 -0.2519 0.9678 0.0000	</row0>
			<row1>	0.0000 0.9678 0.2519 0.0000	</row1>
			<row2>	-1.0000 0.0000 0.0000 0.0000	</row2>
			<row3>	0.2206 0.6674 -1.7630 1.0000	</row3>
		</transform>
	</node>
	<node>
		<identifier>	MP_CM117_Ladder_Cruiser_L	</identifier>
		<parent>	Scene Root	</parent>
		<transform>
			<row0>	0.9994 0.0000 -0.0351 0.0000	</row0>
			<row1>	0.0000 1.0000 0.0000 0.0000	</row1>
			<row2>	0.0351 0.0000 0.9994 0.0000	</row2>
			<row3>	0.7711 0.1353 -1.8992 1.0000	</row3>
		</transform>
	</node>
	<node>
		<identifier>	MP_CM126_Cleat	</identifier>
		<parent>	Scene Root	</parent>
		<transform>
			<row0>	0.9936 0.0000 0.1128 0.0000	</row0>
			<row1>	0.0000 1.0000 0.0000 0.0000	</row1>
			<row2>	-0.1128 0.0000 0.9936 0.0000	</row2>
			<row3>	-0.5208 0.2743 -3.9582 1.0000	</row3>
		</transform>
	</node>
	<node>
		<identifier>	MP_CM126_Cleat_INDEX_1	</identifier>
		<parent>	Scene Root	</parent>
		<transform>
			<row0>	0.9936 0.0000 -0.1128 0.0000	</row0>
			<row1>	0.0000 1.0000 0.0000 0.0000	</row1>
			<row2>	0.1128 0.0000 0.9936 0.0000	</row2>
			<row3>	0.5208 0.2743 -3.9582 1.0000	</row3>
		</transform>
	</node>
	<node>
		<identifier>	MP_GM003_Reels_1	</identifier>
		<parent>	Scene Root	</parent>
		<transform>
			<row0>	1.0000 0.0000 0.0000 0.0000	</row0>
			<row1>	0.0000 1.0000 0.0000 0.0000	</row1>
			<row2>	0.0000 0.0000 1.0000 0.0000	</row2>
			<row3>	-0.1896 0.6047 -0.5516 1.0000	</row3>
		</transform>
	</node>
	<node>
		<identifier>	MP_GM003_Reels_1_INDEX_1	</identifier>
		<parent>	Scene Root	</parent>
		<transform>
			<row0>	1.0000 0.0000 0.0000 0.0000	</row0>
			<row1>	0.0000 1.0000 0.0000 0.0000	</row1>
			<row2>	0.0000 0.0000 1.0000 0.0000	</row2>
			<row3>	-0.1151 0.6047 -0.5516 1.0000	</row3>
		</transform>
	</node>
	<node>
		<identifier>	MP_GM003_Reels_1_INDEX_2	</identifier>
		<parent>	Scene Root	</parent>
		<transform>
			<row0>	0.4448 0.0000 -0.8956 0.0000	</row0>
			<row1>	0.0000 1.0000 0.0000 0.0000	</row1>
			<row2>	0.8956 0.0000 0.4448 0.0000	</row2>
			<row3>	-0.0601 0.5262 -2.5849 1.0000	</row3>
		</transform>
	</node>
	<node>
		<identifier>	MP_GM003_Reels_1_INDEX_3	</identifier>
		<parent>	Scene Root	</parent>
		<transform>
			<row0>	1.3016 0.0000 0.9305 0.0000	</row0>
			<row1>	0.0000 1.6000 0.0000 0.0000	</row1>
			<row2>	-0.9305 0.0000 1.3016 0.0000	</row2>
			<row3>	0.1340 0.6047 0.1335 1.0000	</row3>
		</transform>
	</node>
	<node>
		<identifier>	MP_GM003_Reels_1_INDEX_4	</identifier>
		<parent>	Scene Root	</parent>
		<transform>
			<row0>	1.3016 0.0000 0.9305 0.0000	</row0>
			<row1>	0.0000 1.6000 0.0000 0.0000	</row1>
			<row2>	-0.9305 0.0000 1.3016 0.0000	</row2>
			<row3>	0.0631 0.6047 0.0828 1.0000	</row3>
		</transform>
	</node>
	<node>
		<identifier>	MP_GM005_Reels_3	</identifier>
		<parent>	Scene Root	</parent>
		<transform>
			<row0>	0.0000 0.0000 0.7000 0.0000	</row0>
			<row1>	0.0000 0.7000 0.0000 0.0000	</row1>
			<row2>	-0.7000 0.0000 0.0000 0.0000	</row2>
			<row3>	-0.1955 0.6047 -0.3872 1.0000	</row3>
		</transform>
	</node>
	<node>
		<identifier>	MP_GM012_Reels_5	</identifier>
		<parent>	Scene Root	</parent>
		<transform>
			<row0>	0.6035 0.0000 0.0000 0.0000	</row0>
			<row1>	0.0000 0.6035 0.0000 0.0000	</row1>
			<row2>	0.0000 0.0000 0.6035 0.0000	</row2>
			<row3>	0.0010 0.5283 -2.6087 1.0000	</row3>
		</transform>
	</node>
	<node>
		<identifier>	MP_GM012_Reels_5_INDEX_1	</identifier>
		<parent>	Scene Root	</parent>
		<transform>
			<row0>	0.3771 0.0000 -0.7059 0.0000	</row0>
			<row1>	0.0000 0.8003 0.0000 0.0000	</row1>
			<row2>	0.7059 0.0000 0.3771 0.0000	</row2>
			<row3>	-0.2065 0.2788 -2.5208 1.0000	</row3>
		</transform>
	</node>
	<node>
		<identifier>	MP_GM012_Reels_5_INDEX_2	</identifier>
		<parent>	Scene Root	</parent>
		<transform>
			<row0>	1.0000 0.0000 0.0000 0.0000	</row0>
			<row1>	0.0000 1.0000 0.0000 0.0000	</row1>
			<row2>	0.0000 0.0000 1.0000 0.0000	</row2>
			<row3>	0.1780 0.2788 -2.6174 1.0000	</row3>
		</transform>
	</node>
	<node>
		<identifier>	MP_GM016_Sleeve	</identifier>
		<parent>	Scene Root	</parent>
		<transform>
			<row0>	1.0000 0.0000 0.0000 0.0000	</row0>
			<row1>	0.0000 1.0000 0.0000 0.0000	</row1>
			<row2>	0.0000 0.0000 1.0000 0.0000	</row2>
			<row3>	-0.0606 0.3599 -1.7061 1.0000	</row3>
		</transform>
	</node>
	<node>
		<identifier>	MP_GM016_Sleeve_INDEX_1	</identifier>
		<parent>	Scene Root	</parent>
		<transform>
			<row0>	0.0000 0.0000 1.0000 0.0000	</row0>
			<row1>	0.0000 1.0000 0.0000 0.0000	</row1>
			<row2>	-1.0000 0.0000 0.0000 0.0000	</row2>
			<row3>	-0.5595 0.2188 -1.7057 1.0000	</row3>
		</transform>
	</node>
	<node>
		<identifier>	MP_GM016_Sleeve_INDEX_2	</identifier>
		<parent>	Scene Root	</parent>
		<transform>
			<row0>	-0.8696 0.0000 -0.4938 0.0000	</row0>
			<row1>	0.0000 1.0000 0.0000 0.0000	</row1>
			<row2>	0.4938 0.0000 -0.8696 0.0000	</row2>
			<row3>	-0.1020 0.3599 -0.5860 1.0000	</row3>
		</transform>
	</node>
	<node>
		<identifier>	MP_GM016_Sleeve_INDEX_3	</identifier>
		<parent>	Scene Root	</parent>
		<transform>
			<row0>	-0.1345 0.0000 0.9909 0.0000	</row0>
			<row1>	0.0000 1.0000 0.0000 0.0000	</row1>
			<row2>	-0.9909 0.0000 -0.1345 0.0000	</row2>
			<row3>	-0.2921 0.3599 -2.0736 1.0000	</row3>
		</transform>
	</node>
	<node>
		<identifier>	MP_GM016_Sleeve_INDEX_4	</identifier>
		<parent>	Scene Root	</parent>
		<transform>
			<row0>	-0.1345 0.0000 -0.9909 0.0000	</row0>
			<row1>	0.0000 1.0000 0.0000 0.0000	</row1>
			<row2>	0.9909 0.0000 -0.1345 0.0000	</row2>
			<row3>	0.2921 0.3599 -2.0736 1.0000	</row3>
		</transform>
	</node>
	<node>
		<identifier>	MP_GM016_Sleeve_INDEX_5	</identifier>
		<parent>	Scene Root	</parent>
		<transform>
			<row0>	0.0000 0.0000 -1.0000 0.0000	</row0>
			<row1>	0.0000 1.0000 0.0000 0.0000	</row1>
			<row2>	1.0000 0.0000 0.0000 0.0000	</row2>
			<row3>	0.5595 0.2188 -1.7057 1.0000	</row3>
		</transform>
	</node>
	<node>
		<identifier>	MP_GM024_Night_Indicator	</identifier>
		<parent>	Scene Root	</parent>
		<transform>
			<row0>	-1.0000 0.0000 0.0000 0.0000	</row0>
			<row1>	0.0000 1.0000 0.0000 0.0000	</row1>
			<row2>	0.0000 0.0000 -1.0000 0.0000	</row2>
			<row3>	-0.0382 1.0225 -2.0119 1.0000	</row3>
		</transform>
	</node>
	<node>
		<identifier>	MP_GM035_LifeBuoy_Mount	</identifier>
		<parent>	Scene Root	</parent>
		<transform>
			<row0>	-1.0000 0.0000 0.0000 0.0000	</row0>
			<row1>	0.0000 1.0000 0.0000 0.0000	</row1>
			<row2>	0.0000 0.0000 -1.0000 0.0000	</row2>
			<row3>	0.0004 0.3273 -1.4238 1.0000	</row3>
		</transform>
	</node>
	<node>
		<identifier>	MP_GM035_LifeBuoy_Mount_INDEX_1	</identifier>
		<parent>	Scene Root	</parent>
		<transform>
			<row0>	-0.9999 0.0000 0.0172 0.0000	</row0>
			<row1>	0.0000 1.0000 0.0000 0.0000	</row1>
			<row2>	-0.0172 0.0000 -0.9999 0.0000	</row2>
			<row3>	0.2514 0.3718 -0.0353 1.0000	</row3>
		</transform>
	</node>
	<node>
		<identifier>	MP_GM035_LifeBuoy_Mount_INDEX_2	</identifier>
		<parent>	Scene Root	</parent>
		<transform>
			<row0>	0.5832 0.0000 -0.8123 0.0000	</row0>
			<row1>	0.0000 1.0000 0.0000 0.0000	</row1>
			<row2>	0.8123 0.0000 0.5832 0.0000	</row2>
			<row3>	-0.1222 0.3714 0.0105 1.0000	</row3>
		</transform>
	</node>
	<node>
		<identifier>	MP_GM065_Firelead	</identifier>
		<parent>	Scene Root	</parent>
		<transform>
			<row0>	0.7000 0.0000 0.0000 0.0000	</row0>
			<row1>	0.0000 0.7000 0.0000 0.0000	</row1>
			<row2>	0.0000 0.0000 0.7000 0.0000	</row2>
			<row3>	0.5450 0.2721 -1.9229 1.0000	</row3>
		</transform>
	</node>
	<node>
		<identifier>	MP_GM065_Firelead_INDEX_1	</identifier>
		<parent>	Scene Root	</parent>
		<transform>
			<row0>	0.7000 0.0000 0.0000 0.0000	</row0>
			<row1>	0.0000 0.7000 0.0000 0.0000	</row1>
			<row2>	0.0000 0.0000 0.7000 0.0000	</row2>
			<row3>	-0.5418 0.2721 -2.7085 1.0000	</row3>
		</transform>
	</node>
	<node>
		<identifier>	MP_GM065_Firelead_INDEX_2	</identifier>
		<parent>	Scene Root	</parent>
		<transform>
			<row0>	0.7000 0.0000 0.0000 0.0000	</row0>
			<row1>	0.0000 0.7000 0.0000 0.0000	</row1>
			<row2>	0.0000 0.0000 0.7000 0.0000	</row2>
			<row3>	0.5418 0.2721 -2.7085 1.0000	</row3>
		</transform>
	</node>
	<node>
		<identifier>	MP_GM065_Firelead_INDEX_3	</identifier>
		<parent>	Scene Root	</parent>
		<transform>
			<row0>	0.6998 0.0000 0.0148 0.0000	</row0>
			<row1>	0.0000 0.7000 0.0000 0.0000	</row1>
			<row2>	-0.0148 0.0000 0.6998 0.0000	</row2>
			<row3>	-0.8539 0.2740 -0.3253 1.0000	</row3>
		</transform>
	</node>
	<node>
		<identifier>	MP_GM611_Headlights_straightener	</identifier>
		<parent>	Scene Root	</parent>
		<transform>
			<row0>	-0.8830 0.0000 0.4694 0.0000	</row0>
			<row1>	0.0000 1.0000 0.0000 0.0000	</row1>
			<row2>	-0.4694 0.0000 -0.8830 0.0000	</row2>
			<row3>	-0.1198 0.6096 -2.0618 1.0000	</row3>
		</transform>
	</node>
	<node>
		<identifier>	MP_GM611_Headlights_straightener_INDEX_1	</identifier>
		<parent>	Scene Root	</parent>
		<transform>
			<row0>	-0.5269 0.0000 -0.8499 0.0000	</row0>
			<row1>	0.0000 1.0000 0.0000 0.0000	</row1>
			<row2>	0.8499 0.0000 -0.5269 0.0000	</row2>
			<row3>	0.2098 0.6096 -1.9895 1.0000	</row3>
		</transform>
	</node>
	<node>
		<identifier>	MP_GM611_Headlights_straightener_INDEX_2	</identifier>
		<parent>	Scene Root	</parent>
		<transform>
			<row0>	-0.8830 0.0000 -0.4694 0.0000	</row0>
			<row1>	0.0000 1.0000 0.0000 0.0000	</row1>
			<row2>	0.4694 0.0000 -0.8830 0.0000	</row2>
			<row3>	0.1198 0.6096 -2.0618 1.0000	</row3>
		</transform>
	</node>
	<node>
		<identifier>	MP_GM611_Headlights_straightener_INDEX_3	</identifier>
		<parent>	Scene Root	</parent>
		<transform>
			<row0>	-0.5269 0.0000 0.8499 0.0000	</row0>
			<row1>	0.0000 1.0000 0.0000 0.0000	</row1>
			<row2>	-0.8499 0.0000 -0.5269 0.0000	</row2>
			<row3>	-0.2098 0.6096 -1.9895 1.0000	</row3>
		</transform>
	</node>
	<node>
		<identifier>	MP_GM624_Telephone	</identifier>
		<parent>	Scene Root	</parent>
		<transform>
			<row0>	0.0000 0.0000 -1.0000 0.0000	</row0>
			<row1>	0.0000 1.0000 0.0000 0.0000	</row1>
			<row2>	1.0000 0.0000 0.0000 0.0000	</row2>
			<row3>	-0.1317 0.6932 -1.9068 1.0000	</row3>
		</transform>
	</node>
	<node>
		<identifier>	MP_GM624_Telephone_INDEX_1	</identifier>
		<parent>	Scene Root	</parent>
		<transform>
			<row0>	0.0000 0.0000 1.0000 0.0000	</row0>
			<row1>	0.0000 1.0000 0.0000 0.0000	</row1>
			<row2>	-1.0000 0.0000 0.0000 0.0000	</row2>
			<row3>	0.1317 0.6932 -1.9068 1.0000	</row3>
		</transform>
	</node>
	<node>
		<identifier>	MP_GM860_Searchlight_1_4m	</identifier>
		<parent>	Scene Root	</parent>
		<transform>
			<row0>	-1.0000 0.0000 0.0000 0.0000	</row0>
			<row1>	0.0000 1.0000 0.0000 0.0000	</row1>
			<row2>	0.0000 0.0000 -1.0000 0.0000	</row2>
			<row3>	-0.0777 0.9715 -1.9151 1.0000	</row3>
		</transform>
	</node>
	<node>
		<identifier>	MP_GM860_Searchlight_1_4m_INDEX_1	</identifier>
		<parent>	Scene Root	</parent>
		<transform>
			<row0>	-1.0000 0.0000 0.0000 0.0000	</row0>
			<row1>	0.0000 1.0000 0.0000 0.0000	</row1>
			<row2>	0.0000 0.0000 -1.0000 0.0000	</row2>
			<row3>	0.0777 0.9715 -1.9151 1.0000	</row3>
		</transform>
	</node>
	<node>
		<identifier>	MP_GM860_Searchlight_1_4m_INDEX_2	</identifier>
		<parent>	Scene Root	</parent>
		<transform>
			<row0>	0.0000 0.0000 1.0000 0.0000	</row0>
			<row1>	0.0000 1.0000 0.0000 0.0000	</row1>
			<row2>	-1.0000 0.0000 0.0000 0.0000	</row2>
			<row3>	-0.0777 0.7885 -1.7575 1.0000	</row3>
		</transform>
	</node>
	<node>
		<identifier>	MP_GM860_Searchlight_1_4m_INDEX_3	</identifier>
		<parent>	Scene Root	</parent>
		<transform>
			<row0>	0.0000 0.0000 -1.0000 0.0000	</row0>
			<row1>	0.0000 1.0000 0.0000 0.0000	</row1>
			<row2>	1.0000 0.0000 0.0000 0.0000	</row2>
			<row3>	0.0777 0.7885 -1.7575 1.0000	</row3>
		</transform>
	</node>
	<node>
		<identifier>	MP_GM863_Signal_White	</identifier>
		<parent>	Scene Root	</parent>
		<transform>
			<row0>	0.0000 0.0000 -1.0000 0.0000	</row0>
			<row1>	0.0000 1.0000 0.0000 0.0000	</row1>
			<row2>	1.0000 0.0000 0.0000 0.0000	</row2>
			<row3>	0.0162 2.1560 -1.8379 1.0000	</row3>
		</transform>
	</node>
	<node>
		<identifier>	MP_GM863_Signal_White_INDEX_1	</identifier>
		<parent>	Scene Root	</parent>
		<transform>
			<row0>	0.0000 0.0000 1.0000 0.0000	</row0>
			<row1>	0.0000 1.0000 0.0000 0.0000	</row1>
			<row2>	-1.0000 0.0000 0.0000 0.0000	</row2>
			<row3>	-0.0162 2.1560 -1.8379 1.0000	</row3>
		</transform>
	</node>
	<node>
		<identifier>	MP_GM968_Winch	</identifier>
		<parent>	Scene Root	</parent>
		<transform>
			<row0>	0.0000 0.0000 -1.0000 0.0000	</row0>
			<row1>	0.0000 1.0000 0.0000 0.0000	</row1>
			<row2>	1.0000 0.0000 0.0000 0.0000	</row2>
			<row3>	0.7913 0.2764 0.1335 1.0000	</row3>
		</transform>
	</node>
	<node>
		<identifier>	MP_GM968_Winch_INDEX_1	</identifier>
		<parent>	Scene Root	</parent>
		<transform>
			<row0>	0.0000 0.0000 1.0000 0.0000	</row0>
			<row1>	0.0000 1.0000 0.0000 0.0000	</row1>
			<row2>	-1.0000 0.0000 0.0000 0.0000	</row2>
			<row3>	-0.6492 0.2766 -1.5283 1.0000	</row3>
		</transform>
	</node>
	<node>
		<identifier>	MP_GM968_Winch_INDEX_2	</identifier>
		<parent>	Scene Root	</parent>
		<transform>
			<row0>	0.0000 0.0000 -1.0000 0.0000	</row0>
			<row1>	0.0000 1.0000 0.0000 0.0000	</row1>
			<row2>	1.0000 0.0000 0.0000 0.0000	</row2>
			<row3>	0.6492 0.2766 -1.5283 1.0000	</row3>
		</transform>
	</node>
	<node>
		<identifier>	MP_GM968_Winch_INDEX_3	</identifier>
		<parent>	Scene Root	</parent>
		<transform>
			<row0>	0.0000 0.0000 -1.0000 0.0000	</row0>
			<row1>	0.0000 1.0000 0.0000 0.0000	</row1>
			<row2>	1.0000 0.0000 0.0000 0.0000	</row2>
			<row3>	0.7890 0.2765 -0.8056 1.0000	</row3>
		</transform>
	</node>
	<node>
		<identifier>	MP_GM968_Winch_INDEX_4	</identifier>
		<parent>	Scene Root	</parent>
		<transform>
			<row0>	0.0000 0.0000 1.0000 0.0000	</row0>
			<row1>	0.0000 1.0000 0.0000 0.0000	</row1>
			<row2>	-1.0000 0.0000 0.0000 0.0000	</row2>
			<row3>	-0.7916 0.2766 -0.4800 1.0000	</row3>
		</transform>
	</node>
</GSB031_Von_der_Tann_1918_MidBack.skel_ext>
