<USC306_Hobart_1943_Stern.skel_ext>
	<exported>	true	</exported>
	<node>
		<identifier>	MP_BM009_Depth_Charge	</identifier>
		<parent>	Scene Root	</parent>
		<transform>
			<row0>	-0.2914 0.0018 0.9566 0.0000	</row0>
			<row1>	0.9566 0.0000 0.2914 0.0000	</row1>
			<row2>	0.0005 1.0000 -0.0017 0.0000	</row2>
			<row3>	-0.2077 0.2715 -5.3239 1.0000	</row3>
		</transform>
	</node>
	<node>
		<identifier>	MP_BM009_Depth_Charge_INDEX_1	</identifier>
		<parent>	Scene Root	</parent>
		<transform>
			<row0>	-0.2914 0.0018 0.9566 0.0000	</row0>
			<row1>	0.9566 0.0000 0.2914 0.0000	</row1>
			<row2>	0.0005 1.0000 -0.0017 0.0000	</row2>
			<row3>	-0.1981 0.2714 -5.3553 1.0000	</row3>
		</transform>
	</node>
	<node>
		<identifier>	MP_BM020_Smoke_floats	</identifier>
		<parent>	Scene Root	</parent>
		<transform>
			<row0>	-0.9944 -0.1055 -0.0007 0.0000	</row0>
			<row1>	-0.1055 0.9942 -0.0224 0.0000	</row1>
			<row2>	0.0031 -0.0222 -0.9997 0.0000	</row2>
			<row3>	-0.0709 0.3005 -5.5550 1.0000	</row3>
		</transform>
	</node>
	<node>
		<identifier>	MP_BM020_Smoke_floats_INDEX_1	</identifier>
		<parent>	Scene Root	</parent>
		<transform>
			<row0>	-0.9944 0.1055 0.0007 0.0000	</row0>
			<row1>	0.1055 0.9942 -0.0224 0.0000	</row1>
			<row2>	-0.0031 -0.0222 -0.9997 0.0000	</row2>
			<row3>	0.0719 0.3006 -5.5575 1.0000	</row3>
		</transform>
	</node>
	<node>
		<identifier>	MP_BM021_Crown	</identifier>
		<parent>	Scene Root	</parent>
		<transform>
			<row0>	1.0000 0.0000 0.0000 0.0000	</row0>
			<row1>	0.0000 0.9851 -0.1719 0.0000	</row1>
			<row2>	0.0000 0.1719 0.9851 0.0000	</row2>
			<row3>	0.0180 0.7919 -5.6950 1.0000	</row3>
		</transform>
	</node>
	<node>
		<identifier>	MP_BM420_Ammobox_for_BGM056	</identifier>
		<parent>	Scene Root	</parent>
		<transform>
			<row0>	0.0000 0.0000 1.0000 0.0000	</row0>
			<row1>	0.0000 1.0000 0.0000 0.0000	</row1>
			<row2>	-1.0000 0.0000 0.0000 0.0000	</row2>
			<row3>	-0.0276 0.2618 -5.2426 1.0000	</row3>
		</transform>
	</node>
	<node>
		<identifier>	MP_BM420_Ammobox_for_BGM056_INDEX_1	</identifier>
		<parent>	Scene Root	</parent>
		<transform>
			<row0>	0.0000 0.0000 1.0000 0.0000	</row0>
			<row1>	0.0000 1.0000 0.0000 0.0000	</row1>
			<row2>	-1.0000 0.0000 0.0000 0.0000	</row2>
			<row3>	0.0520 0.2616 -5.2426 1.0000	</row3>
		</transform>
	</node>
	<node>
		<identifier>	MP_BM709_Locker	</identifier>
		<parent>	Scene Root	</parent>
		<transform>
			<row0>	-1.0000 0.0000 0.0000 0.0000	</row0>
			<row1>	0.0000 1.0000 0.0000 0.0000	</row1>
			<row2>	0.0000 0.0000 -1.0000 0.0000	</row2>
			<row3>	-0.0016 0.2632 -5.3209 1.0000	</row3>
		</transform>
	</node>
	<node>
		<identifier>	MP_BM857_Fog_Light	</identifier>
		<parent>	Scene Root	</parent>
		<transform>
			<row0>	-1.0000 0.0000 0.0000 0.0000	</row0>
			<row1>	0.0000 1.0000 0.0000 0.0000	</row1>
			<row2>	0.0000 0.0000 -1.0000 0.0000	</row2>
			<row3>	0.0000 0.4117 -5.6343 1.0000	</row3>
		</transform>
	</node>
	<node>
		<identifier>	MP_BM868_Screened_speed_light	</identifier>
		<parent>	Scene Root	</parent>
		<transform>
			<row0>	0.5000 0.0000 0.0000 0.0000	</row0>
			<row1>	0.0000 0.5000 0.0000 0.0000	</row1>
			<row2>	0.0000 0.0000 0.5000 0.0000	</row2>
			<row3>	0.0000 0.3515 -5.6292 1.0000	</row3>
		</transform>
	</node>
	<node>
		<identifier>	MP_BM872_Running_Lights_B	</identifier>
		<parent>	Scene Root	</parent>
		<transform>
			<row0>	-1.0000 0.0000 0.0000 0.0000	</row0>
			<row1>	0.0000 1.0000 0.0000 0.0000	</row1>
			<row2>	0.0000 0.0000 -1.0000 0.0000	</row2>
			<row3>	0.0000 0.5198 -5.6572 1.0000	</row3>
		</transform>
	</node>
	<node>
		<identifier>	MP_BM905_Crane_for_Ladder_L	</identifier>
		<parent>	Scene Root	</parent>
		<transform>
			<row0>	0.9991 -0.0381 0.0170 0.0000	</row0>
			<row1>	0.0383 0.9992 -0.0148 0.0000	</row1>
			<row2>	-0.0164 0.0154 0.9997 0.0000	</row2>
			<row3>	-0.3789 0.2561 -4.4970 1.0000	</row3>
		</transform>
	</node>
	<node>
		<identifier>	MP_BM906_Crane_for_Ladder_R	</identifier>
		<parent>	Scene Root	</parent>
		<transform>
			<row0>	-0.9696 -0.0387 -0.2418 0.0000	</row0>
			<row1>	-0.0409 0.9992 0.0040 0.0000	</row1>
			<row2>	0.2415 0.0138 -0.9703 0.0000	</row2>
			<row3>	0.3780 0.2573 -4.5059 1.0000	</row3>
		</transform>
	</node>
	<node>
		<identifier>	MP_BM906_Crane_for_Ladder_R_INDEX_1	</identifier>
		<parent>	Scene Root	</parent>
		<transform>
			<row0>	0.9944 0.0000 -0.1061 0.0000	</row0>
			<row1>	0.0000 1.0000 0.0000 0.0000	</row1>
			<row2>	0.1061 0.0000 0.9944 0.0000	</row2>
			<row3>	0.4338 0.2458 -4.0099 1.0000	</row3>
		</transform>
	</node>
	<node>
		<identifier>	MP_BM906_Crane_for_Ladder_R_INDEX_2	</identifier>
		<parent>	Scene Root	</parent>
		<transform>
			<row0>	0.8975 0.0000 0.4411 0.0000	</row0>
			<row1>	0.0000 1.0000 0.0000 0.0000	</row1>
			<row2>	-0.4411 0.0000 0.8975 0.0000	</row2>
			<row3>	-0.4361 0.2445 -4.0099 1.0000	</row3>
		</transform>
	</node>
	<node>
		<identifier>	MP_BM963_Anchor_Capstan_Stern	</identifier>
		<parent>	Scene Root	</parent>
		<transform>
			<row0>	1.0000 0.0000 0.0000 0.0000	</row0>
			<row1>	0.0000 1.0000 0.0000 0.0000	</row1>
			<row2>	0.0000 0.0000 1.0000 0.0000	</row2>
			<row3>	0.0000 0.2546 -4.4658 1.0000	</row3>
		</transform>
	</node>
	<node>
		<identifier>	MP_CM001_Propeller3_L	</identifier>
		<parent>	Scene Root	</parent>
		<transform>
			<row0>	0.9597 -0.2802 0.0207 0.0000	</row0>
			<row1>	0.2808 0.9587 -0.0454 0.0000	</row1>
			<row2>	-0.0071 0.0493 0.9988 0.0000	</row2>
			<row3>	-0.2114 -0.2755 -4.6726 1.0000	</row3>
		</transform>
	</node>
	<node>
		<identifier>	MP_CM001_Propeller3_L_INDEX_1	</identifier>
		<parent>	Scene Root	</parent>
		<transform>
			<row0>	0.9999 0.0000 -0.0143 0.0000	</row0>
			<row1>	-0.0005 0.9993 -0.0380 0.0000	</row1>
			<row2>	0.0143 0.0380 0.9992 0.0000	</row2>
			<row3>	-0.3936 -0.2846 -3.7403 1.0000	</row3>
		</transform>
	</node>
	<node>
		<identifier>	MP_CM011_Fire_Fighting_Gear	</identifier>
		<parent>	Scene Root	</parent>
		<transform>
			<row0>	0.0000 0.0000 1.0000 0.0000	</row0>
			<row1>	0.0000 1.0000 0.0000 0.0000	</row1>
			<row2>	-1.0000 0.0000 0.0000 0.0000	</row2>
			<row3>	-0.0220 0.2456 -4.2547 1.0000	</row3>
		</transform>
	</node>
	<node>
		<identifier>	MP_CM032_Propeller3_R	</identifier>
		<parent>	Scene Root	</parent>
		<transform>
			<row0>	0.9597 0.2802 -0.0207 0.0000	</row0>
			<row1>	-0.2808 0.9587 -0.0454 0.0000	</row1>
			<row2>	0.0071 0.0493 0.9988 0.0000	</row2>
			<row3>	0.2114 -0.2755 -4.6726 1.0000	</row3>
		</transform>
	</node>
	<node>
		<identifier>	MP_CM032_Propeller3_R_INDEX_1	</identifier>
		<parent>	Scene Root	</parent>
		<transform>
			<row0>	0.9999 0.0000 0.0143 0.0000	</row0>
			<row1>	0.0005 0.9993 -0.0380 0.0000	</row1>
			<row2>	-0.0143 0.0380 0.9992 0.0000	</row2>
			<row3>	0.3936 -0.2846 -3.7403 1.0000	</row3>
		</transform>
	</node>
</USC306_Hobart_1943_Stern.skel_ext>
