<FSS301_Surcouf_1940_MidFront_ep.skel_ext>
	<exported>	false	</exported>
	<node>
		<identifier>	EP_Death_2	</identifier>
		<parent>	Scene Root	</parent>
		<transform>
			<row0>	1.0000 0.0000 0.0000 0.0000	</row0>
			<row1>	0.0000 1.0000 0.0000 0.0000	</row1>
			<row2>	0.0000 0.0000 1.0000 0.0000	</row2>
			<row3>	0.0000 0.0000 0.2038 1.0000	</row3>
		</transform>
	</node>
	<node>
		<identifier>	EP_Fire_1	</identifier>
		<parent>	Scene Root	</parent>
		<transform>
			<row0>	1.0000 0.0000 0.0000 0.0000	</row0>
			<row1>	0.0000 1.0000 0.0000 0.0000	</row1>
			<row2>	0.0000 0.0000 1.0000 0.0000	</row2>
			<row3>	0.0000 0.3890 0.1259 1.0000	</row3>
		</transform>
	</node>
	<node>
		<identifier>	EP_Fire_2	</identifier>
		<parent>	Scene Root	</parent>
		<transform>
			<row0>	1.0000 0.0000 0.0000 0.0000	</row0>
			<row1>	0.0000 1.0000 0.0000 0.0000	</row1>
			<row2>	0.0000 0.0000 1.0000 0.0000	</row2>
			<row3>	0.0000 0.6021 -0.1642 1.0000	</row3>
		</transform>
	</node>
	<node>
		<identifier>	EP_FloodLight_left_1	</identifier>
		<parent>	Scene Root	</parent>
		<transform>
			<row0>	-1.0000 0.0000 0.0000 0.0000	</row0>
			<row1>	0.0000 1.0000 0.0000 0.0000	</row1>
			<row2>	0.0000 0.0000 -1.0000 0.0000	</row2>
			<row3>	-0.0812 0.5413 -0.1567 1.0000	</row3>
		</transform>
	</node>
	<node>
		<identifier>	EP_FloodLight_right_1	</identifier>
		<parent>	Scene Root	</parent>
		<transform>
			<row0>	1.0000 0.0000 0.0000 0.0000	</row0>
			<row1>	0.0000 1.0000 0.0000 0.0000	</row1>
			<row2>	0.0000 0.0000 1.0000 0.0000	</row2>
			<row3>	0.0810 0.5410 -0.1570 1.0000	</row3>
		</transform>
	</node>
	<node>
		<identifier>	EP_Runoff_deluge_left_05	</identifier>
		<parent>	Scene Root	</parent>
		<transform>
			<row0>	-0.9986 0.0018 0.0524 0.0000	</row0>
			<row1>	0.0005 0.9997 -0.0262 0.0000	</row1>
			<row2>	-0.0524 -0.0262 -0.9983 0.0000	</row2>
			<row3>	-0.1590 0.0554 1.6510 1.0000	</row3>
		</transform>
	</node>
	<node>
		<identifier>	EP_Runoff_deluge_left_06	</identifier>
		<parent>	Scene Root	</parent>
		<transform>
			<row0>	-0.9986 0.0018 0.0524 0.0000	</row0>
			<row1>	0.0005 0.9997 -0.0262 0.0000	</row1>
			<row2>	-0.0524 -0.0262 -0.9983 0.0000	</row2>
			<row3>	-0.1643 0.0550 1.5106 1.0000	</row3>
		</transform>
	</node>
	<node>
		<identifier>	EP_Runoff_deluge_left_07	</identifier>
		<parent>	Scene Root	</parent>
		<transform>
			<row0>	-0.9986 0.0018 0.0524 0.0000	</row0>
			<row1>	0.0005 0.9997 -0.0262 0.0000	</row1>
			<row2>	-0.0524 -0.0262 -0.9983 0.0000	</row2>
			<row3>	-0.1643 0.0550 1.4633 1.0000	</row3>
		</transform>
	</node>
	<node>
		<identifier>	EP_Runoff_deluge_left_08	</identifier>
		<parent>	Scene Root	</parent>
		<transform>
			<row0>	-0.9986 0.0018 0.0524 0.0000	</row0>
			<row1>	0.0005 0.9997 -0.0262 0.0000	</row1>
			<row2>	-0.0524 -0.0262 -0.9983 0.0000	</row2>
			<row3>	-0.1643 0.0550 1.3736 1.0000	</row3>
		</transform>
	</node>
	<node>
		<identifier>	EP_Runoff_deluge_left_09	</identifier>
		<parent>	Scene Root	</parent>
		<transform>
			<row0>	-0.9986 0.0018 0.0524 0.0000	</row0>
			<row1>	0.0005 0.9997 -0.0262 0.0000	</row1>
			<row2>	-0.0524 -0.0262 -0.9983 0.0000	</row2>
			<row3>	-0.1643 0.0550 1.2517 1.0000	</row3>
		</transform>
	</node>
	<node>
		<identifier>	EP_Runoff_deluge_left_10	</identifier>
		<parent>	Scene Root	</parent>
		<transform>
			<row0>	-0.9986 0.0018 0.0524 0.0000	</row0>
			<row1>	0.0005 0.9997 -0.0262 0.0000	</row1>
			<row2>	-0.0524 -0.0262 -0.9983 0.0000	</row2>
			<row3>	-0.1643 0.0550 1.2073 1.0000	</row3>
		</transform>
	</node>
	<node>
		<identifier>	EP_Runoff_deluge_left_11	</identifier>
		<parent>	Scene Root	</parent>
		<transform>
			<row0>	-0.9986 0.0018 0.0524 0.0000	</row0>
			<row1>	0.0005 0.9997 -0.0262 0.0000	</row1>
			<row2>	-0.0524 -0.0262 -0.9983 0.0000	</row2>
			<row3>	-0.1743 0.0561 1.1631 1.0000	</row3>
		</transform>
	</node>
	<node>
		<identifier>	EP_Runoff_deluge_left_12	</identifier>
		<parent>	Scene Root	</parent>
		<transform>
			<row0>	-0.9810 0.1867 0.0524 0.0000	</row0>
			<row1>	0.1856 0.9823 -0.0262 0.0000	</row1>
			<row2>	-0.0564 -0.0160 -0.9983 0.0000	</row2>
			<row3>	-0.1759 0.0560 0.8321 1.0000	</row3>
		</transform>
	</node>
	<node>
		<identifier>	EP_Runoff_deluge_left_13	</identifier>
		<parent>	Scene Root	</parent>
		<transform>
			<row0>	-0.9810 0.1867 0.0524 0.0000	</row0>
			<row1>	0.1856 0.9823 -0.0262 0.0000	</row1>
			<row2>	-0.0564 -0.0160 -0.9983 0.0000	</row2>
			<row3>	-0.1794 0.0559 0.6150 1.0000	</row3>
		</transform>
	</node>
	<node>
		<identifier>	EP_Runoff_deluge_left_14	</identifier>
		<parent>	Scene Root	</parent>
		<transform>
			<row0>	-0.9810 0.1867 0.0524 0.0000	</row0>
			<row1>	0.1856 0.9823 -0.0262 0.0000	</row1>
			<row2>	-0.0564 -0.0160 -0.9983 0.0000	</row2>
			<row3>	-0.1796 0.0564 0.3992 1.0000	</row3>
		</transform>
	</node>
	<node>
		<identifier>	EP_Runoff_deluge_left_15	</identifier>
		<parent>	Scene Root	</parent>
		<transform>
			<row0>	-0.9810 0.1867 0.0524 0.0000	</row0>
			<row1>	0.1856 0.9823 -0.0262 0.0000	</row1>
			<row2>	-0.0564 -0.0160 -0.9983 0.0000	</row2>
			<row3>	-0.1818 0.0543 0.1717 1.0000	</row3>
		</transform>
	</node>
	<node>
		<identifier>	EP_Runoff_deluge_right_05	</identifier>
		<parent>	Scene Root	</parent>
		<transform>
			<row0>	0.9868 0.1520 0.0552 0.0000	</row0>
			<row1>	-0.1527 0.9883 0.0081 0.0000	</row1>
			<row2>	-0.0533 -0.0163 0.9984 0.0000	</row2>
			<row3>	0.1587 0.0525 1.4611 1.0000	</row3>
		</transform>
	</node>
	<node>
		<identifier>	EP_Runoff_deluge_right_06	</identifier>
		<parent>	Scene Root	</parent>
		<transform>
			<row0>	0.9868 0.1520 0.0552 0.0000	</row0>
			<row1>	-0.1527 0.9883 0.0081 0.0000	</row1>
			<row2>	-0.0533 -0.0163 0.9984 0.0000	</row2>
			<row3>	0.1587 0.0525 1.4144 1.0000	</row3>
		</transform>
	</node>
	<node>
		<identifier>	EP_Runoff_deluge_right_07	</identifier>
		<parent>	Scene Root	</parent>
		<transform>
			<row0>	0.9868 0.1520 0.0552 0.0000	</row0>
			<row1>	-0.1527 0.9883 0.0081 0.0000	</row1>
			<row2>	-0.0533 -0.0163 0.9984 0.0000	</row2>
			<row3>	0.1587 0.0525 1.3731 1.0000	</row3>
		</transform>
	</node>
	<node>
		<identifier>	EP_Runoff_deluge_right_08	</identifier>
		<parent>	Scene Root	</parent>
		<transform>
			<row0>	0.9868 0.1520 0.0552 0.0000	</row0>
			<row1>	-0.1527 0.9883 0.0081 0.0000	</row1>
			<row2>	-0.0533 -0.0163 0.9984 0.0000	</row2>
			<row3>	0.1587 0.0525 1.2087 1.0000	</row3>
		</transform>
	</node>
	<node>
		<identifier>	EP_Runoff_deluge_right_09	</identifier>
		<parent>	Scene Root	</parent>
		<transform>
			<row0>	0.9868 0.1520 0.0552 0.0000	</row0>
			<row1>	-0.1527 0.9883 0.0081 0.0000	</row1>
			<row2>	-0.0533 -0.0163 0.9984 0.0000	</row2>
			<row3>	0.1587 0.0525 1.1126 1.0000	</row3>
		</transform>
	</node>
	<node>
		<identifier>	EP_Runoff_deluge_right_10	</identifier>
		<parent>	Scene Root	</parent>
		<transform>
			<row0>	0.9535 0.2963 0.0552 0.0000	</row0>
			<row1>	-0.2972 0.9548 0.0081 0.0000	</row1>
			<row2>	-0.0503 -0.0240 0.9984 0.0000	</row2>
			<row3>	0.1799 0.0525 0.7004 1.0000	</row3>
		</transform>
	</node>
	<node>
		<identifier>	EP_Runoff_deluge_right_11	</identifier>
		<parent>	Scene Root	</parent>
		<transform>
			<row0>	0.9846 0.1654 0.0552 0.0000	</row0>
			<row1>	-0.1662 0.9861 0.0081 0.0000	</row1>
			<row2>	-0.0531 -0.0170 0.9984 0.0000	</row2>
			<row3>	0.1799 0.0525 0.4861 1.0000	</row3>
		</transform>
	</node>
	<node>
		<identifier>	EP_Runoff_deluge_right_12	</identifier>
		<parent>	Scene Root	</parent>
		<transform>
			<row0>	0.9656 0.2541 0.0552 0.0000	</row0>
			<row1>	-0.2549 0.9670 0.0081 0.0000	</row1>
			<row2>	-0.0513 -0.0218 0.9984 0.0000	</row2>
			<row3>	0.1705 0.0525 0.0283 1.0000	</row3>
		</transform>
	</node>
	<node>
		<identifier>	EP_Runoff_left_1	</identifier>
		<parent>	Scene Root	</parent>
		<transform>
			<row0>	-0.9590 0.2835 0.0000 0.0000	</row0>
			<row1>	0.2835 0.9590 0.0000 0.0000	</row1>
			<row2>	0.0000 0.0000 -1.0000 0.0000	</row2>
			<row3>	-0.1781 0.1806 0.3088 1.0000	</row3>
		</transform>
	</node>
	<node>
		<identifier>	EP_Runoff_right_1	</identifier>
		<parent>	Scene Root	</parent>
		<transform>
			<row0>	0.9590 0.2835 0.0000 0.0000	</row0>
			<row1>	-0.2835 0.9590 0.0000 0.0000	</row1>
			<row2>	0.0000 0.0000 1.0000 0.0000	</row2>
			<row3>	0.1929 0.1810 0.3088 1.0000	</row3>
		</transform>
	</node>
	<node>
		<identifier>	EP_Runoff_tower_left_2	</identifier>
		<parent>	Scene Root	</parent>
		<transform>
			<row0>	-0.9982 -0.0482 -0.0346 0.0000	</row0>
			<row1>	-0.0493 0.9983 0.0308 0.0000	</row1>
			<row2>	0.0330 0.0324 -0.9989 0.0000	</row2>
			<row3>	-0.1715 0.3254 0.5195 1.0000	</row3>
		</transform>
	</node>
	<node>
		<identifier>	EP_Runoff_tower_left_3	</identifier>
		<parent>	Scene Root	</parent>
		<transform>
			<row0>	-0.8940 0.4134 0.1724 0.0000	</row0>
			<row1>	0.4197 0.9077 0.0000 0.0000	</row1>
			<row2>	-0.1564 0.0723 -0.9850 0.0000	</row2>
			<row3>	-0.0877 0.4409 -0.0018 1.0000	</row3>
		</transform>
	</node>
	<node>
		<identifier>	EP_Runoff_tower_right_2	</identifier>
		<parent>	Scene Root	</parent>
		<transform>
			<row0>	-0.9727 -0.2314 0.0181 0.0000	</row0>
			<row1>	-0.2314 0.9729 0.0000 0.0000	</row1>
			<row2>	-0.0176 -0.0042 -0.9998 0.0000	</row2>
			<row3>	0.1676 0.3266 0.5298 1.0000	</row3>
		</transform>
	</node>
	<node>
		<identifier>	EP_Runoff_tower_right_3	</identifier>
		<parent>	Scene Root	</parent>
		<transform>
			<row0>	-0.9194 -0.3538 -0.1719 0.0000	</row0>
			<row1>	-0.3614 0.9323 0.0138 0.0000	</row1>
			<row2>	0.1554 0.0748 -0.9850 0.0000	</row2>
			<row3>	0.0880 0.4410 -0.0020 1.0000	</row3>
		</transform>
	</node>
	<node>
		<identifier>	EP_Runoff_up_left_1	</identifier>
		<parent>	Scene Root	</parent>
		<transform>
			<row0>	-0.9981 -0.0016 0.0623 0.0000	</row0>
			<row1>	-0.0016 1.0000 0.0000 0.0000	</row1>
			<row2>	-0.0623 0.0000 -0.9981 0.0000	</row2>
			<row3>	-0.1661 0.2077 0.5731 1.0000	</row3>
		</transform>
	</node>
	<node>
		<identifier>	EP_Runoff_up_right_1	</identifier>
		<parent>	Scene Root	</parent>
		<transform>
			<row0>	0.9980 -0.0015 0.0628 0.0000	</row0>
			<row1>	0.0015 1.0000 0.0000 0.0000	</row1>
			<row2>	-0.0628 0.0000 0.9980 0.0000	</row2>
			<row3>	0.1642 0.2068 0.5741 1.0000	</row3>
		</transform>
	</node>
	<node>
		<identifier>	EP_WakeTrace_periscope	</identifier>
		<parent>	Scene Root	</parent>
		<transform>
			<row0>	1.0000 0.0000 0.0000 0.0000	</row0>
			<row1>	0.0000 1.0000 0.0000 0.0000	</row1>
			<row2>	0.0000 0.0000 1.0000 0.0000	</row2>
			<row3>	0.0000 0.6441 -0.0961 1.0000	</row3>
		</transform>
	</node>
	<node>
		<identifier>	EP_WakeTrace_tower	</identifier>
		<parent>	Scene Root	</parent>
		<transform>
			<row0>	1.0000 0.0000 0.0000 0.0000	</row0>
			<row1>	0.0000 1.0000 0.0000 0.0000	</row1>
			<row2>	0.0000 0.0000 1.0000 0.0000	</row2>
			<row3>	0.0000 0.1940 0.9209 1.0000	</row3>
		</transform>
	</node>
</FSS301_Surcouf_1940_MidFront_ep.skel_ext>
