<RSS009_S189_1954_MidFront_ep.skel_ext>
	<exported>	false	</exported>
	<node>
		<identifier>	EP_Descent_3	</identifier>
		<parent>	Scene Root	</parent>
		<transform>
			<row0>	0.2621 -0.9650 0.0000 0.0000	</row0>
			<row1>	-0.9650 -0.2621 0.0000 0.0000	</row1>
			<row2>	0.0000 0.0000 -1.0000 0.0000	</row2>
			<row3>	-0.1620 -0.1409 1.0781 1.0000	</row3>
		</transform>
	</node>
	<node>
		<identifier>	EP_Fire_1	</identifier>
		<parent>	Scene Root	</parent>
		<transform>
			<row0>	1.0000 0.0000 0.0000 0.0000	</row0>
			<row1>	0.0000 1.0000 0.0000 0.0000	</row1>
			<row2>	0.0000 0.0000 1.0000 0.0000	</row2>
			<row3>	0.0000 0.3189 0.4033 1.0000	</row3>
		</transform>
	</node>
	<node>
		<identifier>	EP_Fire_2	</identifier>
		<parent>	Scene Root	</parent>
		<transform>
			<row0>	1.0000 0.0000 0.0000 0.0000	</row0>
			<row1>	0.0000 1.0000 0.0000 0.0000	</row1>
			<row2>	0.0000 0.0000 1.0000 0.0000	</row2>
			<row3>	0.0000 0.3319 0.2427 1.0000	</row3>
		</transform>
	</node>
	<node>
		<identifier>	EP_FloodLight_left_1	</identifier>
		<parent>	Scene Root	</parent>
		<transform>
			<row0>	-0.9880 0.0000 -0.1543 0.0000	</row0>
			<row1>	0.0000 1.0000 0.0000 0.0000	</row1>
			<row2>	0.1543 0.0000 -0.9880 0.0000	</row2>
			<row3>	-0.0653 0.1880 0.2911 1.0000	</row3>
		</transform>
	</node>
	<node>
		<identifier>	EP_FloodLight_right_1	</identifier>
		<parent>	Scene Root	</parent>
		<transform>
			<row0>	1.0000 0.0000 0.0000 0.0000	</row0>
			<row1>	0.0000 1.0000 0.0000 0.0000	</row1>
			<row2>	0.0000 0.0000 1.0000 0.0000	</row2>
			<row3>	0.0674 0.1933 0.3112 1.0000	</row3>
		</transform>
	</node>
	<node>
		<identifier>	EP_Flood_water_left_2	</identifier>
		<parent>	Scene Root	</parent>
		<transform>
			<row0>	-0.9104 -0.4136 0.0000 0.0000	</row0>
			<row1>	-0.4136 0.9104 0.0000 0.0000	</row1>
			<row2>	0.0000 0.0000 -1.0000 0.0000	</row2>
			<row3>	-0.1052 0.0579 1.0354 1.0000	</row3>
		</transform>
	</node>
	<node>
		<identifier>	EP_Flood_water_right_2	</identifier>
		<parent>	Scene Root	</parent>
		<transform>
			<row0>	0.9700 -0.2432 0.0000 0.0000	</row0>
			<row1>	0.2432 0.9700 0.0000 0.0000	</row1>
			<row2>	0.0000 0.0000 1.0000 0.0000	</row2>
			<row3>	0.1021 0.0520 1.2735 1.0000	</row3>
		</transform>
	</node>
	<node>
		<identifier>	EP_Runoff_deluge_left_1	</identifier>
		<parent>	Scene Root	</parent>
		<transform>
			<row0>	-0.9995 0.0000 0.0304 0.0000	</row0>
			<row1>	0.0000 1.0000 0.0000 0.0000	</row1>
			<row2>	-0.0304 0.0000 -0.9995 0.0000	</row2>
			<row3>	-0.1101 0.0471 1.1947 1.0000	</row3>
		</transform>
	</node>
	<node>
		<identifier>	EP_Runoff_deluge_left_2	</identifier>
		<parent>	Scene Root	</parent>
		<transform>
			<row0>	-1.0000 -0.0007 -0.0065 0.0000	</row0>
			<row1>	-0.0008 0.9997 0.0225 0.0000	</row1>
			<row2>	0.0065 0.0225 -0.9997 0.0000	</row2>
			<row3>	-0.1124 0.0604 0.9179 1.0000	</row3>
		</transform>
	</node>
	<node>
		<identifier>	EP_Runoff_deluge_left_3	</identifier>
		<parent>	Scene Root	</parent>
		<transform>
			<row0>	-1.0000 -0.0007 -0.0065 0.0000	</row0>
			<row1>	-0.0008 0.9997 0.0225 0.0000	</row1>
			<row2>	0.0065 0.0225 -0.9997 0.0000	</row2>
			<row3>	-0.1058 0.0651 0.7164 1.0000	</row3>
		</transform>
	</node>
	<node>
		<identifier>	EP_Runoff_deluge_left_4	</identifier>
		<parent>	Scene Root	</parent>
		<transform>
			<row0>	-1.0000 -0.0007 -0.0065 0.0000	</row0>
			<row1>	-0.0008 0.9997 0.0225 0.0000	</row1>
			<row2>	0.0065 0.0225 -0.9997 0.0000	</row2>
			<row3>	-0.1046 0.0716 0.5613 1.0000	</row3>
		</transform>
	</node>
	<node>
		<identifier>	EP_Runoff_deluge_left_5	</identifier>
		<parent>	Scene Root	</parent>
		<transform>
			<row0>	-1.0000 -0.0007 -0.0065 0.0000	</row0>
			<row1>	-0.0008 0.9997 0.0225 0.0000	</row1>
			<row2>	0.0065 0.0225 -0.9997 0.0000	</row2>
			<row3>	-0.1041 0.0752 0.3658 1.0000	</row3>
		</transform>
	</node>
	<node>
		<identifier>	EP_Runoff_deluge_left_6	</identifier>
		<parent>	Scene Root	</parent>
		<transform>
			<row0>	-1.0000 -0.0007 -0.0065 0.0000	</row0>
			<row1>	-0.0008 0.9997 0.0225 0.0000	</row1>
			<row2>	0.0065 0.0225 -0.9997 0.0000	</row2>
			<row3>	-0.1024 0.0783 0.1675 1.0000	</row3>
		</transform>
	</node>
	<node>
		<identifier>	EP_Runoff_deluge_right_1	</identifier>
		<parent>	Scene Root	</parent>
		<transform>
			<row0>	0.9995 0.0000 0.0314 0.0000	</row0>
			<row1>	0.0000 1.0000 0.0000 0.0000	</row1>
			<row2>	-0.0314 0.0000 0.9995 0.0000	</row2>
			<row3>	0.1099 0.0470 1.1944 1.0000	</row3>
		</transform>
	</node>
	<node>
		<identifier>	EP_Runoff_deluge_right_2	</identifier>
		<parent>	Scene Root	</parent>
		<transform>
			<row0>	1.0000 -0.0006 -0.0066 0.0000	</row0>
			<row1>	0.0007 0.9997 0.0225 0.0000	</row1>
			<row2>	0.0066 -0.0225 0.9997 0.0000	</row2>
			<row3>	0.1119 0.0600 0.9175 1.0000	</row3>
		</transform>
	</node>
	<node>
		<identifier>	EP_Runoff_deluge_right_3	</identifier>
		<parent>	Scene Root	</parent>
		<transform>
			<row0>	1.0000 -0.0006 -0.0066 0.0000	</row0>
			<row1>	0.0007 0.9997 0.0225 0.0000	</row1>
			<row2>	0.0066 -0.0225 0.9997 0.0000	</row2>
			<row3>	0.1059 0.0650 0.7166 1.0000	</row3>
		</transform>
	</node>
	<node>
		<identifier>	EP_Runoff_deluge_right_4	</identifier>
		<parent>	Scene Root	</parent>
		<transform>
			<row0>	1.0000 -0.0006 -0.0066 0.0000	</row0>
			<row1>	0.0007 0.9997 0.0225 0.0000	</row1>
			<row2>	0.0066 -0.0225 0.9997 0.0000	</row2>
			<row3>	0.1049 0.0720 0.5617 1.0000	</row3>
		</transform>
	</node>
	<node>
		<identifier>	EP_Runoff_deluge_right_5	</identifier>
		<parent>	Scene Root	</parent>
		<transform>
			<row0>	1.0000 -0.0006 -0.0066 0.0000	</row0>
			<row1>	0.0007 0.9997 0.0225 0.0000	</row1>
			<row2>	0.0066 -0.0225 0.9997 0.0000	</row2>
			<row3>	0.1039 0.0750 0.3658 1.0000	</row3>
		</transform>
	</node>
	<node>
		<identifier>	EP_Runoff_deluge_right_6	</identifier>
		<parent>	Scene Root	</parent>
		<transform>
			<row0>	1.0000 -0.0006 -0.0066 0.0000	</row0>
			<row1>	0.0007 0.9997 0.0225 0.0000	</row1>
			<row2>	0.0066 -0.0225 0.9997 0.0000	</row2>
			<row3>	0.1029 0.0780 0.1679 1.0000	</row3>
		</transform>
	</node>
	<node>
		<identifier>	EP_Runoff_left	</identifier>
		<parent>	Scene Root	</parent>
		<transform>
			<row0>	-0.7804 0.6251 0.0125 0.0000	</row0>
			<row1>	0.6242 0.7801 -0.0429 0.0000	</row1>
			<row2>	-0.0365 -0.0257 -0.9990 0.0000	</row2>
			<row3>	-0.0680 0.1047 1.1477 1.0000	</row3>
		</transform>
	</node>
	<node>
		<identifier>	EP_Runoff_left_1	</identifier>
		<parent>	Scene Root	</parent>
		<transform>
			<row0>	-0.6071 0.7946 0.0087 0.0000	</row0>
			<row1>	0.7945 0.6071 -0.0093 0.0000	</row1>
			<row2>	-0.0126 0.0012 -0.9999 0.0000	</row2>
			<row3>	-0.0883 0.0967 0.2952 1.0000	</row3>
		</transform>
	</node>
	<node>
		<identifier>	EP_Runoff_right	</identifier>
		<parent>	Scene Root	</parent>
		<transform>
			<row0>	0.7804 0.6251 0.0126 0.0000	</row0>
			<row1>	-0.6242 0.7801 -0.0429 0.0000	</row1>
			<row2>	-0.0366 0.0257 0.9990 0.0000	</row2>
			<row3>	0.0680 0.1049 1.1474 1.0000	</row3>
		</transform>
	</node>
	<node>
		<identifier>	EP_Runoff_right_1	</identifier>
		<parent>	Scene Root	</parent>
		<transform>
			<row0>	0.6071 0.7946 0.0089 0.0000	</row0>
			<row1>	-0.7945 0.6072 -0.0096 0.0000	</row1>
			<row2>	-0.0131 -0.0012 0.9999 0.0000	</row2>
			<row3>	0.0880 0.0970 0.2949 1.0000	</row3>
		</transform>
	</node>
	<node>
		<identifier>	EP_Runoff_tower_left_2	</identifier>
		<parent>	Scene Root	</parent>
		<transform>
			<row0>	-0.9999 0.0000 0.0044 0.0000	</row0>
			<row1>	0.0000 1.0000 0.0000 0.0000	</row1>
			<row2>	-0.0044 0.0000 -0.9999 0.0000	</row2>
			<row3>	-0.0722 0.3324 0.4780 1.0000	</row3>
		</transform>
	</node>
	<node>
		<identifier>	EP_Runoff_tower_right_2	</identifier>
		<parent>	Scene Root	</parent>
		<transform>
			<row0>	-1.0000 0.0000 -0.0044 0.0000	</row0>
			<row1>	0.0000 1.0000 0.0000 0.0000	</row1>
			<row2>	0.0044 0.0000 -1.0000 0.0000	</row2>
			<row3>	0.0720 0.3328 0.4778 1.0000	</row3>
		</transform>
	</node>
	<node>
		<identifier>	EP_Runoff_up_left	</identifier>
		<parent>	Scene Root	</parent>
		<transform>
			<row0>	-0.9994 0.0020 0.0325 0.0000	</row0>
			<row1>	0.0017 1.0000 -0.0110 0.0000	</row1>
			<row2>	-0.0325 -0.0109 -0.9994 0.0000	</row2>
			<row3>	-0.0404 0.1179 1.2785 1.0000	</row3>
		</transform>
	</node>
	<node>
		<identifier>	EP_Runoff_up_right	</identifier>
		<parent>	Scene Root	</parent>
		<transform>
			<row0>	0.9995 0.0022 0.0324 0.0000	</row0>
			<row1>	-0.0018 0.9999 -0.0109 0.0000	</row1>
			<row2>	-0.0325 0.0109 0.9994 0.0000	</row2>
			<row3>	0.0400 0.1179 1.2784 1.0000	</row3>
		</transform>
	</node>
	<node>
		<identifier>	EP_WakeTrace_periscope	</identifier>
		<parent>	Scene Root	</parent>
		<transform>
			<row0>	1.0000 0.0000 0.0000 0.0000	</row0>
			<row1>	0.0000 1.0000 0.0000 0.0000	</row1>
			<row2>	0.0000 0.0000 1.0000 0.0000	</row2>
			<row3>	0.0000 0.3810 0.4180 1.0000	</row3>
		</transform>
	</node>
	<node>
		<identifier>	EP_WakeTrace_tower	</identifier>
		<parent>	Scene Root	</parent>
		<transform>
			<row0>	1.0000 0.0000 0.0000 0.0000	</row0>
			<row1>	0.0000 1.0000 0.0000 0.0000	</row1>
			<row2>	0.0000 0.0000 1.0000 0.0000	</row2>
			<row3>	-0.0016 0.1091 0.5998 1.0000	</row3>
		</transform>
	</node>
</RSS009_S189_1954_MidFront_ep.skel_ext>
