<VSC026_Nueve_de_Julio_1951_Stern.skel_ext>
	<exported>	true	</exported>
	<node>
		<identifier>	MP_CM001_Propeller3_L	</identifier>
		<parent>	Scene Root	</parent>
		<transform>
			<row0>	0.9722 0.2296 -0.0451 0.0000	</row0>
			<row1>	-0.2314 0.9721 -0.0386 0.0000	</row1>
			<row2>	0.0349 0.0479 0.9982 0.0000	</row2>
			<row3>	-0.2439 -0.3580 -5.1039 1.0000	</row3>
		</transform>
	</node>
	<node>
		<identifier>	MP_CM001_Propeller3_L_INDEX_1	</identifier>
		<parent>	Scene Root	</parent>
		<transform>
			<row0>	0.9716 0.2323 -0.0452 0.0000	</row0>
			<row1>	-0.2341 0.9714 -0.0390 0.0000	</row1>
			<row2>	0.0349 0.0485 0.9982 0.0000	</row2>
			<row3>	-0.4839 -0.3314 -4.1101 1.0000	</row3>
		</transform>
	</node>
	<node>
		<identifier>	MP_CM032_Propeller3_R	</identifier>
		<parent>	Scene Root	</parent>
		<transform>
			<row0>	0.9716 -0.2323 0.0452 0.0000	</row0>
			<row1>	0.2341 0.9714 -0.0390 0.0000	</row1>
			<row2>	-0.0349 0.0485 0.9982 0.0000	</row2>
			<row3>	0.4839 -0.3314 -4.1101 1.0000	</row3>
		</transform>
	</node>
	<node>
		<identifier>	MP_CM032_Propeller3_R_INDEX_1	</identifier>
		<parent>	Scene Root	</parent>
		<transform>
			<row0>	0.9722 -0.2296 0.0451 0.0000	</row0>
			<row1>	0.2314 0.9721 -0.0386 0.0000	</row1>
			<row2>	-0.0349 0.0479 0.9982 0.0000	</row2>
			<row3>	0.2439 -0.3580 -5.1039 1.0000	</row3>
		</transform>
	</node>
	<node>
		<identifier>	MP_VM001_Nueve_de_Julio_arms	</identifier>
		<parent>	Scene Root	</parent>
		<transform>
			<row0>	-1.0000 0.0000 0.0000 0.0000	</row0>
			<row1>	0.0000 0.9928 -0.1201 0.0000	</row1>
			<row2>	0.0000 -0.1201 -0.9928 0.0000	</row2>
			<row3>	0.0000 0.2394 -6.1316 1.0000	</row3>
		</transform>
	</node>
	<node>
		<identifier>	MP_VM012_Smoke	</identifier>
		<parent>	Scene Root	</parent>
		<transform>
			<row0>	0.3841 0.0017 -0.9233 0.0000	</row0>
			<row1>	-0.0086 1.0000 -0.0017 0.0000	</row1>
			<row2>	0.9233 0.0086 0.3841 0.0000	</row2>
			<row3>	-0.3171 0.4138 -6.0761 1.0000	</row3>
		</transform>
	</node>
	<node>
		<identifier>	MP_VM012_Smoke_INDEX_1	</identifier>
		<parent>	Scene Root	</parent>
		<transform>
			<row0>	0.3841 -0.0017 0.9233 0.0000	</row0>
			<row1>	0.0086 1.0000 -0.0017 0.0000	</row1>
			<row2>	-0.9233 0.0086 0.3841 0.0000	</row2>
			<row3>	0.3171 0.4138 -6.0761 1.0000	</row3>
		</transform>
	</node>
	<node>
		<identifier>	MP_VM602_Multiple_Switch	</identifier>
		<parent>	Scene Root	</parent>
		<transform>
			<row0>	0.6497 0.0000 0.3748 0.0000	</row0>
			<row1>	0.0000 0.7500 0.0000 0.0000	</row1>
			<row2>	-0.3748 0.0000 0.6497 0.0000	</row2>
			<row3>	0.2715 0.4402 -5.7782 1.0000	</row3>
		</transform>
	</node>
	<node>
		<identifier>	MP_VM602_Multiple_Switch_INDEX_1	</identifier>
		<parent>	Scene Root	</parent>
		<transform>
			<row0>	0.6497 0.0000 -0.3748 0.0000	</row0>
			<row1>	0.0000 0.7500 0.0000 0.0000	</row1>
			<row2>	0.3748 0.0000 0.6497 0.0000	</row2>
			<row3>	-0.2715 0.4402 -5.7782 1.0000	</row3>
		</transform>
	</node>
	<node>
		<identifier>	MP_VM602_Multiple_Switch_INDEX_2	</identifier>
		<parent>	Scene Root	</parent>
		<transform>
			<row0>	-0.7500 0.0000 0.0000 0.0000	</row0>
			<row1>	0.0000 0.7500 0.0000 0.0000	</row1>
			<row2>	0.0000 0.0000 -0.7500 0.0000	</row2>
			<row3>	0.1850 0.5178 -5.8500 1.0000	</row3>
		</transform>
	</node>
	<node>
		<identifier>	MP_VM602_Multiple_Switch_INDEX_3	</identifier>
		<parent>	Scene Root	</parent>
		<transform>
			<row0>	-0.7500 0.0000 0.0000 0.0000	</row0>
			<row1>	0.0000 0.7500 0.0000 0.0000	</row1>
			<row2>	0.0000 0.0000 -0.7500 0.0000	</row2>
			<row3>	-0.1850 0.5178 -5.8500 1.0000	</row3>
		</transform>
	</node>
	<node>
		<identifier>	MP_VM750_Hatch	</identifier>
		<parent>	Scene Root	</parent>
		<transform>
			<row0>	0.0000 0.0097 -1.0000 0.0000	</row0>
			<row1>	0.0072 0.9999 0.0097 0.0000	</row1>
			<row2>	1.0000 -0.0072 0.0000 0.0000	</row2>
			<row3>	-0.0390 0.3868 -4.2022 1.0000	</row3>
		</transform>
	</node>
	<node>
		<identifier>	MP_VM751_Hatch	</identifier>
		<parent>	Scene Root	</parent>
		<transform>
			<row0>	0.0000 0.0152 -0.9999 0.0000	</row0>
			<row1>	0.0000 0.9999 0.0152 0.0000	</row1>
			<row2>	1.0000 0.0000 0.0000 0.0000	</row2>
			<row3>	0.1896 0.3784 -4.1977 1.0000	</row3>
		</transform>
	</node>
	<node>
		<identifier>	MP_VM860_Running_Light	</identifier>
		<parent>	Scene Root	</parent>
		<transform>
			<row0>	-1.0000 0.0000 0.0000 0.0000	</row0>
			<row1>	0.0000 1.0000 0.0000 0.0000	</row1>
			<row2>	0.0000 0.0000 -1.0000 0.0000	</row2>
			<row3>	0.0520 0.3384 -6.1316 1.0000	</row3>
		</transform>
	</node>
	<node>
		<identifier>	MP_VM860_Running_Light_INDEX_1	</identifier>
		<parent>	Scene Root	</parent>
		<transform>
			<row0>	-1.0000 0.0000 0.0000 0.0000	</row0>
			<row1>	0.0000 1.0000 0.0000 0.0000	</row1>
			<row2>	0.0000 0.0000 -1.0000 0.0000	</row2>
			<row3>	0.0527 0.3668 -6.1346 1.0000	</row3>
		</transform>
	</node>
	<node>
		<identifier>	MP_VM900_Aircraft_Crane	</identifier>
		<parent>	Scene Root	</parent>
		<transform>
			<row0>	1.0000 0.0000 0.0000 0.0000	</row0>
			<row1>	0.0000 0.9995 0.0323 0.0000	</row1>
			<row2>	0.0000 -0.0323 0.9995 0.0000	</row2>
			<row3>	0.0000 0.4271 -6.0240 1.0000	</row3>
		</transform>
	</node>
</VSC026_Nueve_de_Julio_1951_Stern.skel_ext>
