<BSB020_Dreadnought_1906_Stern.skel_ext>
	<exported>	true	</exported>
	<node>
		<identifier>	MP_BM003_Night_lifebuoy	</identifier>
		<parent>	Scene Root	</parent>
		<transform>
			<row0>	0.8375 0.4124 -0.3584 0.0000	</row0>
			<row1>	-0.3792 0.9110 0.1623 0.0000	</row1>
			<row2>	0.3935 0.0000 0.9193 0.0000	</row2>
			<row3>	0.2399 0.3828 -4.7714 1.0000	</row3>
		</transform>
	</node>
	<node>
		<identifier>	MP_BM003_Night_lifebuoy_INDEX_1	</identifier>
		<parent>	Scene Root	</parent>
		<transform>
			<row0>	-0.8375 0.4124 -0.3584 0.0000	</row0>
			<row1>	0.3792 0.9110 0.1623 0.0000	</row1>
			<row2>	0.3935 0.0000 -0.9193 0.0000	</row2>
			<row3>	-0.2399 0.3828 -4.7714 1.0000	</row3>
		</transform>
	</node>
	<node>
		<identifier>	MP_BM037_Sounding_Machine	</identifier>
		<parent>	Scene Root	</parent>
		<transform>
			<row0>	0.0000 0.0000 1.0000 0.0000	</row0>
			<row1>	0.0000 1.0000 0.0000 0.0000	</row1>
			<row2>	-1.0000 0.0000 0.0000 0.0000	</row2>
			<row3>	0.0329 0.3149 -5.0147 1.0000	</row3>
		</transform>
	</node>
	<node>
		<identifier>	MP_BM604_Voice_Tube	</identifier>
		<parent>	Scene Root	</parent>
		<transform>
			<row0>	-0.8660 0.0000 0.5000 0.0000	</row0>
			<row1>	0.0000 1.0000 0.0000 0.0000	</row1>
			<row2>	-0.5000 0.0000 -0.8660 0.0000	</row2>
			<row3>	0.0236 0.4178 -4.6794 1.0000	</row3>
		</transform>
	</node>
	<node>
		<identifier>	MP_BM639_Compass_Binnacle	</identifier>
		<parent>	Scene Root	</parent>
		<transform>
			<row0>	-1.0000 0.0000 0.0000 0.0000	</row0>
			<row1>	0.0000 1.0000 0.0000 0.0000	</row1>
			<row2>	0.0000 0.0000 -1.0000 0.0000	</row2>
			<row3>	0.0000 0.4178 -4.6553 1.0000	</row3>
		</transform>
	</node>
	<node>
		<identifier>	MP_BM706_Ammunition_Box	</identifier>
		<parent>	Scene Root	</parent>
		<transform>
			<row0>	0.0000 0.0000 -0.8500 0.0000	</row0>
			<row1>	0.0000 0.7000 0.0000 0.0000	</row1>
			<row2>	0.8500 0.0000 0.0000 0.0000	</row2>
			<row3>	0.2131 0.2956 -3.5338 1.0000	</row3>
		</transform>
	</node>
	<node>
		<identifier>	MP_BM706_Ammunition_Box_INDEX_1	</identifier>
		<parent>	Scene Root	</parent>
		<transform>
			<row0>	0.0000 0.0000 1.0000 0.0000	</row0>
			<row1>	0.0000 0.7000 0.0000 0.0000	</row1>
			<row2>	-0.7000 0.0000 0.0000 0.0000	</row2>
			<row3>	-0.0843 0.2956 -3.5632 1.0000	</row3>
		</transform>
	</node>
	<node>
		<identifier>	MP_BM706_Ammunition_Box_INDEX_2	</identifier>
		<parent>	Scene Root	</parent>
		<transform>
			<row0>	0.0000 0.0000 0.8500 0.0000	</row0>
			<row1>	0.0000 0.7000 0.0000 0.0000	</row1>
			<row2>	-0.8500 0.0000 0.0000 0.0000	</row2>
			<row3>	-0.2080 0.2956 -3.5338 1.0000	</row3>
		</transform>
	</node>
	<node>
		<identifier>	MP_BM706_Ammunition_Box_INDEX_3	</identifier>
		<parent>	Scene Root	</parent>
		<transform>
			<row0>	0.0000 0.0000 0.8500 0.0000	</row0>
			<row1>	0.0000 0.7000 0.0000 0.0000	</row1>
			<row2>	-0.8500 0.0000 0.0000 0.0000	</row2>
			<row3>	0.0011 0.2956 -3.5543 1.0000	</row3>
		</transform>
	</node>
	<node>
		<identifier>	MP_BM706_Ammunition_Box_INDEX_4	</identifier>
		<parent>	Scene Root	</parent>
		<transform>
			<row0>	0.0000 0.0000 -1.0000 0.0000	</row0>
			<row1>	0.0000 0.7000 0.0000 0.0000	</row1>
			<row2>	0.7000 0.0000 0.0000 0.0000	</row2>
			<row3>	0.0843 0.2956 -3.5632 1.0000	</row3>
		</transform>
	</node>
	<node>
		<identifier>	MP_BM872_Running_Lights_B	</identifier>
		<parent>	Scene Root	</parent>
		<transform>
			<row0>	-1.0000 0.0000 0.0000 0.0000	</row0>
			<row1>	0.0000 1.0000 0.0000 0.0000	</row1>
			<row2>	0.0000 0.0000 -1.0000 0.0000	</row2>
			<row3>	0.0000 0.5003 -5.2548 1.0000	</row3>
		</transform>
	</node>
	<node>
		<identifier>	MP_CM001_Propeller3_L	</identifier>
		<parent>	Scene Root	</parent>
		<transform>
			<row0>	0.7579 0.0002 0.0145 0.0000	</row0>
			<row1>	0.0002 0.7577 -0.0212 0.0000	</row1>
			<row2>	-0.0145 0.0212 0.7576 0.0000	</row2>
			<row3>	-0.3180 -0.3630 -4.2125 1.0000	</row3>
		</transform>
	</node>
	<node>
		<identifier>	MP_CM001_Propeller3_L_INDEX_1	</identifier>
		<parent>	Scene Root	</parent>
		<transform>
			<row0>	0.7579 0.0003 0.0132 0.0000	</row0>
			<row1>	0.0003 0.7574 -0.0304 0.0000	</row1>
			<row2>	-0.0132 0.0304 0.7573 0.0000	</row2>
			<row3>	-0.1126 -0.4063 -4.3448 1.0000	</row3>
		</transform>
	</node>
	<node>
		<identifier>	MP_CM032_Propeller3_R	</identifier>
		<parent>	Scene Root	</parent>
		<transform>
			<row0>	0.7579 -0.0002 -0.0145 0.0000	</row0>
			<row1>	-0.0002 0.7577 -0.0212 0.0000	</row1>
			<row2>	0.0145 0.0212 0.7576 0.0000	</row2>
			<row3>	0.3180 -0.3630 -4.2125 1.0000	</row3>
		</transform>
	</node>
	<node>
		<identifier>	MP_CM032_Propeller3_R_INDEX_1	</identifier>
		<parent>	Scene Root	</parent>
		<transform>
			<row0>	0.7579 -0.0003 -0.0132 0.0000	</row0>
			<row1>	-0.0003 0.7574 -0.0304 0.0000	</row1>
			<row2>	0.0132 0.0304 0.7573 0.0000	</row2>
			<row3>	0.1126 -0.4063 -4.3448 1.0000	</row3>
		</transform>
	</node>
	<node>
		<identifier>	MP_CM126_Cleat	</identifier>
		<parent>	Scene Root	</parent>
		<transform>
			<row0>	-0.8405 0.0000 0.5419 0.0000	</row0>
			<row1>	0.0000 1.0000 0.0000 0.0000	</row1>
			<row2>	-0.5419 0.0000 -0.8405 0.0000	</row2>
			<row3>	-0.5053 0.2986 -3.7803 1.0000	</row3>
		</transform>
	</node>
	<node>
		<identifier>	MP_CM126_Cleat_INDEX_1	</identifier>
		<parent>	Scene Root	</parent>
		<transform>
			<row0>	-0.8405 0.0000 -0.5419 0.0000	</row0>
			<row1>	0.0000 1.0000 0.0000 0.0000	</row1>
			<row2>	0.5419 0.0000 -0.8405 0.0000	</row2>
			<row3>	0.5698 0.2952 -3.4701 1.0000	</row3>
		</transform>
	</node>
	<node>
		<identifier>	MP_CM126_Cleat_INDEX_2	</identifier>
		<parent>	Scene Root	</parent>
		<transform>
			<row0>	-0.9409 0.0000 0.3387 0.0000	</row0>
			<row1>	0.0029 1.0000 0.0082 0.0000	</row1>
			<row2>	-0.3387 0.0087 -0.9408 0.0000	</row2>
			<row3>	0.2573 0.3099 -4.6178 1.0000	</row3>
		</transform>
	</node>
	<node>
		<identifier>	MP_CM126_Cleat_INDEX_3	</identifier>
		<parent>	Scene Root	</parent>
		<transform>
			<row0>	-0.8405 0.0000 -0.5419 0.0000	</row0>
			<row1>	0.0000 1.0000 0.0000 0.0000	</row1>
			<row2>	0.5419 0.0000 -0.8405 0.0000	</row2>
			<row3>	0.5053 0.2986 -3.7803 1.0000	</row3>
		</transform>
	</node>
	<node>
		<identifier>	MP_CM126_Cleat_INDEX_4	</identifier>
		<parent>	Scene Root	</parent>
		<transform>
			<row0>	-0.9409 0.0000 -0.3387 0.0000	</row0>
			<row1>	-0.0029 1.0000 0.0082 0.0000	</row1>
			<row2>	0.3387 0.0087 -0.9408 0.0000	</row2>
			<row3>	-0.2573 0.3099 -4.6178 1.0000	</row3>
		</transform>
	</node>
	<node>
		<identifier>	MP_CM126_Cleat_INDEX_5	</identifier>
		<parent>	Scene Root	</parent>
		<transform>
			<row0>	-0.8405 0.0000 0.5419 0.0000	</row0>
			<row1>	0.0000 1.0000 0.0000 0.0000	</row1>
			<row2>	-0.5419 0.0000 -0.8405 0.0000	</row2>
			<row3>	-0.5698 0.2952 -3.4701 1.0000	</row3>
		</transform>
	</node>
</BSB020_Dreadnought_1906_Stern.skel_ext>
