<BSB011_Queen_Elizabeth_1942_MidBack.skel_ext>
	<exported>	true	</exported>
	<node>
		<identifier>	MP_BM004_Reels	</identifier>
		<parent>	Scene Root	</parent>
		<transform>
			<row0>	0.0173 -0.0005 0.4997 0.0000	</row0>
			<row1>	0.0267 0.9996 0.0000 0.0000	</row1>
			<row2>	-0.9990 0.0266 0.0345 0.0000	</row2>
			<row3>	0.5772 0.4263 -2.4824 1.0000	</row3>
		</transform>
	</node>
	<node>
		<identifier>	MP_BM022_Flotanet	</identifier>
		<parent>	Scene Root	</parent>
		<transform>
			<row0>	-0.9072 0.0000 0.4207 0.0000	</row0>
			<row1>	0.0000 1.0000 0.0000 0.0000	</row1>
			<row2>	-0.4207 0.0000 -0.9072 0.0000	</row2>
			<row3>	0.3602 0.8710 -1.9342 1.0000	</row3>
		</transform>
	</node>
	<node>
		<identifier>	MP_BM022_Flotanet_INDEX_1	</identifier>
		<parent>	Scene Root	</parent>
		<transform>
			<row0>	0.9063 0.0000 0.4226 0.0000	</row0>
			<row1>	0.0000 1.0000 0.0000 0.0000	</row1>
			<row2>	-0.4226 0.0000 0.9063 0.0000	</row2>
			<row3>	-0.2915 0.8317 -2.0832 1.0000	</row3>
		</transform>
	</node>
	<node>
		<identifier>	MP_BM022_Flotanet_INDEX_2	</identifier>
		<parent>	Scene Root	</parent>
		<transform>
			<row0>	-0.9072 0.0000 0.4207 0.0000	</row0>
			<row1>	0.0000 1.0000 0.0000 0.0000	</row1>
			<row2>	-0.4207 0.0000 -0.9072 0.0000	</row2>
			<row3>	0.2915 0.8710 -2.0832 1.0000	</row3>
		</transform>
	</node>
	<node>
		<identifier>	MP_BM022_Flotanet_INDEX_3	</identifier>
		<parent>	Scene Root	</parent>
		<transform>
			<row0>	0.9063 0.0000 0.4226 0.0000	</row0>
			<row1>	0.0000 1.0000 0.0000 0.0000	</row1>
			<row2>	-0.4226 0.0000 0.9063 0.0000	</row2>
			<row3>	-0.3602 0.8710 -1.9342 1.0000	</row3>
		</transform>
	</node>
	<node>
		<identifier>	MP_BM022_Flotanet_INDEX_4	</identifier>
		<parent>	Scene Root	</parent>
		<transform>
			<row0>	-0.9072 0.0000 0.4207 0.0000	</row0>
			<row1>	0.0000 1.0000 0.0000 0.0000	</row1>
			<row2>	-0.4207 0.0000 -0.9072 0.0000	</row2>
			<row3>	0.2915 0.8317 -2.0832 1.0000	</row3>
		</transform>
	</node>
	<node>
		<identifier>	MP_BM022_Flotanet_INDEX_5	</identifier>
		<parent>	Scene Root	</parent>
		<transform>
			<row0>	0.9063 0.0000 0.4226 0.0000	</row0>
			<row1>	0.0000 1.0000 0.0000 0.0000	</row1>
			<row2>	-0.4226 0.0000 0.9063 0.0000	</row2>
			<row3>	-0.3602 0.8317 -1.9342 1.0000	</row3>
		</transform>
	</node>
	<node>
		<identifier>	MP_BM022_Flotanet_INDEX_6	</identifier>
		<parent>	Scene Root	</parent>
		<transform>
			<row0>	0.9063 0.0000 0.4226 0.0000	</row0>
			<row1>	0.0000 1.0000 0.0000 0.0000	</row1>
			<row2>	-0.4226 0.0000 0.9063 0.0000	</row2>
			<row3>	-0.2915 0.8710 -2.0832 1.0000	</row3>
		</transform>
	</node>
	<node>
		<identifier>	MP_BM022_Flotanet_INDEX_7	</identifier>
		<parent>	Scene Root	</parent>
		<transform>
			<row0>	-0.9072 0.0000 0.4207 0.0000	</row0>
			<row1>	0.0000 1.0000 0.0000 0.0000	</row1>
			<row2>	-0.4207 0.0000 -0.9072 0.0000	</row2>
			<row3>	0.3602 0.8317 -1.9342 1.0000	</row3>
		</transform>
	</node>
	<node>
		<identifier>	MP_BM507_Whaler_27ft	</identifier>
		<parent>	Scene Root	</parent>
		<transform>
			<row0>	0.9585 0.0000 -0.2850 0.0000	</row0>
			<row1>	0.0000 1.0000 0.0000 0.0000	</row1>
			<row2>	0.2850 0.0000 0.9585 0.0000	</row2>
			<row3>	0.2877 0.4633 -2.3192 1.0000	</row3>
		</transform>
	</node>
	<node>
		<identifier>	MP_BM507_Whaler_27ft_INDEX_1	</identifier>
		<parent>	Scene Root	</parent>
		<transform>
			<row0>	0.9585 0.0000 0.2850 0.0000	</row0>
			<row1>	0.0000 1.0000 0.0000 0.0000	</row1>
			<row2>	-0.2850 0.0000 0.9585 0.0000	</row2>
			<row3>	-0.2877 0.4633 -2.3192 1.0000	</row3>
		</transform>
	</node>
	<node>
		<identifier>	MP_BM509_Liferaft_type_20_10ft	</identifier>
		<parent>	Scene Root	</parent>
		<transform>
			<row0>	0.0000 -1.0000 0.0000 0.0000	</row0>
			<row1>	0.9055 0.0000 -0.4244 0.0000	</row1>
			<row2>	0.4244 0.0000 0.9055 0.0000	</row2>
			<row3>	0.3460 0.6899 -1.9339 1.0000	</row3>
		</transform>
	</node>
	<node>
		<identifier>	MP_BM509_Liferaft_type_20_10ft_INDEX_1	</identifier>
		<parent>	Scene Root	</parent>
		<transform>
			<row0>	0.0000 1.0000 0.0000 0.0000	</row0>
			<row1>	-0.9055 0.0000 -0.4244 0.0000	</row1>
			<row2>	-0.4244 0.0000 0.9055 0.0000	</row2>
			<row3>	-0.3463 0.6899 -1.9340 1.0000	</row3>
		</transform>
	</node>
	<node>
		<identifier>	MP_BM509_Liferaft_type_20_10ft_INDEX_2	</identifier>
		<parent>	Scene Root	</parent>
		<transform>
			<row0>	0.0000 -1.0000 0.0000 0.0000	</row0>
			<row1>	0.9055 0.0000 -0.4244 0.0000	</row1>
			<row2>	0.4244 0.0000 0.9055 0.0000	</row2>
			<row3>	0.3118 0.4967 -2.0071 1.0000	</row3>
		</transform>
	</node>
	<node>
		<identifier>	MP_BM509_Liferaft_type_20_10ft_INDEX_3	</identifier>
		<parent>	Scene Root	</parent>
		<transform>
			<row0>	0.0000 1.0000 0.0000 0.0000	</row0>
			<row1>	0.0000 0.0000 -1.0000 0.0000	</row1>
			<row2>	-1.0000 0.0000 0.0000 0.0000	</row2>
			<row3>	-0.7840 0.3261 -1.2915 1.0000	</row3>
		</transform>
	</node>
	<node>
		<identifier>	MP_BM509_Liferaft_type_20_10ft_INDEX_4	</identifier>
		<parent>	Scene Root	</parent>
		<transform>
			<row0>	0.0000 1.0000 0.0000 0.0000	</row0>
			<row1>	-0.9055 0.0000 -0.4244 0.0000	</row1>
			<row2>	-0.4244 0.0000 0.9055 0.0000	</row2>
			<row3>	-0.3118 0.4967 -2.0071 1.0000	</row3>
		</transform>
	</node>
	<node>
		<identifier>	MP_BM509_Liferaft_type_20_10ft_INDEX_5	</identifier>
		<parent>	Scene Root	</parent>
		<transform>
			<row0>	0.0000 -1.0000 0.0000 0.0000	</row0>
			<row1>	0.0000 0.0000 -1.0000 0.0000	</row1>
			<row2>	1.0000 0.0000 0.0000 0.0000	</row2>
			<row3>	0.7840 0.3261 -1.2915 1.0000	</row3>
		</transform>
	</node>
	<node>
		<identifier>	MP_BM513_Motor_Boat_25ft	</identifier>
		<parent>	Scene Root	</parent>
		<transform>
			<row0>	0.9925 0.0000 0.1223 0.0000	</row0>
			<row1>	0.0000 1.0000 0.0000 0.0000	</row1>
			<row2>	-0.1223 0.0000 0.9925 0.0000	</row2>
			<row3>	-0.4737 0.4857 -2.0289 1.0000	</row3>
		</transform>
	</node>
	<node>
		<identifier>	MP_BM520_Sailng_Dinghy_14ft	</identifier>
		<parent>	Scene Root	</parent>
		<transform>
			<row0>	0.9585 0.0000 -0.2850 0.0000	</row0>
			<row1>	0.0000 1.0000 0.0000 0.0000	</row1>
			<row2>	0.2850 0.0000 0.9585 0.0000	</row2>
			<row3>	0.2889 0.4917 -2.3169 1.0000	</row3>
		</transform>
	</node>
	<node>
		<identifier>	MP_BM520_Sailng_Dinghy_14ft_INDEX_1	</identifier>
		<parent>	Scene Root	</parent>
		<transform>
			<row0>	0.9585 0.0000 0.2850 0.0000	</row0>
			<row1>	0.0000 1.0000 0.0000 0.0000	</row1>
			<row2>	-0.2850 0.0000 0.9585 0.0000	</row2>
			<row3>	-0.2889 0.4917 -2.3169 1.0000	</row3>
		</transform>
	</node>
	<node>
		<identifier>	MP_BM527_Liferaft_type_20_8ft	</identifier>
		<parent>	Scene Root	</parent>
		<transform>
			<row0>	0.0000 1.0000 0.0000 0.0000	</row0>
			<row1>	-0.9055 0.0000 -0.4244 0.0000	</row1>
			<row2>	-0.4244 0.0000 0.9055 0.0000	</row2>
			<row3>	-0.1482 0.4967 -2.3637 1.0000	</row3>
		</transform>
	</node>
	<node>
		<identifier>	MP_BM527_Liferaft_type_20_8ft_INDEX_1	</identifier>
		<parent>	Scene Root	</parent>
		<transform>
			<row0>	0.0000 -1.0000 0.0000 0.0000	</row0>
			<row1>	0.9055 0.0000 -0.4244 0.0000	</row1>
			<row2>	0.4244 0.0000 0.9055 0.0000	</row2>
			<row3>	0.2302 0.4970 -2.1893 1.0000	</row3>
		</transform>
	</node>
	<node>
		<identifier>	MP_BM527_Liferaft_type_20_8ft_INDEX_2	</identifier>
		<parent>	Scene Root	</parent>
		<transform>
			<row0>	0.0000 1.0000 0.0000 0.0000	</row0>
			<row1>	-0.9055 0.0000 -0.4244 0.0000	</row1>
			<row2>	-0.4244 0.0000 0.9055 0.0000	</row2>
			<row3>	-0.2302 0.4970 -2.1893 1.0000	</row3>
		</transform>
	</node>
	<node>
		<identifier>	MP_BM527_Liferaft_type_20_8ft_INDEX_3	</identifier>
		<parent>	Scene Root	</parent>
		<transform>
			<row0>	0.0000 -1.0000 0.0000 0.0000	</row0>
			<row1>	0.9055 0.0000 -0.4244 0.0000	</row1>
			<row2>	0.4244 0.0000 0.9055 0.0000	</row2>
			<row3>	0.1480 0.4967 -2.3636 1.0000	</row3>
		</transform>
	</node>
	<node>
		<identifier>	MP_BM703_Locker	</identifier>
		<parent>	Scene Root	</parent>
		<transform>
			<row0>	1.0000 0.0000 0.0000 0.0000	</row0>
			<row1>	0.0000 1.0000 0.0063 0.0000	</row1>
			<row2>	0.0000 -0.0063 1.0000 0.0000	</row2>
			<row3>	0.0356 0.2843 -3.4599 1.0000	</row3>
		</transform>
	</node>
	<node>
		<identifier>	MP_BM705_Ammunition_Box	</identifier>
		<parent>	Scene Root	</parent>
		<transform>
			<row0>	-0.6041 0.0000 -0.3536 0.0000	</row0>
			<row1>	0.0000 1.0000 0.0000 0.0000	</row1>
			<row2>	0.3789 0.0000 -0.6473 0.0000	</row2>
			<row3>	-0.3587 0.2755 -3.1134 1.0000	</row3>
		</transform>
	</node>
	<node>
		<identifier>	MP_BM705_Ammunition_Box_INDEX_1	</identifier>
		<parent>	Scene Root	</parent>
		<transform>
			<row0>	-0.6041 0.0000 0.3536 0.0000	</row0>
			<row1>	0.0000 1.0000 0.0000 0.0000	</row1>
			<row2>	-0.3789 0.0000 -0.6473 0.0000	</row2>
			<row3>	0.4125 0.2751 -3.0257 1.0000	</row3>
		</transform>
	</node>
	<node>
		<identifier>	MP_BM705_Ammunition_Box_INDEX_10	</identifier>
		<parent>	Scene Root	</parent>
		<transform>
			<row0>	-0.8680 0.0000 -0.4966 0.0000	</row0>
			<row1>	0.0000 1.0000 0.0000 0.0000	</row1>
			<row2>	0.4966 0.0000 -0.8680 0.0000	</row2>
			<row3>	0.3774 0.4323 -2.8493 1.0000	</row3>
		</transform>
	</node>
	<node>
		<identifier>	MP_BM705_Ammunition_Box_INDEX_11	</identifier>
		<parent>	Scene Root	</parent>
		<transform>
			<row0>	-0.8680 0.0000 0.4966 0.0000	</row0>
			<row1>	0.0000 1.0000 0.0000 0.0000	</row1>
			<row2>	-0.4966 0.0000 -0.8680 0.0000	</row2>
			<row3>	-0.3774 0.4323 -2.8493 1.0000	</row3>
		</transform>
	</node>
	<node>
		<identifier>	MP_BM705_Ammunition_Box_INDEX_2	</identifier>
		<parent>	Scene Root	</parent>
		<transform>
			<row0>	-0.6041 0.0000 0.3536 0.0000	</row0>
			<row1>	0.0000 1.0000 0.0000 0.0000	</row1>
			<row2>	-0.3789 0.0000 -0.6473 0.0000	</row2>
			<row3>	0.3832 0.2755 -3.0760 1.0000	</row3>
		</transform>
	</node>
	<node>
		<identifier>	MP_BM705_Ammunition_Box_INDEX_3	</identifier>
		<parent>	Scene Root	</parent>
		<transform>
			<row0>	-0.6041 0.0000 -0.3536 0.0000	</row0>
			<row1>	0.0000 1.0000 0.0000 0.0000	</row1>
			<row2>	0.3789 0.0000 -0.6473 0.0000	</row2>
			<row3>	-0.3880 0.2755 -3.0631 1.0000	</row3>
		</transform>
	</node>
	<node>
		<identifier>	MP_BM705_Ammunition_Box_INDEX_4	</identifier>
		<parent>	Scene Root	</parent>
		<transform>
			<row0>	-0.6994 0.0000 0.0291 0.0000	</row0>
			<row1>	0.0000 1.0000 0.0000 0.0000	</row1>
			<row2>	-0.0312 0.0000 -0.7494 0.0000	</row2>
			<row3>	0.6454 0.2672 -2.5835 1.0000	</row3>
		</transform>
	</node>
	<node>
		<identifier>	MP_BM705_Ammunition_Box_INDEX_5	</identifier>
		<parent>	Scene Root	</parent>
		<transform>
			<row0>	-0.6994 0.0000 0.0291 0.0000	</row0>
			<row1>	0.0000 1.0000 0.0000 0.0000	</row1>
			<row2>	-0.0312 0.0000 -0.7494 0.0000	</row2>
			<row3>	0.6479 0.2672 -2.5253 1.0000	</row3>
		</transform>
	</node>
	<node>
		<identifier>	MP_BM705_Ammunition_Box_INDEX_6	</identifier>
		<parent>	Scene Root	</parent>
		<transform>
			<row0>	1.4983 0.0274 0.0660 0.0000	</row0>
			<row1>	-0.0183 0.9998 0.0000 0.0000	</row1>
			<row2>	-0.0440 -0.0008 0.9990 0.0000	</row2>
			<row3>	-0.5743 0.4291 -2.5149 1.0000	</row3>
		</transform>
	</node>
	<node>
		<identifier>	MP_BM705_Ammunition_Box_INDEX_7	</identifier>
		<parent>	Scene Root	</parent>
		<transform>
			<row0>	-0.6994 0.0000 -0.0291 0.0000	</row0>
			<row1>	0.0000 1.0000 0.0000 0.0000	</row1>
			<row2>	0.0312 0.0000 -0.7494 0.0000	</row2>
			<row3>	-0.6479 0.2669 -2.5253 1.0000	</row3>
		</transform>
	</node>
	<node>
		<identifier>	MP_BM705_Ammunition_Box_INDEX_8	</identifier>
		<parent>	Scene Root	</parent>
		<transform>
			<row0>	-0.8642 -0.0251 -0.5024 0.0000	</row0>
			<row1>	-0.0214 0.9997 -0.0132 0.0000	</row1>
			<row2>	0.5026 -0.0006 -0.8645 0.0000	</row2>
			<row3>	-0.4928 0.4307 -2.7824 1.0000	</row3>
		</transform>
	</node>
	<node>
		<identifier>	MP_BM705_Ammunition_Box_INDEX_9	</identifier>
		<parent>	Scene Root	</parent>
		<transform>
			<row0>	-0.6994 0.0000 -0.0291 0.0000	</row0>
			<row1>	0.0000 1.0000 0.0000 0.0000	</row1>
			<row2>	0.0312 0.0000 -0.7494 0.0000	</row2>
			<row3>	-0.6454 0.2669 -2.5835 1.0000	</row3>
		</transform>
	</node>
	<node>
		<identifier>	MP_BM708_Ammunition_Box	</identifier>
		<parent>	Scene Root	</parent>
		<transform>
			<row0>	0.2960 0.0000 0.5219 0.0000	</row0>
			<row1>	0.0000 0.5000 0.0000 0.0000	</row1>
			<row2>	-0.4349 0.0000 0.2467 0.0000	</row2>
			<row3>	0.5021 0.4286 -2.7831 1.0000	</row3>
		</transform>
	</node>
	<node>
		<identifier>	MP_BM708_Ammunition_Box_INDEX_1	</identifier>
		<parent>	Scene Root	</parent>
		<transform>
			<row0>	0.0287 0.0000 0.5993 0.0000	</row0>
			<row1>	0.0000 0.5000 0.0000 0.0000	</row1>
			<row2>	-0.4994 0.0000 0.0239 0.0000	</row2>
			<row3>	0.6130 0.4286 -2.2036 1.0000	</row3>
		</transform>
	</node>
	<node>
		<identifier>	MP_BM708_Ammunition_Box_INDEX_2	</identifier>
		<parent>	Scene Root	</parent>
		<transform>
			<row0>	0.0000 0.0074 -0.7000 0.0000	</row0>
			<row1>	0.0000 0.6000 0.0063 0.0000	</row1>
			<row2>	0.6000 0.0000 0.0000 0.0000	</row2>
			<row3>	-0.6135 0.4249 -1.5314 1.0000	</row3>
		</transform>
	</node>
	<node>
		<identifier>	MP_BM708_Ammunition_Box_INDEX_3	</identifier>
		<parent>	Scene Root	</parent>
		<transform>
			<row0>	0.0249 0.0000 0.6996 0.0000	</row0>
			<row1>	0.0000 0.6000 0.0000 0.0000	</row1>
			<row2>	-0.5996 0.0000 0.0213 0.0000	</row2>
			<row3>	0.6138 0.4293 -2.1142 1.0000	</row3>
		</transform>
	</node>
	<node>
		<identifier>	MP_BM708_Ammunition_Box_INDEX_4	</identifier>
		<parent>	Scene Root	</parent>
		<transform>
			<row0>	0.0000 -0.0056 0.7000 0.0000	</row0>
			<row1>	0.0000 0.6000 0.0048 0.0000	</row1>
			<row2>	-0.6000 0.0000 0.0000 0.0000	</row2>
			<row3>	0.6151 0.4258 -1.6215 1.0000	</row3>
		</transform>
	</node>
	<node>
		<identifier>	MP_BM708_Ammunition_Box_INDEX_5	</identifier>
		<parent>	Scene Root	</parent>
		<transform>
			<row0>	0.0249 0.0000 -0.6996 0.0000	</row0>
			<row1>	0.0000 0.6000 0.0000 0.0000	</row1>
			<row2>	0.5996 0.0000 0.0213 0.0000	</row2>
			<row3>	-0.6138 0.4293 -2.1142 1.0000	</row3>
		</transform>
	</node>
	<node>
		<identifier>	MP_BM708_Ammunition_Box_INDEX_6	</identifier>
		<parent>	Scene Root	</parent>
		<transform>
			<row0>	0.0000 0.0056 -0.7000 0.0000	</row0>
			<row1>	0.0000 0.6000 0.0048 0.0000	</row1>
			<row2>	0.6000 0.0000 0.0000 0.0000	</row2>
			<row3>	-0.6135 0.4258 -1.6215 1.0000	</row3>
		</transform>
	</node>
	<node>
		<identifier>	MP_BM708_Ammunition_Box_INDEX_7	</identifier>
		<parent>	Scene Root	</parent>
		<transform>
			<row0>	0.0287 0.0000 -0.5993 0.0000	</row0>
			<row1>	0.0000 0.5000 0.0000 0.0000	</row1>
			<row2>	0.4994 0.0000 0.0239 0.0000	</row2>
			<row3>	-0.6130 0.4286 -2.2036 1.0000	</row3>
		</transform>
	</node>
	<node>
		<identifier>	MP_BM800_Ventilators_mushroom	</identifier>
		<parent>	Scene Root	</parent>
		<transform>
			<row0>	-0.4319 0.0000 -0.6734 0.0000	</row0>
			<row1>	0.0000 0.8000 0.0000 0.0000	</row1>
			<row2>	0.6734 0.0000 -0.4319 0.0000	</row2>
			<row3>	0.5504 0.4288 -2.4097 1.0000	</row3>
		</transform>
	</node>
	<node>
		<identifier>	MP_BM800_Ventilators_mushroom_INDEX_1	</identifier>
		<parent>	Scene Root	</parent>
		<transform>
			<row0>	-0.5399 0.0000 -0.8417 0.0000	</row0>
			<row1>	0.0000 1.0000 0.0000 0.0000	</row1>
			<row2>	0.8417 0.0000 -0.5399 0.0000	</row2>
			<row3>	0.3561 0.2747 -3.1356 1.0000	</row3>
		</transform>
	</node>
	<node>
		<identifier>	MP_BM800_Ventilators_mushroom_INDEX_10	</identifier>
		<parent>	Scene Root	</parent>
		<transform>
			<row0>	0.0000 0.0000 0.6000 0.0000	</row0>
			<row1>	0.0000 0.8000 0.0000 0.0000	</row1>
			<row2>	-0.6000 0.0000 0.0000 0.0000	</row2>
			<row3>	-0.6389 0.2534 -1.7764 1.0000	</row3>
		</transform>
	</node>
	<node>
		<identifier>	MP_BM800_Ventilators_mushroom_INDEX_11	</identifier>
		<parent>	Scene Root	</parent>
		<transform>
			<row0>	-0.4319 0.0000 -0.6734 0.0000	</row0>
			<row1>	0.0000 0.8000 0.0000 0.0000	</row1>
			<row2>	0.6734 0.0000 -0.4319 0.0000	</row2>
			<row3>	0.6545 0.2667 -2.3775 1.0000	</row3>
		</transform>
	</node>
	<node>
		<identifier>	MP_BM800_Ventilators_mushroom_INDEX_12	</identifier>
		<parent>	Scene Root	</parent>
		<transform>
			<row0>	-0.4319 0.0000 -0.6734 0.0000	</row0>
			<row1>	0.0000 0.8000 0.0000 0.0000	</row1>
			<row2>	0.6734 0.0000 -0.4319 0.0000	</row2>
			<row3>	0.6529 0.2667 -2.4093 1.0000	</row3>
		</transform>
	</node>
	<node>
		<identifier>	MP_BM800_Ventilators_mushroom_INDEX_13	</identifier>
		<parent>	Scene Root	</parent>
		<transform>
			<row0>	-0.4319 0.0000 -0.6734 0.0000	</row0>
			<row1>	0.0000 0.8000 0.0000 0.0000	</row1>
			<row2>	0.6734 0.0000 -0.4319 0.0000	</row2>
			<row3>	0.3302 0.2761 -3.2077 1.0000	</row3>
		</transform>
	</node>
	<node>
		<identifier>	MP_BM800_Ventilators_mushroom_INDEX_2	</identifier>
		<parent>	Scene Root	</parent>
		<transform>
			<row0>	0.0000 0.0000 -0.5000 0.0000	</row0>
			<row1>	0.0000 0.8000 0.0000 0.0000	</row1>
			<row2>	0.5000 0.0000 0.0000 0.0000	</row2>
			<row3>	0.6389 0.2643 -1.9128 1.0000	</row3>
		</transform>
	</node>
	<node>
		<identifier>	MP_BM800_Ventilators_mushroom_INDEX_3	</identifier>
		<parent>	Scene Root	</parent>
		<transform>
			<row0>	0.0000 0.0000 0.5000 0.0000	</row0>
			<row1>	0.0000 0.8000 0.0000 0.0000	</row1>
			<row2>	-0.5000 0.0000 0.0000 0.0000	</row2>
			<row3>	-0.6389 0.2651 -1.9128 1.0000	</row3>
		</transform>
	</node>
	<node>
		<identifier>	MP_BM800_Ventilators_mushroom_INDEX_4	</identifier>
		<parent>	Scene Root	</parent>
		<transform>
			<row0>	-0.4319 0.0000 -0.6734 0.0000	</row0>
			<row1>	0.0000 0.8000 0.0000 0.0000	</row1>
			<row2>	0.6734 0.0000 -0.4319 0.0000	</row2>
			<row3>	0.2713 0.4288 -2.7497 1.0000	</row3>
		</transform>
	</node>
	<node>
		<identifier>	MP_BM800_Ventilators_mushroom_INDEX_5	</identifier>
		<parent>	Scene Root	</parent>
		<transform>
			<row0>	0.0000 0.0000 -0.6000 0.0000	</row0>
			<row1>	0.0000 0.8000 0.0000 0.0000	</row1>
			<row2>	0.6000 0.0000 0.0000 0.0000	</row2>
			<row3>	0.6389 0.2534 -1.7764 1.0000	</row3>
		</transform>
	</node>
	<node>
		<identifier>	MP_BM800_Ventilators_mushroom_INDEX_6	</identifier>
		<parent>	Scene Root	</parent>
		<transform>
			<row0>	-0.4319 0.0000 0.6734 0.0000	</row0>
			<row1>	0.0000 0.8000 0.0000 0.0000	</row1>
			<row2>	-0.6734 0.0000 -0.4319 0.0000	</row2>
			<row3>	-0.6537 0.2663 -2.4095 1.0000	</row3>
		</transform>
	</node>
	<node>
		<identifier>	MP_BM800_Ventilators_mushroom_INDEX_7	</identifier>
		<parent>	Scene Root	</parent>
		<transform>
			<row0>	0.9000 0.0000 0.0000 0.0000	</row0>
			<row1>	0.0000 1.4000 0.0000 0.0000	</row1>
			<row2>	0.0000 0.0000 0.9000 0.0000	</row2>
			<row3>	-0.0868 0.8297 -2.3013 1.0000	</row3>
		</transform>
	</node>
	<node>
		<identifier>	MP_BM800_Ventilators_mushroom_INDEX_8	</identifier>
		<parent>	Scene Root	</parent>
		<transform>
			<row0>	-0.2700 0.0000 -0.4209 0.0000	</row0>
			<row1>	0.0000 0.5000 0.0000 0.0000	</row1>
			<row2>	0.4209 0.0000 -0.2700 0.0000	</row2>
			<row3>	0.3936 0.4288 -2.9437 1.0000	</row3>
		</transform>
	</node>
	<node>
		<identifier>	MP_BM800_Ventilators_mushroom_INDEX_9	</identifier>
		<parent>	Scene Root	</parent>
		<transform>
			<row0>	-0.4319 0.0000 0.6734 0.0000	</row0>
			<row1>	0.0000 0.8000 0.0000 0.0000	</row1>
			<row2>	-0.6734 0.0000 -0.4319 0.0000	</row2>
			<row3>	-0.6558 0.2663 -2.3782 1.0000	</row3>
		</transform>
	</node>
	<node>
		<identifier>	MP_BM852_Searchlight_44in	</identifier>
		<parent>	Scene Root	</parent>
		<transform>
			<row0>	0.0000 0.0000 1.1500 0.0000	</row0>
			<row1>	0.0000 1.1500 0.0000 0.0000	</row1>
			<row2>	-1.1500 0.0000 0.0000 0.0000	</row2>
			<row3>	-0.2334 0.9971 -1.7812 1.0000	</row3>
		</transform>
	</node>
	<node>
		<identifier>	MP_BM852_Searchlight_44in_INDEX_1	</identifier>
		<parent>	Scene Root	</parent>
		<transform>
			<row0>	0.0000 0.0000 -1.1500 0.0000	</row0>
			<row1>	0.0000 1.1500 0.0000 0.0000	</row1>
			<row2>	1.1500 0.0000 0.0000 0.0000	</row2>
			<row3>	0.2334 0.9971 -1.7812 1.0000	</row3>
		</transform>
	</node>
	<node>
		<identifier>	MP_BM857_Fog_Light	</identifier>
		<parent>	Scene Root	</parent>
		<transform>
			<row0>	-1.0000 0.0000 0.0000 0.0000	</row0>
			<row1>	0.0000 1.0000 0.0000 0.0000	</row1>
			<row2>	0.0000 0.0000 -1.0000 0.0000	</row2>
			<row3>	0.0000 0.8991 -2.5111 1.0000	</row3>
		</transform>
	</node>
	<node>
		<identifier>	MP_CM011_Fire_Fighting_Gear	</identifier>
		<parent>	Scene Root	</parent>
		<transform>
			<row0>	0.4330 0.0000 0.9014 0.0000	</row0>
			<row1>	0.0000 1.0000 0.0000 0.0000	</row1>
			<row2>	-0.9014 0.0000 0.4330 0.0000	</row2>
			<row3>	0.1967 0.4367 -2.2809 1.0000	</row3>
		</transform>
	</node>
	<node>
		<identifier>	MP_CM011_Fire_Fighting_Gear_INDEX_1	</identifier>
		<parent>	Scene Root	</parent>
		<transform>
			<row0>	0.5150 0.0000 0.8572 0.0000	</row0>
			<row1>	0.0000 1.0000 0.0000 0.0000	</row1>
			<row2>	-0.8572 0.0000 0.5150 0.0000	</row2>
			<row3>	0.5259 0.2751 -2.8098 1.0000	</row3>
		</transform>
	</node>
	<node>
		<identifier>	MP_CM011_Fire_Fighting_Gear_INDEX_2	</identifier>
		<parent>	Scene Root	</parent>
		<transform>
			<row0>	0.0000 0.0000 -1.0000 0.0000	</row0>
			<row1>	0.0000 1.0000 0.0000 0.0000	</row1>
			<row2>	1.0000 0.0000 0.0000 0.0000	</row2>
			<row3>	-0.5364 0.2704 -1.7206 1.0000	</row3>
		</transform>
	</node>
	<node>
		<identifier>	MP_CM011_Fire_Fighting_Gear_INDEX_3	</identifier>
		<parent>	Scene Root	</parent>
		<transform>
			<row0>	0.5150 0.0000 -0.8572 0.0000	</row0>
			<row1>	0.0000 1.0000 0.0000 0.0000	</row1>
			<row2>	0.8572 0.0000 0.5150 0.0000	</row2>
			<row3>	-0.5259 0.2751 -2.8098 1.0000	</row3>
		</transform>
	</node>
	<node>
		<identifier>	MP_CM011_Fire_Fighting_Gear_INDEX_4	</identifier>
		<parent>	Scene Root	</parent>
		<transform>
			<row0>	0.0000 0.0000 1.0000 0.0000	</row0>
			<row1>	0.0000 1.0000 0.0000 0.0000	</row1>
			<row2>	-1.0000 0.0000 0.0000 0.0000	</row2>
			<row3>	0.5364 0.2704 -1.7206 1.0000	</row3>
		</transform>
	</node>
	<node>
		<identifier>	MP_CM011_Fire_Fighting_Gear_INDEX_5	</identifier>
		<parent>	Scene Root	</parent>
		<transform>
			<row0>	0.4330 0.0000 -0.9014 0.0000	</row0>
			<row1>	0.0000 1.0000 0.0000 0.0000	</row1>
			<row2>	0.9014 0.0000 0.4330 0.0000	</row2>
			<row3>	-0.1967 0.4367 -2.2809 1.0000	</row3>
		</transform>
	</node>
	<node>
		<identifier>	MP_CM012_Fire_Hose_Rack_1	</identifier>
		<parent>	Scene Root	</parent>
		<transform>
			<row0>	-0.9046 0.0000 0.4263 0.0000	</row0>
			<row1>	0.0000 1.0000 0.0000 0.0000	</row1>
			<row2>	-0.4263 0.0000 -0.9046 0.0000	</row2>
			<row3>	0.1853 0.5183 -2.2750 1.0000	</row3>
		</transform>
	</node>
	<node>
		<identifier>	MP_CM012_Fire_Hose_Rack_1_INDEX_1	</identifier>
		<parent>	Scene Root	</parent>
		<transform>
			<row0>	-0.8644 0.0000 0.5028 0.0000	</row0>
			<row1>	0.0000 1.0000 0.0000 0.0000	</row1>
			<row2>	-0.5028 0.0000 -0.8644 0.0000	</row2>
			<row3>	0.5268 0.3398 -2.7828 1.0000	</row3>
		</transform>
	</node>
	<node>
		<identifier>	MP_CM012_Fire_Hose_Rack_1_INDEX_2	</identifier>
		<parent>	Scene Root	</parent>
		<transform>
			<row0>	0.8586 0.0000 0.5126 0.0000	</row0>
			<row1>	0.0000 1.0000 0.0000 0.0000	</row1>
			<row2>	-0.5126 0.0000 0.8586 0.0000	</row2>
			<row3>	-0.5268 0.3398 -2.7828 1.0000	</row3>
		</transform>
	</node>
	<node>
		<identifier>	MP_CM012_Fire_Hose_Rack_1_INDEX_3	</identifier>
		<parent>	Scene Root	</parent>
		<transform>
			<row0>	-1.0000 0.0000 0.0000 0.0000	</row0>
			<row1>	0.0000 1.0000 0.0000 0.0000	</row1>
			<row2>	0.0000 0.0000 -1.0000 0.0000	</row2>
			<row3>	0.5207 0.3392 -1.7207 1.0000	</row3>
		</transform>
	</node>
	<node>
		<identifier>	MP_CM012_Fire_Hose_Rack_1_INDEX_4	</identifier>
		<parent>	Scene Root	</parent>
		<transform>
			<row0>	1.0000 0.0000 0.0000 0.0000	</row0>
			<row1>	0.0000 1.0000 0.0000 0.0000	</row1>
			<row2>	0.0000 0.0000 1.0000 0.0000	</row2>
			<row3>	-0.5207 0.3392 -1.7207 1.0000	</row3>
		</transform>
	</node>
	<node>
		<identifier>	MP_CM012_Fire_Hose_Rack_1_INDEX_5	</identifier>
		<parent>	Scene Root	</parent>
		<transform>
			<row0>	0.9045 0.0000 0.4265 0.0000	</row0>
			<row1>	0.0000 1.0000 0.0000 0.0000	</row1>
			<row2>	-0.4265 0.0000 0.9045 0.0000	</row2>
			<row3>	-0.1853 0.5183 -2.2750 1.0000	</row3>
		</transform>
	</node>
	<node>
		<identifier>	MP_CM014_Fuel_Oil_Hose	</identifier>
		<parent>	Scene Root	</parent>
		<transform>
			<row0>	-1.0000 0.0000 0.0000 0.0000	</row0>
			<row1>	0.0000 -1.0000 0.0000 0.0000	</row1>
			<row2>	0.0000 0.0000 1.0000 0.0000	</row2>
			<row3>	0.5226 0.3384 -1.8184 1.0000	</row3>
		</transform>
	</node>
	<node>
		<identifier>	MP_CM014_Fuel_Oil_Hose_INDEX_1	</identifier>
		<parent>	Scene Root	</parent>
		<transform>
			<row0>	1.0000 0.0000 0.0000 0.0000	</row0>
			<row1>	0.0000 1.0000 0.0000 0.0000	</row1>
			<row2>	0.0000 0.0000 1.0000 0.0000	</row2>
			<row3>	-0.5226 0.3384 -1.8184 1.0000	</row3>
		</transform>
	</node>
	<node>
		<identifier>	MP_CM029_Emergency_Box	</identifier>
		<parent>	Scene Root	</parent>
		<transform>
			<row0>	-1.0000 0.0000 0.0000 0.0000	</row0>
			<row1>	0.0000 1.0000 0.0000 0.0000	</row1>
			<row2>	0.0000 0.0000 -1.0000 0.0000	</row2>
			<row3>	0.1918 0.4855 -1.7648 1.0000	</row3>
		</transform>
	</node>
	<node>
		<identifier>	MP_CM029_Emergency_Box_INDEX_1	</identifier>
		<parent>	Scene Root	</parent>
		<transform>
			<row0>	-1.0000 0.0000 0.0000 0.0000	</row0>
			<row1>	0.0000 1.0000 0.0000 0.0000	</row1>
			<row2>	0.0000 0.0000 -1.0000 0.0000	</row2>
			<row3>	-0.3770 0.4849 -1.7648 1.0000	</row3>
		</transform>
	</node>
	<node>
		<identifier>	MP_CM030_Swab_Rack_2	</identifier>
		<parent>	Scene Root	</parent>
		<transform>
			<row0>	1.0000 0.0000 0.0000 0.0000	</row0>
			<row1>	0.0000 1.0000 0.0000 0.0000	</row1>
			<row2>	0.0000 0.0000 1.0000 0.0000	</row2>
			<row3>	0.1060 0.4354 -1.7712 1.0000	</row3>
		</transform>
	</node>
	<node>
		<identifier>	MP_CM030_Swab_Rack_2_INDEX_1	</identifier>
		<parent>	Scene Root	</parent>
		<transform>
			<row0>	-0.5047 0.0000 0.8633 0.0000	</row0>
			<row1>	0.0000 1.0000 0.0000 0.0000	</row1>
			<row2>	-0.8633 0.0000 -0.5047 0.0000	</row2>
			<row3>	-0.4807 0.2724 -2.8619 1.0000	</row3>
		</transform>
	</node>
	<node>
		<identifier>	MP_CM030_Swab_Rack_2_INDEX_2	</identifier>
		<parent>	Scene Root	</parent>
		<transform>
			<row0>	-0.5047 0.0000 -0.8633 0.0000	</row0>
			<row1>	0.0000 1.0000 0.0000 0.0000	</row1>
			<row2>	0.8633 0.0000 -0.5047 0.0000	</row2>
			<row3>	0.4807 0.2724 -2.8619 1.0000	</row3>
		</transform>
	</node>
	<node>
		<identifier>	MP_CM052_Fender	</identifier>
		<parent>	Scene Root	</parent>
		<transform>
			<row0>	0.0000 0.0000 -0.5000 0.0000	</row0>
			<row1>	0.0000 0.5000 0.0000 0.0000	</row1>
			<row2>	0.5000 0.0000 0.0000 0.0000	</row2>
			<row3>	0.5361 0.2700 -1.9367 1.0000	</row3>
		</transform>
	</node>
	<node>
		<identifier>	MP_CM052_Fender_INDEX_1	</identifier>
		<parent>	Scene Root	</parent>
		<transform>
			<row0>	0.0000 0.0000 0.5000 0.0000	</row0>
			<row1>	0.0000 0.5000 0.0000 0.0000	</row1>
			<row2>	-0.5000 0.0000 0.0000 0.0000	</row2>
			<row3>	-0.5361 0.2700 -1.9367 1.0000	</row3>
		</transform>
	</node>
	<node>
		<identifier>	MP_CM057_Accommodation_Ladder_Closed	</identifier>
		<parent>	Scene Root	</parent>
		<transform>
			<row0>	0.0000 0.0000 1.0000 0.0000	</row0>
			<row1>	-0.0091 1.0000 0.0000 0.0000	</row1>
			<row2>	-1.0000 -0.0091 0.0000 0.0000	</row2>
			<row3>	-0.1906 0.4516 -1.6387 1.0000	</row3>
		</transform>
	</node>
	<node>
		<identifier>	MP_CM057_Accommodation_Ladder_Closed_INDEX_1	</identifier>
		<parent>	Scene Root	</parent>
		<transform>
			<row0>	0.0000 0.0000 1.0000 0.0000	</row0>
			<row1>	-0.0091 1.0000 0.0000 0.0000	</row1>
			<row2>	-1.0000 -0.0091 0.0000 0.0000	</row2>
			<row3>	-0.1906 0.4382 -1.6387 1.0000	</row3>
		</transform>
	</node>
</BSB011_Queen_Elizabeth_1942_MidBack.skel_ext>
