<ASB304_Indiana_1945_MidFront.skel_ext>
	<exported>	true	</exported>
	<node>
		<identifier>	MP_AM019_Ventilators_1	</identifier>
		<parent>	Scene Root	</parent>
		<transform>
			<row0>	0.6000 0.0000 0.0000 0.0000	</row0>
			<row1>	0.0000 0.6000 0.0000 0.0000	</row1>
			<row2>	0.0000 0.0000 0.6000 0.0000	</row2>
			<row3>	-0.1147 0.5114 2.5657 1.0000	</row3>
		</transform>
	</node>
	<node>
		<identifier>	MP_AM020_Ventilators_2	</identifier>
		<parent>	Scene Root	</parent>
		<transform>
			<row0>	0.6000 0.0000 0.0000 0.0000	</row0>
			<row1>	0.0000 0.5980 -0.0488 0.0000	</row1>
			<row2>	0.0000 0.0488 0.5980 0.0000	</row2>
			<row3>	-0.0312 0.4890 6.0876 1.0000	</row3>
		</transform>
	</node>
	<node>
		<identifier>	MP_AM026_Break_Handwheel_1	</identifier>
		<parent>	Scene Root	</parent>
		<transform>
			<row0>	1.1183 0.0000 0.0000 0.0000	</row0>
			<row1>	0.0000 1.1183 0.0000 0.0000	</row1>
			<row2>	0.0000 0.0000 1.1183 0.0000	</row2>
			<row3>	0.2475 0.3820 4.2661 1.0000	</row3>
		</transform>
	</node>
	<node>
		<identifier>	MP_AM026_Break_Handwheel_1_INDEX_1	</identifier>
		<parent>	Scene Root	</parent>
		<transform>
			<row0>	1.1183 0.0000 0.0000 0.0000	</row0>
			<row1>	0.0000 1.1183 0.0000 0.0000	</row1>
			<row2>	0.0000 0.0000 1.1183 0.0000	</row2>
			<row3>	-0.2475 0.3820 4.2661 1.0000	</row3>
		</transform>
	</node>
	<node>
		<identifier>	MP_AM049_Signal_Lamp_1	</identifier>
		<parent>	Scene Root	</parent>
		<transform>
			<row0>	1.0000 0.0000 0.0000 0.0000	</row0>
			<row1>	0.0000 1.0000 0.0000 0.0000	</row1>
			<row2>	0.0000 0.0000 1.0000 0.0000	</row2>
			<row3>	0.0000 0.8788 6.8939 1.0000	</row3>
		</transform>
	</node>
	<node>
		<identifier>	MP_AM077_Paravane	</identifier>
		<parent>	Scene Root	</parent>
		<transform>
			<row0>	-0.5736 0.0000 -0.8192 0.0000	</row0>
			<row1>	0.0000 1.0000 0.0000 0.0000	</row1>
			<row2>	0.8192 0.0000 -0.5736 0.0000	</row2>
			<row3>	0.4215 0.3864 3.8932 1.0000	</row3>
		</transform>
	</node>
	<node>
		<identifier>	MP_AM077_Paravane_INDEX_1	</identifier>
		<parent>	Scene Root	</parent>
		<transform>
			<row0>	-0.5736 0.0000 0.8192 0.0000	</row0>
			<row1>	0.0000 1.0000 0.0000 0.0000	</row1>
			<row2>	-0.8192 0.0000 -0.5736 0.0000	</row2>
			<row3>	-0.4218 0.3864 3.8928 1.0000	</row3>
		</transform>
	</node>
	<node>
		<identifier>	MP_AM077_Paravane_INDEX_2	</identifier>
		<parent>	Scene Root	</parent>
		<transform>
			<row0>	-0.0236 0.9997 -0.0115 0.0000	</row0>
			<row1>	-0.8658 -0.0262 -0.4997 0.0000	</row1>
			<row2>	-0.4998 -0.0019 0.8661 0.0000	</row2>
			<row3>	0.3607 0.4162 2.3147 1.0000	</row3>
		</transform>
	</node>
	<node>
		<identifier>	MP_AM077_Paravane_INDEX_3	</identifier>
		<parent>	Scene Root	</parent>
		<transform>
			<row0>	-0.0004 -1.0000 -0.0072 0.0000	</row0>
			<row1>	0.8660 0.0032 -0.5000 0.0000	</row1>
			<row2>	0.5000 -0.0064 0.8660 0.0000	</row2>
			<row3>	-0.3597 0.4147 2.3163 1.0000	</row3>
		</transform>
	</node>
	<node>
		<identifier>	MP_AM108_Reels_4	</identifier>
		<parent>	Scene Root	</parent>
		<transform>
			<row0>	-0.5174 0.0000 -0.8557 0.0000	</row0>
			<row1>	0.0000 1.0000 0.0000 0.0000	</row1>
			<row2>	0.8557 0.0000 -0.5174 0.0000	</row2>
			<row3>	-0.8310 0.3458 1.5834 1.0000	</row3>
		</transform>
	</node>
	<node>
		<identifier>	MP_AM161_Anchor_top	</identifier>
		<parent>	Scene Root	</parent>
		<transform>
			<row0>	-0.8902 0.1992 0.4098 0.0000	</row0>
			<row1>	-0.2644 0.5560 -0.8447 0.0000	</row1>
			<row2>	-0.3789 -0.8230 -0.4231 0.0000	</row2>
			<row3>	0.2662 0.3703 6.3876 1.0000	</row3>
		</transform>
	</node>
	<node>
		<identifier>	MP_AM161_Anchor_top_INDEX_1	</identifier>
		<parent>	Scene Root	</parent>
		<transform>
			<row0>	-0.8902 -0.1992 -0.4098 0.0000	</row0>
			<row1>	0.2644 0.5560 -0.8447 0.0000	</row1>
			<row2>	0.3789 -0.8230 -0.4231 0.0000	</row2>
			<row3>	-0.2662 0.3703 6.3876 1.0000	</row3>
		</transform>
	</node>
	<node>
		<identifier>	MP_AM162_Anchor_down	</identifier>
		<parent>	Scene Root	</parent>
		<transform>
			<row0>	-0.8952 -0.4739 0.1200 0.0000	</row0>
			<row1>	-0.2993 0.3333 -0.9164 0.0000	</row1>
			<row2>	0.3865 -0.8395 -0.4316 0.0000	</row2>
			<row3>	-0.2623 0.3782 6.3754 1.0000	</row3>
		</transform>
	</node>
	<node>
		<identifier>	MP_AM162_Anchor_down_INDEX_1	</identifier>
		<parent>	Scene Root	</parent>
		<transform>
			<row0>	-0.8952 0.4739 -0.1200 0.0000	</row0>
			<row1>	0.2993 0.3333 -0.9164 0.0000	</row1>
			<row2>	-0.3865 -0.8395 -0.4316 0.0000	</row2>
			<row3>	0.2624 0.3783 6.3755 1.0000	</row3>
		</transform>
	</node>
	<node>
		<identifier>	MP_AM548_Break_Handwheel	</identifier>
		<parent>	Scene Root	</parent>
		<transform>
			<row0>	1.1183 0.0000 0.0000 0.0000	</row0>
			<row1>	0.0000 1.1183 0.0000 0.0000	</row1>
			<row2>	0.0000 0.0000 1.1183 0.0000	</row2>
			<row3>	0.1253 0.3812 4.2591 1.0000	</row3>
		</transform>
	</node>
	<node>
		<identifier>	MP_AM548_Break_Handwheel_INDEX_1	</identifier>
		<parent>	Scene Root	</parent>
		<transform>
			<row0>	1.1183 0.0000 0.0000 0.0000	</row0>
			<row1>	0.0000 1.1183 0.0000 0.0000	</row1>
			<row2>	0.0000 0.0000 1.1183 0.0000	</row2>
			<row3>	-0.1253 0.3814 4.2589 1.0000	</row3>
		</transform>
	</node>
	<node>
		<identifier>	MP_AM549_Life_Buoy	</identifier>
		<parent>	Scene Root	</parent>
		<transform>
			<row0>	0.9877 0.0000 0.1563 0.0000	</row0>
			<row1>	0.0000 1.0000 0.0000 0.0000	</row1>
			<row2>	-0.1563 0.0000 0.9877 0.0000	</row2>
			<row3>	0.6776 0.4098 3.8081 1.0000	</row3>
		</transform>
	</node>
	<node>
		<identifier>	MP_AM549_Life_Buoy_INDEX_1	</identifier>
		<parent>	Scene Root	</parent>
		<transform>
			<row0>	0.9937 0.0000 0.1121 0.0000	</row0>
			<row1>	0.0000 1.0000 0.0000 0.0000	</row1>
			<row2>	-0.1121 0.0000 0.9937 0.0000	</row2>
			<row3>	0.4629 0.4797 5.3349 1.0000	</row3>
		</transform>
	</node>
	<node>
		<identifier>	MP_AM549_Life_Buoy_INDEX_2	</identifier>
		<parent>	Scene Root	</parent>
		<transform>
			<row0>	0.9888 0.0000 0.1492 0.0000	</row0>
			<row1>	0.0000 1.0000 0.0000 0.0000	</row1>
			<row2>	-0.1492 0.0000 0.9888 0.0000	</row2>
			<row3>	0.3939 0.5125 5.8562 1.0000	</row3>
		</transform>
	</node>
	<node>
		<identifier>	MP_AM549_Life_Buoy_INDEX_3	</identifier>
		<parent>	Scene Root	</parent>
		<transform>
			<row0>	-0.9887 0.0000 0.1500 0.0000	</row0>
			<row1>	0.0000 1.0000 0.0000 0.0000	</row1>
			<row2>	-0.1500 0.0000 -0.9887 0.0000	</row2>
			<row3>	-0.4142 0.5079 5.7200 1.0000	</row3>
		</transform>
	</node>
	<node>
		<identifier>	MP_AM549_Life_Buoy_INDEX_4	</identifier>
		<parent>	Scene Root	</parent>
		<transform>
			<row0>	0.9937 0.0000 -0.1121 0.0000	</row0>
			<row1>	0.0000 1.0000 0.0000 0.0000	</row1>
			<row2>	0.1121 0.0000 0.9937 0.0000	</row2>
			<row3>	-0.4699 0.4797 5.3354 1.0000	</row3>
		</transform>
	</node>
	<node>
		<identifier>	MP_AM549_Life_Buoy_INDEX_5	</identifier>
		<parent>	Scene Root	</parent>
		<transform>
			<row0>	-0.9905 0.0000 0.1373 0.0000	</row0>
			<row1>	0.0000 1.0000 0.0000 0.0000	</row1>
			<row2>	-0.1373 0.0000 -0.9905 0.0000	</row2>
			<row3>	-0.6777 0.4098 3.8081 1.0000	</row3>
		</transform>
	</node>
	<node>
		<identifier>	MP_AM720_Helmets_Rack	</identifier>
		<parent>	Scene Root	</parent>
		<transform>
			<row0>	0.4990 0.0000 -0.8666 0.0000	</row0>
			<row1>	0.0000 1.0000 0.0000 0.0000	</row1>
			<row2>	0.8666 0.0000 0.4990 0.0000	</row2>
			<row3>	0.5561 0.3836 1.9312 1.0000	</row3>
		</transform>
	</node>
	<node>
		<identifier>	MP_AM720_Helmets_Rack_INDEX_1	</identifier>
		<parent>	Scene Root	</parent>
		<transform>
			<row0>	1.0000 0.0000 0.0000 0.0000	</row0>
			<row1>	0.0000 1.0000 0.0000 0.0000	</row1>
			<row2>	0.0000 0.0000 1.0000 0.0000	</row2>
			<row3>	0.4120 0.4151 4.6137 1.0000	</row3>
		</transform>
	</node>
	<node>
		<identifier>	MP_AM720_Helmets_Rack_INDEX_2	</identifier>
		<parent>	Scene Root	</parent>
		<transform>
			<row0>	0.4967 0.0000 0.8679 0.0000	</row0>
			<row1>	0.0000 1.0000 0.0000 0.0000	</row1>
			<row2>	-0.8679 0.0000 0.4967 0.0000	</row2>
			<row3>	-0.5566 0.3836 1.9296 1.0000	</row3>
		</transform>
	</node>
	<node>
		<identifier>	MP_AM720_Helmets_Rack_INDEX_3	</identifier>
		<parent>	Scene Root	</parent>
		<transform>
			<row0>	1.0000 0.0000 0.0000 0.0000	</row0>
			<row1>	0.0000 1.0000 0.0000 0.0000	</row1>
			<row2>	0.0000 0.0000 1.0000 0.0000	</row2>
			<row3>	-0.4120 0.4151 4.6137 1.0000	</row3>
		</transform>
	</node>
	<node>
		<identifier>	MP_AM721_Talker_Helmets_Rack	</identifier>
		<parent>	Scene Root	</parent>
		<transform>
			<row0>	-0.3242 0.0000 -0.9460 0.0000	</row0>
			<row1>	0.0000 1.0000 0.0000 0.0000	</row1>
			<row2>	0.9460 0.0000 -0.3242 0.0000	</row2>
			<row3>	-0.2770 0.5534 6.4598 1.0000	</row3>
		</transform>
	</node>
	<node>
		<identifier>	MP_AM721_Talker_Helmets_Rack_INDEX_1	</identifier>
		<parent>	Scene Root	</parent>
		<transform>
			<row0>	-0.3242 0.0000 0.9460 0.0000	</row0>
			<row1>	0.0000 1.0000 0.0000 0.0000	</row1>
			<row2>	-0.9460 0.0000 -0.3242 0.0000	</row2>
			<row3>	0.2770 0.5534 6.4598 1.0000	</row3>
		</transform>
	</node>
	<node>
		<identifier>	MP_AM724_Ammobox_big	</identifier>
		<parent>	Scene Root	</parent>
		<transform>
			<row0>	0.5108 0.0000 -0.8597 0.0000	</row0>
			<row1>	0.0000 1.0000 0.0000 0.0000	</row1>
			<row2>	0.8597 0.0000 0.5108 0.0000	</row2>
			<row3>	0.7153 0.3447 2.1541 1.0000	</row3>
		</transform>
	</node>
	<node>
		<identifier>	MP_AM724_Ammobox_big_INDEX_1	</identifier>
		<parent>	Scene Root	</parent>
		<transform>
			<row0>	0.5108 0.0000 0.8597 0.0000	</row0>
			<row1>	0.0000 1.0000 0.0000 0.0000	</row1>
			<row2>	-0.8597 0.0000 0.5108 0.0000	</row2>
			<row3>	-0.7153 0.3444 2.1541 1.0000	</row3>
		</transform>
	</node>
	<node>
		<identifier>	MP_AM724_Ammobox_big_INDEX_10	</identifier>
		<parent>	Scene Root	</parent>
		<transform>
			<row0>	0.5108 0.0000 -0.8597 0.0000	</row0>
			<row1>	0.0000 1.0000 0.0000 0.0000	</row1>
			<row2>	0.8597 0.0000 0.5108 0.0000	</row2>
			<row3>	0.5125 0.3443 2.1260 1.0000	</row3>
		</transform>
	</node>
	<node>
		<identifier>	MP_AM724_Ammobox_big_INDEX_11	</identifier>
		<parent>	Scene Root	</parent>
		<transform>
			<row0>	0.5108 0.0000 0.8597 0.0000	</row0>
			<row1>	0.0000 1.0000 0.0000 0.0000	</row1>
			<row2>	-0.8597 0.0000 0.5108 0.0000	</row2>
			<row3>	-0.5125 0.3438 2.1260 1.0000	</row3>
		</transform>
	</node>
	<node>
		<identifier>	MP_AM724_Ammobox_big_INDEX_12	</identifier>
		<parent>	Scene Root	</parent>
		<transform>
			<row0>	0.0000 -0.0625 -0.9980 0.0000	</row0>
			<row1>	0.0000 0.9980 -0.0625 0.0000	</row1>
			<row2>	1.0000 0.0000 0.0000 0.0000	</row2>
			<row3>	-0.0729 0.4766 5.8930 1.0000	</row3>
		</transform>
	</node>
	<node>
		<identifier>	MP_AM724_Ammobox_big_INDEX_13	</identifier>
		<parent>	Scene Root	</parent>
		<transform>
			<row0>	0.0000 -0.0625 -0.9980 0.0000	</row0>
			<row1>	0.0000 0.9980 -0.0625 0.0000	</row1>
			<row2>	1.0000 0.0000 0.0000 0.0000	</row2>
			<row3>	-0.0729 0.4686 5.7725 1.0000	</row3>
		</transform>
	</node>
	<node>
		<identifier>	MP_AM724_Ammobox_big_INDEX_14	</identifier>
		<parent>	Scene Root	</parent>
		<transform>
			<row0>	0.0000 0.0625 0.9980 0.0000	</row0>
			<row1>	0.0000 0.9980 -0.0625 0.0000	</row1>
			<row2>	-1.0000 0.0000 0.0000 0.0000	</row2>
			<row3>	-0.0270 0.4686 5.7725 1.0000	</row3>
		</transform>
	</node>
	<node>
		<identifier>	MP_AM724_Ammobox_big_INDEX_15	</identifier>
		<parent>	Scene Root	</parent>
		<transform>
			<row0>	0.0000 0.0625 0.9980 0.0000	</row0>
			<row1>	0.0000 0.9980 -0.0625 0.0000	</row1>
			<row2>	-1.0000 0.0000 0.0000 0.0000	</row2>
			<row3>	-0.0270 0.4766 5.8930 1.0000	</row3>
		</transform>
	</node>
	<node>
		<identifier>	MP_AM724_Ammobox_big_INDEX_2	</identifier>
		<parent>	Scene Root	</parent>
		<transform>
			<row0>	0.0000 -0.0625 -0.9980 0.0000	</row0>
			<row1>	0.0000 0.9980 -0.0625 0.0000	</row1>
			<row2>	1.0000 0.0000 0.0000 0.0000	</row2>
			<row3>	0.3785 0.4418 5.3322 1.0000	</row3>
		</transform>
	</node>
	<node>
		<identifier>	MP_AM724_Ammobox_big_INDEX_3	</identifier>
		<parent>	Scene Root	</parent>
		<transform>
			<row0>	1.0000 0.0000 0.0000 0.0000	</row0>
			<row1>	0.0000 1.0000 0.0000 0.0000	</row1>
			<row2>	0.0000 0.0000 1.0000 0.0000	</row2>
			<row3>	0.3798 0.4250 5.0626 1.0000	</row3>
		</transform>
	</node>
	<node>
		<identifier>	MP_AM724_Ammobox_big_INDEX_4	</identifier>
		<parent>	Scene Root	</parent>
		<transform>
			<row0>	1.0000 0.0000 0.0000 0.0000	</row0>
			<row1>	0.0000 1.0000 0.0000 0.0000	</row1>
			<row2>	0.0000 0.0000 1.0000 0.0000	</row2>
			<row3>	0.4121 0.4108 4.8402 1.0000	</row3>
		</transform>
	</node>
	<node>
		<identifier>	MP_AM724_Ammobox_big_INDEX_5	</identifier>
		<parent>	Scene Root	</parent>
		<transform>
			<row0>	1.0000 0.0000 0.0000 0.0000	</row0>
			<row1>	0.0000 1.0000 0.0000 0.0000	</row1>
			<row2>	0.0000 0.0000 1.0000 0.0000	</row2>
			<row3>	-0.4121 0.4108 4.8402 1.0000	</row3>
		</transform>
	</node>
	<node>
		<identifier>	MP_AM724_Ammobox_big_INDEX_6	</identifier>
		<parent>	Scene Root	</parent>
		<transform>
			<row0>	1.0000 0.0000 0.0000 0.0000	</row0>
			<row1>	0.0000 1.0000 0.0000 0.0000	</row1>
			<row2>	0.0000 0.0000 1.0000 0.0000	</row2>
			<row3>	-0.3798 0.4250 5.0626 1.0000	</row3>
		</transform>
	</node>
	<node>
		<identifier>	MP_AM724_Ammobox_big_INDEX_7	</identifier>
		<parent>	Scene Root	</parent>
		<transform>
			<row0>	0.0000 0.0625 0.9980 0.0000	</row0>
			<row1>	0.0000 0.9980 -0.0625 0.0000	</row1>
			<row2>	-1.0000 0.0000 0.0000 0.0000	</row2>
			<row3>	-0.3785 0.4418 5.3322 1.0000	</row3>
		</transform>
	</node>
	<node>
		<identifier>	MP_AM724_Ammobox_big_INDEX_8	</identifier>
		<parent>	Scene Root	</parent>
		<transform>
			<row0>	0.3269 -0.0566 -0.9434 0.0000	</row0>
			<row1>	0.0000 0.9982 -0.0599 0.0000	</row1>
			<row2>	0.9451 0.0196 0.3263 0.0000	</row2>
			<row3>	0.2285 0.5195 6.5275 1.0000	</row3>
		</transform>
	</node>
	<node>
		<identifier>	MP_AM724_Ammobox_big_INDEX_9	</identifier>
		<parent>	Scene Root	</parent>
		<transform>
			<row0>	0.3269 0.0566 0.9434 0.0000	</row0>
			<row1>	0.0000 0.9982 -0.0599 0.0000	</row1>
			<row2>	-0.9451 0.0196 0.3263 0.0000	</row2>
			<row3>	-0.2285 0.5195 6.5276 1.0000	</row3>
		</transform>
	</node>
	<node>
		<identifier>	MP_CM011_Fire_Fighting_Gear	</identifier>
		<parent>	Scene Root	</parent>
		<transform>
			<row0>	-0.5372 0.0000 -0.8435 0.0000	</row0>
			<row1>	0.0000 1.0000 0.0000 0.0000	</row1>
			<row2>	0.8435 0.0000 -0.5372 0.0000	</row2>
			<row3>	-0.8680 0.3461 1.4083 1.0000	</row3>
		</transform>
	</node>
	<node>
		<identifier>	MP_CM011_Fire_Fighting_Gear_INDEX_1	</identifier>
		<parent>	Scene Root	</parent>
		<transform>
			<row0>	-0.5000 0.0000 0.8660 0.0000	</row0>
			<row1>	0.0000 1.0000 0.0000 0.0000	</row1>
			<row2>	-0.8660 0.0000 -0.5000 0.0000	</row2>
			<row3>	0.8757 0.3456 1.3935 1.0000	</row3>
		</transform>
	</node>
	<node>
		<identifier>	MP_CM011_Fire_Fighting_Gear_INDEX_2	</identifier>
		<parent>	Scene Root	</parent>
		<transform>
			<row0>	0.0000 0.0000 1.0000 0.0000	</row0>
			<row1>	0.0000 1.0000 0.0000 0.0000	</row1>
			<row2>	-1.0000 0.0000 0.0000 0.0000	</row2>
			<row3>	0.0293 0.3454 2.6998 1.0000	</row3>
		</transform>
	</node>
	<node>
		<identifier>	MP_CM011_Fire_Fighting_Gear_INDEX_3	</identifier>
		<parent>	Scene Root	</parent>
		<transform>
			<row0>	1.0000 0.0000 0.0000 0.0000	</row0>
			<row1>	0.0000 1.0000 0.0000 0.0000	</row1>
			<row2>	0.0000 0.0000 1.0000 0.0000	</row2>
			<row3>	-0.0888 0.4841 5.9884 1.0000	</row3>
		</transform>
	</node>
	<node>
		<identifier>	MP_CM011_Fire_Fighting_Gear_INDEX_4	</identifier>
		<parent>	Scene Root	</parent>
		<transform>
			<row0>	-1.0000 0.0000 0.0000 0.0000	</row0>
			<row1>	0.0000 1.0000 0.0000 0.0000	</row1>
			<row2>	0.0000 0.0000 -1.0000 0.0000	</row2>
			<row3>	0.3564 0.3820 4.2104 1.0000	</row3>
		</transform>
	</node>
	<node>
		<identifier>	MP_CM011_Fire_Fighting_Gear_INDEX_5	</identifier>
		<parent>	Scene Root	</parent>
		<transform>
			<row0>	-1.0000 0.0000 0.0000 0.0000	</row0>
			<row1>	0.0000 1.0000 0.0000 0.0000	</row1>
			<row2>	0.0000 0.0000 -1.0000 0.0000	</row2>
			<row3>	-0.3564 0.3820 4.2104 1.0000	</row3>
		</transform>
	</node>
	<node>
		<identifier>	MP_CM012_Fire_Hose_Rack_1	</identifier>
		<parent>	Scene Root	</parent>
		<transform>
			<row0>	0.0000 0.0000 -1.0000 0.0000	</row0>
			<row1>	0.0000 1.0000 0.0000 0.0000	</row1>
			<row2>	1.0000 0.0000 0.0000 0.0000	</row2>
			<row3>	-0.0647 0.4291 2.6914 1.0000	</row3>
		</transform>
	</node>
	<node>
		<identifier>	MP_CM029_Emergency_Box	</identifier>
		<parent>	Scene Root	</parent>
		<transform>
			<row0>	0.5044 0.0000 -0.8635 0.0000	</row0>
			<row1>	0.0000 1.0000 0.0000 0.0000	</row1>
			<row2>	0.8635 0.0000 0.5044 0.0000	</row2>
			<row3>	0.6743 0.3818 2.2514 1.0000	</row3>
		</transform>
	</node>
	<node>
		<identifier>	MP_CM029_Emergency_Box_INDEX_1	</identifier>
		<parent>	Scene Root	</parent>
		<transform>
			<row0>	0.5044 0.0000 0.8635 0.0000	</row0>
			<row1>	0.0000 1.0000 0.0000 0.0000	</row1>
			<row2>	-0.8635 0.0000 0.5044 0.0000	</row2>
			<row3>	-0.6743 0.3818 2.2514 1.0000	</row3>
		</transform>
	</node>
	<node>
		<identifier>	MP_CM029_Emergency_Box_INDEX_2	</identifier>
		<parent>	Scene Root	</parent>
		<transform>
			<row0>	1.0000 0.0000 0.0000 0.0000	</row0>
			<row1>	0.0000 1.0000 0.0000 0.0000	</row1>
			<row2>	0.0000 0.0000 1.0000 0.0000	</row2>
			<row3>	0.3742 0.4646 5.2518 1.0000	</row3>
		</transform>
	</node>
	<node>
		<identifier>	MP_CM029_Emergency_Box_INDEX_3	</identifier>
		<parent>	Scene Root	</parent>
		<transform>
			<row0>	1.0000 0.0000 0.0000 0.0000	</row0>
			<row1>	0.0000 1.0000 0.0000 0.0000	</row1>
			<row2>	0.0000 0.0000 1.0000 0.0000	</row2>
			<row3>	-0.3742 0.4646 5.2518 1.0000	</row3>
		</transform>
	</node>
	<node>
		<identifier>	MP_CM029_Emergency_Box_INDEX_4	</identifier>
		<parent>	Scene Root	</parent>
		<transform>
			<row0>	0.3275 0.0000 -0.9449 0.0000	</row0>
			<row1>	0.0000 1.0000 0.0000 0.0000	</row1>
			<row2>	0.9449 0.0000 0.3275 0.0000	</row2>
			<row3>	0.2187 0.5666 6.6078 1.0000	</row3>
		</transform>
	</node>
	<node>
		<identifier>	MP_CM029_Emergency_Box_INDEX_5	</identifier>
		<parent>	Scene Root	</parent>
		<transform>
			<row0>	0.3275 0.0000 0.9449 0.0000	</row0>
			<row1>	0.0000 1.0000 0.0000 0.0000	</row1>
			<row2>	-0.9449 0.0000 0.3275 0.0000	</row2>
			<row3>	-0.2187 0.5666 6.6078 1.0000	</row3>
		</transform>
	</node>
</ASB304_Indiana_1945_MidFront.skel_ext>
