<ASB304_Indiana_1945_MidBack.visual>
	<skeleton>
		<node>
			<identifier>	Scene Root	</identifier>
			<transform>
				<row0>	1.0000 0.0000 0.0000 0.0000	</row0>
				<row1>	0.0000 1.0000 0.0000 0.0000	</row1>
				<row2>	0.0000 0.0000 1.0000 0.0000	</row2>
				<row3>	0.0000 0.0000 0.0000 1.0000	</row3>
			</transform>
			<node>
				<identifier>	MidBack	</identifier>
				<transform>
					<row0>	1.0000 0.0000 0.0000 0.0000	</row0>
					<row1>	0.0000 1.0000 0.0000 0.0000	</row1>
					<row2>	0.0000 0.0000 1.0000 0.0000	</row2>
					<row3>	0.0000 0.0000 0.0000 1.0000	</row3>
				</transform>
				<node>
					<identifier>	HP_AC_1	</identifier>
					<transform>
						<row0>	0.6428 0.0000 0.7660 0.0000	</row0>
						<row1>	0.0000 1.0000 0.0000 0.0000	</row1>
						<row2>	-0.7660 0.0000 0.6428 0.0000	</row2>
						<row3>	-0.5841 0.4233 -5.9154 1.0000	</row3>
					</transform>
				</node>
				<node>
					<identifier>	HP_AC_2	</identifier>
					<transform>
						<row0>	0.6428 0.0000 -0.7660 0.0000	</row0>
						<row1>	0.0000 1.0000 0.0000 0.0000	</row1>
						<row2>	0.7660 0.0000 0.6428 0.0000	</row2>
						<row3>	0.5841 0.4233 -5.9154 1.0000	</row3>
					</transform>
				</node>
				<node>
					<identifier>	HP_AD_1	</identifier>
					<transform>
						<row0>	0.5000 0.0000 0.8660 0.0000	</row0>
						<row1>	0.0000 1.0000 0.0000 0.0000	</row1>
						<row2>	-0.8660 0.0000 0.5000 0.0000	</row2>
						<row3>	-0.4591 0.8119 0.8463 1.0000	</row3>
					</transform>
				</node>
				<node>
					<identifier>	HP_AD_10	</identifier>
					<transform>
						<row0>	1.0000 0.0000 0.0000 0.0000	</row0>
						<row1>	0.0000 1.0000 0.0000 0.0000	</row1>
						<row2>	0.0000 0.0000 1.0000 0.0000	</row2>
						<row3>	0.3629 1.3073 -0.4294 1.0000	</row3>
					</transform>
				</node>
				<node>
					<identifier>	HP_AD_11	</identifier>
					<transform>
						<row0>	0.0000 0.0000 1.0000 0.0000	</row0>
						<row1>	0.0000 1.0000 0.0000 0.0000	</row1>
						<row2>	-1.0000 0.0000 0.0000 0.0000	</row2>
						<row3>	-0.3989 1.1147 -0.5830 1.0000	</row3>
					</transform>
				</node>
				<node>
					<identifier>	HP_AD_12	</identifier>
					<transform>
						<row0>	0.0000 0.0000 -1.0000 0.0000	</row0>
						<row1>	0.0000 1.0000 0.0000 0.0000	</row1>
						<row2>	1.0000 0.0000 0.0000 0.0000	</row2>
						<row3>	0.3989 1.1147 -0.5830 1.0000	</row3>
					</transform>
				</node>
				<node>
					<identifier>	HP_AD_13	</identifier>
					<transform>
						<row0>	-0.5441 0.0000 0.8390 0.0000	</row0>
						<row1>	0.0000 1.0000 0.0000 0.0000	</row1>
						<row2>	-0.8390 0.0000 -0.5441 0.0000	</row2>
						<row3>	-0.8812 0.3941 -1.5632 1.0000	</row3>
					</transform>
				</node>
				<node>
					<identifier>	HP_AD_14	</identifier>
					<transform>
						<row0>	-0.5441 0.0000 -0.8390 0.0000	</row0>
						<row1>	0.0000 1.0000 0.0000 0.0000	</row1>
						<row2>	0.8390 0.0000 -0.5441 0.0000	</row2>
						<row3>	0.8812 0.3941 -1.5632 1.0000	</row3>
					</transform>
				</node>
				<node>
					<identifier>	HP_AD_15	</identifier>
					<transform>
						<row0>	-1.0000 0.0000 0.0000 0.0000	</row0>
						<row1>	0.0000 1.0000 0.0000 0.0000	</row1>
						<row2>	0.0000 0.0000 -1.0000 0.0000	</row2>
						<row3>	0.0000 1.2318 -1.6714 1.0000	</row3>
					</transform>
				</node>
				<node>
					<identifier>	HP_AD_16	</identifier>
					<transform>
						<row0>	-0.7071 0.0000 0.7071 0.0000	</row0>
						<row1>	0.0000 1.0000 0.0000 0.0000	</row1>
						<row2>	-0.7071 0.0000 -0.7071 0.0000	</row2>
						<row3>	-0.1085 0.8690 -2.0610 1.0000	</row3>
					</transform>
				</node>
				<node>
					<identifier>	HP_AD_17	</identifier>
					<transform>
						<row0>	-0.7071 0.0000 -0.7071 0.0000	</row0>
						<row1>	0.0000 1.0000 0.0000 0.0000	</row1>
						<row2>	0.7071 0.0000 -0.7071 0.0000	</row2>
						<row3>	0.1085 0.8690 -2.0610 1.0000	</row3>
					</transform>
				</node>
				<node>
					<identifier>	HP_AD_18	</identifier>
					<transform>
						<row0>	-1.0000 0.0000 0.0000 0.0000	</row0>
						<row1>	0.0000 1.0000 0.0000 0.0000	</row1>
						<row2>	0.0000 0.0000 -1.0000 0.0000	</row2>
						<row3>	0.0000 0.7398 -2.4714 1.0000	</row3>
					</transform>
				</node>
				<node>
					<identifier>	HP_AD_19	</identifier>
					<transform>
						<row0>	-1.0000 0.0000 0.0000 0.0000	</row0>
						<row1>	0.0000 1.0000 0.0000 0.0000	</row1>
						<row2>	0.0000 0.0000 -1.0000 0.0000	</row2>
						<row3>	-0.1449 0.4695 -6.5429 1.0000	</row3>
					</transform>
				</node>
				<node>
					<identifier>	HP_AD_2	</identifier>
					<transform>
						<row0>	0.5000 0.0000 -0.8660 0.0000	</row0>
						<row1>	0.0000 1.0000 0.0000 0.0000	</row1>
						<row2>	0.8660 0.0000 0.5000 0.0000	</row2>
						<row3>	0.4591 0.8119 0.8463 1.0000	</row3>
					</transform>
				</node>
				<node>
					<identifier>	HP_AD_20	</identifier>
					<transform>
						<row0>	-1.0000 0.0000 0.0000 0.0000	</row0>
						<row1>	0.0000 1.0000 0.0000 0.0000	</row1>
						<row2>	0.0000 0.0000 -1.0000 0.0000	</row2>
						<row3>	0.1449 0.4695 -6.5429 1.0000	</row3>
					</transform>
				</node>
				<node>
					<identifier>	HP_AD_3	</identifier>
					<transform>
						<row0>	1.0000 0.0000 0.0000 0.0000	</row0>
						<row1>	0.0000 1.0000 0.0000 0.0000	</row1>
						<row2>	0.0000 0.0000 1.0000 0.0000	</row2>
						<row3>	0.0000 1.3066 0.6932 1.0000	</row3>
					</transform>
				</node>
				<node>
					<identifier>	HP_AD_4	</identifier>
					<transform>
						<row0>	0.0000 0.0000 1.0000 0.0000	</row0>
						<row1>	0.0000 1.0000 0.0000 0.0000	</row1>
						<row2>	-1.0000 0.0000 0.0000 0.0000	</row2>
						<row3>	-0.2711 1.0898 0.6900 1.0000	</row3>
					</transform>
				</node>
				<node>
					<identifier>	HP_AD_5	</identifier>
					<transform>
						<row0>	0.0000 0.0000 -1.0000 0.0000	</row0>
						<row1>	0.0000 1.0000 0.0000 0.0000	</row1>
						<row2>	1.0000 0.0000 0.0000 0.0000	</row2>
						<row3>	0.2711 1.0898 0.6900 1.0000	</row3>
					</transform>
				</node>
				<node>
					<identifier>	HP_AD_6	</identifier>
					<transform>
						<row0>	1.0000 0.0000 0.0000 0.0000	</row0>
						<row1>	0.0000 1.0000 0.0000 0.0000	</row1>
						<row2>	0.0000 0.0000 1.0000 0.0000	</row2>
						<row3>	0.0000 2.3279 0.0760 1.0000	</row3>
					</transform>
				</node>
				<node>
					<identifier>	HP_AD_7	</identifier>
					<transform>
						<row0>	0.0000 0.0000 1.0000 0.0000	</row0>
						<row1>	0.0000 1.0000 0.0000 0.0000	</row1>
						<row2>	-1.0000 0.0000 0.0000 0.0000	</row2>
						<row3>	-0.3986 1.1538 -0.2787 1.0000	</row3>
					</transform>
				</node>
				<node>
					<identifier>	HP_AD_8	</identifier>
					<transform>
						<row0>	0.0000 0.0000 -1.0000 0.0000	</row0>
						<row1>	0.0000 1.0000 0.0000 0.0000	</row1>
						<row2>	1.0000 0.0000 0.0000 0.0000	</row2>
						<row3>	0.3986 1.1538 -0.2787 1.0000	</row3>
					</transform>
				</node>
				<node>
					<identifier>	HP_AD_9	</identifier>
					<transform>
						<row0>	1.0000 0.0000 0.0000 0.0000	</row0>
						<row1>	0.0000 1.0000 0.0000 0.0000	</row1>
						<row2>	0.0000 0.0000 1.0000 0.0000	</row2>
						<row3>	-0.3629 1.3073 -0.4294 1.0000	</row3>
					</transform>
				</node>
				<node>
					<identifier>	HP_AF_1	</identifier>
					<transform>
						<row0>	1.0000 0.0000 0.0000 0.0000	</row0>
						<row1>	0.0000 1.0000 0.0000 0.0000	</row1>
						<row2>	0.0000 0.0000 1.0000 0.0000	</row2>
						<row3>	0.0000 1.2409 1.1793 1.0000	</row3>
					</transform>
				</node>
				<node>
					<identifier>	HP_AF_2	</identifier>
					<transform>
						<row0>	1.0000 0.0000 0.0000 0.0000	</row0>
						<row1>	0.0000 1.0000 0.0000 0.0000	</row1>
						<row2>	0.0000 0.0000 1.0000 0.0000	</row2>
						<row3>	-0.0870 1.2409 1.1747 1.0000	</row3>
					</transform>
				</node>
				<node>
					<identifier>	HP_AF_3	</identifier>
					<transform>
						<row0>	1.0000 0.0000 0.0000 0.0000	</row0>
						<row1>	0.0000 1.0000 0.0000 0.0000	</row1>
						<row2>	0.0000 0.0000 1.0000 0.0000	</row2>
						<row3>	0.0870 1.2409 1.1747 1.0000	</row3>
					</transform>
				</node>
				<node>
					<identifier>	HP_AF_4	</identifier>
					<transform>
						<row0>	1.0000 0.0000 0.0000 0.0000	</row0>
						<row1>	0.0000 1.0000 0.0000 0.0000	</row1>
						<row2>	0.0000 0.0000 1.0000 0.0000	</row2>
						<row3>	-0.0914 1.2409 1.1172 1.0000	</row3>
					</transform>
				</node>
				<node>
					<identifier>	HP_AF_5	</identifier>
					<transform>
						<row0>	1.0000 0.0000 0.0000 0.0000	</row0>
						<row1>	0.0000 1.0000 0.0000 0.0000	</row1>
						<row2>	0.0000 0.0000 1.0000 0.0000	</row2>
						<row3>	0.0914 1.2409 1.1172 1.0000	</row3>
					</transform>
				</node>
				<node>
					<identifier>	HP_AGA_21	</identifier>
					<transform>
						<row0>	0.7071 0.0000 0.7071 0.0000	</row0>
						<row1>	0.0000 1.0000 0.0000 0.0000	</row1>
						<row2>	-0.7071 0.0000 0.7071 0.0000	</row2>
						<row3>	-0.5714 0.5037 1.0412 1.0000	</row3>
					</transform>
				</node>
				<node>
					<identifier>	HP_AGA_22	</identifier>
					<transform>
						<row0>	0.7071 0.0000 -0.7071 0.0000	</row0>
						<row1>	0.0000 1.0000 0.0000 0.0000	</row1>
						<row2>	0.7071 0.0000 0.7071 0.0000	</row2>
						<row3>	0.5714 0.5036 1.0412 1.0000	</row3>
					</transform>
				</node>
				<node>
					<identifier>	HP_AGA_23	</identifier>
					<transform>
						<row0>	0.7071 0.0000 0.7071 0.0000	</row0>
						<row1>	0.0000 1.0000 0.0000 0.0000	</row1>
						<row2>	-0.7071 0.0000 0.7071 0.0000	</row2>
						<row3>	-0.1790 1.1171 0.8726 1.0000	</row3>
					</transform>
				</node>
				<node>
					<identifier>	HP_AGA_24	</identifier>
					<transform>
						<row0>	0.7071 0.0000 -0.7071 0.0000	</row0>
						<row1>	0.0000 1.0000 0.0000 0.0000	</row1>
						<row2>	0.7071 0.0000 0.7071 0.0000	</row2>
						<row3>	0.1790 1.1171 0.8726 1.0000	</row3>
					</transform>
				</node>
				<node>
					<identifier>	HP_AGA_25	</identifier>
					<transform>
						<row0>	0.7071 0.0000 0.7071 0.0000	</row0>
						<row1>	0.0000 1.0000 0.0000 0.0000	</row1>
						<row2>	-0.7071 0.0000 0.7071 0.0000	</row2>
						<row3>	-0.7107 0.5017 0.7767 1.0000	</row3>
					</transform>
				</node>
				<node>
					<identifier>	HP_AGA_26	</identifier>
					<transform>
						<row0>	0.7071 0.0000 -0.7071 0.0000	</row0>
						<row1>	0.0000 1.0000 0.0000 0.0000	</row1>
						<row2>	0.7071 0.0000 0.7071 0.0000	</row2>
						<row3>	0.7107 0.5017 0.7767 1.0000	</row3>
					</transform>
				</node>
				<node>
					<identifier>	HP_AGA_27	</identifier>
					<transform>
						<row0>	0.0000 0.0000 1.0000 0.0000	</row0>
						<row1>	0.0000 1.0000 0.0000 0.0000	</row1>
						<row2>	-1.0000 0.0000 0.0000 0.0000	</row2>
						<row3>	-0.8146 0.5037 0.5387 1.0000	</row3>
					</transform>
				</node>
				<node>
					<identifier>	HP_AGA_28	</identifier>
					<transform>
						<row0>	0.0000 0.0000 -1.0000 0.0000	</row0>
						<row1>	0.0000 1.0000 0.0000 0.0000	</row1>
						<row2>	1.0000 0.0000 0.0000 0.0000	</row2>
						<row3>	0.8146 0.5036 0.5387 1.0000	</row3>
					</transform>
				</node>
				<node>
					<identifier>	HP_AGA_29	</identifier>
					<transform>
						<row0>	0.0000 0.0000 1.0000 0.0000	</row0>
						<row1>	0.0000 1.0000 0.0000 0.0000	</row1>
						<row2>	-1.0000 0.0000 0.0000 0.0000	</row2>
						<row3>	-0.8776 0.5037 0.3898 1.0000	</row3>
					</transform>
				</node>
				<node>
					<identifier>	HP_AGA_30	</identifier>
					<transform>
						<row0>	0.0000 0.0000 -1.0000 0.0000	</row0>
						<row1>	0.0000 1.0000 0.0000 0.0000	</row1>
						<row2>	1.0000 0.0000 0.0000 0.0000	</row2>
						<row3>	0.8776 0.5036 0.3898 1.0000	</row3>
					</transform>
				</node>
				<node>
					<identifier>	HP_AGA_31	</identifier>
					<transform>
						<row0>	0.0000 0.0000 1.0000 0.0000	</row0>
						<row1>	0.0000 1.0000 0.0000 0.0000	</row1>
						<row2>	-1.0000 0.0000 0.0000 0.0000	</row2>
						<row3>	-0.3146 1.1543 0.2733 1.0000	</row3>
					</transform>
				</node>
				<node>
					<identifier>	HP_AGA_32	</identifier>
					<transform>
						<row0>	0.0000 0.0000 -1.0000 0.0000	</row0>
						<row1>	0.0000 1.0000 0.0000 0.0000	</row1>
						<row2>	1.0000 0.0000 0.0000 0.0000	</row2>
						<row3>	0.3146 1.1543 0.2733 1.0000	</row3>
					</transform>
				</node>
				<node>
					<identifier>	HP_AGA_33	</identifier>
					<transform>
						<row0>	0.0000 0.0000 1.0000 0.0000	</row0>
						<row1>	0.0000 1.0000 0.0000 0.0000	</row1>
						<row2>	-1.0000 0.0000 0.0000 0.0000	</row2>
						<row3>	-0.4059 0.8125 -0.2624 1.0000	</row3>
					</transform>
				</node>
				<node>
					<identifier>	HP_AGA_34	</identifier>
					<transform>
						<row0>	0.0000 0.0000 -1.0000 0.0000	</row0>
						<row1>	0.0000 1.0000 0.0000 0.0000	</row1>
						<row2>	1.0000 0.0000 0.0000 0.0000	</row2>
						<row3>	0.4059 0.8125 -0.2624 1.0000	</row3>
					</transform>
				</node>
				<node>
					<identifier>	HP_AGA_35	</identifier>
					<transform>
						<row0>	0.0000 0.0000 -1.0000 0.0000	</row0>
						<row1>	0.0000 1.0000 0.0000 0.0000	</row1>
						<row2>	1.0000 0.0000 0.0000 0.0000	</row2>
						<row3>	0.2797 1.1153 -0.6860 1.0000	</row3>
					</transform>
				</node>
				<node>
					<identifier>	HP_AGA_36	</identifier>
					<transform>
						<row0>	0.0000 0.0000 1.0000 0.0000	</row0>
						<row1>	0.0000 1.0000 0.0000 0.0000	</row1>
						<row2>	-1.0000 0.0000 0.0000 0.0000	</row2>
						<row3>	-0.2841 1.1150 -0.6932 1.0000	</row3>
					</transform>
				</node>
				<node>
					<identifier>	HP_AGA_37	</identifier>
					<transform>
						<row0>	0.0000 0.0000 1.0000 0.0000	</row0>
						<row1>	0.0000 1.0000 0.0000 0.0000	</row1>
						<row2>	-1.0000 0.0000 0.0000 0.0000	</row2>
						<row3>	-0.2865 0.8615 -0.7086 1.0000	</row3>
					</transform>
				</node>
				<node>
					<identifier>	HP_AGA_38	</identifier>
					<transform>
						<row0>	0.0000 0.0000 1.0000 0.0000	</row0>
						<row1>	0.0000 1.0000 0.0000 0.0000	</row1>
						<row2>	-1.0000 0.0000 0.0000 0.0000	</row2>
						<row3>	-0.2865 0.8615 -0.8731 1.0000	</row3>
					</transform>
				</node>
				<node>
					<identifier>	HP_AGA_39	</identifier>
					<transform>
						<row0>	0.0000 0.0000 1.0000 0.0000	</row0>
						<row1>	0.0000 1.0000 0.0000 0.0000	</row1>
						<row2>	-1.0000 0.0000 0.0000 0.0000	</row2>
						<row3>	-0.2841 1.1150 -0.8740 1.0000	</row3>
					</transform>
				</node>
				<node>
					<identifier>	HP_AGA_40	</identifier>
					<transform>
						<row0>	0.0000 0.0000 1.0000 0.0000	</row0>
						<row1>	0.0000 1.0000 0.0000 0.0000	</row1>
						<row2>	-1.0000 0.0000 0.0000 0.0000	</row2>
						<row3>	-0.2865 0.8615 -1.0364 1.0000	</row3>
					</transform>
				</node>
				<node>
					<identifier>	HP_AGA_41	</identifier>
					<transform>
						<row0>	0.0000 0.0000 1.0000 0.0000	</row0>
						<row1>	0.0000 1.0000 0.0000 0.0000	</row1>
						<row2>	-1.0000 0.0000 0.0000 0.0000	</row2>
						<row3>	-0.2865 0.8615 -1.1944 1.0000	</row3>
					</transform>
				</node>
				<node>
					<identifier>	HP_AGA_42	</identifier>
					<transform>
						<row0>	0.0000 0.0000 1.0000 0.0000	</row0>
						<row1>	0.0000 1.0000 0.0000 0.0000	</row1>
						<row2>	-1.0000 0.0000 0.0000 0.0000	</row2>
						<row3>	-0.2865 0.8615 -1.3580 1.0000	</row3>
					</transform>
				</node>
				<node>
					<identifier>	HP_AGA_43	</identifier>
					<transform>
						<row0>	0.0000 0.0000 1.0000 0.0000	</row0>
						<row1>	0.0000 1.0000 0.0000 0.0000	</row1>
						<row2>	-1.0000 0.0000 0.0000 0.0000	</row2>
						<row3>	-0.2865 0.8615 -1.5265 1.0000	</row3>
					</transform>
				</node>
				<node>
					<identifier>	HP_AGA_44	</identifier>
					<transform>
						<row0>	0.0000 0.0000 1.0000 0.0000	</row0>
						<row1>	0.0000 1.0000 0.0000 0.0000	</row1>
						<row2>	-1.0000 0.0000 0.0000 0.0000	</row2>
						<row3>	-0.2865 0.8615 -1.6941 1.0000	</row3>
					</transform>
				</node>
				<node>
					<identifier>	HP_AGA_45	</identifier>
					<transform>
						<row0>	0.0000 0.0000 1.0000 0.0000	</row0>
						<row1>	0.0000 1.0000 0.0000 0.0000	</row1>
						<row2>	-1.0000 0.0000 0.0000 0.0000	</row2>
						<row3>	-0.2865 0.8615 -1.8508 1.0000	</row3>
					</transform>
				</node>
				<node>
					<identifier>	HP_AGA_46	</identifier>
					<transform>
						<row0>	-0.7071 0.0000 0.7071 0.0000	</row0>
						<row1>	0.0000 1.0000 0.0000 0.0000	</row1>
						<row2>	-0.7071 0.0000 -0.7071 0.0000	</row2>
						<row3>	-0.7712 0.3435 -2.0095 1.0000	</row3>
					</transform>
				</node>
				<node>
					<identifier>	HP_AGA_47	</identifier>
					<transform>
						<row0>	-0.6428 0.0000 -0.7660 0.0000	</row0>
						<row1>	0.0000 1.0000 0.0000 0.0000	</row1>
						<row2>	0.7660 0.0000 -0.6428 0.0000	</row2>
						<row3>	0.7712 0.3435 -2.0095 1.0000	</row3>
					</transform>
				</node>
				<node>
					<identifier>	HP_AGA_48	</identifier>
					<transform>
						<row0>	-0.6428 0.0000 0.7660 0.0000	</row0>
						<row1>	0.0000 1.0000 0.0000 0.0000	</row1>
						<row2>	-0.7660 0.0000 -0.6428 0.0000	</row2>
						<row3>	-0.2030 0.6567 -2.1952 1.0000	</row3>
					</transform>
				</node>
				<node>
					<identifier>	HP_AGA_49	</identifier>
					<transform>
						<row0>	-0.6428 0.0000 -0.7660 0.0000	</row0>
						<row1>	0.0000 1.0000 0.0000 0.0000	</row1>
						<row2>	0.7660 0.0000 -0.6428 0.0000	</row2>
						<row3>	0.2030 0.6567 -2.1952 1.0000	</row3>
					</transform>
				</node>
				<node>
					<identifier>	HP_AGA_50	</identifier>
					<transform>
						<row0>	-0.7071 0.0000 0.7071 0.0000	</row0>
						<row1>	0.0000 1.0000 0.0000 0.0000	</row1>
						<row2>	-0.7071 0.0000 -0.7071 0.0000	</row2>
						<row3>	-0.5525 0.3435 -2.3353 1.0000	</row3>
					</transform>
				</node>
				<node>
					<identifier>	HP_AGA_51	</identifier>
					<transform>
						<row0>	-0.7071 0.0000 -0.7071 0.0000	</row0>
						<row1>	0.0000 1.0000 0.0000 0.0000	</row1>
						<row2>	0.7071 0.0000 -0.7071 0.0000	</row2>
						<row3>	0.5525 0.3429 -2.3353 1.0000	</row3>
					</transform>
				</node>
				<node>
					<identifier>	HP_AGA_52	</identifier>
					<transform>
						<row0>	-0.7071 0.0000 0.7071 0.0000	</row0>
						<row1>	0.0000 1.0000 0.0000 0.0000	</row1>
						<row2>	-0.7071 0.0000 -0.7071 0.0000	</row2>
						<row3>	-0.4665 0.3442 -2.4685 1.0000	</row3>
					</transform>
				</node>
				<node>
					<identifier>	HP_AGA_53	</identifier>
					<transform>
						<row0>	-0.7071 0.0000 -0.7071 0.0000	</row0>
						<row1>	0.0000 1.0000 0.0000 0.0000	</row1>
						<row2>	0.7071 0.0000 -0.7071 0.0000	</row2>
						<row3>	0.4665 0.3438 -2.4685 1.0000	</row3>
					</transform>
				</node>
				<node>
					<identifier>	HP_AGA_54	</identifier>
					<transform>
						<row0>	-0.7071 0.0000 -0.7071 0.0000	</row0>
						<row1>	0.0000 1.0000 0.0000 0.0000	</row1>
						<row2>	0.7071 0.0000 -0.7071 0.0000	</row2>
						<row3>	0.7420 0.3516 -4.2326 1.0000	</row3>
					</transform>
				</node>
				<node>
					<identifier>	HP_AGA_55	</identifier>
					<transform>
						<row0>	-0.7071 0.0000 0.7071 0.0000	</row0>
						<row1>	0.0000 1.0000 0.0000 0.0000	</row1>
						<row2>	-0.7071 0.0000 -0.7071 0.0000	</row2>
						<row3>	-0.7420 0.3537 -4.3916 1.0000	</row3>
					</transform>
				</node>
				<node>
					<identifier>	HP_AGA_56	</identifier>
					<transform>
						<row0>	-0.7071 0.0000 -0.7071 0.0000	</row0>
						<row1>	0.0000 1.0000 0.0000 0.0000	</row1>
						<row2>	0.7071 0.0000 -0.7071 0.0000	</row2>
						<row3>	0.7420 0.3538 -4.3916 1.0000	</row3>
					</transform>
				</node>
				<node>
					<identifier>	HP_AGA_57	</identifier>
					<transform>
						<row0>	-0.7071 0.0000 0.7071 0.0000	</row0>
						<row1>	0.0000 1.0000 0.0000 0.0000	</row1>
						<row2>	-0.7071 0.0000 -0.7071 0.0000	</row2>
						<row3>	-0.7420 0.3565 -4.5550 1.0000	</row3>
					</transform>
				</node>
				<node>
					<identifier>	HP_AGA_58	</identifier>
					<transform>
						<row0>	-0.7071 0.0000 -0.7071 0.0000	</row0>
						<row1>	0.0000 1.0000 0.0000 0.0000	</row1>
						<row2>	0.7071 0.0000 -0.7071 0.0000	</row2>
						<row3>	0.7420 0.3564 -4.5550 1.0000	</row3>
					</transform>
				</node>
				<node>
					<identifier>	HP_AGA_59	</identifier>
					<transform>
						<row0>	-0.7071 0.0000 0.7071 0.0000	</row0>
						<row1>	0.0000 1.0000 0.0000 0.0000	</row1>
						<row2>	-0.7071 0.0000 -0.7071 0.0000	</row2>
						<row3>	-0.7374 0.3597 -4.7175 1.0000	</row3>
					</transform>
				</node>
				<node>
					<identifier>	HP_AGA_60	</identifier>
					<transform>
						<row0>	-0.7071 0.0000 -0.7071 0.0000	</row0>
						<row1>	0.0000 1.0000 0.0000 0.0000	</row1>
						<row2>	0.7071 0.0000 -0.7071 0.0000	</row2>
						<row3>	0.7374 0.3593 -4.7175 1.0000	</row3>
					</transform>
				</node>
				<node>
					<identifier>	HP_AGA_61	</identifier>
					<transform>
						<row0>	-1.0000 0.0000 0.0000 0.0000	</row0>
						<row1>	0.0000 1.0000 0.0000 0.0000	</row1>
						<row2>	0.0000 0.0000 -1.0000 0.0000	</row2>
						<row3>	-0.3533 0.3840 -6.7051 1.0000	</row3>
					</transform>
				</node>
				<node>
					<identifier>	HP_AGA_62	</identifier>
					<transform>
						<row0>	-1.0000 0.0000 0.0000 0.0000	</row0>
						<row1>	0.0000 1.0000 0.0000 0.0000	</row1>
						<row2>	0.0000 0.0000 -1.0000 0.0000	</row2>
						<row3>	0.3533 0.3840 -6.7051 1.0000	</row3>
					</transform>
				</node>
				<node>
					<identifier>	HP_AGM_3	</identifier>
					<transform>
						<row0>	-1.0000 0.0000 0.0000 0.0000	</row0>
						<row1>	0.0000 1.0000 0.0000 0.0000	</row1>
						<row2>	0.0000 0.0000 -1.0000 0.0000	</row2>
						<row3>	0.0000 0.4097 -3.2706 1.0000	</row3>
					</transform>
				</node>
				<node>
					<identifier>	HP_AGS_1	</identifier>
					<transform>
						<row0>	1.0000 0.0000 0.0000 0.0000	</row0>
						<row1>	0.0000 1.0000 0.0000 0.0000	</row1>
						<row2>	0.0000 0.0000 1.0000 0.0000	</row2>
						<row3>	-0.6081 0.6899 0.2205 1.0000	</row3>
					</transform>
				</node>
				<node>
					<identifier>	HP_AGS_10	</identifier>
					<transform>
						<row0>	-1.0000 0.0000 0.0000 0.0000	</row0>
						<row1>	0.0000 1.0000 0.0000 0.0000	</row1>
						<row2>	0.0000 0.0000 -1.0000 0.0000	</row2>
						<row3>	0.6099 0.6899 -1.5071 1.0000	</row3>
					</transform>
				</node>
				<node>
					<identifier>	HP_AGS_2	</identifier>
					<transform>
						<row0>	1.0000 0.0000 0.0000 0.0000	</row0>
						<row1>	0.0000 1.0000 0.0000 0.0000	</row1>
						<row2>	0.0000 0.0000 1.0000 0.0000	</row2>
						<row3>	0.6081 0.6899 0.2205 1.0000	</row3>
					</transform>
				</node>
				<node>
					<identifier>	HP_AGS_3	</identifier>
					<transform>
						<row0>	1.0000 0.0000 0.0000 0.0000	</row0>
						<row1>	0.0000 1.0000 0.0000 0.0000	</row1>
						<row2>	0.0000 0.0000 1.0000 0.0000	</row2>
						<row3>	-0.8920 0.5351 -0.2046 1.0000	</row3>
					</transform>
				</node>
				<node>
					<identifier>	HP_AGS_4	</identifier>
					<transform>
						<row0>	1.0000 0.0000 0.0000 0.0000	</row0>
						<row1>	0.0000 1.0000 0.0000 0.0000	</row1>
						<row2>	0.0000 0.0000 1.0000 0.0000	</row2>
						<row3>	0.8920 0.5351 -0.2046 1.0000	</row3>
					</transform>
				</node>
				<node>
					<identifier>	HP_AGS_5	</identifier>
					<transform>
						<row0>	1.0000 0.0000 0.0000 0.0000	</row0>
						<row1>	0.0000 1.0000 0.0000 0.0000	</row1>
						<row2>	0.0000 0.0000 1.0000 0.0000	</row2>
						<row3>	-0.6081 0.6899 -0.6450 1.0000	</row3>
					</transform>
				</node>
				<node>
					<identifier>	HP_AGS_6	</identifier>
					<transform>
						<row0>	1.0000 0.0000 0.0000 0.0000	</row0>
						<row1>	0.0000 1.0000 0.0000 0.0000	</row1>
						<row2>	0.0000 0.0000 1.0000 0.0000	</row2>
						<row3>	0.6081 0.6899 -0.6450 1.0000	</row3>
					</transform>
				</node>
				<node>
					<identifier>	HP_AGS_7	</identifier>
					<transform>
						<row0>	-1.0000 0.0000 0.0000 0.0000	</row0>
						<row1>	0.0000 1.0000 0.0000 0.0000	</row1>
						<row2>	0.0000 0.0000 -1.0000 0.0000	</row2>
						<row3>	-0.8920 0.5351 -1.0803 1.0000	</row3>
					</transform>
				</node>
				<node>
					<identifier>	HP_AGS_8	</identifier>
					<transform>
						<row0>	-1.0000 0.0000 0.0000 0.0000	</row0>
						<row1>	0.0000 1.0000 0.0000 0.0000	</row1>
						<row2>	0.0000 0.0000 -1.0000 0.0000	</row2>
						<row3>	0.8920 0.5351 -1.0803 1.0000	</row3>
					</transform>
				</node>
				<node>
					<identifier>	HP_AGS_9	</identifier>
					<transform>
						<row0>	-1.0000 0.0000 0.0000 0.0000	</row0>
						<row1>	0.0000 1.0000 0.0000 0.0000	</row1>
						<row2>	0.0000 0.0000 -1.0000 0.0000	</row2>
						<row3>	-0.6099 0.6899 -1.5071 1.0000	</row3>
					</transform>
				</node>
				<node>
					<identifier>	HP_ARF_1	</identifier>
					<transform>
						<row0>	1.0000 0.0000 0.0000 0.0000	</row0>
						<row1>	0.0000 1.0000 0.0000 0.0000	</row1>
						<row2>	0.0000 0.0000 1.0000 0.0000	</row2>
						<row3>	0.0000 1.2827 1.0956 1.0000	</row3>
					</transform>
				</node>
				<node>
					<identifier>	HP_ARF_2	</identifier>
					<transform>
						<row0>	1.0000 0.0000 0.0000 0.0000	</row0>
						<row1>	0.0000 1.0000 0.0000 0.0000	</row1>
						<row2>	0.0000 0.0000 1.0000 0.0000	</row2>
						<row3>	0.0000 2.5649 -1.0380 1.0000	</row3>
					</transform>
				</node>
				<node>
					<identifier>	HP_ARS_1	</identifier>
					<transform>
						<row0>	1.0000 0.0000 0.0000 0.0000	</row0>
						<row1>	0.0000 1.0000 0.0000 0.0000	</row1>
						<row2>	0.0000 0.0000 1.0000 0.0000	</row2>
						<row3>	0.0000 2.5151 -0.2487 1.0000	</row3>
					</transform>
				</node>
				<node>
					<identifier>	HP_ARS_2	</identifier>
					<transform>
						<row0>	1.0000 0.0000 0.0000 0.0000	</row0>
						<row1>	0.0000 1.0000 0.0000 0.0000	</row1>
						<row2>	0.0000 0.0000 1.0000 0.0000	</row2>
						<row3>	0.0000 2.9436 -0.4629 1.0000	</row3>
					</transform>
				</node>
				<node>
					<identifier>	HP_ARS_3	</identifier>
					<transform>
						<row0>	-1.0000 0.0000 0.0000 0.0000	</row0>
						<row1>	0.0000 1.0000 0.0000 0.0000	</row1>
						<row2>	0.0000 0.0000 -1.0000 0.0000	</row2>
						<row3>	0.0000 2.4356 -1.1372 1.0000	</row3>
					</transform>
				</node>
				<node>
					<identifier>	HP_Flagpole	</identifier>
					<transform>
						<row0>	0.5000 0.0000 0.0000 0.0000	</row0>
						<row1>	0.0000 0.5000 0.0000 0.0000	</row1>
						<row2>	0.0000 0.0000 0.5000 0.0000	</row2>
						<row3>	0.0000 2.5153 -0.5161 1.0000	</row3>
					</transform>
				</node>
				<node>
					<identifier>	HP_Ship_death_2	</identifier>
					<transform>
						<row0>	1.0000 0.0000 0.0000 0.0000	</row0>
						<row1>	0.0000 1.0000 0.0000 0.0000	</row1>
						<row2>	0.0000 0.0000 1.0000 0.0000	</row2>
						<row3>	0.0000 0.0000 -1.3047 1.0000	</row3>
					</transform>
				</node>
				<node>
					<identifier>	HP_flag_1	</identifier>
					<transform>
						<row0>	0.9917 -0.1279 -0.0126 0.0000	</row0>
						<row1>	0.1279 0.9726 0.1940 0.0000	</row1>
						<row2>	-0.0126 -0.1940 0.9809 0.0000	</row2>
						<row3>	0.5258 1.8948 0.1271 1.0000	</row3>
					</transform>
				</node>
				<node>
					<identifier>	HP_flag_2	</identifier>
					<transform>
						<row0>	0.9917 0.1279 0.0126 0.0000	</row0>
						<row1>	-0.1279 0.9726 0.1940 0.0000	</row1>
						<row2>	0.0126 -0.1940 0.9809 0.0000	</row2>
						<row3>	-0.5251 1.8951 0.1262 1.0000	</row3>
					</transform>
				</node>
				<node>
					<identifier>	HP_flag_3	</identifier>
					<transform>
						<row0>	0.9948 -0.1012 -0.0100 0.0000	</row0>
						<row1>	0.1012 0.9756 0.1946 0.0000	</row1>
						<row2>	-0.0100 -0.1946 0.9808 0.0000	</row2>
						<row3>	0.3977 1.8942 0.1270 1.0000	</row3>
					</transform>
				</node>
				<node>
					<identifier>	HP_flag_4	</identifier>
					<transform>
						<row0>	0.9948 0.1012 0.0100 0.0000	</row0>
						<row1>	-0.1012 0.9756 0.1946 0.0000	</row1>
						<row2>	0.0100 -0.1946 0.9808 0.0000	</row2>
						<row3>	-0.3966 1.8944 0.1272 1.0000	</row3>
					</transform>
				</node>
				<node>
					<identifier>	HP_flag_courtesy	</identifier>
					<transform>
						<row0>	0.9894 -0.1445 -0.0142 0.0000	</row0>
						<row1>	0.1445 0.9704 0.1936 0.0000	</row1>
						<row2>	-0.0142 -0.1936 0.9810 0.0000	</row2>
						<row3>	0.6173 2.0807 0.1642 1.0000	</row3>
					</transform>
				</node>
				<node>
					<identifier>	HP_flag_house	</identifier>
					<transform>
						<row0>	0.9894 0.1445 0.0142 0.0000	</row0>
						<row1>	-0.1445 0.9704 0.1936 0.0000	</row1>
						<row2>	0.0142 -0.1936 0.9810 0.0000	</row2>
						<row3>	-0.6173 2.0807 0.1642 1.0000	</row3>
					</transform>
				</node>
				<node>
					<identifier>	HP_flag_nation	</identifier>
					<transform>
						<row0>	1.0000 0.0000 0.0000 0.0000	</row0>
						<row1>	0.0000 0.9962 0.0873 0.0000	</row1>
						<row2>	0.0000 -0.0873 0.9962 0.0000	</row2>
						<row3>	-0.0003 2.3438 -1.2422 1.0000	</row3>
					</transform>
				</node>
				<node>
					<identifier>	HP_flag_rank	</identifier>
					<transform>
						<row0>	1.0000 0.0000 0.0000 0.0000	</row0>
						<row1>	0.0000 0.9962 0.0873 0.0000	</row1>
						<row2>	0.0000 -0.0873 0.9962 0.0000	</row2>
						<row3>	-0.0003 2.0226 -1.2704 1.0000	</row3>
					</transform>
				</node>
				<node>
					<identifier>	MidBack_DeckHouse	</identifier>
					<transform>
						<row0>	1.0000 0.0000 0.0000 0.0000	</row0>
						<row1>	0.0000 1.0000 0.0000 0.0000	</row1>
						<row2>	0.0000 0.0000 1.0000 0.0000	</row2>
						<row3>	0.0000 0.0000 0.0000 1.0000	</row3>
					</transform>
				</node>
				<node>
					<identifier>	MidBack_Glass	</identifier>
					<transform>
						<row0>	1.0000 0.0000 0.0000 0.0000	</row0>
						<row1>	0.0000 1.0000 0.0000 0.0000	</row1>
						<row2>	0.0000 0.0000 1.0000 0.0000	</row2>
						<row3>	0.0000 0.0000 0.0000 1.0000	</row3>
					</transform>
				</node>
				<node>
					<identifier>	MidBack_Net	</identifier>
					<transform>
						<row0>	1.0000 0.0000 0.0000 0.0000	</row0>
						<row1>	0.0000 1.0000 0.0000 0.0000	</row1>
						<row2>	0.0000 0.0000 1.0000 0.0000	</row2>
						<row3>	0.0000 0.0000 0.0000 1.0000	</row3>
					</transform>
				</node>
				<node>
					<identifier>	MidBack_Net2	</identifier>
					<transform>
						<row0>	1.0000 0.0000 0.0000 0.0000	</row0>
						<row1>	0.0000 1.0000 0.0000 0.0000	</row1>
						<row2>	0.0000 0.0000 1.0000 0.0000	</row2>
						<row3>	0.0000 0.0000 0.0000 1.0000	</row3>
					</transform>
				</node>
				<node>
					<identifier>	MidBack_crack_MidFront	</identifier>
					<transform>
						<row0>	1.0000 0.0000 0.0000 0.0000	</row0>
						<row1>	0.0000 1.0000 0.0000 0.0000	</row1>
						<row2>	0.0000 0.0000 1.0000 0.0000	</row2>
						<row3>	0.0000 0.0000 0.0000 1.0000	</row3>
					</transform>
					<node>
						<identifier>	MidBack_crack_MidFront_DeckHouse	</identifier>
						<transform>
							<row0>	1.0000 0.0000 0.0000 0.0000	</row0>
							<row1>	0.0000 1.0000 0.0000 0.0000	</row1>
							<row2>	0.0000 0.0000 1.0000 0.0000	</row2>
							<row3>	0.0000 0.0000 0.0000 1.0000	</row3>
						</transform>
					</node>
					<node>
						<identifier>	MidBack_crack_MidFront_in	</identifier>
						<transform>
							<row0>	1.0000 0.0000 0.0000 0.0000	</row0>
							<row1>	0.0000 1.0000 0.0000 0.0000	</row1>
							<row2>	0.0000 0.0000 1.0000 0.0000	</row2>
							<row3>	0.0000 0.0000 0.0000 1.0000	</row3>
						</transform>
					</node>
				</node>
				<node>
					<identifier>	MidBack_crack_Stern	</identifier>
					<transform>
						<row0>	1.0000 0.0000 0.0000 0.0000	</row0>
						<row1>	0.0000 1.0000 0.0000 0.0000	</row1>
						<row2>	0.0000 0.0000 1.0000 0.0000	</row2>
						<row3>	0.0000 0.0000 0.0000 1.0000	</row3>
					</transform>
					<node>
						<identifier>	MidBack_crack_Stern_in	</identifier>
						<transform>
							<row0>	1.0000 0.0000 0.0000 0.0000	</row0>
							<row1>	0.0000 1.0000 0.0000 0.0000	</row1>
							<row2>	0.0000 0.0000 1.0000 0.0000	</row2>
							<row3>	0.0000 0.0000 0.0000 1.0000	</row3>
						</transform>
					</node>
				</node>
				<node>
					<identifier>	MidBack_patch_Stern	</identifier>
					<transform>
						<row0>	1.0000 0.0000 0.0000 0.0000	</row0>
						<row1>	0.0000 1.0000 0.0000 0.0000	</row1>
						<row2>	0.0000 0.0000 1.0000 0.0000	</row2>
						<row3>	0.0000 0.0000 0.0000 1.0000	</row3>
					</transform>
				</node>
				<node>
					<identifier>	MidBack_wire	</identifier>
					<transform>
						<row0>	1.0000 0.0000 0.0000 0.0000	</row0>
						<row1>	0.0000 1.0000 0.0000 0.0000	</row1>
						<row2>	0.0000 0.0000 1.0000 0.0000	</row2>
						<row3>	0.0000 0.0000 0.0000 1.0000	</row3>
					</transform>
				</node>
				<node>
					<identifier>	MidBack_wire_flagfal	</identifier>
					<transform>
						<row0>	1.0000 0.0000 0.0000 0.0000	</row0>
						<row1>	0.0000 1.0000 0.0000 0.0000	</row1>
						<row2>	0.0000 0.0000 1.0000 0.0000	</row2>
						<row3>	0.0000 0.0000 0.0000 1.0000	</row3>
					</transform>
				</node>
			</node>
		</node>
	</skeleton>
	<properties>
		<underwaterModel>	false	</underwaterModel>
		<abovewaterModel>	true	</abovewaterModel>
	</properties>
	<boundingBox>
		<min>	-1.1407 -0.7765 -6.9605	</min>
		<max>	1.1086 2.9513 1.6234	</max>
	</boundingBox>
	<renderSets>
		<renderSet>
			<name>	MidBackShape	</name>
			<treatAsWorldSpaceObject>	false	</treatAsWorldSpaceObject>
			<nodes>
				<node>	MidBack	</node>
			</nodes>
			<material>
				<identifier>	TL2_SHIPMAT_PBS_Hull	</identifier>
				<mfm>	PnFMods/ModsSDK.zip/ASB719_Indiana/ship/ASB304_Indiana_1945.mfm	</mfm>
			</material>
		</renderSet>
		<renderSet>
			<name>	MidBack_DeckHouseShape	</name>
			<treatAsWorldSpaceObject>	false	</treatAsWorldSpaceObject>
			<nodes>
				<node>	MidBack_DeckHouse	</node>
			</nodes>
			<material>
				<identifier>	TL2_SHIPMAT_PBS_DeckHouse	</identifier>
				<mfm>	PnFMods/ModsSDK.zip/ASB719_Indiana/ship/ASB304_Indiana_1945_DeckHouse.mfm	</mfm>
			</material>
		</renderSet>
		<renderSet>
			<name>	MidBack_DeckHouse_lod1Shape	</name>
			<treatAsWorldSpaceObject>	false	</treatAsWorldSpaceObject>
			<nodes>
				<node>	MidBack_DeckHouse	</node>
			</nodes>
			<material>
				<identifier>	TL2_SHIPMAT_PBS_DeckHouse	</identifier>
				<mfm>	PnFMods/ModsSDK.zip/ASB719_Indiana/ship/ASB304_Indiana_1945_DeckHouse.mfm	</mfm>
			</material>
		</renderSet>
		<renderSet>
			<name>	MidBack_DeckHouse_lod2Shape	</name>
			<treatAsWorldSpaceObject>	false	</treatAsWorldSpaceObject>
			<nodes>
				<node>	MidBack_DeckHouse	</node>
			</nodes>
			<material>
				<identifier>	TL2_SHIPMAT_PBS_DeckHouse	</identifier>
				<mfm>	PnFMods/ModsSDK.zip/ASB719_Indiana/ship/ASB304_Indiana_1945_DeckHouse.mfm	</mfm>
			</material>
		</renderSet>
		<renderSet>
			<name>	MidBack_DeckHouse_lod3Shape	</name>
			<treatAsWorldSpaceObject>	false	</treatAsWorldSpaceObject>
			<nodes>
				<node>	MidBack_DeckHouse	</node>
			</nodes>
			<material>
				<identifier>	TL2_SHIPMAT_PBS_DeckHouse	</identifier>
				<mfm>	PnFMods/ModsSDK.zip/ASB719_Indiana/ship/ASB304_Indiana_1945_DeckHouse.mfm	</mfm>
			</material>
		</renderSet>
		<renderSet>
			<name>	MidBack_GlassShape	</name>
			<treatAsWorldSpaceObject>	false	</treatAsWorldSpaceObject>
			<nodes>
				<node>	MidBack_Glass	</node>
			</nodes>
			<material>
				<identifier>	SHIPGLASS_PBS_Hull	</identifier>
				<mfm>	PnFMods/ModsSDK.zip/ASB719_Indiana/ship/transparent_glass_alpha.mfm	</mfm>
			</material>
		</renderSet>
		<renderSet>
			<name>	MidBack_Glass_lod1Shape	</name>
			<treatAsWorldSpaceObject>	false	</treatAsWorldSpaceObject>
			<nodes>
				<node>	MidBack_Glass	</node>
			</nodes>
			<material>
				<identifier>	SHIPGLASS_PBS_Hull	</identifier>
				<mfm>	PnFMods/ModsSDK.zip/ASB719_Indiana/ship/transparent_glass_alpha.mfm	</mfm>
			</material>
		</renderSet>
		<renderSet>
			<name>	MidBack_Glass_lod2Shape	</name>
			<treatAsWorldSpaceObject>	false	</treatAsWorldSpaceObject>
			<nodes>
				<node>	MidBack_Glass	</node>
			</nodes>
			<material>
				<identifier>	SHIPGLASS_PBS_Hull	</identifier>
				<mfm>	PnFMods/ModsSDK.zip/ASB719_Indiana/ship/transparent_glass_alpha.mfm	</mfm>
			</material>
		</renderSet>
		<renderSet>
			<name>	MidBack_Net2Shape	</name>
			<treatAsWorldSpaceObject>	false	</treatAsWorldSpaceObject>
			<nodes>
				<node>	MidBack_Net2	</node>
			</nodes>
			<material>
				<identifier>	GRID_Misc	</identifier>
				<mfm>	PnFMods/ModsSDK.zip/ASB719_Indiana/ship/C006_Grid_3_alpha.mfm	</mfm>
			</material>
		</renderSet>
		<renderSet>
			<name>	MidBack_Net2_lod1Shape	</name>
			<treatAsWorldSpaceObject>	false	</treatAsWorldSpaceObject>
			<nodes>
				<node>	MidBack_Net2	</node>
			</nodes>
			<material>
				<identifier>	GRID_Misc	</identifier>
				<mfm>	PnFMods/ModsSDK.zip/ASB719_Indiana/ship/C006_Grid_3_alpha.mfm	</mfm>
			</material>
		</renderSet>
		<renderSet>
			<name>	MidBack_Net2_lod2Shape	</name>
			<treatAsWorldSpaceObject>	false	</treatAsWorldSpaceObject>
			<nodes>
				<node>	MidBack_Net2	</node>
			</nodes>
			<material>
				<identifier>	GRID_Misc	</identifier>
				<mfm>	PnFMods/ModsSDK.zip/ASB719_Indiana/ship/C006_Grid_3_alpha.mfm	</mfm>
			</material>
		</renderSet>
		<renderSet>
			<name>	MidBack_NetShape	</name>
			<treatAsWorldSpaceObject>	false	</treatAsWorldSpaceObject>
			<nodes>
				<node>	MidBack_Net	</node>
			</nodes>
			<material>
				<identifier>	GRID_Misc1	</identifier>
				<mfm>	PnFMods/ModsSDK.zip/ASB719_Indiana/ship/C005_Grid_2_alpha.mfm	</mfm>
			</material>
		</renderSet>
		<renderSet>
			<name>	MidBack_Net_lod1Shape	</name>
			<treatAsWorldSpaceObject>	false	</treatAsWorldSpaceObject>
			<nodes>
				<node>	MidBack_Net	</node>
			</nodes>
			<material>
				<identifier>	GRID_Misc1	</identifier>
				<mfm>	PnFMods/ModsSDK.zip/ASB719_Indiana/ship/C005_Grid_2_alpha.mfm	</mfm>
			</material>
		</renderSet>
		<renderSet>
			<name>	MidBack_Net_lod2Shape	</name>
			<treatAsWorldSpaceObject>	false	</treatAsWorldSpaceObject>
			<nodes>
				<node>	MidBack_Net	</node>
			</nodes>
			<material>
				<identifier>	GRID_Misc1	</identifier>
				<mfm>	PnFMods/ModsSDK.zip/ASB719_Indiana/ship/C005_Grid_2_alpha.mfm	</mfm>
			</material>
		</renderSet>
		<renderSet>
			<name>	MidBack_crack_MidFrontShape	</name>
			<treatAsWorldSpaceObject>	false	</treatAsWorldSpaceObject>
			<nodes>
				<node>	MidBack_crack_MidFront	</node>
			</nodes>
			<material>
				<identifier>	TL2_SHIPMAT_PBS_Hull	</identifier>
				<mfm>	PnFMods/ModsSDK.zip/ASB719_Indiana/ship/ASB304_Indiana_1945.mfm	</mfm>
			</material>
		</renderSet>
		<renderSet>
			<name>	MidBack_crack_MidFront_DeckHouseShape	</name>
			<treatAsWorldSpaceObject>	false	</treatAsWorldSpaceObject>
			<nodes>
				<node>	MidBack_crack_MidFront_DeckHouse	</node>
			</nodes>
			<material>
				<identifier>	TL2_SHIPMAT_PBS_DeckHouse	</identifier>
				<mfm>	PnFMods/ModsSDK.zip/ASB719_Indiana/ship/ASB304_Indiana_1945_DeckHouse.mfm	</mfm>
			</material>
		</renderSet>
		<renderSet>
			<name>	MidBack_crack_MidFront_DeckHouse_lod1Shape	</name>
			<treatAsWorldSpaceObject>	false	</treatAsWorldSpaceObject>
			<nodes>
				<node>	MidBack_crack_MidFront_DeckHouse	</node>
			</nodes>
			<material>
				<identifier>	TL2_SHIPMAT_PBS_DeckHouse	</identifier>
				<mfm>	PnFMods/ModsSDK.zip/ASB719_Indiana/ship/ASB304_Indiana_1945_DeckHouse.mfm	</mfm>
			</material>
		</renderSet>
		<renderSet>
			<name>	MidBack_crack_MidFront_DeckHouse_lod2Shape	</name>
			<treatAsWorldSpaceObject>	false	</treatAsWorldSpaceObject>
			<nodes>
				<node>	MidBack_crack_MidFront_DeckHouse	</node>
			</nodes>
			<material>
				<identifier>	TL2_SHIPMAT_PBS_DeckHouse	</identifier>
				<mfm>	PnFMods/ModsSDK.zip/ASB719_Indiana/ship/ASB304_Indiana_1945_DeckHouse.mfm	</mfm>
			</material>
		</renderSet>
		<renderSet>
			<name>	MidBack_crack_MidFront_DeckHouse_lod3Shape	</name>
			<treatAsWorldSpaceObject>	false	</treatAsWorldSpaceObject>
			<nodes>
				<node>	MidBack_crack_MidFront_DeckHouse	</node>
			</nodes>
			<material>
				<identifier>	TL2_SHIPMAT_PBS_DeckHouse	</identifier>
				<mfm>	PnFMods/ModsSDK.zip/ASB719_Indiana/ship/ASB304_Indiana_1945_DeckHouse.mfm	</mfm>
			</material>
		</renderSet>
		<renderSet>
			<name>	MidBack_crack_MidFront_inShape	</name>
			<treatAsWorldSpaceObject>	false	</treatAsWorldSpaceObject>
			<nodes>
				<node>	MidBack_crack_MidFront_in	</node>
			</nodes>
			<material>
