<BSS006_Thrasher_1944_Bow_ep.skel_ext>
	<exported>	false	</exported>
	<node>
		<identifier>	EP_Death_1	</identifier>
		<parent>	Scene Root	</parent>
		<transform>
			<row0>	1.0000 0.0000 0.0000 0.0000	</row0>
			<row1>	0.0000 1.0000 0.0000 0.0000	</row1>
			<row2>	0.0000 0.0000 1.0000 0.0000	</row2>
			<row3>	0.0000 0.0000 1.4805 1.0000	</row3>
		</transform>
	</node>
	<node>
		<identifier>	EP_Descent_1	</identifier>
		<parent>	Scene Root	</parent>
		<transform>
			<row0>	0.2461 -0.9605 0.1297 0.0000	</row0>
			<row1>	0.9353 0.2704 0.2280 0.0000	</row1>
			<row2>	-0.2541 0.0653 0.9650 0.0000	</row2>
			<row3>	0.0817 0.0466 2.2431 1.0000	</row3>
		</transform>
	</node>
	<node>
		<identifier>	EP_Descent_3	</identifier>
		<parent>	Scene Root	</parent>
		<transform>
			<row0>	-0.1048 -0.9930 0.0527 0.0000	</row0>
			<row1>	-0.9697 0.1138 0.2161 0.0000	</row1>
			<row2>	-0.2206 -0.0284 -0.9749 0.0000	</row2>
			<row3>	-0.0835 0.0526 1.3902 1.0000	</row3>
		</transform>
	</node>
	<node>
		<identifier>	EP_Flood_steam_2	</identifier>
		<parent>	Scene Root	</parent>
		<transform>
			<row0>	0.9344 0.3560 0.0000 0.0000	</row0>
			<row1>	-0.3560 0.9344 0.0000 0.0000	</row1>
			<row2>	0.0000 0.0000 1.0000 0.0000	</row2>
			<row3>	-0.0327 0.1648 1.9682 1.0000	</row3>
		</transform>
	</node>
	<node>
		<identifier>	EP_Flood_water_left_2	</identifier>
		<parent>	Scene Root	</parent>
		<transform>
			<row0>	-0.8241 -0.5663 0.0000 0.0000	</row0>
			<row1>	-0.5663 0.8241 0.0000 0.0000	</row1>
			<row2>	0.0000 0.0000 -1.0000 0.0000	</row2>
			<row3>	-0.0659 0.1153 1.7694 1.0000	</row3>
		</transform>
	</node>
	<node>
		<identifier>	EP_Flood_water_right_2	</identifier>
		<parent>	Scene Root	</parent>
		<transform>
			<row0>	0.7455 -0.6548 0.1242 0.0000	</row0>
			<row1>	0.6567 0.7536 0.0311 0.0000	</row1>
			<row2>	-0.1140 0.0584 0.9917 0.0000	</row2>
			<row3>	0.0661 0.1174 1.8451 1.0000	</row3>
		</transform>
	</node>
	<node>
		<identifier>	EP_Hydrophone	</identifier>
		<parent>	Scene Root	</parent>
		<transform>
			<row0>	1.0000 0.0000 0.0000 0.0000	</row0>
			<row1>	0.0000 1.0000 0.0000 0.0000	</row1>
			<row2>	0.0000 0.0000 1.0000 0.0000	</row2>
			<row3>	0.0000 0.0546 2.7781 1.0000	</row3>
		</transform>
	</node>
	<node>
		<identifier>	EP_Runoff_deluge_left	</identifier>
		<parent>	Scene Root	</parent>
		<transform>
			<row0>	-0.9999 0.0000 0.0107 0.0000	</row0>
			<row1>	0.0000 1.0000 0.0000 0.0000	</row1>
			<row2>	-0.0107 0.0000 -0.9999 0.0000	</row2>
			<row3>	-0.0811 0.1655 2.2222 1.0000	</row3>
		</transform>
	</node>
	<node>
		<identifier>	EP_Runoff_deluge_left_1	</identifier>
		<parent>	Scene Root	</parent>
		<transform>
			<row0>	-0.9998 0.0000 0.0201 0.0000	</row0>
			<row1>	0.0000 1.0000 0.0000 0.0000	</row1>
			<row2>	-0.0201 0.0000 -0.9998 0.0000	</row2>
			<row3>	-0.0657 0.1148 1.7341 1.0000	</row3>
		</transform>
	</node>
	<node>
		<identifier>	EP_Runoff_deluge_left_2	</identifier>
		<parent>	Scene Root	</parent>
		<transform>
			<row0>	-1.0000 -0.0007 0.0098 0.0000	</row0>
			<row1>	-0.0005 0.9997 0.0225 0.0000	</row1>
			<row2>	-0.0099 0.0225 -0.9997 0.0000	</row2>
			<row3>	-0.0645 0.1147 1.4984 1.0000	</row3>
		</transform>
	</node>
	<node>
		<identifier>	EP_Runoff_deluge_right	</identifier>
		<parent>	Scene Root	</parent>
		<transform>
			<row0>	0.9997 0.0000 0.0204 0.0000	</row0>
			<row1>	0.0000 1.0000 0.0000 0.0000	</row1>
			<row2>	-0.0204 0.0000 0.9997 0.0000	</row2>
			<row3>	0.0770 0.1661 2.1892 1.0000	</row3>
		</transform>
	</node>
	<node>
		<identifier>	EP_Runoff_deluge_right_1	</identifier>
		<parent>	Scene Root	</parent>
		<transform>
			<row0>	0.9995 0.0000 0.0325 0.0000	</row0>
			<row1>	0.0000 1.0000 0.0000 0.0000	</row1>
			<row2>	-0.0325 0.0000 0.9995 0.0000	</row2>
			<row3>	0.0656 0.1143 1.6968 1.0000	</row3>
		</transform>
	</node>
	<node>
		<identifier>	EP_Runoff_deluge_right_2	</identifier>
		<parent>	Scene Root	</parent>
		<transform>
			<row0>	1.0000 -0.0008 0.0056 0.0000	</row0>
			<row1>	0.0008 1.0000 -0.0005 0.0000	</row1>
			<row2>	-0.0055 0.0005 1.0000 0.0000	</row2>
			<row3>	0.0647 0.1138 1.4994 1.0000	</row3>
		</transform>
	</node>
	<node>
		<identifier>	EP_Runoff_left	</identifier>
		<parent>	Scene Root	</parent>
		<transform>
			<row0>	-0.9652 0.2616 0.0031 0.0000	</row0>
			<row1>	0.2615 0.9649 -0.0231 0.0000	</row1>
			<row2>	-0.0090 -0.0215 -0.9997 0.0000	</row2>
			<row3>	-0.0660 0.1359 1.7591 1.0000	</row3>
		</transform>
	</node>
	<node>
		<identifier>	EP_Runoff_right	</identifier>
		<parent>	Scene Root	</parent>
		<transform>
			<row0>	0.9878 0.1554 -0.0053 0.0000	</row0>
			<row1>	-0.1555 0.9869 -0.0426 0.0000	</row1>
			<row2>	-0.0014 0.0429 0.9991 0.0000	</row2>
			<row3>	0.0660 0.1359 1.7591 1.0000	</row3>
		</transform>
	</node>
	<node>
		<identifier>	EP_Runoff_up_left	</identifier>
		<parent>	Scene Root	</parent>
		<transform>
			<row0>	-0.9995 0.0014 0.0325 0.0000	</row0>
			<row1>	0.0016 1.0000 0.0039 0.0000	</row1>
			<row2>	-0.0325 0.0039 -0.9995 0.0000	</row2>
			<row3>	-0.0490 0.1439 1.7601 1.0000	</row3>
		</transform>
	</node>
	<node>
		<identifier>	EP_Runoff_up_right	</identifier>
		<parent>	Scene Root	</parent>
		<transform>
			<row0>	1.0000 0.0020 0.0093 0.0000	</row0>
			<row1>	-0.0020 1.0000 0.0015 0.0000	</row1>
			<row2>	-0.0093 -0.0015 1.0000 0.0000	</row2>
			<row3>	0.0490 0.1439 1.7601 1.0000	</row3>
		</transform>
	</node>
	<node>
		<identifier>	EP_WakeTrace	</identifier>
		<parent>	Scene Root	</parent>
		<transform>
			<row0>	1.0000 0.0000 0.0000 0.0000	</row0>
			<row1>	0.0000 1.0000 0.0000 0.0000	</row1>
			<row2>	0.0000 0.0000 1.0000 0.0000	</row2>
			<row3>	0.0000 0.0000 2.7502 1.0000	</row3>
		</transform>
	</node>
</BSS006_Thrasher_1944_Bow_ep.skel_ext>
