<JSB033_Myogi_1932_Stern.skel_ext>
	<exported>	true	</exported>
	<node>
		<identifier>	MP_CM002_Propeller4_L	</identifier>
		<parent>	Scene Root	</parent>
		<transform>
			<row0>	1.2273 0.0000 -0.0441 0.0000	</row0>
			<row1>	-0.0013 1.2276 -0.0340 0.0000	</row1>
			<row2>	0.0441 0.0340 1.2268 0.0000	</row2>
			<row3>	-0.4417 -0.3533 -5.3905 1.0000	</row3>
		</transform>
	</node>
	<node>
		<identifier>	MP_CM002_Propeller4_L_INDEX_1	</identifier>
		<parent>	Scene Root	</parent>
		<transform>
			<row0>	1.2278 0.0000 -0.0236 0.0000	</row0>
			<row1>	-0.0007 1.2276 -0.0340 0.0000	</row1>
			<row2>	0.0236 0.0340 1.2274 0.0000	</row2>
			<row3>	-0.2094 -0.4152 -5.8944 1.0000	</row3>
		</transform>
	</node>
	<node>
		<identifier>	MP_CM004_Barbette_Out	</identifier>
		<parent>	Scene Root	</parent>
		<transform>
			<row0>	2.7592 0.0000 0.0000 0.0000	</row0>
			<row1>	0.0000 1.5000 0.0000 0.0000	</row1>
			<row2>	0.0000 0.0000 2.7592 0.0000	</row2>
			<row3>	0.0000 0.4330 -4.4956 1.0000	</row3>
		</transform>
	</node>
	<node>
		<identifier>	MP_CM010_Fire_Hose_Reel	</identifier>
		<parent>	Scene Root	</parent>
		<transform>
			<row0>	0.0000 -1.0000 0.0000 0.0000	</row0>
			<row1>	-0.9899 0.0000 0.1421 0.0000	</row1>
			<row2>	-0.1421 0.0000 -0.9899 0.0000	</row2>
			<row3>	0.4186 0.3439 -4.7845 1.0000	</row3>
		</transform>
	</node>
	<node>
		<identifier>	MP_CM010_Fire_Hose_Reel_INDEX_1	</identifier>
		<parent>	Scene Root	</parent>
		<transform>
			<row0>	0.0000 -1.0000 0.0000 0.0000	</row0>
			<row1>	0.9883 0.0000 0.1524 0.0000	</row1>
			<row2>	-0.1524 0.0000 0.9883 0.0000	</row2>
			<row3>	-0.4186 0.3439 -4.7845 1.0000	</row3>
		</transform>
	</node>
	<node>
		<identifier>	MP_CM011_Fire_Fighting_Gear	</identifier>
		<parent>	Scene Root	</parent>
		<transform>
			<row0>	0.7879 0.0000 0.6158 0.0000	</row0>
			<row1>	0.0000 1.0000 0.0000 0.0000	</row1>
			<row2>	-0.6158 0.0000 0.7879 0.0000	</row2>
			<row3>	0.3254 0.3476 -4.4342 1.0000	</row3>
		</transform>
	</node>
	<node>
		<identifier>	MP_CM011_Fire_Fighting_Gear_INDEX_1	</identifier>
		<parent>	Scene Root	</parent>
		<transform>
			<row0>	0.0000 0.0000 -1.0000 0.0000	</row0>
			<row1>	0.0000 1.0000 0.0000 0.0000	</row1>
			<row2>	1.0000 0.0000 0.0000 0.0000	</row2>
			<row3>	-0.3068 0.3446 -4.4228 1.0000	</row3>
		</transform>
	</node>
	<node>
		<identifier>	MP_CM012_Fire_Hose_Rack_1	</identifier>
		<parent>	Scene Root	</parent>
		<transform>
			<row0>	0.9927 0.0000 -0.1210 0.0000	</row0>
			<row1>	0.0000 1.0000 0.0000 0.0000	</row1>
			<row2>	0.1210 0.0000 0.9927 0.0000	</row2>
			<row3>	-0.3008 0.4134 -4.4593 1.0000	</row3>
		</transform>
	</node>
	<node>
		<identifier>	MP_CM012_Fire_Hose_Rack_1_INDEX_1	</identifier>
		<parent>	Scene Root	</parent>
		<transform>
			<row0>	-0.9852 0.0000 -0.1717 0.0000	</row0>
			<row1>	0.0000 1.0000 0.0000 0.0000	</row1>
			<row2>	0.1717 0.0000 -0.9852 0.0000	</row2>
			<row3>	0.3008 0.4130 -4.4593 1.0000	</row3>
		</transform>
	</node>
	<node>
		<identifier>	MP_CM019_Wood_Box_2	</identifier>
		<parent>	Scene Root	</parent>
		<transform>
			<row0>	0.9320 0.0000 1.4217 0.0000	</row0>
			<row1>	0.0000 1.7000 0.0000 0.0000	</row1>
			<row2>	-1.4217 0.0000 0.9320 0.0000	</row2>
			<row3>	0.0614 0.3428 -5.1057 1.0000	</row3>
		</transform>
	</node>
	<node>
		<identifier>	MP_CM033_Propeller4_R	</identifier>
		<parent>	Scene Root	</parent>
		<transform>
			<row0>	1.2272 0.0000 0.0441 0.0000	</row0>
			<row1>	0.0013 1.2275 -0.0340 0.0000	</row1>
			<row2>	-0.0441 0.0340 1.2267 0.0000	</row2>
			<row3>	0.4417 -0.3533 -5.3905 1.0000	</row3>
		</transform>
	</node>
	<node>
		<identifier>	MP_CM033_Propeller4_R_INDEX_1	</identifier>
		<parent>	Scene Root	</parent>
		<transform>
			<row0>	1.2278 0.0000 0.0236 0.0000	</row0>
			<row1>	0.0007 1.2275 -0.0340 0.0000	</row1>
			<row2>	-0.0236 0.0340 1.2273 0.0000	</row2>
			<row3>	0.2094 -0.4152 -5.8944 1.0000	</row3>
		</transform>
	</node>
	<node>
		<identifier>	MP_CM085_Anchor_Top	</identifier>
		<parent>	Scene Root	</parent>
		<transform>
			<row0>	0.2592 0.0006 0.9658 0.0000	</row0>
			<row1>	0.0731 0.9971 -0.0202 0.0000	</row1>
			<row2>	-0.9631 0.0758 0.2584 0.0000	</row2>
			<row3>	0.3308 0.2174 -6.1596 1.0000	</row3>
		</transform>
	</node>
	<node>
		<identifier>	MP_CM087_Anchor_down	</identifier>
		<parent>	Scene Root	</parent>
		<transform>
			<row0>	-0.2592 -0.0006 -0.9658 0.0000	</row0>
			<row1>	-0.0990 0.9947 0.0260 0.0000	</row1>
			<row2>	0.9607 0.1024 -0.2579 0.0000	</row2>
			<row3>	0.3308 0.2174 -6.1596 1.0000	</row3>
		</transform>
	</node>
	<node>
		<identifier>	MP_JM021_Ventilators_5	</identifier>
		<parent>	Scene Root	</parent>
		<transform>
			<row0>	1.0000 0.0000 0.0000 0.0000	</row0>
			<row1>	0.0000 1.0000 0.0000 0.0000	</row1>
			<row2>	0.0000 0.0000 1.0000 0.0000	</row2>
			<row3>	0.0893 0.3405 -6.1856 1.0000	</row3>
		</transform>
	</node>
	<node>
		<identifier>	MP_JM021_Ventilators_5_INDEX_1	</identifier>
		<parent>	Scene Root	</parent>
		<transform>
			<row0>	1.0000 0.0000 0.0000 0.0000	</row0>
			<row1>	0.0000 1.0000 0.0000 0.0000	</row1>
			<row2>	0.0000 0.0000 1.0000 0.0000	</row2>
			<row3>	-0.2617 0.3397 -5.1885 1.0000	</row3>
		</transform>
	</node>
	<node>
		<identifier>	MP_JM021_Ventilators_5_INDEX_2	</identifier>
		<parent>	Scene Root	</parent>
		<transform>
			<row0>	1.0000 0.0000 0.0000 0.0000	</row0>
			<row1>	0.0000 1.0000 0.0000 0.0000	</row1>
			<row2>	0.0000 0.0000 1.0000 0.0000	</row2>
			<row3>	0.1710 0.3405 -5.9365 1.0000	</row3>
		</transform>
	</node>
	<node>
		<identifier>	MP_JM022_Ventilators_6	</identifier>
		<parent>	Scene Root	</parent>
		<transform>
			<row0>	1.0000 0.0000 0.0000 0.0000	</row0>
			<row1>	0.0000 1.0000 0.0000 0.0000	</row1>
			<row2>	0.0000 0.0000 1.0000 0.0000	</row2>
			<row3>	0.2831 0.3392 -4.0472 1.0000	</row3>
		</transform>
	</node>
	<node>
		<identifier>	MP_JM023_Ventilators_7	</identifier>
		<parent>	Scene Root	</parent>
		<transform>
			<row0>	1.0000 0.0000 0.0000 0.0000	</row0>
			<row1>	0.0000 1.0000 0.0000 0.0000	</row1>
			<row2>	0.0000 0.0000 1.0000 0.0000	</row2>
			<row3>	-0.1999 0.3411 -5.1830 1.0000	</row3>
		</transform>
	</node>
	<node>
		<identifier>	MP_JM024_Ventilators_8	</identifier>
		<parent>	Scene Root	</parent>
		<transform>
			<row0>	1.0000 0.0000 0.0000 0.0000	</row0>
			<row1>	0.0000 1.0000 0.0000 0.0000	</row1>
			<row2>	0.0000 0.0000 1.0000 0.0000	</row2>
			<row3>	-0.2936 0.3408 -4.2810 1.0000	</row3>
		</transform>
	</node>
	<node>
		<identifier>	MP_JM024_Ventilators_8_INDEX_1	</identifier>
		<parent>	Scene Root	</parent>
		<transform>
			<row0>	1.0000 0.0000 0.0000 0.0000	</row0>
			<row1>	0.0000 1.0000 0.0000 0.0000	</row1>
			<row2>	0.0000 0.0000 1.0000 0.0000	</row2>
			<row3>	0.6332 0.3408 -4.3129 1.0000	</row3>
		</transform>
	</node>
	<node>
		<identifier>	MP_JM024_Ventilators_8_INDEX_2	</identifier>
		<parent>	Scene Root	</parent>
		<transform>
			<row0>	1.0000 0.0000 0.0000 0.0000	</row0>
			<row1>	0.0000 1.0000 0.0000 0.0000	</row1>
			<row2>	0.0000 0.0000 1.0000 0.0000	</row2>
			<row3>	0.1674 0.3408 -4.8245 1.0000	</row3>
		</transform>
	</node>
	<node>
		<identifier>	MP_JM024_Ventilators_8_INDEX_3	</identifier>
		<parent>	Scene Root	</parent>
		<transform>
			<row0>	1.0000 0.0000 0.0000 0.0000	</row0>
			<row1>	0.0000 1.0000 0.0000 0.0000	</row1>
			<row2>	0.0000 0.0000 1.0000 0.0000	</row2>
			<row3>	0.1937 0.3408 -4.1902 1.0000	</row3>
		</transform>
	</node>
	<node>
		<identifier>	MP_JM024_Ventilators_8_INDEX_4	</identifier>
		<parent>	Scene Root	</parent>
		<transform>
			<row0>	1.0000 0.0000 0.0000 0.0000	</row0>
			<row1>	0.0000 1.0000 0.0000 0.0000	</row1>
			<row2>	0.0000 0.0000 1.0000 0.0000	</row2>
			<row3>	-0.1937 0.3408 -4.1902 1.0000	</row3>
		</transform>
	</node>
	<node>
		<identifier>	MP_JM024_Ventilators_8_INDEX_5	</identifier>
		<parent>	Scene Root	</parent>
		<transform>
			<row0>	1.0000 0.0000 0.0000 0.0000	</row0>
			<row1>	0.0000 1.0000 0.0000 0.0000	</row1>
			<row2>	0.0000 0.0000 1.0000 0.0000	</row2>
			<row3>	-0.3652 0.3408 -4.1477 1.0000	</row3>
		</transform>
	</node>
	<node>
		<identifier>	MP_JM024_Ventilators_8_INDEX_6	</identifier>
		<parent>	Scene Root	</parent>
		<transform>
			<row0>	1.0000 0.0000 0.0000 0.0000	</row0>
			<row1>	0.0000 1.0000 0.0000 0.0000	</row1>
			<row2>	0.0000 0.0000 1.0000 0.0000	</row2>
			<row3>	-0.5027 0.3408 -4.1962 1.0000	</row3>
		</transform>
	</node>
	<node>
		<identifier>	MP_JM024_Ventilators_8_INDEX_7	</identifier>
		<parent>	Scene Root	</parent>
		<transform>
			<row0>	1.0000 0.0000 0.0000 0.0000	</row0>
			<row1>	0.0000 1.0000 0.0000 0.0000	</row1>
			<row2>	0.0000 0.0000 1.0000 0.0000	</row2>
			<row3>	0.2933 0.3408 -4.2798 1.0000	</row3>
		</transform>
	</node>
	<node>
		<identifier>	MP_JM024_Ventilators_8_INDEX_8	</identifier>
		<parent>	Scene Root	</parent>
		<transform>
			<row0>	1.0000 0.0000 0.0000 0.0000	</row0>
			<row1>	0.0000 1.0000 0.0000 0.0000	</row1>
			<row2>	0.0000 0.0000 1.0000 0.0000	</row2>
			<row3>	-0.1674 0.3408 -4.8245 1.0000	</row3>
		</transform>
	</node>
	<node>
		<identifier>	MP_JM026_Bollards	</identifier>
		<parent>	Scene Root	</parent>
		<transform>
			<row0>	0.3139 0.0000 -0.9495 0.0000	</row0>
			<row1>	0.0000 1.0000 0.0000 0.0000	</row1>
			<row2>	0.9495 0.0000 0.3139 0.0000	</row2>
			<row3>	-0.2017 0.3382 -6.4014 1.0000	</row3>
		</transform>
	</node>
	<node>
		<identifier>	MP_JM026_Bollards_INDEX_1	</identifier>
		<parent>	Scene Root	</parent>
		<transform>
			<row0>	0.1302 0.0000 -0.9915 0.0000	</row0>
			<row1>	0.0000 1.0000 0.0000 0.0000	</row1>
			<row2>	0.9915 0.0000 0.1302 0.0000	</row2>
			<row3>	-0.6618 0.3382 -4.0396 1.0000	</row3>
		</transform>
	</node>
	<node>
		<identifier>	MP_JM026_Bollards_INDEX_2	</identifier>
		<parent>	Scene Root	</parent>
		<transform>
			<row0>	0.1302 0.0000 0.9915 0.0000	</row0>
			<row1>	0.0000 1.0000 0.0000 0.0000	</row1>
			<row2>	-0.9915 0.0000 0.1302 0.0000	</row2>
			<row3>	0.6604 0.3382 -4.0396 1.0000	</row3>
		</transform>
	</node>
	<node>
		<identifier>	MP_JM026_Bollards_INDEX_3	</identifier>
		<parent>	Scene Root	</parent>
		<transform>
			<row0>	0.2710 0.0000 0.9626 0.0000	</row0>
			<row1>	0.0000 1.0000 0.0000 0.0000	</row1>
			<row2>	-0.9626 0.0000 0.2710 0.0000	</row2>
			<row3>	0.2748 0.3382 -6.1447 1.0000	</row3>
		</transform>
	</node>
	<node>
		<identifier>	MP_JM044_After_Capstan	</identifier>
		<parent>	Scene Root	</parent>
		<transform>
			<row0>	1.6540 0.0000 0.0000 0.0000	</row0>
			<row1>	0.0000 1.6540 0.0000 0.0000	</row1>
			<row2>	0.0000 0.0000 1.6540 0.0000	</row2>
			<row3>	0.0000 0.3462 -5.5366 1.0000	</row3>
		</transform>
	</node>
	<node>
		<identifier>	MP_JM054_Deck_Hatch_3	</identifier>
		<parent>	Scene Root	</parent>
		<transform>
			<row0>	1.0000 0.0000 0.0000 0.0000	</row0>
			<row1>	0.0000 1.0000 0.0000 0.0000	</row1>
			<row2>	0.0000 0.0000 1.0000 0.0000	</row2>
			<row3>	0.0000 0.3414 -6.2967 1.0000	</row3>
		</transform>
	</node>
	<node>
		<identifier>	MP_JM055_Deck_Hatch_4	</identifier>
		<parent>	Scene Root	</parent>
		<transform>
			<row0>	1.0000 0.0000 0.0000 0.0000	</row0>
			<row1>	0.0000 1.0000 0.0000 0.0000	</row1>
			<row2>	0.0000 0.0000 1.0000 0.0000	</row2>
			<row3>	0.0000 0.3435 -5.2352 1.0000	</row3>
		</transform>
	</node>
	<node>
		<identifier>	MP_JM057_Deck_Hatch_6	</identifier>
		<parent>	Scene Root	</parent>
		<transform>
			<row0>	0.0000 0.0000 1.0000 0.0000	</row0>
			<row1>	0.0000 1.0000 0.0000 0.0000	</row1>
			<row2>	-1.0000 0.0000 0.0000 0.0000	</row2>
			<row3>	0.0000 0.3445 -6.4055 1.0000	</row3>
		</transform>
	</node>
	<node>
		<identifier>	MP_JM062_Deck_Hatch_11	</identifier>
		<parent>	Scene Root	</parent>
		<transform>
			<row0>	1.0000 0.0000 0.0000 0.0000	</row0>
			<row1>	0.0000 1.0000 0.0000 0.0000	</row1>
			<row2>	0.0000 0.0000 1.0000 0.0000	</row2>
			<row3>	-0.2139 0.3411 -5.6658 1.0000	</row3>
		</transform>
	</node>
	<node>
		<identifier>	MP_JM062_Deck_Hatch_11_INDEX_1	</identifier>
		<parent>	Scene Root	</parent>
		<transform>
			<row0>	1.0000 0.0000 0.0000 0.0000	</row0>
			<row1>	0.0000 1.0000 0.0000 0.0000	</row1>
			<row2>	0.0000 0.0000 1.0000 0.0000	</row2>
			<row3>	0.2596 0.3411 -5.1214 1.0000	</row3>
		</transform>
	</node>
	<node>
		<identifier>	MP_JM062_Deck_Hatch_11_INDEX_2	</identifier>
		<parent>	Scene Root	</parent>
		<transform>
			<row0>	1.0000 0.0000 0.0000 0.0000	</row0>
			<row1>	0.0000 1.0000 0.0000 0.0000	</row1>
			<row2>	0.0000 0.0000 1.0000 0.0000	</row2>
			<row3>	-0.1851 0.3411 -5.7787 1.0000	</row3>
		</transform>
	</node>
	<node>
		<identifier>	MP_JM062_Deck_Hatch_11_INDEX_3	</identifier>
		<parent>	Scene Root	</parent>
		<transform>
			<row0>	1.0000 0.0000 0.0000 0.0000	</row0>
			<row1>	0.0000 1.0000 0.0000 0.0000	</row1>
			<row2>	0.0000 0.0000 1.0000 0.0000	</row2>
			<row3>	-0.2935 0.3411 -5.0876 1.0000	</row3>
		</transform>
	</node>
	<node>
		<identifier>	MP_JM078_Deck_Winch_2	</identifier>
		<parent>	Scene Root	</parent>
		<transform>
			<row0>	0.0000 0.0000 0.8500 0.0000	</row0>
			<row1>	0.0000 0.8500 0.0000 0.0000	</row1>
			<row2>	-0.8500 0.0000 0.0000 0.0000	</row2>
			<row3>	0.0000 0.3455 -4.8764 1.0000	</row3>
		</transform>
	</node>
	<node>
		<identifier>	MP_JM109_Deck_Hatch_11	</identifier>
		<parent>	Scene Root	</parent>
		<transform>
			<row0>	1.0000 0.0000 0.0000 0.0000	</row0>
			<row1>	0.0000 1.0000 0.0000 0.0000	</row1>
			<row2>	0.0000 0.0000 1.0000 0.0000	</row2>
			<row3>	0.2939 0.3409 -4.1475 1.0000	</row3>
		</transform>
	</node>
	<node>
		<identifier>	MP_JM111_Deck_Hatch_13	</identifier>
		<parent>	Scene Root	</parent>
		<transform>
			<row0>	0.9183 0.0000 0.3960 0.0000	</row0>
			<row1>	0.0000 1.0000 0.0000 0.0000	</row1>
			<row2>	-0.3960 0.0000 0.9183 0.0000	</row2>
			<row3>	0.3385 0.3440 -4.3611 1.0000	</row3>
		</transform>
	</node>
	<node>
		<identifier>	MP_JM111_Deck_Hatch_13_INDEX_1	</identifier>
		<parent>	Scene Root	</parent>
		<transform>
			<row0>	0.9183 0.0000 -0.3960 0.0000	</row0>
			<row1>	0.0000 1.0000 0.0000 0.0000	</row1>
			<row2>	0.3960 0.0000 0.9183 0.0000	</row2>
			<row3>	-0.3385 0.3440 -4.3611 1.0000	</row3>
		</transform>
	</node>
	<node>
		<identifier>	MP_JM111_Deck_Hatch_13_INDEX_2	</identifier>
		<parent>	Scene Root	</parent>
		<transform>
			<row0>	1.0000 0.0000 0.0000 0.0000	</row0>
			<row1>	0.0000 1.0000 0.0000 0.0000	</row1>
			<row2>	0.0000 0.0000 1.0000 0.0000	</row2>
			<row3>	-0.3771 0.3440 -5.4500 1.0000	</row3>
		</transform>
	</node>
	<node>
		<identifier>	MP_JM125_Signal_Lamp_3	</identifier>
		<parent>	Scene Root	</parent>
		<transform>
			<row0>	-1.0000 0.0000 0.0000 0.0000	</row0>
			<row1>	0.0000 1.0000 0.0000 0.0000	</row1>
			<row2>	0.0000 0.0000 -1.0000 0.0000	</row2>
			<row3>	0.0000 0.5853 -6.9106 1.0000	</row3>
		</transform>
	</node>
	<node>
		<identifier>	MP_JM171_CraneR	</identifier>
		<parent>	Scene Root	</parent>
		<transform>
			<row0>	0.9906 0.0000 -0.1371 0.0000	</row0>
			<row1>	0.0000 1.0000 0.0000 0.0000	</row1>
			<row2>	0.1371 0.0000 0.9906 0.0000	</row2>
			<row3>	0.3785 0.2926 -5.9707 1.0000	</row3>
		</transform>
	</node>
	<node>
		<identifier>	MP_JM191_SanBox	</identifier>
		<parent>	Scene Root	</parent>
		<transform>
			<row0>	0.0000 0.0000 1.0000 0.0000	</row0>
			<row1>	0.0000 1.0000 0.0000 0.0000	</row1>
			<row2>	-1.0000 0.0000 0.0000 0.0000	</row2>
			<row3>	-0.2766 0.3441 -4.2054 1.0000	</row3>
		</transform>
	</node>
	<node>
		<identifier>	MP_JM223_Ventilation	</identifier>
		<parent>	Scene Root	</parent>
		<transform>
			<row0>	1.0000 0.0000 0.0000 0.0000	</row0>
			<row1>	0.0000 1.0000 0.0000 0.0000	</row1>
			<row2>	0.0000 0.0000 1.0000 0.0000	</row2>
			<row3>	0.0000 0.3440 -5.3851 1.0000	</row3>
		</transform>
	</node>
	<node>
		<identifier>	MP_JM300_Life_Buoy	</identifier>
		<parent>	Scene Root	</parent>
		<transform>
			<row0>	0.1983 -0.0008 0.9801 0.0000	</row0>
			<row1>	-0.2434 0.9686 0.0500 0.0000	</row1>
			<row2>	-0.9494 -0.2485 0.1919 0.0000	</row2>
			<row3>	0.5004 0.4115 -5.4680 1.0000	</row3>
		</transform>
	</node>
	<node>
		<identifier>	MP_JM300_Life_Buoy_INDEX_1	</identifier>
		<parent>	Scene Root	</parent>
		<transform>
			<row0>	0.1983 0.0008 -0.9801 0.0000	</row0>
			<row1>	0.2434 0.9686 0.0500 0.0000	</row1>
			<row2>	0.9494 -0.2485 0.1919 0.0000	</row2>
			<row3>	-0.5017 0.4115 -5.4682 1.0000	</row3>
		</transform>
	</node>
	<node>
		<identifier>	MP_JM304_Running_Lights_B	</identifier>
		<parent>	Scene Root	</parent>
		<transform>
			<row0>	-0.7547 0.0000 0.0000 0.0000	</row0>
			<row1>	0.0000 1.0226 0.0000 0.0000	</row1>
			<row2>	0.0000 0.0000 -0.7547 0.0000	</row2>
			<row3>	0.0000 0.4978 -6.8976 1.0000	</row3>
		</transform>
	</node>
</JSB033_Myogi_1932_Stern.skel_ext>
