<FSB001_Dunkerque_1940_Bow.skel_ext>
	<exported>	true	</exported>
	<node>
		<identifier>	MP_CM056_Ships_bell	</identifier>
		<parent>	Scene Root	</parent>
		<transform>
			<row0>	1.0000 0.0000 0.0000 0.0000	</row0>
			<row1>	0.0000 1.0000 0.0000 0.0000	</row1>
			<row2>	0.0000 0.0000 1.0000 0.0000	</row2>
			<row3>	0.0000 0.6628 7.1068 1.0000	</row3>
		</transform>
	</node>
	<node>
		<identifier>	MP_FM010_Paravane	</identifier>
		<parent>	Scene Root	</parent>
		<transform>
			<row0>	-0.9781 0.0000 0.2079 0.0000	</row0>
			<row1>	0.0000 -1.0000 0.0000 0.0000	</row1>
			<row2>	0.2079 0.0000 0.9781 0.0000	</row2>
			<row3>	-0.2095 0.3915 2.8752 1.0000	</row3>
		</transform>
	</node>
	<node>
		<identifier>	MP_FM010_Paravane_INDEX_1	</identifier>
		<parent>	Scene Root	</parent>
		<transform>
			<row0>	-0.9781 0.0000 -0.2079 0.0000	</row0>
			<row1>	0.0000 -1.0000 0.0000 0.0000	</row1>
			<row2>	-0.2079 0.0000 0.9781 0.0000	</row2>
			<row3>	0.2095 0.3915 2.8752 1.0000	</row3>
		</transform>
	</node>
	<node>
		<identifier>	MP_FM011_Reels	</identifier>
		<parent>	Scene Root	</parent>
		<transform>
			<row0>	-0.6428 0.0000 -0.7660 0.0000	</row0>
			<row1>	0.0000 1.0000 0.0000 0.0000	</row1>
			<row2>	0.7660 0.0000 -0.6428 0.0000	</row2>
			<row3>	-0.3304 0.4040 4.6458 1.0000	</row3>
		</transform>
	</node>
	<node>
		<identifier>	MP_FM011_Reels_INDEX_1	</identifier>
		<parent>	Scene Root	</parent>
		<transform>
			<row0>	-0.6428 0.0000 0.7660 0.0000	</row0>
			<row1>	0.0000 1.0000 0.0000 0.0000	</row1>
			<row2>	-0.7660 0.0000 -0.6428 0.0000	</row2>
			<row3>	0.3303 0.4040 4.6457 1.0000	</row3>
		</transform>
	</node>
	<node>
		<identifier>	MP_FM851_Mastheadlight	</identifier>
		<parent>	Scene Root	</parent>
		<transform>
			<row0>	1.0114 0.0000 0.0000 0.0000	</row0>
			<row1>	0.0000 1.0114 0.0000 0.0000	</row1>
			<row2>	0.0000 0.0000 1.0114 0.0000	</row2>
			<row3>	0.0000 0.6985 7.1397 1.0000	</row3>
		</transform>
	</node>
</FSB001_Dunkerque_1940_Bow.skel_ext>
