<GSC304_Deutschland_1938_MidFront_ports.visual>
	<skeleton>
		<node>
			<identifier>	Scene Root	</identifier>
			<transform>
				<row0>	1.0000 0.0000 0.0000 0.0000	</row0>
				<row1>	0.0000 1.0000 0.0000 0.0000	</row1>
				<row2>	0.0000 0.0000 1.0000 0.0000	</row2>
				<row3>	0.0000 0.0000 0.0000 1.0000	</row3>
			</transform>
			<node>
				<identifier>	MidFront_ports	</identifier>
				<transform>
					<row0>	1.0000 0.0000 0.0000 0.0000	</row0>
					<row1>	0.0000 1.0000 0.0000 0.0000	</row1>
					<row2>	0.0000 0.0000 1.0000 0.0000	</row2>
					<row3>	0.0000 0.0000 0.0000 1.0000	</row3>
				</transform>
				<node>
					<identifier>	HP_FX_Death_1	</identifier>
					<transform>
						<row0>	1.0000 0.0000 0.0000 0.0000	</row0>
						<row1>	0.0000 1.0000 0.0000 0.0000	</row1>
						<row2>	0.0000 0.0000 1.0000 0.0000	</row2>
						<row3>	0.0000 0.0000 4.2023 1.0000	</row3>
					</transform>
				</node>
				<node>
					<identifier>	HP_FX_RepairLight_Left_1	</identifier>
					<transform>
						<row0>	0.1015 -0.0359 0.9942 0.0000	</row0>
						<row1>	0.3337 0.9427 0.0000 0.0000	</row1>
						<row2>	-0.9372 0.3317 0.1077 0.0000	</row2>
						<row3>	-0.5590 0.3680 3.5613 1.0000	</row3>
					</transform>
				</node>
				<node>
					<identifier>	HP_FX_RepairLight_Right_2	</identifier>
					<transform>
						<row0>	0.1332 0.0000 -0.9911 0.0000	</row0>
						<row1>	0.0000 1.0000 0.0000 0.0000	</row1>
						<row2>	0.9911 0.0000 0.1332 0.0000	</row2>
						<row3>	0.4634 0.3856 4.3918 1.0000	</row3>
					</transform>
				</node>
				<node>
					<identifier>	HP_GGA_1	</identifier>
					<transform>
						<row0>	1.0000 0.0000 0.0000 0.0000	</row0>
						<row1>	0.0000 1.0000 0.0000 0.0000	</row1>
						<row2>	0.0000 0.0000 1.0000 0.0000	</row2>
						<row3>	-0.3501 0.3791 4.3437 1.0000	</row3>
					</transform>
				</node>
				<node>
					<identifier>	HP_GGA_2	</identifier>
					<transform>
						<row0>	1.0000 0.0000 0.0000 0.0000	</row0>
						<row1>	0.0000 1.0000 0.0000 0.0000	</row1>
						<row2>	0.0000 0.0000 1.0000 0.0000	</row2>
						<row3>	0.3501 0.3791 4.3437 1.0000	</row3>
					</transform>
				</node>
				<node>
					<identifier>	HP_GGM_1	</identifier>
					<transform>
						<row0>	1.0000 0.0000 0.0000 0.0000	</row0>
						<row1>	0.0000 1.0000 0.0000 0.0000	</row1>
						<row2>	0.0000 0.0000 1.0000 0.0000	</row2>
						<row3>	0.0000 0.4285 3.4081 1.0000	</row3>
					</transform>
				</node>
				<node>
					<identifier>	MP_CM109_Leadsman_Platform	</identifier>
					<transform>
						<row0>	-0.0015 -0.9992 0.0387 0.0000	</row0>
						<row1>	0.9683 0.0082 0.2498 0.0000	</row1>
						<row2>	-0.2499 0.0379 0.9675 0.0000	</row2>
						<row3>	0.2289 0.4142 5.6111 1.0000	</row3>
					</transform>
				</node>
				<node>
					<identifier>	MP_CM109_Leadsman_Platform_INDEX_1	</identifier>
					<transform>
						<row0>	0.0015 -0.9992 0.0387 0.0000	</row0>
						<row1>	-0.9683 0.0082 0.2498 0.0000	</row1>
						<row2>	-0.2499 -0.0379 -0.9675 0.0000	</row2>
						<row3>	-0.2289 0.4142 5.6111 1.0000	</row3>
					</transform>
				</node>
				<node>
					<identifier>	MP_GM007_LifeBuoy	</identifier>
					<transform>
						<row0>	0.9867 0.0000 0.1628 0.0000	</row0>
						<row1>	0.0000 1.0000 0.0000 0.0000	</row1>
						<row2>	-0.1628 0.0000 0.9867 0.0000	</row2>
						<row3>	0.3812 0.4280 4.8564 1.0000	</row3>
					</transform>
				</node>
				<node>
					<identifier>	MP_GM007_LifeBuoy_INDEX_1	</identifier>
					<transform>
						<row0>	-0.9867 0.0000 0.1628 0.0000	</row0>
						<row1>	0.0000 1.0000 0.0000 0.0000	</row1>
						<row2>	-0.1628 0.0000 -0.9867 0.0000	</row2>
						<row3>	-0.3812 0.4280 4.8564 1.0000	</row3>
					</transform>
				</node>
				<node>
					<identifier>	MP_GM700_AmmoBox	</identifier>
					<transform>
						<row0>	0.7527 0.0248 0.6579 0.0000	</row0>
						<row1>	-0.0117 0.9996 -0.0242 0.0000	</row1>
						<row2>	-0.6583 0.0105 0.7527 0.0000	</row2>
						<row3>	-0.3343 0.3776 4.5573 1.0000	</row3>
					</transform>
				</node>
				<node>
					<identifier>	MP_GM700_AmmoBox_INDEX_1	</identifier>
					<transform>
						<row0>	0.7527 -0.0248 -0.6579 0.0000	</row0>
						<row1>	0.0117 0.9996 -0.0242 0.0000	</row1>
						<row2>	0.6583 0.0105 0.7527 0.0000	</row2>
						<row3>	0.3343 0.3776 4.5573 1.0000	</row3>
					</transform>
				</node>
			</node>
		</node>
	</skeleton>
	<properties>
		<underwaterModel>	false	</underwaterModel>
		<abovewaterModel>	true	</abovewaterModel>
	</properties>
	<boundingBox>
		<min>	-0.0667 -0.0667 -0.0667	</min>
		<max>	0.0667 0.0667 0.0667	</max>
	</boundingBox>
	<renderSets />
	<lods>
		<lod>
			<extent>	200.0000	</extent>
			<castsShadow>	true	</castsShadow>
			<renderSets />
		</lod>
	</lods>
</GSC304_Deutschland_1938_MidFront_ports.visual>
