<VSB002_Atlantico_1945_MidBack.skel_ext>
	<exported>	true	</exported>
	<node>
		<identifier>	MP_CM012_Fire_Hose_Rack_1	</identifier>
		<parent>	Scene Root	</parent>
		<transform>
			<row0>	0.9405 0.0000 0.3398 0.0000	</row0>
			<row1>	0.0000 1.0000 0.0000 0.0000	</row1>
			<row2>	-0.3398 0.0000 0.9405 0.0000	</row2>
			<row3>	0.3226 0.7700 -2.9193 1.0000	</row3>
		</transform>
	</node>
	<node>
		<identifier>	MP_CM012_Fire_Hose_Rack_1_INDEX_1	</identifier>
		<parent>	Scene Root	</parent>
		<transform>
			<row0>	0.0000 0.0000 1.0000 0.0000	</row0>
			<row1>	0.0000 1.0000 0.0000 0.0000	</row1>
			<row2>	-1.0000 0.0000 0.0000 0.0000	</row2>
			<row3>	-0.3306 0.6320 0.1942 1.0000	</row3>
		</transform>
	</node>
	<node>
		<identifier>	MP_CM012_Fire_Hose_Rack_1_INDEX_10	</identifier>
		<parent>	Scene Root	</parent>
		<transform>
			<row0>	-0.9991 0.0000 0.0415 0.0000	</row0>
			<row1>	0.0000 1.0000 0.0000 0.0000	</row1>
			<row2>	-0.0415 0.0000 -0.9991 0.0000	</row2>
			<row3>	0.6357 0.3100 -2.9119 1.0000	</row3>
		</transform>
	</node>
	<node>
		<identifier>	MP_CM012_Fire_Hose_Rack_1_INDEX_11	</identifier>
		<parent>	Scene Root	</parent>
		<transform>
			<row0>	-1.0000 0.0000 0.0000 0.0000	</row0>
			<row1>	0.0000 1.0000 0.0000 0.0000	</row1>
			<row2>	0.0000 0.0000 -1.0000 0.0000	</row2>
			<row3>	0.3261 0.4720 0.9067 1.0000	</row3>
		</transform>
	</node>
	<node>
		<identifier>	MP_CM012_Fire_Hose_Rack_1_INDEX_12	</identifier>
		<parent>	Scene Root	</parent>
		<transform>
			<row0>	0.6352 0.0000 -0.7723 0.0000	</row0>
			<row1>	0.0000 1.0000 0.0000 0.0000	</row1>
			<row2>	0.7723 0.0000 0.6352 0.0000	</row2>
			<row3>	-0.2016 0.4709 -3.9549 1.0000	</row3>
		</transform>
	</node>
	<node>
		<identifier>	MP_CM012_Fire_Hose_Rack_1_INDEX_13	</identifier>
		<parent>	Scene Root	</parent>
		<transform>
			<row0>	1.0000 0.0000 0.0000 0.0000	</row0>
			<row1>	0.0000 1.0000 0.0000 0.0000	</row1>
			<row2>	0.0000 0.0000 1.0000 0.0000	</row2>
			<row3>	-0.3261 0.4720 0.9067 1.0000	</row3>
		</transform>
	</node>
	<node>
		<identifier>	MP_CM012_Fire_Hose_Rack_1_INDEX_14	</identifier>
		<parent>	Scene Root	</parent>
		<transform>
			<row0>	1.0000 0.0000 0.0000 0.0000	</row0>
			<row1>	0.0000 1.0000 0.0000 0.0000	</row1>
			<row2>	0.0000 0.0000 1.0000 0.0000	</row2>
			<row3>	-0.5696 0.4752 -0.0180 1.0000	</row3>
		</transform>
	</node>
	<node>
		<identifier>	MP_CM012_Fire_Hose_Rack_1_INDEX_15	</identifier>
		<parent>	Scene Root	</parent>
		<transform>
			<row0>	0.9991 0.0000 0.0415 0.0000	</row0>
			<row1>	0.0000 1.0000 0.0000 0.0000	</row1>
			<row2>	-0.0415 0.0000 0.9991 0.0000	</row2>
			<row3>	-0.6357 0.3100 -2.9119 1.0000	</row3>
		</transform>
	</node>
	<node>
		<identifier>	MP_CM012_Fire_Hose_Rack_1_INDEX_16	</identifier>
		<parent>	Scene Root	</parent>
		<transform>
			<row0>	-0.8167 0.0000 0.5771 0.0000	</row0>
			<row1>	0.0000 1.0000 0.0000 0.0000	</row1>
			<row2>	-0.5771 0.0000 -0.8167 0.0000	</row2>
			<row3>	0.4832 0.3182 -0.6813 1.0000	</row3>
		</transform>
	</node>
	<node>
		<identifier>	MP_CM012_Fire_Hose_Rack_1_INDEX_17	</identifier>
		<parent>	Scene Root	</parent>
		<transform>
			<row0>	-0.6352 0.0000 -0.7723 0.0000	</row0>
			<row1>	0.0000 1.0000 0.0000 0.0000	</row1>
			<row2>	0.7723 0.0000 -0.6352 0.0000	</row2>
			<row3>	0.2016 0.4709 -3.9549 1.0000	</row3>
		</transform>
	</node>
	<node>
		<identifier>	MP_CM012_Fire_Hose_Rack_1_INDEX_18	</identifier>
		<parent>	Scene Root	</parent>
		<transform>
			<row0>	-0.9991 0.0000 0.0415 0.0000	</row0>
			<row1>	0.0000 1.0000 0.0000 0.0000	</row1>
			<row2>	-0.0415 0.0000 -0.9991 0.0000	</row2>
			<row3>	0.6372 0.3100 -2.8708 1.0000	</row3>
		</transform>
	</node>
	<node>
		<identifier>	MP_CM012_Fire_Hose_Rack_1_INDEX_19	</identifier>
		<parent>	Scene Root	</parent>
		<transform>
			<row0>	0.0000 0.0000 1.0000 0.0000	</row0>
			<row1>	0.0000 1.0000 0.0000 0.0000	</row1>
			<row2>	-1.0000 0.0000 0.0000 0.0000	</row2>
			<row3>	0.3306 0.6320 0.1942 1.0000	</row3>
		</transform>
	</node>
	<node>
		<identifier>	MP_CM012_Fire_Hose_Rack_1_INDEX_2	</identifier>
		<parent>	Scene Root	</parent>
		<transform>
			<row0>	0.9991 0.0000 0.0415 0.0000	</row0>
			<row1>	0.0000 1.0000 0.0000 0.0000	</row1>
			<row2>	-0.0415 0.0000 0.9991 0.0000	</row2>
			<row3>	-0.6372 0.3100 -2.8708 1.0000	</row3>
		</transform>
	</node>
	<node>
		<identifier>	MP_CM012_Fire_Hose_Rack_1_INDEX_20	</identifier>
		<parent>	Scene Root	</parent>
		<transform>
			<row0>	0.9366 0.0000 -0.3505 0.0000	</row0>
			<row1>	0.0000 1.0000 0.0000 0.0000	</row1>
			<row2>	0.3505 0.0000 0.9366 0.0000	</row2>
			<row3>	-0.3006 0.4835 -2.8405 1.0000	</row3>
		</transform>
	</node>
	<node>
		<identifier>	MP_CM012_Fire_Hose_Rack_1_INDEX_21	</identifier>
		<parent>	Scene Root	</parent>
		<transform>
			<row0>	-1.0000 0.0000 0.0000 0.0000	</row0>
			<row1>	0.0000 1.0000 0.0000 0.0000	</row1>
			<row2>	0.0000 0.0000 -1.0000 0.0000	</row2>
			<row3>	0.5696 0.4752 0.0213 1.0000	</row3>
		</transform>
	</node>
	<node>
		<identifier>	MP_CM012_Fire_Hose_Rack_1_INDEX_22	</identifier>
		<parent>	Scene Root	</parent>
		<transform>
			<row0>	1.0000 0.0000 0.0000 0.0000	</row0>
			<row1>	0.0000 1.0000 0.0000 0.0000	</row1>
			<row2>	0.0000 0.0000 1.0000 0.0000	</row2>
			<row3>	-0.5696 0.4752 -0.0563 1.0000	</row3>
		</transform>
	</node>
	<node>
		<identifier>	MP_CM012_Fire_Hose_Rack_1_INDEX_23	</identifier>
		<parent>	Scene Root	</parent>
		<transform>
			<row0>	-1.0000 0.0000 0.0000 0.0000	</row0>
			<row1>	0.0000 1.0000 0.0000 0.0000	</row1>
			<row2>	0.0000 0.0000 -1.0000 0.0000	</row2>
			<row3>	0.3267 0.6320 -0.6828 1.0000	</row3>
		</transform>
	</node>
	<node>
		<identifier>	MP_CM012_Fire_Hose_Rack_1_INDEX_24	</identifier>
		<parent>	Scene Root	</parent>
		<transform>
			<row0>	0.6379 0.0000 0.7701 0.0000	</row0>
			<row1>	0.0000 1.0000 0.0000 0.0000	</row1>
			<row2>	-0.7701 0.0000 0.6379 0.0000	</row2>
			<row3>	-0.2113 0.3193 -4.4391 1.0000	</row3>
		</transform>
	</node>
	<node>
		<identifier>	MP_CM012_Fire_Hose_Rack_1_INDEX_25	</identifier>
		<parent>	Scene Root	</parent>
		<transform>
			<row0>	1.0000 0.0000 0.0000 0.0000	</row0>
			<row1>	0.0000 1.0000 0.0000 0.0000	</row1>
			<row2>	0.0000 0.0000 1.0000 0.0000	</row2>
			<row3>	-0.3267 0.6320 -0.6828 1.0000	</row3>
		</transform>
	</node>
	<node>
		<identifier>	MP_CM012_Fire_Hose_Rack_1_INDEX_26	</identifier>
		<parent>	Scene Root	</parent>
		<transform>
			<row0>	1.0000 0.0000 0.0000 0.0000	</row0>
			<row1>	0.0000 1.0000 0.0000 0.0000	</row1>
			<row2>	0.0000 0.0000 1.0000 0.0000	</row2>
			<row3>	-0.5696 0.4752 0.0213 1.0000	</row3>
		</transform>
	</node>
	<node>
		<identifier>	MP_CM012_Fire_Hose_Rack_1_INDEX_27	</identifier>
		<parent>	Scene Root	</parent>
		<transform>
			<row0>	0.8167 0.0000 0.5771 0.0000	</row0>
			<row1>	0.0000 1.0000 0.0000 0.0000	</row1>
			<row2>	-0.5771 0.0000 0.8167 0.0000	</row2>
			<row3>	-0.4396 0.3182 -0.7430 1.0000	</row3>
		</transform>
	</node>
	<node>
		<identifier>	MP_CM012_Fire_Hose_Rack_1_INDEX_28	</identifier>
		<parent>	Scene Root	</parent>
		<transform>
			<row0>	0.9991 0.0000 0.0415 0.0000	</row0>
			<row1>	0.0000 1.0000 0.0000 0.0000	</row1>
			<row2>	-0.0415 0.0000 0.9991 0.0000	</row2>
			<row3>	-0.6390 0.3100 -2.8306 1.0000	</row3>
		</transform>
	</node>
	<node>
		<identifier>	MP_CM012_Fire_Hose_Rack_1_INDEX_29	</identifier>
		<parent>	Scene Root	</parent>
		<transform>
			<row0>	-0.9366 0.0000 -0.3505 0.0000	</row0>
			<row1>	0.0000 1.0000 0.0000 0.0000	</row1>
			<row2>	0.3505 0.0000 -0.9366 0.0000	</row2>
			<row3>	0.3006 0.4835 -2.8405 1.0000	</row3>
		</transform>
	</node>
	<node>
		<identifier>	MP_CM012_Fire_Hose_Rack_1_INDEX_3	</identifier>
		<parent>	Scene Root	</parent>
		<transform>
			<row0>	-1.0000 0.0000 0.0000 0.0000	</row0>
			<row1>	0.0000 1.0000 0.0000 0.0000	</row1>
			<row2>	0.0000 0.0000 -1.0000 0.0000	</row2>
			<row3>	0.5696 0.4752 -0.0180 1.0000	</row3>
		</transform>
	</node>
	<node>
		<identifier>	MP_CM012_Fire_Hose_Rack_1_INDEX_30	</identifier>
		<parent>	Scene Root	</parent>
		<transform>
			<row0>	-1.0000 0.0000 0.0000 0.0000	</row0>
			<row1>	0.0000 1.0000 0.0000 0.0000	</row1>
			<row2>	0.0000 0.0000 -1.0000 0.0000	</row2>
			<row3>	0.5696 0.4752 -0.0563 1.0000	</row3>
		</transform>
	</node>
	<node>
		<identifier>	MP_CM012_Fire_Hose_Rack_1_INDEX_4	</identifier>
		<parent>	Scene Root	</parent>
		<transform>
			<row0>	0.8167 0.0000 0.5771 0.0000	</row0>
			<row1>	0.0000 1.0000 0.0000 0.0000	</row1>
			<row2>	-0.5771 0.0000 0.8167 0.0000	</row2>
			<row3>	-0.4832 0.3182 -0.6813 1.0000	</row3>
		</transform>
	</node>
	<node>
		<identifier>	MP_CM012_Fire_Hose_Rack_1_INDEX_5	</identifier>
		<parent>	Scene Root	</parent>
		<transform>
			<row0>	0.8167 0.0000 0.5771 0.0000	</row0>
			<row1>	0.0000 1.0000 0.0000 0.0000	</row1>
			<row2>	-0.5771 0.0000 0.8167 0.0000	</row2>
			<row3>	-0.4612 0.3182 -0.7124 1.0000	</row3>
		</transform>
	</node>
	<node>
		<identifier>	MP_CM012_Fire_Hose_Rack_1_INDEX_6	</identifier>
		<parent>	Scene Root	</parent>
		<transform>
			<row0>	-0.8167 0.0000 0.5771 0.0000	</row0>
			<row1>	0.0000 1.0000 0.0000 0.0000	</row1>
			<row2>	-0.5771 0.0000 -0.8167 0.0000	</row2>
			<row3>	0.4612 0.3182 -0.7124 1.0000	</row3>
		</transform>
	</node>
	<node>
		<identifier>	MP_CM012_Fire_Hose_Rack_1_INDEX_7	</identifier>
		<parent>	Scene Root	</parent>
		<transform>
			<row0>	-0.9405 0.0000 0.3398 0.0000	</row0>
			<row1>	0.0000 1.0000 0.0000 0.0000	</row1>
			<row2>	-0.3398 0.0000 -0.9405 0.0000	</row2>
			<row3>	-0.3218 0.7700 -2.9172 1.0000	</row3>
		</transform>
	</node>
	<node>
		<identifier>	MP_CM012_Fire_Hose_Rack_1_INDEX_8	</identifier>
		<parent>	Scene Root	</parent>
		<transform>
			<row0>	-0.8167 0.0000 0.5771 0.0000	</row0>
			<row1>	0.0000 1.0000 0.0000 0.0000	</row1>
			<row2>	-0.5771 0.0000 -0.8167 0.0000	</row2>
			<row3>	0.4396 0.3182 -0.7430 1.0000	</row3>
		</transform>
	</node>
	<node>
		<identifier>	MP_CM012_Fire_Hose_Rack_1_INDEX_9	</identifier>
		<parent>	Scene Root	</parent>
		<transform>
			<row0>	-0.9991 0.0000 0.0415 0.0000	</row0>
			<row1>	0.0000 1.0000 0.0000 0.0000	</row1>
			<row2>	-0.0415 0.0000 -0.9991 0.0000	</row2>
			<row3>	0.6390 0.3100 -2.8306 1.0000	</row3>
		</transform>
	</node>
	<node>
		<identifier>	MP_CM029_Emergency_Box	</identifier>
		<parent>	Scene Root	</parent>
		<transform>
			<row0>	0.0000 0.0000 -1.0000 0.0000	</row0>
			<row1>	0.0000 1.0000 0.0000 0.0000	</row1>
			<row2>	1.0000 0.0000 0.0000 0.0000	</row2>
			<row3>	-0.1257 0.8051 -3.1856 1.0000	</row3>
		</transform>
	</node>
	<node>
		<identifier>	MP_CM029_Emergency_Box_INDEX_1	</identifier>
		<parent>	Scene Root	</parent>
		<transform>
			<row0>	-1.0000 0.0000 0.0000 0.0000	</row0>
			<row1>	0.0000 1.0000 0.0000 0.0000	</row1>
			<row2>	0.0000 0.0000 -1.0000 0.0000	</row2>
			<row3>	0.1568 0.6519 -0.5794 1.0000	</row3>
		</transform>
	</node>
	<node>
		<identifier>	MP_CM029_Emergency_Box_INDEX_10	</identifier>
		<parent>	Scene Root	</parent>
		<transform>
			<row0>	-1.0000 0.0000 0.0000 0.0000	</row0>
			<row1>	0.0000 1.0000 0.0000 0.0000	</row1>
			<row2>	0.0000 0.0000 -1.0000 0.0000	</row2>
			<row3>	0.0601 0.9581 -2.8955 1.0000	</row3>
		</transform>
	</node>
	<node>
		<identifier>	MP_CM029_Emergency_Box_INDEX_2	</identifier>
		<parent>	Scene Root	</parent>
		<transform>
			<row0>	-1.0000 0.0000 0.0000 0.0000	</row0>
			<row1>	0.0000 1.0000 0.0000 0.0000	</row1>
			<row2>	0.0000 0.0000 -1.0000 0.0000	</row2>
			<row3>	-0.1568 0.6519 -0.5794 1.0000	</row3>
		</transform>
	</node>
	<node>
		<identifier>	MP_CM029_Emergency_Box_INDEX_3	</identifier>
		<parent>	Scene Root	</parent>
		<transform>
			<row0>	-0.2225 0.0000 -0.9749 0.0000	</row0>
			<row1>	0.0000 1.0000 0.0000 0.0000	</row1>
			<row2>	0.9749 0.0000 -0.2225 0.0000	</row2>
			<row3>	-0.1241 0.8041 -0.7627 1.0000	</row3>
		</transform>
	</node>
	<node>
		<identifier>	MP_CM029_Emergency_Box_INDEX_4	</identifier>
		<parent>	Scene Root	</parent>
		<transform>
			<row0>	-0.3160 0.0000 -0.9488 0.0000	</row0>
			<row1>	0.0000 1.0000 0.0000 0.0000	</row1>
			<row2>	0.9488 0.0000 -0.3160 0.0000	</row2>
			<row3>	-0.1125 0.8949 -0.0015 1.0000	</row3>
		</transform>
	</node>
	<node>
		<identifier>	MP_CM029_Emergency_Box_INDEX_5	</identifier>
		<parent>	Scene Root	</parent>
		<transform>
			<row0>	-0.3160 0.0000 0.9488 0.0000	</row0>
			<row1>	0.0000 1.0000 0.0000 0.0000	</row1>
			<row2>	-0.9488 0.0000 -0.3160 0.0000	</row2>
			<row3>	0.1125 0.8949 -0.0015 1.0000	</row3>
		</transform>
	</node>
	<node>
		<identifier>	MP_CM029_Emergency_Box_INDEX_6	</identifier>
		<parent>	Scene Root	</parent>
		<transform>
			<row0>	-0.0613 0.0000 -0.9981 0.0000	</row0>
			<row1>	0.0000 1.0000 0.0000 0.0000	</row1>
			<row2>	0.9981 0.0000 -0.0613 0.0000	</row2>
			<row3>	-0.3802 0.3527 -3.7084 1.0000	</row3>
		</transform>
	</node>
	<node>
		<identifier>	MP_CM029_Emergency_Box_INDEX_7	</identifier>
		<parent>	Scene Root	</parent>
		<transform>
			<row0>	-0.2225 0.0000 0.9749 0.0000	</row0>
			<row1>	0.0000 1.0000 0.0000 0.0000	</row1>
			<row2>	-0.9749 0.0000 -0.2225 0.0000	</row2>
			<row3>	0.1241 0.8041 -0.7627 1.0000	</row3>
		</transform>
	</node>
	<node>
		<identifier>	MP_CM029_Emergency_Box_INDEX_8	</identifier>
		<parent>	Scene Root	</parent>
		<transform>
			<row0>	-0.0613 0.0000 0.9981 0.0000	</row0>
			<row1>	0.0000 1.0000 0.0000 0.0000	</row1>
			<row2>	-0.9981 0.0000 -0.0613 0.0000	</row2>
			<row3>	0.3802 0.3527 -3.7084 1.0000	</row3>
		</transform>
	</node>
	<node>
		<identifier>	MP_CM029_Emergency_Box_INDEX_9	</identifier>
		<parent>	Scene Root	</parent>
		<transform>
			<row0>	0.0000 0.0000 1.0000 0.0000	</row0>
			<row1>	0.0000 1.0000 0.0000 0.0000	</row1>
			<row2>	-1.0000 0.0000 0.0000 0.0000	</row2>
			<row3>	0.1257 0.8051 -3.1856 1.0000	</row3>
		</transform>
	</node>
	<node>
		<identifier>	MP_CM030_Swab_Rack_2	</identifier>
		<parent>	Scene Root	</parent>
		<transform>
			<row0>	0.3420 0.0000 0.9397 0.0000	</row0>
			<row1>	0.0000 1.0000 0.0000 0.0000	</row1>
			<row2>	-0.9397 0.0000 0.3420 0.0000	</row2>
			<row3>	-0.2571 0.4241 -2.7217 1.0000	</row3>
		</transform>
	</node>
	<node>
		<identifier>	MP_CM030_Swab_Rack_2_INDEX_1	</identifier>
		<parent>	Scene Root	</parent>
		<transform>
			<row0>	-1.0000 0.0000 0.0000 0.0000	</row0>
			<row1>	0.0000 1.0000 0.0000 0.0000	</row1>
			<row2>	0.0000 0.0000 -1.0000 0.0000	</row2>
			<row3>	0.3614 0.2664 -3.9961 1.0000	</row3>
		</transform>
	</node>
	<node>
		<identifier>	MP_CM030_Swab_Rack_2_INDEX_2	</identifier>
		<parent>	Scene Root	</parent>
		<transform>
			<row0>	-1.0000 0.0000 0.0000 0.0000	</row0>
			<row1>	0.0000 1.0000 0.0000 0.0000	</row1>
			<row2>	0.0000 0.0000 -1.0000 0.0000	</row2>
			<row3>	-0.3614 0.2664 -3.9961 1.0000	</row3>
		</transform>
	</node>
	<node>
		<identifier>	MP_CM030_Swab_Rack_2_INDEX_3	</identifier>
		<parent>	Scene Root	</parent>
		<transform>
			<row0>	0.3420 0.0000 -0.9397 0.0000	</row0>
			<row1>	0.0000 1.0000 0.0000 0.0000	</row1>
			<row2>	0.9397 0.0000 0.3420 0.0000	</row2>
			<row3>	0.2571 0.4241 -2.7217 1.0000	</row3>
		</transform>
	</node>
	<node>
		<identifier>	MP_CM052_Fender	</identifier>
		<parent>	Scene Root	</parent>
		<transform>
			<row0>	0.0000 0.0000 1.0000 0.0000	</row0>
			<row1>	0.0000 1.0000 0.0000 0.0000	</row1>
			<row2>	-1.0000 0.0000 0.0000 0.0000	</row2>
			<row3>	-0.6796 0.2569 -1.6743 1.0000	</row3>
		</transform>
	</node>
	<node>
		<identifier>	MP_CM052_Fender_INDEX_1	</identifier>
		<parent>	Scene Root	</parent>
		<transform>
			<row0>	-0.2903 0.0000 0.9569 0.0000	</row0>
			<row1>	0.0000 1.0000 0.0000 0.0000	</row1>
			<row2>	-0.9569 0.0000 -0.2903 0.0000	</row2>
			<row3>	-0.3362 0.2667 -4.2910 1.0000	</row3>
		</transform>
	</node>
	<node>
		<identifier>	MP_CM052_Fender_INDEX_2	</identifier>
		<parent>	Scene Root	</parent>
		<transform>
			<row0>	0.0000 0.0000 1.0000 0.0000	</row0>
			<row1>	0.0000 1.0000 0.0000 0.0000	</row1>
			<row2>	-1.0000 0.0000 0.0000 0.0000	</row2>
			<row3>	-0.5991 0.4173 0.3624 1.0000	</row3>
		</transform>
	</node>
	<node>
		<identifier>	MP_CM052_Fender_INDEX_3	</identifier>
		<parent>	Scene Root	</parent>
		<transform>
			<row0>	-0.6343 0.0000 -0.7731 0.0000	</row0>
			<row1>	0.0000 1.0000 0.0000 0.0000	</row1>
			<row2>	0.7731 0.0000 -0.6343 0.0000	</row2>
			<row3>	0.2696 0.2666 -4.4211 1.0000	</row3>
		</transform>
	</node>
	<node>
		<identifier>	MP_CM052_Fender_INDEX_4	</identifier>
		<parent>	Scene Root	</parent>
		<transform>
			<row0>	0.0000 0.0000 -1.0000 0.0000	</row0>
			<row1>	0.0000 1.0000 0.0000 0.0000	</row1>
			<row2>	1.0000 0.0000 0.0000 0.0000	</row2>
			<row3>	0.5991 0.4173 0.3624 1.0000	</row3>
		</transform>
	</node>
	<node>
		<identifier>	MP_CM052_Fender_INDEX_5	</identifier>
		<parent>	Scene Root	</parent>
		<transform>
			<row0>	0.0000 0.0000 -1.0000 0.0000	</row0>
			<row1>	0.0000 1.0000 0.0000 0.0000	</row1>
			<row2>	1.0000 0.0000 0.0000 0.0000	</row2>
			<row3>	0.6796 0.2569 -1.6743 1.0000	</row3>
		</transform>
	</node>
	<node>
		<identifier>	MP_CM104_Life_Buoy	</identifier>
		<parent>	Scene Root	</parent>
		<transform>
			<row0>	0.0000 0.0000 1.0000 0.0000	</row0>
			<row1>	0.0000 1.0000 0.0000 0.0000	</row1>
			<row2>	-1.0000 0.0000 0.0000 0.0000	</row2>
			<row3>	0.9852 0.3116 -1.6163 1.0000	</row3>
		</transform>
	</node>
	<node>
		<identifier>	MP_CM104_Life_Buoy_INDEX_1	</identifier>
		<parent>	Scene Root	</parent>
		<transform>
			<row0>	-0.0132 0.0000 0.9999 0.0000	</row0>
			<row1>	0.0000 1.0000 0.0000 0.0000	</row1>
			<row2>	-0.9999 0.0000 -0.0132 0.0000	</row2>
			<row3>	0.9573 0.4693 0.3123 1.0000	</row3>
		</transform>
	</node>
	<node>
		<identifier>	MP_CM104_Life_Buoy_INDEX_2	</identifier>
		<parent>	Scene Root	</parent>
		<transform>
			<row0>	-0.0132 0.0000 -0.9999 0.0000	</row0>
			<row1>	0.0000 1.0000 0.0000 0.0000	</row1>
			<row2>	0.9999 0.0000 -0.0132 0.0000	</row2>
			<row3>	-0.9573 0.4693 0.3123 1.0000	</row3>
		</transform>
	</node>
	<node>
		<identifier>	MP_CM104_Life_Buoy_INDEX_3	</identifier>
		<parent>	Scene Root	</parent>
		<transform>
			<row0>	0.0000 0.0000 -1.0000 0.0000	</row0>
			<row1>	0.0000 1.0000 0.0000 0.0000	</row1>
			<row2>	1.0000 0.0000 0.0000 0.0000	</row2>
			<row3>	-0.9852 0.3116 -1.6163 1.0000	</row3>
		</transform>
	</node>
	<node>
		<identifier>	MP_CM126_Cleat	</identifier>
		<parent>	Scene Root	</parent>
		<transform>
			<row0>	0.3561 -0.4829 0.0000 0.0000	</row0>
			<row1>	0.0000 0.0000 0.6000 0.0000	</row1>
			<row2>	-0.4829 -0.3561 0.0000 0.0000	</row2>
			<row3>	-0.1336 0.9424 -2.8042 1.0000	</row3>
		</transform>
	</node>
	<node>
		<identifier>	MP_CM126_Cleat_INDEX_1	</identifier>
		<parent>	Scene Root	</parent>
		<transform>
			<row0>	0.3561 -0.4829 0.0000 0.0000	</row0>
			<row1>	0.0000 0.0000 0.6000 0.0000	</row1>
			<row2>	-0.4829 -0.3561 0.0000 0.0000	</row2>
			<row3>	-0.1566 0.9424 -2.8042 1.0000	</row3>
		</transform>
	</node>
	<node>
		<identifier>	MP_CM126_Cleat_INDEX_2	</identifier>
		<parent>	Scene Root	</parent>
		<transform>
			<row0>	0.3561 0.4829 0.0000 0.0000	</row0>
			<row1>	0.0000 0.0000 0.6000 0.0000	</row1>
			<row2>	0.4829 -0.3561 0.0000 0.0000	</row2>
			<row3>	0.1797 0.9424 -2.8042 1.0000	</row3>
		</transform>
	</node>
	<node>
		<identifier>	MP_CM126_Cleat_INDEX_3	</identifier>
		<parent>	Scene Root	</parent>
		<transform>
			<row0>	0.3561 0.4829 0.0000 0.0000	</row0>
			<row1>	0.0000 0.0000 0.6000 0.0000	</row1>
			<row2>	0.4829 -0.3561 0.0000 0.0000	</row2>
			<row3>	0.1566 0.9424 -2.8042 1.0000	</row3>
		</transform>
	</node>
	<node>
		<identifier>	MP_CM126_Cleat_INDEX_4	</identifier>
		<parent>	Scene Root	</parent>
		<transform>
			<row0>	0.3561 0.4829 0.0000 0.0000	</row0>
			<row1>	0.0000 0.0000 0.6000 0.0000	</row1>
			<row2>	0.4829 -0.3561 0.0000 0.0000	</row2>
			<row3>	0.1336 0.9424 -2.8042 1.0000	</row3>
		</transform>
	</node>
	<node>
		<identifier>	MP_CM126_Cleat_INDEX_5	</identifier>
		<parent>	Scene Root	</parent>
		<transform>
			<row0>	0.3561 -0.4829 0.0000 0.0000	</row0>
			<row1>	0.0000 0.0000 0.6000 0.0000	</row1>
			<row2>	-0.4829 -0.3561 0.0000 0.0000	</row2>
			<row3>	-0.1108 0.9424 -2.8042 1.0000	</row3>
		</transform>
	</node>
	<node>
		<identifier>	MP_CM126_Cleat_INDEX_6	</identifier>
		<parent>	Scene Root	</parent>
		<transform>
			<row0>	0.3561 0.4829 0.0000 0.0000	</row0>
			<row1>	0.0000 0.0000 0.6000 0.0000	</row1>
			<row2>	0.4829 -0.3561 0.0000 0.0000	</row2>
			<row3>	0.1108 0.9424 -2.8042 1.0000	</row3>
		</transform>
	</node>
	<node>
		<identifier>	MP_CM126_Cleat_INDEX_7	</identifier>
		<parent>	Scene Root	</parent>
		<transform>
			<row0>	-0.5566 0.0000 -0.2241 0.0000	</row0>
			<row1>	0.2228 0.0632 -0.5535 0.0000	</row1>
			<row2>	0.0236 -0.5967 -0.0586 0.0000	</row2>
			<row3>	-0.0700 1.2680 -2.7819 1.0000	</row3>
		</transform>
	</node>
	<node>
		<identifier>	MP_CM126_Cleat_INDEX_8	</identifier>
		<parent>	Scene Root	</parent>
		<transform>
			<row0>	0.3561 -0.4829 0.0000 0.0000	</row0>
			<row1>	0.0000 0.0000 0.6000 0.0000	</row1>
			<row2>	-0.4829 -0.3561 0.0000 0.0000	</row2>
			<row3>	-0.1797 0.9424 -2.8042 1.0000	</row3>
		</transform>
	</node>
	<node>
		<identifier>	MP_VM007_Turtles_box	</identifier>
		<parent>	Scene Root	</parent>
		<transform>
			<row0>	0.9755 0.0000 0.2200 0.0000	</row0>
			<row1>	0.0000 1.0000 0.0000 0.0000	</row1>
			<row2>	-0.2200 0.0000 0.9755 0.0000	</row2>
			<row3>	-0.2627 0.6054 -0.5872 1.0000	</row3>
		</transform>
	</node>
	<node>
		<identifier>	MP_VM007_Turtles_box_INDEX_1	</identifier>
		<parent>	Scene Root	</parent>
		<transform>
			<row0>	0.0000 0.0000 1.0000 0.0000	</row0>
			<row1>	0.0000 1.0000 0.0000 0.0000	</row1>
			<row2>	-1.0000 0.0000 0.0000 0.0000	</row2>
			<row3>	-0.1223 0.7635 -3.3643 1.0000	</row3>
		</transform>
	</node>
	<node>
		<identifier>	MP_VM007_Turtles_box_INDEX_10	</identifier>
		<parent>	Scene Root	</parent>
		<transform>
			<row0>	1.0000 0.0000 0.0000 0.0000	</row0>
			<row1>	0.0000 1.0000 0.0000 0.0000	</row1>
			<row2>	0.0000 0.0000 1.0000 0.0000	</row2>
			<row3>	0.3349 0.5962 0.2018 1.0000	</row3>
		</transform>
	</node>
	<node>
		<identifier>	MP_VM007_Turtles_box_INDEX_11	</identifier>
		<parent>	Scene Root	</parent>
		<transform>
			<row0>	0.1728 0.0000 0.9850 0.0000	</row0>
			<row1>	0.0000 1.0000 0.0000 0.0000	</row1>
			<row2>	-0.9850 0.0000 0.1728 0.0000	</row2>
			<row3>	-0.1167 0.8437 -0.0379 1.0000	</row3>
		</transform>
	</node>
	<node>
		<identifier>	MP_VM007_Turtles_box_INDEX_12	</identifier>
		<parent>	Scene Root	</parent>
		<transform>
			<row0>	1.0000 0.0000 0.0000 0.0000	</row0>
			<row1>	0.0000 1.0000 0.0000 0.0000	</row1>
			<row2>	0.0000 0.0000 1.0000 0.0000	</row2>
			<row3>	-0.3349 0.5962 0.2018 1.0000	</row3>
		</transform>
	</node>
	<node>
		<identifier>	MP_VM007_Turtles_box_INDEX_13	</identifier>
		<parent>	Scene Root	</parent>
		<transform>
			<row0>	-0.1704 0.0000 -0.9854 0.0000	</row0>
			<row1>	0.0000 1.0000 0.0000 0.0000	</row1>
			<row2>	0.9854 0.0000 -0.1704 0.0000	</row2>
			<row3>	0.1167 0.8437 -0.1554 1.0000	</row3>
		</transform>
	</node>
	<node>
		<identifier>	MP_VM007_Turtles_box_INDEX_14	</identifier>
		<parent>	Scene Root	</parent>
		<transform>
			<row0>	0.8241 0.0000 -0.5665 0.0000	</row0>
			<row1>	0.0000 1.0000 0.0000 0.0000	</row1>
			<row2>	0.5665 0.0000 0.8241 0.0000	</row2>
			<row3>	0.0398 0.9136 -0.8294 1.0000	</row3>
		</transform>
	</node>
	<node>
		<identifier>	MP_VM007_Turtles_box_INDEX_15	</identifier>
		<parent>	Scene Root	</parent>
		<transform>
			<row0>	0.5157 0.0000 0.8568 0.0000	</row0>
			<row1>	0.0000 1.0000 0.0000 0.0000	</row1>
			<row2>	-0.8568 0.0000 0.5157 0.0000	</row2>
			<row3>	-0.1024 0.7659 -0.7202 1.0000	</row3>
		</transform>
	</node>
	<node>
		<identifier>	MP_VM007_Turtles_box_INDEX_16	</identifier>
		<parent>	Scene Root	</parent>
		<transform>
			<row0>	-0.9229 0.0000 0.3851 0.0000	</row0>
			<row1>	0.0000 1.0000 0.0000 0.0000	</row1>
			<row2>	-0.3851 0.0000 -0.9229 0.0000	</row2>
			<row3>	-0.0509 0.9025 -3.2954 1.0000	</row3>
		</transform>
	</node>
	<node>
		<identifier>	MP_VM007_Turtles_box_INDEX_2	</identifier>
		<parent>	Scene Root	</parent>
		<transform>
			<row0>	0.0000 0.0000 -1.0000 0.0000	</row0>
			<row1>	0.0000 1.0000 0.0000 0.0000	</row1>
			<row2>	1.0000 0.0000 0.0000 0.0000	</row2>
			<row3>	0.1223 0.7635 -3.3643 1.0000	</row3>
		</transform>
	</node>
	<node>
		<identifier>	MP_VM007_Turtles_box_INDEX_3	</identifier>
		<parent>	Scene Root	</parent>
		<transform>
			<row0>	1.0000 0.0000 0.0000 0.0000	</row0>
			<row1>	0.0000 1.0000 0.0000 0.0000	</row1>
			<row2>	0.0000 0.0000 1.0000 0.0000	</row2>
			<row3>	-0.0563 0.9016 -2.8986 1.0000	</row3>
		</transform>
	</node>
	<node>
		<identifier>	MP_VM007_Turtles_box_INDEX_4	</identifier>
		<parent>	Scene Root	</parent>
		<transform>
			<row0>	-0.1704 0.0000 0.9854 0.0000	</row0>
			<row1>	0.0000 1.0000 0.0000 0.0000	</row1>
			<row2>	-0.9854 0.0000 -0.1704 0.0000	</row2>
			<row3>	-0.1167 0.8437 -0.1554 1.0000	</row3>
		</transform>
	</node>
	<node>
		<identifier>	MP_VM007_Turtles_box_INDEX_5	</identifier>
		<parent>	Scene Root	</parent>
		<transform>
			<row0>	0.0460 0.0000 0.9989 0.0000	</row0>
			<row1>	0.0000 1.0000 0.0000 0.0000	</row1>
			<row2>	-0.9989 0.0000 0.0460 0.0000	</row2>
			<row3>	-0.3656 0.3154 -3.4767 1.0000	</row3>
		</transform>
	</node>
	<node>
		<identifier>	MP_VM007_Turtles_box_INDEX_6	</identifier>
		<parent>	Scene Root	</parent>
		<transform>
			<row0>	0.1728 0.0000 -0.9850 0.0000	</row0>
			<row1>	0.0000 1.0000 0.0000 0.0000	</row1>
			<row2>	0.9850 0.0000 0.1728 0.0000	</row2>
			<row3>	0.1167 0.8437 -0.0379 1.0000	</row3>
		</transform>
	</node>
	<node>
		<identifier>	MP_VM007_Turtles_box_INDEX_7	</identifier>
		<parent>	Scene Root	</parent>
		<transform>
			<row0>	0.5157 0.0000 -0.8568 0.0000	</row0>
			<row1>	0.0000 1.0000 0.0000 0.0000	</row1>
			<row2>	0.8568 0.0000 0.5157 0.0000	</row2>
			<row3>	0.1024 0.7659 -0.7202 1.0000	</row3>
		</transform>
	</node>
	<node>
		<identifier>	MP_VM007_Turtles_box_INDEX_8	</identifier>
		<parent>	Scene Root	</parent>
		<transform>
			<row0>	0.0460 0.0000 -0.9989 0.0000	</row0>
			<row1>	0.0000 1.0000 0.0000 0.0000	</row1>
			<row2>	0.9989 0.0000 0.0460 0.0000	</row2>
			<row3>	0.3656 0.3154 -3.4767 1.0000	</row3>
		</transform>
	</node>
	<node>
		<identifier>	MP_VM007_Turtles_box_INDEX_9	</identifier>
		<parent>	Scene Root	</parent>
		<transform>
			<row0>	0.9755 0.0000 -0.2200 0.0000	</row0>
			<row1>	0.0000 1.0000 0.0000 0.0000	</row1>
			<row2>	0.2200 0.0000 0.9755 0.0000	</row2>
			<row3>	0.2627 0.6054 -0.5872 1.0000	</row3>
		</transform>
	</node>
	<node>
		<identifier>	MP_VM014_Filling_Connection	</identifier>
		<parent>	Scene Root	</parent>
		<transform>
			<row0>	0.0000 0.0000 -1.0000 0.0000	</row0>
			<row1>	0.0000 1.0000 0.0000 0.0000	</row1>
			<row2>	1.0000 0.0000 0.0000 0.0000	</row2>
			<row3>	-0.9724 0.2455 -0.0217 1.0000	</row3>
		</transform>
	</node>
	<node>
		<identifier>	MP_VM014_Filling_Connection_INDEX_1	</identifier>
		<parent>	Scene Root	</parent>
		<transform>
			<row0>	0.0000 0.0000 -1.0000 0.0000	</row0>
			<row1>	0.0000 1.0000 0.0000 0.0000	</row1>
			<row2>	1.0000 0.0000 0.0000 0.0000	</row2>
			<row3>	0.9724 0.2455 -0.0217 1.0000	</row3>
		</transform>
	</node>
	<node>
		<identifier>	MP_VM016_Reels	</identifier>
		<parent>	Scene Root	</parent>
		<transform>
			<row0>	0.6004 0.0000 0.8376 0.0000	</row0>
			<row1>	0.0365 1.2965 -0.0261 0.0000	</row1>
			<row2>	-1.0537 0.0449 0.7553 0.0000	</row2>
			<row3>	0.6454 0.2526 -0.5242 1.0000	</row3>
		</transform>
	</node>
	<node>
		<identifier>	MP_VM016_Reels_INDEX_1	</identifier>
		<parent>	Scene Root	</parent>
		<transform>
			<row0>	0.0000 0.0000 -1.0306 0.0000	</row0>
			<row1>	-0.0570 1.2960 0.0000 0.0000	</row1>
			<row2>	1.2960 0.0570 0.0000 0.0000	</row2>
			<row3>	-0.6073 0.4117 0.1050 1.0000	</row3>
		</transform>
	</node>
	<node>
		<identifier>	MP_VM016_Reels_INDEX_10	</identifier>
		<parent>	Scene Root	</parent>
		<transform>
			<row0>	0.7005 0.0000 0.9773 0.0000	</row0>
			<row1>	0.0406 1.5128 -0.0291 0.0000	</row1>
			<row2>	-1.2295 0.0500 0.8813 0.0000	</row2>
			<row3>	0.5800 0.2542 -3.9752 1.0000	</row3>
		</transform>
	</node>
	<node>
		<identifier>	MP_VM016_Reels_INDEX_11	</identifier>
		<parent>	Scene Root	</parent>
		<transform>
			<row0>	0.0000 0.0000 1.0000 0.0000	</row0>
			<row1>	0.0000 1.2972 0.0000 0.0000	</row1>
			<row2>	-1.2972 0.0000 0.0000 0.0000	</row2>
			<row3>	-0.1564 0.5725 -0.1551 1.0000	</row3>
		</transform>
	</node>
	<node>
		<identifier>	MP_VM016_Reels_INDEX_12	</identifier>
		<parent>	Scene Root	</parent>
		<transform>
			<row0>	0.6004 0.0000 -0.8376 0.0000	</row0>
			<row1>	0.0000 1.2972 0.0000 0.0000	</row1>
			<row2>	1.0544 0.0000 0.7558 0.0000	</row2>
			<row3>	-0.6454 0.2526 -0.5242 1.0000	</row3>
		</transform>
	</node>
	<node>
		<identifier>	MP_VM016_Reels_INDEX_13	</identifier>
		<parent>	Scene Root	</parent>
		<transform>
			<row0>	0.0000 0.0000 -1.0000 0.0000	</row0>
			<row1>	0.0000 1.2972 0.0000 0.0000	</row1>
			<row2>	1.2972 0.0000 0.0000 0.0000	</row2>
			<row3>	0.1564 0.5725 -0.1551 1.0000	</row3>
		</transform>
	</node>
	<node>
		<identifier>	MP_VM016_Reels_INDEX_2	</identifier>
		<parent>	Scene Root	</parent>
		<transform>
			<row0>	0.9225 0.0000 0.0000 0.0000	</row0>
			<row1>	0.0000 1.1612 0.0000 0.0000	</row1>
			<row2>	0.0000 0.0000 1.1612 0.0000	</row2>
			<row3>	-0.1054 0.2636 -4.5817 1.0000	</row3>
		</transform>
	</node>
	<node>
		<identifier>	MP_VM016_Reels_INDEX_3	</identifier>
		<parent>	Scene Root	</parent>
		<transform>
			<row0>	0.0000 0.0000 -1.0306 0.0000	</row0>
			<row1>	-0.0570 1.2960 0.0000 0.0000	</row1>
			<row2>	1.2960 0.0570 0.0000 0.0000	</row2>
			<row3>	-0.6073 0.4117 0.2671 1.0000	</row3>
		</transform>
	</node>
	<node>
		<identifier>	MP_VM016_Reels_INDEX_4	</identifier>
		<parent>	Scene Root	</parent>
		<transform>
			<row0>	0.9225 0.0000 0.0000 0.0000	</row0>
			<row1>	0.0000 1.1612 0.0000 0.0000	</row1>
			<row2>	0.0000 0.0000 1.1612 0.0000	</row2>
			<row3>	0.1054 0.2636 -4.5817 1.0000	</row3>
		</transform>
	</node>
	<node>
		<identifier>	MP_VM016_Reels_INDEX_5	</identifier>
		<parent>	Scene Root	</parent>
		<transform>
			<row0>	0.0000 0.0000 1.0000 0.0000	</row0>
			<row1>	0.0000 1.2972 0.0000 0.0000	</row1>
			<row2>	-1.2972 0.0000 0.0000 0.0000	</row2>
			<row3>	-0.1564 0.5725 -0.0393 1.0000	</row3>
		</transform>
	</node>
	<node>
		<identifier>	MP_VM016_Reels_INDEX_6	</identifier>
		<parent>	Scene Root	</parent>
		<transform>
			<row0>	0.0000 0.0000 1.0306 0.0000	</row0>
			<row1>	0.0570 1.2960 0.0000 0.0000	</row1>
			<row2>	-1.2960 0.0570 0.0000 0.0000	</row2>
			<row3>	0.6073 0.4117 0.1050 1.0000	</row3>
		</transform>
	</node>
	<node>
		<identifier>	MP_VM016_Reels_INDEX_7	</identifier>
		<parent>	Scene Root	</parent>
		<transform>
			<row0>	0.0000 0.0000 -1.0000 0.0000	</row0>
			<row1>	0.0000 1.2972 0.0000 0.0000	</row1>
			<row2>	1.2972 0.0000 0.0000 0.0000	</row2>
			<row3>	0.1564 0.5725 -0.0393 1.0000	</row3>
		</transform>
	</node>
	<node>
		<identifier>	MP_VM016_Reels_INDEX_8	</identifier>
		<parent>	Scene Root	</parent>
		<transform>
			<row0>	0.7005 0.0000 -0.9773 0.0000	</row0>
			<row1>	0.0000 1.5136 0.0000 0.0000	</row1>
			<row2>	1.2302 0.0000 0.8818 0.0000	</row2>
			<row3>	-0.5800 0.2542 -3.9752 1.0000	</row3>
		</transform>
	</node>
	<node>
		<identifier>	MP_VM016_Reels_INDEX_9	</identifier>
		<parent>	Scene Root	</parent>
		<transform>
			<row0>	0.0000 0.0000 1.0306 0.0000	</row0>
			<row1>	0.0570 1.2960 0.0000 0.0000	</row1>
			<row2>	-1.2960 0.0570 0.0000 0.0000	</row2>
			<row3>	0.6073 0.4117 0.2671 1.0000	</row3>
		</transform>
	</node>
	<node>
		<identifier>	MP_VM030_Loading_Bofors	</identifier>
		<parent>	Scene Root	</parent>
		<transform>
			<row0>	1.0000 0.0000 0.0000 0.0000	</row0>
			<row1>	0.0000 1.0000 0.0000 0.0000	</row1>
			<row2>	0.0000 0.0000 1.0000 0.0000	</row2>
			<row3>	0.1682 0.7293 -2.7549 1.0000	</row3>
		</transform>
	</node>
	<node>
		<identifier>	MP_VM034_5in_Ammo_Hoist	</identifier>
		<parent>	Scene Root	</parent>
		<transform>
			<row0>	0.0000 0.0000 1.0000 0.0000	</row0>
			<row1>	0.0000 1.0000 0.0000 0.0000	</row1>
			<row2>	-1.0000 0.0000 0.0000 0.0000	</row2>
			<row3>	0.2999 0.5757 0.7592 1.0000	</row3>
		</transform>
	</node>
	<node>
		<identifier>	MP_VM034_5in_Ammo_Hoist_INDEX_1	</identifier>
		<parent>	Scene Root	</parent>
		<transform>
			<row0>	0.0000 0.0000 -1.0000 0.0000	</row0>
			<row1>	0.0000 1.0000 0.0000 0.0000	</row1>
			<row2>	1.0000 0.0000 0.0000 0.0000	</row2>
			<row3>	-0.2999 0.5757 0.7592 1.0000	</row3>
		</transform>
	</node>
	<node>
		<identifier>	MP_VM511_Motor_Boat_25ft	</identifier>
		<parent>	Scene Root	</parent>
		<transform>
			<row0>	1.0000 0.0000 0.0000 0.0000	</row0>
			<row1>	0.0000 0.9992 -0.0389 0.0000	</row1>
			<row2>	0.0000 0.0389 0.9992 0.0000	</row2>
			<row3>	0.1187 0.7279 0.7897 1.0000	</row3>
		</transform>
	</node>
	<node>
		<identifier>	MP_VM511_Motor_Boat_25ft_INDEX_1	</identifier>
		<parent>	Scene Root	</parent>
		<transform>
			<row0>	1.0000 0.0000 0.0000 0.0000	</row0>
			<row1>	0.0000 0.9992 -0.0389 0.0000	</row1>
			<row2>	0.0000 0.0389 0.9992 0.0000	</row2>
			<row3>	-0.1187 0.7279 0.7897 1.0000	</row3>
		</transform>
	</node>
	<node>
		<identifier>	MP_VM515_Liferaft_type_20_8ft_3	</identifier>
		<parent>	Scene Root	</parent>
		<transform>
			<row0>	0.8163 -0.0317 -0.5768 0.0000	</row0>
			<row1>	0.0396 0.9992 0.0010 0.0000	</row1>
			<row2>	0.5763 -0.0237 0.8169 0.0000	</row2>
			<row3>	0.7326 0.4152 -0.2285 1.0000	</row3>
		</transform>
	</node>
	<node>
		<identifier>	MP_VM515_Liferaft_type_20_8ft_3_INDEX_1	</identifier>
		<parent>	Scene Root	</parent>
		<transform>
			<row0>	0.8163 -0.0317 -0.5768 0.0000	</row0>
			<row1>	0.0396 0.9992 0.0010 0.0000	</row1>
			<row2>	0.5763 -0.0237 0.8169 0.0000	</row2>
			<row3>	0.8277 0.4113 -0.0940 1.0000	</row3>
		</transform>
	</node>
	<node>
		<identifier>	MP_VM515_Liferaft_type_20_8ft_3_INDEX_10	</identifier>
		<parent>	Scene Root	</parent>
		<transform>
			<row0>	0.8163 0.0317 0.5768 0.0000	</row0>
			<row1>	-0.0396 0.9992 0.0010 0.0000	</row1>
			<row2>	-0.5763 -0.0237 0.8169 0.0000	</row2>
			<row3>	-0.8277 0.4113 -0.0940 1.0000	</row3>
		</transform>
	</node>
	<node>
		<identifier>	MP_VM515_Liferaft_type_20_8ft_3_INDEX_11	</identifier>
		<parent>	Scene Root	</parent>
		<transform>
			<row0>	0.8163 0.0317 0.5768 0.0000	</row0>
			<row1>	-0.0396 0.9992 0.0010 0.0000	</row1>
			<row2>	-0.5763 -0.0237 0.8169 0.0000	</row2>
			<row3>	-0.7326 0.4152 -0.2285 1.0000	</row3>
		</transform>
	</node>
	<node>
		<identifier>	MP_VM515_Liferaft_type_20_8ft_3_INDEX_2	</identifier>
		<parent>	Scene Root	</parent>
		<transform>
			<row0>	1.0000 0.0000 0.0000 0.0000	</row0>
			<row1>	0.0000 1.0000 0.0000 0.0000	</row1>
			<row2>	0.0000 0.0000 1.0000 0.0000	</row2>
			<row3>	0.5804 0.4288 -2.7893 1.0000	</row3>
		</transform>
	</node>
	<node>
		<identifier>	MP_VM515_Liferaft_type_20_8ft_3_INDEX_3	</identifier>
		<parent>	Scene Root	</parent>
		<transform>
			<row0>	1.0000 0.0000 0.0000 0.0000	</row0>
			<row1>	0.0000 1.0000 0.0000 0.0000	</row1>
			<row2>	0.0000 0.0000 1.0000 0.0000	</row2>
			<row3>	-0.5928 0.4288 -1.4266 1.0000	</row3>
		</transform>
	</node>
	<node>
		<identifier>	MP_VM515_Liferaft_type_20_8ft_3_INDEX_4	</identifier>
		<parent>	Scene Root	</parent>
		<transform>
			<row0>	1.0000 0.0000 0.0000 0.0000	</row0>
			<row1>	0.0000 1.0000 0.0000 0.0000	</row1>
			<row2>	0.0000 0.0000 1.0000 0.0000	</row2>
			<row3>	0.5928 0.4288 -1.4266 1.0000	</row3>
		</transform>
	</node>
	<node>
		<identifier>	MP_VM515_Liferaft_type_20_8ft_3_INDEX_5	</identifier>
		<parent>	Scene Root	</parent>
		<transform>
			<row0>	1.0000 0.0000 0.0000 0.0000	</row0>
			<row1>	0.0000 1.0000 0.0000 0.0000	</row1>
			<row2>	0.0000 0.0000 1.0000 0.0000	</row2>
			<row3>	-0.5804 0.4288 -2.7893 1.0000	</row3>
		</transform>
	</node>
	<node>
		<identifier>	MP_VM515_Liferaft_type_20_8ft_3_INDEX_6	</identifier>
		<parent>	Scene Root	</parent>
		<transform>
			<row0>	1.0000 0.0000 0.0000 0.0000	</row0>
			<row1>	0.0000 1.0000 0.0000 0.0000	</row1>
			<row2>	0.0000 0.0000 1.0000 0.0000	</row2>
			<row3>	0.5924 0.4288 -1.9476 1.0000	</row3>
		</transform>
	</node>
	<node>
		<identifier>	MP_VM515_Liferaft_type_20_8ft_3_INDEX_7	</identifier>
		<parent>	Scene Root	</parent>
		<transform>
			<row0>	1.0000 0.0000 0.0000 0.0000	</row0>
			<row1>	0.0000 1.0000 0.0000 0.0000	</row1>
			<row2>	0.0000 0.0000 1.0000 0.0000	</row2>
			<row3>	-0.5924 0.4288 -1.7836 1.0000	</row3>
		</transform>
	</node>
	<node>
		<identifier>	MP_VM515_Liferaft_type_20_8ft_3_INDEX_8	</identifier>
		<parent>	Scene Root	</parent>
		<transform>
			<row0>	1.0000 0.0000 0.0000 0.0000	</row0>
			<row1>	0.0000 1.0000 0.0000 0.0000	</row1>
			<row2>	0.0000 0.0000 1.0000 0.0000	</row2>
			<row3>	-0.5924 0.4288 -1.9476 1.0000	</row3>
		</transform>
	</node>
	<node>
		<identifier>	MP_VM515_Liferaft_type_20_8ft_3_INDEX_9	</identifier>
		<parent>	Scene Root	</parent>
		<transform>
			<row0>	1.0000 0.0000 0.0000 0.0000	</row0>
			<row1>	0.0000 1.0000 0.0000 0.0000	</row1>
			<row2>	0.0000 0.0000 1.0000 0.0000	</row2>
			<row3>	0.5924 0.4288 -1.7836 1.0000	</row3>
		</transform>
	</node>
	<node>
		<identifier>	MP_VM516_Motorboat_36ft	</identifier>
		<parent>	Scene Root	</parent>
		<transform>
			<row0>	1.0000 0.0000 0.0000 0.0000	</row0>
			<row1>	0.0000 1.0000 0.0000 0.0000	</row1>
			<row2>	0.0000 0.0000 1.0000 0.0000	</row2>
			<row3>	-0.1187 0.5896 0.7946 1.0000	</row3>
		</transform>
	</node>
	<node>
		<identifier>	MP_VM516_Motorboat_36ft_INDEX_1	</identifier>
		<parent>	Scene Root	</parent>
		<transform>
			<row0>	1.0000 0.0000 0.0000 0.0000	</row0>
			<row1>	0.0000 1.0000 0.0000 0.0000	</row1>
			<row2>	0.0000 0.0000 1.0000 0.0000	</row2>
			<row3>	0.1187 0.5896 0.7946 1.0000	</row3>
		</transform>
	</node>
	<node>
		<identifier>	MP_VM517_Whaleboat_33ft	</identifier>
		<parent>	Scene Root	</parent>
		<transform>
			<row0>	0.9984 0.0000 -0.0571 0.0000	</row0>
			<row1>	0.0000 1.0000 0.0000 0.0000	</row1>
			<row2>	0.0571 0.0000 0.9984 0.0000	</row2>
			<row3>	0.8257 0.2616 -3.5969 1.0000	</row3>
		</transform>
	</node>
	<node>
		<identifier>	MP_VM517_Whaleboat_33ft_INDEX_1	</identifier>
		<parent>	Scene Root	</parent>
		<transform>
			<row0>	0.9984 0.0000 0.0571 0.0000	</row0>
			<row1>	0.0000 1.0000 0.0000 0.0000	</row1>
			<row2>	-0.0571 0.0000 0.9984 0.0000	</row2>
			<row3>	-0.8257 0.2616 -3.5969 1.0000	</row3>
		</transform>
	</node>
	<node>
		<identifier>	MP_VM518_Whaleboat_30ft	</identifier>
		<parent>	Scene Root	</parent>
		<transform>
			<row0>	0.9306 0.0000 0.0906 0.0000	</row0>
			<row1>	0.0000 0.9350 0.0000 0.0000	</row1>
			<row2>	-0.0906 0.0000 0.9306 0.0000	</row2>
			<row3>	-0.7881 0.2598 -4.3232 1.0000	</row3>
		</transform>
	</node>
	<node>
		<identifier>	MP_VM518_Whaleboat_30ft_INDEX_1	</identifier>
		<parent>	Scene Root	</parent>
		<transform>
			<row0>	0.9306 0.0000 -0.0906 0.0000	</row0>
			<row1>	0.0000 0.9350 0.0000 0.0000	</row1>
			<row2>	0.0906 0.0000 0.9306 0.0000	</row2>
			<row3>	0.7881 0.2598 -4.3232 1.0000	</row3>
		</transform>
	</node>
	<node>
		<identifier>	MP_VM602_Multiple_Switch	</identifier>
		<parent>	Scene Root	</parent>
		<transform>
			<row0>	-0.7500 0.0000 0.0000 0.0000	</row0>
			<row1>	0.0000 0.7500 0.0000 0.0000	</row1>
			<row2>	0.0000 0.0000 -0.7500 0.0000	</row2>
			<row3>	0.2177 0.7451 -0.5492 1.0000	</row3>
		</transform>
	</node>
	<node>
		<identifier>	MP_VM602_Multiple_Switch_INDEX_1	</identifier>
		<parent>	Scene Root	</parent>
		<transform>
			<row0>	0.0000 0.0000 -0.7500 0.0000	</row0>
			<row1>	0.0000 0.7500 0.0000 0.0000	</row1>
			<row2>	0.7500 0.0000 0.0000 0.0000	</row2>
			<row3>	-0.5636 0.5958 -0.3180 1.0000	</row3>
		</transform>
	</node>
	<node>
		<identifier>	MP_VM602_Multiple_Switch_INDEX_10	</identifier>
		<parent>	Scene Root	</parent>
		<transform>
