<WSB306_Gustav_den_Store_1949_MidFront.skel_ext>
	<exported>	true	</exported>
	<node>
		<identifier>	MP_CM011_Fire_Fighting_Gear	</identifier>
		<parent>	Scene Root	</parent>
		<transform>
			<row0>	-1.0000 0.0000 0.0000 0.0000	</row0>
			<row1>	0.0000 1.0000 0.0000 0.0000	</row1>
			<row2>	0.0000 0.0000 -1.0000 0.0000	</row2>
			<row3>	0.1496 0.3233 2.9176 1.0000	</row3>
		</transform>
	</node>
	<node>
		<identifier>	MP_CM011_Fire_Fighting_Gear_INDEX_1	</identifier>
		<parent>	Scene Root	</parent>
		<transform>
			<row0>	1.0000 0.0000 0.0000 0.0000	</row0>
			<row1>	0.0000 1.0000 0.0000 0.0000	</row1>
			<row2>	0.0000 0.0000 1.0000 0.0000	</row2>
			<row3>	0.4167 0.6426 2.3527 1.0000	</row3>
		</transform>
	</node>
	<node>
		<identifier>	MP_CM011_Fire_Fighting_Gear_INDEX_10	</identifier>
		<parent>	Scene Root	</parent>
		<transform>
			<row0>	0.0000 0.0000 -1.0000 0.0000	</row0>
			<row1>	0.0000 1.0000 0.0000 0.0000	</row1>
			<row2>	1.0000 0.0000 0.0000 0.0000	</row2>
			<row3>	-0.3589 0.3295 3.8691 1.0000	</row3>
		</transform>
	</node>
	<node>
		<identifier>	MP_CM011_Fire_Fighting_Gear_INDEX_2	</identifier>
		<parent>	Scene Root	</parent>
		<transform>
			<row0>	1.0000 0.0000 0.0000 0.0000	</row0>
			<row1>	0.0000 1.0000 0.0000 0.0000	</row1>
			<row2>	0.0000 0.0000 1.0000 0.0000	</row2>
			<row3>	-0.4167 0.6426 2.3527 1.0000	</row3>
		</transform>
	</node>
	<node>
		<identifier>	MP_CM011_Fire_Fighting_Gear_INDEX_3	</identifier>
		<parent>	Scene Root	</parent>
		<transform>
			<row0>	1.0000 0.0000 0.0000 0.0000	</row0>
			<row1>	0.0000 1.0000 0.0000 0.0000	</row1>
			<row2>	0.0000 0.0000 1.0000 0.0000	</row2>
			<row3>	0.4706 0.5057 -0.1437 1.0000	</row3>
		</transform>
	</node>
	<node>
		<identifier>	MP_CM011_Fire_Fighting_Gear_INDEX_4	</identifier>
		<parent>	Scene Root	</parent>
		<transform>
			<row0>	1.0000 0.0000 0.0000 0.0000	</row0>
			<row1>	0.0000 1.0000 0.0000 0.0000	</row1>
			<row2>	0.0000 0.0000 1.0000 0.0000	</row2>
			<row3>	-0.4706 0.5057 -0.1437 1.0000	</row3>
		</transform>
	</node>
	<node>
		<identifier>	MP_CM011_Fire_Fighting_Gear_INDEX_5	</identifier>
		<parent>	Scene Root	</parent>
		<transform>
			<row0>	0.0000 0.0000 1.0000 0.0000	</row0>
			<row1>	0.0000 1.0000 0.0000 0.0000	</row1>
			<row2>	-1.0000 0.0000 0.0000 0.0000	</row2>
			<row3>	0.6024 0.3233 0.8337 1.0000	</row3>
		</transform>
	</node>
	<node>
		<identifier>	MP_CM011_Fire_Fighting_Gear_INDEX_6	</identifier>
		<parent>	Scene Root	</parent>
		<transform>
			<row0>	0.0000 0.0000 -1.0000 0.0000	</row0>
			<row1>	0.0000 1.0000 0.0000 0.0000	</row1>
			<row2>	1.0000 0.0000 0.0000 0.0000	</row2>
			<row3>	-0.6024 0.3233 0.8337 1.0000	</row3>
		</transform>
	</node>
	<node>
		<identifier>	MP_CM011_Fire_Fighting_Gear_INDEX_7	</identifier>
		<parent>	Scene Root	</parent>
		<transform>
			<row0>	-1.0000 0.0000 0.0000 0.0000	</row0>
			<row1>	0.0000 1.0000 0.0000 0.0000	</row1>
			<row2>	0.0000 0.0000 -1.0000 0.0000	</row2>
			<row3>	0.6600 0.1594 0.7311 1.0000	</row3>
		</transform>
	</node>
	<node>
		<identifier>	MP_CM011_Fire_Fighting_Gear_INDEX_8	</identifier>
		<parent>	Scene Root	</parent>
		<transform>
			<row0>	-1.0000 0.0000 0.0000 0.0000	</row0>
			<row1>	0.0000 1.0000 0.0000 0.0000	</row1>
			<row2>	0.0000 0.0000 -1.0000 0.0000	</row2>
			<row3>	-0.6600 0.1594 0.7311 1.0000	</row3>
		</transform>
	</node>
	<node>
		<identifier>	MP_CM011_Fire_Fighting_Gear_INDEX_9	</identifier>
		<parent>	Scene Root	</parent>
		<transform>
			<row0>	0.0000 0.0000 1.0000 0.0000	</row0>
			<row1>	0.0000 1.0000 0.0000 0.0000	</row1>
			<row2>	-1.0000 0.0000 0.0000 0.0000	</row2>
			<row3>	0.3589 0.3295 3.8691 1.0000	</row3>
		</transform>
	</node>
	<node>
		<identifier>	MP_CM014_Fuel_Oil_Hose	</identifier>
		<parent>	Scene Root	</parent>
		<transform>
			<row0>	-0.9555 0.0000 -0.2951 0.0000	</row0>
			<row1>	0.0000 -1.0000 0.0000 0.0000	</row1>
			<row2>	-0.2951 0.0000 0.9555 0.0000	</row2>
			<row3>	0.5634 0.3802 2.2754 1.0000	</row3>
		</transform>
	</node>
	<node>
		<identifier>	MP_CM014_Fuel_Oil_Hose_INDEX_1	</identifier>
		<parent>	Scene Root	</parent>
		<transform>
			<row0>	0.9555 0.0000 -0.2951 0.0000	</row0>
			<row1>	0.0000 -1.0000 0.0000 0.0000	</row1>
			<row2>	-0.2951 0.0000 -0.9555 0.0000	</row2>
			<row3>	-0.5634 0.3802 2.2754 1.0000	</row3>
		</transform>
	</node>
	<node>
		<identifier>	MP_CM029_Emergency_Box	</identifier>
		<parent>	Scene Root	</parent>
		<transform>
			<row0>	-1.0000 0.0000 0.0000 0.0000	</row0>
			<row1>	0.0000 1.0000 0.0000 0.0000	</row1>
			<row2>	0.0000 0.0000 -1.0000 0.0000	</row2>
			<row3>	-0.1770 0.3799 2.9128 1.0000	</row3>
		</transform>
	</node>
	<node>
		<identifier>	MP_CM029_Emergency_Box_INDEX_1	</identifier>
		<parent>	Scene Root	</parent>
		<transform>
			<row0>	-1.0000 0.0000 0.0000 0.0000	</row0>
			<row1>	0.0000 1.0000 0.0000 0.0000	</row1>
			<row2>	0.0000 0.0000 -1.0000 0.0000	</row2>
			<row3>	0.0833 0.7146 1.7130 1.0000	</row3>
		</transform>
	</node>
	<node>
		<identifier>	MP_CM029_Emergency_Box_INDEX_10	</identifier>
		<parent>	Scene Root	</parent>
		<transform>
			<row0>	-0.7907 0.0000 -0.6122 0.0000	</row0>
			<row1>	0.0000 1.0000 0.0000 0.0000	</row1>
			<row2>	0.6122 0.0000 -0.7907 0.0000	</row2>
			<row3>	-0.6303 0.4179 0.4269 1.0000	</row3>
		</transform>
	</node>
	<node>
		<identifier>	MP_CM029_Emergency_Box_INDEX_11	</identifier>
		<parent>	Scene Root	</parent>
		<transform>
			<row0>	0.0000 0.0000 1.0000 0.0000	</row0>
			<row1>	0.0000 1.0000 0.0000 0.0000	</row1>
			<row2>	-1.0000 0.0000 0.0000 0.0000	</row2>
			<row3>	0.6514 0.2317 0.4708 1.0000	</row3>
		</transform>
	</node>
	<node>
		<identifier>	MP_CM029_Emergency_Box_INDEX_12	</identifier>
		<parent>	Scene Root	</parent>
		<transform>
			<row0>	0.0000 0.0000 -1.0000 0.0000	</row0>
			<row1>	0.0000 1.0000 0.0000 0.0000	</row1>
			<row2>	1.0000 0.0000 0.0000 0.0000	</row2>
			<row3>	-0.6522 0.2317 0.4708 1.0000	</row3>
		</transform>
	</node>
	<node>
		<identifier>	MP_CM029_Emergency_Box_INDEX_2	</identifier>
		<parent>	Scene Root	</parent>
		<transform>
			<row0>	-1.0000 0.0000 0.0000 0.0000	</row0>
			<row1>	0.0000 1.0000 0.0000 0.0000	</row1>
			<row2>	0.0000 0.0000 -1.0000 0.0000	</row2>
			<row3>	0.1547 1.0031 1.3135 1.0000	</row3>
		</transform>
	</node>
	<node>
		<identifier>	MP_CM029_Emergency_Box_INDEX_3	</identifier>
		<parent>	Scene Root	</parent>
		<transform>
			<row0>	0.0000 0.0000 1.0000 0.0000	</row0>
			<row1>	0.0000 1.0000 0.0000 0.0000	</row1>
			<row2>	-1.0000 0.0000 0.0000 0.0000	</row2>
			<row3>	0.4057 1.0031 0.8525 1.0000	</row3>
		</transform>
	</node>
	<node>
		<identifier>	MP_CM029_Emergency_Box_INDEX_4	</identifier>
		<parent>	Scene Root	</parent>
		<transform>
			<row0>	0.0000 0.0000 -1.0000 0.0000	</row0>
			<row1>	0.0000 1.0000 0.0000 0.0000	</row1>
			<row2>	1.0000 0.0000 0.0000 0.0000	</row2>
			<row3>	-0.4062 1.0031 0.8524 1.0000	</row3>
		</transform>
	</node>
	<node>
		<identifier>	MP_CM029_Emergency_Box_INDEX_5	</identifier>
		<parent>	Scene Root	</parent>
		<transform>
			<row0>	-1.0000 0.0000 0.0000 0.0000	</row0>
			<row1>	0.0000 0.9925 -0.1223 0.0000	</row1>
			<row2>	0.0000 -0.1223 -0.9925 0.0000	</row2>
			<row3>	0.0397 1.4099 0.7471 1.0000	</row3>
		</transform>
	</node>
	<node>
		<identifier>	MP_CM029_Emergency_Box_INDEX_6	</identifier>
		<parent>	Scene Root	</parent>
		<transform>
			<row0>	-0.2071 0.0000 0.9783 0.0000	</row0>
			<row1>	0.0000 1.0000 0.0000 0.0000	</row1>
			<row2>	-0.9783 0.0000 -0.2071 0.0000	</row2>
			<row3>	0.1379 2.1168 0.3759 1.0000	</row3>
		</transform>
	</node>
	<node>
		<identifier>	MP_CM029_Emergency_Box_INDEX_7	</identifier>
		<parent>	Scene Root	</parent>
		<transform>
			<row0>	-1.0000 0.0000 0.0000 0.0000	</row0>
			<row1>	0.0000 1.0000 0.0000 0.0000	</row1>
			<row2>	0.0000 0.0000 -1.0000 0.0000	</row2>
			<row3>	0.2811 1.2625 1.0400 1.0000	</row3>
		</transform>
	</node>
	<node>
		<identifier>	MP_CM029_Emergency_Box_INDEX_8	</identifier>
		<parent>	Scene Root	</parent>
		<transform>
			<row0>	0.1647 0.0000 0.9863 0.0000	</row0>
			<row1>	0.0000 1.0000 0.0000 0.0000	</row1>
			<row2>	-0.9863 0.0000 0.1647 0.0000	</row2>
			<row3>	0.5355 0.5651 0.0962 1.0000	</row3>
		</transform>
	</node>
	<node>
		<identifier>	MP_CM029_Emergency_Box_INDEX_9	</identifier>
		<parent>	Scene Root	</parent>
		<transform>
			<row0>	-0.7907 0.0000 0.6122 0.0000	</row0>
			<row1>	0.0000 1.0000 0.0000 0.0000	</row1>
			<row2>	-0.6122 0.0000 -0.7907 0.0000	</row2>
			<row3>	0.6302 0.4179 0.4269 1.0000	</row3>
		</transform>
	</node>
	<node>
		<identifier>	MP_CM052_Fender	</identifier>
		<parent>	Scene Root	</parent>
		<transform>
			<row0>	0.2066 0.0000 -0.6688 0.0000	</row0>
			<row1>	0.0000 0.7000 0.0000 0.0000	</row1>
			<row2>	0.6688 0.0000 0.2066 0.0000	</row2>
			<row3>	0.4489 0.3220 2.7201 1.0000	</row3>
		</transform>
	</node>
	<node>
		<identifier>	MP_CM052_Fender_INDEX_1	</identifier>
		<parent>	Scene Root	</parent>
		<transform>
			<row0>	0.2066 0.0000 0.6688 0.0000	</row0>
			<row1>	0.0000 0.7000 0.0000 0.0000	</row1>
			<row2>	-0.6688 0.0000 0.2066 0.0000	</row2>
			<row3>	-0.4489 0.3220 2.7201 1.0000	</row3>
		</transform>
	</node>
	<node>
		<identifier>	MP_CM059_Ladder_Cruiser	</identifier>
		<parent>	Scene Root	</parent>
		<transform>
			<row0>	0.9988 0.0000 0.0493 0.0000	</row0>
			<row1>	0.0000 1.0000 -0.0009 0.0000	</row1>
			<row2>	-0.0493 0.0009 0.9988 0.0000	</row2>
			<row3>	0.9481 0.3220 2.8547 1.0000	</row3>
		</transform>
	</node>
	<node>
		<identifier>	MP_CM059_Ladder_Cruiser_INDEX_1	</identifier>
		<parent>	Scene Root	</parent>
		<transform>
			<row0>	0.9988 0.0000 -0.0493 0.0000	</row0>
			<row1>	0.0000 1.0000 -0.0008 0.0000	</row1>
			<row2>	0.0493 0.0008 0.9988 0.0000	</row2>
			<row3>	-0.9481 0.3220 2.8547 1.0000	</row3>
		</transform>
	</node>
	<node>
		<identifier>	MP_CM109_Leadsman_Platform	</identifier>
		<parent>	Scene Root	</parent>
		<transform>
			<row0>	0.1367 -0.9849 0.1063 0.0000	</row0>
			<row1>	0.9405 0.1627 0.2982 0.0000	</row1>
			<row2>	-0.3110 0.0592 0.9486 0.0000	</row2>
			<row3>	0.1544 0.5173 7.6945 1.0000	</row3>
		</transform>
	</node>
	<node>
		<identifier>	MP_CM109_Leadsman_Platform_INDEX_1	</identifier>
		<parent>	Scene Root	</parent>
		<transform>
			<row0>	-0.1385 -0.9846 0.1068 0.0000	</row0>
			<row1>	-0.9403 0.1646 0.2980 0.0000	</row1>
			<row2>	-0.3110 -0.0592 -0.9486 0.0000	</row2>
			<row3>	-0.1544 0.5173 7.6945 1.0000	</row3>
		</transform>
	</node>
	<node>
		<identifier>	MP_CM112_Fire_Extinguisher	</identifier>
		<parent>	Scene Root	</parent>
		<transform>
			<row0>	0.0000 0.0000 1.0000 0.0000	</row0>
			<row1>	0.0000 1.0000 0.0000 0.0000	</row1>
			<row2>	-1.0000 0.0000 0.0000 0.0000	</row2>
			<row3>	0.3561 1.2351 1.0404 1.0000	</row3>
		</transform>
	</node>
	<node>
		<identifier>	MP_CM112_Fire_Extinguisher_INDEX_1	</identifier>
		<parent>	Scene Root	</parent>
		<transform>
			<row0>	-0.9775 0.0000 0.2111 0.0000	</row0>
			<row1>	0.0000 1.0000 0.0000 0.0000	</row1>
			<row2>	-0.2111 0.0000 -0.9775 0.0000	</row2>
			<row3>	-0.1511 2.0877 0.3119 1.0000	</row3>
		</transform>
	</node>
	<node>
		<identifier>	MP_WM001_Boat	</identifier>
		<parent>	Scene Root	</parent>
		<transform>
			<row0>	0.0000 -1.0000 0.0000 0.0000	</row0>
			<row1>	0.9555 0.0000 0.2951 0.0000	</row1>
			<row2>	-0.2951 0.0000 0.9555 0.0000	</row2>
			<row3>	0.4833 0.4057 2.5308 1.0000	</row3>
		</transform>
	</node>
	<node>
		<identifier>	MP_WM001_Boat_INDEX_1	</identifier>
		<parent>	Scene Root	</parent>
		<transform>
			<row0>	0.0000 -1.0000 0.0000 0.0000	</row0>
			<row1>	0.9555 0.0000 0.2951 0.0000	</row1>
			<row2>	-0.2951 0.0000 0.9555 0.0000	</row2>
			<row3>	0.5172 0.4057 2.5413 1.0000	</row3>
		</transform>
	</node>
	<node>
		<identifier>	MP_WM001_Boat_INDEX_2	</identifier>
		<parent>	Scene Root	</parent>
		<transform>
			<row0>	0.0000 1.0000 0.0000 0.0000	</row0>
			<row1>	-0.9555 0.0000 0.2951 0.0000	</row1>
			<row2>	0.2951 0.0000 0.9555 0.0000	</row2>
			<row3>	-0.5172 0.4057 2.5413 1.0000	</row3>
		</transform>
	</node>
	<node>
		<identifier>	MP_WM001_Boat_INDEX_3	</identifier>
		<parent>	Scene Root	</parent>
		<transform>
			<row0>	0.0000 1.0000 0.0000 0.0000	</row0>
			<row1>	-0.9555 0.0000 0.2951 0.0000	</row1>
			<row2>	0.2951 0.0000 0.9555 0.0000	</row2>
			<row3>	-0.4833 0.4057 2.5308 1.0000	</row3>
		</transform>
	</node>
	<node>
		<identifier>	MP_WM001_Boat_INDEX_4	</identifier>
		<parent>	Scene Root	</parent>
		<transform>
			<row0>	1.0000 0.0000 0.0000 0.0000	</row0>
			<row1>	0.0000 1.0000 0.0000 0.0000	</row1>
			<row2>	0.0000 0.0000 1.0000 0.0000	</row2>
			<row3>	0.8604 0.3244 3.3137 1.0000	</row3>
		</transform>
	</node>
	<node>
		<identifier>	MP_WM001_Boat_INDEX_5	</identifier>
		<parent>	Scene Root	</parent>
		<transform>
			<row0>	1.0000 0.0000 0.0000 0.0000	</row0>
			<row1>	0.0000 1.0000 0.0000 0.0000	</row1>
			<row2>	0.0000 0.0000 1.0000 0.0000	</row2>
			<row3>	-0.8604 0.3244 3.3137 1.0000	</row3>
		</transform>
	</node>
	<node>
		<identifier>	MP_WM004_Life_buoy	</identifier>
		<parent>	Scene Root	</parent>
		<transform>
			<row0>	-0.0144 0.0000 0.9999 0.0000	</row0>
			<row1>	0.0000 1.0000 0.0000 0.0000	</row1>
			<row2>	-0.9999 0.0000 -0.0144 0.0000	</row2>
			<row3>	1.1083 0.3940 0.4534 1.0000	</row3>
		</transform>
	</node>
	<node>
		<identifier>	MP_WM004_Life_buoy_INDEX_1	</identifier>
		<parent>	Scene Root	</parent>
		<transform>
			<row0>	-0.0144 0.0000 -0.9999 0.0000	</row0>
			<row1>	0.0000 1.0000 0.0000 0.0000	</row1>
			<row2>	0.9999 0.0000 -0.0144 0.0000	</row2>
			<row3>	-1.1083 0.3940 0.4534 1.0000	</row3>
		</transform>
	</node>
	<node>
		<identifier>	MP_WM004_Life_buoy_INDEX_2	</identifier>
		<parent>	Scene Root	</parent>
		<transform>
			<row0>	-0.2639 0.0000 0.9646 0.0000	</row0>
			<row1>	0.0000 1.0000 0.0000 0.0000	</row1>
			<row2>	-0.9646 0.0000 -0.2639 0.0000	</row2>
			<row3>	0.4507 0.5041 6.6718 1.0000	</row3>
		</transform>
	</node>
	<node>
		<identifier>	MP_WM004_Life_buoy_INDEX_3	</identifier>
		<parent>	Scene Root	</parent>
		<transform>
			<row0>	-0.0842 0.0000 0.9964 0.0000	</row0>
			<row1>	0.0000 1.0000 0.0000 0.0000	</row1>
			<row2>	-0.9964 0.0000 -0.0842 0.0000	</row2>
			<row3>	0.9495 0.3983 3.7464 1.0000	</row3>
		</transform>
	</node>
	<node>
		<identifier>	MP_WM004_Life_buoy_INDEX_4	</identifier>
		<parent>	Scene Root	</parent>
		<transform>
			<row0>	-0.0842 0.0000 -0.9964 0.0000	</row0>
			<row1>	0.0000 1.0000 0.0000 0.0000	</row1>
			<row2>	0.9964 0.0000 -0.0842 0.0000	</row2>
			<row3>	-0.9494 0.3983 3.7463 1.0000	</row3>
		</transform>
	</node>
	<node>
		<identifier>	MP_WM004_Life_buoy_INDEX_5	</identifier>
		<parent>	Scene Root	</parent>
		<transform>
			<row0>	-0.2639 0.0000 -0.9646 0.0000	</row0>
			<row1>	0.0000 1.0000 0.0000 0.0000	</row1>
			<row2>	0.9646 0.0000 -0.2639 0.0000	</row2>
			<row3>	-0.4507 0.5041 6.6718 1.0000	</row3>
		</transform>
	</node>
	<node>
		<identifier>	MP_WM012_Steering_Wheel	</identifier>
		<parent>	Scene Root	</parent>
		<transform>
			<row0>	1.0000 0.0000 0.0000 0.0000	</row0>
			<row1>	0.0000 1.0000 0.0000 0.0000	</row1>
			<row2>	0.0000 0.0000 1.0000 0.0000	</row2>
			<row3>	0.0000 1.2016 1.2412 1.0000	</row3>
		</transform>
	</node>
	<node>
		<identifier>	MP_WM020_Reels	</identifier>
		<parent>	Scene Root	</parent>
		<transform>
			<row0>	-0.7905 -0.0206 -0.6121 0.0000	</row0>
			<row1>	-0.0163 0.9998 -0.0126 0.0000	</row1>
			<row2>	0.6122 0.0000 -0.7907 0.0000	</row2>
			<row3>	-0.4354 0.3574 5.1864 1.0000	</row3>
		</transform>
	</node>
	<node>
		<identifier>	MP_WM020_Reels_INDEX_1	</identifier>
		<parent>	Scene Root	</parent>
		<transform>
			<row0>	-0.7905 -0.0206 -0.6121 0.0000	</row0>
			<row1>	-0.0163 0.9998 -0.0126 0.0000	</row1>
			<row2>	0.6122 0.0000 -0.7907 0.0000	</row2>
			<row3>	-0.5159 0.3553 5.1241 1.0000	</row3>
		</transform>
	</node>
	<node>
		<identifier>	MP_WM020_Reels_INDEX_2	</identifier>
		<parent>	Scene Root	</parent>
		<transform>
			<row0>	-0.7905 0.0206 0.6121 0.0000	</row0>
			<row1>	0.0163 0.9998 -0.0126 0.0000	</row1>
			<row2>	-0.6122 0.0000 -0.7907 0.0000	</row2>
			<row3>	0.5159 0.3553 5.1241 1.0000	</row3>
		</transform>
	</node>
	<node>
		<identifier>	MP_WM020_Reels_INDEX_3	</identifier>
		<parent>	Scene Root	</parent>
		<transform>
			<row0>	-0.7905 0.0206 0.6121 0.0000	</row0>
			<row1>	0.0163 0.9998 -0.0126 0.0000	</row1>
			<row2>	-0.6122 0.0000 -0.7907 0.0000	</row2>
			<row3>	0.4354 0.3574 5.1864 1.0000	</row3>
		</transform>
	</node>
	<node>
		<identifier>	MP_WM030_Fire_Hose_SW	</identifier>
		<parent>	Scene Root	</parent>
		<transform>
			<row0>	1.0000 0.0000 0.0000 0.0000	</row0>
			<row1>	0.0000 1.0000 0.0000 0.0000	</row1>
			<row2>	0.0000 0.0000 1.0000 0.0000	</row2>
			<row3>	0.0964 0.3799 2.9074 1.0000	</row3>
		</transform>
	</node>
	<node>
		<identifier>	MP_WM030_Fire_Hose_SW_INDEX_1	</identifier>
		<parent>	Scene Root	</parent>
		<transform>
			<row0>	-0.0969 0.0000 -0.9953 0.0000	</row0>
			<row1>	0.0000 1.0000 0.0000 0.0000	</row1>
			<row2>	0.9953 0.0000 -0.0969 0.0000	</row2>
			<row3>	0.4105 0.7078 2.3909 1.0000	</row3>
		</transform>
	</node>
	<node>
		<identifier>	MP_WM030_Fire_Hose_SW_INDEX_10	</identifier>
		<parent>	Scene Root	</parent>
		<transform>
			<row0>	0.6317 0.0000 0.7752 0.0000	</row0>
			<row1>	0.0000 1.0000 0.0000 0.0000	</row1>
			<row2>	-0.7752 0.0000 0.6317 0.0000	</row2>
			<row3>	-0.3159 0.3682 3.8928 1.0000	</row3>
		</transform>
	</node>
	<node>
		<identifier>	MP_WM030_Fire_Hose_SW_INDEX_2	</identifier>
		<parent>	Scene Root	</parent>
		<transform>
			<row0>	-0.0969 0.0000 0.9953 0.0000	</row0>
			<row1>	0.0000 1.0000 0.0000 0.0000	</row1>
			<row2>	-0.9953 0.0000 -0.0969 0.0000	</row2>
			<row3>	-0.4105 0.7078 2.3909 1.0000	</row3>
		</transform>
	</node>
	<node>
		<identifier>	MP_WM030_Fire_Hose_SW_INDEX_3	</identifier>
		<parent>	Scene Root	</parent>
		<transform>
			<row0>	-1.0000 0.0000 0.0000 0.0000	</row0>
			<row1>	0.0000 1.0000 0.0000 0.0000	</row1>
			<row2>	0.0000 0.0000 -1.0000 0.0000	</row2>
			<row3>	0.4675 0.5688 -0.1340 1.0000	</row3>
		</transform>
	</node>
	<node>
		<identifier>	MP_WM030_Fire_Hose_SW_INDEX_4	</identifier>
		<parent>	Scene Root	</parent>
		<transform>
			<row0>	-1.0000 0.0000 0.0000 0.0000	</row0>
			<row1>	0.0000 1.0000 0.0000 0.0000	</row1>
			<row2>	0.0000 0.0000 -1.0000 0.0000	</row2>
			<row3>	-0.4675 0.5688 -0.1340 1.0000	</row3>
		</transform>
	</node>
	<node>
		<identifier>	MP_WM030_Fire_Hose_SW_INDEX_5	</identifier>
		<parent>	Scene Root	</parent>
		<transform>
			<row0>	0.0000 0.0000 -1.0000 0.0000	</row0>
			<row1>	0.0000 1.0000 0.0000 0.0000	</row1>
			<row2>	1.0000 0.0000 0.0000 0.0000	</row2>
			<row3>	0.5912 0.3793 0.8886 1.0000	</row3>
		</transform>
	</node>
	<node>
		<identifier>	MP_WM030_Fire_Hose_SW_INDEX_6	</identifier>
		<parent>	Scene Root	</parent>
		<transform>
			<row0>	0.0000 0.0000 1.0000 0.0000	</row0>
			<row1>	0.0000 1.0000 0.0000 0.0000	</row1>
			<row2>	-1.0000 0.0000 0.0000 0.0000	</row2>
			<row3>	-0.5912 0.3793 0.8886 1.0000	</row3>
		</transform>
	</node>
	<node>
		<identifier>	MP_WM030_Fire_Hose_SW_INDEX_7	</identifier>
		<parent>	Scene Root	</parent>
		<transform>
			<row0>	0.0000 0.0000 -1.0000 0.0000	</row0>
			<row1>	0.0000 1.0000 0.0000 0.0000	</row1>
			<row2>	1.0000 0.0000 0.0000 0.0000	</row2>
			<row3>	0.6481 0.2256 0.6221 1.0000	</row3>
		</transform>
	</node>
	<node>
		<identifier>	MP_WM030_Fire_Hose_SW_INDEX_8	</identifier>
		<parent>	Scene Root	</parent>
		<transform>
			<row0>	0.0000 0.0000 1.0000 0.0000	</row0>
			<row1>	0.0000 1.0000 0.0000 0.0000	</row1>
			<row2>	-1.0000 0.0000 0.0000 0.0000	</row2>
			<row3>	-0.6481 0.2256 0.6221 1.0000	</row3>
		</transform>
	</node>
	<node>
		<identifier>	MP_WM030_Fire_Hose_SW_INDEX_9	</identifier>
		<parent>	Scene Root	</parent>
		<transform>
			<row0>	0.6317 0.0000 -0.7752 0.0000	</row0>
			<row1>	0.0000 1.0000 0.0000 0.0000	</row1>
			<row2>	0.7752 0.0000 0.6317 0.0000	</row2>
			<row3>	0.3159 0.3682 3.8928 1.0000	</row3>
		</transform>
	</node>
	<node>
		<identifier>	MP_WM032_Speaker_SW	</identifier>
		<parent>	Scene Root	</parent>
		<transform>
			<row0>	1.0000 0.0000 0.0000 0.0000	</row0>
			<row1>	0.0000 1.0000 0.0000 0.0000	</row1>
			<row2>	0.0000 0.0000 1.0000 0.0000	</row2>
			<row3>	-0.1012 0.7377 1.7082 1.0000	</row3>
		</transform>
	</node>
	<node>
		<identifier>	MP_WM032_Speaker_SW_INDEX_1	</identifier>
		<parent>	Scene Root	</parent>
		<transform>
			<row0>	1.0000 0.0000 0.0000 0.0000	</row0>
			<row1>	0.0000 1.0000 0.0000 0.0000	</row1>
			<row2>	0.0000 0.0000 1.0000 0.0000	</row2>
			<row3>	-0.1492 1.0116 1.3080 1.0000	</row3>
		</transform>
	</node>
	<node>
		<identifier>	MP_WM032_Speaker_SW_INDEX_2	</identifier>
		<parent>	Scene Root	</parent>
		<transform>
			<row0>	1.0000 0.0000 0.0000 0.0000	</row0>
			<row1>	0.0000 1.0000 0.0000 0.0000	</row1>
			<row2>	0.0000 0.0000 1.0000 0.0000	</row2>
			<row3>	0.0879 1.4329 0.7393 1.0000	</row3>
		</transform>
	</node>
	<node>
		<identifier>	MP_WM032_Speaker_SW_INDEX_3	</identifier>
		<parent>	Scene Root	</parent>
		<transform>
			<row0>	0.2158 0.0000 0.9764 0.0000	</row0>
			<row1>	0.0000 1.0000 0.0000 0.0000	</row1>
			<row2>	-0.9764 0.0000 0.2158 0.0000	</row2>
			<row3>	-0.1324 2.1641 0.3733 1.0000	</row3>
		</transform>
	</node>
	<node>
		<identifier>	MP_WM038_Compass_Binnacle	</identifier>
		<parent>	Scene Root	</parent>
		<transform>
			<row0>	1.0000 0.0000 0.0000 0.0000	</row0>
			<row1>	0.0000 1.0000 0.0000 0.0000	</row1>
			<row2>	0.0000 0.0000 1.0000 0.0000	</row2>
			<row3>	0.0000 1.3407 1.2594 1.0000	</row3>
		</transform>
	</node>
	<node>
		<identifier>	MP_WM041_Chair	</identifier>
		<parent>	Scene Root	</parent>
		<transform>
			<row0>	-1.0000 0.0000 0.0000 0.0000	</row0>
			<row1>	0.0000 1.0000 0.0000 0.0000	</row1>
			<row2>	0.0000 0.0000 -1.0000 0.0000	</row2>
			<row3>	-0.2971 1.2016 1.1103 1.0000	</row3>
		</transform>
	</node>
	<node>
		<identifier>	MP_WM046_Table	</identifier>
		<parent>	Scene Root	</parent>
		<transform>
			<row0>	1.0000 0.0000 0.0000 0.0000	</row0>
			<row1>	0.0000 1.0000 0.0000 0.0000	</row1>
			<row2>	0.0000 0.0000 1.0000 0.0000	</row2>
			<row3>	-0.2971 1.2016 1.0600 1.0000	</row3>
		</transform>
	</node>
	<node>
		<identifier>	MP_WM101_Reels_3	</identifier>
		<parent>	Scene Root	</parent>
		<transform>
			<row0>	1.0000 0.0000 0.0000 0.0000	</row0>
			<row1>	0.0000 0.9993 -0.0362 0.0000	</row1>
			<row2>	0.0000 0.0362 0.9993 0.0000	</row2>
			<row3>	-0.0836 0.3737 5.4077 1.0000	</row3>
		</transform>
	</node>
	<node>
		<identifier>	MP_WM101_Reels_3_INDEX_1	</identifier>
		<parent>	Scene Root	</parent>
		<transform>
			<row0>	1.0000 0.0000 0.0000 0.0000	</row0>
			<row1>	0.0000 0.9993 -0.0362 0.0000	</row1>
			<row2>	0.0000 0.0362 0.9993 0.0000	</row2>
			<row3>	0.0836 0.3737 5.4077 1.0000	</row3>
		</transform>
	</node>
	<node>
		<identifier>	MP_WM101_Reels_3_INDEX_2	</identifier>
		<parent>	Scene Root	</parent>
		<transform>
			<row0>	1.0000 0.0000 0.0000 0.0000	</row0>
			<row1>	0.0000 0.9998 -0.0192 0.0000	</row1>
			<row2>	0.0000 0.0192 0.9998 0.0000	</row2>
			<row3>	-0.5972 0.3412 4.3469 1.0000	</row3>
		</transform>
	</node>
	<node>
		<identifier>	MP_WM101_Reels_3_INDEX_3	</identifier>
		<parent>	Scene Root	</parent>
		<transform>
			<row0>	1.0000 0.0000 0.0000 0.0000	</row0>
			<row1>	0.0000 0.9998 -0.0192 0.0000	</row1>
			<row2>	0.0000 0.0192 0.9998 0.0000	</row2>
			<row3>	0.5972 0.3412 4.3469 1.0000	</row3>
		</transform>
	</node>
	<node>
		<identifier>	MP_WM5093_rotating_trolley	</identifier>
		<parent>	Scene Root	</parent>
		<transform>
			<row0>	-0.9510 0.0000 0.3092 0.0000	</row0>
			<row1>	0.0000 1.0000 0.0000 0.0000	</row1>
			<row2>	-0.3092 0.0000 -0.9510 0.0000	</row2>
			<row3>	0.8632 0.1619 0.3356 1.0000	</row3>
		</transform>
	</node>
	<node>
		<identifier>	MP_WM5093_rotating_trolley_INDEX_1	</identifier>
		<parent>	Scene Root	</parent>
		<transform>
			<row0>	-0.9510 0.0000 -0.3092 0.0000	</row0>
			<row1>	0.0000 1.0000 0.0000 0.0000	</row1>
			<row2>	0.3092 0.0000 -0.9510 0.0000	</row2>
			<row3>	-0.8632 0.1619 0.3356 1.0000	</row3>
		</transform>
	</node>
	<node>
		<identifier>	MP_WM601_Compass_SW	</identifier>
		<parent>	Scene Root	</parent>
		<transform>
			<row0>	-1.0000 0.0000 0.0000 0.0000	</row0>
			<row1>	0.0000 1.0000 0.0000 0.0000	</row1>
			<row2>	0.0000 0.0000 -1.0000 0.0000	</row2>
			<row3>	-0.3372 1.2014 1.2123 1.0000	</row3>
		</transform>
	</node>
	<node>
		<identifier>	MP_WM602_Pelorus_SW	</identifier>
		<parent>	Scene Root	</parent>
		<transform>
			<row0>	1.0000 0.0000 0.0000 0.0000	</row0>
			<row1>	0.0000 1.0000 0.0000 0.0000	</row1>
			<row2>	0.0000 0.0000 1.0000 0.0000	</row2>
			<row3>	0.0000 1.2735 1.2827 1.0000	</row3>
		</transform>
	</node>
	<node>
		<identifier>	MP_WM604_Telegraf_SW	</identifier>
		<parent>	Scene Root	</parent>
		<transform>
			<row0>	-0.6032 0.0000 -0.7976 0.0000	</row0>
			<row1>	0.0000 1.0000 0.0000 0.0000	</row1>
			<row2>	0.7976 0.0000 -0.6032 0.0000	</row2>
			<row3>	-0.0857 1.2016 1.2402 1.0000	</row3>
		</transform>
	</node>
	<node>
		<identifier>	MP_WM604_Telegraf_SW_INDEX_1	</identifier>
		<parent>	Scene Root	</parent>
		<transform>
			<row0>	-0.6032 0.0000 0.7976 0.0000	</row0>
			<row1>	0.0000 1.0000 0.0000 0.0000	</row1>
			<row2>	-0.7976 0.0000 -0.6032 0.0000	</row2>
			<row3>	0.0857 1.2016 1.2402 1.0000	</row3>
		</transform>
	</node>
	<node>
		<identifier>	MP_WM618_Voice_Tube	</identifier>
		<parent>	Scene Root	</parent>
		<transform>
			<row0>	0.0000 0.0000 -1.0000 0.0000	</row0>
			<row1>	0.0000 1.0000 0.0000 0.0000	</row1>
			<row2>	1.0000 0.0000 0.0000 0.0000	</row2>
			<row3>	0.5729 0.9211 1.1022 1.0000	</row3>
		</transform>
	</node>
	<node>
		<identifier>	MP_WM618_Voice_Tube_INDEX_1	</identifier>
		<parent>	Scene Root	</parent>
		<transform>
			<row0>	-0.1628 0.0000 -0.9867 0.0000	</row0>
			<row1>	0.0000 1.0000 0.0000 0.0000	</row1>
			<row2>	0.9867 0.0000 -0.1628 0.0000	</row2>
			<row3>	0.5483 0.9211 0.3556 1.0000	</row3>
		</transform>
	</node>
	<node>
		<identifier>	MP_WM618_Voice_Tube_INDEX_10	</identifier>
		<parent>	Scene Root	</parent>
		<transform>
			<row0>	0.0000 0.0000 -1.0000 0.0000	</row0>
			<row1>	0.0000 1.0000 0.0000 0.0000	</row1>
			<row2>	1.0000 0.0000 0.0000 0.0000	</row2>
			<row3>	0.7245 0.5019 -0.2280 1.0000	</row3>
		</transform>
	</node>
	<node>
		<identifier>	MP_WM618_Voice_Tube_INDEX_11	</identifier>
		<parent>	Scene Root	</parent>
		<transform>
			<row0>	0.0000 0.0000 1.0000 0.0000	</row0>
			<row1>	0.0000 1.0000 0.0000 0.0000	</row1>
			<row2>	-1.0000 0.0000 0.0000 0.0000	</row2>
			<row3>	-0.7245 0.5019 -0.2280 1.0000	</row3>
		</transform>
	</node>
	<node>
		<identifier>	MP_WM618_Voice_Tube_INDEX_2	</identifier>
		<parent>	Scene Root	</parent>
		<transform>
			<row0>	-0.1628 0.0000 0.9867 0.0000	</row0>
			<row1>	0.0000 1.0000 0.0000 0.0000	</row1>
			<row2>	-0.9867 0.0000 -0.1628 0.0000	</row2>
			<row3>	-0.5483 0.9211 0.3556 1.0000	</row3>
		</transform>
	</node>
	<node>
		<identifier>	MP_WM618_Voice_Tube_INDEX_3	</identifier>
		<parent>	Scene Root	</parent>
		<transform>
			<row0>	0.0000 0.0000 1.0000 0.0000	</row0>
			<row1>	0.0000 1.0000 0.0000 0.0000	</row1>
			<row2>	-1.0000 0.0000 0.0000 0.0000	</row2>
			<row3>	-0.5729 0.9211 1.1022 1.0000	</row3>
		</transform>
	</node>
	<node>
		<identifier>	MP_WM618_Voice_Tube_INDEX_4	</identifier>
		<parent>	Scene Root	</parent>
		<transform>
			<row0>	0.0000 0.0000 -1.0000 0.0000	</row0>
			<row1>	0.0000 1.0000 0.0000 0.0000	</row1>
			<row2>	1.0000 0.0000 0.0000 0.0000	</row2>
			<row3>	0.3876 1.3405 0.9753 1.0000	</row3>
		</transform>
	</node>
	<node>
		<identifier>	MP_WM618_Voice_Tube_INDEX_5	</identifier>
		<parent>	Scene Root	</parent>
		<transform>
			<row0>	0.0000 0.0000 1.0000 0.0000	</row0>
			<row1>	0.0000 1.0000 0.0000 0.0000	</row1>
			<row2>	-1.0000 0.0000 0.0000 0.0000	</row2>
			<row3>	-0.3876 1.3405 0.9753 1.0000	</row3>
		</transform>
	</node>
	<node>
		<identifier>	MP_WM618_Voice_Tube_INDEX_6	</identifier>
		<parent>	Scene Root	</parent>
		<transform>
			<row0>	0.0000 0.0000 1.0000 0.0000	</row0>
			<row1>	0.0000 1.0000 0.0000 0.0000	</row1>
			<row2>	-1.0000 0.0000 0.0000 0.0000	</row2>
			<row3>	-0.2845 2.0423 0.3988 1.0000	</row3>
		</transform>
	</node>
	<node>
		<identifier>	MP_WM618_Voice_Tube_INDEX_7	</identifier>
		<parent>	Scene Root	</parent>
		<transform>
			<row0>	0.0000 0.0000 -1.0000 0.0000	</row0>
			<row1>	0.0000 1.0000 0.0000 0.0000	</row1>
			<row2>	1.0000 0.0000 0.0000 0.0000	</row2>
			<row3>	0.2845 2.0423 0.3988 1.0000	</row3>
		</transform>
	</node>
	<node>
		<identifier>	MP_WM618_Voice_Tube_INDEX_8	</identifier>
		<parent>	Scene Root	</parent>
		<transform>
			<row0>	1.0000 0.0000 0.0000 0.0000	</row0>
			<row1>	0.0000 1.0000 0.0000 0.0000	</row1>
			<row2>	0.0000 0.0000 1.0000 0.0000	</row2>
			<row3>	0.1490 1.2012 1.2897 1.0000	</row3>
		</transform>
	</node>
	<node>
		<identifier>	MP_WM618_Voice_Tube_INDEX_9	</identifier>
		<parent>	Scene Root	</parent>
		<transform>
			<row0>	1.0000 0.0000 0.0000 0.0000	</row0>
			<row1>	0.0000 1.0000 0.0000 0.0000	</row1>
			<row2>	0.0000 0.0000 1.0000 0.0000	</row2>
			<row3>	0.2509 1.2012 1.2897 1.0000	</row3>
		</transform>
	</node>
	<node>
		<identifier>	MP_WM624_Pelorus_Mk7	</identifier>
		<parent>	Scene Root	</parent>
		<transform>
			<row0>	1.0000 0.0000 0.0000 0.0000	</row0>
			<row1>	0.0000 1.0000 0.0000 0.0000	</row1>
			<row2>	0.0000 0.0000 1.0000 0.0000	</row2>
			<row3>	-0.2978 1.2030 1.2695 1.0000	</row3>
		</transform>
	</node>
	<node>
		<identifier>	MP_WM624_Pelorus_Mk7_INDEX_1	</identifier>
		<parent>	Scene Root	</parent>
		<transform>
			<row0>	1.0000 0.0000 0.0000 0.0000	</row0>
			<row1>	0.0000 1.0000 0.0000 0.0000	</row1>
			<row2>	0.0000 0.0000 1.0000 0.0000	</row2>
			<row3>	0.2978 1.2030 1.2695 1.0000	</row3>
		</transform>
	</node>
	<node>
		<identifier>	MP_WM625_Pelorus	</identifier>
		<parent>	Scene Root	</parent>
		<transform>
			<row0>	1.0000 0.0000 0.0000 0.0000	</row0>
			<row1>	0.0000 1.0000 0.0000 0.0000	</row1>
			<row2>	0.0000 0.0000 1.0000 0.0000	</row2>
			<row3>	0.3990 1.4025 1.1705 1.0000	</row3>
		</transform>
	</node>
	<node>
		<identifier>	MP_WM625_Pelorus_INDEX_1	</identifier>
		<parent>	Scene Root	</parent>
		<transform>
			<row0>	0.0000 0.0000 1.0000 0.0000	</row0>
			<row1>	0.0000 1.0000 0.0000 0.0000	</row1>
			<row2>	-1.0000 0.0000 0.0000 0.0000	</row2>
			<row3>	0.3091 1.4025 1.3067 1.0000	</row3>
		</transform>
	</node>
	<node>
		<identifier>	MP_WM625_Pelorus_INDEX_2	</identifier>
		<parent>	Scene Root	</parent>
		<transform>
			<row0>	0.0000 0.0000 1.0000 0.0000	</row0>
			<row1>	0.0000 1.0000 0.0000 0.0000	</row1>
			<row2>	-1.0000 0.0000 0.0000 0.0000	</row2>
			<row3>	-0.3091 1.4025 1.3067 1.0000	</row3>
		</transform>
	</node>
	<node>
		<identifier>	MP_WM625_Pelorus_INDEX_3	</identifier>
		<parent>	Scene Root	</parent>
		<transform>
			<row0>	-1.0000 0.0000 0.0000 0.0000	</row0>
			<row1>	0.0000 1.0000 0.0000 0.0000	</row1>
			<row2>	0.0000 0.0000 -1.0000 0.0000	</row2>
			<row3>	-0.3990 1.4025 1.1705 1.0000	</row3>
		</transform>
	</node>
	<node>
		<identifier>	MP_WM625_Pelorus_INDEX_4	</identifier>
		<parent>	Scene Root	</parent>
		<transform>
			<row0>	-0.8518 0.0000 0.5239 0.0000	</row0>
			<row1>	0.0000 1.0000 0.0000 0.0000	</row1>
			<row2>	-0.5239 0.0000 -0.8518 0.0000	</row2>
			<row3>	-0.2033 2.1051 0.6349 1.0000	</row3>
		</transform>
	</node>
	<node>
		<identifier>	MP_WM625_Pelorus_INDEX_5	</identifier>
		<parent>	Scene Root	</parent>
		<transform>
			<row0>	-1.0000 0.0000 0.0000 0.0000	</row0>
			<row1>	0.0000 1.0000 0.0000 0.0000	</row1>
			<row2>	0.0000 0.0000 -1.0000 0.0000	</row2>
			<row3>	-0.2924 2.1051 0.4509 1.0000	</row3>
		</transform>
	</node>
	<node>
		<identifier>	MP_WM625_Pelorus_INDEX_6	</identifier>
		<parent>	Scene Root	</parent>
		<transform>
			<row0>	1.0000 0.0000 0.0000 0.0000	</row0>
			<row1>	0.0000 1.0000 0.0000 0.0000	</row1>
			<row2>	0.0000 0.0000 1.0000 0.0000	</row2>
			<row3>	0.2924 2.1051 0.4509 1.0000	</row3>
		</transform>
	</node>
	<node>
		<identifier>	MP_WM625_Pelorus_INDEX_7	</identifier>
		<parent>	Scene Root	</parent>
		<transform>
			<row0>	0.8518 0.0000 0.5239 0.0000	</row0>
			<row1>	0.0000 1.0000 0.0000 0.0000	</row1>
			<row2>	-0.5239 0.0000 0.8518 0.0000	</row2>
			<row3>	0.2033 2.1051 0.6349 1.0000	</row3>
		</transform>
	</node>
	<node>
		<identifier>	MP_WM633_Binocular	</identifier>
		<parent>	Scene Root	</parent>
		<transform>
			<row0>	1.0000 0.0000 0.0000 0.0000	</row0>
			<row1>	0.0000 1.0000 0.0000 0.0000	</row1>
			<row2>	0.0000 0.0000 1.0000 0.0000	</row2>
			<row3>	0.1231 0.9484 1.6263 1.0000	</row3>
		</transform>
	</node>
	<node>
		<identifier>	MP_WM633_Binocular_INDEX_1	</identifier>
		<parent>	Scene Root	</parent>
		<transform>
			<row0>	0.0000 0.0000 -1.0000 0.0000	</row0>
			<row1>	0.0000 1.0000 0.0000 0.0000	</row1>
			<row2>	1.0000 0.0000 0.0000 0.0000	</row2>
			<row3>	0.5388 0.9211 0.5142 1.0000	</row3>
		</transform>
	</node>
	<node>
		<identifier>	MP_WM633_Binocular_INDEX_10	</identifier>
		<parent>	Scene Root	</parent>
		<transform>
			<row0>	0.0000 0.0000 1.0000 0.0000	</row0>
			<row1>	0.0000 1.0000 0.0000 0.0000	</row1>
			<row2>	-1.0000 0.0000 0.0000 0.0000	</row2>
			<row3>	-0.2745 2.0416 0.2494 1.0000	</row3>
		</transform>
	</node>
	<node>
		<identifier>	MP_WM633_Binocular_INDEX_11	</identifier>
		<parent>	Scene Root	</parent>
		<transform>
			<row0>	0.5166 0.0000 -0.8563 0.0000	</row0>
			<row1>	0.0000 1.0000 0.0000 0.0000	</row1>
			<row2>	0.8563 0.0000 0.5166 0.0000	</row2>
			<row3>	0.2434 2.0416 0.5399 1.0000	</row3>
		</transform>
	</node>
	<node>
		<identifier>	MP_WM633_Binocular_INDEX_12	</identifier>
		<parent>	Scene Root	</parent>
		<transform>
			<row0>	1.0000 0.0000 0.0000 0.0000	</row0>
			<row1>	0.0000 1.0000 0.0000 0.0000	</row1>
			<row2>	0.0000 0.0000 1.0000 0.0000	</row2>
			<row3>	0.1289 2.0416 0.6363 1.0000	</row3>
		</transform>
	</node>
	<node>
		<identifier>	MP_WM633_Binocular_INDEX_13	</identifier>
		<parent>	Scene Root	</parent>
		<transform>
			<row0>	0.0000 0.0000 -1.0000 0.0000	</row0>
			<row1>	0.0000 1.0000 0.0000 0.0000	</row1>
			<row2>	1.0000 0.0000 0.0000 0.0000	</row2>
			<row3>	0.2745 2.0416 0.2494 1.0000	</row3>
		</transform>
	</node>
	<node>
		<identifier>	MP_WM633_Binocular_INDEX_2	</identifier>
		<parent>	Scene Root	</parent>
		<transform>
			<row0>	0.0000 0.0000 -1.0000 0.0000	</row0>
			<row1>	0.0000 1.0000 0.0000 0.0000	</row1>
			<row2>	1.0000 0.0000 0.0000 0.0000	</row2>
			<row3>	0.1788 1.6213 -0.1657 1.0000	</row3>
		</transform>
	</node>
	<node>
		<identifier>	MP_WM633_Binocular_INDEX_3	</identifier>
		<parent>	Scene Root	</parent>
		<transform>
			<row0>	0.0000 0.0000 1.0000 0.0000	</row0>
			<row1>	0.0000 1.0000 0.0000 0.0000	</row1>
			<row2>	-1.0000 0.0000 0.0000 0.0000	</row2>
			<row3>	-0.1788 1.6213 -0.1657 1.0000	</row3>
		</transform>
	</node>
	<node>
		<identifier>	MP_WM633_Binocular_INDEX_4	</identifier>
		<parent>	Scene Root	</parent>
		<transform>
			<row0>	0.4602 0.0000 -0.8878 0.0000	</row0>
			<row1>	0.0000 1.0000 0.0000 0.0000	</row1>
			<row2>	0.8878 0.0000 0.4602 0.0000	</row2>
			<row3>	0.3473 1.3405 1.2407 1.0000	</row3>
		</transform>
	</node>
	<node>
		<identifier>	MP_WM633_Binocular_INDEX_5	</identifier>
		<parent>	Scene Root	</parent>
		<transform>
			<row0>	0.4602 0.0000 0.8878 0.0000	</row0>
			<row1>	0.0000 1.0000 0.0000 0.0000	</row1>
			<row2>	-0.8878 0.0000 0.4602 0.0000	</row2>
			<row3>	-0.3473 1.3403 1.2407 1.0000	</row3>
		</transform>
	</node>
	<node>
		<identifier>	MP_WM633_Binocular_INDEX_6	</identifier>
		<parent>	Scene Root	</parent>
		<transform>
			<row0>	1.0000 0.0000 0.0000 0.0000	</row0>
			<row1>	0.0000 1.0000 0.0000 0.0000	</row1>
			<row2>	0.0000 0.0000 1.0000 0.0000	</row2>
			<row3>	-0.1231 0.9484 1.6263 1.0000	</row3>
		</transform>
	</node>
	<node>
		<identifier>	MP_WM633_Binocular_INDEX_7	</identifier>
		<parent>	Scene Root	</parent>
		<transform>
			<row0>	0.0000 0.0000 1.0000 0.0000	</row0>
			<row1>	0.0000 1.0000 0.0000 0.0000	</row1>
			<row2>	-1.0000 0.0000 0.0000 0.0000	</row2>
			<row3>	-0.5388 0.9211 0.5142 1.0000	</row3>
		</transform>
	</node>
	<node>
		<identifier>	MP_WM633_Binocular_INDEX_8	</identifier>
		<parent>	Scene Root	</parent>
		<transform>
			<row0>	1.0000 0.0000 0.0000 0.0000	</row0>
			<row1>	0.0000 1.0000 0.0000 0.0000	</row1>
			<row2>	0.0000 0.0000 1.0000 0.0000	</row2>
			<row3>	-0.1289 2.0416 0.6363 1.0000	</row3>
		</transform>
	</node>
	<node>
		<identifier>	MP_WM633_Binocular_INDEX_9	</identifier>
		<parent>	Scene Root	</parent>
		<transform>
			<row0>	0.5166 0.0000 0.8563 0.0000	</row0>
			<row1>	0.0000 1.0000 0.0000 0.0000	</row1>
			<row2>	-0.8563 0.0000 0.5166 0.0000	</row2>
			<row3>	-0.2434 2.0416 0.5399 1.0000	</row3>
		</transform>
	</node>
	<node>
		<identifier>	MP_WM643_Telephone	</identifier>
		<parent>	Scene Root	</parent>
		<transform>
			<row0>	-0.8335 0.0000 0.5525 0.0000	</row0>
			<row1>	0.0000 1.0000 0.0000 0.0000	</row1>
			<row2>	-0.5525 0.0000 -0.8335 0.0000	</row2>
			<row3>	0.3259 0.7146 1.6909 1.0000	</row3>
		</transform>
	</node>
	<node>
		<identifier>	MP_WM643_Telephone_INDEX_1	</identifier>
		<parent>	Scene Root	</parent>
		<transform>
			<row0>	-1.0000 0.0000 0.0000 0.0000	</row0>
			<row1>	0.0000 1.0000 0.0000 0.0000	</row1>
			<row2>	0.0000 0.0000 -1.0000 0.0000	</row2>
			<row3>	-0.0128 0.4024 2.9073 1.0000	</row3>
		</transform>
	</node>
	<node>
		<identifier>	MP_WM643_Telephone_INDEX_2	</identifier>
		<parent>	Scene Root	</parent>
		<transform>
			<row0>	0.0000 0.0000 1.0000 0.0000	</row0>
			<row1>	0.0000 1.0000 0.0000 0.0000	</row1>
			<row2>	-1.0000 0.0000 0.0000 0.0000	</row2>
			<row3>	0.3593 1.0108 0.5205 1.0000	</row3>
		</transform>
	</node>
	<node>
		<identifier>	MP_WM643_Telephone_INDEX_3	</identifier>
		<parent>	Scene Root	</parent>
		<transform>
			<row0>	0.0000 0.0000 -1.0000 0.0000	</row0>
			<row1>	0.0000 1.0000 0.0000 0.0000	</row1>
			<row2>	1.0000 0.0000 0.0000 0.0000	</row2>
			<row3>	-0.3593 1.0108 0.5205 1.0000	</row3>
		</transform>
	</node>
	<node>
		<identifier>	MP_WM643_Telephone_INDEX_4	</identifier>
		<parent>	Scene Root	</parent>
		<transform>
			<row0>	0.1615 0.0000 0.9869 0.0000	</row0>
			<row1>	0.0000 1.0000 0.0000 0.0000	</row1>
			<row2>	-0.9869 0.0000 0.1615 0.0000	</row2>
			<row3>	0.5711 0.5876 0.3441 1.0000	</row3>
		</transform>
	</node>
	<node>
		<identifier>	MP_WM643_Telephone_INDEX_5	</identifier>
		<parent>	Scene Root	</parent>
		<transform>
			<row0>	0.1615 0.0000 -0.9869 0.0000	</row0>
			<row1>	0.0000 1.0000 0.0000 0.0000	</row1>
			<row2>	0.9869 0.0000 0.1615 0.0000	</row2>
			<row3>	-0.5711 0.5876 0.3441 1.0000	</row3>
		</transform>
	</node>
	<node>
		<identifier>	MP_WM645_Switch_Panel	</identifier>
		<parent>	Scene Root	</parent>
		<transform>
			<row0>	0.0000 0.0000 -1.0000 0.0000	</row0>
			<row1>	0.0000 1.0000 0.0000 0.0000	</row1>
			<row2>	1.0000 0.0000 0.0000 0.0000	</row2>
			<row3>	0.3974 1.2362 1.1052 1.0000	</row3>
		</transform>
	</node>
	<node>
		<identifier>	MP_WM645_Switch_Panel_INDEX_1	</identifier>
		<parent>	Scene Root	</parent>
		<transform>
			<row0>	0.0000 0.0000 -1.0000 0.0000	</row0>
			<row1>	0.0000 1.0000 0.0000 0.0000	</row1>
			<row2>	1.0000 0.0000 0.0000 0.0000	</row2>
			<row3>	0.3974 1.2362 1.1485 1.0000	</row3>
		</transform>
	</node>
	<node>
		<identifier>	MP_WM645_Switch_Panel_INDEX_2	</identifier>
		<parent>	Scene Root	</parent>
		<transform>
			<row0>	0.0000 0.0000 1.0000 0.0000	</row0>
			<row1>	0.0000 1.0000 0.0000 0.0000	</row1>
			<row2>	-1.0000 0.0000 0.0000 0.0000	</row2>
			<row3>	-0.3974 1.2362 1.1052 1.0000	</row3>
		</transform>
	</node>
	<node>
		<identifier>	MP_WM645_Switch_Panel_INDEX_3	</identifier>
		<parent>	Scene Root	</parent>
		<transform>
			<row0>	0.0000 0.0000 1.0000 0.0000	</row0>
			<row1>	0.0000 1.0000 0.0000 0.0000	</row1>
