<GSC029_Munchen_1944_Bow.skel_ext>
	<exported>	true	</exported>
	<node>
		<identifier>	MP_CM011_Fire_Fighting_Gear	</identifier>
		<parent>	Scene Root	</parent>
		<transform>
			<row0>	1.0000 0.0000 0.0000 0.0000	</row0>
			<row1>	0.0000 1.0000 0.0000 0.0000	</row1>
			<row2>	0.0000 0.0000 1.0000 0.0000	</row2>
			<row3>	-0.0015 0.4685 5.6688 1.0000	</row3>
		</transform>
	</node>
	<node>
		<identifier>	MP_CM011_Fire_Fighting_Gear_INDEX_1	</identifier>
		<parent>	Scene Root	</parent>
		<transform>
			<row0>	-1.0000 0.0000 0.0000 0.0000	</row0>
			<row1>	0.0000 1.0000 0.0000 0.0000	</row1>
			<row2>	0.0000 0.0000 -1.0000 0.0000	</row2>
			<row3>	-0.0526 0.4190 3.9934 1.0000	</row3>
		</transform>
	</node>
	<node>
		<identifier>	MP_CM109_Leadsman_Platform	</identifier>
		<parent>	Scene Root	</parent>
		<transform>
			<row0>	0.1712 -0.9831 0.0654 0.0000	</row0>
			<row1>	-0.9750 -0.1785 -0.1320 0.0000	</row1>
			<row2>	0.1414 -0.0412 -0.9891 0.0000	</row2>
			<row3>	0.3129 0.4431 5.0347 1.0000	</row3>
		</transform>
	</node>
	<node>
		<identifier>	MP_CM109_Leadsman_Platform_INDEX_1	</identifier>
		<parent>	Scene Root	</parent>
		<transform>
			<row0>	-0.1648 -0.9842 0.0645 0.0000	</row0>
			<row1>	0.9761 -0.1721 -0.1324 0.0000	</row1>
			<row2>	0.1414 0.0412 0.9891 0.0000	</row2>
			<row3>	-0.3132 0.4425 5.0347 1.0000	</row3>
		</transform>
	</node>
	<node>
		<identifier>	MP_GM065_Firelead	</identifier>
		<parent>	Scene Root	</parent>
		<transform>
			<row0>	0.5959 -0.0174 0.0681 0.0000	</row0>
			<row1>	0.0198 0.5993 -0.0203 0.0000	</row1>
			<row2>	-0.0674 0.0224 0.5958 0.0000	</row2>
			<row3>	0.3337 0.4246 4.7799 1.0000	</row3>
		</transform>
	</node>
	<node>
		<identifier>	MP_GM065_Firelead_INDEX_1	</identifier>
		<parent>	Scene Root	</parent>
		<transform>
			<row0>	0.5959 0.0174 -0.0681 0.0000	</row0>
			<row1>	-0.0198 0.5993 -0.0203 0.0000	</row1>
			<row2>	0.0674 0.0224 0.5958 0.0000	</row2>
			<row3>	-0.3337 0.4246 4.7799 1.0000	</row3>
		</transform>
	</node>
	<node>
		<identifier>	MP_GM139_Munchen_Arms	</identifier>
		<parent>	Scene Root	</parent>
		<transform>
			<row0>	0.8543 -0.4979 0.1493 0.0000	</row0>
			<row1>	0.4940 0.8671 0.0647 0.0000	</row1>
			<row2>	-0.1616 0.0185 0.9867 0.0000	</row2>
			<row3>	0.1508 0.3257 5.3484 1.0000	</row3>
		</transform>
	</node>
	<node>
		<identifier>	MP_GM139_Munchen_Arms_INDEX_1	</identifier>
		<parent>	Scene Root	</parent>
		<transform>
			<row0>	-0.8477 -0.5068 0.1566 0.0000	</row0>
			<row1>	-0.5017 0.8619 0.0735 0.0000	</row1>
			<row2>	-0.1722 -0.0163 -0.9849 0.0000	</row2>
			<row3>	-0.1513 0.3260 5.3496 1.0000	</row3>
		</transform>
	</node>
</GSC029_Munchen_1944_Bow.skel_ext>
