<BSC004_Weymouth_1920_Stern.skel_ext>
	<exported>	true	</exported>
	<node>
		<identifier>	MP_BM021_Crown	</identifier>
		<parent>	Scene Root	</parent>
		<transform>
			<row0>	1.0000 0.0000 0.0000 0.0000	</row0>
			<row1>	0.0000 0.9848 -0.1736 0.0000	</row1>
			<row2>	0.0000 0.1736 0.9848 0.0000	</row2>
			<row3>	0.0179 0.7261 -4.6457 1.0000	</row3>
		</transform>
	</node>
	<node>
		<identifier>	MP_BM026_Reels	</identifier>
		<parent>	Scene Root	</parent>
		<transform>
			<row0>	0.0000 0.0000 0.8191 0.0000	</row0>
			<row1>	0.0000 0.8191 0.0000 0.0000	</row1>
			<row2>	-0.8191 0.0000 0.0000 0.0000	</row2>
			<row3>	0.0000 0.2126 -4.4382 1.0000	</row3>
		</transform>
	</node>
	<node>
		<identifier>	MP_BM706_Ammunition_Box	</identifier>
		<parent>	Scene Root	</parent>
		<transform>
			<row0>	-0.7000 0.0000 0.0000 0.0000	</row0>
			<row1>	0.0000 0.7000 0.0000 0.0000	</row1>
			<row2>	0.0000 0.0000 -0.7000 0.0000	</row2>
			<row3>	0.0122 0.2080 -3.8629 1.0000	</row3>
		</transform>
	</node>
	<node>
		<identifier>	MP_BM706_Ammunition_Box_INDEX_1	</identifier>
		<parent>	Scene Root	</parent>
		<transform>
			<row0>	-0.7000 0.0000 0.0000 0.0000	</row0>
			<row1>	0.0000 0.7000 0.0000 0.0000	</row1>
			<row2>	0.0000 0.0000 -0.7000 0.0000	</row2>
			<row3>	0.0029 0.2100 -4.1089 1.0000	</row3>
		</transform>
	</node>
	<node>
		<identifier>	MP_BM753_Deck_Hatch	</identifier>
		<parent>	Scene Root	</parent>
		<transform>
			<row0>	1.0000 0.0000 0.0000 0.0000	</row0>
			<row1>	0.0000 1.0000 0.0000 0.0000	</row1>
			<row2>	0.0000 0.0000 1.0000 0.0000	</row2>
			<row3>	0.0000 0.2120 -3.7879 1.0000	</row3>
		</transform>
	</node>
	<node>
		<identifier>	MP_BM759_Hatch	</identifier>
		<parent>	Scene Root	</parent>
		<transform>
			<row0>	0.0000 0.0000 1.0000 0.0000	</row0>
			<row1>	0.0000 1.0000 0.0000 0.0000	</row1>
			<row2>	-1.0000 0.0000 0.0000 0.0000	</row2>
			<row3>	0.0000 0.2107 -4.2139 1.0000	</row3>
		</transform>
	</node>
	<node>
		<identifier>	MP_BM857_Fog_Light	</identifier>
		<parent>	Scene Root	</parent>
		<transform>
			<row0>	-1.0000 0.0000 0.0000 0.0000	</row0>
			<row1>	0.0000 1.0000 0.0000 0.0000	</row1>
			<row2>	0.0000 0.0000 -1.0000 0.0000	</row2>
			<row3>	0.0000 0.2601 -4.5702 1.0000	</row3>
		</transform>
	</node>
	<node>
		<identifier>	MP_BM872_Running_Lights_B	</identifier>
		<parent>	Scene Root	</parent>
		<transform>
			<row0>	-1.0000 0.0000 0.0000 0.0000	</row0>
			<row1>	0.0000 1.0000 0.0000 0.0000	</row1>
			<row2>	0.0000 0.0000 -1.0000 0.0000	</row2>
			<row3>	0.0000 0.4042 -4.6089 1.0000	</row3>
		</transform>
	</node>
	<node>
		<identifier>	MP_BM905_Crane_for_Ladder_L	</identifier>
		<parent>	Scene Root	</parent>
		<transform>
			<row0>	0.9945 0.0000 0.1045 0.0000	</row0>
			<row1>	0.0000 1.0000 0.0000 0.0000	</row1>
			<row2>	-0.1045 0.0000 0.9945 0.0000	</row2>
			<row3>	-0.3070 0.2069 -3.6165 1.0000	</row3>
		</transform>
	</node>
	<node>
		<identifier>	MP_BM905_Crane_for_Ladder_L_INDEX_1	</identifier>
		<parent>	Scene Root	</parent>
		<transform>
			<row0>	-0.9848 0.0000 0.1736 0.0000	</row0>
			<row1>	0.0000 1.0000 0.0000 0.0000	</row1>
			<row2>	-0.1736 0.0000 -0.9848 0.0000	</row2>
			<row3>	0.2387 0.2069 -4.0841 1.0000	</row3>
		</transform>
	</node>
	<node>
		<identifier>	MP_BM906_Crane_for_Ladder_R	</identifier>
		<parent>	Scene Root	</parent>
		<transform>
			<row0>	0.9945 0.0000 -0.1045 0.0000	</row0>
			<row1>	0.0000 1.0000 0.0000 0.0000	</row1>
			<row2>	0.1045 0.0000 0.9945 0.0000	</row2>
			<row3>	0.3070 0.2069 -3.6165 1.0000	</row3>
		</transform>
	</node>
	<node>
		<identifier>	MP_BM906_Crane_for_Ladder_R_INDEX_1	</identifier>
		<parent>	Scene Root	</parent>
		<transform>
			<row0>	-0.9848 0.0000 -0.1736 0.0000	</row0>
			<row1>	0.0000 1.0000 0.0000 0.0000	</row1>
			<row2>	0.1736 0.0000 -0.9848 0.0000	</row2>
			<row3>	-0.2387 0.2069 -4.0841 1.0000	</row3>
		</transform>
	</node>
	<node>
		<identifier>	MP_BM963_Anchor_Capstan_Stern	</identifier>
		<parent>	Scene Root	</parent>
		<transform>
			<row0>	1.0000 0.0000 0.0000 0.0000	</row0>
			<row1>	0.0000 1.0000 0.0000 0.0000	</row1>
			<row2>	0.0000 0.0000 1.0000 0.0000	</row2>
			<row3>	0.0000 0.2081 -3.5381 1.0000	</row3>
		</transform>
	</node>
	<node>
		<identifier>	MP_CM002_Propeller4_L	</identifier>
		<parent>	Scene Root	</parent>
		<transform>
			<row0>	0.6500 -0.1936 -0.0118 0.0000	</row0>
			<row1>	0.1934 0.6501 -0.0138 0.0000	</row1>
			<row2>	0.0153 0.0098 0.6781 0.0000	</row2>
			<row3>	-0.1078 -0.2610 -3.9938 1.0000	</row3>
		</transform>
	</node>
	<node>
		<identifier>	MP_CM002_Propeller4_L_INDEX_1	</identifier>
		<parent>	Scene Root	</parent>
		<transform>
			<row0>	0.6500 -0.1936 -0.0118 0.0000	</row0>
			<row1>	0.1934 0.6501 -0.0138 0.0000	</row1>
			<row2>	0.0153 0.0098 0.6781 0.0000	</row2>
			<row3>	-0.3065 -0.2263 -3.2210 1.0000	</row3>
		</transform>
	</node>
	<node>
		<identifier>	MP_CM033_Propeller4_R	</identifier>
		<parent>	Scene Root	</parent>
		<transform>
			<row0>	0.6500 0.1936 0.0118 0.0000	</row0>
			<row1>	-0.1934 0.6501 -0.0138 0.0000	</row1>
			<row2>	-0.0153 0.0098 0.6781 0.0000	</row2>
			<row3>	0.3065 -0.2263 -3.2210 1.0000	</row3>
		</transform>
	</node>
	<node>
		<identifier>	MP_CM033_Propeller4_R_INDEX_1	</identifier>
		<parent>	Scene Root	</parent>
		<transform>
			<row0>	0.6500 0.1936 0.0118 0.0000	</row0>
			<row1>	-0.1934 0.6501 -0.0138 0.0000	</row1>
			<row2>	-0.0153 0.0098 0.6781 0.0000	</row2>
			<row3>	0.1078 -0.2610 -3.9938 1.0000	</row3>
		</transform>
	</node>
	<node>
		<identifier>	MP_CM057_Accommodation_Ladder_Closed	</identifier>
		<parent>	Scene Root	</parent>
		<transform>
			<row0>	-0.1187 0.9929 0.0085 0.0000	</row0>
			<row1>	-0.9861 -0.1169 -0.1179 0.0000	</row1>
			<row2>	-0.1160 -0.0224 0.9930 0.0000	</row2>
			<row3>	-0.2903 0.2414 -3.3900 1.0000	</row3>
		</transform>
	</node>
	<node>
		<identifier>	MP_CM104_Life_Buoy	</identifier>
		<parent>	Scene Root	</parent>
		<transform>
			<row0>	0.1180 0.0000 0.9930 0.0000	</row0>
			<row1>	0.0000 1.0000 0.0000 0.0000	</row1>
			<row2>	-0.9930 0.0000 0.1180 0.0000	</row2>
			<row3>	0.3095 0.2683 -3.3609 1.0000	</row3>
		</transform>
	</node>
	<node>
		<identifier>	MP_CM104_Life_Buoy_INDEX_1	</identifier>
		<parent>	Scene Root	</parent>
		<transform>
			<row0>	0.1180 0.0000 -0.9930 0.0000	</row0>
			<row1>	0.0000 1.0000 0.0000 0.0000	</row1>
			<row2>	0.9930 0.0000 0.1180 0.0000	</row2>
			<row3>	-0.3095 0.2683 -3.3609 1.0000	</row3>
		</transform>
	</node>
</BSC004_Weymouth_1920_Stern.skel_ext>
