<WSD303_Blyskawica_1944_MidFront_ports.visual>
	<skeleton>
		<node>
			<identifier>	Scene Root	</identifier>
			<transform>
				<row0>	1.0000 0.0000 0.0000 0.0000	</row0>
				<row1>	0.0000 1.0000 0.0000 0.0000	</row1>
				<row2>	0.0000 0.0000 1.0000 0.0000	</row2>
				<row3>	0.0000 0.0000 0.0000 1.0000	</row3>
			</transform>
			<node>
				<identifier>	MidFront_ports	</identifier>
				<transform>
					<row0>	1.0000 0.0000 0.0000 0.0000	</row0>
					<row1>	0.0000 1.0000 0.0000 0.0000	</row1>
					<row2>	0.0000 0.0000 1.0000 0.0000	</row2>
					<row3>	0.0000 0.0000 0.0000 1.0000	</row3>
				</transform>
				<node>
					<identifier>	HP_FX_Death_1	</identifier>
					<transform>
						<row0>	1.0000 0.0000 0.0000 0.0000	</row0>
						<row1>	0.0000 1.0000 0.0000 0.0000	</row1>
						<row2>	0.0000 0.0000 1.0000 0.0000	</row2>
						<row3>	0.0000 0.0000 2.4547 1.0000	</row3>
					</transform>
				</node>
				<node>
					<identifier>	HP_FX_Death_2	</identifier>
					<transform>
						<row0>	1.0000 0.0000 0.0000 0.0000	</row0>
						<row1>	0.0000 1.0000 0.0000 0.0000	</row1>
						<row2>	0.0000 0.0000 1.0000 0.0000	</row2>
						<row3>	0.0000 0.0000 -0.2892 1.0000	</row3>
					</transform>
				</node>
				<node>
					<identifier>	HP_FX_Fire_2	</identifier>
					<transform>
						<row0>	1.0000 0.0000 0.0000 0.0000	</row0>
						<row1>	0.0000 1.0000 0.0000 0.0000	</row1>
						<row2>	0.0000 0.0000 1.0000 0.0000	</row2>
						<row3>	0.0000 0.4707 0.9805 1.0000	</row3>
					</transform>
				</node>
				<node>
					<identifier>	HP_FX_Fire_2_side_1	</identifier>
					<transform>
						<row0>	1.0000 0.0000 0.0000 0.0000	</row0>
						<row1>	0.0000 1.0000 0.0000 0.0000	</row1>
						<row2>	0.0000 0.0000 1.0000 0.0000	</row2>
						<row3>	-0.2434 0.2258 0.6905 1.0000	</row3>
					</transform>
				</node>
				<node>
					<identifier>	HP_FX_Fire_2_side_2	</identifier>
					<transform>
						<row0>	1.0000 0.0000 0.0000 0.0000	</row0>
						<row1>	0.0000 1.0000 0.0000 0.0000	</row1>
						<row2>	0.0000 0.0000 1.0000 0.0000	</row2>
						<row3>	0.2664 0.4006 0.2564 1.0000	</row3>
					</transform>
				</node>
				<node>
					<identifier>	HP_FX_FloodLight_left_1	</identifier>
					<transform>
						<row0>	-1.0000 0.0000 0.0000 0.0000	</row0>
						<row1>	0.0000 1.0000 0.0000 0.0000	</row1>
						<row2>	0.0000 0.0000 -1.0000 0.0000	</row2>
						<row3>	-0.1627 0.7220 1.6750 1.0000	</row3>
					</transform>
				</node>
				<node>
					<identifier>	HP_FX_FloodLight_right_1	</identifier>
					<transform>
						<row0>	1.0000 0.0000 0.0000 0.0000	</row0>
						<row1>	0.0000 1.0000 0.0000 0.0000	</row1>
						<row2>	0.0000 0.0000 1.0000 0.0000	</row2>
						<row3>	0.1628 0.7220 1.6750 1.0000	</row3>
					</transform>
				</node>
				<node>
					<identifier>	HP_FX_Flood_steam_1	</identifier>
					<transform>
						<row0>	1.0000 0.0000 0.0000 0.0000	</row0>
						<row1>	0.0000 0.9518 -0.3068 0.0000	</row1>
						<row2>	0.0000 0.3068 0.9518 0.0000	</row2>
						<row3>	-0.0297 0.8838 0.2422 1.0000	</row3>
					</transform>
				</node>
				<node>
					<identifier>	HP_FX_Flood_steam_left	</identifier>
					<transform>
						<row0>	-1.0000 0.0000 0.0128 0.0000	</row0>
						<row1>	0.0000 1.0000 0.0000 0.0000	</row1>
						<row2>	-0.0128 0.0000 -1.0000 0.0000	</row2>
						<row3>	-0.3294 0.2910 1.9274 1.0000	</row3>
					</transform>
				</node>
				<node>
					<identifier>	HP_FX_Flood_water_left_2	</identifier>
					<transform>
						<row0>	-1.0000 0.0000 0.0000 0.0000	</row0>
						<row1>	0.0000 1.0000 0.0000 0.0000	</row1>
						<row2>	0.0000 0.0000 -1.0000 0.0000	</row2>
						<row3>	-0.3743 -0.0103 0.1804 1.0000	</row3>
					</transform>
				</node>
				<node>
					<identifier>	HP_FX_Flood_water_right_2	</identifier>
					<transform>
						<row0>	0.9999 0.0000 -0.0114 0.0000	</row0>
						<row1>	0.0000 1.0000 0.0000 0.0000	</row1>
						<row2>	0.0114 0.0000 0.9999 0.0000	</row2>
						<row3>	0.3626 -0.0137 0.1784 1.0000	</row3>
					</transform>
				</node>
				<node>
					<identifier>	HP_FX_RepairLight_left_2	</identifier>
					<transform>
						<row0>	0.0227 0.0000 0.9997 0.0000	</row0>
						<row1>	0.5461 0.8376 -0.0124 0.0000	</row1>
						<row2>	-0.8374 0.5463 0.0190 0.0000	</row2>
						<row3>	-0.3348 0.3399 2.0794 1.0000	</row3>
					</transform>
				</node>
				<node>
					<identifier>	HP_FX_RepairLight_right_2	</identifier>
					<transform>
						<row0>	0.0227 0.0000 -0.9997 0.0000	</row0>
						<row1>	-0.5461 0.8376 -0.0124 0.0000	</row1>
						<row2>	0.8374 0.5463 0.0190 0.0000	</row2>
						<row3>	0.3342 0.3398 1.9831 1.0000	</row3>
					</transform>
				</node>
				<node>
					<identifier>	HP_FX_Smoke_1	</identifier>
					<transform>
						<row0>	1.0000 0.0000 0.0000 0.0000	</row0>
						<row1>	0.0000 0.9784 -0.2068 0.0000	</row1>
						<row2>	0.0000 0.2068 0.9784 0.0000	</row2>
						<row3>	0.0000 0.8889 0.3997 1.0000	</row3>
					</transform>
				</node>
				<node>
					<identifier>	HP_Flagpole	</identifier>
					<transform>
						<row0>	0.6468 0.0000 0.0000 0.0000	</row0>
						<row1>	0.0000 0.6468 0.0000 0.0000	</row1>
						<row2>	0.0000 0.0000 0.6468 0.0000	</row2>
						<row3>	0.0000 1.8988 1.3744 1.0000	</row3>
					</transform>
				</node>
				<node>
					<identifier>	HP_WF_1	</identifier>
					<transform>
						<row0>	1.0000 0.0000 0.0000 0.0000	</row0>
						<row1>	0.0000 1.0000 0.0000 0.0000	</row1>
						<row2>	0.0000 0.0000 1.0000 0.0000	</row2>
						<row3>	0.0343 0.8839 1.5800 1.0000	</row3>
					</transform>
				</node>
				<node>
					<identifier>	HP_WGA_1	</identifier>
					<transform>
						<row0>	0.0000 0.0000 1.0000 0.0000	</row0>
						<row1>	0.0000 1.0000 0.0000 0.0000	</row1>
						<row2>	-1.0000 0.0000 0.0000 0.0000	</row2>
						<row3>	-0.2765 0.5799 1.5033 1.0000	</row3>
					</transform>
				</node>
				<node>
					<identifier>	HP_WGA_2	</identifier>
					<transform>
						<row0>	0.0000 0.0000 -1.0000 0.0000	</row0>
						<row1>	0.0000 1.0000 0.0000 0.0000	</row1>
						<row2>	1.0000 0.0000 0.0000 0.0000	</row2>
						<row3>	0.2765 0.5799 1.5033 1.0000	</row3>
					</transform>
				</node>
				<node>
					<identifier>	HP_WGA_3	</identifier>
					<transform>
						<row0>	0.0000 0.0000 1.0000 0.0000	</row0>
						<row1>	0.0000 1.0000 0.0000 0.0000	</row1>
						<row2>	-1.0000 0.0000 0.0000 0.0000	</row2>
						<row3>	-0.1362 0.7901 1.4603 1.0000	</row3>
					</transform>
				</node>
				<node>
					<identifier>	HP_WGA_4	</identifier>
					<transform>
						<row0>	0.0000 0.0000 -1.0000 0.0000	</row0>
						<row1>	0.0000 1.0000 0.0000 0.0000	</row1>
						<row2>	1.0000 0.0000 0.0000 0.0000	</row2>
						<row3>	0.1362 0.7901 1.4603 1.0000	</row3>
					</transform>
				</node>
				<node>
					<identifier>	HP_WGA_5	</identifier>
					<transform>
						<row0>	-1.0000 0.0000 0.0000 0.0000	</row0>
						<row1>	0.0000 1.0000 0.0000 0.0000	</row1>
						<row2>	0.0000 0.0000 -1.0000 0.0000	</row2>
						<row3>	0.0000 0.3863 -0.0834 1.0000	</row3>
					</transform>
				</node>
				<node>
					<identifier>	HP_WGM_2	</identifier>
					<transform>
						<row0>	1.0000 0.0000 0.0000 0.0000	</row0>
						<row1>	0.0000 1.0000 0.0000 0.0000	</row1>
						<row2>	0.0000 0.0000 1.0000 0.0000	</row2>
						<row3>	0.0000 0.5260 2.3090 1.0000	</row3>
					</transform>
				</node>
				<node>
					<identifier>	HP_WGT_1	</identifier>
					<transform>
						<row0>	1.0000 0.0000 0.0000 0.0000	</row0>
						<row1>	0.0000 1.0000 0.0000 0.0000	</row1>
						<row2>	0.0000 0.0000 1.0000 0.0000	</row2>
						<row3>	0.0000 0.2325 -0.5471 1.0000	</row3>
					</transform>
				</node>
				<node>
					<identifier>	HP_WRS_1	</identifier>
					<transform>
						<row0>	-1.0000 0.0000 0.0000 0.0000	</row0>
						<row1>	0.0000 1.0000 0.0000 0.0000	</row1>
						<row2>	0.0000 0.0000 -1.0000 0.0000	</row2>
						<row3>	0.0000 1.7026 1.3129 1.0000	</row3>
					</transform>
				</node>
				<node>
					<identifier>	HP_flag_1	</identifier>
					<transform>
						<row0>	0.9990 0.0442 -0.0009 0.0000	</row0>
						<row1>	-0.0442 0.9982 -0.0397 0.0000	</row1>
						<row2>	-0.0009 0.0397 0.9992 0.0000	</row2>
						<row3>	0.2832 1.4434 1.3526 1.0000	</row3>
					</transform>
				</node>
				<node>
					<identifier>	HP_flag_2	</identifier>
					<transform>
						<row0>	0.9990 -0.0442 0.0009 0.0000	</row0>
						<row1>	0.0442 0.9982 -0.0397 0.0000	</row1>
						<row2>	0.0009 0.0397 0.9992 0.0000	</row2>
						<row3>	-0.2832 1.4434 1.3526 1.0000	</row3>
					</transform>
				</node>
				<node>
					<identifier>	HP_flag_3	</identifier>
					<transform>
						<row0>	0.9997 0.0257 0.0002 0.0000	</row0>
						<row1>	-0.0257 0.9995 0.0165 0.0000	</row1>
						<row2>	0.0002 -0.0165 0.9999 0.0000	</row2>
						<row3>	0.1723 1.4431 1.3431 1.0000	</row3>
					</transform>
				</node>
				<node>
					<identifier>	HP_flag_4	</identifier>
					<transform>
						<row0>	0.9997 -0.0257 -0.0002 0.0000	</row0>
						<row1>	0.0257 0.9995 0.0165 0.0000	</row1>
						<row2>	-0.0002 -0.0165 0.9999 0.0000	</row2>
						<row3>	-0.1723 1.4431 1.3431 1.0000	</row3>
					</transform>
				</node>
				<node>
					<identifier>	HP_flag_courtesy	</identifier>
					<transform>
						<row0>	0.9990 0.0442 -0.0009 0.0000	</row0>
						<row1>	-0.0442 0.9982 -0.0397 0.0000	</row1>
						<row2>	-0.0009 0.0397 0.9992 0.0000	</row2>
						<row3>	0.2780 1.5854 1.3469 1.0000	</row3>
					</transform>
				</node>
				<node>
					<identifier>	HP_flag_house	</identifier>
					<transform>
						<row0>	0.9990 -0.0442 0.0009 0.0000	</row0>
						<row1>	0.0442 0.9982 -0.0397 0.0000	</row1>
						<row2>	0.0009 0.0397 0.9992 0.0000	</row2>
						<row3>	-0.2769 1.5855 1.3470 1.0000	</row3>
					</transform>
				</node>
				<node>
					<identifier>	HP_flag_nation	</identifier>
					<transform>
						<row0>	0.9986 -0.0526 0.0017 0.0000	</row0>
						<row1>	0.0526 0.9965 -0.0652 0.0000	</row1>
						<row2>	0.0017 0.0652 0.9979 0.0000	</row2>
						<row3>	-0.0508 1.6613 1.2213 1.0000	</row3>
					</transform>
				</node>
				<node>
					<identifier>	HP_flag_rank	</identifier>
					<transform>
						<row0>	0.9986 -0.0526 0.0017 0.0000	</row0>
						<row1>	0.0526 0.9965 -0.0652 0.0000	</row1>
						<row2>	0.0017 0.0652 0.9979 0.0000	</row2>
						<row3>	-0.0583 1.5185 1.2306 1.0000	</row3>
					</transform>
				</node>
				<node>
					<identifier>	MP_BM022_Flotanet	</identifier>
					<transform>
						<row0>	0.0000 -0.6162 0.0000 0.0000	</row0>
						<row1>	-0.6162 0.0000 0.0000 0.0000	</row1>
						<row2>	0.0000 0.0000 -0.6162 0.0000	</row2>
						<row3>	-0.2023 0.5010 1.9216 1.0000	</row3>
					</transform>
				</node>
				<node>
					<identifier>	MP_BM022_Flotanet_INDEX_1	</identifier>
					<transform>
						<row0>	0.0000 -0.6162 0.0000 0.0000	</row0>
						<row1>	0.6162 0.0000 0.0000 0.0000	</row1>
						<row2>	0.0000 0.0000 0.6162 0.0000	</row2>
						<row3>	0.2023 0.5010 1.9216 1.0000	</row3>
					</transform>
				</node>
				<node>
					<identifier>	MP_CM030_Swab_Rack_2	</identifier>
					<transform>
						<row0>	0.0000 0.0000 -1.0000 0.0000	</row0>
						<row1>	0.0000 1.0000 0.0000 0.0000	</row1>
						<row2>	1.0000 0.0000 0.0000 0.0000	</row2>
						<row3>	0.1125 0.2136 0.9821 1.0000	</row3>
					</transform>
				</node>
				<node>
					<identifier>	MP_CM030_Swab_Rack_2_INDEX_1	</identifier>
					<transform>
						<row0>	0.0000 0.0000 1.0000 0.0000	</row0>
						<row1>	0.0000 1.0000 0.0000 0.0000	</row1>
						<row2>	-1.0000 0.0000 0.0000 0.0000	</row2>
						<row3>	-0.1125 0.2136 0.9821 1.0000	</row3>
					</transform>
				</node>
				<node>
					<identifier>	MP_CM051_Fire_Fighting_Gear	</identifier>
					<transform>
						<row0>	-1.0000 0.0000 0.0000 0.0000	</row0>
						<row1>	0.0000 1.0000 0.0000 0.0000	</row1>
						<row2>	0.0000 0.0000 -1.0000 0.0000	</row2>
						<row3>	-0.1126 0.2329 0.7257 1.0000	</row3>
					</transform>
				</node>
				<node>
					<identifier>	MP_CM051_Fire_Fighting_Gear_INDEX_1	</identifier>
					<transform>
						<row0>	1.0000 0.0000 0.0000 0.0000	</row0>
						<row1>	0.0000 1.0000 0.0000 0.0000	</row1>
						<row2>	0.0000 0.0000 1.0000 0.0000	</row2>
						<row3>	0.1126 0.2329 0.7257 1.0000	</row3>
					</transform>
				</node>
				<node>
					<identifier>	MP_CM051_Fire_Fighting_Gear_INDEX_2	</identifier>
					<transform>
						<row0>	0.5000 0.0000 0.8660 0.0000	</row0>
						<row1>	0.0000 1.0000 0.0000 0.0000	</row1>
						<row2>	-0.8660 0.0000 0.5000 0.0000	</row2>
						<row3>	0.0838 0.3663 2.4196 1.0000	</row3>
					</transform>
				</node>
				<node>
					<identifier>	MP_CM051_Fire_Fighting_Gear_INDEX_3	</identifier>
					<transform>
						<row0>	-0.8064 0.0000 0.5914 0.0000	</row0>
						<row1>	0.0000 -1.0000 0.0000 0.0000	</row1>
						<row2>	0.5914 0.0000 0.8064 0.0000	</row2>
						<row3>	-0.1418 0.3643 2.3665 1.0000	</row3>
					</transform>
				</node>
				<node>
					<identifier>	MP_CM052_Fender	</identifier>
					<transform>
						<row0>	-0.0529 0.0000 -0.4972 0.0000	</row0>
						<row1>	0.0000 0.5000 0.0000 0.0000	</row1>
						<row2>	0.4972 0.0000 -0.0529 0.0000	</row2>
						<row3>	0.2185 0.3415 2.1188 1.0000	</row3>
					</transform>
				</node>
				<node>
					<identifier>	MP_CM052_Fender_INDEX_1	</identifier>
					<transform>
						<row0>	0.1694 0.0000 0.4704 0.0000	</row0>
						<row1>	0.0000 0.5000 0.0000 0.0000	</row1>
						<row2>	-0.4704 0.0000 0.1694 0.0000	</row2>
						<row3>	-0.2019 0.3415 2.2817 1.0000	</row3>
					</transform>
				</node>
				<node>
					<identifier>	MP_CM056_Ships_bell	</identifier>
					<transform>
						<row0>	0.4789 0.0000 0.0000 0.0000	</row0>
						<row1>	0.0000 0.4789 0.0000 0.0000	</row1>
						<row2>	0.0000 0.0000 0.4789 0.0000	</row2>
						<row3>	0.0000 0.3760 -0.2268 1.0000	</row3>
					</transform>
				</node>
				<node>
					<identifier>	MP_CM057_Accommodation_Ladder_Closed	</identifier>
					<transform>
						<row0>	0.9983 0.0578 -0.0002 0.0000	</row0>
						<row1>	-0.0578 0.9983 0.0029 0.0000	</row1>
						<row2>	0.0004 -0.0029 1.0000 0.0000	</row2>
						<row3>	-0.2732 0.2105 -0.1421 1.0000	</row3>
					</transform>
				</node>
				<node>
					<identifier>	MP_CM057_Accommodation_Ladder_Closed_INDEX_1	</identifier>
					<transform>
						<row0>	0.9983 -0.0578 0.0002 0.0000	</row0>
						<row1>	0.0578 0.9983 0.0029 0.0000	</row1>
						<row2>	-0.0004 -0.0029 1.0000 0.0000	</row2>
						<row3>	0.2732 0.2104 -0.1421 1.0000	</row3>
					</transform>
				</node>
				<node>
					<identifier>	MP_CM082_Rope	</identifier>
					<transform>
						<row0>	0.0000 0.0000 -0.4000 0.0000	</row0>
						<row1>	0.0000 0.4000 0.0000 0.0000	</row1>
						<row2>	0.4000 0.0000 0.0000 0.0000	</row2>
						<row3>	0.1042 0.6460 1.2883 1.0000	</row3>
					</transform>
				</node>
				<node>
					<identifier>	MP_CM082_Rope_INDEX_1	</identifier>
					<transform>
						<row0>	0.4000 0.0000 0.0000 0.0000	</row0>
						<row1>	0.0000 0.4000 0.0000 0.0000	</row1>
						<row2>	0.0000 0.0000 0.4000 0.0000	</row2>
						<row3>	-0.1934 0.6460 1.3307 1.0000	</row3>
					</transform>
				</node>
				<node>
					<identifier>	MP_CM082_Rope_INDEX_2	</identifier>
					<transform>
						<row0>	0.0000 0.0000 -0.4000 0.0000	</row0>
						<row1>	0.0000 0.4000 0.0000 0.0000	</row1>
						<row2>	0.4000 0.0000 0.0000 0.0000	</row2>
						<row3>	-0.0001 0.6460 1.2883 1.0000	</row3>
					</transform>
				</node>
				<node>
					<identifier>	MP_CM082_Rope_INDEX_3	</identifier>
					<transform>
						<row0>	0.4000 0.0000 0.0000 0.0000	</row0>
						<row1>	0.0000 0.4000 0.0000 0.0000	</row1>
						<row2>	0.0000 0.0000 0.4000 0.0000	</row2>
						<row3>	0.1934 0.6460 1.3455 1.0000	</row3>
					</transform>
				</node>
				<node>
					<identifier>	MP_CM082_Rope_INDEX_4	</identifier>
					<transform>
						<row0>	0.4000 0.0000 0.0000 0.0000	</row0>
						<row1>	0.0000 0.4000 0.0000 0.0000	</row1>
						<row2>	0.0000 0.0000 0.4000 0.0000	</row2>
						<row3>	0.1934 0.6460 1.3307 1.0000	</row3>
					</transform>
				</node>
				<node>
					<identifier>	MP_CM082_Rope_INDEX_5	</identifier>
					<transform>
						<row0>	0.4000 0.0000 0.0000 0.0000	</row0>
						<row1>	0.0000 0.4000 0.0000 0.0000	</row1>
						<row2>	0.0000 0.0000 0.4000 0.0000	</row2>
						<row3>	-0.1934 0.6460 1.3455 1.0000	</row3>
					</transform>
				</node>
				<node>
					<identifier>	MP_CM082_Rope_INDEX_6	</identifier>
					<transform>
						<row0>	0.0000 0.0000 0.4000 0.0000	</row0>
						<row1>	0.0000 0.4000 0.0000 0.0000	</row1>
						<row2>	-0.4000 0.0000 0.0000 0.0000	</row2>
						<row3>	-0.1042 0.6460 1.2883 1.0000	</row3>
					</transform>
				</node>
				<node>
					<identifier>	MP_CM092_Siren	</identifier>
					<transform>
						<row0>	0.8660 0.0000 0.5000 0.0000	</row0>
						<row1>	0.0000 1.0000 0.0000 0.0000	</row1>
						<row2>	-0.5000 0.0000 0.8660 0.0000	</row2>
						<row3>	-0.0784 0.8119 0.6370 1.0000	</row3>
					</transform>
				</node>
				<node>
					<identifier>	MP_CM092_Siren_INDEX_1	</identifier>
					<transform>
						<row0>	0.8660 0.0000 -0.5000 0.0000	</row0>
						<row1>	0.0000 1.0000 0.0000 0.0000	</row1>
						<row2>	0.5000 0.0000 0.8660 0.0000	</row2>
						<row3>	0.0784 0.8119 0.6370 1.0000	</row3>
					</transform>
				</node>
				<node>
					<identifier>	MP_WM001_Boat	</identifier>
					<transform>
						<row0>	0.0000 0.8000 0.0000 0.0000	</row0>
						<row1>	-0.8000 0.0000 0.0000 0.0000	</row1>
						<row2>	0.0000 0.0000 0.8000 0.0000	</row2>
						<row3>	-0.1408 0.2949 0.5956 1.0000	</row3>
					</transform>
				</node>
				<node>
					<identifier>	MP_WM001_Boat_INDEX_1	</identifier>
					<transform>
						<row0>	0.0000 0.8000 0.0000 0.0000	</row0>
						<row1>	-0.8000 0.0000 0.0000 0.0000	</row1>
						<row2>	0.0000 0.0000 0.8000 0.0000	</row2>
						<row3>	0.3273 0.3941 1.5150 1.0000	</row3>
					</transform>
				</node>
				<node>
					<identifier>	MP_WM001_Boat_INDEX_2	</identifier>
					<transform>
						<row0>	0.0000 0.0000 -0.8000 0.0000	</row0>
						<row1>	0.7974 0.0639 0.0000 0.0000	</row1>
						<row2>	0.0639 -0.7974 0.0000 0.0000	</row2>
						<row3>	0.1263 0.3114 0.7836 1.0000	</row3>
					</transform>
				</node>
				<node>
					<identifier>	MP_WM001_Boat_INDEX_3	</identifier>
					<transform>
						<row0>	0.0000 0.8000 0.0000 0.0000	</row0>
						<row1>	-0.8000 0.0000 0.0000 0.0000	</row1>
						<row2>	0.0000 0.0000 0.8000 0.0000	</row2>
						<row3>	-0.1133 0.2949 0.5956 1.0000	</row3>
					</transform>
				</node>
				<node>
					<identifier>	MP_WM001_Boat_INDEX_4	</identifier>
					<transform>
						<row0>	0.0000 0.0000 -0.8000 0.0000	</row0>
						<row1>	0.7974 0.0639 0.0000 0.0000	</row1>
						<row2>	0.0639 -0.7974 0.0000 0.0000	</row2>
						<row3>	0.1259 0.3117 0.6642 1.0000	</row3>
					</transform>
				</node>
				<node>
					<identifier>	MP_WM001_Boat_INDEX_5	</identifier>
					<transform>
						<row0>	0.0000 0.0000 -0.8000 0.0000	</row0>
						<row1>	0.0000 0.8000 0.0000 0.0000	</row1>
						<row2>	0.8000 0.0000 0.0000 0.0000	</row2>
						<row3>	0.0000 0.4273 0.9870 1.0000	</row3>
					</transform>
				</node>
				<node>
					<identifier>	MP_WM001_Boat_INDEX_6	</identifier>
					<transform>
						<row0>	0.0000 0.0000 -0.8000 0.0000	</row0>
						<row1>	0.0000 0.8000 0.0000 0.0000	</row1>
						<row2>	0.8000 0.0000 0.0000 0.0000	</row2>
						<row3>	0.0000 0.4547 0.9870 1.0000	</row3>
					</transform>
				</node>
				<node>
					<identifier>	MP_WM001_Boat_INDEX_7	</identifier>
					<transform>
						<row0>	0.0000 -0.8000 0.0000 0.0000	</row0>
						<row1>	0.8000 0.0000 0.0000 0.0000	</row1>
						<row2>	0.0000 0.0000 0.8000 0.0000	</row2>
						<row3>	-0.3273 0.3941 1.5150 1.0000	</row3>
					</transform>
				</node>
				<node>
					<identifier>	MP_WM003_Motorboat_6_3m	</identifier>
					<transform>
						<row0>	0.9909 0.1331 -0.0210 0.0000	</row0>
						<row1>	-0.1332 0.9911 0.0000 0.0000	</row1>
						<row2>	0.0208 0.0028 0.9998 0.0000	</row2>
						<row3>	-0.2392 0.3702 0.2857 1.0000	</row3>
					</transform>
				</node>
				<node>
					<identifier>	MP_WM004_Life_buoy	</identifier>
					<transform>
						<row0>	0.8745 0.0000 0.4851 0.0000	</row0>
						<row1>	0.0000 1.0000 0.0000 0.0000	</row1>
						<row2>	-0.4851 0.0000 0.8745 0.0000	</row2>
						<row3>	0.3117 0.6391 1.3702 1.0000	</row3>
					</transform>
				</node>
				<node>
					<identifier>	MP_WM004_Life_buoy_INDEX_1	</identifier>
					<transform>
						<row0>	0.8745 0.0000 -0.4851 0.0000	</row0>
						<row1>	0.0000 1.0000 0.0000 0.0000	</row1>
						<row2>	0.4851 0.0000 0.8745 0.0000	</row2>
						<row3>	-0.3117 0.6391 1.3702 1.0000	</row3>
					</transform>
				</node>
				<node>
					<identifier>	MP_WM004_Life_buoy_INDEX_2	</identifier>
					<transform>
						<row0>	0.6264 0.0000 0.7795 0.0000	</row0>
						<row1>	0.0000 1.0000 0.0000 0.0000	</row1>
						<row2>	-0.7795 0.0000 0.6264 0.0000	</row2>
						<row3>	0.1102 0.4552 -0.1946 1.0000	</row3>
					</transform>
				</node>
				<node>
					<identifier>	MP_WM004_Life_buoy_INDEX_3	</identifier>
					<transform>
						<row0>	0.6264 0.0000 -0.7795 0.0000	</row0>
						<row1>	0.0000 1.0000 0.0000 0.0000	</row1>
						<row2>	0.7795 0.0000 0.6264 0.0000	</row2>
						<row3>	-0.1102 0.4552 -0.1946 1.0000	</row3>
					</transform>
				</node>
				<node>
					<identifier>	MP_WM009_Train_machine	</identifier>
					<transform>
						<row0>	1.0000 0.0000 0.0000 0.0000	</row0>
						<row1>	0.0000 1.0000 0.0000 0.0000	</row1>
						<row2>	0.0000 0.0000 1.0000 0.0000	</row2>
						<row3>	0.0000 0.3500 2.5852 1.0000	</row3>
					</transform>
				</node>
				<node>
					<identifier>	MP_WM009_Train_machine_INDEX_1	</identifier>
					<transform>
						<row0>	1.0000 0.0000 0.0000 0.0000	</row0>
						<row1>	0.0000 1.0000 0.0000 0.0000	</row1>
						<row2>	0.0000 0.0000 1.0000 0.0000	</row2>
						<row3>	0.0000 0.5246 2.0700 1.0000	</row3>
					</transform>
				</node>
				<node>
					<identifier>	MP_WM010_Ammobox	</identifier>
					<transform>
						<row0>	0.7256 0.0000 -0.3370 0.0000	</row0>
						<row1>	0.0000 0.8000 0.0000 0.0000	</row1>
						<row2>	0.3370 0.0000 0.7256 0.0000	</row2>
						<row3>	0.1608 0.3504 2.5370 1.0000	</row3>
					</transform>
				</node>
				<node>
					<identifier>	MP_WM010_Ammobox_INDEX_1	</identifier>
					<transform>
						<row0>	0.5310 0.0000 0.5983 0.0000	</row0>
						<row1>	0.0000 0.8000 0.0000 0.0000	</row1>
						<row2>	-0.5983 0.0000 0.5310 0.0000	</row2>
						<row3>	-0.1121 0.3508 2.5204 1.0000	</row3>
					</transform>
				</node>
				<node>
					<identifier>	MP_WM011_Reels_1	</identifier>
					<transform>
						<row0>	0.0000 0.0000 -0.5000 0.0000	</row0>
						<row1>	0.0338 0.4989 0.0000 0.0000	</row1>
						<row2>	0.4989 -0.0338 0.0000 0.0000	</row2>
						<row3>	0.2088 0.2112 0.9745 1.0000	</row3>
					</transform>
				</node>
				<node>
					<identifier>	MP_WM011_Reels_1_INDEX_1	</identifier>
					<transform>
						<row0>	0.0000 0.0000 0.5000 0.0000	</row0>
						<row1>	0.0000 0.5000 0.0000 0.0000	</row1>
						<row2>	-0.5000 0.0000 0.0000 0.0000	</row2>
						<row3>	0.1710 0.3428 2.4346 1.0000	</row3>
					</transform>
				</node>
				<node>
					<identifier>	MP_WM011_Reels_1_INDEX_2	</identifier>
					<transform>
						<row0>	-0.2500 0.0000 0.4330 0.0000	</row0>
						<row1>	0.0000 0.5000 0.0000 0.0000	</row1>
						<row2>	-0.4330 0.0000 -0.2500 0.0000	</row2>
						<row3>	-0.1486 0.3428 2.4384 1.0000	</row3>
					</transform>
				</node>
				<node>
					<identifier>	MP_WM012_Steering_Wheel	</identifier>
					<transform>
						<row0>	1.0000 0.0000 0.0000 0.0000	</row0>
						<row1>	0.0000 1.0000 0.0000 0.0000	</row1>
						<row2>	0.0000 0.0000 1.0000 0.0000	</row2>
						<row3>	0.0000 0.6411 1.8873 1.0000	</row3>
					</transform>
				</node>
				<node>
					<identifier>	MP_WM013_Fire_Hose_Rack_Box	</identifier>
					<transform>
						<row0>	1.0000 0.0000 0.0000 0.0000	</row0>
						<row1>	0.0000 1.0000 0.0000 0.0000	</row1>
						<row2>	0.0000 0.0000 1.0000 0.0000	</row2>
						<row3>	0.1238 0.2443 0.8286 1.0000	</row3>
					</transform>
				</node>
				<node>
					<identifier>	MP_WM013_Fire_Hose_Rack_Box_INDEX_1	</identifier>
					<transform>
						<row0>	0.2057 0.0000 0.9786 0.0000	</row0>
						<row1>	0.0000 1.0000 0.0000 0.0000	</row1>
						<row2>	-0.9786 0.0000 0.2057 0.0000	</row2>
						<row3>	0.0307 0.3814 2.4494 1.0000	</row3>
					</transform>
				</node>
				<node>
					<identifier>	MP_WM013_Fire_Hose_Rack_Box_INDEX_2	</identifier>
					<transform>
						<row0>	-0.9993 0.0000 0.0370 0.0000	</row0>
						<row1>	0.0000 1.0000 0.0000 0.0000	</row1>
						<row2>	-0.0370 0.0000 -0.9993 0.0000	</row2>
						<row3>	-0.2117 0.3727 2.1767 1.0000	</row3>
					</transform>
				</node>
				<node>
					<identifier>	MP_WM013_Fire_Hose_Rack_Box_INDEX_3	</identifier>
					<transform>
						<row0>	-1.0000 0.0000 0.0000 0.0000	</row0>
						<row1>	0.0000 1.0000 0.0000 0.0000	</row1>
						<row2>	0.0000 0.0000 -1.0000 0.0000	</row2>
						<row3>	-0.1238 0.2491 0.7783 1.0000	</row3>
					</transform>
				</node>
				<node>
					<identifier>	MP_WM020_Reels	</identifier>
					<transform>
						<row0>	0.0000 0.0000 0.8000 0.0000	</row0>
						<row1>	0.0534 0.7982 0.0000 0.0000	</row1>
						<row2>	-0.7982 0.0534 0.0000 0.0000	</row2>
						<row3>	0.2659 0.2089 0.1487 1.0000	</row3>
					</transform>
				</node>
				<node>
					<identifier>	MP_WM020_Reels_INDEX_1	</identifier>
					<transform>
						<row0>	0.9978 -0.0667 0.0000 0.0000	</row0>
						<row1>	0.0667 0.9978 0.0000 0.0000	</row1>
						<row2>	0.0000 0.0000 1.0000 0.0000	</row2>
						<row3>	0.2732 0.2063 0.9841 1.0000	</row3>
					</transform>
				</node>
				<node>
					<identifier>	MP_WM020_Reels_INDEX_2	</identifier>
					<transform>
						<row0>	0.0000 0.0000 -0.8000 0.0000	</row0>
						<row1>	-0.0534 0.7982 0.0000 0.0000	</row1>
						<row2>	0.7982 0.0534 0.0000 0.0000	</row2>
						<row3>	-0.2659 0.2089 0.1735 1.0000	</row3>
					</transform>
				</node>
				<node>
					<identifier>	MP_WM020_Reels_INDEX_3	</identifier>
					<transform>
						<row0>	0.0000 0.0000 0.8000 0.0000	</row0>
						<row1>	0.0534 0.7982 0.0000 0.0000	</row1>
						<row2>	-0.7982 0.0534 0.0000 0.0000	</row2>
						<row3>	0.2658 0.2081 0.4262 1.0000	</row3>
					</transform>
				</node>
				<node>
					<identifier>	MP_WM020_Reels_INDEX_4	</identifier>
					<transform>
						<row0>	0.9978 0.0667 0.0000 0.0000	</row0>
						<row1>	-0.0667 0.9978 0.0000 0.0000	</row1>
						<row2>	0.0000 0.0000 1.0000 0.0000	</row2>
						<row3>	-0.2732 0.2063 0.9841 1.0000	</row3>
					</transform>
				</node>
				<node>
					<identifier>	MP_WM020_Reels_INDEX_5	</identifier>
					<transform>
						<row0>	0.0000 0.0000 -0.8000 0.0000	</row0>
						<row1>	-0.0534 0.7982 0.0000 0.0000	</row1>
						<row2>	0.7982 0.0534 0.0000 0.0000	</row2>
						<row3>	-0.2658 0.2081 0.4084 1.0000	</row3>
					</transform>
				</node>
				<node>
					<identifier>	MP_WM035_Reel	</identifier>
					<transform>
						<row0>	0.9978 0.0666 0.0000 0.0000	</row0>
						<row1>	-0.0666 0.9978 0.0000 0.0000	</row1>
						<row2>	0.0000 0.0000 1.0000 0.0000	</row2>
						<row3>	-0.2584 0.2019 0.0333 1.0000	</row3>
					</transform>
				</node>
				<node>
					<identifier>	MP_WM035_Reel_INDEX_1	</identifier>
					<transform>
						<row0>	0.9978 -0.0666 0.0000 0.0000	</row0>
						<row1>	0.0666 0.9978 0.0000 0.0000	</row1>
						<row2>	0.0000 0.0000 1.0000 0.0000	</row2>
						<row3>	0.2584 0.2019 0.0333 1.0000	</row3>
					</transform>
				</node>
				<node>
					<identifier>	MP_WM046_Table	</identifier>
					<transform>
						<row0>	-1.0000 0.0000 0.0000 0.0000	</row0>
						<row1>	0.0000 1.0000 0.0000 0.0000	</row1>
						<row2>	0.0000 0.0000 -1.0000 0.0000	</row2>
						<row3>	0.0000 0.5966 1.7978 1.0000	</row3>
					</transform>
				</node>
				<node>
					<identifier>	MP_WM047_Smoke_floats	</identifier>
					<transform>
						<row0>	0.9995 0.0305 0.0000 0.0000	</row0>
						<row1>	-0.0305 0.9995 0.0000 0.0000	</row1>
						<row2>	0.0000 0.0000 1.0000 0.0000	</row2>
						<row3>	-0.2233 0.3387 1.8991 1.0000	</row3>
					</transform>
				</node>
				<node>
					<identifier>	MP_WM047_Smoke_floats_INDEX_1	</identifier>
					<transform>
						<row0>	0.9995 -0.0305 0.0000 0.0000	</row0>
						<row1>	0.0305 0.9995 0.0000 0.0000	</row1>
						<row2>	0.0000 0.0000 1.0000 0.0000	</row2>
						<row3>	0.2233 0.3387 1.8991 1.0000	</row3>
					</transform>
				</node>
				<node>
					<identifier>	MP_WM077_IFF_Antenna	</identifier>
					<transform>
						<row0>	1.0000 0.0000 0.0000 0.0000	</row0>
						<row1>	0.0000 1.0000 0.0000 0.0000	</row1>
						<row2>	0.0000 0.0000 1.0000 0.0000	</row2>
						<row3>	-0.2804 1.6129 1.3462 1.0000	</row3>
					</transform>
				</node>
				<node>
					<identifier>	MP_WM077_IFF_Antenna_INDEX_1	</identifier>
					<transform>
						<row0>	1.0000 0.0000 0.0000 0.0000	</row0>
						<row1>	0.0000 1.0000 0.0000 0.0000	</row1>
						<row2>	0.0000 0.0000 1.0000 0.0000	</row2>
						<row3>	0.2804 1.6129 1.3462 1.0000	</row3>
					</transform>
				</node>
				<node>
					<identifier>	MP_WM5025_Motor_Boat_25ft	</identifier>
					<transform>
						<row0>	0.9899 -0.1330 0.0494 0.0000	</row0>
						<row1>	0.1332 0.9911 0.0000 0.0000	</row1>
						<row2>	-0.0490 0.0066 0.9988 0.0000	</row2>
						<row3>	0.2614 0.3722 0.2857 1.0000	</row3>
					</transform>
				</node>
				<node>
					<identifier>	MP_WM5026_Searchlight_20in	</identifier>
					<transform>
						<row0>	1.0000 0.0000 0.0000 0.0000	</row0>
						<row1>	0.0000 1.0000 0.0000 0.0000	</row1>
						<row2>	0.0000 0.0000 1.0000 0.0000	</row2>
						<row3>	0.3018 0.5799 1.6992 1.0000	</row3>
					</transform>
				</node>
				<node>
					<identifier>	MP_WM5026_Searchlight_20in_INDEX_1	</identifier>
					<transform>
						<row0>	1.0000 0.0000 0.0000 0.0000	</row0>
						<row1>	0.0000 1.0000 0.0000 0.0000	</row1>
						<row2>	0.0000 0.0000 1.0000 0.0000	</row2>
						<row3>	-0.3018 0.5799 1.6992 1.0000	</row3>
					</transform>
				</node>
				<node>
					<identifier>	MP_WM5029_Blyskawica_crest	</identifier>
					<transform>
						<row0>	0.5000 0.0000 0.0000 0.0000	</row0>
						<row1>	0.0000 0.5000 0.0000 0.0000	</row1>
						<row2>	0.0000 0.0000 0.5000 0.0000	</row2>
						<row3>	0.0000 0.8148 2.0109 1.0000	</row3>
					</transform>
				</node>
				<node>
					<identifier>	MP_WM621_Antenna_MF_DF	</identifier>
					<transform>
						<row0>	1.0000 0.0000 0.0000 0.0000	</row0>
						<row1>	0.0000 1.0000 0.0000 0.0000	</row1>
						<row2>	0.0000 0.0000 1.0000 0.0000	</row2>
						<row3>	0.0000 0.7847 2.1283 1.0000	</row3>
					</transform>
				</node>
				<node>
					<identifier>	MP_WM639_Pelorus	</identifier>
					<transform>
						<row0>	1.0000 0.0000 0.0000 0.0000	</row0>
						<row1>	0.0000 1.0000 0.0000 0.0000	</row1>
						<row2>	0.0000 0.0000 1.0000 0.0000	</row2>
						<row3>	-0.1211 0.7932 1.6034 1.0000	</row3>
					</transform>
				</node>
				<node>
					<identifier>	MP_WM639_Pelorus_INDEX_1	</identifier>
					<transform>
						<row0>	1.0000 0.0000 0.0000 0.0000	</row0>
						<row1>	0.0000 1.0000 0.0000 0.0000	</row1>
						<row2>	0.0000 0.0000 1.0000 0.0000	</row2>
						<row3>	0.1232 0.7932 1.6807 1.0000	</row3>
					</transform>
				</node>
				<node>
					<identifier>	MP_WM642_Compass_Binnacle	</identifier>
					<transform>
						<row0>	1.0000 0.0000 0.0000 0.0000	</row0>
						<row1>	0.0000 1.0000 0.0000 0.0000	</row1>
						<row2>	0.0000 0.0000 1.0000 0.0000	</row2>
						<row3>	0.0000 0.7955 1.9600 1.0000	</row3>
					</transform>
				</node>
				<node>
					<identifier>	MP_WM642_Compass_Binnacle_INDEX_1	</identifier>
					<transform>
						<row0>	1.0000 0.0000 0.0000 0.0000	</row0>
						<row1>	0.0000 1.0000 0.0000 0.0000	</row1>
						<row2>	0.0000 0.0000 1.0000 0.0000	</row2>
						<row3>	0.0000 0.6411 1.9203 1.0000	</row3>
					</transform>
				</node>
				<node>
					<identifier>	MP_WM712_Flag_box	</identifier>
					<transform>
						<row0>	0.8000 0.0000 0.0000 0.0000	</row0>
						<row1>	0.0000 0.8000 0.0000 0.0000	</row1>
						<row2>	0.0000 0.0000 0.8000 0.0000	</row2>
						<row3>	0.1514 0.5799 1.2994 1.0000	</row3>
					</transform>
				</node>
				<node>
					<identifier>	MP_WM712_Flag_box_INDEX_1	</identifier>
					<transform>
						<row0>	0.8000 0.0000 0.0000 0.0000	</row0>
						<row1>	0.0000 0.8000 0.0000 0.0000	</row1>
						<row2>	0.0000 0.0000 0.8000 0.0000	</row2>
						<row3>	-0.1514 0.5799 1.2994 1.0000	</row3>
					</transform>
				</node>
				<node>
					<identifier>	MP_WM714_Locker	</identifier>
					<transform>
						<row0>	0.0000 0.0000 -1.0000 0.0000	</row0>
						<row1>	0.0000 1.0000 0.0000 0.0000	</row1>
						<row2>	1.0000 0.0000 0.0000 0.0000	</row2>
						<row3>	0.1902 0.5799 1.7568 1.0000	</row3>
					</transform>
				</node>
				<node>
					<identifier>	MP_WM714_Locker_INDEX_1	</identifier>
					<transform>
						<row0>	0.0000 0.0000 1.0000 0.0000	</row0>
						<row1>	0.0000 1.0000 0.0000 0.0000	</row1>
						<row2>	-1.0000 0.0000 0.0000 0.0000	</row2>
						<row3>	-0.1849 0.5799 1.7323 1.0000	</row3>
					</transform>
				</node>
				<node>
					<identifier>	MP_WM714_Locker_INDEX_2	</identifier>
					<transform>
						<row0>	0.6857 0.0000 -0.7279 0.0000	</row0>
						<row1>	0.0000 1.0000 0.0000 0.0000	</row1>
						<row2>	0.7279 0.0000 0.6857 0.0000	</row2>
						<row3>	0.2653 0.5799 1.6460 1.0000	</row3>
					</transform>
				</node>
				<node>
					<identifier>	MP_WM874_Visual_flashing_lantern	</identifier>
					<transform>
						<row0>	0.0000 0.0032 1.0000 0.0000	</row0>
						<row1>	0.0000 -1.0000 0.0032 0.0000	</row1>
						<row2>	1.0000 0.0000 0.0000 0.0000	</row2>
						<row3>	0.0446 1.0352 1.3376 1.0000	</row3>
					</transform>
				</node>
				<node>
					<identifier>	MP_WM874_Visual_flashing_lantern_INDEX_1	</identifier>
					<transform>
						<row0>	0.0000 -0.0032 -1.0000 0.0000	</row0>
						<row1>	0.0000 -1.0000 0.0032 0.0000	</row1>
						<row2>	-1.0000 0.0000 0.0000 0.0000	</row2>
						<row3>	-0.0446 1.0352 1.3376 1.0000	</row3>
					</transform>
				</node>
				<node>
					<identifier>	SP_YMS011_YHWL_M_1_INDEX_2	</identifier>
					<transform>
						<row0>	0.9689 0.2378 -0.0681 0.0000	</row0>
						<row1>	-0.2374 0.9713 0.0140 0.0000	</row1>
						<row2>	0.0694 0.0026 0.9976 0.0000	</row2>
						<row3>	-0.3151 -0.0042 1.5223 1.0000	</row3>
					</transform>
				</node>
				<node>
					<identifier>	SP_YMS011_YHWL_M_1_INDEX_3	</identifier>
					<transform>
						<row0>	0.9981 0.0618 -0.0064 0.0000	</row0>
						<row1>	-0.0619 0.9981 -0.0014 0.0000	</row1>
						<row2>	0.0063 0.0018 1.0000 0.0000	</row2>
						<row3>	-0.3742 -0.0063 -0.1366 1.0000	</row3>
					</transform>
				</node>
				<node>
					<identifier>	SP_YMS011_YHWL_M_1_INDEX_5	</identifier>
					<transform>
						<row0>	0.9657 0.2376 -0.1050 0.0000	</row0>
						<row1>	-0.2374 0.9713 0.0140 0.0000	</row1>
						<row2>	0.1053 0.0115 0.9944 0.0000	</row2>
						<row3>	-0.2398 0.0020 2.3676 1.0000	</row3>
					</transform>
				</node>
				<node>
					<identifier>	SP_YMS011_YHWL_M_1_INDEX_6	</identifier>
					<transform>
						<row0>	0.9978 0.0618 -0.0226 0.0000	</row0>
						<row1>	-0.0619 0.9981 -0.0014 0.0000	</row1>
						<row2>	0.0224 0.0028 0.9997 0.0000	</row2>
						<row3>	-0.3597 -0.0043 0.6919 1.0000	</row3>
					</transform>
				</node>
				<node>
					<identifier>	SP_YMS012_YHWR_M_1_INDEX_1	</identifier>
					<transform>
						<row0>	0.9657 -0.2376 0.1050 0.0000	</row0>
						<row1>	0.2374 0.9713 0.0140 0.0000	</row1>
						<row2>	-0.1053 0.0115 0.9944 0.0000	</row2>
						<row3>	0.2398 0.0020 2.3676 1.0000	</row3>
					</transform>
				</node>
				<node>
					<identifier>	SP_YMS012_YHWR_M_1_INDEX_3	</identifier>
					<transform>
						<row0>	0.9981 -0.0618 0.0064 0.0000	</row0>
						<row1>	0.0619 0.9981 -0.0014 0.0000	</row1>
						<row2>	-0.0063 0.0018 1.0000 0.0000	</row2>
						<row3>	0.3742 -0.0063 -0.1366 1.0000	</row3>
					</transform>
				</node>
				<node>
					<identifier>	SP_YMS012_YHWR_M_1_INDEX_4	</identifier>
					<transform>
						<row0>	0.9978 -0.0618 0.0226 0.0000	</row0>
						<row1>	0.0619 0.9981 -0.0014 0.0000	</row1>
						<row2>	-0.0224 0.0028 0.9997 0.0000	</row2>
						<row3>	0.3597 -0.0043 0.6919 1.0000	</row3>
					</transform>
				</node>
				<node>
					<identifier>	SP_YMS012_YHWR_M_1_INDEX_6	</identifier>
					<transform>
						<row0>	0.9689 -0.2378 0.0681 0.0000	</row0>
						<row1>	0.2374 0.9713 0.0140 0.0000	</row1>
						<row2>	-0.0694 0.0026 0.9976 0.0000	</row2>
						<row3>	0.3151 -0.0042 1.5223 1.0000	</row3>
					</transform>
				</node>
				<node>
					<identifier>	SP_YMS021_YHUC_S_1	</identifier>
					<transform>
						<row0>	-0.4172 0.5368 0.0000 0.0000	</row0>
						<row1>	-0.5368 -0.4172 0.0000 0.0000	</row1>
						<row2>	0.0000 0.0000 0.6799 0.0000	</row2>
						<row3>	-0.3400 -0.1100 -0.5913 1.0000	</row3>
					</transform>
				</node>
				<node>
					<identifier>	SP_YMS021_YHUC_S_1_INDEX_1	</identifier>
					<transform>
						<row0>	-0.4172 0.5368 0.0000 0.0000	</row0>
						<row1>	-0.5368 -0.4172 0.0000 0.0000	</row1>
						<row2>	0.0000 0.0000 0.6799 0.0000	</row2>
						<row3>	-0.3377 -0.1082 0.0488 1.0000	</row3>
					</transform>
				</node>
				<node>
					<identifier>	SP_YMS021_YHUC_S_1_INDEX_2	</identifier>
					<transform>
						<row0>	-0.4058 0.5455 0.0000 0.0000	</row0>
						<row1>	-0.5455 -0.4058 0.0000 0.0000	</row1>
						<row2>	0.0000 0.0000 0.6799 0.0000	</row2>
						<row3>	-0.3273 -0.1010 0.7125 1.0000	</row3>
					</transform>
				</node>
				<node>
					<identifier>	SP_YMS021_YHUC_S_1_INDEX_3	</identifier>
					<transform>
						<row0>	-0.4172 -0.5368 0.0000 0.0000	</row0>
						<row1>	0.5368 -0.4172 0.0000 0.0000	</row1>
						<row2>	0.0000 0.0000 0.6799 0.0000	</row2>
						<row3>	0.3377 -0.1082 0.0488 1.0000	</row3>
					</transform>
				</node>
				<node>
					<identifier>	SP_YMS021_YHUC_S_1_INDEX_4	</identifier>
					<transform>
						<row0>	-0.4172 -0.5368 0.0000 0.0000	</row0>
						<row1>	0.5368 -0.4172 0.0000 0.0000	</row1>
						<row2>	0.0000 0.0000 0.6799 0.0000	</row2>
						<row3>	0.3400 -0.1100 -0.5913 1.0000	</row3>
					</transform>
				</node>
				<node>
					<identifier>	SP_YMS021_YHUC_S_1_INDEX_5	</identifier>
					<transform>
						<row0>	-0.4058 -0.5455 0.0000 0.0000	</row0>
						<row1>	0.5455 -0.4058 0.0000 0.0000	</row1>
						<row2>	0.0000 0.0000 0.6799 0.0000	</row2>
						<row3>	0.3273 -0.1010 0.7125 1.0000	</row3>
					</transform>
				</node>
				<node>
					<identifier>	SP_YMS022_YHUS_L_1	</identifier>
					<transform>
						<row0>	-0.0724 0.0067 0.7482 0.0000	</row0>
						<row1>	0.6074 0.4395 0.0549 0.0000	</row1>
						<row2>	-0.4369 0.6098 -0.0477 0.0000	</row2>
						<row3>	0.0202 -0.1790 2.2927 1.0000	</row3>
					</transform>
				</node>
				<node>
					<identifier>	SP_YMS022_YHUS_L_1_INDEX_1	</identifier>
					<transform>
						<row0>	-0.0724 -0.0067 -0.7482 0.0000	</row0>
						<row1>	-0.6074 0.4395 0.0549 0.0000	</row1>
						<row2>	0.4369 0.6098 -0.0477 0.0000	</row2>
						<row3>	-0.0761 -0.1842 1.7141 1.0000	</row3>
					</transform>
				</node>
				<node>
					<identifier>	SP_YMS022_YHUS_L_1_INDEX_2	</identifier>
					<transform>
						<row0>	-0.0724 -0.0067 -0.7482 0.0000	</row0>
						<row1>	-0.6074 0.4395 0.0549 0.0000	</row1>
						<row2>	0.4369 0.6098 -0.0477 0.0000	</row2>
						<row3>	-0.0202 -0.1790 2.2927 1.0000	</row3>
					</transform>
				</node>
				<node>
					<identifier>	SP_YMS022_YHUS_L_1_INDEX_3	</identifier>
					<transform>
						<row0>	-0.0724 0.0067 0.7482 0.0000	</row0>
						<row1>	0.6074 0.4395 0.0549 0.0000	</row1>
						<row2>	-0.4369 0.6098 -0.0477 0.0000	</row2>
						<row3>	0.0761 -0.1842 1.7141 1.0000	</row3>
					</transform>
				</node>
				<node>
					<identifier>	SP_YMS040_YHCC_M_1	</identifier>
					<transform>
						<row0>	1.2120 0.0000 0.0000 0.0000	</row0>
						<row1>	0.0000 1.2120 0.0000 0.0000	</row1>
						<row2>	0.0000 0.0000 1.2120 0.0000	</row2>
