<FSC303_Amiral_Lartigue_1955_MidFront.skel_ext>
	<exported>	true	</exported>
	<node>
		<identifier>	MP_CM011_Fire_Fighting_Gear	</identifier>
		<parent>	Scene Root	</parent>
		<transform>
			<row0>	0.0000 0.0000 -1.0000 0.0000	</row0>
			<row1>	0.0000 1.0000 0.0000 0.0000	</row1>
			<row2>	1.0000 0.0000 0.0000 0.0000	</row2>
			<row3>	-0.6075 0.4201 0.3806 1.0000	</row3>
		</transform>
	</node>
	<node>
		<identifier>	MP_CM011_Fire_Fighting_Gear_INDEX_1	</identifier>
		<parent>	Scene Root	</parent>
		<transform>
			<row0>	0.0000 0.0000 -1.0000 0.0000	</row0>
			<row1>	0.0000 1.0000 0.0000 0.0000	</row1>
			<row2>	1.0000 0.0000 0.0000 0.0000	</row2>
			<row3>	-0.6075 0.5860 1.4246 1.0000	</row3>
		</transform>
	</node>
	<node>
		<identifier>	MP_CM011_Fire_Fighting_Gear_INDEX_2	</identifier>
		<parent>	Scene Root	</parent>
		<transform>
			<row0>	1.0000 0.0000 0.0000 0.0000	</row0>
			<row1>	0.0000 1.0000 0.0000 0.0000	</row1>
			<row2>	0.0000 0.0000 1.0000 0.0000	</row2>
			<row3>	-0.8282 0.4297 1.2600 1.0000	</row3>
		</transform>
	</node>
	<node>
		<identifier>	MP_CM011_Fire_Fighting_Gear_INDEX_3	</identifier>
		<parent>	Scene Root	</parent>
		<transform>
			<row0>	0.0000 0.0000 1.0000 0.0000	</row0>
			<row1>	0.0000 1.0000 0.0000 0.0000	</row1>
			<row2>	-1.0000 0.0000 0.0000 0.0000	</row2>
			<row3>	0.6075 0.5860 1.4246 1.0000	</row3>
		</transform>
	</node>
	<node>
		<identifier>	MP_CM011_Fire_Fighting_Gear_INDEX_4	</identifier>
		<parent>	Scene Root	</parent>
		<transform>
			<row0>	1.0000 0.0000 0.0000 0.0000	</row0>
			<row1>	0.0000 1.0000 0.0000 0.0000	</row1>
			<row2>	0.0000 0.0000 1.0000 0.0000	</row2>
			<row3>	0.8282 0.4297 1.2600 1.0000	</row3>
		</transform>
	</node>
	<node>
		<identifier>	MP_CM011_Fire_Fighting_Gear_INDEX_5	</identifier>
		<parent>	Scene Root	</parent>
		<transform>
			<row0>	0.0000 0.0000 1.0000 0.0000	</row0>
			<row1>	0.0000 1.0000 0.0000 0.0000	</row1>
			<row2>	-1.0000 0.0000 0.0000 0.0000	</row2>
			<row3>	0.6075 0.4199 0.4012 1.0000	</row3>
		</transform>
	</node>
	<node>
		<identifier>	MP_CM012_Fire_Hose_Rack_1	</identifier>
		<parent>	Scene Root	</parent>
		<transform>
			<row0>	0.9296 0.0000 -0.3686 0.0000	</row0>
			<row1>	0.0000 1.0000 0.0000 0.0000	</row1>
			<row2>	0.3686 0.0000 0.9296 0.0000	</row2>
			<row3>	-0.5915 0.6628 1.4442 1.0000	</row3>
		</transform>
	</node>
	<node>
		<identifier>	MP_CM012_Fire_Hose_Rack_1_INDEX_1	</identifier>
		<parent>	Scene Root	</parent>
		<transform>
			<row0>	1.0000 0.0000 0.0000 0.0000	</row0>
			<row1>	0.0000 1.0000 0.0000 0.0000	</row1>
			<row2>	0.0000 0.0000 1.0000 0.0000	</row2>
			<row3>	-0.5991 0.4948 1.1149 1.0000	</row3>
		</transform>
	</node>
	<node>
		<identifier>	MP_CM012_Fire_Hose_Rack_1_INDEX_2	</identifier>
		<parent>	Scene Root	</parent>
		<transform>
			<row0>	-0.9262 0.0000 -0.3769 0.0000	</row0>
			<row1>	0.0000 1.0000 0.0000 0.0000	</row1>
			<row2>	0.3769 0.0000 -0.9262 0.0000	</row2>
			<row3>	0.5915 0.6628 1.4442 1.0000	</row3>
		</transform>
	</node>
	<node>
		<identifier>	MP_CM012_Fire_Hose_Rack_1_INDEX_3	</identifier>
		<parent>	Scene Root	</parent>
		<transform>
			<row0>	-1.0000 0.0000 0.0000 0.0000	</row0>
			<row1>	0.0000 1.0000 0.0000 0.0000	</row1>
			<row2>	0.0000 0.0000 -1.0000 0.0000	</row2>
			<row3>	0.5995 0.4948 1.1149 1.0000	</row3>
		</transform>
	</node>
	<node>
		<identifier>	MP_CM014_Fuel_Oil_Hose	</identifier>
		<parent>	Scene Root	</parent>
		<transform>
			<row0>	0.8468 0.0000 -0.5318 0.0000	</row0>
			<row1>	0.0000 -1.0000 0.0000 0.0000	</row1>
			<row2>	-0.5318 0.0000 -0.8468 0.0000	</row2>
			<row3>	-0.4535 0.5347 2.8858 1.0000	</row3>
		</transform>
	</node>
	<node>
		<identifier>	MP_CM014_Fuel_Oil_Hose_INDEX_1	</identifier>
		<parent>	Scene Root	</parent>
		<transform>
			<row0>	0.8468 0.0000 -0.5318 0.0000	</row0>
			<row1>	0.0000 -1.0000 0.0000 0.0000	</row1>
			<row2>	-0.5318 0.0000 -0.8468 0.0000	</row2>
			<row3>	-0.4600 0.5093 2.8755 1.0000	</row3>
		</transform>
	</node>
	<node>
		<identifier>	MP_CM014_Fuel_Oil_Hose_INDEX_2	</identifier>
		<parent>	Scene Root	</parent>
		<transform>
			<row0>	-0.8468 0.0000 -0.5318 0.0000	</row0>
			<row1>	0.0000 1.0000 0.0000 0.0000	</row1>
			<row2>	0.5318 0.0000 -0.8468 0.0000	</row2>
			<row3>	0.4535 0.5347 2.8858 1.0000	</row3>
		</transform>
	</node>
	<node>
		<identifier>	MP_CM014_Fuel_Oil_Hose_INDEX_3	</identifier>
		<parent>	Scene Root	</parent>
		<transform>
			<row0>	-0.8468 0.0000 -0.5318 0.0000	</row0>
			<row1>	0.0000 1.0000 0.0000 0.0000	</row1>
			<row2>	0.5318 0.0000 -0.8468 0.0000	</row2>
			<row3>	0.4600 0.5093 2.8755 1.0000	</row3>
		</transform>
	</node>
	<node>
		<identifier>	MP_CM014_Fuel_Oil_Hose_INDEX_4	</identifier>
		<parent>	Scene Root	</parent>
		<transform>
			<row0>	-0.9784 0.0000 0.2066 0.0000	</row0>
			<row1>	0.0000 -1.0000 0.0000 0.0000	</row1>
			<row2>	0.2066 0.0000 0.9784 0.0000	</row2>
			<row3>	0.7474 0.5325 1.9634 1.0000	</row3>
		</transform>
	</node>
	<node>
		<identifier>	MP_CM014_Fuel_Oil_Hose_INDEX_5	</identifier>
		<parent>	Scene Root	</parent>
		<transform>
			<row0>	-0.9784 0.0000 0.2066 0.0000	</row0>
			<row1>	0.0000 -1.0000 0.0000 0.0000	</row1>
			<row2>	0.2066 0.0000 0.9784 0.0000	</row2>
			<row3>	0.7265 0.5052 1.8646 1.0000	</row3>
		</transform>
	</node>
	<node>
		<identifier>	MP_CM014_Fuel_Oil_Hose_INDEX_6	</identifier>
		<parent>	Scene Root	</parent>
		<transform>
			<row0>	0.9784 -0.0059 0.2066 0.0000	</row0>
			<row1>	0.0058 1.0000 0.0012 0.0000	</row1>
			<row2>	-0.2066 0.0000 0.9784 0.0000	</row2>
			<row3>	-0.7265 0.5052 1.8646 1.0000	</row3>
		</transform>
	</node>
	<node>
		<identifier>	MP_CM014_Fuel_Oil_Hose_INDEX_7	</identifier>
		<parent>	Scene Root	</parent>
		<transform>
			<row0>	0.9783 0.0175 0.2066 0.0000	</row0>
			<row1>	-0.0171 0.9998 -0.0036 0.0000	</row1>
			<row2>	-0.2066 0.0000 0.9784 0.0000	</row2>
			<row3>	-0.7474 0.5325 1.9634 1.0000	</row3>
		</transform>
	</node>
	<node>
		<identifier>	MP_CM052_Fender	</identifier>
		<parent>	Scene Root	</parent>
		<transform>
			<row0>	-1.0000 0.0000 0.0000 0.0000	</row0>
			<row1>	0.0000 1.0000 0.0000 0.0000	</row1>
			<row2>	0.0000 0.0000 -1.0000 0.0000	</row2>
			<row3>	-0.7828 0.4292 1.2419 1.0000	</row3>
		</transform>
	</node>
	<node>
		<identifier>	MP_CM052_Fender_INDEX_1	</identifier>
		<parent>	Scene Root	</parent>
		<transform>
			<row0>	0.4334 0.0000 -0.7199 0.0000	</row0>
			<row1>	0.0000 0.8403 0.0000 0.0000	</row1>
			<row2>	0.7199 0.0000 0.4334 0.0000	</row2>
			<row3>	0.3315 0.4638 3.1257 1.0000	</row3>
		</transform>
	</node>
	<node>
		<identifier>	MP_CM052_Fender_INDEX_2	</identifier>
		<parent>	Scene Root	</parent>
		<transform>
			<row0>	0.4334 0.0000 0.7199 0.0000	</row0>
			<row1>	0.0000 0.8403 0.0000 0.0000	</row1>
			<row2>	-0.7199 0.0000 0.4334 0.0000	</row2>
			<row3>	-0.3315 0.4638 3.1257 1.0000	</row3>
		</transform>
	</node>
	<node>
		<identifier>	MP_CM052_Fender_INDEX_3	</identifier>
		<parent>	Scene Root	</parent>
		<transform>
			<row0>	-1.0000 0.0000 0.0000 0.0000	</row0>
			<row1>	0.0000 1.0000 0.0000 0.0000	</row1>
			<row2>	0.0000 0.0000 -1.0000 0.0000	</row2>
			<row3>	0.7828 0.4292 1.2419 1.0000	</row3>
		</transform>
	</node>
	<node>
		<identifier>	MP_FM002_Binoculars	</identifier>
		<parent>	Scene Root	</parent>
		<transform>
			<row0>	0.0000 0.0000 -1.0000 0.0000	</row0>
			<row1>	0.0000 1.0000 0.0000 0.0000	</row1>
			<row2>	1.0000 0.0000 0.0000 0.0000	</row2>
			<row3>	-0.6698 0.9566 0.1838 1.0000	</row3>
		</transform>
	</node>
	<node>
		<identifier>	MP_FM002_Binoculars_INDEX_1	</identifier>
		<parent>	Scene Root	</parent>
		<transform>
			<row0>	0.0000 0.0000 1.0000 0.0000	</row0>
			<row1>	0.0000 1.0000 0.0000 0.0000	</row1>
			<row2>	-1.0000 0.0000 0.0000 0.0000	</row2>
			<row3>	-0.8174 0.9566 0.2262 1.0000	</row3>
		</transform>
	</node>
	<node>
		<identifier>	MP_FM005_Bench	</identifier>
		<parent>	Scene Root	</parent>
		<transform>
			<row0>	-0.4592 -0.0061 -0.6551 0.0000	</row0>
			<row1>	-0.0039 0.9000 -0.0056 0.0000	</row1>
			<row2>	0.8189 0.0000 -0.5740 0.0000	</row2>
			<row3>	-0.2983 0.5907 1.9337 1.0000	</row3>
		</transform>
	</node>
	<node>
		<identifier>	MP_FM005_Bench_INDEX_1	</identifier>
		<parent>	Scene Root	</parent>
		<transform>
			<row0>	-0.4592 0.0061 0.6551 0.0000	</row0>
			<row1>	0.0039 0.9000 -0.0056 0.0000	</row1>
			<row2>	-0.8189 0.0000 -0.5740 0.0000	</row2>
			<row3>	0.2983 0.5907 1.9337 1.0000	</row3>
		</transform>
	</node>
	<node>
		<identifier>	MP_FM015_Life_Buoy	</identifier>
		<parent>	Scene Root	</parent>
		<transform>
			<row0>	0.1305 0.0000 -0.9914 0.0000	</row0>
			<row1>	0.0000 1.0000 0.0000 0.0000	</row1>
			<row2>	0.9914 0.0000 0.1305 0.0000	</row2>
			<row3>	-0.8406 0.5292 1.3267 1.0000	</row3>
		</transform>
	</node>
	<node>
		<identifier>	MP_FM015_Life_Buoy_INDEX_1	</identifier>
		<parent>	Scene Root	</parent>
		<transform>
			<row0>	0.0004 0.0000 1.0000 0.0000	</row0>
			<row1>	0.0000 1.0000 0.0000 0.0000	</row1>
			<row2>	-1.0000 0.0000 0.0004 0.0000	</row2>
			<row3>	0.5938 0.5259 2.4181 1.0000	</row3>
		</transform>
	</node>
	<node>
		<identifier>	MP_FM015_Life_Buoy_INDEX_2	</identifier>
		<parent>	Scene Root	</parent>
		<transform>
			<row0>	0.0000 0.0000 -1.0000 0.0000	</row0>
			<row1>	0.0000 1.0000 0.0000 0.0000	</row1>
			<row2>	1.0000 0.0000 0.0000 0.0000	</row2>
			<row3>	-0.5938 0.5277 2.4181 1.0000	</row3>
		</transform>
	</node>
	<node>
		<identifier>	MP_FM015_Life_Buoy_INDEX_3	</identifier>
		<parent>	Scene Root	</parent>
		<transform>
			<row0>	0.1503 0.0000 0.9886 0.0000	</row0>
			<row1>	0.0000 1.0000 0.0000 0.0000	</row1>
			<row2>	-0.9886 0.0000 0.1503 0.0000	</row2>
			<row3>	0.8406 0.5292 1.3267 1.0000	</row3>
		</transform>
	</node>
	<node>
		<identifier>	MP_FM016_Reels	</identifier>
		<parent>	Scene Root	</parent>
		<transform>
			<row0>	0.0000 -0.0124 -0.9999 0.0000	</row0>
			<row1>	0.0000 0.9999 -0.0124 0.0000	</row1>
			<row2>	1.0000 0.0000 0.0000 0.0000	</row2>
			<row3>	-0.6458 0.4644 3.0346 1.0000	</row3>
		</transform>
	</node>
	<node>
		<identifier>	MP_FM016_Reels_INDEX_1	</identifier>
		<parent>	Scene Root	</parent>
		<transform>
			<row0>	0.0000 0.0124 0.9999 0.0000	</row0>
			<row1>	0.0000 0.9999 -0.0124 0.0000	</row1>
			<row2>	-1.0000 0.0000 0.0000 0.0000	</row2>
			<row3>	0.6458 0.4644 3.0346 1.0000	</row3>
		</transform>
	</node>
	<node>
		<identifier>	MP_FM016_Reels_INDEX_2	</identifier>
		<parent>	Scene Root	</parent>
		<transform>
			<row0>	-0.5000 0.0000 -0.8660 0.0000	</row0>
			<row1>	0.0000 1.0000 0.0000 0.0000	</row1>
			<row2>	0.8660 0.0000 -0.5000 0.0000	</row2>
			<row3>	-0.5574 0.5884 1.8371 1.0000	</row3>
		</transform>
	</node>
	<node>
		<identifier>	MP_FM016_Reels_INDEX_3	</identifier>
		<parent>	Scene Root	</parent>
		<transform>
			<row0>	-0.5000 0.0000 0.8660 0.0000	</row0>
			<row1>	0.0000 1.0000 0.0000 0.0000	</row1>
			<row2>	-0.8660 0.0000 -0.5000 0.0000	</row2>
			<row3>	0.5574 0.5884 1.8371 1.0000	</row3>
		</transform>
	</node>
	<node>
		<identifier>	MP_FM017_Turtles_box	</identifier>
		<parent>	Scene Root	</parent>
		<transform>
			<row0>	-1.0000 0.0000 -0.0039 0.0000	</row0>
			<row1>	0.0000 1.0000 0.0000 0.0000	</row1>
			<row2>	0.0039 0.0000 -1.0000 0.0000	</row2>
			<row3>	-0.8084 0.4721 0.5982 1.0000	</row3>
		</transform>
	</node>
	<node>
		<identifier>	MP_FM017_Turtles_box_INDEX_1	</identifier>
		<parent>	Scene Root	</parent>
		<transform>
			<row0>	-0.9999 0.0000 0.0121 0.0000	</row0>
			<row1>	0.0000 1.0000 0.0000 0.0000	</row1>
			<row2>	-0.0121 0.0000 -0.9999 0.0000	</row2>
			<row3>	0.8084 0.4721 0.5980 1.0000	</row3>
		</transform>
	</node>
	<node>
		<identifier>	MP_FM5035_MC_Box	</identifier>
		<parent>	Scene Root	</parent>
		<transform>
			<row0>	-1.0000 0.0000 -0.0029 0.0000	</row0>
			<row1>	0.0000 1.0000 0.0000 0.0000	</row1>
			<row2>	0.0029 0.0000 -1.0000 0.0000	</row2>
			<row3>	-0.7158 1.0074 0.3388 1.0000	</row3>
		</transform>
	</node>
	<node>
		<identifier>	MP_FM5036_Bell	</identifier>
		<parent>	Scene Root	</parent>
		<transform>
			<row0>	-1.0000 0.0000 -0.0029 0.0000	</row0>
			<row1>	0.0000 1.0000 0.0000 0.0000	</row1>
			<row2>	0.0029 0.0000 -1.0000 0.0000	</row2>
			<row3>	-0.7391 1.0077 0.3389 1.0000	</row3>
		</transform>
	</node>
	<node>
		<identifier>	MP_FM5037_Switch_Box	</identifier>
		<parent>	Scene Root	</parent>
		<transform>
			<row0>	-1.0000 0.0000 -0.0029 0.0000	</row0>
			<row1>	0.0000 1.0000 0.0000 0.0000	</row1>
			<row2>	0.0029 0.0000 -1.0000 0.0000	</row2>
			<row3>	-0.7536 1.0140 0.3389 1.0000	</row3>
		</transform>
	</node>
	<node>
		<identifier>	MP_FM5038_Manometer	</identifier>
		<parent>	Scene Root	</parent>
		<transform>
			<row0>	-1.0000 0.0000 -0.0029 0.0000	</row0>
			<row1>	0.0000 1.0000 0.0000 0.0000	</row1>
			<row2>	0.0029 0.0000 -1.0000 0.0000	</row2>
			<row3>	-0.7709 1.0151 0.3389 1.0000	</row3>
		</transform>
	</node>
	<node>
		<identifier>	MP_FM5038_Manometer_INDEX_1	</identifier>
		<parent>	Scene Root	</parent>
		<transform>
			<row0>	-1.0000 0.0000 -0.0029 0.0000	</row0>
			<row1>	0.0000 1.0000 0.0000 0.0000	</row1>
			<row2>	0.0029 0.0000 -1.0000 0.0000	</row2>
			<row3>	-0.7709 0.9996 0.3389 1.0000	</row3>
		</transform>
	</node>
	<node>
		<identifier>	MP_FM5043_Indicator	</identifier>
		<parent>	Scene Root	</parent>
		<transform>
			<row0>	-1.0000 0.0000 -0.0029 0.0000	</row0>
			<row1>	0.0000 1.0000 0.0000 0.0000	</row1>
			<row2>	0.0029 0.0000 -1.0000 0.0000	</row2>
			<row3>	-0.7536 0.9958 0.3389 1.0000	</row3>
		</transform>
	</node>
	<node>
		<identifier>	MP_FM530_Rafts_3	</identifier>
		<parent>	Scene Root	</parent>
		<transform>
			<row0>	0.9785 0.0000 0.2063 0.0000	</row0>
			<row1>	0.0000 1.0000 0.0000 0.0000	</row1>
			<row2>	-0.2063 0.0000 0.9785 0.0000	</row2>
			<row3>	-0.6457 0.5972 2.2690 1.0000	</row3>
		</transform>
	</node>
	<node>
		<identifier>	MP_FM530_Rafts_3_INDEX_1	</identifier>
		<parent>	Scene Root	</parent>
		<transform>
			<row0>	1.0000 0.0000 0.0000 0.0000	</row0>
			<row1>	0.0000 1.0000 0.0000 0.0000	</row1>
			<row2>	0.0000 0.0000 1.0000 0.0000	</row2>
			<row3>	-0.6861 0.5898 1.6246 1.0000	</row3>
		</transform>
	</node>
	<node>
		<identifier>	MP_FM530_Rafts_3_INDEX_10	</identifier>
		<parent>	Scene Root	</parent>
		<transform>
			<row0>	0.0000 0.0140 0.9999 0.0000	</row0>
			<row1>	0.0000 0.9999 -0.0140 0.0000	</row1>
			<row2>	-1.0000 0.0000 0.0000 0.0000	</row2>
			<row3>	0.4416 0.5158 5.2089 1.0000	</row3>
		</transform>
	</node>
	<node>
		<identifier>	MP_FM530_Rafts_3_INDEX_11	</identifier>
		<parent>	Scene Root	</parent>
		<transform>
			<row0>	0.0000 0.0140 0.9999 0.0000	</row0>
			<row1>	0.0000 0.9999 -0.0140 0.0000	</row1>
			<row2>	-1.0000 0.0000 0.0000 0.0000	</row2>
			<row3>	0.4416 0.5128 5.1091 1.0000	</row3>
		</transform>
	</node>
	<node>
		<identifier>	MP_FM530_Rafts_3_INDEX_12	</identifier>
		<parent>	Scene Root	</parent>
		<transform>
			<row0>	0.0000 0.0140 0.9999 0.0000	</row0>
			<row1>	0.0000 0.9999 -0.0140 0.0000	</row1>
			<row2>	-1.0000 0.0000 0.0000 0.0000	</row2>
			<row3>	0.6172 0.4663 3.2633 1.0000	</row3>
		</transform>
	</node>
	<node>
		<identifier>	MP_FM530_Rafts_3_INDEX_13	</identifier>
		<parent>	Scene Root	</parent>
		<transform>
			<row0>	0.0000 0.0140 0.9999 0.0000	</row0>
			<row1>	0.0000 0.9999 -0.0140 0.0000	</row1>
			<row2>	-1.0000 0.0000 0.0000 0.0000	</row2>
			<row3>	0.6172 0.4686 3.3630 1.0000	</row3>
		</transform>
	</node>
	<node>
		<identifier>	MP_FM530_Rafts_3_INDEX_14	</identifier>
		<parent>	Scene Root	</parent>
		<transform>
			<row0>	0.9785 0.0000 -0.2063 0.0000	</row0>
			<row1>	0.0000 1.0000 0.0000 0.0000	</row1>
			<row2>	0.2063 0.0000 0.9785 0.0000	</row2>
			<row3>	0.6457 0.5972 2.2690 1.0000	</row3>
		</transform>
	</node>
	<node>
		<identifier>	MP_FM530_Rafts_3_INDEX_15	</identifier>
		<parent>	Scene Root	</parent>
		<transform>
			<row0>	1.0000 0.0000 0.0000 0.0000	</row0>
			<row1>	0.0000 1.0000 0.0000 0.0000	</row1>
			<row2>	0.0000 0.0000 1.0000 0.0000	</row2>
			<row3>	0.6861 0.5898 1.6246 1.0000	</row3>
		</transform>
	</node>
	<node>
		<identifier>	MP_FM530_Rafts_3_INDEX_16	</identifier>
		<parent>	Scene Root	</parent>
		<transform>
			<row0>	0.0000 0.0174 0.9998 0.0000	</row0>
			<row1>	0.0000 0.9998 -0.0174 0.0000	</row1>
			<row2>	-1.0000 0.0000 0.0000 0.0000	</row2>
			<row3>	0.6172 0.4710 3.4611 1.0000	</row3>
		</transform>
	</node>
	<node>
		<identifier>	MP_FM530_Rafts_3_INDEX_17	</identifier>
		<parent>	Scene Root	</parent>
		<transform>
			<row0>	1.0000 0.0000 0.0000 0.0000	</row0>
			<row1>	0.0000 1.0000 0.0000 0.0000	</row1>
			<row2>	0.0000 0.0000 1.0000 0.0000	</row2>
			<row3>	0.7818 0.5898 1.5980 1.0000	</row3>
		</transform>
	</node>
	<node>
		<identifier>	MP_FM530_Rafts_3_INDEX_2	</identifier>
		<parent>	Scene Root	</parent>
		<transform>
			<row0>	1.0000 0.0000 0.0000 0.0000	</row0>
			<row1>	0.0000 1.0000 0.0000 0.0000	</row1>
			<row2>	0.0000 0.0000 1.0000 0.0000	</row2>
			<row3>	-0.7818 0.5898 1.5980 1.0000	</row3>
		</transform>
	</node>
	<node>
		<identifier>	MP_FM530_Rafts_3_INDEX_3	</identifier>
		<parent>	Scene Root	</parent>
		<transform>
			<row0>	0.0000 -0.0140 -0.9999 0.0000	</row0>
			<row1>	0.0000 0.9999 -0.0140 0.0000	</row1>
			<row2>	1.0000 0.0000 0.0000 0.0000	</row2>
			<row3>	-0.6172 0.4663 3.2633 1.0000	</row3>
		</transform>
	</node>
	<node>
		<identifier>	MP_FM530_Rafts_3_INDEX_4	</identifier>
		<parent>	Scene Root	</parent>
		<transform>
			<row0>	0.0000 -0.0140 -0.9999 0.0000	</row0>
			<row1>	0.0000 0.9999 -0.0140 0.0000	</row1>
			<row2>	1.0000 0.0000 0.0000 0.0000	</row2>
			<row3>	-0.6172 0.4686 3.3630 1.0000	</row3>
		</transform>
	</node>
	<node>
		<identifier>	MP_FM530_Rafts_3_INDEX_5	</identifier>
		<parent>	Scene Root	</parent>
		<transform>
			<row0>	0.0000 -0.0174 -0.9998 0.0000	</row0>
			<row1>	0.0000 0.9998 -0.0174 0.0000	</row1>
			<row2>	1.0000 0.0000 0.0000 0.0000	</row2>
			<row3>	-0.6172 0.4710 3.4611 1.0000	</row3>
		</transform>
	</node>
	<node>
		<identifier>	MP_FM530_Rafts_3_INDEX_6	</identifier>
		<parent>	Scene Root	</parent>
		<transform>
			<row0>	0.0000 -0.0140 -0.9999 0.0000	</row0>
			<row1>	0.0000 0.9999 -0.0140 0.0000	</row1>
			<row2>	1.0000 0.0000 0.0000 0.0000	</row2>
			<row3>	-0.4416 0.5128 5.1091 1.0000	</row3>
		</transform>
	</node>
	<node>
		<identifier>	MP_FM530_Rafts_3_INDEX_7	</identifier>
		<parent>	Scene Root	</parent>
		<transform>
			<row0>	0.0000 -0.0140 -0.9999 0.0000	</row0>
			<row1>	0.0000 0.9999 -0.0140 0.0000	</row1>
			<row2>	1.0000 0.0000 0.0000 0.0000	</row2>
			<row3>	-0.4416 0.5158 5.2089 1.0000	</row3>
		</transform>
	</node>
	<node>
		<identifier>	MP_FM530_Rafts_3_INDEX_8	</identifier>
		<parent>	Scene Root	</parent>
		<transform>
			<row0>	0.0000 -0.0174 -0.9998 0.0000	</row0>
			<row1>	0.0000 0.9998 -0.0174 0.0000	</row1>
			<row2>	1.0000 0.0000 0.0000 0.0000	</row2>
			<row3>	-0.4416 0.5189 5.3070 1.0000	</row3>
		</transform>
	</node>
	<node>
		<identifier>	MP_FM530_Rafts_3_INDEX_9	</identifier>
		<parent>	Scene Root	</parent>
		<transform>
			<row0>	0.0000 0.0174 0.9998 0.0000	</row0>
			<row1>	0.0000 0.9998 -0.0174 0.0000	</row1>
			<row2>	-1.0000 0.0000 0.0000 0.0000	</row2>
			<row3>	0.4416 0.5189 5.3070 1.0000	</row3>
		</transform>
	</node>
	<node>
		<identifier>	MP_FM703_Ammunition_Box	</identifier>
		<parent>	Scene Root	</parent>
		<transform>
			<row0>	-0.5708 0.0000 -0.8211 0.0000	</row0>
			<row1>	0.0000 1.0000 0.0000 0.0000	</row1>
			<row2>	0.8211 0.0000 -0.5708 0.0000	</row2>
			<row3>	-0.3698 0.5865 1.7975 1.0000	</row3>
		</transform>
	</node>
	<node>
		<identifier>	MP_FM703_Ammunition_Box_INDEX_1	</identifier>
		<parent>	Scene Root	</parent>
		<transform>
			<row0>	-0.5708 0.0000 -0.8211 0.0000	</row0>
			<row1>	0.0000 1.0000 0.0000 0.0000	</row1>
			<row2>	0.8211 0.0000 -0.5708 0.0000	</row2>
			<row3>	-0.3944 0.5865 1.7623 1.0000	</row3>
		</transform>
	</node>
	<node>
		<identifier>	MP_FM703_Ammunition_Box_INDEX_2	</identifier>
		<parent>	Scene Root	</parent>
		<transform>
			<row0>	-0.5708 0.0000 0.8211 0.0000	</row0>
			<row1>	0.0000 1.0000 0.0000 0.0000	</row1>
			<row2>	-0.8211 0.0000 -0.5708 0.0000	</row2>
			<row3>	0.3944 0.5865 1.7623 1.0000	</row3>
		</transform>
	</node>
	<node>
		<identifier>	MP_FM703_Ammunition_Box_INDEX_3	</identifier>
		<parent>	Scene Root	</parent>
		<transform>
			<row0>	-0.5708 0.0000 0.8211 0.0000	</row0>
			<row1>	0.0000 1.0000 0.0000 0.0000	</row1>
			<row2>	-0.8211 0.0000 -0.5708 0.0000	</row2>
			<row3>	0.3698 0.5865 1.7975 1.0000	</row3>
		</transform>
	</node>
	<node>
		<identifier>	MP_FM800_Ventilation	</identifier>
		<parent>	Scene Root	</parent>
		<transform>
			<row0>	0.0000 0.0000 0.8000 0.0000	</row0>
			<row1>	0.0000 0.8000 0.0000 0.0000	</row1>
			<row2>	-0.8000 0.0000 0.0000 0.0000	</row2>
			<row3>	-0.7927 0.5858 1.4403 1.0000	</row3>
		</transform>
	</node>
	<node>
		<identifier>	MP_FM800_Ventilation_INDEX_1	</identifier>
		<parent>	Scene Root	</parent>
		<transform>
			<row0>	0.0000 0.0000 0.8000 0.0000	</row0>
			<row1>	0.0000 0.8000 0.0000 0.0000	</row1>
			<row2>	-0.8000 0.0000 0.0000 0.0000	</row2>
			<row3>	-0.7143 0.5858 2.1393 1.0000	</row3>
		</transform>
	</node>
	<node>
		<identifier>	MP_FM800_Ventilation_INDEX_2	</identifier>
		<parent>	Scene Root	</parent>
		<transform>
			<row0>	0.0000 0.0000 0.8000 0.0000	</row0>
			<row1>	0.0000 0.8000 0.0000 0.0000	</row1>
			<row2>	-0.8000 0.0000 0.0000 0.0000	</row2>
			<row3>	-0.5607 0.5858 2.6411 1.0000	</row3>
		</transform>
	</node>
	<node>
		<identifier>	MP_FM800_Ventilation_INDEX_3	</identifier>
		<parent>	Scene Root	</parent>
		<transform>
			<row0>	0.0000 0.0000 -0.8000 0.0000	</row0>
			<row1>	0.0000 0.8000 0.0000 0.0000	</row1>
			<row2>	0.8000 0.0000 0.0000 0.0000	</row2>
			<row3>	0.5607 0.5858 2.6411 1.0000	</row3>
		</transform>
	</node>
	<node>
		<identifier>	MP_FM800_Ventilation_INDEX_4	</identifier>
		<parent>	Scene Root	</parent>
		<transform>
			<row0>	0.0000 0.0000 -0.8000 0.0000	</row0>
			<row1>	0.0000 0.8000 0.0000 0.0000	</row1>
			<row2>	0.8000 0.0000 0.0000 0.0000	</row2>
			<row3>	0.7143 0.5858 2.1393 1.0000	</row3>
		</transform>
	</node>
	<node>
		<identifier>	MP_FM800_Ventilation_INDEX_5	</identifier>
		<parent>	Scene Root	</parent>
		<transform>
			<row0>	0.0000 0.0000 -0.8000 0.0000	</row0>
			<row1>	0.0000 0.8000 0.0000 0.0000	</row1>
			<row2>	0.8000 0.0000 0.0000 0.0000	</row2>
			<row3>	0.7927 0.5858 1.4403 1.0000	</row3>
		</transform>
	</node>
	<node>
		<identifier>	MP_GM758_Hatch_Wall	</identifier>
		<parent>	Scene Root	</parent>
		<transform>
			<row0>	1.0000 0.0000 0.0000 0.0000	</row0>
			<row1>	0.0000 1.0000 0.0000 0.0000	</row1>
			<row2>	0.0000 0.0000 1.0000 0.0000	</row2>
			<row3>	-0.0003 0.4626 3.2564 1.0000	</row3>
		</transform>
	</node>
	<node>
		<identifier>	MP_GM758_Hatch_Wall_INDEX_1	</identifier>
		<parent>	Scene Root	</parent>
		<transform>
			<row0>	1.0000 0.0000 0.0000 0.0000	</row0>
			<row1>	0.0000 1.0000 0.0000 0.0000	</row1>
			<row2>	0.0000 0.0000 1.0000 0.0000	</row2>
			<row3>	-0.0978 0.5974 3.1302 1.0000	</row3>
		</transform>
	</node>
	<node>
		<identifier>	MP_GM758_Hatch_Wall_INDEX_2	</identifier>
		<parent>	Scene Root	</parent>
		<transform>
			<row0>	1.0000 0.0000 0.0000 0.0000	</row0>
			<row1>	0.0000 1.0000 0.0000 0.0000	</row1>
			<row2>	0.0000 0.0000 1.0000 0.0000	</row2>
			<row3>	0.0978 0.5974 3.1302 1.0000	</row3>
		</transform>
	</node>
	<node>
		<identifier>	MP_GM758_Hatch_Wall_INDEX_3	</identifier>
		<parent>	Scene Root	</parent>
		<transform>
			<row0>	0.0000 0.0000 1.0000 0.0000	</row0>
			<row1>	0.0000 1.0000 0.0000 0.0000	</row1>
			<row2>	-1.0000 0.0000 0.0000 0.0000	</row2>
			<row3>	-0.5328 0.4557 2.9044 1.0000	</row3>
		</transform>
	</node>
	<node>
		<identifier>	MP_GM758_Hatch_Wall_INDEX_4	</identifier>
		<parent>	Scene Root	</parent>
		<transform>
			<row0>	0.0000 0.0000 -1.0000 0.0000	</row0>
			<row1>	0.0000 1.0000 0.0000 0.0000	</row1>
			<row2>	1.0000 0.0000 0.0000 0.0000	</row2>
			<row3>	0.5328 0.4557 2.9044 1.0000	</row3>
		</transform>
	</node>
	<node>
		<identifier>	SP_YMS001_YHBM_M_1	</identifier>
		<parent>	Scene Root	</parent>
		<transform>
			<row0>	1.2775 0.0000 0.0000 0.0000	</row0>
			<row1>	0.0000 1.2726 0.1113 0.0000	</row1>
			<row2>	0.0000 -0.1113 1.2726 0.0000	</row2>
			<row3>	0.0000 0.6299 8.6173 1.0000	</row3>
		</transform>
	</node>
	<node>
		<identifier>	SP_YMS002_YHBL_M_1	</identifier>
		<parent>	Scene Root	</parent>
		<transform>
			<row0>	1.0699 0.0000 -0.0772 0.0000	</row0>
			<row1>	-0.0031 1.0718 -0.0429 0.0000	</row1>
			<row2>	0.0771 0.0430 1.0690 0.0000	</row2>
			<row3>	0.0016 0.6327 8.6173 1.0000	</row3>
		</transform>
	</node>
	<node>
		<identifier>	SP_YMS003_YHBR_M_1	</identifier>
		<parent>	Scene Root	</parent>
		<transform>
			<row0>	1.0699 0.0000 0.0772 0.0000	</row0>
			<row1>	0.0031 1.0718 -0.0429 0.0000	</row1>
			<row2>	-0.0771 0.0430 1.0690 0.0000	</row2>
			<row3>	-0.0016 0.6327 8.6173 1.0000	</row3>
		</transform>
	</node>
	<node>
		<identifier>	SP_YMS010_YHWM_L_1	</identifier>
		<parent>	Scene Root	</parent>
		<transform>
			<row0>	0.8305 0.0000 0.0000 0.0000	</row0>
			<row1>	0.0000 0.8305 0.0000 0.0000	</row1>
			<row2>	0.0000 0.0000 0.8305 0.0000	</row2>
			<row3>	0.0000 0.0000 8.4152 1.0000	</row3>
		</transform>
	</node>
	<node>
		<identifier>	SP_YMS011_YHWL_M_1	</identifier>
		<parent>	Scene Root	</parent>
		<transform>
			<row0>	0.9975 0.0000 -0.0704 0.0000	</row0>
			<row1>	0.0000 1.0000 0.0000 0.0000	</row1>
			<row2>	0.0704 0.0000 0.9975 0.0000	</row2>
			<row3>	-0.9660 0.0000 1.7074 1.0000	</row3>
		</transform>
	</node>
	<node>
		<identifier>	SP_YMS011_YHWL_M_1_INDEX_10	</identifier>
		<parent>	Scene Root	</parent>
		<transform>
			<row0>	0.9855 0.0000 -0.1696 0.0000	</row0>
			<row1>	0.0000 1.0000 0.0000 0.0000	</row1>
			<row2>	0.1696 0.0000 0.9855 0.0000	</row2>
			<row3>	-0.4194 0.0000 5.7709 1.0000	</row3>
		</transform>
	</node>
	<node>
		<identifier>	SP_YMS011_YHWL_M_1_INDEX_11	</identifier>
		<parent>	Scene Root	</parent>
		<transform>
			<row0>	0.9951 0.0000 -0.0988 0.0000	</row0>
			<row1>	0.0000 1.0000 0.0000 0.0000	</row1>
			<row2>	0.0988 0.0000 0.9951 0.0000	</row2>
			<row3>	-0.8962 0.0000 2.5369 1.0000	</row3>
		</transform>
	</node>
	<node>
		<identifier>	SP_YMS011_YHWL_M_1_INDEX_14	</identifier>
		<parent>	Scene Root	</parent>
		<transform>
			<row0>	0.9881 0.0000 -0.1540 0.0000	</row0>
			<row1>	0.0000 1.0000 0.0000 0.0000	</row1>
			<row2>	0.1540 0.0000 0.9881 0.0000	</row2>
			<row3>	-0.6909 0.0000 4.1623 1.0000	</row3>
		</transform>
	</node>
	<node>
		<identifier>	SP_YMS011_YHWL_M_1_INDEX_15	</identifier>
		<parent>	Scene Root	</parent>
		<transform>
			<row0>	1.0000 0.0000 -0.0038 0.0000	</row0>
			<row1>	0.0000 1.0000 0.0000 0.0000	</row1>
			<row2>	0.0038 0.0000 1.0000 0.0000	</row2>
			<row3>	-1.0232 0.0000 0.0181 1.0000	</row3>
		</transform>
	</node>
	<node>
		<identifier>	SP_YMS011_YHWL_M_1_INDEX_3	</identifier>
		<parent>	Scene Root	</parent>
		<transform>
			<row0>	0.9926 0.0000 -0.1216 0.0000	</row0>
			<row1>	0.0000 1.0000 0.0000 0.0000	</row1>
			<row2>	0.1216 0.0000 0.9926 0.0000	</row2>
			<row3>	-0.8046 0.0000 3.3572 1.0000	</row3>
		</transform>
	</node>
	<node>
		<identifier>	SP_YMS011_YHWL_M_1_INDEX_5	</identifier>
		<parent>	Scene Root	</parent>
		<transform>
			<row0>	0.9855 0.0000 -0.1696 0.0000	</row0>
			<row1>	0.0000 1.0000 0.0000 0.0000	</row1>
			<row2>	0.1696 0.0000 0.9855 0.0000	</row2>
			<row3>	-0.5609 0.0000 4.9602 1.0000	</row3>
		</transform>
	</node>
	<node>
		<identifier>	SP_YMS011_YHWL_M_1_INDEX_7	</identifier>
		<parent>	Scene Root	</parent>
		<transform>
			<row0>	0.9839 0.0000 -0.1786 0.0000	</row0>
			<row1>	0.0000 1.0000 0.0000 0.0000	</row1>
			<row2>	0.1786 0.0000 0.9839 0.0000	</row2>
			<row3>	-0.2771 0.0000 6.5834 1.0000	</row3>
		</transform>
	</node>
	<node>
		<identifier>	SP_YMS011_YHWL_M_1_INDEX_8	</identifier>
		<parent>	Scene Root	</parent>
		<transform>
			<row0>	0.9997 0.0000 -0.0228 0.0000	</row0>
			<row1>	0.0000 1.0000 0.0000 0.0000	</row1>
			<row2>	0.0228 0.0000 0.9997 0.0000	</row2>
			<row3>	-1.0067 0.0000 0.8605 1.0000	</row3>
		</transform>
	</node>
	<node>
		<identifier>	SP_YMS012_YHWR_M_1	</identifier>
		<parent>	Scene Root	</parent>
		<transform>
			<row0>	0.9926 0.0000 0.1216 0.0000	</row0>
			<row1>	0.0000 1.0000 0.0000 0.0000	</row1>
			<row2>	-0.1216 0.0000 0.9926 0.0000	</row2>
			<row3>	0.8046 0.0000 3.3572 1.0000	</row3>
		</transform>
	</node>
	<node>
		<identifier>	SP_YMS012_YHWR_M_1_INDEX_1	</identifier>
		<parent>	Scene Root	</parent>
		<transform>
			<row0>	0.9839 0.0000 0.1786 0.0000	</row0>
			<row1>	0.0000 1.0000 0.0000 0.0000	</row1>
			<row2>	-0.1786 0.0000 0.9839 0.0000	</row2>
			<row3>	0.2771 0.0000 6.5834 1.0000	</row3>
		</transform>
	</node>
	<node>
		<identifier>	SP_YMS012_YHWR_M_1_INDEX_10	</identifier>
		<parent>	Scene Root	</parent>
		<transform>
			<row0>	0.9881 0.0000 0.1540 0.0000	</row0>
			<row1>	0.0000 1.0000 0.0000 0.0000	</row1>
			<row2>	-0.1540 0.0000 0.9881 0.0000	</row2>
			<row3>	0.6909 0.0000 4.1623 1.0000	</row3>
		</transform>
	</node>
	<node>
		<identifier>	SP_YMS012_YHWR_M_1_INDEX_12	</identifier>
		<parent>	Scene Root	</parent>
		<transform>
			<row0>	1.0000 0.0000 0.0038 0.0000	</row0>
			<row1>	0.0000 1.0000 0.0000 0.0000	</row1>
			<row2>	-0.0038 0.0000 1.0000 0.0000	</row2>
			<row3>	1.0232 0.0000 0.0181 1.0000	</row3>
		</transform>
	</node>
	<node>
		<identifier>	SP_YMS012_YHWR_M_1_INDEX_16	</identifier>
		<parent>	Scene Root	</parent>
		<transform>
			<row0>	0.9855 0.0000 0.1696 0.0000	</row0>
			<row1>	0.0000 1.0000 0.0000 0.0000	</row1>
			<row2>	-0.1696 0.0000 0.9855 0.0000	</row2>
			<row3>	0.5609 0.0000 4.9602 1.0000	</row3>
		</transform>
	</node>
	<node>
		<identifier>	SP_YMS012_YHWR_M_1_INDEX_17	</identifier>
		<parent>	Scene Root	</parent>
		<transform>
			<row0>	0.9951 0.0000 0.0988 0.0000	</row0>
			<row1>	0.0000 1.0000 0.0000 0.0000	</row1>
			<row2>	-0.0988 0.0000 0.9951 0.0000	</row2>
			<row3>	0.8962 0.0000 2.5369 1.0000	</row3>
		</transform>
	</node>
	<node>
		<identifier>	SP_YMS012_YHWR_M_1_INDEX_2	</identifier>
		<parent>	Scene Root	</parent>
		<transform>
			<row0>	0.9997 0.0000 0.0228 0.0000	</row0>
			<row1>	0.0000 1.0000 0.0000 0.0000	</row1>
			<row2>	-0.0228 0.0000 0.9997 0.0000	</row2>
			<row3>	1.0067 0.0000 0.8605 1.0000	</row3>
		</transform>
	</node>
	<node>
		<identifier>	SP_YMS012_YHWR_M_1_INDEX_3	</identifier>
		<parent>	Scene Root	</parent>
		<transform>
			<row0>	0.9975 0.0000 0.0704 0.0000	</row0>
			<row1>	0.0000 1.0000 0.0000 0.0000	</row1>
			<row2>	-0.0704 0.0000 0.9975 0.0000	</row2>
			<row3>	0.9660 0.0000 1.7074 1.0000	</row3>
		</transform>
	</node>
	<node>
		<identifier>	SP_YMS012_YHWR_M_1_INDEX_6	</identifier>
		<parent>	Scene Root	</parent>
		<transform>
			<row0>	0.9855 0.0000 0.1696 0.0000	</row0>
			<row1>	0.0000 1.0000 0.0000 0.0000	</row1>
			<row2>	-0.1696 0.0000 0.9855 0.0000	</row2>
			<row3>	0.4194 0.0000 5.7709 1.0000	</row3>
		</transform>
	</node>
	<node>
		<identifier>	SP_YMS020_YHBU_M_1	</identifier>
		<parent>	Scene Root	</parent>
		<transform>
			<row0>	1.3682 0.0000 0.0000 0.0000	</row0>
			<row1>	0.0000 1.3682 0.0000 0.0000	</row1>
			<row2>	0.0000 0.0000 1.3682 0.0000	</row2>
			<row3>	0.0000 -0.0427 8.1465 1.0000	</row3>
		</transform>
	</node>
	<node>
		<identifier>	SP_YMS021_YHUC_S_1	</identifier>
		<parent>	Scene Root	</parent>
		<transform>
			<row0>	-0.1590 -0.9873 0.0000 0.0000	</row0>
			<row1>	0.9873 -0.1590 0.0000 0.0000	</row1>
			<row2>	0.0000 0.0000 1.0000 0.0000	</row2>
			<row3>	1.0164 -0.2289 -0.3043 1.0000	</row3>
		</transform>
	</node>
	<node>
		<identifier>	SP_YMS021_YHUC_S_1_INDEX_10	</identifier>
		<parent>	Scene Root	</parent>
		<transform>
			<row0>	-0.2943 0.9557 -0.0031 0.0000	</row0>
			<row1>	-0.9536 -0.2935 0.0669 0.0000	</row1>
			<row2>	0.0630 0.0227 0.9978 0.0000	</row2>
			<row3>	-0.9441 -0.2289 1.6039 1.0000	</row3>
		</transform>
	</node>
	<node>
		<identifier>	SP_YMS021_YHUC_S_1_INDEX_2	</identifier>
		<parent>	Scene Root	</parent>
		<transform>
			<row0>	-0.2943 -0.9557 0.0031 0.0000	</row0>
			<row1>	0.9536 -0.2935 0.0669 0.0000	</row1>
			<row2>	-0.0630 0.0227 0.9978 0.0000	</row2>
			<row3>	0.9441 -0.2289 1.6039 1.0000	</row3>
		</transform>
	</node>
	<node>
		<identifier>	SP_YMS021_YHUC_S_1_INDEX_3	</identifier>
		<parent>	Scene Root	</parent>
		<transform>
			<row0>	-0.2175 0.9760 0.0082 0.0000	</row0>
			<row1>	-0.9753 -0.2177 0.0368 0.0000	</row1>
			<row2>	0.0377 0.0000 0.9993 0.0000	</row2>
			<row3>	-1.0012 -0.2289 0.6567 1.0000	</row3>
		</transform>
	</node>
	<node>
		<identifier>	SP_YMS021_YHUC_S_1_INDEX_7	</identifier>
		<parent>	Scene Root	</parent>
		<transform>
			<row0>	-0.2175 -0.9760 -0.0082 0.0000	</row0>
			<row1>	0.9753 -0.2177 0.0368 0.0000	</row1>
			<row2>	-0.0377 0.0000 0.9993 0.0000	</row2>
			<row3>	1.0012 -0.2289 0.6567 1.0000	</row3>
		</transform>
	</node>
	<node>
		<identifier>	SP_YMS021_YHUC_S_1_INDEX_9	</identifier>
		<parent>	Scene Root	</parent>
		<transform>
			<row0>	-0.1590 0.9873 0.0000 0.0000	</row0>
			<row1>	-0.9873 -0.1590 0.0000 0.0000	</row1>
			<row2>	0.0000 0.0000 1.0000 0.0000	</row2>
			<row3>	-1.0164 -0.2289 -0.3043 1.0000	</row3>
		</transform>
	</node>
	<node>
		<identifier>	SP_YMS022_YHUS_L_1	</identifier>
		<parent>	Scene Root	</parent>
		<transform>
			<row0>	-0.1443 0.0199 1.1911 0.0000	</row0>
			<row1>	0.7983 0.8922 0.0818 0.0000	</row1>
			<row2>	-0.8842 0.8023 -0.1205 0.0000	</row2>
			<row3>	0.5168 -0.4000 3.3596 1.0000	</row3>
		</transform>
	</node>
	<node>
		<identifier>	SP_YMS022_YHUS_L_1_INDEX_3	</identifier>
		<parent>	Scene Root	</parent>
		<transform>
			<row0>	-0.1530 -0.0036 -1.1902 0.0000	</row0>
			<row1>	-0.7898 0.8980 0.0988 0.0000	</row1>
			<row2>	0.8904 0.7960 -0.1169 0.0000	</row2>
			<row3>	-0.3928 -0.3955 4.2231 1.0000	</row3>
		</transform>
	</node>
	<node>
		<identifier>	SP_YMS022_YHUS_L_1_INDEX_4	</identifier>
		<parent>	Scene Root	</parent>
		<transform>
			<row0>	-0.1443 -0.0199 -1.1911 0.0000	</row0>
			<row1>	-0.7983 0.8922 0.0818 0.0000	</row1>
			<row2>	0.8842 0.8023 -0.1205 0.0000	</row2>
			<row3>	-0.5168 -0.4000 3.3596 1.0000	</row3>
		</transform>
	</node>
	<node>
		<identifier>	SP_YMS022_YHUS_L_1_INDEX_7	</identifier>
		<parent>	Scene Root	</parent>
		<transform>
			<row0>	-0.1530 0.0036 1.1902 0.0000	</row0>
			<row1>	0.7898 0.8980 0.0988 0.0000	</row1>
			<row2>	-0.8904 0.7960 -0.1169 0.0000	</row2>
			<row3>	0.3928 -0.3955 4.2231 1.0000	</row3>
		</transform>
	</node>
	<node>
		<identifier>	SP_YMS022_YHUS_L_1_INDEX_8	</identifier>
		<parent>	Scene Root	</parent>
		<transform>
			<row0>	-0.1348 0.0135 1.1923 0.0000	</row0>
			<row1>	0.7693 0.9178 0.0766 0.0000	</row1>
			<row2>	-0.9110 0.7730 -0.1118 0.0000	</row2>
			<row3>	0.6163 -0.4132 2.4903 1.0000	</row3>
		</transform>
	</node>
	<node>
		<identifier>	SP_YMS022_YHUS_L_1_INDEX_9	</identifier>
		<parent>	Scene Root	</parent>
		<transform>
			<row0>	-0.1348 -0.0135 -1.1923 0.0000	</row0>
			<row1>	-0.7693 0.9178 0.0766 0.0000	</row1>
			<row2>	0.9110 0.7730 -0.1118 0.0000	</row2>
			<row3>	-0.6163 -0.4132 2.4903 1.0000	</row3>
		</transform>
	</node>
	<node>
		<identifier>	SP_YMS051_YHDL_L_1	</identifier>
		<parent>	Scene Root	</parent>
		<transform>
			<row0>	1.2065 0.0000 -0.0907 0.0000	</row0>
			<row1>	-0.0028 1.2093 -0.0379 0.0000	</row1>
			<row2>	0.0907 0.0380 1.2059 0.0000	</row2>
			<row3>	-0.8273 0.4996 4.5267 1.0000	</row3>
		</transform>
	</node>
	<node>
		<identifier>	SP_YMS052_YHDR_L_1	</identifier>
		<parent>	Scene Root	</parent>
		<transform>
			<row0>	1.2065 0.0000 0.0907 0.0000	</row0>
			<row1>	0.0028 1.2093 -0.0379 0.0000	</row1>
			<row2>	-0.0907 0.0380 1.2059 0.0000	</row2>
			<row3>	0.8273 0.4996 4.5267 1.0000	</row3>
		</transform>
	</node>
	<node>
		<identifier>	SP_YMS053_YHDC_S_1	</identifier>
		<parent>	Scene Root	</parent>
		<transform>
			<row0>	0.9999 0.0122 -0.0005 0.0000	</row0>
			<row1>	-0.0122 0.9992 -0.0393 0.0000	</row1>
			<row2>	0.0000 0.0393 0.9992 0.0000	</row2>
			<row3>	-0.4065 0.5498 5.9914 1.0000	</row3>
		</transform>
	</node>
	<node>
		<identifier>	SP_YMS053_YHDC_S_1_INDEX_2	</identifier>
		<parent>	Scene Root	</parent>
		<transform>
			<row0>	1.0000 0.0000 0.0000 0.0000	</row0>
			<row1>	0.0000 1.0000 0.0000 0.0000	</row1>
			<row2>	0.0000 0.0000 1.0000 0.0000	</row2>
			<row3>	0.4491 0.5167 4.7278 1.0000	</row3>
		</transform>
	</node>
	<node>
		<identifier>	SP_YMS053_YHDC_S_1_INDEX_4	</identifier>
		<parent>	Scene Root	</parent>
		<transform>
			<row0>	1.0000 0.0000 0.0000 0.0000	</row0>
			<row1>	0.0000 1.0000 0.0000 0.0000	</row1>
			<row2>	0.0000 0.0000 1.0000 0.0000	</row2>
			<row3>	-0.4491 0.5167 4.7278 1.0000	</row3>
		</transform>
	</node>
	<node>
		<identifier>	SP_YMS053_YHDC_S_1_INDEX_9	</identifier>
		<parent>	Scene Root	</parent>
		<transform>
			<row0>	0.9999 -0.0122 0.0005 0.0000	</row0>
			<row1>	0.0122 0.9992 -0.0393 0.0000	</row1>
			<row2>	0.0000 0.0393 0.9992 0.0000	</row2>
			<row3>	0.4065 0.5498 5.9914 1.0000	</row3>
		</transform>
	</node>
	<node>
		<identifier>	SP_YMS055_YHDB_M_1	</identifier>
		<parent>	Scene Root	</parent>
		<transform>
			<row0>	0.6126 0.0000 0.0000 0.0000	</row0>
			<row1>	0.0000 0.6126 0.0000 0.0000	</row1>
			<row2>	0.0000 0.0000 0.6126 0.0000	</row2>
			<row3>	0.0000 0.9565 1.2663 1.0000	</row3>
		</transform>
	</node>
	<node>
		<identifier>	SP_YMS080_YHSL_M_1_INDEX_1	</identifier>
		<parent>	Scene Root	</parent>
		<transform>
			<row0>	0.8622 0.4860 -0.1428 0.0000	</row0>
			<row1>	-0.4761 0.8738 0.0988 0.0000	</row1>
			<row2>	0.1728 -0.0172 0.9848 0.0000	</row2>
			<row3>	-0.5097 0.2870 5.9719 1.0000	</row3>
		</transform>
	</node>
	<node>
		<identifier>	SP_YMS080_YHSL_M_1_INDEX_3	</identifier>
		<parent>	Scene Root	</parent>
		<transform>
			<row0>	0.8583 0.4862 -0.1640 0.0000	</row0>
			<row1>	-0.4761 0.8738 0.0988 0.0000	</row1>
			<row2>	0.1913 -0.0068 0.9815 0.0000	</row2>
			<row3>	-0.3366 0.3155 6.8408 1.0000	</row3>
		</transform>
	</node>
	<node>
		<identifier>	SP_YMS081_YHSR_M_1	</identifier>
		<parent>	Scene Root	</parent>
		<transform>
			<row0>	0.8583 -0.4862 0.1640 0.0000	</row0>
			<row1>	0.4761 0.8738 0.0988 0.0000	</row1>
			<row2>	-0.1913 -0.0068 0.9815 0.0000	</row2>
			<row3>	0.3366 0.3155 6.8408 1.0000	</row3>
		</transform>
	</node>
	<node>
		<identifier>	SP_YMS081_YHSR_M_1_INDEX_4	</identifier>
		<parent>	Scene Root	</parent>
		<transform>
			<row0>	0.8622 -0.4860 0.1428 0.0000	</row0>
			<row1>	0.4761 0.8738 0.0988 0.0000	</row1>
			<row2>	-0.1728 -0.0172 0.9848 0.0000	</row2>
			<row3>	0.5097 0.2870 5.9719 1.0000	</row3>
		</transform>
	</node>
	<node>
		<identifier>	SP_YMS082_YHSC_M_1	</identifier>
		<parent>	Scene Root	</parent>
		<transform>
			<row0>	-0.0154 0.0000 -1.0587 0.0000	</row0>
			<row1>	0.0000 1.0588 0.0000 0.0000	</row1>
			<row2>	1.0587 0.0000 -0.0154 0.0000	</row2>
			<row3>	-0.9981 0.1578 0.7795 1.0000	</row3>
		</transform>
	</node>
	<node>
		<identifier>	SP_YMS082_YHSC_M_1_INDEX_1	</identifier>
		<parent>	Scene Root	</parent>
		<transform>
			<row0>	-0.0154 0.0000 1.0587 0.0000	</row0>
			<row1>	0.0000 1.0588 0.0000 0.0000	</row1>
			<row2>	-1.0587 0.0000 -0.0154 0.0000	</row2>
			<row3>	0.9981 0.1578 0.7795 1.0000	</row3>
		</transform>
	</node>
	<node>
		<identifier>	SP_YMS082_YHSC_M_1_INDEX_2	</identifier>
		<parent>	Scene Root	</parent>
		<transform>
			<row0>	-0.1226 -0.0014 -1.4758 0.0000	</row0>
			<row1>	-0.3493 1.4389 0.0276 0.0000	</row1>
			<row2>	1.4339 0.3504 -0.1195 0.0000	</row2>
			<row3>	-0.8427 0.2662 3.7385 1.0000	</row3>
		</transform>
	</node>
	<node>
		<identifier>	SP_YMS082_YHSC_M_1_INDEX_3	</identifier>
		<parent>	Scene Root	</parent>
		<transform>
			<row0>	-0.1226 0.0014 1.4758 0.0000	</row0>
			<row1>	0.3493 1.4389 0.0276 0.0000	</row1>
			<row2>	-1.4339 0.3504 -0.1195 0.0000	</row2>
			<row3>	0.8427 0.2662 3.7385 1.0000	</row3>
		</transform>
	</node>
	<node>
