<GSB035_Prinz_Heinrich_1943_MidBack.skel_ext>
	<exported>	true	</exported>
	<node>
		<identifier>	MP_CM011_Fire_Fighting_Gear	</identifier>
		<parent>	Scene Root	</parent>
		<transform>
			<row0>	0.0000 0.0000 -1.0000 0.0000	</row0>
			<row1>	0.0000 1.0000 0.0000 0.0000	</row1>
			<row2>	1.0000 0.0000 0.0000 0.0000	</row2>
			<row3>	-0.6283 0.3752 1.1242 1.0000	</row3>
		</transform>
	</node>
	<node>
		<identifier>	MP_CM011_Fire_Fighting_Gear_INDEX_1	</identifier>
		<parent>	Scene Root	</parent>
		<transform>
			<row0>	0.4428 0.0000 0.8966 0.0000	</row0>
			<row1>	0.0000 1.0000 0.0000 0.0000	</row1>
			<row2>	-0.8966 0.0000 0.4428 0.0000	</row2>
			<row3>	0.3281 0.5090 -1.2312 1.0000	</row3>
		</transform>
	</node>
	<node>
		<identifier>	MP_CM011_Fire_Fighting_Gear_INDEX_2	</identifier>
		<parent>	Scene Root	</parent>
		<transform>
			<row0>	0.0000 0.0000 -1.0000 0.0000	</row0>
			<row1>	0.0000 1.0000 0.0000 0.0000	</row1>
			<row2>	1.0000 0.0000 0.0000 0.0000	</row2>
			<row3>	-0.5020 0.3599 -1.0119 1.0000	</row3>
		</transform>
	</node>
	<node>
		<identifier>	MP_CM011_Fire_Fighting_Gear_INDEX_3	</identifier>
		<parent>	Scene Root	</parent>
		<transform>
			<row0>	0.4895 0.0000 -0.8720 0.0000	</row0>
			<row1>	0.0000 1.0000 0.0000 0.0000	</row1>
			<row2>	0.8720 0.0000 0.4895 0.0000	</row2>
			<row3>	-0.1627 0.8330 1.3449 1.0000	</row3>
		</transform>
	</node>
	<node>
		<identifier>	MP_CM011_Fire_Fighting_Gear_INDEX_4	</identifier>
		<parent>	Scene Root	</parent>
		<transform>
			<row0>	0.0000 0.0000 1.0000 0.0000	</row0>
			<row1>	0.0000 1.0000 0.0000 0.0000	</row1>
			<row2>	-1.0000 0.0000 0.0000 0.0000	</row2>
			<row3>	0.5020 0.3599 -1.0119 1.0000	</row3>
		</transform>
	</node>
	<node>
		<identifier>	MP_CM011_Fire_Fighting_Gear_INDEX_5	</identifier>
		<parent>	Scene Root	</parent>
		<transform>
			<row0>	0.0000 0.0000 1.0000 0.0000	</row0>
			<row1>	0.0000 1.0000 0.0000 0.0000	</row1>
			<row2>	-1.0000 0.0000 0.0000 0.0000	</row2>
			<row3>	0.3992 0.5312 1.4899 1.0000	</row3>
		</transform>
	</node>
	<node>
		<identifier>	MP_CM011_Fire_Fighting_Gear_INDEX_6	</identifier>
		<parent>	Scene Root	</parent>
		<transform>
			<row0>	0.0000 0.0000 1.0000 0.0000	</row0>
			<row1>	0.0000 1.0000 0.0000 0.0000	</row1>
			<row2>	-1.0000 0.0000 0.0000 0.0000	</row2>
			<row3>	0.6283 0.3752 1.1242 1.0000	</row3>
		</transform>
	</node>
	<node>
		<identifier>	MP_CM011_Fire_Fighting_Gear_INDEX_7	</identifier>
		<parent>	Scene Root	</parent>
		<transform>
			<row0>	0.4895 0.0000 0.8720 0.0000	</row0>
			<row1>	0.0000 1.0000 0.0000 0.0000	</row1>
			<row2>	-0.8720 0.0000 0.4895 0.0000	</row2>
			<row3>	0.1627 0.8330 1.3449 1.0000	</row3>
		</transform>
	</node>
	<node>
		<identifier>	MP_CM011_Fire_Fighting_Gear_INDEX_8	</identifier>
		<parent>	Scene Root	</parent>
		<transform>
			<row0>	0.4428 0.0000 -0.8966 0.0000	</row0>
			<row1>	0.0000 1.0000 0.0000 0.0000	</row1>
			<row2>	0.8966 0.0000 0.4428 0.0000	</row2>
			<row3>	-0.3281 0.5090 -1.2312 1.0000	</row3>
		</transform>
	</node>
	<node>
		<identifier>	MP_CM011_Fire_Fighting_Gear_INDEX_9	</identifier>
		<parent>	Scene Root	</parent>
		<transform>
			<row0>	0.0000 0.0000 -1.0000 0.0000	</row0>
			<row1>	0.0000 1.0000 0.0000 0.0000	</row1>
			<row2>	1.0000 0.0000 0.0000 0.0000	</row2>
			<row3>	-0.3992 0.5312 1.4899 1.0000	</row3>
		</transform>
	</node>
	<node>
		<identifier>	MP_CM014_Fuel_Oil_Hose	</identifier>
		<parent>	Scene Root	</parent>
		<transform>
			<row0>	0.9994 0.0000 -0.0346 0.0000	</row0>
			<row1>	0.0000 1.0000 0.0000 0.0000	</row1>
			<row2>	0.0346 0.0000 0.9994 0.0000	</row2>
			<row3>	-0.9264 0.2598 -0.3150 1.0000	</row3>
		</transform>
	</node>
	<node>
		<identifier>	MP_CM014_Fuel_Oil_Hose_INDEX_1	</identifier>
		<parent>	Scene Root	</parent>
		<transform>
			<row0>	0.9970 0.0000 -0.0772 0.0000	</row0>
			<row1>	0.0000 1.0000 0.0000 0.0000	</row1>
			<row2>	0.0772 0.0000 0.9970 0.0000	</row2>
			<row3>	-0.8458 0.2860 1.3749 1.0000	</row3>
		</transform>
	</node>
	<node>
		<identifier>	MP_CM014_Fuel_Oil_Hose_INDEX_10	</identifier>
		<parent>	Scene Root	</parent>
		<transform>
			<row0>	0.9970 0.0000 -0.0772 0.0000	</row0>
			<row1>	0.0000 1.0000 0.0000 0.0000	</row1>
			<row2>	0.0772 0.0000 0.9970 0.0000	</row2>
			<row3>	-0.8458 0.2594 1.3749 1.0000	</row3>
		</transform>
	</node>
	<node>
		<identifier>	MP_CM014_Fuel_Oil_Hose_INDEX_11	</identifier>
		<parent>	Scene Root	</parent>
		<transform>
			<row0>	-0.9991 0.0000 -0.0418 0.0000	</row0>
			<row1>	0.0000 1.0000 0.0000 0.0000	</row1>
			<row2>	0.0418 0.0000 -0.9991 0.0000	</row2>
			<row3>	0.9329 0.2598 -0.4776 1.0000	</row3>
		</transform>
	</node>
	<node>
		<identifier>	MP_CM014_Fuel_Oil_Hose_INDEX_2	</identifier>
		<parent>	Scene Root	</parent>
		<transform>
			<row0>	0.9994 0.0000 -0.0346 0.0000	</row0>
			<row1>	0.0000 1.0000 0.0000 0.0000	</row1>
			<row2>	0.0346 0.0000 0.9994 0.0000	</row2>
			<row3>	-0.9332 0.2333 -0.4776 1.0000	</row3>
		</transform>
	</node>
	<node>
		<identifier>	MP_CM014_Fuel_Oil_Hose_INDEX_3	</identifier>
		<parent>	Scene Root	</parent>
		<transform>
			<row0>	-0.9991 0.0000 -0.0418 0.0000	</row0>
			<row1>	0.0000 1.0000 0.0000 0.0000	</row1>
			<row2>	0.0418 0.0000 -0.9991 0.0000	</row2>
			<row3>	0.9329 0.2333 -0.4776 1.0000	</row3>
		</transform>
	</node>
	<node>
		<identifier>	MP_CM014_Fuel_Oil_Hose_INDEX_4	</identifier>
		<parent>	Scene Root	</parent>
		<transform>
			<row0>	0.9994 0.0000 -0.0346 0.0000	</row0>
			<row1>	0.0000 1.0000 0.0000 0.0000	</row1>
			<row2>	0.0346 0.0000 0.9994 0.0000	</row2>
			<row3>	-0.9264 0.2333 -0.3150 1.0000	</row3>
		</transform>
	</node>
	<node>
		<identifier>	MP_CM014_Fuel_Oil_Hose_INDEX_5	</identifier>
		<parent>	Scene Root	</parent>
		<transform>
			<row0>	-0.9991 0.0000 -0.0418 0.0000	</row0>
			<row1>	0.0000 1.0000 0.0000 0.0000	</row1>
			<row2>	0.0418 0.0000 -0.9991 0.0000	</row2>
			<row3>	0.9261 0.2333 -0.3150 1.0000	</row3>
		</transform>
	</node>
	<node>
		<identifier>	MP_CM014_Fuel_Oil_Hose_INDEX_6	</identifier>
		<parent>	Scene Root	</parent>
		<transform>
			<row0>	-0.9970 0.0000 -0.0772 0.0000	</row0>
			<row1>	0.0000 1.0000 0.0000 0.0000	</row1>
			<row2>	0.0772 0.0000 -0.9970 0.0000	</row2>
			<row3>	0.8458 0.2594 1.3749 1.0000	</row3>
		</transform>
	</node>
	<node>
		<identifier>	MP_CM014_Fuel_Oil_Hose_INDEX_7	</identifier>
		<parent>	Scene Root	</parent>
		<transform>
			<row0>	-0.9991 0.0000 -0.0418 0.0000	</row0>
			<row1>	0.0000 1.0000 0.0000 0.0000	</row1>
			<row2>	0.0418 0.0000 -0.9991 0.0000	</row2>
			<row3>	0.9261 0.2598 -0.3150 1.0000	</row3>
		</transform>
	</node>
	<node>
		<identifier>	MP_CM014_Fuel_Oil_Hose_INDEX_8	</identifier>
		<parent>	Scene Root	</parent>
		<transform>
			<row0>	0.9994 0.0000 -0.0346 0.0000	</row0>
			<row1>	0.0000 1.0000 0.0000 0.0000	</row1>
			<row2>	0.0346 0.0000 0.9994 0.0000	</row2>
			<row3>	-0.9332 0.2598 -0.4776 1.0000	</row3>
		</transform>
	</node>
	<node>
		<identifier>	MP_CM014_Fuel_Oil_Hose_INDEX_9	</identifier>
		<parent>	Scene Root	</parent>
		<transform>
			<row0>	-0.9970 0.0000 -0.0772 0.0000	</row0>
			<row1>	0.0000 1.0000 0.0000 0.0000	</row1>
			<row2>	0.0772 0.0000 -0.9970 0.0000	</row2>
			<row3>	0.8458 0.2860 1.3749 1.0000	</row3>
		</transform>
	</node>
	<node>
		<identifier>	MP_CM029_Emergency_Box	</identifier>
		<parent>	Scene Root	</parent>
		<transform>
			<row0>	0.0000 0.0000 1.0000 0.0000	</row0>
			<row1>	0.0000 1.0000 0.0000 0.0000	</row1>
			<row2>	-1.0000 0.0000 0.0000 0.0000	</row2>
			<row3>	0.3290 0.5601 -1.1256 1.0000	</row3>
		</transform>
	</node>
	<node>
		<identifier>	MP_CM029_Emergency_Box_INDEX_1	</identifier>
		<parent>	Scene Root	</parent>
		<transform>
			<row0>	0.0000 0.0000 -1.0000 0.0000	</row0>
			<row1>	0.0000 1.0000 0.0000 0.0000	</row1>
			<row2>	1.0000 0.0000 0.0000 0.0000	</row2>
			<row3>	-0.4988 0.4044 -1.3480 1.0000	</row3>
		</transform>
	</node>
	<node>
		<identifier>	MP_CM029_Emergency_Box_INDEX_10	</identifier>
		<parent>	Scene Root	</parent>
		<transform>
			<row0>	0.0000 0.0000 -1.0000 0.0000	</row0>
			<row1>	0.0000 1.0000 0.0000 0.0000	</row1>
			<row2>	1.0000 0.0000 0.0000 0.0000	</row2>
			<row3>	-0.1025 1.9633 0.6766 1.0000	</row3>
		</transform>
	</node>
	<node>
		<identifier>	MP_CM029_Emergency_Box_INDEX_11	</identifier>
		<parent>	Scene Root	</parent>
		<transform>
			<row0>	0.0000 0.0000 1.0000 0.0000	</row0>
			<row1>	0.0000 1.0000 0.0000 0.0000	</row1>
			<row2>	-1.0000 0.0000 0.0000 0.0000	</row2>
			<row3>	0.3924 0.5739 1.2354 1.0000	</row3>
		</transform>
	</node>
	<node>
		<identifier>	MP_CM029_Emergency_Box_INDEX_12	</identifier>
		<parent>	Scene Root	</parent>
		<transform>
			<row0>	0.0000 0.0000 1.0000 0.0000	</row0>
			<row1>	0.0000 1.0000 0.0000 0.0000	</row1>
			<row2>	-1.0000 0.0000 0.0000 0.0000	</row2>
			<row3>	-0.3177 0.7773 -1.0201 1.0000	</row3>
		</transform>
	</node>
	<node>
		<identifier>	MP_CM029_Emergency_Box_INDEX_13	</identifier>
		<parent>	Scene Root	</parent>
		<transform>
			<row0>	0.9781 0.0000 0.2079 0.0000	</row0>
			<row1>	0.0000 1.0000 0.0000 0.0000	</row1>
			<row2>	-0.2079 0.0000 0.9781 0.0000	</row2>
			<row3>	0.0436 1.3308 0.7087 1.0000	</row3>
		</transform>
	</node>
	<node>
		<identifier>	MP_CM029_Emergency_Box_INDEX_14	</identifier>
		<parent>	Scene Root	</parent>
		<transform>
			<row0>	0.0000 0.0000 -1.0000 0.0000	</row0>
			<row1>	0.0000 1.0000 0.0000 0.0000	</row1>
			<row2>	1.0000 0.0000 0.0000 0.0000	</row2>
			<row3>	-0.6244 0.4200 1.9845 1.0000	</row3>
		</transform>
	</node>
	<node>
		<identifier>	MP_CM029_Emergency_Box_INDEX_15	</identifier>
		<parent>	Scene Root	</parent>
		<transform>
			<row0>	0.0000 0.0000 -1.0000 0.0000	</row0>
			<row1>	0.0000 1.0000 0.0000 0.0000	</row1>
			<row2>	1.0000 0.0000 0.0000 0.0000	</row2>
			<row3>	0.3177 0.7773 -1.0201 1.0000	</row3>
		</transform>
	</node>
	<node>
		<identifier>	MP_CM029_Emergency_Box_INDEX_2	</identifier>
		<parent>	Scene Root	</parent>
		<transform>
			<row0>	0.0000 0.0000 -1.0000 0.0000	</row0>
			<row1>	0.0000 1.0000 0.0000 0.0000	</row1>
			<row2>	1.0000 0.0000 0.0000 0.0000	</row2>
			<row3>	-0.3290 0.5601 -1.1256 1.0000	</row3>
		</transform>
	</node>
	<node>
		<identifier>	MP_CM029_Emergency_Box_INDEX_3	</identifier>
		<parent>	Scene Root	</parent>
		<transform>
			<row0>	0.0000 0.0000 1.0000 0.0000	</row0>
			<row1>	0.0000 1.0000 0.0000 0.0000	</row1>
			<row2>	-1.0000 0.0000 0.0000 0.0000	</row2>
			<row3>	0.6244 0.4200 1.9845 1.0000	</row3>
		</transform>
	</node>
	<node>
		<identifier>	MP_CM029_Emergency_Box_INDEX_4	</identifier>
		<parent>	Scene Root	</parent>
		<transform>
			<row0>	0.0000 0.0000 1.0000 0.0000	</row0>
			<row1>	0.0000 1.0000 0.0000 0.0000	</row1>
			<row2>	-1.0000 0.0000 0.0000 0.0000	</row2>
			<row3>	0.1025 1.9633 0.6766 1.0000	</row3>
		</transform>
	</node>
	<node>
		<identifier>	MP_CM029_Emergency_Box_INDEX_5	</identifier>
		<parent>	Scene Root	</parent>
		<transform>
			<row0>	0.5297 0.0000 -0.8482 0.0000	</row0>
			<row1>	0.0000 1.0000 0.0000 0.0000	</row1>
			<row2>	0.8482 0.0000 0.5297 0.0000	</row2>
			<row3>	0.2195 0.8920 1.8263 1.0000	</row3>
		</transform>
	</node>
	<node>
		<identifier>	MP_CM029_Emergency_Box_INDEX_6	</identifier>
		<parent>	Scene Root	</parent>
		<transform>
			<row0>	0.0000 0.0000 -1.0000 0.0000	</row0>
			<row1>	0.0000 1.0000 0.0000 0.0000	</row1>
			<row2>	1.0000 0.0000 0.0000 0.0000	</row2>
			<row3>	-0.3924 0.5739 1.2354 1.0000	</row3>
		</transform>
	</node>
	<node>
		<identifier>	MP_CM029_Emergency_Box_INDEX_7	</identifier>
		<parent>	Scene Root	</parent>
		<transform>
			<row0>	0.0000 0.0000 1.0000 0.0000	</row0>
			<row1>	0.0000 1.0000 0.0000 0.0000	</row1>
			<row2>	-1.0000 0.0000 0.0000 0.0000	</row2>
			<row3>	0.4988 0.4044 -1.3480 1.0000	</row3>
		</transform>
	</node>
	<node>
		<identifier>	MP_CM029_Emergency_Box_INDEX_8	</identifier>
		<parent>	Scene Root	</parent>
		<transform>
			<row0>	0.1581 0.0000 -0.9874 0.0000	</row0>
			<row1>	0.0000 1.0000 0.0000 0.0000	</row1>
			<row2>	0.9874 0.0000 0.1581 0.0000	</row2>
			<row3>	0.2270 1.3201 1.0930 1.0000	</row3>
		</transform>
	</node>
	<node>
		<identifier>	MP_CM029_Emergency_Box_INDEX_9	</identifier>
		<parent>	Scene Root	</parent>
		<transform>
			<row0>	0.5297 0.0000 0.8482 0.0000	</row0>
			<row1>	0.0000 1.0000 0.0000 0.0000	</row1>
			<row2>	-0.8482 0.0000 0.5297 0.0000	</row2>
			<row3>	-0.2195 0.8920 1.8263 1.0000	</row3>
		</transform>
	</node>
	<node>
		<identifier>	MP_CM030_Swab_Rack_2	</identifier>
		<parent>	Scene Root	</parent>
		<transform>
			<row0>	0.0000 0.0000 -1.0000 0.0000	</row0>
			<row1>	0.0000 1.0000 0.0000 0.0000	</row1>
			<row2>	1.0000 0.0000 0.0000 0.0000	</row2>
			<row3>	0.4916 0.3699 0.3104 1.0000	</row3>
		</transform>
	</node>
	<node>
		<identifier>	MP_CM030_Swab_Rack_2_INDEX_1	</identifier>
		<parent>	Scene Root	</parent>
		<transform>
			<row0>	0.0000 0.0000 -1.0000 0.0000	</row0>
			<row1>	0.0000 1.0000 0.0000 0.0000	</row1>
			<row2>	1.0000 0.0000 0.0000 0.0000	</row2>
			<row3>	0.2410 0.5187 -0.2314 1.0000	</row3>
		</transform>
	</node>
	<node>
		<identifier>	MP_CM030_Swab_Rack_2_INDEX_2	</identifier>
		<parent>	Scene Root	</parent>
		<transform>
			<row0>	0.0000 0.0000 1.0000 0.0000	</row0>
			<row1>	0.0000 1.0000 0.0000 0.0000	</row1>
			<row2>	-1.0000 0.0000 0.0000 0.0000	</row2>
			<row3>	-0.2410 0.5187 -0.2314 1.0000	</row3>
		</transform>
	</node>
	<node>
		<identifier>	MP_CM030_Swab_Rack_2_INDEX_3	</identifier>
		<parent>	Scene Root	</parent>
		<transform>
			<row0>	0.0000 0.0000 1.0000 0.0000	</row0>
			<row1>	0.0000 1.0000 0.0000 0.0000	</row1>
			<row2>	-1.0000 0.0000 0.0000 0.0000	</row2>
			<row3>	-0.4916 0.3699 0.3104 1.0000	</row3>
		</transform>
	</node>
	<node>
		<identifier>	MP_CM052_Fender	</identifier>
		<parent>	Scene Root	</parent>
		<transform>
			<row0>	0.0000 0.0000 0.8500 0.0000	</row0>
			<row1>	0.0000 0.8500 0.0000 0.0000	</row1>
			<row2>	-0.8500 0.0000 0.0000 0.0000	</row2>
			<row3>	-0.6462 0.3721 0.6320 1.0000	</row3>
		</transform>
	</node>
	<node>
		<identifier>	MP_CM052_Fender_INDEX_1	</identifier>
		<parent>	Scene Root	</parent>
		<transform>
			<row0>	-0.0398 -0.0084 -0.8490 0.0000	</row0>
			<row1>	0.0132 0.8498 -0.0091 0.0000	</row1>
			<row2>	0.8490 -0.0136 -0.0396 0.0000	</row2>
			<row3>	0.9134 0.1813 -2.7971 1.0000	</row3>
		</transform>
	</node>
	<node>
		<identifier>	MP_CM052_Fender_INDEX_2	</identifier>
		<parent>	Scene Root	</parent>
		<transform>
			<row0>	0.0143 -0.0020 -0.8499 0.0000	</row0>
			<row1>	0.0000 0.8500 -0.0020 0.0000	</row1>
			<row2>	0.8499 0.0000 0.0143 0.0000	</row2>
			<row3>	0.9428 0.2015 -0.1656 1.0000	</row3>
		</transform>
	</node>
	<node>
		<identifier>	MP_CM052_Fender_INDEX_3	</identifier>
		<parent>	Scene Root	</parent>
		<transform>
			<row0>	0.0143 0.0056 0.8499 0.0000	</row0>
			<row1>	-0.0002 0.8500 -0.0056 0.0000	</row1>
			<row2>	-0.8499 -0.0001 0.0143 0.0000	</row2>
			<row3>	-0.9615 0.1914 -1.3805 1.0000	</row3>
		</transform>
	</node>
	<node>
		<identifier>	MP_CM052_Fender_INDEX_4	</identifier>
		<parent>	Scene Root	</parent>
		<transform>
			<row0>	0.0143 0.0020 0.8499 0.0000	</row0>
			<row1>	0.0000 0.8500 -0.0020 0.0000	</row1>
			<row2>	-0.8499 0.0000 0.0143 0.0000	</row2>
			<row3>	-0.9428 0.2015 -0.1656 1.0000	</row3>
		</transform>
	</node>
	<node>
		<identifier>	MP_CM052_Fender_INDEX_5	</identifier>
		<parent>	Scene Root	</parent>
		<transform>
			<row0>	-0.0398 -0.0084 -0.8490 0.0000	</row0>
			<row1>	0.0132 0.8498 -0.0091 0.0000	</row1>
			<row2>	0.8490 -0.0136 -0.0396 0.0000	</row2>
			<row3>	0.9093 0.1808 -2.8578 1.0000	</row3>
		</transform>
	</node>
	<node>
		<identifier>	MP_CM052_Fender_INDEX_6	</identifier>
		<parent>	Scene Root	</parent>
		<transform>
			<row0>	0.0000 0.0000 -0.8500 0.0000	</row0>
			<row1>	0.0000 0.8500 0.0000 0.0000	</row1>
			<row2>	0.8500 0.0000 0.0000 0.0000	</row2>
			<row3>	0.6462 0.3721 0.6320 1.0000	</row3>
		</transform>
	</node>
	<node>
		<identifier>	MP_CM052_Fender_INDEX_7	</identifier>
		<parent>	Scene Root	</parent>
		<transform>
			<row0>	0.0143 -0.0056 -0.8499 0.0000	</row0>
			<row1>	0.0002 0.8500 -0.0056 0.0000	</row1>
			<row2>	0.8499 -0.0001 0.0143 0.0000	</row2>
			<row3>	0.9607 0.1910 -1.4400 1.0000	</row3>
		</transform>
	</node>
	<node>
		<identifier>	MP_CM052_Fender_INDEX_8	</identifier>
		<parent>	Scene Root	</parent>
		<transform>
			<row0>	0.0143 0.0056 0.8499 0.0000	</row0>
			<row1>	-0.0002 0.8500 -0.0056 0.0000	</row1>
			<row2>	-0.8499 -0.0001 0.0143 0.0000	</row2>
			<row3>	-0.9607 0.1910 -1.4400 1.0000	</row3>
		</transform>
	</node>
	<node>
		<identifier>	MP_CM052_Fender_INDEX_9	</identifier>
		<parent>	Scene Root	</parent>
		<transform>
			<row0>	0.0143 -0.0056 -0.8499 0.0000	</row0>
			<row1>	0.0002 0.8500 -0.0056 0.0000	</row1>
			<row2>	0.8499 -0.0001 0.0143 0.0000	</row2>
			<row3>	0.9615 0.1914 -1.3805 1.0000	</row3>
		</transform>
	</node>
	<node>
		<identifier>	MP_CM056_Ships_bell	</identifier>
		<parent>	Scene Root	</parent>
		<transform>
			<row0>	1.0000 0.0000 0.0000 0.0000	</row0>
			<row1>	0.0000 1.0000 0.0000 0.0000	</row1>
			<row2>	0.0000 0.0000 1.0000 0.0000	</row2>
			<row3>	0.0000 0.9792 0.6865 1.0000	</row3>
		</transform>
	</node>
	<node>
		<identifier>	MP_CM082_Rope	</identifier>
		<parent>	Scene Root	</parent>
		<transform>
			<row0>	0.0659 0.0000 0.5371 0.0000	</row0>
			<row1>	0.0000 0.5411 0.0000 0.0000	</row1>
			<row2>	-0.5371 0.0000 0.0659 0.0000	</row2>
			<row3>	0.0699 0.9003 0.4280 1.0000	</row3>
		</transform>
	</node>
	<node>
		<identifier>	MP_CM082_Rope_INDEX_1	</identifier>
		<parent>	Scene Root	</parent>
		<transform>
			<row0>	0.0659 0.0000 0.5371 0.0000	</row0>
			<row1>	0.0000 0.5411 0.0000 0.0000	</row1>
			<row2>	-0.5371 0.0000 0.0659 0.0000	</row2>
			<row3>	0.0861 0.9003 0.4280 1.0000	</row3>
		</transform>
	</node>
	<node>
		<identifier>	MP_CM082_Rope_INDEX_10	</identifier>
		<parent>	Scene Root	</parent>
		<transform>
			<row0>	-0.0447 0.0000 -0.5392 0.0000	</row0>
			<row1>	0.0000 0.5411 0.0000 0.0000	</row1>
			<row2>	0.5392 0.0000 -0.0447 0.0000	</row2>
			<row3>	-0.0846 0.8031 -0.6166 1.0000	</row3>
		</transform>
	</node>
	<node>
		<identifier>	MP_CM082_Rope_INDEX_11	</identifier>
		<parent>	Scene Root	</parent>
		<transform>
			<row0>	0.0659 0.0000 0.5371 0.0000	</row0>
			<row1>	0.0000 0.5411 0.0000 0.0000	</row1>
			<row2>	-0.5371 0.0000 0.0659 0.0000	</row2>
			<row3>	0.0559 0.9003 0.4280 1.0000	</row3>
		</transform>
	</node>
	<node>
		<identifier>	MP_CM082_Rope_INDEX_12	</identifier>
		<parent>	Scene Root	</parent>
		<transform>
			<row0>	-0.0360 0.0000 -0.5399 0.0000	</row0>
			<row1>	0.0000 0.5411 0.0000 0.0000	</row1>
			<row2>	0.5399 0.0000 -0.0360 0.0000	</row2>
			<row3>	-0.0699 0.9003 0.4281 1.0000	</row3>
		</transform>
	</node>
	<node>
		<identifier>	MP_CM082_Rope_INDEX_13	</identifier>
		<parent>	Scene Root	</parent>
		<transform>
			<row0>	0.0439 0.0000 0.5393 0.0000	</row0>
			<row1>	0.0000 0.5411 0.0000 0.0000	</row1>
			<row2>	-0.5393 0.0000 0.0439 0.0000	</row2>
			<row3>	0.0359 0.8031 -0.6166 1.0000	</row3>
		</transform>
	</node>
	<node>
		<identifier>	MP_CM082_Rope_INDEX_14	</identifier>
		<parent>	Scene Root	</parent>
		<transform>
			<row0>	0.0439 0.0000 0.5393 0.0000	</row0>
			<row1>	0.0000 0.5411 0.0000 0.0000	</row1>
			<row2>	-0.5393 0.0000 0.0439 0.0000	</row2>
			<row3>	0.0846 0.8031 -0.6166 1.0000	</row3>
		</transform>
	</node>
	<node>
		<identifier>	MP_CM082_Rope_INDEX_15	</identifier>
		<parent>	Scene Root	</parent>
		<transform>
			<row0>	-0.0447 0.0000 -0.5392 0.0000	</row0>
			<row1>	0.0000 0.5411 0.0000 0.0000	</row1>
			<row2>	0.5392 0.0000 -0.0447 0.0000	</row2>
			<row3>	-0.0683 0.8031 -0.6166 1.0000	</row3>
		</transform>
	</node>
	<node>
		<identifier>	MP_CM082_Rope_INDEX_2	</identifier>
		<parent>	Scene Root	</parent>
		<transform>
			<row0>	-0.0447 0.0000 -0.5392 0.0000	</row0>
			<row1>	0.0000 0.5411 0.0000 0.0000	</row1>
			<row2>	0.5392 0.0000 -0.0447 0.0000	</row2>
			<row3>	-0.0522 0.8031 -0.6166 1.0000	</row3>
		</transform>
	</node>
	<node>
		<identifier>	MP_CM082_Rope_INDEX_3	</identifier>
		<parent>	Scene Root	</parent>
		<transform>
			<row0>	0.0439 0.0000 0.5393 0.0000	</row0>
			<row1>	0.0000 0.5411 0.0000 0.0000	</row1>
			<row2>	-0.5393 0.0000 0.0439 0.0000	</row2>
			<row3>	0.0522 0.8031 -0.6166 1.0000	</row3>
		</transform>
	</node>
	<node>
		<identifier>	MP_CM082_Rope_INDEX_4	</identifier>
		<parent>	Scene Root	</parent>
		<transform>
			<row0>	-0.0360 0.0000 -0.5399 0.0000	</row0>
			<row1>	0.0000 0.5411 0.0000 0.0000	</row1>
			<row2>	0.5399 0.0000 -0.0360 0.0000	</row2>
			<row3>	-0.1039 0.9003 0.4281 1.0000	</row3>
		</transform>
	</node>
	<node>
		<identifier>	MP_CM082_Rope_INDEX_5	</identifier>
		<parent>	Scene Root	</parent>
		<transform>
			<row0>	0.0659 0.0000 0.5371 0.0000	</row0>
			<row1>	0.0000 0.5411 0.0000 0.0000	</row1>
			<row2>	-0.5371 0.0000 0.0659 0.0000	</row2>
			<row3>	0.1039 0.9003 0.4280 1.0000	</row3>
		</transform>
	</node>
	<node>
		<identifier>	MP_CM082_Rope_INDEX_6	</identifier>
		<parent>	Scene Root	</parent>
		<transform>
			<row0>	0.0512 0.0000 0.5387 0.0000	</row0>
			<row1>	0.0000 0.5411 0.0000 0.0000	</row1>
			<row2>	-0.5387 0.0000 0.0512 0.0000	</row2>
			<row3>	0.0000 0.8056 -1.0010 1.0000	</row3>
		</transform>
	</node>
	<node>
		<identifier>	MP_CM082_Rope_INDEX_7	</identifier>
		<parent>	Scene Root	</parent>
		<transform>
			<row0>	0.0439 0.0000 0.5393 0.0000	</row0>
			<row1>	0.0000 0.5411 0.0000 0.0000	</row1>
			<row2>	-0.5393 0.0000 0.0439 0.0000	</row2>
			<row3>	0.0683 0.8031 -0.6166 1.0000	</row3>
		</transform>
	</node>
	<node>
		<identifier>	MP_CM082_Rope_INDEX_8	</identifier>
		<parent>	Scene Root	</parent>
		<transform>
			<row0>	-0.0360 0.0000 -0.5399 0.0000	</row0>
			<row1>	0.0000 0.5411 0.0000 0.0000	</row1>
			<row2>	0.5399 0.0000 -0.0360 0.0000	</row2>
			<row3>	-0.0861 0.9003 0.4281 1.0000	</row3>
		</transform>
	</node>
	<node>
		<identifier>	MP_CM082_Rope_INDEX_9	</identifier>
		<parent>	Scene Root	</parent>
		<transform>
			<row0>	-0.0447 0.0000 -0.5392 0.0000	</row0>
			<row1>	0.0000 0.5411 0.0000 0.0000	</row1>
			<row2>	0.5392 0.0000 -0.0447 0.0000	</row2>
			<row3>	-0.0359 0.8031 -0.6166 1.0000	</row3>
		</transform>
	</node>
	<node>
		<identifier>	MP_CM112_Fire_Extinguisher	</identifier>
		<parent>	Scene Root	</parent>
		<transform>
			<row0>	-0.6654 0.0000 -0.7465 0.0000	</row0>
			<row1>	0.0000 1.0000 0.0000 0.0000	</row1>
			<row2>	0.7465 0.0000 -0.6654 0.0000	</row2>
			<row3>	0.1010 1.3116 1.0690 1.0000	</row3>
		</transform>
	</node>
	<node>
		<identifier>	MP_CM112_Fire_Extinguisher_INDEX_1	</identifier>
		<parent>	Scene Root	</parent>
		<transform>
			<row0>	-1.0000 0.0000 0.0000 0.0000	</row0>
			<row1>	0.0000 1.0000 0.0000 0.0000	</row1>
			<row2>	0.0000 0.0000 -1.0000 0.0000	</row2>
			<row3>	0.1021 1.9634 0.7065 1.0000	</row3>
		</transform>
	</node>
	<node>
		<identifier>	MP_CM112_Fire_Extinguisher_INDEX_2	</identifier>
		<parent>	Scene Root	</parent>
		<transform>
			<row0>	1.0000 0.0000 0.0000 0.0000	</row0>
			<row1>	0.0000 1.0000 0.0000 0.0000	</row1>
			<row2>	0.0000 0.0000 1.0000 0.0000	</row2>
			<row3>	-0.1021 1.9634 0.7308 1.0000	</row3>
		</transform>
	</node>
	<node>
		<identifier>	MP_CM112_Fire_Extinguisher_INDEX_3	</identifier>
		<parent>	Scene Root	</parent>
		<transform>
			<row0>	-1.0000 0.0000 0.0000 0.0000	</row0>
			<row1>	0.0000 1.0000 0.0000 0.0000	</row1>
			<row2>	0.0000 0.0000 -1.0000 0.0000	</row2>
			<row3>	0.1021 1.9634 0.7244 1.0000	</row3>
		</transform>
	</node>
	<node>
		<identifier>	MP_CM112_Fire_Extinguisher_INDEX_4	</identifier>
		<parent>	Scene Root	</parent>
		<transform>
			<row0>	1.0000 0.0000 0.0000 0.0000	</row0>
			<row1>	0.0000 1.0000 0.0000 0.0000	</row1>
			<row2>	0.0000 0.0000 1.0000 0.0000	</row2>
			<row3>	-0.1021 1.9634 0.7130 1.0000	</row3>
		</transform>
	</node>
	<node>
		<identifier>	MP_CM112_Fire_Extinguisher_INDEX_5	</identifier>
		<parent>	Scene Root	</parent>
		<transform>
			<row0>	-0.6654 0.0000 0.7465 0.0000	</row0>
			<row1>	0.0000 1.0000 0.0000 0.0000	</row1>
			<row2>	-0.7465 0.0000 -0.6654 0.0000	</row2>
			<row3>	-0.1011 1.3116 1.0691 1.0000	</row3>
		</transform>
	</node>
	<node>
		<identifier>	MP_CM112_Fire_Extinguisher_INDEX_6	</identifier>
		<parent>	Scene Root	</parent>
		<transform>
			<row0>	-0.9647 0.0000 0.2632 0.0000	</row0>
			<row1>	0.0000 1.0000 0.0000 0.0000	</row1>
			<row2>	-0.2632 0.0000 -0.9647 0.0000	</row2>
			<row3>	-0.1039 0.7788 -1.4006 1.0000	</row3>
		</transform>
	</node>
	<node>
		<identifier>	MP_CM112_Fire_Extinguisher_INDEX_7	</identifier>
		<parent>	Scene Root	</parent>
		<transform>
			<row0>	-0.9647 0.0000 -0.2632 0.0000	</row0>
			<row1>	0.0000 1.0000 0.0000 0.0000	</row1>
			<row2>	0.2632 0.0000 -0.9647 0.0000	</row2>
			<row3>	0.1039 0.7788 -1.4006 1.0000	</row3>
		</transform>
	</node>
	<node>
		<identifier>	MP_CM126_Cleat	</identifier>
		<parent>	Scene Root	</parent>
		<transform>
			<row0>	1.0000 0.0000 0.0000 0.0000	</row0>
			<row1>	0.0000 0.0000 -1.0000 0.0000	</row1>
			<row2>	0.0000 1.0000 0.0000 0.0000	</row2>
			<row3>	0.0000 1.3383 0.4572 1.0000	</row3>
		</transform>
	</node>
	<node>
		<identifier>	MP_GM001_Paravane	</identifier>
		<parent>	Scene Root	</parent>
		<transform>
			<row0>	0.0000 -1.0000 0.0000 0.0000	</row0>
			<row1>	1.0000 0.0000 0.0000 0.0000	</row1>
			<row2>	0.0000 0.0000 1.0000 0.0000	</row2>
			<row3>	-0.5855 0.4236 -0.5999 1.0000	</row3>
		</transform>
	</node>
	<node>
		<identifier>	MP_GM001_Paravane_INDEX_1	</identifier>
		<parent>	Scene Root	</parent>
		<transform>
			<row0>	0.0000 -1.0000 0.0000 0.0000	</row0>
			<row1>	1.0000 0.0000 0.0000 0.0000	</row1>
			<row2>	0.0000 0.0000 1.0000 0.0000	</row2>
			<row3>	-0.6498 0.4422 1.2638 1.0000	</row3>
		</transform>
	</node>
	<node>
		<identifier>	MP_GM001_Paravane_INDEX_2	</identifier>
		<parent>	Scene Root	</parent>
		<transform>
			<row0>	0.0000 1.0000 0.0000 0.0000	</row0>
			<row1>	-1.0000 0.0000 0.0000 0.0000	</row1>
			<row2>	0.0000 0.0000 1.0000 0.0000	</row2>
			<row3>	0.6498 0.4422 1.2638 1.0000	</row3>
		</transform>
	</node>
	<node>
		<identifier>	MP_GM001_Paravane_INDEX_3	</identifier>
		<parent>	Scene Root	</parent>
		<transform>
			<row0>	0.0000 1.0000 0.0000 0.0000	</row0>
			<row1>	-1.0000 0.0000 0.0000 0.0000	</row1>
			<row2>	0.0000 0.0000 1.0000 0.0000	</row2>
			<row3>	0.5855 0.4236 -0.5999 1.0000	</row3>
		</transform>
	</node>
	<node>
		<identifier>	MP_GM002_Fog_Horn	</identifier>
		<parent>	Scene Root	</parent>
		<transform>
			<row0>	1.0000 0.0000 0.0000 0.0000	</row0>
			<row1>	0.0000 1.0000 0.0000 0.0000	</row1>
			<row2>	0.0000 0.0000 1.0000 0.0000	</row2>
			<row3>	-0.1407 1.4616 1.0511 1.0000	</row3>
		</transform>
	</node>
	<node>
		<identifier>	MP_GM003_Reels_1	</identifier>
		<parent>	Scene Root	</parent>
		<transform>
			<row0>	0.0000 0.0000 1.4147 0.0000	</row0>
			<row1>	0.0000 1.4147 0.0000 0.0000	</row1>
			<row2>	-1.4147 0.0000 0.0000 0.0000	</row2>
			<row3>	0.4856 0.5199 -0.1075 1.0000	</row3>
		</transform>
	</node>
	<node>
		<identifier>	MP_GM003_Reels_1_INDEX_1	</identifier>
		<parent>	Scene Root	</parent>
		<transform>
			<row0>	0.0000 0.0000 -1.4147 0.0000	</row0>
			<row1>	0.0000 1.4147 0.0000 0.0000	</row1>
			<row2>	1.4147 0.0000 0.0000 0.0000	</row2>
			<row3>	-0.5685 0.5296 1.5595 1.0000	</row3>
		</transform>
	</node>
	<node>
		<identifier>	MP_GM003_Reels_1_INDEX_2	</identifier>
		<parent>	Scene Root	</parent>
		<transform>
			<row0>	0.0000 0.0000 1.4147 0.0000	</row0>
			<row1>	0.0000 1.4147 0.0000 0.0000	</row1>
			<row2>	-1.4147 0.0000 0.0000 0.0000	</row2>
			<row3>	0.5685 0.5296 1.5595 1.0000	</row3>
		</transform>
	</node>
	<node>
		<identifier>	MP_GM003_Reels_1_INDEX_3	</identifier>
		<parent>	Scene Root	</parent>
		<transform>
			<row0>	0.0000 0.0000 -1.4147 0.0000	</row0>
			<row1>	0.0000 1.4147 0.0000 0.0000	</row1>
			<row2>	1.4147 0.0000 0.0000 0.0000	</row2>
			<row3>	-0.4856 0.5199 -0.1075 1.0000	</row3>
		</transform>
	</node>
	<node>
		<identifier>	MP_GM003_Reels_1_INDEX_4	</identifier>
		<parent>	Scene Root	</parent>
		<transform>
			<row0>	0.6078 0.0000 -1.2775 0.0000	</row0>
			<row1>	0.0000 1.4147 0.0000 0.0000	</row1>
			<row2>	1.2775 0.0000 0.6078 0.0000	</row2>
			<row3>	-0.1632 0.5052 -1.6205 1.0000	</row3>
		</transform>
	</node>
	<node>
		<identifier>	MP_GM003_Reels_1_INDEX_5	</identifier>
		<parent>	Scene Root	</parent>
		<transform>
			<row0>	1.0236 0.0000 0.9765 0.0000	</row0>
			<row1>	0.0000 1.4147 0.0000 0.0000	</row1>
			<row2>	-0.9765 0.0000 1.0236 0.0000	</row2>
			<row3>	0.4299 0.3515 -1.6395 1.0000	</row3>
		</transform>
	</node>
	<node>
		<identifier>	MP_GM003_Reels_1_INDEX_6	</identifier>
		<parent>	Scene Root	</parent>
		<transform>
			<row0>	0.6078 0.0000 1.2775 0.0000	</row0>
			<row1>	0.0000 1.4147 0.0000 0.0000	</row1>
			<row2>	-1.2775 0.0000 0.6078 0.0000	</row2>
			<row3>	0.1632 0.5052 -1.6205 1.0000	</row3>
		</transform>
	</node>
	<node>
		<identifier>	MP_GM003_Reels_1_INDEX_7	</identifier>
		<parent>	Scene Root	</parent>
		<transform>
			<row0>	1.0236 0.0000 -0.9765 0.0000	</row0>
			<row1>	0.0000 1.4147 0.0000 0.0000	</row1>
			<row2>	0.9765 0.0000 1.0236 0.0000	</row2>
			<row3>	-0.4299 0.3515 -1.6395 1.0000	</row3>
		</transform>
	</node>
	<node>
		<identifier>	MP_GM006_Reels_4	</identifier>
		<parent>	Scene Root	</parent>
		<transform>
			<row0>	1.0000 0.0000 0.0000 0.0000	</row0>
			<row1>	0.0000 1.0000 0.0000 0.0000	</row1>
			<row2>	0.0000 0.0000 1.0000 0.0000	</row2>
			<row3>	-0.4905 0.3456 -2.2028 1.0000	</row3>
		</transform>
	</node>
	<node>
		<identifier>	MP_GM006_Reels_4_INDEX_1	</identifier>
		<parent>	Scene Root	</parent>
		<transform>
			<row0>	1.0000 0.0000 0.0000 0.0000	</row0>
			<row1>	0.0000 1.0000 0.0000 0.0000	</row1>
			<row2>	0.0000 0.0000 1.0000 0.0000	</row2>
			<row3>	0.4905 0.3456 -2.2028 1.0000	</row3>
		</transform>
	</node>
	<node>
		<identifier>	MP_GM007_LifeBuoy	</identifier>
		<parent>	Scene Root	</parent>
		<transform>
			<row0>	-0.9996 0.0000 -0.0267 0.0000	</row0>
			<row1>	0.0000 1.0000 0.0000 0.0000	</row1>
			<row2>	0.0267 0.0000 -0.9996 0.0000	</row2>
			<row3>	-0.9157 0.3795 -2.2490 1.0000	</row3>
		</transform>
	</node>
	<node>
		<identifier>	MP_GM007_LifeBuoy_INDEX_1	</identifier>
		<parent>	Scene Root	</parent>
		<transform>
			<row0>	-0.9996 0.0000 0.0267 0.0000	</row0>
			<row1>	0.0000 1.0000 0.0000 0.0000	</row1>
			<row2>	-0.0267 0.0000 -0.9996 0.0000	</row2>
			<row3>	0.9157 0.3795 -2.2490 1.0000	</row3>
		</transform>
	</node>
	<node>
		<identifier>	MP_GM008_Loudspeaker	</identifier>
		<parent>	Scene Root	</parent>
		<transform>
			<row0>	0.8603 0.0000 0.5097 0.0000	</row0>
			<row1>	0.0000 1.0000 0.0000 0.0000	</row1>
			<row2>	-0.5097 0.0000 0.8603 0.0000	</row2>
			<row3>	0.2025 0.6885 1.8711 1.0000	</row3>
		</transform>
	</node>
	<node>
		<identifier>	MP_GM008_Loudspeaker_INDEX_1	</identifier>
		<parent>	Scene Root	</parent>
		<transform>
			<row0>	-1.0000 0.0000 0.0000 0.0000	</row0>
			<row1>	0.0000 1.0000 0.0000 0.0000	</row1>
			<row2>	0.0000 0.0000 -1.0000 0.0000	</row2>
			<row3>	-0.4919 0.4761 0.1870 1.0000	</row3>
		</transform>
	</node>
	<node>
		<identifier>	MP_GM008_Loudspeaker_INDEX_2	</identifier>
		<parent>	Scene Root	</parent>
		<transform>
			<row0>	-0.8716 0.0000 0.4902 0.0000	</row0>
			<row1>	0.0000 1.0000 0.0000 0.0000	</row1>
			<row2>	-0.4902 0.0000 -0.8716 0.0000	</row2>
			<row3>	-0.2020 0.6885 1.8708 1.0000	</row3>
		</transform>
	</node>
	<node>
		<identifier>	MP_GM008_Loudspeaker_INDEX_3	</identifier>
		<parent>	Scene Root	</parent>
		<transform>
			<row0>	1.0000 0.0000 0.0000 0.0000	</row0>
			<row1>	0.0000 1.0000 0.0000 0.0000	</row1>
			<row2>	0.0000 0.0000 1.0000 0.0000	</row2>
			<row3>	0.4919 0.4761 0.1870 1.0000	</row3>
		</transform>
	</node>
	<node>
		<identifier>	MP_GM008_Loudspeaker_INDEX_4	</identifier>
		<parent>	Scene Root	</parent>
		<transform>
			<row0>	-1.0000 0.0000 0.0000 0.0000	</row0>
			<row1>	0.0000 1.0000 0.0000 0.0000	</row1>
			<row2>	0.0000 0.0000 -1.0000 0.0000	</row2>
			<row3>	-0.3245 0.6142 -1.2059 1.0000	</row3>
		</transform>
	</node>
	<node>
		<identifier>	MP_GM008_Loudspeaker_INDEX_5	</identifier>
		<parent>	Scene Root	</parent>
		<transform>
			<row0>	1.0000 0.0000 0.0000 0.0000	</row0>
			<row1>	0.0000 1.0000 0.0000 0.0000	</row1>
			<row2>	0.0000 0.0000 1.0000 0.0000	</row2>
			<row3>	0.3245 0.6142 -1.2059 1.0000	</row3>
		</transform>
	</node>
	<node>
		<identifier>	MP_GM009_Siren	</identifier>
		<parent>	Scene Root	</parent>
		<transform>
			<row0>	0.0000 0.0000 -1.0000 0.0000	</row0>
			<row1>	0.0000 1.0000 0.0000 0.0000	</row1>
			<row2>	1.0000 0.0000 0.0000 0.0000	</row2>
			<row3>	-0.0154 1.2779 -0.5487 1.0000	</row3>
		</transform>
	</node>
	<node>
		<identifier>	MP_GM009_Siren_INDEX_1	</identifier>
		<parent>	Scene Root	</parent>
		<transform>
			<row0>	-0.8192 0.0000 0.5736 0.0000	</row0>
			<row1>	0.0000 1.0000 0.0000 0.0000	</row1>
			<row2>	-0.5736 0.0000 -0.8192 0.0000	</row2>
			<row3>	-0.0756 1.2779 0.2682 1.0000	</row3>
		</transform>
	</node>
	<node>
		<identifier>	MP_GM011_Pelorus	</identifier>
		<parent>	Scene Root	</parent>
		<transform>
			<row0>	-0.7638 0.0000 0.6454 0.0000	</row0>
			<row1>	0.0000 1.0000 0.0000 0.0000	</row1>
			<row2>	-0.6454 0.0000 -0.7638 0.0000	</row2>
			<row3>	0.2159 1.2791 0.6675 1.0000	</row3>
		</transform>
	</node>
	<node>
		<identifier>	MP_GM011_Pelorus_INDEX_1	</identifier>
		<parent>	Scene Root	</parent>
		<transform>
			<row0>	0.8704 0.0000 -0.4924 0.0000	</row0>
			<row1>	0.0000 1.0000 0.0000 0.0000	</row1>
			<row2>	0.4924 0.0000 0.8704 0.0000	</row2>
			<row3>	0.4769 0.8395 0.9207 1.0000	</row3>
		</transform>
	</node>
	<node>
		<identifier>	MP_GM011_Pelorus_INDEX_2	</identifier>
		<parent>	Scene Root	</parent>
		<transform>
			<row0>	0.7608 0.0000 0.6490 0.0000	</row0>
			<row1>	0.0000 1.0000 0.0000 0.0000	</row1>
			<row2>	-0.6490 0.0000 0.7608 0.0000	</row2>
			<row3>	-0.2159 1.2791 0.6675 1.0000	</row3>
		</transform>
	</node>
	<node>
		<identifier>	MP_GM011_Pelorus_INDEX_3	</identifier>
		<parent>	Scene Root	</parent>
		<transform>
			<row0>	0.8704 0.0000 0.4924 0.0000	</row0>
			<row1>	0.0000 1.0000 0.0000 0.0000	</row1>
			<row2>	-0.4924 0.0000 0.8704 0.0000	</row2>
			<row3>	-0.4769 0.8395 0.9207 1.0000	</row3>
		</transform>
	</node>
	<node>
		<identifier>	MP_GM016_Sleeve	</identifier>
		<parent>	Scene Root	</parent>
		<transform>
			<row0>	0.0000 0.0000 -1.0000 0.0000	</row0>
			<row1>	0.0000 1.0000 0.0000 0.0000	</row1>
			<row2>	1.0000 0.0000 0.0000 0.0000	</row2>
			<row3>	0.3249 0.5681 -1.1730 1.0000	</row3>
		</transform>
	</node>
	<node>
		<identifier>	MP_GM016_Sleeve_INDEX_1	</identifier>
		<parent>	Scene Root	</parent>
		<transform>
			<row0>	0.0000 0.0000 -1.0000 0.0000	</row0>
			<row1>	0.0000 1.0000 0.0000 0.0000	</row1>
			<row2>	1.0000 0.0000 0.0000 0.0000	</row2>
			<row3>	0.3881 0.5820 1.5225 1.0000	</row3>
		</transform>
	</node>
	<node>
		<identifier>	MP_GM016_Sleeve_INDEX_2	</identifier>
		<parent>	Scene Root	</parent>
		<transform>
			<row0>	-0.0009 0.0000 1.0000 0.0000	</row0>
			<row1>	0.0000 1.0000 0.0000 0.0000	</row1>
			<row2>	-1.0000 0.0000 -0.0009 0.0000	</row2>
			<row3>	-0.6190 0.4206 1.0999 1.0000	</row3>
		</transform>
	</node>
	<node>
		<identifier>	MP_GM016_Sleeve_INDEX_3	</identifier>
		<parent>	Scene Root	</parent>
		<transform>
			<row0>	0.0000 0.0000 -1.0000 0.0000	</row0>
			<row1>	0.0000 1.0000 0.0000 0.0000	</row1>
			<row2>	1.0000 0.0000 0.0000 0.0000	</row2>
			<row3>	0.4935 0.4082 -1.0003 1.0000	</row3>
		</transform>
	</node>
	<node>
		<identifier>	MP_GM016_Sleeve_INDEX_4	</identifier>
		<parent>	Scene Root	</parent>
		<transform>
			<row0>	0.0000 0.0000 1.0000 0.0000	</row0>
			<row1>	0.0000 1.0000 0.0000 0.0000	</row1>
			<row2>	-1.0000 0.0000 0.0000 0.0000	</row2>
			<row3>	-0.3249 0.5681 -1.1730 1.0000	</row3>
		</transform>
	</node>
	<node>
		<identifier>	MP_GM016_Sleeve_INDEX_5	</identifier>
		<parent>	Scene Root	</parent>
		<transform>
			<row0>	-0.4537 0.0000 0.8912 0.0000	</row0>
			<row1>	0.0000 1.0000 0.0000 0.0000	</row1>
			<row2>	-0.8912 0.0000 -0.4537 0.0000	</row2>
			<row3>	-0.1590 0.8915 1.3691 1.0000	</row3>
		</transform>
	</node>
	<node>
		<identifier>	MP_GM016_Sleeve_INDEX_6	</identifier>
		<parent>	Scene Root	</parent>
		<transform>
			<row0>	0.0000 0.0000 1.0000 0.0000	</row0>
			<row1>	0.0000 1.0000 0.0000 0.0000	</row1>
			<row2>	-1.0000 0.0000 0.0000 0.0000	</row2>
			<row3>	-0.3881 0.5820 1.5225 1.0000	</row3>
		</transform>
	</node>
	<node>
		<identifier>	MP_GM016_Sleeve_INDEX_7	</identifier>
		<parent>	Scene Root	</parent>
		<transform>
			<row0>	0.0000 0.0000 1.0000 0.0000	</row0>
			<row1>	0.0000 1.0000 0.0000 0.0000	</row1>
			<row2>	-1.0000 0.0000 0.0000 0.0000	</row2>
			<row3>	-0.4935 0.4082 -1.0003 1.0000	</row3>
		</transform>
	</node>
	<node>
		<identifier>	MP_GM016_Sleeve_INDEX_8	</identifier>
		<parent>	Scene Root	</parent>
		<transform>
			<row0>	-0.4537 0.0000 -0.8912 0.0000	</row0>
			<row1>	0.0000 1.0000 0.0000 0.0000	</row1>
			<row2>	0.8912 0.0000 -0.4537 0.0000	</row2>
			<row3>	0.1590 0.8915 1.3691 1.0000	</row3>
		</transform>
	</node>
	<node>
		<identifier>	MP_GM016_Sleeve_INDEX_9	</identifier>
		<parent>	Scene Root	</parent>
		<transform>
			<row0>	-0.0009 0.0000 -1.0000 0.0000	</row0>
			<row1>	0.0000 1.0000 0.0000 0.0000	</row1>
			<row2>	1.0000 0.0000 -0.0009 0.0000	</row2>
			<row3>	0.6190 0.4206 1.0999 1.0000	</row3>
		</transform>
	</node>
	<node>
		<identifier>	MP_GM018_Siren	</identifier>
		<parent>	Scene Root	</parent>
		<transform>
			<row0>	-0.5064 0.0000 0.8623 0.0000	</row0>
			<row1>	0.0000 1.0000 0.0000 0.0000	</row1>
			<row2>	-0.8623 0.0000 -0.5064 0.0000	</row2>
			<row3>	0.2008 0.9078 1.8671 1.0000	</row3>
		</transform>
	</node>
	<node>
		<identifier>	MP_GM018_Siren_INDEX_1	</identifier>
		<parent>	Scene Root	</parent>
		<transform>
			<row0>	0.2962 0.0000 0.9551 0.0000	</row0>
			<row1>	0.0000 1.0000 0.0000 0.0000	</row1>
			<row2>	-0.9551 0.0000 0.2962 0.0000	</row2>
			<row3>	-0.1418 2.0326 0.9271 1.0000	</row3>
		</transform>
	</node>
	<node>
		<identifier>	MP_GM018_Siren_INDEX_2	</identifier>
		<parent>	Scene Root	</parent>
		<transform>
			<row0>	-0.4393 0.0000 0.8983 0.0000	</row0>
			<row1>	0.0000 1.0000 0.0000 0.0000	</row1>
			<row2>	-0.8983 0.0000 -0.4393 0.0000	</row2>
			<row3>	-0.1601 0.6538 -1.5499 1.0000	</row3>
		</transform>
	</node>
	<node>
		<identifier>	MP_GM018_Siren_INDEX_3	</identifier>
		<parent>	Scene Root	</parent>
		<transform>
			<row0>	-0.5064 0.0000 -0.8623 0.0000	</row0>
			<row1>	0.0000 1.0000 0.0000 0.0000	</row1>
			<row2>	0.8623 0.0000 -0.5064 0.0000	</row2>
			<row3>	-0.2008 0.9078 1.8671 1.0000	</row3>
		</transform>
	</node>
	<node>
		<identifier>	MP_GM018_Siren_INDEX_4	</identifier>
		<parent>	Scene Root	</parent>
		<transform>
			<row0>	-0.4393 0.0000 -0.8983 0.0000	</row0>
			<row1>	0.0000 1.0000 0.0000 0.0000	</row1>
			<row2>	0.8983 0.0000 -0.4393 0.0000	</row2>
			<row3>	0.1601 0.6538 -1.5499 1.0000	</row3>
		</transform>
	</node>
	<node>
		<identifier>	MP_GM018_Siren_INDEX_5	</identifier>
		<parent>	Scene Root	</parent>
		<transform>
			<row0>	0.2962 0.0000 -0.9551 0.0000	</row0>
			<row1>	0.0000 1.0000 0.0000 0.0000	</row1>
			<row2>	0.9551 0.0000 0.2962 0.0000	</row2>
			<row3>	0.1418 2.0326 0.9271 1.0000	</row3>
		</transform>
	</node>
	<node>
		<identifier>	MP_GM022_Freon_Cylinder_acetylene	</identifier>
		<parent>	Scene Root	</parent>
		<transform>
			<row0>	0.0000 0.0000 1.0000 0.0000	</row0>
			<row1>	0.0000 1.0000 0.0000 0.0000	</row1>
			<row2>	-1.0000 0.0000 0.0000 0.0000	</row2>
			<row3>	-0.6273 0.3776 1.7102 1.0000	</row3>
		</transform>
	</node>
	<node>
		<identifier>	MP_GM022_Freon_Cylinder_acetylene_INDEX_1	</identifier>
		<parent>	Scene Root	</parent>
		<transform>
			<row0>	0.0000 0.0000 -1.0000 0.0000	</row0>
			<row1>	0.0000 1.0000 0.0000 0.0000	</row1>
