<JSS302_I_56_44_1944_MidFront_ep.skel_ext>
	<exported>	false	</exported>
	<node>
		<identifier>	EP_Death_1	</identifier>
		<parent>	Scene Root	</parent>
		<transform>
			<row0>	1.0000 0.0000 0.0000 0.0000	</row0>
			<row1>	0.0000 1.0000 0.0000 0.0000	</row1>
			<row2>	0.0000 0.0000 1.0000 0.0000	</row2>
			<row3>	0.0000 0.0000 1.6001 1.0000	</row3>
		</transform>
	</node>
	<node>
		<identifier>	EP_Descent	</identifier>
		<parent>	Scene Root	</parent>
		<transform>
			<row0>	-0.5788 -0.8155 0.0000 0.0000	</row0>
			<row1>	0.8155 -0.5788 0.0000 0.0000	</row1>
			<row2>	0.0000 0.0000 1.0000 0.0000	</row2>
			<row3>	0.1501 -0.2559 1.6110 1.0000	</row3>
		</transform>
	</node>
	<node>
		<identifier>	EP_FloodLight_left_1	</identifier>
		<parent>	Scene Root	</parent>
		<transform>
			<row0>	-1.0000 0.0000 0.0000 0.0000	</row0>
			<row1>	0.0000 1.0000 0.0000 0.0000	</row1>
			<row2>	0.0000 0.0000 -1.0000 0.0000	</row2>
			<row3>	-0.0880 0.4008 0.1669 1.0000	</row3>
		</transform>
	</node>
	<node>
		<identifier>	EP_FloodLight_right_1	</identifier>
		<parent>	Scene Root	</parent>
		<transform>
			<row0>	1.0000 0.0000 0.0000 0.0000	</row0>
			<row1>	0.0000 1.0000 0.0000 0.0000	</row1>
			<row2>	0.0000 0.0000 1.0000 0.0000	</row2>
			<row3>	0.0860 0.4008 0.1839 1.0000	</row3>
		</transform>
	</node>
	<node>
		<identifier>	EP_Runoff_deluge_left_1	</identifier>
		<parent>	Scene Root	</parent>
		<transform>
			<row0>	-0.9975 0.0018 0.0701 0.0000	</row0>
			<row1>	0.0000 0.9997 -0.0262 0.0000	</row1>
			<row2>	-0.0701 -0.0262 -0.9972 0.0000	</row2>
			<row3>	-0.1598 0.0831 2.0462 1.0000	</row3>
		</transform>
	</node>
	<node>
		<identifier>	EP_Runoff_deluge_left_2	</identifier>
		<parent>	Scene Root	</parent>
		<transform>
			<row0>	-0.9975 0.0018 0.0701 0.0000	</row0>
			<row1>	0.0000 0.9997 -0.0262 0.0000	</row1>
			<row2>	-0.0701 -0.0262 -0.9972 0.0000	</row2>
			<row3>	-0.1771 0.0881 1.7580 1.0000	</row3>
		</transform>
	</node>
	<node>
		<identifier>	EP_Runoff_deluge_left_3	</identifier>
		<parent>	Scene Root	</parent>
		<transform>
			<row0>	-0.9975 -0.0008 0.0701 0.0000	</row0>
			<row1>	0.0000 0.9999 0.0113 0.0000	</row1>
			<row2>	-0.0701 0.0113 -0.9975 0.0000	</row2>
			<row3>	-0.1902 0.0864 1.5294 1.0000	</row3>
		</transform>
	</node>
	<node>
		<identifier>	EP_Runoff_deluge_left_4	</identifier>
		<parent>	Scene Root	</parent>
		<transform>
			<row0>	-0.9995 -0.0008 0.0311 0.0000	</row0>
			<row1>	-0.0004 0.9999 0.0113 0.0000	</row1>
			<row2>	-0.0311 0.0113 -0.9995 0.0000	</row2>
			<row3>	-0.2054 0.0879 1.2490 1.0000	</row3>
		</transform>
	</node>
	<node>
		<identifier>	EP_Runoff_deluge_left_5	</identifier>
		<parent>	Scene Root	</parent>
		<transform>
			<row0>	-0.9995 -0.0003 0.0311 0.0000	</row0>
			<row1>	-0.0004 1.0000 -0.0039 0.0000	</row1>
			<row2>	-0.0311 -0.0039 -0.9995 0.0000	</row2>
			<row3>	-0.2188 0.0875 0.9771 1.0000	</row3>
		</transform>
	</node>
	<node>
		<identifier>	EP_Runoff_deluge_left_6	</identifier>
		<parent>	Scene Root	</parent>
		<transform>
			<row0>	-0.9995 -0.0016 0.0311 0.0000	</row0>
			<row1>	-0.0004 0.9992 0.0389 0.0000	</row1>
			<row2>	-0.0311 0.0388 -0.9988 0.0000	</row2>
			<row3>	-0.2243 0.0886 0.7289 1.0000	</row3>
		</transform>
	</node>
	<node>
		<identifier>	EP_Runoff_deluge_left_7	</identifier>
		<parent>	Scene Root	</parent>
		<transform>
			<row0>	-0.9980 -0.0548 0.0311 0.0000	</row0>
			<row1>	-0.0536 0.9978 0.0389 0.0000	</row1>
			<row2>	-0.0332 0.0371 -0.9988 0.0000	</row2>
			<row3>	-0.2173 0.1090 0.4145 1.0000	</row3>
		</transform>
	</node>
	<node>
		<identifier>	EP_Runoff_deluge_right_1	</identifier>
		<parent>	Scene Root	</parent>
		<transform>
			<row0>	0.9975 0.0018 0.0701 0.0000	</row0>
			<row1>	0.0000 0.9997 -0.0262 0.0000	</row1>
			<row2>	-0.0701 0.0262 0.9972 0.0000	</row2>
			<row3>	0.1599 0.0830 2.0460 1.0000	</row3>
		</transform>
	</node>
	<node>
		<identifier>	EP_Runoff_deluge_right_2	</identifier>
		<parent>	Scene Root	</parent>
		<transform>
			<row0>	0.9976 0.0018 0.0697 0.0000	</row0>
			<row1>	0.0000 0.9997 -0.0262 0.0000	</row1>
			<row2>	-0.0697 0.0262 0.9972 0.0000	</row2>
			<row3>	0.1769 0.0880 1.7581 1.0000	</row3>
		</transform>
	</node>
	<node>
		<identifier>	EP_Runoff_deluge_right_3	</identifier>
		<parent>	Scene Root	</parent>
		<transform>
			<row0>	0.9976 -0.0008 0.0697 0.0000	</row0>
			<row1>	0.0000 0.9999 0.0113 0.0000	</row1>
			<row2>	-0.0698 -0.0113 0.9975 0.0000	</row2>
			<row3>	0.1899 0.0860 1.5292 1.0000	</row3>
		</transform>
	</node>
	<node>
		<identifier>	EP_Runoff_deluge_right_4	</identifier>
		<parent>	Scene Root	</parent>
		<transform>
			<row0>	0.9995 -0.0006 0.0314 0.0000	</row0>
			<row1>	0.0002 0.9999 0.0113 0.0000	</row1>
			<row2>	-0.0314 -0.0113 0.9994 0.0000	</row2>
			<row3>	0.2059 0.0880 1.2494 1.0000	</row3>
		</transform>
	</node>
	<node>
		<identifier>	EP_Runoff_deluge_right_5	</identifier>
		<parent>	Scene Root	</parent>
		<transform>
			<row0>	0.9995 0.0000 0.0314 0.0000	</row0>
			<row1>	0.0001 1.0000 -0.0039 0.0000	</row1>
			<row2>	-0.0314 0.0039 0.9995 0.0000	</row2>
			<row3>	0.2189 0.0870 0.9775 1.0000	</row3>
		</transform>
	</node>
	<node>
		<identifier>	EP_Runoff_deluge_right_6	</identifier>
		<parent>	Scene Root	</parent>
		<transform>
			<row0>	0.9995 -0.0016 0.0313 0.0000	</row0>
			<row1>	0.0004 0.9992 0.0389 0.0000	</row1>
			<row2>	-0.0314 -0.0388 0.9988 0.0000	</row2>
			<row3>	0.2239 0.0890 0.7286 1.0000	</row3>
		</transform>
	</node>
	<node>
		<identifier>	EP_Runoff_deluge_right_7	</identifier>
		<parent>	Scene Root	</parent>
		<transform>
			<row0>	0.9980 -0.0548 0.0311 0.0000	</row0>
			<row1>	0.0536 0.9978 0.0389 0.0000	</row1>
			<row2>	-0.0331 -0.0371 0.9988 0.0000	</row2>
			<row3>	0.2169 0.1089 0.4148 1.0000	</row3>
		</transform>
	</node>
	<node>
		<identifier>	EP_Runoff_left	</identifier>
		<parent>	Scene Root	</parent>
		<transform>
			<row0>	-0.9679 0.2472 0.0455 0.0000	</row0>
			<row1>	0.2443 0.9678 -0.0610 0.0000	</row1>
			<row2>	-0.0591 -0.0480 -0.9971 0.0000	</row2>
			<row3>	-0.1410 0.2309 2.1288 1.0000	</row3>
		</transform>
	</node>
	<node>
		<identifier>	EP_Runoff_left_1	</identifier>
		<parent>	Scene Root	</parent>
		<transform>
			<row0>	-0.9590 0.2835 0.0000 0.0000	</row0>
			<row1>	0.2835 0.9590 0.0000 0.0000	</row1>
			<row2>	0.0000 0.0000 -1.0000 0.0000	</row2>
			<row3>	-0.1659 0.2039 0.3088 1.0000	</row3>
		</transform>
	</node>
	<node>
		<identifier>	EP_Runoff_right	</identifier>
		<parent>	Scene Root	</parent>
		<transform>
			<row0>	0.9679 0.2472 0.0456 0.0000	</row0>
			<row1>	-0.2443 0.9678 -0.0611 0.0000	</row1>
			<row2>	-0.0592 0.0480 0.9971 0.0000	</row2>
			<row3>	0.1409 0.2309 2.1289 1.0000	</row3>
		</transform>
	</node>
	<node>
		<identifier>	EP_Runoff_right_1	</identifier>
		<parent>	Scene Root	</parent>
		<transform>
			<row0>	0.9590 0.2835 0.0000 0.0000	</row0>
			<row1>	-0.2835 0.9590 0.0000 0.0000	</row1>
			<row2>	0.0000 0.0000 1.0000 0.0000	</row2>
			<row3>	0.1659 0.2039 0.3088 1.0000	</row3>
		</transform>
	</node>
	<node>
		<identifier>	EP_Runoff_tower_left_2	</identifier>
		<parent>	Scene Root	</parent>
		<transform>
			<row0>	-0.9998 0.0000 -0.0181 0.0000	</row0>
			<row1>	0.0000 1.0000 0.0000 0.0000	</row1>
			<row2>	0.0181 0.0000 -0.9998 0.0000	</row2>
			<row3>	-0.0402 0.3779 0.3859 1.0000	</row3>
		</transform>
	</node>
	<node>
		<identifier>	EP_Runoff_tower_left_3	</identifier>
		<parent>	Scene Root	</parent>
		<transform>
			<row0>	-0.9842 0.0400 0.1724 0.0000	</row0>
			<row1>	0.0406 0.9992 0.0000 0.0000	</row1>
			<row2>	-0.1722 0.0070 -0.9850 0.0000	</row2>
			<row3>	-0.0687 0.5057 0.2277 1.0000	</row3>
		</transform>
	</node>
	<node>
		<identifier>	EP_Runoff_tower_right_2	</identifier>
		<parent>	Scene Root	</parent>
		<transform>
			<row0>	-0.9998 0.0000 0.0181 0.0000	</row0>
			<row1>	0.0000 1.0000 0.0000 0.0000	</row1>
			<row2>	-0.0181 0.0000 -0.9998 0.0000	</row2>
			<row3>	0.0400 0.3778 0.3858 1.0000	</row3>
		</transform>
	</node>
	<node>
		<identifier>	EP_Runoff_tower_right_3	</identifier>
		<parent>	Scene Root	</parent>
		<transform>
			<row0>	-0.9843 0.0400 -0.1718 0.0000	</row0>
			<row1>	0.0382 0.9992 0.0138 0.0000	</row1>
			<row2>	0.1723 0.0070 -0.9850 0.0000	</row2>
			<row3>	0.0690 0.5057 0.2279 1.0000	</row3>
		</transform>
	</node>
	<node>
		<identifier>	EP_Runoff_up_left_1	</identifier>
		<parent>	Scene Root	</parent>
		<transform>
			<row0>	-0.9981 -0.0016 0.0623 0.0000	</row0>
			<row1>	-0.0016 1.0000 0.0000 0.0000	</row1>
			<row2>	-0.0623 0.0000 -0.9981 0.0000	</row2>
			<row3>	-0.1209 0.2149 0.5857 1.0000	</row3>
		</transform>
	</node>
	<node>
		<identifier>	EP_Runoff_up_right_1	</identifier>
		<parent>	Scene Root	</parent>
		<transform>
			<row0>	0.9980 -0.0015 0.0628 0.0000	</row0>
			<row1>	0.0015 1.0000 0.0000 0.0000	</row1>
			<row2>	-0.0628 0.0000 0.9980 0.0000	</row2>
			<row3>	0.1209 0.2149 0.5857 1.0000	</row3>
		</transform>
	</node>
	<node>
		<identifier>	EP_WakeTrace_periscope	</identifier>
		<parent>	Scene Root	</parent>
		<transform>
			<row0>	1.0000 0.0000 0.0000 0.0000	</row0>
			<row1>	0.0000 1.0000 0.0000 0.0000	</row1>
			<row2>	0.0000 0.0000 1.0000 0.0000	</row2>
			<row3>	0.0000 0.5605 0.1636 1.0000	</row3>
		</transform>
	</node>
	<node>
		<identifier>	EP_WakeTrace_tower	</identifier>
		<parent>	Scene Root	</parent>
		<transform>
			<row0>	1.0000 0.0000 0.0000 0.0000	</row0>
			<row1>	0.0000 1.0000 0.0000 0.0000	</row1>
			<row2>	0.0000 0.0000 1.0000 0.0000	</row2>
			<row3>	-0.0016 0.2133 0.4707 1.0000	</row3>
		</transform>
	</node>
</JSS302_I_56_44_1944_MidFront_ep.skel_ext>
