<FSB030_Strasbourg_1942_Stern.skel_ext>
	<exported>	true	</exported>
	<node>
		<identifier>	MP_CM002_Propeller4_L	</identifier>
		<parent>	Scene Root	</parent>
		<transform>
			<row0>	1.0000 0.0000 0.0000 0.0000	</row0>
			<row1>	0.0000 0.9990 -0.0436 0.0000	</row1>
			<row2>	0.0000 0.0436 0.9990 0.0000	</row2>
			<row3>	-0.2767 -0.4817 -5.7459 1.0000	</row3>
		</transform>
	</node>
	<node>
		<identifier>	MP_CM011_Fire_Fighting_Gear	</identifier>
		<parent>	Scene Root	</parent>
		<transform>
			<row0>	-0.8290 0.0000 0.5592 0.0000	</row0>
			<row1>	0.0000 1.0000 0.0000 0.0000	</row1>
			<row2>	-0.5592 0.0000 -0.8290 0.0000	</row2>
			<row3>	0.0648 0.3777 -6.1837 1.0000	</row3>
		</transform>
	</node>
	<node>
		<identifier>	MP_CM013_Fire_Hose_Rack_2	</identifier>
		<parent>	Scene Root	</parent>
		<transform>
			<row0>	-0.5592 0.0000 -0.8290 0.0000	</row0>
			<row1>	0.0000 1.0000 0.0000 0.0000	</row1>
			<row2>	0.8290 0.0000 -0.5592 0.0000	</row2>
			<row3>	0.0806 0.4397 -6.2039 1.0000	</row3>
		</transform>
	</node>
	<node>
		<identifier>	MP_CM033_Propeller4_R	</identifier>
		<parent>	Scene Root	</parent>
		<transform>
			<row0>	1.0000 0.0000 0.0000 0.0000	</row0>
			<row1>	0.0000 0.9990 -0.0436 0.0000	</row1>
			<row2>	0.0000 0.0436 0.9990 0.0000	</row2>
			<row3>	0.2767 -0.4817 -5.7459 1.0000	</row3>
		</transform>
	</node>
	<node>
		<identifier>	MP_CM093_Rope	</identifier>
		<parent>	Scene Root	</parent>
		<transform>
			<row0>	1.1135 0.0000 0.2873 0.0000	</row0>
			<row1>	0.0000 1.1500 0.0000 0.0000	</row1>
			<row2>	-0.2873 0.0000 1.1135 0.0000	</row2>
			<row3>	-0.5338 0.4403 -5.7594 1.0000	</row3>
		</transform>
	</node>
	<node>
		<identifier>	MP_CM093_Rope_INDEX_1	</identifier>
		<parent>	Scene Root	</parent>
		<transform>
			<row0>	1.1135 0.0000 -0.2873 0.0000	</row0>
			<row1>	0.0000 1.1500 0.0000 0.0000	</row1>
			<row2>	0.2873 0.0000 1.1135 0.0000	</row2>
			<row3>	0.5356 0.4414 -5.7594 1.0000	</row3>
		</transform>
	</node>
	<node>
		<identifier>	MP_FM015_Life_Buoy	</identifier>
		<parent>	Scene Root	</parent>
		<transform>
			<row0>	0.3746 0.0000 -0.9272 0.0000	</row0>
			<row1>	0.0000 1.0000 0.0000 0.0000	</row1>
			<row2>	0.9272 0.0000 0.3746 0.0000	</row2>
			<row3>	-0.2656 0.4535 -6.8982 1.0000	</row3>
		</transform>
	</node>
	<node>
		<identifier>	MP_FM015_Life_Buoy_INDEX_1	</identifier>
		<parent>	Scene Root	</parent>
		<transform>
			<row0>	0.3746 0.0000 0.9272 0.0000	</row0>
			<row1>	0.0000 1.0000 0.0000 0.0000	</row1>
			<row2>	-0.9272 0.0000 0.3746 0.0000	</row2>
			<row3>	0.2655 0.4535 -6.8981 1.0000	</row3>
		</transform>
	</node>
	<node>
		<identifier>	MP_FM857_Signal_White	</identifier>
		<parent>	Scene Root	</parent>
		<transform>
			<row0>	-0.8000 0.0000 0.0000 0.0000	</row0>
			<row1>	0.0000 0.8000 0.0000 0.0000	</row1>
			<row2>	0.0000 0.0000 -0.8000 0.0000	</row2>
			<row3>	0.0000 0.4907 -7.1892 1.0000	</row3>
		</transform>
	</node>
</FSB030_Strasbourg_1942_Stern.skel_ext>
