<HSC019_Van_Speijk_1944_MidBack_ep.skel_ext>
	<exported>	false	</exported>
	<node>
		<identifier>	EP_Death_3	</identifier>
		<parent>	Scene Root	</parent>
		<transform>
			<row0>	1.0000 0.0000 0.0000 0.0000	</row0>
			<row1>	0.0000 1.0000 0.0000 0.0000	</row1>
			<row2>	0.0000 0.0000 1.0000 0.0000	</row2>
			<row3>	0.0000 0.0000 -3.8918 1.0000	</row3>
		</transform>
	</node>
	<node>
		<identifier>	EP_Fire_3	</identifier>
		<parent>	Scene Root	</parent>
		<transform>
			<row0>	1.0000 0.0000 0.0000 0.0000	</row0>
			<row1>	0.0000 1.0000 0.0000 0.0000	</row1>
			<row2>	0.0000 0.0000 1.0000 0.0000	</row2>
			<row3>	0.0000 0.7140 -2.4846 1.0000	</row3>
		</transform>
	</node>
	<node>
		<identifier>	EP_Fire_3_side_1	</identifier>
		<parent>	Scene Root	</parent>
		<transform>
			<row0>	1.0000 0.0000 0.0000 0.0000	</row0>
			<row1>	0.0000 1.0000 0.0000 0.0000	</row1>
			<row2>	0.0000 0.0000 1.0000 0.0000	</row2>
			<row3>	-0.6806 0.3854 -2.6451 1.0000	</row3>
		</transform>
	</node>
	<node>
		<identifier>	EP_Fire_3_side_2	</identifier>
		<parent>	Scene Root	</parent>
		<transform>
			<row0>	1.0000 0.0000 0.0000 0.0000	</row0>
			<row1>	0.0000 1.0000 0.0000 0.0000	</row1>
			<row2>	0.0000 0.0000 1.0000 0.0000	</row2>
			<row3>	0.6453 0.3788 -1.1472 1.0000	</row3>
		</transform>
	</node>
	<node>
		<identifier>	EP_Flood_steam_2	</identifier>
		<parent>	Scene Root	</parent>
		<transform>
			<row0>	1.0000 0.0000 0.0000 0.0000	</row0>
			<row1>	0.0000 1.0000 0.0000 0.0000	</row1>
			<row2>	0.0000 0.0000 1.0000 0.0000	</row2>
			<row3>	0.0389 1.2362 -2.1589 1.0000	</row3>
		</transform>
	</node>
	<node>
		<identifier>	EP_Flood_steam_right	</identifier>
		<parent>	Scene Root	</parent>
		<transform>
			<row0>	1.0000 0.0000 0.0000 0.0000	</row0>
			<row1>	0.0000 1.0000 0.0000 0.0000	</row1>
			<row2>	0.0000 0.0000 1.0000 0.0000	</row2>
			<row3>	0.7925 0.3168 -2.5507 1.0000	</row3>
		</transform>
	</node>
	<node>
		<identifier>	EP_RepairLight_left_1	</identifier>
		<parent>	Scene Root	</parent>
		<transform>
			<row0>	-0.1533 0.0000 0.9882 0.0000	</row0>
			<row1>	-0.0924 0.9956 -0.0143 0.0000	</row1>
			<row2>	-0.9839 -0.0935 -0.1526 0.0000	</row2>
			<row3>	-0.7501 0.3742 -3.3890 1.0000	</row3>
		</transform>
	</node>
	<node>
		<identifier>	EP_RepairLight_right_1	</identifier>
		<parent>	Scene Root	</parent>
		<transform>
			<row0>	-0.0410 -0.0033 -0.9992 0.0000	</row0>
			<row1>	0.0984 0.9952 -0.0073 0.0000	</row1>
			<row2>	0.9943 -0.0986 -0.0405 0.0000	</row2>
			<row3>	0.8030 0.3721 -2.6366 1.0000	</row3>
		</transform>
	</node>
	<node>
		<identifier>	EP_Smoke_2	</identifier>
		<parent>	Scene Root	</parent>
		<transform>
			<row0>	1.0000 0.0000 0.0000 0.0000	</row0>
			<row1>	0.0000 0.9305 -0.3663 0.0000	</row1>
			<row2>	0.0000 0.3663 0.9305 0.0000	</row2>
			<row3>	-0.0020 1.3327 -2.0411 1.0000	</row3>
		</transform>
	</node>
</HSC019_Van_Speijk_1944_MidBack_ep.skel_ext>
