<ASD303_Christopher_1945_MidBack_ports.visual>
	<skeleton>
		<node>
			<identifier>	Scene Root	</identifier>
			<transform>
				<row0>	1.0000 0.0000 0.0000 0.0000	</row0>
				<row1>	0.0000 1.0000 0.0000 0.0000	</row1>
				<row2>	0.0000 0.0000 1.0000 0.0000	</row2>
				<row3>	0.0000 0.0000 0.0000 1.0000	</row3>
			</transform>
			<node>
				<identifier>	MidBack_ports	</identifier>
				<transform>
					<row0>	1.0000 0.0000 0.0000 0.0000	</row0>
					<row1>	0.0000 1.0000 0.0000 0.0000	</row1>
					<row2>	0.0000 0.0000 1.0000 0.0000	</row2>
					<row3>	0.0000 0.0000 0.0000 1.0000	</row3>
				</transform>
				<node>
					<identifier>	HP_AD_11	</identifier>
					<transform>
						<row0>	-1.0000 0.0000 0.0000 0.0000	</row0>
						<row1>	0.0000 1.0000 0.0000 0.0000	</row1>
						<row2>	0.0000 0.0000 -1.0000 0.0000	</row2>
						<row3>	0.0000 0.5007 -2.2665 1.0000	</row3>
					</transform>
				</node>
				<node>
					<identifier>	HP_AGA_10	</identifier>
					<transform>
						<row0>	0.0000 0.0000 1.0000 0.0000	</row0>
						<row1>	0.0000 1.0000 0.0000 0.0000	</row1>
						<row2>	-1.0000 0.0000 0.0000 0.0000	</row2>
						<row3>	-0.2000 0.3447 -1.2903 1.0000	</row3>
					</transform>
				</node>
				<node>
					<identifier>	HP_AGA_11	</identifier>
					<transform>
						<row0>	0.0000 0.0000 -1.0000 0.0000	</row0>
						<row1>	0.0000 1.0000 0.0000 0.0000	</row1>
						<row2>	1.0000 0.0000 0.0000 0.0000	</row2>
						<row3>	0.2000 0.3447 -1.2903 1.0000	</row3>
					</transform>
				</node>
				<node>
					<identifier>	HP_AGA_12	</identifier>
					<transform>
						<row0>	0.0000 0.0000 1.0000 0.0000	</row0>
						<row1>	0.0000 1.0000 0.0000 0.0000	</row1>
						<row2>	-1.0000 0.0000 0.0000 0.0000	</row2>
						<row3>	-0.3587 0.2082 -2.3909 1.0000	</row3>
					</transform>
				</node>
				<node>
					<identifier>	HP_AGA_13	</identifier>
					<transform>
						<row0>	0.0000 0.0000 -1.0000 0.0000	</row0>
						<row1>	0.0000 1.0000 0.0000 0.0000	</row1>
						<row2>	1.0000 0.0000 0.0000 0.0000	</row2>
						<row3>	0.3587 0.2082 -2.3909 1.0000	</row3>
					</transform>
				</node>
				<node>
					<identifier>	HP_AGA_14	</identifier>
					<transform>
						<row0>	-1.0000 0.0000 0.0000 0.0000	</row0>
						<row1>	0.0000 1.0000 0.0000 0.0000	</row1>
						<row2>	0.0000 0.0000 -1.0000 0.0000	</row2>
						<row3>	0.0000 0.3444 -2.4909 1.0000	</row3>
					</transform>
				</node>
				<node>
					<identifier>	HP_AGB_1	</identifier>
					<transform>
						<row0>	0.0000 0.0000 1.0000 0.0000	</row0>
						<row1>	0.0000 1.0000 0.0000 0.0000	</row1>
						<row2>	-1.0000 0.0000 0.0000 0.0000	</row2>
						<row3>	-0.3760 0.2003 -2.0059 1.0000	</row3>
					</transform>
				</node>
				<node>
					<identifier>	HP_AGB_2	</identifier>
					<transform>
						<row0>	0.0000 0.0000 -1.0000 0.0000	</row0>
						<row1>	0.0000 1.0000 0.0000 0.0000	</row1>
						<row2>	1.0000 0.0000 0.0000 0.0000	</row2>
						<row3>	0.3760 0.2003 -2.0059 1.0000	</row3>
					</transform>
				</node>
				<node>
					<identifier>	HP_AGB_3	</identifier>
					<transform>
						<row0>	-0.9947 0.0000 -0.1025 0.0000	</row0>
						<row1>	0.0000 1.0000 0.0000 0.0000	</row1>
						<row2>	0.1025 0.0000 -0.9947 0.0000	</row2>
						<row3>	-0.2394 0.2381 -3.9882 1.0000	</row3>
					</transform>
				</node>
				<node>
					<identifier>	HP_AGB_4	</identifier>
					<transform>
						<row0>	-0.9947 0.0000 0.1025 0.0000	</row0>
						<row1>	0.0000 1.0000 0.0000 0.0000	</row1>
						<row2>	-0.1025 0.0000 -0.9947 0.0000	</row2>
						<row3>	0.2394 0.2381 -3.9882 1.0000	</row3>
					</transform>
				</node>
				<node>
					<identifier>	HP_AGM_3	</identifier>
					<transform>
						<row0>	-1.0000 0.0000 0.0000 0.0000	</row0>
						<row1>	0.0000 1.0000 0.0000 0.0000	</row1>
						<row2>	0.0000 0.0000 -1.0000 0.0000	</row2>
						<row3>	0.0000 0.2597 -3.1908 1.0000	</row3>
					</transform>
				</node>
				<node>
					<identifier>	HP_AGT_1	</identifier>
					<transform>
						<row0>	-1.0000 0.0000 0.0000 0.0000	</row0>
						<row1>	0.0000 1.0000 0.0000 0.0000	</row1>
						<row2>	0.0000 0.0000 -1.0000 0.0000	</row2>
						<row3>	0.0000 0.3674 -1.8905 1.0000	</row3>
					</transform>
				</node>
				<node>
					<identifier>	HP_FX_Death_2	</identifier>
					<transform>
						<row0>	1.0000 0.0000 0.0000 0.0000	</row0>
						<row1>	0.0000 1.0000 0.0000 0.0000	</row1>
						<row2>	0.0000 0.0000 1.0000 0.0000	</row2>
						<row3>	0.0000 0.0000 -0.0389 1.0000	</row3>
					</transform>
				</node>
				<node>
					<identifier>	HP_FX_Death_3	</identifier>
					<transform>
						<row0>	1.0000 0.0000 0.0000 0.0000	</row0>
						<row1>	0.0000 1.0000 0.0000 0.0000	</row1>
						<row2>	0.0000 0.0000 1.0000 0.0000	</row2>
						<row3>	0.0000 0.0000 -2.2043 1.0000	</row3>
					</transform>
				</node>
				<node>
					<identifier>	HP_FX_Fire_2_side_2	</identifier>
					<transform>
						<row0>	1.0000 0.0000 0.0000 0.0000	</row0>
						<row1>	0.0000 1.0000 0.0000 0.0000	</row1>
						<row2>	0.0000 0.0000 1.0000 0.0000	</row2>
						<row3>	0.3453 0.4204 -0.5444 1.0000	</row3>
					</transform>
				</node>
				<node>
					<identifier>	HP_FX_Fire_3	</identifier>
					<transform>
						<row0>	1.0000 0.0000 0.0000 0.0000	</row0>
						<row1>	0.0000 1.0000 0.0000 0.0000	</row1>
						<row2>	0.0000 0.0000 1.0000 0.0000	</row2>
						<row3>	0.0000 0.3549 -1.1912 1.0000	</row3>
					</transform>
				</node>
				<node>
					<identifier>	HP_FX_Fire_3_side_1	</identifier>
					<transform>
						<row0>	1.0000 0.0000 0.0000 0.0000	</row0>
						<row1>	0.0000 1.0000 0.0000 0.0000	</row1>
						<row2>	0.0000 0.0000 1.0000 0.0000	</row2>
						<row3>	-0.3612 0.2110 -2.1326 1.0000	</row3>
					</transform>
				</node>
				<node>
					<identifier>	HP_FX_FloodLight_left_2	</identifier>
					<transform>
						<row0>	-1.0000 0.0000 0.0000 0.0000	</row0>
						<row1>	0.0000 1.0000 0.0000 0.0000	</row1>
						<row2>	0.0000 0.0000 -1.0000 0.0000	</row2>
						<row3>	-0.2786 0.3061 -2.0610 1.0000	</row3>
					</transform>
				</node>
				<node>
					<identifier>	HP_FX_FloodLight_right_2	</identifier>
					<transform>
						<row0>	1.0000 0.0000 0.0000 0.0000	</row0>
						<row1>	0.0000 1.0000 0.0000 0.0000	</row1>
						<row2>	0.0000 0.0000 1.0000 0.0000	</row2>
						<row3>	0.2788 0.3078 -2.0606 1.0000	</row3>
					</transform>
				</node>
				<node>
					<identifier>	HP_FX_Flood_steam_2	</identifier>
					<transform>
						<row0>	0.3492 0.0573 -0.9353 0.0000	</row0>
						<row1>	-0.8227 0.4965 -0.2768 0.0000	</row1>
						<row2>	0.4486 0.8662 0.2205 0.0000	</row2>
						<row3>	-0.0929 0.8943 -0.6855 1.0000	</row3>
					</transform>
				</node>
				<node>
					<identifier>	HP_FX_Flood_steam_right	</identifier>
					<transform>
						<row0>	0.9998 0.0000 0.0186 0.0000	</row0>
						<row1>	0.0000 1.0000 0.0000 0.0000	</row1>
						<row2>	-0.0186 0.0000 0.9998 0.0000	</row2>
						<row3>	0.2756 0.2534 -1.8656 1.0000	</row3>
					</transform>
				</node>
				<node>
					<identifier>	HP_FX_Flood_water_left_2	</identifier>
					<transform>
						<row0>	-0.9977 0.0000 0.0671 0.0000	</row0>
						<row1>	0.0000 1.0000 0.0000 0.0000	</row1>
						<row2>	-0.0671 0.0000 -0.9977 0.0000	</row2>
						<row3>	-0.4613 0.0320 -0.1143 1.0000	</row3>
					</transform>
				</node>
				<node>
					<identifier>	HP_FX_Flood_water_right_2	</identifier>
					<transform>
						<row0>	1.0000 0.0000 -0.0023 0.0000	</row0>
						<row1>	0.0000 1.0000 0.0000 0.0000	</row1>
						<row2>	0.0023 0.0000 1.0000 0.0000	</row2>
						<row3>	0.4364 0.0402 -2.2632 1.0000	</row3>
					</transform>
				</node>
				<node>
					<identifier>	HP_FX_Smoke_2	</identifier>
					<transform>
						<row0>	1.0000 0.0000 0.0000 0.0000	</row0>
						<row1>	0.0000 0.9262 -0.3771 0.0000	</row1>
						<row2>	0.0000 0.3771 0.9262 0.0000	</row2>
						<row3>	0.0000 1.0867 -0.7050 1.0000	</row3>
					</transform>
				</node>
				<node>
					<identifier>	HP_Ship_death_2	</identifier>
					<transform>
						<row0>	1.0000 0.0000 0.0000 0.0000	</row0>
						<row1>	0.0000 1.0000 0.0000 0.0000	</row1>
						<row2>	0.0000 0.0000 1.0000 0.0000	</row2>
						<row3>	0.0000 0.0000 0.2474 1.0000	</row3>
					</transform>
				</node>
				<node>
					<identifier>	MP_AM004_Fairlead_2	</identifier>
					<transform>
						<row0>	0.0074 0.0000 1.1700 0.0000	</row0>
						<row1>	0.0000 1.1700 0.0000 0.0000	</row1>
						<row2>	-1.1700 0.0000 0.0074 0.0000	</row2>
						<row3>	0.4489 0.1955 -1.2769 1.0000	</row3>
					</transform>
				</node>
				<node>
					<identifier>	MP_AM004_Fairlead_2_INDEX_1	</identifier>
					<transform>
						<row0>	0.0000 0.0000 1.1700 0.0000	</row0>
						<row1>	0.0000 1.1700 0.0000 0.0000	</row1>
						<row2>	-1.1700 0.0000 0.0000 0.0000	</row2>
						<row3>	0.4467 0.1955 -1.5044 1.0000	</row3>
					</transform>
				</node>
				<node>
					<identifier>	MP_AM004_Fairlead_2_INDEX_10	</identifier>
					<transform>
						<row0>	0.1049 0.0336 -1.1648 0.0000	</row0>
						<row1>	-0.0006 1.1695 0.0337 0.0000	</row1>
						<row2>	1.1653 -0.0024 0.1049 0.0000	</row2>
						<row3>	-0.3471 0.2399 -3.7979 1.0000	</row3>
					</transform>
				</node>
				<node>
					<identifier>	MP_AM004_Fairlead_2_INDEX_11	</identifier>
					<transform>
						<row0>	0.0895 0.0336 -1.1661 0.0000	</row0>
						<row1>	-0.0004 1.1695 0.0337 0.0000	</row1>
						<row2>	1.1666 -0.0022 0.0895 0.0000	</row2>
						<row3>	-0.3712 0.2257 -3.5181 1.0000	</row3>
					</transform>
				</node>
				<node>
					<identifier>	MP_AM004_Fairlead_2_INDEX_2	</identifier>
					<transform>
						<row0>	0.0576 -0.0292 1.1682 0.0000	</row0>
						<row1>	0.0012 1.1696 0.0292 0.0000	</row1>
						<row2>	-1.1686 -0.0002 0.0576 0.0000	</row2>
						<row3>	0.4239 0.2028 -2.6926 1.0000	</row3>
					</transform>
				</node>
				<node>
					<identifier>	MP_AM004_Fairlead_2_INDEX_3	</identifier>
					<transform>
						<row0>	0.0578 -0.0336 1.1681 0.0000	</row0>
						<row1>	0.0000 1.1695 0.0337 0.0000	</row1>
						<row2>	-1.1686 -0.0017 0.0578 0.0000	</row2>
						<row3>	0.4019 0.2121 -3.0888 1.0000	</row3>
					</transform>
				</node>
				<node>
					<identifier>	MP_AM004_Fairlead_2_INDEX_4	</identifier>
					<transform>
						<row0>	0.0578 0.0336 -1.1681 0.0000	</row0>
						<row1>	0.0000 1.1695 0.0337 0.0000	</row1>
						<row2>	1.1686 -0.0017 0.0578 0.0000	</row2>
						<row3>	-0.4035 0.2121 -3.0889 1.0000	</row3>
					</transform>
				</node>
				<node>
					<identifier>	MP_AM004_Fairlead_2_INDEX_5	</identifier>
					<transform>
						<row0>	0.0895 -0.0336 1.1661 0.0000	</row0>
						<row1>	0.0004 1.1695 0.0337 0.0000	</row1>
						<row2>	-1.1666 -0.0022 0.0895 0.0000	</row2>
						<row3>	0.3712 0.2257 -3.5181 1.0000	</row3>
					</transform>
				</node>
				<node>
					<identifier>	MP_AM004_Fairlead_2_INDEX_6	</identifier>
					<transform>
						<row0>	0.1049 -0.0336 1.1648 0.0000	</row0>
						<row1>	0.0006 1.1695 0.0337 0.0000	</row1>
						<row2>	-1.1653 -0.0024 0.1049 0.0000	</row2>
						<row3>	0.3471 0.2399 -3.7979 1.0000	</row3>
					</transform>
				</node>
				<node>
					<identifier>	MP_AM004_Fairlead_2_INDEX_7	</identifier>
					<transform>
						<row0>	0.0576 0.0292 -1.1682 0.0000	</row0>
						<row1>	-0.0012 1.1696 0.0292 0.0000	</row1>
						<row2>	1.1686 -0.0002 0.0576 0.0000	</row2>
						<row3>	-0.4247 0.2028 -2.6926 1.0000	</row3>
					</transform>
				</node>
				<node>
					<identifier>	MP_AM004_Fairlead_2_INDEX_8	</identifier>
					<transform>
						<row0>	0.0000 0.0000 -1.1700 0.0000	</row0>
						<row1>	0.0000 1.1700 0.0000 0.0000	</row1>
						<row2>	1.1700 0.0000 0.0000 0.0000	</row2>
						<row3>	-0.4475 0.1955 -1.5044 1.0000	</row3>
					</transform>
				</node>
				<node>
					<identifier>	MP_AM004_Fairlead_2_INDEX_9	</identifier>
					<transform>
						<row0>	0.0074 0.0000 -1.1700 0.0000	</row0>
						<row1>	0.0000 1.1700 0.0000 0.0000	</row1>
						<row2>	1.1700 0.0000 0.0074 0.0000	</row2>
						<row3>	-0.4494 0.1955 -1.2769 1.0000	</row3>
					</transform>
				</node>
				<node>
					<identifier>	MP_AM005_Bollard_1	</identifier>
					<transform>
						<row0>	1.0000 0.0000 0.0000 0.0000	</row0>
						<row1>	0.0000 1.0000 0.0000 0.0000	</row1>
						<row2>	0.0000 0.0000 1.0000 0.0000	</row2>
						<row3>	-0.3469 0.2084 -2.8789 1.0000	</row3>
					</transform>
				</node>
				<node>
					<identifier>	MP_AM005_Bollard_1_INDEX_1	</identifier>
					<transform>
						<row0>	1.0000 0.0000 0.0000 0.0000	</row0>
						<row1>	0.0000 1.0000 0.0000 0.0000	</row1>
						<row2>	0.0000 0.0000 1.0000 0.0000	</row2>
						<row3>	0.3469 0.2084 -2.8789 1.0000	</row3>
					</transform>
				</node>
				<node>
					<identifier>	MP_AM005_Bollard_1_INDEX_2	</identifier>
					<transform>
						<row0>	0.9967 -0.0032 0.0810 0.0000	</row0>
						<row1>	0.0000 0.9992 0.0396 0.0000	</row1>
						<row2>	-0.0811 -0.0395 0.9959 0.0000	</row2>
						<row3>	-0.2581 0.2367 -3.6640 1.0000	</row3>
					</transform>
				</node>
				<node>
					<identifier>	MP_AM005_Bollard_1_INDEX_3	</identifier>
					<transform>
						<row0>	0.9967 0.0032 -0.0810 0.0000	</row0>
						<row1>	0.0000 0.9992 0.0396 0.0000	</row1>
						<row2>	0.0811 -0.0395 0.9959 0.0000	</row2>
						<row3>	0.2581 0.2367 -3.6640 1.0000	</row3>
					</transform>
				</node>
				<node>
					<identifier>	MP_AM005_Bollard_1_INDEX_4	</identifier>
					<transform>
						<row0>	1.0000 0.0000 0.0000 0.0000	</row0>
						<row1>	0.0000 1.0000 0.0000 0.0000	</row1>
						<row2>	0.0000 0.0000 1.0000 0.0000	</row2>
						<row3>	0.4068 0.1991 -1.3917 1.0000	</row3>
					</transform>
				</node>
				<node>
					<identifier>	MP_AM005_Bollard_1_INDEX_5	</identifier>
					<transform>
						<row0>	1.0000 0.0000 0.0000 0.0000	</row0>
						<row1>	0.0000 1.0000 0.0000 0.0000	</row1>
						<row2>	0.0000 0.0000 1.0000 0.0000	</row2>
						<row3>	-0.4068 0.1991 -1.3917 1.0000	</row3>
					</transform>
				</node>
				<node>
					<identifier>	MP_AM006_Reels_1	</identifier>
					<transform>
						<row0>	0.9781 0.0100 -0.2078 0.0000	</row0>
						<row1>	0.0000 0.9989 0.0479 0.0000	</row1>
						<row2>	0.2080 -0.0469 0.9770 0.0000	</row2>
						<row3>	0.1187 0.2378 -3.6128 1.0000	</row3>
					</transform>
				</node>
				<node>
					<identifier>	MP_AM006_Reels_1_INDEX_1	</identifier>
					<transform>
						<row0>	0.9781 -0.0100 0.2078 0.0000	</row0>
						<row1>	0.0000 0.9989 0.0479 0.0000	</row1>
						<row2>	-0.2080 -0.0469 0.9770 0.0000	</row2>
						<row3>	-0.1334 0.2368 -3.5930 1.0000	</row3>
					</transform>
				</node>
				<node>
					<identifier>	MP_AM010_Speaker_1	</identifier>
					<transform>
						<row0>	1.0000 0.0000 0.0000 0.0000	</row0>
						<row1>	0.0000 1.0000 0.0000 0.0000	</row1>
						<row2>	0.0000 0.0000 1.0000 0.0000	</row2>
						<row3>	0.0000 0.3902 -2.6865 1.0000	</row3>
					</transform>
				</node>
				<node>
					<identifier>	MP_AM010_Speaker_1_INDEX_1	</identifier>
					<transform>
						<row0>	-1.0000 0.0000 0.0000 0.0000	</row0>
						<row1>	0.0000 1.0000 0.0000 0.0000	</row1>
						<row2>	0.0000 0.0000 -1.0000 0.0000	</row2>
						<row3>	0.0000 0.5466 -2.1703 1.0000	</row3>
					</transform>
				</node>
				<node>
					<identifier>	MP_AM017_Depth_Charge_Stowage	</identifier>
					<transform>
						<row0>	1.0000 0.0000 0.0000 0.0000	</row0>
						<row1>	0.0000 1.0000 0.0000 0.0000	</row1>
						<row2>	0.0000 0.0000 1.0000 0.0000	</row2>
						<row3>	0.2862 0.2164 -2.0006 1.0000	</row3>
					</transform>
				</node>
				<node>
					<identifier>	MP_AM017_Depth_Charge_Stowage_INDEX_1	</identifier>
					<transform>
						<row0>	1.0000 0.0000 0.0000 0.0000	</row0>
						<row1>	0.0000 1.0000 0.0000 0.0000	</row1>
						<row2>	0.0000 0.0000 1.0000 0.0000	</row2>
						<row3>	0.2862 0.2164 -1.9455 1.0000	</row3>
					</transform>
				</node>
				<node>
					<identifier>	MP_AM017_Depth_Charge_Stowage_INDEX_2	</identifier>
					<transform>
						<row0>	-1.0000 0.0000 0.0000 0.0000	</row0>
						<row1>	0.0000 1.0000 0.0000 0.0000	</row1>
						<row2>	0.0000 0.0000 -1.0000 0.0000	</row2>
						<row3>	-0.2862 0.2164 -2.0006 1.0000	</row3>
					</transform>
				</node>
				<node>
					<identifier>	MP_AM017_Depth_Charge_Stowage_INDEX_3	</identifier>
					<transform>
						<row0>	-1.0000 0.0000 0.0000 0.0000	</row0>
						<row1>	0.0000 1.0000 0.0000 0.0000	</row1>
						<row2>	0.0000 0.0000 -1.0000 0.0000	</row2>
						<row3>	-0.2862 0.2164 -1.9455 1.0000	</row3>
					</transform>
				</node>
				<node>
					<identifier>	MP_AM046_Running_Lights_B	</identifier>
					<transform>
						<row0>	-1.0000 0.0000 0.0000 0.0000	</row0>
						<row1>	0.0000 1.0000 0.0000 0.0000	</row1>
						<row2>	0.0000 0.0000 -1.0000 0.0000	</row2>
						<row3>	0.0000 0.4089 -4.2714 1.0000	</row3>
					</transform>
				</node>
				<node>
					<identifier>	MP_AM055_Boat_1	</identifier>
					<transform>
						<row0>	0.5116 -0.8592 0.0000 0.0000	</row0>
						<row1>	0.8592 0.5116 0.0000 0.0000	</row1>
						<row2>	0.0000 0.0000 1.0000 0.0000	</row2>
						<row3>	0.4234 0.2952 -1.6908 1.0000	</row3>
					</transform>
				</node>
				<node>
					<identifier>	MP_AM055_Boat_1_INDEX_1	</identifier>
					<transform>
						<row0>	1.0000 0.0000 0.0000 0.0000	</row0>
						<row1>	0.0000 1.0000 0.0000 0.0000	</row1>
						<row2>	0.0000 0.0000 1.0000 0.0000	</row2>
						<row3>	0.3395 0.3392 -1.6922 1.0000	</row3>
					</transform>
				</node>
				<node>
					<identifier>	MP_AM055_Boat_1_INDEX_2	</identifier>
					<transform>
						<row0>	1.0000 0.0000 0.0000 0.0000	</row0>
						<row1>	0.0000 1.0000 0.0000 0.0000	</row1>
						<row2>	0.0000 0.0000 1.0000 0.0000	</row2>
						<row3>	-0.3395 0.3392 -1.6922 1.0000	</row3>
					</transform>
				</node>
				<node>
					<identifier>	MP_AM055_Boat_1_INDEX_3	</identifier>
					<transform>
						<row0>	-0.5116 -0.8592 0.0000 0.0000	</row0>
						<row1>	-0.8592 0.5116 0.0000 0.0000	</row1>
						<row2>	0.0000 0.0000 -1.0000 0.0000	</row2>
						<row3>	-0.4234 0.2900 -1.6908 1.0000	</row3>
					</transform>
				</node>
				<node>
					<identifier>	MP_AM073_Floater_Net_Basket_1	</identifier>
					<transform>
						<row0>	-0.2160 0.0000 -0.9764 0.0000	</row0>
						<row1>	0.0000 1.0000 0.0000 0.0000	</row1>
						<row2>	0.9764 0.0000 -0.2160 0.0000	</row2>
						<row3>	0.2565 0.3122 -2.2708 1.0000	</row3>
					</transform>
				</node>
				<node>
					<identifier>	MP_AM073_Floater_Net_Basket_1_INDEX_1	</identifier>
					<transform>
						<row0>	-0.2337 0.0000 -0.9723 0.0000	</row0>
						<row1>	0.0000 1.0000 0.0000 0.0000	</row1>
						<row2>	0.9723 0.0000 -0.2337 0.0000	</row2>
						<row3>	0.4112 0.4029 -1.1059 1.0000	</row3>
					</transform>
				</node>
				<node>
					<identifier>	MP_AM073_Floater_Net_Basket_1_INDEX_2	</identifier>
					<transform>
						<row0>	-0.2337 0.0000 0.9723 0.0000	</row0>
						<row1>	0.0000 1.0000 0.0000 0.0000	</row1>
						<row2>	-0.9723 0.0000 -0.2337 0.0000	</row2>
						<row3>	-0.4112 0.4029 -1.1059 1.0000	</row3>
					</transform>
				</node>
				<node>
					<identifier>	MP_AM073_Floater_Net_Basket_1_INDEX_3	</identifier>
					<transform>
						<row0>	-0.2160 0.0000 0.9764 0.0000	</row0>
						<row1>	0.0000 1.0000 0.0000 0.0000	</row1>
						<row2>	-0.9764 0.0000 -0.2160 0.0000	</row2>
						<row3>	-0.2565 0.3122 -2.2708 1.0000	</row3>
					</transform>
				</node>
				<node>
					<identifier>	MP_AM103_Hatch_4	</identifier>
					<transform>
						<row0>	1.0000 0.0000 0.0000 0.0000	</row0>
						<row1>	0.0000 1.0000 0.0000 0.0000	</row1>
						<row2>	0.0000 0.0000 1.0000 0.0000	</row2>
						<row3>	-0.0831 0.2543 -4.0673 1.0000	</row3>
					</transform>
				</node>
				<node>
					<identifier>	MP_AM103_Hatch_4_INDEX_1	</identifier>
					<transform>
						<row0>	1.0000 0.0000 0.0000 0.0000	</row0>
						<row1>	0.0000 1.0000 0.0000 0.0000	</row1>
						<row2>	0.0000 0.0000 1.0000 0.0000	</row2>
						<row3>	0.0958 0.2159 -2.8657 1.0000	</row3>
					</transform>
				</node>
				<node>
					<identifier>	MP_AM104_Hatch_5	</identifier>
					<transform>
						<row0>	-1.0000 0.0000 0.0000 0.0000	</row0>
						<row1>	0.0000 1.0000 0.0000 0.0000	</row1>
						<row2>	0.0000 0.0000 -1.0000 0.0000	</row2>
						<row3>	0.3057 0.2033 -1.7908 1.0000	</row3>
					</transform>
				</node>
				<node>
					<identifier>	MP_AM104_Hatch_5_INDEX_1	</identifier>
					<transform>
						<row0>	-1.0000 0.0000 0.0000 0.0000	</row0>
						<row1>	0.0000 1.0000 0.0000 0.0000	</row1>
						<row2>	0.0000 0.0000 -1.0000 0.0000	</row2>
						<row3>	-0.3057 0.2033 -1.7908 1.0000	</row3>
					</transform>
				</node>
				<node>
					<identifier>	MP_AM148_Hatch_8	</identifier>
					<transform>
						<row0>	0.0000 0.0000 1.0000 0.0000	</row0>
						<row1>	0.0546 0.9985 0.0000 0.0000	</row1>
						<row2>	-0.9985 0.0546 0.0000 0.0000	</row2>
						<row3>	0.3069 0.2074 -1.0151 1.0000	</row3>
					</transform>
				</node>
				<node>
					<identifier>	MP_AM148_Hatch_8_INDEX_1	</identifier>
					<transform>
						<row0>	0.0000 0.0000 -1.0000 0.0000	</row0>
						<row1>	-0.0546 0.9985 0.0000 0.0000	</row1>
						<row2>	0.9985 0.0546 0.0000 0.0000	</row2>
						<row3>	-0.3069 0.2074 -1.0151 1.0000	</row3>
					</transform>
				</node>
				<node>
					<identifier>	MP_AM185_Signal_Lamp_O	</identifier>
					<transform>
						<row0>	1.0000 0.0000 0.0000 0.0000	</row0>
						<row1>	0.0000 0.9837 -0.1799 0.0000	</row1>
						<row2>	0.0000 0.1799 0.9837 0.0000	</row2>
						<row3>	0.0000 0.7262 -4.3110 1.0000	</row3>
					</transform>
				</node>
				<node>
					<identifier>	MP_AM2026_Ammunition_Box	</identifier>
					<transform>
						<row0>	1.0000 0.0000 0.0000 0.0000	</row0>
						<row1>	0.0000 1.0000 0.0000 0.0000	</row1>
						<row2>	0.0000 0.0000 1.0000 0.0000	</row2>
						<row3>	0.0533 0.3477 -2.2884 1.0000	</row3>
					</transform>
				</node>
				<node>
					<identifier>	MP_AM2026_Ammunition_Box_INDEX_1	</identifier>
					<transform>
						<row0>	-1.0000 0.0000 0.0000 0.0000	</row0>
						<row1>	0.0000 1.0000 0.0000 0.0000	</row1>
						<row2>	0.0000 0.0000 -1.0000 0.0000	</row2>
						<row3>	-0.0259 0.3480 -1.2964 1.0000	</row3>
					</transform>
				</node>
				<node>
					<identifier>	MP_AM2026_Ammunition_Box_INDEX_2	</identifier>
					<transform>
						<row0>	1.0000 0.0000 0.0000 0.0000	</row0>
						<row1>	0.0000 1.0000 0.0000 0.0000	</row1>
						<row2>	0.0000 0.0000 1.0000 0.0000	</row2>
						<row3>	-0.0533 0.3477 -2.2884 1.0000	</row3>
					</transform>
				</node>
				<node>
					<identifier>	MP_AM2026_Ammunition_Box_INDEX_3	</identifier>
					<transform>
						<row0>	-1.0000 0.0000 0.0000 0.0000	</row0>
						<row1>	0.0000 1.0000 0.0000 0.0000	</row1>
						<row2>	0.0000 0.0000 -1.0000 0.0000	</row2>
						<row3>	0.0259 0.3480 -1.2964 1.0000	</row3>
					</transform>
				</node>
				<node>
					<identifier>	MP_AM293_Reels	</identifier>
					<transform>
						<row0>	0.8500 0.0000 0.0000 0.0000	</row0>
						<row1>	0.0000 0.8500 0.0000 0.0000	</row1>
						<row2>	0.0000 0.0000 0.8500 0.0000	</row2>
						<row3>	0.0000 0.2773 -2.6458 1.0000	</row3>
					</transform>
				</node>
				<node>
					<identifier>	MP_AM332_Davit	</identifier>
					<transform>
						<row0>	-1.0000 0.0000 0.0000 0.0000	</row0>
						<row1>	0.0000 0.0000 -1.0000 0.0000	</row1>
						<row2>	0.0000 -1.0000 0.0000 0.0000	</row2>
						<row3>	0.2815 0.3126 -1.5929 1.0000	</row3>
					</transform>
				</node>
				<node>
					<identifier>	MP_AM332_Davit_INDEX_1	</identifier>
					<transform>
						<row0>	-1.0000 0.0000 0.0000 0.0000	</row0>
						<row1>	0.0000 0.0000 -1.0000 0.0000	</row1>
						<row2>	0.0000 -1.0000 0.0000 0.0000	</row2>
						<row3>	-0.2765 0.3126 -1.5970 1.0000	</row3>
					</transform>
				</node>
				<node>
					<identifier>	MP_AM350_Filling_connection	</identifier>
					<transform>
						<row0>	1.0000 0.0000 0.0000 0.0000	</row0>
						<row1>	0.0000 1.0000 0.0000 0.0000	</row1>
						<row2>	0.0000 0.0000 1.0000 0.0000	</row2>
						<row3>	0.4313 0.2009 -1.1146 1.0000	</row3>
					</transform>
				</node>
				<node>
					<identifier>	MP_AM350_Filling_connection_INDEX_1	</identifier>
					<transform>
						<row0>	-1.0000 0.0000 0.0000 0.0000	</row0>
						<row1>	0.0000 1.0000 0.0000 0.0000	</row1>
						<row2>	0.0000 0.0000 -1.0000 0.0000	</row2>
						<row3>	-0.4313 0.2009 -1.1146 1.0000	</row3>
					</transform>
				</node>
				<node>
					<identifier>	MP_AM374_Fender	</identifier>
					<transform>
						<row0>	-0.6000 0.0000 0.0000 0.0000	</row0>
						<row1>	0.0000 0.6000 0.0000 0.0000	</row1>
						<row2>	0.0000 0.0000 -0.6000 0.0000	</row2>
						<row3>	-0.1363 0.2191 -2.6099 1.0000	</row3>
					</transform>
				</node>
				<node>
					<identifier>	MP_AM374_Fender_INDEX_1	</identifier>
					<transform>
						<row0>	-0.6000 0.0000 0.0000 0.0000	</row0>
						<row1>	0.0000 0.6000 0.0000 0.0000	</row1>
						<row2>	0.0000 0.0000 -0.6000 0.0000	</row2>
						<row3>	-0.0864 0.2196 -2.6099 1.0000	</row3>
					</transform>
				</node>
				<node>
					<identifier>	MP_AM442_Multipole_Switch	</identifier>
					<transform>
						<row0>	-0.5000 0.0000 -0.8660 0.0000	</row0>
						<row1>	0.0000 1.0000 0.0000 0.0000	</row1>
						<row2>	0.8660 0.0000 -0.5000 0.0000	</row2>
						<row3>	-0.0671 0.5349 -2.2215 1.0000	</row3>
					</transform>
				</node>
				<node>
					<identifier>	MP_AM442_Multipole_Switch_INDEX_1	</identifier>
					<transform>
						<row0>	0.4226 0.0000 -0.9063 0.0000	</row0>
						<row1>	0.0000 1.0000 0.0000 0.0000	</row1>
						<row2>	0.9063 0.0000 0.4226 0.0000	</row2>
						<row3>	-0.1676 0.3980 -2.5544 1.0000	</row3>
					</transform>
				</node>
				<node>
					<identifier>	MP_AM442_Multipole_Switch_INDEX_2	</identifier>
					<transform>
						<row0>	0.2307 0.0000 0.9730 0.0000	</row0>
						<row1>	0.0000 1.0000 0.0000 0.0000	</row1>
						<row2>	-0.9730 0.0000 0.2307 0.0000	</row2>
						<row3>	0.3904 0.4077 -1.1819 1.0000	</row3>
					</transform>
				</node>
				<node>
					<identifier>	MP_AM442_Multipole_Switch_INDEX_3	</identifier>
					<transform>
						<row0>	0.2307 0.0000 -0.9730 0.0000	</row0>
						<row1>	0.0000 1.0000 0.0000 0.0000	</row1>
						<row2>	0.9730 0.0000 0.2307 0.0000	</row2>
						<row3>	-0.3904 0.4077 -1.1819 1.0000	</row3>
					</transform>
				</node>
				<node>
					<identifier>	MP_AM549_Life_Buoy	</identifier>
					<transform>
						<row0>	1.0000 0.0000 0.0000 0.0000	</row0>
						<row1>	0.0000 1.0000 0.0000 0.0000	</row1>
						<row2>	0.0000 0.0000 1.0000 0.0000	</row2>
						<row3>	0.2730 0.3138 -1.9189 1.0000	</row3>
					</transform>
				</node>
				<node>
					<identifier>	MP_AM549_Life_Buoy_INDEX_1	</identifier>
					<transform>
						<row0>	-1.0000 0.0000 0.0000 0.0000	</row0>
						<row1>	0.0000 1.0000 0.0000 0.0000	</row1>
						<row2>	0.0000 0.0000 -1.0000 0.0000	</row2>
						<row3>	-0.2730 0.3138 -1.9189 1.0000	</row3>
					</transform>
				</node>
				<node>
					<identifier>	MP_AM628_Cooling_tube	</identifier>
					<transform>
						<row0>	-0.2108 0.1400 -0.9674 0.0000	</row0>
						<row1>	0.0298 0.9901 0.1368 0.0000	</row1>
						<row2>	0.9771 0.0000 -0.2129 0.0000	</row2>
						<row3>	0.1976 0.2870 -2.5669 1.0000	</row3>
					</transform>
				</node>
				<node>
					<identifier>	MP_AM628_Cooling_tube_INDEX_1	</identifier>
					<transform>
						<row0>	-0.2108 0.1400 -0.9674 0.0000	</row0>
						<row1>	0.0298 0.9901 0.1368 0.0000	</row1>
						<row2>	0.9771 0.0000 -0.2129 0.0000	</row2>
						<row3>	0.1998 0.2687 -2.5561 1.0000	</row3>
					</transform>
				</node>
				<node>
					<identifier>	MP_AM628_Cooling_tube_INDEX_2	</identifier>
					<transform>
						<row0>	0.2166 0.1400 -0.9662 0.0000	</row0>
						<row1>	-0.0298 0.9901 0.1368 0.0000	</row1>
						<row2>	0.9758 -0.0008 0.2186 0.0000	</row2>
						<row3>	-0.1972 0.2866 -2.5670 1.0000	</row3>
					</transform>
				</node>
				<node>
					<identifier>	MP_AM628_Cooling_tube_INDEX_3	</identifier>
					<transform>
						<row0>	0.2154 0.1400 -0.9664 0.0000	</row0>
						<row1>	-0.0298 0.9901 0.1368 0.0000	</row1>
						<row2>	0.9761 -0.0007 0.2175 0.0000	</row2>
						<row3>	-0.1997 0.2691 -2.5567 1.0000	</row3>
					</transform>
				</node>
				<node>
					<identifier>	MP_AM679_Stowage_Rack	</identifier>
					<transform>
						<row0>	1.0000 0.0000 0.0000 0.0000	</row0>
						<row1>	0.0000 0.9993 0.0367 0.0000	</row1>
						<row2>	0.0000 -0.0367 0.9993 0.0000	</row2>
						<row3>	0.1672 0.2460 -3.8724 1.0000	</row3>
					</transform>
				</node>
				<node>
					<identifier>	MP_AM679_Stowage_Rack_INDEX_1	</identifier>
					<transform>
						<row0>	1.0000 0.0000 0.0000 0.0000	</row0>
						<row1>	0.0000 0.9993 0.0367 0.0000	</row1>
						<row2>	0.0000 -0.0367 0.9993 0.0000	</row2>
						<row3>	-0.1672 0.2460 -3.8724 1.0000	</row3>
					</transform>
				</node>
				<node>
					<identifier>	MP_AM680_Depth_Charge_Roller_Rack_L	</identifier>
					<transform>
						<row0>	1.0000 0.0000 0.0000 0.0000	</row0>
						<row1>	0.0000 1.0000 0.0000 0.0000	</row1>
						<row2>	0.0000 0.0000 1.0000 0.0000	</row2>
						<row3>	-0.4027 0.1969 -1.9728 1.0000	</row3>
					</transform>
				</node>
				<node>
					<identifier>	MP_AM681_Depth_Charge_Roller_Rack_R	</identifier>
					<transform>
						<row0>	1.0000 0.0000 0.0000 0.0000	</row0>
						<row1>	0.0000 1.0000 0.0000 0.0000	</row1>
						<row2>	0.0000 0.0000 1.0000 0.0000	</row2>
						<row3>	0.4027 0.1969 -1.9728 1.0000	</row3>
					</transform>
				</node>
				<node>
					<identifier>	MP_AM720_Helmets_Rack	</identifier>
					<transform>
						<row0>	-0.2349 0.0000 0.9720 0.0000	</row0>
						<row1>	0.0000 1.0000 0.0000 0.0000	</row1>
						<row2>	-0.9720 0.0000 -0.2349 0.0000	</row2>
						<row3>	-0.2313 0.2314 -2.3813 1.0000	</row3>
					</transform>
				</node>
				<node>
					<identifier>	MP_AM720_Helmets_Rack_INDEX_1	</identifier>
					<transform>
						<row0>	-0.2349 0.0000 -0.9720 0.0000	</row0>
						<row1>	0.0000 1.0000 0.0000 0.0000	</row1>
						<row2>	0.9720 0.0000 -0.2349 0.0000	</row2>
						<row3>	0.2313 0.2314 -2.3813 1.0000	</row3>
					</transform>
				</node>
				<node>
					<identifier>	MP_AM722_Ammobox_big	</identifier>
					<transform>
						<row0>	0.2148 -0.0195 0.9765 0.0000	</row0>
						<row1>	0.0000 0.9998 0.0200 0.0000	</row1>
						<row2>	-0.9767 -0.0043 0.2147 0.0000	</row2>
						<row3>	0.2225 0.2105 -2.5195 1.0000	</row3>
					</transform>
				</node>
				<node>
					<identifier>	MP_AM722_Ammobox_big_INDEX_1	</identifier>
					<transform>
						<row0>	0.2148 0.0195 -0.9765 0.0000	</row0>
						<row1>	0.0000 0.9998 0.0200 0.0000	</row1>
						<row2>	0.9767 -0.0043 0.2147 0.0000	</row2>
						<row3>	-0.2225 0.2105 -2.5195 1.0000	</row3>
					</transform>
				</node>
				<node>
					<identifier>	MP_AM727_Hatch	</identifier>
					<transform>
						<row0>	0.0000 0.0000 -1.0000 0.0000	</row0>
						<row1>	0.0000 1.0000 0.0000 0.0000	</row1>
						<row2>	1.0000 0.0000 0.0000 0.0000	</row2>
						<row3>	-0.0677 0.3463 -1.5135 1.0000	</row3>
					</transform>
				</node>
				<node>
					<identifier>	MP_AM735_Hatch	</identifier>
					<transform>
						<row0>	0.0000 0.0000 1.0000 0.0000	</row0>
						<row1>	0.0000 1.0000 0.0000 0.0000	</row1>
						<row2>	-1.0000 0.0000 0.0000 0.0000	</row2>
						<row3>	-0.1827 0.2067 -2.9183 1.0000	</row3>
					</transform>
				</node>
				<node>
					<identifier>	MP_AM738_Hatch	</identifier>
					<transform>
						<row0>	0.0000 0.0000 1.0000 0.0000	</row0>
						<row1>	0.0000 1.0000 0.0000 0.0000	</row1>
						<row2>	-1.0000 0.0000 0.0000 0.0000	</row2>
						<row3>	0.2096 0.3472 -2.2683 1.0000	</row3>
					</transform>
				</node>
				<node>
					<identifier>	MP_CM012_Fire_Hose_Rack_1	</identifier>
					<transform>
						<row0>	-1.0000 0.0000 0.0000 0.0000	</row0>
						<row1>	0.0000 1.0000 0.0000 0.0000	</row1>
						<row2>	0.0000 0.0000 -1.0000 0.0000	</row2>
						<row3>	0.2731 0.2396 -1.0752 1.0000	</row3>
					</transform>
				</node>
				<node>
					<identifier>	MP_CM012_Fire_Hose_Rack_1_INDEX_1	</identifier>
					<transform>
						<row0>	1.0000 0.0000 0.0000 0.0000	</row0>
						<row1>	0.0000 1.0000 0.0000 0.0000	</row1>
						<row2>	0.0000 0.0000 1.0000 0.0000	</row2>
						<row3>	-0.2731 0.2396 -1.0752 1.0000	</row3>
					</transform>
				</node>
				<node>
					<identifier>	MP_CM012_Fire_Hose_Rack_1_INDEX_2	</identifier>
					<transform>
						<row0>	-0.9659 0.0000 0.2588 0.0000	</row0>
						<row1>	0.0000 1.0000 0.0000 0.0000	</row1>
						<row2>	-0.2588 0.0000 -0.9659 0.0000	</row2>
						<row3>	0.2633 0.2544 -2.2374 1.0000	</row3>
					</transform>
				</node>
				<node>
					<identifier>	MP_CM012_Fire_Hose_Rack_1_INDEX_3	</identifier>
					<transform>
						<row0>	0.9659 0.0000 0.2588 0.0000	</row0>
						<row1>	0.0000 1.0000 0.0000 0.0000	</row1>
						<row2>	-0.2588 0.0000 0.9659 0.0000	</row2>
						<row3>	-0.2627 0.2542 -2.2398 1.0000	</row3>
					</transform>
				</node>
				<node>
					<identifier>	MP_CM014_Fuel_Oil_Hose	</identifier>
					<transform>
						<row0>	-1.0000 0.0073 0.0000 0.0000	</row0>
						<row1>	-0.0073 -1.0000 0.0000 0.0000	</row1>
						<row2>	0.0000 0.0000 1.0000 0.0000	</row2>
						<row3>	0.2791 0.2862 -1.0621 1.0000	</row3>
					</transform>
				</node>
				<node>
					<identifier>	MP_CM014_Fuel_Oil_Hose_INDEX_1	</identifier>
					<transform>
						<row0>	1.0000 0.0073 0.0000 0.0000	</row0>
						<row1>	0.0073 -1.0000 0.0000 0.0000	</row1>
						<row2>	0.0000 0.0000 -1.0000 0.0000	</row2>
						<row3>	-0.2791 0.2862 -1.0621 1.0000	</row3>
					</transform>
				</node>
				<node>
					<identifier>	MP_CM029_Emergency_Box	</identifier>
					<transform>
						<row0>	0.2220 0.0000 0.9751 0.0000	</row0>
						<row1>	0.0000 1.0000 0.0000 0.0000	</row1>
						<row2>	-0.9751 0.0000 0.2220 0.0000	</row2>
						<row3>	0.2364 0.3047 -2.3895 1.0000	</row3>
					</transform>
				</node>
				<node>
					<identifier>	MP_CM029_Emergency_Box_INDEX_1	</identifier>
					<transform>
						<row0>	0.2220 0.0000 -0.9751 0.0000	</row0>
						<row1>	0.0000 1.0000 0.0000 0.0000	</row1>
						<row2>	0.9751 0.0000 0.2220 0.0000	</row2>
						<row3>	-0.2380 0.3047 -2.3825 1.0000	</row3>
					</transform>
				</node>
				<node>
					<identifier>	MP_CM156_Fire_Fighting_Gear	</identifier>
					<transform>
						<row0>	0.9239 0.0000 0.3827 0.0000	</row0>
						<row1>	0.0000 1.0000 0.0000 0.0000	</row1>
						<row2>	-0.3827 0.0000 0.9239 0.0000	</row2>
						<row3>	0.2869 0.2080 -1.1055 1.0000	</row3>
					</transform>
				</node>
				<node>
					<identifier>	MP_CM156_Fire_Fighting_Gear_INDEX_1	</identifier>
					<transform>
						<row0>	-0.9659 0.0000 -0.2588 0.0000	</row0>
						<row1>	0.0000 1.0000 0.0000 0.0000	</row1>
						<row2>	0.2588 0.0000 -0.9659 0.0000	</row2>
						<row3>	-0.2819 0.2081 -1.1305 1.0000	</row3>
					</transform>
				</node>
				<node>
					<identifier>	MP_CM156_Fire_Fighting_Gear_INDEX_2	</identifier>
					<transform>
						<row0>	1.0000 0.0000 0.0000 0.0000	</row0>
						<row1>	0.0000 1.0000 0.0000 0.0000	</row1>
						<row2>	0.0000 0.0000 1.0000 0.0000	</row2>
						<row3>	0.2829 0.2073 -2.2033 1.0000	</row3>
					</transform>
				</node>
				<node>
					<identifier>	MP_CM156_Fire_Fighting_Gear_INDEX_3	</identifier>
					<transform>
						<row0>	1.0000 0.0000 0.0000 0.0000	</row0>
						<row1>	0.0000 1.0000 0.0000 0.0000	</row1>
						<row2>	0.0000 0.0000 1.0000 0.0000	</row2>
						<row3>	-0.2829 0.2073 -2.2033 1.0000	</row3>
					</transform>
				</node>
				<node>
					<identifier>	MP_CM166_Propeller4_R	</identifier>
					<transform>
						<row0>	0.6792 0.0002 0.0065 0.0000	</row0>
						<row1>	0.0000 0.6788 -0.0236 0.0000	</row1>
						<row2>	-0.0065 0.0236 0.6788 0.0000	</row2>
						<row3>	0.2071 -0.2521 -3.6958 1.0000	</row3>
					</transform>
				</node>
				<node>
					<identifier>	MP_CM167_Propeller4_L	</identifier>
					<transform>
						<row0>	0.6792 0.0002 0.0065 0.0000	</row0>
						<row1>	0.0000 0.6788 -0.0236 0.0000	</row1>
						<row2>	-0.0065 0.0236 0.6788 0.0000	</row2>
						<row3>	-0.2071 -0.2521 -3.6958 1.0000	</row3>
					</transform>
				</node>
				<node>
					<identifier>	SP_YMS004_YHXL_L_1_INDEX_2	</identifier>
					<transform>
						<row0>	0.4128 0.0188 0.0293 0.0000	</row0>
						<row1>	-0.0185 0.4138 -0.0045 0.0000	</row1>
						<row2>	-0.0294 0.0032 0.4132 0.0000	</row2>
						<row3>	-0.3963 0.1560 -3.3821 1.0000	</row3>
					</transform>
				</node>
				<node>
					<identifier>	SP_YMS004_YHXL_L_1_INDEX_4	</identifier>
					<transform>
						<row0>	0.4128 0.0188 0.0293 0.0000	</row0>
						<row1>	-0.0185 0.4138 -0.0045 0.0000	</row1>
						<row2>	-0.0294 0.0032 0.4132 0.0000	</row2>
						<row3>	-0.3963 0.1560 -3.3821 1.0000	</row3>
					</transform>
				</node>
				<node>
					<identifier>	SP_YMS011_YHWL_M_1_INDEX_1	</identifier>
					<transform>
						<row0>	0.9004 0.3143 0.0098 0.0000	</row0>
						<row1>	-0.3140 0.9003 -0.0233 0.0000	</row1>
						<row2>	-0.0169 0.0188 0.9534 0.0000	</row2>
						<row3>	-0.4497 0.0143 -1.2846 1.0000	</row3>
					</transform>
				</node>
				<node>
					<identifier>	SP_YMS011_YHWL_M_1_INDEX_2	</identifier>
					<transform>
						<row0>	0.8989 0.3184 0.0142 0.0000	</row0>
						<row1>	-0.3181 0.8989 -0.0209 0.0000	</row1>
						<row2>	-0.0204 0.0150 0.9534 0.0000	</row2>
						<row3>	-0.4305 0.0143 -2.0960 1.0000	</row3>
					</transform>
				</node>
				<node>
					<identifier>	SP_YMS011_YHWL_M_1_INDEX_3	</identifier>
					<transform>
						<row0>	0.8142 0.4952 0.0394 0.0000	</row0>
						<row1>	-0.4943 0.8151 -0.0299 0.0000	</row1>
						<row2>	-0.0492 0.0050 0.9525 0.0000	</row2>
						<row3>	-0.3943 0.0143 -2.9040 1.0000	</row3>
					</transform>
				</node>
				<node>
					<identifier>	SP_YMS011_YHWL_M_1_INDEX_8	</identifier>
					<transform>
						<row0>	0.9004 0.3143 0.0098 0.0000	</row0>
						<row1>	-0.3140 0.9003 -0.0233 0.0000	</row1>
						<row2>	-0.0169 0.0188 0.9534 0.0000	</row2>
						<row3>	-0.4497 0.0143 -1.2846 1.0000	</row3>
					</transform>
				</node>
				<node>
					<identifier>	SP_YMS012_YHWR_M_1	</identifier>
					<transform>
						<row0>	0.9004 -0.3143 -0.0098 0.0000	</row0>
						<row1>	0.3140 0.9003 -0.0233 0.0000	</row1>
						<row2>	0.0169 0.0188 0.9534 0.0000	</row2>
						<row3>	0.4497 0.0143 -1.2846 1.0000	</row3>
					</transform>
				</node>
				<node>
					<identifier>	SP_YMS012_YHWR_M_1_INDEX_2	</identifier>
					<transform>
						<row0>	0.8989 -0.3184 -0.0142 0.0000	</row0>
						<row1>	0.3181 0.8989 -0.0209 0.0000	</row1>
						<row2>	0.0204 0.0150 0.9534 0.0000	</row2>
						<row3>	0.4305 0.0143 -2.0960 1.0000	</row3>
					</transform>
				</node>
				<node>
					<identifier>	SP_YMS012_YHWR_M_1_INDEX_4	</identifier>
					<transform>
						<row0>	0.8142 -0.4952 -0.0394 0.0000	</row0>
						<row1>	0.4943 0.8151 -0.0299 0.0000	</row1>
						<row2>	0.0492 0.0050 0.9525 0.0000	</row2>
						<row3>	0.3943 0.0143 -2.9040 1.0000	</row3>
					</transform>
				</node>
				<node>
					<identifier>	SP_YMS020_YHBU_M_1_INDEX_1	</identifier>
					<transform>
						<row0>	-1.0000 0.0000 0.0000 0.0000	</row0>
						<row1>	0.0000 1.0000 0.0000 0.0000	</row1>
						<row2>	0.0000 0.0000 -1.0000 0.0000	</row2>
						<row3>	0.0000 0.0607 -4.1076 1.0000	</row3>
					</transform>
				</node>
				<node>
					<identifier>	SP_YMS020_YHBU_M_1_INDEX_2	</identifier>
					<transform>
						<row0>	-1.0000 0.0000 0.0000 0.0000	</row0>
						<row1>	0.0000 1.0000 0.0000 0.0000	</row1>
						<row2>	0.0000 0.0000 -1.0000 0.0000	</row2>
						<row3>	0.0000 0.0607 -4.1076 1.0000	</row3>
					</transform>
				</node>
				<node>
					<identifier>	SP_YMS022_YHUS_L_1	</identifier>
					<transform>
						<row0>	0.0808 -0.0487 0.9967 0.0000	</row0>
						<row1>	0.8341 0.5522 -0.0406 0.0000	</row1>
						<row2>	-0.5478 0.8336 0.0851 0.0000	</row2>
						<row3>	0.1036 -0.1928 -2.7858 1.0000	</row3>
					</transform>
				</node>
				<node>
					<identifier>	SP_YMS022_YHUS_L_1_INDEX_4	</identifier>
					<transform>
						<row0>	0.0523 -0.0078 1.0804 0.0000	</row0>
						<row1>	0.9379 0.5373 -0.0415 0.0000	</row1>
