<BSC002_Belfast_1962_Stern.skel_ext>
	<exported>	true	</exported>
	<node>
		<identifier>	MP_BM021_Crown	</identifier>
		<parent>	Scene Root	</parent>
		<transform>
			<row0>	1.0000 0.0000 0.0000 0.0000	</row0>
			<row1>	0.0000 0.9851 -0.1719 0.0000	</row1>
			<row2>	0.0000 0.1719 0.9851 0.0000	</row2>
			<row3>	0.0180 0.7847 -6.2049 1.0000	</row3>
		</transform>
	</node>
	<node>
		<identifier>	MP_BM753_Deck_Hatch	</identifier>
		<parent>	Scene Root	</parent>
		<transform>
			<row0>	0.0000 0.0000 -1.0000 0.0000	</row0>
			<row1>	0.0000 1.0000 0.0000 0.0000	</row1>
			<row2>	1.0000 0.0000 0.0000 0.0000	</row2>
			<row3>	0.0000 0.2358 -4.5244 1.0000	</row3>
		</transform>
	</node>
	<node>
		<identifier>	MP_BM753_Deck_Hatch_INDEX_1	</identifier>
		<parent>	Scene Root	</parent>
		<transform>
			<row0>	0.0000 0.0000 -1.0000 0.0000	</row0>
			<row1>	0.0000 1.0000 0.0000 0.0000	</row1>
			<row2>	1.0000 0.0000 0.0000 0.0000	</row2>
			<row3>	0.0000 0.2438 -5.0056 1.0000	</row3>
		</transform>
	</node>
	<node>
		<identifier>	MP_BM754_Deck_Hatch	</identifier>
		<parent>	Scene Root	</parent>
		<transform>
			<row0>	0.0000 0.0000 -1.0000 0.0000	</row0>
			<row1>	0.0000 1.0000 0.0000 0.0000	</row1>
			<row2>	1.0000 0.0000 0.0000 0.0000	</row2>
			<row3>	0.0079 0.2661 -5.8038 1.0000	</row3>
		</transform>
	</node>
	<node>
		<identifier>	MP_BM800_Ventilators_mushroom	</identifier>
		<parent>	Scene Root	</parent>
		<transform>
			<row0>	-0.4186 0.0000 0.2821 0.0000	</row0>
			<row1>	0.0000 0.8413 0.0000 0.0000	</row1>
			<row2>	-0.2821 0.0000 -0.4186 0.0000	</row2>
			<row3>	0.3599 0.2361 -5.1254 1.0000	</row3>
		</transform>
	</node>
	<node>
		<identifier>	MP_BM800_Ventilators_mushroom_INDEX_1	</identifier>
		<parent>	Scene Root	</parent>
		<transform>
			<row0>	-0.7608 0.0000 0.2472 0.0000	</row0>
			<row1>	0.0000 1.0000 0.0000 0.0000	</row1>
			<row2>	-0.2472 0.0000 -0.7608 0.0000	</row2>
			<row3>	-0.0436 0.2371 -4.9530 1.0000	</row3>
		</transform>
	</node>
	<node>
		<identifier>	MP_BM800_Ventilators_mushroom_INDEX_2	</identifier>
		<parent>	Scene Root	</parent>
		<transform>
			<row0>	-0.7999 0.0000 -0.0132 0.0000	</row0>
			<row1>	0.0000 1.0000 0.0000 0.0000	</row1>
			<row2>	0.0132 0.0000 -0.7999 0.0000	</row2>
			<row3>	0.0007 0.2399 -5.0554 1.0000	</row3>
		</transform>
	</node>
	<node>
		<identifier>	MP_BM800_Ventilators_mushroom_INDEX_3	</identifier>
		<parent>	Scene Root	</parent>
		<transform>
			<row0>	-0.5998 0.0000 0.0148 0.0000	</row0>
			<row1>	0.0000 1.0000 0.0000 0.0000	</row1>
			<row2>	-0.0148 0.0000 -0.5998 0.0000	</row2>
			<row3>	0.0373 0.2399 -5.0553 1.0000	</row3>
		</transform>
	</node>
	<node>
		<identifier>	MP_BM800_Ventilators_mushroom_INDEX_4	</identifier>
		<parent>	Scene Root	</parent>
		<transform>
			<row0>	-0.7949 0.0000 0.0903 0.0000	</row0>
			<row1>	0.0000 1.0000 0.0000 0.0000	</row1>
			<row2>	-0.0903 0.0000 -0.7949 0.0000	</row2>
			<row3>	-0.0351 0.2399 -5.0554 1.0000	</row3>
		</transform>
	</node>
	<node>
		<identifier>	MP_BM800_Ventilators_mushroom_INDEX_5	</identifier>
		<parent>	Scene Root	</parent>
		<transform>
			<row0>	-0.7970 0.0000 -0.0692 0.0000	</row0>
			<row1>	0.0000 1.0000 0.0000 0.0000	</row1>
			<row2>	0.0692 0.0000 -0.7970 0.0000	</row2>
			<row3>	0.0371 0.2311 -4.4677 1.0000	</row3>
		</transform>
	</node>
	<node>
		<identifier>	MP_BM803_Ventilation_box	</identifier>
		<parent>	Scene Root	</parent>
		<transform>
			<row0>	-0.0009 0.0000 1.0000 0.0000	</row0>
			<row1>	0.0000 1.0000 0.0000 0.0000	</row1>
			<row2>	-0.8000 0.0000 -0.0007 0.0000	</row2>
			<row3>	0.0371 0.2383 -4.9426 1.0000	</row3>
		</transform>
	</node>
	<node>
		<identifier>	MP_BM857_Fog_Light	</identifier>
		<parent>	Scene Root	</parent>
		<transform>
			<row0>	-1.0000 0.0000 0.0000 0.0000	</row0>
			<row1>	0.0000 1.0000 0.0000 0.0000	</row1>
			<row2>	0.0000 0.0000 -1.0000 0.0000	</row2>
			<row3>	0.0000 0.3400 -6.1328 1.0000	</row3>
		</transform>
	</node>
	<node>
		<identifier>	MP_BM868_Screened_speed_light	</identifier>
		<parent>	Scene Root	</parent>
		<transform>
			<row0>	0.5000 0.0000 0.0000 0.0000	</row0>
			<row1>	0.0000 0.5000 0.0000 0.0000	</row1>
			<row2>	0.0000 0.0000 0.5000 0.0000	</row2>
			<row3>	0.0000 0.3757 -6.1434 1.0000	</row3>
		</transform>
	</node>
	<node>
		<identifier>	MP_BM872_Running_Lights_B	</identifier>
		<parent>	Scene Root	</parent>
		<transform>
			<row0>	-1.0000 0.0000 0.0000 0.0000	</row0>
			<row1>	0.0000 1.0000 0.0000 0.0000	</row1>
			<row2>	0.0000 0.0000 -1.0000 0.0000	</row2>
			<row3>	0.0003 0.5663 -6.1992 1.0000	</row3>
		</transform>
	</node>
	<node>
		<identifier>	MP_BM905_Crane_for_Ladder_L	</identifier>
		<parent>	Scene Root	</parent>
		<transform>
			<row0>	0.9916 0.0000 0.1295 0.0000	</row0>
			<row1>	0.0000 1.0000 0.0000 0.0000	</row1>
			<row2>	-0.1295 0.0000 0.9916 0.0000	</row2>
			<row3>	-0.4485 0.2416 -4.6990 1.0000	</row3>
		</transform>
	</node>
	<node>
		<identifier>	MP_BM905_Crane_for_Ladder_L_INDEX_1	</identifier>
		<parent>	Scene Root	</parent>
		<transform>
			<row0>	0.9955 0.0000 0.0950 0.0000	</row0>
			<row1>	0.0000 1.0000 0.0000 0.0000	</row1>
			<row2>	-0.0950 0.0000 0.9955 0.0000	</row2>
			<row3>	-0.5063 0.2330 -4.1806 1.0000	</row3>
		</transform>
	</node>
	<node>
		<identifier>	MP_BM906_Crane_for_Ladder_R	</identifier>
		<parent>	Scene Root	</parent>
		<transform>
			<row0>	0.9955 0.0000 -0.0950 0.0000	</row0>
			<row1>	0.0000 1.0000 0.0000 0.0000	</row1>
			<row2>	0.0950 0.0000 0.9955 0.0000	</row2>
			<row3>	0.5063 0.2330 -4.1806 1.0000	</row3>
		</transform>
	</node>
	<node>
		<identifier>	MP_BM906_Crane_for_Ladder_R_INDEX_1	</identifier>
		<parent>	Scene Root	</parent>
		<transform>
			<row0>	0.9916 0.0000 -0.1295 0.0000	</row0>
			<row1>	0.0000 1.0000 0.0000 0.0000	</row1>
			<row2>	0.1295 0.0000 0.9916 0.0000	</row2>
			<row3>	0.4485 0.2416 -4.6990 1.0000	</row3>
		</transform>
	</node>
	<node>
		<identifier>	MP_BM952_Bollard	</identifier>
		<parent>	Scene Root	</parent>
		<transform>
			<row0>	0.9914 0.0000 0.1309 0.0000	</row0>
			<row1>	-0.0018 0.9999 0.0140 0.0000	</row1>
			<row2>	-0.1309 -0.0141 0.9913 0.0000	</row2>
			<row3>	-0.3948 0.2337 -4.7734 1.0000	</row3>
		</transform>
	</node>
	<node>
		<identifier>	MP_BM952_Bollard_INDEX_1	</identifier>
		<parent>	Scene Root	</parent>
		<transform>
			<row0>	0.9914 0.0000 -0.1309 0.0000	</row0>
			<row1>	0.0018 0.9999 0.0140 0.0000	</row1>
			<row2>	0.1309 -0.0141 0.9913 0.0000	</row2>
			<row3>	0.3948 0.2337 -4.7734 1.0000	</row3>
		</transform>
	</node>
	<node>
		<identifier>	MP_BM963_Anchor_Capstan_Stern	</identifier>
		<parent>	Scene Root	</parent>
		<transform>
			<row0>	1.0000 0.0000 0.0000 0.0000	</row0>
			<row1>	0.0000 1.0000 0.0000 0.0000	</row1>
			<row2>	0.0000 0.0000 1.0000 0.0000	</row2>
			<row3>	0.0000 0.2373 -4.7580 1.0000	</row3>
		</transform>
	</node>
	<node>
		<identifier>	MP_CM001_Propeller3_L	</identifier>
		<parent>	Scene Root	</parent>
		<transform>
			<row0>	0.9994 -0.0013 -0.0354 0.0000	</row0>
			<row1>	-0.0002 0.9992 -0.0402 0.0000	</row1>
			<row2>	0.0354 0.0402 0.9986 0.0000	</row2>
			<row3>	-0.4347 -0.3265 -4.2413 1.0000	</row3>
		</transform>
	</node>
	<node>
		<identifier>	MP_CM001_Propeller3_L_INDEX_1	</identifier>
		<parent>	Scene Root	</parent>
		<transform>
			<row0>	1.0000 0.0040 -0.0002 0.0000	</row0>
			<row1>	-0.0040 0.9981 -0.0608 0.0000	</row1>
			<row2>	0.0000 0.0608 0.9982 0.0000	</row2>
			<row3>	-0.2084 -0.3392 -5.1522 1.0000	</row3>
		</transform>
	</node>
	<node>
		<identifier>	MP_CM032_Propeller3_R	</identifier>
		<parent>	Scene Root	</parent>
		<transform>
			<row0>	1.0000 -0.0040 0.0002 0.0000	</row0>
			<row1>	0.0040 0.9981 -0.0608 0.0000	</row1>
			<row2>	0.0000 0.0608 0.9982 0.0000	</row2>
			<row3>	0.2084 -0.3392 -5.1522 1.0000	</row3>
		</transform>
	</node>
	<node>
		<identifier>	MP_CM032_Propeller3_R_INDEX_1	</identifier>
		<parent>	Scene Root	</parent>
		<transform>
			<row0>	0.9994 0.0013 0.0354 0.0000	</row0>
			<row1>	0.0002 0.9992 -0.0402 0.0000	</row1>
			<row2>	-0.0354 0.0402 0.9986 0.0000	</row2>
			<row3>	0.4347 -0.3265 -4.2413 1.0000	</row3>
		</transform>
	</node>
	<node>
		<identifier>	MP_CM104_Life_Buoy	</identifier>
		<parent>	Scene Root	</parent>
		<transform>
			<row0>	0.6350 0.0000 0.7725 0.0000	</row0>
			<row1>	0.0000 1.0000 0.0000 0.0000	</row1>
			<row2>	-0.7725 0.0000 0.6350 0.0000	</row2>
			<row3>	0.0976 0.3399 -6.0525 1.0000	</row3>
		</transform>
	</node>
	<node>
		<identifier>	MP_CM104_Life_Buoy_INDEX_1	</identifier>
		<parent>	Scene Root	</parent>
		<transform>
			<row0>	0.6350 0.0000 -0.7725 0.0000	</row0>
			<row1>	0.0000 1.0000 0.0000 0.0000	</row1>
			<row2>	0.7725 0.0000 0.6350 0.0000	</row2>
			<row3>	-0.0976 0.3399 -6.0525 1.0000	</row3>
		</transform>
	</node>
</BSC002_Belfast_1962_Stern.skel_ext>
