<GSB017_Gneisenau_1943_Bow.skel_ext>
	<exported>	true	</exported>
	<node>
		<identifier>	MP_CM011_Fire_Fighting_Gear	</identifier>
		<parent>	Scene Root	</parent>
		<transform>
			<row0>	-1.0000 0.0000 0.0000 0.0000	</row0>
			<row1>	0.0000 1.0000 0.0000 0.0000	</row1>
			<row2>	0.0000 0.0000 -1.0000 0.0000	</row2>
			<row3>	-0.0245 0.3689 6.7123 1.0000	</row3>
		</transform>
	</node>
	<node>
		<identifier>	MP_CM015_Bundle_1	</identifier>
		<parent>	Scene Root	</parent>
		<transform>
			<row0>	1.0000 0.0000 0.0000 0.0000	</row0>
			<row1>	0.0000 0.9999 -0.0165 0.0000	</row1>
			<row2>	0.0000 0.0165 0.9999 0.0000	</row2>
			<row3>	-0.0420 0.3096 5.0110 1.0000	</row3>
		</transform>
	</node>
	<node>
		<identifier>	MP_CM109_Leadsman_Platform	</identifier>
		<parent>	Scene Root	</parent>
		<transform>
			<row0>	0.9748 0.0184 0.2224 0.0000	</row0>
			<row1>	0.0006 0.9964 -0.0851 0.0000	</row1>
			<row2>	-0.2232 0.0831 0.9712 0.0000	</row2>
			<row3>	0.2034 0.4471 7.8811 1.0000	</row3>
		</transform>
	</node>
	<node>
		<identifier>	MP_CM109_Leadsman_Platform_INDEX_1	</identifier>
		<parent>	Scene Root	</parent>
		<transform>
			<row0>	-0.9754 0.0185 0.2198 0.0000	</row0>
			<row1>	-0.0008 0.9962 -0.0870 0.0000	</row1>
			<row2>	-0.2206 -0.0850 -0.9717 0.0000	</row2>
			<row3>	-0.2033 0.4471 7.8811 1.0000	</row3>
		</transform>
	</node>
	<node>
		<identifier>	MP_GM007_LifeBuoy	</identifier>
		<parent>	Scene Root	</parent>
		<transform>
			<row0>	0.9903 0.0000 -0.1388 0.0000	</row0>
			<row1>	0.0000 1.0000 0.0000 0.0000	</row1>
			<row2>	0.1388 0.0000 0.9903 0.0000	</row2>
			<row3>	-0.5742 0.3771 5.7964 1.0000	</row3>
		</transform>
	</node>
	<node>
		<identifier>	MP_GM007_LifeBuoy_INDEX_1	</identifier>
		<parent>	Scene Root	</parent>
		<transform>
			<row0>	0.9948 0.0000 -0.1021 0.0000	</row0>
			<row1>	0.0000 1.0000 0.0000 0.0000	</row1>
			<row2>	0.1021 0.0000 0.9948 0.0000	</row2>
			<row3>	-0.7414 0.3444 4.4235 1.0000	</row3>
		</transform>
	</node>
	<node>
		<identifier>	MP_GM007_LifeBuoy_INDEX_2	</identifier>
		<parent>	Scene Root	</parent>
		<transform>
			<row0>	0.9903 0.0000 0.1388 0.0000	</row0>
			<row1>	0.0000 1.0000 0.0000 0.0000	</row1>
			<row2>	-0.1388 0.0000 0.9903 0.0000	</row2>
			<row3>	0.5746 0.3771 5.7964 1.0000	</row3>
		</transform>
	</node>
	<node>
		<identifier>	MP_GM007_LifeBuoy_INDEX_3	</identifier>
		<parent>	Scene Root	</parent>
		<transform>
			<row0>	0.9948 0.0000 0.1021 0.0000	</row0>
			<row1>	0.0000 1.0000 0.0000 0.0000	</row1>
			<row2>	-0.1021 0.0000 0.9948 0.0000	</row2>
			<row3>	0.7418 0.3444 4.4235 1.0000	</row3>
		</transform>
	</node>
	<node>
		<identifier>	MP_GM016_Sleeve	</identifier>
		<parent>	Scene Root	</parent>
		<transform>
			<row0>	1.0000 0.0000 0.0000 0.0000	</row0>
			<row1>	0.0000 0.9990 -0.0447 0.0000	</row1>
			<row2>	0.0000 0.0447 0.9990 0.0000	</row2>
			<row3>	0.0134 0.3929 6.7034 1.0000	</row3>
		</transform>
	</node>
	<node>
		<identifier>	MP_GM065_Firelead	</identifier>
		<parent>	Scene Root	</parent>
		<transform>
			<row0>	0.6817 -0.0087 -0.1589 0.0000	</row0>
			<row1>	-0.0092 0.6957 -0.0772 0.0000	</row1>
			<row2>	0.1589 0.0773 0.6773 0.0000	</row2>
			<row3>	-0.1074 0.4814 8.2315 1.0000	</row3>
		</transform>
	</node>
	<node>
		<identifier>	MP_GM065_Firelead_INDEX_1	</identifier>
		<parent>	Scene Root	</parent>
		<transform>
			<row0>	0.6817 0.0087 0.1589 0.0000	</row0>
			<row1>	0.0092 0.6957 -0.0772 0.0000	</row1>
			<row2>	-0.1589 0.0773 0.6773 0.0000	</row2>
			<row3>	0.1074 0.4814 8.2315 1.0000	</row3>
		</transform>
	</node>
	<node>
		<identifier>	MP_GM700_AmmoBox	</identifier>
		<parent>	Scene Root	</parent>
		<transform>
			<row0>	0.8778 0.0069 0.4789 0.0000	</row0>
			<row1>	0.0000 0.9999 -0.0143 0.0000	</row1>
			<row2>	-0.4790 0.0125 0.8777 0.0000	</row2>
			<row3>	-0.1846 0.3099 5.0907 1.0000	</row3>
		</transform>
	</node>
	<node>
		<identifier>	MP_GM700_AmmoBox_INDEX_1	</identifier>
		<parent>	Scene Root	</parent>
		<transform>
			<row0>	0.8778 0.0069 0.4789 0.0000	</row0>
			<row1>	0.0000 0.9999 -0.0143 0.0000	</row1>
			<row2>	-0.4790 0.0125 0.8777 0.0000	</row2>
			<row3>	-0.2615 0.3093 5.0487 1.0000	</row3>
		</transform>
	</node>
	<node>
		<identifier>	MP_GM700_AmmoBox_INDEX_2	</identifier>
		<parent>	Scene Root	</parent>
		<transform>
			<row0>	0.8778 -0.0069 -0.4789 0.0000	</row0>
			<row1>	0.0000 0.9999 -0.0143 0.0000	</row1>
			<row2>	0.4790 0.0125 0.8777 0.0000	</row2>
			<row3>	0.1846 0.3099 5.0907 1.0000	</row3>
		</transform>
	</node>
	<node>
		<identifier>	MP_GM700_AmmoBox_INDEX_3	</identifier>
		<parent>	Scene Root	</parent>
		<transform>
			<row0>	0.8778 -0.0069 -0.4789 0.0000	</row0>
			<row1>	0.0000 0.9999 -0.0143 0.0000	</row1>
			<row2>	0.4790 0.0125 0.8777 0.0000	</row2>
			<row3>	0.2615 0.3093 5.0487 1.0000	</row3>
		</transform>
	</node>
	<node>
		<identifier>	MP_GM856_Mastheadlight	</identifier>
		<parent>	Scene Root	</parent>
		<transform>
			<row0>	-0.8000 0.0000 0.0000 0.0000	</row0>
			<row1>	0.0000 0.8000 0.0000 0.0000	</row1>
			<row2>	0.0000 0.0000 -0.8000 0.0000	</row2>
			<row3>	0.0000 0.7307 8.4752 1.0000	</row3>
		</transform>
	</node>
</GSB017_Gneisenau_1943_Bow.skel_ext>
