<ASD307_Laffey_1944_MidFront_ports.visual>
	<skeleton>
		<node>
			<identifier>	Scene Root	</identifier>
			<transform>
				<row0>	1.0000 0.0000 0.0000 0.0000	</row0>
				<row1>	0.0000 1.0000 0.0000 0.0000	</row1>
				<row2>	0.0000 0.0000 1.0000 0.0000	</row2>
				<row3>	0.0000 0.0000 0.0000 1.0000	</row3>
			</transform>
			<node>
				<identifier>	MidFront_ports	</identifier>
				<transform>
					<row0>	1.0000 0.0000 0.0000 0.0000	</row0>
					<row1>	0.0000 1.0000 0.0000 0.0000	</row1>
					<row2>	0.0000 0.0000 1.0000 0.0000	</row2>
					<row3>	0.0000 0.0000 0.0000 1.0000	</row3>
				</transform>
				<node>
					<identifier>	HP_AD_1	</identifier>
					<transform>
						<row0>	0.0000 0.0000 1.0000 0.0000	</row0>
						<row1>	0.0000 1.0000 0.0000 0.0000	</row1>
						<row2>	-1.0000 0.0000 0.0000 0.0000	</row2>
						<row3>	-0.1932 0.6141 1.3181 1.0000	</row3>
					</transform>
				</node>
				<node>
					<identifier>	HP_AD_2	</identifier>
					<transform>
						<row0>	0.0000 0.0000 -1.0000 0.0000	</row0>
						<row1>	0.0000 1.0000 0.0000 0.0000	</row1>
						<row2>	1.0000 0.0000 0.0000 0.0000	</row2>
						<row3>	0.1932 0.6141 1.3181 1.0000	</row3>
					</transform>
				</node>
				<node>
					<identifier>	HP_AD_3	</identifier>
					<transform>
						<row0>	1.0000 0.0000 0.0000 0.0000	</row0>
						<row1>	0.0000 1.0000 0.0000 0.0000	</row1>
						<row2>	0.0000 0.0000 1.0000 0.0000	</row2>
						<row3>	0.0000 0.7543 1.1891 1.0000	</row3>
					</transform>
				</node>
				<node>
					<identifier>	HP_AD_4	</identifier>
					<transform>
						<row0>	0.0000 0.0000 1.0000 0.0000	</row0>
						<row1>	0.0000 1.0000 0.0000 0.0000	</row1>
						<row2>	-1.0000 0.0000 0.0000 0.0000	</row2>
						<row3>	-0.2081 0.6234 0.9873 1.0000	</row3>
					</transform>
				</node>
				<node>
					<identifier>	HP_AD_5	</identifier>
					<transform>
						<row0>	0.0000 0.0000 -1.0000 0.0000	</row0>
						<row1>	0.0000 1.0000 0.0000 0.0000	</row1>
						<row2>	1.0000 0.0000 0.0000 0.0000	</row2>
						<row3>	0.2081 0.6234 0.9873 1.0000	</row3>
					</transform>
				</node>
				<node>
					<identifier>	HP_AGA_1	</identifier>
					<transform>
						<row0>	0.0000 0.0000 1.0000 0.0000	</row0>
						<row1>	0.0000 1.0000 0.0000 0.0000	</row1>
						<row2>	-1.0000 0.0000 0.0000 0.0000	</row2>
						<row3>	-0.2030 0.3790 1.6301 1.0000	</row3>
					</transform>
				</node>
				<node>
					<identifier>	HP_AGA_2	</identifier>
					<transform>
						<row0>	0.0000 0.0000 -1.0000 0.0000	</row0>
						<row1>	0.0000 1.0000 0.0000 0.0000	</row1>
						<row2>	1.0000 0.0000 0.0000 0.0000	</row2>
						<row3>	0.2030 0.3790 1.6301 1.0000	</row3>
					</transform>
				</node>
				<node>
					<identifier>	HP_AGA_3	</identifier>
					<transform>
						<row0>	0.0000 0.0000 1.0000 0.0000	</row0>
						<row1>	0.0000 1.0000 0.0000 0.0000	</row1>
						<row2>	-1.0000 0.0000 0.0000 0.0000	</row2>
						<row3>	-0.2896 0.3714 1.4468 1.0000	</row3>
					</transform>
				</node>
				<node>
					<identifier>	HP_AGA_4	</identifier>
					<transform>
						<row0>	0.0000 0.0000 -1.0000 0.0000	</row0>
						<row1>	0.0000 1.0000 0.0000 0.0000	</row1>
						<row2>	1.0000 0.0000 0.0000 0.0000	</row2>
						<row3>	0.2896 0.3714 1.4468 1.0000	</row3>
					</transform>
				</node>
				<node>
					<identifier>	HP_AGA_5	</identifier>
					<transform>
						<row0>	0.0000 0.0000 1.0000 0.0000	</row0>
						<row1>	0.0000 1.0000 0.0000 0.0000	</row1>
						<row2>	-1.0000 0.0000 0.0000 0.0000	</row2>
						<row3>	-0.2650 0.4713 0.7143 1.0000	</row3>
					</transform>
				</node>
				<node>
					<identifier>	HP_AGA_6	</identifier>
					<transform>
						<row0>	0.0000 0.0000 -1.0000 0.0000	</row0>
						<row1>	0.0000 1.0000 0.0000 0.0000	</row1>
						<row2>	1.0000 0.0000 0.0000 0.0000	</row2>
						<row3>	0.2650 0.4713 0.7143 1.0000	</row3>
					</transform>
				</node>
				<node>
					<identifier>	HP_AGM_1	</identifier>
					<transform>
						<row0>	1.0000 0.0000 0.0000 0.0000	</row0>
						<row1>	0.0000 1.0000 0.0000 0.0000	</row1>
						<row2>	0.0000 0.0000 1.0000 0.0000	</row2>
						<row3>	0.0000 0.3093 2.6304 1.0000	</row3>
					</transform>
				</node>
				<node>
					<identifier>	HP_AGM_2	</identifier>
					<transform>
						<row0>	1.0000 0.0000 0.0000 0.0000	</row0>
						<row1>	0.0000 1.0000 0.0000 0.0000	</row1>
						<row2>	0.0000 0.0000 1.0000 0.0000	</row2>
						<row3>	0.0000 0.4306 1.9880 1.0000	</row3>
					</transform>
				</node>
				<node>
					<identifier>	HP_AGT_1	</identifier>
					<transform>
						<row0>	1.0000 0.0000 0.0000 0.0000	</row0>
						<row1>	0.0000 1.0000 0.0000 0.0000	</row1>
						<row2>	0.0000 0.0000 1.0000 0.0000	</row2>
						<row3>	0.0000 0.3407 0.0403 1.0000	</row3>
					</transform>
				</node>
				<node>
					<identifier>	HP_ARS_1	</identifier>
					<transform>
						<row0>	1.0000 0.0000 0.0000 0.0000	</row0>
						<row1>	0.0000 1.0000 0.0000 0.0000	</row1>
						<row2>	0.0000 0.0000 1.0000 0.0000	</row2>
						<row3>	0.0000 1.5411 0.8545 1.0000	</row3>
					</transform>
				</node>
				<node>
					<identifier>	HP_ARS_2	</identifier>
					<transform>
						<row0>	1.0000 0.0000 0.0000 0.0000	</row0>
						<row1>	0.0000 1.0000 0.0000 0.0000	</row1>
						<row2>	0.0000 0.0000 1.0000 0.0000	</row2>
						<row3>	0.0000 1.6748 0.7828 1.0000	</row3>
					</transform>
				</node>
				<node>
					<identifier>	HP_FX_Death_2	</identifier>
					<transform>
						<row0>	1.0000 0.0000 0.0000 0.0000	</row0>
						<row1>	0.0000 1.0000 0.0000 0.0000	</row1>
						<row2>	0.0000 0.0000 1.0000 0.0000	</row2>
						<row3>	0.0000 0.0000 -0.2104 1.0000	</row3>
					</transform>
				</node>
				<node>
					<identifier>	HP_FX_Fire_2	</identifier>
					<transform>
						<row0>	1.0000 0.0000 0.0000 0.0000	</row0>
						<row1>	0.0000 1.0000 0.0000 0.0000	</row1>
						<row2>	0.0000 0.0000 1.0000 0.0000	</row2>
						<row3>	0.0000 0.6671 1.1645 1.0000	</row3>
					</transform>
				</node>
				<node>
					<identifier>	HP_FX_Fire_2_side_1	</identifier>
					<transform>
						<row0>	1.0000 0.0000 0.0000 0.0000	</row0>
						<row1>	0.0000 1.0000 0.0000 0.0000	</row1>
						<row2>	0.0000 0.0000 1.0000 0.0000	</row2>
						<row3>	-0.2422 0.4182 1.6466 1.0000	</row3>
					</transform>
				</node>
				<node>
					<identifier>	HP_FX_Fire_2_side_2	</identifier>
					<transform>
						<row0>	1.0000 0.0000 0.0000 0.0000	</row0>
						<row1>	0.0000 1.0000 0.0000 0.0000	</row1>
						<row2>	0.0000 0.0000 1.0000 0.0000	</row2>
						<row3>	0.2894 0.4749 0.7148 1.0000	</row3>
					</transform>
				</node>
				<node>
					<identifier>	HP_FX_FloodLight_left_2	</identifier>
					<transform>
						<row0>	-1.0000 0.0000 0.0000 0.0000	</row0>
						<row1>	0.0000 1.0000 0.0000 0.0000	</row1>
						<row2>	0.0000 0.0000 -1.0000 0.0000	</row2>
						<row3>	-0.1678 0.4904 1.4881 1.0000	</row3>
					</transform>
				</node>
				<node>
					<identifier>	HP_FX_FloodLight_right_2	</identifier>
					<transform>
						<row0>	1.0000 0.0000 0.0000 0.0000	</row0>
						<row1>	0.0000 1.0000 0.0000 0.0000	</row1>
						<row2>	0.0000 0.0000 1.0000 0.0000	</row2>
						<row3>	0.1706 0.4862 1.4924 1.0000	</row3>
					</transform>
				</node>
				<node>
					<identifier>	HP_FX_Flood_steam_1	</identifier>
					<transform>
						<row0>	1.0000 0.0000 0.0000 0.0000	</row0>
						<row1>	0.0000 0.3736 -0.9276 0.0000	</row1>
						<row2>	0.0000 0.9276 0.3736 0.0000	</row2>
						<row3>	0.0000 0.7300 0.3897 1.0000	</row3>
					</transform>
				</node>
				<node>
					<identifier>	HP_FX_Flood_water_left_2	</identifier>
					<transform>
						<row0>	-0.9967 0.0000 0.0813 0.0000	</row0>
						<row1>	0.0000 1.0000 0.0000 0.0000	</row1>
						<row2>	-0.0813 0.0000 -0.9967 0.0000	</row2>
						<row3>	-0.2462 0.0402 2.3822 1.0000	</row3>
					</transform>
				</node>
				<node>
					<identifier>	HP_FX_Flood_water_right_2	</identifier>
					<transform>
						<row0>	0.9987 0.0000 0.0518 0.0000	</row0>
						<row1>	0.0000 1.0000 0.0000 0.0000	</row1>
						<row2>	-0.0518 0.0000 0.9987 0.0000	</row2>
						<row3>	0.3606 0.0669 1.3891 1.0000	</row3>
					</transform>
				</node>
				<node>
					<identifier>	HP_FX_RepairLight_right_2	</identifier>
					<transform>
						<row0>	0.0912 0.0000 -0.9958 0.0000	</row0>
						<row1>	0.0000 1.0000 0.0000 0.0000	</row1>
						<row2>	0.9958 0.0000 0.0912 0.0000	</row2>
						<row3>	0.3228 0.2344 2.1823 1.0000	</row3>
					</transform>
				</node>
				<node>
					<identifier>	HP_FX_Smoke_1	</identifier>
					<transform>
						<row0>	1.0000 0.0000 0.0000 0.0000	</row0>
						<row1>	0.0000 0.9714 -0.2374 0.0000	</row1>
						<row2>	0.0000 0.2374 0.9714 0.0000	</row2>
						<row3>	0.0000 0.8367 0.4882 1.0000	</row3>
					</transform>
				</node>
				<node>
					<identifier>	HP_flag_1	</identifier>
					<transform>
						<row0>	0.9990 0.0440 -0.0029 0.0000	</row0>
						<row1>	-0.0440 0.9901 -0.1333 0.0000	</row1>
						<row2>	-0.0029 0.1333 0.9911 0.0000	</row2>
						<row3>	0.1098 1.4050 0.7882 1.0000	</row3>
					</transform>
				</node>
				<node>
					<identifier>	HP_flag_2	</identifier>
					<transform>
						<row0>	0.9990 -0.0440 0.0029 0.0000	</row0>
						<row1>	0.0440 0.9901 -0.1333 0.0000	</row1>
						<row2>	0.0029 0.1333 0.9911 0.0000	</row2>
						<row3>	-0.1086 1.4050 0.7881 1.0000	</row3>
					</transform>
				</node>
				<node>
					<identifier>	HP_flag_3	</identifier>
					<transform>
						<row0>	0.9966 0.0819 -0.0055 0.0000	</row0>
						<row1>	-0.0819 0.9877 -0.1330 0.0000	</row1>
						<row2>	-0.0055 0.1330 0.9911 0.0000	</row2>
						<row3>	0.0581 1.4051 0.7881 1.0000	</row3>
					</transform>
				</node>
				<node>
					<identifier>	HP_flag_4	</identifier>
					<transform>
						<row0>	0.9966 -0.0819 0.0055 0.0000	</row0>
						<row1>	0.0819 0.9877 -0.1330 0.0000	</row1>
						<row2>	0.0055 0.1330 0.9911 0.0000	</row2>
						<row3>	-0.0592 1.4051 0.7881 1.0000	</row3>
					</transform>
				</node>
				<node>
					<identifier>	HP_flag_courtesy	</identifier>
					<transform>
						<row0>	1.0000 0.0025 -0.0002 0.0000	</row0>
						<row1>	-0.0025 0.9911 -0.1334 0.0000	</row1>
						<row2>	-0.0002 0.1334 0.9911 0.0000	</row2>
						<row3>	0.1587 1.4312 0.7846 1.0000	</row3>
					</transform>
				</node>
				<node>
					<identifier>	HP_flag_house	</identifier>
					<transform>
						<row0>	1.0000 -0.0025 0.0002 0.0000	</row0>
						<row1>	0.0025 0.9911 -0.1334 0.0000	</row1>
						<row2>	0.0002 0.1334 0.9911 0.0000	</row2>
						<row3>	-0.1587 1.4312 0.7846 1.0000	</row3>
					</transform>
				</node>
				<node>
					<identifier>	HP_flag_nation	</identifier>
					<transform>
						<row0>	0.9998 -0.0202 0.0029 0.0000	</row0>
						<row1>	0.0202 0.9594 -0.2813 0.0000	</row1>
						<row2>	0.0029 0.2813 0.9596 0.0000	</row2>
						<row3>	-0.0010 1.6219 0.5959 1.0000	</row3>
					</transform>
				</node>
				<node>
					<identifier>	HP_flag_rank	</identifier>
					<transform>
						<row0>	0.9998 -0.0202 0.0029 0.0000	</row0>
						<row1>	0.0202 0.9594 -0.2813 0.0000	</row1>
						<row2>	0.0029 0.2813 0.9596 0.0000	</row2>
						<row3>	-0.0039 1.4844 0.6362 1.0000	</row3>
					</transform>
				</node>
				<node>
					<identifier>	MP_AM010_Speaker_1	</identifier>
					<transform>
						<row0>	-1.0000 0.0000 0.0000 0.0000	</row0>
						<row1>	0.0000 1.0000 0.0000 0.0000	</row1>
						<row2>	0.0000 0.0000 -1.0000 0.0000	</row2>
						<row3>	0.0000 0.6876 1.6812 1.0000	</row3>
					</transform>
				</node>
				<node>
					<identifier>	MP_AM010_Speaker_1_INDEX_1	</identifier>
					<transform>
						<row0>	0.9150 0.0000 -0.4034 0.0000	</row0>
						<row1>	0.0000 1.0000 0.0000 0.0000	</row1>
						<row2>	0.4034 0.0000 0.9150 0.0000	</row2>
						<row3>	-0.3014 0.4890 0.5367 1.0000	</row3>
					</transform>
				</node>
				<node>
					<identifier>	MP_AM010_Speaker_1_INDEX_2	</identifier>
					<transform>
						<row0>	1.0000 0.0000 0.0000 0.0000	</row0>
						<row1>	0.0000 1.0000 0.0000 0.0000	</row1>
						<row2>	0.0000 0.0000 1.0000 0.0000	</row2>
						<row3>	0.2865 0.5078 0.5458 1.0000	</row3>
					</transform>
				</node>
				<node>
					<identifier>	MP_AM010_Speaker_1_INDEX_3	</identifier>
					<transform>
						<row0>	0.0000 0.0000 0.6232 0.0000	</row0>
						<row1>	0.2588 0.5670 0.0000 0.0000	</row1>
						<row2>	-0.5670 0.2588 0.0000 0.0000	</row2>
						<row3>	-0.1009 0.7314 1.4064 1.0000	</row3>
					</transform>
				</node>
				<node>
					<identifier>	MP_AM018_Compass_Binnacle	</identifier>
					<transform>
						<row0>	1.0000 0.0000 0.0000 0.0000	</row0>
						<row1>	0.0000 1.0000 0.0000 0.0000	</row1>
						<row2>	0.0000 0.0000 1.0000 0.0000	</row2>
						<row3>	0.0000 0.6133 1.4395 1.0000	</row3>
					</transform>
				</node>
				<node>
					<identifier>	MP_AM025_Pelorus_Mk7	</identifier>
					<transform>
						<row0>	-1.0000 0.0000 0.0000 0.0000	</row0>
						<row1>	0.0000 1.0000 0.0000 0.0000	</row1>
						<row2>	0.0000 0.0000 -1.0000 0.0000	</row2>
						<row3>	-0.1893 0.6129 1.3786 1.0000	</row3>
					</transform>
				</node>
				<node>
					<identifier>	MP_AM025_Pelorus_Mk7_INDEX_1	</identifier>
					<transform>
						<row0>	-1.0000 0.0000 0.0000 0.0000	</row0>
						<row1>	0.0000 1.0000 0.0000 0.0000	</row1>
						<row2>	0.0000 0.0000 -1.0000 0.0000	</row2>
						<row3>	0.1893 0.6129 1.3786 1.0000	</row3>
					</transform>
				</node>
				<node>
					<identifier>	MP_AM047_Running_Lights_R	</identifier>
					<transform>
						<row0>	1.0000 0.0000 0.0000 0.0000	</row0>
						<row1>	0.0000 1.0000 0.0000 0.0000	</row1>
						<row2>	0.0000 0.0000 1.0000 0.0000	</row2>
						<row3>	0.1384 0.5652 1.4157 1.0000	</row3>
					</transform>
				</node>
				<node>
					<identifier>	MP_AM048_Running_Lights_L	</identifier>
					<transform>
						<row0>	1.0000 0.0000 0.0000 0.0000	</row0>
						<row1>	0.0000 1.0000 0.0000 0.0000	</row1>
						<row2>	0.0000 0.0000 1.0000 0.0000	</row2>
						<row3>	-0.1384 0.5652 1.4157 1.0000	</row3>
					</transform>
				</node>
				<node>
					<identifier>	MP_AM050_Fightin_Light	</identifier>
					<transform>
						<row0>	0.8599 0.0000 0.0000 0.0000	</row0>
						<row1>	0.0000 0.8599 0.0000 0.0000	</row1>
						<row2>	0.0000 0.0000 0.8599 0.0000	</row2>
						<row3>	-0.0910 1.0701 0.8528 1.0000	</row3>
					</transform>
				</node>
				<node>
					<identifier>	MP_AM050_Fightin_Light_INDEX_1	</identifier>
					<transform>
						<row0>	0.8599 0.0000 0.0000 0.0000	</row0>
						<row1>	0.0000 0.8599 0.0000 0.0000	</row1>
						<row2>	0.0000 0.0000 0.8599 0.0000	</row2>
						<row3>	-0.0508 1.5383 0.7932 1.0000	</row3>
					</transform>
				</node>
				<node>
					<identifier>	MP_AM050_Fightin_Light_INDEX_2	</identifier>
					<transform>
						<row0>	-0.8599 0.0000 0.0000 0.0000	</row0>
						<row1>	0.0000 0.8599 0.0000 0.0000	</row1>
						<row2>	0.0000 0.0000 -0.8599 0.0000	</row2>
						<row3>	0.0910 1.0701 0.8528 1.0000	</row3>
					</transform>
				</node>
				<node>
					<identifier>	MP_AM050_Fightin_Light_INDEX_3	</identifier>
					<transform>
						<row0>	-0.8599 0.0000 0.0000 0.0000	</row0>
						<row1>	0.0000 0.8599 0.0000 0.0000	</row1>
						<row2>	0.0000 0.0000 -0.8599 0.0000	</row2>
						<row3>	0.0508 1.5383 0.7932 1.0000	</row3>
					</transform>
				</node>
				<node>
					<identifier>	MP_AM054_Boat_6	</identifier>
					<transform>
						<row0>	0.5736 -0.8192 0.0000 0.0000	</row0>
						<row1>	0.8192 0.5736 0.0000 0.0000	</row1>
						<row2>	0.0000 0.0000 1.0000 0.0000	</row2>
						<row3>	0.3308 0.3375 0.9980 1.0000	</row3>
					</transform>
				</node>
				<node>
					<identifier>	MP_AM054_Boat_6_INDEX_1	</identifier>
					<transform>
						<row0>	0.0000 1.0000 0.0000 0.0000	</row0>
						<row1>	-0.9986 0.0000 0.0523 0.0000	</row1>
						<row2>	0.0523 0.0000 0.9986 0.0000	</row2>
						<row3>	-0.3328 0.3200 1.6465 1.0000	</row3>
					</transform>
				</node>
				<node>
					<identifier>	MP_AM054_Boat_6_INDEX_2	</identifier>
					<transform>
						<row0>	0.5736 0.8192 0.0000 0.0000	</row0>
						<row1>	-0.8192 0.5736 0.0000 0.0000	</row1>
						<row2>	0.0000 0.0000 1.0000 0.0000	</row2>
						<row3>	-0.3308 0.3375 0.9977 1.0000	</row3>
					</transform>
				</node>
				<node>
					<identifier>	MP_AM054_Boat_6_INDEX_3	</identifier>
					<transform>
						<row0>	0.0000 -1.0000 0.0000 0.0000	</row0>
						<row1>	0.9986 0.0000 0.0523 0.0000	</row1>
						<row2>	-0.0523 0.0000 0.9986 0.0000	</row2>
						<row3>	0.3328 0.3200 1.6465 1.0000	</row3>
					</transform>
				</node>
				<node>
					<identifier>	MP_AM061_Sky_Lookout_1	</identifier>
					<transform>
						<row0>	0.0000 0.0000 -1.0000 0.0000	</row0>
						<row1>	0.0000 1.0000 0.0000 0.0000	</row1>
						<row2>	1.0000 0.0000 0.0000 0.0000	</row2>
						<row3>	0.2072 0.6127 1.0936 1.0000	</row3>
					</transform>
				</node>
				<node>
					<identifier>	MP_AM061_Sky_Lookout_1_INDEX_1	</identifier>
					<transform>
						<row0>	0.0000 0.0000 1.0000 0.0000	</row0>
						<row1>	0.0000 1.0000 0.0000 0.0000	</row1>
						<row2>	-1.0000 0.0000 0.0000 0.0000	</row2>
						<row3>	-0.2072 0.6127 1.0936 1.0000	</row3>
					</transform>
				</node>
				<node>
					<identifier>	MP_AM062_IFF_Antenna	</identifier>
					<transform>
						<row0>	1.0000 0.0000 0.0000 0.0000	</row0>
						<row1>	0.0000 1.0000 0.0000 0.0000	</row1>
						<row2>	0.0000 0.0000 1.0000 0.0000	</row2>
						<row3>	0.1822 1.4480 0.7623 1.0000	</row3>
					</transform>
				</node>
				<node>
					<identifier>	MP_AM062_IFF_Antenna_INDEX_1	</identifier>
					<transform>
						<row0>	1.0000 0.0000 0.0000 0.0000	</row0>
						<row1>	0.0000 1.0000 0.0000 0.0000	</row1>
						<row2>	0.0000 0.0000 1.0000 0.0000	</row2>
						<row3>	-0.1822 1.4480 0.7623 1.0000	</row3>
					</transform>
				</node>
				<node>
					<identifier>	MP_AM067_Speaker_2	</identifier>
					<transform>
						<row0>	-0.6904 0.0000 0.0000 0.0000	</row0>
						<row1>	0.0000 0.6904 0.0000 0.0000	</row1>
						<row2>	0.0000 0.0000 -0.6904 0.0000	</row2>
						<row3>	0.0000 0.8873 0.9329 1.0000	</row3>
					</transform>
				</node>
				<node>
					<identifier>	MP_AM074_Floater_Net_Basket_2	</identifier>
					<transform>
						<row0>	0.0000 -0.0532 -0.9986 0.0000	</row0>
						<row1>	0.0000 0.9986 -0.0532 0.0000	</row1>
						<row2>	1.0000 0.0000 0.0000 0.0000	</row2>
						<row3>	0.1960 0.3890 1.9377 1.0000	</row3>
					</transform>
				</node>
				<node>
					<identifier>	MP_AM074_Floater_Net_Basket_2_INDEX_1	</identifier>
					<transform>
						<row0>	0.0793 0.0000 0.9968 0.0000	</row0>
						<row1>	0.0000 1.0000 0.0000 0.0000	</row1>
						<row2>	-0.9968 0.0000 0.0793 0.0000	</row2>
						<row3>	-0.2384 0.6057 1.0894 1.0000	</row3>
					</transform>
				</node>
				<node>
					<identifier>	MP_AM074_Floater_Net_Basket_2_INDEX_2	</identifier>
					<transform>
						<row0>	0.0000 0.0532 0.9986 0.0000	</row0>
						<row1>	0.0000 0.9986 -0.0532 0.0000	</row1>
						<row2>	-1.0000 0.0000 0.0000 0.0000	</row2>
						<row3>	-0.1960 0.3861 1.9372 1.0000	</row3>
					</transform>
				</node>
				<node>
					<identifier>	MP_AM074_Floater_Net_Basket_2_INDEX_3	</identifier>
					<transform>
						<row0>	0.0793 0.0000 -0.9968 0.0000	</row0>
						<row1>	0.0000 1.0000 0.0000 0.0000	</row1>
						<row2>	0.9968 0.0000 0.0793 0.0000	</row2>
						<row3>	0.2384 0.5648 1.0894 1.0000	</row3>
					</transform>
				</node>
				<node>
					<identifier>	MP_AM085_TBS_Antenna	</identifier>
					<transform>
						<row0>	0.5337 0.0000 -0.5337 0.0000	</row0>
						<row1>	0.0000 0.7548 0.0000 0.0000	</row1>
						<row2>	0.5337 0.0000 0.5337 0.0000	</row2>
						<row3>	0.0000 1.4449 0.9019 1.0000	</row3>
					</transform>
				</node>
				<node>
					<identifier>	MP_AM086_TBS_Antenna_2	</identifier>
					<transform>
						<row0>	-0.7049 -0.0793 -0.7049 0.0000	</row0>
						<row1>	-0.0561 0.9969 -0.0561 0.0000	</row1>
						<row2>	0.7071 0.0000 -0.7071 0.0000	</row2>
						<row3>	0.0449 1.5024 0.7506 1.0000	</row3>
					</transform>
				</node>
				<node>
					<identifier>	MP_AM086_TBS_Antenna_2_INDEX_1	</identifier>
					<transform>
						<row0>	-0.7049 0.0793 0.7049 0.0000	</row0>
						<row1>	0.0561 0.9969 -0.0561 0.0000	</row1>
						<row2>	-0.7071 0.0000 -0.7071 0.0000	</row2>
						<row3>	-0.0449 1.5024 0.7505 1.0000	</row3>
					</transform>
				</node>
				<node>
					<identifier>	MP_AM086_TBS_Antenna_2_INDEX_2	</identifier>
					<transform>
						<row0>	0.7049 -0.0793 -0.7049 0.0000	</row0>
						<row1>	0.0561 0.9969 -0.0561 0.0000	</row1>
						<row2>	0.7071 0.0000 0.7071 0.0000	</row2>
						<row3>	0.0456 1.5024 0.8409 1.0000	</row3>
					</transform>
				</node>
				<node>
					<identifier>	MP_AM086_TBS_Antenna_2_INDEX_3	</identifier>
					<transform>
						<row0>	0.7049 0.0793 0.7049 0.0000	</row0>
						<row1>	-0.0561 0.9969 -0.0561 0.0000	</row1>
						<row2>	-0.7071 0.0000 0.7071 0.0000	</row2>
						<row3>	-0.0459 1.5024 0.8406 1.0000	</row3>
					</transform>
				</node>
				<node>
					<identifier>	MP_AM103_Hatch_4	</identifier>
					<transform>
						<row0>	1.0000 0.0000 0.0000 0.0000	</row0>
						<row1>	0.0000 1.0000 0.0000 0.0000	</row1>
						<row2>	0.0000 0.0000 1.0000 0.0000	</row2>
						<row3>	0.0149 0.3725 1.7051 1.0000	</row3>
					</transform>
				</node>
				<node>
					<identifier>	MP_AM104_Hatch_5	</identifier>
					<transform>
						<row0>	1.0000 0.0000 0.0000 0.0000	</row0>
						<row1>	0.0000 1.0000 0.0000 0.0000	</row1>
						<row2>	0.0000 0.0000 1.0000 0.0000	</row2>
						<row3>	0.2289 0.1507 -0.1273 1.0000	</row3>
					</transform>
				</node>
				<node>
					<identifier>	MP_AM150_Telegraph_Engine	</identifier>
					<transform>
						<row0>	1.0000 0.0000 0.0000 0.0000	</row0>
						<row1>	0.0000 1.0000 0.0000 0.0000	</row1>
						<row2>	0.0000 0.0000 1.0000 0.0000	</row2>
						<row3>	-0.0570 0.6142 1.3803 1.0000	</row3>
					</transform>
				</node>
				<node>
					<identifier>	MP_AM157_Telephone	</identifier>
					<transform>
						<row0>	0.0770 0.0000 -0.9970 0.0000	</row0>
						<row1>	0.0000 1.0000 0.0000 0.0000	</row1>
						<row2>	0.9970 0.0000 0.0770 0.0000	</row2>
						<row3>	0.2371 0.6890 1.0245 1.0000	</row3>
					</transform>
				</node>
				<node>
					<identifier>	MP_AM157_Telephone_INDEX_1	</identifier>
					<transform>
						<row0>	0.5340 0.0000 0.8455 0.0000	</row0>
						<row1>	0.0000 1.0000 0.0000 0.0000	</row1>
						<row2>	-0.8455 0.0000 0.5340 0.0000	</row2>
						<row3>	-0.0926 0.7159 1.4601 1.0000	</row3>
					</transform>
				</node>
				<node>
					<identifier>	MP_AM157_Telephone_INDEX_2	</identifier>
					<transform>
						<row0>	0.5340 0.0000 -0.8455 0.0000	</row0>
						<row1>	0.0000 1.0000 0.0000 0.0000	</row1>
						<row2>	0.8455 0.0000 0.5340 0.0000	</row2>
						<row3>	0.0920 0.7159 1.4614 1.0000	</row3>
					</transform>
				</node>
				<node>
					<identifier>	MP_AM157_Telephone_INDEX_3	</identifier>
					<transform>
						<row0>	0.0770 0.0000 0.9970 0.0000	</row0>
						<row1>	0.0000 1.0000 0.0000 0.0000	</row1>
						<row2>	-0.9970 0.0000 0.0770 0.0000	</row2>
						<row3>	-0.2371 0.6890 1.0246 1.0000	</row3>
					</transform>
				</node>
				<node>
					<identifier>	MP_AM158_Turning_Indicator	</identifier>
					<transform>
						<row0>	1.0000 0.0000 0.0000 0.0000	</row0>
						<row1>	0.0000 1.0000 0.0000 0.0000	</row1>
						<row2>	0.0000 0.0000 1.0000 0.0000	</row2>
						<row3>	0.0719 0.6133 1.4139 1.0000	</row3>
					</transform>
				</node>
				<node>
					<identifier>	MP_AM159_Voice_Tube	</identifier>
					<transform>
						<row0>	1.0000 0.0000 0.0000 0.0000	</row0>
						<row1>	0.0000 1.0000 0.0000 0.0000	</row1>
						<row2>	0.0000 0.0000 1.0000 0.0000	</row2>
						<row3>	-0.0881 0.6149 1.3867 1.0000	</row3>
					</transform>
				</node>
				<node>
					<identifier>	MP_AM159_Voice_Tube_INDEX_1	</identifier>
					<transform>
						<row0>	0.1905 0.0000 -0.9817 0.0000	</row0>
						<row1>	0.0000 1.0000 0.0000 0.0000	</row1>
						<row2>	0.9817 0.0000 0.1905 0.0000	</row2>
						<row3>	0.2140 0.6138 1.2427 1.0000	</row3>
					</transform>
				</node>
				<node>
					<identifier>	MP_AM159_Voice_Tube_INDEX_2	</identifier>
					<transform>
						<row0>	0.1162 0.0000 0.9932 0.0000	</row0>
						<row1>	0.0000 1.0000 0.0000 0.0000	</row1>
						<row2>	-0.9932 0.0000 0.1162 0.0000	</row2>
						<row3>	-0.2207 0.6138 1.1368 1.0000	</row3>
					</transform>
				</node>
				<node>
					<identifier>	MP_AM159_Voice_Tube_INDEX_3	</identifier>
					<transform>
						<row0>	1.0000 0.0000 0.0000 0.0000	</row0>
						<row1>	0.0000 1.0000 0.0000 0.0000	</row1>
						<row2>	0.0000 0.0000 1.0000 0.0000	</row2>
						<row3>	-0.0486 0.6137 1.6224 1.0000	</row3>
					</transform>
				</node>
				<node>
					<identifier>	MP_AM159_Voice_Tube_INDEX_4	</identifier>
					<transform>
						<row0>	0.1905 0.0000 0.9817 0.0000	</row0>
						<row1>	0.0000 1.0000 0.0000 0.0000	</row1>
						<row2>	-0.9817 0.0000 0.1905 0.0000	</row2>
						<row3>	-0.2140 0.6138 1.2427 1.0000	</row3>
					</transform>
				</node>
				<node>
					<identifier>	MP_AM159_Voice_Tube_INDEX_5	</identifier>
					<transform>
						<row0>	1.0000 0.0000 0.0000 0.0000	</row0>
						<row1>	0.0000 1.0000 0.0000 0.0000	</row1>
						<row2>	0.0000 0.0000 1.0000 0.0000	</row2>
						<row3>	-0.0172 0.6137 1.6224 1.0000	</row3>
					</transform>
				</node>
				<node>
					<identifier>	MP_AM159_Voice_Tube_INDEX_6	</identifier>
					<transform>
						<row0>	0.1162 0.0000 -0.9932 0.0000	</row0>
						<row1>	0.0000 1.0000 0.0000 0.0000	</row1>
						<row2>	0.9932 0.0000 0.1162 0.0000	</row2>
						<row3>	0.2207 0.6138 1.1368 1.0000	</row3>
					</transform>
				</node>
				<node>
					<identifier>	MP_AM159_Voice_Tube_INDEX_7	</identifier>
					<transform>
						<row0>	1.0000 0.0000 0.0000 0.0000	</row0>
						<row1>	0.0000 1.0000 0.0000 0.0000	</row1>
						<row2>	0.0000 0.0000 1.0000 0.0000	</row2>
						<row3>	0.0391 0.6144 1.4399 1.0000	</row3>
					</transform>
				</node>
				<node>
					<identifier>	MP_AM173_Insulator_1	</identifier>
					<transform>
						<row0>	-0.8455 0.0000 0.0000 0.0000	</row0>
						<row1>	0.0000 0.7089 -0.4609 0.0000	</row1>
						<row2>	0.0000 -0.4609 -0.7089 0.0000	</row2>
						<row3>	0.2061 0.5507 0.4834 1.0000	</row3>
					</transform>
				</node>
				<node>
					<identifier>	MP_AM173_Insulator_1_INDEX_1	</identifier>
					<transform>
						<row0>	-0.8535 0.0000 0.0000 0.0000	</row0>
						<row1>	0.0000 0.8535 0.0000 0.0000	</row1>
						<row2>	0.0000 0.0000 -0.8535 0.0000	</row2>
						<row3>	0.0767 0.6327 0.7296 1.0000	</row3>
					</transform>
				</node>
				<node>
					<identifier>	MP_AM185_Signal_Lamp_O	</identifier>
					<transform>
						<row0>	0.0000 0.0000 0.6574 0.0000	</row0>
						<row1>	0.0000 0.6574 0.0000 0.0000	</row1>
						<row2>	-0.6574 0.0000 0.0000 0.0000	</row2>
						<row3>	-0.0231 1.6552 0.7607 1.0000	</row3>
					</transform>
				</node>
				<node>
					<identifier>	MP_AM185_Signal_Lamp_O_INDEX_1	</identifier>
					<transform>
						<row0>	0.0000 0.0000 -0.6574 0.0000	</row0>
						<row1>	0.0000 0.6574 0.0000 0.0000	</row1>
						<row2>	0.6574 0.0000 0.0000 0.0000	</row2>
						<row3>	0.0231 1.6552 0.7607 1.0000	</row3>
					</transform>
				</node>
				<node>
					<identifier>	MP_AM280_Signal_Lamp	</identifier>
					<transform>
						<row0>	0.0000 0.0000 0.7504 0.0000	</row0>
						<row1>	0.0000 0.7504 0.0000 0.0000	</row1>
						<row2>	-0.7504 0.0000 0.0000 0.0000	</row2>
						<row3>	-0.2042 1.4466 0.7840 1.0000	</row3>
					</transform>
				</node>
				<node>
					<identifier>	MP_AM280_Signal_Lamp_INDEX_1	</identifier>
					<transform>
						<row0>	0.0000 0.0000 -0.7504 0.0000	</row0>
						<row1>	0.0000 0.7504 0.0000 0.0000	</row1>
						<row2>	0.7504 0.0000 0.0000 0.0000	</row2>
						<row3>	0.2042 1.4466 0.7840 1.0000	</row3>
					</transform>
				</node>
				<node>
					<identifier>	MP_AM317_Running_Lights_F	</identifier>
					<transform>
						<row0>	1.0000 0.0000 0.0000 0.0000	</row0>
						<row1>	0.0000 1.0000 0.0000 0.0000	</row1>
						<row2>	0.0000 0.0000 1.0000 0.0000	</row2>
						<row3>	0.0000 1.1175 0.8939 1.0000	</row3>
					</transform>
				</node>
				<node>
					<identifier>	MP_AM442_Multipole_Switch	</identifier>
					<transform>
						<row0>	-0.5034 0.0000 -0.8641 0.0000	</row0>
						<row1>	0.0000 1.0000 0.0000 0.0000	</row1>
						<row2>	0.8641 0.0000 -0.5034 0.0000	</row2>
						<row3>	-0.0790 0.6719 1.6156 1.0000	</row3>
					</transform>
				</node>
				<node>
					<identifier>	MP_AM442_Multipole_Switch_INDEX_1	</identifier>
					<transform>
						<row0>	-0.0568 0.0000 0.9984 0.0000	</row0>
						<row1>	0.0000 1.0000 0.0000 0.0000	</row1>
						<row2>	-0.9984 0.0000 -0.0568 0.0000	</row2>
						<row3>	0.2185 0.6792 1.2641 1.0000	</row3>
					</transform>
				</node>
				<node>
					<identifier>	MP_AM442_Multipole_Switch_INDEX_2	</identifier>
					<transform>
						<row0>	-1.0000 0.0000 0.0000 0.0000	</row0>
						<row1>	0.0000 1.0000 0.0000 0.0000	</row1>
						<row2>	0.0000 0.0000 -1.0000 0.0000	</row2>
						<row3>	0.0477 0.6696 1.4983 1.0000	</row3>
					</transform>
				</node>
				<node>
					<identifier>	MP_AM444_Director_Train_Indicator	</identifier>
					<transform>
						<row0>	-0.2839 0.0000 0.9589 0.0000	</row0>
						<row1>	0.0000 1.0000 0.0000 0.0000	</row1>
						<row2>	-0.9589 0.0000 -0.2839 0.0000	</row2>
						<row3>	0.1020 0.7264 1.2110 1.0000	</row3>
					</transform>
				</node>
				<node>
					<identifier>	MP_AM447_Seat	</identifier>
					<transform>
						<row0>	0.8748 0.0000 0.4845 0.0000	</row0>
						<row1>	0.0000 1.0000 0.0000 0.0000	</row1>
						<row2>	-0.4845 0.0000 0.8748 0.0000	</row2>
						<row3>	0.0762 0.6519 1.5674 1.0000	</row3>
					</transform>
				</node>
				<node>
					<identifier>	MP_AM5015_Reels	</identifier>
					<transform>
						<row0>	0.8899 0.0000 0.0000 0.0000	</row0>
						<row1>	0.0000 0.0000 0.8899 0.0000	</row1>
						<row2>	0.0000 -0.8899 0.0000 0.0000	</row2>
						<row3>	0.0000 0.3382 2.2614 1.0000	</row3>
					</transform>
				</node>
				<node>
					<identifier>	MP_AM5015_Reels_INDEX_1	</identifier>
					<transform>
						<row0>	1.0454 0.0633 -0.0012 0.0000	</row0>
						<row1>	-0.0633 1.0452 -0.0200 0.0000	</row1>
						<row2>	0.0000 0.0201 1.0471 0.0000	</row2>
						<row3>	-0.2391 0.1562 -0.0027 1.0000	</row3>
					</transform>
				</node>
				<node>
					<identifier>	MP_AM5016_Ammunition_Box	</identifier>
					<transform>
						<row0>	0.8547 -0.0387 -0.5176 0.0000	</row0>
						<row1>	0.0331 0.9993 -0.0200 0.0000	</row1>
						<row2>	0.5180 0.0000 0.8554 0.0000	</row2>
						<row3>	-0.1072 0.3762 1.7016 1.0000	</row3>
					</transform>
				</node>
				<node>
					<identifier>	MP_AM5016_Ammunition_Box_INDEX_1	</identifier>
					<transform>
						<row0>	0.0000 -0.0343 -0.9994 0.0000	</row0>
						<row1>	0.0000 0.9994 -0.0343 0.0000	</row1>
						<row2>	1.0000 0.0000 0.0000 0.0000	</row2>
						<row3>	-0.3457 0.3585 1.2899 1.0000	</row3>
					</transform>
				</node>
				<node>
					<identifier>	MP_AM5016_Ammunition_Box_INDEX_2	</identifier>
					<transform>
						<row0>	0.8547 0.0387 0.5176 0.0000	</row0>
						<row1>	-0.0331 0.9993 -0.0200 0.0000	</row1>
						<row2>	-0.5180 0.0000 0.8554 0.0000	</row2>
						<row3>	0.1072 0.3762 1.7016 1.0000	</row3>
					</transform>
				</node>
				<node>
					<identifier>	MP_AM5016_Ammunition_Box_INDEX_3	</identifier>
					<transform>
						<row0>	0.0000 0.0343 0.9994 0.0000	</row0>
						<row1>	0.0000 0.9994 -0.0343 0.0000	</row1>
						<row2>	-1.0000 0.0000 0.0000 0.0000	</row2>
						<row3>	0.3457 0.3585 1.2899 1.0000	</row3>
					</transform>
				</node>
				<node>
					<identifier>	MP_AM535_Elec_Panel	</identifier>
					<transform>
						<row0>	1.0000 0.0000 0.0000 0.0000	</row0>
						<row1>	0.0000 1.0000 0.0000 0.0000	</row1>
						<row2>	0.0000 0.0000 1.0000 0.0000	</row2>
						<row3>	-0.0384 0.6611 1.6405 1.0000	</row3>
					</transform>
				</node>
				<node>
					<identifier>	MP_AM535_Elec_Panel_INDEX_1	</identifier>
					<transform>
						<row0>	-0.2886 0.0000 0.9574 0.0000	</row0>
						<row1>	0.0000 1.0000 0.0000 0.0000	</row1>
						<row2>	-0.9574 0.0000 -0.2886 0.0000	</row2>
						<row3>	0.0946 0.6661 1.2141 1.0000	</row3>
					</transform>
				</node>
				<node>
					<identifier>	MP_AM536_Elec_Panel	</identifier>
					<transform>
						<row0>	-1.0000 0.0000 0.0000 0.0000	</row0>
						<row1>	0.0000 1.0000 0.0000 0.0000	</row1>
						<row2>	0.0000 0.0000 -1.0000 0.0000	</row2>
						<row3>	-0.0333 0.6918 1.2826 1.0000	</row3>
					</transform>
				</node>
				<node>
					<identifier>	MP_AM537_Elec_Panel	</identifier>
					<transform>
						<row0>	0.3230 0.0000 0.9464 0.0000	</row0>
						<row1>	0.0000 1.0000 0.0000 0.0000	</row1>
						<row2>	-0.9464 0.0000 0.3230 0.0000	</row2>
						<row3>	0.0980 0.6644 1.1706 1.0000	</row3>
					</transform>
				</node>
				<node>
					<identifier>	MP_AM537_Elec_Panel_INDEX_1	</identifier>
					<transform>
						<row0>	-1.0000 0.0000 0.0000 0.0000	</row0>
						<row1>	0.0000 1.0000 0.0000 0.0000	</row1>
						<row2>	0.0000 0.0000 -1.0000 0.0000	</row2>
						<row3>	0.0264 0.6956 1.2826 1.0000	</row3>
					</transform>
				</node>
				<node>
					<identifier>	MP_AM549_Life_Buoy	</identifier>
					<transform>
						<row0>	-1.0000 0.0000 0.0000 0.0000	</row0>
						<row1>	0.0000 1.0000 0.0000 0.0000	</row1>
						<row2>	0.0000 0.0000 -1.0000 0.0000	</row2>
						<row3>	-0.0910 0.7163 0.9931 1.0000	</row3>
					</transform>
				</node>
				<node>
					<identifier>	MP_AM549_Life_Buoy_INDEX_1	</identifier>
					<transform>
						<row0>	0.0000 0.0000 -1.0000 0.0000	</row0>
						<row1>	0.0000 1.0000 0.0000 0.0000	</row1>
						<row2>	1.0000 0.0000 0.0000 0.0000	</row2>
						<row3>	-0.0462 0.7158 0.9676 1.0000	</row3>
					</transform>
				</node>
				<node>
					<identifier>	MP_AM584_Turret_Position_Indicator	</identifier>
					<transform>
						<row0>	1.0000 0.0000 0.0000 0.0000	</row0>
						<row1>	0.0000 1.0000 0.0000 0.0000	</row1>
						<row2>	0.0000 0.0000 1.0000 0.0000	</row2>
						<row3>	0.0255 0.6682 1.6349 1.0000	</row3>
					</transform>
				</node>
				<node>
					<identifier>	MP_AM720_Helmets_Rack	</identifier>
					<transform>
						<row0>	0.0000 0.0000 1.0000 0.0000	</row0>
						<row1>	0.0000 1.0000 0.0000 0.0000	</row1>
						<row2>	-1.0000 0.0000 0.0000 0.0000	</row2>
						<row3>	-0.1973 0.3788 1.3818 1.0000	</row3>
					</transform>
				</node>
				<node>
					<identifier>	MP_AM720_Helmets_Rack_INDEX_1	</identifier>
					<transform>
						<row0>	0.0000 0.0000 -1.0000 0.0000	</row0>
						<row1>	0.0000 1.0000 0.0000 0.0000	</row1>
						<row2>	1.0000 0.0000 0.0000 0.0000	</row2>
						<row3>	0.1973 0.3788 1.3818 1.0000	</row3>
					</transform>
				</node>
				<node>
					<identifier>	MP_AM721_Talker_Helmets_Rack	</identifier>
					<transform>
						<row0>	0.0000 0.0000 -1.0000 0.0000	</row0>
						<row1>	0.0000 1.0000 0.0000 0.0000	</row1>
						<row2>	1.0000 0.0000 0.0000 0.0000	</row2>
						<row3>	0.1205 0.6592 1.3995 1.0000	</row3>
					</transform>
				</node>
				<node>
					<identifier>	MP_AM729_Searchlight_12inch	</identifier>
					<transform>
						<row0>	0.0739 0.0000 0.9973 0.0000	</row0>
						<row1>	0.0000 1.0000 0.0000 0.0000	</row1>
						<row2>	-0.9973 0.0000 0.0739 0.0000	</row2>
						<row3>	-0.2313 0.7029 1.2279 1.0000	</row3>
					</transform>
				</node>
				<node>
					<identifier>	MP_AM729_Searchlight_12inch_INDEX_1	</identifier>
					<transform>
						<row0>	0.0739 0.0000 -0.9973 0.0000	</row0>
						<row1>	0.0000 1.0000 0.0000 0.0000	</row1>
						<row2>	0.9973 0.0000 0.0739 0.0000	</row2>
						<row3>	0.2312 0.7029 1.2279 1.0000	</row3>
					</transform>
				</node>
				<node>
					<identifier>	MP_AM729_Searchlight_12inch_INDEX_2	</identifier>
					<transform>
						<row0>	-0.1364 0.0000 -0.9906 0.0000	</row0>
						<row1>	0.0000 1.0000 0.0000 0.0000	</row1>
						<row2>	0.9906 0.0000 -0.1364 0.0000	</row2>
						<row3>	0.2457 0.6943 0.8916 1.0000	</row3>
					</transform>
				</node>
				<node>
					<identifier>	MP_AM729_Searchlight_12inch_INDEX_3	</identifier>
					<transform>
						<row0>	-0.1364 0.0000 0.9906 0.0000	</row0>
						<row1>	0.0000 1.0000 0.0000 0.0000	</row1>
						<row2>	-0.9906 0.0000 -0.1364 0.0000	</row2>
						<row3>	-0.2457 0.6942 0.8916 1.0000	</row3>
					</transform>
				</node>
				<node>
					<identifier>	MP_AM730_Winch	</identifier>
					<transform>
						<row0>	-0.0008 0.0274 0.9122 0.0000	</row0>
						<row1>	-0.0251 0.9119 -0.0274 0.0000	</row1>
						<row2>	-0.9123 -0.0251 0.0000 0.0000	</row2>
						<row3>	-0.0833 0.1697 0.0835 1.0000	</row3>
					</transform>
				</node>
				<node>
					<identifier>	MP_AM740_Flag_Box	</identifier>
					<transform>
						<row0>	1.0000 0.0000 0.0000 0.0000	</row0>
						<row1>	0.0000 1.0000 0.0000 0.0000	</row1>
						<row2>	0.0000 0.0000 1.0000 0.0000	</row2>
						<row3>	-0.1320 0.6364 0.8794 1.0000	</row3>
					</transform>
				</node>
				<node>
					<identifier>	MP_AM740_Flag_Box_INDEX_1	</identifier>
					<transform>
						<row0>	1.0000 0.0000 0.0000 0.0000	</row0>
						<row1>	0.0000 1.0000 0.0000 0.0000	</row1>
						<row2>	0.0000 0.0000 1.0000 0.0000	</row2>
						<row3>	0.1329 0.6364 0.8794 1.0000	</row3>
					</transform>
				</node>
				<node>
					<identifier>	MP_CM011_Fire_Fighting_Gear	</identifier>
					<transform>
						<row0>	0.0000 0.0000 1.0000 0.0000	</row0>
						<row1>	0.0000 1.0000 0.0000 0.0000	</row1>
						<row2>	-1.0000 0.0000 0.0000 0.0000	</row2>
						<row3>	0.2047 0.2302 1.9163 1.0000	</row3>
					</transform>
				</node>
				<node>
					<identifier>	MP_CM011_Fire_Fighting_Gear_INDEX_1	</identifier>
					<transform>
						<row0>	0.0000 0.0000 1.0000 0.0000	</row0>
						<row1>	0.0000 1.0000 0.0000 0.0000	</row1>
						<row2>	-1.0000 0.0000 0.0000 0.0000	</row2>
						<row3>	0.2038 0.1665 0.2716 1.0000	</row3>
					</transform>
				</node>
				<node>
					<identifier>	MP_CM011_Fire_Fighting_Gear_INDEX_2	</identifier>
					<transform>
						<row0>	-1.0000 0.0000 0.0000 0.0000	</row0>
						<row1>	0.0000 1.0000 0.0000 0.0000	</row1>
						<row2>	0.0000 0.0000 -1.0000 0.0000	</row2>
						<row3>	-0.0533 0.2551 2.2750 1.0000	</row3>
					</transform>
				</node>
				<node>
					<identifier>	MP_CM012_Fire_Hose_Rack_1	</identifier>
					<transform>
						<row0>	-0.8575 0.0000 -0.5145 0.0000	</row0>
						<row1>	0.0000 1.0000 0.0000 0.0000	</row1>
						<row2>	0.5145 0.0000 -0.8575 0.0000	</row2>
						<row3>	0.1018 0.3062 2.2282 1.0000	</row3>
					</transform>
				</node>
				<node>
					<identifier>	MP_CM012_Fire_Hose_Rack_1_INDEX_1	</identifier>
					<transform>
						<row0>	-1.0000 0.0000 0.0000 0.0000	</row0>
						<row1>	0.0000 1.0000 0.0000 0.0000	</row1>
						<row2>	0.0000 0.0000 -1.0000 0.0000	</row2>
						<row3>	0.1968 0.3455 1.8936 1.0000	</row3>
					</transform>
				</node>
				<node>
					<identifier>	MP_CM012_Fire_Hose_Rack_1_INDEX_2	</identifier>
					<transform>
						<row0>	0.0000 0.0000 -1.0000 0.0000	</row0>
						<row1>	0.0000 1.0000 0.0000 0.0000	</row1>
						<row2>	1.0000 0.0000 0.0000 0.0000	</row2>
						<row3>	-0.0582 0.3378 2.2631 1.0000	</row3>
					</transform>
				</node>
				<node>
					<identifier>	MP_CM012_Fire_Hose_Rack_1_INDEX_3	</identifier>
					<transform>
						<row0>	-1.0000 0.0000 0.0000 0.0000	</row0>
						<row1>	0.0000 1.0000 0.0000 0.0000	</row1>
						<row2>	0.0000 0.0000 -1.0000 0.0000	</row2>
						<row3>	0.1968 0.3471 1.9433 1.0000	</row3>
					</transform>
				</node>
				<node>
					<identifier>	MP_CM012_Fire_Hose_Rack_1_INDEX_4	</identifier>
					<transform>
						<row0>	-1.0000 0.0000 0.0000 0.0000	</row0>
						<row1>	0.0000 1.0000 0.0000 0.0000	</row1>
						<row2>	0.0000 0.0000 -1.0000 0.0000	</row2>
						<row3>	0.1963 0.2536 0.2868 1.0000	</row3>
					</transform>
				</node>
				<node>
					<identifier>	MP_CM012_Fire_Hose_Rack_1_INDEX_5	</identifier>
					<transform>
						<row0>	0.8564 0.0000 -0.5163 0.0000	</row0>
						<row1>	0.0000 1.0000 0.0000 0.0000	</row1>
