<GSD027_Karl_von_Schonberg_1944_Stern.skel_ext>
	<exported>	true	</exported>
	<node>
		<identifier>	MP_CM001_Propeller3_L	</identifier>
		<parent>	Scene Root	</parent>
		<transform>
			<row0>	0.8695 0.0000 -0.0286 0.0000	</row0>
			<row1>	-0.0019 0.8681 -0.0577 0.0000	</row1>
			<row2>	0.0286 0.0577 0.8676 0.0000	</row2>
			<row3>	-0.1292 -0.2468 -3.5016 1.0000	</row3>
		</transform>
	</node>
	<node>
		<identifier>	MP_CM032_Propeller3_R	</identifier>
		<parent>	Scene Root	</parent>
		<transform>
			<row0>	0.8695 0.0000 0.0286 0.0000	</row0>
			<row1>	0.0019 0.8681 -0.0577 0.0000	</row1>
			<row2>	-0.0286 0.0577 0.8676 0.0000	</row2>
			<row3>	0.1240 -0.2468 -3.5016 1.0000	</row3>
		</transform>
	</node>
	<node>
		<identifier>	MP_GM001_Paravane	</identifier>
		<parent>	Scene Root	</parent>
		<transform>
			<row0>	1.0000 -0.0008 -0.0011 0.0000	</row0>
			<row1>	-0.0009 -0.9984 -0.0558 0.0000	</row1>
			<row2>	-0.0011 0.0558 -0.9984 0.0000	</row2>
			<row3>	-0.0394 0.1715 -3.8653 1.0000	</row3>
		</transform>
	</node>
	<node>
		<identifier>	MP_GM001_Paravane_INDEX_1	</identifier>
		<parent>	Scene Root	</parent>
		<transform>
			<row0>	1.0000 -0.0008 -0.0011 0.0000	</row0>
			<row1>	-0.0009 -0.9984 -0.0558 0.0000	</row1>
			<row2>	-0.0011 0.0558 -0.9984 0.0000	</row2>
			<row3>	0.0583 0.1715 -3.7838 1.0000	</row3>
		</transform>
	</node>
	<node>
		<identifier>	MP_GM001_Paravane_INDEX_2	</identifier>
		<parent>	Scene Root	</parent>
		<transform>
			<row0>	1.0000 -0.0008 -0.0011 0.0000	</row0>
			<row1>	-0.0009 -0.9984 -0.0558 0.0000	</row1>
			<row2>	-0.0011 0.0558 -0.9984 0.0000	</row2>
			<row3>	0.0399 0.1715 -3.9961 1.0000	</row3>
		</transform>
	</node>
	<node>
		<identifier>	MP_GM001_Paravane_INDEX_3	</identifier>
		<parent>	Scene Root	</parent>
		<transform>
			<row0>	1.0000 -0.0008 -0.0011 0.0000	</row0>
			<row1>	-0.0009 -0.9984 -0.0558 0.0000	</row1>
			<row2>	-0.0011 0.0558 -0.9984 0.0000	</row2>
			<row3>	-0.0373 0.1710 -4.0769 1.0000	</row3>
		</transform>
	</node>
	<node>
		<identifier>	MP_GM003_Reels_1	</identifier>
		<parent>	Scene Root	</parent>
		<transform>
			<row0>	1.0000 0.0000 0.0000 0.0000	</row0>
			<row1>	0.0000 1.0000 0.0000 0.0000	</row1>
			<row2>	0.0000 0.0000 1.0000 0.0000	</row2>
			<row3>	0.1127 0.1420 -3.3241 1.0000	</row3>
		</transform>
	</node>
	<node>
		<identifier>	MP_GM003_Reels_1_INDEX_1	</identifier>
		<parent>	Scene Root	</parent>
		<transform>
			<row0>	1.0000 0.0000 0.0000 0.0000	</row0>
			<row1>	0.0000 1.0000 0.0000 0.0000	</row1>
			<row2>	0.0000 0.0000 1.0000 0.0000	</row2>
			<row3>	-0.1118 0.1420 -3.3232 1.0000	</row3>
		</transform>
	</node>
	<node>
		<identifier>	MP_GM007_LifeBuoy	</identifier>
		<parent>	Scene Root	</parent>
		<transform>
			<row0>	0.9987 0.0000 0.0501 0.0000	</row0>
			<row1>	0.0000 1.0000 0.0000 0.0000	</row1>
			<row2>	-0.0501 0.0000 0.9987 0.0000	</row2>
			<row3>	-0.2752 0.1937 -3.1741 1.0000	</row3>
		</transform>
	</node>
	<node>
		<identifier>	MP_GM007_LifeBuoy_INDEX_1	</identifier>
		<parent>	Scene Root	</parent>
		<transform>
			<row0>	0.9987 0.0000 -0.0501 0.0000	</row0>
			<row1>	0.0000 1.0000 0.0000 0.0000	</row1>
			<row2>	0.0501 0.0000 0.9987 0.0000	</row2>
			<row3>	0.2753 0.1937 -3.1834 1.0000	</row3>
		</transform>
	</node>
	<node>
		<identifier>	MP_GM856_Mastheadlight	</identifier>
		<parent>	Scene Root	</parent>
		<transform>
			<row0>	-1.0000 0.0000 0.0000 0.0000	</row0>
			<row1>	0.0000 1.0000 0.0000 0.0000	</row1>
			<row2>	0.0000 0.0000 -1.0000 0.0000	</row2>
			<row3>	-0.0026 0.2654 -4.3382 1.0000	</row3>
		</transform>
	</node>
	<node>
		<identifier>	MP_GM956_Boat_Winch	</identifier>
		<parent>	Scene Root	</parent>
		<transform>
			<row0>	1.0000 -0.0008 -0.0011 0.0000	</row0>
			<row1>	0.0008 1.0000 0.0000 0.0000	</row1>
			<row2>	0.0011 0.0000 1.0000 0.0000	</row2>
			<row3>	0.0164 0.1458 -3.5921 1.0000	</row3>
		</transform>
	</node>
</GSD027_Karl_von_Schonberg_1944_Stern.skel_ext>
