<JSB068_Tsurugi_1944_MidFront_ep.skel_ext>
	<exported>	false	</exported>
	<node>
		<identifier>	EP_Death_1	</identifier>
		<parent>	Scene Root	</parent>
		<transform>
			<row0>	1.0000 0.0000 0.0000 0.0000	</row0>
			<row1>	0.0000 1.0000 0.0000 0.0000	</row1>
			<row2>	0.0000 0.0000 1.0000 0.0000	</row2>
			<row3>	0.0000 0.0000 5.7469 1.0000	</row3>
		</transform>
	</node>
	<node>
		<identifier>	EP_Fire_2	</identifier>
		<parent>	Scene Root	</parent>
		<transform>
			<row0>	1.0000 0.0000 0.0000 0.0000	</row0>
			<row1>	0.0000 1.0000 0.0000 0.0000	</row1>
			<row2>	0.0000 0.0000 1.0000 0.0000	</row2>
			<row3>	-0.5181 0.5318 2.8665 1.0000	</row3>
		</transform>
	</node>
	<node>
		<identifier>	EP_Fire_2_side_1	</identifier>
		<parent>	Scene Root	</parent>
		<transform>
			<row0>	1.0000 0.0000 0.0000 0.0000	</row0>
			<row1>	0.0000 1.0000 0.0000 0.0000	</row1>
			<row2>	0.0000 0.0000 1.0000 0.0000	</row2>
			<row3>	0.7152 0.4142 4.0127 1.0000	</row3>
		</transform>
	</node>
	<node>
		<identifier>	EP_FloodLight_left_1	</identifier>
		<parent>	Scene Root	</parent>
		<transform>
			<row0>	-0.9999 0.0000 0.0131 0.0000	</row0>
			<row1>	0.0131 0.0000 0.9999 0.0000	</row1>
			<row2>	0.0000 1.0000 0.0000 0.0000	</row2>
			<row3>	-0.4283 0.6848 2.2766 1.0000	</row3>
		</transform>
	</node>
	<node>
		<identifier>	EP_FloodLight_right_1	</identifier>
		<parent>	Scene Root	</parent>
		<transform>
			<row0>	0.9999 0.0000 -0.0113 0.0000	</row0>
			<row1>	-0.0113 0.0000 -0.9999 0.0000	</row1>
			<row2>	0.0000 1.0000 0.0000 0.0000	</row2>
			<row3>	0.4281 0.6842 2.2788 1.0000	</row3>
		</transform>
	</node>
	<node>
		<identifier>	EP_Flood_steam_left	</identifier>
		<parent>	Scene Root	</parent>
		<transform>
			<row0>	-0.9901 0.0000 0.1404 0.0000	</row0>
			<row1>	0.0000 1.0000 0.0000 0.0000	</row1>
			<row2>	-0.1404 0.0000 -0.9901 0.0000	</row2>
			<row3>	-0.8876 0.3163 3.4921 1.0000	</row3>
		</transform>
	</node>
	<node>
		<identifier>	EP_RepairLight_left_1	</identifier>
		<parent>	Scene Root	</parent>
		<transform>
			<row0>	0.1079 0.0000 0.9942 0.0000	</row0>
			<row1>	0.0000 1.0000 0.0000 0.0000	</row1>
			<row2>	-0.9942 0.0000 0.1079 0.0000	</row2>
			<row3>	-0.7115 0.4526 5.7895 1.0000	</row3>
		</transform>
	</node>
	<node>
		<identifier>	EP_RepairLight_right_1	</identifier>
		<parent>	Scene Root	</parent>
		<transform>
			<row0>	0.0845 0.0000 -0.9964 0.0000	</row0>
			<row1>	0.0023 1.0000 0.0002 0.0000	</row1>
			<row2>	0.9964 -0.0023 0.0845 0.0000	</row2>
			<row3>	0.7928 0.4240 4.9569 1.0000	</row3>
		</transform>
	</node>
</JSB068_Tsurugi_1944_MidFront_ep.skel_ext>
