<locations.xml>
	<bookmark>
		<name>	HDR_Shot	</name>
		<view>
			<row0>	0.9550 -0.0178 0.2959	</row0>
			<row1>	0.0000 0.9982 0.0600	</row1>
			<row2>	-0.2965 -0.0573 0.9533	</row2>
			<row3>	0.0000 -0.4991 -0.0300	</row3>
		</view>
	</bookmark>
	<bookmark>
		<name>	Untitled	</name>
		<view>
			<row0>	0.9386 0.1565 0.3075	</row0>
			<row1>	0.0000 0.8912 -0.4536	</row1>
			<row2>	-0.3450 0.4258 0.8365	</row2>
			<row3>	77.0069 26.0967 204.1470	</row3>
		</view>
	</bookmark>
	<bookmark>
		<name>	Untitled2	</name>
		<view>
			<row0>	0.8484 -0.0795 -0.5234	</row0>
			<row1>	0.0000 0.9887 -0.1502	</row1>
			<row2>	0.5294 0.1274 0.8388	</row2>
			<row3>	-13.8709 10.0469 161.2360	</row3>
		</view>
	</bookmark>
</locations.xml>
