<GSC016_Roon_1945_Bow.skel_ext>
	<exported>	true	</exported>
	<node>
		<identifier>	MP_GM700_AmmoBox	</identifier>
		<parent>	Scene Root	</parent>
		<transform>
			<row0>	-0.7250 0.0000 0.3381 0.0000	</row0>
			<row1>	0.0000 0.8000 0.0000 0.0000	</row1>
			<row2>	-0.3381 0.0000 -0.7250 0.0000	</row2>
			<row3>	0.1598 0.3854 4.8528 1.0000	</row3>
		</transform>
	</node>
	<node>
		<identifier>	MP_GM700_AmmoBox_INDEX_1	</identifier>
		<parent>	Scene Root	</parent>
		<transform>
			<row0>	0.7250 0.0000 0.3381 0.0000	</row0>
			<row1>	0.0000 0.8000 0.0000 0.0000	</row1>
			<row2>	-0.3381 0.0000 0.7250 0.0000	</row2>
			<row3>	-0.1599 0.3854 4.8531 1.0000	</row3>
		</transform>
	</node>
	<node>
		<identifier>	SP_YMS001_YHBM_M_1	</identifier>
		<parent>	Scene Root	</parent>
		<transform>
			<row0>	0.7063 0.0000 0.0000 0.0000	</row0>
			<row1>	0.0000 0.7029 0.0692 0.0000	</row1>
			<row2>	0.0000 -0.0692 0.7029 0.0000	</row2>
			<row3>	0.0000 0.5192 7.4395 1.0000	</row3>
		</transform>
	</node>
	<node>
		<identifier>	SP_YMS002_YHBL_M_1	</identifier>
		<parent>	Scene Root	</parent>
		<transform>
			<row0>	0.4890 -0.0286 -0.0057 0.0000	</row0>
			<row1>	0.0278 0.4859 -0.0557 0.0000	</row1>
			<row2>	0.0089 0.0552 0.4866 0.0000	</row2>
			<row3>	0.0033 0.5262 7.4391 1.0000	</row3>
		</transform>
	</node>
	<node>
		<identifier>	SP_YMS003_YHBR_M_1	</identifier>
		<parent>	Scene Root	</parent>
		<transform>
			<row0>	0.4890 0.0286 0.0057 0.0000	</row0>
			<row1>	-0.0278 0.4859 -0.0557 0.0000	</row1>
			<row2>	-0.0089 0.0552 0.4866 0.0000	</row2>
			<row3>	-0.0033 0.5262 7.4391 1.0000	</row3>
		</transform>
	</node>
	<node>
		<identifier>	SP_YMS010_YHWM_L_1	</identifier>
		<parent>	Scene Root	</parent>
		<transform>
			<row0>	0.5682 0.0000 0.0000 0.0000	</row0>
			<row1>	0.0000 0.5282 0.0000 0.0000	</row1>
			<row2>	0.0000 0.0000 0.5282 0.0000	</row2>
			<row3>	0.0000 0.0000 7.1598 1.0000	</row3>
		</transform>
	</node>
	<node>
		<identifier>	SP_YMS011_YHWL_M_1	</identifier>
		<parent>	Scene Root	</parent>
		<transform>
			<row0>	0.9855 0.0000 -0.1696 0.0000	</row0>
			<row1>	0.0000 1.0000 0.0000 0.0000	</row1>
			<row2>	0.1696 0.0000 0.9855 0.0000	</row2>
			<row3>	-0.2105 0.0000 5.8408 1.0000	</row3>
		</transform>
	</node>
	<node>
		<identifier>	SP_YMS011_YHWL_M_1_INDEX_1	</identifier>
		<parent>	Scene Root	</parent>
		<transform>
			<row0>	0.9861 0.0000 -0.1662 0.0000	</row0>
			<row1>	0.0000 1.0000 0.0000 0.0000	</row1>
			<row2>	0.1662 0.0000 0.9861 0.0000	</row2>
			<row3>	-0.3502 0.0000 5.0179 1.0000	</row3>
		</transform>
	</node>
	<node>
		<identifier>	SP_YMS011_YHWL_M_1_INDEX_2	</identifier>
		<parent>	Scene Root	</parent>
		<transform>
			<row0>	0.9910 0.0000 -0.1340 0.0000	</row0>
			<row1>	0.0000 1.0000 0.0000 0.0000	</row1>
			<row2>	0.1340 0.0000 0.9910 0.0000	</row2>
			<row3>	-0.4858 0.0000 4.1974 1.0000	</row3>
		</transform>
	</node>
	<node>
		<identifier>	SP_YMS012_YHWR_M_1	</identifier>
		<parent>	Scene Root	</parent>
		<transform>
			<row0>	0.9855 0.0000 0.1696 0.0000	</row0>
			<row1>	0.0000 1.0000 0.0000 0.0000	</row1>
			<row2>	-0.1696 0.0000 0.9855 0.0000	</row2>
			<row3>	0.2105 0.0000 5.8408 1.0000	</row3>
		</transform>
	</node>
	<node>
		<identifier>	SP_YMS012_YHWR_M_1_INDEX_1	</identifier>
		<parent>	Scene Root	</parent>
		<transform>
			<row0>	0.9861 0.0000 0.1662 0.0000	</row0>
			<row1>	0.0000 1.0000 0.0000 0.0000	</row1>
			<row2>	-0.1662 0.0000 0.9861 0.0000	</row2>
			<row3>	0.3502 0.0000 5.0179 1.0000	</row3>
		</transform>
	</node>
	<node>
		<identifier>	SP_YMS012_YHWR_M_1_INDEX_2	</identifier>
		<parent>	Scene Root	</parent>
		<transform>
			<row0>	0.9910 0.0000 0.1340 0.0000	</row0>
			<row1>	0.0000 1.0000 0.0000 0.0000	</row1>
			<row2>	-0.1340 0.0000 0.9910 0.0000	</row2>
			<row3>	0.4858 0.0000 4.1974 1.0000	</row3>
		</transform>
	</node>
	<node>
		<identifier>	SP_YMS020_YHBU_M_1	</identifier>
		<parent>	Scene Root	</parent>
		<transform>
			<row0>	0.8225 0.0000 0.0000 0.0000	</row0>
			<row1>	0.0000 0.8225 0.0000 0.0000	</row1>
			<row2>	0.0000 0.0000 0.8225 0.0000	</row2>
			<row3>	0.0000 -0.1678 6.9575 1.0000	</row3>
		</transform>
	</node>
	<node>
		<identifier>	SP_YMS022_YHUS_L_1	</identifier>
		<parent>	Scene Root	</parent>
		<transform>
			<row0>	-0.1397 -0.0053 -0.9902 0.0000	</row0>
			<row1>	-0.3585 0.9324 0.0456 0.0000	</row1>
			<row2>	0.9230 0.3614 -0.1321 0.0000	</row2>
			<row3>	-0.2985 -0.3778 4.3633 1.0000	</row3>
		</transform>
	</node>
	<node>
		<identifier>	SP_YMS022_YHUS_L_1_INDEX_1	</identifier>
		<parent>	Scene Root	</parent>
		<transform>
			<row0>	-0.1397 0.0053 0.9902 0.0000	</row0>
			<row1>	0.3585 0.9324 0.0456 0.0000	</row1>
			<row2>	-0.9230 0.3614 -0.1321 0.0000	</row2>
			<row3>	0.2985 -0.3778 4.3633 1.0000	</row3>
		</transform>
	</node>
	<node>
		<identifier>	SP_YMS051_YHDL_L_1	</identifier>
		<parent>	Scene Root	</parent>
		<transform>
			<row0>	0.9285 0.0028 -0.1018 0.0000	</row0>
			<row1>	-0.0034 0.9341 -0.0047 0.0000	</row1>
			<row2>	0.1018 0.0050 0.9285 0.0000	</row2>
			<row3>	-0.5520 0.3699 4.5160 1.0000	</row3>
		</transform>
	</node>
	<node>
		<identifier>	SP_YMS052_YHDR_L_1	</identifier>
		<parent>	Scene Root	</parent>
		<transform>
			<row0>	0.9285 -0.0028 0.1018 0.0000	</row0>
			<row1>	0.0034 0.9341 -0.0047 0.0000	</row1>
			<row2>	-0.1018 0.0050 0.9285 0.0000	</row2>
			<row3>	0.5520 0.3699 4.5160 1.0000	</row3>
		</transform>
	</node>
	<node>
		<identifier>	SP_YMS053_YHDC_S_1	</identifier>
		<parent>	Scene Root	</parent>
		<transform>
			<row0>	1.0000 0.0000 0.0000 0.0000	</row0>
			<row1>	0.0000 0.9983 -0.0587 0.0000	</row1>
			<row2>	0.0000 0.0587 0.9983 0.0000	</row2>
			<row3>	0.0000 0.4298 6.1261 1.0000	</row3>
		</transform>
	</node>
	<node>
		<identifier>	SP_YMS053_YHDC_S_1_INDEX_1	</identifier>
		<parent>	Scene Root	</parent>
		<transform>
			<row0>	1.0000 0.0000 0.0000 0.0000	</row0>
			<row1>	0.0000 0.9997 -0.0232 0.0000	</row1>
			<row2>	0.0000 0.0232 0.9997 0.0000	</row2>
			<row3>	-0.3124 0.3922 5.1149 1.0000	</row3>
		</transform>
	</node>
	<node>
		<identifier>	SP_YMS053_YHDC_S_1_INDEX_2	</identifier>
		<parent>	Scene Root	</parent>
		<transform>
			<row0>	1.0000 0.0000 0.0000 0.0000	</row0>
			<row1>	0.0000 0.9997 -0.0232 0.0000	</row1>
			<row2>	0.0000 0.0232 0.9997 0.0000	</row2>
			<row3>	0.3124 0.3922 5.1149 1.0000	</row3>
		</transform>
	</node>
	<node>
		<identifier>	SP_YMS053_YHDC_S_1_INDEX_3	</identifier>
		<parent>	Scene Root	</parent>
		<transform>
			<row0>	1.0000 0.0000 0.0000 0.0000	</row0>
			<row1>	0.0000 1.0000 -0.0019 0.0000	</row1>
			<row2>	0.0000 0.0019 1.0000 0.0000	</row2>
			<row3>	-0.4559 0.3792 3.8803 1.0000	</row3>
		</transform>
	</node>
	<node>
		<identifier>	SP_YMS053_YHDC_S_1_INDEX_4	</identifier>
		<parent>	Scene Root	</parent>
		<transform>
			<row0>	1.0000 0.0000 0.0000 0.0000	</row0>
			<row1>	0.0000 1.0000 -0.0019 0.0000	</row1>
			<row2>	0.0000 0.0019 1.0000 0.0000	</row2>
			<row3>	0.4559 0.3792 3.8803 1.0000	</row3>
		</transform>
	</node>
	<node>
		<identifier>	SP_YMS080_YHSL_M_1	</identifier>
		<parent>	Scene Root	</parent>
		<transform>
			<row0>	0.6471 0.2741 -0.1085 0.0000	</row0>
			<row1>	-0.2755 0.6554 0.0124 0.0000	</row1>
			<row2>	0.1047 0.0308 0.7026 0.0000	</row2>
			<row3>	-0.2259 0.2473 6.0057 1.0000	</row3>
		</transform>
	</node>
	<node>
		<identifier>	SP_YMS080_YHSL_M_1_INDEX_1	</identifier>
		<parent>	Scene Root	</parent>
		<transform>
			<row0>	0.6379 0.2922 -0.1152 0.0000	</row0>
			<row1>	-0.2937 0.6474 0.0156 0.0000	</row1>
			<row2>	0.1113 0.0336 0.7015 0.0000	</row2>
			<row3>	-0.3306 0.2407 5.3922 1.0000	</row3>
		</transform>
	</node>
	<node>
		<identifier>	SP_YMS081_YHSR_M_1	</identifier>
		<parent>	Scene Root	</parent>
		<transform>
			<row0>	0.6471 -0.2741 0.1085 0.0000	</row0>
			<row1>	0.2755 0.6554 0.0124 0.0000	</row1>
			<row2>	-0.1047 0.0308 0.7026 0.0000	</row2>
			<row3>	0.2259 0.2473 6.0057 1.0000	</row3>
		</transform>
	</node>
	<node>
		<identifier>	SP_YMS081_YHSR_M_1_INDEX_1	</identifier>
		<parent>	Scene Root	</parent>
		<transform>
			<row0>	0.6379 -0.2922 0.1152 0.0000	</row0>
			<row1>	0.2937 0.6474 0.0156 0.0000	</row1>
			<row2>	-0.1113 0.0336 0.7015 0.0000	</row2>
			<row3>	0.3306 0.2407 5.3922 1.0000	</row3>
		</transform>
	</node>
</GSC016_Roon_1945_Bow.skel_ext>
