<RSB301_Archangellsk_1944_Stern.skel_ext>
	<exported>	true	</exported>
	<node>
		<identifier>	MP_BM5015_Fish_Bell	</identifier>
		<parent>	Scene Root	</parent>
		<transform>
			<row0>	-0.4757 0.0000 0.8796 0.0000	</row0>
			<row1>	0.0000 1.0000 0.0000 0.0000	</row1>
			<row2>	-0.8796 0.0000 -0.4757 0.0000	</row2>
			<row3>	-0.3690 0.3914 -2.6654 1.0000	</row3>
		</transform>
	</node>
	<node>
		<identifier>	MP_CM001_Propeller3_L	</identifier>
		<parent>	Scene Root	</parent>
		<transform>
			<row0>	0.8214 0.0008 0.0340 0.0000	</row0>
			<row1>	0.0000 0.8218 -0.0199 0.0000	</row1>
			<row2>	-0.0340 0.0199 0.8211 0.0000	</row2>
			<row3>	-0.3616 -0.4430 -4.7076 1.0000	</row3>
		</transform>
	</node>
	<node>
		<identifier>	MP_CM001_Propeller3_L_INDEX_1	</identifier>
		<parent>	Scene Root	</parent>
		<transform>
			<row0>	0.8221 0.0000 0.0000 0.0000	</row0>
			<row1>	0.0000 0.8218 -0.0199 0.0000	</row1>
			<row2>	0.0000 0.0199 0.8218 0.0000	</row2>
			<row3>	-0.1611 -0.4627 -5.2034 1.0000	</row3>
		</transform>
	</node>
	<node>
		<identifier>	MP_CM011_Fire_Fighting_Gear	</identifier>
		<parent>	Scene Root	</parent>
		<transform>
			<row0>	0.0000 0.0000 -1.0000 0.0000	</row0>
			<row1>	0.0000 1.0000 0.0000 0.0000	</row1>
			<row2>	1.0000 0.0000 0.0000 0.0000	</row2>
			<row3>	0.0869 0.2763 -4.9486 1.0000	</row3>
		</transform>
	</node>
	<node>
		<identifier>	MP_CM011_Fire_Fighting_Gear_INDEX_1	</identifier>
		<parent>	Scene Root	</parent>
		<transform>
			<row0>	1.0000 0.0000 0.0000 0.0000	</row0>
			<row1>	0.0000 1.0000 0.0000 0.0000	</row1>
			<row2>	0.0000 0.0000 1.0000 0.0000	</row2>
			<row3>	0.0085 0.2763 -2.9322 1.0000	</row3>
		</transform>
	</node>
	<node>
		<identifier>	MP_CM011_Fire_Fighting_Gear_INDEX_2	</identifier>
		<parent>	Scene Root	</parent>
		<transform>
			<row0>	0.0000 0.0000 1.0000 0.0000	</row0>
			<row1>	0.0000 1.0000 0.0000 0.0000	</row1>
			<row2>	-1.0000 0.0000 0.0000 0.0000	</row2>
			<row3>	0.6390 0.2653 -1.7008 1.0000	</row3>
		</transform>
	</node>
	<node>
		<identifier>	MP_CM011_Fire_Fighting_Gear_INDEX_3	</identifier>
		<parent>	Scene Root	</parent>
		<transform>
			<row0>	0.0000 0.0000 -1.0000 0.0000	</row0>
			<row1>	0.0000 1.0000 0.0000 0.0000	</row1>
			<row2>	1.0000 0.0000 0.0000 0.0000	</row2>
			<row3>	-0.6390 0.2653 -1.7008 1.0000	</row3>
		</transform>
	</node>
	<node>
		<identifier>	MP_CM012_Fire_Hose_Rack_1	</identifier>
		<parent>	Scene Root	</parent>
		<transform>
			<row0>	-0.2903 0.0000 0.9569 0.0000	</row0>
			<row1>	0.0000 1.0000 0.0000 0.0000	</row1>
			<row2>	-0.9569 0.0000 -0.2903 0.0000	</row2>
			<row3>	0.0946 0.3480 -2.9095 1.0000	</row3>
		</transform>
	</node>
	<node>
		<identifier>	MP_CM012_Fire_Hose_Rack_1_INDEX_1	</identifier>
		<parent>	Scene Root	</parent>
		<transform>
			<row0>	-1.0000 0.0000 0.0000 0.0000	</row0>
			<row1>	0.0000 1.0000 0.0000 0.0000	</row1>
			<row2>	0.0000 0.0000 -1.0000 0.0000	</row2>
			<row3>	0.6331 0.3386 -1.7426 1.0000	</row3>
		</transform>
	</node>
	<node>
		<identifier>	MP_CM012_Fire_Hose_Rack_1_INDEX_2	</identifier>
		<parent>	Scene Root	</parent>
		<transform>
			<row0>	1.0000 0.0000 0.0000 0.0000	</row0>
			<row1>	0.0000 1.0000 0.0000 0.0000	</row1>
			<row2>	0.0000 0.0000 1.0000 0.0000	</row2>
			<row3>	-0.6331 0.3386 -1.7426 1.0000	</row3>
		</transform>
	</node>
	<node>
		<identifier>	MP_CM012_Fire_Hose_Rack_1_INDEX_3	</identifier>
		<parent>	Scene Root	</parent>
		<transform>
			<row0>	-0.8670 0.0000 0.4983 0.0000	</row0>
			<row1>	0.0000 1.0000 0.0000 0.0000	</row1>
			<row2>	-0.4983 0.0000 -0.8670 0.0000	</row2>
			<row3>	0.3812 0.4969 -1.5687 1.0000	</row3>
		</transform>
	</node>
	<node>
		<identifier>	MP_CM012_Fire_Hose_Rack_1_INDEX_4	</identifier>
		<parent>	Scene Root	</parent>
		<transform>
			<row0>	0.8670 0.0000 0.4983 0.0000	</row0>
			<row1>	0.0000 1.0000 0.0000 0.0000	</row1>
			<row2>	-0.4983 0.0000 0.8670 0.0000	</row2>
			<row3>	-0.3868 0.4969 -1.5590 1.0000	</row3>
		</transform>
	</node>
	<node>
		<identifier>	MP_CM029_Emergency_Box	</identifier>
		<parent>	Scene Root	</parent>
		<transform>
			<row0>	0.0000 0.0000 1.0000 0.0000	</row0>
			<row1>	0.0000 1.0000 0.0000 0.0000	</row1>
			<row2>	-1.0000 0.0000 0.0000 0.0000	</row2>
			<row3>	0.6397 0.3649 -2.0024 1.0000	</row3>
		</transform>
	</node>
	<node>
		<identifier>	MP_CM029_Emergency_Box_INDEX_1	</identifier>
		<parent>	Scene Root	</parent>
		<transform>
			<row0>	0.5005 0.0000 0.8657 0.0000	</row0>
			<row1>	0.0000 1.0000 0.0000 0.0000	</row1>
			<row2>	-0.8657 0.0000 0.5005 0.0000	</row2>
			<row3>	0.3385 0.5275 -1.6556 1.0000	</row3>
		</transform>
	</node>
	<node>
		<identifier>	MP_CM029_Emergency_Box_INDEX_2	</identifier>
		<parent>	Scene Root	</parent>
		<transform>
			<row0>	0.0000 0.0000 -1.0000 0.0000	</row0>
			<row1>	0.0000 1.0000 0.0000 0.0000	</row1>
			<row2>	1.0000 0.0000 0.0000 0.0000	</row2>
			<row3>	-0.6397 0.3649 -2.0024 1.0000	</row3>
		</transform>
	</node>
	<node>
		<identifier>	MP_CM029_Emergency_Box_INDEX_3	</identifier>
		<parent>	Scene Root	</parent>
		<transform>
			<row0>	0.5005 0.0000 -0.8657 0.0000	</row0>
			<row1>	0.0000 1.0000 0.0000 0.0000	</row1>
			<row2>	0.8657 0.0000 0.5005 0.0000	</row2>
			<row3>	-0.3385 0.5275 -1.6556 1.0000	</row3>
		</transform>
	</node>
	<node>
		<identifier>	MP_CM032_Propeller3_R	</identifier>
		<parent>	Scene Root	</parent>
		<transform>
			<row0>	0.8221 0.0000 0.0000 0.0000	</row0>
			<row1>	0.0000 0.8218 -0.0199 0.0000	</row1>
			<row2>	0.0000 0.0199 0.8218 0.0000	</row2>
			<row3>	0.1611 -0.4627 -5.2034 1.0000	</row3>
		</transform>
	</node>
	<node>
		<identifier>	MP_CM032_Propeller3_R_INDEX_1	</identifier>
		<parent>	Scene Root	</parent>
		<transform>
			<row0>	0.8214 -0.0008 -0.0340 0.0000	</row0>
			<row1>	0.0000 0.8218 -0.0199 0.0000	</row1>
			<row2>	0.0340 0.0199 0.8211 0.0000	</row2>
			<row3>	0.3616 -0.4430 -4.7076 1.0000	</row3>
		</transform>
	</node>
	<node>
		<identifier>	MP_CM082_Rope	</identifier>
		<parent>	Scene Root	</parent>
		<transform>
			<row0>	1.0000 0.0000 0.0000 0.0000	</row0>
			<row1>	0.0000 1.0000 0.0000 0.0000	</row1>
			<row2>	0.0000 0.0000 1.0000 0.0000	</row2>
			<row3>	-0.1448 0.9360 -1.4819 1.0000	</row3>
		</transform>
	</node>
	<node>
		<identifier>	MP_CM082_Rope_INDEX_1	</identifier>
		<parent>	Scene Root	</parent>
		<transform>
			<row0>	1.0000 0.0000 0.0000 0.0000	</row0>
			<row1>	0.0000 1.0000 0.0000 0.0000	</row1>
			<row2>	0.0000 0.0000 1.0000 0.0000	</row2>
			<row3>	0.1448 0.9360 -1.4819 1.0000	</row3>
		</transform>
	</node>
	<node>
		<identifier>	MP_CM082_Rope_INDEX_2	</identifier>
		<parent>	Scene Root	</parent>
		<transform>
			<row0>	0.0000 0.2816 -0.9595 0.0000	</row0>
			<row1>	0.0000 0.9595 0.2816 0.0000	</row1>
			<row2>	1.0000 0.0000 0.0000 0.0000	</row2>
			<row3>	0.0021 0.7019 -1.5071 1.0000	</row3>
		</transform>
	</node>
	<node>
		<identifier>	MP_RM200_Running_Lights_B	</identifier>
		<parent>	Scene Root	</parent>
		<transform>
			<row0>	-1.0000 0.0000 0.0000 0.0000	</row0>
			<row1>	0.0000 1.0000 0.0000 0.0000	</row1>
			<row2>	0.0000 0.0000 -1.0000 0.0000	</row2>
			<row3>	0.0000 0.4674 -6.2054 1.0000	</row3>
		</transform>
	</node>
	<node>
		<identifier>	MP_RM5050_Fog_Light	</identifier>
		<parent>	Scene Root	</parent>
		<transform>
			<row0>	-1.0000 0.0000 0.0000 0.0000	</row0>
			<row1>	0.0000 1.0000 0.0000 0.0000	</row1>
			<row2>	0.0000 0.0000 -1.0000 0.0000	</row2>
			<row3>	0.0000 0.3722 -6.2086 1.0000	</row3>
		</transform>
	</node>
	<node>
		<identifier>	MP_RM5051_Anchor_top	</identifier>
		<parent>	Scene Root	</parent>
		<transform>
			<row0>	1.2604 0.0000 0.0000 0.0000	</row0>
			<row1>	0.0000 0.9480 0.8306 0.0000	</row1>
			<row2>	0.0000 -0.8306 0.9480 0.0000	</row2>
			<row3>	0.0000 0.1168 -6.2416 1.0000	</row3>
		</transform>
	</node>
	<node>
		<identifier>	MP_RM5052_Anchor_down	</identifier>
		<parent>	Scene Root	</parent>
		<transform>
			<row0>	1.2604 0.0000 0.0000 0.0000	</row0>
			<row1>	0.0000 1.2171 0.3274 0.0000	</row1>
			<row2>	0.0000 -0.3274 1.2171 0.0000	</row2>
			<row3>	0.0000 0.1168 -6.2416 1.0000	</row3>
		</transform>
	</node>
	<node>
		<identifier>	MP_RM5053_Hatch	</identifier>
		<parent>	Scene Root	</parent>
		<transform>
			<row0>	0.0000 0.0000 -0.9468 0.0000	</row0>
			<row1>	0.0000 0.9468 0.0000 0.0000	</row1>
			<row2>	0.9468 0.0000 0.0000 0.0000	</row2>
			<row3>	-0.2148 0.2697 -3.0450 1.0000	</row3>
		</transform>
	</node>
	<node>
		<identifier>	MP_RM5053_Hatch_INDEX_1	</identifier>
		<parent>	Scene Root	</parent>
		<transform>
			<row0>	0.0000 0.0000 -0.9468 0.0000	</row0>
			<row1>	0.0000 0.9468 0.0000 0.0000	</row1>
			<row2>	0.9468 0.0000 0.0000 0.0000	</row2>
			<row3>	0.2139 0.2719 -2.9630 1.0000	</row3>
		</transform>
	</node>
	<node>
		<identifier>	MP_RM5054_Motor_for_Oerlikon	</identifier>
		<parent>	Scene Root	</parent>
		<transform>
			<row0>	0.8652 -0.0264 -0.5008 0.0000	</row0>
			<row1>	0.0305 0.9995 0.0000 0.0000	</row1>
			<row2>	0.5005 -0.0153 0.8656 0.0000	</row2>
			<row3>	0.4894 0.2697 -2.4090 1.0000	</row3>
		</transform>
	</node>
	<node>
		<identifier>	MP_RM5054_Motor_for_Oerlikon_INDEX_1	</identifier>
		<parent>	Scene Root	</parent>
		<transform>
			<row0>	-0.8652 -0.0264 -0.5008 0.0000	</row0>
			<row1>	-0.0305 0.9995 0.0000 0.0000	</row1>
			<row2>	0.5005 0.0153 -0.8656 0.0000	</row2>
			<row3>	-0.4894 0.2697 -2.4090 1.0000	</row3>
		</transform>
	</node>
	<node>
		<identifier>	MP_RM5054_Motor_for_Oerlikon_INDEX_2	</identifier>
		<parent>	Scene Root	</parent>
		<transform>
			<row0>	-0.0170 -0.0003 0.9999 0.0000	</row0>
			<row1>	0.0286 0.9996 0.0008 0.0000	</row1>
			<row2>	-0.9994 0.0286 -0.0170 0.0000	</row2>
			<row3>	0.5641 0.4225 -2.0508 1.0000	</row3>
		</transform>
	</node>
	<node>
		<identifier>	MP_RM5054_Motor_for_Oerlikon_INDEX_3	</identifier>
		<parent>	Scene Root	</parent>
		<transform>
			<row0>	-0.0170 0.0003 -0.9999 0.0000	</row0>
			<row1>	-0.0286 0.9996 0.0008 0.0000	</row1>
			<row2>	0.9994 0.0286 -0.0170 0.0000	</row2>
			<row3>	-0.5571 0.4227 -2.0509 1.0000	</row3>
		</transform>
	</node>
	<node>
		<identifier>	MP_RM5067_Locker	</identifier>
		<parent>	Scene Root	</parent>
		<transform>
			<row0>	0.2883 -0.0053 0.9575 0.0000	</row0>
			<row1>	0.0109 0.9999 0.0022 0.0000	</row1>
			<row2>	-0.9575 0.0098 0.2883 0.0000	</row2>
			<row3>	0.3344 0.2727 -2.7090 1.0000	</row3>
		</transform>
	</node>
	<node>
		<identifier>	MP_RM5067_Locker_INDEX_1	</identifier>
		<parent>	Scene Root	</parent>
		<transform>
			<row0>	0.2883 0.0053 -0.9575 0.0000	</row0>
			<row1>	-0.0109 0.9999 0.0022 0.0000	</row1>
			<row2>	0.9575 0.0098 0.2883 0.0000	</row2>
			<row3>	-0.3344 0.2727 -2.7090 1.0000	</row3>
		</transform>
	</node>
	<node>
		<identifier>	MP_RM5067_Locker_INDEX_2	</identifier>
		<parent>	Scene Root	</parent>
		<transform>
			<row0>	0.4971 0.0173 -0.8675 0.0000	</row0>
			<row1>	-0.0368 0.9993 -0.0011 0.0000	</row1>
			<row2>	0.8669 0.0325 0.4974 0.0000	</row2>
			<row3>	-0.5933 0.2671 -2.2047 1.0000	</row3>
		</transform>
	</node>
	<node>
		<identifier>	MP_RM5067_Locker_INDEX_3	</identifier>
		<parent>	Scene Root	</parent>
		<transform>
			<row0>	0.4971 -0.0173 0.8675 0.0000	</row0>
			<row1>	0.0368 0.9993 -0.0011 0.0000	</row1>
			<row2>	-0.8669 0.0325 0.4974 0.0000	</row2>
			<row3>	0.5933 0.2671 -2.2047 1.0000	</row3>
		</transform>
	</node>
	<node>
		<identifier>	MP_RM5067_Locker_INDEX_4	</identifier>
		<parent>	Scene Root	</parent>
		<transform>
			<row0>	0.9996 0.0284 0.0006 0.0000	</row0>
			<row1>	-0.0284 0.9996 0.0024 0.0000	</row1>
			<row2>	-0.0005 -0.0025 1.0000 0.0000	</row2>
			<row3>	-0.4000 0.4270 -2.0392 1.0000	</row3>
		</transform>
	</node>
	<node>
		<identifier>	MP_RM5067_Locker_INDEX_5	</identifier>
		<parent>	Scene Root	</parent>
		<transform>
			<row0>	-0.9996 0.0284 0.0006 0.0000	</row0>
			<row1>	0.0284 0.9996 -0.0024 0.0000	</row1>
			<row2>	-0.0007 -0.0024 -1.0000 0.0000	</row2>
			<row3>	0.4046 0.4271 -1.9732 1.0000	</row3>
		</transform>
	</node>
	<node>
		<identifier>	SP_YMS011_YHWL_M_1_INDEX_1	</identifier>
		<parent>	Scene Root	</parent>
		<transform>
			<row0>	0.9943 0.0000 0.1067 0.0000	</row0>
			<row1>	0.0000 1.0000 0.0000 0.0000	</row1>
			<row2>	-0.1067 0.0000 0.9943 0.0000	</row2>
			<row3>	-0.8319 0.0000 -3.3889 1.0000	</row3>
		</transform>
	</node>
	<node>
		<identifier>	SP_YMS011_YHWL_M_1_INDEX_3	</identifier>
		<parent>	Scene Root	</parent>
		<transform>
			<row0>	0.9960 -0.0735 0.0503 0.0000	</row0>
			<row1>	0.0734 0.9973 0.0038 0.0000	</row1>
			<row2>	-0.0504 -0.0001 0.9987 0.0000	</row2>
			<row3>	-0.9017 0.0000 -2.5472 1.0000	</row3>
		</transform>
	</node>
	<node>
		<identifier>	SP_YMS011_YHWL_M_1_INDEX_7	</identifier>
		<parent>	Scene Root	</parent>
		<transform>
			<row0>	0.9903 -0.1351 0.0311 0.0000	</row0>
			<row1>	0.1351 0.9908 0.0042 0.0000	</row1>
			<row2>	-0.0314 0.0000 0.9995 0.0000	</row2>
			<row3>	-0.9369 0.0000 -1.7012 1.0000	</row3>
		</transform>
	</node>
	<node>
		<identifier>	SP_YMS011_YHWL_M_1_INDEX_9	</identifier>
		<parent>	Scene Root	</parent>
		<transform>
			<row0>	0.9627 0.2195 0.1581 0.0000	</row0>
			<row1>	-0.2166 0.9756 -0.0356 0.0000	</row1>
			<row2>	-0.1621 0.0000 0.9868 0.0000	</row2>
			<row3>	-0.7189 0.0000 -4.2251 1.0000	</row3>
		</transform>
	</node>
	<node>
		<identifier>	SP_YMS012_YHWR_M_1_INDEX_1	</identifier>
		<parent>	Scene Root	</parent>
		<transform>
			<row0>	0.9903 0.1351 -0.0311 0.0000	</row0>
			<row1>	-0.1351 0.9908 0.0042 0.0000	</row1>
			<row2>	0.0314 0.0000 0.9995 0.0000	</row2>
			<row3>	0.9369 0.0000 -1.7012 1.0000	</row3>
		</transform>
	</node>
	<node>
		<identifier>	SP_YMS012_YHWR_M_1_INDEX_10	</identifier>
		<parent>	Scene Root	</parent>
		<transform>
			<row0>	0.9943 0.0000 -0.1067 0.0000	</row0>
			<row1>	0.0000 1.0000 0.0000 0.0000	</row1>
			<row2>	0.1067 0.0000 0.9943 0.0000	</row2>
			<row3>	0.8319 0.0000 -3.3889 1.0000	</row3>
		</transform>
	</node>
	<node>
		<identifier>	SP_YMS012_YHWR_M_1_INDEX_2	</identifier>
		<parent>	Scene Root	</parent>
		<transform>
			<row0>	0.9960 0.0735 -0.0503 0.0000	</row0>
			<row1>	-0.0734 0.9973 0.0038 0.0000	</row1>
			<row2>	0.0504 -0.0001 0.9987 0.0000	</row2>
			<row3>	0.9017 0.0000 -2.5472 1.0000	</row3>
		</transform>
	</node>
	<node>
		<identifier>	SP_YMS012_YHWR_M_1_INDEX_7	</identifier>
		<parent>	Scene Root	</parent>
		<transform>
			<row0>	0.9627 -0.2195 -0.1581 0.0000	</row0>
			<row1>	0.2166 0.9756 -0.0356 0.0000	</row1>
			<row2>	0.1621 0.0000 0.9868 0.0000	</row2>
			<row3>	0.7189 0.0000 -4.2251 1.0000	</row3>
		</transform>
	</node>
	<node>
		<identifier>	SP_YMS021_YHUC_S_1	</identifier>
		<parent>	Scene Root	</parent>
		<transform>
			<row0>	0.2882 0.9576 0.0000 0.0000	</row0>
			<row1>	-0.9562 0.2878 -0.0534 0.0000	</row1>
			<row2>	-0.0511 0.0154 0.9986 0.0000	</row2>
			<row3>	-0.9842 -0.1252 -1.5157 1.0000	</row3>
		</transform>
	</node>
	<node>
		<identifier>	SP_YMS021_YHUC_S_1_INDEX_11	</identifier>
		<parent>	Scene Root	</parent>
		<transform>
			<row0>	0.2882 -0.9576 0.0000 0.0000	</row0>
			<row1>	0.9562 0.2878 -0.0534 0.0000	</row1>
			<row2>	0.0511 0.0154 0.9986 0.0000	</row2>
			<row3>	0.9842 -0.1252 -1.5157 1.0000	</row3>
		</transform>
	</node>
	<node>
		<identifier>	SP_YMS022_YHUS_L_1_INDEX_2	</identifier>
		<parent>	Scene Root	</parent>
		<transform>
			<row0>	0.0706 0.0061 0.9975 0.0000	</row0>
			<row1>	0.1988 0.9798 -0.0200 0.0000	</row1>
			<row2>	-0.9775 0.1997 0.0680 0.0000	</row2>
			<row3>	0.8431 -0.3713 -2.5254 1.0000	</row3>
		</transform>
	</node>
	<node>
		<identifier>	SP_YMS022_YHUS_L_1_INDEX_5	</identifier>
		<parent>	Scene Root	</parent>
		<transform>
			<row0>	0.0706 -0.0061 -0.9975 0.0000	</row0>
			<row1>	-0.1988 0.9798 -0.0200 0.0000	</row1>
			<row2>	0.9775 0.1997 0.0680 0.0000	</row2>
			<row3>	-0.8431 -0.3713 -2.5254 1.0000	</row3>
		</transform>
	</node>
	<node>
		<identifier>	SP_YMS023_YHUC_L_1	</identifier>
		<parent>	Scene Root	</parent>
		<transform>
			<row0>	0.5861 0.0000 0.0000 0.0000	</row0>
			<row1>	0.0000 0.5859 -0.0142 0.0000	</row1>
			<row2>	0.0000 0.0142 0.5859 0.0000	</row2>
			<row3>	-0.1611 -0.4637 -5.2455 1.0000	</row3>
		</transform>
	</node>
	<node>
		<identifier>	SP_YMS023_YHUC_L_1_INDEX_1	</identifier>
		<parent>	Scene Root	</parent>
		<transform>
			<row0>	0.5855 -0.0006 -0.0242 0.0000	</row0>
			<row1>	0.0000 0.5858 -0.0142 0.0000	</row1>
			<row2>	0.0243 0.0142 0.5853 0.0000	</row2>
			<row3>	0.3599 -0.4440 -4.7486 1.0000	</row3>
		</transform>
	</node>
	<node>
		<identifier>	SP_YMS023_YHUC_L_1_INDEX_2	</identifier>
		<parent>	Scene Root	</parent>
		<transform>
			<row0>	0.5855 0.0006 0.0242 0.0000	</row0>
			<row1>	0.0000 0.5858 -0.0142 0.0000	</row1>
			<row2>	-0.0243 0.0142 0.5853 0.0000	</row2>
			<row3>	-0.3599 -0.4440 -4.7486 1.0000	</row3>
		</transform>
	</node>
	<node>
		<identifier>	SP_YMS023_YHUC_L_1_INDEX_3	</identifier>
		<parent>	Scene Root	</parent>
		<transform>
			<row0>	0.5861 0.0000 0.0000 0.0000	</row0>
			<row1>	0.0000 0.5859 -0.0142 0.0000	</row1>
			<row2>	0.0000 0.0142 0.5859 0.0000	</row2>
			<row3>	0.1611 -0.4637 -5.2455 1.0000	</row3>
		</transform>
	</node>
	<node>
		<identifier>	SP_YMS031_YHAL_M_1	</identifier>
		<parent>	Scene Root	</parent>
		<transform>
			<row0>	0.6668 0.0068 0.2128 0.0000	</row0>
			<row1>	-0.0065 0.7000 -0.0021 0.0000	</row1>
			<row2>	-0.2128 0.0000 0.6669 0.0000	</row2>
			<row3>	-0.4548 0.1992 -5.7238 1.0000	</row3>
		</transform>
	</node>
	<node>
		<identifier>	SP_YMS032_YHAR_M_1	</identifier>
		<parent>	Scene Root	</parent>
		<transform>
			<row0>	0.6668 -0.0068 -0.2128 0.0000	</row0>
			<row1>	0.0065 0.7000 -0.0021 0.0000	</row1>
			<row2>	0.2128 0.0000 0.6669 0.0000	</row2>
			<row3>	0.4548 0.1992 -5.7238 1.0000	</row3>
		</transform>
	</node>
	<node>
		<identifier>	SP_YMS033_YHAM_S_1	</identifier>
		<parent>	Scene Root	</parent>
		<transform>
			<row0>	0.3997 0.0000 0.0000 0.0000	</row0>
			<row1>	0.0000 0.3997 0.0000 0.0000	</row1>
			<row2>	0.0000 0.0000 0.3997 0.0000	</row2>
			<row3>	0.0000 0.2782 -6.2396 1.0000	</row3>
		</transform>
	</node>
	<node>
		<identifier>	SP_YMS044_YHTC_L_1_INDEX_1	</identifier>
		<parent>	Scene Root	</parent>
		<transform>
			<row0>	0.2826 0.0000 0.0000 0.0000	</row0>
			<row1>	0.0000 0.2826 0.0000 0.0000	</row1>
			<row2>	0.0000 0.0000 0.2826 0.0000	</row2>
			<row3>	0.0000 0.7497 -1.6334 1.0000	</row3>
		</transform>
	</node>
	<node>
		<identifier>	SP_YMS050_YHDC_M_1_INDEX_1	</identifier>
		<parent>	Scene Root	</parent>
		<transform>
			<row0>	0.5000 0.0000 0.0000 0.0000	</row0>
			<row1>	0.0000 0.5000 0.0000 0.0000	</row1>
			<row2>	0.0000 0.0000 0.5000 0.0000	</row2>
			<row3>	0.0000 0.4299 -2.0246 1.0000	</row3>
		</transform>
	</node>
	<node>
		<identifier>	SP_YMS051_YHDL_L_1_INDEX_1	</identifier>
		<parent>	Scene Root	</parent>
		<transform>
			<row0>	0.9966 0.0000 0.0821 0.0000	</row0>
			<row1>	0.0000 1.0000 0.0000 0.0000	</row1>
			<row2>	-0.0821 0.0000 0.9966 0.0000	</row2>
			<row3>	-0.7842 0.2640 -3.6626 1.0000	</row3>
		</transform>
	</node>
	<node>
		<identifier>	SP_YMS052_YHDR_L_1_INDEX_1	</identifier>
		<parent>	Scene Root	</parent>
		<transform>
			<row0>	0.9966 0.0000 -0.0821 0.0000	</row0>
			<row1>	0.0000 1.0000 0.0000 0.0000	</row1>
			<row2>	0.0821 0.0000 0.9966 0.0000	</row2>
			<row3>	0.7842 0.2640 -3.6626 1.0000	</row3>
		</transform>
	</node>
	<node>
		<identifier>	SP_YMS053_YHDC_S_1_INDEX_2	</identifier>
		<parent>	Scene Root	</parent>
		<transform>
			<row0>	0.0000 0.0000 1.0000 0.0000	</row0>
			<row1>	-0.0284 0.9996 0.0000 0.0000	</row1>
			<row2>	-0.9996 -0.0284 0.0000 0.0000	</row2>
			<row3>	-0.5266 0.2769 -3.5908 1.0000	</row3>
		</transform>
	</node>
	<node>
		<identifier>	SP_YMS053_YHDC_S_1_INDEX_3	</identifier>
		<parent>	Scene Root	</parent>
		<transform>
			<row0>	0.9996 0.0269 0.0000 0.0000	</row0>
			<row1>	-0.0269 0.9996 -0.0010 0.0000	</row1>
			<row2>	0.0000 0.0010 1.0000 0.0000	</row2>
			<row3>	-0.4247 0.4350 -2.1895 1.0000	</row3>
		</transform>
	</node>
	<node>
		<identifier>	SP_YMS053_YHDC_S_1_INDEX_4	</identifier>
		<parent>	Scene Root	</parent>
		<transform>
			<row0>	0.0000 -0.0007 1.0000 0.0000	</row0>
			<row1>	0.0296 0.9996 0.0007 0.0000	</row1>
			<row2>	-0.9996 0.0296 0.0000 0.0000	</row2>
			<row3>	0.4969 0.2779 -4.4934 1.0000	</row3>
		</transform>
	</node>
	<node>
		<identifier>	SP_YMS053_YHDC_S_1_INDEX_6	</identifier>
		<parent>	Scene Root	</parent>
		<transform>
			<row0>	0.9996 -0.0269 0.0000 0.0000	</row0>
			<row1>	0.0269 0.9996 -0.0010 0.0000	</row1>
			<row2>	0.0000 0.0010 1.0000 0.0000	</row2>
			<row3>	0.4247 0.4350 -2.1895 1.0000	</row3>
		</transform>
	</node>
	<node>
		<identifier>	SP_YMS053_YHDC_S_1_INDEX_7	</identifier>
		<parent>	Scene Root	</parent>
		<transform>
			<row0>	0.0000 0.0007 -1.0000 0.0000	</row0>
			<row1>	-0.0296 0.9996 0.0007 0.0000	</row1>
			<row2>	0.9996 0.0296 0.0000 0.0000	</row2>
			<row3>	-0.4969 0.2779 -4.4934 1.0000	</row3>
		</transform>
	</node>
	<node>
		<identifier>	SP_YMS080_YHSL_M_1_INDEX_1	</identifier>
		<parent>	Scene Root	</parent>
		<transform>
			<row0>	0.7317 0.2548 0.1991 0.0000	</row0>
			<row1>	-0.2552 0.7575 -0.0316 0.0000	</row1>
			<row2>	-0.1986 -0.0346 0.7742 0.0000	</row2>
			<row3>	-0.6168 0.1394 -4.9834 1.0000	</row3>
		</transform>
	</node>
	<node>
		<identifier>	SP_YMS081_YHSR_M_1_INDEX_1	</identifier>
		<parent>	Scene Root	</parent>
		<transform>
			<row0>	0.7317 -0.2548 -0.1991 0.0000	</row0>
			<row1>	0.2552 0.7575 -0.0316 0.0000	</row1>
			<row2>	0.1986 -0.0346 0.7742 0.0000	</row2>
			<row3>	0.6168 0.1394 -4.9834 1.0000	</row3>
		</transform>
	</node>
	<node>
		<identifier>	SP_YMS082_YHSC_M_1	</identifier>
		<parent>	Scene Root	</parent>
		<transform>
			<row0>	0.0373 0.0000 0.9993 0.0000	</row0>
			<row1>	0.0000 1.0000 0.0000 0.0000	</row1>
			<row2>	-0.9993 0.0000 0.0373 0.0000	</row2>
			<row3>	0.8505 0.1599 -2.5324 1.0000	</row3>
		</transform>
	</node>
	<node>
		<identifier>	SP_YMS082_YHSC_M_1_INDEX_3	</identifier>
		<parent>	Scene Root	</parent>
		<transform>
			<row0>	0.0373 0.0000 -0.9993 0.0000	</row0>
			<row1>	0.0000 1.0000 0.0000 0.0000	</row1>
			<row2>	0.9993 0.0000 0.0373 0.0000	</row2>
			<row3>	-0.8505 0.1599 -2.5324 1.0000	</row3>
		</transform>
	</node>
	<node>
		<identifier>	SP_YMS082_YHSC_M_1_INDEX_4	</identifier>
		<parent>	Scene Root	</parent>
		<transform>
			<row0>	0.0228 0.0000 -0.9997 0.0000	</row0>
			<row1>	0.0000 1.0000 0.0000 0.0000	</row1>
			<row2>	0.9997 0.0000 0.0228 0.0000	</row2>
			<row3>	-0.8699 0.1599 -1.9297 1.0000	</row3>
		</transform>
	</node>
	<node>
		<identifier>	SP_YMS082_YHSC_M_1_INDEX_6	</identifier>
		<parent>	Scene Root	</parent>
		<transform>
			<row0>	0.0228 0.0000 0.9997 0.0000	</row0>
			<row1>	0.0000 1.0000 0.0000 0.0000	</row1>
			<row2>	-0.9997 0.0000 0.0228 0.0000	</row2>
			<row3>	0.8699 0.1599 -1.9297 1.0000	</row3>
		</transform>
	</node>
	<node>
		<identifier>	SP_YMS096_YHZC_S_1_INDEX_14	</identifier>
		<parent>	Scene Root	</parent>
		<transform>
			<row0>	0.0000 0.0000 -0.8200 0.0000	</row0>
			<row1>	0.0000 0.8200 0.0000 0.0000	</row1>
			<row2>	0.8200 0.0000 0.0000 0.0000	</row2>
			<row3>	-0.7729 0.5013 -1.5436 1.0000	</row3>
		</transform>
	</node>
	<node>
		<identifier>	SP_YMS096_YHZC_S_1_INDEX_18	</identifier>
		<parent>	Scene Root	</parent>
		<transform>
			<row0>	0.0000 0.0000 0.8200 0.0000	</row0>
			<row1>	0.0000 0.8200 0.0000 0.0000	</row1>
			<row2>	-0.8200 0.0000 0.0000 0.0000	</row2>
			<row3>	0.7729 0.5013 -1.5436 1.0000	</row3>
		</transform>
	</node>
	<node>
		<identifier>	SP_YMS096_YHZC_S_1_INDEX_3	</identifier>
		<parent>	Scene Root	</parent>
		<transform>
			<row0>	0.0000 0.0000 0.8200 0.0000	</row0>
			<row1>	0.0000 0.8200 0.0000 0.0000	</row1>
			<row2>	-0.8200 0.0000 0.0000 0.0000	</row2>
			<row3>	0.6331 0.4200 -1.9856 1.0000	</row3>
		</transform>
	</node>
	<node>
		<identifier>	SP_YMS096_YHZC_S_1_INDEX_4	</identifier>
		<parent>	Scene Root	</parent>
		<transform>
			<row0>	0.0000 0.0000 -0.8200 0.0000	</row0>
			<row1>	0.0000 0.8200 0.0000 0.0000	</row1>
			<row2>	0.8200 0.0000 0.0000 0.0000	</row2>
			<row3>	-0.6331 0.4200 -1.9856 1.0000	</row3>
		</transform>
	</node>
</RSB301_Archangellsk_1944_Stern.skel_ext>
