<WSB306_Gustav_den_Store_1949_Bow.skel_ext>
	<exported>	true	</exported>
	<node>
		<identifier>	SP_YMS001_YHBM_M_1	</identifier>
		<parent>	Scene Root	</parent>
		<transform>
			<row0>	1.1082 0.0000 0.0000 0.0000	</row0>
			<row1>	0.0000 1.1082 0.0000 0.0000	</row1>
			<row2>	0.0000 0.0000 1.1082 0.0000	</row2>
			<row3>	0.0000 0.5217 7.9991 1.0000	</row3>
		</transform>
	</node>
	<node>
		<identifier>	SP_YMS002_YHBL_M_1	</identifier>
		<parent>	Scene Root	</parent>
		<transform>
			<row0>	1.0314 0.0000 -0.1221 0.0000	</row0>
			<row1>	-0.0084 1.0361 -0.0705 0.0000	</row1>
			<row2>	0.1219 0.0710 1.0289 0.0000	</row2>
			<row3>	0.1114 0.5359 8.0446 1.0000	</row3>
		</transform>
	</node>
	<node>
		<identifier>	SP_YMS003_YHBR_M_1	</identifier>
		<parent>	Scene Root	</parent>
		<transform>
			<row0>	1.0614 0.0000 0.1257 0.0000	</row0>
			<row1>	0.0086 1.0663 -0.0726 0.0000	</row1>
			<row2>	-0.1254 0.0731 1.0589 0.0000	</row2>
			<row3>	-0.1114 0.5359 8.0446 1.0000	</row3>
		</transform>
	</node>
	<node>
		<identifier>	SP_YMS010_YHWM_L_1	</identifier>
		<parent>	Scene Root	</parent>
		<transform>
			<row0>	1.0690 0.0000 0.0000 0.0000	</row0>
			<row1>	0.0000 1.0690 0.0000 0.0000	</row1>
			<row2>	0.0000 0.0000 1.0690 0.0000	</row2>
			<row3>	0.0000 0.0004 7.8548 1.0000	</row3>
		</transform>
	</node>
	<node>
		<identifier>	SP_YMS011_YHWL_M_1_INDEX_11	</identifier>
		<parent>	Scene Root	</parent>
		<transform>
			<row0>	0.9147 0.3736 -0.1540 0.0000	</row0>
			<row1>	-0.3683 0.9276 0.0626 0.0000	</row1>
			<row2>	0.1662 -0.0006 0.9861 0.0000	</row2>
			<row3>	-0.8574 -0.0057 3.5659 1.0000	</row3>
		</transform>
	</node>
	<node>
		<identifier>	SP_YMS011_YHWL_M_1_INDEX_12	</identifier>
		<parent>	Scene Root	</parent>
		<transform>
			<row0>	0.8832 0.4383 -0.1667 0.0000	</row0>
			<row1>	-0.4307 0.8988 0.0813 0.0000	</row1>
			<row2>	0.1855 0.0000 0.9826 0.0000	</row2>
			<row3>	-0.7088 -0.0080 4.4024 1.0000	</row3>
		</transform>
	</node>
	<node>
		<identifier>	SP_YMS011_YHWL_M_1_INDEX_4	</identifier>
		<parent>	Scene Root	</parent>
		<transform>
			<row0>	0.8727 0.4505 -0.1881 0.0000	</row0>
			<row1>	-0.4417 0.8928 0.0888 0.0000	</row1>
			<row2>	0.2079 0.0056 0.9781 0.0000	</row2>
			<row3>	-0.5393 -0.0064 5.2370 1.0000	</row3>
		</transform>
	</node>
	<node>
		<identifier>	SP_YMS011_YHWL_M_1_INDEX_6	</identifier>
		<parent>	Scene Root	</parent>
		<transform>
			<row0>	0.8884 0.4156 -0.1948 0.0000	</row0>
			<row1>	-0.4066 0.9095 0.0861 0.0000	</row1>
			<row2>	0.2130 0.0027 0.9770 0.0000	</row2>
			<row3>	-0.3590 -0.0015 6.0676 1.0000	</row3>
		</transform>
	</node>
	<node>
		<identifier>	SP_YMS012_YHWR_M_1_INDEX_12	</identifier>
		<parent>	Scene Root	</parent>
		<transform>
			<row0>	0.8884 -0.4156 0.1948 0.0000	</row0>
			<row1>	0.4066 0.9095 0.0861 0.0000	</row1>
			<row2>	-0.2130 0.0027 0.9770 0.0000	</row2>
			<row3>	0.3590 -0.0015 6.0676 1.0000	</row3>
		</transform>
	</node>
	<node>
		<identifier>	SP_YMS012_YHWR_M_1_INDEX_13	</identifier>
		<parent>	Scene Root	</parent>
		<transform>
			<row0>	0.8832 -0.4383 0.1667 0.0000	</row0>
			<row1>	0.4307 0.8988 0.0813 0.0000	</row1>
			<row2>	-0.1855 0.0000 0.9826 0.0000	</row2>
			<row3>	0.7088 -0.0080 4.4024 1.0000	</row3>
		</transform>
	</node>
	<node>
		<identifier>	SP_YMS012_YHWR_M_1_INDEX_7	</identifier>
		<parent>	Scene Root	</parent>
		<transform>
			<row0>	0.8727 -0.4505 0.1881 0.0000	</row0>
			<row1>	0.4417 0.8928 0.0888 0.0000	</row1>
			<row2>	-0.2079 0.0056 0.9781 0.0000	</row2>
			<row3>	0.5393 -0.0064 5.2370 1.0000	</row3>
		</transform>
	</node>
	<node>
		<identifier>	SP_YMS012_YHWR_M_1_INDEX_8	</identifier>
		<parent>	Scene Root	</parent>
		<transform>
			<row0>	0.9147 -0.3736 0.1540 0.0000	</row0>
			<row1>	0.3683 0.9276 0.0626 0.0000	</row1>
			<row2>	-0.1662 -0.0006 0.9861 0.0000	</row2>
			<row3>	0.8574 -0.0057 3.5659 1.0000	</row3>
		</transform>
	</node>
	<node>
		<identifier>	SP_YMS020_YHBU_M_1	</identifier>
		<parent>	Scene Root	</parent>
		<transform>
			<row0>	1.6148 0.0000 0.0000 0.0000	</row0>
			<row1>	0.0000 1.6148 0.0000 0.0000	</row1>
			<row2>	0.0000 0.0000 1.6148 0.0000	</row2>
			<row3>	0.0000 0.0000 7.6114 1.0000	</row3>
		</transform>
	</node>
	<node>
		<identifier>	SP_YMS022_YHUS_L_1_INDEX_2	</identifier>
		<parent>	Scene Root	</parent>
		<transform>
			<row0>	-0.2213 -0.0099 -1.2687 0.0000	</row0>
			<row1>	-0.5870 1.1426 0.0935 0.0000	</row1>
			<row2>	1.1248 0.5943 -0.2009 0.0000	</row2>
			<row3>	-0.6015 -0.4892 3.4935 1.0000	</row3>
		</transform>
	</node>
	<node>
		<identifier>	SP_YMS022_YHUS_L_1_INDEX_3	</identifier>
		<parent>	Scene Root	</parent>
		<transform>
			<row0>	-0.2213 0.0099 1.2687 0.0000	</row0>
			<row1>	0.5870 1.1426 0.0935 0.0000	</row1>
			<row2>	-1.1248 0.5943 -0.2009 0.0000	</row2>
			<row3>	0.6015 -0.4892 3.4935 1.0000	</row3>
		</transform>
	</node>
	<node>
		<identifier>	SP_YMS051_YHDL_L_1	</identifier>
		<parent>	Scene Root	</parent>
		<transform>
			<row0>	0.9892 0.0000 -0.1463 0.0000	</row0>
			<row1>	-0.0070 0.9989 -0.0472 0.0000	</row1>
			<row2>	0.1461 0.0477 0.9881 0.0000	</row2>
			<row3>	-0.8159 0.3440 5.0185 1.0000	</row3>
		</transform>
	</node>
	<node>
		<identifier>	SP_YMS052_YHDR_L_1	</identifier>
		<parent>	Scene Root	</parent>
		<transform>
			<row0>	0.9892 0.0000 0.1463 0.0000	</row0>
			<row1>	0.0070 0.9989 -0.0472 0.0000	</row1>
			<row2>	-0.1461 0.0477 0.9881 0.0000	</row2>
			<row3>	0.8159 0.3440 5.0185 1.0000	</row3>
		</transform>
	</node>
	<node>
		<identifier>	SP_YMS053_YHDC_S_1_INDEX_3	</identifier>
		<parent>	Scene Root	</parent>
		<transform>
			<row0>	0.0000 0.0000 -1.0000 0.0000	</row0>
			<row1>	0.0000 1.0000 0.0000 0.0000	</row1>
			<row2>	1.0000 0.0000 0.0000 0.0000	</row2>
			<row3>	0.2935 0.3696 5.1958 1.0000	</row3>
		</transform>
	</node>
	<node>
		<identifier>	SP_YMS053_YHDC_S_1_INDEX_5	</identifier>
		<parent>	Scene Root	</parent>
		<transform>
			<row0>	0.0000 0.0000 1.0000 0.0000	</row0>
			<row1>	0.0000 1.0000 0.0000 0.0000	</row1>
			<row2>	-1.0000 0.0000 0.0000 0.0000	</row2>
			<row3>	-0.2935 0.3696 5.1958 1.0000	</row3>
		</transform>
	</node>
	<node>
		<identifier>	SP_YMS053_YHDC_S_1_INDEX_7	</identifier>
		<parent>	Scene Root	</parent>
		<transform>
			<row0>	1.0000 0.0000 0.0000 0.0000	</row0>
			<row1>	0.0000 1.0000 0.0000 0.0000	</row1>
			<row2>	0.0000 0.0000 1.0000 0.0000	</row2>
			<row3>	0.0000 0.4496 6.7494 1.0000	</row3>
		</transform>
	</node>
	<node>
		<identifier>	SP_YMS072_YHHC_M_1	</identifier>
		<parent>	Scene Root	</parent>
		<transform>
			<row0>	-0.1177 -0.0052 -0.9930 0.0000	</row0>
			<row1>	-0.4189 0.9069 0.0449 0.0000	</row1>
			<row2>	0.9004 0.4213 -0.1089 0.0000	</row2>
			<row3>	-0.8965 0.1895 3.6479 1.0000	</row3>
		</transform>
	</node>
	<node>
		<identifier>	SP_YMS072_YHHC_M_1_INDEX_5	</identifier>
		<parent>	Scene Root	</parent>
		<transform>
			<row0>	-0.1177 0.0052 0.9930 0.0000	</row0>
			<row1>	0.4189 0.9069 0.0449 0.0000	</row1>
			<row2>	-0.9004 0.4213 -0.1089 0.0000	</row2>
			<row3>	0.8965 0.1895 3.6479 1.0000	</row3>
		</transform>
	</node>
	<node>
		<identifier>	SP_YMS080_YHSL_M_1_INDEX_1	</identifier>
		<parent>	Scene Root	</parent>
		<transform>
			<row0>	0.7899 0.5719 -0.2212 0.0000	</row0>
			<row1>	-0.5813 0.8133 0.0269 0.0000	</row1>
			<row2>	0.1953 0.1073 0.9749 0.0000	</row2>
			<row3>	-0.2999 0.2753 6.8618 1.0000	</row3>
		</transform>
	</node>
	<node>
		<identifier>	SP_YMS080_YHSL_M_1_INDEX_2	</identifier>
		<parent>	Scene Root	</parent>
		<transform>
			<row0>	0.7899 0.5719 -0.2212 0.0000	</row0>
			<row1>	-0.5813 0.8133 0.0269 0.0000	</row1>
			<row2>	0.1953 0.1073 0.9749 0.0000	</row2>
			<row3>	-0.2999 0.2753 6.8618 1.0000	</row3>
		</transform>
	</node>
	<node>
		<identifier>	SP_YMS080_YHSL_M_1_INDEX_3	</identifier>
		<parent>	Scene Root	</parent>
		<transform>
			<row0>	0.7752 0.6056 -0.1796 0.0000	</row0>
			<row1>	-0.6106 0.7913 0.0326 0.0000	</row1>
			<row2>	0.1618 0.0844 0.9832 0.0000	</row2>
			<row3>	-0.5951 0.2061 5.5097 1.0000	</row3>
		</transform>
	</node>
	<node>
		<identifier>	SP_YMS080_YHSL_M_1_INDEX_4	</identifier>
		<parent>	Scene Root	</parent>
		<transform>
			<row0>	0.8134 0.5724 -0.1033 0.0000	</row0>
			<row1>	-0.5729 0.8191 0.0277 0.0000	</row1>
			<row2>	0.1005 0.0366 0.9943 0.0000	</row2>
			<row3>	-0.8247 0.2009 4.2579 1.0000	</row3>
		</transform>
	</node>
	<node>
		<identifier>	SP_YMS081_YHSR_M_1	</identifier>
		<parent>	Scene Root	</parent>
		<transform>
			<row0>	0.7899 -0.5719 0.2212 0.0000	</row0>
			<row1>	0.5813 0.8133 0.0269 0.0000	</row1>
			<row2>	-0.1953 0.1073 0.9749 0.0000	</row2>
			<row3>	0.2999 0.2753 6.8618 1.0000	</row3>
		</transform>
	</node>
	<node>
		<identifier>	SP_YMS081_YHSR_M_1_INDEX_1	</identifier>
		<parent>	Scene Root	</parent>
		<transform>
			<row0>	0.8134 -0.5724 0.1033 0.0000	</row0>
			<row1>	0.5729 0.8191 0.0277 0.0000	</row1>
			<row2>	-0.1005 0.0366 0.9943 0.0000	</row2>
			<row3>	0.8247 0.2009 4.2579 1.0000	</row3>
		</transform>
	</node>
	<node>
		<identifier>	SP_YMS081_YHSR_M_1_INDEX_3	</identifier>
		<parent>	Scene Root	</parent>
		<transform>
			<row0>	0.7752 -0.6056 0.1796 0.0000	</row0>
			<row1>	0.6106 0.7913 0.0326 0.0000	</row1>
			<row2>	-0.1618 0.0844 0.9832 0.0000	</row2>
			<row3>	0.5951 0.2061 5.5097 1.0000	</row3>
		</transform>
	</node>
</WSB306_Gustav_den_Store_1949_Bow.skel_ext>
