<ZSD006_Jian_Wei_1930_Stern.skel_ext>
	<exported>	true	</exported>
	<node>
		<identifier>	MP_CM001_Propeller3_L	</identifier>
		<parent>	Scene Root	</parent>
		<transform>
			<row0>	0.5989 -0.0003 0.0094 0.0000	</row0>
			<row1>	0.0008 0.5979 -0.0355 0.0000	</row1>
			<row2>	-0.0094 0.0355 0.5979 0.0000	</row2>
			<row3>	-0.1386 -0.1618 -3.0090 1.0000	</row3>
		</transform>
	</node>
	<node>
		<identifier>	MP_CM032_Propeller3_R	</identifier>
		<parent>	Scene Root	</parent>
		<transform>
			<row0>	0.5989 -0.0003 -0.0094 0.0000	</row0>
			<row1>	-0.0003 0.5979 -0.0355 0.0000	</row1>
			<row2>	0.0094 0.0355 0.5979 0.0000	</row2>
			<row3>	0.1387 -0.1618 -3.0090 1.0000	</row3>
		</transform>
	</node>
	<node>
		<identifier>	MP_ZM056_Artillery_shell	</identifier>
		<parent>	Scene Root	</parent>
		<transform>
			<row0>	0.9919 0.0000 -0.1269 0.0000	</row0>
			<row1>	0.0000 1.0000 0.0000 0.0000	</row1>
			<row2>	0.1269 0.0000 0.9919 0.0000	</row2>
			<row3>	0.2069 0.2050 -2.9374 1.0000	</row3>
		</transform>
	</node>
	<node>
		<identifier>	MP_ZM056_Artillery_shell_INDEX_1	</identifier>
		<parent>	Scene Root	</parent>
		<transform>
			<row0>	-0.9919 0.0000 -0.1269 0.0000	</row0>
			<row1>	0.0000 1.0000 0.0000 0.0000	</row1>
			<row2>	0.1269 0.0000 -0.9919 0.0000	</row2>
			<row3>	-0.2069 0.2050 -2.9374 1.0000	</row3>
		</transform>
	</node>
	<node>
		<identifier>	MP_ZM056_Artillery_shell_INDEX_2	</identifier>
		<parent>	Scene Root	</parent>
		<transform>
			<row0>	0.9831 0.0000 -0.1829 0.0000	</row0>
			<row1>	0.0000 1.0000 0.0000 0.0000	</row1>
			<row2>	0.1829 0.0000 0.9831 0.0000	</row2>
			<row3>	0.1979 0.2054 -2.9971 1.0000	</row3>
		</transform>
	</node>
	<node>
		<identifier>	MP_ZM056_Artillery_shell_INDEX_3	</identifier>
		<parent>	Scene Root	</parent>
		<transform>
			<row0>	-0.9916 0.0000 -0.1290 0.0000	</row0>
			<row1>	0.0000 1.0000 0.0000 0.0000	</row1>
			<row2>	0.1290 0.0000 -0.9916 0.0000	</row2>
			<row3>	-0.2155 0.2045 -2.8778 1.0000	</row3>
		</transform>
	</node>
	<node>
		<identifier>	MP_ZM056_Artillery_shell_INDEX_4	</identifier>
		<parent>	Scene Root	</parent>
		<transform>
			<row0>	-0.9831 0.0000 -0.1829 0.0000	</row0>
			<row1>	0.0000 1.0000 0.0000 0.0000	</row1>
			<row2>	0.1829 0.0000 -0.9831 0.0000	</row2>
			<row3>	-0.1979 0.2054 -2.9971 1.0000	</row3>
		</transform>
	</node>
	<node>
		<identifier>	MP_ZM056_Artillery_shell_INDEX_5	</identifier>
		<parent>	Scene Root	</parent>
		<transform>
			<row0>	0.9916 0.0000 -0.1290 0.0000	</row0>
			<row1>	0.0000 1.0000 0.0000 0.0000	</row1>
			<row2>	0.1290 0.0000 0.9916 0.0000	</row2>
			<row3>	0.2155 0.2045 -2.8778 1.0000	</row3>
		</transform>
	</node>
	<node>
		<identifier>	MP_ZM057_Smoke_floats	</identifier>
		<parent>	Scene Root	</parent>
		<transform>
			<row0>	0.9554 0.0000 0.0000 0.0000	</row0>
			<row1>	0.0000 0.9554 0.0000 0.0000	</row1>
			<row2>	0.0000 0.0000 0.9554 0.0000	</row2>
			<row3>	0.2179 0.2065 -3.0754 1.0000	</row3>
		</transform>
	</node>
	<node>
		<identifier>	MP_ZM057_Smoke_floats_INDEX_1	</identifier>
		<parent>	Scene Root	</parent>
		<transform>
			<row0>	0.9554 0.0000 0.0000 0.0000	</row0>
			<row1>	0.0000 0.9554 0.0000 0.0000	</row1>
			<row2>	0.0000 0.0000 0.9554 0.0000	</row2>
			<row3>	-0.2275 0.2059 -3.0149 1.0000	</row3>
		</transform>
	</node>
	<node>
		<identifier>	MP_ZM057_Smoke_floats_INDEX_2	</identifier>
		<parent>	Scene Root	</parent>
		<transform>
			<row0>	0.9554 0.0000 0.0000 0.0000	</row0>
			<row1>	0.0000 0.9554 0.0000 0.0000	</row1>
			<row2>	0.0000 0.0000 0.9554 0.0000	</row2>
			<row3>	0.2275 0.2059 -3.0149 1.0000	</row3>
		</transform>
	</node>
	<node>
		<identifier>	MP_ZM057_Smoke_floats_INDEX_3	</identifier>
		<parent>	Scene Root	</parent>
		<transform>
			<row0>	0.9554 0.0000 0.0000 0.0000	</row0>
			<row1>	0.0000 0.9554 0.0000 0.0000	</row1>
			<row2>	0.0000 0.0000 0.9554 0.0000	</row2>
			<row3>	-0.2179 0.2065 -3.0754 1.0000	</row3>
		</transform>
	</node>
	<node>
		<identifier>	MP_ZM852_Running_Lights_B	</identifier>
		<parent>	Scene Root	</parent>
		<transform>
			<row0>	-1.0000 0.0000 0.0000 0.0000	</row0>
			<row1>	0.0000 1.0000 0.0000 0.0000	</row1>
			<row2>	0.0000 0.0000 -1.0000 0.0000	</row2>
			<row3>	0.0000 0.2805 -3.3123 1.0000	</row3>
		</transform>
	</node>
	<node>
		<identifier>	MP_ZM874_Screened_speed_light	</identifier>
		<parent>	Scene Root	</parent>
		<transform>
			<row0>	0.5000 0.0000 0.0000 0.0000	</row0>
			<row1>	0.0000 0.5000 0.0000 0.0000	</row1>
			<row2>	0.0000 0.0000 0.5000 0.0000	</row2>
			<row3>	0.0000 0.3194 -3.3181 1.0000	</row3>
		</transform>
	</node>
</ZSD006_Jian_Wei_1930_Stern.skel_ext>
