<IGB059_Depth_Charge_Shelving.visual>
	<skeleton>
		<node>
			<identifier>	Scene Root	</identifier>
			<transform>
				<row0>	1.0000 0.0000 0.0000 0.0000	</row0>
				<row1>	0.0000 1.0000 0.0000 0.0000	</row1>
				<row2>	0.0000 0.0000 1.0000 0.0000	</row2>
				<row3>	0.0000 0.0000 0.0000 1.0000	</row3>
			</transform>
			<node>
				<identifier>	Root	</identifier>
				<transform>
					<row0>	1.0000 0.0000 0.0000 0.0000	</row0>
					<row1>	0.0000 1.0000 0.0000 0.0000	</row1>
					<row2>	0.0000 0.0000 1.0000 0.0000	</row2>
					<row3>	0.0000 0.0000 0.0000 1.0000	</row3>
				</transform>
				<node>
					<identifier>	Cap1	</identifier>
					<transform>
						<row0>	-0.8192 -0.5736 0.0000 0.0000	</row0>
						<row1>	0.5736 -0.8192 0.0000 0.0000	</row1>
						<row2>	0.0000 0.0000 1.0000 0.0000	</row2>
						<row3>	-0.0321 0.0147 0.0470 1.0000	</row3>
					</transform>
					<node>
						<identifier>	Cap1_BlendBone	</identifier>
						<transform>
							<row0>	-0.8192 0.5736 0.0000 0.0000	</row0>
							<row1>	-0.5736 -0.8192 0.0000 0.0000	</row1>
							<row2>	0.0000 0.0000 -1.0000 0.0000	</row2>
							<row3>	-0.0178 0.0305 -0.0470 1.0000	</row3>
						</transform>
					</node>
				</node>
				<node>
					<identifier>	Cap2	</identifier>
					<transform>
						<row0>	-0.8192 -0.5736 0.0000 0.0000	</row0>
						<row1>	0.5736 -0.8192 0.0000 0.0000	</row1>
						<row2>	0.0000 0.0000 1.0000 0.0000	</row2>
						<row3>	-0.0321 0.0147 0.0157 1.0000	</row3>
					</transform>
					<node>
						<identifier>	Cap2_BlendBone	</identifier>
						<transform>
							<row0>	-0.8192 0.5736 0.0000 0.0000	</row0>
							<row1>	-0.5736 -0.8192 0.0000 0.0000	</row1>
							<row2>	0.0000 0.0000 -1.0000 0.0000	</row2>
							<row3>	-0.0178 0.0305 -0.0157 1.0000	</row3>
						</transform>
					</node>
				</node>
				<node>
					<identifier>	Cap3	</identifier>
					<transform>
						<row0>	-0.8192 -0.5736 0.0000 0.0000	</row0>
						<row1>	0.5736 -0.8192 0.0000 0.0000	</row1>
						<row2>	0.0000 0.0000 1.0000 0.0000	</row2>
						<row3>	-0.0321 0.0147 -0.0157 1.0000	</row3>
					</transform>
					<node>
						<identifier>	Cap3_BlendBone	</identifier>
						<transform>
							<row0>	-0.8192 0.5736 0.0000 0.0000	</row0>
							<row1>	-0.5736 -0.8192 0.0000 0.0000	</row1>
							<row2>	0.0000 0.0000 -1.0000 0.0000	</row2>
							<row3>	-0.0178 0.0305 0.0157 1.0000	</row3>
						</transform>
					</node>
				</node>
				<node>
					<identifier>	Cap4	</identifier>
					<transform>
						<row0>	-0.8192 -0.5736 0.0000 0.0000	</row0>
						<row1>	0.5736 -0.8192 0.0000 0.0000	</row1>
						<row2>	0.0000 0.0000 1.0000 0.0000	</row2>
						<row3>	-0.0321 0.0147 -0.0470 1.0000	</row3>
					</transform>
					<node>
						<identifier>	Cap4_BlendBone	</identifier>
						<transform>
							<row0>	-0.8192 0.5736 0.0000 0.0000	</row0>
							<row1>	-0.5736 -0.8192 0.0000 0.0000	</row1>
							<row2>	0.0000 0.0000 -1.0000 0.0000	</row2>
							<row3>	-0.0178 0.0305 0.0470 1.0000	</row3>
						</transform>
					</node>
				</node>
				<node>
					<identifier>	HP_gunFire1	</identifier>
					<transform>
						<row0>	0.0000 0.0000 1.0000 0.0000	</row0>
						<row1>	-0.5736 0.8192 0.0000 0.0000	</row1>
						<row2>	-0.8192 -0.5736 0.0000 0.0000	</row2>
						<row3>	-0.0409 0.0302 0.0470 1.0000	</row3>
					</transform>
				</node>
				<node>
					<identifier>	HP_gunFire2	</identifier>
					<transform>
						<row0>	0.0000 0.0000 1.0000 0.0000	</row0>
						<row1>	-0.5736 0.8192 0.0000 0.0000	</row1>
						<row2>	-0.8192 -0.5736 0.0000 0.0000	</row2>
						<row3>	-0.0409 0.0302 0.0157 1.0000	</row3>
					</transform>
				</node>
				<node>
					<identifier>	HP_gunFire3	</identifier>
					<transform>
						<row0>	0.0000 0.0000 1.0000 0.0000	</row0>
						<row1>	-0.5736 0.8192 0.0000 0.0000	</row1>
						<row2>	-0.8192 -0.5736 0.0000 0.0000	</row2>
						<row3>	-0.0409 0.0302 -0.0157 1.0000	</row3>
					</transform>
				</node>
				<node>
					<identifier>	HP_gunFire4	</identifier>
					<transform>
						<row0>	0.0000 0.0000 1.0000 0.0000	</row0>
						<row1>	-0.5736 0.8192 0.0000 0.0000	</row1>
						<row2>	-0.8192 -0.5736 0.0000 0.0000	</row2>
						<row3>	-0.0409 0.0302 -0.0470 1.0000	</row3>
					</transform>
				</node>
				<node>
					<identifier>	Root_BlendBone	</identifier>
					<transform>
						<row0>	1.0000 0.0000 0.0000 0.0000	</row0>
						<row1>	0.0000 1.0000 0.0000 0.0000	</row1>
						<row2>	0.0000 0.0000 -1.0000 0.0000	</row2>
						<row3>	0.0000 0.0000 0.0000 1.0000	</row3>
					</transform>
				</node>
			</node>
			<node>
				<identifier>	Turret	</identifier>
				<transform>
					<row0>	1.0000 0.0000 0.0000 0.0000	</row0>
					<row1>	0.0000 1.0000 0.0000 0.0000	</row1>
					<row2>	0.0000 0.0000 1.0000 0.0000	</row2>
					<row3>	0.0000 0.0000 0.0000 1.0000	</row3>
				</transform>
			</node>
		</node>
	</skeleton>
	<properties>
		<underwaterModel>	false	</underwaterModel>
		<abovewaterModel>	true	</abovewaterModel>
	</properties>
	<boundingBox>
		<min>	-0.0455 -0.0020 -0.0665	</min>
		<max>	0.0220 0.0689 0.0665	</max>
	</boundingBox>
	<renderSets>
		<renderSet>
			<name>	TurretShape	</name>
			<treatAsWorldSpaceObject>	true	</treatAsWorldSpaceObject>
			<nodes>
				<node>	Cap4_BlendBone	</node>
				<node>	Root_BlendBone	</node>
				<node>	Cap1_BlendBone	</node>
				<node>	Cap2_BlendBone	</node>
				<node>	Cap3_BlendBone	</node>
			</nodes>
			<material>
				<identifier>	TL2_SHIPMAT_PBS_Gun_skinned	</identifier>
				<mfm>	PnFMods/ModsSDK.zip/ISD109_Adriatico/gun/IGB059_Depth_Charge_Shelving_skinned.mfm	</mfm>
			</material>
		</renderSet>
		<renderSet>
			<name>	Turret_lod1Shape	</name>
			<treatAsWorldSpaceObject>	true	</treatAsWorldSpaceObject>
			<nodes>
				<node>	Cap4_BlendBone	</node>
				<node>	Root_BlendBone	</node>
				<node>	Cap1_BlendBone	</node>
				<node>	Cap2_BlendBone	</node>
				<node>	Cap3_BlendBone	</node>
			</nodes>
			<material>
				<identifier>	TL2_SHIPMAT_PBS_Gun_skinned	</identifier>
				<mfm>	PnFMods/ModsSDK.zip/ISD109_Adriatico/gun/IGB059_Depth_Charge_Shelving_skinned.mfm	</mfm>
			</material>
		</renderSet>
		<renderSet>
			<name>	Turret_lod2Shape	</name>
			<treatAsWorldSpaceObject>	true	</treatAsWorldSpaceObject>
			<nodes>
				<node>	Cap4_BlendBone	</node>
				<node>	Root_BlendBone	</node>
				<node>	Cap1_BlendBone	</node>
				<node>	Cap2_BlendBone	</node>
				<node>	Cap3_BlendBone	</node>
			</nodes>
			<material>
				<identifier>	TL2_SHIPMAT_PBS_Gun_skinned	</identifier>
				<mfm>	PnFMods/ModsSDK.zip/ISD109_Adriatico/gun/IGB059_Depth_Charge_Shelving_skinned.mfm	</mfm>
			</material>
		</renderSet>
		<renderSet>
			<name>	Turret_lod3Shape	</name>
			<treatAsWorldSpaceObject>	true	</treatAsWorldSpaceObject>
			<nodes>
				<node>	Root_BlendBone	</node>
				<node>	Cap3_BlendBone	</node>
			</nodes>
			<material>
				<identifier>	TL2_SHIPMAT_PBS_Gun_skinned	</identifier>
				<mfm>	PnFMods/ModsSDK.zip/ISD109_Adriatico/gun/IGB059_Depth_Charge_Shelving_skinned.mfm	</mfm>
			</material>
		</renderSet>
	</renderSets>
	<lods>
		<lod>
			<extent>	4.0000	</extent>
			<castsShadow>	true	</castsShadow>
			<renderSets>
				<renderSet>	TurretShape	</renderSet>
			</renderSets>
		</lod>
		<lod>
			<extent>	10.0000	</extent>
			<castsShadow>	true	</castsShadow>
			<renderSets>
				<renderSet>	Turret_lod1Shape	</renderSet>
			</renderSets>
		</lod>
		<lod>
			<extent>	22.0000	</extent>
			<castsShadow>	true	</castsShadow>
			<renderSets>
				<renderSet>	Turret_lod2Shape	</renderSet>
			</renderSets>
		</lod>
		<lod>
			<extent>	80.0000	</extent>
			<castsShadow>	false	</castsShadow>
			<renderSets>
				<renderSet>	Turret_lod3Shape	</renderSet>
			</renderSets>
		</lod>
	</lods>
</IGB059_Depth_Charge_Shelving.visual>
