<GSB035_Prinz_Heinrich_1943_Bow.skel_ext>
	<exported>	true	</exported>
	<node>
		<identifier>	MP_CM109_Leadsman_Platform	</identifier>
		<parent>	Scene Root	</parent>
		<transform>
			<row0>	-0.0082 -0.9988 0.0485 0.0000	</row0>
			<row1>	0.9836 -0.0168 -0.1794 0.0000	</row1>
			<row2>	0.1800 0.0462 0.9826 0.0000	</row2>
			<row3>	-0.2974 0.4986 7.1455 1.0000	</row3>
		</transform>
	</node>
	<node>
		<identifier>	MP_CM109_Leadsman_Platform_INDEX_1	</identifier>
		<parent>	Scene Root	</parent>
		<transform>
			<row0>	-0.0082 -0.9988 0.0485 0.0000	</row0>
			<row1>	-0.9859 0.0000 -0.1675 0.0000	</row1>
			<row2>	0.1673 -0.0492 -0.9847 0.0000	</row2>
			<row3>	0.2974 0.4986 7.1455 1.0000	</row3>
		</transform>
	</node>
	<node>
		<identifier>	MP_GM007_LifeBuoy	</identifier>
		<parent>	Scene Root	</parent>
		<transform>
			<row0>	-0.9988 0.0000 0.0497 0.0000	</row0>
			<row1>	0.0000 1.0000 0.0000 0.0000	</row1>
			<row2>	-0.0497 0.0000 -0.9988 0.0000	</row2>
			<row3>	-0.5227 0.4663 5.2402 1.0000	</row3>
		</transform>
	</node>
	<node>
		<identifier>	MP_GM007_LifeBuoy_INDEX_1	</identifier>
		<parent>	Scene Root	</parent>
		<transform>
			<row0>	-0.9896 0.0000 -0.1438 0.0000	</row0>
			<row1>	0.0000 1.0000 0.0000 0.0000	</row1>
			<row2>	0.1438 0.0000 -0.9896 0.0000	</row2>
			<row3>	0.3914 0.5089 6.6018 1.0000	</row3>
		</transform>
	</node>
	<node>
		<identifier>	MP_GM007_LifeBuoy_INDEX_2	</identifier>
		<parent>	Scene Root	</parent>
		<transform>
			<row0>	-0.9988 0.0000 -0.0497 0.0000	</row0>
			<row1>	0.0000 1.0000 0.0000 0.0000	</row1>
			<row2>	0.0497 0.0000 -0.9988 0.0000	</row2>
			<row3>	0.5227 0.4663 5.2402 1.0000	</row3>
		</transform>
	</node>
	<node>
		<identifier>	MP_GM007_LifeBuoy_INDEX_3	</identifier>
		<parent>	Scene Root	</parent>
		<transform>
			<row0>	-0.9896 0.0000 0.1438 0.0000	</row0>
			<row1>	0.0000 1.0000 0.0000 0.0000	</row1>
			<row2>	-0.1438 0.0000 -0.9896 0.0000	</row2>
			<row3>	-0.3914 0.5089 6.6018 1.0000	</row3>
		</transform>
	</node>
	<node>
		<identifier>	MP_GM856_Mastheadlight	</identifier>
		<parent>	Scene Root	</parent>
		<transform>
			<row0>	-0.5000 0.0000 0.0000 0.0000	</row0>
			<row1>	0.0000 0.5000 0.0000 0.0000	</row1>
			<row2>	0.0000 0.0000 -0.5000 0.0000	</row2>
			<row3>	0.0000 0.7201 7.8333 1.0000	</row3>
		</transform>
	</node>
</GSB035_Prinz_Heinrich_1943_Bow.skel_ext>
