<locations.xml>
	<bookmark>
		<name>	HDR_Shot	</name>
		<view>
			<row0>	-0.9863 -0.0132 0.1645	</row0>
			<row1>	0.0000 0.9968 0.0799	</row1>
			<row2>	-0.1651 0.0788 -0.9831	</row2>
			<row3>	0.0000 -0.4984 -0.0399	</row3>
		</view>
	</bookmark>
	<bookmark>
		<name>	Camera1	</name>
		<view>
			<row0>	-0.0650 0.0905 0.9938	</row0>
			<row1>	0.0000 0.9959 -0.0907	</row1>
			<row2>	-0.9979 -0.0059 -0.0647	</row2>
			<row3>	19.7918 -0.7781 0.2401	</row3>
		</view>
	</bookmark>
	<bookmark>
		<name>	Camera2	</name>
		<view>
			<row0>	-0.8295 0.1991 0.5218	</row0>
			<row1>	0.0000 0.9343 -0.3564	</row1>
			<row2>	-0.5585 -0.2956 -0.7750	</row2>
			<row3>	18.7570 3.8201 14.6518	</row3>
		</view>
	</bookmark>
</locations.xml>
