<GSS002_U_190_1945_Bow_ep.skel_ext>
	<exported>	false	</exported>
	<node>
		<identifier>	EP_Death_1	</identifier>
		<parent>	Scene Root	</parent>
		<transform>
			<row0>	1.0000 0.0000 0.0000 0.0000	</row0>
			<row1>	0.0000 1.0000 0.0000 0.0000	</row1>
			<row2>	0.0000 0.0000 1.0000 0.0000	</row2>
			<row3>	0.0000 0.0000 1.3984 1.0000	</row3>
		</transform>
	</node>
	<node>
		<identifier>	EP_Descent	</identifier>
		<parent>	Scene Root	</parent>
		<transform>
			<row0>	1.0000 0.0000 0.0000 0.0000	</row0>
			<row1>	0.0000 1.0000 0.0000 0.0000	</row1>
			<row2>	0.0000 0.0000 1.0000 0.0000	</row2>
			<row3>	-0.0012 0.1135 1.7499 1.0000	</row3>
		</transform>
	</node>
	<node>
		<identifier>	EP_Flood_water_right_2	</identifier>
		<parent>	Scene Root	</parent>
		<transform>
			<row0>	1.0000 0.0000 0.0000 0.0000	</row0>
			<row1>	0.0000 1.0000 0.0000 0.0000	</row1>
			<row2>	0.0000 0.0000 1.0000 0.0000	</row2>
			<row3>	0.1000 0.0786 1.9102 1.0000	</row3>
		</transform>
	</node>
	<node>
		<identifier>	EP_Hydrophone	</identifier>
		<parent>	Scene Root	</parent>
		<transform>
			<row0>	1.0000 0.0000 0.0000 0.0000	</row0>
			<row1>	0.0000 1.0000 0.0000 0.0000	</row1>
			<row2>	0.0000 0.0000 1.0000 0.0000	</row2>
			<row3>	0.0000 0.1173 2.5918 1.0000	</row3>
		</transform>
	</node>
	<node>
		<identifier>	EP_Runoff_deluge_left	</identifier>
		<parent>	Scene Root	</parent>
		<transform>
			<row0>	-0.9906 0.1340 -0.0266 0.0000	</row0>
			<row1>	0.1341 0.9910 0.0000 0.0000	</row1>
			<row2>	0.0264 -0.0036 -0.9996 0.0000	</row2>
			<row3>	-0.0480 0.0650 1.5802 1.0000	</row3>
		</transform>
	</node>
	<node>
		<identifier>	EP_Runoff_deluge_left_2	</identifier>
		<parent>	Scene Root	</parent>
		<transform>
			<row0>	-0.9870 -0.0112 0.1602 0.0000	</row0>
			<row1>	0.0044 0.9953 0.0966 0.0000	</row1>
			<row2>	-0.1605 0.0961 -0.9823 0.0000	</row2>
			<row3>	-0.0652 0.1249 2.2806 1.0000	</row3>
		</transform>
	</node>
	<node>
		<identifier>	EP_Runoff_deluge_right	</identifier>
		<parent>	Scene Root	</parent>
		<transform>
			<row0>	0.9910 0.1339 -0.0054 0.0000	</row0>
			<row1>	-0.1340 0.9902 -0.0399 0.0000	</row1>
			<row2>	0.0000 0.0403 0.9992 0.0000	</row2>
			<row3>	0.0484 0.0646 1.5799 1.0000	</row3>
		</transform>
	</node>
	<node>
		<identifier>	EP_Runoff_deluge_right_2	</identifier>
		<parent>	Scene Root	</parent>
		<transform>
			<row0>	0.9846 0.0112 0.1747 0.0000	</row0>
			<row1>	-0.0278 0.9953 0.0927 0.0000	</row1>
			<row2>	-0.1728 -0.0961 0.9802 0.0000	</row2>
			<row3>	0.0664 0.1245 2.2806 1.0000	</row3>
		</transform>
	</node>
	<node>
		<identifier>	EP_Runoff_left_2	</identifier>
		<parent>	Scene Root	</parent>
		<transform>
			<row0>	-0.2169 0.9762 -0.0123 0.0000	</row0>
			<row1>	0.9762 0.2169 0.0053 0.0000	</row1>
			<row2>	0.0079 -0.0109 -1.0000 0.0000	</row2>
			<row3>	-0.0274 0.0619 1.4040 1.0000	</row3>
		</transform>
	</node>
	<node>
		<identifier>	EP_Runoff_right_2	</identifier>
		<parent>	Scene Root	</parent>
		<transform>
			<row0>	0.2171 0.9761 0.0087 0.0000	</row0>
			<row1>	-0.9761 0.2170 0.0109 0.0000	</row1>
			<row2>	0.0087 -0.0109 0.9999 0.0000	</row2>
			<row3>	0.0270 0.0620 1.4043 1.0000	</row3>
		</transform>
	</node>
	<node>
		<identifier>	EP_WakeTrace	</identifier>
		<parent>	Scene Root	</parent>
		<transform>
			<row0>	1.0000 0.0000 0.0000 0.0000	</row0>
			<row1>	0.0000 1.0000 0.0000 0.0000	</row1>
			<row2>	0.0000 0.0000 1.0000 0.0000	</row2>
			<row3>	0.0000 0.0000 2.5340 1.0000	</row3>
		</transform>
	</node>
</GSS002_U_190_1945_Bow_ep.skel_ext>
