<BSC302_Aberdeen_1963_Bow.skel_ext>
	<exported>	true	</exported>
	<node>
		<identifier>	MP_BM753_Deck_Hatch	</identifier>
		<parent>	Scene Root	</parent>
		<transform>
			<row0>	0.0000 0.0000 -0.7874 0.0000	</row0>
			<row1>	0.0000 0.7874 0.0000 0.0000	</row1>
			<row2>	0.8661 0.0000 0.0000 0.0000	</row2>
			<row3>	0.1380 0.4270 4.7247 1.0000	</row3>
		</transform>
	</node>
	<node>
		<identifier>	MP_BM800_Ventilators_mushroom	</identifier>
		<parent>	Scene Root	</parent>
		<transform>
			<row0>	-0.5926 0.0000 -0.0939 0.0000	</row0>
			<row1>	0.0000 1.0000 0.0000 0.0000	</row1>
			<row2>	0.0939 0.0000 -0.5926 0.0000	</row2>
			<row3>	0.4352 0.4249 4.7420 1.0000	</row3>
		</transform>
	</node>
	<node>
		<identifier>	MP_BM800_Ventilators_mushroom_INDEX_1	</identifier>
		<parent>	Scene Root	</parent>
		<transform>
			<row0>	-0.6000 0.0000 0.0038 0.0000	</row0>
			<row1>	0.0000 1.0000 0.0000 0.0000	</row1>
			<row2>	-0.0038 0.0000 -0.6000 0.0000	</row2>
			<row3>	-0.1331 0.4354 4.9940 1.0000	</row3>
		</transform>
	</node>
	<node>
		<identifier>	MP_BM800_Ventilators_mushroom_INDEX_2	</identifier>
		<parent>	Scene Root	</parent>
		<transform>
			<row0>	-0.5821 0.0000 0.1456 0.0000	</row0>
			<row1>	0.0000 1.0000 0.0000 0.0000	</row1>
			<row2>	-0.1456 0.0000 -0.5821 0.0000	</row2>
			<row3>	-0.2679 0.4646 5.5450 1.0000	</row3>
		</transform>
	</node>
	<node>
		<identifier>	MP_BM800_Ventilators_mushroom_INDEX_3	</identifier>
		<parent>	Scene Root	</parent>
		<transform>
			<row0>	-0.5902 0.0000 0.1080 0.0000	</row0>
			<row1>	0.0000 1.0000 0.0000 0.0000	</row1>
			<row2>	-0.1080 0.0000 -0.5902 0.0000	</row2>
			<row3>	-0.3462 0.4468 5.2248 1.0000	</row3>
		</transform>
	</node>
	<node>
		<identifier>	MP_BM800_Ventilators_mushroom_INDEX_4	</identifier>
		<parent>	Scene Root	</parent>
		<transform>
			<row0>	-0.5982 0.0000 -0.0470 0.0000	</row0>
			<row1>	0.0000 1.0000 0.0000 0.0000	</row1>
			<row2>	0.0470 0.0000 -0.5982 0.0000	</row2>
			<row3>	0.2728 0.4649 5.5493 1.0000	</row3>
		</transform>
	</node>
	<node>
		<identifier>	MP_BM800_Ventilators_mushroom_INDEX_5	</identifier>
		<parent>	Scene Root	</parent>
		<transform>
			<row0>	-0.5918 0.0000 -0.0990 0.0000	</row0>
			<row1>	0.0000 1.0000 0.0000 0.0000	</row1>
			<row2>	0.0990 0.0000 -0.5918 0.0000	</row2>
			<row3>	0.3522 0.4473 5.2254 1.0000	</row3>
		</transform>
	</node>
	<node>
		<identifier>	MP_BM800_Ventilators_mushroom_INDEX_6	</identifier>
		<parent>	Scene Root	</parent>
		<transform>
			<row0>	-0.5706 0.0000 0.1854 0.0000	</row0>
			<row1>	0.0000 1.0000 0.0000 0.0000	</row1>
			<row2>	-0.1854 0.0000 -0.5706 0.0000	</row2>
			<row3>	-0.2373 0.4698 5.6423 1.0000	</row3>
		</transform>
	</node>
	<node>
		<identifier>	MP_BM952_Bollard	</identifier>
		<parent>	Scene Root	</parent>
		<transform>
			<row0>	0.9708 -0.0132 -0.2396 0.0000	</row0>
			<row1>	0.0000 0.9985 -0.0551 0.0000	</row1>
			<row2>	0.2400 0.0535 0.9693 0.0000	</row2>
			<row3>	-0.3063 0.4520 5.3368 1.0000	</row3>
		</transform>
	</node>
	<node>
		<identifier>	MP_BM952_Bollard_INDEX_1	</identifier>
		<parent>	Scene Root	</parent>
		<transform>
			<row0>	0.9708 0.0132 0.2396 0.0000	</row0>
			<row1>	0.0000 0.9985 -0.0551 0.0000	</row1>
			<row2>	-0.2400 0.0535 0.9693 0.0000	</row2>
			<row3>	0.3067 0.4520 5.3355 1.0000	</row3>
		</transform>
	</node>
	<node>
		<identifier>	MP_BM957_Anchor_Capstan_big	</identifier>
		<parent>	Scene Root	</parent>
		<transform>
			<row0>	0.6353 0.0000 0.0000 0.0000	</row0>
			<row1>	0.0000 0.6353 0.0000 0.0000	</row1>
			<row2>	0.0000 0.0000 0.6353 0.0000	</row2>
			<row3>	0.0000 0.4582 5.2649 1.0000	</row3>
		</transform>
	</node>
	<node>
		<identifier>	MP_BM959_Anchor_WW2_top	</identifier>
		<parent>	Scene Root	</parent>
		<transform>
			<row0>	0.9795 -0.1911 0.0632 0.0000	</row0>
			<row1>	0.1593 0.5447 -0.8234 0.0000	</row1>
			<row2>	0.1229 0.8166 0.5639 0.0000	</row2>
			<row3>	-0.1375 0.3673 6.0368 1.0000	</row3>
		</transform>
	</node>
	<node>
		<identifier>	MP_BM959_Anchor_WW2_top_INDEX_1	</identifier>
		<parent>	Scene Root	</parent>
		<transform>
			<row0>	0.9795 0.1911 -0.0632 0.0000	</row0>
			<row1>	-0.1593 0.5447 -0.8234 0.0000	</row1>
			<row2>	-0.1229 0.8166 0.5639 0.0000	</row2>
			<row3>	0.1375 0.3673 6.0368 1.0000	</row3>
		</transform>
	</node>
	<node>
		<identifier>	MP_BM960_Anchor_WW2_down	</identifier>
		<parent>	Scene Root	</parent>
		<transform>
			<row0>	0.9676 -0.0273 0.2511 0.0000	</row0>
			<row1>	0.2208 0.5738 -0.7886 0.0000	</row1>
			<row2>	-0.1226 0.8185 0.5613 0.0000	</row2>
			<row3>	0.1374 0.3669 6.0373 1.0000	</row3>
		</transform>
	</node>
	<node>
		<identifier>	MP_BM960_Anchor_WW2_down_INDEX_1	</identifier>
		<parent>	Scene Root	</parent>
		<transform>
			<row0>	0.9676 0.0273 -0.2511 0.0000	</row0>
			<row1>	-0.2208 0.5738 -0.7886 0.0000	</row1>
			<row2>	0.1226 0.8185 0.5613 0.0000	</row2>
			<row3>	-0.1374 0.3669 6.0373 1.0000	</row3>
		</transform>
	</node>
	<node>
		<identifier>	MP_BM961_Anchor_Capstan_Cruiser_WW2_Bow	</identifier>
		<parent>	Scene Root	</parent>
		<transform>
			<row0>	1.0000 0.0000 0.0000 0.0000	</row0>
			<row1>	0.0000 1.0000 0.0000 0.0000	</row1>
			<row2>	0.0000 0.0000 1.0000 0.0000	</row2>
			<row3>	-0.0975 0.4743 5.1236 1.0000	</row3>
		</transform>
	</node>
	<node>
		<identifier>	MP_BM961_Anchor_Capstan_Cruiser_WW2_Bow_INDEX_1	</identifier>
		<parent>	Scene Root	</parent>
		<transform>
			<row0>	1.0000 0.0000 0.0000 0.0000	</row0>
			<row1>	0.0000 1.0000 0.0000 0.0000	</row1>
			<row2>	0.0000 0.0000 1.0000 0.0000	</row2>
			<row3>	0.0975 0.4743 5.1236 1.0000	</row3>
		</transform>
	</node>
	<node>
		<identifier>	MP_BM962_Chain_Fairlead	</identifier>
		<parent>	Scene Root	</parent>
		<transform>
			<row0>	1.0000 0.0000 0.0000 0.0000	</row0>
			<row1>	0.0000 1.0000 0.0000 0.0000	</row1>
			<row2>	0.0000 0.0000 1.0000 0.0000	</row2>
			<row3>	0.0683 0.4595 5.3849 1.0000	</row3>
		</transform>
	</node>
	<node>
		<identifier>	MP_BM962_Chain_Fairlead_INDEX_1	</identifier>
		<parent>	Scene Root	</parent>
		<transform>
			<row0>	1.0000 0.0000 0.0000 0.0000	</row0>
			<row1>	0.0000 1.0000 0.0000 0.0000	</row1>
			<row2>	0.0000 0.0000 1.0000 0.0000	</row2>
			<row3>	-0.0683 0.4595 5.3849 1.0000	</row3>
		</transform>
	</node>
	<node>
		<identifier>	MP_CM011_Fire_Fighting_Gear	</identifier>
		<parent>	Scene Root	</parent>
		<transform>
			<row0>	1.0000 0.0000 0.0000 0.0000	</row0>
			<row1>	0.0000 1.0000 0.0000 0.0000	</row1>
			<row2>	0.0000 0.0000 1.0000 0.0000	</row2>
			<row3>	0.0403 0.4264 4.7267 1.0000	</row3>
		</transform>
	</node>
	<node>
		<identifier>	SP_YMS001_YHBM_M_1	</identifier>
		<parent>	Scene Root	</parent>
		<transform>
			<row0>	1.0000 0.0000 0.0000 0.0000	</row0>
			<row1>	0.0000 1.0000 0.0000 0.0000	</row1>
			<row2>	0.0000 0.0000 1.0000 0.0000	</row2>
			<row3>	0.0000 0.5153 6.2578 1.0000	</row3>
		</transform>
	</node>
	<node>
		<identifier>	SP_YMS002_YHBL_M_1	</identifier>
		<parent>	Scene Root	</parent>
		<transform>
			<row0>	0.9941 0.0000 -0.1085 0.0000	</row0>
			<row1>	-0.0072 0.9978 -0.0662 0.0000	</row1>
			<row2>	0.1083 0.0666 0.9919 0.0000	</row2>
			<row3>	0.0000 0.5180 6.3419 1.0000	</row3>
		</transform>
	</node>
	<node>
		<identifier>	SP_YMS003_YHBR_M_1	</identifier>
		<parent>	Scene Root	</parent>
		<transform>
			<row0>	0.9941 0.0000 0.1085 0.0000	</row0>
			<row1>	0.0072 0.9978 -0.0662 0.0000	</row1>
			<row2>	-0.1083 0.0666 0.9919 0.0000	</row2>
			<row3>	0.0000 0.5180 6.3419 1.0000	</row3>
		</transform>
	</node>
	<node>
		<identifier>	SP_YMS004_YHXL_L_1	</identifier>
		<parent>	Scene Root	</parent>
		<transform>
			<row0>	0.8963 0.2682 -0.3531 0.0000	</row0>
			<row1>	-0.3262 0.9382 -0.1153 0.0000	</row1>
			<row2>	0.3004 0.2186 0.9284 0.0000	</row2>
			<row3>	-0.1134 0.3477 5.9791 1.0000	</row3>
		</transform>
	</node>
	<node>
		<identifier>	SP_YMS005_YHXR_L_1	</identifier>
		<parent>	Scene Root	</parent>
		<transform>
			<row0>	0.8963 -0.2682 0.3531 0.0000	</row0>
			<row1>	0.3262 0.9382 -0.1153 0.0000	</row1>
			<row2>	-0.3004 0.2186 0.9284 0.0000	</row2>
			<row3>	0.1134 0.3477 5.9791 1.0000	</row3>
		</transform>
	</node>
	<node>
		<identifier>	SP_YMS010_YHWM_L_1	</identifier>
		<parent>	Scene Root	</parent>
		<transform>
			<row0>	0.7003 0.0000 0.0000 0.0000	</row0>
			<row1>	0.0000 0.7003 0.0000 0.0000	</row1>
			<row2>	0.0000 0.0000 0.7003 0.0000	</row2>
			<row3>	0.0000 0.0000 6.1987 1.0000	</row3>
		</transform>
	</node>
	<node>
		<identifier>	SP_YMS011_YHWL_M_1	</identifier>
		<parent>	Scene Root	</parent>
		<transform>
			<row0>	0.9734 0.1262 -0.1910 0.0000	</row0>
			<row1>	-0.1244 0.9920 0.0210 0.0000	</row1>
			<row2>	0.1921 0.0034 0.9814 0.0000	</row2>
			<row3>	-0.3081 -0.0252 4.5948 1.0000	</row3>
		</transform>
	</node>
	<node>
		<identifier>	SP_YMS012_YHWR_M_1_INDEX_6	</identifier>
		<parent>	Scene Root	</parent>
		<transform>
			<row0>	0.9734 -0.1262 0.1910 0.0000	</row0>
			<row1>	0.1244 0.9920 0.0210 0.0000	</row1>
			<row2>	-0.1921 0.0034 0.9814 0.0000	</row2>
			<row3>	0.3081 -0.0252 4.5948 1.0000	</row3>
		</transform>
	</node>
	<node>
		<identifier>	SP_YMS020_YHBU_M_1	</identifier>
		<parent>	Scene Root	</parent>
		<transform>
			<row0>	1.0000 0.0000 0.0000 0.0000	</row0>
			<row1>	0.0000 1.0000 0.0000 0.0000	</row1>
			<row2>	0.0000 0.0000 1.0000 0.0000	</row2>
			<row3>	-0.0029 -0.0537 6.0259 1.0000	</row3>
		</transform>
	</node>
	<node>
		<identifier>	SP_YMS051_YHDL_L_1	</identifier>
		<parent>	Scene Root	</parent>
		<transform>
			<row0>	0.9857 0.0000 -0.1683 0.0000	</row0>
			<row1>	-0.0081 0.9988 -0.0474 0.0000	</row1>
			<row2>	0.1681 0.0481 0.9846 0.0000	</row2>
			<row3>	-0.4350 0.4184 4.8723 1.0000	</row3>
		</transform>
	</node>
	<node>
		<identifier>	SP_YMS052_YHDR_L_1	</identifier>
		<parent>	Scene Root	</parent>
		<transform>
			<row0>	0.9857 0.0000 0.1683 0.0000	</row0>
			<row1>	0.0081 0.9988 -0.0474 0.0000	</row1>
			<row2>	-0.1681 0.0481 0.9846 0.0000	</row2>
			<row3>	0.4350 0.4184 4.8723 1.0000	</row3>
		</transform>
	</node>
	<node>
		<identifier>	SP_YMS053_YHDC_S_1_INDEX_5	</identifier>
		<parent>	Scene Root	</parent>
		<transform>
			<row0>	1.0000 0.0000 0.0000 0.0000	</row0>
			<row1>	0.0000 1.0000 0.0000 0.0000	</row1>
			<row2>	0.0000 0.0000 1.0000 0.0000	</row2>
			<row3>	-0.2867 0.4455 4.8756 1.0000	</row3>
		</transform>
	</node>
	<node>
		<identifier>	SP_YMS053_YHDC_S_1_INDEX_7	</identifier>
		<parent>	Scene Root	</parent>
		<transform>
			<row0>	1.0000 0.0000 0.0000 0.0000	</row0>
			<row1>	0.0000 1.0000 0.0000 0.0000	</row1>
			<row2>	0.0000 0.0000 1.0000 0.0000	</row2>
			<row3>	0.2867 0.4455 4.8756 1.0000	</row3>
		</transform>
	</node>
	<node>
		<identifier>	SP_YMS080_YHSL_M_1	</identifier>
		<parent>	Scene Root	</parent>
		<transform>
			<row0>	0.9022 0.4221 -0.0890 0.0000	</row0>
			<row1>	-0.4200 0.9066 0.0414 0.0000	</row1>
			<row2>	0.0982 0.0000 0.9952 0.0000	</row2>
			<row3>	-0.4666 0.2658 4.2531 1.0000	</row3>
		</transform>
	</node>
	<node>
		<identifier>	SP_YMS081_YHSR_M_1	</identifier>
		<parent>	Scene Root	</parent>
		<transform>
			<row0>	0.9022 -0.4221 0.0890 0.0000	</row0>
			<row1>	0.4200 0.9066 0.0414 0.0000	</row1>
			<row2>	-0.0982 0.0000 0.9952 0.0000	</row2>
			<row3>	0.4666 0.2658 4.2531 1.0000	</row3>
		</transform>
	</node>
</BSC302_Aberdeen_1963_Bow.skel_ext>
