<BSC302_Aberdeen_1963_MidFront.skel_ext>
	<exported>	true	</exported>
	<node>
		<identifier>	MP_BM004_Reels	</identifier>
		<parent>	Scene Root	</parent>
		<transform>
			<row0>	-0.8344 0.0000 0.8783 0.0000	</row0>
			<row1>	0.0000 1.2114 0.0000 0.0000	</row1>
			<row2>	-0.8783 0.0000 -0.8344 0.0000	</row2>
			<row3>	0.4289 0.5520 2.9568 1.0000	</row3>
		</transform>
	</node>
	<node>
		<identifier>	MP_BM004_Reels_INDEX_1	</identifier>
		<parent>	Scene Root	</parent>
		<transform>
			<row0>	0.0043 0.0000 -0.6925 0.0000	</row0>
			<row1>	0.0000 0.6925 0.0000 0.0000	</row1>
			<row2>	0.6925 0.0000 0.0043 0.0000	</row2>
			<row3>	0.5562 0.3817 1.4455 1.0000	</row3>
		</transform>
	</node>
	<node>
		<identifier>	MP_BM004_Reels_INDEX_10	</identifier>
		<parent>	Scene Root	</parent>
		<transform>
			<row0>	0.0043 0.0000 -0.6925 0.0000	</row0>
			<row1>	0.0000 0.6925 0.0000 0.0000	</row1>
			<row2>	0.6925 0.0000 0.0043 0.0000	</row2>
			<row3>	0.5568 0.3817 1.3430 1.0000	</row3>
		</transform>
	</node>
	<node>
		<identifier>	MP_BM004_Reels_INDEX_11	</identifier>
		<parent>	Scene Root	</parent>
		<transform>
			<row0>	-0.8344 0.0000 -0.8783 0.0000	</row0>
			<row1>	0.0000 1.2114 0.0000 0.0000	</row1>
			<row2>	0.8783 0.0000 -0.8344 0.0000	</row2>
			<row3>	-0.1890 0.5563 3.2093 1.0000	</row3>
		</transform>
	</node>
	<node>
		<identifier>	MP_BM004_Reels_INDEX_2	</identifier>
		<parent>	Scene Root	</parent>
		<transform>
			<row0>	0.0043 0.0000 0.6925 0.0000	</row0>
			<row1>	0.0000 0.6925 0.0000 0.0000	</row1>
			<row2>	-0.6925 0.0000 0.0043 0.0000	</row2>
			<row3>	-0.5568 0.3817 1.3430 1.0000	</row3>
		</transform>
	</node>
	<node>
		<identifier>	MP_BM004_Reels_INDEX_3	</identifier>
		<parent>	Scene Root	</parent>
		<transform>
			<row0>	0.0043 0.0000 0.6925 0.0000	</row0>
			<row1>	0.0000 0.6925 0.0000 0.0000	</row1>
			<row2>	-0.6925 0.0000 0.0043 0.0000	</row2>
			<row3>	-0.5562 0.3817 1.4455 1.0000	</row3>
		</transform>
	</node>
	<node>
		<identifier>	MP_BM004_Reels_INDEX_4	</identifier>
		<parent>	Scene Root	</parent>
		<transform>
			<row0>	0.9174 0.0000 1.0375 0.0000	</row0>
			<row1>	0.0000 1.3849 0.0000 0.0000	</row1>
			<row2>	-1.0375 0.0000 0.9174 0.0000	</row2>
			<row3>	-0.2639 0.3959 3.8541 1.0000	</row3>
		</transform>
	</node>
	<node>
		<identifier>	MP_BM004_Reels_INDEX_5	</identifier>
		<parent>	Scene Root	</parent>
		<transform>
			<row0>	0.9174 0.0000 -1.0375 0.0000	</row0>
			<row1>	0.0000 1.3849 0.0000 0.0000	</row1>
			<row2>	1.0375 0.0000 0.9174 0.0000	</row2>
			<row3>	0.2639 0.3959 3.8541 1.0000	</row3>
		</transform>
	</node>
	<node>
		<identifier>	MP_BM004_Reels_INDEX_6	</identifier>
		<parent>	Scene Root	</parent>
		<transform>
			<row0>	0.4627 0.0000 0.4918 0.0000	</row0>
			<row1>	-0.4918 0.0000 0.4627 0.0000	</row1>
			<row2>	0.0000 -0.6753 0.0000 0.0000	</row2>
			<row3>	-0.4356 0.6834 2.8628 1.0000	</row3>
		</transform>
	</node>
	<node>
		<identifier>	MP_BM004_Reels_INDEX_7	</identifier>
		<parent>	Scene Root	</parent>
		<transform>
			<row0>	0.4627 0.0000 -0.4918 0.0000	</row0>
			<row1>	0.4918 0.0000 0.4627 0.0000	</row1>
			<row2>	0.0000 -0.6753 0.0000 0.0000	</row2>
			<row3>	0.4356 0.6834 2.8628 1.0000	</row3>
		</transform>
	</node>
	<node>
		<identifier>	MP_BM004_Reels_INDEX_8	</identifier>
		<parent>	Scene Root	</parent>
		<transform>
			<row0>	-0.8344 0.0000 -0.8783 0.0000	</row0>
			<row1>	0.0000 1.2114 0.0000 0.0000	</row1>
			<row2>	0.8783 0.0000 -0.8344 0.0000	</row2>
			<row3>	-0.4289 0.5520 2.9568 1.0000	</row3>
		</transform>
	</node>
	<node>
		<identifier>	MP_BM004_Reels_INDEX_9	</identifier>
		<parent>	Scene Root	</parent>
		<transform>
			<row0>	0.6753 0.0000 0.0000 0.0000	</row0>
			<row1>	0.0000 0.0000 0.6753 0.0000	</row1>
			<row2>	0.0000 -0.6753 0.0000 0.0000	</row2>
			<row3>	0.0000 0.6834 3.1910 1.0000	</row3>
		</transform>
	</node>
	<node>
		<identifier>	MP_BM5022_Aberdeen_crest	</identifier>
		<parent>	Scene Root	</parent>
		<transform>
			<row0>	0.7291 0.0000 0.0000 0.0000	</row0>
			<row1>	0.0000 0.7291 0.0000 0.0000	</row1>
			<row2>	0.0000 0.0000 0.7291 0.0000	</row2>
			<row3>	0.0000 1.0694 3.3346 1.0000	</row3>
		</transform>
	</node>
	<node>
		<identifier>	MP_BM519_Motor_Whaler_27ft	</identifier>
		<parent>	Scene Root	</parent>
		<transform>
			<row0>	1.0000 0.0000 -0.0061 0.0000	</row0>
			<row1>	0.0000 1.0000 0.0000 0.0000	</row1>
			<row2>	0.0061 0.0000 1.0000 0.0000	</row2>
			<row3>	-0.5659 0.4697 1.3956 1.0000	</row3>
		</transform>
	</node>
	<node>
		<identifier>	MP_BM519_Motor_Whaler_27ft_INDEX_1	</identifier>
		<parent>	Scene Root	</parent>
		<transform>
			<row0>	1.0000 0.0000 0.0061 0.0000	</row0>
			<row1>	0.0000 1.0000 0.0000 0.0000	</row1>
			<row2>	-0.0061 0.0000 1.0000 0.0000	</row2>
			<row3>	0.5659 0.4697 1.3956 1.0000	</row3>
		</transform>
	</node>
	<node>
		<identifier>	MP_BM520_Sailng_Dinghy_14ft	</identifier>
		<parent>	Scene Root	</parent>
		<transform>
			<row0>	0.9972 0.0000 -0.0742 0.0000	</row0>
			<row1>	0.0000 1.0000 0.0000 0.0000	</row1>
			<row2>	0.0742 0.0000 0.9972 0.0000	</row2>
			<row3>	0.2388 0.3905 1.4320 1.0000	</row3>
		</transform>
	</node>
	<node>
		<identifier>	MP_BM522_Motor_Cutter_25ft	</identifier>
		<parent>	Scene Root	</parent>
		<transform>
			<row0>	0.8861 0.0000 0.4635 0.0000	</row0>
			<row1>	0.0000 1.0000 0.0000 0.0000	</row1>
			<row2>	-0.4635 0.0000 0.8861 0.0000	</row2>
			<row3>	0.0686 0.3960 1.2605 1.0000	</row3>
		</transform>
	</node>
	<node>
		<identifier>	MP_BM523_Motor_Pinnace_35ft	</identifier>
		<parent>	Scene Root	</parent>
		<transform>
			<row0>	0.9979 0.0000 0.0644 0.0000	</row0>
			<row1>	0.0000 1.0000 0.0000 0.0000	</row1>
			<row2>	-0.0644 0.0000 0.9979 0.0000	</row2>
			<row3>	0.4001 0.3980 1.3286 1.0000	</row3>
		</transform>
	</node>
	<node>
		<identifier>	MP_BM523_Motor_Pinnace_35ft_INDEX_1	</identifier>
		<parent>	Scene Root	</parent>
		<transform>
			<row0>	0.9878 0.0000 -0.1558 0.0000	</row0>
			<row1>	0.0000 1.0000 0.0000 0.0000	</row1>
			<row2>	0.1558 0.0000 0.9878 0.0000	</row2>
			<row3>	-0.3396 0.3980 1.3221 1.0000	</row3>
		</transform>
	</node>
	<node>
		<identifier>	MP_BM602_Pelorus	</identifier>
		<parent>	Scene Root	</parent>
		<transform>
			<row0>	1.0000 0.0000 0.0000 0.0000	</row0>
			<row1>	0.0000 1.0000 0.0000 0.0000	</row1>
			<row2>	0.0000 0.0000 1.0000 0.0000	</row2>
			<row3>	0.0000 0.8924 3.1134 1.0000	</row3>
		</transform>
	</node>
	<node>
		<identifier>	MP_BM608_Compass_repeater	</identifier>
		<parent>	Scene Root	</parent>
		<transform>
			<row0>	0.0000 0.0000 -1.0000 0.0000	</row0>
			<row1>	0.0000 1.0000 0.0000 0.0000	</row1>
			<row2>	1.0000 0.0000 0.0000 0.0000	</row2>
			<row3>	-0.2907 1.1230 2.9447 1.0000	</row3>
		</transform>
	</node>
	<node>
		<identifier>	MP_BM608_Compass_repeater_INDEX_1	</identifier>
		<parent>	Scene Root	</parent>
		<transform>
			<row0>	0.0000 0.0000 -1.0000 0.0000	</row0>
			<row1>	0.0000 1.0000 0.0000 0.0000	</row1>
			<row2>	1.0000 0.0000 0.0000 0.0000	</row2>
			<row3>	-0.3821 0.9638 2.8893 1.0000	</row3>
		</transform>
	</node>
	<node>
		<identifier>	MP_BM608_Compass_repeater_INDEX_2	</identifier>
		<parent>	Scene Root	</parent>
		<transform>
			<row0>	-1.0000 0.0000 0.0000 0.0000	</row0>
			<row1>	0.0000 1.0000 0.0000 0.0000	</row1>
			<row2>	0.0000 0.0000 -1.0000 0.0000	</row2>
			<row3>	0.0736 1.1232 3.1908 1.0000	</row3>
		</transform>
	</node>
	<node>
		<identifier>	MP_BM608_Compass_repeater_INDEX_3	</identifier>
		<parent>	Scene Root	</parent>
		<transform>
			<row0>	0.0000 0.0000 1.0000 0.0000	</row0>
			<row1>	0.0000 1.0000 0.0000 0.0000	</row1>
			<row2>	-1.0000 0.0000 0.0000 0.0000	</row2>
			<row3>	0.2907 1.1230 2.9447 1.0000	</row3>
		</transform>
	</node>
	<node>
		<identifier>	MP_BM608_Compass_repeater_INDEX_4	</identifier>
		<parent>	Scene Root	</parent>
		<transform>
			<row0>	0.0000 0.0000 1.0000 0.0000	</row0>
			<row1>	0.0000 1.0000 0.0000 0.0000	</row1>
			<row2>	-1.0000 0.0000 0.0000 0.0000	</row2>
			<row3>	0.3821 0.9638 2.8904 1.0000	</row3>
		</transform>
	</node>
	<node>
		<identifier>	MP_BM609_Speaker	</identifier>
		<parent>	Scene Root	</parent>
		<transform>
			<row0>	0.0000 0.0000 1.0000 0.0000	</row0>
			<row1>	0.0000 1.0000 0.0000 0.0000	</row1>
			<row2>	-1.0000 0.0000 0.0000 0.0000	</row2>
			<row3>	-0.1129 1.2085 2.0922 1.0000	</row3>
		</transform>
	</node>
	<node>
		<identifier>	MP_BM609_Speaker_INDEX_1	</identifier>
		<parent>	Scene Root	</parent>
		<transform>
			<row0>	-1.0000 0.0000 0.0000 0.0000	</row0>
			<row1>	0.0000 1.0000 0.0000 0.0000	</row1>
			<row2>	0.0000 0.0000 -1.0000 0.0000	</row2>
			<row3>	0.3791 0.6955 1.8022 1.0000	</row3>
		</transform>
	</node>
	<node>
		<identifier>	MP_BM609_Speaker_INDEX_10	</identifier>
		<parent>	Scene Root	</parent>
		<transform>
			<row0>	0.6852 0.0000 -0.7284 0.0000	</row0>
			<row1>	0.0000 1.0000 0.0000 0.0000	</row1>
			<row2>	0.7284 0.0000 0.6852 0.0000	</row2>
			<row3>	0.2569 0.7037 3.0573 1.0000	</row3>
		</transform>
	</node>
	<node>
		<identifier>	MP_BM609_Speaker_INDEX_11	</identifier>
		<parent>	Scene Root	</parent>
		<transform>
			<row0>	0.6506 0.0000 -0.7594 0.0000	</row0>
			<row1>	0.0000 1.0000 0.0000 0.0000	</row1>
			<row2>	0.7594 0.0000 0.6506 0.0000	</row2>
			<row3>	0.2247 0.5447 3.7947 1.0000	</row3>
		</transform>
	</node>
	<node>
		<identifier>	MP_BM609_Speaker_INDEX_12	</identifier>
		<parent>	Scene Root	</parent>
		<transform>
			<row0>	0.6506 0.0000 0.7594 0.0000	</row0>
			<row1>	0.0000 1.0000 0.0000 0.0000	</row1>
			<row2>	-0.7594 0.0000 0.6506 0.0000	</row2>
			<row3>	-0.2199 0.5449 3.8004 1.0000	</row3>
		</transform>
	</node>
	<node>
		<identifier>	MP_BM609_Speaker_INDEX_2	</identifier>
		<parent>	Scene Root	</parent>
		<transform>
			<row0>	0.0000 0.0000 -1.0000 0.0000	</row0>
			<row1>	0.0000 1.0000 0.0000 0.0000	</row1>
			<row2>	1.0000 0.0000 0.0000 0.0000	</row2>
			<row3>	0.0719 1.1980 2.4137 1.0000	</row3>
		</transform>
	</node>
	<node>
		<identifier>	MP_BM609_Speaker_INDEX_3	</identifier>
		<parent>	Scene Root	</parent>
		<transform>
			<row0>	0.6852 0.0000 0.7284 0.0000	</row0>
			<row1>	0.0000 1.0000 0.0000 0.0000	</row1>
			<row2>	-0.7284 0.0000 0.6852 0.0000	</row2>
			<row3>	-0.3693 0.6881 2.9374 1.0000	</row3>
		</transform>
	</node>
	<node>
		<identifier>	MP_BM609_Speaker_INDEX_4	</identifier>
		<parent>	Scene Root	</parent>
		<transform>
			<row0>	-1.0000 0.0000 0.0000 0.0000	</row0>
			<row1>	0.0000 1.0000 0.0000 0.0000	</row1>
			<row2>	0.0000 0.0000 -1.0000 0.0000	</row2>
			<row3>	-0.2128 0.6959 1.8022 1.0000	</row3>
		</transform>
	</node>
	<node>
		<identifier>	MP_BM609_Speaker_INDEX_5	</identifier>
		<parent>	Scene Root	</parent>
		<transform>
			<row0>	0.0000 0.0000 1.0000 0.0000	</row0>
			<row1>	0.0000 1.0000 0.0000 0.0000	</row1>
			<row2>	-1.0000 0.0000 0.0000 0.0000	</row2>
			<row3>	-0.5353 0.5224 2.4544 1.0000	</row3>
		</transform>
	</node>
	<node>
		<identifier>	MP_BM609_Speaker_INDEX_6	</identifier>
		<parent>	Scene Root	</parent>
		<transform>
			<row0>	0.0000 0.0000 -1.0000 0.0000	</row0>
			<row1>	0.0000 1.0000 0.0000 0.0000	</row1>
			<row2>	1.0000 0.0000 0.0000 0.0000	</row2>
			<row3>	0.1129 1.2083 2.0935 1.0000	</row3>
		</transform>
	</node>
	<node>
		<identifier>	MP_BM609_Speaker_INDEX_7	</identifier>
		<parent>	Scene Root	</parent>
		<transform>
			<row0>	1.0000 0.0000 0.0000 0.0000	</row0>
			<row1>	0.0000 1.0000 0.0000 0.0000	</row1>
			<row2>	0.0000 0.0000 1.0000 0.0000	</row2>
			<row3>	0.0384 1.1842 2.7832 1.0000	</row3>
		</transform>
	</node>
	<node>
		<identifier>	MP_BM609_Speaker_INDEX_8	</identifier>
		<parent>	Scene Root	</parent>
		<transform>
			<row0>	-0.3687 0.0000 0.9295 0.0000	</row0>
			<row1>	0.0000 1.0000 0.0000 0.0000	</row1>
			<row2>	-0.9295 0.0000 -0.3687 0.0000	</row2>
			<row3>	-0.0698 1.1988 2.3891 1.0000	</row3>
		</transform>
	</node>
	<node>
		<identifier>	MP_BM609_Speaker_INDEX_9	</identifier>
		<parent>	Scene Root	</parent>
		<transform>
			<row0>	0.0000 0.0000 -1.0000 0.0000	</row0>
			<row1>	0.0000 1.0000 0.0000 0.0000	</row1>
			<row2>	1.0000 0.0000 0.0000 0.0000	</row2>
			<row3>	0.5353 0.5249 2.4142 1.0000	</row3>
		</transform>
	</node>
	<node>
		<identifier>	MP_BM611_Telephone	</identifier>
		<parent>	Scene Root	</parent>
		<transform>
			<row0>	0.0000 0.0000 -1.0000 0.0000	</row0>
			<row1>	0.0000 1.0000 0.0000 0.0000	</row1>
			<row2>	1.0000 0.0000 0.0000 0.0000	</row2>
			<row3>	-0.2912 0.8036 2.7812 1.0000	</row3>
		</transform>
	</node>
	<node>
		<identifier>	MP_BM611_Telephone_INDEX_1	</identifier>
		<parent>	Scene Root	</parent>
		<transform>
			<row0>	0.0000 0.0000 1.0000 0.0000	</row0>
			<row1>	0.0000 1.0000 0.0000 0.0000	</row1>
			<row2>	-1.0000 0.0000 0.0000 0.0000	</row2>
			<row3>	0.2912 0.8040 2.7440 1.0000	</row3>
		</transform>
	</node>
	<node>
		<identifier>	MP_BM611_Telephone_INDEX_10	</identifier>
		<parent>	Scene Root	</parent>
		<transform>
			<row0>	0.0000 0.0000 1.0000 0.0000	</row0>
			<row1>	0.0000 1.0000 0.0000 0.0000	</row1>
			<row2>	-1.0000 0.0000 0.0000 0.0000	</row2>
			<row3>	0.2912 0.8039 1.9646 1.0000	</row3>
		</transform>
	</node>
	<node>
		<identifier>	MP_BM611_Telephone_INDEX_2	</identifier>
		<parent>	Scene Root	</parent>
		<transform>
			<row0>	0.0000 0.0000 -1.0000 0.0000	</row0>
			<row1>	0.0000 1.0000 0.0000 0.0000	</row1>
			<row2>	1.0000 0.0000 0.0000 0.0000	</row2>
			<row3>	-0.2912 0.8035 1.9650 1.0000	</row3>
		</transform>
	</node>
	<node>
		<identifier>	MP_BM611_Telephone_INDEX_3	</identifier>
		<parent>	Scene Root	</parent>
		<transform>
			<row0>	0.0000 0.0000 1.0000 0.0000	</row0>
			<row1>	0.0000 1.0000 0.0000 0.0000	</row1>
			<row2>	-1.0000 0.0000 0.0000 0.0000	</row2>
			<row3>	-0.2903 1.1147 2.7817 1.0000	</row3>
		</transform>
	</node>
	<node>
		<identifier>	MP_BM611_Telephone_INDEX_4	</identifier>
		<parent>	Scene Root	</parent>
		<transform>
			<row0>	0.0000 0.0000 -1.0000 0.0000	</row0>
			<row1>	0.0758 0.9971 0.0000 0.0000	</row1>
			<row2>	0.9971 -0.0758 0.0000 0.0000	</row2>
			<row3>	-0.1173 1.1504 1.9750 1.0000	</row3>
		</transform>
	</node>
	<node>
		<identifier>	MP_BM611_Telephone_INDEX_5	</identifier>
		<parent>	Scene Root	</parent>
		<transform>
			<row0>	-1.0000 0.0000 0.0000 0.0000	</row0>
			<row1>	0.0000 1.0000 0.0000 0.0000	</row1>
			<row2>	0.0000 0.0000 -1.0000 0.0000	</row2>
			<row3>	0.3675 0.9368 2.8098 1.0000	</row3>
		</transform>
	</node>
	<node>
		<identifier>	MP_BM611_Telephone_INDEX_6	</identifier>
		<parent>	Scene Root	</parent>
		<transform>
			<row0>	0.6929 0.0000 -0.7210 0.0000	</row0>
			<row1>	0.0000 1.0000 0.0000 0.0000	</row1>
			<row2>	0.7210 0.0000 0.6929 0.0000	</row2>
			<row3>	0.1797 1.1080 3.1381 1.0000	</row3>
		</transform>
	</node>
	<node>
		<identifier>	MP_BM611_Telephone_INDEX_7	</identifier>
		<parent>	Scene Root	</parent>
		<transform>
			<row0>	0.0000 0.0000 1.0000 0.0000	</row0>
			<row1>	-0.0746 0.9972 0.0000 0.0000	</row1>
			<row2>	-0.9972 -0.0746 0.0000 0.0000	</row2>
			<row3>	0.1173 1.1504 2.0793 1.0000	</row3>
		</transform>
	</node>
	<node>
		<identifier>	MP_BM611_Telephone_INDEX_8	</identifier>
		<parent>	Scene Root	</parent>
		<transform>
			<row0>	0.0000 0.0000 -1.0000 0.0000	</row0>
			<row1>	0.0000 1.0000 0.0000 0.0000	</row1>
			<row2>	1.0000 0.0000 0.0000 0.0000	</row2>
			<row3>	0.2902 1.1126 2.7817 1.0000	</row3>
		</transform>
	</node>
	<node>
		<identifier>	MP_BM611_Telephone_INDEX_9	</identifier>
		<parent>	Scene Root	</parent>
		<transform>
			<row0>	-1.0000 0.0000 0.0000 0.0000	</row0>
			<row1>	0.0000 1.0000 0.0000 0.0000	</row1>
			<row2>	0.0000 0.0000 -1.0000 0.0000	</row2>
			<row3>	-0.3687 0.9368 2.8673 1.0000	</row3>
		</transform>
	</node>
	<node>
		<identifier>	MP_BM612_Switch_Panel	</identifier>
		<parent>	Scene Root	</parent>
		<transform>
			<row0>	0.0000 0.0000 1.0000 0.0000	</row0>
			<row1>	0.0000 1.0000 0.0000 0.0000	</row1>
			<row2>	-1.0000 0.0000 0.0000 0.0000	</row2>
			<row3>	-0.0025 1.1338 3.0096 1.0000	</row3>
		</transform>
	</node>
	<node>
		<identifier>	MP_BM612_Switch_Panel_INDEX_1	</identifier>
		<parent>	Scene Root	</parent>
		<transform>
			<row0>	0.8562 0.0000 -0.5167 0.0000	</row0>
			<row1>	0.0000 1.0000 0.0000 0.0000	</row1>
			<row2>	0.5167 0.0000 0.8562 0.0000	</row2>
			<row3>	0.1437 1.1168 3.1689 1.0000	</row3>
		</transform>
	</node>
	<node>
		<identifier>	MP_BM612_Switch_Panel_INDEX_2	</identifier>
		<parent>	Scene Root	</parent>
		<transform>
			<row0>	-1.0000 0.0000 0.0000 0.0000	</row0>
			<row1>	0.0000 1.0000 0.0000 0.0000	</row1>
			<row2>	0.0000 0.0000 -1.0000 0.0000	</row2>
			<row3>	-0.1461 0.9861 2.8627 1.0000	</row3>
		</transform>
	</node>
	<node>
		<identifier>	MP_BM612_Switch_Panel_INDEX_3	</identifier>
		<parent>	Scene Root	</parent>
		<transform>
			<row0>	-0.9962 0.0000 0.0870 0.0000	</row0>
			<row1>	0.0000 1.0000 0.0000 0.0000	</row1>
			<row2>	-0.0870 0.0000 -0.9962 0.0000	</row2>
			<row3>	-0.1569 0.8033 2.8577 1.0000	</row3>
		</transform>
	</node>
	<node>
		<identifier>	MP_BM612_Switch_Panel_INDEX_4	</identifier>
		<parent>	Scene Root	</parent>
		<transform>
			<row0>	-0.9962 0.0000 0.0870 0.0000	</row0>
			<row1>	0.0000 1.0000 0.0000 0.0000	</row1>
			<row2>	-0.0870 0.0000 -0.9962 0.0000	</row2>
			<row3>	-0.0815 0.8033 2.8511 1.0000	</row3>
		</transform>
	</node>
	<node>
		<identifier>	MP_BM612_Switch_Panel_INDEX_5	</identifier>
		<parent>	Scene Root	</parent>
		<transform>
			<row0>	-1.0000 0.0000 0.0000 0.0000	</row0>
			<row1>	0.0000 1.0000 0.0000 0.0000	</row1>
			<row2>	0.0000 0.0000 -1.0000 0.0000	</row2>
			<row3>	0.1338 0.9605 2.8670 1.0000	</row3>
		</transform>
	</node>
	<node>
		<identifier>	MP_BM612_Switch_Panel_INDEX_6	</identifier>
		<parent>	Scene Root	</parent>
		<transform>
			<row0>	0.6777 0.0000 0.7354 0.0000	</row0>
			<row1>	-0.0471 0.9979 0.0434 0.0000	</row1>
			<row2>	-0.7339 -0.0641 0.6763 0.0000	</row2>
			<row3>	-0.1739 0.9572 3.1262 1.0000	</row3>
		</transform>
	</node>
	<node>
		<identifier>	MP_BM612_Switch_Panel_INDEX_7	</identifier>
		<parent>	Scene Root	</parent>
		<transform>
			<row0>	0.6585 0.0000 -0.7526 0.0000	</row0>
			<row1>	0.0759 0.9949 0.0664 0.0000	</row1>
			<row2>	0.7488 -0.1009 0.6551 0.0000	</row2>
			<row3>	0.2277 0.7891 3.0697 1.0000	</row3>
		</transform>
	</node>
	<node>
		<identifier>	MP_BM612_Switch_Panel_INDEX_8	</identifier>
		<parent>	Scene Root	</parent>
		<transform>
			<row0>	1.0000 0.0000 0.0000 0.0000	</row0>
			<row1>	0.0000 0.9840 0.1780 0.0000	</row1>
			<row2>	0.0000 -0.1780 0.9840 0.0000	</row2>
			<row3>	-0.0653 0.7907 3.1746 1.0000	</row3>
		</transform>
	</node>
	<node>
		<identifier>	MP_BM613_Switch_Panel	</identifier>
		<parent>	Scene Root	</parent>
		<transform>
			<row0>	0.0000 0.0000 -1.0000 0.0000	</row0>
			<row1>	0.0000 1.0000 0.0000 0.0000	</row1>
			<row2>	1.0000 0.0000 0.0000 0.0000	</row2>
			<row3>	0.2908 1.1130 2.6490 1.0000	</row3>
		</transform>
	</node>
	<node>
		<identifier>	MP_BM613_Switch_Panel_INDEX_1	</identifier>
		<parent>	Scene Root	</parent>
		<transform>
			<row0>	0.0000 0.0000 1.0000 0.0000	</row0>
			<row1>	0.0000 1.0000 0.0000 0.0000	</row1>
			<row2>	-1.0000 0.0000 0.0000 0.0000	</row2>
			<row3>	-0.2912 1.1135 2.6026 1.0000	</row3>
		</transform>
	</node>
	<node>
		<identifier>	MP_BM613_Switch_Panel_INDEX_2	</identifier>
		<parent>	Scene Root	</parent>
		<transform>
			<row0>	0.6993 0.0000 -0.7148 0.0000	</row0>
			<row1>	0.0000 1.0000 0.0000 0.0000	</row1>
			<row2>	0.7148 0.0000 0.6993 0.0000	</row2>
			<row3>	0.2042 1.0973 3.1125 1.0000	</row3>
		</transform>
	</node>
	<node>
		<identifier>	MP_BM613_Switch_Panel_INDEX_3	</identifier>
		<parent>	Scene Root	</parent>
		<transform>
			<row0>	-1.0000 0.0000 0.0000 0.0000	</row0>
			<row1>	0.0000 1.0000 0.0000 0.0000	</row1>
			<row2>	0.0000 0.0000 -1.0000 0.0000	</row2>
			<row3>	-0.0747 0.9870 2.8677 1.0000	</row3>
		</transform>
	</node>
	<node>
		<identifier>	MP_BM613_Switch_Panel_INDEX_4	</identifier>
		<parent>	Scene Root	</parent>
		<transform>
			<row0>	0.6923 0.0000 -0.7216 0.0000	</row0>
			<row1>	0.0000 1.0000 0.0000 0.0000	</row1>
			<row2>	0.7216 0.0000 0.6923 0.0000	</row2>
			<row3>	0.2489 0.9577 3.0505 1.0000	</row3>
		</transform>
	</node>
	<node>
		<identifier>	MP_BM613_Switch_Panel_INDEX_5	</identifier>
		<parent>	Scene Root	</parent>
		<transform>
			<row0>	1.0000 0.0000 0.0000 0.0000	</row0>
			<row1>	0.0000 0.9868 0.1618 0.0000	</row1>
			<row2>	0.0000 -0.1618 0.9868 0.0000	</row2>
			<row3>	0.0920 0.9547 3.1745 1.0000	</row3>
		</transform>
	</node>
	<node>
		<identifier>	MP_BM613_Switch_Panel_INDEX_6	</identifier>
		<parent>	Scene Root	</parent>
		<transform>
			<row0>	1.0000 0.0000 0.0000 0.0000	</row0>
			<row1>	0.0000 0.9877 0.1561 0.0000	</row1>
			<row2>	0.0000 -0.1561 0.9877 0.0000	</row2>
			<row3>	0.0361 0.7869 3.1740 1.0000	</row3>
		</transform>
	</node>
	<node>
		<identifier>	MP_BM613_Switch_Panel_INDEX_7	</identifier>
		<parent>	Scene Root	</parent>
		<transform>
			<row0>	0.6891 0.0219 -0.7244 0.0000	</row0>
			<row1>	0.0496 0.9958 0.0772 0.0000	</row1>
			<row2>	0.7230 -0.0891 0.6851 0.0000	</row2>
			<row3>	0.2973 0.7870 2.9959 1.0000	</row3>
		</transform>
	</node>
	<node>
		<identifier>	MP_BM614_Switch_box	</identifier>
		<parent>	Scene Root	</parent>
		<transform>
			<row0>	-0.6889 0.0000 -0.7248 0.0000	</row0>
			<row1>	0.0000 1.0000 0.0000 0.0000	</row1>
			<row2>	0.7248 0.0000 -0.6889 0.0000	</row2>
			<row3>	-0.3362 0.9311 2.9721 1.0000	</row3>
		</transform>
	</node>
	<node>
		<identifier>	MP_BM614_Switch_box_INDEX_1	</identifier>
		<parent>	Scene Root	</parent>
		<transform>
			<row0>	1.0000 0.0000 0.0000 0.0000	</row0>
			<row1>	0.0000 1.0000 0.0000 0.0000	</row1>
			<row2>	0.0000 0.0000 1.0000 0.0000	</row2>
			<row3>	-0.2079 1.1097 2.5023 1.0000	</row3>
		</transform>
	</node>
	<node>
		<identifier>	MP_BM614_Switch_box_INDEX_2	</identifier>
		<parent>	Scene Root	</parent>
		<transform>
			<row0>	-0.5001 0.0000 -0.5453 0.0000	</row0>
			<row1>	0.0000 0.7399 0.0000 0.0000	</row1>
			<row2>	0.5453 0.0000 -0.5001 0.0000	</row2>
			<row3>	-0.1769 1.1093 3.1421 1.0000	</row3>
		</transform>
	</node>
	<node>
		<identifier>	MP_BM614_Switch_box_INDEX_3	</identifier>
		<parent>	Scene Root	</parent>
		<transform>
			<row0>	-0.6889 0.0000 0.7248 0.0000	</row0>
			<row1>	0.0000 1.0000 0.0000 0.0000	</row1>
			<row2>	-0.7248 0.0000 -0.6889 0.0000	</row2>
			<row3>	0.3363 0.9311 2.9714 1.0000	</row3>
		</transform>
	</node>
	<node>
		<identifier>	MP_BM614_Switch_box_INDEX_4	</identifier>
		<parent>	Scene Root	</parent>
		<transform>
			<row0>	1.0000 0.0000 0.0000 0.0000	</row0>
			<row1>	0.0000 1.0000 0.0000 0.0000	</row1>
			<row2>	0.0000 0.0000 1.0000 0.0000	</row2>
			<row3>	0.2076 1.1097 2.5023 1.0000	</row3>
		</transform>
	</node>
	<node>
		<identifier>	MP_BM615_Director_Station	</identifier>
		<parent>	Scene Root	</parent>
		<transform>
			<row0>	1.0000 0.0000 0.0000 0.0000	</row0>
			<row1>	0.0000 1.0000 0.0000 0.0000	</row1>
			<row2>	0.0000 0.0000 1.0000 0.0000	</row2>
			<row3>	0.0258 1.1090 2.9287 1.0000	</row3>
		</transform>
	</node>
	<node>
		<identifier>	MP_BM615_Director_Station_INDEX_1	</identifier>
		<parent>	Scene Root	</parent>
		<transform>
			<row0>	0.0000 0.0000 1.0000 0.0000	</row0>
			<row1>	0.0000 1.0000 0.0000 0.0000	</row1>
			<row2>	-1.0000 0.0000 0.0000 0.0000	</row2>
			<row3>	-0.2901 1.0906 2.6486 1.0000	</row3>
		</transform>
	</node>
	<node>
		<identifier>	MP_BM615_Director_Station_INDEX_2	</identifier>
		<parent>	Scene Root	</parent>
		<transform>
			<row0>	0.6852 0.0000 0.7284 0.0000	</row0>
			<row1>	0.0000 1.0000 0.0000 0.0000	</row1>
			<row2>	-0.7284 0.0000 0.6852 0.0000	</row2>
			<row3>	-0.2031 1.0925 3.1128 1.0000	</row3>
		</transform>
	</node>
	<node>
		<identifier>	MP_BM615_Director_Station_INDEX_3	</identifier>
		<parent>	Scene Root	</parent>
		<transform>
			<row0>	-1.0000 0.0000 0.0000 0.0000	</row0>
			<row1>	0.0000 1.0000 0.0000 0.0000	</row1>
			<row2>	0.0000 0.0000 -1.0000 0.0000	</row2>
			<row3>	0.1497 0.9915 2.8676 1.0000	</row3>
		</transform>
	</node>
	<node>
		<identifier>	MP_BM615_Director_Station_INDEX_4	</identifier>
		<parent>	Scene Root	</parent>
		<transform>
			<row0>	-0.9960 0.0000 0.0890 0.0000	</row0>
			<row1>	0.0000 1.0000 0.0000 0.0000	</row1>
			<row2>	-0.0890 0.0000 -0.9960 0.0000	</row2>
			<row3>	0.1284 0.7732 2.8325 1.0000	</row3>
		</transform>
	</node>
	<node>
		<identifier>	MP_BM615_Director_Station_INDEX_5	</identifier>
		<parent>	Scene Root	</parent>
		<transform>
			<row0>	1.0000 0.0000 0.0000 0.0000	</row0>
			<row1>	0.0000 0.9869 0.1612 0.0000	</row1>
			<row2>	0.0000 -0.1612 0.9869 0.0000	</row2>
			<row3>	-0.0478 0.9300 3.1702 1.0000	</row3>
		</transform>
	</node>
	<node>
		<identifier>	MP_BM615_Director_Station_INDEX_6	</identifier>
		<parent>	Scene Root	</parent>
		<transform>
			<row0>	0.6907 0.0077 -0.7231 0.0000	</row0>
			<row1>	0.0572 0.9962 0.0652 0.0000	</row1>
			<row2>	0.7209 -0.0864 0.6876 0.0000	</row2>
			<row3>	0.1662 0.7713 3.1312 1.0000	</row3>
		</transform>
	</node>
	<node>
		<identifier>	MP_BM615_Director_Station_INDEX_7	</identifier>
		<parent>	Scene Root	</parent>
		<transform>
			<row0>	0.6861 0.0081 0.7275 0.0000	</row0>
			<row1>	-0.0687 0.9962 0.0537 0.0000	</row1>
			<row2>	-0.7243 -0.0868 0.6840 0.0000	</row2>
			<row3>	-0.1928 0.7694 3.1027 1.0000	</row3>
		</transform>
	</node>
	<node>
		<identifier>	MP_BM625_Telephone	</identifier>
		<parent>	Scene Root	</parent>
		<transform>
			<row0>	-1.0000 0.0000 0.0000 0.0000	</row0>
			<row1>	0.0000 1.0000 0.0000 0.0000	</row1>
			<row2>	0.0000 0.0000 -1.0000 0.0000	</row2>
			<row3>	0.0157 1.1680 2.7832 1.0000	</row3>
		</transform>
	</node>
	<node>
		<identifier>	MP_BM625_Telephone_INDEX_1	</identifier>
		<parent>	Scene Root	</parent>
		<transform>
			<row0>	-0.7284 0.0000 -0.6852 0.0000	</row0>
			<row1>	0.0000 1.0000 0.0000 0.0000	</row1>
			<row2>	0.6852 0.0000 -0.7284 0.0000	</row2>
			<row3>	-0.2154 0.6664 3.1002 1.0000	</row3>
		</transform>
	</node>
	<node>
		<identifier>	MP_BM625_Telephone_INDEX_10	</identifier>
		<parent>	Scene Root	</parent>
		<transform>
			<row0>	-1.0000 0.0000 0.0066 0.0000	</row0>
			<row1>	0.0000 1.0000 0.0000 0.0000	</row1>
			<row2>	-0.0066 0.0000 -1.0000 0.0000	</row2>
			<row3>	-0.2347 0.9718 2.8684 1.0000	</row3>
		</transform>
	</node>
	<node>
		<identifier>	MP_BM625_Telephone_INDEX_11	</identifier>
		<parent>	Scene Root	</parent>
		<transform>
			<row0>	-0.9965 0.0000 0.0833 0.0000	</row0>
			<row1>	0.0000 1.0000 0.0000 0.0000	</row1>
			<row2>	-0.0833 0.0000 -0.9965 0.0000	</row2>
			<row3>	-0.2439 0.8184 2.8653 1.0000	</row3>
		</transform>
	</node>
	<node>
		<identifier>	MP_BM625_Telephone_INDEX_12	</identifier>
		<parent>	Scene Root	</parent>
		<transform>
			<row0>	-0.9999 0.0000 0.0148 0.0000	</row0>
			<row1>	0.0000 1.0000 0.0000 0.0000	</row1>
			<row2>	-0.0148 0.0000 -0.9999 0.0000	</row2>
			<row3>	-0.2160 0.9718 2.8685 1.0000	</row3>
		</transform>
	</node>
	<node>
		<identifier>	MP_BM625_Telephone_INDEX_13	</identifier>
		<parent>	Scene Root	</parent>
		<transform>
			<row0>	0.7345 0.0000 -0.6786 0.0000	</row0>
			<row1>	0.0342 0.9987 0.0370 0.0000	</row1>
			<row2>	0.6778 -0.0504 0.7336 0.0000	</row2>
			<row3>	0.1964 0.9594 3.1025 1.0000	</row3>
		</transform>
	</node>
	<node>
		<identifier>	MP_BM625_Telephone_INDEX_14	</identifier>
		<parent>	Scene Root	</parent>
		<transform>
			<row0>	0.7020 0.0000 0.7122 0.0000	</row0>
			<row1>	0.0000 1.0000 0.0000 0.0000	</row1>
			<row2>	-0.7122 0.0000 0.7020 0.0000	</row2>
			<row3>	-0.2471 0.9593 3.0522 1.0000	</row3>
		</transform>
	</node>
	<node>
		<identifier>	MP_BM625_Telephone_INDEX_15	</identifier>
		<parent>	Scene Root	</parent>
		<transform>
			<row0>	0.7143 0.0000 -0.6998 0.0000	</row0>
			<row1>	0.0418 0.9982 0.0427 0.0000	</row1>
			<row2>	0.6986 -0.0598 0.7130 0.0000	</row2>
			<row3>	0.1787 0.9595 3.1208 1.0000	</row3>
		</transform>
	</node>
	<node>
		<identifier>	MP_BM625_Telephone_INDEX_16	</identifier>
		<parent>	Scene Root	</parent>
		<transform>
			<row0>	0.7020 0.0000 0.7122 0.0000	</row0>
			<row1>	0.0000 1.0000 0.0000 0.0000	</row1>
			<row2>	-0.7122 0.0000 0.7020 0.0000	</row2>
			<row3>	-0.2624 0.9593 3.0368 1.0000	</row3>
		</transform>
	</node>
	<node>
		<identifier>	MP_BM625_Telephone_INDEX_17	</identifier>
		<parent>	Scene Root	</parent>
		<transform>
			<row0>	-0.0002 0.0000 -1.0000 0.0000	</row0>
			<row1>	0.0122 0.9999 0.0000 0.0000	</row1>
			<row2>	0.9999 -0.0122 -0.0002 0.0000	</row2>
			<row3>	0.3717 0.7902 2.8783 1.0000	</row3>
		</transform>
	</node>
	<node>
		<identifier>	MP_BM625_Telephone_INDEX_18	</identifier>
		<parent>	Scene Root	</parent>
		<transform>
			<row0>	0.6681 0.0000 0.7441 0.0000	</row0>
			<row1>	-0.0601 0.9967 0.0540 0.0000	</row1>
			<row2>	-0.7416 -0.0808 0.6659 0.0000	</row2>
			<row3>	-0.2642 0.7884 3.0298 1.0000	</row3>
		</transform>
	</node>
	<node>
		<identifier>	MP_BM625_Telephone_INDEX_19	</identifier>
		<parent>	Scene Root	</parent>
		<transform>
			<row0>	0.6599 0.0000 -0.7514 0.0000	</row0>
			<row1>	0.0317 0.9991 0.0278 0.0000	</row1>
			<row2>	0.7507 -0.0422 0.6593 0.0000	</row2>
			<row3>	0.3627 0.7884 2.9267 1.0000	</row3>
		</transform>
	</node>
	<node>
		<identifier>	MP_BM625_Telephone_INDEX_2	</identifier>
		<parent>	Scene Root	</parent>
		<transform>
			<row0>	-0.7284 0.0000 0.6852 0.0000	</row0>
			<row1>	0.0000 1.0000 0.0000 0.0000	</row1>
			<row2>	-0.6852 0.0000 -0.7284 0.0000	</row2>
			<row3>	0.2154 0.6662 3.1004 1.0000	</row3>
		</transform>
	</node>
	<node>
		<identifier>	MP_BM625_Telephone_INDEX_20	</identifier>
		<parent>	Scene Root	</parent>
		<transform>
			<row0>	0.6504 0.0000 0.7596 0.0000	</row0>
			<row1>	-0.0556 0.9973 0.0476 0.0000	</row1>
			<row2>	-0.7575 -0.0732 0.6487 0.0000	</row2>
			<row3>	-0.2923 0.7883 3.0005 1.0000	</row3>
		</transform>
	</node>
	<node>
		<identifier>	MP_BM625_Telephone_INDEX_3	</identifier>
		<parent>	Scene Root	</parent>
		<transform>
			<row0>	-0.7284 0.0000 0.6852 0.0000	</row0>
			<row1>	0.0000 1.0000 0.0000 0.0000	</row1>
			<row2>	-0.6852 0.0000 -0.7284 0.0000	</row2>
			<row3>	0.2229 0.6662 3.0930 1.0000	</row3>
		</transform>
	</node>
	<node>
		<identifier>	MP_BM625_Telephone_INDEX_4	</identifier>
		<parent>	Scene Root	</parent>
		<transform>
			<row0>	-1.0000 0.0000 0.0000 0.0000	</row0>
			<row1>	0.0000 1.0000 0.0000 0.0000	</row1>
			<row2>	0.0000 0.0000 -1.0000 0.0000	</row2>
			<row3>	0.0033 1.1680 2.7832 1.0000	</row3>
		</transform>
	</node>
	<node>
		<identifier>	MP_BM625_Telephone_INDEX_5	</identifier>
		<parent>	Scene Root	</parent>
		<transform>
			<row0>	-0.7284 0.0000 -0.6852 0.0000	</row0>
			<row1>	0.0000 1.0000 0.0000 0.0000	</row1>
			<row2>	0.6852 0.0000 -0.7284 0.0000	</row2>
			<row3>	-0.2230 0.6664 3.0930 1.0000	</row3>
		</transform>
	</node>
	<node>
		<identifier>	MP_BM625_Telephone_INDEX_6	</identifier>
		<parent>	Scene Root	</parent>
		<transform>
			<row0>	-1.0000 0.0000 0.0000 0.0000	</row0>
			<row1>	0.0000 1.0000 0.0000 0.0000	</row1>
			<row2>	0.0000 0.0000 -1.0000 0.0000	</row2>
			<row3>	0.0231 1.1444 2.9919 1.0000	</row3>
		</transform>
	</node>
	<node>
		<identifier>	MP_BM625_Telephone_INDEX_7	</identifier>
		<parent>	Scene Root	</parent>
		<transform>
			<row0>	-0.9965 0.0000 0.0833 0.0000	</row0>
			<row1>	0.0000 1.0000 0.0000 0.0000	</row1>
			<row2>	-0.0833 0.0000 -0.9965 0.0000	</row2>
			<row3>	0.2475 0.8184 2.8223 1.0000	</row3>
		</transform>
	</node>
	<node>
		<identifier>	MP_BM625_Telephone_INDEX_8	</identifier>
		<parent>	Scene Root	</parent>
		<transform>
			<row0>	-0.9965 0.0000 0.0833 0.0000	</row0>
			<row1>	0.0000 1.0000 0.0000 0.0000	</row1>
			<row2>	-0.0833 0.0000 -0.9965 0.0000	</row2>
			<row3>	0.2194 0.8184 2.8248 1.0000	</row3>
		</transform>
	</node>
	<node>
		<identifier>	MP_BM625_Telephone_INDEX_9	</identifier>
		<parent>	Scene Root	</parent>
		<transform>
			<row0>	-0.9965 0.0000 0.0833 0.0000	</row0>
			<row1>	0.0000 1.0000 0.0000 0.0000	</row1>
			<row2>	-0.0833 0.0000 -0.9965 0.0000	</row2>
			<row3>	0.2264 0.9718 2.8681 1.0000	</row3>
		</transform>
	</node>
	<node>
		<identifier>	MP_BM626_Sky_Lookout_type274	</identifier>
		<parent>	Scene Root	</parent>
		<transform>
			<row0>	0.0000 0.0000 -1.0000 0.0000	</row0>
			<row1>	0.0000 1.0000 0.0000 0.0000	</row1>
			<row2>	1.0000 0.0000 0.0000 0.0000	</row2>
			<row3>	0.1920 1.0628 2.9913 1.0000	</row3>
		</transform>
	</node>
	<node>
		<identifier>	MP_BM626_Sky_Lookout_type274_INDEX_1	</identifier>
		<parent>	Scene Root	</parent>
		<transform>
			<row0>	0.0000 0.0000 -1.0000 0.0000	</row0>
			<row1>	0.0000 1.0000 0.0000 0.0000	</row1>
			<row2>	1.0000 0.0000 0.0000 0.0000	</row2>
			<row3>	0.1978 1.0628 2.7341 1.0000	</row3>
		</transform>
	</node>
	<node>
		<identifier>	MP_BM626_Sky_Lookout_type274_INDEX_2	</identifier>
		<parent>	Scene Root	</parent>
		<transform>
			<row0>	0.0000 0.0000 1.0000 0.0000	</row0>
			<row1>	0.0000 1.0000 0.0000 0.0000	</row1>
			<row2>	-1.0000 0.0000 0.0000 0.0000	</row2>
			<row3>	-0.1978 1.0628 2.7341 1.0000	</row3>
		</transform>
	</node>
	<node>
		<identifier>	MP_BM626_Sky_Lookout_type274_INDEX_3	</identifier>
		<parent>	Scene Root	</parent>
		<transform>
			<row0>	0.0000 0.0000 1.0000 0.0000	</row0>
			<row1>	0.0000 1.0000 0.0000 0.0000	</row1>
			<row2>	-1.0000 0.0000 0.0000 0.0000	</row2>
			<row3>	-0.1920 1.0628 2.9913 1.0000	</row3>
		</transform>
	</node>
	<node>
		<identifier>	MP_BM675_Antenna_MF_DF	</identifier>
		<parent>	Scene Root	</parent>
		<transform>
			<row0>	1.0000 0.0000 0.0000 0.0000	</row0>
			<row1>	0.0000 1.0000 0.0000 0.0000	</row1>
			<row2>	0.0000 0.0000 1.0000 0.0000	</row2>
			<row3>	0.0000 1.0859 3.3168 1.0000	</row3>
		</transform>
	</node>
	<node>
		<identifier>	MP_BM700_Locker	</identifier>
		<parent>	Scene Root	</parent>
		<transform>
			<row0>	0.5811 0.0084 0.4232 0.0000	</row0>
			<row1>	-0.0005 0.9998 -0.0193 0.0000	</row1>
			<row2>	-0.5718 0.0149 0.7848 0.0000	</row2>
			<row3>	0.4408 0.3935 3.5760 1.0000	</row3>
		</transform>
	</node>
	<node>
		<identifier>	MP_BM700_Locker_INDEX_1	</identifier>
		<parent>	Scene Root	</parent>
		<transform>
			<row0>	0.0000 0.0000 0.7190 0.0000	</row0>
			<row1>	0.0000 1.0000 0.0000 0.0000	</row1>
			<row2>	-0.9711 0.0000 0.0000 0.0000	</row2>
			<row3>	-0.0655 0.5621 3.2163 1.0000	</row3>
		</transform>
	</node>
	<node>
		<identifier>	MP_BM700_Locker_INDEX_2	</identifier>
		<parent>	Scene Root	</parent>
		<transform>
			<row0>	0.5811 -0.0084 -0.4232 0.0000	</row0>
			<row1>	0.0005 0.9998 -0.0193 0.0000	</row1>
			<row2>	0.5718 0.0149 0.7848 0.0000	</row2>
			<row3>	-0.4408 0.3935 3.5760 1.0000	</row3>
		</transform>
	</node>
	<node>
		<identifier>	MP_BM700_Locker_INDEX_3	</identifier>
		<parent>	Scene Root	</parent>
		<transform>
			<row0>	0.0000 0.0000 0.5872 0.0000	</row0>
			<row1>	0.0000 0.5872 0.0000 0.0000	</row1>
			<row2>	-0.5872 0.0000 0.0000 0.0000	</row2>
			<row3>	-0.0141 1.0649 2.9158 1.0000	</row3>
		</transform>
	</node>
	<node>
		<identifier>	MP_BM702_Flag_box	</identifier>
		<parent>	Scene Root	</parent>
		<transform>
			<row0>	1.1607 0.0000 0.0000 0.0000	</row0>
			<row1>	0.0000 1.1607 0.0000 0.0000	</row1>
			<row2>	0.0000 0.0000 1.1607 0.0000	</row2>
			<row3>	0.1858 1.0678 1.7883 1.0000	</row3>
		</transform>
	</node>
	<node>
		<identifier>	MP_BM702_Flag_box_INDEX_1	</identifier>
		<parent>	Scene Root	</parent>
		<transform>
			<row0>	1.1607 0.0000 0.0000 0.0000	</row0>
			<row1>	0.0000 1.1607 0.0000 0.0000	</row1>
			<row2>	0.0000 0.0000 1.1607 0.0000	</row2>
			<row3>	-0.1858 1.0678 1.7883 1.0000	</row3>
		</transform>
	</node>
	<node>
		<identifier>	MP_BM704_Locker	</identifier>
		<parent>	Scene Root	</parent>
		<transform>
			<row0>	0.0000 0.0000 -1.0000 0.0000	</row0>
			<row1>	0.0000 1.0000 0.0000 0.0000	</row1>
			<row2>	1.0000 0.0000 0.0000 0.0000	</row2>
			<row3>	-0.0718 1.0648 2.9986 1.0000	</row3>
		</transform>
	</node>
	<node>
		<identifier>	MP_BM707_Locker	</identifier>
		<parent>	Scene Root	</parent>
		<transform>
			<row0>	0.0000 0.0000 0.8360 0.0000	</row0>
			<row1>	0.0000 1.0000 0.0000 0.0000	</row1>
			<row2>	-1.0000 0.0000 0.0000 0.0000	</row2>
			<row3>	0.3097 0.7800 2.5678 1.0000	</row3>
		</transform>
	</node>
	<node>
		<identifier>	MP_BM707_Locker_INDEX_1	</identifier>
		<parent>	Scene Root	</parent>
		<transform>
			<row0>	0.0000 0.0000 0.8360 0.0000	</row0>
			<row1>	0.0000 1.0000 0.0000 0.0000	</row1>
			<row2>	-1.0000 0.0000 0.0000 0.0000	</row2>
			<row3>	0.3097 0.7800 2.1052 1.0000	</row3>
		</transform>
	</node>
	<node>
		<identifier>	MP_BM707_Locker_INDEX_10	</identifier>
		<parent>	Scene Root	</parent>
		<transform>
			<row0>	0.0000 0.0000 0.8360 0.0000	</row0>
			<row1>	0.0000 1.0000 0.0000 0.0000	</row1>
			<row2>	-1.0000 0.0000 0.0000 0.0000	</row2>
			<row3>	0.3097 0.7268 2.6483 1.0000	</row3>
		</transform>
	</node>
	<node>
		<identifier>	MP_BM707_Locker_INDEX_11	</identifier>
		<parent>	Scene Root	</parent>
		<transform>
			<row0>	0.0000 0.0000 -0.8360 0.0000	</row0>
			<row1>	0.0000 1.0000 0.0000 0.0000	</row1>
			<row2>	1.0000 0.0000 0.0000 0.0000	</row2>
			<row3>	-0.3097 0.7800 2.4080 1.0000	</row3>
		</transform>
	</node>
	<node>
		<identifier>	MP_BM707_Locker_INDEX_12	</identifier>
		<parent>	Scene Root	</parent>
		<transform>
			<row0>	0.0000 0.0000 0.8360 0.0000	</row0>
			<row1>	0.0000 1.0000 0.0000 0.0000	</row1>
			<row2>	-1.0000 0.0000 0.0000 0.0000	</row2>
			<row3>	0.3097 0.7800 2.4941 1.0000	</row3>
		</transform>
	</node>
	<node>
		<identifier>	MP_BM707_Locker_INDEX_13	</identifier>
		<parent>	Scene Root	</parent>
		<transform>
			<row0>	0.0000 0.0000 0.8360 0.0000	</row0>
			<row1>	0.0000 1.0000 0.0000 0.0000	</row1>
			<row2>	-1.0000 0.0000 0.0000 0.0000	</row2>
			<row3>	0.3097 0.7268 2.0403 1.0000	</row3>
		</transform>
	</node>
	<node>
		<identifier>	MP_BM707_Locker_INDEX_14	</identifier>
		<parent>	Scene Root	</parent>
		<transform>
			<row0>	0.0000 0.0000 -0.8360 0.0000	</row0>
			<row1>	0.0000 1.0000 0.0000 0.0000	</row1>
			<row2>	1.0000 0.0000 0.0000 0.0000	</row2>
			<row3>	-0.3097 0.7268 2.0487 1.0000	</row3>
		</transform>
	</node>
	<node>
		<identifier>	MP_BM707_Locker_INDEX_15	</identifier>
		<parent>	Scene Root	</parent>
		<transform>
			<row0>	-0.6852 0.0000 -0.7284 0.0000	</row0>
			<row1>	0.0000 1.0000 0.0000 0.0000	</row1>
			<row2>	0.7284 0.0000 -0.6852 0.0000	</row2>
			<row3>	-0.4611 0.5512 2.8670 1.0000	</row3>
		</transform>
	</node>
	<node>
		<identifier>	MP_BM707_Locker_INDEX_16	</identifier>
		<parent>	Scene Root	</parent>
		<transform>
			<row0>	0.0000 0.0000 -0.8360 0.0000	</row0>
			<row1>	0.0000 1.0000 0.0000 0.0000	</row1>
			<row2>	1.0000 0.0000 0.0000 0.0000	</row2>
			<row3>	-0.3097 0.7800 2.1206 1.0000	</row3>
		</transform>
	</node>
	<node>
		<identifier>	MP_BM707_Locker_INDEX_17	</identifier>
		<parent>	Scene Root	</parent>
		<transform>
			<row0>	0.0000 0.0000 0.8360 0.0000	</row0>
			<row1>	0.0000 1.0000 0.0000 0.0000	</row1>
			<row2>	-1.0000 0.0000 0.0000 0.0000	</row2>
			<row3>	0.3097 0.7800 2.6483 1.0000	</row3>
		</transform>
	</node>
	<node>
		<identifier>	MP_BM707_Locker_INDEX_18	</identifier>
		<parent>	Scene Root	</parent>
		<transform>
			<row0>	0.0000 0.0000 -0.8360 0.0000	</row0>
			<row1>	0.0000 1.0000 0.0000 0.0000	</row1>
			<row2>	1.0000 0.0000 0.0000 0.0000	</row2>
			<row3>	-0.3097 0.7268 2.4080 1.0000	</row3>
		</transform>
	</node>
	<node>
		<identifier>	MP_BM707_Locker_INDEX_19	</identifier>
		<parent>	Scene Root	</parent>
		<transform>
			<row0>	0.0000 0.0000 -0.8360 0.0000	</row0>
			<row1>	0.0000 1.0000 0.0000 0.0000	</row1>
			<row2>	1.0000 0.0000 0.0000 0.0000	</row2>
			<row3>	-0.3097 0.7268 2.1206 1.0000	</row3>
		</transform>
	</node>
	<node>
		<identifier>	MP_BM707_Locker_INDEX_2	</identifier>
		<parent>	Scene Root	</parent>
		<transform>
			<row0>	0.0000 0.0000 -0.8360 0.0000	</row0>
			<row1>	0.0000 1.0000 0.0000 0.0000	</row1>
			<row2>	1.0000 0.0000 0.0000 0.0000	</row2>
