<BSC302_Aberdeen_1963_MidBack.skel_ext>
	<exported>	true	</exported>
	<node>
		<identifier>	MP_BM004_Reels	</identifier>
		<parent>	Scene Root	</parent>
		<transform>
			<row0>	0.8593 0.0000 1.0481 0.0000	</row0>
			<row1>	0.0000 1.3553 0.0000 0.0000	</row1>
			<row2>	-1.0481 0.0000 0.8593 0.0000	</row2>
			<row3>	0.2207 0.3992 -3.5526 1.0000	</row3>
		</transform>
	</node>
	<node>
		<identifier>	MP_BM004_Reels_INDEX_1	</identifier>
		<parent>	Scene Root	</parent>
		<transform>
			<row0>	-1.2016 0.0000 0.0000 0.0000	</row0>
			<row1>	0.0000 1.2016 0.0000 0.0000	</row1>
			<row2>	0.0000 0.0000 -1.2016 0.0000	</row2>
			<row3>	0.4816 0.5496 -1.9815 1.0000	</row3>
		</transform>
	</node>
	<node>
		<identifier>	MP_BM004_Reels_INDEX_2	</identifier>
		<parent>	Scene Root	</parent>
		<transform>
			<row0>	-1.2016 0.0000 0.0000 0.0000	</row0>
			<row1>	0.0000 1.2016 0.0000 0.0000	</row1>
			<row2>	0.0000 0.0000 -1.2016 0.0000	</row2>
			<row3>	-0.4816 0.5496 -1.9815 1.0000	</row3>
		</transform>
	</node>
	<node>
		<identifier>	MP_BM004_Reels_INDEX_3	</identifier>
		<parent>	Scene Root	</parent>
		<transform>
			<row0>	0.0000 0.0000 0.8257 0.0000	</row0>
			<row1>	0.0000 0.8257 0.0000 0.0000	</row1>
			<row2>	-0.8257 0.0000 0.0000 0.0000	</row2>
			<row3>	0.4082 0.6098 -0.3146 1.0000	</row3>
		</transform>
	</node>
	<node>
		<identifier>	MP_BM004_Reels_INDEX_4	</identifier>
		<parent>	Scene Root	</parent>
		<transform>
			<row0>	0.8593 0.0000 -1.0481 0.0000	</row0>
			<row1>	0.0000 1.3553 0.0000 0.0000	</row1>
			<row2>	1.0481 0.0000 0.8593 0.0000	</row2>
			<row3>	-0.2207 0.3992 -3.5526 1.0000	</row3>
		</transform>
	</node>
	<node>
		<identifier>	MP_BM004_Reels_INDEX_5	</identifier>
		<parent>	Scene Root	</parent>
		<transform>
			<row0>	-1.2016 0.0000 0.0000 0.0000	</row0>
			<row1>	0.0000 1.2016 0.0000 0.0000	</row1>
			<row2>	0.0000 0.0000 -1.2016 0.0000	</row2>
			<row3>	-0.3848 0.6075 -0.2810 1.0000	</row3>
		</transform>
	</node>
	<node>
		<identifier>	MP_BM004_Reels_INDEX_6	</identifier>
		<parent>	Scene Root	</parent>
		<transform>
			<row0>	0.0000 0.0000 -1.2016 0.0000	</row0>
			<row1>	0.0000 1.2016 0.0000 0.0000	</row1>
			<row2>	1.2016 0.0000 0.0000 0.0000	</row2>
			<row3>	-0.4328 0.5496 -1.8905 1.0000	</row3>
		</transform>
	</node>
	<node>
		<identifier>	MP_BM004_Reels_INDEX_7	</identifier>
		<parent>	Scene Root	</parent>
		<transform>
			<row0>	0.0000 0.0000 1.2016 0.0000	</row0>
			<row1>	0.0000 1.2016 0.0000 0.0000	</row1>
			<row2>	-1.2016 0.0000 0.0000 0.0000	</row2>
			<row3>	0.4328 0.5496 -1.8905 1.0000	</row3>
		</transform>
	</node>
	<node>
		<identifier>	MP_BM035_Motor_for_Oerlikon	</identifier>
		<parent>	Scene Root	</parent>
		<transform>
			<row0>	1.0000 0.0000 0.0000 0.0000	</row0>
			<row1>	0.0000 1.0000 0.0000 0.0000	</row1>
			<row2>	0.0000 0.0000 1.0000 0.0000	</row2>
			<row3>	0.4467 0.3855 -0.5750 1.0000	</row3>
		</transform>
	</node>
	<node>
		<identifier>	MP_BM035_Motor_for_Oerlikon_INDEX_1	</identifier>
		<parent>	Scene Root	</parent>
		<transform>
			<row0>	-1.0000 0.0000 0.0000 0.0000	</row0>
			<row1>	0.0000 1.0000 0.0000 0.0000	</row1>
			<row2>	0.0000 0.0000 -1.0000 0.0000	</row2>
			<row3>	-0.4586 0.3855 -0.5750 1.0000	</row3>
		</transform>
	</node>
	<node>
		<identifier>	MP_BM035_Motor_for_Oerlikon_INDEX_2	</identifier>
		<parent>	Scene Root	</parent>
		<transform>
			<row0>	1.0000 0.0000 0.0000 0.0000	</row0>
			<row1>	0.0000 1.0000 0.0000 0.0000	</row1>
			<row2>	0.0000 0.0000 1.0000 0.0000	</row2>
			<row3>	0.1003 0.7407 -2.0338 1.0000	</row3>
		</transform>
	</node>
	<node>
		<identifier>	MP_BM035_Motor_for_Oerlikon_INDEX_3	</identifier>
		<parent>	Scene Root	</parent>
		<transform>
			<row0>	-1.0000 0.0000 0.0000 0.0000	</row0>
			<row1>	0.0000 1.0000 0.0000 0.0000	</row1>
			<row2>	0.0000 0.0000 -1.0000 0.0000	</row2>
			<row3>	-0.1049 0.7407 -2.0338 1.0000	</row3>
		</transform>
	</node>
	<node>
		<identifier>	MP_BM035_Motor_for_Oerlikon_INDEX_4	</identifier>
		<parent>	Scene Root	</parent>
		<transform>
			<row0>	-1.0000 0.0000 0.0000 0.0000	</row0>
			<row1>	0.0000 1.0000 0.0000 0.0000	</row1>
			<row2>	0.0000 0.0000 -1.0000 0.0000	</row2>
			<row3>	-0.2055 0.7407 -2.1940 1.0000	</row3>
		</transform>
	</node>
	<node>
		<identifier>	MP_BM035_Motor_for_Oerlikon_INDEX_5	</identifier>
		<parent>	Scene Root	</parent>
		<transform>
			<row0>	1.0000 0.0000 0.0000 0.0000	</row0>
			<row1>	0.0000 1.0000 0.0000 0.0000	</row1>
			<row2>	0.0000 0.0000 1.0000 0.0000	</row2>
			<row3>	0.2029 0.7407 -2.1965 1.0000	</row3>
		</transform>
	</node>
	<node>
		<identifier>	MP_BM5022_Aberdeen_crest	</identifier>
		<parent>	Scene Root	</parent>
		<transform>
			<row0>	-0.3048 0.0000 0.3963 0.0000	</row0>
			<row1>	0.0000 0.5000 0.0000 0.0000	</row1>
			<row2>	-0.3963 0.0000 -0.3048 0.0000	</row2>
			<row3>	-0.1942 0.3630 -4.1813 1.0000	</row3>
		</transform>
	</node>
	<node>
		<identifier>	MP_BM5025_Aberdeen_Battle_Honours	</identifier>
		<parent>	Scene Root	</parent>
		<transform>
			<row0>	-0.6706 0.0000 0.8719 0.0000	</row0>
			<row1>	0.0000 1.1000 0.0000 0.0000	</row1>
			<row2>	-0.8719 0.0000 -0.6706 0.0000	</row2>
			<row3>	-0.1897 0.3376 -4.1779 1.0000	</row3>
		</transform>
	</node>
	<node>
		<identifier>	MP_BM5026_Aberdeen_Wooden_Plate	</identifier>
		<parent>	Scene Root	</parent>
		<transform>
			<row0>	-0.0396 0.0000 0.9992 0.0000	</row0>
			<row1>	0.0000 1.0000 0.0000 0.0000	</row1>
			<row2>	-0.9992 0.0000 -0.0396 0.0000	</row2>
			<row3>	-0.3847 0.3282 -3.5887 1.0000	</row3>
		</transform>
	</node>
	<node>
		<identifier>	MP_BM5026_Aberdeen_Wooden_Plate_INDEX_1	</identifier>
		<parent>	Scene Root	</parent>
		<transform>
			<row0>	-0.0396 0.0000 -0.9992 0.0000	</row0>
			<row1>	0.0000 1.0000 0.0000 0.0000	</row1>
			<row2>	0.9992 0.0000 -0.0396 0.0000	</row2>
			<row3>	0.3847 0.3282 -3.5887 1.0000	</row3>
		</transform>
	</node>
	<node>
		<identifier>	MP_BM520_Sailng_Dinghy_14ft	</identifier>
		<parent>	Scene Root	</parent>
		<transform>
			<row0>	1.0000 0.0000 0.0000 0.0000	</row0>
			<row1>	0.0000 1.0000 0.0000 0.0000	</row1>
			<row2>	0.0000 0.0000 1.0000 0.0000	</row2>
			<row3>	0.0000 0.5731 0.9158 1.0000	</row3>
		</transform>
	</node>
	<node>
		<identifier>	MP_BM520_Sailng_Dinghy_14ft_INDEX_1	</identifier>
		<parent>	Scene Root	</parent>
		<transform>
			<row0>	-1.0000 0.0000 0.0000 0.0000	</row0>
			<row1>	0.0000 1.0000 0.0000 0.0000	</row1>
			<row2>	0.0000 0.0000 -1.0000 0.0000	</row2>
			<row3>	0.0000 0.5731 0.6282 1.0000	</row3>
		</transform>
	</node>
	<node>
		<identifier>	MP_BM521_Motor_Cutter_35ft	</identifier>
		<parent>	Scene Root	</parent>
		<transform>
			<row0>	1.0000 0.0000 0.0000 0.0000	</row0>
			<row1>	0.0000 1.0000 0.0000 0.0000	</row1>
			<row2>	0.0000 0.0000 1.0000 0.0000	</row2>
			<row3>	0.1734 0.5892 0.7893 1.0000	</row3>
		</transform>
	</node>
	<node>
		<identifier>	MP_BM521_Motor_Cutter_35ft_INDEX_1	</identifier>
		<parent>	Scene Root	</parent>
		<transform>
			<row0>	1.0000 0.0000 0.0000 0.0000	</row0>
			<row1>	0.0000 1.0000 0.0000 0.0000	</row1>
			<row2>	0.0000 0.0000 1.0000 0.0000	</row2>
			<row3>	-0.1734 0.5892 0.7893 1.0000	</row3>
		</transform>
	</node>
	<node>
		<identifier>	MP_BM608_Compass_repeater	</identifier>
		<parent>	Scene Root	</parent>
		<transform>
			<row0>	0.0000 0.0000 1.0000 0.0000	</row0>
			<row1>	0.0000 1.0000 0.0000 0.0000	</row1>
			<row2>	-1.0000 0.0000 0.0000 0.0000	</row2>
			<row3>	0.1206 0.9594 -2.4004 1.0000	</row3>
		</transform>
	</node>
	<node>
		<identifier>	MP_BM609_Speaker	</identifier>
		<parent>	Scene Root	</parent>
		<transform>
			<row0>	1.0000 0.0000 0.0000 0.0000	</row0>
			<row1>	0.0000 1.0000 0.0000 0.0000	</row1>
			<row2>	0.0000 0.0000 1.0000 0.0000	</row2>
			<row3>	-0.3157 0.5638 -0.9681 1.0000	</row3>
		</transform>
	</node>
	<node>
		<identifier>	MP_BM609_Speaker_INDEX_1	</identifier>
		<parent>	Scene Root	</parent>
		<transform>
			<row0>	0.0000 0.0000 1.0000 0.0000	</row0>
			<row1>	0.0000 1.0000 0.0000 0.0000	</row1>
			<row2>	-1.0000 0.0000 0.0000 0.0000	</row2>
			<row3>	-0.0952 0.7155 -0.5816 1.0000	</row3>
		</transform>
	</node>
	<node>
		<identifier>	MP_BM609_Speaker_INDEX_10	</identifier>
		<parent>	Scene Root	</parent>
		<transform>
			<row0>	1.0000 0.0000 0.0000 0.0000	</row0>
			<row1>	0.0000 1.0000 0.0000 0.0000	</row1>
			<row2>	0.0000 0.0000 1.0000 0.0000	</row2>
			<row3>	-0.2106 0.5398 -0.0479 1.0000	</row3>
		</transform>
	</node>
	<node>
		<identifier>	MP_BM609_Speaker_INDEX_11	</identifier>
		<parent>	Scene Root	</parent>
		<transform>
			<row0>	0.8187 0.0000 0.5742 0.0000	</row0>
			<row1>	0.0000 1.0000 0.0000 0.0000	</row1>
			<row2>	-0.5742 0.0000 0.8187 0.0000	</row2>
			<row3>	-0.1021 0.8785 -2.3761 1.0000	</row3>
		</transform>
	</node>
	<node>
		<identifier>	MP_BM609_Speaker_INDEX_12	</identifier>
		<parent>	Scene Root	</parent>
		<transform>
			<row0>	-0.0402 0.0000 0.9992 0.0000	</row0>
			<row1>	0.0000 1.0000 0.0000 0.0000	</row1>
			<row2>	-0.9992 0.0000 -0.0402 0.0000	</row2>
			<row3>	-0.4159 0.3803 -2.8199 1.0000	</row3>
		</transform>
	</node>
	<node>
		<identifier>	MP_BM609_Speaker_INDEX_13	</identifier>
		<parent>	Scene Root	</parent>
		<transform>
			<row0>	-0.6547 0.0000 0.7559 0.0000	</row0>
			<row1>	0.0000 1.0000 0.0000 0.0000	</row1>
			<row2>	-0.7559 0.0000 -0.6547 0.0000	</row2>
			<row3>	-0.2577 0.5431 -1.2350 1.0000	</row3>
		</transform>
	</node>
	<node>
		<identifier>	MP_BM609_Speaker_INDEX_14	</identifier>
		<parent>	Scene Root	</parent>
		<transform>
			<row0>	-0.6547 0.0000 -0.7559 0.0000	</row0>
			<row1>	0.0000 1.0000 0.0000 0.0000	</row1>
			<row2>	0.7559 0.0000 -0.6547 0.0000	</row2>
			<row3>	0.2577 0.5434 -1.2350 1.0000	</row3>
		</transform>
	</node>
	<node>
		<identifier>	MP_BM609_Speaker_INDEX_15	</identifier>
		<parent>	Scene Root	</parent>
		<transform>
			<row0>	0.2868 0.0000 0.9580 0.0000	</row0>
			<row1>	0.0000 1.0000 0.0000 0.0000	</row1>
			<row2>	-0.9580 0.0000 0.2868 0.0000	</row2>
			<row3>	-0.2331 0.3417 -0.5941 1.0000	</row3>
		</transform>
	</node>
	<node>
		<identifier>	MP_BM609_Speaker_INDEX_16	</identifier>
		<parent>	Scene Root	</parent>
		<transform>
			<row0>	0.2868 0.0000 -0.9580 0.0000	</row0>
			<row1>	0.0000 1.0000 0.0000 0.0000	</row1>
			<row2>	0.9580 0.0000 0.2868 0.0000	</row2>
			<row3>	0.2356 0.3415 -0.6028 1.0000	</row3>
		</transform>
	</node>
	<node>
		<identifier>	MP_BM609_Speaker_INDEX_17	</identifier>
		<parent>	Scene Root	</parent>
		<transform>
			<row0>	1.0000 0.0000 0.0000 0.0000	</row0>
			<row1>	0.0000 1.0000 0.0000 0.0000	</row1>
			<row2>	0.0000 0.0000 1.0000 0.0000	</row2>
			<row3>	0.3158 0.5638 -0.9681 1.0000	</row3>
		</transform>
	</node>
	<node>
		<identifier>	MP_BM609_Speaker_INDEX_18	</identifier>
		<parent>	Scene Root	</parent>
		<transform>
			<row0>	-1.0000 0.0000 0.0000 0.0000	</row0>
			<row1>	0.0000 1.0000 0.0000 0.0000	</row1>
			<row2>	0.0000 0.0000 -1.0000 0.0000	</row2>
			<row3>	0.2680 0.6806 -1.9879 1.0000	</row3>
		</transform>
	</node>
	<node>
		<identifier>	MP_BM609_Speaker_INDEX_19	</identifier>
		<parent>	Scene Root	</parent>
		<transform>
			<row0>	1.0000 0.0000 0.0000 0.0000	</row0>
			<row1>	0.0000 1.0000 0.0000 0.0000	</row1>
			<row2>	0.0000 0.0000 1.0000 0.0000	</row2>
			<row3>	-0.0282 0.6995 -1.1465 1.0000	</row3>
		</transform>
	</node>
	<node>
		<identifier>	MP_BM609_Speaker_INDEX_2	</identifier>
		<parent>	Scene Root	</parent>
		<transform>
			<row0>	-0.0402 0.0000 0.9992 0.0000	</row0>
			<row1>	0.0000 1.0000 0.0000 0.0000	</row1>
			<row2>	-0.9992 0.0000 -0.0402 0.0000	</row2>
			<row3>	-0.3877 0.3670 -3.5218 1.0000	</row3>
		</transform>
	</node>
	<node>
		<identifier>	MP_BM609_Speaker_INDEX_20	</identifier>
		<parent>	Scene Root	</parent>
		<transform>
			<row0>	0.6552 0.0000 -0.7555 0.0000	</row0>
			<row1>	0.0000 1.0000 0.0000 0.0000	</row1>
			<row2>	0.7555 0.0000 0.6552 0.0000	</row2>
			<row3>	0.2391 0.5140 -1.9481 1.0000	</row3>
		</transform>
	</node>
	<node>
		<identifier>	MP_BM609_Speaker_INDEX_21	</identifier>
		<parent>	Scene Root	</parent>
		<transform>
			<row0>	-0.0402 0.0000 -0.9992 0.0000	</row0>
			<row1>	0.0000 1.0000 0.0000 0.0000	</row1>
			<row2>	0.9992 0.0000 -0.0402 0.0000	</row2>
			<row3>	0.3854 0.3658 -3.5826 1.0000	</row3>
		</transform>
	</node>
	<node>
		<identifier>	MP_BM609_Speaker_INDEX_22	</identifier>
		<parent>	Scene Root	</parent>
		<transform>
			<row0>	-0.0402 0.0000 -0.9992 0.0000	</row0>
			<row1>	0.0000 1.0000 0.0000 0.0000	</row1>
			<row2>	0.9992 0.0000 -0.0402 0.0000	</row2>
			<row3>	0.4184 0.3559 -2.7594 1.0000	</row3>
		</transform>
	</node>
	<node>
		<identifier>	MP_BM609_Speaker_INDEX_23	</identifier>
		<parent>	Scene Root	</parent>
		<transform>
			<row0>	-0.6424 0.0000 -0.7664 0.0000	</row0>
			<row1>	0.0000 1.0000 0.0000 0.0000	</row1>
			<row2>	0.7664 0.0000 -0.6424 0.0000	</row2>
			<row3>	0.2646 0.5287 -3.4362 1.0000	</row3>
		</transform>
	</node>
	<node>
		<identifier>	MP_BM609_Speaker_INDEX_24	</identifier>
		<parent>	Scene Root	</parent>
		<transform>
			<row0>	-0.6424 0.0000 0.7664 0.0000	</row0>
			<row1>	0.0000 1.0000 0.0000 0.0000	</row1>
			<row2>	-0.7664 0.0000 -0.6424 0.0000	</row2>
			<row3>	-0.2181 0.5287 -3.4899 1.0000	</row3>
		</transform>
	</node>
	<node>
		<identifier>	MP_BM609_Speaker_INDEX_25	</identifier>
		<parent>	Scene Root	</parent>
		<transform>
			<row0>	0.0000 0.0000 1.0000 0.0000	</row0>
			<row1>	0.0000 1.0000 0.0000 0.0000	</row1>
			<row2>	-1.0000 0.0000 0.0000 0.0000	</row2>
			<row3>	-0.2427 0.6955 -2.5357 1.0000	</row3>
		</transform>
	</node>
	<node>
		<identifier>	MP_BM609_Speaker_INDEX_3	</identifier>
		<parent>	Scene Root	</parent>
		<transform>
			<row0>	0.6551 0.0000 -0.7555 0.0000	</row0>
			<row1>	0.0000 1.0000 0.0000 0.0000	</row1>
			<row2>	0.7555 0.0000 0.6551 0.0000	</row2>
			<row3>	0.1958 0.5391 -0.0161 1.0000	</row3>
		</transform>
	</node>
	<node>
		<identifier>	MP_BM609_Speaker_INDEX_4	</identifier>
		<parent>	Scene Root	</parent>
		<transform>
			<row0>	0.6552 0.0000 0.7555 0.0000	</row0>
			<row1>	0.0000 1.0000 0.0000 0.0000	</row1>
			<row2>	-0.7555 0.0000 0.6552 0.0000	</row2>
			<row3>	-0.2390 0.5141 -1.9475 1.0000	</row3>
		</transform>
	</node>
	<node>
		<identifier>	MP_BM609_Speaker_INDEX_5	</identifier>
		<parent>	Scene Root	</parent>
		<transform>
			<row0>	-1.0000 0.0000 0.0000 0.0000	</row0>
			<row1>	0.0000 1.0000 0.0000 0.0000	</row1>
			<row2>	0.0000 0.0000 -1.0000 0.0000	</row2>
			<row3>	-0.2680 0.6804 -1.9879 1.0000	</row3>
		</transform>
	</node>
	<node>
		<identifier>	MP_BM609_Speaker_INDEX_6	</identifier>
		<parent>	Scene Root	</parent>
		<transform>
			<row0>	0.0000 0.0000 -1.0000 0.0000	</row0>
			<row1>	0.0000 1.0000 0.0000 0.0000	</row1>
			<row2>	1.0000 0.0000 0.0000 0.0000	</row2>
			<row3>	0.0952 0.7154 -0.5816 1.0000	</row3>
		</transform>
	</node>
	<node>
		<identifier>	MP_BM609_Speaker_INDEX_7	</identifier>
		<parent>	Scene Root	</parent>
		<transform>
			<row0>	0.8187 0.0000 -0.5742 0.0000	</row0>
			<row1>	0.0000 1.0000 0.0000 0.0000	</row1>
			<row2>	0.5742 0.0000 0.8187 0.0000	</row2>
			<row3>	0.1021 0.8788 -2.3761 1.0000	</row3>
		</transform>
	</node>
	<node>
		<identifier>	MP_BM609_Speaker_INDEX_8	</identifier>
		<parent>	Scene Root	</parent>
		<transform>
			<row0>	0.0000 0.0000 -1.0000 0.0000	</row0>
			<row1>	0.0000 1.0000 0.0000 0.0000	</row1>
			<row2>	1.0000 0.0000 0.0000 0.0000	</row2>
			<row3>	0.2427 0.6957 -2.5678 1.0000	</row3>
		</transform>
	</node>
	<node>
		<identifier>	MP_BM609_Speaker_INDEX_9	</identifier>
		<parent>	Scene Root	</parent>
		<transform>
			<row0>	-0.9965 0.0000 -0.0838 0.0000	</row0>
			<row1>	0.0000 1.0000 0.0000 0.0000	</row1>
			<row2>	0.0838 0.0000 -0.9965 0.0000	</row2>
			<row3>	0.0396 0.3832 -4.2696 1.0000	</row3>
		</transform>
	</node>
	<node>
		<identifier>	MP_BM612_Switch_Panel	</identifier>
		<parent>	Scene Root	</parent>
		<transform>
			<row0>	0.8141 0.0000 0.5807 0.0000	</row0>
			<row1>	0.0000 1.0000 0.0000 0.0000	</row1>
			<row2>	-0.5807 0.0000 0.8141 0.0000	</row2>
			<row3>	-0.0602 0.9323 -2.3469 1.0000	</row3>
		</transform>
	</node>
	<node>
		<identifier>	MP_BM612_Switch_Panel_INDEX_1	</identifier>
		<parent>	Scene Root	</parent>
		<transform>
			<row0>	-0.6480 0.0000 0.7616 0.0000	</row0>
			<row1>	0.0000 1.0000 0.0000 0.0000	</row1>
			<row2>	-0.7616 0.0000 -0.6480 0.0000	</row2>
			<row3>	-0.1296 0.7805 -2.9377 1.0000	</row3>
		</transform>
	</node>
	<node>
		<identifier>	MP_BM613_Switch_Panel	</identifier>
		<parent>	Scene Root	</parent>
		<transform>
			<row0>	-0.6481 0.0000 0.7616 0.0000	</row0>
			<row1>	0.0000 1.0000 0.0000 0.0000	</row1>
			<row2>	-0.7616 0.0000 -0.6481 0.0000	</row2>
			<row3>	-0.1610 0.7856 -2.9010 1.0000	</row3>
		</transform>
	</node>
	<node>
		<identifier>	MP_BM614_Switch_box	</identifier>
		<parent>	Scene Root	</parent>
		<transform>
			<row0>	0.0000 0.0000 1.0000 0.0000	</row0>
			<row1>	0.0000 1.0000 0.0000 0.0000	</row1>
			<row2>	-1.0000 0.0000 0.0000 0.0000	</row2>
			<row3>	0.2399 0.7848 -2.7285 1.0000	</row3>
		</transform>
	</node>
	<node>
		<identifier>	MP_BM614_Switch_box_INDEX_1	</identifier>
		<parent>	Scene Root	</parent>
		<transform>
			<row0>	0.0000 0.0000 -1.0000 0.0000	</row0>
			<row1>	0.0000 1.0000 0.0000 0.0000	</row1>
			<row2>	1.0000 0.0000 0.0000 0.0000	</row2>
			<row3>	-0.2397 0.7848 -2.7285 1.0000	</row3>
		</transform>
	</node>
	<node>
		<identifier>	MP_BM615_Director_Station	</identifier>
		<parent>	Scene Root	</parent>
		<transform>
			<row0>	-0.8153 0.0000 0.5790 0.0000	</row0>
			<row1>	0.0000 1.0000 0.0000 0.0000	</row1>
			<row2>	-0.5790 0.0000 -0.8153 0.0000	</row2>
			<row3>	-0.0757 0.9709 -2.4810 1.0000	</row3>
		</transform>
	</node>
	<node>
		<identifier>	MP_BM625_Telephone	</identifier>
		<parent>	Scene Root	</parent>
		<transform>
			<row0>	-0.6606 0.0000 -0.7507 0.0000	</row0>
			<row1>	0.0000 1.0000 0.0000 0.0000	</row1>
			<row2>	0.7507 0.0000 -0.6606 0.0000	</row2>
			<row3>	-0.1129 0.6505 -1.2166 1.0000	</row3>
		</transform>
	</node>
	<node>
		<identifier>	MP_BM625_Telephone_INDEX_1	</identifier>
		<parent>	Scene Root	</parent>
		<transform>
			<row0>	0.0000 0.0000 -1.0000 0.0000	</row0>
			<row1>	0.0000 1.0000 0.0000 0.0000	</row1>
			<row2>	1.0000 0.0000 0.0000 0.0000	</row2>
			<row3>	-0.2222 0.4549 -0.0841 1.0000	</row3>
		</transform>
	</node>
	<node>
		<identifier>	MP_BM625_Telephone_INDEX_10	</identifier>
		<parent>	Scene Root	</parent>
		<transform>
			<row0>	0.0000 0.0000 -1.0000 0.0000	</row0>
			<row1>	0.0000 1.0000 0.0000 0.0000	</row1>
			<row2>	1.0000 0.0000 0.0000 0.0000	</row2>
			<row3>	0.2397 0.7828 -2.5718 1.0000	</row3>
		</transform>
	</node>
	<node>
		<identifier>	MP_BM625_Telephone_INDEX_11	</identifier>
		<parent>	Scene Root	</parent>
		<transform>
			<row0>	0.0000 0.0000 -1.0000 0.0000	</row0>
			<row1>	0.0000 1.0000 0.0000 0.0000	</row1>
			<row2>	1.0000 0.0000 0.0000 0.0000	</row2>
			<row3>	-0.2640 0.4646 -1.0559 1.0000	</row3>
		</transform>
	</node>
	<node>
		<identifier>	MP_BM625_Telephone_INDEX_12	</identifier>
		<parent>	Scene Root	</parent>
		<transform>
			<row0>	-0.6606 0.0000 0.7507 0.0000	</row0>
			<row1>	0.0000 1.0000 0.0000 0.0000	</row1>
			<row2>	-0.7507 0.0000 -0.6606 0.0000	</row2>
			<row3>	0.1137 0.6511 -1.2178 1.0000	</row3>
		</transform>
	</node>
	<node>
		<identifier>	MP_BM625_Telephone_INDEX_13	</identifier>
		<parent>	Scene Root	</parent>
		<transform>
			<row0>	-0.6604 0.0000 0.7510 0.0000	</row0>
			<row1>	0.0000 1.0000 0.0000 0.0000	</row1>
			<row2>	-0.7510 0.0000 -0.6604 0.0000	</row2>
			<row3>	0.2154 0.4541 -0.0385 1.0000	</row3>
		</transform>
	</node>
	<node>
		<identifier>	MP_BM625_Telephone_INDEX_2	</identifier>
		<parent>	Scene Root	</parent>
		<transform>
			<row0>	-0.8708 0.0000 -0.4916 0.0000	</row0>
			<row1>	0.0000 1.0000 0.0000 0.0000	</row1>
			<row2>	0.4916 0.0000 -0.8708 0.0000	</row2>
			<row3>	0.0781 0.8120 -2.9925 1.0000	</row3>
		</transform>
	</node>
	<node>
		<identifier>	MP_BM625_Telephone_INDEX_3	</identifier>
		<parent>	Scene Root	</parent>
		<transform>
			<row0>	0.0000 0.0000 1.0000 0.0000	</row0>
			<row1>	0.0000 1.0000 0.0000 0.0000	</row1>
			<row2>	-1.0000 0.0000 0.0000 0.0000	</row2>
			<row3>	0.1389 0.6825 -0.4650 1.0000	</row3>
		</transform>
	</node>
	<node>
		<identifier>	MP_BM625_Telephone_INDEX_4	</identifier>
		<parent>	Scene Root	</parent>
		<transform>
			<row0>	-0.8708 0.0000 -0.4916 0.0000	</row0>
			<row1>	0.0000 1.0000 0.0000 0.0000	</row1>
			<row2>	0.4916 0.0000 -0.8708 0.0000	</row2>
			<row3>	0.0647 0.8121 -3.0002 1.0000	</row3>
		</transform>
	</node>
	<node>
		<identifier>	MP_BM625_Telephone_INDEX_5	</identifier>
		<parent>	Scene Root	</parent>
		<transform>
			<row0>	0.0000 0.0000 -1.0000 0.0000	</row0>
			<row1>	0.0000 1.0000 0.0000 0.0000	</row1>
			<row2>	1.0000 0.0000 0.0000 0.0000	</row2>
			<row3>	0.1218 0.9409 -2.4422 1.0000	</row3>
		</transform>
	</node>
	<node>
		<identifier>	MP_BM625_Telephone_INDEX_6	</identifier>
		<parent>	Scene Root	</parent>
		<transform>
			<row0>	0.0000 0.0000 1.0000 0.0000	</row0>
			<row1>	0.0000 1.0000 0.0000 0.0000	</row1>
			<row2>	-1.0000 0.0000 0.0000 0.0000	</row2>
			<row3>	-0.2397 0.7827 -2.5734 1.0000	</row3>
		</transform>
	</node>
	<node>
		<identifier>	MP_BM625_Telephone_INDEX_7	</identifier>
		<parent>	Scene Root	</parent>
		<transform>
			<row0>	0.0000 0.0000 1.0000 0.0000	</row0>
			<row1>	0.0000 1.0000 0.0000 0.0000	</row1>
			<row2>	-1.0000 0.0000 0.0000 0.0000	</row2>
			<row3>	-0.1218 0.9399 -2.4433 1.0000	</row3>
		</transform>
	</node>
	<node>
		<identifier>	MP_BM625_Telephone_INDEX_8	</identifier>
		<parent>	Scene Root	</parent>
		<transform>
			<row0>	0.0000 0.0000 1.0000 0.0000	</row0>
			<row1>	0.0000 1.0000 0.0000 0.0000	</row1>
			<row2>	-1.0000 0.0000 0.0000 0.0000	</row2>
			<row3>	0.2640 0.4642 -1.0556 1.0000	</row3>
		</transform>
	</node>
	<node>
		<identifier>	MP_BM625_Telephone_INDEX_9	</identifier>
		<parent>	Scene Root	</parent>
		<transform>
			<row0>	0.0000 0.0000 -1.0000 0.0000	</row0>
			<row1>	0.0000 1.0000 0.0000 0.0000	</row1>
			<row2>	1.0000 0.0000 0.0000 0.0000	</row2>
			<row3>	-0.1389 0.6821 -0.4654 1.0000	</row3>
		</transform>
	</node>
	<node>
		<identifier>	MP_BM626_Sky_Lookout_type274	</identifier>
		<parent>	Scene Root	</parent>
		<transform>
			<row0>	0.0000 0.0000 1.0000 0.0000	</row0>
			<row1>	0.0000 1.0000 0.0000 0.0000	</row1>
			<row2>	-1.0000 0.0000 0.0000 0.0000	</row2>
			<row3>	-0.1449 0.7404 -2.6112 1.0000	</row3>
		</transform>
	</node>
	<node>
		<identifier>	MP_BM626_Sky_Lookout_type274_INDEX_1	</identifier>
		<parent>	Scene Root	</parent>
		<transform>
			<row0>	0.0000 0.0000 -1.0000 0.0000	</row0>
			<row1>	0.0000 1.0000 0.0000 0.0000	</row1>
			<row2>	1.0000 0.0000 0.0000 0.0000	</row2>
			<row3>	0.1449 0.7404 -2.6112 1.0000	</row3>
		</transform>
	</node>
	<node>
		<identifier>	MP_BM700_Locker	</identifier>
		<parent>	Scene Root	</parent>
		<transform>
			<row0>	0.7190 0.0000 0.0000 0.0000	</row0>
			<row1>	0.0000 1.0000 0.0000 0.0000	</row1>
			<row2>	0.0000 0.0000 0.9711 0.0000	</row2>
			<row3>	0.3272 0.5525 -1.4781 1.0000	</row3>
		</transform>
	</node>
	<node>
		<identifier>	MP_BM700_Locker_INDEX_1	</identifier>
		<parent>	Scene Root	</parent>
		<transform>
			<row0>	0.5812 0.0000 0.4232 0.0000	</row0>
			<row1>	0.0000 1.2000 0.0000 0.0000	</row1>
			<row2>	-0.5717 0.0000 0.7850 0.0000	</row2>
			<row3>	0.3756 0.6138 -0.0865 1.0000	</row3>
		</transform>
	</node>
	<node>
		<identifier>	MP_BM700_Locker_INDEX_10	</identifier>
		<parent>	Scene Root	</parent>
		<transform>
			<row0>	0.7190 0.0000 0.0000 0.0000	</row0>
			<row1>	0.0000 1.0000 0.0000 0.0000	</row1>
			<row2>	0.0000 0.0000 0.9711 0.0000	</row2>
			<row3>	0.3481 0.5802 -0.8820 1.0000	</row3>
		</transform>
	</node>
	<node>
		<identifier>	MP_BM700_Locker_INDEX_2	</identifier>
		<parent>	Scene Root	</parent>
		<transform>
			<row0>	0.0000 0.0000 0.7190 0.0000	</row0>
			<row1>	0.0000 1.0000 0.0000 0.0000	</row1>
			<row2>	-0.8396 0.0000 0.0000 0.0000	</row2>
			<row3>	0.2113 0.5787 -1.2733 1.0000	</row3>
		</transform>
	</node>
	<node>
		<identifier>	MP_BM700_Locker_INDEX_3	</identifier>
		<parent>	Scene Root	</parent>
		<transform>
			<row0>	0.7190 0.0000 0.0000 0.0000	</row0>
			<row1>	0.0000 1.0000 0.0000 0.0000	</row1>
			<row2>	0.0000 0.0000 0.9711 0.0000	</row2>
			<row3>	0.1887 0.2195 -1.3499 1.0000	</row3>
		</transform>
	</node>
	<node>
		<identifier>	MP_BM700_Locker_INDEX_4	</identifier>
		<parent>	Scene Root	</parent>
		<transform>
			<row0>	0.7190 0.0000 0.0000 0.0000	</row0>
			<row1>	0.0000 1.0000 0.0000 0.0000	</row1>
			<row2>	0.0000 0.0000 0.9711 0.0000	</row2>
			<row3>	-0.3272 0.5525 -1.4781 1.0000	</row3>
		</transform>
	</node>
	<node>
		<identifier>	MP_BM700_Locker_INDEX_5	</identifier>
		<parent>	Scene Root	</parent>
		<transform>
			<row0>	0.0000 0.0000 0.7190 0.0000	</row0>
			<row1>	0.0000 1.0000 0.0000 0.0000	</row1>
			<row2>	-0.9711 0.0000 0.0000 0.0000	</row2>
			<row3>	-0.1138 0.3848 -1.7599 1.0000	</row3>
		</transform>
	</node>
	<node>
		<identifier>	MP_BM700_Locker_INDEX_6	</identifier>
		<parent>	Scene Root	</parent>
		<transform>
			<row0>	0.7190 0.0000 0.0000 0.0000	</row0>
			<row1>	0.0000 1.0000 0.0000 0.0000	</row1>
			<row2>	0.0000 0.0000 0.9711 0.0000	</row2>
			<row3>	-0.3515 0.5809 -0.8820 1.0000	</row3>
		</transform>
	</node>
	<node>
		<identifier>	MP_BM700_Locker_INDEX_7	</identifier>
		<parent>	Scene Root	</parent>
		<transform>
			<row0>	0.5483 0.0000 -0.4650 0.0000	</row0>
			<row1>	0.0000 1.0000 0.0000 0.0000	</row1>
			<row2>	0.6281 0.0000 0.7406 0.0000	</row2>
			<row3>	-0.3496 0.2180 -2.0318 1.0000	</row3>
		</transform>
	</node>
	<node>
		<identifier>	MP_BM700_Locker_INDEX_8	</identifier>
		<parent>	Scene Root	</parent>
		<transform>
			<row0>	0.5483 0.0000 0.4650 0.0000	</row0>
			<row1>	0.0000 1.0000 0.0000 0.0000	</row1>
			<row2>	-0.6281 0.0000 0.7406 0.0000	</row2>
			<row3>	0.3515 0.2180 -2.0112 1.0000	</row3>
		</transform>
	</node>
	<node>
		<identifier>	MP_BM700_Locker_INDEX_9	</identifier>
		<parent>	Scene Root	</parent>
		<transform>
			<row0>	0.0000 0.0000 -0.7190 0.0000	</row0>
			<row1>	0.0000 1.0000 0.0000 0.0000	</row1>
			<row2>	0.8396 0.0000 0.0000 0.0000	</row2>
			<row3>	-0.2113 0.5787 -1.2733 1.0000	</row3>
		</transform>
	</node>
	<node>
		<identifier>	MP_BM704_Locker	</identifier>
		<parent>	Scene Root	</parent>
		<transform>
			<row0>	0.6488 0.0000 0.7610 0.0000	</row0>
			<row1>	0.0000 1.0000 0.0000 0.0000	</row1>
			<row2>	-0.7610 0.0000 0.6488 0.0000	</row2>
			<row3>	0.1830 0.5640 -2.9006 1.0000	</row3>
		</transform>
	</node>
	<node>
		<identifier>	MP_BM704_Locker_INDEX_1	</identifier>
		<parent>	Scene Root	</parent>
		<transform>
			<row0>	0.6488 0.0000 -0.7610 0.0000	</row0>
			<row1>	0.0000 1.0000 0.0000 0.0000	</row1>
			<row2>	0.7610 0.0000 0.6488 0.0000	</row2>
			<row3>	-0.1650 0.5640 -2.9216 1.0000	</row3>
		</transform>
	</node>
	<node>
		<identifier>	MP_BM704_Locker_INDEX_2	</identifier>
		<parent>	Scene Root	</parent>
		<transform>
			<row0>	0.0000 0.0000 -1.4900 0.0000	</row0>
			<row1>	0.0000 1.2330 0.0000 0.0000	</row1>
			<row2>	1.2330 0.0000 0.0000 0.0000	</row2>
			<row3>	-0.1900 0.2183 -1.5651 1.0000	</row3>
		</transform>
	</node>
	<node>
		<identifier>	MP_BM704_Locker_INDEX_3	</identifier>
		<parent>	Scene Root	</parent>
		<transform>
			<row0>	0.6488 0.0000 0.7610 0.0000	</row0>
			<row1>	0.0000 1.0000 0.0000 0.0000	</row1>
			<row2>	-0.7610 0.0000 0.6488 0.0000	</row2>
			<row3>	0.1528 0.5640 -2.9359 1.0000	</row3>
		</transform>
	</node>
	<node>
		<identifier>	MP_BM704_Locker_INDEX_4	</identifier>
		<parent>	Scene Root	</parent>
		<transform>
			<row0>	0.0000 0.0000 1.4900 0.0000	</row0>
			<row1>	0.0000 1.2330 0.0000 0.0000	</row1>
			<row2>	-1.2330 0.0000 0.0000 0.0000	</row2>
			<row3>	0.1900 0.2183 -1.5651 1.0000	</row3>
		</transform>
	</node>
	<node>
		<identifier>	MP_BM704_Locker_INDEX_5	</identifier>
		<parent>	Scene Root	</parent>
		<transform>
			<row0>	0.6488 0.0000 -0.7610 0.0000	</row0>
			<row1>	0.0000 1.0000 0.0000 0.0000	</row1>
			<row2>	0.7610 0.0000 0.6488 0.0000	</row2>
			<row3>	-0.1951 0.5640 -2.8863 1.0000	</row3>
		</transform>
	</node>
	<node>
		<identifier>	MP_BM705_Ammunition_Box	</identifier>
		<parent>	Scene Root	</parent>
		<transform>
			<row0>	0.5462 0.0000 -0.8376 0.0000	</row0>
			<row1>	0.0000 1.0000 0.0000 0.0000	</row1>
			<row2>	0.8376 0.0000 0.5462 0.0000	</row2>
			<row3>	0.1499 0.2292 -4.2659 1.0000	</row3>
		</transform>
	</node>
	<node>
		<identifier>	MP_BM705_Ammunition_Box_INDEX_1	</identifier>
		<parent>	Scene Root	</parent>
		<transform>
			<row0>	0.7585 0.0000 -0.6517 0.0000	</row0>
			<row1>	0.0000 1.0000 0.0000 0.0000	</row1>
			<row2>	0.6517 0.0000 0.7585 0.0000	</row2>
			<row3>	0.2153 0.2292 -4.2059 1.0000	</row3>
		</transform>
	</node>
	<node>
		<identifier>	MP_BM705_Ammunition_Box_INDEX_2	</identifier>
		<parent>	Scene Root	</parent>
		<transform>
			<row0>	-0.5573 0.0000 -0.8303 0.0000	</row0>
			<row1>	0.0000 1.0000 0.0000 0.0000	</row1>
			<row2>	0.8303 0.0000 -0.5573 0.0000	</row2>
			<row3>	-0.1530 0.2297 -4.2655 1.0000	</row3>
		</transform>
	</node>
	<node>
		<identifier>	MP_BM705_Ammunition_Box_INDEX_3	</identifier>
		<parent>	Scene Root	</parent>
		<transform>
			<row0>	-0.7604 0.0000 -0.6494 0.0000	</row0>
			<row1>	0.0000 1.0000 0.0000 0.0000	</row1>
			<row2>	0.6494 0.0000 -0.7604 0.0000	</row2>
			<row3>	-0.2175 0.2292 -4.2057 1.0000	</row3>
		</transform>
	</node>
	<node>
		<identifier>	MP_BM707_Locker	</identifier>
		<parent>	Scene Root	</parent>
		<transform>
			<row0>	0.0000 0.0000 1.0000 0.0000	</row0>
			<row1>	0.0000 1.0000 0.0000 0.0000	</row1>
			<row2>	-1.0000 0.0000 0.0000 0.0000	</row2>
			<row3>	0.2830 0.3833 -1.1683 1.0000	</row3>
		</transform>
	</node>
	<node>
		<identifier>	MP_BM707_Locker_INDEX_1	</identifier>
		<parent>	Scene Root	</parent>
		<transform>
			<row0>	1.0000 0.0000 0.0000 0.0000	</row0>
			<row1>	0.0000 1.0000 0.0000 0.0000	</row1>
			<row2>	0.0000 0.0000 1.0000 0.0000	</row2>
			<row3>	0.0378 0.3828 -1.7623 1.0000	</row3>
		</transform>
	</node>
	<node>
		<identifier>	MP_BM707_Locker_INDEX_10	</identifier>
		<parent>	Scene Root	</parent>
		<transform>
			<row0>	1.0000 0.0000 0.0000 0.0000	</row0>
			<row1>	0.0000 1.0000 0.0000 0.0000	</row1>
			<row2>	0.0000 0.0000 1.0000 0.0000	</row2>
			<row3>	0.1173 0.3828 -1.7623 1.0000	</row3>
		</transform>
	</node>
	<node>
		<identifier>	MP_BM707_Locker_INDEX_11	</identifier>
		<parent>	Scene Root	</parent>
		<transform>
			<row0>	-0.6538 0.0000 -0.7567 0.0000	</row0>
			<row1>	0.0000 1.0000 0.0000 0.0000	</row1>
			<row2>	0.7567 0.0000 -0.6538 0.0000	</row2>
			<row3>	-0.4087 0.2163 -2.1159 1.0000	</row3>
		</transform>
	</node>
	<node>
		<identifier>	MP_BM707_Locker_INDEX_2	</identifier>
		<parent>	Scene Root	</parent>
		<transform>
			<row0>	-0.0426 0.0000 0.9991 0.0000	</row0>
			<row1>	0.0000 1.0000 0.0000 0.0000	</row1>
			<row2>	-0.9991 0.0000 -0.0426 0.0000	</row2>
			<row3>	-0.4029 0.5630 -2.4921 1.0000	</row3>
		</transform>
	</node>
	<node>
		<identifier>	MP_BM707_Locker_INDEX_3	</identifier>
		<parent>	Scene Root	</parent>
		<transform>
			<row0>	0.0000 0.0000 0.8360 0.0000	</row0>
			<row1>	0.0000 1.0000 0.0000 0.0000	</row1>
			<row2>	-1.0000 0.0000 0.0000 0.0000	</row2>
			<row3>	0.1418 0.7403 -2.4196 1.0000	</row3>
		</transform>
	</node>
	<node>
		<identifier>	MP_BM707_Locker_INDEX_4	</identifier>
		<parent>	Scene Root	</parent>
		<transform>
			<row0>	-1.0000 0.0000 0.0000 0.0000	</row0>
			<row1>	0.0000 1.0000 0.0000 0.0000	</row1>
			<row2>	0.0000 0.0000 -1.0000 0.0000	</row2>
			<row3>	0.3753 0.3833 -1.3858 1.0000	</row3>
		</transform>
	</node>
	<node>
		<identifier>	MP_BM707_Locker_INDEX_5	</identifier>
		<parent>	Scene Root	</parent>
		<transform>
			<row0>	-0.6818 0.0000 -0.4839 0.0000	</row0>
			<row1>	0.0000 1.0000 0.0000 0.0000	</row1>
			<row2>	0.5787 0.0000 -0.8155 0.0000	</row2>
			<row3>	-0.1105 0.7403 -2.3596 1.0000	</row3>
		</transform>
	</node>
	<node>
		<identifier>	MP_BM707_Locker_INDEX_6	</identifier>
		<parent>	Scene Root	</parent>
		<transform>
			<row0>	-0.0426 0.0000 -0.9991 0.0000	</row0>
			<row1>	0.0000 1.0000 0.0000 0.0000	</row1>
			<row2>	0.9991 0.0000 -0.0426 0.0000	</row2>
			<row3>	0.4029 0.5630 -2.4921 1.0000	</row3>
		</transform>
	</node>
	<node>
		<identifier>	MP_BM707_Locker_INDEX_7	</identifier>
		<parent>	Scene Root	</parent>
		<transform>
			<row0>	0.0000 0.0000 0.8360 0.0000	</row0>
			<row1>	0.0000 1.0000 0.0000 0.0000	</row1>
			<row2>	-1.0000 0.0000 0.0000 0.0000	</row2>
			<row3>	0.1419 0.7936 -2.4196 1.0000	</row3>
		</transform>
	</node>
	<node>
		<identifier>	MP_BM707_Locker_INDEX_8	</identifier>
		<parent>	Scene Root	</parent>
		<transform>
			<row0>	0.0000 0.0000 -1.0000 0.0000	</row0>
			<row1>	0.0000 1.0000 0.0000 0.0000	</row1>
			<row2>	1.0000 0.0000 0.0000 0.0000	</row2>
			<row3>	-0.2836 0.3833 -1.1683 1.0000	</row3>
		</transform>
	</node>
	<node>
		<identifier>	MP_BM707_Locker_INDEX_9	</identifier>
		<parent>	Scene Root	</parent>
		<transform>
			<row0>	-0.6818 0.0000 -0.4839 0.0000	</row0>
			<row1>	0.0000 1.0000 0.0000 0.0000	</row1>
			<row2>	0.5787 0.0000 -0.8155 0.0000	</row2>
			<row3>	-0.1106 0.7936 -2.3596 1.0000	</row3>
		</transform>
	</node>
	<node>
		<identifier>	MP_BM751_Deck_Hatch	</identifier>
		<parent>	Scene Root	</parent>
		<transform>
			<row0>	0.0000 0.0000 1.0000 0.0000	</row0>
			<row1>	0.0000 1.0000 0.0000 0.0000	</row1>
			<row2>	-1.0000 0.0000 0.0000 0.0000	</row2>
			<row3>	-0.3118 0.2137 -1.0962 1.0000	</row3>
		</transform>
	</node>
	<node>
		<identifier>	MP_BM751_Deck_Hatch_INDEX_1	</identifier>
		<parent>	Scene Root	</parent>
		<transform>
			<row0>	0.0000 0.0000 -1.0000 0.0000	</row0>
			<row1>	0.0000 1.0000 0.0000 0.0000	</row1>
			<row2>	1.0000 0.0000 0.0000 0.0000	</row2>
			<row3>	0.3118 0.2137 -1.0962 1.0000	</row3>
		</transform>
	</node>
	<node>
		<identifier>	MP_BM752_Deck_Hatch	</identifier>
		<parent>	Scene Root	</parent>
		<transform>
			<row0>	0.0000 0.0000 1.3334 0.0000	</row0>
			<row1>	0.0000 1.0000 0.0000 0.0000	</row1>
			<row2>	-1.0000 0.0000 0.0000 0.0000	</row2>
			<row3>	0.4350 0.3840 0.6561 1.0000	</row3>
		</transform>
	</node>
	<node>
		<identifier>	MP_BM753_Deck_Hatch	</identifier>
		<parent>	Scene Root	</parent>
		<transform>
			<row0>	0.0000 0.0000 0.6960 0.0000	</row0>
			<row1>	0.0000 0.6960 0.0000 0.0000	</row1>
			<row2>	-0.6960 0.0000 0.0000 0.0000	</row2>
			<row3>	-0.3737 0.3862 -1.2800 1.0000	</row3>
		</transform>
	</node>
	<node>
		<identifier>	MP_BM753_Deck_Hatch_INDEX_1	</identifier>
		<parent>	Scene Root	</parent>
		<transform>
			<row0>	1.0000 0.0000 0.0000 0.0000	</row0>
			<row1>	0.0000 1.0000 0.0000 0.0000	</row1>
			<row2>	0.0000 0.0000 1.0000 0.0000	</row2>
			<row3>	0.0006 0.5801 -1.0912 1.0000	</row3>
		</transform>
	</node>
	<node>
		<identifier>	MP_BM753_Deck_Hatch_INDEX_2	</identifier>
		<parent>	Scene Root	</parent>
		<transform>
			<row0>	0.0000 0.0000 -0.8299 0.0000	</row0>
			<row1>	0.0000 0.8299 0.0000 0.0000	</row1>
			<row2>	0.8299 0.0000 0.0000 0.0000	</row2>
			<row3>	0.0000 0.7441 -1.9534 1.0000	</row3>
		</transform>
	</node>
	<node>
		<identifier>	MP_BM800_Ventilators_mushroom	</identifier>
		<parent>	Scene Root	</parent>
		<transform>
			<row0>	1.0000 0.0000 0.0000 0.0000	</row0>
			<row1>	0.0000 1.0000 0.0000 0.0000	</row1>
			<row2>	0.0000 0.0000 1.0000 0.0000	</row2>
			<row3>	0.4709 0.2167 -2.1354 1.0000	</row3>
		</transform>
	</node>
	<node>
		<identifier>	MP_BM800_Ventilators_mushroom_INDEX_1	</identifier>
		<parent>	Scene Root	</parent>
		<transform>
			<row0>	1.0000 0.0000 0.0000 0.0000	</row0>
			<row1>	0.0000 1.0000 0.0000 0.0000	</row1>
			<row2>	0.0000 0.0000 1.0000 0.0000	</row2>
			<row3>	0.2932 0.2128 -1.9590 1.0000	</row3>
		</transform>
	</node>
	<node>
		<identifier>	MP_BM800_Ventilators_mushroom_INDEX_2	</identifier>
		<parent>	Scene Root	</parent>
		<transform>
			<row0>	1.0000 0.0000 0.0000 0.0000	</row0>
			<row1>	0.0000 1.0000 0.0000 0.0000	</row1>
			<row2>	0.0000 0.0000 1.0000 0.0000	</row2>
			<row3>	-0.4837 0.2162 -2.1373 1.0000	</row3>
		</transform>
	</node>
	<node>
		<identifier>	MP_BM800_Ventilators_mushroom_INDEX_3	</identifier>
		<parent>	Scene Root	</parent>
		<transform>
			<row0>	1.0000 0.0000 0.0000 0.0000	</row0>
			<row1>	0.0000 1.0000 0.0000 0.0000	</row1>
			<row2>	0.0000 0.0000 1.0000 0.0000	</row2>
			<row3>	-0.2932 0.2128 -1.9590 1.0000	</row3>
		</transform>
	</node>
	<node>
		<identifier>	MP_BM871_Running_Lights_F	</identifier>
		<parent>	Scene Root	</parent>
		<transform>
			<row0>	1.0000 0.0000 0.0000 0.0000	</row0>
			<row1>	0.0000 1.0000 0.0000 0.0000	</row1>
			<row2>	0.0000 0.0000 1.0000 0.0000	</row2>
			<row3>	0.0000 1.6915 -0.6741 1.0000	</row3>
		</transform>
	</node>
	<node>
		<identifier>	MP_BM872_Running_Lights_B	</identifier>
		<parent>	Scene Root	</parent>
		<transform>
			<row0>	1.0000 0.0000 0.0000 0.0000	</row0>
			<row1>	0.0000 1.0000 0.0000 0.0000	</row1>
			<row2>	0.0000 0.0000 1.0000 0.0000	</row2>
			<row3>	0.0000 1.7255 -0.6790 1.0000	</row3>
		</transform>
	</node>
	<node>
		<identifier>	MP_BM905_Crane_for_Ladder_L	</identifier>
		<parent>	Scene Root	</parent>
		<transform>
			<row0>	1.0000 0.0000 0.0000 0.0000	</row0>
			<row1>	0.0000 1.0000 0.0000 0.0000	</row1>
			<row2>	0.0000 0.0000 1.0000 0.0000	</row2>
			<row3>	-0.6818 0.2182 -1.1225 1.0000	</row3>
		</transform>
	</node>
	<node>
		<identifier>	MP_BM905_Crane_for_Ladder_L_INDEX_1	</identifier>
		<parent>	Scene Root	</parent>
		<transform>
			<row0>	1.0000 0.0000 0.0000 0.0000	</row0>
			<row1>	0.0000 1.0000 0.0000 0.0000	</row1>
			<row2>	0.0000 0.0000 1.0000 0.0000	</row2>
			<row3>	-0.6728 0.2180 -1.6264 1.0000	</row3>
		</transform>
	</node>
	<node>
		<identifier>	MP_BM906_Crane_for_Ladder_R	</identifier>
		<parent>	Scene Root	</parent>
		<transform>
			<row0>	1.0000 0.0000 0.0000 0.0000	</row0>
			<row1>	0.0000 1.0000 0.0000 0.0000	</row1>
			<row2>	0.0000 0.0000 1.0000 0.0000	</row2>
			<row3>	0.6728 0.2180 -1.6264 1.0000	</row3>
		</transform>
	</node>
	<node>
		<identifier>	MP_BM906_Crane_for_Ladder_R_INDEX_1	</identifier>
		<parent>	Scene Root	</parent>
		<transform>
			<row0>	1.0000 0.0000 0.0000 0.0000	</row0>
			<row1>	0.0000 1.0000 0.0000 0.0000	</row1>
			<row2>	0.0000 0.0000 1.0000 0.0000	</row2>
			<row3>	0.6818 0.2182 -1.1225 1.0000	</row3>
		</transform>
	</node>
	<node>
		<identifier>	MP_BM952_Bollard	</identifier>
		<parent>	Scene Root	</parent>
		<transform>
			<row0>	0.6787 0.0000 0.0272 0.0000	</row0>
			<row1>	0.0000 0.6793 0.0010 0.0000	</row1>
			<row2>	-0.0272 -0.0011 0.6787 0.0000	</row2>
			<row3>	-0.5956 0.2216 -2.2040 1.0000	</row3>
		</transform>
	</node>
	<node>
		<identifier>	MP_BM952_Bollard_INDEX_1	</identifier>
		<parent>	Scene Root	</parent>
		<transform>
			<row0>	0.7771 0.0020 -0.0639 0.0000	</row0>
			<row1>	-0.0019 0.7797 0.0018 0.0000	</row1>
			<row2>	0.0640 -0.0016 0.7771 0.0000	</row2>
			<row3>	0.5541 0.2238 -3.2946 1.0000	</row3>
		</transform>
	</node>
	<node>
		<identifier>	MP_BM952_Bollard_INDEX_2	</identifier>
		<parent>	Scene Root	</parent>
		<transform>
			<row0>	0.7771 -0.0020 0.0639 0.0000	</row0>
			<row1>	0.0019 0.7797 0.0018 0.0000	</row1>
			<row2>	-0.0640 -0.0016 0.7771 0.0000	</row2>
			<row3>	-0.5541 0.2238 -3.2946 1.0000	</row3>
		</transform>
	</node>
	<node>
		<identifier>	MP_BM952_Bollard_INDEX_3	</identifier>
		<parent>	Scene Root	</parent>
		<transform>
			<row0>	0.6787 0.0000 -0.0272 0.0000	</row0>
			<row1>	0.0000 0.6793 0.0010 0.0000	</row1>
			<row2>	0.0272 -0.0011 0.6787 0.0000	</row2>
			<row3>	0.5866 0.2216 -2.4755 1.0000	</row3>
		</transform>
	</node>
	<node>
		<identifier>	MP_BM964_3ton_electrik_winch_R	</identifier>
		<parent>	Scene Root	</parent>
		<transform>
			<row0>	1.0000 0.0000 0.0000 0.0000	</row0>
			<row1>	0.0000 1.0000 0.0000 0.0000	</row1>
