<FSC004_Duguay_Trouin_1929_Stern.skel_ext>
	<exported>	true	</exported>
	<node>
		<identifier>	MP_CM001_Propeller3_L	</identifier>
		<parent>	Scene Root	</parent>
		<transform>
			<row0>	0.8824 -0.1576 -0.0234 0.0000	</row0>
			<row1>	0.1562 0.8817 -0.0464 0.0000	</row1>
			<row2>	0.0312 0.0416 0.8951 0.0000	</row2>
			<row3>	-0.4256 -0.2458 -4.3996 1.0000	</row3>
		</transform>
	</node>
	<node>
		<identifier>	MP_CM001_Propeller3_L_INDEX_1	</identifier>
		<parent>	Scene Root	</parent>
		<transform>
			<row0>	0.8970 -0.0001 -0.0051 0.0000	</row0>
			<row1>	-0.0001 0.8957 -0.0487 0.0000	</row1>
			<row2>	0.0051 0.0487 0.8957 0.0000	</row2>
			<row3>	-0.2193 -0.2461 -5.1214 1.0000	</row3>
		</transform>
	</node>
	<node>
		<identifier>	MP_CM032_Propeller3_R	</identifier>
		<parent>	Scene Root	</parent>
		<transform>
			<row0>	0.8831 0.1555 0.0235 0.0000	</row0>
			<row1>	-0.1541 0.8824 -0.0464 0.0000	</row1>
			<row2>	-0.0312 0.0416 0.8955 0.0000	</row2>
			<row3>	0.4256 -0.2458 -4.3996 1.0000	</row3>
		</transform>
	</node>
	<node>
		<identifier>	MP_CM032_Propeller3_R_INDEX_1	</identifier>
		<parent>	Scene Root	</parent>
		<transform>
			<row0>	0.8970 -0.0021 0.0052 0.0000	</row0>
			<row1>	0.0024 0.8957 -0.0486 0.0000	</row1>
			<row2>	-0.0051 0.0487 0.8957 0.0000	</row2>
			<row3>	0.2193 -0.2461 -5.1214 1.0000	</row3>
		</transform>
	</node>
	<node>
		<identifier>	MP_CM109_Leadsman_Platform	</identifier>
		<parent>	Scene Root	</parent>
		<transform>
			<row0>	0.0572 -0.9984 -0.0018 0.0000	</row0>
			<row1>	0.9969 0.0572 -0.0541 0.0000	</row1>
			<row2>	0.0541 0.0013 0.9985 0.0000	</row2>
			<row3>	0.5269 0.2420 -3.5059 1.0000	</row3>
		</transform>
	</node>
	<node>
		<identifier>	MP_CM109_Leadsman_Platform_INDEX_1	</identifier>
		<parent>	Scene Root	</parent>
		<transform>
			<row0>	-0.0573 -0.9984 0.0000 0.0000	</row0>
			<row1>	-0.9969 0.0572 -0.0541 0.0000	</row1>
			<row2>	0.0540 -0.0031 -0.9985 0.0000	</row2>
			<row3>	-0.5269 0.2420 -3.5059 1.0000	</row3>
		</transform>
	</node>
	<node>
		<identifier>	MP_CM126_Cleat	</identifier>
		<parent>	Scene Root	</parent>
		<transform>
			<row0>	0.9392 0.0017 -0.3434 0.0000	</row0>
			<row1>	-0.0021 1.0000 -0.0007 0.0000	</row1>
			<row2>	0.3434 0.0014 0.9392 0.0000	</row2>
			<row3>	-0.4339 0.4290 -4.6559 1.0000	</row3>
		</transform>
	</node>
	<node>
		<identifier>	MP_CM126_Cleat_INDEX_1	</identifier>
		<parent>	Scene Root	</parent>
		<transform>
			<row0>	0.6394 0.0019 0.7689 0.0000	</row0>
			<row1>	-0.0021 1.0000 -0.0007 0.0000	</row1>
			<row2>	-0.7689 -0.0012 0.6394 0.0000	</row2>
			<row3>	-0.4269 0.4291 -4.7044 1.0000	</row3>
		</transform>
	</node>
	<node>
		<identifier>	MP_CM126_Cleat_INDEX_10	</identifier>
		<parent>	Scene Root	</parent>
		<transform>
			<row0>	-0.5401 0.0000 0.0255 0.0000	</row0>
			<row1>	-0.0255 0.0000 -0.5401 0.0000	</row1>
			<row2>	0.0000 -0.5407 0.0000 0.0000	</row2>
			<row3>	0.5282 0.4924 -3.5219 1.0000	</row3>
		</transform>
	</node>
	<node>
		<identifier>	MP_CM126_Cleat_INDEX_11	</identifier>
		<parent>	Scene Root	</parent>
		<transform>
			<row0>	0.9392 0.0017 -0.3434 0.0000	</row0>
			<row1>	-0.0021 1.0000 -0.0007 0.0000	</row1>
			<row2>	0.3434 0.0014 0.9392 0.0000	</row2>
			<row3>	-0.3225 0.4306 -5.3121 1.0000	</row3>
		</transform>
	</node>
	<node>
		<identifier>	MP_CM126_Cleat_INDEX_12	</identifier>
		<parent>	Scene Root	</parent>
		<transform>
			<row0>	0.5305 0.0000 0.0250 0.0000	</row0>
			<row1>	-0.0250 0.0000 0.5305 0.0000	</row1>
			<row2>	0.0000 -0.5311 0.0000 0.0000	</row2>
			<row3>	-0.5122 0.4924 -3.8610 1.0000	</row3>
		</transform>
	</node>
	<node>
		<identifier>	MP_CM126_Cleat_INDEX_2	</identifier>
		<parent>	Scene Root	</parent>
		<transform>
			<row0>	-0.5401 0.0000 -0.0255 0.0000	</row0>
			<row1>	0.0255 0.0000 -0.5401 0.0000	</row1>
			<row2>	0.0000 -0.5407 0.0000 0.0000	</row2>
			<row3>	-0.5282 0.4924 -3.5219 1.0000	</row3>
		</transform>
	</node>
	<node>
		<identifier>	MP_CM126_Cleat_INDEX_3	</identifier>
		<parent>	Scene Root	</parent>
		<transform>
			<row0>	0.6394 -0.0019 -0.7689 0.0000	</row0>
			<row1>	0.0021 1.0000 -0.0007 0.0000	</row1>
			<row2>	0.7689 -0.0012 0.6394 0.0000	</row2>
			<row3>	0.3924 0.4302 -4.9544 1.0000	</row3>
		</transform>
	</node>
	<node>
		<identifier>	MP_CM126_Cleat_INDEX_4	</identifier>
		<parent>	Scene Root	</parent>
		<transform>
			<row0>	0.7733 -0.0021 -0.6341 0.0000	</row0>
			<row1>	0.0021 1.0000 -0.0007 0.0000	</row1>
			<row2>	0.6341 -0.0008 0.7733 0.0000	</row2>
			<row3>	0.4741 0.4269 -4.2541 1.0000	</row3>
		</transform>
	</node>
	<node>
		<identifier>	MP_CM126_Cleat_INDEX_5	</identifier>
		<parent>	Scene Root	</parent>
		<transform>
			<row0>	0.7733 0.0021 0.6341 0.0000	</row0>
			<row1>	-0.0021 1.0000 -0.0007 0.0000	</row1>
			<row2>	-0.6341 -0.0008 0.7733 0.0000	</row2>
			<row3>	-0.4741 0.4269 -4.2541 1.0000	</row3>
		</transform>
	</node>
	<node>
		<identifier>	MP_CM126_Cleat_INDEX_6	</identifier>
		<parent>	Scene Root	</parent>
		<transform>
			<row0>	0.6394 0.0019 0.7689 0.0000	</row0>
			<row1>	-0.0021 1.0000 -0.0007 0.0000	</row1>
			<row2>	-0.7689 -0.0012 0.6394 0.0000	</row2>
			<row3>	-0.3924 0.4302 -4.9544 1.0000	</row3>
		</transform>
	</node>
	<node>
		<identifier>	MP_CM126_Cleat_INDEX_7	</identifier>
		<parent>	Scene Root	</parent>
		<transform>
			<row0>	0.5305 0.0000 -0.0250 0.0000	</row0>
			<row1>	0.0250 0.0000 0.5305 0.0000	</row1>
			<row2>	0.0000 -0.5311 0.0000 0.0000	</row2>
			<row3>	0.5122 0.4924 -3.8610 1.0000	</row3>
		</transform>
	</node>
	<node>
		<identifier>	MP_CM126_Cleat_INDEX_8	</identifier>
		<parent>	Scene Root	</parent>
		<transform>
			<row0>	0.9392 -0.0017 0.3434 0.0000	</row0>
			<row1>	0.0021 1.0000 -0.0007 0.0000	</row1>
			<row2>	-0.3434 0.0014 0.9392 0.0000	</row2>
			<row3>	0.4339 0.4290 -4.6559 1.0000	</row3>
		</transform>
	</node>
	<node>
		<identifier>	MP_CM126_Cleat_INDEX_9	</identifier>
		<parent>	Scene Root	</parent>
		<transform>
			<row0>	0.9392 -0.0017 0.3434 0.0000	</row0>
			<row1>	0.0021 1.0000 -0.0007 0.0000	</row1>
			<row2>	-0.3434 0.0014 0.9392 0.0000	</row2>
			<row3>	0.3225 0.4306 -5.3121 1.0000	</row3>
		</transform>
	</node>
	<node>
		<identifier>	MP_FM005_Bench	</identifier>
		<parent>	Scene Root	</parent>
		<transform>
			<row0>	0.0000 -0.0063 1.0000 0.0000	</row0>
			<row1>	0.0000 1.0000 0.0063 0.0000	</row1>
			<row2>	-1.0000 0.0000 0.0000 0.0000	</row2>
			<row3>	0.0431 0.4213 -4.5807 1.0000	</row3>
		</transform>
	</node>
	<node>
		<identifier>	MP_FM005_Bench_INDEX_1	</identifier>
		<parent>	Scene Root	</parent>
		<transform>
			<row0>	0.0000 0.0063 -1.0000 0.0000	</row0>
			<row1>	0.0000 1.0000 0.0063 0.0000	</row1>
			<row2>	1.0000 0.0000 0.0000 0.0000	</row2>
			<row3>	-0.0431 0.4197 -4.2657 1.0000	</row3>
		</transform>
	</node>
	<node>
		<identifier>	MP_FM005_Bench_INDEX_2	</identifier>
		<parent>	Scene Root	</parent>
		<transform>
			<row0>	0.0000 -0.0063 1.0000 0.0000	</row0>
			<row1>	0.0000 1.0000 0.0063 0.0000	</row1>
			<row2>	-1.0000 0.0000 0.0000 0.0000	</row2>
			<row3>	0.0431 0.4197 -4.2657 1.0000	</row3>
		</transform>
	</node>
	<node>
		<identifier>	MP_FM015_Life_Buoy	</identifier>
		<parent>	Scene Root	</parent>
		<transform>
			<row0>	0.1032 0.0000 0.9947 0.0000	</row0>
			<row1>	0.0000 1.0000 0.0000 0.0000	</row1>
			<row2>	-0.9947 0.0000 0.1032 0.0000	</row2>
			<row3>	0.4680 0.4851 -4.3815 1.0000	</row3>
		</transform>
	</node>
	<node>
		<identifier>	MP_FM030_Accommodation_Ladder	</identifier>
		<parent>	Scene Root	</parent>
		<transform>
			<row0>	0.9991 0.0001 -0.0415 0.0000	</row0>
			<row1>	0.0000 1.0000 0.0025 0.0000	</row1>
			<row2>	0.0415 -0.0025 0.9991 0.0000	</row2>
			<row3>	0.4457 0.4191 -3.6846 1.0000	</row3>
		</transform>
	</node>
	<node>
		<identifier>	MP_FM030_Accommodation_Ladder_INDEX_1	</identifier>
		<parent>	Scene Root	</parent>
		<transform>
			<row0>	0.9991 -0.0001 0.0415 0.0000	</row0>
			<row1>	0.0000 1.0000 0.0025 0.0000	</row1>
			<row2>	-0.0415 -0.0025 0.9991 0.0000	</row2>
			<row3>	-0.4457 0.4191 -3.6846 1.0000	</row3>
		</transform>
	</node>
	<node>
		<identifier>	MP_FM607_Voice_Tube	</identifier>
		<parent>	Scene Root	</parent>
		<transform>
			<row0>	0.0000 0.0000 1.0000 0.0000	</row0>
			<row1>	0.0000 1.0000 0.0000 0.0000	</row1>
			<row2>	-1.0000 0.0000 0.0000 0.0000	</row2>
			<row3>	0.0771 0.4225 -4.7392 1.0000	</row3>
		</transform>
	</node>
	<node>
		<identifier>	MP_FM800_Ventilation	</identifier>
		<parent>	Scene Root	</parent>
		<transform>
			<row0>	1.2759 0.0000 0.0000 0.0000	</row0>
			<row1>	0.0000 1.2759 0.0000 0.0000	</row1>
			<row2>	0.0000 0.0000 1.2759 0.0000	</row2>
			<row3>	-0.1190 0.4161 -4.8033 1.0000	</row3>
		</transform>
	</node>
	<node>
		<identifier>	MP_FM800_Ventilation_INDEX_1	</identifier>
		<parent>	Scene Root	</parent>
		<transform>
			<row0>	1.0000 0.0000 0.0000 0.0000	</row0>
			<row1>	0.0000 1.0000 0.0000 0.0000	</row1>
			<row2>	0.0000 0.0000 1.0000 0.0000	</row2>
			<row3>	0.0582 0.4124 -4.1184 1.0000	</row3>
		</transform>
	</node>
	<node>
		<identifier>	MP_FM800_Ventilation_INDEX_2	</identifier>
		<parent>	Scene Root	</parent>
		<transform>
			<row0>	1.0000 0.0000 0.0000 0.0000	</row0>
			<row1>	0.0000 1.0000 0.0000 0.0000	</row1>
			<row2>	0.0000 0.0000 1.0000 0.0000	</row2>
			<row3>	-0.1099 0.4113 -3.8493 1.0000	</row3>
		</transform>
	</node>
	<node>
		<identifier>	MP_FM800_Ventilation_INDEX_3	</identifier>
		<parent>	Scene Root	</parent>
		<transform>
			<row0>	0.8333 0.0000 0.0000 0.0000	</row0>
			<row1>	0.0000 0.8333 0.0000 0.0000	</row1>
			<row2>	0.0000 0.0000 0.8333 0.0000	</row2>
			<row3>	0.0982 0.4164 -5.0918 1.0000	</row3>
		</transform>
	</node>
	<node>
		<identifier>	MP_FM800_Ventilation_INDEX_4	</identifier>
		<parent>	Scene Root	</parent>
		<transform>
			<row0>	1.1520 0.0000 0.0000 0.0000	</row0>
			<row1>	0.0000 1.1520 0.0000 0.0000	</row1>
			<row2>	0.0000 0.0000 1.1520 0.0000	</row2>
			<row3>	-0.2230 0.4121 -4.2911 1.0000	</row3>
		</transform>
	</node>
	<node>
		<identifier>	MP_FM800_Ventilation_INDEX_5	</identifier>
		<parent>	Scene Root	</parent>
		<transform>
			<row0>	1.0000 0.0000 0.0000 0.0000	</row0>
			<row1>	0.0000 1.0000 0.0000 0.0000	</row1>
			<row2>	0.0000 0.0000 1.0000 0.0000	</row2>
			<row3>	-0.0582 0.4124 -4.1184 1.0000	</row3>
		</transform>
	</node>
	<node>
		<identifier>	MP_FM800_Ventilation_INDEX_6	</identifier>
		<parent>	Scene Root	</parent>
		<transform>
			<row0>	1.0000 0.0000 0.0000 0.0000	</row0>
			<row1>	0.0000 1.0000 0.0000 0.0000	</row1>
			<row2>	0.0000 0.0000 1.0000 0.0000	</row2>
			<row3>	0.1099 0.4113 -3.8493 1.0000	</row3>
		</transform>
	</node>
	<node>
		<identifier>	MP_FM800_Ventilation_INDEX_7	</identifier>
		<parent>	Scene Root	</parent>
		<transform>
			<row0>	0.8333 0.0000 0.0000 0.0000	</row0>
			<row1>	0.0000 0.8333 0.0000 0.0000	</row1>
			<row2>	0.0000 0.0000 0.8333 0.0000	</row2>
			<row3>	-0.0982 0.4164 -5.0918 1.0000	</row3>
		</transform>
	</node>
	<node>
		<identifier>	MP_FM800_Ventilation_INDEX_8	</identifier>
		<parent>	Scene Root	</parent>
		<transform>
			<row0>	1.1519 0.0000 0.0000 0.0000	</row0>
			<row1>	0.0000 1.1519 0.0000 0.0000	</row1>
			<row2>	0.0000 0.0000 1.1519 0.0000	</row2>
			<row3>	0.2230 0.4121 -4.2911 1.0000	</row3>
		</transform>
	</node>
	<node>
		<identifier>	MP_FM950_Anchor_bottom	</identifier>
		<parent>	Scene Root	</parent>
		<transform>
			<row0>	0.6743 0.0000 0.0000 0.0000	</row0>
			<row1>	0.0000 0.5956 0.3161 0.0000	</row1>
			<row2>	0.0000 -0.3161 0.5956 0.0000	</row2>
			<row3>	0.0000 0.2904 -5.9318 1.0000	</row3>
		</transform>
	</node>
	<node>
		<identifier>	MP_FM951_Anchor_up	</identifier>
		<parent>	Scene Root	</parent>
		<transform>
			<row0>	0.6743 0.0000 0.0000 0.0000	</row0>
			<row1>	0.0000 0.5545 0.3837 0.0000	</row1>
			<row2>	0.0000 -0.3837 0.5545 0.0000	</row2>
			<row3>	0.0000 0.2904 -5.9320 1.0000	</row3>
		</transform>
	</node>
	<node>
		<identifier>	MP_FM955_Bollard	</identifier>
		<parent>	Scene Root	</parent>
		<transform>
			<row0>	1.0384 0.0002 -0.1476 0.0000	</row0>
			<row1>	0.0002 1.0488 0.0028 0.0000	</row1>
			<row2>	0.1476 -0.0028 1.0384 0.0000	</row2>
			<row3>	0.3957 0.4208 -4.7592 1.0000	</row3>
		</transform>
	</node>
	<node>
		<identifier>	MP_FM955_Bollard_INDEX_1	</identifier>
		<parent>	Scene Root	</parent>
		<transform>
			<row0>	1.0384 -0.0002 0.1476 0.0000	</row0>
			<row1>	-0.0002 1.0488 0.0028 0.0000	</row1>
			<row2>	-0.1476 -0.0028 1.0384 0.0000	</row2>
			<row3>	-0.3957 0.4208 -4.7592 1.0000	</row3>
		</transform>
	</node>
	<node>
		<identifier>	MP_FM955_Bollard_INDEX_2	</identifier>
		<parent>	Scene Root	</parent>
		<transform>
			<row0>	1.5929 0.0000 -0.1205 0.0000	</row0>
			<row1>	0.0003 1.5974 0.0042 0.0000	</row1>
			<row2>	0.1205 -0.0042 1.5929 0.0000	</row2>
			<row3>	0.4055 0.4167 -4.1879 1.0000	</row3>
		</transform>
	</node>
	<node>
		<identifier>	MP_FM955_Bollard_INDEX_3	</identifier>
		<parent>	Scene Root	</parent>
		<transform>
			<row0>	1.5929 0.0000 0.1205 0.0000	</row0>
			<row1>	-0.0003 1.5974 0.0042 0.0000	</row1>
			<row2>	-0.1205 -0.0042 1.5929 0.0000	</row2>
			<row3>	-0.4055 0.4167 -4.1879 1.0000	</row3>
		</transform>
	</node>
</FSC004_Duguay_Trouin_1929_Stern.skel_ext>
