<RSB007_Izmail_1943_MidBack.skel_ext>
	<exported>	true	</exported>
	<node>
		<identifier>	MP_RM059_Fairlead	</identifier>
		<parent>	Scene Root	</parent>
		<transform>
			<row0>	1.7005 0.0000 0.0000 0.0000	</row0>
			<row1>	0.0000 1.7005 0.0000 0.0000	</row1>
			<row2>	0.0000 0.0000 1.7005 0.0000	</row2>
			<row3>	0.9309 0.3237 -0.0738 1.0000	</row3>
		</transform>
	</node>
	<node>
		<identifier>	MP_RM059_Fairlead_INDEX_1	</identifier>
		<parent>	Scene Root	</parent>
		<transform>
			<row0>	1.7005 0.0000 0.0000 0.0000	</row0>
			<row1>	0.0000 1.7005 0.0000 0.0000	</row1>
			<row2>	0.0000 0.0000 1.7005 0.0000	</row2>
			<row3>	-0.9309 0.3237 -0.0738 1.0000	</row3>
		</transform>
	</node>
	<node>
		<identifier>	MP_RM066_Ammunition_Box	</identifier>
		<parent>	Scene Root	</parent>
		<transform>
			<row0>	-0.2937 0.0000 -0.9559 0.0000	</row0>
			<row1>	0.0000 1.0000 0.0000 0.0000	</row1>
			<row2>	0.9559 0.0000 -0.2937 0.0000	</row2>
			<row3>	-0.3486 0.9893 -0.6056 1.0000	</row3>
		</transform>
	</node>
	<node>
		<identifier>	MP_RM066_Ammunition_Box_INDEX_1	</identifier>
		<parent>	Scene Root	</parent>
		<transform>
			<row0>	0.8394 0.0000 0.5436 0.0000	</row0>
			<row1>	0.0000 1.0000 0.0000 0.0000	</row1>
			<row2>	-0.5436 0.0000 0.8394 0.0000	</row2>
			<row3>	-0.1546 0.9893 -0.3929 1.0000	</row3>
		</transform>
	</node>
	<node>
		<identifier>	MP_RM066_Ammunition_Box_INDEX_2	</identifier>
		<parent>	Scene Root	</parent>
		<transform>
			<row0>	0.8394 0.0000 -0.5436 0.0000	</row0>
			<row1>	0.0000 1.0000 0.0000 0.0000	</row1>
			<row2>	0.5436 0.0000 0.8394 0.0000	</row2>
			<row3>	0.1546 0.9893 -0.3929 1.0000	</row3>
		</transform>
	</node>
	<node>
		<identifier>	MP_RM066_Ammunition_Box_INDEX_3	</identifier>
		<parent>	Scene Root	</parent>
		<transform>
			<row0>	0.8379 0.0000 -0.5457 0.0000	</row0>
			<row1>	0.0000 1.0000 0.0000 0.0000	</row1>
			<row2>	0.5457 0.0000 0.8379 0.0000	</row2>
			<row3>	-0.1546 0.9893 -1.0536 1.0000	</row3>
		</transform>
	</node>
	<node>
		<identifier>	MP_RM066_Ammunition_Box_INDEX_4	</identifier>
		<parent>	Scene Root	</parent>
		<transform>
			<row0>	0.8379 0.0000 0.5457 0.0000	</row0>
			<row1>	0.0000 1.0000 0.0000 0.0000	</row1>
			<row2>	-0.5457 0.0000 0.8379 0.0000	</row2>
			<row3>	0.1546 0.9893 -1.0536 1.0000	</row3>
		</transform>
	</node>
	<node>
		<identifier>	MP_RM066_Ammunition_Box_INDEX_5	</identifier>
		<parent>	Scene Root	</parent>
		<transform>
			<row0>	0.2904 0.0000 0.9569 0.0000	</row0>
			<row1>	0.0000 1.0000 0.0000 0.0000	</row1>
			<row2>	-0.9569 0.0000 0.2904 0.0000	</row2>
			<row3>	0.3482 0.9893 -0.8411 1.0000	</row3>
		</transform>
	</node>
	<node>
		<identifier>	MP_RM066_Ammunition_Box_INDEX_6	</identifier>
		<parent>	Scene Root	</parent>
		<transform>
			<row0>	0.2904 0.0000 -0.9569 0.0000	</row0>
			<row1>	0.0000 1.0000 0.0000 0.0000	</row1>
			<row2>	0.9569 0.0000 0.2904 0.0000	</row2>
			<row3>	-0.3482 0.9893 -0.8411 1.0000	</row3>
		</transform>
	</node>
	<node>
		<identifier>	MP_RM066_Ammunition_Box_INDEX_7	</identifier>
		<parent>	Scene Root	</parent>
		<transform>
			<row0>	-0.2937 0.0000 0.9559 0.0000	</row0>
			<row1>	0.0000 1.0000 0.0000 0.0000	</row1>
			<row2>	-0.9559 0.0000 -0.2937 0.0000	</row2>
			<row3>	0.3486 0.9893 -0.6056 1.0000	</row3>
		</transform>
	</node>
	<node>
		<identifier>	MP_RM104_Telephone	</identifier>
		<parent>	Scene Root	</parent>
		<transform>
			<row0>	-0.4605 0.0000 0.8877 0.0000	</row0>
			<row1>	0.0000 1.0000 0.0000 0.0000	</row1>
			<row2>	-0.8877 0.0000 -0.4605 0.0000	</row2>
			<row3>	0.1822 1.0446 -0.6147 1.0000	</row3>
		</transform>
	</node>
	<node>
		<identifier>	MP_RM104_Telephone_INDEX_1	</identifier>
		<parent>	Scene Root	</parent>
		<transform>
			<row0>	-0.4605 0.0000 -0.8877 0.0000	</row0>
			<row1>	0.0000 1.0000 0.0000 0.0000	</row1>
			<row2>	0.8877 0.0000 -0.4605 0.0000	</row2>
			<row3>	-0.1822 1.0446 -0.6147 1.0000	</row3>
		</transform>
	</node>
	<node>
		<identifier>	MP_RM104_Telephone_INDEX_2	</identifier>
		<parent>	Scene Root	</parent>
		<transform>
			<row0>	0.4468 0.0000 -0.8946 0.0000	</row0>
			<row1>	0.0000 1.0000 0.0000 0.0000	</row1>
			<row2>	0.8946 0.0000 0.4468 0.0000	</row2>
			<row3>	-0.1885 1.0446 -0.8181 1.0000	</row3>
		</transform>
	</node>
	<node>
		<identifier>	MP_RM104_Telephone_INDEX_3	</identifier>
		<parent>	Scene Root	</parent>
		<transform>
			<row0>	0.4468 0.0000 0.8946 0.0000	</row0>
			<row1>	0.0000 1.0000 0.0000 0.0000	</row1>
			<row2>	-0.8946 0.0000 0.4468 0.0000	</row2>
			<row3>	0.1885 1.0446 -0.8181 1.0000	</row3>
		</transform>
	</node>
	<node>
		<identifier>	MP_RM145_Turtles_Box	</identifier>
		<parent>	Scene Root	</parent>
		<transform>
			<row0>	-0.8901 0.0000 0.4558 0.0000	</row0>
			<row1>	0.0000 1.0000 0.0000 0.0000	</row1>
			<row2>	-0.4558 0.0000 -0.8901 0.0000	</row2>
			<row3>	-0.0778 1.0109 -0.9213 1.0000	</row3>
		</transform>
	</node>
	<node>
		<identifier>	MP_RM145_Turtles_Box_INDEX_1	</identifier>
		<parent>	Scene Root	</parent>
		<transform>
			<row0>	-0.8901 0.0000 -0.4558 0.0000	</row0>
			<row1>	0.0000 1.0000 0.0000 0.0000	</row1>
			<row2>	0.4558 0.0000 -0.8901 0.0000	</row2>
			<row3>	0.0778 1.0109 -0.9213 1.0000	</row3>
		</transform>
	</node>
	<node>
		<identifier>	MP_RM214_Life_Buoy	</identifier>
		<parent>	Scene Root	</parent>
		<transform>
			<row0>	0.0076 0.0000 -1.0000 0.0000	</row0>
			<row1>	0.0000 1.0000 0.0000 0.0000	</row1>
			<row2>	1.0000 0.0000 0.0076 0.0000	</row2>
			<row3>	-0.9627 0.3998 -0.4726 1.0000	</row3>
		</transform>
	</node>
	<node>
		<identifier>	MP_RM214_Life_Buoy_INDEX_1	</identifier>
		<parent>	Scene Root	</parent>
		<transform>
			<row0>	0.0076 0.0000 1.0000 0.0000	</row0>
			<row1>	0.0000 1.0000 0.0000 0.0000	</row1>
			<row2>	-1.0000 0.0000 0.0076 0.0000	</row2>
			<row3>	0.9627 0.3998 -0.4726 1.0000	</row3>
		</transform>
	</node>
	<node>
		<identifier>	MP_RM215_Deck_Hatch	</identifier>
		<parent>	Scene Root	</parent>
		<transform>
			<row0>	0.0000 0.0000 1.0000 0.0000	</row0>
			<row1>	0.0000 1.0000 0.0000 0.0000	</row1>
			<row2>	-1.0000 0.0000 0.0000 0.0000	</row2>
			<row3>	0.2066 0.3224 -1.3763 1.0000	</row3>
		</transform>
	</node>
	<node>
		<identifier>	MP_RM215_Deck_Hatch_INDEX_1	</identifier>
		<parent>	Scene Root	</parent>
		<transform>
			<row0>	0.0000 0.0000 1.0000 0.0000	</row0>
			<row1>	0.0000 1.0000 0.0000 0.0000	</row1>
			<row2>	-1.0000 0.0000 0.0000 0.0000	</row2>
			<row3>	-0.2058 0.3224 -0.0337 1.0000	</row3>
		</transform>
	</node>
	<node>
		<identifier>	MP_RM215_Deck_Hatch_INDEX_2	</identifier>
		<parent>	Scene Root	</parent>
		<transform>
			<row0>	0.0000 0.0000 1.0000 0.0000	</row0>
			<row1>	0.0000 1.0000 0.0000 0.0000	</row1>
			<row2>	-1.0000 0.0000 0.0000 0.0000	</row2>
			<row3>	-0.2066 0.3224 -1.3761 1.0000	</row3>
		</transform>
	</node>
	<node>
		<identifier>	MP_RM215_Deck_Hatch_INDEX_3	</identifier>
		<parent>	Scene Root	</parent>
		<transform>
			<row0>	0.0000 0.0000 1.0000 0.0000	</row0>
			<row1>	0.0000 1.0000 0.0000 0.0000	</row1>
			<row2>	-1.0000 0.0000 0.0000 0.0000	</row2>
			<row3>	0.2058 0.3224 -0.0337 1.0000	</row3>
		</transform>
	</node>
	<node>
		<identifier>	MP_RM258_Winch_for_Cran_Boat_R	</identifier>
		<parent>	Scene Root	</parent>
		<transform>
			<row0>	-1.0000 0.0000 0.0000 0.0000	</row0>
			<row1>	0.0000 1.0000 0.0000 0.0000	</row1>
			<row2>	0.0000 0.0000 -1.0000 0.0000	</row2>
			<row3>	0.4180 0.3269 -0.7009 1.0000	</row3>
		</transform>
	</node>
	<node>
		<identifier>	MP_RM258_Winch_for_Cran_Boat_R_INDEX_1	</identifier>
		<parent>	Scene Root	</parent>
		<transform>
			<row0>	-1.0000 0.0000 0.0000 0.0000	</row0>
			<row1>	0.0000 1.0000 0.0000 0.0000	</row1>
			<row2>	0.0000 0.0000 -1.0000 0.0000	</row2>
			<row3>	-0.4495 0.3269 -0.7009 1.0000	</row3>
		</transform>
	</node>
	<node>
		<identifier>	MP_RM284_Hatch	</identifier>
		<parent>	Scene Root	</parent>
		<transform>
			<row0>	1.0000 0.0000 0.0000 0.0000	</row0>
			<row1>	0.0000 1.0000 0.0000 0.0000	</row1>
			<row2>	0.0000 0.0000 1.0000 0.0000	</row2>
			<row3>	0.5682 0.3217 0.3445 1.0000	</row3>
		</transform>
	</node>
	<node>
		<identifier>	MP_RM284_Hatch_INDEX_1	</identifier>
		<parent>	Scene Root	</parent>
		<transform>
			<row0>	1.0000 0.0000 0.0000 0.0000	</row0>
			<row1>	0.0000 1.0000 0.0000 0.0000	</row1>
			<row2>	0.0000 0.0000 1.0000 0.0000	</row2>
			<row3>	-0.5682 0.3217 0.3445 1.0000	</row3>
		</transform>
	</node>
	<node>
		<identifier>	MP_RM284_Hatch_INDEX_2	</identifier>
		<parent>	Scene Root	</parent>
		<transform>
			<row0>	1.0000 0.0000 0.0000 0.0000	</row0>
			<row1>	0.0000 1.0000 0.0000 0.0000	</row1>
			<row2>	0.0000 0.0000 1.0000 0.0000	</row2>
			<row3>	0.5030 0.3217 -2.4132 1.0000	</row3>
		</transform>
	</node>
	<node>
		<identifier>	MP_RM284_Hatch_INDEX_3	</identifier>
		<parent>	Scene Root	</parent>
		<transform>
			<row0>	1.0000 0.0000 0.0000 0.0000	</row0>
			<row1>	0.0000 1.0000 0.0000 0.0000	</row1>
			<row2>	0.0000 0.0000 1.0000 0.0000	</row2>
			<row3>	-0.5030 0.3217 -2.4132 1.0000	</row3>
		</transform>
	</node>
	<node>
		<identifier>	MP_RM286_Hatch	</identifier>
		<parent>	Scene Root	</parent>
		<transform>
			<row0>	-0.9998 0.0000 -0.0219 0.0000	</row0>
			<row1>	0.0000 1.0000 0.0000 0.0000	</row1>
			<row2>	0.0219 0.0000 -0.9998 0.0000	</row2>
			<row3>	-0.8423 0.1283 -1.3936 1.0000	</row3>
		</transform>
	</node>
	<node>
		<identifier>	MP_RM286_Hatch_INDEX_1	</identifier>
		<parent>	Scene Root	</parent>
		<transform>
			<row0>	-0.9997 0.0000 0.0249 0.0000	</row0>
			<row1>	0.0000 1.0000 0.0000 0.0000	</row1>
			<row2>	-0.0249 0.0000 -0.9997 0.0000	</row2>
			<row3>	0.8421 0.1283 -1.3935 1.0000	</row3>
		</transform>
	</node>
	<node>
		<identifier>	MP_RM286_Hatch_INDEX_2	</identifier>
		<parent>	Scene Root	</parent>
		<transform>
			<row0>	-0.9993 0.0000 -0.0383 0.0000	</row0>
			<row1>	0.0000 1.0000 0.0000 0.0000	</row1>
			<row2>	0.0383 0.0000 -0.9993 0.0000	</row2>
			<row3>	0.8372 0.1283 0.6650 1.0000	</row3>
		</transform>
	</node>
	<node>
		<identifier>	MP_RM286_Hatch_INDEX_3	</identifier>
		<parent>	Scene Root	</parent>
		<transform>
			<row0>	-0.9993 0.0000 0.0383 0.0000	</row0>
			<row1>	0.0000 1.0000 0.0000 0.0000	</row1>
			<row2>	-0.0383 0.0000 -0.9993 0.0000	</row2>
			<row3>	-0.8373 0.1283 0.6647 1.0000	</row3>
		</transform>
	</node>
	<node>
		<identifier>	MP_RM335_Fire_Hose_Rack_box	</identifier>
		<parent>	Scene Root	</parent>
		<transform>
			<row0>	0.0000 0.0000 1.0000 0.0000	</row0>
			<row1>	0.0000 1.0000 0.0000 0.0000	</row1>
			<row2>	-1.0000 0.0000 0.0000 0.0000	</row2>
			<row3>	-0.4186 0.3672 -0.0733 1.0000	</row3>
		</transform>
	</node>
	<node>
		<identifier>	MP_RM335_Fire_Hose_Rack_box_INDEX_1	</identifier>
		<parent>	Scene Root	</parent>
		<transform>
			<row0>	0.0000 0.0000 1.0000 0.0000	</row0>
			<row1>	0.0000 -1.0000 0.0000 0.0000	</row1>
			<row2>	1.0000 0.0000 0.0000 0.0000	</row2>
			<row3>	0.4186 0.3672 -0.0733 1.0000	</row3>
		</transform>
	</node>
	<node>
		<identifier>	MP_RM335_Fire_Hose_Rack_box_INDEX_2	</identifier>
		<parent>	Scene Root	</parent>
		<transform>
			<row0>	0.0000 0.0000 -1.0000 0.0000	</row0>
			<row1>	0.0000 1.0000 0.0000 0.0000	</row1>
			<row2>	1.0000 0.0000 0.0000 0.0000	</row2>
			<row3>	0.4186 0.3672 -0.0204 1.0000	</row3>
		</transform>
	</node>
	<node>
		<identifier>	MP_RM335_Fire_Hose_Rack_box_INDEX_3	</identifier>
		<parent>	Scene Root	</parent>
		<transform>
			<row0>	0.0000 0.0000 -1.0000 0.0000	</row0>
			<row1>	0.0000 -1.0000 0.0000 0.0000	</row1>
			<row2>	-1.0000 0.0000 0.0000 0.0000	</row2>
			<row3>	-0.4186 0.3672 -0.0204 1.0000	</row3>
		</transform>
	</node>
</RSB007_Izmail_1943_MidBack.skel_ext>
