<BSS001_Alliance_1960_Bow_ep.skel_ext>
	<exported>	false	</exported>
	<node>
		<identifier>	EP_Death_1	</identifier>
		<parent>	Scene Root	</parent>
		<transform>
			<row0>	1.0000 0.0000 0.0000 0.0000	</row0>
			<row1>	0.0000 1.0000 0.0000 0.0000	</row1>
			<row2>	0.0000 0.0000 1.0000 0.0000	</row2>
			<row3>	0.0000 0.0000 1.8322 1.0000	</row3>
		</transform>
	</node>
	<node>
		<identifier>	EP_Descent_1	</identifier>
		<parent>	Scene Root	</parent>
		<transform>
			<row0>	0.4946 -0.8691 0.0000 0.0000	</row0>
			<row1>	0.8691 0.4946 0.0000 0.0000	</row1>
			<row2>	0.0000 0.0000 1.0000 0.0000	</row2>
			<row3>	0.0732 0.0801 2.2159 1.0000	</row3>
		</transform>
	</node>
	<node>
		<identifier>	EP_Descent_3	</identifier>
		<parent>	Scene Root	</parent>
		<transform>
			<row0>	-0.4946 -0.8691 0.0000 0.0000	</row0>
			<row1>	-0.8691 0.4946 0.0000 0.0000	</row1>
			<row2>	0.0000 0.0000 -1.0000 0.0000	</row2>
			<row3>	-0.0722 0.0824 2.3382 1.0000	</row3>
		</transform>
	</node>
	<node>
		<identifier>	EP_Hydrophone	</identifier>
		<parent>	Scene Root	</parent>
		<transform>
			<row0>	1.0000 0.0000 0.0000 0.0000	</row0>
			<row1>	0.0000 1.0000 0.0000 0.0000	</row1>
			<row2>	0.0000 0.0000 1.0000 0.0000	</row2>
			<row3>	0.0000 0.1378 2.8395 1.0000	</row3>
		</transform>
	</node>
	<node>
		<identifier>	EP_Runoff_deluge_left	</identifier>
		<parent>	Scene Root	</parent>
		<transform>
			<row0>	-0.9984 0.0526 0.0153 0.0000	</row0>
			<row1>	0.0529 0.9984 0.0198 0.0000	</row1>
			<row2>	-0.0141 0.0206 -0.9997 0.0000	</row2>
			<row3>	-0.0946 0.0189 1.7654 1.0000	</row3>
		</transform>
	</node>
	<node>
		<identifier>	EP_Runoff_deluge_left_1	</identifier>
		<parent>	Scene Root	</parent>
		<transform>
			<row0>	-0.9982 0.0526 0.0281 0.0000	</row0>
			<row1>	0.0531 0.9984 0.0191 0.0000	</row1>
			<row2>	-0.0270 0.0206 -0.9994 0.0000	</row2>
			<row3>	-0.0936 0.0228 1.6900 1.0000	</row3>
		</transform>
	</node>
	<node>
		<identifier>	EP_Runoff_deluge_right	</identifier>
		<parent>	Scene Root	</parent>
		<transform>
			<row0>	0.9986 0.0526 -0.0011 0.0000	</row0>
			<row1>	-0.0526 0.9984 -0.0206 0.0000	</row1>
			<row2>	0.0000 0.0206 0.9998 0.0000	</row2>
			<row3>	0.0950 0.0190 1.7651 1.0000	</row3>
		</transform>
	</node>
	<node>
		<identifier>	EP_Runoff_deluge_right_1	</identifier>
		<parent>	Scene Root	</parent>
		<transform>
			<row0>	0.9986 0.0526 -0.0011 0.0000	</row0>
			<row1>	-0.0526 0.9984 -0.0206 0.0000	</row1>
			<row2>	0.0000 0.0206 0.9998 0.0000	</row2>
			<row3>	0.0940 0.0230 1.6902 1.0000	</row3>
		</transform>
	</node>
	<node>
		<identifier>	EP_WakeTrace	</identifier>
		<parent>	Scene Root	</parent>
		<transform>
			<row0>	1.0000 0.0000 0.0000 0.0000	</row0>
			<row1>	0.0000 1.0000 0.0000 0.0000	</row1>
			<row2>	0.0000 0.0000 1.0000 0.0000	</row2>
			<row3>	0.0000 0.0000 2.7707 1.0000	</row3>
		</transform>
	</node>
</BSS001_Alliance_1960_Bow_ep.skel_ext>
