<AGM222_8in_55_Mk16_quadruple.skel_ext>
	<exported>	true	</exported>
	<node>
		<identifier>	MP_AM054_Boat_6	</identifier>
		<parent>	Rotate_Y	</parent>
		<transform>
			<row0>	0.0952 0.0109 0.9954 0.0000	</row0>
			<row1>	0.9890 0.1127 -0.0958 0.0000	</row1>
			<row2>	-0.1132 0.9936 0.0000 0.0000	</row2>
			<row3>	0.3516 0.0909 -0.3848 1.0000	</row3>
		</transform>
	</node>
	<node>
		<identifier>	MP_AM054_Boat_6_INDEX_1	</identifier>
		<parent>	Rotate_Y	</parent>
		<transform>
			<row0>	0.0957 0.0050 0.9954 0.0000	</row0>
			<row1>	0.9940 0.0521 -0.0958 0.0000	</row1>
			<row2>	-0.0523 0.9986 0.0000 0.0000	</row2>
			<row3>	0.3780 0.0926 -0.1628 1.0000	</row3>
		</transform>
	</node>
	<node>
		<identifier>	MP_AM054_Boat_6_INDEX_2	</identifier>
		<parent>	Rotate_Y	</parent>
		<transform>
			<row0>	0.0957 -0.0050 -0.9954 0.0000	</row0>
			<row1>	-0.9940 0.0521 -0.0958 0.0000	</row1>
			<row2>	0.0523 0.9986 0.0000 0.0000	</row2>
			<row3>	-0.3673 0.0921 -0.2741 1.0000	</row3>
		</transform>
	</node>
	<node>
		<identifier>	MP_AM054_Boat_6_INDEX_3	</identifier>
		<parent>	Rotate_Y	</parent>
		<transform>
			<row0>	0.0957 0.0050 0.9954 0.0000	</row0>
			<row1>	0.9940 0.0521 -0.0958 0.0000	</row1>
			<row2>	-0.0523 0.9986 0.0000 0.0000	</row2>
			<row3>	0.3673 0.0921 -0.2741 1.0000	</row3>
		</transform>
	</node>
	<node>
		<identifier>	MP_AM054_Boat_6_INDEX_4	</identifier>
		<parent>	Rotate_Y	</parent>
		<transform>
			<row0>	0.0957 -0.0050 -0.9954 0.0000	</row0>
			<row1>	-0.9940 0.0521 -0.0958 0.0000	</row1>
			<row2>	0.0523 0.9986 0.0000 0.0000	</row2>
			<row3>	-0.3780 0.0926 -0.1628 1.0000	</row3>
		</transform>
	</node>
	<node>
		<identifier>	MP_AM054_Boat_6_INDEX_5	</identifier>
		<parent>	Rotate_Y	</parent>
		<transform>
			<row0>	0.0952 -0.0109 -0.9954 0.0000	</row0>
			<row1>	-0.9890 0.1127 -0.0958 0.0000	</row1>
			<row2>	0.1132 0.9936 0.0000 0.0000	</row2>
			<row3>	-0.3516 0.0909 -0.3848 1.0000	</row3>
		</transform>
	</node>
	<node>
		<identifier>	MP_AM074_Floater_Net_Basket_2	</identifier>
		<parent>	Rotate_Y	</parent>
		<transform>
			<row0>	0.2672 0.0000 0.9636 0.0000	</row0>
			<row1>	0.0000 1.0000 0.0000 0.0000	</row1>
			<row2>	-0.9636 0.0000 0.2672 0.0000	</row2>
			<row3>	-0.3519 0.0158 0.0973 1.0000	</row3>
		</transform>
	</node>
	<node>
		<identifier>	MP_AM074_Floater_Net_Basket_2_INDEX_1	</identifier>
		<parent>	Rotate_Y	</parent>
		<transform>
			<row0>	0.2672 0.0000 -0.9636 0.0000	</row0>
			<row1>	0.0000 1.0000 0.0000 0.0000	</row1>
			<row2>	0.9636 0.0000 0.2672 0.0000	</row2>
			<row3>	0.3519 0.0158 0.0973 1.0000	</row3>
		</transform>
	</node>
	<node>
		<identifier>	MP_AM1536_For_two_turret_Mk16_quadruple	</identifier>
		<parent>	Rotate_Y	</parent>
		<transform>
			<row0>	1.0000 0.0000 0.0000 0.0000	</row0>
			<row1>	0.0000 1.0000 0.0000 0.0000	</row1>
			<row2>	0.0000 0.0000 1.0000 0.0000	</row2>
			<row3>	0.0000 0.0000 0.0000 1.0000	</row3>
		</transform>
	</node>
	<node>
		<identifier>	MP_AM1537_For_one_turret_Mk16_quadruple	</identifier>
		<parent>	Rotate_Y	</parent>
		<transform>
			<row0>	1.0000 0.0000 0.0000 0.0000	</row0>
			<row1>	0.0000 1.0000 0.0000 0.0000	</row1>
			<row2>	0.0000 0.0000 1.0000 0.0000	</row2>
			<row3>	0.0000 0.0000 0.0000 1.0000	</row3>
		</transform>
	</node>
	<node>
		<identifier>	MP_AM1538_For_three_turret_Mk16_quadruple	</identifier>
		<parent>	Rotate_Y	</parent>
		<transform>
			<row0>	1.0000 0.0000 0.0000 0.0000	</row0>
			<row1>	0.0000 1.0000 0.0000 0.0000	</row1>
			<row2>	0.0000 0.0000 1.0000 0.0000	</row2>
			<row3>	0.0000 0.0000 0.0000 1.0000	</row3>
		</transform>
	</node>
	<node>
		<identifier>	MP_AM650_Radar_Mk27	</identifier>
		<parent>	Rotate_Y	</parent>
		<transform>
			<row0>	1.0000 0.0000 0.0000 0.0000	</row0>
			<row1>	0.0000 1.0000 0.0000 0.0000	</row1>
			<row2>	0.0000 0.0000 1.0000 0.0000	</row2>
			<row3>	0.3319 0.1856 0.0136 1.0000	</row3>
		</transform>
	</node>
	<node>
		<identifier>	MP_AM650_Radar_Mk27_INDEX_1	</identifier>
		<parent>	Rotate_Y	</parent>
		<transform>
			<row0>	1.0000 -0.0016 0.0003 0.0000	</row0>
			<row1>	0.0016 1.0000 0.0017 0.0000	</row1>
			<row2>	-0.0003 -0.0017 1.0000 0.0000	</row2>
			<row3>	-0.3319 0.1856 0.0136 1.0000	</row3>
		</transform>
	</node>
	<node>
		<identifier>	MP_CM031_Bullet_shell	</identifier>
		<parent>	Rotate_Y	</parent>
		<transform>
			<row0>	0.1413 -0.9509 0.2753 0.0000	</row0>
			<row1>	0.8746 -0.0104 -0.4847 0.0000	</row1>
			<row2>	0.4637 0.3092 0.8303 0.0000	</row2>
			<row3>	-0.1684 0.0258 0.3747 1.0000	</row3>
		</transform>
	</node>
	<node>
		<identifier>	MP_CM031_Bullet_shell_INDEX_1	</identifier>
		<parent>	Rotate_Y	</parent>
		<transform>
			<row0>	-0.4840 -0.7288 -0.4843 0.0000	</row0>
			<row1>	-0.7073 0.0000 0.7069 0.0000	</row1>
			<row2>	-0.5152 0.6847 -0.5155 0.0000	</row2>
			<row3>	0.0784 0.0256 0.3367 1.0000	</row3>
		</transform>
	</node>
	<node>
		<identifier>	MP_CM031_Bullet_shell_INDEX_2	</identifier>
		<parent>	Rotate_Y	</parent>
		<transform>
			<row0>	0.0016 1.0000 0.0017 0.0000	</row0>
			<row1>	-0.7073 0.0000 0.7069 0.0000	</row1>
			<row2>	0.7069 -0.0024 0.7073 0.0000	</row2>
			<row3>	0.2418 0.0255 0.3362 1.0000	</row3>
		</transform>
	</node>
	<node>
		<identifier>	MP_CM031_Bullet_shell_INDEX_3	</identifier>
		<parent>	Rotate_Y	</parent>
		<transform>
			<row0>	-0.4672 -0.1257 0.8751 0.0000	</row0>
			<row1>	0.8368 0.2566 0.4836 0.0000	</row1>
			<row2>	-0.2854 0.9583 -0.0147 0.0000	</row2>
			<row3>	0.1514 0.0256 0.3413 1.0000	</row3>
		</transform>
	</node>
	<node>
		<identifier>	MP_CM031_Bullet_shell_INDEX_4	</identifier>
		<parent>	Rotate_Y	</parent>
		<transform>
			<row0>	0.2012 0.9789 0.0354 0.0000	</row0>
			<row1>	-0.1528 -0.0043 0.9882 0.0000	</row1>
			<row2>	0.9676 -0.2042 0.1487 0.0000	</row2>
			<row3>	-0.2437 0.0257 0.3049 1.0000	</row3>
		</transform>
	</node>
	<node>
		<identifier>	MP_CM031_Bullet_shell_INDEX_5	</identifier>
		<parent>	Rotate_Y	</parent>
		<transform>
			<row0>	0.1714 -0.7450 -0.6447 0.0000	</row0>
			<row1>	-0.9658 0.0020 -0.2591 0.0000	</row1>
			<row2>	0.1943 0.6671 -0.7192 0.0000	</row2>
			<row3>	-0.1576 0.0258 0.3958 1.0000	</row3>
		</transform>
	</node>
	<node>
		<identifier>	MP_CM031_Bullet_shell_INDEX_6	</identifier>
		<parent>	Rotate_Y	</parent>
		<transform>
			<row0>	-0.4629 -0.8606 -0.2124 0.0000	</row0>
			<row1>	-0.4043 -0.0082 0.9146 0.0000	</row1>
			<row2>	-0.7889 0.5092 -0.3442 0.0000	</row2>
			<row3>	0.1161 0.0258 0.3001 1.0000	</row3>
		</transform>
	</node>
	<node>
		<identifier>	MP_CM031_Bullet_shell_INDEX_7	</identifier>
		<parent>	Rotate_Y	</parent>
		<transform>
			<row0>	0.2226 -0.9640 -0.1452 0.0000	</row0>
			<row1>	-0.4997 0.0150 -0.8660 0.0000	</row1>
			<row2>	0.8371 0.2653 -0.4784 0.0000	</row2>
			<row3>	-0.0228 0.0258 0.3926 1.0000	</row3>
		</transform>
	</node>
	<node>
		<identifier>	SP_YMS100_YGBS_M_1	</identifier>
		<parent>	Rotate_X	</parent>
		<transform>
			<row0>	0.5210 0.0000 0.0000 0.0000	</row0>
			<row1>	0.0000 0.5210 0.0000 0.0000	</row1>
			<row2>	0.0000 0.0000 0.5210 0.0000	</row2>
			<row3>	-0.2184 -0.0003 0.2304 1.0000	</row3>
		</transform>
	</node>
	<node>
		<identifier>	SP_YMS100_YGBS_M_1_INDEX_1	</identifier>
		<parent>	Rotate_X	</parent>
		<transform>
			<row0>	0.5210 0.0000 0.0000 0.0000	</row0>
			<row1>	0.0000 0.5210 0.0000 0.0000	</row1>
			<row2>	0.0000 0.0000 0.5210 0.0000	</row2>
			<row3>	0.2184 -0.0003 0.2304 1.0000	</row3>
		</transform>
	</node>
	<node>
		<identifier>	SP_YMS100_YGBS_M_1_INDEX_2	</identifier>
		<parent>	Rotate_X	</parent>
		<transform>
			<row0>	0.5210 0.0000 0.0000 0.0000	</row0>
			<row1>	0.0000 0.5210 0.0000 0.0000	</row1>
			<row2>	0.0000 0.0000 0.5210 0.0000	</row2>
			<row3>	0.0728 -0.0003 0.2304 1.0000	</row3>
		</transform>
	</node>
	<node>
		<identifier>	SP_YMS100_YGBS_M_1_INDEX_3	</identifier>
		<parent>	Rotate_X	</parent>
		<transform>
			<row0>	0.5210 0.0000 0.0000 0.0000	</row0>
			<row1>	0.0000 0.5210 0.0000 0.0000	</row1>
			<row2>	0.0000 0.0000 0.5210 0.0000	</row2>
			<row3>	-0.0728 -0.0003 0.2304 1.0000	</row3>
		</transform>
	</node>
	<node>
		<identifier>	SP_YMS101_YGCS_M_1	</identifier>
		<parent>	Rotate_Y	</parent>
		<transform>
			<row0>	1.0000 0.0000 0.0000 0.0000	</row0>
			<row1>	0.0000 1.0838 0.0000 0.0000	</row1>
			<row2>	0.0000 0.0000 1.2794 0.0000	</row2>
			<row3>	-0.2184 0.0328 0.3965 1.0000	</row3>
		</transform>
	</node>
	<node>
		<identifier>	SP_YMS101_YGCS_M_1_INDEX_1	</identifier>
		<parent>	Rotate_Y	</parent>
		<transform>
			<row0>	1.0000 0.0000 0.0000 0.0000	</row0>
			<row1>	0.0000 1.0838 0.0000 0.0000	</row1>
			<row2>	0.0000 0.0000 1.2794 0.0000	</row2>
			<row3>	0.2184 0.0328 0.3965 1.0000	</row3>
		</transform>
	</node>
	<node>
		<identifier>	SP_YMS101_YGCS_M_1_INDEX_2	</identifier>
		<parent>	Rotate_Y	</parent>
		<transform>
			<row0>	1.0000 0.0000 0.0000 0.0000	</row0>
			<row1>	0.0000 1.0838 0.0000 0.0000	</row1>
			<row2>	0.0000 0.0000 1.2794 0.0000	</row2>
			<row3>	0.0728 0.0328 0.3965 1.0000	</row3>
		</transform>
	</node>
	<node>
		<identifier>	SP_YMS101_YGCS_M_1_INDEX_3	</identifier>
		<parent>	Rotate_Y	</parent>
		<transform>
			<row0>	1.0000 0.0000 0.0000 0.0000	</row0>
			<row1>	0.0000 1.0838 0.0000 0.0000	</row1>
			<row2>	0.0000 0.0000 1.2794 0.0000	</row2>
			<row3>	-0.0728 0.0328 0.3965 1.0000	</row3>
		</transform>
	</node>
	<node>
		<identifier>	SP_YMS104_YGRS_M_1	</identifier>
		<parent>	Roll_Back1	</parent>
		<transform>
			<row0>	0.5213 0.0000 0.0000 0.0000	</row0>
			<row1>	0.0000 0.5213 0.0000 0.0000	</row1>
			<row2>	0.0000 0.0000 0.5213 0.0000	</row2>
			<row3>	-0.2184 0.0002 0.2458 1.0000	</row3>
		</transform>
	</node>
	<node>
		<identifier>	SP_YMS104_YGRS_M_1_INDEX_1	</identifier>
		<parent>	Roll_Back1	</parent>
		<transform>
			<row0>	0.5213 0.0000 0.0000 0.0000	</row0>
			<row1>	0.0000 0.5213 0.0000 0.0000	</row1>
			<row2>	0.0000 0.0000 0.5213 0.0000	</row2>
			<row3>	0.2184 0.0002 0.2458 1.0000	</row3>
		</transform>
	</node>
	<node>
		<identifier>	SP_YMS104_YGRS_M_1_INDEX_2	</identifier>
		<parent>	Roll_Back1	</parent>
		<transform>
			<row0>	0.5210 0.0000 0.0000 0.0000	</row0>
			<row1>	0.0000 0.5210 0.0000 0.0000	</row1>
			<row2>	0.0000 0.0000 0.5210 0.0000	</row2>
			<row3>	-0.0728 0.0002 0.2458 1.0000	</row3>
		</transform>
	</node>
	<node>
		<identifier>	SP_YMS104_YGRS_M_1_INDEX_3	</identifier>
		<parent>	Roll_Back1	</parent>
		<transform>
			<row0>	0.5210 0.0000 0.0000 0.0000	</row0>
			<row1>	0.0000 0.5210 0.0000 0.0000	</row1>
			<row2>	0.0000 0.0000 0.5210 0.0000	</row2>
			<row3>	0.0728 0.0002 0.2458 1.0000	</row3>
		</transform>
	</node>
	<node>
		<identifier>	SP_YMS105_YGLC_M_1	</identifier>
		<parent>	Rotate_Y	</parent>
		<transform>
			<row0>	0.9386 0.0000 0.0000 0.0000	</row0>
			<row1>	0.0000 0.9376 -0.0445 0.0000	</row1>
			<row2>	0.0000 0.0445 0.9376 0.0000	</row2>
			<row3>	0.0000 0.1770 -0.3250 1.0000	</row3>
		</transform>
	</node>
	<node>
		<identifier>	SP_YMS106_YGLL_M_1	</identifier>
		<parent>	Rotate_Y	</parent>
		<transform>
			<row0>	0.8005 -0.0812 -0.2202 0.0000	</row0>
			<row1>	0.0842 0.8300 0.0003 0.0000	</row1>
			<row2>	0.2191 -0.0226 0.8046 0.0000	</row2>
			<row3>	-0.3439 0.1403 0.0936 1.0000	</row3>
		</transform>
	</node>
	<node>
		<identifier>	SP_YMS107_YGLR_M_1	</identifier>
		<parent>	Rotate_Y	</parent>
		<transform>
			<row0>	0.8003 0.0811 0.2202 0.0000	</row0>
			<row1>	-0.0842 0.8297 0.0003 0.0000	</row1>
			<row2>	-0.2190 -0.0226 0.8044 0.0000	</row2>
			<row3>	0.3439 0.1403 0.0896 1.0000	</row3>
		</transform>
	</node>
</AGM222_8in_55_Mk16_quadruple.skel_ext>
