<RSB014_Novorossiysk_1951_MidBack_ep.skel_ext>
	<exported>	false	</exported>
	<node>
		<identifier>	EP_Fire_3	</identifier>
		<parent>	Scene Root	</parent>
		<transform>
			<row0>	1.0000 0.0000 0.0000 0.0000	</row0>
			<row1>	0.0000 1.0000 0.0000 0.0000	</row1>
			<row2>	0.0000 0.0000 1.0000 0.0000	</row2>
			<row3>	0.0000 0.3667 -1.4605 1.0000	</row3>
		</transform>
	</node>
	<node>
		<identifier>	EP_Fire_3_side_1	</identifier>
		<parent>	Scene Root	</parent>
		<transform>
			<row0>	0.9981 0.0000 -0.0623 0.0000	</row0>
			<row1>	0.0000 1.0000 0.0000 0.0000	</row1>
			<row2>	0.0623 0.0000 0.9981 0.0000	</row2>
			<row3>	0.7282 0.3365 -1.9914 1.0000	</row3>
		</transform>
	</node>
	<node>
		<identifier>	EP_Flood_steam_2	</identifier>
		<parent>	Scene Root	</parent>
		<transform>
			<row0>	0.3997 0.5258 -0.7509 0.0000	</row0>
			<row1>	-0.7961 0.6052 0.0000 0.0000	</row1>
			<row2>	0.4544 0.5978 0.6605 0.0000	</row2>
			<row3>	-0.0680 1.2044 -0.5787 1.0000	</row3>
		</transform>
	</node>
	<node>
		<identifier>	EP_Flood_steam_3	</identifier>
		<parent>	Scene Root	</parent>
		<transform>
			<row0>	-0.4179 0.5258 0.7409 0.0000	</row0>
			<row1>	0.7958 0.6052 0.0195 0.0000	</row1>
			<row2>	-0.4381 0.5978 -0.6714 0.0000	</row2>
			<row3>	0.0680 1.2044 -0.5787 1.0000	</row3>
		</transform>
	</node>
	<node>
		<identifier>	EP_Flood_steam_right	</identifier>
		<parent>	Scene Root	</parent>
		<transform>
			<row0>	0.9974 0.0000 -0.0725 0.0000	</row0>
			<row1>	0.0000 1.0000 0.0000 0.0000	</row1>
			<row2>	0.0725 0.0000 0.9974 0.0000	</row2>
			<row3>	0.8025 0.1858 -2.9505 1.0000	</row3>
		</transform>
	</node>
	<node>
		<identifier>	EP_Flood_water_left	</identifier>
		<parent>	Scene Root	</parent>
		<transform>
			<row0>	-1.0000 0.0000 0.0000 0.0000	</row0>
			<row1>	0.0000 1.0000 0.0000 0.0000	</row1>
			<row2>	0.0000 0.0000 -1.0000 0.0000	</row2>
			<row3>	-0.8316 0.0260 -2.4808 1.0000	</row3>
		</transform>
	</node>
	<node>
		<identifier>	EP_Flood_water_right	</identifier>
		<parent>	Scene Root	</parent>
		<transform>
			<row0>	0.9976 0.0000 -0.0698 0.0000	</row0>
			<row1>	0.0000 1.0000 0.0000 0.0000	</row1>
			<row2>	0.0698 0.0000 0.9976 0.0000	</row2>
			<row3>	0.8312 0.0260 -2.4813 1.0000	</row3>
		</transform>
	</node>
	<node>
		<identifier>	EP_RepairLight_left_2	</identifier>
		<parent>	Scene Root	</parent>
		<transform>
			<row0>	-0.0707 0.0000 0.9975 0.0000	</row0>
			<row1>	-0.0025 1.0000 -0.0002 0.0000	</row1>
			<row2>	-0.9975 -0.0025 -0.0707 0.0000	</row2>
			<row3>	-0.8049 0.2166 -2.6676 1.0000	</row3>
		</transform>
	</node>
	<node>
		<identifier>	EP_RepairLight_right_2	</identifier>
		<parent>	Scene Root	</parent>
		<transform>
			<row0>	-0.0984 0.0000 -0.9951 0.0000	</row0>
			<row1>	0.0000 1.0000 0.0000 0.0000	</row1>
			<row2>	0.9951 0.0000 -0.0984 0.0000	</row2>
			<row3>	0.7911 0.2082 -3.2637 1.0000	</row3>
		</transform>
	</node>
	<node>
		<identifier>	EP_Smoke_2	</identifier>
		<parent>	Scene Root	</parent>
		<transform>
			<row0>	0.9962 0.0849 -0.0200 0.0000	</row0>
			<row1>	-0.0872 0.9697 -0.2282 0.0000	</row1>
			<row2>	0.0000 0.2291 0.9734 0.0000	</row2>
			<row3>	0.0000 1.0863 -0.6848 1.0000	</row3>
		</transform>
	</node>
</RSB014_Novorossiysk_1951_MidBack_ep.skel_ext>
