<RSC027_Novik_1904_Bow.skel_ext>
	<exported>	true	</exported>
	<node>
		<identifier>	MP_RM024_Searchlight	</identifier>
		<parent>	Scene Root	</parent>
		<transform>
			<row0>	1.0000 0.0000 0.0000 0.0000	</row0>
			<row1>	0.0000 1.0000 0.0000 0.0000	</row1>
			<row2>	0.0000 0.0000 1.0000 0.0000	</row2>
			<row3>	0.0000 0.4176 2.1775 1.0000	</row3>
		</transform>
	</node>
	<node>
		<identifier>	MP_RM225_Alarm	</identifier>
		<parent>	Scene Root	</parent>
		<transform>
			<row0>	0.7071 0.0000 -0.7071 0.0000	</row0>
			<row1>	-0.1228 0.9848 -0.1228 0.0000	</row1>
			<row2>	0.6964 0.1736 0.6964 0.0000	</row2>
			<row3>	0.0183 0.4046 2.1961 1.0000	</row3>
		</transform>
	</node>
	<node>
		<identifier>	MP_RM265_Bollard	</identifier>
		<parent>	Scene Root	</parent>
		<transform>
			<row0>	0.9992 0.0174 -0.0349 0.0000	</row0>
			<row1>	-0.0175 0.9998 0.0000 0.0000	</row1>
			<row2>	0.0349 0.0006 0.9994 0.0000	</row2>
			<row3>	-0.1023 0.3497 2.0777 1.0000	</row3>
		</transform>
	</node>
	<node>
		<identifier>	MP_RM265_Bollard_INDEX_1	</identifier>
		<parent>	Scene Root	</parent>
		<transform>
			<row0>	0.9992 -0.0174 0.0349 0.0000	</row0>
			<row1>	0.0175 0.9998 0.0000 0.0000	</row1>
			<row2>	-0.0349 0.0006 0.9994 0.0000	</row2>
			<row3>	0.1023 0.3497 2.0777 1.0000	</row3>
		</transform>
	</node>
	<node>
		<identifier>	MP_RM841_Crest_Novik_Bow	</identifier>
		<parent>	Scene Root	</parent>
		<transform>
			<row0>	1.0000 0.0000 0.0000 0.0000	</row0>
			<row1>	0.0000 1.0000 0.0000 0.0000	</row1>
			<row2>	0.0000 0.0000 1.0000 0.0000	</row2>
			<row3>	0.0000 0.3444 3.5494 1.0000	</row3>
		</transform>
	</node>
</RSC027_Novik_1904_Bow.skel_ext>
