<ASD306_Hull_1970_MidFront_ports.visual>
	<skeleton>
		<node>
			<identifier>	Scene Root	</identifier>
			<transform>
				<row0>	1.0000 0.0000 0.0000 0.0000	</row0>
				<row1>	0.0000 1.0000 0.0000 0.0000	</row1>
				<row2>	0.0000 0.0000 1.0000 0.0000	</row2>
				<row3>	0.0000 0.0000 0.0000 1.0000	</row3>
			</transform>
			<node>
				<identifier>	MidFront_ports	</identifier>
				<transform>
					<row0>	1.0000 0.0000 0.0000 0.0000	</row0>
					<row1>	0.0000 1.0000 0.0000 0.0000	</row1>
					<row2>	0.0000 0.0000 1.0000 0.0000	</row2>
					<row3>	0.0000 0.0000 0.0000 1.0000	</row3>
				</transform>
				<node>
					<identifier>	HP_AD_1	</identifier>
					<transform>
						<row0>	1.0000 0.0000 0.0000 0.0000	</row0>
						<row1>	0.0000 1.0000 0.0000 0.0000	</row1>
						<row2>	0.0000 0.0000 1.0000 0.0000	</row2>
						<row3>	0.0000 0.9257 1.3427 1.0000	</row3>
					</transform>
				</node>
				<node>
					<identifier>	HP_AGA_1	</identifier>
					<transform>
						<row0>	1.0000 0.0000 0.0000 0.0000	</row0>
						<row1>	0.0000 1.0000 0.0000 0.0000	</row1>
						<row2>	0.0000 0.0000 1.0000 0.0000	</row2>
						<row3>	0.0000 0.4763 2.0621 1.0000	</row3>
					</transform>
				</node>
				<node>
					<identifier>	HP_AGM_1	</identifier>
					<transform>
						<row0>	1.0000 0.0000 0.0000 0.0000	</row0>
						<row1>	0.0000 1.0000 0.0000 0.0000	</row1>
						<row2>	0.0000 0.0000 1.0000 0.0000	</row2>
						<row3>	0.0000 0.4096 2.7514 1.0000	</row3>
					</transform>
				</node>
				<node>
					<identifier>	HP_AGT_1	</identifier>
					<transform>
						<row0>	0.7168 0.0000 0.6973 0.0000	</row0>
						<row1>	0.0000 1.0000 0.0000 0.0000	</row1>
						<row2>	-0.6973 0.0000 0.7168 0.0000	</row2>
						<row3>	-0.2252 0.4111 0.5619 1.0000	</row3>
					</transform>
				</node>
				<node>
					<identifier>	HP_AGT_2	</identifier>
					<transform>
						<row0>	0.7168 0.0000 -0.6973 0.0000	</row0>
						<row1>	0.0000 1.0000 0.0000 0.0000	</row1>
						<row2>	0.6973 0.0000 0.7168 0.0000	</row2>
						<row3>	0.2252 0.4111 0.5619 1.0000	</row3>
					</transform>
				</node>
				<node>
					<identifier>	HP_AGT_3	</identifier>
					<transform>
						<row0>	0.7168 0.0000 0.6973 0.0000	</row0>
						<row1>	0.0000 1.0000 0.0000 0.0000	</row1>
						<row2>	-0.6973 0.0000 0.7168 0.0000	</row2>
						<row3>	-0.2301 0.4111 0.5067 1.0000	</row3>
					</transform>
				</node>
				<node>
					<identifier>	HP_AGT_4	</identifier>
					<transform>
						<row0>	0.7168 0.0000 -0.6973 0.0000	</row0>
						<row1>	0.0000 1.0000 0.0000 0.0000	</row1>
						<row2>	0.6973 0.0000 0.7168 0.0000	</row2>
						<row3>	0.2301 0.4111 0.5067 1.0000	</row3>
					</transform>
				</node>
				<node>
					<identifier>	HP_ARS_1	</identifier>
					<transform>
						<row0>	1.0000 0.0000 0.0000 0.0000	</row0>
						<row1>	0.0000 1.0000 0.0000 0.0000	</row1>
						<row2>	0.0000 0.0000 1.0000 0.0000	</row2>
						<row3>	-0.0005 1.5467 1.1685 1.0000	</row3>
					</transform>
				</node>
				<node>
					<identifier>	HP_ARS_2	</identifier>
					<transform>
						<row0>	1.0000 0.0000 0.0000 0.0000	</row0>
						<row1>	0.0000 1.0000 0.0000 0.0000	</row1>
						<row2>	0.0000 0.0000 1.0000 0.0000	</row2>
						<row3>	0.0000 1.8166 0.9476 1.0000	</row3>
					</transform>
				</node>
				<node>
					<identifier>	HP_FX_Death_1	</identifier>
					<transform>
						<row0>	1.0000 0.0000 0.0000 0.0000	</row0>
						<row1>	0.0000 1.0000 0.0000 0.0000	</row1>
						<row2>	0.0000 0.0000 1.0000 0.0000	</row2>
						<row3>	0.0000 0.0000 2.3814 1.0000	</row3>
					</transform>
				</node>
				<node>
					<identifier>	HP_FX_Fire_2	</identifier>
					<transform>
						<row0>	1.0000 0.0000 0.0000 0.0000	</row0>
						<row1>	0.0000 1.0000 0.0000 0.0000	</row1>
						<row2>	0.0000 0.0000 1.0000 0.0000	</row2>
						<row3>	0.0000 0.8588 1.3877 1.0000	</row3>
					</transform>
				</node>
				<node>
					<identifier>	HP_FX_Fire_2_side_1	</identifier>
					<transform>
						<row0>	1.0000 0.0000 0.0000 0.0000	</row0>
						<row1>	0.0000 1.0000 0.0000 0.0000	</row1>
						<row2>	0.0000 0.0000 1.0000 0.0000	</row2>
						<row3>	-0.2733 0.5763 2.1272 1.0000	</row3>
					</transform>
				</node>
				<node>
					<identifier>	HP_FX_Fire_2_side_2	</identifier>
					<transform>
						<row0>	1.0000 0.0000 0.0000 0.0000	</row0>
						<row1>	0.0000 1.0000 0.0000 0.0000	</row1>
						<row2>	0.0000 0.0000 1.0000 0.0000	</row2>
						<row3>	0.2436 0.6009 0.8530 1.0000	</row3>
					</transform>
				</node>
				<node>
					<identifier>	HP_FX_FloodLight_left_1	</identifier>
					<transform>
						<row0>	-1.0000 0.0000 0.0000 0.0000	</row0>
						<row1>	0.0000 1.0000 0.0000 0.0000	</row1>
						<row2>	0.0000 0.0000 -1.0000 0.0000	</row2>
						<row3>	-0.3310 0.5788 1.4433 1.0000	</row3>
					</transform>
				</node>
				<node>
					<identifier>	HP_FX_FloodLight_right_2	</identifier>
					<transform>
						<row0>	1.0000 0.0000 0.0000 0.0000	</row0>
						<row1>	0.0000 1.0000 0.0000 0.0000	</row1>
						<row2>	0.0000 0.0000 1.0000 0.0000	</row2>
						<row3>	0.3298 0.5787 1.4468 1.0000	</row3>
					</transform>
				</node>
				<node>
					<identifier>	HP_FX_Flood_steam_1	</identifier>
					<transform>
						<row0>	0.9479 0.0600 -0.3130 0.0000	</row0>
						<row1>	-0.2909 0.5643 -0.7727 0.0000	</row1>
						<row2>	0.1303 0.8234 0.5523 0.0000	</row2>
						<row3>	-0.0192 1.0775 0.5907 1.0000	</row3>
					</transform>
				</node>
				<node>
					<identifier>	HP_FX_Flood_steam_left	</identifier>
					<transform>
						<row0>	-1.0000 0.0000 0.0000 0.0000	</row0>
						<row1>	0.0000 1.0000 0.0000 0.0000	</row1>
						<row2>	0.0000 0.0000 -1.0000 0.0000	</row2>
						<row3>	-0.3299 0.3190 1.1815 1.0000	</row3>
					</transform>
				</node>
				<node>
					<identifier>	HP_FX_RepairLight_left_1	</identifier>
					<transform>
						<row0>	1.0000 0.0000 0.0000 0.0000	</row0>
						<row1>	0.0000 1.0000 0.0000 0.0000	</row1>
						<row2>	0.0000 0.0000 1.0000 0.0000	</row2>
						<row3>	-0.3861 0.3038 2.1109 1.0000	</row3>
					</transform>
				</node>
				<node>
					<identifier>	HP_FX_Smoke_1	</identifier>
					<transform>
						<row0>	1.0000 0.0000 0.0000 0.0000	</row0>
						<row1>	0.0000 0.8950 -0.4459 0.0000	</row1>
						<row2>	0.0000 0.4459 0.8950 0.0000	</row2>
						<row3>	0.0000 1.1069 0.6622 1.0000	</row3>
					</transform>
				</node>
				<node>
					<identifier>	HP_Flagpole	</identifier>
					<transform>
						<row0>	0.7670 0.0000 0.0000 0.0000	</row0>
						<row1>	0.0000 0.7670 0.0000 0.0000	</row1>
						<row2>	0.0000 0.0000 0.7670 0.0000	</row2>
						<row3>	0.0000 2.0229 0.7867 1.0000	</row3>
					</transform>
				</node>
				<node>
					<identifier>	HP_Ship_death_2	</identifier>
					<transform>
						<row0>	1.0000 0.0000 0.0000 0.0000	</row0>
						<row1>	0.0000 1.0000 0.0000 0.0000	</row1>
						<row2>	0.0000 0.0000 1.0000 0.0000	</row2>
						<row3>	0.0000 0.0000 0.1758 1.0000	</row3>
					</transform>
				</node>
				<node>
					<identifier>	HP_flag_1	</identifier>
					<transform>
						<row0>	0.9984 -0.0553 -0.0093 0.0000	</row0>
						<row1>	0.0553 0.9437 0.3261 0.0000	</row1>
						<row2>	-0.0093 -0.3261 0.9453 0.0000	</row2>
						<row3>	0.3731 1.4627 1.0862 1.0000	</row3>
					</transform>
				</node>
				<node>
					<identifier>	HP_flag_2	</identifier>
					<transform>
						<row0>	0.9984 0.0555 0.0093 0.0000	</row0>
						<row1>	-0.0555 0.9436 0.3263 0.0000	</row1>
						<row2>	0.0093 -0.3263 0.9452 0.0000	</row2>
						<row3>	-0.3721 1.4629 1.0856 1.0000	</row3>
					</transform>
				</node>
				<node>
					<identifier>	HP_flag_3	</identifier>
					<transform>
						<row0>	0.9987 0.0493 0.0089 0.0000	</row0>
						<row1>	-0.0493 0.9359 0.3487 0.0000	</row1>
						<row2>	0.0089 -0.3487 0.9372 0.0000	</row2>
						<row3>	0.2614 1.4651 1.0823 1.0000	</row3>
					</transform>
				</node>
				<node>
					<identifier>	HP_flag_4	</identifier>
					<transform>
						<row0>	0.9987 -0.0501 -0.0090 0.0000	</row0>
						<row1>	0.0501 0.9362 0.3478 0.0000	</row1>
						<row2>	-0.0090 -0.3478 0.9375 0.0000	</row2>
						<row3>	-0.2604 1.4653 1.0818 1.0000	</row3>
					</transform>
				</node>
				<node>
					<identifier>	HP_flag_courtesy	</identifier>
					<transform>
						<row0>	0.9821 0.1869 -0.0223 0.0000	</row0>
						<row1>	-0.1869 0.9542 -0.2336 0.0000	</row1>
						<row2>	-0.0223 0.2336 0.9721 0.0000	</row2>
						<row3>	0.0342 1.6880 0.7835 1.0000	</row3>
					</transform>
				</node>
				<node>
					<identifier>	HP_flag_house	</identifier>
					<transform>
						<row0>	0.9845 -0.1741 0.0208 0.0000	</row0>
						<row1>	0.1741 0.9565 -0.2342 0.0000	</row1>
						<row2>	0.0208 0.2342 0.9720 0.0000	</row2>
						<row3>	-0.0329 1.6863 0.7839 1.0000	</row3>
					</transform>
				</node>
				<node>
					<identifier>	HP_flag_nation	</identifier>
					<transform>
						<row0>	0.9680 0.2511 -0.0037 0.0000	</row0>
						<row1>	-0.2511 0.9675 -0.0292 0.0000	</row1>
						<row2>	-0.0037 0.0292 0.9996 0.0000	</row2>
						<row3>	0.0022 1.6107 0.6739 1.0000	</row3>
					</transform>
				</node>
				<node>
					<identifier>	HP_flag_rank	</identifier>
					<transform>
						<row0>	0.9814 -0.1906 0.0228 0.0000	</row0>
						<row1>	0.1906 0.9534 -0.2340 0.0000	</row1>
						<row2>	0.0228 0.2340 0.9720 0.0000	</row2>
						<row3>	-0.0179 1.8003 0.7560 1.0000	</row3>
					</transform>
				</node>
				<node>
					<identifier>	MP_AM004_Fairlead_2	</identifier>
					<transform>
						<row0>	0.1933 -0.1104 -1.2313 0.0000	</row0>
						<row1>	0.0198 1.2463 -0.1086 0.0000	</row1>
						<row2>	1.2360 -0.0027 0.1943 0.0000	</row2>
						<row3>	0.2309 0.4275 3.7142 1.0000	</row3>
					</transform>
				</node>
				<node>
					<identifier>	MP_AM004_Fairlead_2_INDEX_1	</identifier>
					<transform>
						<row0>	-0.0938 0.0855 1.2448 0.0000	</row0>
						<row1>	0.0739 1.2465 -0.0800 0.0000	</row1>
						<row2>	-1.2455 0.0675 -0.0985 0.0000	</row2>
						<row3>	0.3512 0.3277 2.4644 1.0000	</row3>
					</transform>
				</node>
				<node>
					<identifier>	MP_AM004_Fairlead_2_INDEX_2	</identifier>
					<transform>
						<row0>	0.4412 -0.1360 -1.1629 0.0000	</row0>
						<row1>	0.0483 1.2438 -0.1272 0.0000	</row1>
						<row2>	1.1698 0.0000 0.4439 0.0000	</row2>
						<row3>	0.1366 0.4726 4.1591 1.0000	</row3>
					</transform>
				</node>
				<node>
					<identifier>	MP_AM004_Fairlead_2_INDEX_3	</identifier>
					<transform>
						<row0>	-0.1392 0.1077 1.2388 0.0000	</row0>
						<row1>	0.0381 1.2463 -0.1041 0.0000	</row1>
						<row2>	-1.2429 0.0262 -0.1419 0.0000	</row2>
						<row3>	0.2781 0.3923 3.3117 1.0000	</row3>
					</transform>
				</node>
				<node>
					<identifier>	MP_AM004_Fairlead_2_INDEX_4	</identifier>
					<transform>
						<row0>	-0.0860 -0.0855 -1.2453 0.0000	</row0>
						<row1>	-0.0734 1.2465 -0.0805 0.0000	</row1>
						<row2>	1.2461 0.0675 -0.0907 0.0000	</row2>
						<row3>	-0.3745 0.3050 2.1293 1.0000	</row3>
					</transform>
				</node>
				<node>
					<identifier>	MP_AM004_Fairlead_2_INDEX_5	</identifier>
					<transform>
						<row0>	0.1933 0.1104 1.2313 0.0000	</row0>
						<row1>	-0.0198 1.2463 -0.1086 0.0000	</row1>
						<row2>	-1.2360 -0.0027 0.1943 0.0000	</row2>
						<row3>	-0.2309 0.4275 3.7142 1.0000	</row3>
					</transform>
				</node>
				<node>
					<identifier>	MP_AM004_Fairlead_2_INDEX_6	</identifier>
					<transform>
						<row0>	-0.0860 0.0855 1.2453 0.0000	</row0>
						<row1>	0.0734 1.2465 -0.0805 0.0000	</row1>
						<row2>	-1.2461 0.0675 -0.0907 0.0000	</row2>
						<row3>	0.3745 0.3050 2.1293 1.0000	</row3>
					</transform>
				</node>
				<node>
					<identifier>	MP_AM004_Fairlead_2_INDEX_7	</identifier>
					<transform>
						<row0>	0.4412 0.1360 1.1629 0.0000	</row0>
						<row1>	-0.0483 1.2438 -0.1272 0.0000	</row1>
						<row2>	-1.1698 0.0000 0.4439 0.0000	</row2>
						<row3>	-0.1366 0.4726 4.1591 1.0000	</row3>
					</transform>
				</node>
				<node>
					<identifier>	MP_AM004_Fairlead_2_INDEX_8	</identifier>
					<transform>
						<row0>	-0.1392 -0.1077 -1.2388 0.0000	</row0>
						<row1>	-0.0381 1.2463 -0.1041 0.0000	</row1>
						<row2>	1.2429 0.0262 -0.1419 0.0000	</row2>
						<row3>	-0.2781 0.3921 3.3116 1.0000	</row3>
					</transform>
				</node>
				<node>
					<identifier>	MP_AM004_Fairlead_2_INDEX_9	</identifier>
					<transform>
						<row0>	-0.0938 -0.0855 -1.2448 0.0000	</row0>
						<row1>	-0.0739 1.2465 -0.0800 0.0000	</row1>
						<row2>	1.2455 0.0675 -0.0985 0.0000	</row2>
						<row3>	-0.3512 0.3277 2.4644 1.0000	</row3>
					</transform>
				</node>
				<node>
					<identifier>	MP_AM006_Reels_1	</identifier>
					<transform>
						<row0>	0.7019 0.0000 0.1115 0.0000	</row0>
						<row1>	-0.1115 0.0000 0.7019 0.0000	</row1>
						<row2>	0.0000 -0.7107 0.0000 0.0000	</row2>
						<row3>	-0.1592 0.4494 2.2597 1.0000	</row3>
					</transform>
				</node>
				<node>
					<identifier>	MP_AM018_Compass_Binnacle	</identifier>
					<transform>
						<row0>	1.0000 0.0000 0.0000 0.0000	</row0>
						<row1>	0.0000 1.0000 0.0000 0.0000	</row1>
						<row2>	0.0000 0.0000 1.0000 0.0000	</row2>
						<row3>	0.0000 0.3985 -0.1033 1.0000	</row3>
					</transform>
				</node>
				<node>
					<identifier>	MP_AM018_Compass_Binnacle_INDEX_1	</identifier>
					<transform>
						<row0>	1.0000 0.0000 0.0000 0.0000	</row0>
						<row1>	0.0000 1.0000 0.0000 0.0000	</row1>
						<row2>	0.0000 0.0000 1.0000 0.0000	</row2>
						<row3>	-0.0005 0.6117 1.6470 1.0000	</row3>
					</transform>
				</node>
				<node>
					<identifier>	MP_AM022_Ventilators_4	</identifier>
					<transform>
						<row0>	0.7828 0.0000 0.0000 0.0000	</row0>
						<row1>	0.0000 0.7828 0.0000 0.0000	</row1>
						<row2>	0.0000 0.0000 0.7828 0.0000	</row2>
						<row3>	0.0282 0.4040 3.4140 1.0000	</row3>
					</transform>
				</node>
				<node>
					<identifier>	MP_AM025_Pelorus_Mk7	</identifier>
					<transform>
						<row0>	0.0000 0.0000 -1.0660 0.0000	</row0>
						<row1>	0.0000 1.0660 0.0000 0.0000	</row1>
						<row2>	1.0660 0.0000 0.0000 0.0000	</row2>
						<row3>	0.3628 0.6225 1.4563 1.0000	</row3>
					</transform>
				</node>
				<node>
					<identifier>	MP_AM025_Pelorus_Mk7_INDEX_1	</identifier>
					<transform>
						<row0>	0.0000 0.0000 1.0660 0.0000	</row0>
						<row1>	0.0000 1.0660 0.0000 0.0000	</row1>
						<row2>	-1.0660 0.0000 0.0000 0.0000	</row2>
						<row3>	-0.3628 0.6225 1.4563 1.0000	</row3>
					</transform>
				</node>
				<node>
					<identifier>	MP_AM033_MK10_Hedgehog_Projector	</identifier>
					<transform>
						<row0>	0.9871 0.0079 0.1596 0.0000	</row0>
						<row1>	-0.0005 0.9989 -0.0468 0.0000	</row1>
						<row2>	-0.1598 0.0461 0.9861 0.0000	</row2>
						<row3>	-0.2639 0.4793 1.9342 1.0000	</row3>
					</transform>
				</node>
				<node>
					<identifier>	MP_AM033_MK10_Hedgehog_Projector_INDEX_1	</identifier>
					<transform>
						<row0>	0.9871 -0.0079 -0.1596 0.0000	</row0>
						<row1>	0.0005 0.9989 -0.0468 0.0000	</row1>
						<row2>	0.1598 0.0461 0.9861 0.0000	</row2>
						<row3>	0.2629 0.4793 1.9342 1.0000	</row3>
					</transform>
				</node>
				<node>
					<identifier>	MP_AM049_Signal_Lamp_1	</identifier>
					<transform>
						<row0>	1.0000 0.0000 0.0000 0.0000	</row0>
						<row1>	0.0000 1.0000 0.0000 0.0000	</row1>
						<row2>	0.0000 0.0000 1.0000 0.0000	</row2>
						<row3>	-0.0005 0.8990 4.3091 1.0000	</row3>
					</transform>
				</node>
				<node>
					<identifier>	MP_AM108_Reels_4	</identifier>
					<transform>
						<row0>	0.0105 -0.0472 -0.6255 0.0000	</row0>
						<row1>	0.0025 0.6256 -0.0472 0.0000	</row1>
						<row2>	0.6273 -0.0018 0.0106 0.0000	</row2>
						<row3>	0.0120 0.4008 3.3408 1.0000	</row3>
					</transform>
				</node>
				<node>
					<identifier>	MP_AM150_Telegraph_Engine	</identifier>
					<transform>
						<row0>	1.0000 0.0000 0.0000 0.0000	</row0>
						<row1>	0.0000 1.0000 0.0000 0.0000	</row1>
						<row2>	0.0000 0.0000 1.0000 0.0000	</row2>
						<row3>	0.0579 0.6117 1.6470 1.0000	</row3>
					</transform>
				</node>
				<node>
					<identifier>	MP_AM159_Voice_Tube	</identifier>
					<transform>
						<row0>	1.0000 0.0000 0.0000 0.0000	</row0>
						<row1>	0.0000 1.0000 0.0000 0.0000	</row1>
						<row2>	0.0000 0.0000 1.0000 0.0000	</row2>
						<row3>	-0.0968 0.6129 1.7646 1.0000	</row3>
					</transform>
				</node>
				<node>
					<identifier>	MP_AM159_Voice_Tube_INDEX_1	</identifier>
					<transform>
						<row0>	1.0000 0.0000 0.0000 0.0000	</row0>
						<row1>	0.0000 1.0000 0.0000 0.0000	</row1>
						<row2>	0.0000 0.0000 1.0000 0.0000	</row2>
						<row3>	-0.0528 0.6131 1.6470 1.0000	</row3>
					</transform>
				</node>
				<node>
					<identifier>	MP_AM159_Voice_Tube_INDEX_2	</identifier>
					<transform>
						<row0>	1.0000 0.0000 0.0000 0.0000	</row0>
						<row1>	0.0000 1.0000 0.0000 0.0000	</row1>
						<row2>	0.0000 0.0000 1.0000 0.0000	</row2>
						<row3>	0.0474 0.6131 1.7646 1.0000	</row3>
					</transform>
				</node>
				<node>
					<identifier>	MP_AM159_Voice_Tube_INDEX_3	</identifier>
					<transform>
						<row0>	1.0000 0.0000 0.0000 0.0000	</row0>
						<row1>	0.0000 1.0000 0.0000 0.0000	</row1>
						<row2>	0.0000 0.0000 1.0000 0.0000	</row2>
						<row3>	-0.0672 0.6131 1.6470 1.0000	</row3>
					</transform>
				</node>
				<node>
					<identifier>	MP_AM161_Anchor_top	</identifier>
					<transform>
						<row0>	0.5044 -0.0746 -0.3877 0.0000	</row0>
						<row1>	-0.3119 0.3104 -0.4655 0.0000	</row1>
						<row2>	0.2421 0.5553 0.2081 0.0000	</row2>
						<row3>	0.1686 0.3855 4.0427 1.0000	</row3>
					</transform>
				</node>
				<node>
					<identifier>	MP_AM162_Anchor_down	</identifier>
					<transform>
						<row0>	0.5889 -0.2490 -0.0395 0.0000	</row0>
						<row1>	0.0391 0.1893 -0.6107 0.0000	</row1>
						<row2>	0.2490 0.5590 0.1893 0.0000	</row2>
						<row3>	0.1693 0.3862 4.0405 1.0000	</row3>
					</transform>
				</node>
				<node>
					<identifier>	MP_AM176_Target_Desingnator	</identifier>
					<transform>
						<row0>	1.0000 0.0000 0.0000 0.0000	</row0>
						<row1>	0.0000 1.0000 0.0000 0.0000	</row1>
						<row2>	0.0000 0.0000 1.0000 0.0000	</row2>
						<row3>	0.1920 0.7682 1.5522 1.0000	</row3>
					</transform>
				</node>
				<node>
					<identifier>	MP_AM176_Target_Desingnator_INDEX_1	</identifier>
					<transform>
						<row0>	1.0000 0.0000 0.0000 0.0000	</row0>
						<row1>	0.0000 1.0000 0.0000 0.0000	</row1>
						<row2>	0.0000 0.0000 1.0000 0.0000	</row2>
						<row3>	-0.1920 0.7682 1.5522 1.0000	</row3>
					</transform>
				</node>
				<node>
					<identifier>	MP_AM187_Switch_Panel_4	</identifier>
					<transform>
						<row0>	1.0000 0.0000 0.0000 0.0000	</row0>
						<row1>	0.0000 1.0000 0.0000 0.0000	</row1>
						<row2>	0.0000 0.0000 1.0000 0.0000	</row2>
						<row3>	-0.0664 0.6106 1.7091 1.0000	</row3>
					</transform>
				</node>
				<node>
					<identifier>	MP_AM2015_Anchor_Danforth_down	</identifier>
					<transform>
						<row0>	0.0487 0.7318 0.1325 0.0000	</row0>
						<row1>	-0.3872 0.1384 -0.6217 0.0000	</row1>
						<row2>	-0.6351 -0.0282 0.3892 0.0000	</row2>
						<row3>	-0.1420 0.4371 4.0535 1.0000	</row3>
					</transform>
				</node>
				<node>
					<identifier>	MP_AM2016_Anchor_Danforth_up	</identifier>
					<transform>
						<row0>	0.0225 0.7319 0.1385 0.0000	</row0>
						<row1>	0.2359 0.1245 -0.6960 0.0000	</row1>
						<row2>	-0.7067 0.0649 -0.2279 0.0000	</row2>
						<row3>	-0.1420 0.4371 4.0535 1.0000	</row3>
					</transform>
				</node>
				<node>
					<identifier>	MP_AM2018_Floater_Net_Basket	</identifier>
					<transform>
						<row0>	-0.5125 -0.0228 -0.8584 0.0000	</row0>
						<row1>	0.0191 0.9991 -0.0379 0.0000	</row1>
						<row2>	0.8584 -0.0358 -0.5116 0.0000	</row2>
						<row3>	0.0836 0.5883 0.5911 1.0000	</row3>
					</transform>
				</node>
				<node>
					<identifier>	MP_AM2020_Floater_Net_Basket	</identifier>
					<transform>
						<row0>	-0.0003 -0.0339 -0.9994 0.0000	</row0>
						<row1>	0.0289 0.9990 -0.0339 0.0000	</row1>
						<row2>	0.9996 -0.0289 0.0007 0.0000	</row2>
						<row3>	0.3128 0.4157 0.4958 1.0000	</row3>
					</transform>
				</node>
				<node>
					<identifier>	MP_AM2020_Floater_Net_Basket_INDEX_1	</identifier>
					<transform>
						<row0>	0.0261 0.0362 0.9990 0.0000	</row0>
						<row1>	-0.0002 0.9993 -0.0362 0.0000	</row1>
						<row2>	-0.9997 0.0008 0.0260 0.0000	</row2>
						<row3>	-0.3351 0.5478 0.9216 1.0000	</row3>
					</transform>
				</node>
				<node>
					<identifier>	MP_AM2020_Floater_Net_Basket_INDEX_2	</identifier>
					<transform>
						<row0>	0.0262 -0.0362 -0.9990 0.0000	</row0>
						<row1>	0.0010 0.9993 -0.0362 0.0000	</row1>
						<row2>	0.9997 0.0000 0.0263 0.0000	</row2>
						<row3>	0.3266 0.5558 1.2460 1.0000	</row3>
					</transform>
				</node>
				<node>
					<identifier>	MP_AM2020_Floater_Net_Basket_INDEX_3	</identifier>
					<transform>
						<row0>	-0.0003 0.0339 0.9994 0.0000	</row0>
						<row1>	-0.0289 0.9990 -0.0339 0.0000	</row1>
						<row2>	-0.9996 -0.0289 0.0007 0.0000	</row2>
						<row3>	-0.3128 0.4157 0.4958 1.0000	</row3>
					</transform>
				</node>
				<node>
					<identifier>	MP_AM2020_Floater_Net_Basket_INDEX_4	</identifier>
					<transform>
						<row0>	0.0278 -0.0362 -0.9990 0.0000	</row0>
						<row1>	0.0002 0.9993 -0.0362 0.0000	</row1>
						<row2>	0.9996 0.0008 0.0278 0.0000	</row2>
						<row3>	0.3349 0.5467 0.9216 1.0000	</row3>
					</transform>
				</node>
				<node>
					<identifier>	MP_AM2020_Floater_Net_Basket_INDEX_5	</identifier>
					<transform>
						<row0>	0.0262 0.0362 0.9990 0.0000	</row0>
						<row1>	-0.0010 0.9993 -0.0362 0.0000	</row1>
						<row2>	-0.9997 0.0000 0.0263 0.0000	</row2>
						<row3>	-0.3266 0.5556 1.2460 1.0000	</row3>
					</transform>
				</node>
				<node>
					<identifier>	MP_AM2022_Mark_32_torpedo	</identifier>
					<transform>
						<row0>	-1.0000 0.0000 0.0000 0.0000	</row0>
						<row1>	0.0000 1.0000 0.0000 0.0000	</row1>
						<row2>	0.0000 0.0000 -1.0000 0.0000	</row2>
						<row3>	0.3107 0.4707 0.3212 1.0000	</row3>
					</transform>
				</node>
				<node>
					<identifier>	MP_AM2022_Mark_32_torpedo_INDEX_1	</identifier>
					<transform>
						<row0>	-0.8660 0.5000 0.0000 0.0000	</row0>
						<row1>	0.5000 0.8660 0.0000 0.0000	</row1>
						<row2>	0.0000 0.0000 -1.0000 0.0000	</row2>
						<row3>	0.3107 0.4309 0.3212 1.0000	</row3>
					</transform>
				</node>
				<node>
					<identifier>	MP_AM2022_Mark_32_torpedo_INDEX_2	</identifier>
					<transform>
						<row0>	-1.0000 0.0000 0.0000 0.0000	</row0>
						<row1>	0.0000 1.0000 0.0000 0.0000	</row1>
						<row2>	0.0000 0.0000 -1.0000 0.0000	</row2>
						<row3>	-0.3107 0.4709 0.3212 1.0000	</row3>
					</transform>
				</node>
				<node>
					<identifier>	MP_AM2022_Mark_32_torpedo_INDEX_3	</identifier>
					<transform>
						<row0>	-0.8660 -0.5000 0.0000 0.0000	</row0>
						<row1>	-0.5000 0.8660 0.0000 0.0000	</row1>
						<row2>	0.0000 0.0000 -1.0000 0.0000	</row2>
						<row3>	-0.3107 0.4309 0.3212 1.0000	</row3>
					</transform>
				</node>
				<node>
					<identifier>	MP_AM2023_Mark_32_torpedo_launcher	</identifier>
					<transform>
						<row0>	0.0000 0.0000 -1.0000 0.0000	</row0>
						<row1>	0.0000 1.0000 0.0000 0.0000	</row1>
						<row2>	1.0000 0.0000 0.0000 0.0000	</row2>
						<row3>	-0.4112 0.4067 0.2478 1.0000	</row3>
					</transform>
				</node>
				<node>
					<identifier>	MP_AM2023_Mark_32_torpedo_launcher_INDEX_1	</identifier>
					<transform>
						<row0>	0.0000 0.0000 1.0000 0.0000	</row0>
						<row1>	0.0000 1.0000 0.0000 0.0000	</row1>
						<row2>	-1.0000 0.0000 0.0000 0.0000	</row2>
						<row3>	0.4112 0.4067 0.2478 1.0000	</row3>
					</transform>
				</node>
				<node>
					<identifier>	MP_AM2026_Ammunition_Box	</identifier>
					<transform>
						<row0>	0.7663 0.0000 -0.6425 0.0000	</row0>
						<row1>	0.0000 1.0000 0.0000 0.0000	</row1>
						<row2>	0.6425 0.0000 0.7663 0.0000	</row2>
						<row3>	-0.2590 0.4888 2.1285 1.0000	</row3>
					</transform>
				</node>
				<node>
					<identifier>	MP_AM2026_Ammunition_Box_INDEX_1	</identifier>
					<transform>
						<row0>	0.7071 0.0000 0.7071 0.0000	</row0>
						<row1>	0.0000 1.0000 0.0000 0.0000	</row1>
						<row2>	-0.7071 0.0000 0.7071 0.0000	</row2>
						<row3>	-0.3446 0.4716 1.7674 1.0000	</row3>
					</transform>
				</node>
				<node>
					<identifier>	MP_AM2026_Ammunition_Box_INDEX_2	</identifier>
					<transform>
						<row0>	0.6316 0.0000 -0.7753 0.0000	</row0>
						<row1>	0.0000 1.0000 0.0000 0.0000	</row1>
						<row2>	0.7753 0.0000 0.6316 0.0000	</row2>
						<row3>	0.3446 0.4717 1.7674 1.0000	</row3>
					</transform>
				</node>
				<node>
					<identifier>	MP_AM2031_Turtle	</identifier>
					<transform>
						<row0>	-0.5160 0.0000 -0.8566 0.0000	</row0>
						<row1>	0.0000 1.0000 0.0000 0.0000	</row1>
						<row2>	0.8566 0.0000 -0.5160 0.0000	</row2>
						<row3>	0.0536 0.4816 0.5009 1.0000	</row3>
					</transform>
				</node>
				<node>
					<identifier>	MP_AM2031_Turtle_INDEX_1	</identifier>
					<transform>
						<row0>	-0.5830 0.0000 -0.8125 0.0000	</row0>
						<row1>	0.0000 1.0000 0.0000 0.0000	</row1>
						<row2>	0.8125 0.0000 -0.5830 0.0000	</row2>
						<row3>	0.2364 0.4798 0.6739 1.0000	</row3>
					</transform>
				</node>
				<node>
					<identifier>	MP_AM2031_Turtle_INDEX_10	</identifier>
					<transform>
						<row0>	1.0000 -0.0084 0.0000 0.0000	</row0>
						<row1>	0.0084 0.9982 -0.0595 0.0000	</row1>
						<row2>	0.0005 0.0595 0.9982 0.0000	</row2>
						<row3>	-0.1115 0.5771 1.7571 1.0000	</row3>
					</transform>
				</node>
				<node>
					<identifier>	MP_AM2031_Turtle_INDEX_11	</identifier>
					<transform>
						<row0>	-1.0000 0.0000 0.0000 0.0000	</row0>
						<row1>	0.0000 1.0000 0.0000 0.0000	</row1>
						<row2>	0.0000 0.0000 -1.0000 0.0000	</row2>
						<row3>	-0.0009 0.8408 1.2110 1.0000	</row3>
					</transform>
				</node>
				<node>
					<identifier>	MP_AM2031_Turtle_INDEX_12	</identifier>
					<transform>
						<row0>	0.6381 0.0000 -0.7699 0.0000	</row0>
						<row1>	0.0000 1.0000 0.0000 0.0000	</row1>
						<row2>	0.7699 0.0000 0.6381 0.0000	</row2>
						<row3>	0.3683 0.5431 1.7874 1.0000	</row3>
					</transform>
				</node>
				<node>
					<identifier>	MP_AM2031_Turtle_INDEX_13	</identifier>
					<transform>
						<row0>	-1.0000 0.0000 0.0000 0.0000	</row0>
						<row1>	0.0000 1.0000 0.0000 0.0000	</row1>
						<row2>	0.0000 0.0000 -1.0000 0.0000	</row2>
						<row3>	0.0228 0.8723 1.2109 1.0000	</row3>
					</transform>
				</node>
				<node>
					<identifier>	MP_AM2031_Turtle_INDEX_14	</identifier>
					<transform>
						<row0>	-1.0000 0.0000 0.0000 0.0000	</row0>
						<row1>	0.0000 1.0000 0.0000 0.0000	</row1>
						<row2>	0.0000 0.0000 -1.0000 0.0000	</row2>
						<row3>	-0.0009 0.8047 1.2110 1.0000	</row3>
					</transform>
				</node>
				<node>
					<identifier>	MP_AM2031_Turtle_INDEX_15	</identifier>
					<transform>
						<row0>	-0.7832 0.0000 -0.6218 0.0000	</row0>
						<row1>	0.0000 1.0000 0.0000 0.0000	</row1>
						<row2>	0.6218 0.0000 -0.7832 0.0000	</row2>
						<row3>	0.3465 0.5508 1.7418 1.0000	</row3>
					</transform>
				</node>
				<node>
					<identifier>	MP_AM2031_Turtle_INDEX_16	</identifier>
					<transform>
						<row0>	-0.7699 0.0000 -0.6381 0.0000	</row0>
						<row1>	0.0000 1.0000 0.0000 0.0000	</row1>
						<row2>	0.6381 0.0000 -0.7699 0.0000	</row2>
						<row3>	0.3689 0.5508 1.7599 1.0000	</row3>
					</transform>
				</node>
				<node>
					<identifier>	MP_AM2031_Turtle_INDEX_17	</identifier>
					<transform>
						<row0>	-0.7739 0.0000 0.6333 0.0000	</row0>
						<row1>	0.0000 1.0000 0.0000 0.0000	</row1>
						<row2>	-0.6333 0.0000 -0.7739 0.0000	</row2>
						<row3>	0.2968 0.6365 1.6517 1.0000	</row3>
					</transform>
				</node>
				<node>
					<identifier>	MP_AM2031_Turtle_INDEX_18	</identifier>
					<transform>
						<row0>	-0.7739 0.0000 -0.6333 0.0000	</row0>
						<row1>	0.0000 1.0000 0.0000 0.0000	</row1>
						<row2>	0.6333 0.0000 -0.7739 0.0000	</row2>
						<row3>	-0.2697 0.6835 1.6740 1.0000	</row3>
					</transform>
				</node>
				<node>
					<identifier>	MP_AM2031_Turtle_INDEX_19	</identifier>
					<transform>
						<row0>	-0.7739 0.0000 0.6333 0.0000	</row0>
						<row1>	0.0000 1.0000 0.0000 0.0000	</row1>
						<row2>	-0.6333 0.0000 -0.7739 0.0000	</row2>
						<row3>	0.2968 0.6835 1.6517 1.0000	</row3>
					</transform>
				</node>
				<node>
					<identifier>	MP_AM2031_Turtle_INDEX_2	</identifier>
					<transform>
						<row0>	-0.5160 0.0000 -0.8566 0.0000	</row0>
						<row1>	0.0000 1.0000 0.0000 0.0000	</row1>
						<row2>	0.8566 0.0000 -0.5160 0.0000	</row2>
						<row3>	0.0536 0.4597 0.5009 1.0000	</row3>
					</transform>
				</node>
				<node>
					<identifier>	MP_AM2031_Turtle_INDEX_20	</identifier>
					<transform>
						<row0>	-0.7739 0.0000 0.6333 0.0000	</row0>
						<row1>	0.0000 1.0000 0.0000 0.0000	</row1>
						<row2>	-0.6333 0.0000 -0.7739 0.0000	</row2>
						<row3>	0.3833 0.6835 1.5797 1.0000	</row3>
					</transform>
				</node>
				<node>
					<identifier>	MP_AM2031_Turtle_INDEX_21	</identifier>
					<transform>
						<row0>	-0.7739 0.0000 -0.6333 0.0000	</row0>
						<row1>	0.0000 1.0000 0.0000 0.0000	</row1>
						<row2>	0.6333 0.0000 -0.7739 0.0000	</row2>
						<row3>	-0.3833 0.6835 1.5797 1.0000	</row3>
					</transform>
				</node>
				<node>
					<identifier>	MP_AM2031_Turtle_INDEX_22	</identifier>
					<transform>
						<row0>	-0.7739 0.0000 -0.6333 0.0000	</row0>
						<row1>	0.0000 1.0000 0.0000 0.0000	</row1>
						<row2>	0.6333 0.0000 -0.7739 0.0000	</row2>
						<row3>	-0.2968 0.6835 1.6517 1.0000	</row3>
					</transform>
				</node>
				<node>
					<identifier>	MP_AM2031_Turtle_INDEX_23	</identifier>
					<transform>
						<row0>	-0.7739 0.0000 0.6333 0.0000	</row0>
						<row1>	0.0000 1.0000 0.0000 0.0000	</row1>
						<row2>	-0.6333 0.0000 -0.7739 0.0000	</row2>
						<row3>	0.2692 0.6835 1.6747 1.0000	</row3>
					</transform>
				</node>
				<node>
					<identifier>	MP_AM2031_Turtle_INDEX_24	</identifier>
					<transform>
						<row0>	-0.7739 0.0000 -0.6333 0.0000	</row0>
						<row1>	0.0000 1.0000 0.0000 0.0000	</row1>
						<row2>	0.6333 0.0000 -0.7739 0.0000	</row2>
						<row3>	-0.2968 0.6365 1.6517 1.0000	</row3>
					</transform>
				</node>
				<node>
					<identifier>	MP_AM2031_Turtle_INDEX_3	</identifier>
					<transform>
						<row0>	-0.5830 0.0000 -0.8125 0.0000	</row0>
						<row1>	0.0000 1.0000 0.0000 0.0000	</row1>
						<row2>	0.8125 0.0000 -0.5830 0.0000	</row2>
						<row3>	0.2366 0.4584 0.6742 1.0000	</row3>
					</transform>
				</node>
				<node>
					<identifier>	MP_AM2031_Turtle_INDEX_4	</identifier>
					<transform>
						<row0>	-0.9994 -0.0084 0.0336 0.0000	</row0>
						<row1>	-0.0064 0.9982 0.0597 0.0000	</row1>
						<row2>	-0.0341 0.0595 -0.9976 0.0000	</row2>
						<row3>	-0.1963 0.5004 0.6594 1.0000	</row3>
					</transform>
				</node>
				<node>
					<identifier>	MP_AM2031_Turtle_INDEX_5	</identifier>
					<transform>
						<row0>	-0.9994 -0.0084 0.0336 0.0000	</row0>
						<row1>	-0.0064 0.9982 0.0597 0.0000	</row1>
						<row2>	-0.0341 0.0595 -0.9976 0.0000	</row2>
						<row3>	-0.1662 0.5004 0.6594 1.0000	</row3>
					</transform>
				</node>
				<node>
					<identifier>	MP_AM2031_Turtle_INDEX_6	</identifier>
					<transform>
						<row0>	-1.0000 0.0000 0.0000 0.0000	</row0>
						<row1>	0.0000 1.0000 0.0000 0.0000	</row1>
						<row2>	0.0000 0.0000 -1.0000 0.0000	</row2>
						<row3>	0.0444 0.8723 1.2109 1.0000	</row3>
					</transform>
				</node>
				<node>
					<identifier>	MP_AM2031_Turtle_INDEX_7	</identifier>
					<transform>
						<row0>	-1.0000 0.0000 0.0000 0.0000	</row0>
						<row1>	0.0000 1.0000 0.0000 0.0000	</row1>
						<row2>	0.0000 0.0000 -1.0000 0.0000	</row2>
						<row3>	0.0228 0.8047 1.2110 1.0000	</row3>
					</transform>
				</node>
				<node>
					<identifier>	MP_AM2031_Turtle_INDEX_8	</identifier>
					<transform>
						<row0>	-1.0000 0.0000 0.0000 0.0000	</row0>
						<row1>	0.0000 1.0000 0.0000 0.0000	</row1>
						<row2>	0.0000 0.0000 -1.0000 0.0000	</row2>
						<row3>	-0.0009 0.8723 1.2109 1.0000	</row3>
					</transform>
				</node>
				<node>
					<identifier>	MP_AM2031_Turtle_INDEX_9	</identifier>
					<transform>
						<row0>	-1.0000 0.0000 0.0000 0.0000	</row0>
						<row1>	0.0000 1.0000 0.0000 0.0000	</row1>
						<row2>	0.0000 0.0000 -1.0000 0.0000	</row2>
						<row3>	0.0230 0.8408 1.2110 1.0000	</row3>
					</transform>
				</node>
				<node>
					<identifier>	MP_AM344_Running_Lights_R	</identifier>
					<transform>
						<row0>	1.0000 0.0000 0.0000 0.0000	</row0>
						<row1>	0.0000 1.0000 0.0000 0.0000	</row1>
						<row2>	0.0000 0.0000 1.0000 0.0000	</row2>
						<row3>	0.3824 0.6161 1.4827 1.0000	</row3>
					</transform>
				</node>
				<node>
					<identifier>	MP_AM345_Runnng_Lights_L	</identifier>
					<transform>
						<row0>	1.0000 0.0000 0.0000 0.0000	</row0>
						<row1>	0.0000 1.0000 0.0000 0.0000	</row1>
						<row2>	0.0000 0.0000 1.0000 0.0000	</row2>
						<row3>	-0.3823 0.6161 1.4829 1.0000	</row3>
					</transform>
				</node>
				<node>
					<identifier>	MP_AM447_Seat	</identifier>
					<transform>
						<row0>	0.7160 0.0000 0.6981 0.0000	</row0>
						<row1>	0.0000 1.0000 0.0000 0.0000	</row1>
						<row2>	-0.6981 0.0000 0.7160 0.0000	</row2>
						<row3>	0.1583 0.6680 1.7218 1.0000	</row3>
					</transform>
				</node>
				<node>
					<identifier>	MP_AM447_Seat_INDEX_1	</identifier>
					<transform>
						<row0>	0.7160 0.0000 -0.6981 0.0000	</row0>
						<row1>	0.0000 1.0000 0.0000 0.0000	</row1>
						<row2>	0.6981 0.0000 0.7160 0.0000	</row2>
						<row3>	-0.1583 0.6680 1.7218 1.0000	</row3>
					</transform>
				</node>
				<node>
					<identifier>	MP_AM5005_Crest_Hull	</identifier>
					<transform>
						<row0>	0.0000 0.0000 1.0000 0.0000	</row0>
						<row1>	0.0000 1.0000 0.0000 0.0000	</row1>
						<row2>	-1.0000 0.0000 0.0000 0.0000	</row2>
						<row3>	0.3311 0.5509 1.0464 1.0000	</row3>
					</transform>
				</node>
				<node>
					<identifier>	MP_AM5005_Crest_Hull_INDEX_1	</identifier>
					<transform>
						<row0>	-0.0175 0.0000 -0.9998 0.0000	</row0>
						<row1>	0.0000 1.0000 0.0000 0.0000	</row1>
						<row2>	0.9998 0.0000 -0.0175 0.0000	</row2>
						<row3>	-0.3286 0.5509 1.0593 1.0000	</row3>
					</transform>
				</node>
				<node>
					<identifier>	MP_AM5006_Signal_Lamp_Black	</identifier>
					<transform>
						<row0>	1.0000 0.0000 0.0000 0.0000	</row0>
						<row1>	0.0000 1.0000 0.0000 0.0000	</row1>
						<row2>	0.0000 0.0000 1.0000 0.0000	</row2>
						<row3>	-0.3661 1.5346 1.1031 1.0000	</row3>
					</transform>
				</node>
				<node>
					<identifier>	MP_AM5006_Signal_Lamp_Black_INDEX_1	</identifier>
					<transform>
						<row0>	1.0000 0.0000 0.0000 0.0000	</row0>
						<row1>	0.0000 1.0000 0.0000 0.0000	</row1>
						<row2>	0.0000 0.0000 1.0000 0.0000	</row2>
						<row3>	-0.0546 1.1617 1.0295 1.0000	</row3>
					</transform>
				</node>
				<node>
					<identifier>	MP_AM5006_Signal_Lamp_Black_INDEX_2	</identifier>
					<transform>
						<row0>	1.0000 0.0000 0.0000 0.0000	</row0>
						<row1>	0.0000 1.0000 0.0000 0.0000	</row1>
						<row2>	0.0000 0.0000 1.0000 0.0000	</row2>
						<row3>	-0.0546 1.3097 1.0328 1.0000	</row3>
					</transform>
				</node>
				<node>
					<identifier>	MP_AM5006_Signal_Lamp_Black_INDEX_3	</identifier>
					<transform>
						<row0>	1.0000 0.0000 0.0000 0.0000	</row0>
						<row1>	0.0000 1.0000 0.0000 0.0000	</row1>
						<row2>	0.0000 0.0000 1.0000 0.0000	</row2>
						<row3>	0.3661 1.5346 1.1031 1.0000	</row3>
					</transform>
				</node>
				<node>
					<identifier>	MP_AM5007_Running_Lights_F_Black	</identifier>
					<transform>
						<row0>	1.0000 0.0000 0.0000 0.0000	</row0>
						<row1>	0.0000 1.0000 0.0000 0.0000	</row1>
						<row2>	0.0000 0.0000 1.0000 0.0000	</row2>
						<row3>	0.0000 1.5349 1.2451 1.0000	</row3>
					</transform>
				</node>
				<node>
					<identifier>	MP_AM5007_Running_Lights_F_Black_INDEX_1	</identifier>
					<transform>
						<row0>	1.0000 0.0000 0.0000 0.0000	</row0>
						<row1>	0.0000 1.0000 0.0000 0.0000	</row1>
						<row2>	0.0000 0.0000 1.0000 0.0000	</row2>
						<row3>	0.0000 1.9798 0.8105 1.0000	</row3>
					</transform>
				</node>
				<node>
					<identifier>	MP_AM5008_Signal_Lamp_L_Black	</identifier>
					<transform>
						<row0>	1.0000 0.0000 0.0000 0.0000	</row0>
						<row1>	0.0000 1.0000 0.0000 0.0000	</row1>
						<row2>	0.0000 0.0000 1.0000 0.0000	</row2>
						<row3>	-0.0294 2.0198 0.7969 1.0000	</row3>
					</transform>
				</node>
				<node>
					<identifier>	MP_AM5008_Signal_Lamp_L_Black_INDEX_1	</identifier>
					<transform>
						<row0>	1.0000 0.0000 0.0000 0.0000	</row0>
						<row1>	0.0000 1.0000 0.0000 0.0000	</row1>
						<row2>	0.0000 0.0000 1.0000 0.0000	</row2>
						<row3>	0.0282 2.0199 0.7969 1.0000	</row3>
					</transform>
				</node>
				<node>
					<identifier>	MP_AM519_Bollard	</identifier>
					<transform>
						<row0>	1.0000 0.0000 0.0000 0.0000	</row0>
						<row1>	0.0000 0.9943 -0.1070 0.0000	</row1>
						<row2>	0.0000 0.1070 0.9943 0.0000	</row2>
						<row3>	0.0000 0.4584 4.0104 1.0000	</row3>
					</transform>
				</node>
				<node>
					<identifier>	MP_AM519_Bollard_INDEX_1	</identifier>
					<transform>
						<row0>	0.9958 -0.0415 0.0814 0.0000	</row0>
						<row1>	0.0467 0.9969 -0.0631 0.0000	</row1>
						<row2>	-0.0786 0.0666 0.9947 0.0000	</row2>
						<row3>	0.3405 0.3167 2.2995 1.0000	</row3>
					</transform>
				</node>
				<node>
					<identifier>	MP_AM519_Bollard_INDEX_2	</identifier>
					<transform>
						<row0>	0.9958 0.0415 -0.0814 0.0000	</row0>
						<row1>	-0.0467 0.9969 -0.0631 0.0000	</row1>
						<row2>	0.0786 0.0666 0.9947 0.0000	</row2>
						<row3>	-0.3405 0.3167 2.2995 1.0000	</row3>
					</transform>
				</node>
				<node>
					<identifier>	MP_AM519_Bollard_INDEX_3	</identifier>
					<transform>
						<row0>	0.9966 -0.0194 0.0804 0.0000	</row0>
						<row1>	0.0264 0.9959 -0.0869 0.0000	</row1>
						<row2>	-0.0784 0.0887 0.9930 0.0000	</row2>
						<row3>	0.2159 0.4065 3.4621 1.0000	</row3>
					</transform>
				</node>
				<node>
					<identifier>	MP_AM519_Bollard_INDEX_4	</identifier>
					<transform>
						<row0>	0.9966 0.0194 -0.0804 0.0000	</row0>
						<row1>	-0.0264 0.9959 -0.0869 0.0000	</row1>
						<row2>	0.0784 0.0887 0.9930 0.0000	</row2>
						<row3>	-0.2169 0.4062 3.4621 1.0000	</row3>
					</transform>
				</node>
				<node>
					<identifier>	MP_AM531_Stretcher	</identifier>
					<transform>
						<row0>	1.0000 0.0000 0.0071 0.0000	</row0>
						<row1>	-0.0071 0.0000 1.0000 0.0000	</row1>
						<row2>	0.0000 -1.0000 0.0000 0.0000	</row2>
						<row3>	0.3436 0.3197 0.4606 1.0000	</row3>
					</transform>
				</node>
				<node>
					<identifier>	MP_AM534_Insulator	</identifier>
					<transform>
						<row0>	0.0000 0.0000 -0.4935 0.0000	</row0>
						<row1>	-0.4935 0.0000 0.0000 0.0000	</row1>
						<row2>	0.0000 0.4935 0.0000 0.0000	</row2>
						<row3>	-0.3240 0.5680 1.3154 1.0000	</row3>
					</transform>
				</node>
				<node>
					<identifier>	MP_AM534_Insulator_INDEX_1	</identifier>
					<transform>
						<row0>	0.0000 0.0000 0.4935 0.0000	</row0>
						<row1>	0.4935 0.0000 0.0000 0.0000	</row1>
						<row2>	0.0000 0.4935 0.0000 0.0000	</row2>
						<row3>	0.3240 0.5680 1.3154 1.0000	</row3>
					</transform>
				</node>
				<node>
					<identifier>	MP_AM535_Elec_Panel	</identifier>
					<transform>
						<row0>	1.0000 0.0000 0.0000 0.0000	</row0>
						<row1>	0.0000 1.0000 0.0000 0.0000	</row1>
						<row2>	0.0000 0.0000 1.0000 0.0000	</row2>
						<row3>	0.0418 0.8214 1.6651 1.0000	</row3>
					</transform>
				</node>
				<node>
					<identifier>	MP_AM536_Elec_Panel	</identifier>
					<transform>
						<row0>	1.0000 0.0000 0.0000 0.0000	</row0>
						<row1>	0.0000 1.0000 0.0000 0.0000	</row1>
						<row2>	0.0000 0.0000 1.0000 0.0000	</row2>
						<row3>	-0.0595 0.8129 1.6654 1.0000	</row3>
					</transform>
