<ISC019_Gorizia_1935_Stern.skel_ext>
	<exported>	true	</exported>
	<node>
		<identifier>	MP_CM001_Propeller3_L	</identifier>
		<parent>	Scene Root	</parent>
		<transform>
			<row0>	0.9123 0.0007 0.0135 0.0000	</row0>
			<row1>	0.0000 0.9112 -0.0456 0.0000	</row1>
			<row2>	-0.0135 0.0456 0.9111 0.0000	</row2>
			<row3>	-0.2970 -0.3304 -5.0926 1.0000	</row3>
		</transform>
	</node>
	<node>
		<identifier>	MP_CM011_Fire_Fighting_Gear	</identifier>
		<parent>	Scene Root	</parent>
		<transform>
			<row0>	-1.0000 0.0000 0.0000 0.0000	</row0>
			<row1>	0.0000 1.0000 0.0000 0.0000	</row1>
			<row2>	0.0000 0.0000 -1.0000 0.0000	</row2>
			<row3>	0.0000 0.2741 -3.9877 1.0000	</row3>
		</transform>
	</node>
	<node>
		<identifier>	MP_CM032_Propeller3_R	</identifier>
		<parent>	Scene Root	</parent>
		<transform>
			<row0>	0.9123 -0.0007 -0.0135 0.0000	</row0>
			<row1>	0.0000 0.9112 -0.0456 0.0000	</row1>
			<row2>	0.0135 0.0456 0.9111 0.0000	</row2>
			<row3>	0.2970 -0.3304 -5.0926 1.0000	</row3>
		</transform>
	</node>
	<node>
		<identifier>	MP_CM126_Cleat	</identifier>
		<parent>	Scene Root	</parent>
		<transform>
			<row0>	0.9886 0.0000 -0.1503 0.0000	</row0>
			<row1>	0.0000 1.0000 0.0000 0.0000	</row1>
			<row2>	0.1503 0.0000 0.9886 0.0000	</row2>
			<row3>	0.3831 0.2610 -4.8069 1.0000	</row3>
		</transform>
	</node>
	<node>
		<identifier>	MP_CM126_Cleat_INDEX_1	</identifier>
		<parent>	Scene Root	</parent>
		<transform>
			<row0>	0.9825 0.0000 -0.1863 0.0000	</row0>
			<row1>	0.0000 1.0000 0.0000 0.0000	</row1>
			<row2>	0.1863 0.0000 0.9825 0.0000	</row2>
			<row3>	0.2899 0.2610 -5.4825 1.0000	</row3>
		</transform>
	</node>
	<node>
		<identifier>	MP_CM126_Cleat_INDEX_2	</identifier>
		<parent>	Scene Root	</parent>
		<transform>
			<row0>	0.9886 0.0000 0.1503 0.0000	</row0>
			<row1>	0.0000 1.0000 0.0000 0.0000	</row1>
			<row2>	-0.1503 0.0000 0.9886 0.0000	</row2>
			<row3>	-0.3831 0.2610 -4.8069 1.0000	</row3>
		</transform>
	</node>
	<node>
		<identifier>	MP_CM126_Cleat_INDEX_3	</identifier>
		<parent>	Scene Root	</parent>
		<transform>
			<row0>	0.9825 0.0000 0.1863 0.0000	</row0>
			<row1>	0.0000 1.0000 0.0000 0.0000	</row1>
			<row2>	-0.1863 0.0000 0.9825 0.0000	</row2>
			<row3>	-0.2899 0.2610 -5.4825 1.0000	</row3>
		</transform>
	</node>
	<node>
		<identifier>	MP_IM003_Crown	</identifier>
		<parent>	Scene Root	</parent>
		<transform>
			<row0>	1.0000 0.0000 0.0000 0.0000	</row0>
			<row1>	0.0000 0.9859 0.1672 0.0000	</row1>
			<row2>	0.0000 -0.1672 0.9859 0.0000	</row2>
			<row3>	0.0000 0.2207 -6.0437 1.0000	</row3>
		</transform>
	</node>
	<node>
		<identifier>	MP_IM019_Life_Buoy	</identifier>
		<parent>	Scene Root	</parent>
		<transform>
			<row0>	-0.0996 0.0000 -0.9950 0.0000	</row0>
			<row1>	0.1106 0.9938 -0.0111 0.0000	</row1>
			<row2>	0.9889 -0.1111 -0.0990 0.0000	</row2>
			<row3>	0.4567 0.1749 -4.4266 1.0000	</row3>
		</transform>
	</node>
	<node>
		<identifier>	MP_IM019_Life_Buoy_INDEX_1	</identifier>
		<parent>	Scene Root	</parent>
		<transform>
			<row0>	-0.0589 0.0022 -0.9983 0.0000	</row0>
			<row1>	0.0374 0.9993 0.0000 0.0000	</row1>
			<row2>	0.9976 -0.0374 -0.0589 0.0000	</row2>
			<row3>	0.5553 0.1749 -3.2990 1.0000	</row3>
		</transform>
	</node>
	<node>
		<identifier>	MP_IM019_Life_Buoy_INDEX_2	</identifier>
		<parent>	Scene Root	</parent>
		<transform>
			<row0>	-0.0589 -0.0022 0.9983 0.0000	</row0>
			<row1>	-0.0374 0.9993 0.0000 0.0000	</row1>
			<row2>	-0.9976 -0.0374 -0.0589 0.0000	</row2>
			<row3>	-0.5553 0.1749 -3.2990 1.0000	</row3>
		</transform>
	</node>
	<node>
		<identifier>	MP_IM019_Life_Buoy_INDEX_3	</identifier>
		<parent>	Scene Root	</parent>
		<transform>
			<row0>	-0.0996 0.0000 0.9950 0.0000	</row0>
			<row1>	-0.1106 0.9938 -0.0111 0.0000	</row1>
			<row2>	-0.9889 -0.1111 -0.0990 0.0000	</row2>
			<row3>	-0.4567 0.1749 -4.4266 1.0000	</row3>
		</transform>
	</node>
	<node>
		<identifier>	MP_IM031_Fire_Fighting	</identifier>
		<parent>	Scene Root	</parent>
		<transform>
			<row0>	1.0000 0.0000 0.0000 0.0000	</row0>
			<row1>	0.0000 1.0000 0.0000 0.0000	</row1>
			<row2>	0.0000 0.0000 1.0000 0.0000	</row2>
			<row3>	0.0000 0.2709 -4.6924 1.0000	</row3>
		</transform>
	</node>
	<node>
		<identifier>	MP_IM032_Fire_Hose	</identifier>
		<parent>	Scene Root	</parent>
		<transform>
			<row0>	-0.6357 0.0000 0.7719 0.0000	</row0>
			<row1>	0.0000 1.0000 0.0000 0.0000	</row1>
			<row2>	-0.7719 0.0000 -0.6357 0.0000	</row2>
			<row3>	-0.1666 0.3034 -3.1593 1.0000	</row3>
		</transform>
	</node>
	<node>
		<identifier>	MP_IM032_Fire_Hose_INDEX_1	</identifier>
		<parent>	Scene Root	</parent>
		<transform>
			<row0>	-0.6487 0.0000 -0.7610 0.0000	</row0>
			<row1>	0.0000 1.0000 0.0000 0.0000	</row1>
			<row2>	0.7610 0.0000 -0.6487 0.0000	</row2>
			<row3>	0.1666 0.3034 -3.1586 1.0000	</row3>
		</transform>
	</node>
	<node>
		<identifier>	MP_IM033_Life_Buoy	</identifier>
		<parent>	Scene Root	</parent>
		<transform>
			<row0>	0.1888 0.0000 0.9820 0.0000	</row0>
			<row1>	0.0000 1.0000 0.0000 0.0000	</row1>
			<row2>	-0.9820 0.0000 0.1888 0.0000	</row2>
			<row3>	0.3156 0.3351 -5.4508 1.0000	</row3>
		</transform>
	</node>
	<node>
		<identifier>	MP_IM033_Life_Buoy_INDEX_1	</identifier>
		<parent>	Scene Root	</parent>
		<transform>
			<row0>	0.1888 0.0000 -0.9820 0.0000	</row0>
			<row1>	0.0000 1.0000 0.0000 0.0000	</row1>
			<row2>	0.9820 0.0000 0.1888 0.0000	</row2>
			<row3>	-0.3156 0.3351 -5.4508 1.0000	</row3>
		</transform>
	</node>
	<node>
		<identifier>	MP_IM506_Boat_8_6m	</identifier>
		<parent>	Scene Root	</parent>
		<transform>
			<row0>	1.0000 0.0000 0.0000 0.0000	</row0>
			<row1>	0.0000 1.0000 0.0000 0.0000	</row1>
			<row2>	0.0000 0.0000 1.0000 0.0000	</row2>
			<row3>	0.4161 0.2806 -3.7963 1.0000	</row3>
		</transform>
	</node>
	<node>
		<identifier>	MP_IM506_Boat_8_6m_INDEX_1	</identifier>
		<parent>	Scene Root	</parent>
		<transform>
			<row0>	1.0000 0.0000 0.0000 0.0000	</row0>
			<row1>	0.0000 1.0000 0.0000 0.0000	</row1>
			<row2>	0.0000 0.0000 1.0000 0.0000	</row2>
			<row3>	-0.4161 0.2806 -3.7963 1.0000	</row3>
		</transform>
	</node>
	<node>
		<identifier>	MP_IM800_Ventilation	</identifier>
		<parent>	Scene Root	</parent>
		<transform>
			<row0>	-0.1316 0.0000 -0.9913 0.0000	</row0>
			<row1>	0.0000 1.0000 0.0000 0.0000	</row1>
			<row2>	0.9913 0.0000 -0.1316 0.0000	</row2>
			<row3>	0.3487 0.2614 -4.9595 1.0000	</row3>
		</transform>
	</node>
	<node>
		<identifier>	MP_IM800_Ventilation_INDEX_1	</identifier>
		<parent>	Scene Root	</parent>
		<transform>
			<row0>	-0.1316 0.0000 0.9913 0.0000	</row0>
			<row1>	0.0000 1.0000 0.0000 0.0000	</row1>
			<row2>	-0.9913 0.0000 -0.1316 0.0000	</row2>
			<row3>	-0.3487 0.2614 -4.9595 1.0000	</row3>
		</transform>
	</node>
	<node>
		<identifier>	MP_IM951_Anchor_up	</identifier>
		<parent>	Scene Root	</parent>
		<transform>
			<row0>	0.5800 0.0625 0.1402 0.0000	</row0>
			<row1>	-0.0608 0.5967 -0.0147 0.0000	</row1>
			<row2>	-0.1528 0.0000 0.6318 0.0000	</row2>
			<row3>	-0.2561 0.0902 -5.6900 1.0000	</row3>
		</transform>
	</node>
	<node>
		<identifier>	MP_IM952_Anchor_Bottom	</identifier>
		<parent>	Scene Root	</parent>
		<transform>
			<row0>	0.6315 0.0000 0.1538 0.0000	</row0>
			<row1>	0.0000 0.6500 0.0000 0.0000	</row1>
			<row2>	-0.1538 0.0000 0.6315 0.0000	</row2>
			<row3>	-0.2583 0.0900 -5.6900 1.0000	</row3>
		</transform>
	</node>
</ISC019_Gorizia_1935_Stern.skel_ext>
