<VSB302_Los_Andes_1943_Bow.skel_ext>
	<exported>	true	</exported>
	<node>
		<identifier>	MP_CM012_Fire_Hose_Rack_1	</identifier>
		<parent>	Scene Root	</parent>
		<transform>
			<row0>	0.6340 0.0000 -0.7733 0.0000	</row0>
			<row1>	0.0000 1.0000 0.0000 0.0000	</row1>
			<row2>	0.7733 0.0000 0.6340 0.0000	</row2>
			<row3>	0.1887 0.4316 6.2424 1.0000	</row3>
		</transform>
	</node>
	<node>
		<identifier>	MP_CM012_Fire_Hose_Rack_1_INDEX_1	</identifier>
		<parent>	Scene Root	</parent>
		<transform>
			<row0>	-0.6428 0.0000 -0.7660 0.0000	</row0>
			<row1>	0.0000 1.0000 0.0000 0.0000	</row1>
			<row2>	0.7660 0.0000 -0.6428 0.0000	</row2>
			<row3>	-0.1887 0.4316 6.2424 1.0000	</row3>
		</transform>
	</node>
	<node>
		<identifier>	MP_VM016_Reels	</identifier>
		<parent>	Scene Root	</parent>
		<transform>
			<row0>	0.5930 -0.0131 -0.8051 0.0000	</row0>
			<row1>	0.0078 0.9999 -0.0105 0.0000	</row1>
			<row2>	0.8052 0.0000 0.5930 0.0000	</row2>
			<row3>	0.2294 0.3962 6.4667 1.0000	</row3>
		</transform>
	</node>
	<node>
		<identifier>	MP_VM016_Reels_INDEX_1	</identifier>
		<parent>	Scene Root	</parent>
		<transform>
			<row0>	0.5930 0.0131 0.8051 0.0000	</row0>
			<row1>	-0.0078 0.9999 -0.0105 0.0000	</row1>
			<row2>	-0.8052 0.0000 0.5930 0.0000	</row2>
			<row3>	-0.2294 0.3962 6.4667 1.0000	</row3>
		</transform>
	</node>
	<node>
		<identifier>	MP_VM850_Signal_Lamp	</identifier>
		<parent>	Scene Root	</parent>
		<transform>
			<row0>	-1.0000 0.0000 0.0000 0.0000	</row0>
			<row1>	0.0000 1.0000 0.0000 0.0000	</row1>
			<row2>	0.0000 0.0000 -1.0000 0.0000	</row2>
			<row3>	0.0000 0.9698 9.2111 1.0000	</row3>
		</transform>
	</node>
	<node>
		<identifier>	MP_VM882_Running_Lights_B	</identifier>
		<parent>	Scene Root	</parent>
		<transform>
			<row0>	-1.0000 0.0000 0.0000 0.0000	</row0>
			<row1>	0.0000 1.0000 0.0000 0.0000	</row1>
			<row2>	0.0000 0.0000 -1.0000 0.0000	</row2>
			<row3>	0.0000 0.8683 9.2055 1.0000	</row3>
		</transform>
	</node>
	<node>
		<identifier>	MP_VM963_Reel_fire_hose	</identifier>
		<parent>	Scene Root	</parent>
		<transform>
			<row0>	1.0000 0.0000 0.0000 0.0000	</row0>
			<row1>	0.0000 0.9999 -0.0140 0.0000	</row1>
			<row2>	0.0000 0.0140 0.9999 0.0000	</row2>
			<row3>	0.0895 0.3961 6.1583 1.0000	</row3>
		</transform>
	</node>
	<node>
		<identifier>	MP_VM963_Reel_fire_hose_INDEX_1	</identifier>
		<parent>	Scene Root	</parent>
		<transform>
			<row0>	1.0000 0.0000 0.0000 0.0000	</row0>
			<row1>	0.0000 0.9999 -0.0140 0.0000	</row1>
			<row2>	0.0000 0.0140 0.9999 0.0000	</row2>
			<row3>	-0.0895 0.3961 6.1583 1.0000	</row3>
		</transform>
	</node>
	<node>
		<identifier>	MP_VM964_Anchor_Capstan_big	</identifier>
		<parent>	Scene Root	</parent>
		<transform>
			<row0>	1.0000 0.0000 0.0000 0.0000	</row0>
			<row1>	0.0000 1.0000 0.0000 0.0000	</row1>
			<row2>	0.0000 0.0000 1.0000 0.0000	</row2>
			<row3>	0.0000 0.4286 7.4272 1.0000	</row3>
		</transform>
	</node>
	<node>
		<identifier>	MP_VM973_Anchor_WW2_down	</identifier>
		<parent>	Scene Root	</parent>
		<transform>
			<row0>	1.4889 -0.1813 -0.0186 0.0000	</row0>
			<row1>	0.0853 0.8284 -1.2476 0.0000	</row1>
			<row2>	0.1611 1.2373 0.8326 0.0000	</row2>
			<row3>	0.1668 0.2688 8.6121 1.0000	</row3>
		</transform>
	</node>
	<node>
		<identifier>	MP_VM973_Anchor_WW2_down_INDEX_1	</identifier>
		<parent>	Scene Root	</parent>
		<transform>
			<row0>	1.4618 -0.3301 -0.0647 0.0000	</row0>
			<row1>	0.1191 0.7781 -1.2769 0.0000	</row1>
			<row2>	0.3145 1.2392 0.7845 0.0000	</row2>
			<row3>	0.2297 0.2714 8.2628 1.0000	</row3>
		</transform>
	</node>
	<node>
		<identifier>	MP_VM973_Anchor_WW2_down_INDEX_2	</identifier>
		<parent>	Scene Root	</parent>
		<transform>
			<row0>	1.4889 0.1813 0.0186 0.0000	</row0>
			<row1>	-0.0853 0.8284 -1.2476 0.0000	</row1>
			<row2>	-0.1611 1.2373 0.8326 0.0000	</row2>
			<row3>	-0.1668 0.2688 8.6121 1.0000	</row3>
		</transform>
	</node>
	<node>
		<identifier>	MP_VM978_Anchor_WW2_top	</identifier>
		<parent>	Scene Root	</parent>
		<transform>
			<row0>	0.9897 0.0355 0.1387 0.0000	</row0>
			<row1>	0.0947 0.5642 -0.8202 0.0000	</row1>
			<row2>	-0.1074 0.8248 0.5551 0.0000	</row2>
			<row3>	-0.1659 0.2690 8.6121 1.0000	</row3>
		</transform>
	</node>
	<node>
		<identifier>	MP_VM978_Anchor_WW2_top_INDEX_1	</identifier>
		<parent>	Scene Root	</parent>
		<transform>
			<row0>	0.9890 -0.0315 -0.1446 0.0000	</row0>
			<row1>	-0.1017 0.5645 -0.8191 0.0000	</row1>
			<row2>	0.1074 0.8248 0.5551 0.0000	</row2>
			<row3>	0.1668 0.2689 8.6120 1.0000	</row3>
		</transform>
	</node>
	<node>
		<identifier>	MP_VM978_Anchor_WW2_top_INDEX_2	</identifier>
		<parent>	Scene Root	</parent>
		<transform>
			<row0>	0.9721 -0.0599 -0.2269 0.0000	</row0>
			<row1>	-0.1592 0.5421 -0.8251 0.0000	</row1>
			<row2>	0.1724 0.8382 0.5174 0.0000	</row2>
			<row3>	0.2307 0.2714 8.2623 1.0000	</row3>
		</transform>
	</node>
	<node>
		<identifier>	SP_YMS001_YHBM_M_1	</identifier>
		<parent>	Scene Root	</parent>
		<transform>
			<row0>	1.1094 0.0000 0.0000 0.0000	</row0>
			<row1>	0.0000 1.1094 0.0000 0.0000	</row1>
			<row2>	0.0000 0.0000 1.1094 0.0000	</row2>
			<row3>	0.0000 0.4757 9.2423 1.0000	</row3>
		</transform>
	</node>
	<node>
		<identifier>	SP_YMS002_YHBL_M_1	</identifier>
		<parent>	Scene Root	</parent>
		<transform>
			<row0>	0.9976 0.0000 -0.0695 0.0000	</row0>
			<row1>	-0.0019 0.9996 -0.0279 0.0000	</row1>
			<row2>	0.0694 0.0280 0.9972 0.0000	</row2>
			<row3>	0.0000 0.4758 9.2423 1.0000	</row3>
		</transform>
	</node>
	<node>
		<identifier>	SP_YMS003_YHBR_M_1	</identifier>
		<parent>	Scene Root	</parent>
		<transform>
			<row0>	0.9976 0.0000 0.0695 0.0000	</row0>
			<row1>	0.0019 0.9996 -0.0279 0.0000	</row1>
			<row2>	-0.0694 0.0280 0.9972 0.0000	</row2>
			<row3>	0.0000 0.4758 9.2423 1.0000	</row3>
		</transform>
	</node>
	<node>
		<identifier>	SP_YMS004_YHXL_L_1	</identifier>
		<parent>	Scene Root	</parent>
		<transform>
			<row0>	1.1083 0.2429 -0.2158 0.0000	</row0>
			<row1>	-0.2356 1.1291 0.0605 0.0000	</row1>
			<row2>	0.2237 -0.0140 1.1330 0.0000	</row2>
			<row3>	-0.1194 0.3072 8.6969 1.0000	</row3>
		</transform>
	</node>
	<node>
		<identifier>	SP_YMS010_YHWM_L_1	</identifier>
		<parent>	Scene Root	</parent>
		<transform>
			<row0>	1.0000 0.0000 0.0000 0.0000	</row0>
			<row1>	0.0000 1.0000 0.0000 0.0000	</row1>
			<row2>	0.0000 0.0000 1.0000 0.0000	</row2>
			<row3>	0.0000 -0.0178 8.9940 1.0000	</row3>
		</transform>
	</node>
	<node>
		<identifier>	SP_YMS011_YHWL_M_1_INDEX_16	</identifier>
		<parent>	Scene Root	</parent>
		<transform>
			<row0>	0.9760 0.1326 -0.1725 0.0000	</row0>
			<row1>	-0.1308 0.9912 0.0221 0.0000	</row1>
			<row2>	0.1739 0.0009 0.9848 0.0000	</row2>
			<row3>	-0.4057 -0.0504 6.5006 1.0000	</row3>
		</transform>
	</node>
	<node>
		<identifier>	SP_YMS011_YHWL_M_1_INDEX_7	</identifier>
		<parent>	Scene Root	</parent>
		<transform>
			<row0>	0.9782 0.1326 -0.1601 0.0000	</row0>
			<row1>	-0.1308 0.9912 0.0221 0.0000	</row1>
			<row2>	0.1616 -0.0007 0.9869 0.0000	</row2>
			<row3>	-0.2635 -0.0504 7.3365 1.0000	</row3>
		</transform>
	</node>
	<node>
		<identifier>	SP_YMS012_YHWR_M_1_INDEX_14	</identifier>
		<parent>	Scene Root	</parent>
		<transform>
			<row0>	0.9782 -0.1326 0.1601 0.0000	</row0>
			<row1>	0.1308 0.9912 0.0221 0.0000	</row1>
			<row2>	-0.1616 -0.0007 0.9869 0.0000	</row2>
			<row3>	0.2635 -0.0504 7.3365 1.0000	</row3>
		</transform>
	</node>
	<node>
		<identifier>	SP_YMS012_YHWR_M_1_INDEX_15	</identifier>
		<parent>	Scene Root	</parent>
		<transform>
			<row0>	0.9760 -0.1326 0.1725 0.0000	</row0>
			<row1>	0.1308 0.9912 0.0221 0.0000	</row1>
			<row2>	-0.1739 0.0009 0.9848 0.0000	</row2>
			<row3>	0.4057 -0.0504 6.5006 1.0000	</row3>
		</transform>
	</node>
	<node>
		<identifier>	SP_YMS020_YHBU_M_1	</identifier>
		<parent>	Scene Root	</parent>
		<transform>
			<row0>	1.4508 0.0000 0.0000 0.0000	</row0>
			<row1>	0.0000 1.4508 0.0000 0.0000	</row1>
			<row2>	0.0000 0.0000 1.4508 0.0000	</row2>
			<row3>	0.0000 -0.1633 8.9309 1.0000	</row3>
		</transform>
	</node>
	<node>
		<identifier>	SP_YMS053_YHDC_S_1_INDEX_4	</identifier>
		<parent>	Scene Root	</parent>
		<transform>
			<row0>	0.0000 0.0000 -1.0000 0.0000	</row0>
			<row1>	0.0000 1.0000 0.0000 0.0000	</row1>
			<row2>	1.0000 0.0000 0.0000 0.0000	</row2>
			<row3>	0.3495 0.4127 6.6727 1.0000	</row3>
		</transform>
	</node>
	<node>
		<identifier>	SP_YMS053_YHDC_S_1_INDEX_7	</identifier>
		<parent>	Scene Root	</parent>
		<transform>
			<row0>	0.0000 0.0000 1.0000 0.0000	</row0>
			<row1>	0.0000 1.0000 0.0000 0.0000	</row1>
			<row2>	-1.0000 0.0000 0.0000 0.0000	</row2>
			<row3>	-0.3495 0.4127 6.6727 1.0000	</row3>
		</transform>
	</node>
	<node>
		<identifier>	SP_YMS080_YHSL_M_1_INDEX_1	</identifier>
		<parent>	Scene Root	</parent>
		<transform>
			<row0>	0.8962 0.4145 -0.1579 0.0000	</row0>
			<row1>	-0.4353 0.8904 -0.1332 0.0000	</row1>
			<row2>	0.0854 0.1881 0.9784 0.0000	</row2>
			<row3>	-0.4773 0.2077 6.5682 1.0000	</row3>
		</transform>
	</node>
	<node>
		<identifier>	SP_YMS081_YHSR_M_1_INDEX_2	</identifier>
		<parent>	Scene Root	</parent>
		<transform>
			<row0>	0.8962 -0.4145 0.1579 0.0000	</row0>
			<row1>	0.4353 0.8904 -0.1332 0.0000	</row1>
			<row2>	-0.0854 0.1881 0.9784 0.0000	</row2>
			<row3>	0.4773 0.2077 6.5682 1.0000	</row3>
		</transform>
	</node>
</VSB302_Los_Andes_1943_Bow.skel_ext>
