<VSB302_Los_Andes_1943_MidBack.skel_ext>
	<exported>	true	</exported>
	<node>
		<identifier>	MP_AM722_Ammobox_big	</identifier>
		<parent>	Scene Root	</parent>
		<transform>
			<row0>	0.0000 0.0000 1.0000 0.0000	</row0>
			<row1>	0.0000 1.0000 0.0000 0.0000	</row1>
			<row2>	-1.0000 0.0000 0.0000 0.0000	</row2>
			<row3>	0.1351 0.8577 -3.4122 1.0000	</row3>
		</transform>
	</node>
	<node>
		<identifier>	MP_AM722_Ammobox_big_INDEX_1	</identifier>
		<parent>	Scene Root	</parent>
		<transform>
			<row0>	0.0000 0.0000 1.0000 0.0000	</row0>
			<row1>	0.0000 1.0000 0.0000 0.0000	</row1>
			<row2>	-1.0000 0.0000 0.0000 0.0000	</row2>
			<row3>	0.0915 0.8577 -3.4122 1.0000	</row3>
		</transform>
	</node>
	<node>
		<identifier>	MP_AM722_Ammobox_big_INDEX_10	</identifier>
		<parent>	Scene Root	</parent>
		<transform>
			<row0>	0.0000 0.0162 -0.9999 0.0000	</row0>
			<row1>	0.0000 0.9999 0.0162 0.0000	</row1>
			<row2>	1.0000 0.0000 0.0000 0.0000	</row2>
			<row3>	-0.2804 0.3834 -7.2705 1.0000	</row3>
		</transform>
	</node>
	<node>
		<identifier>	MP_AM722_Ammobox_big_INDEX_11	</identifier>
		<parent>	Scene Root	</parent>
		<transform>
			<row0>	0.0000 -0.0162 0.9999 0.0000	</row0>
			<row1>	0.0000 0.9999 0.0162 0.0000	</row1>
			<row2>	-1.0000 0.0000 0.0000 0.0000	</row2>
			<row3>	-0.3242 0.3825 -7.2705 1.0000	</row3>
		</transform>
	</node>
	<node>
		<identifier>	MP_AM722_Ammobox_big_INDEX_2	</identifier>
		<parent>	Scene Root	</parent>
		<transform>
			<row0>	0.0000 0.0000 -1.0000 0.0000	</row0>
			<row1>	0.0000 1.0000 0.0000 0.0000	</row1>
			<row2>	1.0000 0.0000 0.0000 0.0000	</row2>
			<row3>	-0.0915 0.8577 -3.4122 1.0000	</row3>
		</transform>
	</node>
	<node>
		<identifier>	MP_AM722_Ammobox_big_INDEX_3	</identifier>
		<parent>	Scene Root	</parent>
		<transform>
			<row0>	0.0000 0.0000 -1.0000 0.0000	</row0>
			<row1>	0.0000 1.0000 0.0000 0.0000	</row1>
			<row2>	1.0000 0.0000 0.0000 0.0000	</row2>
			<row3>	-0.1351 0.8577 -3.4122 1.0000	</row3>
		</transform>
	</node>
	<node>
		<identifier>	MP_AM722_Ammobox_big_INDEX_4	</identifier>
		<parent>	Scene Root	</parent>
		<transform>
			<row0>	0.0000 -0.0162 0.9999 0.0000	</row0>
			<row1>	0.0000 0.9999 0.0162 0.0000	</row1>
			<row2>	-1.0000 0.0000 0.0000 0.0000	</row2>
			<row3>	-0.2804 0.3807 -7.1546 1.0000	</row3>
		</transform>
	</node>
	<node>
		<identifier>	MP_AM722_Ammobox_big_INDEX_5	</identifier>
		<parent>	Scene Root	</parent>
		<transform>
			<row0>	0.0000 0.0162 -0.9999 0.0000	</row0>
			<row1>	0.0000 0.9999 0.0162 0.0000	</row1>
			<row2>	1.0000 0.0000 0.0000 0.0000	</row2>
			<row3>	-0.3242 0.3816 -7.1546 1.0000	</row3>
		</transform>
	</node>
	<node>
		<identifier>	MP_AM722_Ammobox_big_INDEX_6	</identifier>
		<parent>	Scene Root	</parent>
		<transform>
			<row0>	0.0000 -0.0162 0.9999 0.0000	</row0>
			<row1>	0.0000 0.9999 0.0162 0.0000	</row1>
			<row2>	-1.0000 0.0000 0.0000 0.0000	</row2>
			<row3>	0.2804 0.3834 -7.2705 1.0000	</row3>
		</transform>
	</node>
	<node>
		<identifier>	MP_AM722_Ammobox_big_INDEX_7	</identifier>
		<parent>	Scene Root	</parent>
		<transform>
			<row0>	0.0000 0.0162 -0.9999 0.0000	</row0>
			<row1>	0.0000 0.9999 0.0162 0.0000	</row1>
			<row2>	1.0000 0.0000 0.0000 0.0000	</row2>
			<row3>	0.3242 0.3825 -7.2705 1.0000	</row3>
		</transform>
	</node>
	<node>
		<identifier>	MP_AM722_Ammobox_big_INDEX_8	</identifier>
		<parent>	Scene Root	</parent>
		<transform>
			<row0>	0.0000 -0.0162 0.9999 0.0000	</row0>
			<row1>	0.0000 0.9999 0.0162 0.0000	</row1>
			<row2>	-1.0000 0.0000 0.0000 0.0000	</row2>
			<row3>	0.3242 0.3816 -7.1546 1.0000	</row3>
		</transform>
	</node>
	<node>
		<identifier>	MP_AM722_Ammobox_big_INDEX_9	</identifier>
		<parent>	Scene Root	</parent>
		<transform>
			<row0>	0.0000 0.0162 -0.9999 0.0000	</row0>
			<row1>	0.0000 0.9999 0.0162 0.0000	</row1>
			<row2>	1.0000 0.0000 0.0000 0.0000	</row2>
			<row3>	0.2804 0.3816 -7.1546 1.0000	</row3>
		</transform>
	</node>
	<node>
		<identifier>	MP_BM705_Ammunition_Box	</identifier>
		<parent>	Scene Root	</parent>
		<transform>
			<row0>	-0.8367 0.0000 0.5476 0.0000	</row0>
			<row1>	0.0000 1.0000 0.0000 0.0000	</row1>
			<row2>	-0.5476 0.0000 -0.8367 0.0000	</row2>
			<row3>	0.3010 0.8584 -4.4899 1.0000	</row3>
		</transform>
	</node>
	<node>
		<identifier>	MP_BM705_Ammunition_Box_INDEX_1	</identifier>
		<parent>	Scene Root	</parent>
		<transform>
			<row0>	-0.8367 0.0000 -0.5476 0.0000	</row0>
			<row1>	0.0000 1.0000 0.0000 0.0000	</row1>
			<row2>	0.5476 0.0000 -0.8367 0.0000	</row2>
			<row3>	-0.3010 0.8584 -4.4899 1.0000	</row3>
		</transform>
	</node>
	<node>
		<identifier>	MP_CM001_Propeller3_L	</identifier>
		<parent>	Scene Root	</parent>
		<transform>
			<row0>	1.2210 0.0003 0.0091 0.0000	</row0>
			<row1>	0.0000 1.2204 -0.0366 0.0000	</row1>
			<row2>	-0.0091 0.0366 1.2204 0.0000	</row2>
			<row3>	-0.4578 -0.4753 -7.2566 1.0000	</row3>
		</transform>
	</node>
	<node>
		<identifier>	MP_CM012_Fire_Hose_Rack_1	</identifier>
		<parent>	Scene Root	</parent>
		<transform>
			<row0>	0.0000 0.0000 -1.0000 0.0000	</row0>
			<row1>	0.0000 1.0000 0.0000 0.0000	</row1>
			<row2>	1.0000 0.0000 0.0000 0.0000	</row2>
			<row3>	0.1627 0.5985 -3.0449 1.0000	</row3>
		</transform>
	</node>
	<node>
		<identifier>	MP_CM012_Fire_Hose_Rack_1_INDEX_1	</identifier>
		<parent>	Scene Root	</parent>
		<transform>
			<row0>	0.0000 0.0000 -1.0000 0.0000	</row0>
			<row1>	0.0000 1.0000 0.0000 0.0000	</row1>
			<row2>	1.0000 0.0000 0.0000 0.0000	</row2>
			<row3>	-0.1627 0.5985 -3.0449 1.0000	</row3>
		</transform>
	</node>
	<node>
		<identifier>	MP_CM012_Fire_Hose_Rack_1_INDEX_2	</identifier>
		<parent>	Scene Root	</parent>
		<transform>
			<row0>	-1.0000 0.0000 0.0000 0.0000	</row0>
			<row1>	0.0000 1.0000 0.0000 0.0000	</row1>
			<row2>	0.0000 0.0000 -1.0000 0.0000	</row2>
			<row3>	0.2673 0.4411 -4.6785 1.0000	</row3>
		</transform>
	</node>
	<node>
		<identifier>	MP_CM012_Fire_Hose_Rack_1_INDEX_3	</identifier>
		<parent>	Scene Root	</parent>
		<transform>
			<row0>	-0.7749 0.0000 0.6321 0.0000	</row0>
			<row1>	0.0000 1.0000 0.0000 0.0000	</row1>
			<row2>	-0.6321 0.0000 -0.7749 0.0000	</row2>
			<row3>	0.2661 0.4149 -6.6446 1.0000	</row3>
		</transform>
	</node>
	<node>
		<identifier>	MP_CM012_Fire_Hose_Rack_1_INDEX_4	</identifier>
		<parent>	Scene Root	</parent>
		<transform>
			<row0>	0.7660 0.0000 0.6428 0.0000	</row0>
			<row1>	0.0000 1.0000 0.0000 0.0000	</row1>
			<row2>	-0.6428 0.0000 0.7660 0.0000	</row2>
			<row3>	-0.2661 0.4149 -6.6446 1.0000	</row3>
		</transform>
	</node>
	<node>
		<identifier>	MP_CM012_Fire_Hose_Rack_1_INDEX_5	</identifier>
		<parent>	Scene Root	</parent>
		<transform>
			<row0>	1.0000 0.0000 0.0000 0.0000	</row0>
			<row1>	0.0000 1.0000 0.0000 0.0000	</row1>
			<row2>	0.0000 0.0000 1.0000 0.0000	</row2>
			<row3>	-0.2673 0.4411 -4.6785 1.0000	</row3>
		</transform>
	</node>
	<node>
		<identifier>	MP_CM014_Fuel_Oil_Hose	</identifier>
		<parent>	Scene Root	</parent>
		<transform>
			<row0>	-0.7871 0.0000 -0.6168 0.0000	</row0>
			<row1>	0.0000 1.0000 0.0000 0.0000	</row1>
			<row2>	0.6168 0.0000 -0.7871 0.0000	</row2>
			<row3>	0.5263 0.4321 -3.0752 1.0000	</row3>
		</transform>
	</node>
	<node>
		<identifier>	MP_CM014_Fuel_Oil_Hose_INDEX_1	</identifier>
		<parent>	Scene Root	</parent>
		<transform>
			<row0>	0.7874 0.0000 -0.6164 0.0000	</row0>
			<row1>	0.0000 1.0000 0.0000 0.0000	</row1>
			<row2>	0.6164 0.0000 0.7874 0.0000	</row2>
			<row3>	-0.5259 0.4321 -3.0755 1.0000	</row3>
		</transform>
	</node>
	<node>
		<identifier>	MP_CM014_Fuel_Oil_Hose_INDEX_2	</identifier>
		<parent>	Scene Root	</parent>
		<transform>
			<row0>	0.6317 0.0000 0.7752 0.0000	</row0>
			<row1>	0.0000 1.0000 0.0000 0.0000	</row1>
			<row2>	-0.7752 0.0000 0.6317 0.0000	</row2>
			<row3>	-0.5114 0.4321 -4.0674 1.0000	</row3>
		</transform>
	</node>
	<node>
		<identifier>	MP_CM014_Fuel_Oil_Hose_INDEX_3	</identifier>
		<parent>	Scene Root	</parent>
		<transform>
			<row0>	-0.6313 0.0000 0.7756 0.0000	</row0>
			<row1>	0.0000 1.0000 0.0000 0.0000	</row1>
			<row2>	-0.7756 0.0000 -0.6313 0.0000	</row2>
			<row3>	0.5116 0.4321 -4.0677 1.0000	</row3>
		</transform>
	</node>
	<node>
		<identifier>	MP_CM014_Fuel_Oil_Hose_INDEX_4	</identifier>
		<parent>	Scene Root	</parent>
		<transform>
			<row0>	-0.6313 0.0000 0.7756 0.0000	</row0>
			<row1>	0.0000 1.0000 0.0000 0.0000	</row1>
			<row2>	-0.7756 0.0000 -0.6313 0.0000	</row2>
			<row3>	0.5537 0.4772 -4.0332 1.0000	</row3>
		</transform>
	</node>
	<node>
		<identifier>	MP_CM014_Fuel_Oil_Hose_INDEX_5	</identifier>
		<parent>	Scene Root	</parent>
		<transform>
			<row0>	0.6317 0.0000 0.7752 0.0000	</row0>
			<row1>	0.0000 1.0000 0.0000 0.0000	</row1>
			<row2>	-0.7752 0.0000 0.6317 0.0000	</row2>
			<row3>	-0.5535 0.4772 -4.0329 1.0000	</row3>
		</transform>
	</node>
	<node>
		<identifier>	MP_CM014_Fuel_Oil_Hose_INDEX_6	</identifier>
		<parent>	Scene Root	</parent>
		<transform>
			<row0>	-0.7871 0.0000 -0.6168 0.0000	</row0>
			<row1>	0.0000 1.0000 0.0000 0.0000	</row1>
			<row2>	0.6168 0.0000 -0.7871 0.0000	</row2>
			<row3>	0.5650 0.3983 -3.1246 1.0000	</row3>
		</transform>
	</node>
	<node>
		<identifier>	MP_CM014_Fuel_Oil_Hose_INDEX_7	</identifier>
		<parent>	Scene Root	</parent>
		<transform>
			<row0>	0.7789 0.0000 -0.6271 0.0000	</row0>
			<row1>	0.0000 1.0000 0.0000 0.0000	</row1>
			<row2>	0.6271 0.0000 0.7789 0.0000	</row2>
			<row3>	-0.5645 0.3983 -3.1250 1.0000	</row3>
		</transform>
	</node>
	<node>
		<identifier>	MP_CM029_Emergency_Box	</identifier>
		<parent>	Scene Root	</parent>
		<transform>
			<row0>	0.0000 0.0000 1.0000 0.0000	</row0>
			<row1>	0.0000 1.0000 0.0000 0.0000	</row1>
			<row2>	-1.0000 0.0000 0.0000 0.0000	</row2>
			<row3>	0.1220 0.9352 -4.1140 1.0000	</row3>
		</transform>
	</node>
	<node>
		<identifier>	MP_CM029_Emergency_Box_INDEX_1	</identifier>
		<parent>	Scene Root	</parent>
		<transform>
			<row0>	-1.0000 0.0000 0.0000 0.0000	</row0>
			<row1>	0.0000 1.0000 0.0000 0.0000	</row1>
			<row2>	0.0000 0.0000 -1.0000 0.0000	</row2>
			<row3>	0.2245 0.9078 -3.8306 1.0000	</row3>
		</transform>
	</node>
	<node>
		<identifier>	MP_CM029_Emergency_Box_INDEX_2	</identifier>
		<parent>	Scene Root	</parent>
		<transform>
			<row0>	0.0000 0.0000 -1.0000 0.0000	</row0>
			<row1>	0.0000 1.0000 0.0000 0.0000	</row1>
			<row2>	1.0000 0.0000 0.0000 0.0000	</row2>
			<row3>	0.2066 1.0591 -4.1432 1.0000	</row3>
		</transform>
	</node>
	<node>
		<identifier>	MP_CM029_Emergency_Box_INDEX_3	</identifier>
		<parent>	Scene Root	</parent>
		<transform>
			<row0>	-0.0911 0.0000 -0.9958 0.0000	</row0>
			<row1>	0.0000 1.0000 0.0000 0.0000	</row1>
			<row2>	0.9958 0.0000 -0.0911 0.0000	</row2>
			<row3>	0.5381 0.4203 -7.2550 1.0000	</row3>
		</transform>
	</node>
	<node>
		<identifier>	MP_CM029_Emergency_Box_INDEX_4	</identifier>
		<parent>	Scene Root	</parent>
		<transform>
			<row0>	0.0000 0.0000 -1.0000 0.0000	</row0>
			<row1>	0.0000 1.0000 0.0000 0.0000	</row1>
			<row2>	1.0000 0.0000 0.0000 0.0000	</row2>
			<row3>	-0.1220 0.9352 -4.1140 1.0000	</row3>
		</transform>
	</node>
	<node>
		<identifier>	MP_CM029_Emergency_Box_INDEX_5	</identifier>
		<parent>	Scene Root	</parent>
		<transform>
			<row0>	-1.0000 0.0000 0.0000 0.0000	</row0>
			<row1>	0.0000 1.0000 0.0000 0.0000	</row1>
			<row2>	0.0000 0.0000 -1.0000 0.0000	</row2>
			<row3>	-0.2245 0.9078 -3.8306 1.0000	</row3>
		</transform>
	</node>
	<node>
		<identifier>	MP_CM029_Emergency_Box_INDEX_6	</identifier>
		<parent>	Scene Root	</parent>
		<transform>
			<row0>	0.0000 0.0000 1.0000 0.0000	</row0>
			<row1>	0.0000 1.0000 0.0000 0.0000	</row1>
			<row2>	-1.0000 0.0000 0.0000 0.0000	</row2>
			<row3>	-0.2066 1.0591 -4.1432 1.0000	</row3>
		</transform>
	</node>
	<node>
		<identifier>	MP_CM029_Emergency_Box_INDEX_7	</identifier>
		<parent>	Scene Root	</parent>
		<transform>
			<row0>	-0.0911 0.0000 0.9958 0.0000	</row0>
			<row1>	0.0000 1.0000 0.0000 0.0000	</row1>
			<row2>	-0.9958 0.0000 -0.0911 0.0000	</row2>
			<row3>	-0.5381 0.4203 -7.2550 1.0000	</row3>
		</transform>
	</node>
	<node>
		<identifier>	MP_CM032_Propeller3_R	</identifier>
		<parent>	Scene Root	</parent>
		<transform>
			<row0>	1.2210 -0.0003 -0.0091 0.0000	</row0>
			<row1>	0.0000 1.2204 -0.0366 0.0000	</row1>
			<row2>	0.0091 0.0366 1.2204 0.0000	</row2>
			<row3>	0.4578 -0.4753 -7.2566 1.0000	</row3>
		</transform>
	</node>
	<node>
		<identifier>	MP_CM052_Fender	</identifier>
		<parent>	Scene Root	</parent>
		<transform>
			<row0>	-0.5736 0.0000 -0.8192 0.0000	</row0>
			<row1>	0.0000 1.0000 0.0000 0.0000	</row1>
			<row2>	0.8192 0.0000 -0.5736 0.0000	</row2>
			<row3>	0.3161 0.3728 -5.6533 1.0000	</row3>
		</transform>
	</node>
	<node>
		<identifier>	MP_CM052_Fender_INDEX_1	</identifier>
		<parent>	Scene Root	</parent>
		<transform>
			<row0>	-0.5736 0.0000 0.8192 0.0000	</row0>
			<row1>	0.0000 1.0000 0.0000 0.0000	</row1>
			<row2>	-0.8192 0.0000 -0.5736 0.0000	</row2>
			<row3>	-0.3161 0.3728 -5.6533 1.0000	</row3>
		</transform>
	</node>
	<node>
		<identifier>	MP_CM056_Ships_bell	</identifier>
		<parent>	Scene Root	</parent>
		<transform>
			<row0>	1.0000 0.0000 0.0000 0.0000	</row0>
			<row1>	0.0000 1.0000 0.0000 0.0000	</row1>
			<row2>	0.0000 0.0000 1.0000 0.0000	</row2>
			<row3>	-0.0504 0.8510 -3.3247 1.0000	</row3>
		</transform>
	</node>
	<node>
		<identifier>	MP_VM003_Paravane	</identifier>
		<parent>	Scene Root	</parent>
		<transform>
			<row0>	-0.3804 0.6357 0.6717 0.0000	</row0>
			<row1>	0.3225 0.7719 -0.5479 0.0000	</row1>
			<row2>	-0.8667 0.0082 -0.4987 0.0000	</row2>
			<row3>	0.2013 0.4315 -5.7852 1.0000	</row3>
		</transform>
	</node>
	<node>
		<identifier>	MP_VM003_Paravane_INDEX_1	</identifier>
		<parent>	Scene Root	</parent>
		<transform>
			<row0>	-0.3804 -0.6357 -0.6717 0.0000	</row0>
			<row1>	-0.3225 0.7719 -0.5479 0.0000	</row1>
			<row2>	0.8667 0.0082 -0.4987 0.0000	</row2>
			<row3>	-0.2034 0.4315 -5.7844 1.0000	</row3>
		</transform>
	</node>
	<node>
		<identifier>	MP_VM016_Reels	</identifier>
		<parent>	Scene Root	</parent>
		<transform>
			<row0>	1.0000 0.0000 0.0000 0.0000	</row0>
			<row1>	0.0000 1.0000 0.0000 0.0000	</row1>
			<row2>	0.0000 0.0000 1.0000 0.0000	</row2>
			<row3>	0.1742 0.3802 -7.0703 1.0000	</row3>
		</transform>
	</node>
	<node>
		<identifier>	MP_VM016_Reels_INDEX_1	</identifier>
		<parent>	Scene Root	</parent>
		<transform>
			<row0>	0.9992 -0.0388 0.0000 0.0000	</row0>
			<row1>	0.0388 0.9992 0.0000 0.0000	</row1>
			<row2>	0.0000 0.0000 1.0000 0.0000	</row2>
			<row3>	0.4714 0.3629 -5.3649 1.0000	</row3>
		</transform>
	</node>
	<node>
		<identifier>	MP_VM016_Reels_INDEX_10	</identifier>
		<parent>	Scene Root	</parent>
		<transform>
			<row0>	0.0000 0.0000 1.0000 0.0000	</row0>
			<row1>	0.0000 1.0000 0.0000 0.0000	</row1>
			<row2>	-1.0000 0.0000 0.0000 0.0000	</row2>
			<row3>	-0.4139 0.5274 -2.9468 1.0000	</row3>
		</transform>
	</node>
	<node>
		<identifier>	MP_VM016_Reels_INDEX_11	</identifier>
		<parent>	Scene Root	</parent>
		<transform>
			<row0>	0.2964 -0.0164 0.9549 0.0000	</row0>
			<row1>	0.0320 0.9995 0.0073 0.0000	</row1>
			<row2>	-0.9545 0.0284 0.2967 0.0000	</row2>
			<row3>	0.3525 0.3733 -6.5519 1.0000	</row3>
		</transform>
	</node>
	<node>
		<identifier>	MP_VM016_Reels_INDEX_2	</identifier>
		<parent>	Scene Root	</parent>
		<transform>
			<row0>	0.0000 0.0000 1.0000 0.0000	</row0>
			<row1>	0.0000 1.0000 0.0000 0.0000	</row1>
			<row2>	-1.0000 0.0000 0.0000 0.0000	</row2>
			<row3>	0.2356 0.5282 -4.6904 1.0000	</row3>
		</transform>
	</node>
	<node>
		<identifier>	MP_VM016_Reels_INDEX_3	</identifier>
		<parent>	Scene Root	</parent>
		<transform>
			<row0>	0.0000 0.0000 1.0000 0.0000	</row0>
			<row1>	0.0000 1.0000 0.0000 0.0000	</row1>
			<row2>	-1.0000 0.0000 0.0000 0.0000	</row2>
			<row3>	0.4139 0.5274 -2.9468 1.0000	</row3>
		</transform>
	</node>
	<node>
		<identifier>	MP_VM016_Reels_INDEX_4	</identifier>
		<parent>	Scene Root	</parent>
		<transform>
			<row0>	0.0000 0.0000 1.0000 0.0000	</row0>
			<row1>	0.0000 1.0000 0.0000 0.0000	</row1>
			<row2>	-1.0000 0.0000 0.0000 0.0000	</row2>
			<row3>	0.4194 0.5280 -2.2181 1.0000	</row3>
		</transform>
	</node>
	<node>
		<identifier>	MP_VM016_Reels_INDEX_5	</identifier>
		<parent>	Scene Root	</parent>
		<transform>
			<row0>	0.0000 0.0000 1.0000 0.0000	</row0>
			<row1>	0.0000 1.0000 0.0000 0.0000	</row1>
			<row2>	-1.0000 0.0000 0.0000 0.0000	</row2>
			<row3>	-0.4161 0.5280 -2.2181 1.0000	</row3>
		</transform>
	</node>
	<node>
		<identifier>	MP_VM016_Reels_INDEX_6	</identifier>
		<parent>	Scene Root	</parent>
		<transform>
			<row0>	0.0000 0.0000 1.0000 0.0000	</row0>
			<row1>	0.0000 1.0000 0.0000 0.0000	</row1>
			<row2>	-1.0000 0.0000 0.0000 0.0000	</row2>
			<row3>	-0.2356 0.5282 -4.6904 1.0000	</row3>
		</transform>
	</node>
	<node>
		<identifier>	MP_VM016_Reels_INDEX_7	</identifier>
		<parent>	Scene Root	</parent>
		<transform>
			<row0>	0.9992 0.0388 0.0000 0.0000	</row0>
			<row1>	-0.0388 0.9992 0.0000 0.0000	</row1>
			<row2>	0.0000 0.0000 1.0000 0.0000	</row2>
			<row3>	-0.4714 0.3629 -5.3649 1.0000	</row3>
		</transform>
	</node>
	<node>
		<identifier>	MP_VM016_Reels_INDEX_8	</identifier>
		<parent>	Scene Root	</parent>
		<transform>
			<row0>	0.2964 0.0129 -0.9550 0.0000	</row0>
			<row1>	-0.0174 0.9998 0.0081 0.0000	</row1>
			<row2>	0.9549 0.0142 0.2966 0.0000	</row2>
			<row3>	-0.3525 0.3733 -6.5519 1.0000	</row3>
		</transform>
	</node>
	<node>
		<identifier>	MP_VM016_Reels_INDEX_9	</identifier>
		<parent>	Scene Root	</parent>
		<transform>
			<row0>	1.0000 0.0000 0.0000 0.0000	</row0>
			<row1>	0.0000 1.0000 0.0000 0.0000	</row1>
			<row2>	0.0000 0.0000 1.0000 0.0000	</row2>
			<row3>	-0.1742 0.3802 -7.0703 1.0000	</row3>
		</transform>
	</node>
	<node>
		<identifier>	MP_VM057_Helmets_Rack	</identifier>
		<parent>	Scene Root	</parent>
		<transform>
			<row0>	-1.0000 0.0000 0.0000 0.0000	</row0>
			<row1>	0.0000 1.0000 0.0000 0.0000	</row1>
			<row2>	0.0000 0.0000 -1.0000 0.0000	</row2>
			<row3>	-0.0581 1.0300 -3.9607 1.0000	</row3>
		</transform>
	</node>
	<node>
		<identifier>	MP_VM058_Talker_Helmets_Rack	</identifier>
		<parent>	Scene Root	</parent>
		<transform>
			<row0>	1.0000 0.0000 0.0000 0.0000	</row0>
			<row1>	0.0000 1.0000 0.0000 0.0000	</row1>
			<row2>	0.0000 0.0000 1.0000 0.0000	</row2>
			<row3>	0.1155 0.8887 -3.8371 1.0000	</row3>
		</transform>
	</node>
	<node>
		<identifier>	MP_VM058_Talker_Helmets_Rack_INDEX_1	</identifier>
		<parent>	Scene Root	</parent>
		<transform>
			<row0>	0.0000 0.0000 -1.0000 0.0000	</row0>
			<row1>	0.0000 1.0000 0.0000 0.0000	</row1>
			<row2>	1.0000 0.0000 0.0000 0.0000	</row2>
			<row3>	0.1155 0.9103 -4.3145 1.0000	</row3>
		</transform>
	</node>
	<node>
		<identifier>	MP_VM058_Talker_Helmets_Rack_INDEX_2	</identifier>
		<parent>	Scene Root	</parent>
		<transform>
			<row0>	0.0000 0.0000 1.0000 0.0000	</row0>
			<row1>	0.0000 1.0000 0.0000 0.0000	</row1>
			<row2>	-1.0000 0.0000 0.0000 0.0000	</row2>
			<row3>	-0.1155 0.9103 -4.3287 1.0000	</row3>
		</transform>
	</node>
	<node>
		<identifier>	MP_VM5004_3ton_electrik_winch_R	</identifier>
		<parent>	Scene Root	</parent>
		<transform>
			<row0>	0.0000 0.0000 -1.0000 0.0000	</row0>
			<row1>	0.0000 1.0000 0.0000 0.0000	</row1>
			<row2>	1.0000 0.0000 0.0000 0.0000	</row2>
			<row3>	0.3024 0.3730 -6.0306 1.0000	</row3>
		</transform>
	</node>
	<node>
		<identifier>	MP_VM5004_3ton_electrik_winch_R_INDEX_1	</identifier>
		<parent>	Scene Root	</parent>
		<transform>
			<row0>	-0.5736 0.0000 -0.8192 0.0000	</row0>
			<row1>	0.0000 1.0000 0.0000 0.0000	</row1>
			<row2>	0.8192 0.0000 -0.5736 0.0000	</row2>
			<row3>	0.1111 0.5313 -2.8711 1.0000	</row3>
		</transform>
	</node>
	<node>
		<identifier>	MP_VM5005_3ton_electrik_winch_L	</identifier>
		<parent>	Scene Root	</parent>
		<transform>
			<row0>	-0.6040 0.0000 0.7970 0.0000	</row0>
			<row1>	0.0000 1.0000 0.0000 0.0000	</row1>
			<row2>	-0.7970 0.0000 -0.6040 0.0000	</row2>
			<row3>	-0.1092 0.5313 -2.8711 1.0000	</row3>
		</transform>
	</node>
	<node>
		<identifier>	MP_VM5005_3ton_electrik_winch_L_INDEX_1	</identifier>
		<parent>	Scene Root	</parent>
		<transform>
			<row0>	0.0000 0.0000 1.0000 0.0000	</row0>
			<row1>	0.0000 1.0000 0.0000 0.0000	</row1>
			<row2>	-1.0000 0.0000 0.0000 0.0000	</row2>
			<row3>	-0.2994 0.3730 -6.0306 1.0000	</row3>
		</transform>
	</node>
	<node>
		<identifier>	MP_VM5006_Motor_Boat_45ft	</identifier>
		<parent>	Scene Root	</parent>
		<transform>
			<row0>	1.0000 0.0000 0.0000 0.0000	</row0>
			<row1>	0.0000 1.0000 0.0000 0.0000	</row1>
			<row2>	0.0000 0.0000 1.0000 0.0000	</row2>
			<row3>	-0.7469 0.3643 -2.6472 1.0000	</row3>
		</transform>
	</node>
	<node>
		<identifier>	MP_VM5006_Motor_Boat_45ft_INDEX_1	</identifier>
		<parent>	Scene Root	</parent>
		<transform>
			<row0>	1.0000 0.0000 0.0000 0.0000	</row0>
			<row1>	0.0000 1.0000 0.0000 0.0000	</row1>
			<row2>	0.0000 0.0000 1.0000 0.0000	</row2>
			<row3>	0.7469 0.3643 -2.6472 1.0000	</row3>
		</transform>
	</node>
	<node>
		<identifier>	MP_VM501_Whaleboat_24ft	</identifier>
		<parent>	Scene Root	</parent>
		<transform>
			<row0>	-0.9937 0.0000 0.1122 0.0000	</row0>
			<row1>	0.0000 1.0000 0.0000 0.0000	</row1>
			<row2>	-0.1122 0.0000 -0.9937 0.0000	</row2>
			<row3>	0.6175 0.4127 -6.6683 1.0000	</row3>
		</transform>
	</node>
	<node>
		<identifier>	MP_VM501_Whaleboat_24ft_INDEX_1	</identifier>
		<parent>	Scene Root	</parent>
		<transform>
			<row0>	-0.9937 0.0000 -0.1122 0.0000	</row0>
			<row1>	0.0000 1.0000 0.0000 0.0000	</row1>
			<row2>	0.1122 0.0000 -0.9937 0.0000	</row2>
			<row3>	-0.6167 0.4124 -6.6834 1.0000	</row3>
		</transform>
	</node>
	<node>
		<identifier>	MP_VM5024_Deck_Hatch	</identifier>
		<parent>	Scene Root	</parent>
		<transform>
			<row0>	0.0000 0.0000 1.0000 0.0000	</row0>
			<row1>	0.0000 1.0000 0.0000 0.0000	</row1>
			<row2>	-1.0000 0.0000 0.0000 0.0000	</row2>
			<row3>	0.6682 0.3559 -3.4108 1.0000	</row3>
		</transform>
	</node>
	<node>
		<identifier>	MP_VM5024_Deck_Hatch_INDEX_1	</identifier>
		<parent>	Scene Root	</parent>
		<transform>
			<row0>	0.0000 0.0000 1.0000 0.0000	</row0>
			<row1>	0.0000 1.0000 0.0000 0.0000	</row1>
			<row2>	-1.0000 0.0000 0.0000 0.0000	</row2>
			<row3>	0.4128 0.3655 -5.2393 1.0000	</row3>
		</transform>
	</node>
	<node>
		<identifier>	MP_VM5024_Deck_Hatch_INDEX_2	</identifier>
		<parent>	Scene Root	</parent>
		<transform>
			<row0>	0.0000 0.0000 1.0000 0.0000	</row0>
			<row1>	0.0000 1.0000 0.0000 0.0000	</row1>
			<row2>	-1.0000 0.0000 0.0000 0.0000	</row2>
			<row3>	0.6682 0.3559 -3.8358 1.0000	</row3>
		</transform>
	</node>
	<node>
		<identifier>	MP_VM5024_Deck_Hatch_INDEX_3	</identifier>
		<parent>	Scene Root	</parent>
		<transform>
			<row0>	0.0000 0.0000 -1.0000 0.0000	</row0>
			<row1>	0.0000 1.0000 0.0000 0.0000	</row1>
			<row2>	1.0000 0.0000 0.0000 0.0000	</row2>
			<row3>	-0.6682 0.3559 -3.4108 1.0000	</row3>
		</transform>
	</node>
	<node>
		<identifier>	MP_VM5024_Deck_Hatch_INDEX_4	</identifier>
		<parent>	Scene Root	</parent>
		<transform>
			<row0>	0.0000 0.0000 -1.0000 0.0000	</row0>
			<row1>	0.0000 1.0000 0.0000 0.0000	</row1>
			<row2>	1.0000 0.0000 0.0000 0.0000	</row2>
			<row3>	-0.4775 0.3621 -2.8659 1.0000	</row3>
		</transform>
	</node>
	<node>
		<identifier>	MP_VM5024_Deck_Hatch_INDEX_5	</identifier>
		<parent>	Scene Root	</parent>
		<transform>
			<row0>	0.0000 0.0000 -1.0000 0.0000	</row0>
			<row1>	0.0000 1.0000 0.0000 0.0000	</row1>
			<row2>	1.0000 0.0000 0.0000 0.0000	</row2>
			<row3>	-0.6682 0.3559 -3.8358 1.0000	</row3>
		</transform>
	</node>
	<node>
		<identifier>	MP_VM5024_Deck_Hatch_INDEX_6	</identifier>
		<parent>	Scene Root	</parent>
		<transform>
			<row0>	0.0000 0.0000 1.0000 0.0000	</row0>
			<row1>	0.0000 1.0000 0.0000 0.0000	</row1>
			<row2>	-1.0000 0.0000 0.0000 0.0000	</row2>
			<row3>	0.4775 0.3621 -2.8659 1.0000	</row3>
		</transform>
	</node>
	<node>
		<identifier>	MP_VM5024_Deck_Hatch_INDEX_7	</identifier>
		<parent>	Scene Root	</parent>
		<transform>
			<row0>	0.0000 0.0000 -1.0000 0.0000	</row0>
			<row1>	0.0000 1.0000 0.0000 0.0000	</row1>
			<row2>	1.0000 0.0000 0.0000 0.0000	</row2>
			<row3>	-0.4128 0.3655 -5.2393 1.0000	</row3>
		</transform>
	</node>
	<node>
		<identifier>	MP_VM5024_Deck_Hatch_INDEX_8	</identifier>
		<parent>	Scene Root	</parent>
		<transform>
			<row0>	0.0000 0.0000 -1.0000 0.0000	</row0>
			<row1>	0.0000 1.0000 0.0000 0.0000	</row1>
			<row2>	1.0000 0.0000 0.0000 0.0000	</row2>
			<row3>	-0.4775 0.3621 -2.7791 1.0000	</row3>
		</transform>
	</node>
	<node>
		<identifier>	MP_VM5024_Deck_Hatch_INDEX_9	</identifier>
		<parent>	Scene Root	</parent>
		<transform>
			<row0>	0.0000 0.0000 1.0000 0.0000	</row0>
			<row1>	0.0000 1.0000 0.0000 0.0000	</row1>
			<row2>	-1.0000 0.0000 0.0000 0.0000	</row2>
			<row3>	0.4775 0.3621 -2.7791 1.0000	</row3>
		</transform>
	</node>
	<node>
		<identifier>	MP_VM507_Whaleboat_26ft	</identifier>
		<parent>	Scene Root	</parent>
		<transform>
			<row0>	1.0000 0.0000 0.0000 0.0000	</row0>
			<row1>	0.0000 1.0000 0.0000 0.0000	</row1>
			<row2>	0.0000 0.0000 1.0000 0.0000	</row2>
			<row3>	-0.8997 0.3649 -3.4925 1.0000	</row3>
		</transform>
	</node>
	<node>
		<identifier>	MP_VM507_Whaleboat_26ft_INDEX_1	</identifier>
		<parent>	Scene Root	</parent>
		<transform>
			<row0>	1.0000 0.0000 0.0000 0.0000	</row0>
			<row1>	0.0000 1.0000 0.0000 0.0000	</row1>
			<row2>	0.0000 0.0000 1.0000 0.0000	</row2>
			<row3>	0.8997 0.3649 -3.4925 1.0000	</row3>
		</transform>
	</node>
	<node>
		<identifier>	MP_VM508_Whaleboat_16ft	</identifier>
		<parent>	Scene Root	</parent>
		<transform>
			<row0>	1.0000 0.0000 0.0000 0.0000	</row0>
			<row1>	0.0000 1.0000 0.0000 0.0000	</row1>
			<row2>	0.0000 0.0000 1.0000 0.0000	</row2>
			<row3>	-0.3822 0.5674 -2.7468 1.0000	</row3>
		</transform>
	</node>
	<node>
		<identifier>	MP_VM508_Whaleboat_16ft_INDEX_1	</identifier>
		<parent>	Scene Root	</parent>
		<transform>
			<row0>	1.0000 0.0000 0.0000 0.0000	</row0>
			<row1>	0.0000 1.0000 0.0000 0.0000	</row1>
			<row2>	0.0000 0.0000 1.0000 0.0000	</row2>
			<row3>	0.3822 0.5674 -2.7468 1.0000	</row3>
		</transform>
	</node>
	<node>
		<identifier>	MP_VM515_Liferaft_type_20_8ft_3	</identifier>
		<parent>	Scene Root	</parent>
		<transform>
			<row0>	1.0000 0.0098 0.0000 0.0000	</row0>
			<row1>	-0.0098 0.9999 0.0080 0.0000	</row1>
			<row2>	0.0000 -0.0080 1.0000 0.0000	</row2>
			<row3>	-0.0574 0.3875 -7.0568 1.0000	</row3>
		</transform>
	</node>
	<node>
		<identifier>	MP_VM515_Liferaft_type_20_8ft_3_INDEX_1	</identifier>
		<parent>	Scene Root	</parent>
		<transform>
			<row0>	1.0000 0.0000 0.0000 0.0000	</row0>
			<row1>	0.0000 1.0000 0.0000 0.0000	</row1>
			<row2>	0.0000 0.0000 1.0000 0.0000	</row2>
			<row3>	0.0000 0.5355 -2.6419 1.0000	</row3>
		</transform>
	</node>
	<node>
		<identifier>	MP_VM515_Liferaft_type_20_8ft_3_INDEX_10	</identifier>
		<parent>	Scene Root	</parent>
		<transform>
			<row0>	1.0000 0.0000 0.0000 0.0000	</row0>
			<row1>	0.0000 1.0000 0.0000 0.0000	</row1>
			<row2>	0.0000 0.0000 1.0000 0.0000	</row2>
			<row3>	-0.0595 0.8625 -3.7364 1.0000	</row3>
		</transform>
	</node>
	<node>
		<identifier>	MP_VM515_Liferaft_type_20_8ft_3_INDEX_2	</identifier>
		<parent>	Scene Root	</parent>
		<transform>
			<row0>	1.0000 0.0000 0.0000 0.0000	</row0>
			<row1>	0.0000 1.0000 0.0000 0.0000	</row1>
			<row2>	0.0000 0.0000 1.0000 0.0000	</row2>
			<row3>	0.3921 0.5355 -2.3745 1.0000	</row3>
		</transform>
	</node>
	<node>
		<identifier>	MP_VM515_Liferaft_type_20_8ft_3_INDEX_3	</identifier>
		<parent>	Scene Root	</parent>
		<transform>
			<row0>	1.0000 0.0000 0.0000 0.0000	</row0>
			<row1>	0.0000 1.0000 0.0000 0.0000	</row1>
			<row2>	0.0000 0.0000 1.0000 0.0000	</row2>
			<row3>	-0.3921 0.5355 -2.3745 1.0000	</row3>
		</transform>
	</node>
	<node>
		<identifier>	MP_VM515_Liferaft_type_20_8ft_3_INDEX_4	</identifier>
		<parent>	Scene Root	</parent>
		<transform>
			<row0>	1.0000 0.0000 0.0000 0.0000	</row0>
			<row1>	0.0000 1.0000 0.0000 0.0000	</row1>
			<row2>	0.0000 0.0000 1.0000 0.0000	</row2>
			<row3>	0.0000 0.5355 -2.4510 1.0000	</row3>
		</transform>
	</node>
	<node>
		<identifier>	MP_VM515_Liferaft_type_20_8ft_3_INDEX_5	</identifier>
		<parent>	Scene Root	</parent>
		<transform>
			<row0>	1.0000 0.0000 0.0000 0.0000	</row0>
			<row1>	0.0000 1.0000 0.0000 0.0000	</row1>
			<row2>	0.0000 0.0000 1.0000 0.0000	</row2>
			<row3>	0.1547 0.7095 -3.1356 1.0000	</row3>
		</transform>
	</node>
	<node>
		<identifier>	MP_VM515_Liferaft_type_20_8ft_3_INDEX_6	</identifier>
		<parent>	Scene Root	</parent>
		<transform>
			<row0>	1.0000 0.0000 0.0000 0.0000	</row0>
			<row1>	0.0000 1.0000 0.0000 0.0000	</row1>
			<row2>	0.0000 0.0000 1.0000 0.0000	</row2>
			<row3>	-0.1547 0.7095 -3.1356 1.0000	</row3>
		</transform>
	</node>
	<node>
		<identifier>	MP_VM515_Liferaft_type_20_8ft_3_INDEX_7	</identifier>
		<parent>	Scene Root	</parent>
		<transform>
			<row0>	0.9994 0.0359 0.0000 0.0000	</row0>
			<row1>	-0.0359 0.9994 0.0000 0.0000	</row1>
			<row2>	0.0000 0.0000 1.0000 0.0000	</row2>
			<row3>	-0.6343 0.3615 -4.8774 1.0000	</row3>
		</transform>
	</node>
	<node>
		<identifier>	MP_VM515_Liferaft_type_20_8ft_3_INDEX_8	</identifier>
		<parent>	Scene Root	</parent>
		<transform>
			<row0>	0.9994 0.0336 0.0000 0.0000	</row0>
			<row1>	-0.0336 0.9994 0.0000 0.0000	</row1>
			<row2>	0.0000 0.0000 1.0000 0.0000	</row2>
			<row3>	-0.7383 0.3581 -4.8775 1.0000	</row3>
		</transform>
	</node>
	<node>
		<identifier>	MP_VM515_Liferaft_type_20_8ft_3_INDEX_9	</identifier>
		<parent>	Scene Root	</parent>
		<transform>
			<row0>	1.0000 0.0000 0.0000 0.0000	</row0>
			<row1>	0.0000 1.0000 0.0000 0.0000	</row1>
			<row2>	0.0000 0.0000 1.0000 0.0000	</row2>
			<row3>	0.0595 0.8619 -3.7364 1.0000	</row3>
		</transform>
	</node>
	<node>
		<identifier>	MP_VM602_Multiple_Switch	</identifier>
		<parent>	Scene Root	</parent>
		<transform>
			<row0>	1.0000 0.0000 0.0000 0.0000	</row0>
			<row1>	0.0000 1.0000 0.0000 0.0000	</row1>
			<row2>	0.0000 0.0000 1.0000 0.0000	</row2>
			<row3>	0.1236 0.8768 -4.4171 1.0000	</row3>
		</transform>
	</node>
	<node>
		<identifier>	MP_VM602_Multiple_Switch_INDEX_1	</identifier>
		<parent>	Scene Root	</parent>
		<transform>
			<row0>	1.0000 0.0000 0.0000 0.0000	</row0>
			<row1>	0.0000 1.0000 0.0000 0.0000	</row1>
			<row2>	0.0000 0.0000 1.0000 0.0000	</row2>
			<row3>	-0.1236 0.8768 -4.4171 1.0000	</row3>
		</transform>
	</node>
	<node>
		<identifier>	MP_VM608_Sky_Lookout	</identifier>
		<parent>	Scene Root	</parent>
		<transform>
			<row0>	-1.0000 0.0000 0.0000 0.0000	</row0>
			<row1>	0.0000 1.0000 0.0000 0.0000	</row1>
			<row2>	0.0000 0.0000 -1.0000 0.0000	</row2>
			<row3>	-0.1725 0.8525 -4.5432 1.0000	</row3>
		</transform>
	</node>
	<node>
		<identifier>	MP_VM608_Sky_Lookout_INDEX_1	</identifier>
		<parent>	Scene Root	</parent>
		<transform>
			<row0>	0.0000 0.0000 1.0000 0.0000	</row0>
			<row1>	0.0000 1.0000 0.0000 0.0000	</row1>
			<row2>	-1.0000 0.0000 0.0000 0.0000	</row2>
			<row3>	-0.2331 0.8525 -4.1419 1.0000	</row3>
		</transform>
	</node>
	<node>
		<identifier>	MP_VM608_Sky_Lookout_INDEX_2	</identifier>
		<parent>	Scene Root	</parent>
		<transform>
			<row0>	-1.0000 0.0000 0.0000 0.0000	</row0>
			<row1>	0.0000 1.0000 0.0000 0.0000	</row1>
			<row2>	0.0000 0.0000 -1.0000 0.0000	</row2>
			<row3>	0.1725 0.8525 -4.5432 1.0000	</row3>
		</transform>
	</node>
	<node>
		<identifier>	MP_VM608_Sky_Lookout_INDEX_3	</identifier>
		<parent>	Scene Root	</parent>
		<transform>
			<row0>	0.0000 0.0000 -1.0000 0.0000	</row0>
			<row1>	0.0000 1.0000 0.0000 0.0000	</row1>
			<row2>	1.0000 0.0000 0.0000 0.0000	</row2>
			<row3>	0.2331 0.8525 -4.1419 1.0000	</row3>
		</transform>
	</node>
	<node>
		<identifier>	MP_VM624_Searchlight_sight	</identifier>
		<parent>	Scene Root	</parent>
		<transform>
			<row0>	0.0000 0.0000 1.0000 0.0000	</row0>
			<row1>	0.0000 1.0000 0.0000 0.0000	</row1>
			<row2>	-1.0000 0.0000 0.0000 0.0000	</row2>
			<row3>	-0.1753 1.0123 -4.0202 1.0000	</row3>
		</transform>
	</node>
	<node>
		<identifier>	MP_VM624_Searchlight_sight_INDEX_1	</identifier>
		<parent>	Scene Root	</parent>
		<transform>
			<row0>	0.0000 0.0000 -1.0000 0.0000	</row0>
			<row1>	0.0000 1.0000 0.0000 0.0000	</row1>
			<row2>	1.0000 0.0000 0.0000 0.0000	</row2>
			<row3>	0.1753 1.0123 -4.0202 1.0000	</row3>
		</transform>
	</node>
	<node>
		<identifier>	MP_VM648_Anemometer	</identifier>
		<parent>	Scene Root	</parent>
		<transform>
			<row0>	-1.0000 0.0000 0.0000 0.0000	</row0>
			<row1>	0.0000 1.0000 0.0000 0.0000	</row1>
			<row2>	0.0000 0.0000 -1.0000 0.0000	</row2>
			<row3>	0.2810 2.2004 -3.2271 1.0000	</row3>
		</transform>
	</node>
	<node>
		<identifier>	MP_VM648_Anemometer_INDEX_1	</identifier>
		<parent>	Scene Root	</parent>
		<transform>
			<row0>	-1.0000 0.0000 0.0000 0.0000	</row0>
			<row1>	0.0000 1.0000 0.0000 0.0000	</row1>
			<row2>	0.0000 0.0000 -1.0000 0.0000	</row2>
			<row3>	-0.2810 2.2004 -3.2271 1.0000	</row3>
		</transform>
	</node>
	<node>
		<identifier>	MP_VM652_Pelorus_Mk7	</identifier>
		<parent>	Scene Root	</parent>
		<transform>
			<row0>	0.0000 0.0000 -1.0000 0.0000	</row0>
			<row1>	0.0000 1.0000 0.0000 0.0000	</row1>
			<row2>	1.0000 0.0000 0.0000 0.0000	</row2>
			<row3>	-0.2374 0.8602 -3.8985 1.0000	</row3>
		</transform>
	</node>
	<node>
		<identifier>	MP_VM652_Pelorus_Mk7_INDEX_1	</identifier>
		<parent>	Scene Root	</parent>
		<transform>
			<row0>	1.0000 0.0000 0.0000 0.0000	</row0>
			<row1>	0.0000 1.0000 0.0000 0.0000	</row1>
			<row2>	0.0000 0.0000 1.0000 0.0000	</row2>
			<row3>	0.0000 0.8602 -4.6077 1.0000	</row3>
		</transform>
	</node>
	<node>
		<identifier>	MP_VM652_Pelorus_Mk7_INDEX_2	</identifier>
		<parent>	Scene Root	</parent>
		<transform>
			<row0>	0.0000 0.0000 1.0000 0.0000	</row0>
			<row1>	0.0000 1.0000 0.0000 0.0000	</row1>
			<row2>	-1.0000 0.0000 0.0000 0.0000	</row2>
			<row3>	0.2374 0.8602 -3.8985 1.0000	</row3>
		</transform>
	</node>
	<node>
		<identifier>	MP_VM850_Signal_Lamp	</identifier>
		<parent>	Scene Root	</parent>
		<transform>
			<row0>	-1.0000 0.0000 0.0000 0.0000	</row0>
			<row1>	0.0000 1.0000 0.0000 0.0000	</row1>
			<row2>	0.0000 0.0000 -1.0000 0.0000	</row2>
			<row3>	0.0000 2.9059 -3.2590 1.0000	</row3>
		</transform>
	</node>
	<node>
		<identifier>	MP_VM852_Signal_Lamp	</identifier>
		<parent>	Scene Root	</parent>
		<transform>
			<row0>	0.0000 0.0000 1.0000 0.0000	</row0>
			<row1>	0.0000 1.0000 0.0000 0.0000	</row1>
			<row2>	-1.0000 0.0000 0.0000 0.0000	</row2>
			<row3>	-0.2629 0.9291 -4.0193 1.0000	</row3>
		</transform>
	</node>
	<node>
		<identifier>	MP_VM852_Signal_Lamp_INDEX_1	</identifier>
		<parent>	Scene Root	</parent>
		<transform>
			<row0>	0.0000 0.0000 -1.0000 0.0000	</row0>
			<row1>	0.0000 1.0000 0.0000 0.0000	</row1>
			<row2>	1.0000 0.0000 0.0000 0.0000	</row2>
			<row3>	0.2629 0.9291 -4.0193 1.0000	</row3>
		</transform>
	</node>
	<node>
		<identifier>	MP_VM869_Searchlight_36in	</identifier>
		<parent>	Scene Root	</parent>
		<transform>
			<row0>	0.0000 0.0000 -1.0000 0.0000	</row0>
			<row1>	0.0000 1.0000 0.0000 0.0000	</row1>
			<row2>	1.0000 0.0000 0.0000 0.0000	</row2>
			<row3>	0.2061 0.8583 -3.7010 1.0000	</row3>
		</transform>
	</node>
	<node>
		<identifier>	MP_VM869_Searchlight_36in_INDEX_1	</identifier>
		<parent>	Scene Root	</parent>
		<transform>
			<row0>	0.0000 0.0000 1.0000 0.0000	</row0>
			<row1>	0.0000 1.0000 0.0000 0.0000	</row1>
			<row2>	-1.0000 0.0000 0.0000 0.0000	</row2>
			<row3>	-0.2061 0.8583 -3.7010 1.0000	</row3>
		</transform>
	</node>
	<node>
		<identifier>	SP_YMS011_YHWL_M_1_INDEX_10	</identifier>
		<parent>	Scene Root	</parent>
		<transform>
			<row0>	0.9949 0.0876 0.0507 0.0000	</row0>
			<row1>	-0.0876 0.9962 -0.0037 0.0000	</row1>
			<row2>	-0.0508 -0.0008 0.9987 0.0000	</row2>
			<row3>	-1.0282 -0.0482 -2.7530 1.0000	</row3>
		</transform>
	</node>
	<node>
		<identifier>	SP_YMS011_YHWL_M_1_INDEX_13	</identifier>
		<parent>	Scene Root	</parent>
		<transform>
			<row0>	0.9416 0.3057 0.1414 0.0000	</row0>
			<row1>	-0.3025 0.9521 -0.0445 0.0000	</row1>
			<row2>	-0.1482 -0.0009 0.9890 0.0000	</row2>
			<row3>	-0.5941 -0.0477 -6.9645 1.0000	</row3>
		</transform>
	</node>
	<node>
		<identifier>	SP_YMS011_YHWL_M_1_INDEX_14	</identifier>
		<parent>	Scene Root	</parent>
		<transform>
			<row0>	0.9856 0.1453 0.0870 0.0000	</row0>
			<row1>	-0.1447 0.9894 -0.0130 0.0000	</row1>
			<row2>	-0.0879 0.0002 0.9961 0.0000	</row2>
			<row3>	-0.9052 -0.0499 -4.4429 1.0000	</row3>
		</transform>
	</node>
	<node>
		<identifier>	SP_YMS011_YHWL_M_1_INDEX_3	</identifier>
		<parent>	Scene Root	</parent>
		<transform>
			<row0>	0.9935 0.0876 0.0730 0.0000	</row0>
			<row1>	-0.0872 0.9962 -0.0089 0.0000	</row1>
			<row2>	-0.0735 0.0025 0.9973 0.0000	</row2>
			<row3>	-0.9753 -0.0484 -3.5989 1.0000	</row3>
		</transform>
	</node>
	<node>
		<identifier>	SP_YMS011_YHWL_M_1_INDEX_4	</identifier>
		<parent>	Scene Root	</parent>
		<transform>
			<row0>	0.9759 0.1872 0.1118 0.0000	</row0>
			<row1>	-0.1862 0.9823 -0.0189 0.0000	</row1>
			<row2>	-0.1134 -0.0024 0.9935 0.0000	</row2>
			<row3>	-0.8159 -0.0491 -5.2854 1.0000	</row3>
		</transform>
	</node>
	<node>
		<identifier>	SP_YMS011_YHWL_M_1_INDEX_6	</identifier>
		<parent>	Scene Root	</parent>
		<transform>
			<row0>	0.9741 0.1872 0.1265 0.0000	</row0>
			<row1>	-0.1858 0.9823 -0.0226 0.0000	</row1>
			<row2>	-0.1285 -0.0015 0.9917 0.0000	</row2>
			<row3>	-0.7121 -0.0477 -6.1261 1.0000	</row3>
		</transform>
	</node>
	<node>
		<identifier>	SP_YMS012_YHWR_M_1_INDEX_10	</identifier>
		<parent>	Scene Root	</parent>
		<transform>
			<row0>	0.9935 -0.0876 -0.0730 0.0000	</row0>
			<row1>	0.0872 0.9962 -0.0089 0.0000	</row1>
			<row2>	0.0735 0.0025 0.9973 0.0000	</row2>
			<row3>	0.9753 -0.0484 -3.5989 1.0000	</row3>
		</transform>
	</node>
	<node>
		<identifier>	SP_YMS012_YHWR_M_1_INDEX_12	</identifier>
		<parent>	Scene Root	</parent>
		<transform>
			<row0>	0.9759 -0.1872 -0.1118 0.0000	</row0>
			<row1>	0.1862 0.9823 -0.0189 0.0000	</row1>
			<row2>	0.1134 -0.0024 0.9935 0.0000	</row2>
			<row3>	0.8159 -0.0491 -5.2854 1.0000	</row3>
		</transform>
	</node>
	<node>
		<identifier>	SP_YMS012_YHWR_M_1_INDEX_17	</identifier>
		<parent>	Scene Root	</parent>
		<transform>
			<row0>	0.9949 -0.0876 -0.0507 0.0000	</row0>
			<row1>	0.0876 0.9962 -0.0037 0.0000	</row1>
			<row2>	0.0508 -0.0008 0.9987 0.0000	</row2>
			<row3>	1.0282 -0.0482 -2.7530 1.0000	</row3>
		</transform>
	</node>
	<node>
		<identifier>	SP_YMS012_YHWR_M_1_INDEX_3	</identifier>
		<parent>	Scene Root	</parent>
		<transform>
			<row0>	0.9856 -0.1453 -0.0870 0.0000	</row0>
			<row1>	0.1447 0.9894 -0.0130 0.0000	</row1>
			<row2>	0.0879 0.0002 0.9961 0.0000	</row2>
			<row3>	0.9052 -0.0499 -4.4429 1.0000	</row3>
		</transform>
	</node>
	<node>
		<identifier>	SP_YMS012_YHWR_M_1_INDEX_4	</identifier>
		<parent>	Scene Root	</parent>
		<transform>
			<row0>	0.9741 -0.1872 -0.1265 0.0000	</row0>
			<row1>	0.1858 0.9823 -0.0226 0.0000	</row1>
			<row2>	0.1285 -0.0015 0.9917 0.0000	</row2>
			<row3>	0.7121 -0.0477 -6.1261 1.0000	</row3>
		</transform>
	</node>
	<node>
		<identifier>	SP_YMS012_YHWR_M_1_INDEX_6	</identifier>
		<parent>	Scene Root	</parent>
		<transform>
			<row0>	0.9416 -0.3057 -0.1414 0.0000	</row0>
			<row1>	0.3025 0.9521 -0.0445 0.0000	</row1>
			<row2>	0.1482 -0.0009 0.9890 0.0000	</row2>
			<row3>	0.5941 -0.0477 -6.9645 1.0000	</row3>
		</transform>
	</node>
	<node>
		<identifier>	SP_YMS021_YHUC_S_1	</identifier>
		<parent>	Scene Root	</parent>
		<transform>
			<row0>	-0.3596 1.6234 -0.0090 0.0000	</row0>
			<row1>	-1.6220 -0.3596 -0.0679 0.0000	</row1>
			<row2>	-0.0683 -0.0059 1.6614 0.0000	</row2>
			<row3>	-1.0063 -0.3580 -2.4451 1.0000	</row3>
		</transform>
	</node>
	<node>
		<identifier>	SP_YMS021_YHUC_S_1_INDEX_4	</identifier>
		<parent>	Scene Root	</parent>
		<transform>
			<row0>	-0.3596 -1.6234 0.0090 0.0000	</row0>
