<ASB304_Indiana_1945_MidFront_ports.visual>
	<skeleton>
		<node>
			<identifier>	Scene Root	</identifier>
			<transform>
				<row0>	1.0000 0.0000 0.0000 0.0000	</row0>
				<row1>	0.0000 1.0000 0.0000 0.0000	</row1>
				<row2>	0.0000 0.0000 1.0000 0.0000	</row2>
				<row3>	0.0000 0.0000 0.0000 1.0000	</row3>
			</transform>
			<node>
				<identifier>	MidFront_ports	</identifier>
				<transform>
					<row0>	1.0000 0.0000 0.0000 0.0000	</row0>
					<row1>	0.0000 1.0000 0.0000 0.0000	</row1>
					<row2>	0.0000 0.0000 1.0000 0.0000	</row2>
					<row3>	0.0000 0.0000 0.0000 1.0000	</row3>
				</transform>
				<node>
					<identifier>	HP_AGA_1	</identifier>
					<transform>
						<row0>	1.0000 0.0000 0.0000 0.0000	</row0>
						<row1>	0.0000 1.0000 0.0000 0.0000	</row1>
						<row2>	0.0000 0.0000 1.0000 0.0000	</row2>
						<row3>	-0.1154 0.5297 6.5926 1.0000	</row3>
					</transform>
				</node>
				<node>
					<identifier>	HP_AGA_10	</identifier>
					<transform>
						<row0>	0.7071 0.0000 -0.7071 0.0000	</row0>
						<row1>	0.0000 1.0000 0.0000 0.0000	</row1>
						<row2>	0.7071 0.0000 0.7071 0.0000	</row2>
						<row3>	0.4114 0.4217 4.9473 1.0000	</row3>
					</transform>
				</node>
				<node>
					<identifier>	HP_AGA_11	</identifier>
					<transform>
						<row0>	0.7071 0.0000 0.7071 0.0000	</row0>
						<row1>	0.0000 1.0000 0.0000 0.0000	</row1>
						<row2>	-0.7071 0.0000 0.7071 0.0000	</row2>
						<row3>	-0.4462 0.4100 4.7134 1.0000	</row3>
					</transform>
				</node>
				<node>
					<identifier>	HP_AGA_12	</identifier>
					<transform>
						<row0>	0.7071 0.0000 -0.7071 0.0000	</row0>
						<row1>	0.0000 1.0000 0.0000 0.0000	</row1>
						<row2>	0.7071 0.0000 0.7071 0.0000	</row2>
						<row3>	0.4462 0.4100 4.7134 1.0000	</row3>
					</transform>
				</node>
				<node>
					<identifier>	HP_AGA_13	</identifier>
					<transform>
						<row0>	0.7071 0.0000 0.7071 0.0000	</row0>
						<row1>	0.0000 1.0000 0.0000 0.0000	</row1>
						<row2>	-0.7071 0.0000 0.7071 0.0000	</row2>
						<row3>	-0.5691 0.3432 2.2294 1.0000	</row3>
					</transform>
				</node>
				<node>
					<identifier>	HP_AGA_14	</identifier>
					<transform>
						<row0>	0.7071 0.0000 -0.7071 0.0000	</row0>
						<row1>	0.0000 1.0000 0.0000 0.0000	</row1>
						<row2>	0.7071 0.0000 0.7071 0.0000	</row2>
						<row3>	0.5691 0.3436 2.2294 1.0000	</row3>
					</transform>
				</node>
				<node>
					<identifier>	HP_AGA_15	</identifier>
					<transform>
						<row0>	0.7071 0.0000 0.7071 0.0000	</row0>
						<row1>	0.0000 1.0000 0.0000 0.0000	</row1>
						<row2>	-0.7071 0.0000 0.7071 0.0000	</row2>
						<row3>	-0.7054 0.3436 1.9979 1.0000	</row3>
					</transform>
				</node>
				<node>
					<identifier>	HP_AGA_16	</identifier>
					<transform>
						<row0>	0.7071 0.0000 -0.7071 0.0000	</row0>
						<row1>	0.0000 1.0000 0.0000 0.0000	</row1>
						<row2>	0.7071 0.0000 0.7071 0.0000	</row2>
						<row3>	0.7054 0.3435 1.9979 1.0000	</row3>
					</transform>
				</node>
				<node>
					<identifier>	HP_AGA_17	</identifier>
					<transform>
						<row0>	0.7071 0.0000 0.7071 0.0000	</row0>
						<row1>	0.0000 1.0000 0.0000 0.0000	</row1>
						<row2>	-0.7071 0.0000 0.7071 0.0000	</row2>
						<row3>	-0.8007 0.3435 1.8236 1.0000	</row3>
					</transform>
				</node>
				<node>
					<identifier>	HP_AGA_18	</identifier>
					<transform>
						<row0>	0.7071 0.0000 -0.7071 0.0000	</row0>
						<row1>	0.0000 1.0000 0.0000 0.0000	</row1>
						<row2>	0.7071 0.0000 0.7071 0.0000	</row2>
						<row3>	0.8236 0.3433 1.8026 1.0000	</row3>
					</transform>
				</node>
				<node>
					<identifier>	HP_AGA_19	</identifier>
					<transform>
						<row0>	0.7071 0.0000 -0.7071 0.0000	</row0>
						<row1>	0.0000 1.0000 0.0000 0.0000	</row1>
						<row2>	0.7071 0.0000 0.7071 0.0000	</row2>
						<row3>	0.8633 0.3434 1.6320 1.0000	</row3>
					</transform>
				</node>
				<node>
					<identifier>	HP_AGA_2	</identifier>
					<transform>
						<row0>	1.0000 0.0000 0.0000 0.0000	</row0>
						<row1>	0.0000 1.0000 0.0000 0.0000	</row1>
						<row2>	0.0000 0.0000 1.0000 0.0000	</row2>
						<row3>	0.1154 0.5297 6.5926 1.0000	</row3>
					</transform>
				</node>
				<node>
					<identifier>	HP_AGA_20	</identifier>
					<transform>
						<row0>	0.7071 0.0000 0.7071 0.0000	</row0>
						<row1>	0.0000 1.0000 0.0000 0.0000	</row1>
						<row2>	-0.7071 0.0000 0.7071 0.0000	</row2>
						<row3>	-0.9206 0.3435 1.5097 1.0000	</row3>
					</transform>
				</node>
				<node>
					<identifier>	HP_AGA_3	</identifier>
					<transform>
						<row0>	1.0000 0.0000 0.0000 0.0000	</row0>
						<row1>	0.0000 1.0000 0.0000 0.0000	</row1>
						<row2>	0.0000 0.0000 1.0000 0.0000	</row2>
						<row3>	-0.1872 0.5155 6.4034 1.0000	</row3>
					</transform>
				</node>
				<node>
					<identifier>	HP_AGA_4	</identifier>
					<transform>
						<row0>	1.0000 0.0000 0.0000 0.0000	</row0>
						<row1>	0.0000 1.0000 0.0000 0.0000	</row1>
						<row2>	0.0000 0.0000 1.0000 0.0000	</row2>
						<row3>	0.1872 0.5155 6.4034 1.0000	</row3>
					</transform>
				</node>
				<node>
					<identifier>	HP_AGA_5	</identifier>
					<transform>
						<row0>	0.7071 0.0000 0.7071 0.0000	</row0>
						<row1>	0.0000 1.0000 0.0000 0.0000	</row1>
						<row2>	-0.7071 0.0000 0.7071 0.0000	</row2>
						<row3>	-0.3162 0.4589 5.5530 1.0000	</row3>
					</transform>
				</node>
				<node>
					<identifier>	HP_AGA_6	</identifier>
					<transform>
						<row0>	0.7071 0.0000 -0.7071 0.0000	</row0>
						<row1>	0.0000 1.0000 0.0000 0.0000	</row1>
						<row2>	0.7071 0.0000 0.7071 0.0000	</row2>
						<row3>	0.3162 0.4588 5.5530 1.0000	</row3>
					</transform>
				</node>
				<node>
					<identifier>	HP_AGA_7	</identifier>
					<transform>
						<row0>	0.7071 0.0000 0.7071 0.0000	</row0>
						<row1>	0.0000 1.0000 0.0000 0.0000	</row1>
						<row2>	-0.7071 0.0000 0.7071 0.0000	</row2>
						<row3>	-0.3842 0.4351 5.1612 1.0000	</row3>
					</transform>
				</node>
				<node>
					<identifier>	HP_AGA_8	</identifier>
					<transform>
						<row0>	0.7071 0.0000 -0.7071 0.0000	</row0>
						<row1>	0.0000 1.0000 0.0000 0.0000	</row1>
						<row2>	0.7071 0.0000 0.7071 0.0000	</row2>
						<row3>	0.3842 0.4351 5.1612 1.0000	</row3>
					</transform>
				</node>
				<node>
					<identifier>	HP_AGA_9	</identifier>
					<transform>
						<row0>	0.7071 0.0000 0.7071 0.0000	</row0>
						<row1>	0.0000 1.0000 0.0000 0.0000	</row1>
						<row2>	-0.7071 0.0000 0.7071 0.0000	</row2>
						<row3>	-0.4114 0.4209 4.9473 1.0000	</row3>
					</transform>
				</node>
				<node>
					<identifier>	HP_AGM_1	</identifier>
					<transform>
						<row0>	1.0000 0.0000 0.0000 0.0000	</row0>
						<row1>	0.0000 1.0000 0.0000 0.0000	</row1>
						<row2>	0.0000 0.0000 1.0000 0.0000	</row2>
						<row3>	0.0000 0.4043 3.3614 1.0000	</row3>
					</transform>
				</node>
				<node>
					<identifier>	HP_AGM_2	</identifier>
					<transform>
						<row0>	1.0000 0.0000 0.0000 0.0000	</row0>
						<row1>	0.0000 1.0000 0.0000 0.0000	</row1>
						<row2>	0.0000 0.0000 1.0000 0.0000	</row2>
						<row3>	0.0000 0.5619 1.9855 1.0000	</row3>
					</transform>
				</node>
				<node>
					<identifier>	HP_FX_Death_1	</identifier>
					<transform>
						<row0>	1.0000 0.0000 0.0000 0.0000	</row0>
						<row1>	0.0000 1.0000 0.0000 0.0000	</row1>
						<row2>	0.0000 0.0000 1.0000 0.0000	</row2>
						<row3>	0.0000 0.0000 2.9744 1.0000	</row3>
					</transform>
				</node>
				<node>
					<identifier>	HP_FX_Death_2	</identifier>
					<transform>
						<row0>	1.0000 0.0000 0.0000 0.0000	</row0>
						<row1>	0.0000 1.0000 0.0000 0.0000	</row1>
						<row2>	0.0000 0.0000 1.0000 0.0000	</row2>
						<row3>	0.0000 0.0000 -1.0215 1.0000	</row3>
					</transform>
				</node>
				<node>
					<identifier>	HP_FX_Fire_2	</identifier>
					<transform>
						<row0>	1.0000 0.0000 0.0000 0.0000	</row0>
						<row1>	0.0000 1.0000 0.0000 0.0000	</row1>
						<row2>	0.0000 0.0000 1.0000 0.0000	</row2>
						<row3>	0.0000 1.2069 0.8465 1.0000	</row3>
					</transform>
				</node>
				<node>
					<identifier>	HP_FX_Fire_2_side_1	</identifier>
					<transform>
						<row0>	1.0000 0.0000 0.0000 0.0000	</row0>
						<row1>	0.0000 1.0000 0.0000 0.0000	</row1>
						<row2>	0.0000 0.0000 1.0000 0.0000	</row2>
						<row3>	-0.7028 0.4236 1.9974 1.0000	</row3>
					</transform>
				</node>
				<node>
					<identifier>	HP_FX_Fire_2_side_2	</identifier>
					<transform>
						<row0>	1.0000 0.0000 0.0000 0.0000	</row0>
						<row1>	0.0000 1.0000 0.0000 0.0000	</row1>
						<row2>	0.0000 0.0000 1.0000 0.0000	</row2>
						<row3>	0.7077 0.6260 0.7770 1.0000	</row3>
					</transform>
				</node>
				<node>
					<identifier>	HP_FX_Fire_5	</identifier>
					<transform>
						<row0>	1.0000 0.0000 0.0000 0.0000	</row0>
						<row1>	0.0000 1.0000 0.0000 0.0000	</row1>
						<row2>	0.0000 0.0000 1.0000 0.0000	</row2>
						<row3>	0.0000 0.8954 -1.0700 1.0000	</row3>
					</transform>
				</node>
				<node>
					<identifier>	HP_FX_FloodLight_left_1	</identifier>
					<transform>
						<row0>	-1.0000 0.0000 0.0000 0.0000	</row0>
						<row1>	0.0000 1.0000 0.0000 0.0000	</row1>
						<row2>	0.0000 0.0000 -1.0000 0.0000	</row2>
						<row3>	-0.4908 0.7266 0.5547 1.0000	</row3>
					</transform>
				</node>
				<node>
					<identifier>	HP_FX_FloodLight_left_2	</identifier>
					<transform>
						<row0>	-1.0000 0.0000 0.0000 0.0000	</row0>
						<row1>	0.0000 1.0000 0.0000 0.0000	</row1>
						<row2>	0.0000 0.0000 -1.0000 0.0000	</row2>
						<row3>	-0.1887 1.2493 0.0543 1.0000	</row3>
					</transform>
				</node>
				<node>
					<identifier>	HP_FX_FloodLight_right_1	</identifier>
					<transform>
						<row0>	1.0000 0.0000 0.0000 0.0000	</row0>
						<row1>	0.0000 1.0000 0.0000 0.0000	</row1>
						<row2>	0.0000 0.0000 1.0000 0.0000	</row2>
						<row3>	0.1882 1.2487 0.0549 1.0000	</row3>
					</transform>
				</node>
				<node>
					<identifier>	HP_FX_FloodLight_right_2	</identifier>
					<transform>
						<row0>	1.0000 0.0000 0.0000 0.0000	</row0>
						<row1>	0.0000 1.0000 0.0000 0.0000	</row1>
						<row2>	0.0000 0.0000 1.0000 0.0000	</row2>
						<row3>	0.4912 0.7356 0.5527 1.0000	</row3>
					</transform>
				</node>
				<node>
					<identifier>	HP_FX_Flood_steam_1	</identifier>
					<transform>
						<row0>	0.9999 0.0000 -0.0122 0.0000	</row0>
						<row1>	-0.0085 0.7149 -0.6991 0.0000	</row1>
						<row2>	0.0087 0.6992 0.7148 0.0000	</row2>
						<row3>	0.1079 1.3840 -1.0082 1.0000	</row3>
					</transform>
				</node>
				<node>
					<identifier>	HP_FX_Flood_steam_2	</identifier>
					<transform>
						<row0>	1.0000 0.0000 0.0000 0.0000	</row0>
						<row1>	0.0000 0.7787 -0.6273 0.0000	</row1>
						<row2>	0.0000 0.6273 0.7787 0.0000	</row2>
						<row3>	-0.1209 1.3753 -1.0124 1.0000	</row3>
					</transform>
				</node>
				<node>
					<identifier>	HP_FX_Flood_steam_left	</identifier>
					<transform>
						<row0>	-0.9999 0.0000 -0.0130 0.0000	</row0>
						<row1>	0.0000 1.0000 0.0000 0.0000	</row1>
						<row2>	0.0130 0.0000 -0.9999 0.0000	</row2>
						<row3>	-0.9971 0.4582 0.9397 1.0000	</row3>
					</transform>
				</node>
				<node>
					<identifier>	HP_FX_Flood_steam_right	</identifier>
					<transform>
						<row0>	1.0000 0.0000 0.0000 0.0000	</row0>
						<row1>	0.0000 1.0000 0.0000 0.0000	</row1>
						<row2>	0.0000 0.0000 1.0000 0.0000	</row2>
						<row3>	1.0134 0.4570 -0.8479 1.0000	</row3>
					</transform>
				</node>
				<node>
					<identifier>	HP_FX_Flood_water_left_3	</identifier>
					<transform>
						<row0>	-0.9989 0.0000 0.0471 0.0000	</row0>
						<row1>	0.0000 1.0000 0.0000 0.0000	</row1>
						<row2>	-0.0471 0.0000 -0.9989 0.0000	</row2>
						<row3>	-1.0681 0.0595 1.1856 1.0000	</row3>
					</transform>
				</node>
				<node>
					<identifier>	HP_FX_Flood_water_right_3	</identifier>
					<transform>
						<row0>	0.9950 0.0000 0.1004 0.0000	</row0>
						<row1>	0.0000 1.0000 0.0000 0.0000	</row1>
						<row2>	-0.1004 0.0000 0.9950 0.0000	</row2>
						<row3>	1.0685 0.0596 1.1861 1.0000	</row3>
					</transform>
				</node>
				<node>
					<identifier>	HP_FX_RepairLight_left_1	</identifier>
					<transform>
						<row0>	0.0857 0.0000 0.9963 0.0000	</row0>
						<row1>	0.0000 1.0000 0.0000 0.0000	</row1>
						<row2>	-0.9963 0.0000 0.0857 0.0000	</row2>
						<row3>	-1.0691 0.3576 1.3529 1.0000	</row3>
					</transform>
				</node>
				<node>
					<identifier>	HP_FX_RepairLight_right_2	</identifier>
					<transform>
						<row0>	0.1957 0.0000 -0.9807 0.0000	</row0>
						<row1>	0.2412 0.9693 0.0482 0.0000	</row1>
						<row2>	0.9505 -0.2459 0.1897 0.0000	</row2>
						<row3>	0.8411 0.3603 2.8590 1.0000	</row3>
					</transform>
				</node>
				<node>
					<identifier>	HP_FX_Smoke_1	</identifier>
					<transform>
						<row0>	1.0000 0.0000 0.0000 0.0000	</row0>
						<row1>	0.0000 0.9677 -0.2519 0.0000	</row1>
						<row2>	0.0000 0.2519 0.9677 0.0000	</row2>
						<row3>	0.0000 1.5472 -0.6493 1.0000	</row3>
					</transform>
				</node>
				<node>
					<identifier>	HP_FX_Smoke_2	</identifier>
					<transform>
						<row0>	1.0000 0.0000 0.0000 0.0000	</row0>
						<row1>	0.0000 0.9819 -0.1891 0.0000	</row1>
						<row2>	0.0000 0.1891 0.9819 0.0000	</row2>
						<row3>	0.0000 1.5015 -0.8468 1.0000	</row3>
					</transform>
				</node>
				<node>
					<identifier>	MP_AM019_Ventilators_1	</identifier>
					<transform>
						<row0>	0.6000 0.0000 0.0000 0.0000	</row0>
						<row1>	0.0000 0.6000 0.0000 0.0000	</row1>
						<row2>	0.0000 0.0000 0.6000 0.0000	</row2>
						<row3>	-0.1147 0.5114 2.5657 1.0000	</row3>
					</transform>
				</node>
				<node>
					<identifier>	MP_AM020_Ventilators_2	</identifier>
					<transform>
						<row0>	0.6000 0.0000 0.0000 0.0000	</row0>
						<row1>	0.0000 0.5980 -0.0488 0.0000	</row1>
						<row2>	0.0000 0.0488 0.5980 0.0000	</row2>
						<row3>	-0.0312 0.4890 6.0876 1.0000	</row3>
					</transform>
				</node>
				<node>
					<identifier>	MP_AM026_Break_Handwheel_1	</identifier>
					<transform>
						<row0>	1.1183 0.0000 0.0000 0.0000	</row0>
						<row1>	0.0000 1.1183 0.0000 0.0000	</row1>
						<row2>	0.0000 0.0000 1.1183 0.0000	</row2>
						<row3>	0.2475 0.3820 4.2661 1.0000	</row3>
					</transform>
				</node>
				<node>
					<identifier>	MP_AM026_Break_Handwheel_1_INDEX_1	</identifier>
					<transform>
						<row0>	1.1183 0.0000 0.0000 0.0000	</row0>
						<row1>	0.0000 1.1183 0.0000 0.0000	</row1>
						<row2>	0.0000 0.0000 1.1183 0.0000	</row2>
						<row3>	-0.2475 0.3820 4.2661 1.0000	</row3>
					</transform>
				</node>
				<node>
					<identifier>	MP_AM049_Signal_Lamp_1	</identifier>
					<transform>
						<row0>	1.0000 0.0000 0.0000 0.0000	</row0>
						<row1>	0.0000 1.0000 0.0000 0.0000	</row1>
						<row2>	0.0000 0.0000 1.0000 0.0000	</row2>
						<row3>	0.0000 0.8788 6.8939 1.0000	</row3>
					</transform>
				</node>
				<node>
					<identifier>	MP_AM077_Paravane	</identifier>
					<transform>
						<row0>	-0.5736 0.0000 -0.8192 0.0000	</row0>
						<row1>	0.0000 1.0000 0.0000 0.0000	</row1>
						<row2>	0.8192 0.0000 -0.5736 0.0000	</row2>
						<row3>	0.4215 0.3864 3.8932 1.0000	</row3>
					</transform>
				</node>
				<node>
					<identifier>	MP_AM077_Paravane_INDEX_1	</identifier>
					<transform>
						<row0>	-0.5736 0.0000 0.8192 0.0000	</row0>
						<row1>	0.0000 1.0000 0.0000 0.0000	</row1>
						<row2>	-0.8192 0.0000 -0.5736 0.0000	</row2>
						<row3>	-0.4218 0.3864 3.8928 1.0000	</row3>
					</transform>
				</node>
				<node>
					<identifier>	MP_AM077_Paravane_INDEX_2	</identifier>
					<transform>
						<row0>	-0.0236 0.9997 -0.0115 0.0000	</row0>
						<row1>	-0.8658 -0.0262 -0.4997 0.0000	</row1>
						<row2>	-0.4998 -0.0019 0.8661 0.0000	</row2>
						<row3>	0.3607 0.4162 2.3147 1.0000	</row3>
					</transform>
				</node>
				<node>
					<identifier>	MP_AM077_Paravane_INDEX_3	</identifier>
					<transform>
						<row0>	-0.0004 -1.0000 -0.0072 0.0000	</row0>
						<row1>	0.8660 0.0032 -0.5000 0.0000	</row1>
						<row2>	0.5000 -0.0064 0.8660 0.0000	</row2>
						<row3>	-0.3597 0.4147 2.3163 1.0000	</row3>
					</transform>
				</node>
				<node>
					<identifier>	MP_AM108_Reels_4	</identifier>
					<transform>
						<row0>	-0.5174 0.0000 -0.8557 0.0000	</row0>
						<row1>	0.0000 1.0000 0.0000 0.0000	</row1>
						<row2>	0.8557 0.0000 -0.5174 0.0000	</row2>
						<row3>	-0.8310 0.3458 1.5834 1.0000	</row3>
					</transform>
				</node>
				<node>
					<identifier>	MP_AM161_Anchor_top	</identifier>
					<transform>
						<row0>	-0.8902 0.1992 0.4098 0.0000	</row0>
						<row1>	-0.2644 0.5560 -0.8447 0.0000	</row1>
						<row2>	-0.3789 -0.8230 -0.4231 0.0000	</row2>
						<row3>	0.2662 0.3703 6.3876 1.0000	</row3>
					</transform>
				</node>
				<node>
					<identifier>	MP_AM161_Anchor_top_INDEX_1	</identifier>
					<transform>
						<row0>	-0.8902 -0.1992 -0.4098 0.0000	</row0>
						<row1>	0.2644 0.5560 -0.8447 0.0000	</row1>
						<row2>	0.3789 -0.8230 -0.4231 0.0000	</row2>
						<row3>	-0.2662 0.3703 6.3876 1.0000	</row3>
					</transform>
				</node>
				<node>
					<identifier>	MP_AM162_Anchor_down	</identifier>
					<transform>
						<row0>	-0.8952 -0.4739 0.1200 0.0000	</row0>
						<row1>	-0.2993 0.3333 -0.9164 0.0000	</row1>
						<row2>	0.3865 -0.8395 -0.4316 0.0000	</row2>
						<row3>	-0.2623 0.3782 6.3754 1.0000	</row3>
					</transform>
				</node>
				<node>
					<identifier>	MP_AM162_Anchor_down_INDEX_1	</identifier>
					<transform>
						<row0>	-0.8952 0.4739 -0.1200 0.0000	</row0>
						<row1>	0.2993 0.3333 -0.9164 0.0000	</row1>
						<row2>	-0.3865 -0.8395 -0.4316 0.0000	</row2>
						<row3>	0.2624 0.3783 6.3755 1.0000	</row3>
					</transform>
				</node>
				<node>
					<identifier>	MP_AM548_Break_Handwheel	</identifier>
					<transform>
						<row0>	1.1183 0.0000 0.0000 0.0000	</row0>
						<row1>	0.0000 1.1183 0.0000 0.0000	</row1>
						<row2>	0.0000 0.0000 1.1183 0.0000	</row2>
						<row3>	0.1253 0.3812 4.2591 1.0000	</row3>
					</transform>
				</node>
				<node>
					<identifier>	MP_AM548_Break_Handwheel_INDEX_1	</identifier>
					<transform>
						<row0>	1.1183 0.0000 0.0000 0.0000	</row0>
						<row1>	0.0000 1.1183 0.0000 0.0000	</row1>
						<row2>	0.0000 0.0000 1.1183 0.0000	</row2>
						<row3>	-0.1253 0.3814 4.2589 1.0000	</row3>
					</transform>
				</node>
				<node>
					<identifier>	MP_AM549_Life_Buoy	</identifier>
					<transform>
						<row0>	0.9877 0.0000 0.1563 0.0000	</row0>
						<row1>	0.0000 1.0000 0.0000 0.0000	</row1>
						<row2>	-0.1563 0.0000 0.9877 0.0000	</row2>
						<row3>	0.6776 0.4098 3.8081 1.0000	</row3>
					</transform>
				</node>
				<node>
					<identifier>	MP_AM549_Life_Buoy_INDEX_1	</identifier>
					<transform>
						<row0>	0.9937 0.0000 0.1121 0.0000	</row0>
						<row1>	0.0000 1.0000 0.0000 0.0000	</row1>
						<row2>	-0.1121 0.0000 0.9937 0.0000	</row2>
						<row3>	0.4629 0.4797 5.3349 1.0000	</row3>
					</transform>
				</node>
				<node>
					<identifier>	MP_AM549_Life_Buoy_INDEX_2	</identifier>
					<transform>
						<row0>	0.9888 0.0000 0.1492 0.0000	</row0>
						<row1>	0.0000 1.0000 0.0000 0.0000	</row1>
						<row2>	-0.1492 0.0000 0.9888 0.0000	</row2>
						<row3>	0.3939 0.5125 5.8562 1.0000	</row3>
					</transform>
				</node>
				<node>
					<identifier>	MP_AM549_Life_Buoy_INDEX_3	</identifier>
					<transform>
						<row0>	-0.9887 0.0000 0.1500 0.0000	</row0>
						<row1>	0.0000 1.0000 0.0000 0.0000	</row1>
						<row2>	-0.1500 0.0000 -0.9887 0.0000	</row2>
						<row3>	-0.4142 0.5079 5.7200 1.0000	</row3>
					</transform>
				</node>
				<node>
					<identifier>	MP_AM549_Life_Buoy_INDEX_4	</identifier>
					<transform>
						<row0>	0.9937 0.0000 -0.1121 0.0000	</row0>
						<row1>	0.0000 1.0000 0.0000 0.0000	</row1>
						<row2>	0.1121 0.0000 0.9937 0.0000	</row2>
						<row3>	-0.4699 0.4797 5.3354 1.0000	</row3>
					</transform>
				</node>
				<node>
					<identifier>	MP_AM549_Life_Buoy_INDEX_5	</identifier>
					<transform>
						<row0>	-0.9905 0.0000 0.1373 0.0000	</row0>
						<row1>	0.0000 1.0000 0.0000 0.0000	</row1>
						<row2>	-0.1373 0.0000 -0.9905 0.0000	</row2>
						<row3>	-0.6777 0.4098 3.8081 1.0000	</row3>
					</transform>
				</node>
				<node>
					<identifier>	MP_AM720_Helmets_Rack	</identifier>
					<transform>
						<row0>	0.4990 0.0000 -0.8666 0.0000	</row0>
						<row1>	0.0000 1.0000 0.0000 0.0000	</row1>
						<row2>	0.8666 0.0000 0.4990 0.0000	</row2>
						<row3>	0.5561 0.3836 1.9312 1.0000	</row3>
					</transform>
				</node>
				<node>
					<identifier>	MP_AM720_Helmets_Rack_INDEX_1	</identifier>
					<transform>
						<row0>	1.0000 0.0000 0.0000 0.0000	</row0>
						<row1>	0.0000 1.0000 0.0000 0.0000	</row1>
						<row2>	0.0000 0.0000 1.0000 0.0000	</row2>
						<row3>	0.4120 0.4151 4.6137 1.0000	</row3>
					</transform>
				</node>
				<node>
					<identifier>	MP_AM720_Helmets_Rack_INDEX_2	</identifier>
					<transform>
						<row0>	0.4967 0.0000 0.8679 0.0000	</row0>
						<row1>	0.0000 1.0000 0.0000 0.0000	</row1>
						<row2>	-0.8679 0.0000 0.4967 0.0000	</row2>
						<row3>	-0.5566 0.3836 1.9296 1.0000	</row3>
					</transform>
				</node>
				<node>
					<identifier>	MP_AM720_Helmets_Rack_INDEX_3	</identifier>
					<transform>
						<row0>	1.0000 0.0000 0.0000 0.0000	</row0>
						<row1>	0.0000 1.0000 0.0000 0.0000	</row1>
						<row2>	0.0000 0.0000 1.0000 0.0000	</row2>
						<row3>	-0.4120 0.4151 4.6137 1.0000	</row3>
					</transform>
				</node>
				<node>
					<identifier>	MP_AM721_Talker_Helmets_Rack	</identifier>
					<transform>
						<row0>	-0.3242 0.0000 -0.9460 0.0000	</row0>
						<row1>	0.0000 1.0000 0.0000 0.0000	</row1>
						<row2>	0.9460 0.0000 -0.3242 0.0000	</row2>
						<row3>	-0.2770 0.5534 6.4598 1.0000	</row3>
					</transform>
				</node>
				<node>
					<identifier>	MP_AM721_Talker_Helmets_Rack_INDEX_1	</identifier>
					<transform>
						<row0>	-0.3242 0.0000 0.9460 0.0000	</row0>
						<row1>	0.0000 1.0000 0.0000 0.0000	</row1>
						<row2>	-0.9460 0.0000 -0.3242 0.0000	</row2>
						<row3>	0.2770 0.5534 6.4598 1.0000	</row3>
					</transform>
				</node>
				<node>
					<identifier>	MP_AM724_Ammobox_big	</identifier>
					<transform>
						<row0>	0.5108 0.0000 -0.8597 0.0000	</row0>
						<row1>	0.0000 1.0000 0.0000 0.0000	</row1>
						<row2>	0.8597 0.0000 0.5108 0.0000	</row2>
						<row3>	0.7153 0.3447 2.1541 1.0000	</row3>
					</transform>
				</node>
				<node>
					<identifier>	MP_AM724_Ammobox_big_INDEX_1	</identifier>
					<transform>
						<row0>	0.5108 0.0000 0.8597 0.0000	</row0>
						<row1>	0.0000 1.0000 0.0000 0.0000	</row1>
						<row2>	-0.8597 0.0000 0.5108 0.0000	</row2>
						<row3>	-0.7153 0.3444 2.1541 1.0000	</row3>
					</transform>
				</node>
				<node>
					<identifier>	MP_AM724_Ammobox_big_INDEX_10	</identifier>
					<transform>
						<row0>	0.5108 0.0000 -0.8597 0.0000	</row0>
						<row1>	0.0000 1.0000 0.0000 0.0000	</row1>
						<row2>	0.8597 0.0000 0.5108 0.0000	</row2>
						<row3>	0.5125 0.3443 2.1260 1.0000	</row3>
					</transform>
				</node>
				<node>
					<identifier>	MP_AM724_Ammobox_big_INDEX_11	</identifier>
					<transform>
						<row0>	0.5108 0.0000 0.8597 0.0000	</row0>
						<row1>	0.0000 1.0000 0.0000 0.0000	</row1>
						<row2>	-0.8597 0.0000 0.5108 0.0000	</row2>
						<row3>	-0.5125 0.3438 2.1260 1.0000	</row3>
					</transform>
				</node>
				<node>
					<identifier>	MP_AM724_Ammobox_big_INDEX_12	</identifier>
					<transform>
						<row0>	0.0000 -0.0625 -0.9980 0.0000	</row0>
						<row1>	0.0000 0.9980 -0.0625 0.0000	</row1>
						<row2>	1.0000 0.0000 0.0000 0.0000	</row2>
						<row3>	-0.0729 0.4766 5.8930 1.0000	</row3>
					</transform>
				</node>
				<node>
					<identifier>	MP_AM724_Ammobox_big_INDEX_13	</identifier>
					<transform>
						<row0>	0.0000 -0.0625 -0.9980 0.0000	</row0>
						<row1>	0.0000 0.9980 -0.0625 0.0000	</row1>
						<row2>	1.0000 0.0000 0.0000 0.0000	</row2>
						<row3>	-0.0729 0.4686 5.7725 1.0000	</row3>
					</transform>
				</node>
				<node>
					<identifier>	MP_AM724_Ammobox_big_INDEX_14	</identifier>
					<transform>
						<row0>	0.0000 0.0625 0.9980 0.0000	</row0>
						<row1>	0.0000 0.9980 -0.0625 0.0000	</row1>
						<row2>	-1.0000 0.0000 0.0000 0.0000	</row2>
						<row3>	-0.0270 0.4686 5.7725 1.0000	</row3>
					</transform>
				</node>
				<node>
					<identifier>	MP_AM724_Ammobox_big_INDEX_15	</identifier>
					<transform>
						<row0>	0.0000 0.0625 0.9980 0.0000	</row0>
						<row1>	0.0000 0.9980 -0.0625 0.0000	</row1>
						<row2>	-1.0000 0.0000 0.0000 0.0000	</row2>
						<row3>	-0.0270 0.4766 5.8930 1.0000	</row3>
					</transform>
				</node>
				<node>
					<identifier>	MP_AM724_Ammobox_big_INDEX_2	</identifier>
					<transform>
						<row0>	0.0000 -0.0625 -0.9980 0.0000	</row0>
						<row1>	0.0000 0.9980 -0.0625 0.0000	</row1>
						<row2>	1.0000 0.0000 0.0000 0.0000	</row2>
						<row3>	0.3785 0.4418 5.3322 1.0000	</row3>
					</transform>
				</node>
				<node>
					<identifier>	MP_AM724_Ammobox_big_INDEX_3	</identifier>
					<transform>
						<row0>	1.0000 0.0000 0.0000 0.0000	</row0>
						<row1>	0.0000 1.0000 0.0000 0.0000	</row1>
						<row2>	0.0000 0.0000 1.0000 0.0000	</row2>
						<row3>	0.3798 0.4250 5.0626 1.0000	</row3>
					</transform>
				</node>
				<node>
					<identifier>	MP_AM724_Ammobox_big_INDEX_4	</identifier>
					<transform>
						<row0>	1.0000 0.0000 0.0000 0.0000	</row0>
						<row1>	0.0000 1.0000 0.0000 0.0000	</row1>
						<row2>	0.0000 0.0000 1.0000 0.0000	</row2>
						<row3>	0.4121 0.4108 4.8402 1.0000	</row3>
					</transform>
				</node>
				<node>
					<identifier>	MP_AM724_Ammobox_big_INDEX_5	</identifier>
					<transform>
						<row0>	1.0000 0.0000 0.0000 0.0000	</row0>
						<row1>	0.0000 1.0000 0.0000 0.0000	</row1>
						<row2>	0.0000 0.0000 1.0000 0.0000	</row2>
						<row3>	-0.4121 0.4108 4.8402 1.0000	</row3>
					</transform>
				</node>
				<node>
					<identifier>	MP_AM724_Ammobox_big_INDEX_6	</identifier>
					<transform>
						<row0>	1.0000 0.0000 0.0000 0.0000	</row0>
						<row1>	0.0000 1.0000 0.0000 0.0000	</row1>
						<row2>	0.0000 0.0000 1.0000 0.0000	</row2>
						<row3>	-0.3798 0.4250 5.0626 1.0000	</row3>
					</transform>
				</node>
				<node>
					<identifier>	MP_AM724_Ammobox_big_INDEX_7	</identifier>
					<transform>
						<row0>	0.0000 0.0625 0.9980 0.0000	</row0>
						<row1>	0.0000 0.9980 -0.0625 0.0000	</row1>
						<row2>	-1.0000 0.0000 0.0000 0.0000	</row2>
						<row3>	-0.3785 0.4418 5.3322 1.0000	</row3>
					</transform>
				</node>
				<node>
					<identifier>	MP_AM724_Ammobox_big_INDEX_8	</identifier>
					<transform>
						<row0>	0.3269 -0.0566 -0.9434 0.0000	</row0>
						<row1>	0.0000 0.9982 -0.0599 0.0000	</row1>
						<row2>	0.9451 0.0196 0.3263 0.0000	</row2>
						<row3>	0.2285 0.5195 6.5275 1.0000	</row3>
					</transform>
				</node>
				<node>
					<identifier>	MP_AM724_Ammobox_big_INDEX_9	</identifier>
					<transform>
						<row0>	0.3269 0.0566 0.9434 0.0000	</row0>
						<row1>	0.0000 0.9982 -0.0599 0.0000	</row1>
						<row2>	-0.9451 0.0196 0.3263 0.0000	</row2>
						<row3>	-0.2285 0.5195 6.5276 1.0000	</row3>
					</transform>
				</node>
				<node>
					<identifier>	MP_CM011_Fire_Fighting_Gear	</identifier>
					<transform>
						<row0>	-0.5372 0.0000 -0.8435 0.0000	</row0>
						<row1>	0.0000 1.0000 0.0000 0.0000	</row1>
						<row2>	0.8435 0.0000 -0.5372 0.0000	</row2>
						<row3>	-0.8680 0.3461 1.4083 1.0000	</row3>
					</transform>
				</node>
				<node>
					<identifier>	MP_CM011_Fire_Fighting_Gear_INDEX_1	</identifier>
					<transform>
						<row0>	-0.5000 0.0000 0.8660 0.0000	</row0>
						<row1>	0.0000 1.0000 0.0000 0.0000	</row1>
						<row2>	-0.8660 0.0000 -0.5000 0.0000	</row2>
						<row3>	0.8757 0.3456 1.3935 1.0000	</row3>
					</transform>
				</node>
				<node>
					<identifier>	MP_CM011_Fire_Fighting_Gear_INDEX_2	</identifier>
					<transform>
						<row0>	0.0000 0.0000 1.0000 0.0000	</row0>
						<row1>	0.0000 1.0000 0.0000 0.0000	</row1>
						<row2>	-1.0000 0.0000 0.0000 0.0000	</row2>
						<row3>	0.0293 0.3454 2.6998 1.0000	</row3>
					</transform>
				</node>
				<node>
					<identifier>	MP_CM011_Fire_Fighting_Gear_INDEX_3	</identifier>
					<transform>
						<row0>	1.0000 0.0000 0.0000 0.0000	</row0>
						<row1>	0.0000 1.0000 0.0000 0.0000	</row1>
						<row2>	0.0000 0.0000 1.0000 0.0000	</row2>
						<row3>	-0.0888 0.4841 5.9884 1.0000	</row3>
					</transform>
				</node>
				<node>
					<identifier>	MP_CM011_Fire_Fighting_Gear_INDEX_4	</identifier>
					<transform>
						<row0>	-1.0000 0.0000 0.0000 0.0000	</row0>
						<row1>	0.0000 1.0000 0.0000 0.0000	</row1>
						<row2>	0.0000 0.0000 -1.0000 0.0000	</row2>
						<row3>	0.3564 0.3820 4.2104 1.0000	</row3>
					</transform>
				</node>
				<node>
					<identifier>	MP_CM011_Fire_Fighting_Gear_INDEX_5	</identifier>
					<transform>
						<row0>	-1.0000 0.0000 0.0000 0.0000	</row0>
						<row1>	0.0000 1.0000 0.0000 0.0000	</row1>
						<row2>	0.0000 0.0000 -1.0000 0.0000	</row2>
						<row3>	-0.3564 0.3820 4.2104 1.0000	</row3>
					</transform>
				</node>
				<node>
					<identifier>	MP_CM012_Fire_Hose_Rack_1	</identifier>
					<transform>
						<row0>	0.0000 0.0000 -1.0000 0.0000	</row0>
						<row1>	0.0000 1.0000 0.0000 0.0000	</row1>
						<row2>	1.0000 0.0000 0.0000 0.0000	</row2>
						<row3>	-0.0647 0.4291 2.6914 1.0000	</row3>
					</transform>
				</node>
				<node>
					<identifier>	MP_CM029_Emergency_Box	</identifier>
					<transform>
						<row0>	0.5044 0.0000 -0.8635 0.0000	</row0>
						<row1>	0.0000 1.0000 0.0000 0.0000	</row1>
						<row2>	0.8635 0.0000 0.5044 0.0000	</row2>
						<row3>	0.6743 0.3818 2.2514 1.0000	</row3>
					</transform>
				</node>
				<node>
					<identifier>	MP_CM029_Emergency_Box_INDEX_1	</identifier>
					<transform>
						<row0>	0.5044 0.0000 0.8635 0.0000	</row0>
						<row1>	0.0000 1.0000 0.0000 0.0000	</row1>
						<row2>	-0.8635 0.0000 0.5044 0.0000	</row2>
						<row3>	-0.6743 0.3818 2.2514 1.0000	</row3>
					</transform>
				</node>
				<node>
					<identifier>	MP_CM029_Emergency_Box_INDEX_2	</identifier>
					<transform>
						<row0>	1.0000 0.0000 0.0000 0.0000	</row0>
						<row1>	0.0000 1.0000 0.0000 0.0000	</row1>
						<row2>	0.0000 0.0000 1.0000 0.0000	</row2>
						<row3>	0.3742 0.4646 5.2518 1.0000	</row3>
					</transform>
				</node>
				<node>
					<identifier>	MP_CM029_Emergency_Box_INDEX_3	</identifier>
					<transform>
						<row0>	1.0000 0.0000 0.0000 0.0000	</row0>
						<row1>	0.0000 1.0000 0.0000 0.0000	</row1>
						<row2>	0.0000 0.0000 1.0000 0.0000	</row2>
						<row3>	-0.3742 0.4646 5.2518 1.0000	</row3>
					</transform>
				</node>
				<node>
					<identifier>	MP_CM029_Emergency_Box_INDEX_4	</identifier>
					<transform>
						<row0>	0.3275 0.0000 -0.9449 0.0000	</row0>
						<row1>	0.0000 1.0000 0.0000 0.0000	</row1>
						<row2>	0.9449 0.0000 0.3275 0.0000	</row2>
						<row3>	0.2187 0.5666 6.6078 1.0000	</row3>
					</transform>
				</node>
				<node>
					<identifier>	MP_CM029_Emergency_Box_INDEX_5	</identifier>
					<transform>
						<row0>	0.3275 0.0000 0.9449 0.0000	</row0>
						<row1>	0.0000 1.0000 0.0000 0.0000	</row1>
						<row2>	-0.9449 0.0000 0.3275 0.0000	</row2>
						<row3>	-0.2187 0.5666 6.6078 1.0000	</row3>
					</transform>
				</node>
			</node>
		</node>
	</skeleton>
	<properties>
		<underwaterModel>	false	</underwaterModel>
		<abovewaterModel>	true	</abovewaterModel>
	</properties>
	<boundingBox>
		<min>	-0.0667 -0.0667 -0.0667	</min>
		<max>	0.0667 0.0667 0.0667	</max>
	</boundingBox>
	<renderSets />
	<lods>
		<lod>
			<extent>	200.0000	</extent>
			<castsShadow>	true	</castsShadow>
			<renderSets />
		</lod>
	</lods>
</ASB304_Indiana_1945_MidFront_ports.visual>
