<RSS007_S_1_1937_MidFront_ports.visual>
	<skeleton>
		<node>
			<identifier>	Scene Root	</identifier>
			<transform>
				<row0>	1.0000 0.0000 0.0000 0.0000	</row0>
				<row1>	0.0000 1.0000 0.0000 0.0000	</row1>
				<row2>	0.0000 0.0000 1.0000 0.0000	</row2>
				<row3>	0.0000 0.0000 0.0000 1.0000	</row3>
			</transform>
			<node>
				<identifier>	MidFront_ports	</identifier>
				<transform>
					<row0>	1.0000 0.0000 0.0000 0.0000	</row0>
					<row1>	0.0000 1.0000 0.0000 0.0000	</row1>
					<row2>	0.0000 0.0000 1.0000 0.0000	</row2>
					<row3>	0.0000 0.0000 0.0000 1.0000	</row3>
				</transform>
				<node>
					<identifier>	HP_FX_Descent_3	</identifier>
					<transform>
						<row0>	-0.4946 -0.8691 0.0000 0.0000	</row0>
						<row1>	-0.8691 0.4946 0.0000 0.0000	</row1>
						<row2>	0.0000 0.0000 -1.0000 0.0000	</row2>
						<row3>	-0.1578 -0.0102 1.1022 1.0000	</row3>
					</transform>
				</node>
				<node>
					<identifier>	HP_FX_Fire_1	</identifier>
					<transform>
						<row0>	1.0000 0.0000 0.0000 0.0000	</row0>
						<row1>	0.0000 1.0000 0.0000 0.0000	</row1>
						<row2>	0.0000 0.0000 1.0000 0.0000	</row2>
						<row3>	0.0000 0.2708 0.4494 1.0000	</row3>
					</transform>
				</node>
				<node>
					<identifier>	HP_FX_Fire_2	</identifier>
					<transform>
						<row0>	1.0000 0.0000 0.0000 0.0000	</row0>
						<row1>	0.0000 1.0000 0.0000 0.0000	</row1>
						<row2>	0.0000 0.0000 1.0000 0.0000	</row2>
						<row3>	0.0000 0.2306 0.3051 1.0000	</row3>
					</transform>
				</node>
				<node>
					<identifier>	HP_FX_FloodLight_left_1	</identifier>
					<transform>
						<row0>	-1.0000 0.0000 0.0000 0.0000	</row0>
						<row1>	0.0000 1.0000 0.0000 0.0000	</row1>
						<row2>	0.0000 0.0000 -1.0000 0.0000	</row2>
						<row3>	-0.0719 0.2655 0.4958 1.0000	</row3>
					</transform>
				</node>
				<node>
					<identifier>	HP_FX_FloodLight_right_1	</identifier>
					<transform>
						<row0>	1.0000 0.0000 0.0000 0.0000	</row0>
						<row1>	0.0000 1.0000 0.0000 0.0000	</row1>
						<row2>	0.0000 0.0000 1.0000 0.0000	</row2>
						<row3>	0.0730 0.2517 0.4518 1.0000	</row3>
					</transform>
				</node>
				<node>
					<identifier>	HP_FX_Flood_water_left_2	</identifier>
					<transform>
						<row0>	-0.9607 -0.2775 0.0000 0.0000	</row0>
						<row1>	-0.2775 0.9607 0.0000 0.0000	</row1>
						<row2>	0.0000 0.0000 -1.0000 0.0000	</row2>
						<row3>	-0.1112 0.0745 1.0652 1.0000	</row3>
					</transform>
				</node>
				<node>
					<identifier>	HP_FX_Flood_water_right_2	</identifier>
					<transform>
						<row0>	0.9765 -0.2154 0.0000 0.0000	</row0>
						<row1>	0.2154 0.9765 0.0000 0.0000	</row1>
						<row2>	0.0000 0.0000 1.0000 0.0000	</row2>
						<row3>	0.1049 0.0821 1.3332 1.0000	</row3>
					</transform>
				</node>
				<node>
					<identifier>	HP_FX_Runoff_deluge_left_2	</identifier>
					<transform>
						<row0>	-0.9986 0.0000 0.0536 0.0000	</row0>
						<row1>	0.0000 1.0000 0.0000 0.0000	</row1>
						<row2>	-0.0536 0.0000 -0.9986 0.0000	</row2>
						<row3>	-0.1308 0.0388 1.2315 1.0000	</row3>
					</transform>
				</node>
				<node>
					<identifier>	HP_FX_Runoff_deluge_left_3	</identifier>
					<transform>
						<row0>	-0.9986 0.0000 0.0536 0.0000	</row0>
						<row1>	0.0000 1.0000 0.0000 0.0000	</row1>
						<row2>	-0.0536 0.0000 -0.9986 0.0000	</row2>
						<row3>	-0.1412 0.0372 0.9648 1.0000	</row3>
					</transform>
				</node>
				<node>
					<identifier>	HP_FX_Runoff_deluge_left_4	</identifier>
					<transform>
						<row0>	-0.9986 0.0000 0.0536 0.0000	</row0>
						<row1>	0.0000 1.0000 0.0000 0.0000	</row1>
						<row2>	-0.0536 0.0000 -0.9986 0.0000	</row2>
						<row3>	-0.1552 0.0386 0.6981 1.0000	</row3>
					</transform>
				</node>
				<node>
					<identifier>	HP_FX_Runoff_deluge_left_5	</identifier>
					<transform>
						<row0>	-0.9995 0.0000 0.0302 0.0000	</row0>
						<row1>	0.0000 1.0000 0.0000 0.0000	</row1>
						<row2>	-0.0302 0.0000 -0.9995 0.0000	</row2>
						<row3>	-0.1670 0.0373 0.4305 1.0000	</row3>
					</transform>
				</node>
				<node>
					<identifier>	HP_FX_Runoff_deluge_right_2	</identifier>
					<transform>
						<row0>	0.9986 0.0000 0.0536 0.0000	</row0>
						<row1>	0.0000 1.0000 0.0000 0.0000	</row1>
						<row2>	-0.0536 0.0000 0.9986 0.0000	</row2>
						<row3>	0.1309 0.0390 1.2314 1.0000	</row3>
					</transform>
				</node>
				<node>
					<identifier>	HP_FX_Runoff_deluge_right_3	</identifier>
					<transform>
						<row0>	0.9986 0.0000 0.0536 0.0000	</row0>
						<row1>	0.0000 1.0000 0.0000 0.0000	</row1>
						<row2>	-0.0536 0.0000 0.9986 0.0000	</row2>
						<row3>	0.1409 0.0370 0.9645 1.0000	</row3>
					</transform>
				</node>
				<node>
					<identifier>	HP_FX_Runoff_deluge_right_4	</identifier>
					<transform>
						<row0>	0.9986 0.0000 0.0536 0.0000	</row0>
						<row1>	0.0000 1.0000 0.0000 0.0000	</row1>
						<row2>	-0.0536 0.0000 0.9986 0.0000	</row2>
						<row3>	0.1549 0.0390 0.6977 1.0000	</row3>
					</transform>
				</node>
				<node>
					<identifier>	HP_FX_Runoff_deluge_right_5	</identifier>
					<transform>
						<row0>	0.9998 0.0000 0.0197 0.0000	</row0>
						<row1>	0.0000 1.0000 0.0000 0.0000	</row1>
						<row2>	-0.0197 0.0000 0.9998 0.0000	</row2>
						<row3>	0.1669 0.0370 0.4308 1.0000	</row3>
					</transform>
				</node>
				<node>
					<identifier>	HP_FX_Runoff_left	</identifier>
					<transform>
						<row0>	-0.9031 0.4294 -0.0014 0.0000	</row0>
						<row1>	0.4292 0.9026 -0.0321 0.0000	</row1>
						<row2>	-0.0125 -0.0296 -0.9995 0.0000	</row2>
						<row3>	-0.0893 0.1212 1.3898 1.0000	</row3>
					</transform>
				</node>
				<node>
					<identifier>	HP_FX_Runoff_left_1	</identifier>
					<transform>
						<row0>	-0.6987 0.7154 0.0087 0.0000	</row0>
						<row1>	0.7153 0.6987 -0.0093 0.0000	</row1>
						<row2>	-0.0127 -0.0003 -0.9999 0.0000	</row2>
						<row3>	-0.1054 0.1049 0.3598 1.0000	</row3>
					</transform>
				</node>
				<node>
					<identifier>	HP_FX_Runoff_right	</identifier>
					<transform>
						<row0>	0.9031 0.4294 -0.0012 0.0000	</row0>
						<row1>	-0.4292 0.9026 -0.0322 0.0000	</row1>
						<row2>	-0.0127 0.0296 0.9995 0.0000	</row2>
						<row3>	0.0890 0.1209 1.3893 1.0000	</row3>
					</transform>
				</node>
				<node>
					<identifier>	HP_FX_Runoff_right_1	</identifier>
					<transform>
						<row0>	0.6987 0.7154 0.0087 0.0000	</row0>
						<row1>	-0.7153 0.6987 -0.0093 0.0000	</row1>
						<row2>	-0.0127 0.0003 0.9999 0.0000	</row2>
						<row3>	0.1059 0.1049 0.3598 1.0000	</row3>
					</transform>
				</node>
				<node>
					<identifier>	HP_FX_Runoff_tower_left_2	</identifier>
					<transform>
						<row0>	-0.9999 0.0000 0.0044 0.0000	</row0>
						<row1>	0.0000 1.0000 0.0000 0.0000	</row1>
						<row2>	-0.0044 0.0000 -0.9999 0.0000	</row2>
						<row3>	-0.0722 0.3324 0.4780 1.0000	</row3>
					</transform>
				</node>
				<node>
					<identifier>	HP_FX_Runoff_tower_right_2	</identifier>
					<transform>
						<row0>	-1.0000 0.0000 0.0044 0.0000	</row0>
						<row1>	0.0000 1.0000 0.0000 0.0000	</row1>
						<row2>	-0.0044 0.0000 -1.0000 0.0000	</row2>
						<row3>	0.0720 0.3328 0.4778 1.0000	</row3>
					</transform>
				</node>
				<node>
					<identifier>	HP_FX_WakeTrace_periscope	</identifier>
					<transform>
						<row0>	1.0000 0.0000 0.0000 0.0000	</row0>
						<row1>	0.0000 1.0000 0.0000 0.0000	</row1>
						<row2>	0.0000 0.0000 1.0000 0.0000	</row2>
						<row3>	0.0000 0.4164 0.5020 1.0000	</row3>
					</transform>
				</node>
				<node>
					<identifier>	HP_FX_WakeTrace_tower	</identifier>
					<transform>
						<row0>	1.0000 0.0000 0.0000 0.0000	</row0>
						<row1>	0.0000 1.0000 0.0000 0.0000	</row1>
						<row2>	0.0000 0.0000 1.0000 0.0000	</row2>
						<row3>	-0.0016 0.1091 0.6517 1.0000	</row3>
					</transform>
				</node>
				<node>
					<identifier>	HP_Flagpole	</identifier>
					<transform>
						<row0>	0.3612 0.0000 0.0000 0.0000	</row0>
						<row1>	0.0000 0.3612 0.0000 0.0000	</row1>
						<row2>	0.0000 0.0000 0.3612 0.0000	</row2>
						<row3>	-0.0630 0.6851 0.4220 1.0000	</row3>
					</transform>
				</node>
				<node>
					<identifier>	HP_flag_1	</identifier>
					<transform>
						<row0>	0.9951 0.0990 -0.0040 0.0000	</row0>
						<row1>	-0.0990 0.9918 -0.0806 0.0000	</row1>
						<row2>	-0.0040 0.0806 0.9967 0.0000	</row2>
						<row3>	-0.0813 0.6629 0.4299 1.0000	</row3>
					</transform>
				</node>
				<node>
					<identifier>	HP_flag_2	</identifier>
					<transform>
						<row0>	0.9999 -0.0149 0.0005 0.0000	</row0>
						<row1>	0.0149 0.9980 -0.0610 0.0000	</row1>
						<row2>	0.0005 0.0610 0.9981 0.0000	</row2>
						<row3>	-0.0434 0.6628 0.4293 1.0000	</row3>
					</transform>
				</node>
				<node>
					<identifier>	HP_flag_3	</identifier>
					<transform>
						<row0>	0.9984 -0.0559 0.0012 0.0000	</row0>
						<row1>	0.0559 0.9975 -0.0425 0.0000	</row1>
						<row2>	0.0012 0.0425 0.9991 0.0000	</row2>
						<row3>	-0.0284 0.6628 0.4298 1.0000	</row3>
					</transform>
				</node>
				<node>
					<identifier>	HP_flag_4	</identifier>
					<transform>
						<row0>	0.9897 0.1433 -0.0071 0.0000	</row0>
						<row1>	-0.1433 0.9848 -0.0985 0.0000	</row1>
						<row2>	-0.0071 0.0985 0.9951 0.0000	</row2>
						<row3>	-0.0978 0.6629 0.4293 1.0000	</row3>
					</transform>
				</node>
				<node>
					<identifier>	HP_flag_courtesy	</identifier>
					<transform>
						<row0>	0.9951 -0.0989 0.0012 0.0000	</row0>
						<row1>	0.0989 0.9948 -0.0243 0.0000	</row1>
						<row2>	0.0012 0.0243 0.9997 0.0000	</row2>
						<row3>	-0.0137 0.6625 0.4298 1.0000	</row3>
					</transform>
				</node>
				<node>
					<identifier>	HP_flag_house	</identifier>
					<transform>
						<row0>	0.9829 0.1839 -0.0105 0.0000	</row0>
						<row1>	-0.1839 0.9765 -0.1128 0.0000	</row1>
						<row2>	-0.0105 0.1128 0.9936 0.0000	</row2>
						<row3>	-0.1123 0.6627 0.4294 1.0000	</row3>
					</transform>
				</node>
				<node>
					<identifier>	HP_flag_nation	</identifier>
					<transform>
						<row0>	0.9993 0.0383 -0.0022 0.0000	</row0>
						<row1>	-0.0383 0.9924 -0.1171 0.0000	</row1>
						<row2>	-0.0022 0.1171 0.9931 0.0000	</row2>
						<row3>	0.0000 0.4016 0.1088 1.0000	</row3>
					</transform>
				</node>
				<node>
					<identifier>	HP_flag_rank	</identifier>
					<transform>
						<row0>	0.9993 0.0383 -0.0022 0.0000	</row0>
						<row1>	-0.0383 0.9924 -0.1171 0.0000	</row1>
						<row2>	-0.0022 0.1171 0.9931 0.0000	</row2>
						<row3>	0.0020 0.3480 0.1152 1.0000	</row3>
					</transform>
				</node>
			</node>
		</node>
	</skeleton>
	<properties>
		<underwaterModel>	false	</underwaterModel>
		<abovewaterModel>	true	</abovewaterModel>
	</properties>
	<boundingBox>
		<min>	-0.0667 -0.0667 -0.0667	</min>
		<max>	0.0667 0.0667 0.0667	</max>
	</boundingBox>
	<renderSets />
	<lods>
		<lod>
			<extent>	200.0000	</extent>
			<castsShadow>	true	</castsShadow>
			<renderSets />
		</lod>
	</lods>
</RSS007_S_1_1937_MidFront_ports.visual>
