<WSB309_Yavuz_1918_Stern.skel_ext>
	<exported>	true	</exported>
	<node>
		<identifier>	MP_CM126_Cleat	</identifier>
		<parent>	Scene Root	</parent>
		<transform>
			<row0>	0.9764 0.0000 -0.2160 0.0000	</row0>
			<row1>	0.0027 0.9999 0.0124 0.0000	</row1>
			<row2>	0.2160 -0.0127 0.9763 0.0000	</row2>
			<row3>	0.3900 0.1996 -5.0893 1.0000	</row3>
		</transform>
	</node>
	<node>
		<identifier>	MP_CM126_Cleat_INDEX_1	</identifier>
		<parent>	Scene Root	</parent>
		<transform>
			<row0>	0.9764 0.0000 0.2160 0.0000	</row0>
			<row1>	-0.0027 0.9999 0.0124 0.0000	</row1>
			<row2>	-0.2160 -0.0127 0.9763 0.0000	</row2>
			<row3>	-0.3887 0.1997 -5.0951 1.0000	</row3>
		</transform>
	</node>
	<node>
		<identifier>	MP_CM126_Cleat_INDEX_2	</identifier>
		<parent>	Scene Root	</parent>
		<transform>
			<row0>	0.9764 0.0000 -0.2160 0.0000	</row0>
			<row1>	0.0027 0.9999 0.0124 0.0000	</row1>
			<row2>	0.2160 -0.0127 0.9763 0.0000	</row2>
			<row3>	0.5158 0.1972 -4.5212 1.0000	</row3>
		</transform>
	</node>
	<node>
		<identifier>	MP_CM126_Cleat_INDEX_3	</identifier>
		<parent>	Scene Root	</parent>
		<transform>
			<row0>	0.9764 0.0000 0.2160 0.0000	</row0>
			<row1>	-0.0027 0.9999 0.0124 0.0000	</row1>
			<row2>	-0.2160 -0.0127 0.9763 0.0000	</row2>
			<row3>	-0.5158 0.1972 -4.5212 1.0000	</row3>
		</transform>
	</node>
	<node>
		<identifier>	MP_CM161_Propeller_4_8m_BB_R	</identifier>
		<parent>	Scene Root	</parent>
		<transform>
			<row0>	0.9652 0.0000 0.0211 0.0000	</row0>
			<row1>	0.0003 0.9654 -0.0138 0.0000	</row1>
			<row2>	-0.0211 0.0138 0.9651 0.0000	</row2>
			<row3>	0.2184 -0.4249 -5.4649 1.0000	</row3>
		</transform>
	</node>
	<node>
		<identifier>	MP_CM161_Propeller_4_8m_BB_R_INDEX_1	</identifier>
		<parent>	Scene Root	</parent>
		<transform>
			<row0>	0.0000 0.9640 -0.0527 0.0000	</row0>
			<row1>	-0.9655 0.0000 0.0000 0.0000	</row1>
			<row2>	0.0000 0.0527 0.9640 0.0000	</row2>
			<row3>	0.4457 -0.3969 -4.8137 1.0000	</row3>
		</transform>
	</node>
	<node>
		<identifier>	MP_CM162_Propeller_4_8m_BB_L	</identifier>
		<parent>	Scene Root	</parent>
		<transform>
			<row0>	0.0000 -0.9640 0.0527 0.0000	</row0>
			<row1>	0.9655 0.0000 0.0000 0.0000	</row1>
			<row2>	0.0000 0.0527 0.9640 0.0000	</row2>
			<row3>	-0.4457 -0.3969 -4.8137 1.0000	</row3>
		</transform>
	</node>
	<node>
		<identifier>	MP_CM162_Propeller_4_8m_BB_L_INDEX_1	</identifier>
		<parent>	Scene Root	</parent>
		<transform>
			<row0>	0.9652 0.0000 -0.0211 0.0000	</row0>
			<row1>	-0.0003 0.9654 -0.0138 0.0000	</row1>
			<row2>	0.0211 0.0138 0.9651 0.0000	</row2>
			<row3>	-0.2184 -0.4249 -5.4649 1.0000	</row3>
		</transform>
	</node>
	<node>
		<identifier>	MP_WM957_Hall_Anchor_bottom	</identifier>
		<parent>	Scene Root	</parent>
		<transform>
			<row0>	0.7844 0.1609 -0.0485 0.0000	</row0>
			<row1>	-0.0983 0.6270 0.4906 0.0000	</row1>
			<row2>	0.1363 -0.4738 0.6328 0.0000	</row2>
			<row3>	0.0037 0.0820 -6.2447 1.0000	</row3>
		</transform>
	</node>
	<node>
		<identifier>	MP_WM958_Hall_Anchor_up	</identifier>
		<parent>	Scene Root	</parent>
		<transform>
			<row0>	0.7819 0.1755 -0.0366 0.0000	</row0>
			<row1>	-0.0959 0.5478 0.5782 0.0000	</row1>
			<row2>	0.1515 -0.5591 0.5549 0.0000	</row2>
			<row3>	0.0035 0.0819 -6.2450 1.0000	</row3>
		</transform>
	</node>
</WSB309_Yavuz_1918_Stern.skel_ext>
