<BGA004_12mm62_HI.visual>
	<skeleton>
		<node>
			<identifier>	Scene Root	</identifier>
			<transform>
				<row0>	1.0000 0.0000 0.0000 0.0000	</row0>
				<row1>	0.0000 1.0000 0.0000 0.0000	</row1>
				<row2>	0.0000 0.0000 1.0000 0.0000	</row2>
				<row3>	0.0000 0.0000 0.0000 1.0000	</row3>
			</transform>
			<node>
				<identifier>	Turret	</identifier>
				<transform>
					<row0>	1.0000 0.0000 0.0000 0.0000	</row0>
					<row1>	0.0000 1.0000 0.0000 0.0000	</row1>
					<row2>	0.0000 0.0000 1.0000 0.0000	</row2>
					<row3>	0.0000 0.0000 0.0000 1.0000	</row3>
				</transform>
				<node>
					<identifier>	HP_gunFire1	</identifier>
					<transform>
						<row0>	1.0000 0.0000 0.0000 0.0000	</row0>
						<row1>	0.0000 0.7071 -0.7071 0.0000	</row1>
						<row2>	0.0000 0.7071 0.7071 0.0000	</row2>
						<row3>	0.0000 0.1293 0.0375 1.0000	</row3>
					</transform>
				</node>
				<node>
					<identifier>	HP_gunFire2	</identifier>
					<transform>
						<row0>	1.0000 0.0000 0.0000 0.0000	</row0>
						<row1>	0.0000 0.7071 -0.7071 0.0000	</row1>
						<row2>	0.0000 0.7071 0.7071 0.0000	</row2>
						<row3>	0.0000 0.1144 0.0502 1.0000	</row3>
					</transform>
				</node>
				<node>
					<identifier>	HP_gunFire3	</identifier>
					<transform>
						<row0>	1.0000 0.0000 0.0000 0.0000	</row0>
						<row1>	0.0000 0.7071 -0.7071 0.0000	</row1>
						<row2>	0.0000 0.7071 0.7071 0.0000	</row2>
						<row3>	0.0000 0.0995 0.0630 1.0000	</row3>
					</transform>
				</node>
				<node>
					<identifier>	HP_gunFire4	</identifier>
					<transform>
						<row0>	1.0000 0.0000 0.0000 0.0000	</row0>
						<row1>	0.0000 0.7071 -0.7071 0.0000	</row1>
						<row2>	0.0000 0.7071 0.7071 0.0000	</row2>
						<row3>	0.0000 0.0844 0.0756 1.0000	</row3>
					</transform>
				</node>
			</node>
		</node>
	</skeleton>
	<properties>
		<underwaterModel>	false	</underwaterModel>
		<abovewaterModel>	true	</abovewaterModel>
	</properties>
	<boundingBox>
		<min>	-0.0667 -0.0099 -0.0666	</min>
		<max>	0.0667 0.2237 0.1698	</max>
	</boundingBox>
	<renderSets>
		<renderSet>
			<name>	TurretShape	</name>
			<treatAsWorldSpaceObject>	false	</treatAsWorldSpaceObject>
			<nodes>
				<node>	Turret	</node>
			</nodes>
			<material>
				<identifier>	TL2_SHIPMAT_PBS_Gun	</identifier>
				<mfm>	PnFMods/ModsSDK.zip/BSB536_Black_Repulse/gun/BGA004_12mm62_HI.mfm	</mfm>
			</material>
		</renderSet>
		<renderSet>
			<name>	Turret_lod1Shape	</name>
			<treatAsWorldSpaceObject>	false	</treatAsWorldSpaceObject>
			<nodes>
				<node>	Turret	</node>
			</nodes>
			<material>
				<identifier>	TL2_SHIPMAT_PBS_Gun	</identifier>
				<mfm>	PnFMods/ModsSDK.zip/BSB536_Black_Repulse/gun/BGA004_12mm62_HI.mfm	</mfm>
			</material>
		</renderSet>
		<renderSet>
			<name>	Turret_lod2Shape	</name>
			<treatAsWorldSpaceObject>	false	</treatAsWorldSpaceObject>
			<nodes>
				<node>	Turret	</node>
			</nodes>
			<material>
				<identifier>	TL2_SHIPMAT_PBS_Gun	</identifier>
				<mfm>	PnFMods/ModsSDK.zip/BSB536_Black_Repulse/gun/BGA004_12mm62_HI.mfm	</mfm>
			</material>
		</renderSet>
		<renderSet>
			<name>	Turret_lod3Shape	</name>
			<treatAsWorldSpaceObject>	false	</treatAsWorldSpaceObject>
			<nodes>
				<node>	Turret	</node>
			</nodes>
			<material>
				<identifier>	TL2_SHIPMAT_PBS_Gun	</identifier>
				<mfm>	PnFMods/ModsSDK.zip/BSB536_Black_Repulse/gun/BGA004_12mm62_HI.mfm	</mfm>
			</material>
		</renderSet>
	</renderSets>
	<lods>
		<lod>
			<extent>	4.0000	</extent>
			<castsShadow>	true	</castsShadow>
			<renderSets>
				<renderSet>	TurretShape	</renderSet>
			</renderSets>
		</lod>
		<lod>
			<extent>	10.0000	</extent>
			<castsShadow>	true	</castsShadow>
			<renderSets>
				<renderSet>	Turret_lod1Shape	</renderSet>
			</renderSets>
		</lod>
		<lod>
			<extent>	24.0000	</extent>
			<castsShadow>	true	</castsShadow>
			<renderSets>
				<renderSet>	Turret_lod2Shape	</renderSet>
			</renderSets>
		</lod>
		<lod>
			<extent>	60.0000	</extent>
			<castsShadow>	false	</castsShadow>
			<renderSets>
				<renderSet>	Turret_lod3Shape	</renderSet>
			</renderSets>
		</lod>
	</lods>
</BGA004_12mm62_HI.visual>
