<HSC007_Eendracht_1947_Stern.skel_ext>
	<exported>	true	</exported>
	<node>
		<identifier>	MP_BM877_Running_Lights_B	</identifier>
		<parent>	Scene Root	</parent>
		<transform>
			<row0>	1.0000 0.0000 0.0000 0.0000	</row0>
			<row1>	0.0000 1.0000 0.0000 0.0000	</row1>
			<row2>	0.0000 0.0000 1.0000 0.0000	</row2>
			<row3>	0.0000 0.3033 -6.1248 1.0000	</row3>
		</transform>
	</node>
	<node>
		<identifier>	MP_CM161_Propeller_4_8m_BB_R	</identifier>
		<parent>	Scene Root	</parent>
		<transform>
			<row0>	0.9378 0.0000 0.0066 0.0000	</row0>
			<row1>	0.0001 0.9376 -0.0212 0.0000	</row1>
			<row2>	-0.0066 0.0212 0.9376 0.0000	</row2>
			<row3>	0.2529 -0.3171 -5.3004 1.0000	</row3>
		</transform>
	</node>
	<node>
		<identifier>	MP_CM162_Propeller_4_8m_BB_L	</identifier>
		<parent>	Scene Root	</parent>
		<transform>
			<row0>	0.9378 0.0000 -0.0066 0.0000	</row0>
			<row1>	-0.0001 0.9376 -0.0212 0.0000	</row1>
			<row2>	0.0066 0.0212 0.9376 0.0000	</row2>
			<row3>	-0.2529 -0.3171 -5.3004 1.0000	</row3>
		</transform>
	</node>
	<node>
		<identifier>	MP_HM007_Lifebuoy	</identifier>
		<parent>	Scene Root	</parent>
		<transform>
			<row0>	0.1565 0.0000 0.9877 0.0000	</row0>
			<row1>	0.0000 1.0000 0.0000 0.0000	</row1>
			<row2>	-0.9877 0.0000 0.1565 0.0000	</row2>
			<row3>	0.3709 0.2235 -5.1801 1.0000	</row3>
		</transform>
	</node>
	<node>
		<identifier>	MP_HM007_Lifebuoy_INDEX_1	</identifier>
		<parent>	Scene Root	</parent>
		<transform>
			<row0>	0.1565 0.0000 -0.9877 0.0000	</row0>
			<row1>	0.0000 1.0000 0.0000 0.0000	</row1>
			<row2>	0.9877 0.0000 0.1565 0.0000	</row2>
			<row3>	-0.3709 0.2235 -5.1801 1.0000	</row3>
		</transform>
	</node>
	<node>
		<identifier>	MP_HM022_Bench_for_Capstan	</identifier>
		<parent>	Scene Root	</parent>
		<transform>
			<row0>	1.0000 0.0000 0.0000 0.0000	</row0>
			<row1>	0.0000 1.0000 0.0000 0.0000	</row1>
			<row2>	0.0000 0.0000 1.0000 0.0000	</row2>
			<row3>	0.0000 0.1854 -5.2615 1.0000	</row3>
		</transform>
	</node>
	<node>
		<identifier>	MP_HM026_Smoke_Defence	</identifier>
		<parent>	Scene Root	</parent>
		<transform>
			<row0>	-0.5345 0.0000 0.8451 0.0000	</row0>
			<row1>	0.0000 1.0000 0.0000 0.0000	</row1>
			<row2>	-0.8451 0.0000 -0.5345 0.0000	</row2>
			<row3>	-0.1011 0.1647 -5.9451 1.0000	</row3>
		</transform>
	</node>
	<node>
		<identifier>	MP_HM026_Smoke_Defence_INDEX_1	</identifier>
		<parent>	Scene Root	</parent>
		<transform>
			<row0>	-0.5345 0.0000 -0.8451 0.0000	</row0>
			<row1>	0.0000 1.0000 0.0000 0.0000	</row1>
			<row2>	0.8451 0.0000 -0.5345 0.0000	</row2>
			<row3>	0.1011 0.1647 -5.9451 1.0000	</row3>
		</transform>
	</node>
	<node>
		<identifier>	MP_HM620_Depth_Charge_Stowage	</identifier>
		<parent>	Scene Root	</parent>
		<transform>
			<row0>	0.9798 0.0000 0.2001 0.0000	</row0>
			<row1>	0.0000 1.0000 0.0000 0.0000	</row1>
			<row2>	-0.2001 0.0000 0.9798 0.0000	</row2>
			<row3>	-0.2851 0.1624 -5.3623 1.0000	</row3>
		</transform>
	</node>
	<node>
		<identifier>	MP_HM620_Depth_Charge_Stowage_INDEX_1	</identifier>
		<parent>	Scene Root	</parent>
		<transform>
			<row0>	-0.9798 0.0000 -0.2001 0.0000	</row0>
			<row1>	0.0000 1.0000 0.0000 0.0000	</row1>
			<row2>	0.2001 0.0000 -0.9798 0.0000	</row2>
			<row3>	-0.2601 0.1624 -5.4851 1.0000	</row3>
		</transform>
	</node>
	<node>
		<identifier>	MP_HM620_Depth_Charge_Stowage_INDEX_2	</identifier>
		<parent>	Scene Root	</parent>
		<transform>
			<row0>	0.9798 0.0000 -0.2001 0.0000	</row0>
			<row1>	0.0000 1.0000 0.0000 0.0000	</row1>
			<row2>	0.2001 0.0000 0.9798 0.0000	</row2>
			<row3>	0.2851 0.1624 -5.3623 1.0000	</row3>
		</transform>
	</node>
	<node>
		<identifier>	MP_HM620_Depth_Charge_Stowage_INDEX_3	</identifier>
		<parent>	Scene Root	</parent>
		<transform>
			<row0>	-0.9798 0.0000 0.2001 0.0000	</row0>
			<row1>	0.0000 1.0000 0.0000 0.0000	</row1>
			<row2>	-0.2001 0.0000 -0.9798 0.0000	</row2>
			<row3>	0.2601 0.1624 -5.4851 1.0000	</row3>
		</transform>
	</node>
	<node>
		<identifier>	MP_HM621_Depth_Charge	</identifier>
		<parent>	Scene Root	</parent>
		<transform>
			<row0>	0.9798 0.0000 0.2001 0.0000	</row0>
			<row1>	0.2001 0.0000 -0.9798 0.0000	</row1>
			<row2>	0.0000 1.0000 0.0000 0.0000	</row2>
			<row3>	-0.2898 0.1942 -5.3397 1.0000	</row3>
		</transform>
	</node>
	<node>
		<identifier>	MP_HM621_Depth_Charge_INDEX_1	</identifier>
		<parent>	Scene Root	</parent>
		<transform>
			<row0>	-0.9798 0.0000 -0.2001 0.0000	</row0>
			<row1>	-0.2001 0.0000 0.9798 0.0000	</row1>
			<row2>	0.0000 1.0000 0.0000 0.0000	</row2>
			<row3>	-0.2554 0.1942 -5.5076 1.0000	</row3>
		</transform>
	</node>
	<node>
		<identifier>	MP_HM621_Depth_Charge_INDEX_2	</identifier>
		<parent>	Scene Root	</parent>
		<transform>
			<row0>	0.9798 0.0000 -0.2001 0.0000	</row0>
			<row1>	-0.2001 0.0000 -0.9798 0.0000	</row1>
			<row2>	0.0000 1.0000 0.0000 0.0000	</row2>
			<row3>	0.2898 0.1942 -5.3397 1.0000	</row3>
		</transform>
	</node>
	<node>
		<identifier>	MP_HM621_Depth_Charge_INDEX_3	</identifier>
		<parent>	Scene Root	</parent>
		<transform>
			<row0>	-0.9798 0.0000 0.2001 0.0000	</row0>
			<row1>	0.2001 0.0000 0.9798 0.0000	</row1>
			<row2>	0.0000 1.0000 0.0000 0.0000	</row2>
			<row3>	0.2554 0.1942 -5.5076 1.0000	</row3>
		</transform>
	</node>
	<node>
		<identifier>	MP_HM753_Hatch	</identifier>
		<parent>	Scene Root	</parent>
		<transform>
			<row0>	1.0000 0.0000 0.0000 0.0000	</row0>
			<row1>	0.0000 1.0000 0.0000 0.0000	</row1>
			<row2>	0.0000 0.0000 1.0000 0.0000	</row2>
			<row3>	0.0646 0.1644 -4.6091 1.0000	</row3>
		</transform>
	</node>
	<node>
		<identifier>	MP_HM753_Hatch_INDEX_1	</identifier>
		<parent>	Scene Root	</parent>
		<transform>
			<row0>	1.0000 0.0000 0.0000 0.0000	</row0>
			<row1>	0.0000 1.0000 0.0000 0.0000	</row1>
			<row2>	0.0000 0.0000 1.0000 0.0000	</row2>
			<row3>	-0.1602 0.1633 -5.3438 1.0000	</row3>
		</transform>
	</node>
	<node>
		<identifier>	MP_HM753_Hatch_INDEX_2	</identifier>
		<parent>	Scene Root	</parent>
		<transform>
			<row0>	1.0000 0.0000 0.0000 0.0000	</row0>
			<row1>	0.0000 1.0000 0.0000 0.0000	</row1>
			<row2>	0.0000 0.0000 1.0000 0.0000	</row2>
			<row3>	0.0000 0.1641 -5.7680 1.0000	</row3>
		</transform>
	</node>
	<node>
		<identifier>	MP_HM753_Hatch_INDEX_3	</identifier>
		<parent>	Scene Root	</parent>
		<transform>
			<row0>	1.0000 0.0000 0.0000 0.0000	</row0>
			<row1>	0.0000 1.0000 0.0000 0.0000	</row1>
			<row2>	0.0000 0.0000 1.0000 0.0000	</row2>
			<row3>	0.1602 0.1633 -5.3438 1.0000	</row3>
		</transform>
	</node>
	<node>
		<identifier>	MP_HM753_Hatch_INDEX_4	</identifier>
		<parent>	Scene Root	</parent>
		<transform>
			<row0>	1.0000 0.0000 0.0000 0.0000	</row0>
			<row1>	0.0000 1.0000 0.0000 0.0000	</row1>
			<row2>	0.0000 0.0000 1.0000 0.0000	</row2>
			<row3>	0.0000 0.1654 -3.8934 1.0000	</row3>
		</transform>
	</node>
	<node>
		<identifier>	MP_HM965_Capstan_Stern	</identifier>
		<parent>	Scene Root	</parent>
		<transform>
			<row0>	1.0000 0.0000 0.0000 0.0000	</row0>
			<row1>	0.0000 1.0000 0.0000 0.0000	</row1>
			<row2>	0.0000 0.0000 1.0000 0.0000	</row2>
			<row3>	0.0000 0.1854 -5.2615 1.0000	</row3>
		</transform>
	</node>
</HSC007_Eendracht_1947_Stern.skel_ext>
