<AGM053_406mm_45_MK7_11.skel_ext>
	<exported>	true	</exported>
	<node>
		<identifier>	MP_AM138_Boat_12	</identifier>
		<parent>	Rotate_Y	</parent>
		<transform>
			<row0>	0.0653 0.0000 -0.9979 0.0000	</row0>
			<row1>	-0.8971 0.4379 -0.0588 0.0000	</row1>
			<row2>	0.4369 0.8990 0.0285 0.0000	</row2>
			<row3>	-0.3077 0.0933 -0.2643 1.0000	</row3>
		</transform>
	</node>
	<node>
		<identifier>	MP_AM138_Boat_12_INDEX_1	</identifier>
		<parent>	Rotate_Y	</parent>
		<transform>
			<row0>	0.0653 0.0000 -0.9979 0.0000	</row0>
			<row1>	-0.8971 0.4379 -0.0588 0.0000	</row1>
			<row2>	0.4369 0.8990 0.0285 0.0000	</row2>
			<row3>	-0.3153 0.0933 -0.1468 1.0000	</row3>
		</transform>
	</node>
	<node>
		<identifier>	MP_AM138_Boat_12_INDEX_2	</identifier>
		<parent>	Rotate_Y	</parent>
		<transform>
			<row0>	0.0653 0.0000 0.9979 0.0000	</row0>
			<row1>	0.8971 0.4379 -0.0588 0.0000	</row1>
			<row2>	-0.4369 0.8990 0.0285 0.0000	</row2>
			<row3>	0.3077 0.0933 -0.2643 1.0000	</row3>
		</transform>
	</node>
	<node>
		<identifier>	MP_AM138_Boat_12_INDEX_3	</identifier>
		<parent>	Rotate_Y	</parent>
		<transform>
			<row0>	0.0653 0.0000 0.9979 0.0000	</row0>
			<row1>	0.8971 0.4379 -0.0588 0.0000	</row1>
			<row2>	-0.4369 0.8990 0.0285 0.0000	</row2>
			<row3>	0.3153 0.0933 -0.1468 1.0000	</row3>
		</transform>
	</node>
	<node>
		<identifier>	MP_AM707_Periscope_short	</identifier>
		<parent>	Rotate_Y	</parent>
		<transform>
			<row0>	1.0000 0.0000 0.0000 0.0000	</row0>
			<row1>	0.0000 1.0000 0.0000 0.0000	</row1>
			<row2>	0.0000 0.0000 1.0000 0.0000	</row2>
			<row3>	0.0711 0.2218 -0.3248 1.0000	</row3>
		</transform>
	</node>
	<node>
		<identifier>	MP_AM707_Periscope_short_INDEX_1	</identifier>
		<parent>	Rotate_Y	</parent>
		<transform>
			<row0>	1.0000 0.0000 0.0000 0.0000	</row0>
			<row1>	0.0000 1.0000 0.0000 0.0000	</row1>
			<row2>	0.0000 0.0000 1.0000 0.0000	</row2>
			<row3>	-0.0711 0.2218 -0.3248 1.0000	</row3>
		</transform>
	</node>
	<node>
		<identifier>	MP_AM708_Periscope_tall	</identifier>
		<parent>	Rotate_Y	</parent>
		<transform>
			<row0>	1.0000 0.0000 0.0000 0.0000	</row0>
			<row1>	0.0000 1.0000 0.0000 0.0000	</row1>
			<row2>	0.0000 0.0000 1.0000 0.0000	</row2>
			<row3>	-0.0711 0.2218 -0.3226 1.0000	</row3>
		</transform>
	</node>
	<node>
		<identifier>	MP_AM708_Periscope_tall_INDEX_1	</identifier>
		<parent>	Rotate_Y	</parent>
		<transform>
			<row0>	1.0000 0.0000 0.0000 0.0000	</row0>
			<row1>	0.0000 1.0000 0.0000 0.0000	</row1>
			<row2>	0.0000 0.0000 1.0000 0.0000	</row2>
			<row3>	0.0711 0.2218 -0.3226 1.0000	</row3>
		</transform>
	</node>
	<node>
		<identifier>	MP_AM829_Ventilation	</identifier>
		<parent>	Rotate_Y	</parent>
		<transform>
			<row0>	1.0000 0.0000 0.0000 0.0000	</row0>
			<row1>	0.0000 1.0000 0.0000 0.0000	</row1>
			<row2>	0.0000 0.0000 1.0000 0.0000	</row2>
			<row3>	0.0000 -0.0203 0.0000 1.0000	</row3>
		</transform>
	</node>
	<node>
		<identifier>	SP_YMS100_YGBS_M_1	</identifier>
		<parent>	Rotate_X	</parent>
		<transform>
			<row0>	1.1000 0.0000 0.0000 0.0000	</row0>
			<row1>	0.0000 1.1000 0.0000 0.0000	</row1>
			<row2>	0.0000 0.0000 1.1000 0.0000	</row2>
			<row3>	-0.1420 0.0000 0.1244 1.0000	</row3>
		</transform>
	</node>
	<node>
		<identifier>	SP_YMS100_YGBS_M_1_INDEX_1	</identifier>
		<parent>	Rotate_X	</parent>
		<transform>
			<row0>	1.1000 0.0000 0.0000 0.0000	</row0>
			<row1>	0.0000 1.1000 0.0000 0.0000	</row1>
			<row2>	0.0000 0.0000 1.1000 0.0000	</row2>
			<row3>	0.0000 0.0000 0.1244 1.0000	</row3>
		</transform>
	</node>
	<node>
		<identifier>	SP_YMS100_YGBS_M_1_INDEX_2	</identifier>
		<parent>	Rotate_X	</parent>
		<transform>
			<row0>	1.1000 0.0000 0.0000 0.0000	</row0>
			<row1>	0.0000 1.1000 0.0000 0.0000	</row1>
			<row2>	0.0000 0.0000 1.1000 0.0000	</row2>
			<row3>	0.1420 0.0000 0.1244 1.0000	</row3>
		</transform>
	</node>
	<node>
		<identifier>	SP_YMS101_YGCS_M_1	</identifier>
		<parent>	Rotate_Y	</parent>
		<transform>
			<row0>	1.1600 0.0000 0.0000 0.0000	</row0>
			<row1>	0.0000 1.1600 0.0000 0.0000	</row1>
			<row2>	0.0000 0.0000 1.1600 0.0000	</row2>
			<row3>	-0.1420 0.0066 0.4353 1.0000	</row3>
		</transform>
	</node>
	<node>
		<identifier>	SP_YMS101_YGCS_M_1_INDEX_2	</identifier>
		<parent>	Rotate_Y	</parent>
		<transform>
			<row0>	1.1600 0.0000 0.0000 0.0000	</row0>
			<row1>	0.0000 1.1600 0.0000 0.0000	</row1>
			<row2>	0.0000 0.0000 1.1600 0.0000	</row2>
			<row3>	0.0000 0.0066 0.4353 1.0000	</row3>
		</transform>
	</node>
	<node>
		<identifier>	SP_YMS101_YGCS_M_1_INDEX_4	</identifier>
		<parent>	Rotate_Y	</parent>
		<transform>
			<row0>	1.1600 0.0000 0.0000 0.0000	</row0>
			<row1>	0.0000 1.1600 0.0000 0.0000	</row1>
			<row2>	0.0000 0.0000 1.1600 0.0000	</row2>
			<row3>	0.1420 0.0066 0.4353 1.0000	</row3>
		</transform>
	</node>
	<node>
		<identifier>	SP_YMS104_YGRS_M_1	</identifier>
		<parent>	Roll_Back1	</parent>
		<transform>
			<row0>	1.1000 0.0000 0.0000 0.0000	</row0>
			<row1>	0.0000 1.1000 0.0000 0.0000	</row1>
			<row2>	0.0000 0.0000 1.1000 0.0000	</row2>
			<row3>	-0.1420 0.0000 0.0000 1.0000	</row3>
		</transform>
	</node>
	<node>
		<identifier>	SP_YMS104_YGRS_M_1_INDEX_1	</identifier>
		<parent>	Roll_Back1	</parent>
		<transform>
			<row0>	1.1000 0.0000 0.0000 0.0000	</row0>
			<row1>	0.0000 1.1000 0.0000 0.0000	</row1>
			<row2>	0.0000 0.0000 1.1000 0.0000	</row2>
			<row3>	0.0000 0.0000 0.0000 1.0000	</row3>
		</transform>
	</node>
	<node>
		<identifier>	SP_YMS104_YGRS_M_1_INDEX_2	</identifier>
		<parent>	Roll_Back1	</parent>
		<transform>
			<row0>	1.1000 0.0000 0.0000 0.0000	</row0>
			<row1>	0.0000 1.1000 0.0000 0.0000	</row1>
			<row2>	0.0000 0.0000 1.1000 0.0000	</row2>
			<row3>	0.1420 0.0000 0.0000 1.0000	</row3>
		</transform>
	</node>
	<node>
		<identifier>	SP_YMS106_YGLL_M_1	</identifier>
		<parent>	Rotate_Y	</parent>
		<transform>
			<row0>	0.8890 -0.4575 -0.0183 0.0000	</row0>
			<row1>	0.4574 0.8892 -0.0080 0.0000	</row1>
			<row2>	0.0200 -0.0012 0.9998 0.0000	</row2>
			<row3>	-0.3059 0.1170 0.0181 1.0000	</row3>
		</transform>
	</node>
	<node>
		<identifier>	SP_YMS107_YGLR_M_1	</identifier>
		<parent>	Rotate_Y	</parent>
		<transform>
			<row0>	0.8890 0.4575 0.0183 0.0000	</row0>
			<row1>	-0.4574 0.8892 -0.0080 0.0000	</row1>
			<row2>	-0.0200 -0.0012 0.9998 0.0000	</row2>
			<row3>	0.3059 0.1170 0.0181 1.0000	</row3>
		</transform>
	</node>
</AGM053_406mm_45_MK7_11.skel_ext>
