<JSB012_Kii_1944_MidBack.skel_ext>
	<exported>	true	</exported>
	<node>
		<identifier>	MP_CM011_Fire_Fighting_Gear	</identifier>
		<parent>	Scene Root	</parent>
		<transform>
			<row0>	0.4617 0.0000 -0.8870 0.0000	</row0>
			<row1>	0.0000 1.0000 0.0000 0.0000	</row1>
			<row2>	0.8870 0.0000 0.4617 0.0000	</row2>
			<row3>	-0.4147 0.3172 -3.5351 1.0000	</row3>
		</transform>
	</node>
	<node>
		<identifier>	MP_CM011_Fire_Fighting_Gear_INDEX_1	</identifier>
		<parent>	Scene Root	</parent>
		<transform>
			<row0>	0.4617 0.0000 0.8870 0.0000	</row0>
			<row1>	0.0000 1.0000 0.0000 0.0000	</row1>
			<row2>	-0.8870 0.0000 0.4617 0.0000	</row2>
			<row3>	0.4147 0.3172 -3.5351 1.0000	</row3>
		</transform>
	</node>
	<node>
		<identifier>	MP_CM013_Fire_Hose_Rack_2	</identifier>
		<parent>	Scene Root	</parent>
		<transform>
			<row0>	0.8870 0.0000 0.4617 0.0000	</row0>
			<row1>	0.0000 1.0000 0.0000 0.0000	</row1>
			<row2>	-0.4617 0.0000 0.8870 0.0000	</row2>
			<row3>	-0.4284 0.3692 -3.4939 1.0000	</row3>
		</transform>
	</node>
	<node>
		<identifier>	MP_CM013_Fire_Hose_Rack_2_INDEX_1	</identifier>
		<parent>	Scene Root	</parent>
		<transform>
			<row0>	-0.6424 0.0000 0.7664 0.0000	</row0>
			<row1>	0.0000 1.0000 0.0000 0.0000	</row1>
			<row2>	-0.7664 0.0000 -0.6424 0.0000	</row2>
			<row3>	0.0682 1.0296 -1.1816 1.0000	</row3>
		</transform>
	</node>
	<node>
		<identifier>	MP_CM013_Fire_Hose_Rack_2_INDEX_2	</identifier>
		<parent>	Scene Root	</parent>
		<transform>
			<row0>	-0.8870 0.0000 0.4617 0.0000	</row0>
			<row1>	0.0000 1.0000 0.0000 0.0000	</row1>
			<row2>	-0.4617 0.0000 -0.8870 0.0000	</row2>
			<row3>	0.4284 0.3692 -3.4939 1.0000	</row3>
		</transform>
	</node>
	<node>
		<identifier>	MP_CM014_Fuel_Oil_Hose	</identifier>
		<parent>	Scene Root	</parent>
		<transform>
			<row0>	1.0000 0.0000 0.0000 0.0000	</row0>
			<row1>	0.0000 1.0000 0.0000 0.0000	</row1>
			<row2>	0.0000 0.0000 1.0000 0.0000	</row2>
			<row3>	-0.7587 0.3866 -2.7658 1.0000	</row3>
		</transform>
	</node>
	<node>
		<identifier>	MP_CM014_Fuel_Oil_Hose_INDEX_1	</identifier>
		<parent>	Scene Root	</parent>
		<transform>
			<row0>	-1.0000 0.0000 0.0000 0.0000	</row0>
			<row1>	0.0000 1.0000 0.0000 0.0000	</row1>
			<row2>	0.0000 0.0000 -1.0000 0.0000	</row2>
			<row3>	0.7587 0.3596 -2.7658 1.0000	</row3>
		</transform>
	</node>
	<node>
		<identifier>	MP_CM014_Fuel_Oil_Hose_INDEX_2	</identifier>
		<parent>	Scene Root	</parent>
		<transform>
			<row0>	-1.0000 0.0000 0.0000 0.0000	</row0>
			<row1>	0.0000 1.0000 0.0000 0.0000	</row1>
			<row2>	0.0000 0.0000 -1.0000 0.0000	</row2>
			<row3>	0.7587 0.3596 -2.5953 1.0000	</row3>
		</transform>
	</node>
	<node>
		<identifier>	MP_CM014_Fuel_Oil_Hose_INDEX_3	</identifier>
		<parent>	Scene Root	</parent>
		<transform>
			<row0>	1.0000 0.0000 0.0000 0.0000	</row0>
			<row1>	0.0000 1.0000 0.0000 0.0000	</row1>
			<row2>	0.0000 0.0000 1.0000 0.0000	</row2>
			<row3>	-0.7587 0.3596 -2.7658 1.0000	</row3>
		</transform>
	</node>
	<node>
		<identifier>	MP_CM014_Fuel_Oil_Hose_INDEX_4	</identifier>
		<parent>	Scene Root	</parent>
		<transform>
			<row0>	-1.0000 0.0000 0.0000 0.0000	</row0>
			<row1>	0.0000 1.0000 0.0000 0.0000	</row1>
			<row2>	0.0000 0.0000 -1.0000 0.0000	</row2>
			<row3>	0.7587 0.3866 -2.7658 1.0000	</row3>
		</transform>
	</node>
	<node>
		<identifier>	MP_CM014_Fuel_Oil_Hose_INDEX_5	</identifier>
		<parent>	Scene Root	</parent>
		<transform>
			<row0>	1.0000 0.0000 0.0000 0.0000	</row0>
			<row1>	0.0000 1.0000 0.0000 0.0000	</row1>
			<row2>	0.0000 0.0000 1.0000 0.0000	</row2>
			<row3>	-0.7587 0.3596 -2.5953 1.0000	</row3>
		</transform>
	</node>
	<node>
		<identifier>	MP_CM014_Fuel_Oil_Hose_INDEX_6	</identifier>
		<parent>	Scene Root	</parent>
		<transform>
			<row0>	0.8846 0.0000 0.4663 0.0000	</row0>
			<row1>	0.0000 1.0000 0.0000 0.0000	</row1>
			<row2>	-0.4663 0.0000 0.8846 0.0000	</row2>
			<row3>	-0.5208 0.3560 -3.3221 1.0000	</row3>
		</transform>
	</node>
	<node>
		<identifier>	MP_CM014_Fuel_Oil_Hose_INDEX_7	</identifier>
		<parent>	Scene Root	</parent>
		<transform>
			<row0>	1.0000 0.0000 0.0000 0.0000	</row0>
			<row1>	0.0000 1.0000 0.0000 0.0000	</row1>
			<row2>	0.0000 0.0000 1.0000 0.0000	</row2>
			<row3>	-0.7587 0.3866 -2.5953 1.0000	</row3>
		</transform>
	</node>
	<node>
		<identifier>	MP_CM014_Fuel_Oil_Hose_INDEX_8	</identifier>
		<parent>	Scene Root	</parent>
		<transform>
			<row0>	-0.8846 0.0000 0.4663 0.0000	</row0>
			<row1>	0.0000 1.0000 0.0000 0.0000	</row1>
			<row2>	-0.4663 0.0000 -0.8846 0.0000	</row2>
			<row3>	0.5208 0.3560 -3.3221 1.0000	</row3>
		</transform>
	</node>
	<node>
		<identifier>	MP_CM014_Fuel_Oil_Hose_INDEX_9	</identifier>
		<parent>	Scene Root	</parent>
		<transform>
			<row0>	-1.0000 0.0000 0.0000 0.0000	</row0>
			<row1>	0.0000 1.0000 0.0000 0.0000	</row1>
			<row2>	0.0000 0.0000 -1.0000 0.0000	</row2>
			<row3>	0.7587 0.3866 -2.5953 1.0000	</row3>
		</transform>
	</node>
	<node>
		<identifier>	MP_CM019_Wood_Box_2	</identifier>
		<parent>	Scene Root	</parent>
		<transform>
			<row0>	0.7912 0.0000 -0.6115 0.0000	</row0>
			<row1>	0.0000 1.0000 0.0000 0.0000	</row1>
			<row2>	0.6115 0.0000 0.7912 0.0000	</row2>
			<row3>	-0.3182 0.5095 -3.3740 1.0000	</row3>
		</transform>
	</node>
	<node>
		<identifier>	MP_CM019_Wood_Box_2_INDEX_1	</identifier>
		<parent>	Scene Root	</parent>
		<transform>
			<row0>	0.7934 0.0000 -0.6088 0.0000	</row0>
			<row1>	0.0000 1.0000 0.0000 0.0000	</row1>
			<row2>	0.6088 0.0000 0.7934 0.0000	</row2>
			<row3>	-0.2990 0.5095 -3.3889 1.0000	</row3>
		</transform>
	</node>
	<node>
		<identifier>	MP_CM023_Accommodation_Ladder_Closed	</identifier>
		<parent>	Scene Root	</parent>
		<transform>
			<row0>	0.9973 0.0000 -0.0740 0.0000	</row0>
			<row1>	0.0000 1.0000 0.0000 0.0000	</row1>
			<row2>	0.0740 0.0000 0.9973 0.0000	</row2>
			<row3>	0.8121 0.3144 -3.7335 1.0000	</row3>
		</transform>
	</node>
	<node>
		<identifier>	MP_CM029_Emergency_Box	</identifier>
		<parent>	Scene Root	</parent>
		<transform>
			<row0>	0.7660 0.0000 0.6428 0.0000	</row0>
			<row1>	0.0000 1.0000 0.0000 0.0000	</row1>
			<row2>	-0.6428 0.0000 0.7660 0.0000	</row2>
			<row3>	0.1224 1.0505 -1.1434 1.0000	</row3>
		</transform>
	</node>
	<node>
		<identifier>	MP_CM029_Emergency_Box_INDEX_1	</identifier>
		<parent>	Scene Root	</parent>
		<transform>
			<row0>	0.4663 0.0000 -0.8846 0.0000	</row0>
			<row1>	0.0000 1.0000 0.0000 0.0000	</row1>
			<row2>	0.8846 0.0000 0.4663 0.0000	</row2>
			<row3>	-0.5325 0.4085 -3.3102 1.0000	</row3>
		</transform>
	</node>
	<node>
		<identifier>	MP_CM029_Emergency_Box_INDEX_2	</identifier>
		<parent>	Scene Root	</parent>
		<transform>
			<row0>	0.4663 0.0000 0.8846 0.0000	</row0>
			<row1>	0.0000 1.0000 0.0000 0.0000	</row1>
			<row2>	-0.8846 0.0000 0.4663 0.0000	</row2>
			<row3>	0.5325 0.4085 -3.3102 1.0000	</row3>
		</transform>
	</node>
	<node>
		<identifier>	MP_CM029_Emergency_Box_INDEX_3	</identifier>
		<parent>	Scene Root	</parent>
		<transform>
			<row0>	0.7660 0.0000 -0.6428 0.0000	</row0>
			<row1>	0.0000 1.0000 0.0000 0.0000	</row1>
			<row2>	0.6428 0.0000 0.7660 0.0000	</row2>
			<row3>	-0.1224 1.0505 -1.1434 1.0000	</row3>
		</transform>
	</node>
	<node>
		<identifier>	MP_CM035_Accommodation_Ladder_Closed_L	</identifier>
		<parent>	Scene Root	</parent>
		<transform>
			<row0>	0.9973 0.0000 0.0740 0.0000	</row0>
			<row1>	0.0000 1.0000 0.0000 0.0000	</row1>
			<row2>	-0.0740 0.0000 0.9973 0.0000	</row2>
			<row3>	-0.8121 0.3144 -3.7335 1.0000	</row3>
		</transform>
	</node>
	<node>
		<identifier>	MP_CM051_Fire_Fighting_Gear	</identifier>
		<parent>	Scene Root	</parent>
		<transform>
			<row0>	0.6424 0.0000 -0.7664 0.0000	</row0>
			<row1>	-0.7664 0.0000 -0.6424 0.0000	</row1>
			<row2>	0.0000 1.0000 0.0000 0.0000	</row2>
			<row3>	0.0659 0.9716 -1.1822 1.0000	</row3>
		</transform>
	</node>
	<node>
		<identifier>	MP_CM126_Cleat	</identifier>
		<parent>	Scene Root	</parent>
		<transform>
			<row0>	-0.9000 0.0000 0.0000 0.0000	</row0>
			<row1>	0.0000 0.9000 0.0000 0.0000	</row1>
			<row2>	0.0000 0.0000 -0.9000 0.0000	</row2>
			<row3>	-0.0043 1.8639 -0.9641 1.0000	</row3>
		</transform>
	</node>
	<node>
		<identifier>	MP_CM126_Cleat_INDEX_1	</identifier>
		<parent>	Scene Root	</parent>
		<transform>
			<row0>	-0.9000 0.0000 0.0000 0.0000	</row0>
			<row1>	0.0000 0.9000 0.0000 0.0000	</row1>
			<row2>	0.0000 0.0000 -0.9000 0.0000	</row2>
			<row3>	0.0043 1.8639 -0.9635 1.0000	</row3>
		</transform>
	</node>
	<node>
		<identifier>	MP_JM004_Searchlight_Control_2	</identifier>
		<parent>	Scene Root	</parent>
		<transform>
			<row0>	0.0000 0.0000 -1.0000 0.0000	</row0>
			<row1>	0.0000 1.0000 0.0000 0.0000	</row1>
			<row2>	1.0000 0.0000 0.0000 0.0000	</row2>
			<row3>	-0.1558 1.6004 -1.0156 1.0000	</row3>
		</transform>
	</node>
	<node>
		<identifier>	MP_JM004_Searchlight_Control_2_INDEX_1	</identifier>
		<parent>	Scene Root	</parent>
		<transform>
			<row0>	0.0000 0.0000 1.0000 0.0000	</row0>
			<row1>	0.0000 1.0000 0.0000 0.0000	</row1>
			<row2>	-1.0000 0.0000 0.0000 0.0000	</row2>
			<row3>	0.1558 1.6004 -1.0156 1.0000	</row3>
		</transform>
	</node>
	<node>
		<identifier>	MP_JM013_Reels_1	</identifier>
		<parent>	Scene Root	</parent>
		<transform>
			<row0>	-0.8500 0.0000 0.0000 0.0000	</row0>
			<row1>	0.0000 0.8500 -0.0059 0.0000	</row1>
			<row2>	0.0000 -0.0059 -0.8500 0.0000	</row2>
			<row3>	-0.5069 0.5168 -1.8193 1.0000	</row3>
		</transform>
	</node>
	<node>
		<identifier>	MP_JM013_Reels_1_INDEX_1	</identifier>
		<parent>	Scene Root	</parent>
		<transform>
			<row0>	0.8500 0.0000 0.0000 0.0000	</row0>
			<row1>	0.0000 0.8500 -0.0059 0.0000	</row1>
			<row2>	0.0000 0.0059 0.8500 0.0000	</row2>
			<row3>	0.5069 0.5168 -1.8193 1.0000	</row3>
		</transform>
	</node>
	<node>
		<identifier>	MP_JM032_Electric_Deck_Winch	</identifier>
		<parent>	Scene Root	</parent>
		<transform>
			<row0>	-1.0000 0.0000 0.0000 0.0000	</row0>
			<row1>	0.0000 1.0000 0.0000 0.0000	</row1>
			<row2>	0.0000 0.0000 -1.0000 0.0000	</row2>
			<row3>	0.1085 0.5238 -0.7900 1.0000	</row3>
		</transform>
	</node>
	<node>
		<identifier>	MP_JM032_Electric_Deck_Winch_INDEX_1	</identifier>
		<parent>	Scene Root	</parent>
		<transform>
			<row0>	-1.0000 0.0000 0.0000 0.0000	</row0>
			<row1>	0.0000 1.0000 0.0000 0.0000	</row1>
			<row2>	0.0000 0.0000 -1.0000 0.0000	</row2>
			<row3>	-0.1085 0.5238 -0.7900 1.0000	</row3>
		</transform>
	</node>
	<node>
		<identifier>	MP_JM059_Deck_Hatch_8	</identifier>
		<parent>	Scene Root	</parent>
		<transform>
			<row0>	1.0000 0.0000 0.0000 0.0000	</row0>
			<row1>	0.0000 1.0000 0.0000 0.0000	</row1>
			<row2>	0.0000 0.0000 1.0000 0.0000	</row2>
			<row3>	0.0000 1.8622 -0.8282 1.0000	</row3>
		</transform>
	</node>
	<node>
		<identifier>	MP_JM061_Deck_Hatch_10	</identifier>
		<parent>	Scene Root	</parent>
		<transform>
			<row0>	0.0000 0.0000 1.0000 0.0000	</row0>
			<row1>	0.0000 1.0000 0.0000 0.0000	</row1>
			<row2>	-1.0000 0.0000 0.0000 0.0000	</row2>
			<row3>	-0.4701 0.5119 -2.5314 1.0000	</row3>
		</transform>
	</node>
	<node>
		<identifier>	MP_JM061_Deck_Hatch_10_INDEX_1	</identifier>
		<parent>	Scene Root	</parent>
		<transform>
			<row0>	0.0000 0.0000 1.0000 0.0000	</row0>
			<row1>	0.0000 1.0000 0.0000 0.0000	</row1>
			<row2>	-1.0000 0.0000 0.0000 0.0000	</row2>
			<row3>	0.4701 0.5119 -2.5314 1.0000	</row3>
		</transform>
	</node>
	<node>
		<identifier>	MP_JM111_Deck_Hatch_13	</identifier>
		<parent>	Scene Root	</parent>
		<transform>
			<row0>	-1.0000 0.0000 0.0000 0.0000	</row0>
			<row1>	0.0000 1.0000 0.0000 0.0000	</row1>
			<row2>	0.0000 0.0000 -1.0000 0.0000	</row2>
			<row3>	0.3605 0.5082 -3.3196 1.0000	</row3>
		</transform>
	</node>
	<node>
		<identifier>	MP_JM111_Deck_Hatch_13_INDEX_1	</identifier>
		<parent>	Scene Root	</parent>
		<transform>
			<row0>	-1.0000 0.0000 0.0000 0.0000	</row0>
			<row1>	0.0000 1.0000 0.0000 0.0000	</row1>
			<row2>	0.0000 0.0000 -1.0000 0.0000	</row2>
			<row3>	0.3605 0.5193 -1.4510 1.0000	</row3>
		</transform>
	</node>
	<node>
		<identifier>	MP_JM125_Signal_Lamp_3	</identifier>
		<parent>	Scene Root	</parent>
		<transform>
			<row0>	1.0000 0.0000 0.0000 0.0000	</row0>
			<row1>	0.0000 1.0000 0.0000 0.0000	</row1>
			<row2>	0.0000 0.0000 1.0000 0.0000	</row2>
			<row3>	-0.2131 2.7215 -0.8752 1.0000	</row3>
		</transform>
	</node>
	<node>
		<identifier>	MP_JM125_Signal_Lamp_3_INDEX_1	</identifier>
		<parent>	Scene Root	</parent>
		<transform>
			<row0>	1.0000 0.0000 0.0000 0.0000	</row0>
			<row1>	0.0000 1.0000 0.0000 0.0000	</row1>
			<row2>	0.0000 0.0000 1.0000 0.0000	</row2>
			<row3>	0.2131 2.7215 -0.8752 1.0000	</row3>
		</transform>
	</node>
	<node>
		<identifier>	MP_JM135_Runway_Lights_Back	</identifier>
		<parent>	Scene Root	</parent>
		<transform>
			<row0>	1.0000 0.0000 0.0000 0.0000	</row0>
			<row1>	0.0000 1.0000 0.0000 0.0000	</row1>
			<row2>	0.0000 0.0000 1.0000 0.0000	</row2>
			<row3>	0.0000 1.5577 -1.3781 1.0000	</row3>
		</transform>
	</node>
	<node>
		<identifier>	MP_JM172_Binoculars_Bridge	</identifier>
		<parent>	Scene Root	</parent>
		<transform>
			<row0>	-1.0000 0.0000 0.0000 0.0000	</row0>
			<row1>	0.0000 1.0000 0.0000 0.0000	</row1>
			<row2>	0.0000 0.0000 -1.0000 0.0000	</row2>
			<row3>	0.0000 1.1672 -1.3078 1.0000	</row3>
		</transform>
	</node>
	<node>
		<identifier>	MP_JM172_Binoculars_Bridge_INDEX_1	</identifier>
		<parent>	Scene Root	</parent>
		<transform>
			<row0>	-0.7071 0.0000 -0.7071 0.0000	</row0>
			<row1>	0.0000 1.0000 0.0000 0.0000	</row1>
			<row2>	0.7071 0.0000 -0.7071 0.0000	</row2>
			<row3>	0.1278 1.1672 -1.2681 1.0000	</row3>
		</transform>
	</node>
	<node>
		<identifier>	MP_JM172_Binoculars_Bridge_INDEX_2	</identifier>
		<parent>	Scene Root	</parent>
		<transform>
			<row0>	-0.7071 0.0000 0.7071 0.0000	</row0>
			<row1>	0.0000 1.0000 0.0000 0.0000	</row1>
			<row2>	-0.7071 0.0000 -0.7071 0.0000	</row2>
			<row3>	-0.1278 1.1672 -1.2681 1.0000	</row3>
		</transform>
	</node>
	<node>
		<identifier>	MP_JM191_SanBox	</identifier>
		<parent>	Scene Root	</parent>
		<transform>
			<row0>	-0.9239 0.0000 -0.3827 0.0000	</row0>
			<row1>	0.0000 1.0000 0.0000 0.0000	</row1>
			<row2>	0.3827 0.0000 -0.9239 0.0000	</row2>
			<row3>	0.1243 0.3126 -3.9768 1.0000	</row3>
		</transform>
	</node>
	<node>
		<identifier>	MP_JM191_SanBox_INDEX_1	</identifier>
		<parent>	Scene Root	</parent>
		<transform>
			<row0>	-0.1305 0.0000 0.9914 0.0000	</row0>
			<row1>	0.0000 1.0000 0.0000 0.0000	</row1>
			<row2>	-0.9914 0.0000 -0.1305 0.0000	</row2>
			<row3>	-0.3752 0.3153 -3.6692 1.0000	</row3>
		</transform>
	</node>
	<node>
		<identifier>	MP_JM191_SanBox_INDEX_2	</identifier>
		<parent>	Scene Root	</parent>
		<transform>
			<row0>	-0.7934 0.0000 -0.6088 0.0000	</row0>
			<row1>	0.0000 1.0000 0.0000 0.0000	</row1>
			<row2>	0.6088 0.0000 -0.7934 0.0000	</row2>
			<row3>	0.2309 0.5164 -2.0998 1.0000	</row3>
		</transform>
	</node>
	<node>
		<identifier>	MP_JM191_SanBox_INDEX_3	</identifier>
		<parent>	Scene Root	</parent>
		<transform>
			<row0>	-0.6088 0.0000 0.7934 0.0000	</row0>
			<row1>	0.0000 1.0000 0.0000 0.0000	</row1>
			<row2>	-0.7934 0.0000 -0.6088 0.0000	</row2>
			<row3>	-0.2999 0.5166 -2.0305 1.0000	</row3>
		</transform>
	</node>
	<node>
		<identifier>	MP_JM191_SanBox_INDEX_4	</identifier>
		<parent>	Scene Root	</parent>
		<transform>
			<row0>	-0.6088 0.0000 -0.7934 0.0000	</row0>
			<row1>	0.0000 1.0000 0.0000 0.0000	</row1>
			<row2>	0.7934 0.0000 -0.6088 0.0000	</row2>
			<row3>	0.2999 0.5166 -2.0305 1.0000	</row3>
		</transform>
	</node>
	<node>
		<identifier>	MP_JM191_SanBox_INDEX_5	</identifier>
		<parent>	Scene Root	</parent>
		<transform>
			<row0>	-0.9239 0.0000 -0.3827 0.0000	</row0>
			<row1>	0.0000 1.0000 0.0000 0.0000	</row1>
			<row2>	0.3827 0.0000 -0.9239 0.0000	</row2>
			<row3>	0.1691 0.3126 -3.9583 1.0000	</row3>
		</transform>
	</node>
	<node>
		<identifier>	MP_JM191_SanBox_INDEX_6	</identifier>
		<parent>	Scene Root	</parent>
		<transform>
			<row0>	-0.7934 0.0000 0.6088 0.0000	</row0>
			<row1>	0.0000 1.0000 0.0000 0.0000	</row1>
			<row2>	-0.6088 0.0000 -0.7934 0.0000	</row2>
			<row3>	-0.2309 0.5164 -2.0998 1.0000	</row3>
		</transform>
	</node>
	<node>
		<identifier>	MP_JM202_Fender	</identifier>
		<parent>	Scene Root	</parent>
		<transform>
			<row0>	0.0000 0.0000 1.0000 0.0000	</row0>
			<row1>	0.0000 1.0000 0.0000 0.0000	</row1>
			<row2>	-1.0000 0.0000 0.0000 0.0000	</row2>
			<row3>	0.3703 0.5169 -0.7730 1.0000	</row3>
		</transform>
	</node>
	<node>
		<identifier>	MP_JM202_Fender_INDEX_1	</identifier>
		<parent>	Scene Root	</parent>
		<transform>
			<row0>	0.0000 0.0000 1.0000 0.0000	</row0>
			<row1>	0.0000 1.0000 0.0000 0.0000	</row1>
			<row2>	-1.0000 0.0000 0.0000 0.0000	</row2>
			<row3>	-0.3703 0.5169 -0.7730 1.0000	</row3>
		</transform>
	</node>
	<node>
		<identifier>	MP_JM215_Day_Light_Wind_Intensity	</identifier>
		<parent>	Scene Root	</parent>
		<transform>
			<row0>	1.0000 0.0000 0.0000 0.0000	</row0>
			<row1>	0.0000 1.0000 0.0000 0.0000	</row1>
			<row2>	0.0000 0.0000 1.0000 0.0000	</row2>
			<row3>	0.0000 3.1720 -0.8956 1.0000	</row3>
		</transform>
	</node>
	<node>
		<identifier>	MP_JM224_Searchlight_Control	</identifier>
		<parent>	Scene Root	</parent>
		<transform>
			<row0>	-1.0000 0.0000 0.0000 0.0000	</row0>
			<row1>	0.0000 1.0000 0.0000 0.0000	</row1>
			<row2>	0.0000 0.0000 -1.0000 0.0000	</row2>
			<row3>	0.0000 1.6005 -1.3134 1.0000	</row3>
		</transform>
	</node>
	<node>
		<identifier>	MP_JM267_Wall_ring	</identifier>
		<parent>	Scene Root	</parent>
		<transform>
			<row0>	1.4350 0.0000 -2.7479 0.0000	</row0>
			<row1>	0.0000 3.1000 0.0000 0.0000	</row1>
			<row2>	2.7479 0.0000 1.4350 0.0000	</row2>
			<row3>	-0.3762 0.4381 -3.5932 1.0000	</row3>
		</transform>
	</node>
	<node>
		<identifier>	MP_JM267_Wall_ring_INDEX_1	</identifier>
		<parent>	Scene Root	</parent>
		<transform>
			<row0>	1.4350 0.0000 2.7479 0.0000	</row0>
			<row1>	0.0000 3.1000 0.0000 0.0000	</row1>
			<row2>	-2.7479 0.0000 1.4350 0.0000	</row2>
			<row3>	0.3733 0.4381 -3.5988 1.0000	</row3>
		</transform>
	</node>
	<node>
		<identifier>	MP_JM267_Wall_ring_INDEX_2	</identifier>
		<parent>	Scene Root	</parent>
		<transform>
			<row0>	1.4350 0.0000 2.7479 0.0000	</row0>
			<row1>	0.0000 3.1000 0.0000 0.0000	</row1>
			<row2>	-2.7479 0.0000 1.4350 0.0000	</row2>
			<row3>	0.3826 0.4381 -3.5809 1.0000	</row3>
		</transform>
	</node>
	<node>
		<identifier>	MP_JM267_Wall_ring_INDEX_3	</identifier>
		<parent>	Scene Root	</parent>
		<transform>
			<row0>	1.4350 0.0000 -2.7479 0.0000	</row0>
			<row1>	0.0000 3.1000 0.0000 0.0000	</row1>
			<row2>	2.7479 0.0000 1.4350 0.0000	</row2>
			<row3>	-0.3855 0.4381 -3.5753 1.0000	</row3>
		</transform>
	</node>
	<node>
		<identifier>	MP_JM281_Crane	</identifier>
		<parent>	Scene Root	</parent>
		<transform>
			<row0>	-0.8850 0.0000 -0.4656 0.0000	</row0>
			<row1>	0.0000 1.0000 0.0000 0.0000	</row1>
			<row2>	0.4656 0.0000 -0.8850 0.0000	</row2>
			<row3>	-0.4644 0.4150 -3.4356 1.0000	</row3>
		</transform>
	</node>
	<node>
		<identifier>	MP_JM281_Crane_INDEX_1	</identifier>
		<parent>	Scene Root	</parent>
		<transform>
			<row0>	-0.8850 0.0000 0.4656 0.0000	</row0>
			<row1>	0.0000 1.0000 0.0000 0.0000	</row1>
			<row2>	-0.4656 0.0000 -0.8850 0.0000	</row2>
			<row3>	0.4644 0.4150 -3.4356 1.0000	</row3>
		</transform>
	</node>
	<node>
		<identifier>	MP_JM304_Running_Lights_B	</identifier>
		<parent>	Scene Root	</parent>
		<transform>
			<row0>	-1.0000 0.0000 0.0000 0.0000	</row0>
			<row1>	0.0000 1.0000 0.0000 0.0000	</row1>
			<row2>	0.0000 0.0000 -1.0000 0.0000	</row2>
			<row3>	0.0149 2.7364 -0.8742 1.0000	</row3>
		</transform>
	</node>
	<node>
		<identifier>	MP_JM368_Life_Buoy	</identifier>
		<parent>	Scene Root	</parent>
		<transform>
			<row0>	0.0580 0.0000 -0.9983 0.0000	</row0>
			<row1>	0.0000 1.0000 0.0000 0.0000	</row1>
			<row2>	0.9983 0.0000 0.0580 0.0000	</row2>
			<row3>	-0.9822 0.3897 -2.6609 1.0000	</row3>
		</transform>
	</node>
	<node>
		<identifier>	MP_JM368_Life_Buoy_INDEX_1	</identifier>
		<parent>	Scene Root	</parent>
		<transform>
			<row0>	0.0580 0.0000 0.9983 0.0000	</row0>
			<row1>	0.0000 1.0000 0.0000 0.0000	</row1>
			<row2>	-0.9983 0.0000 0.0580 0.0000	</row2>
			<row3>	0.9822 0.3897 -2.6609 1.0000	</row3>
		</transform>
	</node>
	<node>
		<identifier>	SP_YMS011_YHWL_M_1_INDEX_10	</identifier>
		<parent>	Scene Root	</parent>
		<transform>
			<row0>	0.9998 0.0000 -0.0209 0.0000	</row0>
			<row1>	0.0000 1.0000 0.0000 0.0000	</row1>
			<row2>	0.0209 0.0000 0.9998 0.0000	</row2>
			<row3>	-1.0040 0.0000 -1.4367 1.0000	</row3>
		</transform>
	</node>
	<node>
		<identifier>	SP_YMS011_YHWL_M_1_INDEX_11	</identifier>
		<parent>	Scene Root	</parent>
		<transform>
			<row0>	1.0000 0.0000 0.0000 0.0000	</row0>
			<row1>	0.0000 1.0000 0.0000 0.0000	</row1>
			<row2>	0.0000 0.0000 1.0000 0.0000	</row2>
			<row3>	-0.9860 0.0000 -2.2844 1.0000	</row3>
		</transform>
	</node>
	<node>
		<identifier>	SP_YMS011_YHWL_M_1_INDEX_12	</identifier>
		<parent>	Scene Root	</parent>
		<transform>
			<row0>	0.9997 0.0000 0.0237 0.0000	</row0>
			<row1>	0.0000 1.0000 0.0000 0.0000	</row1>
			<row2>	-0.0237 0.0000 0.9997 0.0000	</row2>
			<row3>	-0.9391 0.0000 -3.1346 1.0000	</row3>
		</transform>
	</node>
	<node>
		<identifier>	SP_YMS011_YHWL_M_1_INDEX_13	</identifier>
		<parent>	Scene Root	</parent>
		<transform>
			<row0>	0.9981 0.0000 0.0619 0.0000	</row0>
			<row1>	0.0000 1.0000 0.0000 0.0000	</row1>
			<row2>	-0.0619 0.0000 0.9981 0.0000	</row2>
			<row3>	-0.8706 0.0000 -3.9834 1.0000	</row3>
		</transform>
	</node>
	<node>
		<identifier>	SP_YMS011_YHWL_M_1_INDEX_9	</identifier>
		<parent>	Scene Root	</parent>
		<transform>
			<row0>	0.9987 0.0000 -0.0504 0.0000	</row0>
			<row1>	0.0000 1.0000 0.0000 0.0000	</row1>
			<row2>	0.0504 0.0000 0.9987 0.0000	</row2>
			<row3>	-1.0082 0.0000 -0.5879 1.0000	</row3>
		</transform>
	</node>
	<node>
		<identifier>	SP_YMS012_YHWR_M_1_INDEX_10	</identifier>
		<parent>	Scene Root	</parent>
		<transform>
			<row0>	0.9998 0.0000 0.0209 0.0000	</row0>
			<row1>	0.0000 1.0000 0.0000 0.0000	</row1>
			<row2>	-0.0209 0.0000 0.9998 0.0000	</row2>
			<row3>	1.0040 0.0000 -1.4367 1.0000	</row3>
		</transform>
	</node>
	<node>
		<identifier>	SP_YMS012_YHWR_M_1_INDEX_11	</identifier>
		<parent>	Scene Root	</parent>
		<transform>
			<row0>	1.0000 0.0000 0.0000 0.0000	</row0>
			<row1>	0.0000 1.0000 0.0000 0.0000	</row1>
			<row2>	0.0000 0.0000 1.0000 0.0000	</row2>
			<row3>	0.9860 0.0000 -2.2844 1.0000	</row3>
		</transform>
	</node>
	<node>
		<identifier>	SP_YMS012_YHWR_M_1_INDEX_12	</identifier>
		<parent>	Scene Root	</parent>
		<transform>
			<row0>	0.9997 0.0000 -0.0237 0.0000	</row0>
			<row1>	0.0000 1.0000 0.0000 0.0000	</row1>
			<row2>	0.0237 0.0000 0.9997 0.0000	</row2>
			<row3>	0.9391 0.0000 -3.1346 1.0000	</row3>
		</transform>
	</node>
	<node>
		<identifier>	SP_YMS012_YHWR_M_1_INDEX_13	</identifier>
		<parent>	Scene Root	</parent>
		<transform>
			<row0>	0.9981 0.0000 -0.0619 0.0000	</row0>
			<row1>	0.0000 1.0000 0.0000 0.0000	</row1>
			<row2>	0.0619 0.0000 0.9981 0.0000	</row2>
			<row3>	0.8706 0.0000 -3.9834 1.0000	</row3>
		</transform>
	</node>
	<node>
		<identifier>	SP_YMS012_YHWR_M_1_INDEX_9	</identifier>
		<parent>	Scene Root	</parent>
		<transform>
			<row0>	0.9987 0.0000 0.0504 0.0000	</row0>
			<row1>	0.0000 1.0000 0.0000 0.0000	</row1>
			<row2>	-0.0504 0.0000 0.9987 0.0000	</row2>
			<row3>	1.0082 0.0000 -0.5879 1.0000	</row3>
		</transform>
	</node>
	<node>
		<identifier>	SP_YMS021_YHUC_S_1_INDEX_1	</identifier>
		<parent>	Scene Root	</parent>
		<transform>
			<row0>	-0.1318 -1.4942 0.0000 0.0000	</row0>
			<row1>	1.4913 -0.1315 -0.0942 0.0000	</row1>
			<row2>	0.0938 -0.0083 1.4970 0.0000	</row2>
			<row3>	1.0034 -0.3189 -1.6634 1.0000	</row3>
		</transform>
	</node>
	<node>
		<identifier>	SP_YMS021_YHUC_S_1_INDEX_6	</identifier>
		<parent>	Scene Root	</parent>
		<transform>
			<row0>	-0.3915 1.4480 0.0040 0.0000	</row0>
			<row1>	-1.4376 -0.3882 -0.1803 0.0000	</row1>
			<row2>	-0.1730 -0.0509 1.4891 0.0000	</row2>
			<row3>	-0.9215 -0.3964 -2.5762 1.0000	</row3>
		</transform>
	</node>
	<node>
		<identifier>	SP_YMS021_YHUC_S_1_INDEX_7	</identifier>
		<parent>	Scene Root	</parent>
		<transform>
			<row0>	-0.1318 1.4942 0.0000 0.0000	</row0>
			<row1>	-1.4913 -0.1315 -0.0942 0.0000	</row1>
			<row2>	-0.0938 -0.0083 1.4970 0.0000	</row2>
			<row3>	-1.0034 -0.3189 -1.6634 1.0000	</row3>
		</transform>
	</node>
	<node>
		<identifier>	SP_YMS021_YHUC_S_1_INDEX_9	</identifier>
		<parent>	Scene Root	</parent>
		<transform>
			<row0>	-0.3915 -1.4480 -0.0040 0.0000	</row0>
			<row1>	1.4376 -0.3882 -0.1803 0.0000	</row1>
			<row2>	0.1730 -0.0509 1.4891 0.0000	</row2>
			<row3>	0.9215 -0.3964 -2.5762 1.0000	</row3>
		</transform>
	</node>
	<node>
		<identifier>	SP_YMS022_YHUS_L_1_INDEX_4	</identifier>
		<parent>	Scene Root	</parent>
		<transform>
			<row0>	0.1180 0.0048 -1.1942 0.0000	</row0>
			<row1>	-0.7839 0.9056 -0.0738 0.0000	</row1>
			<row2>	0.9009 0.7873 0.0921 0.0000	</row2>
			<row3>	-0.5888 -0.4888 -3.6851 1.0000	</row3>
		</transform>
	</node>
	<node>
		<identifier>	SP_YMS022_YHUS_L_1_INDEX_5	</identifier>
		<parent>	Scene Root	</parent>
		<transform>
			<row0>	0.1180 -0.0048 1.1942 0.0000	</row0>
			<row1>	0.7839 0.9056 -0.0738 0.0000	</row1>
			<row2>	-0.9009 0.7873 0.0921 0.0000	</row2>
			<row3>	0.5888 -0.4888 -3.6851 1.0000	</row3>
		</transform>
	</node>
	<node>
		<identifier>	SP_YMS053_YHDC_S_1_INDEX_10	</identifier>
		<parent>	Scene Root	</parent>
		<transform>
			<row0>	1.0000 0.0000 0.0000 0.0000	</row0>
			<row1>	0.0000 1.0000 0.0000 0.0000	</row1>
			<row2>	0.0000 0.0000 1.0000 0.0000	</row2>
			<row3>	-0.4709 0.5268 -2.7453 1.0000	</row3>
		</transform>
	</node>
	<node>
		<identifier>	SP_YMS053_YHDC_S_1_INDEX_11	</identifier>
		<parent>	Scene Root	</parent>
		<transform>
			<row0>	1.0000 0.0000 0.0000 0.0000	</row0>
			<row1>	0.0000 1.0000 0.0000 0.0000	</row1>
			<row2>	0.0000 0.0000 1.0000 0.0000	</row2>
			<row3>	0.4709 0.5268 -2.7453 1.0000	</row3>
		</transform>
	</node>
	<node>
		<identifier>	SP_YMS053_YHDC_S_1_INDEX_8	</identifier>
		<parent>	Scene Root	</parent>
		<transform>
			<row0>	1.0000 0.0000 0.0000 0.0000	</row0>
			<row1>	0.0000 1.0000 0.0000 0.0000	</row1>
			<row2>	0.0000 0.0000 1.0000 0.0000	</row2>
			<row3>	-0.7575 0.5355 -1.1813 1.0000	</row3>
		</transform>
	</node>
	<node>
		<identifier>	SP_YMS053_YHDC_S_1_INDEX_9	</identifier>
		<parent>	Scene Root	</parent>
		<transform>
			<row0>	1.0000 0.0000 0.0000 0.0000	</row0>
			<row1>	0.0000 1.0000 0.0000 0.0000	</row1>
			<row2>	0.0000 0.0000 1.0000 0.0000	</row2>
			<row3>	0.7575 0.5355 -1.1813 1.0000	</row3>
		</transform>
	</node>
	<node>
		<identifier>	SP_YMS063_YHGQ_S_1_INDEX_10	</identifier>
		<parent>	Scene Root	</parent>
		<transform>
			<row0>	0.7518 0.0000 0.2736 0.0000	</row0>
			<row1>	0.0000 0.8000 0.0000 0.0000	</row1>
			<row2>	-0.2736 0.0000 0.7518 0.0000	</row2>
			<row3>	0.2347 1.0349 -1.2381 1.0000	</row3>
		</transform>
	</node>
	<node>
		<identifier>	SP_YMS063_YHGQ_S_1_INDEX_5	</identifier>
		<parent>	Scene Root	</parent>
		<transform>
			<row0>	-0.5657 0.0000 -0.5657 0.0000	</row0>
			<row1>	0.0000 0.8000 0.0000 0.0000	</row1>
			<row2>	0.5657 0.0000 -0.5657 0.0000	</row2>
			<row3>	-0.1560 1.2359 -0.9812 1.0000	</row3>
		</transform>
	</node>
	<node>
		<identifier>	SP_YMS063_YHGQ_S_1_INDEX_6	</identifier>
		<parent>	Scene Root	</parent>
		<transform>
			<row0>	-0.5657 0.0000 0.5657 0.0000	</row0>
			<row1>	0.0000 0.8000 0.0000 0.0000	</row1>
			<row2>	-0.5657 0.0000 -0.5657 0.0000	</row2>
			<row3>	0.1560 1.2359 -0.9812 1.0000	</row3>
		</transform>
	</node>
	<node>
		<identifier>	SP_YMS063_YHGQ_S_1_INDEX_7	</identifier>
		<parent>	Scene Root	</parent>
		<transform>
			<row0>	0.3746 0.0000 -0.9272 0.0000	</row0>
			<row1>	0.0000 1.0000 0.0000 0.0000	</row1>
			<row2>	0.9272 0.0000 0.3746 0.0000	</row2>
			<row3>	0.0000 1.5974 -1.1116 1.0000	</row3>
		</transform>
	</node>
	<node>
		<identifier>	SP_YMS063_YHGQ_S_1_INDEX_8	</identifier>
		<parent>	Scene Root	</parent>
		<transform>
			<row0>	0.3746 0.0000 0.9272 0.0000	</row0>
			<row1>	0.0000 1.0000 0.0000 0.0000	</row1>
			<row2>	-0.9272 0.0000 0.3746 0.0000	</row2>
			<row3>	0.0000 1.5974 -1.1116 1.0000	</row3>
		</transform>
	</node>
	<node>
		<identifier>	SP_YMS063_YHGQ_S_1_INDEX_9	</identifier>
		<parent>	Scene Root	</parent>
		<transform>
			<row0>	0.7518 0.0000 -0.2736 0.0000	</row0>
			<row1>	0.0000 0.8000 0.0000 0.0000	</row1>
			<row2>	0.2736 0.0000 0.7518 0.0000	</row2>
			<row3>	-0.2347 1.0349 -1.2381 1.0000	</row3>
		</transform>
	</node>
	<node>
		<identifier>	SP_YMS080_YHSL_M_1_INDEX_1	</identifier>
		<parent>	Scene Root	</parent>
		<transform>
			<row0>	0.7981 0.0378 0.0402 0.0000	</row0>
			<row1>	-0.0377 0.7991 -0.0019 0.0000	</row1>
			<row2>	-0.0402 0.0000 0.7990 0.0000	</row2>
			<row3>	-0.9807 0.2181 -2.2468 1.0000	</row3>
		</transform>
	</node>
	<node>
		<identifier>	SP_YMS081_YHSR_M_1_INDEX_1	</identifier>
		<parent>	Scene Root	</parent>
		<transform>
			<row0>	0.7981 -0.0378 -0.0402 0.0000	</row0>
			<row1>	0.0377 0.7991 -0.0019 0.0000	</row1>
			<row2>	0.0402 0.0000 0.7990 0.0000	</row2>
			<row3>	0.9807 0.2181 -2.2468 1.0000	</row3>
		</transform>
	</node>
	<node>
		<identifier>	SP_YMS083_YHSC_L_1_INDEX_6	</identifier>
		<parent>	Scene Root	</parent>
		<transform>
			<row0>	0.0070 0.0000 -1.0000 0.0000	</row0>
			<row1>	0.0000 1.0000 0.0000 0.0000	</row1>
			<row2>	1.0000 0.0000 0.0070 0.0000	</row2>
			<row3>	-1.0232 0.5102 -1.0967 1.0000	</row3>
		</transform>
	</node>
	<node>
		<identifier>	SP_YMS083_YHSC_L_1_INDEX_7	</identifier>
		<parent>	Scene Root	</parent>
		<transform>
			<row0>	0.0070 0.0000 1.0000 0.0000	</row0>
			<row1>	0.0000 1.0000 0.0000 0.0000	</row1>
			<row2>	-1.0000 0.0000 0.0070 0.0000	</row2>
			<row3>	1.0232 0.5102 -1.0967 1.0000	</row3>
		</transform>
	</node>
	<node>
		<identifier>	SP_YMS083_YHSC_L_1_INDEX_8	</identifier>
		<parent>	Scene Root	</parent>
		<transform>
			<row0>	0.0450 0.0000 -0.6585 0.0000	</row0>
			<row1>	0.0083 0.6599 0.0005 0.0000	</row1>
			<row2>	0.6584 -0.0083 0.0450 0.0000	</row2>
			<row3>	-0.9415 0.3121 -3.3372 1.0000	</row3>
		</transform>
	</node>
	<node>
		<identifier>	SP_YMS083_YHSC_L_1_INDEX_9	</identifier>
		<parent>	Scene Root	</parent>
		<transform>
			<row0>	0.0450 0.0000 0.6585 0.0000	</row0>
			<row1>	-0.0083 0.6599 0.0005 0.0000	</row1>
			<row2>	-0.6584 -0.0083 0.0450 0.0000	</row2>
			<row3>	0.9415 0.3121 -3.3372 1.0000	</row3>
		</transform>
	</node>
	<node>
		<identifier>	SP_YMS084_YHSC_L_2_INDEX_4	</identifier>
		<parent>	Scene Root	</parent>
		<transform>
			<row0>	0.0470 0.0000 -0.6583 0.0000	</row0>
			<row1>	-0.0331 0.6592 -0.0023 0.0000	</row1>
			<row2>	0.6575 0.0332 0.0470 0.0000	</row2>
			<row3>	-0.9084 0.3130 -3.8087 1.0000	</row3>
		</transform>
	</node>
	<node>
		<identifier>	SP_YMS084_YHSC_L_2_INDEX_5	</identifier>
		<parent>	Scene Root	</parent>
		<transform>
			<row0>	0.0470 0.0000 0.6583 0.0000	</row0>
			<row1>	0.0331 0.6592 -0.0023 0.0000	</row1>
			<row2>	-0.6575 0.0332 0.0470 0.0000	</row2>
			<row3>	0.9084 0.3130 -3.8087 1.0000	</row3>
		</transform>
	</node>
	<node>
		<identifier>	SP_YMS096_YHZC_S_1_INDEX_12	</identifier>
		<parent>	Scene Root	</parent>
		<transform>
			<row0>	0.2036 0.0000 -0.7737 0.0000	</row0>
			<row1>	0.0000 0.8000 0.0000 0.0000	</row1>
			<row2>	0.7737 0.0000 0.2036 0.0000	</row2>
			<row3>	-0.3803 1.0357 -1.1808 1.0000	</row3>
		</transform>
	</node>
	<node>
		<identifier>	SP_YMS096_YHZC_S_1_INDEX_13	</identifier>
		<parent>	Scene Root	</parent>
		<transform>
			<row0>	0.2036 0.0000 0.7737 0.0000	</row0>
			<row1>	0.0000 0.8000 0.0000 0.0000	</row1>
			<row2>	-0.7737 0.0000 0.2036 0.0000	</row2>
			<row3>	0.3820 1.0357 -1.1821 1.0000	</row3>
		</transform>
	</node>
</JSB012_Kii_1944_MidBack.skel_ext>
