<HSC304_Utrecht_1957_Bow.skel_ext>
	<exported>	true	</exported>
	<node>
		<identifier>	MP_HM001_Anchor_down	</identifier>
		<parent>	Scene Root	</parent>
		<transform>
			<row0>	1.4199 -0.3290 0.1089 0.0000	</row0>
			<row1>	0.2750 0.7902 -1.1984 0.0000	</row1>
			<row2>	0.2109 1.1847 0.8295 0.0000	</row2>
			<row3>	0.1239 0.3342 6.4468 1.0000	</row3>
		</transform>
	</node>
	<node>
		<identifier>	MP_HM001_Anchor_down_INDEX_1	</identifier>
		<parent>	Scene Root	</parent>
		<transform>
			<row0>	1.4199 0.3290 -0.1089 0.0000	</row0>
			<row1>	-0.2750 0.7902 -1.1984 0.0000	</row1>
			<row2>	-0.2109 1.1847 0.8295 0.0000	</row2>
			<row3>	-0.1240 0.3340 6.4467 1.0000	</row3>
		</transform>
	</node>
	<node>
		<identifier>	MP_HM002_Anchor_up	</identifier>
		<parent>	Scene Root	</parent>
		<transform>
			<row0>	1.3391 0.0230 0.3663 0.0000	</row0>
			<row1>	0.2762 0.8498 -1.0628 0.0000	</row1>
			<row2>	-0.2418 1.0978 0.8150 0.0000	</row2>
			<row3>	-0.1227 0.3375 6.4429 1.0000	</row3>
		</transform>
	</node>
	<node>
		<identifier>	MP_HM002_Anchor_up_INDEX_1	</identifier>
		<parent>	Scene Root	</parent>
		<transform>
			<row0>	1.3391 -0.0230 -0.3663 0.0000	</row0>
			<row1>	-0.2762 0.8498 -1.0628 0.0000	</row1>
			<row2>	0.2418 1.0978 0.8150 0.0000	</row2>
			<row3>	0.1223 0.3374 6.4430 1.0000	</row3>
		</transform>
	</node>
	<node>
		<identifier>	MP_HM007_Lifebuoy	</identifier>
		<parent>	Scene Root	</parent>
		<transform>
			<row0>	-0.2297 0.0000 -0.9733 0.0000	</row0>
			<row1>	0.0000 1.0000 0.0000 0.0000	</row1>
			<row2>	0.9733 0.0000 -0.2297 0.0000	</row2>
			<row3>	-0.2440 0.5161 6.0958 1.0000	</row3>
		</transform>
	</node>
	<node>
		<identifier>	MP_HM007_Lifebuoy_INDEX_1	</identifier>
		<parent>	Scene Root	</parent>
		<transform>
			<row0>	-0.2297 0.0000 0.9733 0.0000	</row0>
			<row1>	0.0000 1.0000 0.0000 0.0000	</row1>
			<row2>	-0.9733 0.0000 -0.2297 0.0000	</row2>
			<row3>	0.2440 0.5161 6.0958 1.0000	</row3>
		</transform>
	</node>
	<node>
		<identifier>	MP_HM751_Hatch	</identifier>
		<parent>	Scene Root	</parent>
		<transform>
			<row0>	1.0000 0.0000 0.0000 0.0000	</row0>
			<row1>	0.0000 1.0000 0.0000 0.0000	</row1>
			<row2>	0.0000 0.0000 1.0000 0.0000	</row2>
			<row3>	0.2201 0.4462 5.6282 1.0000	</row3>
		</transform>
	</node>
	<node>
		<identifier>	MP_HM753_Hatch	</identifier>
		<parent>	Scene Root	</parent>
		<transform>
			<row0>	1.0000 0.0000 0.0000 0.0000	</row0>
			<row1>	0.0000 1.0000 0.0000 0.0000	</row1>
			<row2>	0.0000 0.0000 1.0000 0.0000	</row2>
			<row3>	0.0378 0.4340 4.8562 1.0000	</row3>
		</transform>
	</node>
	<node>
		<identifier>	MP_HM753_Hatch_INDEX_1	</identifier>
		<parent>	Scene Root	</parent>
		<transform>
			<row0>	1.0000 0.0000 0.0000 0.0000	</row0>
			<row1>	0.0000 1.0000 0.0000 0.0000	</row1>
			<row2>	0.0000 0.0000 1.0000 0.0000	</row2>
			<row3>	-0.0400 0.4368 5.0620 1.0000	</row3>
		</transform>
	</node>
	<node>
		<identifier>	MP_HM753_Hatch_INDEX_2	</identifier>
		<parent>	Scene Root	</parent>
		<transform>
			<row0>	1.0000 0.0000 0.0000 0.0000	</row0>
			<row1>	0.0000 1.0000 0.0000 0.0000	</row1>
			<row2>	0.0000 0.0000 1.0000 0.0000	</row2>
			<row3>	-0.0391 0.4505 6.1013 1.0000	</row3>
		</transform>
	</node>
	<node>
		<identifier>	MP_HM854_Signal_Lamp_1	</identifier>
		<parent>	Scene Root	</parent>
		<transform>
			<row0>	1.0000 0.0000 0.0000 0.0000	</row0>
			<row1>	0.0000 1.0000 0.0000 0.0000	</row1>
			<row2>	0.0000 0.0000 1.0000 0.0000	</row2>
			<row3>	0.0000 0.9808 6.6458 1.0000	</row3>
		</transform>
	</node>
	<node>
		<identifier>	MP_HM959_Reel	</identifier>
		<parent>	Scene Root	</parent>
		<transform>
			<row0>	-1.0000 0.0000 0.0000 0.0000	</row0>
			<row1>	0.0000 1.0000 0.0000 0.0000	</row1>
			<row2>	0.0000 0.0000 -1.0000 0.0000	</row2>
			<row3>	0.1370 0.4385 4.9861 1.0000	</row3>
		</transform>
	</node>
	<node>
		<identifier>	SP_YMS001_YHBM_M_1	</identifier>
		<parent>	Scene Root	</parent>
		<transform>
			<row0>	0.9000 0.0000 0.0000 0.0000	</row0>
			<row1>	0.0000 0.9000 0.0000 0.0000	</row1>
			<row2>	0.0000 0.0000 0.9000 0.0000	</row2>
			<row3>	0.0000 0.5145 6.6850 1.0000	</row3>
		</transform>
	</node>
	<node>
		<identifier>	SP_YMS002_YHBL_M_1	</identifier>
		<parent>	Scene Root	</parent>
		<transform>
			<row0>	0.9977 0.0000 -0.0680 0.0000	</row0>
			<row1>	-0.0031 0.9989 -0.0462 0.0000	</row1>
			<row2>	0.0679 0.0463 0.9966 0.0000	</row2>
			<row3>	0.0000 0.4975 6.7502 1.0000	</row3>
		</transform>
	</node>
	<node>
		<identifier>	SP_YMS003_YHBR_M_1	</identifier>
		<parent>	Scene Root	</parent>
		<transform>
			<row0>	0.9977 0.0000 0.0680 0.0000	</row0>
			<row1>	0.0031 0.9989 -0.0462 0.0000	</row1>
			<row2>	-0.0679 0.0463 0.9966 0.0000	</row2>
			<row3>	0.0000 0.4975 6.7502 1.0000	</row3>
		</transform>
	</node>
	<node>
		<identifier>	SP_YMS004_YHXL_L_1	</identifier>
		<parent>	Scene Root	</parent>
		<transform>
			<row0>	0.8002 0.3389 -0.2343 0.0000	</row0>
			<row1>	-0.3268 0.8337 0.0899 0.0000	</row1>
			<row2>	0.2509 0.0051 0.8643 0.0000	</row2>
			<row3>	-0.0925 0.3310 6.3978 1.0000	</row3>
		</transform>
	</node>
	<node>
		<identifier>	SP_YMS005_YHXR_L_1	</identifier>
		<parent>	Scene Root	</parent>
		<transform>
			<row0>	0.8002 -0.3389 0.2343 0.0000	</row0>
			<row1>	0.3268 0.8337 0.0899 0.0000	</row1>
			<row2>	-0.2509 0.0051 0.8643 0.0000	</row2>
			<row3>	0.0925 0.3310 6.3978 1.0000	</row3>
		</transform>
	</node>
	<node>
		<identifier>	SP_YMS010_YHWM_L_1	</identifier>
		<parent>	Scene Root	</parent>
		<transform>
			<row0>	0.8000 0.0000 0.0000 0.0000	</row0>
			<row1>	0.0000 0.8000 0.0000 0.0000	</row1>
			<row2>	0.0000 0.0000 0.8000 0.0000	</row2>
			<row3>	0.0000 -0.0350 6.5405 1.0000	</row3>
		</transform>
	</node>
	<node>
		<identifier>	SP_YMS011_YHWL_M_1_INDEX_1	</identifier>
		<parent>	Scene Root	</parent>
		<transform>
			<row0>	0.9428 0.3078 -0.1281 0.0000	</row0>
			<row1>	-0.3071 0.9513 0.0256 0.0000	</row1>
			<row2>	0.1297 0.0152 0.9914 0.0000	</row2>
			<row3>	-0.2707 0.0065 4.8118 1.0000	</row3>
		</transform>
	</node>
	<node>
		<identifier>	SP_YMS012_YHWR_M_1_INDEX_3	</identifier>
		<parent>	Scene Root	</parent>
		<transform>
			<row0>	0.9428 -0.3078 0.1281 0.0000	</row0>
			<row1>	0.3071 0.9513 0.0256 0.0000	</row1>
			<row2>	-0.1297 0.0152 0.9914 0.0000	</row2>
			<row3>	0.2710 0.0124 4.8092 1.0000	</row3>
		</transform>
	</node>
	<node>
		<identifier>	SP_YMS020_YHBU_M_1	</identifier>
		<parent>	Scene Root	</parent>
		<transform>
			<row0>	0.8000 0.0000 0.0000 0.0000	</row0>
			<row1>	0.0000 0.8000 0.0000 0.0000	</row1>
			<row2>	0.0000 0.0000 0.8000 0.0000	</row2>
			<row3>	0.0000 -0.1276 6.3615 1.0000	</row3>
		</transform>
	</node>
	<node>
		<identifier>	SP_YMS022_YHUS_L_1_INDEX_1	</identifier>
		<parent>	Scene Root	</parent>
		<transform>
			<row0>	-0.1003 -0.0234 -0.9947 0.0000	</row0>
			<row1>	-0.3624 0.9319 0.0146 0.0000	</row1>
			<row2>	0.9266 0.3619 -0.1020 0.0000	</row2>
			<row3>	-0.0930 -0.3518 4.7461 1.0000	</row3>
		</transform>
	</node>
	<node>
		<identifier>	SP_YMS022_YHUS_L_1_INDEX_3	</identifier>
		<parent>	Scene Root	</parent>
		<transform>
			<row0>	-0.1003 0.0234 0.9947 0.0000	</row0>
			<row1>	0.3624 0.9319 0.0146 0.0000	</row1>
			<row2>	-0.9266 0.3619 -0.1020 0.0000	</row2>
			<row3>	0.0806 -0.3510 4.7461 1.0000	</row3>
		</transform>
	</node>
	<node>
		<identifier>	SP_YMS053_YHDC_S_1_INDEX_1	</identifier>
		<parent>	Scene Root	</parent>
		<transform>
			<row0>	1.0000 0.0000 0.0000 0.0000	</row0>
			<row1>	0.0000 1.0000 0.0000 0.0000	</row1>
			<row2>	0.0000 0.0000 1.0000 0.0000	</row2>
			<row3>	0.0000 0.4567 5.2630 1.0000	</row3>
		</transform>
	</node>
	<node>
		<identifier>	SP_YMS053_YHDC_S_1_INDEX_3	</identifier>
		<parent>	Scene Root	</parent>
		<transform>
			<row0>	1.0000 0.0000 0.0000 0.0000	</row0>
			<row1>	0.0000 1.0000 0.0000 0.0000	</row1>
			<row2>	0.0000 0.0000 1.0000 0.0000	</row2>
			<row3>	0.3756 0.4428 4.3212 1.0000	</row3>
		</transform>
	</node>
	<node>
		<identifier>	SP_YMS053_YHDC_S_1_INDEX_5	</identifier>
		<parent>	Scene Root	</parent>
		<transform>
			<row0>	1.0000 0.0000 0.0000 0.0000	</row0>
			<row1>	0.0000 1.0000 0.0000 0.0000	</row1>
			<row2>	0.0000 0.0000 1.0000 0.0000	</row2>
			<row3>	-0.3756 0.4428 4.3212 1.0000	</row3>
		</transform>
	</node>
	<node>
		<identifier>	SP_YMS080_YHSL_M_1	</identifier>
		<parent>	Scene Root	</parent>
		<transform>
			<row0>	0.9105 0.3978 -0.1131 0.0000	</row0>
			<row1>	-0.4122 0.8948 -0.1717 0.0000	</row1>
			<row2>	0.0329 0.2029 0.9786 0.0000	</row2>
			<row3>	-0.3156 0.2545 5.0975 1.0000	</row3>
		</transform>
	</node>
	<node>
		<identifier>	SP_YMS081_YHSR_M_1	</identifier>
		<parent>	Scene Root	</parent>
		<transform>
			<row0>	0.9105 -0.3978 0.1131 0.0000	</row0>
			<row1>	0.4122 0.8948 -0.1717 0.0000	</row1>
			<row2>	-0.0329 0.2029 0.9786 0.0000	</row2>
			<row3>	0.3156 0.2545 5.0975 1.0000	</row3>
		</transform>
	</node>
</HSC304_Utrecht_1957_Bow.skel_ext>
