<BSB060_Scarlet_Thunder_1944_MidBack.skel_ext>
	<exported>	true	</exported>
	<node>
		<identifier>	MP_BM022_Flotanet	</identifier>
		<parent>	Scene Root	</parent>
		<transform>
			<row0>	0.9397 0.0000 -0.3420 0.0000	</row0>
			<row1>	0.0000 1.0000 0.0000 0.0000	</row1>
			<row2>	0.3420 0.0000 0.9397 0.0000	</row2>
			<row3>	-0.2840 0.6792 -1.5464 1.0000	</row3>
		</transform>
	</node>
	<node>
		<identifier>	MP_BM022_Flotanet_INDEX_1	</identifier>
		<parent>	Scene Root	</parent>
		<transform>
			<row0>	-0.9397 0.0000 -0.3420 0.0000	</row0>
			<row1>	0.0000 1.0000 0.0000 0.0000	</row1>
			<row2>	0.3420 0.0000 -0.9397 0.0000	</row2>
			<row3>	0.2840 0.6792 -1.5464 1.0000	</row3>
		</transform>
	</node>
	<node>
		<identifier>	MP_BM022_Flotanet_INDEX_2	</identifier>
		<parent>	Scene Root	</parent>
		<transform>
			<row0>	-0.9397 0.0000 -0.3420 0.0000	</row0>
			<row1>	0.0000 1.0000 0.0000 0.0000	</row1>
			<row2>	0.3420 0.0000 -0.9397 0.0000	</row2>
			<row3>	0.5886 0.5488 -2.3820 1.0000	</row3>
		</transform>
	</node>
	<node>
		<identifier>	MP_BM022_Flotanet_INDEX_3	</identifier>
		<parent>	Scene Root	</parent>
		<transform>
			<row0>	0.9397 0.0000 0.3420 0.0000	</row0>
			<row1>	0.0000 1.0000 0.0000 0.0000	</row1>
			<row2>	-0.3420 0.0000 0.9397 0.0000	</row2>
			<row3>	0.4995 0.5488 -2.1164 1.0000	</row3>
		</transform>
	</node>
	<node>
		<identifier>	MP_BM022_Flotanet_INDEX_4	</identifier>
		<parent>	Scene Root	</parent>
		<transform>
			<row0>	-0.9397 0.0000 0.3420 0.0000	</row0>
			<row1>	0.0000 1.0000 0.0000 0.0000	</row1>
			<row2>	-0.3420 0.0000 -0.9397 0.0000	</row2>
			<row3>	-0.6111 0.5488 -2.4218 1.0000	</row3>
		</transform>
	</node>
	<node>
		<identifier>	MP_BM022_Flotanet_INDEX_5	</identifier>
		<parent>	Scene Root	</parent>
		<transform>
			<row0>	0.9397 0.0000 -0.3420 0.0000	</row0>
			<row1>	0.0000 1.0000 0.0000 0.0000	</row1>
			<row2>	0.3420 0.0000 0.9397 0.0000	</row2>
			<row3>	-0.4862 0.5488 -2.0985 1.0000	</row3>
		</transform>
	</node>
	<node>
		<identifier>	MP_BM022_Flotanet_INDEX_6	</identifier>
		<parent>	Scene Root	</parent>
		<transform>
			<row0>	-0.9110 0.3342 0.2417 0.0000	</row0>
			<row1>	0.3230 0.9425 -0.0857 0.0000	</row1>
			<row2>	-0.2564 0.0000 -0.9666 0.0000	</row2>
			<row3>	-0.5304 0.5139 -1.8010 1.0000	</row3>
		</transform>
	</node>
	<node>
		<identifier>	MP_BM022_Flotanet_INDEX_7	</identifier>
		<parent>	Scene Root	</parent>
		<transform>
			<row0>	-0.9110 -0.3342 -0.2417 0.0000	</row0>
			<row1>	-0.3230 0.9425 -0.0857 0.0000	</row1>
			<row2>	0.2564 0.0000 -0.9666 0.0000	</row2>
			<row3>	0.5304 0.5139 -1.8010 1.0000	</row3>
		</transform>
	</node>
	<node>
		<identifier>	MP_BM038_Helmets	</identifier>
		<parent>	Scene Root	</parent>
		<transform>
			<row0>	0.0000 0.0000 -1.0000 0.0000	</row0>
			<row1>	0.0000 1.0000 0.0000 0.0000	</row1>
			<row2>	1.0000 0.0000 0.0000 0.0000	</row2>
			<row3>	0.4392 0.5820 -2.4850 1.0000	</row3>
		</transform>
	</node>
	<node>
		<identifier>	MP_BM038_Helmets_INDEX_1	</identifier>
		<parent>	Scene Root	</parent>
		<transform>
			<row0>	-0.9952 0.0000 0.0980 0.0000	</row0>
			<row1>	0.0000 1.0000 0.0000 0.0000	</row1>
			<row2>	-0.0980 0.0000 -0.9952 0.0000	</row2>
			<row3>	-0.0220 1.0755 -2.7093 1.0000	</row3>
		</transform>
	</node>
	<node>
		<identifier>	MP_BM038_Helmets_INDEX_2	</identifier>
		<parent>	Scene Root	</parent>
		<transform>
			<row0>	0.0000 0.0000 1.0000 0.0000	</row0>
			<row1>	0.0000 1.0000 0.0000 0.0000	</row1>
			<row2>	-1.0000 0.0000 0.0000 0.0000	</row2>
			<row3>	-0.4392 0.5820 -2.4850 1.0000	</row3>
		</transform>
	</node>
	<node>
		<identifier>	MP_BM038_Helmets_INDEX_3	</identifier>
		<parent>	Scene Root	</parent>
		<transform>
			<row0>	-0.9914 0.0000 0.1305 0.0000	</row0>
			<row1>	0.0000 1.0000 0.0000 0.0000	</row1>
			<row2>	-0.1305 0.0000 -0.9914 0.0000	</row2>
			<row3>	-0.0250 1.0334 -1.6422 1.0000	</row3>
		</transform>
	</node>
	<node>
		<identifier>	MP_BM038_Helmets_INDEX_4	</identifier>
		<parent>	Scene Root	</parent>
		<transform>
			<row0>	0.0000 0.0000 -1.0000 0.0000	</row0>
			<row1>	0.0000 1.0000 0.0000 0.0000	</row1>
			<row2>	1.0000 0.0000 0.0000 0.0000	</row2>
			<row3>	0.2216 0.8214 -2.3926 1.0000	</row3>
		</transform>
	</node>
	<node>
		<identifier>	MP_BM038_Helmets_INDEX_5	</identifier>
		<parent>	Scene Root	</parent>
		<transform>
			<row0>	0.0000 0.0000 -1.0000 0.0000	</row0>
			<row1>	0.0000 1.0000 0.0000 0.0000	</row1>
			<row2>	1.0000 0.0000 0.0000 0.0000	</row2>
			<row3>	0.1210 0.7828 -3.2112 1.0000	</row3>
		</transform>
	</node>
	<node>
		<identifier>	MP_BM038_Helmets_INDEX_6	</identifier>
		<parent>	Scene Root	</parent>
		<transform>
			<row0>	0.0000 0.0000 1.0000 0.0000	</row0>
			<row1>	0.0000 1.0000 0.0000 0.0000	</row1>
			<row2>	-1.0000 0.0000 0.0000 0.0000	</row2>
			<row3>	-0.1210 0.7828 -3.1216 1.0000	</row3>
		</transform>
	</node>
	<node>
		<identifier>	MP_BM038_Helmets_INDEX_7	</identifier>
		<parent>	Scene Root	</parent>
		<transform>
			<row0>	0.0000 0.0000 1.0000 0.0000	</row0>
			<row1>	0.0000 1.0000 0.0000 0.0000	</row1>
			<row2>	-1.0000 0.0000 0.0000 0.0000	</row2>
			<row3>	-0.2216 0.8214 -2.3926 1.0000	</row3>
		</transform>
	</node>
	<node>
		<identifier>	MP_BM453_Radar_type_242_IFF_interrogator	</identifier>
		<parent>	Scene Root	</parent>
		<transform>
			<row0>	1.0000 0.0000 0.0000 0.0000	</row0>
			<row1>	0.0000 1.0000 0.0000 0.0000	</row1>
			<row2>	0.0000 0.0000 1.0000 0.0000	</row2>
			<row3>	0.0000 3.0016 -3.8052 1.0000	</row3>
		</transform>
	</node>
	<node>
		<identifier>	MP_BM455_Type_ANC_aeial_outfit	</identifier>
		<parent>	Scene Root	</parent>
		<transform>
			<row0>	1.0000 0.0000 0.0000 0.0000	</row0>
			<row1>	0.0000 1.0000 0.0000 0.0000	</row1>
			<row2>	0.0000 0.0000 1.0000 0.0000	</row2>
			<row3>	0.0000 3.3306 -3.9015 1.0000	</row3>
		</transform>
	</node>
	<node>
		<identifier>	MP_BM501_Cutter_32ft	</identifier>
		<parent>	Scene Root	</parent>
		<transform>
			<row0>	1.0000 0.0000 0.0000 0.0000	</row0>
			<row1>	0.0000 1.0000 0.0000 0.0000	</row1>
			<row2>	0.0000 0.0000 1.0000 0.0000	</row2>
			<row3>	0.8697 0.3597 -0.8981 1.0000	</row3>
		</transform>
	</node>
	<node>
		<identifier>	MP_BM501_Cutter_32ft_INDEX_1	</identifier>
		<parent>	Scene Root	</parent>
		<transform>
			<row0>	1.0000 0.0000 0.0000 0.0000	</row0>
			<row1>	0.0000 1.0000 0.0000 0.0000	</row1>
			<row2>	0.0000 0.0000 1.0000 0.0000	</row2>
			<row3>	-0.5534 0.5550 -3.6595 1.0000	</row3>
		</transform>
	</node>
	<node>
		<identifier>	MP_BM501_Cutter_32ft_INDEX_2	</identifier>
		<parent>	Scene Root	</parent>
		<transform>
			<row0>	1.0000 0.0000 0.0000 0.0000	</row0>
			<row1>	0.0000 1.0000 0.0000 0.0000	</row1>
			<row2>	0.0000 0.0000 1.0000 0.0000	</row2>
			<row3>	0.5534 0.5550 -3.6595 1.0000	</row3>
		</transform>
	</node>
	<node>
		<identifier>	MP_BM509_Liferaft_type_20_10ft	</identifier>
		<parent>	Scene Root	</parent>
		<transform>
			<row0>	-1.0000 0.0000 0.0000 0.0000	</row0>
			<row1>	0.0000 1.0000 0.0000 0.0000	</row1>
			<row2>	0.0000 0.0000 -1.0000 0.0000	</row2>
			<row3>	0.8366 0.5488 -3.6814 1.0000	</row3>
		</transform>
	</node>
	<node>
		<identifier>	MP_BM509_Liferaft_type_20_10ft_INDEX_1	</identifier>
		<parent>	Scene Root	</parent>
		<transform>
			<row0>	-1.0000 0.0000 0.0000 0.0000	</row0>
			<row1>	0.0000 1.0000 0.0000 0.0000	</row1>
			<row2>	0.0000 0.0000 -1.0000 0.0000	</row2>
			<row3>	0.7162 0.5488 -3.6814 1.0000	</row3>
		</transform>
	</node>
	<node>
		<identifier>	MP_BM509_Liferaft_type_20_10ft_INDEX_10	</identifier>
		<parent>	Scene Root	</parent>
		<transform>
			<row0>	0.0000 1.0000 0.0000 0.0000	</row0>
			<row1>	0.0000 0.0000 -1.0000 0.0000	</row1>
			<row2>	-1.0000 0.0000 0.0000 0.0000	</row2>
			<row3>	0.0000 0.8662 -2.8324 1.0000	</row3>
		</transform>
	</node>
	<node>
		<identifier>	MP_BM509_Liferaft_type_20_10ft_INDEX_11	</identifier>
		<parent>	Scene Root	</parent>
		<transform>
			<row0>	-1.0000 0.0000 0.0000 0.0000	</row0>
			<row1>	0.0000 1.0000 0.0000 0.0000	</row1>
			<row2>	0.0000 0.0000 -1.0000 0.0000	</row2>
			<row3>	-0.7162 0.5488 -3.6814 1.0000	</row3>
		</transform>
	</node>
	<node>
		<identifier>	MP_BM509_Liferaft_type_20_10ft_INDEX_12	</identifier>
		<parent>	Scene Root	</parent>
		<transform>
			<row0>	0.3427 0.0000 0.9395 0.0000	</row0>
			<row1>	-0.9395 0.0000 0.3427 0.0000	</row1>
			<row2>	0.0000 -1.0000 0.0000 0.0000	</row2>
			<row3>	-0.3210 0.5820 -1.5615 1.0000	</row3>
		</transform>
	</node>
	<node>
		<identifier>	MP_BM509_Liferaft_type_20_10ft_INDEX_13	</identifier>
		<parent>	Scene Root	</parent>
		<transform>
			<row0>	0.3427 0.0000 0.9395 0.0000	</row0>
			<row1>	-0.9395 0.0000 0.3427 0.0000	</row1>
			<row2>	0.0000 -1.0000 0.0000 0.0000	</row2>
			<row3>	-0.4088 0.5820 -1.8024 1.0000	</row3>
		</transform>
	</node>
	<node>
		<identifier>	MP_BM509_Liferaft_type_20_10ft_INDEX_14	</identifier>
		<parent>	Scene Root	</parent>
		<transform>
			<row0>	-1.0000 0.0000 0.0000 0.0000	</row0>
			<row1>	0.0000 1.0000 0.0000 0.0000	</row1>
			<row2>	0.0000 0.0000 -1.0000 0.0000	</row2>
			<row3>	0.7162 0.5735 -3.6814 1.0000	</row3>
		</transform>
	</node>
	<node>
		<identifier>	MP_BM509_Liferaft_type_20_10ft_INDEX_15	</identifier>
		<parent>	Scene Root	</parent>
		<transform>
			<row0>	-1.0000 0.0000 0.0000 0.0000	</row0>
			<row1>	0.0000 1.0000 0.0000 0.0000	</row1>
			<row2>	0.0000 0.0000 -1.0000 0.0000	</row2>
			<row3>	0.8366 0.5735 -3.6814 1.0000	</row3>
		</transform>
	</node>
	<node>
		<identifier>	MP_BM509_Liferaft_type_20_10ft_INDEX_2	</identifier>
		<parent>	Scene Root	</parent>
		<transform>
			<row0>	0.0000 -1.0000 0.0000 0.0000	</row0>
			<row1>	0.0000 0.0000 -1.0000 0.0000	</row1>
			<row2>	1.0000 0.0000 0.0000 0.0000	</row2>
			<row3>	0.0000 0.9776 -2.8324 1.0000	</row3>
		</transform>
	</node>
	<node>
		<identifier>	MP_BM509_Liferaft_type_20_10ft_INDEX_3	</identifier>
		<parent>	Scene Root	</parent>
		<transform>
			<row0>	-1.0000 0.0000 0.0000 0.0000	</row0>
			<row1>	0.0000 1.0000 0.0000 0.0000	</row1>
			<row2>	0.0000 0.0000 -1.0000 0.0000	</row2>
			<row3>	-0.8366 0.5488 -3.6814 1.0000	</row3>
		</transform>
	</node>
	<node>
		<identifier>	MP_BM509_Liferaft_type_20_10ft_INDEX_4	</identifier>
		<parent>	Scene Root	</parent>
		<transform>
			<row0>	-1.0000 0.0000 0.0000 0.0000	</row0>
			<row1>	0.0000 1.0000 0.0000 0.0000	</row1>
			<row2>	0.0000 0.0000 -1.0000 0.0000	</row2>
			<row3>	-0.8366 0.5735 -3.6814 1.0000	</row3>
		</transform>
	</node>
	<node>
		<identifier>	MP_BM509_Liferaft_type_20_10ft_INDEX_5	</identifier>
		<parent>	Scene Root	</parent>
		<transform>
			<row0>	0.3427 0.0000 -0.9395 0.0000	</row0>
			<row1>	0.9395 0.0000 0.3427 0.0000	</row1>
			<row2>	0.0000 -1.0000 0.0000 0.0000	</row2>
			<row3>	0.3581 0.5820 -1.6634 1.0000	</row3>
		</transform>
	</node>
	<node>
		<identifier>	MP_BM509_Liferaft_type_20_10ft_INDEX_6	</identifier>
		<parent>	Scene Root	</parent>
		<transform>
			<row0>	0.3427 0.0000 -0.9395 0.0000	</row0>
			<row1>	0.9395 0.0000 0.3427 0.0000	</row1>
			<row2>	0.0000 -1.0000 0.0000 0.0000	</row2>
			<row3>	0.3210 0.5820 -1.5615 1.0000	</row3>
		</transform>
	</node>
	<node>
		<identifier>	MP_BM509_Liferaft_type_20_10ft_INDEX_7	</identifier>
		<parent>	Scene Root	</parent>
		<transform>
			<row0>	0.3427 0.0000 -0.9395 0.0000	</row0>
			<row1>	0.9395 0.0000 0.3427 0.0000	</row1>
			<row2>	0.0000 -1.0000 0.0000 0.0000	</row2>
			<row3>	0.4088 0.5820 -1.8024 1.0000	</row3>
		</transform>
	</node>
	<node>
		<identifier>	MP_BM509_Liferaft_type_20_10ft_INDEX_8	</identifier>
		<parent>	Scene Root	</parent>
		<transform>
			<row0>	0.3427 0.0000 0.9395 0.0000	</row0>
			<row1>	-0.9395 0.0000 0.3427 0.0000	</row1>
			<row2>	0.0000 -1.0000 0.0000 0.0000	</row2>
			<row3>	-0.3581 0.5820 -1.6634 1.0000	</row3>
		</transform>
	</node>
	<node>
		<identifier>	MP_BM509_Liferaft_type_20_10ft_INDEX_9	</identifier>
		<parent>	Scene Root	</parent>
		<transform>
			<row0>	-1.0000 0.0000 0.0000 0.0000	</row0>
			<row1>	0.0000 1.0000 0.0000 0.0000	</row1>
			<row2>	0.0000 0.0000 -1.0000 0.0000	</row2>
			<row3>	-0.7162 0.5735 -3.6814 1.0000	</row3>
		</transform>
	</node>
	<node>
		<identifier>	MP_BM511_Liferaft_type_20_10ft_h	</identifier>
		<parent>	Scene Root	</parent>
		<transform>
			<row0>	0.0000 -1.0000 0.0000 0.0000	</row0>
			<row1>	0.0000 0.0000 -1.0000 0.0000	</row1>
			<row2>	1.0000 0.0000 0.0000 0.0000	</row2>
			<row3>	0.0000 0.9776 -2.8324 1.0000	</row3>
		</transform>
	</node>
	<node>
		<identifier>	MP_BM515_Balsa_Raft	</identifier>
		<parent>	Scene Root	</parent>
		<transform>
			<row0>	-1.0000 0.0000 0.0000 0.0000	</row0>
			<row1>	0.0000 1.0000 0.0000 0.0000	</row1>
			<row2>	0.0000 0.0000 -1.0000 0.0000	</row2>
			<row3>	0.1211 0.7132 -3.9872 1.0000	</row3>
		</transform>
	</node>
	<node>
		<identifier>	MP_BM515_Balsa_Raft_INDEX_1	</identifier>
		<parent>	Scene Root	</parent>
		<transform>
			<row0>	-1.0000 0.0000 0.0000 0.0000	</row0>
			<row1>	0.0000 1.0000 0.0000 0.0000	</row1>
			<row2>	0.0000 0.0000 -1.0000 0.0000	</row2>
			<row3>	0.0000 0.7132 -3.9872 1.0000	</row3>
		</transform>
	</node>
	<node>
		<identifier>	MP_BM519_Motor_Whaler_27ft	</identifier>
		<parent>	Scene Root	</parent>
		<transform>
			<row0>	1.0000 0.0000 0.0000 0.0000	</row0>
			<row1>	0.0000 1.0000 0.0000 0.0000	</row1>
			<row2>	0.0000 0.0000 1.0000 0.0000	</row2>
			<row3>	-0.5497 0.6168 -3.6528 1.0000	</row3>
		</transform>
	</node>
	<node>
		<identifier>	MP_BM519_Motor_Whaler_27ft_INDEX_1	</identifier>
		<parent>	Scene Root	</parent>
		<transform>
			<row0>	1.0000 0.0000 0.0000 0.0000	</row0>
			<row1>	0.0000 1.0000 0.0000 0.0000	</row1>
			<row2>	0.0000 0.0000 1.0000 0.0000	</row2>
			<row3>	0.5497 0.6168 -3.6528 1.0000	</row3>
		</transform>
	</node>
	<node>
		<identifier>	MP_BM524_Motor_Boat_30ft	</identifier>
		<parent>	Scene Root	</parent>
		<transform>
			<row0>	1.0000 0.0000 0.0000 0.0000	</row0>
			<row1>	0.0000 1.0000 0.0000 0.0000	</row1>
			<row2>	0.0000 0.0000 1.0000 0.0000	</row2>
			<row3>	-0.8697 0.4154 -0.8981 1.0000	</row3>
		</transform>
	</node>
	<node>
		<identifier>	MP_BM528_Dinghy_16ft	</identifier>
		<parent>	Scene Root	</parent>
		<transform>
			<row0>	1.0000 0.0000 0.0000 0.0000	</row0>
			<row1>	0.0000 1.0000 0.0000 0.0000	</row1>
			<row2>	0.0000 0.0000 1.0000 0.0000	</row2>
			<row3>	-0.5497 0.6666 -3.6614 1.0000	</row3>
		</transform>
	</node>
	<node>
		<identifier>	MP_BM528_Dinghy_16ft_INDEX_1	</identifier>
		<parent>	Scene Root	</parent>
		<transform>
			<row0>	1.0000 0.0000 0.0000 0.0000	</row0>
			<row1>	0.0000 1.0000 0.0000 0.0000	</row1>
			<row2>	0.0000 0.0000 1.0000 0.0000	</row2>
			<row3>	0.5497 0.6666 -3.6614 1.0000	</row3>
		</transform>
	</node>
	<node>
		<identifier>	MP_BM542_Liferaft_type_20_8ft	</identifier>
		<parent>	Scene Root	</parent>
		<transform>
			<row0>	1.0000 0.0000 0.0000 0.0000	</row0>
			<row1>	0.0000 1.0000 0.0000 0.0000	</row1>
			<row2>	0.0000 0.0000 1.0000 0.0000	</row2>
			<row3>	0.2703 0.5488 -4.0804 1.0000	</row3>
		</transform>
	</node>
	<node>
		<identifier>	MP_BM542_Liferaft_type_20_8ft_INDEX_1	</identifier>
		<parent>	Scene Root	</parent>
		<transform>
			<row0>	1.0000 0.0000 0.0000 0.0000	</row0>
			<row1>	0.0000 1.0000 0.0000 0.0000	</row1>
			<row2>	0.0000 0.0000 1.0000 0.0000	</row2>
			<row3>	-0.2703 0.5488 -4.0804 1.0000	</row3>
		</transform>
	</node>
	<node>
		<identifier>	MP_BM542_Liferaft_type_20_8ft_INDEX_2	</identifier>
		<parent>	Scene Root	</parent>
		<transform>
			<row0>	0.9994 0.0359 0.0000 0.0000	</row0>
			<row1>	-0.0359 0.9994 0.0000 0.0000	</row1>
			<row2>	0.0000 0.0000 1.0000 0.0000	</row2>
			<row3>	-0.9591 0.3499 0.1254 1.0000	</row3>
		</transform>
	</node>
	<node>
		<identifier>	MP_BM542_Liferaft_type_20_8ft_INDEX_3	</identifier>
		<parent>	Scene Root	</parent>
		<transform>
			<row0>	0.9994 0.0359 0.0000 0.0000	</row0>
			<row1>	-0.0359 0.9994 0.0000 0.0000	</row1>
			<row2>	0.0000 0.0000 1.0000 0.0000	</row2>
			<row3>	-0.8027 0.3556 0.2762 1.0000	</row3>
		</transform>
	</node>
	<node>
		<identifier>	MP_BM542_Liferaft_type_20_8ft_INDEX_4	</identifier>
		<parent>	Scene Root	</parent>
		<transform>
			<row0>	0.9994 -0.0359 0.0000 0.0000	</row0>
			<row1>	0.0359 0.9994 0.0000 0.0000	</row1>
			<row2>	0.0000 0.0000 1.0000 0.0000	</row2>
			<row3>	0.9591 0.3499 0.1254 1.0000	</row3>
		</transform>
	</node>
	<node>
		<identifier>	MP_BM542_Liferaft_type_20_8ft_INDEX_5	</identifier>
		<parent>	Scene Root	</parent>
		<transform>
			<row0>	0.9994 -0.0359 0.0000 0.0000	</row0>
			<row1>	0.0359 0.9994 0.0000 0.0000	</row1>
			<row2>	0.0000 0.0000 1.0000 0.0000	</row2>
			<row3>	0.8027 0.3556 0.2762 1.0000	</row3>
		</transform>
	</node>
	<node>
		<identifier>	MP_BM604_Voice_Tube	</identifier>
		<parent>	Scene Root	</parent>
		<transform>
			<row0>	-1.0000 0.0000 0.0000 0.0000	</row0>
			<row1>	0.0000 1.0000 0.0000 0.0000	</row1>
			<row2>	0.0000 0.0000 -1.0000 0.0000	</row2>
			<row3>	-0.0388 0.9364 -1.1961 1.0000	</row3>
		</transform>
	</node>
	<node>
		<identifier>	MP_BM604_Voice_Tube_INDEX_1	</identifier>
		<parent>	Scene Root	</parent>
		<transform>
			<row0>	-1.0000 0.0000 0.0000 0.0000	</row0>
			<row1>	0.0000 1.0000 0.0000 0.0000	</row1>
			<row2>	0.0000 0.0000 -1.0000 0.0000	</row2>
			<row3>	0.0426 1.0010 -2.1157 1.0000	</row3>
		</transform>
	</node>
	<node>
		<identifier>	MP_BM604_Voice_Tube_INDEX_10	</identifier>
		<parent>	Scene Root	</parent>
		<transform>
			<row0>	-1.0000 0.0000 0.0000 0.0000	</row0>
			<row1>	0.0000 1.0000 0.0000 0.0000	</row1>
			<row2>	0.0000 0.0000 -1.0000 0.0000	</row2>
			<row3>	-0.0541 0.7124 -1.1990 1.0000	</row3>
		</transform>
	</node>
	<node>
		<identifier>	MP_BM604_Voice_Tube_INDEX_11	</identifier>
		<parent>	Scene Root	</parent>
		<transform>
			<row0>	-1.0000 0.0000 0.0000 0.0000	</row0>
			<row1>	0.0000 1.0000 0.0000 0.0000	</row1>
			<row2>	0.0000 0.0000 -1.0000 0.0000	</row2>
			<row3>	0.2059 0.7500 -3.7040 1.0000	</row3>
		</transform>
	</node>
	<node>
		<identifier>	MP_BM604_Voice_Tube_INDEX_12	</identifier>
		<parent>	Scene Root	</parent>
		<transform>
			<row0>	-1.0000 0.0000 0.0000 0.0000	</row0>
			<row1>	0.0000 1.0000 0.0000 0.0000	</row1>
			<row2>	0.0000 0.0000 -1.0000 0.0000	</row2>
			<row3>	-0.2059 0.7500 -3.7040 1.0000	</row3>
		</transform>
	</node>
	<node>
		<identifier>	MP_BM604_Voice_Tube_INDEX_13	</identifier>
		<parent>	Scene Root	</parent>
		<transform>
			<row0>	-0.9680 0.0000 -0.2510 0.0000	</row0>
			<row1>	0.0000 1.0000 0.0000 0.0000	</row1>
			<row2>	0.2510 0.0000 -0.9680 0.0000	</row2>
			<row3>	-0.5805 0.3630 -1.9038 1.0000	</row3>
		</transform>
	</node>
	<node>
		<identifier>	MP_BM604_Voice_Tube_INDEX_14	</identifier>
		<parent>	Scene Root	</parent>
		<transform>
			<row0>	-0.9680 0.0000 0.2510 0.0000	</row0>
			<row1>	0.0000 1.0000 0.0000 0.0000	</row1>
			<row2>	-0.2510 0.0000 -0.9680 0.0000	</row2>
			<row3>	0.5805 0.3630 -1.9038 1.0000	</row3>
		</transform>
	</node>
	<node>
		<identifier>	MP_BM604_Voice_Tube_INDEX_2	</identifier>
		<parent>	Scene Root	</parent>
		<transform>
			<row0>	-1.0000 0.0000 0.0000 0.0000	</row0>
			<row1>	0.0000 1.0000 0.0000 0.0000	</row1>
			<row2>	0.0000 0.0000 -1.0000 0.0000	</row2>
			<row3>	-0.1054 1.3179 -3.6353 1.0000	</row3>
		</transform>
	</node>
	<node>
		<identifier>	MP_BM604_Voice_Tube_INDEX_3	</identifier>
		<parent>	Scene Root	</parent>
		<transform>
			<row0>	0.0000 0.0000 -1.0000 0.0000	</row0>
			<row1>	0.0000 1.0000 0.0000 0.0000	</row1>
			<row2>	1.0000 0.0000 0.0000 0.0000	</row2>
			<row3>	-0.3906 0.5495 -2.5680 1.0000	</row3>
		</transform>
	</node>
	<node>
		<identifier>	MP_BM604_Voice_Tube_INDEX_4	</identifier>
		<parent>	Scene Root	</parent>
		<transform>
			<row0>	0.0000 0.0000 -1.0000 0.0000	</row0>
			<row1>	0.0000 1.0000 0.0000 0.0000	</row1>
			<row2>	1.0000 0.0000 0.0000 0.0000	</row2>
			<row3>	-0.1257 0.7500 -3.1511 1.0000	</row3>
		</transform>
	</node>
	<node>
		<identifier>	MP_BM604_Voice_Tube_INDEX_5	</identifier>
		<parent>	Scene Root	</parent>
		<transform>
			<row0>	0.0000 0.0000 1.0000 0.0000	</row0>
			<row1>	0.0000 1.0000 0.0000 0.0000	</row1>
			<row2>	-1.0000 0.0000 0.0000 0.0000	</row2>
			<row3>	0.3906 0.5495 -2.5680 1.0000	</row3>
		</transform>
	</node>
	<node>
		<identifier>	MP_BM604_Voice_Tube_INDEX_6	</identifier>
		<parent>	Scene Root	</parent>
		<transform>
			<row0>	-1.0000 0.0000 0.0000 0.0000	</row0>
			<row1>	0.0000 1.0000 0.0000 0.0000	</row1>
			<row2>	0.0000 0.0000 -1.0000 0.0000	</row2>
			<row3>	0.2568 0.7884 -2.5700 1.0000	</row3>
		</transform>
	</node>
	<node>
		<identifier>	MP_BM604_Voice_Tube_INDEX_7	</identifier>
		<parent>	Scene Root	</parent>
		<transform>
			<row0>	1.0000 0.0000 0.0000 0.0000	</row0>
			<row1>	0.0000 1.0000 0.0000 0.0000	</row1>
			<row2>	0.0000 0.0000 1.0000 0.0000	</row2>
			<row3>	0.0591 1.0423 -2.7076 1.0000	</row3>
		</transform>
	</node>
	<node>
		<identifier>	MP_BM604_Voice_Tube_INDEX_8	</identifier>
		<parent>	Scene Root	</parent>
		<transform>
			<row0>	-1.0000 0.0000 0.0000 0.0000	</row0>
			<row1>	0.0000 1.0000 0.0000 0.0000	</row1>
			<row2>	0.0000 0.0000 -1.0000 0.0000	</row2>
			<row3>	-0.2568 0.7884 -2.5700 1.0000	</row3>
		</transform>
	</node>
	<node>
		<identifier>	MP_BM604_Voice_Tube_INDEX_9	</identifier>
		<parent>	Scene Root	</parent>
		<transform>
			<row0>	0.0000 0.0000 1.0000 0.0000	</row0>
			<row1>	0.0000 1.0000 0.0000 0.0000	</row1>
			<row2>	-1.0000 0.0000 0.0000 0.0000	</row2>
			<row3>	0.1257 0.7500 -3.1511 1.0000	</row3>
		</transform>
	</node>
	<node>
		<identifier>	MP_BM606_Searchlight_sight	</identifier>
		<parent>	Scene Root	</parent>
		<transform>
			<row0>	0.0000 0.0000 1.0000 0.0000	</row0>
			<row1>	0.0000 1.0000 0.0000 0.0000	</row1>
			<row2>	-1.0000 0.0000 0.0000 0.0000	</row2>
			<row3>	-0.1209 0.7117 -1.1372 1.0000	</row3>
		</transform>
	</node>
	<node>
		<identifier>	MP_BM606_Searchlight_sight_INDEX_1	</identifier>
		<parent>	Scene Root	</parent>
		<transform>
			<row0>	0.0000 0.0000 1.0000 0.0000	</row0>
			<row1>	0.0000 1.0000 0.0000 0.0000	</row1>
			<row2>	-1.0000 0.0000 0.0000 0.0000	</row2>
			<row3>	-0.2224 0.6940 -2.7610 1.0000	</row3>
		</transform>
	</node>
	<node>
		<identifier>	MP_BM606_Searchlight_sight_INDEX_2	</identifier>
		<parent>	Scene Root	</parent>
		<transform>
			<row0>	0.0000 0.0000 -1.0000 0.0000	</row0>
			<row1>	0.0000 1.0000 0.0000 0.0000	</row1>
			<row2>	1.0000 0.0000 0.0000 0.0000	</row2>
			<row3>	0.2224 0.6940 -2.7610 1.0000	</row3>
		</transform>
	</node>
	<node>
		<identifier>	MP_BM606_Searchlight_sight_INDEX_3	</identifier>
		<parent>	Scene Root	</parent>
		<transform>
			<row0>	0.0000 0.0000 -1.0000 0.0000	</row0>
			<row1>	0.0000 1.0000 0.0000 0.0000	</row1>
			<row2>	1.0000 0.0000 0.0000 0.0000	</row2>
			<row3>	0.1209 0.7117 -1.1372 1.0000	</row3>
		</transform>
	</node>
	<node>
		<identifier>	MP_BM610_Speaker_2	</identifier>
		<parent>	Scene Root	</parent>
		<transform>
			<row0>	0.3427 0.0000 -0.9395 0.0000	</row0>
			<row1>	0.0000 1.0000 0.0000 0.0000	</row1>
			<row2>	0.9395 0.0000 0.3427 0.0000	</row2>
			<row3>	0.4483 0.5296 -1.9226 1.0000	</row3>
		</transform>
	</node>
	<node>
		<identifier>	MP_BM610_Speaker_2_INDEX_1	</identifier>
		<parent>	Scene Root	</parent>
		<transform>
			<row0>	0.3427 0.0000 0.9395 0.0000	</row0>
			<row1>	0.0000 1.0000 0.0000 0.0000	</row1>
			<row2>	-0.9395 0.0000 0.3427 0.0000	</row2>
			<row3>	-0.4483 0.5296 -1.9226 1.0000	</row3>
		</transform>
	</node>
	<node>
		<identifier>	MP_BM610_Speaker_2_INDEX_2	</identifier>
		<parent>	Scene Root	</parent>
		<transform>
			<row0>	-1.0000 0.0000 0.0000 0.0000	</row0>
			<row1>	0.0000 1.0000 0.0000 0.0000	</row1>
			<row2>	0.0000 0.0000 -1.0000 0.0000	</row2>
			<row3>	0.0851 0.6670 -2.8365 1.0000	</row3>
		</transform>
	</node>
	<node>
		<identifier>	MP_BM628_Dumaresq	</identifier>
		<parent>	Scene Root	</parent>
		<transform>
			<row0>	-0.7165 0.0000 -0.6976 0.0000	</row0>
			<row1>	0.0000 1.0000 0.0000 0.0000	</row1>
			<row2>	0.6976 0.0000 -0.7165 0.0000	</row2>
			<row3>	-0.0734 1.1190 -3.6951 1.0000	</row3>
		</transform>
	</node>
	<node>
		<identifier>	MP_BM628_Dumaresq_INDEX_1	</identifier>
		<parent>	Scene Root	</parent>
		<transform>
			<row0>	-0.7165 0.0000 0.6976 0.0000	</row0>
			<row1>	0.0000 1.0000 0.0000 0.0000	</row1>
			<row2>	-0.6976 0.0000 -0.7165 0.0000	</row2>
			<row3>	0.0734 1.1190 -3.6951 1.0000	</row3>
		</transform>
	</node>
	<node>
		<identifier>	MP_BM700_Locker	</identifier>
		<parent>	Scene Root	</parent>
		<transform>
			<row0>	0.9395 0.0000 0.3426 0.0000	</row0>
			<row1>	0.0000 1.0000 0.0000 0.0000	</row1>
			<row2>	-0.3426 0.0000 0.9395 0.0000	</row2>
			<row3>	0.4549 0.3648 -1.8644 1.0000	</row3>
		</transform>
	</node>
	<node>
		<identifier>	MP_BM700_Locker_INDEX_1	</identifier>
		<parent>	Scene Root	</parent>
		<transform>
			<row0>	-0.9395 0.0000 0.3426 0.0000	</row0>
			<row1>	0.0000 1.0000 0.0000 0.0000	</row1>
			<row2>	-0.3426 0.0000 -0.9395 0.0000	</row2>
			<row3>	-0.6128 0.3605 -2.2974 1.0000	</row3>
		</transform>
	</node>
	<node>
		<identifier>	MP_BM700_Locker_INDEX_2	</identifier>
		<parent>	Scene Root	</parent>
		<transform>
			<row0>	-0.9395 0.0000 0.3426 0.0000	</row0>
			<row1>	0.0000 1.0000 0.0000 0.0000	</row1>
			<row2>	-0.3426 0.0000 -0.9395 0.0000	</row2>
			<row3>	-0.8840 0.3524 -3.0413 1.0000	</row3>
		</transform>
	</node>
	<node>
		<identifier>	MP_BM700_Locker_INDEX_3	</identifier>
		<parent>	Scene Root	</parent>
		<transform>
			<row0>	0.9395 0.0000 0.3426 0.0000	</row0>
			<row1>	0.0048 0.9999 -0.0132 0.0000	</row1>
			<row2>	-0.3426 0.0140 0.9394 0.0000	</row2>
			<row3>	0.6468 0.3590 -2.3908 1.0000	</row3>
		</transform>
	</node>
	<node>
		<identifier>	MP_BM702_Flag_box	</identifier>
		<parent>	Scene Root	</parent>
		<transform>
			<row0>	1.0000 0.0000 0.0000 0.0000	</row0>
			<row1>	0.0000 1.0000 0.0000 0.0000	</row1>
			<row2>	0.0000 0.0000 1.0000 0.0000	</row2>
			<row3>	0.2662 0.7518 -3.7011 1.0000	</row3>
		</transform>
	</node>
	<node>
		<identifier>	MP_BM702_Flag_box_INDEX_1	</identifier>
		<parent>	Scene Root	</parent>
		<transform>
			<row0>	1.0000 0.0000 0.0000 0.0000	</row0>
			<row1>	0.0000 1.0000 0.0000 0.0000	</row1>
			<row2>	0.0000 0.0000 1.0000 0.0000	</row2>
			<row3>	-0.2662 0.7518 -3.7011 1.0000	</row3>
		</transform>
	</node>
	<node>
		<identifier>	MP_BM705_Ammunition_Box	</identifier>
		<parent>	Scene Root	</parent>
		<transform>
			<row0>	-1.0000 0.0000 0.0000 0.0000	</row0>
			<row1>	0.0000 1.0000 0.0000 0.0000	</row1>
			<row2>	0.0000 0.0000 -1.0000 0.0000	</row2>
			<row3>	0.2428 0.7881 -2.4929 1.0000	</row3>
		</transform>
	</node>
	<node>
		<identifier>	MP_BM705_Ammunition_Box_INDEX_1	</identifier>
		<parent>	Scene Root	</parent>
		<transform>
			<row0>	-1.0000 0.0000 0.0000 0.0000	</row0>
			<row1>	0.0000 1.0000 0.0000 0.0000	</row1>
			<row2>	0.0000 0.0000 -1.0000 0.0000	</row2>
			<row3>	-0.3060 0.5488 -2.8812 1.0000	</row3>
		</transform>
	</node>
	<node>
		<identifier>	MP_BM705_Ammunition_Box_INDEX_10	</identifier>
		<parent>	Scene Root	</parent>
		<transform>
			<row0>	-1.0000 0.0000 0.0000 0.0000	</row0>
			<row1>	0.0000 1.0000 0.0000 0.0000	</row1>
			<row2>	0.0000 0.0000 -1.0000 0.0000	</row2>
			<row3>	0.0991 0.7492 -3.3989 1.0000	</row3>
		</transform>
	</node>
	<node>
		<identifier>	MP_BM705_Ammunition_Box_INDEX_11	</identifier>
		<parent>	Scene Root	</parent>
		<transform>
			<row0>	-1.0000 0.0000 0.0000 0.0000	</row0>
			<row1>	0.0000 1.0000 0.0000 0.0000	</row1>
			<row2>	0.0000 0.0000 -1.0000 0.0000	</row2>
			<row3>	-0.2428 0.7881 -2.4929 1.0000	</row3>
		</transform>
	</node>
	<node>
		<identifier>	MP_BM705_Ammunition_Box_INDEX_12	</identifier>
		<parent>	Scene Root	</parent>
		<transform>
			<row0>	-1.0000 0.0000 0.0000 0.0000	</row0>
			<row1>	0.0000 1.0000 0.0000 0.0000	</row1>
			<row2>	0.0000 0.0000 -1.0000 0.0000	</row2>
			<row3>	-0.2428 0.7881 -2.2942 1.0000	</row3>
		</transform>
	</node>
	<node>
		<identifier>	MP_BM705_Ammunition_Box_INDEX_13	</identifier>
		<parent>	Scene Root	</parent>
		<transform>
			<row0>	-1.0000 0.0000 0.0000 0.0000	</row0>
			<row1>	0.0000 1.0000 0.0000 0.0000	</row1>
			<row2>	0.0000 0.0000 -1.0000 0.0000	</row2>
			<row3>	-0.0991 0.7492 -3.4946 1.0000	</row3>
		</transform>
	</node>
	<node>
		<identifier>	MP_BM705_Ammunition_Box_INDEX_14	</identifier>
		<parent>	Scene Root	</parent>
		<transform>
			<row0>	-0.9666 0.0000 0.2564 0.0000	</row0>
			<row1>	0.0000 1.0000 0.0000 0.0000	</row1>
			<row2>	-0.2564 0.0000 -0.9666 0.0000	</row2>
			<row3>	-0.5240 0.3634 -1.8446 1.0000	</row3>
		</transform>
	</node>
	<node>
		<identifier>	MP_BM705_Ammunition_Box_INDEX_15	</identifier>
		<parent>	Scene Root	</parent>
		<transform>
			<row0>	-0.9666 0.0000 0.2564 0.0000	</row0>
			<row1>	0.0000 1.0000 0.0000 0.0000	</row1>
			<row2>	-0.2564 0.0000 -0.9666 0.0000	</row2>
			<row3>	-0.5030 0.3641 -1.7656 1.0000	</row3>
		</transform>
	</node>
	<node>
		<identifier>	MP_BM705_Ammunition_Box_INDEX_16	</identifier>
		<parent>	Scene Root	</parent>
		<transform>
			<row0>	-1.0000 0.0000 -0.0014 0.0000	</row0>
			<row1>	0.0000 1.0000 0.0000 0.0000	</row1>
			<row2>	0.0014 0.0000 -1.0000 0.0000	</row2>
			<row3>	-0.9306 0.3498 -1.7508 1.0000	</row3>
		</transform>
	</node>
	<node>
		<identifier>	MP_BM705_Ammunition_Box_INDEX_17	</identifier>
		<parent>	Scene Root	</parent>
		<transform>
			<row0>	-0.9666 0.0000 -0.2564 0.0000	</row0>
			<row1>	0.0000 1.0000 0.0000 0.0000	</row1>
			<row2>	0.2564 0.0000 -0.9666 0.0000	</row2>
			<row3>	0.5240 0.3634 -1.8446 1.0000	</row3>
		</transform>
	</node>
	<node>
		<identifier>	MP_BM705_Ammunition_Box_INDEX_18	</identifier>
		<parent>	Scene Root	</parent>
		<transform>
			<row0>	-0.9666 0.0000 -0.2564 0.0000	</row0>
			<row1>	0.0000 1.0000 0.0000 0.0000	</row1>
			<row2>	0.2564 0.0000 -0.9666 0.0000	</row2>
			<row3>	0.5030 0.3641 -1.7656 1.0000	</row3>
		</transform>
	</node>
	<node>
		<identifier>	MP_BM705_Ammunition_Box_INDEX_19	</identifier>
		<parent>	Scene Root	</parent>
		<transform>
			<row0>	-1.0000 0.0000 0.0014 0.0000	</row0>
			<row1>	0.0000 1.0000 0.0000 0.0000	</row1>
			<row2>	-0.0014 0.0000 -1.0000 0.0000	</row2>
			<row3>	0.9306 0.3498 -1.7508 1.0000	</row3>
		</transform>
	</node>
	<node>
		<identifier>	MP_BM705_Ammunition_Box_INDEX_2	</identifier>
		<parent>	Scene Root	</parent>
		<transform>
			<row0>	0.0000 0.0000 -1.0000 0.0000	</row0>
			<row1>	0.0000 1.0000 0.0000 0.0000	</row1>
			<row2>	1.0000 0.0000 0.0000 0.0000	</row2>
			<row3>	0.5380 0.5488 -2.5109 1.0000	</row3>
		</transform>
	</node>
	<node>
		<identifier>	MP_BM705_Ammunition_Box_INDEX_3	</identifier>
		<parent>	Scene Root	</parent>
		<transform>
			<row0>	-1.0000 0.0000 0.0000 0.0000	</row0>
			<row1>	0.0000 1.0000 0.0000 0.0000	</row1>
			<row2>	0.0000 0.0000 -1.0000 0.0000	</row2>
			<row3>	0.0991 0.7492 -3.4946 1.0000	</row3>
		</transform>
	</node>
	<node>
		<identifier>	MP_BM705_Ammunition_Box_INDEX_4	</identifier>
		<parent>	Scene Root	</parent>
		<transform>
			<row0>	-1.0000 0.0000 0.0000 0.0000	</row0>
			<row1>	0.0000 1.0000 0.0000 0.0000	</row1>
			<row2>	0.0000 0.0000 -1.0000 0.0000	</row2>
			<row3>	0.3060 0.5488 -2.8812 1.0000	</row3>
		</transform>
	</node>
	<node>
		<identifier>	MP_BM705_Ammunition_Box_INDEX_5	</identifier>
		<parent>	Scene Root	</parent>
		<transform>
			<row0>	0.0000 0.0000 1.0000 0.0000	</row0>
			<row1>	0.0000 1.0000 0.0000 0.0000	</row1>
			<row2>	-1.0000 0.0000 0.0000 0.0000	</row2>
			<row3>	-0.5380 0.5488 -2.5109 1.0000	</row3>
		</transform>
	</node>
	<node>
		<identifier>	MP_BM705_Ammunition_Box_INDEX_6	</identifier>
		<parent>	Scene Root	</parent>
		<transform>
			<row0>	-1.0000 0.0000 0.0000 0.0000	</row0>
			<row1>	0.0000 1.0000 0.0000 0.0000	</row1>
			<row2>	0.0000 0.0000 -1.0000 0.0000	</row2>
			<row3>	-0.0991 0.7492 -3.3989 1.0000	</row3>
		</transform>
	</node>
	<node>
		<identifier>	MP_BM705_Ammunition_Box_INDEX_7	</identifier>
		<parent>	Scene Root	</parent>
		<transform>
			<row0>	0.0000 0.0000 1.0000 0.0000	</row0>
			<row1>	0.0000 1.0000 0.0000 0.0000	</row1>
			<row2>	-1.0000 0.0000 0.0000 0.0000	</row2>
			<row3>	0.4095 0.5488 -2.8899 1.0000	</row3>
		</transform>
	</node>
	<node>
		<identifier>	MP_BM705_Ammunition_Box_INDEX_8	</identifier>
		<parent>	Scene Root	</parent>
		<transform>
			<row0>	-1.0000 0.0000 0.0000 0.0000	</row0>
			<row1>	0.0000 1.0000 0.0000 0.0000	</row1>
			<row2>	0.0000 0.0000 -1.0000 0.0000	</row2>
			<row3>	0.2428 0.7881 -2.2942 1.0000	</row3>
		</transform>
	</node>
	<node>
		<identifier>	MP_BM705_Ammunition_Box_INDEX_9	</identifier>
		<parent>	Scene Root	</parent>
		<transform>
			<row0>	0.0000 0.0000 -1.0000 0.0000	</row0>
			<row1>	0.0000 1.0000 0.0000 0.0000	</row1>
			<row2>	1.0000 0.0000 0.0000 0.0000	</row2>
			<row3>	-0.4095 0.5488 -2.8899 1.0000	</row3>
		</transform>
	</node>
	<node>
		<identifier>	MP_BM750_Deck_Hatch	</identifier>
		<parent>	Scene Root	</parent>
		<transform>
			<row0>	-1.0000 0.0000 0.0000 0.0000	</row0>
			<row1>	0.0000 1.0000 0.0000 0.0000	</row1>
			<row2>	0.0000 0.0000 -1.0000 0.0000	</row2>
			<row3>	-0.0010 0.7490 -3.5053 1.0000	</row3>
		</transform>
	</node>
	<node>
		<identifier>	MP_BM750_Deck_Hatch_INDEX_1	</identifier>
		<parent>	Scene Root	</parent>
		<transform>
			<row0>	1.0000 0.0000 0.0000 0.0000	</row0>
			<row1>	0.0000 1.0000 0.0000 0.0000	</row1>
			<row2>	0.0000 0.0000 1.0000 0.0000	</row2>
			<row3>	-0.1634 0.7490 -3.4506 1.0000	</row3>
		</transform>
	</node>
	<node>
		<identifier>	MP_BM752_Deck_Hatch	</identifier>
		<parent>	Scene Root	</parent>
		<transform>
			<row0>	0.0000 0.0000 1.0000 0.0000	</row0>
			<row1>	0.0000 1.0000 0.0000 0.0000	</row1>
			<row2>	-1.0000 0.0000 0.0000 0.0000	</row2>
			<row3>	-0.4473 0.3708 -0.0771 1.0000	</row3>
		</transform>
	</node>
	<node>
		<identifier>	MP_BM752_Deck_Hatch_INDEX_1	</identifier>
		<parent>	Scene Root	</parent>
		<transform>
			<row0>	0.0000 0.0000 -1.0000 0.0000	</row0>
			<row1>	0.0000 1.0000 0.0000 0.0000	</row1>
			<row2>	1.0000 0.0000 0.0000 0.0000	</row2>
			<row3>	0.4473 0.3708 -0.0771 1.0000	</row3>
		</transform>
	</node>
	<node>
		<identifier>	MP_BM753_Deck_Hatch	</identifier>
		<parent>	Scene Root	</parent>
		<transform>
			<row0>	-1.0000 0.0000 0.0000 0.0000	</row0>
			<row1>	0.0000 1.0000 0.0000 0.0000	</row1>
			<row2>	0.0000 0.0000 -1.0000 0.0000	</row2>
			<row3>	0.6991 0.5535 -2.9933 1.0000	</row3>
		</transform>
	</node>
	<node>
		<identifier>	MP_BM753_Deck_Hatch_INDEX_1	</identifier>
		<parent>	Scene Root	</parent>
		<transform>
			<row0>	0.0000 0.0000 1.0000 0.0000	</row0>
			<row1>	0.0000 1.0000 0.0000 0.0000	</row1>
			<row2>	-1.0000 0.0000 0.0000 0.0000	</row2>
			<row3>	0.0108 1.0467 -2.7716 1.0000	</row3>
		</transform>
	</node>
	<node>
		<identifier>	MP_BM850_Signal_lamp_10in	</identifier>
		<parent>	Scene Root	</parent>
		<transform>
			<row0>	0.0000 0.0000 -1.0000 0.0000	</row0>
			<row1>	0.0000 1.0000 0.0000 0.0000	</row1>
			<row2>	1.0000 0.0000 0.0000 0.0000	</row2>
			<row3>	-0.3237 0.8197 -3.5624 1.0000	</row3>
		</transform>
	</node>
	<node>
		<identifier>	MP_BM850_Signal_lamp_10in_INDEX_1	</identifier>
		<parent>	Scene Root	</parent>
		<transform>
			<row0>	0.0000 0.0000 1.0000 0.0000	</row0>
			<row1>	0.0000 1.0000 0.0000 0.0000	</row1>
			<row2>	-1.0000 0.0000 0.0000 0.0000	</row2>
			<row3>	0.3237 0.8197 -3.5624 1.0000	</row3>
		</transform>
	</node>
	<node>
		<identifier>	MP_BM852_Searchlight_44in	</identifier>
		<parent>	Scene Root	</parent>
		<transform>
			<row0>	0.0000 0.0000 1.0000 0.0000	</row0>
			<row1>	0.0000 1.0000 0.0000 0.0000	</row1>
			<row2>	-1.0000 0.0000 0.0000 0.0000	</row2>
			<row3>	-0.0882 0.9355 -1.1372 1.0000	</row3>
		</transform>
	</node>
	<node>
		<identifier>	MP_BM852_Searchlight_44in_INDEX_1	</identifier>
		<parent>	Scene Root	</parent>
		<transform>
			<row0>	0.0000 0.0000 -1.0000 0.0000	</row0>
			<row1>	0.0000 1.0000 0.0000 0.0000	</row1>
			<row2>	1.0000 0.0000 0.0000 0.0000	</row2>
			<row3>	0.0882 0.9355 -1.1372 1.0000	</row3>
		</transform>
	</node>
	<node>
		<identifier>	MP_BM858_Signal_Lamp	</identifier>
		<parent>	Scene Root	</parent>
		<transform>
			<row0>	1.0000 0.0000 0.0000 0.0000	</row0>
			<row1>	0.0000 1.0000 0.0000 0.0000	</row1>
			<row2>	0.0000 0.0000 1.0000 0.0000	</row2>
			<row3>	-0.3952 2.5387 -3.8485 1.0000	</row3>
		</transform>
	</node>
	<node>
		<identifier>	MP_BM858_Signal_Lamp_INDEX_1	</identifier>
		<parent>	Scene Root	</parent>
		<transform>
			<row0>	1.0000 0.0000 0.0000 0.0000	</row0>
			<row1>	0.0000 1.0000 0.0000 0.0000	</row1>
			<row2>	0.0000 0.0000 1.0000 0.0000	</row2>
			<row3>	0.3952 2.5387 -3.8485 1.0000	</row3>
		</transform>
	</node>
	<node>
		<identifier>	MP_BM871_Running_Lights_F	</identifier>
		<parent>	Scene Root	</parent>
		<transform>
			<row0>	1.0000 0.0000 0.0000 0.0000	</row0>
			<row1>	0.0000 1.0000 0.0000 0.0000	</row1>
			<row2>	0.0000 0.0000 1.0000 0.0000	</row2>
			<row3>	0.0000 2.6411 -3.8524 1.0000	</row3>
		</transform>
	</node>
	<node>
		<identifier>	MP_BM964_3ton_electrik_winch_R	</identifier>
		<parent>	Scene Root	</parent>
		<transform>
			<row0>	1.0000 0.0000 0.0000 0.0000	</row0>
			<row1>	0.0000 1.0000 0.0000 0.0000	</row1>
			<row2>	0.0000 0.0000 1.0000 0.0000	</row2>
			<row3>	-0.3803 0.5487 -4.0400 1.0000	</row3>
		</transform>
	</node>
	<node>
		<identifier>	MP_BM964_3ton_electrik_winch_R_INDEX_1	</identifier>
		<parent>	Scene Root	</parent>
		<transform>
			<row0>	-0.9234 0.0000 -0.3838 0.0000	</row0>
			<row1>	0.0000 1.0000 0.0000 0.0000	</row1>
			<row2>	0.3838 0.0000 -0.9234 0.0000	</row2>
			<row3>	0.6275 0.3587 -2.0173 1.0000	</row3>
		</transform>
	</node>
	<node>
		<identifier>	MP_BM965_3ton_electrik_winch_L	</identifier>
		<parent>	Scene Root	</parent>
		<transform>
			<row0>	1.0000 0.0000 0.0000 0.0000	</row0>
			<row1>	0.0000 1.0000 0.0000 0.0000	</row1>
			<row2>	0.0000 0.0000 1.0000 0.0000	</row2>
			<row3>	0.3803 0.5487 -4.0400 1.0000	</row3>
		</transform>
	</node>
	<node>
		<identifier>	MP_BM965_3ton_electrik_winch_L_INDEX_1	</identifier>
		<parent>	Scene Root	</parent>
		<transform>
			<row0>	-0.9263 0.0000 0.3768 0.0000	</row0>
			<row1>	0.0000 1.0000 0.0000 0.0000	</row1>
			<row2>	-0.3768 0.0000 -0.9263 0.0000	</row2>
			<row3>	-0.6272 0.3588 -2.0151 1.0000	</row3>
		</transform>
	</node>
	<node>
		<identifier>	MP_CM011_Fire_Fighting_Gear	</identifier>
		<parent>	Scene Root	</parent>
		<transform>
			<row0>	0.0000 0.0000 -1.0000 0.0000	</row0>
			<row1>	0.0000 1.0000 0.0000 0.0000	</row1>
			<row2>	1.0000 0.0000 0.0000 0.0000	</row2>
			<row3>	-0.3274 0.5499 -3.1647 1.0000	</row3>
		</transform>
	</node>
	<node>
		<identifier>	MP_CM011_Fire_Fighting_Gear_INDEX_1	</identifier>
		<parent>	Scene Root	</parent>
		<transform>
			<row0>	-0.3427 0.0000 -0.9395 0.0000	</row0>
			<row1>	0.0000 1.0000 0.0000 0.0000	</row1>
			<row2>	0.9395 0.0000 -0.3427 0.0000	</row2>
			<row3>	-0.3587 0.3682 -1.6481 1.0000	</row3>
		</transform>
	</node>
	<node>
		<identifier>	MP_CM011_Fire_Fighting_Gear_INDEX_2	</identifier>
		<parent>	Scene Root	</parent>
		<transform>
			<row0>	1.0000 0.0000 0.0000 0.0000	</row0>
			<row1>	0.0000 1.0000 0.0000 0.0000	</row1>
			<row2>	0.0000 0.0000 1.0000 0.0000	</row2>
			<row3>	0.0468 0.7504 -3.2869 1.0000	</row3>
		</transform>
	</node>
	<node>
		<identifier>	MP_CM011_Fire_Fighting_Gear_INDEX_3	</identifier>
		<parent>	Scene Root	</parent>
		<transform>
			<row0>	0.0000 0.0000 -1.0000 0.0000	</row0>
			<row1>	0.0000 1.0000 0.0000 0.0000	</row1>
			<row2>	1.0000 0.0000 0.0000 0.0000	</row2>
			<row3>	-0.4458 0.5499 -2.2656 1.0000	</row3>
		</transform>
	</node>
	<node>
		<identifier>	MP_CM011_Fire_Fighting_Gear_INDEX_4	</identifier>
		<parent>	Scene Root	</parent>
		<transform>
			<row0>	-0.3427 0.0000 0.9395 0.0000	</row0>
			<row1>	0.0000 1.0000 0.0000 0.0000	</row1>
			<row2>	-0.9395 0.0000 -0.3427 0.0000	</row2>
			<row3>	0.3587 0.3682 -1.6481 1.0000	</row3>
		</transform>
	</node>
	<node>
