<WGS2047_6in_50_BL_MkXXII_MkXVIII.skel_ext>
	<exported>	true	</exported>
	<node>
		<identifier>	MP_BM022_Flotanet	</identifier>
		<parent>	Rotate_Y	</parent>
		<transform>
			<row0>	0.9976 0.0000 -0.0698 0.0000	</row0>
			<row1>	0.0000 1.0000 0.0000 0.0000	</row1>
			<row2>	0.0698 0.0000 0.9976 0.0000	</row2>
			<row3>	0.0034 0.1344 -0.1059 1.0000	</row3>
		</transform>
	</node>
	<node>
		<identifier>	MP_BM022_Flotanet_INDEX_1	</identifier>
		<parent>	Rotate_Y	</parent>
		<transform>
			<row0>	-0.9998 0.0000 0.0175 0.0000	</row0>
			<row1>	0.0000 1.0000 0.0000 0.0000	</row1>
			<row2>	-0.0175 0.0000 -0.9998 0.0000	</row2>
			<row3>	-0.0458 0.1344 -0.1059 1.0000	</row3>
		</transform>
	</node>
	<node>
		<identifier>	MP_BM022_Flotanet_INDEX_2	</identifier>
		<parent>	Rotate_Y	</parent>
		<transform>
			<row0>	0.9994 0.0000 -0.0349 0.0000	</row0>
			<row1>	0.0000 1.0000 0.0000 0.0000	</row1>
			<row2>	0.0349 0.0000 0.9994 0.0000	</row2>
			<row3>	0.0454 0.1344 -0.1059 1.0000	</row3>
		</transform>
	</node>
	<node>
		<identifier>	MP_BM437_Ladder	</identifier>
		<parent>	Rotate_Y	</parent>
		<transform>
			<row0>	0.9912 -0.1144 0.0662 0.0000	</row0>
			<row1>	0.1144 0.9934 0.0039 0.0000	</row1>
			<row2>	-0.0662 0.0037 0.9978 0.0000	</row2>
			<row3>	-0.1698 0.0633 -0.0399 1.0000	</row3>
		</transform>
	</node>
	<node>
		<identifier>	MP_BM437_Ladder_INDEX_1	</identifier>
		<parent>	Rotate_Y	</parent>
		<transform>
			<row0>	-0.9746 -0.1130 0.1932 0.0000	</row0>
			<row1>	-0.1144 0.9934 0.0039 0.0000	</row1>
			<row2>	-0.1924 -0.0182 -0.9812 0.0000	</row2>
			<row3>	0.1698 0.0633 -0.0399 1.0000	</row3>
		</transform>
	</node>
	<node>
		<identifier>	MP_BM437_Ladder_INDEX_2	</identifier>
		<parent>	Rotate_Y	</parent>
		<transform>
			<row0>	0.9905 -0.0902 -0.1039 0.0000	</row0>
			<row1>	0.0906 0.9959 0.0000 0.0000	</row1>
			<row2>	0.1035 -0.0094 0.9946 0.0000	</row2>
			<row3>	-0.1740 0.0637 0.0261 1.0000	</row3>
		</transform>
	</node>
	<node>
		<identifier>	MP_BM437_Ladder_INDEX_3	</identifier>
		<parent>	Rotate_Y	</parent>
		<transform>
			<row0>	-0.9945 -0.0905 -0.0520 0.0000	</row0>
			<row1>	-0.0906 0.9959 0.0000 0.0000	</row1>
			<row2>	0.0518 0.0047 -0.9986 0.0000	</row2>
			<row3>	0.1740 0.0637 0.0261 1.0000	</row3>
		</transform>
	</node>
	<node>
		<identifier>	MP_BM450_Gun_Deck_for_BGM021	</identifier>
		<parent>	Rotate_Y	</parent>
		<transform>
			<row0>	1.0000 0.0000 0.0000 0.0000	</row0>
			<row1>	0.0000 1.0000 0.0000 0.0000	</row1>
			<row2>	0.0000 0.0000 1.0000 0.0000	</row2>
			<row3>	0.0000 0.1369 -0.0468 1.0000	</row3>
		</transform>
	</node>
	<node>
		<identifier>	MP_BM487_Ladder	</identifier>
		<parent>	Rotate_Y	</parent>
		<transform>
			<row0>	1.0000 0.0000 0.0000 0.0000	</row0>
			<row1>	0.0000 1.0000 0.0000 0.0000	</row1>
			<row2>	0.0000 0.0000 1.0000 0.0000	</row2>
			<row3>	0.0000 -0.0052 0.0000 1.0000	</row3>
		</transform>
	</node>
	<node>
		<identifier>	MP_BM488_Leers	</identifier>
		<parent>	Rotate_Y	</parent>
		<transform>
			<row0>	1.0000 0.0000 0.0000 0.0000	</row0>
			<row1>	0.0000 1.0000 0.0000 0.0000	</row1>
			<row2>	0.0000 0.0000 1.0000 0.0000	</row2>
			<row3>	0.0000 -0.0052 0.0000 1.0000	</row3>
		</transform>
	</node>
	<node>
		<identifier>	MP_BM509_Liferaft_type_20_10ft	</identifier>
		<parent>	Rotate_Y	</parent>
		<transform>
			<row0>	1.0000 0.0000 0.0000 0.0000	</row0>
			<row1>	0.0000 1.0000 0.0000 0.0000	</row1>
			<row2>	0.0000 0.0000 1.0000 0.0000	</row2>
			<row3>	0.0614 0.1344 -0.1217 1.0000	</row3>
		</transform>
	</node>
	<node>
		<identifier>	MP_BM509_Liferaft_type_20_10ft_INDEX_1	</identifier>
		<parent>	Rotate_Y	</parent>
		<transform>
			<row0>	1.0000 0.0000 0.0000 0.0000	</row0>
			<row1>	0.0000 1.0000 0.0000 0.0000	</row1>
			<row2>	0.0000 0.0000 1.0000 0.0000	</row2>
			<row3>	-0.0614 0.1344 -0.1217 1.0000	</row3>
		</transform>
	</node>
	<node>
		<identifier>	MP_BM704_Locker	</identifier>
		<parent>	Rotate_Y	</parent>
		<transform>
			<row0>	1.0000 0.0000 0.0000 0.0000	</row0>
			<row1>	0.0000 1.0000 0.0000 0.0000	</row1>
			<row2>	0.0000 0.0000 1.0000 0.0000	</row2>
			<row3>	0.0000 0.1703 -0.1565 1.0000	</row3>
		</transform>
	</node>
	<node>
		<identifier>	SP_YMS100_YGBS_M_1	</identifier>
		<parent>	Rotate_X	</parent>
		<transform>
			<row0>	0.4979 0.0000 0.0000 0.0000	</row0>
			<row1>	0.0000 0.4979 0.0000 0.0000	</row1>
			<row2>	0.0000 0.0000 0.4979 0.0000	</row2>
			<row3>	0.0663 0.0008 0.0381 1.0000	</row3>
		</transform>
	</node>
	<node>
		<identifier>	SP_YMS100_YGBS_M_1_INDEX_1	</identifier>
		<parent>	Rotate_X	</parent>
		<transform>
			<row0>	0.4979 0.0000 0.0000 0.0000	</row0>
			<row1>	0.0000 0.4979 0.0000 0.0000	</row1>
			<row2>	0.0000 0.0000 0.4979 0.0000	</row2>
			<row3>	-0.0663 0.0008 0.0381 1.0000	</row3>
		</transform>
	</node>
	<node>
		<identifier>	SP_YMS101_YGCS_M_1	</identifier>
		<parent>	Rotate_Y	</parent>
		<transform>
			<row0>	0.4820 0.0000 0.0000 0.0000	</row0>
			<row1>	0.0000 0.8742 0.0000 0.0000	</row1>
			<row2>	0.0000 0.0000 0.3001 0.0000	</row2>
			<row3>	0.0663 -0.0052 0.1813 1.0000	</row3>
		</transform>
	</node>
	<node>
		<identifier>	SP_YMS101_YGCS_M_1_INDEX_1	</identifier>
		<parent>	Rotate_Y	</parent>
		<transform>
			<row0>	0.4820 0.0000 0.0000 0.0000	</row0>
			<row1>	0.0000 0.8742 0.0000 0.0000	</row1>
			<row2>	0.0000 0.0000 0.3001 0.0000	</row2>
			<row3>	-0.0663 -0.0052 0.1813 1.0000	</row3>
		</transform>
	</node>
	<node>
		<identifier>	SP_YMS104_YGRS_M_1	</identifier>
		<parent>	Roll_Back1	</parent>
		<transform>
			<row0>	0.4666 0.0000 0.0000 0.0000	</row0>
			<row1>	0.0000 0.4666 0.0000 0.0000	</row1>
			<row2>	0.0000 0.0000 0.4666 0.0000	</row2>
			<row3>	0.0663 0.0000 0.0000 1.0000	</row3>
		</transform>
	</node>
	<node>
		<identifier>	SP_YMS104_YGRS_M_1_INDEX_1	</identifier>
		<parent>	Roll_Back1	</parent>
		<transform>
			<row0>	0.4666 0.0000 0.0000 0.0000	</row0>
			<row1>	0.0000 0.4666 0.0000 0.0000	</row1>
			<row2>	0.0000 0.0000 0.4666 0.0000	</row2>
			<row3>	-0.0663 0.0000 0.0000 1.0000	</row3>
		</transform>
	</node>
	<node>
		<identifier>	SP_YMS106_YGLL_M_1	</identifier>
		<parent>	Rotate_Y	</parent>
		<transform>
			<row0>	0.8139 -0.0854 0.2203 0.0000	</row0>
			<row1>	0.0854 0.8432 0.0113 0.0000	</row1>
			<row2>	-0.2203 0.0113 0.8183 0.0000	</row2>
			<row3>	-0.1317 0.0736 -0.1730 1.0000	</row3>
		</transform>
	</node>
	<node>
		<identifier>	SP_YMS107_YGLR_M_1	</identifier>
		<parent>	Rotate_Y	</parent>
		<transform>
			<row0>	0.8139 0.0854 -0.2203 0.0000	</row0>
			<row1>	-0.0854 0.8432 0.0113 0.0000	</row1>
			<row2>	0.2203 0.0113 0.8183 0.0000	</row2>
			<row3>	0.1317 0.0736 -0.1730 1.0000	</row3>
		</transform>
	</node>
</WGS2047_6in_50_BL_MkXXII_MkXVIII.skel_ext>
