<BSB004_Orion_1934_MidFront.skel_ext>
	<exported>	true	</exported>
	<node>
		<identifier>	MP_BM026_Reels	</identifier>
		<parent>	Scene Root	</parent>
		<transform>
			<row0>	0.5953 0.0000 0.0000 0.0000	</row0>
			<row1>	0.0000 0.5953 0.0000 0.0000	</row1>
			<row2>	0.0000 0.0000 0.5953 0.0000	</row2>
			<row3>	0.3382 0.4162 2.3453 1.0000	</row3>
		</transform>
	</node>
	<node>
		<identifier>	MP_BM026_Reels_INDEX_1	</identifier>
		<parent>	Scene Root	</parent>
		<transform>
			<row0>	0.5939 0.0000 -0.0407 0.0000	</row0>
			<row1>	0.0000 0.5953 0.0000 0.0000	</row1>
			<row2>	0.0407 0.0000 0.5939 0.0000	</row2>
			<row3>	-0.3722 0.4162 2.3405 1.0000	</row3>
		</transform>
	</node>
	<node>
		<identifier>	MP_BM027_Reels	</identifier>
		<parent>	Scene Root	</parent>
		<transform>
			<row0>	0.4172 0.0000 0.0000 0.0000	</row0>
			<row1>	0.0000 0.4172 0.0000 0.0000	</row1>
			<row2>	0.0000 0.0000 0.4172 0.0000	</row2>
			<row3>	-0.6075 0.5609 0.7406 1.0000	</row3>
		</transform>
	</node>
	<node>
		<identifier>	MP_BM027_Reels_INDEX_1	</identifier>
		<parent>	Scene Root	</parent>
		<transform>
			<row0>	0.4172 0.0000 0.0000 0.0000	</row0>
			<row1>	0.0000 0.4172 0.0000 0.0000	</row1>
			<row2>	0.0000 0.0000 0.4172 0.0000	</row2>
			<row3>	0.6075 0.5609 0.7406 1.0000	</row3>
		</transform>
	</node>
	<node>
		<identifier>	MP_BM037_Sounding_Machine	</identifier>
		<parent>	Scene Root	</parent>
		<transform>
			<row0>	1.0000 0.0000 0.0000 0.0000	</row0>
			<row1>	0.0000 1.0000 0.0000 0.0000	</row1>
			<row2>	0.0000 0.0000 1.0000 0.0000	</row2>
			<row3>	0.2182 0.7331 1.4515 1.0000	</row3>
		</transform>
	</node>
	<node>
		<identifier>	MP_BM037_Sounding_Machine_INDEX_1	</identifier>
		<parent>	Scene Root	</parent>
		<transform>
			<row0>	-1.0000 0.0000 0.0000 0.0000	</row0>
			<row1>	0.0000 1.0000 0.0000 0.0000	</row1>
			<row2>	0.0000 0.0000 -1.0000 0.0000	</row2>
			<row3>	-0.2182 0.7331 1.4515 1.0000	</row3>
		</transform>
	</node>
	<node>
		<identifier>	MP_BM086_Easter_egg_bow_Orion	</identifier>
		<parent>	Scene Root	</parent>
		<transform>
			<row0>	1.0000 0.0000 0.0000 0.0000	</row0>
			<row1>	0.0000 1.0000 0.0000 0.0000	</row1>
			<row2>	0.0000 0.0000 1.0000 0.0000	</row2>
			<row3>	0.0226 1.1422 1.3817 1.0000	</row3>
		</transform>
	</node>
	<node>
		<identifier>	MP_BM501_Cutter_32ft	</identifier>
		<parent>	Scene Root	</parent>
		<transform>
			<row0>	0.9842 0.1645 -0.0662 0.0000	</row0>
			<row1>	-0.1646 0.9864 0.0035 0.0000	</row1>
			<row2>	0.0659 0.0074 0.9978 0.0000	</row2>
			<row3>	-0.9729 0.6214 1.0064 1.0000	</row3>
		</transform>
	</node>
	<node>
		<identifier>	MP_BM501_Cutter_32ft_INDEX_1	</identifier>
		<parent>	Scene Root	</parent>
		<transform>
			<row0>	0.9842 -0.1645 0.0662 0.0000	</row0>
			<row1>	0.1646 0.9864 0.0035 0.0000	</row1>
			<row2>	-0.0659 0.0074 0.9978 0.0000	</row2>
			<row3>	0.9729 0.6214 1.0064 1.0000	</row3>
		</transform>
	</node>
	<node>
		<identifier>	MP_BM530_Galley_32ft	</identifier>
		<parent>	Scene Root	</parent>
		<transform>
			<row0>	1.0000 0.0000 0.0000 0.0000	</row0>
			<row1>	0.0000 1.0000 0.0000 0.0000	</row1>
			<row2>	0.0000 0.0000 1.0000 0.0000	</row2>
			<row3>	-0.7601 0.2803 -0.2496 1.0000	</row3>
		</transform>
	</node>
	<node>
		<identifier>	MP_BM530_Galley_32ft_INDEX_1	</identifier>
		<parent>	Scene Root	</parent>
		<transform>
			<row0>	1.0000 0.0000 0.0000 0.0000	</row0>
			<row1>	0.0000 1.0000 0.0000 0.0000	</row1>
			<row2>	0.0000 0.0000 1.0000 0.0000	</row2>
			<row3>	0.7601 0.2803 -0.2496 1.0000	</row3>
		</transform>
	</node>
	<node>
		<identifier>	MP_BM600_Sky_lookout	</identifier>
		<parent>	Scene Root	</parent>
		<transform>
			<row0>	-0.7071 0.0000 -0.7071 0.0000	</row0>
			<row1>	0.0000 1.0000 0.0000 0.0000	</row1>
			<row2>	0.7071 0.0000 -0.7071 0.0000	</row2>
			<row3>	0.0638 1.0768 1.5541 1.0000	</row3>
		</transform>
	</node>
	<node>
		<identifier>	MP_BM600_Sky_lookout_INDEX_1	</identifier>
		<parent>	Scene Root	</parent>
		<transform>
			<row0>	-0.7071 0.0000 0.7071 0.0000	</row0>
			<row1>	0.0000 1.0000 0.0000 0.0000	</row1>
			<row2>	-0.7071 0.0000 -0.7071 0.0000	</row2>
			<row3>	0.0952 1.9703 0.5954 1.0000	</row3>
		</transform>
	</node>
	<node>
		<identifier>	MP_BM600_Sky_lookout_INDEX_2	</identifier>
		<parent>	Scene Root	</parent>
		<transform>
			<row0>	0.7071 0.0000 0.7071 0.0000	</row0>
			<row1>	0.0000 1.0000 0.0000 0.0000	</row1>
			<row2>	-0.7071 0.0000 0.7071 0.0000	</row2>
			<row3>	-0.0952 1.9703 0.5955 1.0000	</row3>
		</transform>
	</node>
	<node>
		<identifier>	MP_BM600_Sky_lookout_INDEX_3	</identifier>
		<parent>	Scene Root	</parent>
		<transform>
			<row0>	0.7071 0.0000 -0.7071 0.0000	</row0>
			<row1>	0.0000 1.0000 0.0000 0.0000	</row1>
			<row2>	0.7071 0.0000 0.7071 0.0000	</row2>
			<row3>	-0.0638 1.0768 1.5541 1.0000	</row3>
		</transform>
	</node>
	<node>
		<identifier>	MP_BM603_Compass_Binnacle	</identifier>
		<parent>	Scene Root	</parent>
		<transform>
			<row0>	1.0000 0.0000 0.0000 0.0000	</row0>
			<row1>	0.0000 1.0000 0.0000 0.0000	</row1>
			<row2>	0.0000 0.0000 1.0000 0.0000	</row2>
			<row3>	-0.0076 0.9366 1.4426 1.0000	</row3>
		</transform>
	</node>
	<node>
		<identifier>	MP_BM603_Compass_Binnacle_INDEX_1	</identifier>
		<parent>	Scene Root	</parent>
		<transform>
			<row0>	1.0000 0.0000 0.0000 0.0000	</row0>
			<row1>	0.0000 1.0000 0.0000 0.0000	</row1>
			<row2>	0.0000 0.0000 1.0000 0.0000	</row2>
			<row3>	0.0000 1.1013 1.7417 1.0000	</row3>
		</transform>
	</node>
	<node>
		<identifier>	MP_BM604_Voice_Tube	</identifier>
		<parent>	Scene Root	</parent>
		<transform>
			<row0>	-0.4128 0.0000 0.9108 0.0000	</row0>
			<row1>	0.0000 1.0000 0.0000 0.0000	</row1>
			<row2>	-0.9108 0.0000 -0.4128 0.0000	</row2>
			<row3>	-0.0354 1.1013 1.6973 1.0000	</row3>
		</transform>
	</node>
	<node>
		<identifier>	MP_BM604_Voice_Tube_INDEX_1	</identifier>
		<parent>	Scene Root	</parent>
		<transform>
			<row0>	0.8124 0.0000 0.5830 0.0000	</row0>
			<row1>	0.0000 1.0000 0.0000 0.0000	</row1>
			<row2>	-0.5830 0.0000 0.8124 0.0000	</row2>
			<row3>	0.0683 1.9703 0.7080 1.0000	</row3>
		</transform>
	</node>
	<node>
		<identifier>	MP_BM604_Voice_Tube_INDEX_2	</identifier>
		<parent>	Scene Root	</parent>
		<transform>
			<row0>	-0.4128 0.0000 -0.9108 0.0000	</row0>
			<row1>	0.0000 1.0000 0.0000 0.0000	</row1>
			<row2>	0.9108 0.0000 -0.4128 0.0000	</row2>
			<row3>	0.0745 1.0776 1.6007 1.0000	</row3>
		</transform>
	</node>
	<node>
		<identifier>	MP_BM604_Voice_Tube_INDEX_3	</identifier>
		<parent>	Scene Root	</parent>
		<transform>
			<row0>	0.8124 0.0000 -0.5830 0.0000	</row0>
			<row1>	0.0000 1.0000 0.0000 0.0000	</row1>
			<row2>	0.5830 0.0000 0.8124 0.0000	</row2>
			<row3>	-0.0683 1.9703 0.7080 1.0000	</row3>
		</transform>
	</node>
	<node>
		<identifier>	MP_BM604_Voice_Tube_INDEX_4	</identifier>
		<parent>	Scene Root	</parent>
		<transform>
			<row0>	-0.4128 0.0000 0.9108 0.0000	</row0>
			<row1>	0.0000 1.0000 0.0000 0.0000	</row1>
			<row2>	-0.9108 0.0000 -0.4128 0.0000	</row2>
			<row3>	-0.0745 1.0776 1.6007 1.0000	</row3>
		</transform>
	</node>
	<node>
		<identifier>	MP_BM607_Telegraph_Engine_R	</identifier>
		<parent>	Scene Root	</parent>
		<transform>
			<row0>	0.0000 0.0000 -1.0000 0.0000	</row0>
			<row1>	0.0000 1.0000 0.0000 0.0000	</row1>
			<row2>	1.0000 0.0000 0.0000 0.0000	</row2>
			<row3>	0.0967 0.9366 1.3298 1.0000	</row3>
		</transform>
	</node>
	<node>
		<identifier>	MP_BM607_Telegraph_Engine_R_INDEX_1	</identifier>
		<parent>	Scene Root	</parent>
		<transform>
			<row0>	0.0000 0.0000 1.0000 0.0000	</row0>
			<row1>	0.0000 1.0000 0.0000 0.0000	</row1>
			<row2>	-1.0000 0.0000 0.0000 0.0000	</row2>
			<row3>	-0.0967 0.9366 1.3298 1.0000	</row3>
		</transform>
	</node>
	<node>
		<identifier>	MP_BM607_Telegraph_Engine_R_INDEX_2	</identifier>
		<parent>	Scene Root	</parent>
		<transform>
			<row0>	1.0000 0.0000 0.0000 0.0000	</row0>
			<row1>	0.0000 1.0000 0.0000 0.0000	</row1>
			<row2>	0.0000 0.0000 1.0000 0.0000	</row2>
			<row3>	-0.0615 0.9365 1.4114 1.0000	</row3>
		</transform>
	</node>
	<node>
		<identifier>	MP_BM614_Switch_box	</identifier>
		<parent>	Scene Root	</parent>
		<transform>
			<row0>	-0.8987 0.0000 -0.4385 0.0000	</row0>
			<row1>	0.0000 1.0000 0.0000 0.0000	</row1>
			<row2>	0.4385 0.0000 -0.8987 0.0000	</row2>
			<row3>	0.0444 2.0366 0.7014 1.0000	</row3>
		</transform>
	</node>
	<node>
		<identifier>	MP_BM614_Switch_box_INDEX_1	</identifier>
		<parent>	Scene Root	</parent>
		<transform>
			<row0>	-0.7474 0.0000 -0.6643 0.0000	</row0>
			<row1>	-0.0128 0.9998 0.0145 0.0000	</row1>
			<row2>	0.6642 0.0193 -0.7473 0.0000	</row2>
			<row3>	-0.1120 0.9941 1.4493 1.0000	</row3>
		</transform>
	</node>
	<node>
		<identifier>	MP_BM624_Speaker	</identifier>
		<parent>	Scene Root	</parent>
		<transform>
			<row0>	-0.9586 0.0000 -0.2848 0.0000	</row0>
			<row1>	0.0000 1.0000 0.0000 0.0000	</row1>
			<row2>	0.2848 0.0000 -0.9586 0.0000	</row2>
			<row3>	-0.1555 0.8337 1.0196 1.0000	</row3>
		</transform>
	</node>
	<node>
		<identifier>	MP_BM624_Speaker_INDEX_1	</identifier>
		<parent>	Scene Root	</parent>
		<transform>
			<row0>	-0.9586 0.0000 0.2848 0.0000	</row0>
			<row1>	0.0000 1.0000 0.0000 0.0000	</row1>
			<row2>	-0.2848 0.0000 -0.9586 0.0000	</row2>
			<row3>	0.1555 0.8337 1.0196 1.0000	</row3>
		</transform>
	</node>
	<node>
		<identifier>	MP_BM624_Speaker_INDEX_2	</identifier>
		<parent>	Scene Root	</parent>
		<transform>
			<row0>	0.9651 0.0007 0.2619 0.0000	</row0>
			<row1>	0.0167 0.9978 -0.0641 0.0000	</row1>
			<row2>	-0.2614 0.0663 0.9630 0.0000	</row2>
			<row3>	0.1619 0.7744 0.9222 1.0000	</row3>
		</transform>
	</node>
	<node>
		<identifier>	MP_BM624_Speaker_INDEX_3	</identifier>
		<parent>	Scene Root	</parent>
		<transform>
			<row0>	0.9651 -0.0007 -0.2619 0.0000	</row0>
			<row1>	-0.0167 0.9978 -0.0641 0.0000	</row1>
			<row2>	0.2614 0.0663 0.9630 0.0000	</row2>
			<row3>	-0.1619 0.7744 0.9222 1.0000	</row3>
		</transform>
	</node>
	<node>
		<identifier>	MP_BM625_Telephone	</identifier>
		<parent>	Scene Root	</parent>
		<transform>
			<row0>	0.0000 0.0000 -1.0000 0.0000	</row0>
			<row1>	0.0000 1.0000 0.0000 0.0000	</row1>
			<row2>	1.0000 0.0000 0.0000 0.0000	</row2>
			<row3>	0.0795 1.1451 1.5870 1.0000	</row3>
		</transform>
	</node>
	<node>
		<identifier>	MP_BM625_Telephone_INDEX_1	</identifier>
		<parent>	Scene Root	</parent>
		<transform>
			<row0>	0.8844 0.0000 -0.4667 0.0000	</row0>
			<row1>	0.0000 1.0000 0.0000 0.0000	</row1>
			<row2>	0.4667 0.0000 0.8844 0.0000	</row2>
			<row3>	-0.0448 2.0366 0.7005 1.0000	</row3>
		</transform>
	</node>
	<node>
		<identifier>	MP_BM625_Telephone_INDEX_2	</identifier>
		<parent>	Scene Root	</parent>
		<transform>
			<row0>	0.7417 0.0000 -0.6707 0.0000	</row0>
			<row1>	0.0000 1.0000 0.0000 0.0000	</row1>
			<row2>	0.6707 0.0000 0.7417 0.0000	</row2>
			<row3>	0.1384 0.9983 1.4249 1.0000	</row3>
		</transform>
	</node>
	<node>
		<identifier>	MP_BM625_Telephone_INDEX_3	</identifier>
		<parent>	Scene Root	</parent>
		<transform>
			<row0>	0.0000 0.0000 1.0000 0.0000	</row0>
			<row1>	0.0000 1.0000 0.0000 0.0000	</row1>
			<row2>	-1.0000 0.0000 0.0000 0.0000	</row2>
			<row3>	-0.0795 1.1461 1.5877 1.0000	</row3>
		</transform>
	</node>
	<node>
		<identifier>	MP_BM625_Telephone_INDEX_4	</identifier>
		<parent>	Scene Root	</parent>
		<transform>
			<row0>	0.7417 0.0000 0.6707 0.0000	</row0>
			<row1>	0.0000 1.0000 0.0000 0.0000	</row1>
			<row2>	-0.6707 0.0000 0.7417 0.0000	</row2>
			<row3>	-0.1384 0.9983 1.4249 1.0000	</row3>
		</transform>
	</node>
	<node>
		<identifier>	MP_BM701_Locker	</identifier>
		<parent>	Scene Root	</parent>
		<transform>
			<row0>	1.0000 0.0000 0.0000 0.0000	</row0>
			<row1>	0.0000 1.0000 0.0000 0.0000	</row1>
			<row2>	0.0000 0.0000 1.0000 0.0000	</row2>
			<row3>	-0.0018 0.5610 0.1029 1.0000	</row3>
		</transform>
	</node>
	<node>
		<identifier>	MP_BM701_Locker_INDEX_1	</identifier>
		<parent>	Scene Root	</parent>
		<transform>
			<row0>	-1.0000 0.0000 0.0000 0.0000	</row0>
			<row1>	0.0000 1.0000 0.0000 0.0000	</row1>
			<row2>	0.0000 0.0000 -1.0000 0.0000	</row2>
			<row3>	0.1973 0.5610 0.8817 1.0000	</row3>
		</transform>
	</node>
	<node>
		<identifier>	MP_BM701_Locker_INDEX_2	</identifier>
		<parent>	Scene Root	</parent>
		<transform>
			<row0>	-1.0000 0.0000 0.0000 0.0000	</row0>
			<row1>	0.0000 1.0000 0.0000 0.0000	</row1>
			<row2>	0.0000 0.0000 -1.0000 0.0000	</row2>
			<row3>	-0.1973 0.5610 0.8817 1.0000	</row3>
		</transform>
	</node>
	<node>
		<identifier>	MP_BM702_Flag_box	</identifier>
		<parent>	Scene Root	</parent>
		<transform>
			<row0>	0.6073 0.0000 -1.0282 0.0000	</row0>
			<row1>	0.0000 1.0571 0.0000 0.0000	</row1>
			<row2>	1.0062 0.0000 0.5942 0.0000	</row2>
			<row3>	0.5513 0.5610 1.0603 1.0000	</row3>
		</transform>
	</node>
	<node>
		<identifier>	MP_BM702_Flag_box_INDEX_1	</identifier>
		<parent>	Scene Root	</parent>
		<transform>
			<row0>	0.6073 0.0000 -1.0282 0.0000	</row0>
			<row1>	0.0000 1.0571 0.0000 0.0000	</row1>
			<row2>	1.0062 0.0000 0.5942 0.0000	</row2>
			<row3>	0.4678 0.5610 1.2015 1.0000	</row3>
		</transform>
	</node>
	<node>
		<identifier>	MP_BM702_Flag_box_INDEX_2	</identifier>
		<parent>	Scene Root	</parent>
		<transform>
			<row0>	0.6073 0.0000 1.0282 0.0000	</row0>
			<row1>	0.0000 1.0571 0.0000 0.0000	</row1>
			<row2>	-1.0062 0.0000 0.5942 0.0000	</row2>
			<row3>	-0.5513 0.5610 1.0603 1.0000	</row3>
		</transform>
	</node>
	<node>
		<identifier>	MP_BM702_Flag_box_INDEX_3	</identifier>
		<parent>	Scene Root	</parent>
		<transform>
			<row0>	0.6073 0.0000 1.0282 0.0000	</row0>
			<row1>	0.0000 1.0571 0.0000 0.0000	</row1>
			<row2>	-1.0062 0.0000 0.5942 0.0000	</row2>
			<row3>	-0.4678 0.5610 1.2015 1.0000	</row3>
		</transform>
	</node>
	<node>
		<identifier>	MP_BM706_Ammunition_Box	</identifier>
		<parent>	Scene Root	</parent>
		<transform>
			<row0>	0.0000 0.0000 -1.0000 0.0000	</row0>
			<row1>	0.0000 1.0000 0.0000 0.0000	</row1>
			<row2>	1.0000 0.0000 0.0000 0.0000	</row2>
			<row3>	-0.0333 0.5610 0.3591 1.0000	</row3>
		</transform>
	</node>
	<node>
		<identifier>	MP_BM706_Ammunition_Box_INDEX_1	</identifier>
		<parent>	Scene Root	</parent>
		<transform>
			<row0>	0.0000 0.0000 1.0000 0.0000	</row0>
			<row1>	0.0000 1.0000 0.0000 0.0000	</row1>
			<row2>	-1.0000 0.0000 0.0000 0.0000	</row2>
			<row3>	0.0333 0.5610 0.3591 1.0000	</row3>
		</transform>
	</node>
	<node>
		<identifier>	MP_BM751_Deck_Hatch	</identifier>
		<parent>	Scene Root	</parent>
		<transform>
			<row0>	-1.0000 0.0000 0.0000 0.0000	</row0>
			<row1>	0.0000 1.0000 0.0000 0.0000	</row1>
			<row2>	0.0000 0.0000 -1.0000 0.0000	</row2>
			<row3>	-0.0012 0.4129 2.7350 1.0000	</row3>
		</transform>
	</node>
	<node>
		<identifier>	MP_BM754_Deck_Hatch	</identifier>
		<parent>	Scene Root	</parent>
		<transform>
			<row0>	0.8575 0.0000 0.0000 0.0000	</row0>
			<row1>	0.0000 0.8575 0.0000 0.0000	</row1>
			<row2>	0.0000 0.0000 0.8575 0.0000	</row2>
			<row3>	-0.2088 0.4214 2.8128 1.0000	</row3>
		</transform>
	</node>
	<node>
		<identifier>	MP_BM754_Deck_Hatch_INDEX_1	</identifier>
		<parent>	Scene Root	</parent>
		<transform>
			<row0>	-1.0000 0.0000 0.0000 0.0000	</row0>
			<row1>	0.0000 1.0000 0.0000 0.0000	</row1>
			<row2>	0.0000 0.0000 -1.0000 0.0000	</row2>
			<row3>	0.3970 0.5610 0.4380 1.0000	</row3>
		</transform>
	</node>
	<node>
		<identifier>	MP_BM754_Deck_Hatch_INDEX_10	</identifier>
		<parent>	Scene Root	</parent>
		<transform>
			<row0>	1.0000 0.0000 0.0000 0.0000	</row0>
			<row1>	0.0000 1.0000 0.0000 0.0000	</row1>
			<row2>	0.0000 0.0000 1.0000 0.0000	</row2>
			<row3>	-0.3970 0.5610 0.4380 1.0000	</row3>
		</transform>
	</node>
	<node>
		<identifier>	MP_BM754_Deck_Hatch_INDEX_2	</identifier>
		<parent>	Scene Root	</parent>
		<transform>
			<row0>	0.0000 0.0000 -0.7498 0.0000	</row0>
			<row1>	0.0000 0.7498 0.0000 0.0000	</row1>
			<row2>	0.7498 0.0000 0.0000 0.0000	</row2>
			<row3>	0.0016 0.5632 0.9285 1.0000	</row3>
		</transform>
	</node>
	<node>
		<identifier>	MP_BM754_Deck_Hatch_INDEX_3	</identifier>
		<parent>	Scene Root	</parent>
		<transform>
			<row0>	0.0000 0.0000 -0.7860 0.0000	</row0>
			<row1>	0.0000 0.7860 0.0000 0.0000	</row1>
			<row2>	0.7860 0.0000 0.0000 0.0000	</row2>
			<row3>	0.2395 0.2671 -0.4539 1.0000	</row3>
		</transform>
	</node>
	<node>
		<identifier>	MP_BM754_Deck_Hatch_INDEX_4	</identifier>
		<parent>	Scene Root	</parent>
		<transform>
			<row0>	-0.8575 0.0000 0.0000 0.0000	</row0>
			<row1>	0.0000 0.8575 0.0000 0.0000	</row1>
			<row2>	0.0000 0.0000 -0.8575 0.0000	</row2>
			<row3>	0.2088 0.4214 2.8128 1.0000	</row3>
		</transform>
	</node>
	<node>
		<identifier>	MP_BM754_Deck_Hatch_INDEX_5	</identifier>
		<parent>	Scene Root	</parent>
		<transform>
			<row0>	0.0000 0.0000 -0.7860 0.0000	</row0>
			<row1>	0.0000 0.7860 0.0000 0.0000	</row1>
			<row2>	0.7860 0.0000 0.0000 0.0000	</row2>
			<row3>	-0.2395 0.2671 -0.4539 1.0000	</row3>
		</transform>
	</node>
	<node>
		<identifier>	MP_BM754_Deck_Hatch_INDEX_6	</identifier>
		<parent>	Scene Root	</parent>
		<transform>
			<row0>	0.0000 0.0000 -0.8575 0.0000	</row0>
			<row1>	0.0000 0.8575 0.0000 0.0000	</row1>
			<row2>	0.8575 0.0000 0.0000 0.0000	</row2>
			<row3>	0.2983 0.4231 2.9573 1.0000	</row3>
		</transform>
	</node>
	<node>
		<identifier>	MP_BM754_Deck_Hatch_INDEX_7	</identifier>
		<parent>	Scene Root	</parent>
		<transform>
			<row0>	0.0000 0.0000 -0.8575 0.0000	</row0>
			<row1>	0.0000 0.8575 0.0000 0.0000	</row1>
			<row2>	0.8575 0.0000 0.0000 0.0000	</row2>
			<row3>	-0.2983 0.4231 2.9573 1.0000	</row3>
		</transform>
	</node>
	<node>
		<identifier>	MP_BM754_Deck_Hatch_INDEX_8	</identifier>
		<parent>	Scene Root	</parent>
		<transform>
			<row0>	0.6853 0.0000 0.0000 0.0000	</row0>
			<row1>	0.0000 0.6853 0.0000 0.0000	</row1>
			<row2>	0.0000 0.0000 0.6853 0.0000	</row2>
			<row3>	-0.0949 0.5624 0.1292 1.0000	</row3>
		</transform>
	</node>
	<node>
		<identifier>	MP_BM754_Deck_Hatch_INDEX_9	</identifier>
		<parent>	Scene Root	</parent>
		<transform>
			<row0>	-0.6853 0.0000 0.0000 0.0000	</row0>
			<row1>	0.0000 0.6853 0.0000 0.0000	</row1>
			<row2>	0.0000 0.0000 -0.6853 0.0000	</row2>
			<row3>	0.0975 0.5624 0.1292 1.0000	</row3>
		</transform>
	</node>
	<node>
		<identifier>	MP_BM757_Hatch	</identifier>
		<parent>	Scene Root	</parent>
		<transform>
			<row0>	0.0000 0.0000 0.8541 0.0000	</row0>
			<row1>	0.0000 0.8541 0.0000 0.0000	</row1>
			<row2>	-0.9527 0.0000 0.0000 0.0000	</row2>
			<row3>	-0.5944 0.2651 -0.4314 1.0000	</row3>
		</transform>
	</node>
	<node>
		<identifier>	MP_BM757_Hatch_INDEX_1	</identifier>
		<parent>	Scene Root	</parent>
		<transform>
			<row0>	0.0000 0.0000 0.8922 0.0000	</row0>
			<row1>	0.0000 0.8922 0.0000 0.0000	</row1>
			<row2>	-0.6805 0.0000 0.0000 0.0000	</row2>
			<row3>	-0.3296 0.4186 2.5708 1.0000	</row3>
		</transform>
	</node>
	<node>
		<identifier>	MP_BM800_Ventilators_mushroom	</identifier>
		<parent>	Scene Root	</parent>
		<transform>
			<row0>	-0.6596 0.0000 -0.0234 0.0000	</row0>
			<row1>	0.0000 0.6600 0.0000 0.0000	</row1>
			<row2>	0.0234 0.0000 -0.6596 0.0000	</row2>
			<row3>	-0.3236 0.4172 2.6214 1.0000	</row3>
		</transform>
	</node>
	<node>
		<identifier>	MP_BM800_Ventilators_mushroom_INDEX_1	</identifier>
		<parent>	Scene Root	</parent>
		<transform>
			<row0>	-0.3706 0.0000 -0.5461 0.0000	</row0>
			<row1>	0.0000 0.6600 0.0000 0.0000	</row1>
			<row2>	0.5461 0.0000 -0.3706 0.0000	</row2>
			<row3>	0.2867 0.4179 2.9993 1.0000	</row3>
		</transform>
	</node>
	<node>
		<identifier>	MP_BM800_Ventilators_mushroom_INDEX_10	</identifier>
		<parent>	Scene Root	</parent>
		<transform>
			<row0>	-0.3706 0.0000 -0.5461 0.0000	</row0>
			<row1>	0.0000 0.6600 0.0000 0.0000	</row1>
			<row2>	0.5461 0.0000 -0.3706 0.0000	</row2>
			<row3>	0.1416 0.4172 2.5998 1.0000	</row3>
		</transform>
	</node>
	<node>
		<identifier>	MP_BM800_Ventilators_mushroom_INDEX_11	</identifier>
		<parent>	Scene Root	</parent>
		<transform>
			<row0>	-0.4452 0.0000 0.6562 0.0000	</row0>
			<row1>	0.0000 0.7930 0.0000 0.0000	</row1>
			<row2>	-0.6562 0.0000 -0.4452 0.0000	</row2>
			<row3>	-0.2018 0.5593 1.6599 1.0000	</row3>
		</transform>
	</node>
	<node>
		<identifier>	MP_BM800_Ventilators_mushroom_INDEX_2	</identifier>
		<parent>	Scene Root	</parent>
		<transform>
			<row0>	-0.3857 0.0000 -0.5684 0.0000	</row0>
			<row1>	0.0000 0.6869 0.0000 0.0000	</row1>
			<row2>	0.5684 0.0000 -0.3857 0.0000	</row2>
			<row3>	-0.2885 0.4192 3.0001 1.0000	</row3>
		</transform>
	</node>
	<node>
		<identifier>	MP_BM800_Ventilators_mushroom_INDEX_3	</identifier>
		<parent>	Scene Root	</parent>
		<transform>
			<row0>	-0.4452 0.0000 -0.6562 0.0000	</row0>
			<row1>	0.0000 0.7930 0.0000 0.0000	</row1>
			<row2>	0.6562 0.0000 -0.4452 0.0000	</row2>
			<row3>	0.2018 0.5593 1.6599 1.0000	</row3>
		</transform>
	</node>
	<node>
		<identifier>	MP_BM800_Ventilators_mushroom_INDEX_4	</identifier>
		<parent>	Scene Root	</parent>
		<transform>
			<row0>	-0.6703 0.0000 0.1801 0.0000	</row0>
			<row1>	0.0000 0.6941 0.0000 0.0000	</row1>
			<row2>	-0.1801 0.0000 -0.6703 0.0000	</row2>
			<row3>	-0.2557 0.2621 -0.4094 1.0000	</row3>
		</transform>
	</node>
	<node>
		<identifier>	MP_BM800_Ventilators_mushroom_INDEX_5	</identifier>
		<parent>	Scene Root	</parent>
		<transform>
			<row0>	-0.8096 0.0000 -0.3493 0.0000	</row0>
			<row1>	0.0000 0.8817 0.0000 0.0000	</row1>
			<row2>	0.3493 0.0000 -0.8096 0.0000	</row2>
			<row3>	-0.3260 0.4192 2.9999 1.0000	</row3>
		</transform>
	</node>
	<node>
		<identifier>	MP_BM800_Ventilators_mushroom_INDEX_6	</identifier>
		<parent>	Scene Root	</parent>
		<transform>
			<row0>	-0.7175 0.0000 -0.3104 0.0000	</row0>
			<row1>	0.0000 0.7818 0.0000 0.0000	</row1>
			<row2>	0.3104 0.0000 -0.7175 0.0000	</row2>
			<row3>	0.0165 0.4183 2.8289 1.0000	</row3>
		</transform>
	</node>
	<node>
		<identifier>	MP_BM800_Ventilators_mushroom_INDEX_7	</identifier>
		<parent>	Scene Root	</parent>
		<transform>
			<row0>	-0.9020 0.0000 -0.3902 0.0000	</row0>
			<row1>	0.0000 0.9828 0.0000 0.0000	</row1>
			<row2>	0.3902 0.0000 -0.9020 0.0000	</row2>
			<row3>	-0.1925 0.4191 2.8825 1.0000	</row3>
		</transform>
	</node>
	<node>
		<identifier>	MP_BM800_Ventilators_mushroom_INDEX_8	</identifier>
		<parent>	Scene Root	</parent>
		<transform>
			<row0>	-0.7295 0.0000 -0.2834 0.0000	</row0>
			<row1>	0.0000 0.7826 0.0000 0.0000	</row1>
			<row2>	0.2834 0.0000 -0.7295 0.0000	</row2>
			<row3>	0.2557 0.2621 -0.4101 1.0000	</row3>
		</transform>
	</node>
	<node>
		<identifier>	MP_BM800_Ventilators_mushroom_INDEX_9	</identifier>
		<parent>	Scene Root	</parent>
		<transform>
			<row0>	-0.8381 0.0000 0.1568 0.0000	</row0>
			<row1>	0.0000 0.8527 0.0000 0.0000	</row1>
			<row2>	-0.1568 0.0000 -0.8381 0.0000	</row2>
			<row3>	-0.2157 0.4172 2.5497 1.0000	</row3>
		</transform>
	</node>
	<node>
		<identifier>	MP_BM850_Signal_lamp_10in	</identifier>
		<parent>	Scene Root	</parent>
		<transform>
			<row0>	-1.0000 0.0000 0.0000 0.0000	</row0>
			<row1>	0.0000 1.0000 0.0000 0.0000	</row1>
			<row2>	0.0000 0.0000 -1.0000 0.0000	</row2>
			<row3>	-0.2000 1.1507 1.3940 1.0000	</row3>
		</transform>
	</node>
	<node>
		<identifier>	MP_BM850_Signal_lamp_10in_INDEX_1	</identifier>
		<parent>	Scene Root	</parent>
		<transform>
			<row0>	-1.0000 0.0000 0.0000 0.0000	</row0>
			<row1>	0.0000 1.0000 0.0000 0.0000	</row1>
			<row2>	0.0000 0.0000 -1.0000 0.0000	</row2>
			<row3>	0.2000 1.1507 1.3940 1.0000	</row3>
		</transform>
	</node>
	<node>
		<identifier>	MP_BM858_Signal_Lamp	</identifier>
		<parent>	Scene Root	</parent>
		<transform>
			<row0>	1.0000 0.0000 0.0000 0.0000	</row0>
			<row1>	0.0000 1.0000 0.0000 0.0000	</row1>
			<row2>	0.0000 0.0000 1.0000 0.0000	</row2>
			<row3>	-0.5991 1.7798 0.8677 1.0000	</row3>
		</transform>
	</node>
	<node>
		<identifier>	MP_BM858_Signal_Lamp_INDEX_1	</identifier>
		<parent>	Scene Root	</parent>
		<transform>
			<row0>	1.0000 0.0000 0.0000 0.0000	</row0>
			<row1>	0.0000 1.0000 0.0000 0.0000	</row1>
			<row2>	0.0000 0.0000 1.0000 0.0000	</row2>
			<row3>	0.5991 1.7798 0.8677 1.0000	</row3>
		</transform>
	</node>
	<node>
		<identifier>	MP_BM864_Signal_Lamp_L	</identifier>
		<parent>	Scene Root	</parent>
		<transform>
			<row0>	1.0000 0.0000 0.0000 0.0000	</row0>
			<row1>	0.0000 1.0000 0.0000 0.0000	</row1>
			<row2>	0.0000 0.0000 1.0000 0.0000	</row2>
			<row3>	-0.6757 1.7798 0.8677 1.0000	</row3>
		</transform>
	</node>
	<node>
		<identifier>	MP_BM864_Signal_Lamp_L_INDEX_1	</identifier>
		<parent>	Scene Root	</parent>
		<transform>
			<row0>	1.0000 0.0000 0.0000 0.0000	</row0>
			<row1>	0.0000 1.0000 0.0000 0.0000	</row1>
			<row2>	0.0000 0.0000 1.0000 0.0000	</row2>
			<row3>	0.6757 1.7798 0.8677 1.0000	</row3>
		</transform>
	</node>
	<node>
		<identifier>	MP_BM871_Running_Lights_F	</identifier>
		<parent>	Scene Root	</parent>
		<transform>
			<row0>	1.0000 0.0000 0.0000 0.0000	</row0>
			<row1>	0.0000 1.0000 0.0000 0.0000	</row1>
			<row2>	0.0000 0.0000 1.0000 0.0000	</row2>
			<row3>	0.0000 1.2883 1.7858 1.0000	</row3>
		</transform>
	</node>
	<node>
		<identifier>	MP_BM871_Running_Lights_F_INDEX_1	</identifier>
		<parent>	Scene Root	</parent>
		<transform>
			<row0>	1.0000 0.0000 0.0000 0.0000	</row0>
			<row1>	0.0000 1.0000 0.0000 0.0000	</row1>
			<row2>	0.0000 0.0000 1.0000 0.0000	</row2>
			<row3>	0.0000 1.8732 0.8927 1.0000	</row3>
		</transform>
	</node>
	<node>
		<identifier>	MP_BM875_Running_Light_R	</identifier>
		<parent>	Scene Root	</parent>
		<transform>
			<row0>	1.0000 0.0000 0.0000 0.0000	</row0>
			<row1>	0.0000 1.0000 0.0000 0.0000	</row1>
			<row2>	0.0000 0.0000 1.0000 0.0000	</row2>
			<row3>	0.2923 0.9351 1.2559 1.0000	</row3>
		</transform>
	</node>
	<node>
		<identifier>	MP_BM876_Running_Light_L	</identifier>
		<parent>	Scene Root	</parent>
		<transform>
			<row0>	1.0000 0.0000 0.0000 0.0000	</row0>
			<row1>	0.0000 1.0000 0.0000 0.0000	</row1>
			<row2>	0.0000 0.0000 1.0000 0.0000	</row2>
			<row3>	-0.2923 0.9353 1.2559 1.0000	</row3>
		</transform>
	</node>
	<node>
		<identifier>	MP_BM878_Searchlight_24in_x2	</identifier>
		<parent>	Scene Root	</parent>
		<transform>
			<row0>	0.0000 0.0000 -1.0000 0.0000	</row0>
			<row1>	0.0000 1.0000 0.0000 0.0000	</row1>
			<row2>	1.0000 0.0000 0.0000 0.0000	</row2>
			<row3>	0.2422 0.9366 1.2568 1.0000	</row3>
		</transform>
	</node>
	<node>
		<identifier>	MP_BM878_Searchlight_24in_x2_INDEX_1	</identifier>
		<parent>	Scene Root	</parent>
		<transform>
			<row0>	0.0000 0.0000 -1.0000 0.0000	</row0>
			<row1>	0.0000 1.0000 0.0000 0.0000	</row1>
			<row2>	1.0000 0.0000 0.0000 0.0000	</row2>
			<row3>	0.2422 0.9366 1.0504 1.0000	</row3>
		</transform>
	</node>
	<node>
		<identifier>	MP_BM878_Searchlight_24in_x2_INDEX_2	</identifier>
		<parent>	Scene Root	</parent>
		<transform>
			<row0>	0.0000 0.0000 1.0000 0.0000	</row0>
			<row1>	0.0000 1.0000 0.0000 0.0000	</row1>
			<row2>	-1.0000 0.0000 0.0000 0.0000	</row2>
			<row3>	-0.2422 0.9366 1.2568 1.0000	</row3>
		</transform>
	</node>
	<node>
		<identifier>	MP_BM878_Searchlight_24in_x2_INDEX_3	</identifier>
		<parent>	Scene Root	</parent>
		<transform>
			<row0>	0.0000 0.0000 1.0000 0.0000	</row0>
			<row1>	0.0000 1.0000 0.0000 0.0000	</row1>
			<row2>	-1.0000 0.0000 0.0000 0.0000	</row2>
			<row3>	-0.2422 0.9366 1.0504 1.0000	</row3>
		</transform>
	</node>
	<node>
		<identifier>	MP_BM952_Bollard	</identifier>
		<parent>	Scene Root	</parent>
		<transform>
			<row0>	-0.9923 0.0000 0.1238 0.0000	</row0>
			<row1>	0.0000 1.0000 0.0000 0.0000	</row1>
			<row2>	-0.1238 0.0000 -0.9923 0.0000	</row2>
			<row3>	-0.6466 0.4202 2.6342 1.0000	</row3>
		</transform>
	</node>
	<node>
		<identifier>	MP_BM952_Bollard_INDEX_1	</identifier>
		<parent>	Scene Root	</parent>
		<transform>
			<row0>	-0.9923 0.0000 -0.1238 0.0000	</row0>
			<row1>	0.0000 1.0000 0.0000 0.0000	</row1>
			<row2>	0.1238 0.0000 -0.9923 0.0000	</row2>
			<row3>	0.6466 0.4202 2.6342 1.0000	</row3>
		</transform>
	</node>
	<node>
		<identifier>	MP_BM971_Winch_R	</identifier>
		<parent>	Scene Root	</parent>
		<transform>
			<row0>	0.0000 0.0000 -1.0000 0.0000	</row0>
			<row1>	0.0000 1.0000 0.0000 0.0000	</row1>
			<row2>	1.0000 0.0000 0.0000 0.0000	</row2>
			<row3>	0.4067 0.5604 1.5471 1.0000	</row3>
		</transform>
	</node>
	<node>
		<identifier>	MP_BM971_Winch_R_INDEX_1	</identifier>
		<parent>	Scene Root	</parent>
		<transform>
			<row0>	0.0000 0.0000 -1.0000 0.0000	</row0>
			<row1>	0.0000 1.0000 0.0000 0.0000	</row1>
			<row2>	1.0000 0.0000 0.0000 0.0000	</row2>
			<row3>	-0.3282 0.4169 2.7530 1.0000	</row3>
		</transform>
	</node>
	<node>
		<identifier>	MP_BM972_Winch_L	</identifier>
		<parent>	Scene Root	</parent>
		<transform>
			<row0>	0.0000 0.0000 1.0000 0.0000	</row0>
			<row1>	0.0000 1.0000 0.0000 0.0000	</row1>
			<row2>	-1.0000 0.0000 0.0000 0.0000	</row2>
			<row3>	-0.4067 0.5604 1.5471 1.0000	</row3>
		</transform>
	</node>
	<node>
		<identifier>	MP_BM972_Winch_L_INDEX_1	</identifier>
		<parent>	Scene Root	</parent>
		<transform>
			<row0>	0.0000 0.0000 1.0000 0.0000	</row0>
			<row1>	0.0000 1.0000 0.0000 0.0000	</row1>
			<row2>	-1.0000 0.0000 0.0000 0.0000	</row2>
			<row3>	0.3282 0.4169 2.7530 1.0000	</row3>
		</transform>
	</node>
	<node>
		<identifier>	MP_CM011_Fire_Fighting_Gear	</identifier>
		<parent>	Scene Root	</parent>
		<transform>
			<row0>	1.0000 0.0000 0.0000 0.0000	</row0>
			<row1>	0.0000 1.0000 0.0000 0.0000	</row1>
			<row2>	0.0000 0.0000 1.0000 0.0000	</row2>
			<row3>	-0.5378 0.5619 1.6144 1.0000	</row3>
		</transform>
	</node>
	<node>
		<identifier>	MP_CM011_Fire_Fighting_Gear_INDEX_1	</identifier>
		<parent>	Scene Root	</parent>
		<transform>
			<row0>	1.0000 0.0000 0.0000 0.0000	</row0>
			<row1>	0.0000 1.0000 0.0000 0.0000	</row1>
			<row2>	0.0000 0.0000 1.0000 0.0000	</row2>
			<row3>	0.5299 0.5619 1.6144 1.0000	</row3>
		</transform>
	</node>
	<node>
		<identifier>	MP_CM012_Fire_Hose_Rack_1	</identifier>
		<parent>	Scene Root	</parent>
		<transform>
			<row0>	0.0000 0.0000 1.0000 0.0000	</row0>
			<row1>	0.0000 1.0000 0.0000 0.0000	</row1>
			<row2>	-1.0000 0.0000 0.0000 0.0000	</row2>
			<row3>	0.4533 0.6170 1.6256 1.0000	</row3>
		</transform>
	</node>
	<node>
		<identifier>	MP_CM012_Fire_Hose_Rack_1_INDEX_1	</identifier>
		<parent>	Scene Root	</parent>
		<transform>
			<row0>	0.0000 0.0000 1.0000 0.0000	</row0>
			<row1>	0.0000 1.0000 0.0000 0.0000	</row1>
			<row2>	-1.0000 0.0000 0.0000 0.0000	</row2>
			<row3>	0.5031 0.6170 1.6256 1.0000	</row3>
		</transform>
	</node>
	<node>
		<identifier>	MP_CM012_Fire_Hose_Rack_1_INDEX_2	</identifier>
		<parent>	Scene Root	</parent>
		<transform>
			<row0>	0.1116 0.0000 -0.9938 0.0000	</row0>
			<row1>	0.0000 1.0000 0.0000 0.0000	</row1>
			<row2>	0.9938 0.0000 0.1116 0.0000	</row2>
			<row3>	-0.0359 0.4800 2.6072 1.0000	</row3>
		</transform>
	</node>
	<node>
		<identifier>	MP_CM012_Fire_Hose_Rack_1_INDEX_3	</identifier>
		<parent>	Scene Root	</parent>
		<transform>
			<row0>	0.0000 0.0000 1.0000 0.0000	</row0>
			<row1>	0.0000 1.0000 0.0000 0.0000	</row1>
			<row2>	-1.0000 0.0000 0.0000 0.0000	</row2>
			<row3>	-0.4533 0.6170 1.6256 1.0000	</row3>
		</transform>
	</node>
	<node>
		<identifier>	MP_CM012_Fire_Hose_Rack_1_INDEX_4	</identifier>
		<parent>	Scene Root	</parent>
		<transform>
			<row0>	-0.1326 0.0000 -0.9912 0.0000	</row0>
			<row1>	0.0000 1.0000 0.0000 0.0000	</row1>
			<row2>	0.9912 0.0000 -0.1326 0.0000	</row2>
			<row3>	0.0388 0.4800 2.6070 1.0000	</row3>
		</transform>
	</node>
	<node>
		<identifier>	MP_CM012_Fire_Hose_Rack_1_INDEX_5	</identifier>
		<parent>	Scene Root	</parent>
		<transform>
			<row0>	0.0000 0.0000 1.0000 0.0000	</row0>
			<row1>	0.0000 1.0000 0.0000 0.0000	</row1>
			<row2>	-1.0000 0.0000 0.0000 0.0000	</row2>
			<row3>	-0.5031 0.6170 1.6256 1.0000	</row3>
		</transform>
	</node>
	<node>
		<identifier>	MP_CM014_Fuel_Oil_Hose	</identifier>
		<parent>	Scene Root	</parent>
		<transform>
			<row0>	0.8660 0.0000 0.5000 0.0000	</row0>
			<row1>	0.0000 1.0000 0.0000 0.0000	</row1>
			<row2>	-0.5000 0.0000 0.8660 0.0000	</row2>
			<row3>	-0.4543 0.2880 0.1596 1.0000	</row3>
		</transform>
	</node>
	<node>
		<identifier>	MP_CM014_Fuel_Oil_Hose_INDEX_1	</identifier>
		<parent>	Scene Root	</parent>
		<transform>
			<row0>	-0.3679 0.0000 0.9299 0.0000	</row0>
			<row1>	0.0000 1.0000 0.0000 0.0000	</row1>
			<row2>	-0.9299 0.0000 -0.3679 0.0000	</row2>
			<row3>	0.1072 0.4490 2.8676 1.0000	</row3>
		</transform>
	</node>
	<node>
		<identifier>	MP_CM014_Fuel_Oil_Hose_INDEX_2	</identifier>
		<parent>	Scene Root	</parent>
		<transform>
			<row0>	-0.8660 0.0000 0.5000 0.0000	</row0>
			<row1>	0.0000 1.0000 0.0000 0.0000	</row1>
			<row2>	-0.5000 0.0000 -0.8660 0.0000	</row2>
			<row3>	0.4346 0.3455 0.1252 1.0000	</row3>
		</transform>
	</node>
	<node>
		<identifier>	MP_CM014_Fuel_Oil_Hose_INDEX_3	</identifier>
		<parent>	Scene Root	</parent>
		<transform>
			<row0>	0.2904 0.0000 0.9569 0.0000	</row0>
			<row1>	0.0000 1.0000 0.0000 0.0000	</row1>
			<row2>	-0.9569 0.0000 0.2904 0.0000	</row2>
			<row3>	-0.0917 0.4490 2.8599 1.0000	</row3>
		</transform>
	</node>
	<node>
		<identifier>	MP_CM014_Fuel_Oil_Hose_INDEX_4	</identifier>
		<parent>	Scene Root	</parent>
		<transform>
			<row0>	0.8660 0.0000 0.5000 0.0000	</row0>
			<row1>	0.0000 1.0000 0.0000 0.0000	</row1>
			<row2>	-0.5000 0.0000 0.8660 0.0000	</row2>
			<row3>	-0.4543 0.3277 0.1596 1.0000	</row3>
		</transform>
	</node>
	<node>
		<identifier>	MP_CM014_Fuel_Oil_Hose_INDEX_5	</identifier>
		<parent>	Scene Root	</parent>
		<transform>
			<row0>	-0.8660 0.0000 0.5000 0.0000	</row0>
			<row1>	0.0000 1.0000 0.0000 0.0000	</row1>
			<row2>	-0.5000 0.0000 -0.8660 0.0000	</row2>
			<row3>	0.4346 0.3057 0.1252 1.0000	</row3>
		</transform>
	</node>
	<node>
		<identifier>	MP_CM022_Anchor_3	</identifier>
		<parent>	Scene Root	</parent>
		<transform>
			<row0>	-0.9988 0.0000 -0.0493 0.0000	</row0>
			<row1>	0.0000 1.0000 0.0000 0.0000	</row1>
			<row2>	0.0493 0.0000 -0.9988 0.0000	</row2>
			<row3>	0.7714 0.5673 0.8225 1.0000	</row3>
		</transform>
	</node>
	<node>
		<identifier>	MP_CM022_Anchor_3_INDEX_1	</identifier>
		<parent>	Scene Root	</parent>
		<transform>
			<row0>	0.9996 0.0000 -0.0272 0.0000	</row0>
			<row1>	0.0000 1.0000 0.0000 0.0000	</row1>
			<row2>	0.0272 0.0000 0.9996 0.0000	</row2>
			<row3>	-0.7720 0.5673 0.8225 1.0000	</row3>
		</transform>
	</node>
	<node>
		<identifier>	MP_CM022_Anchor_3_INDEX_2	</identifier>
		<parent>	Scene Root	</parent>
		<transform>
			<row0>	0.9990 0.0000 -0.0440 0.0000	</row0>
			<row1>	0.0000 1.0000 0.0000 0.0000	</row1>
			<row2>	0.0440 0.0000 0.9990 0.0000	</row2>
			<row3>	-0.7423 0.5673 1.3219 1.0000	</row3>
		</transform>
	</node>
	<node>
		<identifier>	MP_CM022_Anchor_3_INDEX_3	</identifier>
		<parent>	Scene Root	</parent>
		<transform>
			<row0>	-0.9985 0.0000 -0.0548 0.0000	</row0>
			<row1>	0.0000 1.0000 0.0000 0.0000	</row1>
			<row2>	0.0548 0.0000 -0.9985 0.0000	</row2>
			<row3>	0.7428 0.5673 1.3219 1.0000	</row3>
		</transform>
	</node>
	<node>
		<identifier>	MP_CM029_Emergency_Box	</identifier>
		<parent>	Scene Root	</parent>
		<transform>
			<row0>	0.7044 0.0000 -0.2987 0.0000	</row0>
			<row1>	0.0000 0.7651 0.0000 0.0000	</row1>
			<row2>	0.2987 0.0000 0.7044 0.0000	</row2>
			<row3>	0.2887 0.6422 0.8384 1.0000	</row3>
		</transform>
	</node>
	<node>
		<identifier>	MP_CM029_Emergency_Box_INDEX_1	</identifier>
		<parent>	Scene Root	</parent>
		<transform>
			<row0>	0.6953 0.0000 0.3191 0.0000	</row0>
			<row1>	0.0000 0.7650 0.0000 0.0000	</row1>
			<row2>	-0.3191 0.0000 0.6953 0.0000	</row2>
			<row3>	-0.2883 0.6422 0.8384 1.0000	</row3>
		</transform>
	</node>
	<node>
		<identifier>	MP_CM029_Emergency_Box_INDEX_2	</identifier>
		<parent>	Scene Root	</parent>
		<transform>
			<row0>	0.9905 0.0000 0.1378 0.0000	</row0>
			<row1>	0.0000 1.0000 0.0000 0.0000	</row1>
			<row2>	-0.1378 0.0000 0.9905 0.0000	</row2>
			<row3>	0.0280 0.7982 1.4553 1.0000	</row3>
		</transform>
	</node>
	<node>
		<identifier>	MP_CM030_Swab_Rack_2	</identifier>
		<parent>	Scene Root	</parent>
		<transform>
			<row0>	-1.0000 0.0000 0.0000 0.0000	</row0>
			<row1>	0.0000 1.0000 0.0000 0.0000	</row1>
			<row2>	0.0000 0.0000 -1.0000 0.0000	</row2>
			<row3>	0.0650 0.5598 1.4779 1.0000	</row3>
		</transform>
	</node>
	<node>
		<identifier>	MP_CM040_Steering_Wheel	</identifier>
		<parent>	Scene Root	</parent>
		<transform>
			<row0>	1.0000 0.0000 0.0000 0.0000	</row0>
			<row1>	0.0000 1.0000 0.0000 0.0000	</row1>
			<row2>	0.0000 0.0000 1.0000 0.0000	</row2>
			<row3>	0.0444 0.9366 1.4357 1.0000	</row3>
		</transform>
	</node>
	<node>
		<identifier>	MP_CM052_Fender	</identifier>
		<parent>	Scene Root	</parent>
		<transform>
			<row0>	-0.7155 0.0000 -0.6986 0.0000	</row0>
			<row1>	0.0000 1.0000 0.0000 0.0000	</row1>
			<row2>	0.6986 0.0000 -0.7155 0.0000	</row2>
			<row3>	0.1584 0.2653 -0.3923 1.0000	</row3>
		</transform>
	</node>
	<node>
		<identifier>	MP_CM052_Fender_INDEX_1	</identifier>
		<parent>	Scene Root	</parent>
		<transform>
			<row0>	-0.9660 0.0000 -0.2587 0.0000	</row0>
			<row1>	0.0000 1.0000 0.0000 0.0000	</row1>
			<row2>	0.2587 0.0000 -0.9660 0.0000	</row2>
			<row3>	0.0746 0.2653 -0.4441 1.0000	</row3>
		</transform>
	</node>
	<node>
		<identifier>	MP_CM052_Fender_INDEX_2	</identifier>
		<parent>	Scene Root	</parent>
		<transform>
			<row0>	-0.7951 0.0000 0.6065 0.0000	</row0>
			<row1>	0.0000 1.0000 0.0000 0.0000	</row1>
			<row2>	-0.6065 0.0000 -0.7951 0.0000	</row2>
			<row3>	-0.1262 0.2653 -0.4191 1.0000	</row3>
		</transform>
	</node>
	<node>
		<identifier>	MP_CM052_Fender_INDEX_3	</identifier>
		<parent>	Scene Root	</parent>
		<transform>
			<row0>	-0.5000 0.0000 0.8660 0.0000	</row0>
			<row1>	0.0000 1.0000 0.0000 0.0000	</row1>
			<row2>	-0.8660 0.0000 -0.5000 0.0000	</row2>
			<row3>	-0.2649 0.2653 -0.2253 1.0000	</row3>
		</transform>
	</node>
	<node>
		<identifier>	MP_CM056_Ships_bell	</identifier>
		<parent>	Scene Root	</parent>
		<transform>
			<row0>	1.0000 0.0000 0.0000 0.0000	</row0>
			<row1>	0.0000 1.0000 0.0000 0.0000	</row1>
			<row2>	0.0000 0.0000 1.0000 0.0000	</row2>
			<row3>	0.0000 1.0645 1.5547 1.0000	</row3>
		</transform>
	</node>
	<node>
		<identifier>	MP_CM091_Semaphore	</identifier>
		<parent>	Scene Root	</parent>
		<transform>
			<row0>	1.0000 0.0000 0.0000 0.0000	</row0>
			<row1>	0.0000 1.0000 0.0000 0.0000	</row1>
			<row2>	0.0000 0.0000 1.0000 0.0000	</row2>
			<row3>	-0.2572 1.0793 1.3752 1.0000	</row3>
		</transform>
	</node>
	<node>
		<identifier>	MP_CM091_Semaphore_INDEX_1	</identifier>
		<parent>	Scene Root	</parent>
		<transform>
			<row0>	1.0000 0.0000 0.0000 0.0000	</row0>
			<row1>	0.0000 1.0000 0.0000 0.0000	</row1>
			<row2>	0.0000 0.0000 1.0000 0.0000	</row2>
			<row3>	0.2572 1.0793 1.3752 1.0000	</row3>
		</transform>
	</node>
	<node>
		<identifier>	MP_CM092_Siren	</identifier>
		<parent>	Scene Root	</parent>
		<transform>
			<row0>	0.0000 0.0000 1.4139 0.0000	</row0>
			<row1>	0.0000 1.4139 0.0000 0.0000	</row1>
			<row2>	-1.4139 0.0000 0.0000 0.0000	</row2>
			<row3>	-0.0981 1.8444 0.7795 1.0000	</row3>
		</transform>
	</node>
	<node>
		<identifier>	MP_CM092_Siren_INDEX_1	</identifier>
		<parent>	Scene Root	</parent>
		<transform>
			<row0>	0.0000 0.0000 -1.4139 0.0000	</row0>
			<row1>	0.0000 1.4139 0.0000 0.0000	</row1>
			<row2>	1.4139 0.0000 0.0000 0.0000	</row2>
			<row3>	0.0981 1.8444 0.7795 1.0000	</row3>
		</transform>
	</node>
	<node>
		<identifier>	MP_CM093_Rope	</identifier>
		<parent>	Scene Root	</parent>
		<transform>
			<row0>	0.0000 0.0000 0.3939 0.0000	</row0>
			<row1>	0.0000 0.4779 0.0000 0.0000	</row1>
			<row2>	-0.3939 0.0000 0.0000 0.0000	</row2>
			<row3>	-0.4113 0.6262 1.2877 1.0000	</row3>
		</transform>
	</node>
	<node>
		<identifier>	MP_CM093_Rope_INDEX_1	</identifier>
		<parent>	Scene Root	</parent>
		<transform>
			<row0>	0.0000 0.0000 0.4182 0.0000	</row0>
			<row1>	0.0000 0.4182 0.0000 0.0000	</row1>
