<GSS002_U_190_1945_MidFront_ep.skel_ext>
	<exported>	false	</exported>
	<node>
		<identifier>	EP_Descent_2	</identifier>
		<parent>	Scene Root	</parent>
		<transform>
			<row0>	1.0000 0.0000 0.0000 0.0000	</row0>
			<row1>	0.0000 1.0000 0.0000 0.0000	</row1>
			<row2>	0.0000 0.0000 1.0000 0.0000	</row2>
			<row3>	-0.0007 0.0974 1.2505 1.0000	</row3>
		</transform>
	</node>
	<node>
		<identifier>	EP_Descent_5	</identifier>
		<parent>	Scene Root	</parent>
		<transform>
			<row0>	0.4946 -0.8691 0.0000 0.0000	</row0>
			<row1>	0.8691 0.4946 0.0000 0.0000	</row1>
			<row2>	0.0000 0.0000 1.0000 0.0000	</row2>
			<row3>	0.1715 0.0370 0.6501 1.0000	</row3>
		</transform>
	</node>
	<node>
		<identifier>	EP_Descent_7	</identifier>
		<parent>	Scene Root	</parent>
		<transform>
			<row0>	-0.4946 -0.8691 0.0000 0.0000	</row0>
			<row1>	-0.8691 0.4946 0.0000 0.0000	</row1>
			<row2>	0.0000 0.0000 -1.0000 0.0000	</row2>
			<row3>	-0.1642 0.0330 0.5427 1.0000	</row3>
		</transform>
	</node>
	<node>
		<identifier>	EP_Flood_steam_1	</identifier>
		<parent>	Scene Root	</parent>
		<transform>
			<row0>	1.0000 0.0000 0.0000 0.0000	</row0>
			<row1>	0.0000 1.0000 0.0000 0.0000	</row1>
			<row2>	0.0000 0.0000 1.0000 0.0000	</row2>
			<row3>	0.0000 0.0948 0.7822 1.0000	</row3>
		</transform>
	</node>
	<node>
		<identifier>	EP_Flood_water_left_2	</identifier>
		<parent>	Scene Root	</parent>
		<transform>
			<row0>	-1.0000 0.0000 0.0000 0.0000	</row0>
			<row1>	0.0000 1.0000 0.0000 0.0000	</row1>
			<row2>	0.0000 0.0000 -1.0000 0.0000	</row2>
			<row3>	-0.1754 0.0348 0.8155 1.0000	</row3>
		</transform>
	</node>
	<node>
		<identifier>	EP_Runoff_deluge_left_3	</identifier>
		<parent>	Scene Root	</parent>
		<transform>
			<row0>	-0.9899 0.1340 0.0453 0.0000	</row0>
			<row1>	0.1337 0.9910 -0.0097 0.0000	</row1>
			<row2>	-0.0462 -0.0036 -0.9989 0.0000	</row2>
			<row3>	-0.0456 0.0573 1.3141 1.0000	</row3>
		</transform>
	</node>
	<node>
		<identifier>	EP_Runoff_deluge_left_4	</identifier>
		<parent>	Scene Root	</parent>
		<transform>
			<row0>	-0.8880 0.1660 0.4288 0.0000	</row0>
			<row1>	0.1126 0.9827 -0.1473 0.0000	</row1>
			<row2>	-0.4458 -0.0826 -0.8913 0.0000	</row2>
			<row3>	-0.1131 0.0493 1.0145 1.0000	</row3>
		</transform>
	</node>
	<node>
		<identifier>	EP_Runoff_deluge_left_5	</identifier>
		<parent>	Scene Root	</parent>
		<transform>
			<row0>	-1.0000 0.0000 0.0000 0.0000	</row0>
			<row1>	0.0000 1.0000 0.0000 0.0000	</row1>
			<row2>	0.0000 0.0000 -1.0000 0.0000	</row2>
			<row3>	-0.1682 0.0350 0.7153 1.0000	</row3>
		</transform>
	</node>
	<node>
		<identifier>	EP_Runoff_deluge_left_6	</identifier>
		<parent>	Scene Root	</parent>
		<transform>
			<row0>	-1.0000 0.0000 0.0000 0.0000	</row0>
			<row1>	0.0000 1.0000 0.0000 0.0000	</row1>
			<row2>	0.0000 0.0000 -1.0000 0.0000	</row2>
			<row3>	-0.1738 0.0373 0.4149 1.0000	</row3>
		</transform>
	</node>
	<node>
		<identifier>	EP_Runoff_deluge_right_3	</identifier>
		<parent>	Scene Root	</parent>
		<transform>
			<row0>	0.9896 0.1340 0.0523 0.0000	</row0>
			<row1>	-0.1340 0.9910 -0.0035 0.0000	</row1>
			<row2>	-0.0523 -0.0036 0.9986 0.0000	</row2>
			<row3>	0.0464 0.0594 1.3140 1.0000	</row3>
		</transform>
	</node>
	<node>
		<identifier>	EP_Runoff_deluge_right_4	</identifier>
		<parent>	Scene Root	</parent>
		<transform>
			<row0>	0.8723 0.1660 0.4599 0.0000	</row0>
			<row1>	-0.1854 0.9827 -0.0030 0.0000	</row1>
			<row2>	-0.4524 -0.0826 0.8880 0.0000	</row2>
			<row3>	0.1143 0.0496 1.0142 1.0000	</row3>
		</transform>
	</node>
	<node>
		<identifier>	EP_Runoff_deluge_right_5	</identifier>
		<parent>	Scene Root	</parent>
		<transform>
			<row0>	1.0000 0.0000 0.0000 0.0000	</row0>
			<row1>	0.0000 1.0000 0.0000 0.0000	</row1>
			<row2>	0.0000 0.0000 1.0000 0.0000	</row2>
			<row3>	0.1693 0.0346 0.7153 1.0000	</row3>
		</transform>
	</node>
	<node>
		<identifier>	EP_Runoff_deluge_right_6	</identifier>
		<parent>	Scene Root	</parent>
		<transform>
			<row0>	1.0000 0.0000 0.0000 0.0000	</row0>
			<row1>	0.0000 1.0000 0.0000 0.0000	</row1>
			<row2>	0.0000 0.0000 1.0000 0.0000	</row2>
			<row3>	0.1743 0.0376 0.4145 1.0000	</row3>
		</transform>
	</node>
	<node>
		<identifier>	EP_Runoff_up_left	</identifier>
		<parent>	Scene Root	</parent>
		<transform>
			<row0>	-0.9999 0.0000 -0.0112 0.0000	</row0>
			<row1>	0.0000 1.0000 0.0000 0.0000	</row1>
			<row2>	0.0112 0.0000 -0.9999 0.0000	</row2>
			<row3>	-0.1525 0.0986 0.5334 1.0000	</row3>
		</transform>
	</node>
	<node>
		<identifier>	EP_WakeTrace_periscope_2	</identifier>
		<parent>	Scene Root	</parent>
		<transform>
			<row0>	1.0000 0.0000 0.0000 0.0000	</row0>
			<row1>	0.0000 1.0000 0.0000 0.0000	</row1>
			<row2>	0.0000 0.0000 1.0000 0.0000	</row2>
			<row3>	0.1150 0.3765 0.2125 1.0000	</row3>
		</transform>
	</node>
	<node>
		<identifier>	EP_WakeTrace_tower	</identifier>
		<parent>	Scene Root	</parent>
		<transform>
			<row0>	1.0000 0.0000 0.0000 0.0000	</row0>
			<row1>	0.0000 1.0000 0.0000 0.0000	</row1>
			<row2>	0.0000 0.0000 1.0000 0.0000	</row2>
			<row3>	-0.0016 0.0836 0.2351 1.0000	</row3>
		</transform>
	</node>
</GSS002_U_190_1945_MidFront_ep.skel_ext>
