<GSB014_Prinz_Eitel_Friedrich_1941_Stern.skel_ext>
	<exported>	true	</exported>
	<node>
		<identifier>	MP_CM052_Fender	</identifier>
		<parent>	Scene Root	</parent>
		<transform>
			<row0>	-0.0353 0.0000 0.8493 0.0000	</row0>
			<row1>	0.0000 0.8500 0.0000 0.0000	</row1>
			<row2>	-0.8493 0.0000 -0.0353 0.0000	</row2>
			<row3>	-0.6815 0.1066 -4.2793 1.0000	</row3>
		</transform>
	</node>
	<node>
		<identifier>	MP_CM052_Fender_INDEX_1	</identifier>
		<parent>	Scene Root	</parent>
		<transform>
			<row0>	-0.0353 0.0000 0.8493 0.0000	</row0>
			<row1>	0.0000 0.8500 0.0000 0.0000	</row1>
			<row2>	-0.8493 0.0000 -0.0353 0.0000	</row2>
			<row3>	-0.6781 0.1066 -4.3632 1.0000	</row3>
		</transform>
	</node>
	<node>
		<identifier>	MP_CM052_Fender_INDEX_2	</identifier>
		<parent>	Scene Root	</parent>
		<transform>
			<row0>	-0.0353 0.0000 -0.8493 0.0000	</row0>
			<row1>	0.0000 0.8500 0.0000 0.0000	</row1>
			<row2>	0.8493 0.0000 -0.0353 0.0000	</row2>
			<row3>	0.6815 0.1066 -4.2793 1.0000	</row3>
		</transform>
	</node>
	<node>
		<identifier>	MP_CM052_Fender_INDEX_3	</identifier>
		<parent>	Scene Root	</parent>
		<transform>
			<row0>	-0.0353 0.0000 -0.8493 0.0000	</row0>
			<row1>	0.0000 0.8500 0.0000 0.0000	</row1>
			<row2>	0.8493 0.0000 -0.0353 0.0000	</row2>
			<row3>	0.6781 0.1066 -4.3632 1.0000	</row3>
		</transform>
	</node>
	<node>
		<identifier>	MP_CM093_Rope	</identifier>
		<parent>	Scene Root	</parent>
		<transform>
			<row0>	0.6216 0.0000 -0.1899 0.0000	</row0>
			<row1>	0.0000 0.6500 0.0000 0.0000	</row1>
			<row2>	0.1899 0.0000 0.6216 0.0000	</row2>
			<row3>	0.5994 0.3104 -5.5242 1.0000	</row3>
		</transform>
	</node>
	<node>
		<identifier>	MP_CM093_Rope_INDEX_1	</identifier>
		<parent>	Scene Root	</parent>
		<transform>
			<row0>	0.6486 0.0000 0.0420 0.0000	</row0>
			<row1>	0.0000 0.6500 0.0000 0.0000	</row1>
			<row2>	-0.0420 0.0000 0.6486 0.0000	</row2>
			<row3>	-0.5989 0.3107 -5.5234 1.0000	</row3>
		</transform>
	</node>
	<node>
		<identifier>	MP_CM093_Rope_INDEX_2	</identifier>
		<parent>	Scene Root	</parent>
		<transform>
			<row0>	0.6277 0.0000 -0.1689 0.0000	</row0>
			<row1>	0.0000 0.6500 0.0000 0.0000	</row1>
			<row2>	0.1689 0.0000 0.6277 0.0000	</row2>
			<row3>	0.5238 0.3107 -5.8870 1.0000	</row3>
		</transform>
	</node>
	<node>
		<identifier>	MP_CM093_Rope_INDEX_3	</identifier>
		<parent>	Scene Root	</parent>
		<transform>
			<row0>	0.6412 0.0000 0.1065 0.0000	</row0>
			<row1>	0.0000 0.6500 0.0000 0.0000	</row1>
			<row2>	-0.1065 0.0000 0.6412 0.0000	</row2>
			<row3>	-0.5228 0.3107 -5.8880 1.0000	</row3>
		</transform>
	</node>
	<node>
		<identifier>	MP_CM094_Propeller3_L	</identifier>
		<parent>	Scene Root	</parent>
		<transform>
			<row0>	-0.4849 -0.7817 0.0169 0.0000	</row0>
			<row1>	0.7814 -0.4852 -0.0220 0.0000	</row1>
			<row2>	0.0276 0.0028 0.9196 0.0000	</row2>
			<row3>	-0.4590 -0.4213 -5.6423 1.0000	</row3>
		</transform>
	</node>
	<node>
		<identifier>	MP_CM094_Propeller3_L_INDEX_1	</identifier>
		<parent>	Scene Root	</parent>
		<transform>
			<row0>	-0.4833 -0.7822 0.0314 0.0000	</row0>
			<row1>	0.7828 -0.4832 0.0108 0.0000	</row1>
			<row2>	0.0073 0.0324 0.9194 0.0000	</row2>
			<row3>	-0.2011 -0.4707 -6.2137 1.0000	</row3>
		</transform>
	</node>
	<node>
		<identifier>	MP_CM095_Propeller3_R	</identifier>
		<parent>	Scene Root	</parent>
		<transform>
			<row0>	-0.4833 0.7822 -0.0314 0.0000	</row0>
			<row1>	-0.7828 -0.4832 0.0108 0.0000	</row1>
			<row2>	-0.0073 0.0324 0.9194 0.0000	</row2>
			<row3>	0.2011 -0.4707 -6.2137 1.0000	</row3>
		</transform>
	</node>
	<node>
		<identifier>	MP_CM095_Propeller3_R_INDEX_1	</identifier>
		<parent>	Scene Root	</parent>
		<transform>
			<row0>	-0.4849 0.7817 -0.0169 0.0000	</row0>
			<row1>	-0.7814 -0.4852 -0.0220 0.0000	</row1>
			<row2>	-0.0276 0.0028 0.9196 0.0000	</row2>
			<row3>	0.4590 -0.4213 -5.6423 1.0000	</row3>
		</transform>
	</node>
	<node>
		<identifier>	MP_GM003_Reels_1	</identifier>
		<parent>	Scene Root	</parent>
		<transform>
			<row0>	0.0000 0.0000 1.2000 0.0000	</row0>
			<row1>	0.0000 1.2000 0.0000 0.0000	</row1>
			<row2>	-1.2000 0.0000 0.0000 0.0000	</row2>
			<row3>	-0.0309 0.2654 -6.3231 1.0000	</row3>
		</transform>
	</node>
	<node>
		<identifier>	MP_GM003_Reels_1_INDEX_1	</identifier>
		<parent>	Scene Root	</parent>
		<transform>
			<row0>	0.8192 0.0000 0.5736 0.0000	</row0>
			<row1>	0.0000 1.0000 0.0000 0.0000	</row1>
			<row2>	-0.5736 0.0000 0.8192 0.0000	</row2>
			<row3>	0.1871 0.2654 -4.3053 1.0000	</row3>
		</transform>
	</node>
	<node>
		<identifier>	MP_GM003_Reels_1_INDEX_2	</identifier>
		<parent>	Scene Root	</parent>
		<transform>
			<row0>	0.0000 0.0000 -1.2000 0.0000	</row0>
			<row1>	0.0000 1.2000 0.0000 0.0000	</row1>
			<row2>	1.2000 0.0000 0.0000 0.0000	</row2>
			<row3>	0.0309 0.2654 -6.3231 1.0000	</row3>
		</transform>
	</node>
	<node>
		<identifier>	MP_GM003_Reels_1_INDEX_3	</identifier>
		<parent>	Scene Root	</parent>
		<transform>
			<row0>	0.8192 0.0000 -0.5736 0.0000	</row0>
			<row1>	0.0000 1.0000 0.0000 0.0000	</row1>
			<row2>	0.5736 0.0000 0.8192 0.0000	</row2>
			<row3>	-0.1871 0.2654 -4.3053 1.0000	</row3>
		</transform>
	</node>
	<node>
		<identifier>	MP_GM007_LifeBuoy	</identifier>
		<parent>	Scene Root	</parent>
		<transform>
			<row0>	0.9420 0.0000 0.3355 0.0000	</row0>
			<row1>	0.0000 1.0000 0.0000 0.0000	</row1>
			<row2>	-0.3355 0.0000 0.9420 0.0000	</row2>
			<row3>	-0.2034 0.3113 -7.0311 1.0000	</row3>
		</transform>
	</node>
	<node>
		<identifier>	MP_GM007_LifeBuoy_INDEX_1	</identifier>
		<parent>	Scene Root	</parent>
		<transform>
			<row0>	-0.9420 0.0000 0.3355 0.0000	</row0>
			<row1>	0.0000 1.0000 0.0000 0.0000	</row1>
			<row2>	-0.3355 0.0000 -0.9420 0.0000	</row2>
			<row3>	0.2034 0.3113 -7.0311 1.0000	</row3>
		</transform>
	</node>
	<node>
		<identifier>	MP_GM007_LifeBuoy_INDEX_2	</identifier>
		<parent>	Scene Root	</parent>
		<transform>
			<row0>	-0.9991 0.0000 0.0413 0.0000	</row0>
			<row1>	0.0000 1.0000 0.0000 0.0000	</row1>
			<row2>	-0.0413 0.0000 -0.9991 0.0000	</row2>
			<row3>	0.6107 0.3113 -5.3797 1.0000	</row3>
		</transform>
	</node>
	<node>
		<identifier>	MP_GM007_LifeBuoy_INDEX_3	</identifier>
		<parent>	Scene Root	</parent>
		<transform>
			<row0>	0.9991 0.0000 0.0413 0.0000	</row0>
			<row1>	0.0000 1.0000 0.0000 0.0000	</row1>
			<row2>	-0.0413 0.0000 0.9991 0.0000	</row2>
			<row3>	-0.6107 0.3113 -5.3797 1.0000	</row3>
		</transform>
	</node>
	<node>
		<identifier>	MP_GM008_Loudspeaker	</identifier>
		<parent>	Scene Root	</parent>
		<transform>
			<row0>	1.6000 0.0000 0.0000 0.0000	</row0>
			<row1>	0.0000 1.6000 0.0000 0.0000	</row1>
			<row2>	0.0000 0.0000 1.6000 0.0000	</row2>
			<row3>	-0.0203 0.2587 -4.3814 1.0000	</row3>
		</transform>
	</node>
	<node>
		<identifier>	MP_GM065_Firelead	</identifier>
		<parent>	Scene Root	</parent>
		<transform>
			<row0>	0.9558 0.0000 0.2940 0.0000	</row0>
			<row1>	0.0000 1.0000 0.0000 0.0000	</row1>
			<row2>	-0.2940 0.0000 0.9558 0.0000	</row2>
			<row3>	-0.2603 0.2662 -6.7939 1.0000	</row3>
		</transform>
	</node>
	<node>
		<identifier>	MP_GM065_Firelead_INDEX_1	</identifier>
		<parent>	Scene Root	</parent>
		<transform>
			<row0>	0.9558 0.0000 -0.2940 0.0000	</row0>
			<row1>	0.0000 1.0000 0.0000 0.0000	</row1>
			<row2>	0.2940 0.0000 0.9558 0.0000	</row2>
			<row3>	0.2603 0.2662 -6.7939 1.0000	</row3>
		</transform>
	</node>
	<node>
		<identifier>	MP_GM520_Jolle_kl_I_6m	</identifier>
		<parent>	Scene Root	</parent>
		<transform>
			<row0>	0.9763 0.0000 0.2164 0.0000	</row0>
			<row1>	0.0000 1.0000 0.0000 0.0000	</row1>
			<row2>	-0.2164 0.0000 0.9763 0.0000	</row2>
			<row3>	-0.4014 0.3135 -6.0856 1.0000	</row3>
		</transform>
	</node>
	<node>
		<identifier>	MP_GM520_Jolle_kl_I_6m_INDEX_1	</identifier>
		<parent>	Scene Root	</parent>
		<transform>
			<row0>	0.9763 0.0000 -0.2164 0.0000	</row0>
			<row1>	0.0000 1.0000 0.0000 0.0000	</row1>
			<row2>	0.2164 0.0000 0.9763 0.0000	</row2>
			<row3>	0.4014 0.3135 -6.0856 1.0000	</row3>
		</transform>
	</node>
	<node>
		<identifier>	MP_GM532_Float	</identifier>
		<parent>	Scene Root	</parent>
		<transform>
			<row0>	-0.0415 0.0000 0.9991 0.0000	</row0>
			<row1>	0.0000 1.0000 0.0000 0.0000	</row1>
			<row2>	-0.9991 0.0000 -0.0415 0.0000	</row2>
			<row3>	-0.6800 0.1063 -3.7090 1.0000	</row3>
		</transform>
	</node>
	<node>
		<identifier>	MP_GM532_Float_INDEX_1	</identifier>
		<parent>	Scene Root	</parent>
		<transform>
			<row0>	-0.0415 0.0000 0.9991 0.0000	</row0>
			<row1>	0.0000 1.0000 0.0000 0.0000	</row1>
			<row2>	-0.9991 0.0000 -0.0415 0.0000	</row2>
			<row3>	-0.6735 0.1063 -3.8659 1.0000	</row3>
		</transform>
	</node>
	<node>
		<identifier>	MP_GM532_Float_INDEX_2	</identifier>
		<parent>	Scene Root	</parent>
		<transform>
			<row0>	-0.0415 0.0000 -0.9991 0.0000	</row0>
			<row1>	0.0000 1.0000 0.0000 0.0000	</row1>
			<row2>	0.9991 0.0000 -0.0415 0.0000	</row2>
			<row3>	0.6800 0.1063 -3.7090 1.0000	</row3>
		</transform>
	</node>
	<node>
		<identifier>	MP_GM532_Float_INDEX_3	</identifier>
		<parent>	Scene Root	</parent>
		<transform>
			<row0>	-0.0415 0.0000 -0.9991 0.0000	</row0>
			<row1>	0.0000 1.0000 0.0000 0.0000	</row1>
			<row2>	0.9991 0.0000 -0.0415 0.0000	</row2>
			<row3>	0.6735 0.1063 -3.8659 1.0000	</row3>
		</transform>
	</node>
	<node>
		<identifier>	MP_GM700_AmmoBox	</identifier>
		<parent>	Scene Root	</parent>
		<transform>
			<row0>	-0.0436 0.0000 0.9990 0.0000	</row0>
			<row1>	0.0000 1.0000 0.0000 0.0000	</row1>
			<row2>	-0.9990 0.0000 -0.0436 0.0000	</row2>
			<row3>	-0.5396 0.2661 -5.0940 1.0000	</row3>
		</transform>
	</node>
	<node>
		<identifier>	MP_GM700_AmmoBox_INDEX_1	</identifier>
		<parent>	Scene Root	</parent>
		<transform>
			<row0>	-0.0436 0.0000 -0.9990 0.0000	</row0>
			<row1>	0.0000 1.0000 0.0000 0.0000	</row1>
			<row2>	0.9990 0.0000 -0.0436 0.0000	</row2>
			<row3>	0.5396 0.2661 -5.0940 1.0000	</row3>
		</transform>
	</node>
	<node>
		<identifier>	MP_GM700_AmmoBox_INDEX_2	</identifier>
		<parent>	Scene Root	</parent>
		<transform>
			<row0>	-0.0436 0.0000 -0.9990 0.0000	</row0>
			<row1>	0.0000 1.0000 0.0000 0.0000	</row1>
			<row2>	0.9990 0.0000 -0.0436 0.0000	</row2>
			<row3>	0.5360 0.2661 -5.1755 1.0000	</row3>
		</transform>
	</node>
	<node>
		<identifier>	MP_GM700_AmmoBox_INDEX_3	</identifier>
		<parent>	Scene Root	</parent>
		<transform>
			<row0>	-0.0436 0.0000 0.9990 0.0000	</row0>
			<row1>	0.0000 1.0000 0.0000 0.0000	</row1>
			<row2>	-0.9990 0.0000 -0.0436 0.0000	</row2>
			<row3>	-0.5360 0.2661 -5.1755 1.0000	</row3>
		</transform>
	</node>
	<node>
		<identifier>	MP_GM702_AmmoBox	</identifier>
		<parent>	Scene Root	</parent>
		<transform>
			<row0>	-1.0000 0.0000 0.0000 0.0000	</row0>
			<row1>	0.0000 1.0000 0.0000 0.0000	</row1>
			<row2>	0.0000 0.0000 -1.0000 0.0000	</row2>
			<row3>	0.0000 0.2657 -4.8326 1.0000	</row3>
		</transform>
	</node>
	<node>
		<identifier>	MP_GM856_Mastheadlight	</identifier>
		<parent>	Scene Root	</parent>
		<transform>
			<row0>	-1.0000 0.0000 0.0000 0.0000	</row0>
			<row1>	0.0000 1.0000 0.0000 0.0000	</row1>
			<row2>	0.0000 0.0000 -1.0000 0.0000	</row2>
			<row3>	0.0000 0.3680 -7.3900 1.0000	</row3>
		</transform>
	</node>
</GSB014_Prinz_Eitel_Friedrich_1941_Stern.skel_ext>
