<GSB014_Prinz_Eitel_Friedrich_1941_Bow.skel_ext>
	<exported>	true	</exported>
	<node>
		<identifier>	MP_CM011_Fire_Fighting_Gear	</identifier>
		<parent>	Scene Root	</parent>
		<transform>
			<row0>	1.0000 0.0000 0.0000 0.0000	</row0>
			<row1>	0.0000 1.0000 0.0000 0.0000	</row1>
			<row2>	0.0000 0.0000 1.0000 0.0000	</row2>
			<row3>	0.2089 0.2956 4.3120 1.0000	</row3>
		</transform>
	</node>
	<node>
		<identifier>	MP_CM011_Fire_Fighting_Gear_INDEX_1	</identifier>
		<parent>	Scene Root	</parent>
		<transform>
			<row0>	1.0000 0.0000 0.0000 0.0000	</row0>
			<row1>	0.0000 1.0000 0.0000 0.0000	</row1>
			<row2>	0.0000 0.0000 1.0000 0.0000	</row2>
			<row3>	-0.2089 0.2956 4.3120 1.0000	</row3>
		</transform>
	</node>
	<node>
		<identifier>	MP_CM097_Stairway	</identifier>
		<parent>	Scene Root	</parent>
		<transform>
			<row0>	0.0000 -1.0000 0.0000 0.0000	</row0>
			<row1>	1.0000 0.0000 0.0000 0.0000	</row1>
			<row2>	0.0000 0.0000 1.0000 0.0000	</row2>
			<row3>	0.5270 0.1329 4.1254 1.0000	</row3>
		</transform>
	</node>
	<node>
		<identifier>	MP_CM097_Stairway_INDEX_1	</identifier>
		<parent>	Scene Root	</parent>
		<transform>
			<row0>	0.0000 1.0000 0.0000 0.0000	</row0>
			<row1>	-1.0000 0.0000 0.0000 0.0000	</row1>
			<row2>	0.0000 0.0000 1.0000 0.0000	</row2>
			<row3>	-0.5270 0.1329 4.1254 1.0000	</row3>
		</transform>
	</node>
	<node>
		<identifier>	MP_CM109_Leadsman_Platform	</identifier>
		<parent>	Scene Root	</parent>
		<transform>
			<row0>	-0.0127 -0.9988 0.0475 0.0000	</row0>
			<row1>	-0.9660 0.0000 -0.2584 0.0000	</row1>
			<row2>	0.2581 -0.0492 -0.9649 0.0000	</row2>
			<row3>	0.2427 0.4018 7.0352 1.0000	</row3>
		</transform>
	</node>
	<node>
		<identifier>	MP_CM109_Leadsman_Platform_INDEX_1	</identifier>
		<parent>	Scene Root	</parent>
		<transform>
			<row0>	0.0000 1.0000 0.0000 0.0000	</row0>
			<row1>	-1.0000 0.0000 0.0000 0.0000	</row1>
			<row2>	0.0000 0.0000 1.0000 0.0000	</row2>
			<row3>	-0.5209 0.1744 4.1277 1.0000	</row3>
		</transform>
	</node>
	<node>
		<identifier>	MP_CM109_Leadsman_Platform_INDEX_2	</identifier>
		<parent>	Scene Root	</parent>
		<transform>
			<row0>	0.0127 -0.9988 0.0475 0.0000	</row0>
			<row1>	0.9660 0.0000 -0.2584 0.0000	</row1>
			<row2>	0.2581 0.0492 0.9649 0.0000	</row2>
			<row3>	-0.2427 0.4018 7.0352 1.0000	</row3>
		</transform>
	</node>
	<node>
		<identifier>	MP_CM109_Leadsman_Platform_INDEX_3	</identifier>
		<parent>	Scene Root	</parent>
		<transform>
			<row0>	0.0000 1.0000 0.0000 0.0000	</row0>
			<row1>	1.0000 0.0000 0.0000 0.0000	</row1>
			<row2>	0.0000 0.0000 -1.0000 0.0000	</row2>
			<row3>	0.5209 0.1744 4.1268 1.0000	</row3>
		</transform>
	</node>
	<node>
		<identifier>	MP_GM007_LifeBuoy	</identifier>
		<parent>	Scene Root	</parent>
		<transform>
			<row0>	-0.9845 0.0000 -0.1751 0.0000	</row0>
			<row1>	0.0000 1.0000 0.0000 0.0000	</row1>
			<row2>	0.1751 0.0000 -0.9845 0.0000	</row2>
			<row3>	0.3840 0.4114 6.4161 1.0000	</row3>
		</transform>
	</node>
	<node>
		<identifier>	MP_GM007_LifeBuoy_INDEX_1	</identifier>
		<parent>	Scene Root	</parent>
		<transform>
			<row0>	0.9845 0.0000 -0.1751 0.0000	</row0>
			<row1>	0.0000 1.0000 0.0000 0.0000	</row1>
			<row2>	0.1751 0.0000 0.9845 0.0000	</row2>
			<row3>	-0.3840 0.4114 6.4161 1.0000	</row3>
		</transform>
	</node>
	<node>
		<identifier>	MP_GM007_LifeBuoy_INDEX_2	</identifier>
		<parent>	Scene Root	</parent>
		<transform>
			<row0>	-1.0000 0.0000 0.0043 0.0000	</row0>
			<row1>	0.0000 1.0000 0.0000 0.0000	</row1>
			<row2>	-0.0043 0.0000 -1.0000 0.0000	</row2>
			<row3>	0.5223 0.3570 4.9216 1.0000	</row3>
		</transform>
	</node>
	<node>
		<identifier>	MP_GM007_LifeBuoy_INDEX_3	</identifier>
		<parent>	Scene Root	</parent>
		<transform>
			<row0>	1.0000 0.0000 0.0043 0.0000	</row0>
			<row1>	0.0000 1.0000 0.0000 0.0000	</row1>
			<row2>	-0.0043 0.0000 1.0000 0.0000	</row2>
			<row3>	-0.5223 0.3570 4.9216 1.0000	</row3>
		</transform>
	</node>
	<node>
		<identifier>	MP_GM013_Siren	</identifier>
		<parent>	Scene Root	</parent>
		<transform>
			<row0>	-1.0000 0.0000 0.0000 0.0000	</row0>
			<row1>	0.0000 0.9579 0.2871 0.0000	</row1>
			<row2>	0.0000 0.2871 -0.9579 0.0000	</row2>
			<row3>	-0.0205 0.3365 4.5308 1.0000	</row3>
		</transform>
	</node>
	<node>
		<identifier>	MP_GM016_Sleeve	</identifier>
		<parent>	Scene Root	</parent>
		<transform>
			<row0>	-0.7776 0.0471 0.6270 0.0000	</row0>
			<row1>	0.2011 0.9634 0.1771 0.0000	</row1>
			<row2>	-0.5957 0.2638 -0.7586 0.0000	</row2>
			<row3>	0.2212 0.3217 4.4509 1.0000	</row3>
		</transform>
	</node>
	<node>
		<identifier>	MP_GM016_Sleeve_INDEX_1	</identifier>
		<parent>	Scene Root	</parent>
		<transform>
			<row0>	-0.7776 -0.0471 -0.6270 0.0000	</row0>
			<row1>	-0.2011 0.9634 0.1771 0.0000	</row1>
			<row2>	0.5957 0.2638 -0.7586 0.0000	</row2>
			<row3>	-0.2232 0.3216 4.4493 1.0000	</row3>
		</transform>
	</node>
	<node>
		<identifier>	MP_GM065_Firelead	</identifier>
		<parent>	Scene Root	</parent>
		<transform>
			<row0>	0.9845 0.0000 0.1752 0.0000	</row0>
			<row1>	0.0070 0.9992 -0.0393 0.0000	</row1>
			<row2>	-0.1750 0.0400 0.9838 0.0000	</row2>
			<row3>	0.4059 0.3561 6.1709 1.0000	</row3>
		</transform>
	</node>
	<node>
		<identifier>	MP_GM065_Firelead_INDEX_1	</identifier>
		<parent>	Scene Root	</parent>
		<transform>
			<row0>	0.9845 0.0000 -0.1752 0.0000	</row0>
			<row1>	-0.0070 0.9992 -0.0393 0.0000	</row1>
			<row2>	0.1750 0.0400 0.9838 0.0000	</row2>
			<row3>	-0.4059 0.3561 6.1709 1.0000	</row3>
		</transform>
	</node>
	<node>
		<identifier>	MP_GM142_Eithel_Fr_monogram	</identifier>
		<parent>	Scene Root	</parent>
		<transform>
			<row0>	0.2040 -0.0679 -0.9766 0.0000	</row0>
			<row1>	0.3754 0.9267 0.0140 0.0000	</row1>
			<row2>	0.9041 -0.3695 0.2146 0.0000	</row2>
			<row3>	0.1224 0.2954 7.2592 1.0000	</row3>
		</transform>
	</node>
	<node>
		<identifier>	MP_GM142_Eithel_Fr_monogram_INDEX_1	</identifier>
		<parent>	Scene Root	</parent>
		<transform>
			<row0>	0.2040 0.0679 0.9766 0.0000	</row0>
			<row1>	-0.3754 0.9267 0.0140 0.0000	</row1>
			<row2>	-0.9041 -0.3695 0.2146 0.0000	</row2>
			<row3>	-0.1224 0.2954 7.2592 1.0000	</row3>
		</transform>
	</node>
	<node>
		<identifier>	MP_GM700_AmmoBox	</identifier>
		<parent>	Scene Root	</parent>
		<transform>
			<row0>	0.0000 -0.0358 -0.9994 0.0000	</row0>
			<row1>	0.0000 0.9994 -0.0358 0.0000	</row1>
			<row2>	1.0000 0.0000 0.0000 0.0000	</row2>
			<row3>	-0.0387 0.3305 5.5103 1.0000	</row3>
		</transform>
	</node>
	<node>
		<identifier>	MP_GM700_AmmoBox_INDEX_1	</identifier>
		<parent>	Scene Root	</parent>
		<transform>
			<row0>	0.0000 0.0358 0.9994 0.0000	</row0>
			<row1>	0.0000 0.9994 -0.0358 0.0000	</row1>
			<row2>	-1.0000 0.0000 0.0000 0.0000	</row2>
			<row3>	0.0387 0.3305 5.5103 1.0000	</row3>
		</transform>
	</node>
</GSB014_Prinz_Eitel_Friedrich_1941_Bow.skel_ext>
