<AGB195_Depth_Charge_Roller_Track.visual>
	<skeleton>
		<node>
			<identifier>	Scene Root	</identifier>
			<transform>
				<row0>	1.0000 0.0000 0.0000 0.0000	</row0>
				<row1>	0.0000 1.0000 0.0000 0.0000	</row1>
				<row2>	0.0000 0.0000 1.0000 0.0000	</row2>
				<row3>	0.0000 0.0000 0.0000 1.0000	</row3>
			</transform>
			<node>
				<identifier>	AGB195_Depth_Charge_Roller_Track	</identifier>
				<transform>
					<row0>	1.0000 0.0000 0.0000 0.0000	</row0>
					<row1>	0.0000 1.0000 0.0000 0.0000	</row1>
					<row2>	0.0000 0.0000 1.0000 0.0000	</row2>
					<row3>	0.0000 0.0000 0.0000 1.0000	</row3>
				</transform>
				<node>
					<identifier>	HP_Track_1	</identifier>
					<transform>
						<row0>	1.0000 0.0000 0.0000 0.0000	</row0>
						<row1>	0.0000 0.9993 0.0377 0.0000	</row1>
						<row2>	0.0000 -0.0377 0.9993 0.0000	</row2>
						<row3>	0.0000 0.0297 0.0318 1.0000	</row3>
					</transform>
				</node>
				<node>
					<identifier>	HP_Track_2	</identifier>
					<transform>
						<row0>	1.0000 0.0000 0.0000 0.0000	</row0>
						<row1>	0.0000 0.9617 0.2741 0.0000	</row1>
						<row2>	0.0000 -0.2741 0.9617 0.0000	</row2>
						<row3>	0.0000 0.0158 0.0750 1.0000	</row3>
					</transform>
				</node>
				<node>
					<identifier>	HP_gunFire1	</identifier>
					<transform>
						<row0>	1.0000 0.0000 0.0000 0.0000	</row0>
						<row1>	0.0000 0.9993 0.0377 0.0000	</row1>
						<row2>	0.0000 -0.0377 0.9993 0.0000	</row2>
						<row3>	0.0000 0.0297 0.0318 1.0000	</row3>
					</transform>
				</node>
				<node>
					<identifier>	HP_gunFire2	</identifier>
					<transform>
						<row0>	1.0000 0.0000 0.0000 0.0000	</row0>
						<row1>	0.0000 0.9993 0.0377 0.0000	</row1>
						<row2>	0.0000 -0.0377 0.9993 0.0000	</row2>
						<row3>	0.0000 0.0383 0.0040 1.0000	</row3>
					</transform>
				</node>
				<node>
					<identifier>	HP_gunFire3	</identifier>
					<transform>
						<row0>	1.0000 0.0000 0.0000 0.0000	</row0>
						<row1>	0.0000 0.9993 0.0377 0.0000	</row1>
						<row2>	0.0000 -0.0377 0.9993 0.0000	</row2>
						<row3>	0.0000 0.0426 -0.0250 1.0000	</row3>
					</transform>
				</node>
			</node>
		</node>
	</skeleton>
	<properties>
		<underwaterModel>	false	</underwaterModel>
		<abovewaterModel>	true	</abovewaterModel>
	</properties>
	<boundingBox>
		<min>	-0.0667 -0.0666 -0.2359	</min>
		<max>	0.0667 0.1117 0.1573	</max>
	</boundingBox>
	<renderSets>
		<renderSet>
			<name>	AGB195_Depth_Charge_Roller_TrackShape	</name>
			<treatAsWorldSpaceObject>	false	</treatAsWorldSpaceObject>
			<nodes>
				<node>	AGB195_Depth_Charge_Roller_Track	</node>
			</nodes>
			<material>
				<identifier>	SHIPMAT_PBS_Gun	</identifier>
				<mfm>	PnFMods/ModsSDK.zip/ASD510_Somers/gun/AGB195_Depth_Charge_Roller_Track.mfm	</mfm>
			</material>
		</renderSet>
		<renderSet>
			<name>	AGB195_Depth_Charge_Roller_Track_lod1Shape	</name>
			<treatAsWorldSpaceObject>	false	</treatAsWorldSpaceObject>
			<nodes>
				<node>	AGB195_Depth_Charge_Roller_Track	</node>
			</nodes>
			<material>
				<identifier>	SHIPMAT_PBS_Gun	</identifier>
				<mfm>	PnFMods/ModsSDK.zip/ASD510_Somers/gun/AGB195_Depth_Charge_Roller_Track.mfm	</mfm>
			</material>
		</renderSet>
		<renderSet>
			<name>	AGB195_Depth_Charge_Roller_Track_lod2Shape	</name>
			<treatAsWorldSpaceObject>	false	</treatAsWorldSpaceObject>
			<nodes>
				<node>	AGB195_Depth_Charge_Roller_Track	</node>
			</nodes>
			<material>
				<identifier>	SHIPMAT_PBS_Gun	</identifier>
				<mfm>	PnFMods/ModsSDK.zip/ASD510_Somers/gun/AGB195_Depth_Charge_Roller_Track.mfm	</mfm>
			</material>
		</renderSet>
		<renderSet>
			<name>	AGB195_Depth_Charge_Roller_Track_lod3Shape	</name>
			<treatAsWorldSpaceObject>	false	</treatAsWorldSpaceObject>
			<nodes>
				<node>	AGB195_Depth_Charge_Roller_Track	</node>
			</nodes>
			<material>
				<identifier>	SHIPMAT_PBS_Gun	</identifier>
				<mfm>	PnFMods/ModsSDK.zip/ASD510_Somers/gun/AGB195_Depth_Charge_Roller_Track.mfm	</mfm>
			</material>
		</renderSet>
	</renderSets>
	<lods>
		<lod>
			<extent>	3.0000	</extent>
			<castsShadow>	true	</castsShadow>
			<renderSets>
				<renderSet>	AGB195_Depth_Charge_Roller_TrackShape	</renderSet>
			</renderSets>
		</lod>
		<lod>
			<extent>	6.0000	</extent>
			<castsShadow>	true	</castsShadow>
			<renderSets>
				<renderSet>	AGB195_Depth_Charge_Roller_Track_lod1Shape	</renderSet>
			</renderSets>
		</lod>
		<lod>
			<extent>	25.0000	</extent>
			<castsShadow>	true	</castsShadow>
			<renderSets>
				<renderSet>	AGB195_Depth_Charge_Roller_Track_lod2Shape	</renderSet>
			</renderSets>
		</lod>
		<lod>
			<extent>	120.0000	</extent>
			<castsShadow>	false	</castsShadow>
			<renderSets>
				<renderSet>	AGB195_Depth_Charge_Roller_Track_lod3Shape	</renderSet>
			</renderSets>
		</lod>
	</lods>
</AGB195_Depth_Charge_Roller_Track.visual>
