<ASD048_Fletcher_1945_MidFront_ep.skel_ext>
	<exported>	false	</exported>
	<node>
		<identifier>	EP_Death_1	</identifier>
		<parent>	Scene Root	</parent>
		<transform>
			<row0>	1.0000 0.0000 0.0000 0.0000	</row0>
			<row1>	0.0000 1.0000 0.0000 0.0000	</row1>
			<row2>	0.0000 0.0000 1.0000 0.0000	</row2>
			<row3>	0.0000 0.0000 2.1974 1.0000	</row3>
		</transform>
	</node>
	<node>
		<identifier>	EP_Death_2	</identifier>
		<parent>	Scene Root	</parent>
		<transform>
			<row0>	1.0000 0.0000 0.0000 0.0000	</row0>
			<row1>	0.0000 1.0000 0.0000 0.0000	</row1>
			<row2>	0.0000 0.0000 1.0000 0.0000	</row2>
			<row3>	0.0000 0.0000 0.1014 1.0000	</row3>
		</transform>
	</node>
	<node>
		<identifier>	EP_Fire_2	</identifier>
		<parent>	Scene Root	</parent>
		<transform>
			<row0>	1.0000 0.0000 0.0000 0.0000	</row0>
			<row1>	0.0000 1.0000 0.0000 0.0000	</row1>
			<row2>	0.0000 0.0000 1.0000 0.0000	</row2>
			<row3>	0.0000 0.4066 1.0148 1.0000	</row3>
		</transform>
	</node>
	<node>
		<identifier>	EP_Fire_2_side_1	</identifier>
		<parent>	Scene Root	</parent>
		<transform>
			<row0>	1.0000 0.0000 0.0000 0.0000	</row0>
			<row1>	0.0000 1.0000 0.0000 0.0000	</row1>
			<row2>	0.0000 0.0000 1.0000 0.0000	</row2>
			<row3>	-0.3305 0.4108 -0.2950 1.0000	</row3>
		</transform>
	</node>
	<node>
		<identifier>	EP_Fire_2_side_2	</identifier>
		<parent>	Scene Root	</parent>
		<transform>
			<row0>	1.0000 0.0000 0.0000 0.0000	</row0>
			<row1>	0.0000 1.0000 0.0000 0.0000	</row1>
			<row2>	0.0000 0.0000 1.0000 0.0000	</row2>
			<row3>	0.2203 0.4652 1.7391 1.0000	</row3>
		</transform>
	</node>
	<node>
		<identifier>	EP_FloodLight_left_1	</identifier>
		<parent>	Scene Root	</parent>
		<transform>
			<row0>	-1.0000 0.0000 0.0000 0.0000	</row0>
			<row1>	0.0000 1.0000 0.0000 0.0000	</row1>
			<row2>	0.0000 0.0000 -1.0000 0.0000	</row2>
			<row3>	-0.2589 0.4048 1.3391 1.0000	</row3>
		</transform>
	</node>
	<node>
		<identifier>	EP_FloodLight_right_1	</identifier>
		<parent>	Scene Root	</parent>
		<transform>
			<row0>	1.0000 0.0000 0.0000 0.0000	</row0>
			<row1>	0.0000 1.0000 0.0000 0.0000	</row1>
			<row2>	0.0000 0.0000 1.0000 0.0000	</row2>
			<row3>	0.2562 0.4045 1.3383 1.0000	</row3>
		</transform>
	</node>
	<node>
		<identifier>	EP_Flood_steam_1	</identifier>
		<parent>	Scene Root	</parent>
		<transform>
			<row0>	1.0000 0.0000 0.0000 0.0000	</row0>
			<row1>	0.0000 0.4093 -0.9124 0.0000	</row1>
			<row2>	0.0000 0.9124 0.4093 0.0000	</row2>
			<row3>	0.0017 0.7302 -0.4462 1.0000	</row3>
		</transform>
	</node>
	<node>
		<identifier>	EP_Flood_steam_2	</identifier>
		<parent>	Scene Root	</parent>
		<transform>
			<row0>	1.0000 0.0000 0.0000 0.0000	</row0>
			<row1>	0.0000 0.6232 -0.7821 0.0000	</row1>
			<row2>	0.0000 0.7821 0.6232 0.0000	</row2>
			<row3>	0.0000 0.8047 0.4832 1.0000	</row3>
		</transform>
	</node>
	<node>
		<identifier>	EP_Flood_steam_left	</identifier>
		<parent>	Scene Root	</parent>
		<transform>
			<row0>	-1.0000 0.0000 0.0000 0.0000	</row0>
			<row1>	0.0000 1.0000 0.0000 0.0000	</row1>
			<row2>	0.0000 0.0000 -1.0000 0.0000	</row2>
			<row3>	-0.2132 0.3698 2.0000 1.0000	</row3>
		</transform>
	</node>
	<node>
		<identifier>	EP_Flood_water_left_2	</identifier>
		<parent>	Scene Root	</parent>
		<transform>
			<row0>	-0.9977 0.0000 0.0671 0.0000	</row0>
			<row1>	0.0000 1.0000 0.0000 0.0000	</row1>
			<row2>	-0.0671 0.0000 -0.9977 0.0000	</row2>
			<row3>	-0.3904 0.0633 0.3755 1.0000	</row3>
		</transform>
	</node>
	<node>
		<identifier>	EP_Flood_water_right	</identifier>
		<parent>	Scene Root	</parent>
		<transform>
			<row0>	1.0000 0.0000 0.0000 0.0000	</row0>
			<row1>	0.0000 1.0000 0.0000 0.0000	</row1>
			<row2>	0.0000 0.0000 1.0000 0.0000	</row2>
			<row3>	0.3906 0.0664 0.3753 1.0000	</row3>
		</transform>
	</node>
	<node>
		<identifier>	EP_Smoke_1	</identifier>
		<parent>	Scene Root	</parent>
		<transform>
			<row0>	1.0000 0.0000 0.0000 0.0000	</row0>
			<row1>	0.0000 0.9134 -0.4071 0.0000	</row1>
			<row2>	0.0000 0.4071 0.9134 0.0000	</row2>
			<row3>	0.0537 0.8898 0.5866 1.0000	</row3>
		</transform>
	</node>
	<node>
		<identifier>	EP_Smoke_2	</identifier>
		<parent>	Scene Root	</parent>
		<transform>
			<row0>	1.0000 0.0000 0.0000 0.0000	</row0>
			<row1>	0.0000 0.9299 -0.3679 0.0000	</row1>
			<row2>	0.0000 0.3679 0.9299 0.0000	</row2>
			<row3>	0.0000 0.8155 -0.3413 1.0000	</row3>
		</transform>
	</node>
</ASD048_Fletcher_1945_MidFront_ep.skel_ext>
