<GSC308_Prinz_Adalbert_1945_MidBack.skel_ext>
	<exported>	true	</exported>
	<node>
		<identifier>	MP_CM029_Emergency_Box	</identifier>
		<parent>	Scene Root	</parent>
		<transform>
			<row0>	0.0000 0.0000 -1.0000 0.0000	</row0>
			<row1>	0.0000 1.0000 0.0000 0.0000	</row1>
			<row2>	1.0000 0.0000 0.0000 0.0000	</row2>
			<row3>	-0.0954 1.0037 -1.6546 1.0000	</row3>
		</transform>
	</node>
	<node>
		<identifier>	MP_CM029_Emergency_Box_INDEX_1	</identifier>
		<parent>	Scene Root	</parent>
		<transform>
			<row0>	-0.1366 0.0000 0.9906 0.0000	</row0>
			<row1>	0.0000 1.0000 0.0000 0.0000	</row1>
			<row2>	-0.9906 0.0000 -0.1366 0.0000	</row2>
			<row3>	0.1370 1.4370 -0.4443 1.0000	</row3>
		</transform>
	</node>
	<node>
		<identifier>	MP_CM029_Emergency_Box_INDEX_2	</identifier>
		<parent>	Scene Root	</parent>
		<transform>
			<row0>	-0.1366 0.0000 -0.9906 0.0000	</row0>
			<row1>	0.0000 1.0000 0.0000 0.0000	</row1>
			<row2>	0.9906 0.0000 -0.1366 0.0000	</row2>
			<row3>	-0.1370 1.4370 -0.4443 1.0000	</row3>
		</transform>
	</node>
	<node>
		<identifier>	MP_CM029_Emergency_Box_INDEX_3	</identifier>
		<parent>	Scene Root	</parent>
		<transform>
			<row0>	0.0000 0.0000 1.0000 0.0000	</row0>
			<row1>	0.0000 1.0000 0.0000 0.0000	</row1>
			<row2>	-1.0000 0.0000 0.0000 0.0000	</row2>
			<row3>	0.0954 1.0037 -1.6546 1.0000	</row3>
		</transform>
	</node>
	<node>
		<identifier>	MP_CM029_Emergency_Box_INDEX_4	</identifier>
		<parent>	Scene Root	</parent>
		<transform>
			<row0>	0.5916 0.0000 -0.8063 0.0000	</row0>
			<row1>	0.0000 1.0000 0.0000 0.0000	</row1>
			<row2>	0.8063 0.0000 0.5916 0.0000	</row2>
			<row3>	-0.5148 0.2938 -3.3516 1.0000	</row3>
		</transform>
	</node>
	<node>
		<identifier>	MP_CM029_Emergency_Box_INDEX_5	</identifier>
		<parent>	Scene Root	</parent>
		<transform>
			<row0>	-0.6015 0.0000 0.7988 0.0000	</row0>
			<row1>	0.0000 1.0000 0.0000 0.0000	</row1>
			<row2>	-0.7988 0.0000 -0.6015 0.0000	</row2>
			<row3>	0.2047 0.2565 -6.9746 1.0000	</row3>
		</transform>
	</node>
	<node>
		<identifier>	MP_CM029_Emergency_Box_INDEX_6	</identifier>
		<parent>	Scene Root	</parent>
		<transform>
			<row0>	0.4669 0.0000 0.8843 0.0000	</row0>
			<row1>	0.0000 1.0000 0.0000 0.0000	</row1>
			<row2>	-0.8843 0.0000 0.4669 0.0000	</row2>
			<row3>	0.1525 0.6742 -1.9085 1.0000	</row3>
		</transform>
	</node>
	<node>
		<identifier>	MP_CM029_Emergency_Box_INDEX_7	</identifier>
		<parent>	Scene Root	</parent>
		<transform>
			<row0>	-0.6015 0.0000 -0.7988 0.0000	</row0>
			<row1>	0.0000 1.0000 0.0000 0.0000	</row1>
			<row2>	0.7988 0.0000 -0.6015 0.0000	</row2>
			<row3>	-0.2047 0.2565 -6.9746 1.0000	</row3>
		</transform>
	</node>
	<node>
		<identifier>	MP_CM029_Emergency_Box_INDEX_8	</identifier>
		<parent>	Scene Root	</parent>
		<transform>
			<row0>	0.4669 0.0000 -0.8843 0.0000	</row0>
			<row1>	0.0000 1.0000 0.0000 0.0000	</row1>
			<row2>	0.8843 0.0000 0.4669 0.0000	</row2>
			<row3>	-0.1525 0.6742 -1.9085 1.0000	</row3>
		</transform>
	</node>
	<node>
		<identifier>	MP_CM029_Emergency_Box_INDEX_9	</identifier>
		<parent>	Scene Root	</parent>
		<transform>
			<row0>	0.5916 0.0000 0.8063 0.0000	</row0>
			<row1>	0.0000 1.0000 0.0000 0.0000	</row1>
			<row2>	-0.8063 0.0000 0.5916 0.0000	</row2>
			<row3>	0.5148 0.2938 -3.3516 1.0000	</row3>
		</transform>
	</node>
	<node>
		<identifier>	MP_CM052_Fender	</identifier>
		<parent>	Scene Root	</parent>
		<transform>
			<row0>	1.0000 0.0000 0.0000 0.0000	</row0>
			<row1>	0.0000 0.9974 -0.0727 0.0000	</row1>
			<row2>	0.0000 0.0727 0.9974 0.0000	</row2>
			<row3>	-0.2572 0.5950 -1.0117 1.0000	</row3>
		</transform>
	</node>
	<node>
		<identifier>	MP_CM052_Fender_INDEX_1	</identifier>
		<parent>	Scene Root	</parent>
		<transform>
			<row0>	-0.6409 0.0000 -0.7676 0.0000	</row0>
			<row1>	-0.0558 0.9974 0.0466 0.0000	</row1>
			<row2>	0.7656 0.0727 -0.6392 0.0000	</row2>
			<row3>	0.8438 0.2165 -2.9543 1.0000	</row3>
		</transform>
	</node>
	<node>
		<identifier>	MP_CM052_Fender_INDEX_2	</identifier>
		<parent>	Scene Root	</parent>
		<transform>
			<row0>	1.0000 0.0000 0.0000 0.0000	</row0>
			<row1>	0.0000 0.9974 -0.0727 0.0000	</row1>
			<row2>	0.0000 0.0727 0.9974 0.0000	</row2>
			<row3>	0.2572 0.5950 -1.0117 1.0000	</row3>
		</transform>
	</node>
	<node>
		<identifier>	MP_CM052_Fender_INDEX_3	</identifier>
		<parent>	Scene Root	</parent>
		<transform>
			<row0>	-0.6409 0.0000 0.7676 0.0000	</row0>
			<row1>	0.0558 0.9974 0.0466 0.0000	</row1>
			<row2>	-0.7656 0.0727 -0.6392 0.0000	</row2>
			<row3>	-0.8438 0.2165 -2.9543 1.0000	</row3>
		</transform>
	</node>
	<node>
		<identifier>	MP_CM082_Rope	</identifier>
		<parent>	Scene Root	</parent>
		<transform>
			<row0>	0.0000 0.0000 0.4227 0.0000	</row0>
			<row1>	0.0000 0.4227 0.0000 0.0000	</row1>
			<row2>	-0.4227 0.0000 0.0000 0.0000	</row2>
			<row3>	-0.0006 1.6818 -1.3657 1.0000	</row3>
		</transform>
	</node>
	<node>
		<identifier>	MP_CM082_Rope_INDEX_1	</identifier>
		<parent>	Scene Root	</parent>
		<transform>
			<row0>	-0.4021 0.0000 0.0000 0.0000	</row0>
			<row1>	0.0000 0.4021 0.0000 0.0000	</row1>
			<row2>	0.0000 0.0000 -0.4021 0.0000	</row2>
			<row3>	0.1140 0.9936 -1.2491 1.0000	</row3>
		</transform>
	</node>
	<node>
		<identifier>	MP_CM082_Rope_INDEX_2	</identifier>
		<parent>	Scene Root	</parent>
		<transform>
			<row0>	-0.3732 0.0000 0.0000 0.0000	</row0>
			<row1>	0.0000 0.3732 0.0000 0.0000	</row1>
			<row2>	0.0000 0.0000 -0.3732 0.0000	</row2>
			<row3>	-0.1146 0.9936 -1.2638 1.0000	</row3>
		</transform>
	</node>
	<node>
		<identifier>	MP_CM082_Rope_INDEX_3	</identifier>
		<parent>	Scene Root	</parent>
		<transform>
			<row0>	-0.4505 0.0000 0.0000 0.0000	</row0>
			<row1>	0.0000 0.4505 0.0000 0.0000	</row1>
			<row2>	0.0000 0.0000 -0.4505 0.0000	</row2>
			<row3>	0.1140 0.9936 -1.2790 1.0000	</row3>
		</transform>
	</node>
	<node>
		<identifier>	MP_CM082_Rope_INDEX_4	</identifier>
		<parent>	Scene Root	</parent>
		<transform>
			<row0>	0.3833 0.0000 -0.0163 0.0000	</row0>
			<row1>	0.0000 0.3836 0.0000 0.0000	</row1>
			<row2>	0.0163 0.0000 0.3833 0.0000	</row2>
			<row3>	0.1145 0.9938 -1.2638 1.0000	</row3>
		</transform>
	</node>
	<node>
		<identifier>	MP_CM082_Rope_INDEX_5	</identifier>
		<parent>	Scene Root	</parent>
		<transform>
			<row0>	0.3593 0.0000 0.0000 0.0000	</row0>
			<row1>	0.0000 0.3593 0.0000 0.0000	</row1>
			<row2>	0.0000 0.0000 0.3593 0.0000	</row2>
			<row3>	-0.1140 0.9938 -1.2482 1.0000	</row3>
		</transform>
	</node>
	<node>
		<identifier>	MP_CM082_Rope_INDEX_6	</identifier>
		<parent>	Scene Root	</parent>
		<transform>
			<row0>	-0.4021 0.0000 0.0000 0.0000	</row0>
			<row1>	0.0000 0.4021 0.0000 0.0000	</row1>
			<row2>	0.0000 0.0000 -0.4021 0.0000	</row2>
			<row3>	-0.1146 0.9936 -1.2790 1.0000	</row3>
		</transform>
	</node>
	<node>
		<identifier>	MP_CM161_Propeller_4_8m_BB_R	</identifier>
		<parent>	Scene Root	</parent>
		<transform>
			<row0>	1.1927 0.0000 0.0000 0.0000	</row0>
			<row1>	0.0000 1.1927 0.0000 0.0000	</row1>
			<row2>	0.0000 0.0000 1.1927 0.0000	</row2>
			<row3>	0.3753 -0.4085 -6.9942 1.0000	</row3>
		</transform>
	</node>
	<node>
		<identifier>	MP_CM162_Propeller_4_8m_BB_L	</identifier>
		<parent>	Scene Root	</parent>
		<transform>
			<row0>	1.1927 0.0000 0.0000 0.0000	</row0>
			<row1>	0.0000 1.1927 0.0000 0.0000	</row1>
			<row2>	0.0000 0.0000 1.1927 0.0000	</row2>
			<row3>	-0.3753 -0.4085 -6.9942 1.0000	</row3>
		</transform>
	</node>
	<node>
		<identifier>	MP_CM162_Propeller_4_8m_BB_L_INDEX_1	</identifier>
		<parent>	Scene Root	</parent>
		<transform>
			<row0>	1.1927 0.0000 0.0000 0.0000	</row0>
			<row1>	0.0000 1.1927 0.0000 0.0000	</row1>
			<row2>	0.0000 0.0000 1.1927 0.0000	</row2>
			<row3>	0.0000 -0.4390 -7.1710 1.0000	</row3>
		</transform>
	</node>
	<node>
		<identifier>	MP_CM742_Fire_Fighting_Gear_HW19	</identifier>
		<parent>	Scene Root	</parent>
		<transform>
			<row0>	-1.0000 0.0000 0.0000 0.0000	</row0>
			<row1>	0.0000 1.0000 0.0000 0.0000	</row1>
			<row2>	0.0000 0.0000 -1.0000 0.0000	</row2>
			<row3>	0.0000 0.2209 -7.0395 1.0000	</row3>
		</transform>
	</node>
	<node>
		<identifier>	MP_CM742_Fire_Fighting_Gear_HW19_INDEX_1	</identifier>
		<parent>	Scene Root	</parent>
		<transform>
			<row0>	0.0000 0.0000 1.0000 0.0000	</row0>
			<row1>	0.0000 1.0000 0.0000 0.0000	</row1>
			<row2>	-1.0000 0.0000 0.0000 0.0000	</row2>
			<row3>	0.0935 0.9242 -1.5022 1.0000	</row3>
		</transform>
	</node>
	<node>
		<identifier>	MP_CM742_Fire_Fighting_Gear_HW19_INDEX_2	</identifier>
		<parent>	Scene Root	</parent>
		<transform>
			<row0>	0.0000 0.0000 -1.0000 0.0000	</row0>
			<row1>	0.0000 1.0000 0.0000 0.0000	</row1>
			<row2>	1.0000 0.0000 0.0000 0.0000	</row2>
			<row3>	-0.0935 0.9242 -1.5022 1.0000	</row3>
		</transform>
	</node>
	<node>
		<identifier>	MP_CM742_Fire_Fighting_Gear_HW19_INDEX_3	</identifier>
		<parent>	Scene Root	</parent>
		<transform>
			<row0>	1.0000 0.0000 0.0000 0.0000	</row0>
			<row1>	0.0000 1.0000 0.0000 0.0000	</row1>
			<row2>	0.0000 0.0000 1.0000 0.0000	</row2>
			<row3>	-0.4279 0.2139 -3.4679 1.0000	</row3>
		</transform>
	</node>
	<node>
		<identifier>	MP_CM742_Fire_Fighting_Gear_HW19_INDEX_4	</identifier>
		<parent>	Scene Root	</parent>
		<transform>
			<row0>	0.8821 0.0000 0.4711 0.0000	</row0>
			<row1>	0.0000 1.0000 0.0000 0.0000	</row1>
			<row2>	-0.4711 0.0000 0.8821 0.0000	</row2>
			<row3>	0.1433 0.5949 -1.9475 1.0000	</row3>
		</transform>
	</node>
	<node>
		<identifier>	MP_CM742_Fire_Fighting_Gear_HW19_INDEX_5	</identifier>
		<parent>	Scene Root	</parent>
		<transform>
			<row0>	1.0000 0.0000 0.0000 0.0000	</row0>
			<row1>	0.0000 1.0000 0.0000 0.0000	</row1>
			<row2>	0.0000 0.0000 1.0000 0.0000	</row2>
			<row3>	0.4279 0.2139 -3.4679 1.0000	</row3>
		</transform>
	</node>
	<node>
		<identifier>	MP_CM742_Fire_Fighting_Gear_HW19_INDEX_6	</identifier>
		<parent>	Scene Root	</parent>
		<transform>
			<row0>	0.8821 0.0000 -0.4711 0.0000	</row0>
			<row1>	0.0000 1.0000 0.0000 0.0000	</row1>
			<row2>	0.4711 0.0000 0.8821 0.0000	</row2>
			<row3>	-0.1433 0.5949 -1.9475 1.0000	</row3>
		</transform>
	</node>
	<node>
		<identifier>	MP_GM008_Loudspeaker	</identifier>
		<parent>	Scene Root	</parent>
		<transform>
			<row0>	1.0000 0.0000 0.0000 0.0000	</row0>
			<row1>	0.0000 1.0000 0.0000 0.0000	</row1>
			<row2>	0.0000 0.0000 1.0000 0.0000	</row2>
			<row3>	0.6348 0.5559 -0.8935 1.0000	</row3>
		</transform>
	</node>
	<node>
		<identifier>	MP_GM008_Loudspeaker_INDEX_1	</identifier>
		<parent>	Scene Root	</parent>
		<transform>
			<row0>	-1.0000 0.0000 0.0000 0.0000	</row0>
			<row1>	0.0000 1.0000 0.0000 0.0000	</row1>
			<row2>	0.0000 0.0000 -1.0000 0.0000	</row2>
			<row3>	-0.3011 0.7318 -1.3450 1.0000	</row3>
		</transform>
	</node>
	<node>
		<identifier>	MP_GM008_Loudspeaker_INDEX_2	</identifier>
		<parent>	Scene Root	</parent>
		<transform>
			<row0>	0.8072 0.0000 0.5903 0.0000	</row0>
			<row1>	0.0000 1.0000 0.0000 0.0000	</row1>
			<row2>	-0.5903 0.0000 0.8072 0.0000	</row2>
			<row3>	-0.4637 0.5559 -2.1436 1.0000	</row3>
		</transform>
	</node>
	<node>
		<identifier>	MP_GM008_Loudspeaker_INDEX_3	</identifier>
		<parent>	Scene Root	</parent>
		<transform>
			<row0>	0.8072 0.0000 -0.5903 0.0000	</row0>
			<row1>	0.0000 1.0000 0.0000 0.0000	</row1>
			<row2>	0.5903 0.0000 0.8072 0.0000	</row2>
			<row3>	0.4637 0.5559 -2.1436 1.0000	</row3>
		</transform>
	</node>
	<node>
		<identifier>	MP_GM008_Loudspeaker_INDEX_4	</identifier>
		<parent>	Scene Root	</parent>
		<transform>
			<row0>	-1.0000 0.0000 0.0000 0.0000	</row0>
			<row1>	0.0000 1.0000 0.0000 0.0000	</row1>
			<row2>	0.0000 0.0000 -1.0000 0.0000	</row2>
			<row3>	-0.6348 0.5559 -0.8935 1.0000	</row3>
		</transform>
	</node>
	<node>
		<identifier>	MP_GM008_Loudspeaker_INDEX_5	</identifier>
		<parent>	Scene Root	</parent>
		<transform>
			<row0>	0.9994 0.0000 -0.0338 0.0000	</row0>
			<row1>	0.0000 1.0000 0.0000 0.0000	</row1>
			<row2>	0.0338 0.0000 0.9994 0.0000	</row2>
			<row3>	0.1321 1.1190 -0.6958 1.0000	</row3>
		</transform>
	</node>
	<node>
		<identifier>	MP_GM008_Loudspeaker_INDEX_6	</identifier>
		<parent>	Scene Root	</parent>
		<transform>
			<row0>	1.0000 0.0000 0.0000 0.0000	</row0>
			<row1>	0.0000 1.0000 0.0000 0.0000	</row1>
			<row2>	0.0000 0.0000 1.0000 0.0000	</row2>
			<row3>	0.3011 0.7318 -1.3450 1.0000	</row3>
		</transform>
	</node>
	<node>
		<identifier>	MP_GM008_Loudspeaker_INDEX_7	</identifier>
		<parent>	Scene Root	</parent>
		<transform>
			<row0>	-0.9994 0.0000 -0.0338 0.0000	</row0>
			<row1>	0.0000 1.0000 0.0000 0.0000	</row1>
			<row2>	0.0338 0.0000 -0.9994 0.0000	</row2>
			<row3>	-0.1321 1.1190 -0.6958 1.0000	</row3>
		</transform>
	</node>
	<node>
		<identifier>	MP_GM009_Siren	</identifier>
		<parent>	Scene Root	</parent>
		<transform>
			<row0>	0.0000 0.0000 1.0000 0.0000	</row0>
			<row1>	0.0000 1.0000 0.0000 0.0000	</row1>
			<row2>	-1.0000 0.0000 0.0000 0.0000	</row2>
			<row3>	-0.0797 1.5361 -0.3230 1.0000	</row3>
		</transform>
	</node>
	<node>
		<identifier>	MP_GM009_Siren_INDEX_1	</identifier>
		<parent>	Scene Root	</parent>
		<transform>
			<row0>	0.0000 0.0000 -1.0000 0.0000	</row0>
			<row1>	0.0000 1.0000 0.0000 0.0000	</row1>
			<row2>	1.0000 0.0000 0.0000 0.0000	</row2>
			<row3>	-0.0797 1.5361 -0.9770 1.0000	</row3>
		</transform>
	</node>
	<node>
		<identifier>	MP_GM012_Reels_5	</identifier>
		<parent>	Scene Root	</parent>
		<transform>
			<row0>	1.0000 0.0000 0.0000 0.0000	</row0>
			<row1>	0.0000 1.0000 0.0000 0.0000	</row1>
			<row2>	0.0000 0.0000 1.0000 0.0000	</row2>
			<row3>	-0.0888 0.3856 -2.6577 1.0000	</row3>
		</transform>
	</node>
	<node>
		<identifier>	MP_GM012_Reels_5_INDEX_1	</identifier>
		<parent>	Scene Root	</parent>
		<transform>
			<row0>	1.0000 0.0000 0.0000 0.0000	</row0>
			<row1>	0.0000 1.0000 0.0000 0.0000	</row1>
			<row2>	0.0000 0.0000 1.0000 0.0000	</row2>
			<row3>	-0.1212 0.2199 -3.5287 1.0000	</row3>
		</transform>
	</node>
	<node>
		<identifier>	MP_GM012_Reels_5_INDEX_2	</identifier>
		<parent>	Scene Root	</parent>
		<transform>
			<row0>	1.0000 0.0000 0.0000 0.0000	</row0>
			<row1>	0.0000 1.0000 0.0000 0.0000	</row1>
			<row2>	0.0000 0.0000 1.0000 0.0000	</row2>
			<row3>	0.1212 0.2199 -3.5287 1.0000	</row3>
		</transform>
	</node>
	<node>
		<identifier>	MP_GM012_Reels_5_INDEX_3	</identifier>
		<parent>	Scene Root	</parent>
		<transform>
			<row0>	1.0000 0.0000 0.0000 0.0000	</row0>
			<row1>	0.0000 1.0000 0.0000 0.0000	</row1>
			<row2>	0.0000 0.0000 1.0000 0.0000	</row2>
			<row3>	0.0888 0.3856 -2.6577 1.0000	</row3>
		</transform>
	</node>
	<node>
		<identifier>	MP_GM013_Siren	</identifier>
		<parent>	Scene Root	</parent>
		<transform>
			<row0>	-1.0000 0.0000 0.0000 0.0000	</row0>
			<row1>	0.0000 1.0000 0.0000 0.0000	</row1>
			<row2>	0.0000 0.0000 -1.0000 0.0000	</row2>
			<row3>	0.2093 0.3706 -3.4486 1.0000	</row3>
		</transform>
	</node>
	<node>
		<identifier>	MP_GM013_Siren_INDEX_1	</identifier>
		<parent>	Scene Root	</parent>
		<transform>
			<row0>	0.0000 0.0000 -1.0000 0.0000	</row0>
			<row1>	0.0000 1.0000 0.0000 0.0000	</row1>
			<row2>	1.0000 0.0000 0.0000 0.0000	</row2>
			<row3>	0.4371 0.7406 -1.1652 1.0000	</row3>
		</transform>
	</node>
	<node>
		<identifier>	MP_GM013_Siren_INDEX_2	</identifier>
		<parent>	Scene Root	</parent>
		<transform>
			<row0>	-1.0000 0.0000 0.0000 0.0000	</row0>
			<row1>	0.0000 1.0000 0.0000 0.0000	</row1>
			<row2>	0.0000 0.0000 -1.0000 0.0000	</row2>
			<row3>	-0.2093 0.3706 -3.4486 1.0000	</row3>
		</transform>
	</node>
	<node>
		<identifier>	MP_GM013_Siren_INDEX_3	</identifier>
		<parent>	Scene Root	</parent>
		<transform>
			<row0>	-0.5903 0.0000 0.8072 0.0000	</row0>
			<row1>	0.0000 1.0000 0.0000 0.0000	</row1>
			<row2>	-0.8072 0.0000 -0.5903 0.0000	</row2>
			<row3>	-0.3649 0.5738 -2.2805 1.0000	</row3>
		</transform>
	</node>
	<node>
		<identifier>	MP_GM013_Siren_INDEX_4	</identifier>
		<parent>	Scene Root	</parent>
		<transform>
			<row0>	-0.5903 0.0000 -0.8072 0.0000	</row0>
			<row1>	0.0000 1.0000 0.0000 0.0000	</row1>
			<row2>	0.8072 0.0000 -0.5903 0.0000	</row2>
			<row3>	0.3649 0.5738 -2.2805 1.0000	</row3>
		</transform>
	</node>
	<node>
		<identifier>	MP_GM013_Siren_INDEX_5	</identifier>
		<parent>	Scene Root	</parent>
		<transform>
			<row0>	0.0000 0.0000 1.0000 0.0000	</row0>
			<row1>	0.0000 1.0000 0.0000 0.0000	</row1>
			<row2>	-1.0000 0.0000 0.0000 0.0000	</row2>
			<row3>	-0.4371 0.7406 -1.1652 1.0000	</row3>
		</transform>
	</node>
	<node>
		<identifier>	MP_GM015_Clock	</identifier>
		<parent>	Scene Root	</parent>
		<transform>
			<row0>	0.0000 0.0000 -1.0000 0.0000	</row0>
			<row1>	0.0000 1.0000 0.0000 0.0000	</row1>
			<row2>	1.0000 0.0000 0.0000 0.0000	</row2>
			<row3>	0.3008 0.7403 -1.5067 1.0000	</row3>
		</transform>
	</node>
	<node>
		<identifier>	MP_GM015_Clock_INDEX_1	</identifier>
		<parent>	Scene Root	</parent>
		<transform>
			<row0>	-0.5906 0.0000 -0.8069 0.0000	</row0>
			<row1>	0.0000 1.0000 0.0000 0.0000	</row1>
			<row2>	0.8069 0.0000 -0.5906 0.0000	</row2>
			<row3>	0.4007 0.5627 -2.2296 1.0000	</row3>
		</transform>
	</node>
	<node>
		<identifier>	MP_GM015_Clock_INDEX_2	</identifier>
		<parent>	Scene Root	</parent>
		<transform>
			<row0>	0.0000 0.0000 1.0000 0.0000	</row0>
			<row1>	0.0000 1.0000 0.0000 0.0000	</row1>
			<row2>	-1.0000 0.0000 0.0000 0.0000	</row2>
			<row3>	-0.3008 0.7403 -1.5067 1.0000	</row3>
		</transform>
	</node>
	<node>
		<identifier>	MP_GM015_Clock_INDEX_3	</identifier>
		<parent>	Scene Root	</parent>
		<transform>
			<row0>	0.0000 0.0000 1.0000 0.0000	</row0>
			<row1>	0.0000 1.0000 0.0000 0.0000	</row1>
			<row2>	-1.0000 0.0000 0.0000 0.0000	</row2>
			<row3>	-0.0901 1.0703 -1.6576 1.0000	</row3>
		</transform>
	</node>
	<node>
		<identifier>	MP_GM015_Clock_INDEX_4	</identifier>
		<parent>	Scene Root	</parent>
		<transform>
			<row0>	0.0000 0.0000 -1.0000 0.0000	</row0>
			<row1>	0.0000 1.0000 0.0000 0.0000	</row1>
			<row2>	1.0000 0.0000 0.0000 0.0000	</row2>
			<row3>	0.0901 1.0703 -1.6576 1.0000	</row3>
		</transform>
	</node>
	<node>
		<identifier>	MP_GM015_Clock_INDEX_5	</identifier>
		<parent>	Scene Root	</parent>
		<transform>
			<row0>	-0.5906 0.0000 0.8069 0.0000	</row0>
			<row1>	0.0000 1.0000 0.0000 0.0000	</row1>
			<row2>	-0.8069 0.0000 -0.5906 0.0000	</row2>
			<row3>	-0.4007 0.5627 -2.2296 1.0000	</row3>
		</transform>
	</node>
	<node>
		<identifier>	MP_GM016_Sleeve	</identifier>
		<parent>	Scene Root	</parent>
		<transform>
			<row0>	-0.4663 0.0000 0.8846 0.0000	</row0>
			<row1>	0.0000 1.0000 0.0000 0.0000	</row1>
			<row2>	-0.8846 0.0000 -0.4663 0.0000	</row2>
			<row3>	-0.1691 0.6350 -1.8636 1.0000	</row3>
		</transform>
	</node>
	<node>
		<identifier>	MP_GM016_Sleeve_INDEX_1	</identifier>
		<parent>	Scene Root	</parent>
		<transform>
			<row0>	-0.5797 0.0000 0.8148 0.0000	</row0>
			<row1>	0.0000 1.0000 0.0000 0.0000	</row1>
			<row2>	-0.8148 0.0000 -0.5797 0.0000	</row2>
			<row3>	-0.4605 0.2608 -3.4164 1.0000	</row3>
		</transform>
	</node>
	<node>
		<identifier>	MP_GM016_Sleeve_INDEX_2	</identifier>
		<parent>	Scene Root	</parent>
		<transform>
			<row0>	-0.4663 0.0000 -0.8846 0.0000	</row0>
			<row1>	0.0000 1.0000 0.0000 0.0000	</row1>
			<row2>	0.8846 0.0000 -0.4663 0.0000	</row2>
			<row3>	0.1691 0.6350 -1.8636 1.0000	</row3>
		</transform>
	</node>
	<node>
		<identifier>	MP_GM016_Sleeve_INDEX_3	</identifier>
		<parent>	Scene Root	</parent>
		<transform>
			<row0>	0.7945 0.0000 -0.6072 0.0000	</row0>
			<row1>	0.0000 1.0000 0.0000 0.0000	</row1>
			<row2>	0.6072 0.0000 0.7945 0.0000	</row2>
			<row3>	0.0793 1.4113 -0.3565 1.0000	</row3>
		</transform>
	</node>
	<node>
		<identifier>	MP_GM016_Sleeve_INDEX_4	</identifier>
		<parent>	Scene Root	</parent>
		<transform>
			<row0>	-1.0000 0.0000 0.0000 0.0000	</row0>
			<row1>	0.0000 1.0000 0.0000 0.0000	</row1>
			<row2>	0.0000 0.0000 -1.0000 0.0000	</row2>
			<row3>	0.0000 0.2503 -7.2582 1.0000	</row3>
		</transform>
	</node>
	<node>
		<identifier>	MP_GM016_Sleeve_INDEX_5	</identifier>
		<parent>	Scene Root	</parent>
		<transform>
			<row0>	0.2370 0.0000 0.9715 0.0000	</row0>
			<row1>	0.0000 1.0000 0.0000 0.0000	</row1>
			<row2>	-0.9715 0.0000 0.2370 0.0000	</row2>
			<row3>	-0.0856 0.9972 -1.6058 1.0000	</row3>
		</transform>
	</node>
	<node>
		<identifier>	MP_GM016_Sleeve_INDEX_6	</identifier>
		<parent>	Scene Root	</parent>
		<transform>
			<row0>	-0.5797 0.0000 -0.8148 0.0000	</row0>
			<row1>	0.0000 1.0000 0.0000 0.0000	</row1>
			<row2>	0.8148 0.0000 -0.5797 0.0000	</row2>
			<row3>	0.4605 0.2608 -3.4164 1.0000	</row3>
		</transform>
	</node>
	<node>
		<identifier>	MP_GM016_Sleeve_INDEX_7	</identifier>
		<parent>	Scene Root	</parent>
		<transform>
			<row0>	0.7945 0.0000 0.6072 0.0000	</row0>
			<row1>	0.0000 1.0000 0.0000 0.0000	</row1>
			<row2>	-0.6072 0.0000 0.7945 0.0000	</row2>
			<row3>	-0.0793 1.4113 -0.3565 1.0000	</row3>
		</transform>
	</node>
	<node>
		<identifier>	MP_GM016_Sleeve_INDEX_8	</identifier>
		<parent>	Scene Root	</parent>
		<transform>
			<row0>	0.2370 0.0000 -0.9715 0.0000	</row0>
			<row1>	0.0000 1.0000 0.0000 0.0000	</row1>
			<row2>	0.9715 0.0000 0.2370 0.0000	</row2>
			<row3>	0.0856 0.9972 -1.6058 1.0000	</row3>
		</transform>
	</node>
	<node>
		<identifier>	MP_GM019_Loading_machine	</identifier>
		<parent>	Scene Root	</parent>
		<transform>
			<row0>	-0.7071 0.0000 0.7071 0.0000	</row0>
			<row1>	0.0000 1.0000 0.0000 0.0000	</row1>
			<row2>	-0.7071 0.0000 -0.7071 0.0000	</row2>
			<row3>	0.1496 0.2146 -3.8274 1.0000	</row3>
		</transform>
	</node>
	<node>
		<identifier>	MP_GM019_Loading_machine_INDEX_1	</identifier>
		<parent>	Scene Root	</parent>
		<transform>
			<row0>	0.7071 0.0000 -0.7071 0.0000	</row0>
			<row1>	0.0000 1.0000 0.0000 0.0000	</row1>
			<row2>	0.7071 0.0000 0.7071 0.0000	</row2>
			<row3>	-0.1496 0.2146 -3.8274 1.0000	</row3>
		</transform>
	</node>
	<node>
		<identifier>	MP_GM022_Freon_Cylinder_acetylene	</identifier>
		<parent>	Scene Root	</parent>
		<transform>
			<row0>	0.0000 0.0000 1.0000 0.0000	</row0>
			<row1>	0.0000 1.0000 0.0000 0.0000	</row1>
			<row2>	-1.0000 0.0000 0.0000 0.0000	</row2>
			<row3>	-0.6440 0.3798 -0.5362 1.0000	</row3>
		</transform>
	</node>
	<node>
		<identifier>	MP_GM022_Freon_Cylinder_acetylene_INDEX_1	</identifier>
		<parent>	Scene Root	</parent>
		<transform>
			<row0>	-0.1127 0.0000 -0.9936 0.0000	</row0>
			<row1>	0.0000 1.0000 0.0000 0.0000	</row1>
			<row2>	0.9936 0.0000 -0.1127 0.0000	</row2>
			<row3>	0.4492 0.3798 -0.5137 1.0000	</row3>
		</transform>
	</node>
	<node>
		<identifier>	MP_GM022_Freon_Cylinder_acetylene_INDEX_2	</identifier>
		<parent>	Scene Root	</parent>
		<transform>
			<row0>	-0.1127 0.0000 0.9936 0.0000	</row0>
			<row1>	0.0000 1.0000 0.0000 0.0000	</row1>
			<row2>	-0.9936 0.0000 -0.1127 0.0000	</row2>
			<row3>	-0.4492 0.3798 -0.5137 1.0000	</row3>
		</transform>
	</node>
	<node>
		<identifier>	MP_GM023_Acetylen_Cylinder	</identifier>
		<parent>	Scene Root	</parent>
		<transform>
			<row0>	0.7168 0.0000 -0.6973 0.0000	</row0>
			<row1>	0.0000 1.0000 0.0000 0.0000	</row1>
			<row2>	0.6973 0.0000 0.7168 0.0000	</row2>
			<row3>	0.5360 0.3822 -1.5549 1.0000	</row3>
		</transform>
	</node>
	<node>
		<identifier>	MP_GM023_Acetylen_Cylinder_INDEX_1	</identifier>
		<parent>	Scene Root	</parent>
		<transform>
			<row0>	0.7168 0.0000 0.6973 0.0000	</row0>
			<row1>	0.0000 1.0000 0.0000 0.0000	</row1>
			<row2>	-0.6973 0.0000 0.7168 0.0000	</row2>
			<row3>	-0.5360 0.3822 -1.5549 1.0000	</row3>
		</transform>
	</node>
	<node>
		<identifier>	MP_GM034_Turtles_box	</identifier>
		<parent>	Scene Root	</parent>
		<transform>
			<row0>	0.6270 0.0000 0.7790 0.0000	</row0>
			<row1>	0.0000 1.0000 0.0000 0.0000	</row1>
			<row2>	-0.7790 0.0000 0.6270 0.0000	</row2>
			<row3>	-0.0740 0.9705 -1.5702 1.0000	</row3>
		</transform>
	</node>
	<node>
		<identifier>	MP_GM034_Turtles_box_INDEX_1	</identifier>
		<parent>	Scene Root	</parent>
		<transform>
			<row0>	-0.5812 0.0000 0.8138 0.0000	</row0>
			<row1>	0.0000 1.0000 0.0000 0.0000	</row1>
			<row2>	-0.8138 0.0000 -0.5812 0.0000	</row2>
			<row3>	-0.6442 0.2432 -3.1643 1.0000	</row3>
		</transform>
	</node>
	<node>
		<identifier>	MP_GM034_Turtles_box_INDEX_10	</identifier>
		<parent>	Scene Root	</parent>
		<transform>
			<row0>	0.3825 0.0000 0.9239 0.0000	</row0>
			<row1>	0.0000 1.0000 0.0000 0.0000	</row1>
			<row2>	-0.9239 0.0000 0.3825 0.0000	</row2>
			<row3>	-0.1184 1.3982 -0.4000 1.0000	</row3>
		</transform>
	</node>
	<node>
		<identifier>	MP_GM034_Turtles_box_INDEX_2	</identifier>
		<parent>	Scene Root	</parent>
		<transform>
			<row0>	-0.4611 -0.0019 -0.8874 0.0000	</row0>
			<row1>	0.0060 1.0000 -0.0052 0.0000	</row1>
			<row2>	0.8873 -0.0077 -0.4610 0.0000	</row2>
			<row3>	0.2000 0.6353 -1.8072 1.0000	</row3>
		</transform>
	</node>
	<node>
		<identifier>	MP_GM034_Turtles_box_INDEX_3	</identifier>
		<parent>	Scene Root	</parent>
		<transform>
			<row0>	-0.6128 0.0000 -0.7902 0.0000	</row0>
			<row1>	0.0000 1.0000 0.0000 0.0000	</row1>
			<row2>	0.7902 0.0000 -0.6128 0.0000	</row2>
			<row3>	-0.1798 0.6074 -2.1462 1.0000	</row3>
		</transform>
	</node>
	<node>
		<identifier>	MP_GM034_Turtles_box_INDEX_4	</identifier>
		<parent>	Scene Root	</parent>
		<transform>
			<row0>	-0.5812 0.0000 -0.8138 0.0000	</row0>
			<row1>	0.0000 1.0000 0.0000 0.0000	</row1>
			<row2>	0.8138 0.0000 -0.5812 0.0000	</row2>
			<row3>	0.6446 0.2428 -3.1638 1.0000	</row3>
		</transform>
	</node>
	<node>
		<identifier>	MP_GM034_Turtles_box_INDEX_5	</identifier>
		<parent>	Scene Root	</parent>
		<transform>
			<row0>	-0.6128 0.0000 0.7902 0.0000	</row0>
			<row1>	0.0000 1.0000 0.0000 0.0000	</row1>
			<row2>	-0.7902 0.0000 -0.6128 0.0000	</row2>
			<row3>	0.1798 0.6074 -2.1462 1.0000	</row3>
		</transform>
	</node>
	<node>
		<identifier>	MP_GM034_Turtles_box_INDEX_6	</identifier>
		<parent>	Scene Root	</parent>
		<transform>
			<row0>	0.9348 0.0000 0.3553 0.0000	</row0>
			<row1>	0.0000 1.0000 0.0000 0.0000	</row1>
			<row2>	-0.3553 0.0000 0.9348 0.0000	</row2>
			<row3>	-0.2570 0.2417 -7.0188 1.0000	</row3>
		</transform>
	</node>
	<node>
		<identifier>	MP_GM034_Turtles_box_INDEX_7	</identifier>
		<parent>	Scene Root	</parent>
		<transform>
			<row0>	0.6270 0.0000 -0.7790 0.0000	</row0>
			<row1>	0.0000 1.0000 0.0000 0.0000	</row1>
			<row2>	0.7790 0.0000 0.6270 0.0000	</row2>
			<row3>	0.0740 0.9705 -1.5702 1.0000	</row3>
		</transform>
	</node>
	<node>
		<identifier>	MP_GM034_Turtles_box_INDEX_8	</identifier>
		<parent>	Scene Root	</parent>
		<transform>
			<row0>	0.9348 0.0000 -0.3553 0.0000	</row0>
			<row1>	0.0000 1.0000 0.0000 0.0000	</row1>
			<row2>	0.3553 0.0000 0.9348 0.0000	</row2>
			<row3>	0.2570 0.2417 -7.0188 1.0000	</row3>
		</transform>
	</node>
	<node>
		<identifier>	MP_GM034_Turtles_box_INDEX_9	</identifier>
		<parent>	Scene Root	</parent>
		<transform>
			<row0>	0.3825 0.0000 -0.9239 0.0000	</row0>
			<row1>	0.0000 1.0000 0.0000 0.0000	</row1>
			<row2>	0.9239 0.0000 0.3825 0.0000	</row2>
			<row3>	0.1184 1.3982 -0.4000 1.0000	</row3>
		</transform>
	</node>
	<node>
		<identifier>	MP_GM055_Monogramm_Konigsberg	</identifier>
		<parent>	Scene Root	</parent>
		<transform>
			<row0>	0.6642 0.0000 0.0000 0.0000	</row0>
			<row1>	0.0000 0.6502 0.1358 0.0000	</row1>
			<row2>	0.0000 -0.1358 0.6502 0.0000	</row2>
			<row3>	0.0000 0.1549 -8.5583 1.0000	</row3>
		</transform>
	</node>
	<node>
		<identifier>	MP_GM104_Night_Indicator_Ice	</identifier>
		<parent>	Scene Root	</parent>
		<transform>
			<row0>	-1.0000 0.0000 0.0000 0.0000	</row0>
			<row1>	0.0000 1.0000 0.0000 0.0000	</row1>
			<row2>	0.0000 0.0000 -1.0000 0.0000	</row2>
			<row3>	0.0000 1.7362 -1.3479 1.0000	</row3>
		</transform>
	</node>
	<node>
		<identifier>	MP_GM512_Trafficboat_11_7m	</identifier>
		<parent>	Scene Root	</parent>
		<transform>
			<row0>	1.0000 0.0000 0.0000 0.0000	</row0>
			<row1>	0.0000 1.0000 0.0000 0.0000	</row1>
			<row2>	0.0000 0.0000 1.0000 0.0000	</row2>
			<row3>	0.5695 0.7599 -0.5310 1.0000	</row3>
		</transform>
	</node>
	<node>
		<identifier>	MP_GM512_Trafficboat_11_7m_INDEX_1	</identifier>
		<parent>	Scene Root	</parent>
		<transform>
			<row0>	1.0000 0.0000 0.0000 0.0000	</row0>
			<row1>	0.0000 1.0000 0.0000 0.0000	</row1>
			<row2>	0.0000 0.0000 1.0000 0.0000	</row2>
			<row3>	-0.5695 0.7599 -0.5310 1.0000	</row3>
		</transform>
	</node>
	<node>
		<identifier>	MP_GM514_Motorpinasse_9_2m	</identifier>
		<parent>	Scene Root	</parent>
		<transform>
			<row0>	1.0000 0.0000 0.0000 0.0000	</row0>
			<row1>	0.0000 1.0000 0.0000 0.0000	</row1>
			<row2>	0.0000 0.0000 1.0000 0.0000	</row2>
			<row3>	-0.3473 0.8622 -0.6233 1.0000	</row3>
		</transform>
	</node>
	<node>
		<identifier>	MP_GM514_Motorpinasse_9_2m_INDEX_1	</identifier>
		<parent>	Scene Root	</parent>
		<transform>
			<row0>	1.0000 0.0000 0.0000 0.0000	</row0>
			<row1>	0.0000 1.0000 0.0000 0.0000	</row1>
			<row2>	0.0000 0.0000 1.0000 0.0000	</row2>
			<row3>	0.3473 0.8622 -0.6233 1.0000	</row3>
		</transform>
	</node>
	<node>
		<identifier>	MP_GM535_Life_Boat_2	</identifier>
		<parent>	Scene Root	</parent>
		<transform>
			<row0>	0.8219 0.0000 -0.5696 0.0000	</row0>
			<row1>	0.0000 1.0000 0.0000 0.0000	</row1>
			<row2>	0.5696 0.0000 0.8219 0.0000	</row2>
			<row3>	0.4233 0.3807 -3.3433 1.0000	</row3>
		</transform>
	</node>
	<node>
		<identifier>	MP_GM535_Life_Boat_2_INDEX_1	</identifier>
		<parent>	Scene Root	</parent>
		<transform>
			<row0>	-1.0000 0.0000 0.0000 0.0000	</row0>
			<row1>	0.0000 1.0000 0.0000 0.0000	</row1>
			<row2>	0.0000 0.0000 -1.0000 0.0000	</row2>
			<row3>	-0.4855 0.5948 -1.6685 1.0000	</row3>
		</transform>
	</node>
	<node>
		<identifier>	MP_GM535_Life_Boat_2_INDEX_10	</identifier>
		<parent>	Scene Root	</parent>
		<transform>
			<row0>	1.0000 0.0000 0.0000 0.0000	</row0>
			<row1>	0.0000 1.0000 0.0000 0.0000	</row1>
			<row2>	0.0000 0.0000 1.0000 0.0000	</row2>
			<row3>	0.1926 0.2142 -4.2841 1.0000	</row3>
		</transform>
	</node>
	<node>
		<identifier>	MP_GM535_Life_Boat_2_INDEX_11	</identifier>
		<parent>	Scene Root	</parent>
		<transform>
			<row0>	-1.0000 0.0000 0.0000 0.0000	</row0>
			<row1>	0.0000 1.0000 0.0000 0.0000	</row1>
			<row2>	0.0000 0.0000 -1.0000 0.0000	</row2>
			<row3>	-0.4855 0.5948 -1.7811 1.0000	</row3>
		</transform>
	</node>
	<node>
		<identifier>	MP_GM535_Life_Boat_2_INDEX_12	</identifier>
		<parent>	Scene Root	</parent>
		<transform>
			<row0>	0.8219 0.0000 0.5696 0.0000	</row0>
			<row1>	0.0000 1.0000 0.0000 0.0000	</row1>
			<row2>	-0.5696 0.0000 0.8219 0.0000	</row2>
			<row3>	-0.4870 0.3807 -3.2518 1.0000	</row3>
		</transform>
	</node>
	<node>
		<identifier>	MP_GM535_Life_Boat_2_INDEX_13	</identifier>
		<parent>	Scene Root	</parent>
		<transform>
			<row0>	-1.0000 0.0000 0.0000 0.0000	</row0>
			<row1>	0.0000 1.0000 0.0000 0.0000	</row1>
			<row2>	0.0000 0.0000 -1.0000 0.0000	</row2>
			<row3>	0.4855 0.5948 -1.6685 1.0000	</row3>
		</transform>
	</node>
	<node>
		<identifier>	MP_GM535_Life_Boat_2_INDEX_2	</identifier>
		<parent>	Scene Root	</parent>
		<transform>
			<row0>	1.0000 0.0000 0.0000 0.0000	</row0>
			<row1>	0.0000 1.0000 0.0000 0.0000	</row1>
			<row2>	0.0000 0.0000 1.0000 0.0000	</row2>
			<row3>	0.1926 0.2142 -4.3915 1.0000	</row3>
		</transform>
	</node>
	<node>
		<identifier>	MP_GM535_Life_Boat_2_INDEX_3	</identifier>
		<parent>	Scene Root	</parent>
		<transform>
			<row0>	1.0000 0.0000 0.0000 0.0000	</row0>
			<row1>	0.0000 1.0000 0.0000 0.0000	</row1>
			<row2>	0.0000 0.0000 1.0000 0.0000	</row2>
			<row3>	0.2766 0.3811 -2.6858 1.0000	</row3>
		</transform>
	</node>
	<node>
		<identifier>	MP_GM535_Life_Boat_2_INDEX_4	</identifier>
		<parent>	Scene Root	</parent>
		<transform>
			<row0>	-1.0000 0.0000 0.0000 0.0000	</row0>
			<row1>	0.0000 1.0000 0.0000 0.0000	</row1>
			<row2>	0.0000 0.0000 -1.0000 0.0000	</row2>
			<row3>	0.4855 0.5948 -1.7811 1.0000	</row3>
		</transform>
	</node>
	<node>
		<identifier>	MP_GM535_Life_Boat_2_INDEX_5	</identifier>
		<parent>	Scene Root	</parent>
		<transform>
			<row0>	1.0000 0.0000 0.0000 0.0000	</row0>
			<row1>	0.0000 1.0000 0.0000 0.0000	</row1>
			<row2>	0.0000 0.0000 1.0000 0.0000	</row2>
			<row3>	-0.1926 0.2142 -4.2841 1.0000	</row3>
		</transform>
	</node>
	<node>
		<identifier>	MP_GM535_Life_Boat_2_INDEX_6	</identifier>
		<parent>	Scene Root	</parent>
		<transform>
			<row0>	1.0000 0.0000 0.0000 0.0000	</row0>
			<row1>	0.0000 1.0000 0.0000 0.0000	</row1>
			<row2>	0.0000 0.0000 1.0000 0.0000	</row2>
			<row3>	-0.1926 0.2142 -4.3915 1.0000	</row3>
		</transform>
	</node>
	<node>
		<identifier>	MP_GM535_Life_Boat_2_INDEX_7	</identifier>
		<parent>	Scene Root	</parent>
		<transform>
			<row0>	0.8219 0.0000 0.5696 0.0000	</row0>
			<row1>	0.0000 1.0000 0.0000 0.0000	</row1>
			<row2>	-0.5696 0.0000 0.8219 0.0000	</row2>
			<row3>	-0.4238 0.3807 -3.3436 1.0000	</row3>
		</transform>
	</node>
	<node>
		<identifier>	MP_GM535_Life_Boat_2_INDEX_8	</identifier>
		<parent>	Scene Root	</parent>
		<transform>
			<row0>	0.8219 0.0000 -0.5696 0.0000	</row0>
			<row1>	0.0000 1.0000 0.0000 0.0000	</row1>
			<row2>	0.5696 0.0000 0.8219 0.0000	</row2>
			<row3>	0.4869 0.3807 -3.2515 1.0000	</row3>
		</transform>
	</node>
	<node>
		<identifier>	MP_GM535_Life_Boat_2_INDEX_9	</identifier>
		<parent>	Scene Root	</parent>
		<transform>
			<row0>	1.0000 0.0000 0.0000 0.0000	</row0>
			<row1>	0.0000 1.0000 0.0000 0.0000	</row1>
			<row2>	0.0000 0.0000 1.0000 0.0000	</row2>
			<row3>	-0.2766 0.3811 -2.6858 1.0000	</row3>
		</transform>
	</node>
	<node>
		<identifier>	MP_GM610_Switch_Box_6	</identifier>
		<parent>	Scene Root	</parent>
		<transform>
			<row0>	-0.5908 0.0000 0.8068 0.0000	</row0>
			<row1>	0.0000 1.0000 0.0000 0.0000	</row1>
			<row2>	-0.8068 0.0000 -0.5908 0.0000	</row2>
			<row3>	-0.1655 0.4499 -2.5505 1.0000	</row3>
		</transform>
	</node>
	<node>
		<identifier>	MP_GM610_Switch_Box_6_INDEX_1	</identifier>
		<parent>	Scene Root	</parent>
		<transform>
			<row0>	-0.5908 0.0000 -0.8068 0.0000	</row0>
			<row1>	0.0000 1.0000 0.0000 0.0000	</row1>
			<row2>	0.8068 0.0000 -0.5908 0.0000	</row2>
			<row3>	0.1655 0.4499 -2.5505 1.0000	</row3>
		</transform>
	</node>
	<node>
		<identifier>	MP_GM625_Telephone	</identifier>
		<parent>	Scene Root	</parent>
		<transform>
			<row0>	0.0000 0.0000 -1.0000 0.0000	</row0>
			<row1>	0.0000 1.0000 0.0000 0.0000	</row1>
			<row2>	1.0000 0.0000 0.0000 0.0000	</row2>
			<row3>	-0.1329 1.4280 -0.5430 1.0000	</row3>
		</transform>
	</node>
	<node>
		<identifier>	MP_GM625_Telephone_INDEX_1	</identifier>
		<parent>	Scene Root	</parent>
		<transform>
			<row0>	0.0000 0.0000 1.0000 0.0000	</row0>
			<row1>	0.0000 1.0000 0.0000 0.0000	</row1>
			<row2>	-1.0000 0.0000 0.0000 0.0000	</row2>
			<row3>	0.1329 1.4280 -0.5430 1.0000	</row3>
		</transform>
	</node>
	<node>
		<identifier>	MP_GM631_Night_Director	</identifier>
		<parent>	Scene Root	</parent>
		<transform>
			<row0>	0.0000 0.0000 1.0000 0.0000	</row0>
			<row1>	0.0000 1.0000 0.0000 0.0000	</row1>
			<row2>	-1.0000 0.0000 0.0000 0.0000	</row2>
			<row3>	-0.3256 0.9234 -1.3664 1.0000	</row3>
		</transform>
	</node>
	<node>
		<identifier>	MP_GM631_Night_Director_INDEX_1	</identifier>
		<parent>	Scene Root	</parent>
		<transform>
			<row0>	0.0000 0.0000 -1.0000 0.0000	</row0>
			<row1>	0.0000 1.0000 0.0000 0.0000	</row1>
			<row2>	1.0000 0.0000 0.0000 0.0000	</row2>
			<row3>	0.3256 0.9234 -1.3664 1.0000	</row3>
		</transform>
	</node>
	<node>
		<identifier>	MP_GM700_AmmoBox	</identifier>
		<parent>	Scene Root	</parent>
		<transform>
			<row0>	0.7331 0.0000 -0.6802 0.0000	</row0>
			<row1>	0.0000 1.0000 0.0000 0.0000	</row1>
			<row2>	0.6802 0.0000 0.7331 0.0000	</row2>
			<row3>	0.1696 0.2205 -7.0265 1.0000	</row3>
		</transform>
	</node>
	<node>
		<identifier>	MP_GM700_AmmoBox_INDEX_1	</identifier>
		<parent>	Scene Root	</parent>
		<transform>
			<row0>	1.0000 0.0000 0.0000 0.0000	</row0>
			<row1>	0.0000 1.0000 0.0000 0.0000	</row1>
			<row2>	0.0000 0.0000 1.0000 0.0000	</row2>
			<row3>	0.0000 1.3574 -0.2184 1.0000	</row3>
		</transform>
	</node>
	<node>
		<identifier>	MP_GM700_AmmoBox_INDEX_2	</identifier>
		<parent>	Scene Root	</parent>
		<transform>
			<row0>	0.9778 0.0000 -0.2093 0.0000	</row0>
			<row1>	0.0000 1.0000 0.0000 0.0000	</row1>
			<row2>	0.2093 0.0000 0.9778 0.0000	</row2>
			<row3>	0.2560 0.2205 -7.0711 1.0000	</row3>
		</transform>
	</node>
	<node>
		<identifier>	MP_GM700_AmmoBox_INDEX_3	</identifier>
		<parent>	Scene Root	</parent>
		<transform>
			<row0>	0.7331 0.0000 0.6802 0.0000	</row0>
			<row1>	0.0000 1.0000 0.0000 0.0000	</row1>
			<row2>	-0.6802 0.0000 0.7331 0.0000	</row2>
			<row3>	-0.1696 0.2205 -7.0265 1.0000	</row3>
		</transform>
	</node>
	<node>
		<identifier>	MP_GM700_AmmoBox_INDEX_4	</identifier>
		<parent>	Scene Root	</parent>
		<transform>
			<row0>	0.9778 0.0000 0.2093 0.0000	</row0>
			<row1>	0.0000 1.0000 0.0000 0.0000	</row1>
			<row2>	-0.2093 0.0000 0.9778 0.0000	</row2>
			<row3>	-0.2560 0.2205 -7.0711 1.0000	</row3>
		</transform>
	</node>
	<node>
		<identifier>	MP_GM701_AmmoBox	</identifier>
		<parent>	Scene Root	</parent>
		<transform>
			<row0>	0.1198 0.0000 -0.9928 0.0000	</row0>
			<row1>	0.0000 1.0000 0.0000 0.0000	</row1>
			<row2>	0.9928 0.0000 0.1198 0.0000	</row2>
			<row3>	0.1596 0.5942 -2.4645 1.0000	</row3>
		</transform>
	</node>
	<node>
		<identifier>	MP_GM701_AmmoBox_INDEX_1	</identifier>
		<parent>	Scene Root	</parent>
		<transform>
			<row0>	0.0000 0.0000 -1.0000 0.0000	</row0>
			<row1>	0.0000 1.0000 0.0000 0.0000	</row1>
			<row2>	1.0000 0.0000 0.0000 0.0000	</row2>
			<row3>	-0.0828 0.9235 -1.4448 1.0000	</row3>
		</transform>
	</node>
	<node>
		<identifier>	MP_GM701_AmmoBox_INDEX_2	</identifier>
		<parent>	Scene Root	</parent>
		<transform>
			<row0>	1.0000 0.0000 0.0000 0.0000	</row0>
			<row1>	0.0000 1.0000 0.0000 0.0000	</row1>
			<row2>	0.0000 0.0000 1.0000 0.0000	</row2>
			<row3>	0.0695 0.5944 -1.9538 1.0000	</row3>
		</transform>
	</node>
	<node>
		<identifier>	MP_GM701_AmmoBox_INDEX_3	</identifier>
		<parent>	Scene Root	</parent>
		<transform>
			<row0>	0.0000 0.0030 -1.0000 0.0000	</row0>
			<row1>	0.0000 1.0000 0.0030 0.0000	</row1>
			<row2>	1.0000 0.0000 0.0000 0.0000	</row2>
			<row3>	-0.1360 0.2183 -6.6633 1.0000	</row3>
		</transform>
	</node>
	<node>
		<identifier>	MP_GM701_AmmoBox_INDEX_4	</identifier>
		<parent>	Scene Root	</parent>
		<transform>
			<row0>	0.0000 0.0030 -1.0000 0.0000	</row0>
			<row1>	0.0000 1.0000 0.0030 0.0000	</row1>
			<row2>	1.0000 0.0000 0.0000 0.0000	</row2>
			<row3>	-0.1360 0.2186 -6.7616 1.0000	</row3>
		</transform>
	</node>
	<node>
		<identifier>	MP_GM701_AmmoBox_INDEX_5	</identifier>
		<parent>	Scene Root	</parent>
		<transform>
			<row0>	0.0000 -0.0030 1.0000 0.0000	</row0>
			<row1>	0.0000 1.0000 0.0030 0.0000	</row1>
			<row2>	-1.0000 0.0000 0.0000 0.0000	</row2>
			<row3>	0.1360 0.2183 -6.6633 1.0000	</row3>
		</transform>
	</node>
	<node>
		<identifier>	MP_GM701_AmmoBox_INDEX_6	</identifier>
		<parent>	Scene Root	</parent>
		<transform>
			<row0>	0.1198 0.0000 0.9928 0.0000	</row0>
			<row1>	0.0000 1.0000 0.0000 0.0000	</row1>
			<row2>	-0.9928 0.0000 0.1198 0.0000	</row2>
			<row3>	-0.1596 0.5942 -2.4645 1.0000	</row3>
		</transform>
	</node>
	<node>
		<identifier>	MP_GM701_AmmoBox_INDEX_7	</identifier>
		<parent>	Scene Root	</parent>
		<transform>
			<row0>	1.0000 0.0000 0.0000 0.0000	</row0>
			<row1>	0.0000 1.0000 0.0000 0.0000	</row1>
			<row2>	0.0000 0.0000 1.0000 0.0000	</row2>
			<row3>	-0.0695 0.5944 -1.9538 1.0000	</row3>
		</transform>
	</node>
	<node>
		<identifier>	MP_GM701_AmmoBox_INDEX_8	</identifier>
		<parent>	Scene Root	</parent>
		<transform>
			<row0>	0.0000 -0.0030 1.0000 0.0000	</row0>
			<row1>	0.0000 1.0000 0.0030 0.0000	</row1>
			<row2>	-1.0000 0.0000 0.0000 0.0000	</row2>
			<row3>	0.1360 0.2186 -6.7616 1.0000	</row3>
		</transform>
	</node>
	<node>
		<identifier>	MP_GM701_AmmoBox_INDEX_9	</identifier>
		<parent>	Scene Root	</parent>
		<transform>
