<ISB010_Conte_di_Cavour_1916_Stern.skel_ext>
	<exported>	true	</exported>
	<node>
		<identifier>	MP_CM126_Cleat	</identifier>
		<parent>	Scene Root	</parent>
		<transform>
			<row0>	0.9890 0.0000 -0.1478 0.0000	</row0>
			<row1>	0.0004 1.0000 0.0029 0.0000	</row1>
			<row2>	0.1478 -0.0030 0.9890 0.0000	</row2>
			<row3>	0.5691 0.2849 -4.1423 1.0000	</row3>
		</transform>
	</node>
	<node>
		<identifier>	MP_CM126_Cleat_INDEX_1	</identifier>
		<parent>	Scene Root	</parent>
		<transform>
			<row0>	0.9646 0.0000 0.2638 0.0000	</row0>
			<row1>	0.0000 1.0000 0.0000 0.0000	</row1>
			<row2>	-0.2638 0.0000 0.9646 0.0000	</row2>
			<row3>	-0.2663 0.2934 -5.3878 1.0000	</row3>
		</transform>
	</node>
	<node>
		<identifier>	MP_CM126_Cleat_INDEX_2	</identifier>
		<parent>	Scene Root	</parent>
		<transform>
			<row0>	0.9740 0.0000 0.2267 0.0000	</row0>
			<row1>	0.0000 1.0000 0.0000 0.0000	</row1>
			<row2>	-0.2267 0.0000 0.9740 0.0000	</row2>
			<row3>	-0.4420 0.2889 -4.7939 1.0000	</row3>
		</transform>
	</node>
	<node>
		<identifier>	MP_CM126_Cleat_INDEX_3	</identifier>
		<parent>	Scene Root	</parent>
		<transform>
			<row0>	0.9646 0.0000 -0.2638 0.0000	</row0>
			<row1>	0.0000 1.0000 0.0000 0.0000	</row1>
			<row2>	0.2638 0.0000 0.9646 0.0000	</row2>
			<row3>	0.2663 0.2934 -5.3878 1.0000	</row3>
		</transform>
	</node>
	<node>
		<identifier>	MP_CM126_Cleat_INDEX_4	</identifier>
		<parent>	Scene Root	</parent>
		<transform>
			<row0>	0.9646 0.0000 0.2638 0.0000	</row0>
			<row1>	0.0000 1.0000 0.0000 0.0000	</row1>
			<row2>	-0.2638 0.0000 0.9646 0.0000	</row2>
			<row3>	-0.3246 0.2924 -5.2595 1.0000	</row3>
		</transform>
	</node>
	<node>
		<identifier>	MP_CM126_Cleat_INDEX_5	</identifier>
		<parent>	Scene Root	</parent>
		<transform>
			<row0>	0.9646 0.0000 -0.2638 0.0000	</row0>
			<row1>	0.0000 1.0000 0.0000 0.0000	</row1>
			<row2>	0.2638 0.0000 0.9646 0.0000	</row2>
			<row3>	0.3233 0.2924 -5.2595 1.0000	</row3>
		</transform>
	</node>
	<node>
		<identifier>	MP_CM126_Cleat_INDEX_6	</identifier>
		<parent>	Scene Root	</parent>
		<transform>
			<row0>	0.9740 0.0000 0.2267 0.0000	</row0>
			<row1>	0.0000 1.0000 0.0000 0.0000	</row1>
			<row2>	-0.2267 0.0000 0.9740 0.0000	</row2>
			<row3>	-0.4543 0.2880 -4.6855 1.0000	</row3>
		</transform>
	</node>
	<node>
		<identifier>	MP_CM126_Cleat_INDEX_7	</identifier>
		<parent>	Scene Root	</parent>
		<transform>
			<row0>	0.9740 0.0000 -0.2267 0.0000	</row0>
			<row1>	0.0000 1.0000 0.0000 0.0000	</row1>
			<row2>	0.2267 0.0000 0.9740 0.0000	</row2>
			<row3>	0.4415 0.2889 -4.7939 1.0000	</row3>
		</transform>
	</node>
	<node>
		<identifier>	MP_CM126_Cleat_INDEX_8	</identifier>
		<parent>	Scene Root	</parent>
		<transform>
			<row0>	0.9740 0.0000 -0.2267 0.0000	</row0>
			<row1>	0.0000 1.0000 0.0000 0.0000	</row1>
			<row2>	0.2267 0.0000 0.9740 0.0000	</row2>
			<row3>	0.4543 0.2880 -4.6855 1.0000	</row3>
		</transform>
	</node>
	<node>
		<identifier>	MP_CM126_Cleat_INDEX_9	</identifier>
		<parent>	Scene Root	</parent>
		<transform>
			<row0>	0.9890 0.0000 0.1478 0.0000	</row0>
			<row1>	-0.0004 1.0000 0.0029 0.0000	</row1>
			<row2>	-0.1478 -0.0030 0.9890 0.0000	</row2>
			<row3>	-0.5682 0.2849 -4.1422 1.0000	</row3>
		</transform>
	</node>
	<node>
		<identifier>	MP_CM137_Anchor_Up	</identifier>
		<parent>	Scene Root	</parent>
		<transform>
			<row0>	0.1683 0.0000 -0.5925 0.0000	</row0>
			<row1>	-0.0144 0.6157 -0.0040 0.0000	</row1>
			<row2>	0.5923 0.0150 0.1682 0.0000	</row2>
			<row3>	-0.3325 0.1716 -5.3965 1.0000	</row3>
		</transform>
	</node>
	<node>
		<identifier>	MP_CM137_Anchor_Up_INDEX_1	</identifier>
		<parent>	Scene Root	</parent>
		<transform>
			<row0>	0.1683 0.0000 0.5925 0.0000	</row0>
			<row1>	0.0144 0.6157 -0.0040 0.0000	</row1>
			<row2>	-0.5923 0.0150 0.1682 0.0000	</row2>
			<row3>	0.3325 0.1716 -5.3965 1.0000	</row3>
		</transform>
	</node>
	<node>
		<identifier>	MP_CM138_Anchor_Bottom	</identifier>
		<parent>	Scene Root	</parent>
		<transform>
			<row0>	0.1683 0.0000 0.5925 0.0000	</row0>
			<row1>	0.0517 0.6136 -0.0146 0.0000	</row1>
			<row2>	-0.5902 0.0537 0.1677 0.0000	</row2>
			<row3>	0.3325 0.1716 -5.3965 1.0000	</row3>
		</transform>
	</node>
	<node>
		<identifier>	MP_CM138_Anchor_Bottom_INDEX_1	</identifier>
		<parent>	Scene Root	</parent>
		<transform>
			<row0>	0.1683 0.0000 -0.5925 0.0000	</row0>
			<row1>	-0.0517 0.6136 -0.0146 0.0000	</row1>
			<row2>	0.5902 0.0537 0.1677 0.0000	</row2>
			<row3>	-0.3325 0.1716 -5.3965 1.0000	</row3>
		</transform>
	</node>
	<node>
		<identifier>	MP_CM161_Propeller_4_8m_BB_R	</identifier>
		<parent>	Scene Root	</parent>
		<transform>
			<row0>	0.6000 0.0000 0.0037 0.0000	</row0>
			<row1>	0.0000 0.6000 -0.0051 0.0000	</row1>
			<row2>	-0.0037 0.0051 0.6000 0.0000	</row2>
			<row3>	0.4274 -0.3931 -3.7138 1.0000	</row3>
		</transform>
	</node>
	<node>
		<identifier>	MP_CM161_Propeller_4_8m_BB_R_INDEX_1	</identifier>
		<parent>	Scene Root	</parent>
		<transform>
			<row0>	0.5738 0.1734 0.0101 0.0000	</row0>
			<row1>	-0.1733 0.5738 -0.0084 0.0000	</row1>
			<row2>	-0.0121 0.0051 0.5993 0.0000	</row2>
			<row3>	0.2059 -0.4014 -4.5869 1.0000	</row3>
		</transform>
	</node>
	<node>
		<identifier>	MP_CM162_Propeller_4_8m_BB_L	</identifier>
		<parent>	Scene Root	</parent>
		<transform>
			<row0>	0.6000 0.0000 -0.0037 0.0000	</row0>
			<row1>	0.0000 0.6000 -0.0051 0.0000	</row1>
			<row2>	0.0037 0.0051 0.6000 0.0000	</row2>
			<row3>	-0.4274 -0.3931 -3.7138 1.0000	</row3>
		</transform>
	</node>
	<node>
		<identifier>	MP_CM162_Propeller_4_8m_BB_L_INDEX_1	</identifier>
		<parent>	Scene Root	</parent>
		<transform>
			<row0>	0.5738 -0.1734 -0.0101 0.0000	</row0>
			<row1>	0.1733 0.5738 -0.0084 0.0000	</row1>
			<row2>	0.0121 0.0051 0.5993 0.0000	</row2>
			<row3>	-0.2059 -0.4014 -4.5869 1.0000	</row3>
		</transform>
	</node>
	<node>
		<identifier>	MP_IM003_Crown	</identifier>
		<parent>	Scene Root	</parent>
		<transform>
			<row0>	1.0000 0.0000 0.0000 0.0000	</row0>
			<row1>	0.0000 0.9931 0.1170 0.0000	</row1>
			<row2>	0.0000 -0.1170 0.9931 0.0000	</row2>
			<row3>	0.0000 0.2752 -5.8559 1.0000	</row3>
		</transform>
	</node>
	<node>
		<identifier>	MP_IM019_Life_Buoy	</identifier>
		<parent>	Scene Root	</parent>
		<transform>
			<row0>	-0.1705 0.0015 -0.9854 0.0000	</row0>
			<row1>	0.0092 1.0000 0.0000 0.0000	</row1>
			<row2>	0.9853 -0.0091 -0.1705 0.0000	</row2>
			<row3>	0.5793 0.2020 -4.2867 1.0000	</row3>
		</transform>
	</node>
	<node>
		<identifier>	MP_IM019_Life_Buoy_INDEX_1	</identifier>
		<parent>	Scene Root	</parent>
		<transform>
			<row0>	-0.1705 -0.0015 0.9854 0.0000	</row0>
			<row1>	-0.0092 1.0000 0.0000 0.0000	</row1>
			<row2>	-0.9853 -0.0091 -0.1705 0.0000	</row2>
			<row3>	-0.5793 0.2020 -4.2867 1.0000	</row3>
		</transform>
	</node>
	<node>
		<identifier>	MP_IM031_Fire_Fighting	</identifier>
		<parent>	Scene Root	</parent>
		<transform>
			<row0>	1.0000 0.0000 0.0000 0.0000	</row0>
			<row1>	0.0000 1.0000 0.0000 0.0000	</row1>
			<row2>	0.0000 0.0000 1.0000 0.0000	</row2>
			<row3>	0.0000 0.2932 -5.4179 1.0000	</row3>
		</transform>
	</node>
</ISB010_Conte_di_Cavour_1916_Stern.skel_ext>
