<ISB010_Conte_di_Cavour_1916_Bow.skel_ext>
	<exported>	true	</exported>
	<node>
		<identifier>	MP_CM052_Fender	</identifier>
		<parent>	Scene Root	</parent>
		<transform>
			<row0>	0.0000 -0.0050 -0.7000 0.0000	</row0>
			<row1>	0.0000 0.7000 -0.0050 0.0000	</row1>
			<row2>	0.7000 0.0000 0.0000 0.0000	</row2>
			<row3>	0.4175 0.3088 3.7821 1.0000	</row3>
		</transform>
	</node>
	<node>
		<identifier>	MP_CM052_Fender_INDEX_1	</identifier>
		<parent>	Scene Root	</parent>
		<transform>
			<row0>	0.0000 0.0050 0.7000 0.0000	</row0>
			<row1>	0.0000 0.7000 -0.0050 0.0000	</row1>
			<row2>	-0.7000 0.0000 0.0000 0.0000	</row2>
			<row3>	-0.4175 0.3088 3.7819 1.0000	</row3>
		</transform>
	</node>
	<node>
		<identifier>	MP_CM126_Cleat	</identifier>
		<parent>	Scene Root	</parent>
		<transform>
			<row0>	0.9696 -0.0025 -0.2447 0.0000	</row0>
			<row1>	0.0006 1.0000 -0.0079 0.0000	</row1>
			<row2>	0.2447 0.0075 0.9696 0.0000	</row2>
			<row3>	-0.3569 0.4630 4.9160 1.0000	</row3>
		</transform>
	</node>
	<node>
		<identifier>	MP_CM126_Cleat_INDEX_1	</identifier>
		<parent>	Scene Root	</parent>
		<transform>
			<row0>	0.9696 0.0025 0.2447 0.0000	</row0>
			<row1>	-0.0006 1.0000 -0.0079 0.0000	</row1>
			<row2>	-0.2447 0.0075 0.9696 0.0000	</row2>
			<row3>	0.3372 0.4639 4.9945 1.0000	</row3>
		</transform>
	</node>
	<node>
		<identifier>	MP_CM126_Cleat_INDEX_2	</identifier>
		<parent>	Scene Root	</parent>
		<transform>
			<row0>	0.9696 -0.0025 -0.2447 0.0000	</row0>
			<row1>	0.0006 1.0000 -0.0079 0.0000	</row1>
			<row2>	0.2447 0.0075 0.9696 0.0000	</row2>
			<row3>	-0.3378 0.4639 4.9945 1.0000	</row3>
		</transform>
	</node>
	<node>
		<identifier>	MP_CM126_Cleat_INDEX_3	</identifier>
		<parent>	Scene Root	</parent>
		<transform>
			<row0>	0.9696 0.0025 0.2447 0.0000	</row0>
			<row1>	-0.0006 1.0000 -0.0079 0.0000	</row1>
			<row2>	-0.2447 0.0075 0.9696 0.0000	</row2>
			<row3>	0.3573 0.4630 4.9160 1.0000	</row3>
		</transform>
	</node>
	<node>
		<identifier>	MP_CM137_Anchor_Up	</identifier>
		<parent>	Scene Root	</parent>
		<transform>
			<row0>	-0.3701 0.8911 0.2627 0.0000	</row0>
			<row1>	0.2777 0.3760 -0.8840 0.0000	</row1>
			<row2>	-0.8865 -0.2543 -0.3866 0.0000	</row2>
			<row3>	-0.2282 0.3569 5.4477 1.0000	</row3>
		</transform>
	</node>
	<node>
		<identifier>	MP_CM137_Anchor_Up_INDEX_1	</identifier>
		<parent>	Scene Root	</parent>
		<transform>
			<row0>	-0.3701 -0.8911 -0.2627 0.0000	</row0>
			<row1>	-0.2777 0.3760 -0.8840 0.0000	</row1>
			<row2>	0.8865 -0.2543 -0.3866 0.0000	</row2>
			<row3>	0.2282 0.3569 5.4477 1.0000	</row3>
		</transform>
	</node>
	<node>
		<identifier>	MP_CM137_Anchor_Up_INDEX_2	</identifier>
		<parent>	Scene Root	</parent>
		<transform>
			<row0>	-0.3662 -0.9132 -0.1788 0.0000	</row0>
			<row1>	-0.2835 0.2926 -0.9132 0.0000	</row1>
			<row2>	0.8863 -0.2838 -0.3661 0.0000	</row2>
			<row3>	0.3159 0.3693 5.2086 1.0000	</row3>
		</transform>
	</node>
	<node>
		<identifier>	MP_CM138_Anchor_Bottom	</identifier>
		<parent>	Scene Root	</parent>
		<transform>
			<row0>	-0.4095 -0.8938 -0.1828 0.0000	</row0>
			<row1>	0.0113 0.1954 -0.9807 0.0000	</row1>
			<row2>	0.9123 -0.4036 -0.0699 0.0000	</row2>
			<row3>	0.3159 0.3693 5.2086 1.0000	</row3>
		</transform>
	</node>
	<node>
		<identifier>	MP_CM138_Anchor_Bottom_INDEX_1	</identifier>
		<parent>	Scene Root	</parent>
		<transform>
			<row0>	-0.3729 0.8891 0.2654 0.0000	</row0>
			<row1>	-0.0725 0.2573 -0.9636 0.0000	</row1>
			<row2>	-0.9250 -0.3786 -0.0315 0.0000	</row2>
			<row3>	-0.2274 0.3568 5.4477 1.0000	</row3>
		</transform>
	</node>
	<node>
		<identifier>	MP_CM138_Anchor_Bottom_INDEX_2	</identifier>
		<parent>	Scene Root	</parent>
		<transform>
			<row0>	-0.3766 -0.8876 -0.2653 0.0000	</row0>
			<row1>	0.0720 0.2575 -0.9636 0.0000	</row1>
			<row2>	0.9236 -0.3820 -0.0331 0.0000	</row2>
			<row3>	0.2278 0.3569 5.4477 1.0000	</row3>
		</transform>
	</node>
	<node>
		<identifier>	MP_IM031_Fire_Fighting	</identifier>
		<parent>	Scene Root	</parent>
		<transform>
			<row0>	1.0000 0.0000 0.0000 0.0000	</row0>
			<row1>	0.0000 1.0000 0.0000 0.0000	</row1>
			<row2>	0.0000 0.0000 1.0000 0.0000	</row2>
			<row3>	0.0000 0.4803 5.0290 1.0000	</row3>
		</transform>
	</node>
	<node>
		<identifier>	MP_IM480_Bow_star	</identifier>
		<parent>	Scene Root	</parent>
		<transform>
			<row0>	1.0000 0.0000 0.0000 0.0000	</row0>
			<row1>	0.0000 1.0000 0.0000 0.0000	</row1>
			<row2>	0.0000 0.0000 1.0000 0.0000	</row2>
			<row3>	0.0000 0.4764 5.8427 1.0000	</row3>
		</transform>
	</node>
</ISB010_Conte_di_Cavour_1916_Bow.skel_ext>
