<JSA301_Shinano_1944_Stern_ports.visual>
	<skeleton>
		<node>
			<identifier>	Scene Root	</identifier>
			<transform>
				<row0>	1.0000 0.0000 0.0000 0.0000	</row0>
				<row1>	0.0000 1.0000 0.0000 0.0000	</row1>
				<row2>	0.0000 0.0000 1.0000 0.0000	</row2>
				<row3>	0.0000 0.0000 0.0000 1.0000	</row3>
			</transform>
			<node>
				<identifier>	Stern_ports	</identifier>
				<transform>
					<row0>	1.0000 0.0000 0.0000 0.0000	</row0>
					<row1>	0.0000 1.0000 0.0000 0.0000	</row1>
					<row2>	0.0000 0.0000 1.0000 0.0000	</row2>
					<row3>	0.0000 0.0000 0.0000 1.0000	</row3>
				</transform>
				<node>
					<identifier>	HP_FX_Death_3	</identifier>
					<transform>
						<row0>	1.0000 0.0000 0.0000 0.0000	</row0>
						<row1>	0.0000 1.0000 0.0000 0.0000	</row1>
						<row2>	0.0000 0.0000 1.0000 0.0000	</row2>
						<row3>	0.0000 0.0000 -5.7666 1.0000	</row3>
					</transform>
				</node>
				<node>
					<identifier>	HP_FX_Fire_4	</identifier>
					<transform>
						<row0>	1.0000 0.0000 0.0000 0.0000	</row0>
						<row1>	0.0000 1.0000 0.0000 0.0000	</row1>
						<row2>	0.0000 0.0000 1.0000 0.0000	</row2>
						<row3>	0.2156 0.9485 -7.1954 1.0000	</row3>
					</transform>
				</node>
				<node>
					<identifier>	HP_FX_Fire_4_side_1	</identifier>
					<transform>
						<row0>	1.0000 0.0000 0.0000 0.0000	</row0>
						<row1>	0.0000 1.0000 0.0000 0.0000	</row1>
						<row2>	0.0000 0.0000 1.0000 0.0000	</row2>
						<row3>	-0.8110 0.9576 -5.4585 1.0000	</row3>
					</transform>
				</node>
				<node>
					<identifier>	HP_FX_FloodLight_right_1	</identifier>
					<transform>
						<row0>	0.0086 -0.9957 -0.0925 0.0000	</row0>
						<row1>	0.9957 0.0000 0.0929 0.0000	</row1>
						<row2>	-0.0925 -0.0929 0.9914 0.0000	</row2>
						<row3>	1.1349 0.8834 -6.4824 1.0000	</row3>
					</transform>
				</node>
				<node>
					<identifier>	HP_FX_Flood_water_left	</identifier>
					<transform>
						<row0>	0.0535 -0.9986 0.0000 0.0000	</row0>
						<row1>	-0.9986 -0.0535 0.0000 0.0000	</row1>
						<row2>	0.0000 0.0000 -1.0000 0.0000	</row2>
						<row3>	-0.9479 0.0235 -6.0008 1.0000	</row3>
					</transform>
				</node>
				<node>
					<identifier>	HP_FX_WakeTraceBack	</identifier>
					<transform>
						<row0>	1.0000 0.0000 0.0000 0.0000	</row0>
						<row1>	0.0000 1.0000 0.0000 0.0000	</row1>
						<row2>	0.0000 0.0000 1.0000 0.0000	</row2>
						<row3>	0.0000 0.0000 -8.2438 1.0000	</row3>
					</transform>
				</node>
				<node>
					<identifier>	HP_FX_WakeTrace_screw_1	</identifier>
					<transform>
						<row0>	1.0000 0.0000 0.0000 0.0000	</row0>
						<row1>	0.0000 1.0000 0.0000 0.0000	</row1>
						<row2>	0.0000 0.0000 1.0000 0.0000	</row2>
						<row3>	-0.6174 -0.4817 -6.5400 1.0000	</row3>
					</transform>
				</node>
				<node>
					<identifier>	HP_FX_WakeTrace_screw_2	</identifier>
					<transform>
						<row0>	1.0000 0.0000 0.0000 0.0000	</row0>
						<row1>	0.0000 1.0000 0.0000 0.0000	</row1>
						<row2>	0.0000 0.0000 1.0000 0.0000	</row2>
						<row3>	0.6136 -0.4827 -6.6477 1.0000	</row3>
					</transform>
				</node>
				<node>
					<identifier>	HP_FX_WakeTrace_screw_3	</identifier>
					<transform>
						<row0>	1.0000 0.0000 0.0000 0.0000	</row0>
						<row1>	0.0000 1.0000 0.0000 0.0000	</row1>
						<row2>	0.0000 0.0000 1.0000 0.0000	</row2>
						<row3>	-0.2379 -0.5025 -7.4791 1.0000	</row3>
					</transform>
				</node>
				<node>
					<identifier>	HP_FX_WakeTrace_screw_4	</identifier>
					<transform>
						<row0>	1.0000 0.0000 0.0000 0.0000	</row0>
						<row1>	0.0000 1.0000 0.0000 0.0000	</row1>
						<row2>	0.0000 0.0000 1.0000 0.0000	</row2>
						<row3>	0.2351 -0.5077 -7.4772 1.0000	</row3>
					</transform>
				</node>
				<node>
					<identifier>	HP_Ship_death_3	</identifier>
					<transform>
						<row0>	1.0000 0.0000 0.0000 0.0000	</row0>
						<row1>	0.0000 1.0000 0.0000 0.0000	</row1>
						<row2>	0.0000 0.0000 1.0000 0.0000	</row2>
						<row3>	0.0000 0.0000 -5.1853 1.0000	</row3>
					</transform>
				</node>
				<node>
					<identifier>	MP_CM013_Fire_Hose_Rack_2	</identifier>
					<transform>
						<row0>	-0.9959 0.0000 0.0907 0.0000	</row0>
						<row1>	0.0000 1.0000 0.0000 0.0000	</row1>
						<row2>	-0.0907 0.0000 -0.9959 0.0000	</row2>
						<row3>	1.0944 0.8471 -7.5144 1.0000	</row3>
					</transform>
				</node>
				<node>
					<identifier>	MP_CM013_Fire_Hose_Rack_2_INDEX_1	</identifier>
					<transform>
						<row0>	0.9957 0.0000 0.0931 0.0000	</row0>
						<row1>	0.0000 1.0000 0.0000 0.0000	</row1>
						<row2>	-0.0931 0.0000 0.9957 0.0000	</row2>
						<row3>	-1.0944 0.8471 -7.5144 1.0000	</row3>
					</transform>
				</node>
				<node>
					<identifier>	MP_CM013_Fire_Hose_Rack_2_INDEX_2	</identifier>
					<transform>
						<row0>	-0.9009 0.0000 0.4341 0.0000	</row0>
						<row1>	0.0000 1.0000 0.0000 0.0000	</row1>
						<row2>	-0.4341 0.0000 -0.9009 0.0000	</row2>
						<row3>	0.3872 0.4870 -7.4509 1.0000	</row3>
					</transform>
				</node>
				<node>
					<identifier>	MP_CM013_Fire_Hose_Rack_2_INDEX_3	</identifier>
					<transform>
						<row0>	0.9013 0.0000 0.4333 0.0000	</row0>
						<row1>	0.0000 1.0000 0.0000 0.0000	</row1>
						<row2>	-0.4333 0.0000 0.9013 0.0000	</row2>
						<row3>	-0.3872 0.4870 -7.4509 1.0000	</row3>
					</transform>
				</node>
				<node>
					<identifier>	MP_CM013_Fire_Hose_Rack_2_INDEX_4	</identifier>
					<transform>
						<row0>	0.0000 0.0000 1.0000 0.0000	</row0>
						<row1>	0.0000 1.0000 0.0000 0.0000	</row1>
						<row2>	-1.0000 0.0000 0.0000 0.0000	</row2>
						<row3>	-0.0025 0.7022 -8.1885 1.0000	</row3>
					</transform>
				</node>
				<node>
					<identifier>	MP_CM029_Emergency_Box	</identifier>
					<transform>
						<row0>	0.0890 0.0000 0.9960 0.0000	</row0>
						<row1>	0.0000 1.0000 0.0000 0.0000	</row1>
						<row2>	-0.9960 0.0000 0.0890 0.0000	</row2>
						<row3>	1.0820 0.8185 -7.0331 1.0000	</row3>
					</transform>
				</node>
				<node>
					<identifier>	MP_CM029_Emergency_Box_INDEX_1	</identifier>
					<transform>
						<row0>	0.0890 0.0000 -0.9960 0.0000	</row0>
						<row1>	0.0000 1.0000 0.0000 0.0000	</row1>
						<row2>	0.9960 0.0000 0.0890 0.0000	</row2>
						<row3>	-1.0820 0.8185 -7.0331 1.0000	</row3>
					</transform>
				</node>
				<node>
					<identifier>	MP_CM029_Emergency_Box_INDEX_2	</identifier>
					<transform>
						<row0>	1.0000 0.0000 0.0000 0.0000	</row0>
						<row1>	0.0000 1.0000 0.0000 0.0000	</row1>
						<row2>	0.0000 0.0000 1.0000 0.0000	</row2>
						<row3>	0.0375 0.7180 -8.1944 1.0000	</row3>
					</transform>
				</node>
				<node>
					<identifier>	MP_CM051_Fire_Fighting_Gear	</identifier>
					<transform>
						<row0>	0.9961 0.0000 -0.0879 0.0000	</row0>
						<row1>	0.0000 1.0000 0.0000 0.0000	</row1>
						<row2>	0.0879 0.0000 0.9961 0.0000	</row2>
						<row3>	1.0931 0.8061 -7.5286 1.0000	</row3>
					</transform>
				</node>
				<node>
					<identifier>	MP_CM051_Fire_Fighting_Gear_INDEX_1	</identifier>
					<transform>
						<row0>	-0.9958 0.0000 -0.0911 0.0000	</row0>
						<row1>	0.0000 -1.0000 0.0000 0.0000	</row1>
						<row2>	-0.0911 0.0000 0.9958 0.0000	</row2>
						<row3>	-1.0932 0.8061 -7.5267 1.0000	</row3>
					</transform>
				</node>
				<node>
					<identifier>	MP_CM051_Fire_Fighting_Gear_INDEX_2	</identifier>
					<transform>
						<row0>	0.0000 0.0000 -1.0000 0.0000	</row0>
						<row1>	0.0000 -1.0000 0.0000 0.0000	</row1>
						<row2>	-1.0000 0.0000 0.0000 0.0000	</row2>
						<row3>	0.0119 0.6593 -8.1885 1.0000	</row3>
					</transform>
				</node>
				<node>
					<identifier>	MP_CM051_Fire_Fighting_Gear_INDEX_3	</identifier>
					<transform>
						<row0>	0.9009 0.0000 -0.4341 0.0000	</row0>
						<row1>	0.0000 1.0000 0.0000 0.0000	</row1>
						<row2>	0.4341 0.0000 0.9009 0.0000	</row2>
						<row3>	0.3809 0.4440 -7.4640 1.0000	</row3>
					</transform>
				</node>
				<node>
					<identifier>	MP_CM051_Fire_Fighting_Gear_INDEX_4	</identifier>
					<transform>
						<row0>	-0.9013 0.0000 -0.4333 0.0000	</row0>
						<row1>	0.0000 -1.0000 0.0000 0.0000	</row1>
						<row2>	-0.4333 0.0000 0.9013 0.0000	</row2>
						<row3>	-0.3813 0.4440 -7.4632 1.0000	</row3>
					</transform>
				</node>
				<node>
					<identifier>	MP_CM052_Fender	</identifier>
					<transform>
						<row0>	-1.0000 0.0000 0.0000 0.0000	</row0>
						<row1>	0.0000 1.0000 0.0000 0.0000	</row1>
						<row2>	0.0000 0.0000 -1.0000 0.0000	</row2>
						<row3>	0.2329 0.4176 -7.5219 1.0000	</row3>
					</transform>
				</node>
				<node>
					<identifier>	MP_CM052_Fender_INDEX_1	</identifier>
					<transform>
						<row0>	-1.0000 0.0000 0.0000 0.0000	</row0>
						<row1>	0.0000 1.0000 0.0000 0.0000	</row1>
						<row2>	0.0000 0.0000 -1.0000 0.0000	</row2>
						<row3>	0.1651 0.4176 -7.5219 1.0000	</row3>
					</transform>
				</node>
				<node>
					<identifier>	MP_CM052_Fender_INDEX_2	</identifier>
					<transform>
						<row0>	-1.0000 0.0000 0.0000 0.0000	</row0>
						<row1>	0.0000 1.0000 0.0000 0.0000	</row1>
						<row2>	0.0000 0.0000 -1.0000 0.0000	</row2>
						<row3>	-0.1651 0.4176 -7.5219 1.0000	</row3>
					</transform>
				</node>
				<node>
					<identifier>	MP_CM052_Fender_INDEX_3	</identifier>
					<transform>
						<row0>	-1.0000 0.0000 0.0000 0.0000	</row0>
						<row1>	0.0000 1.0000 0.0000 0.0000	</row1>
						<row2>	0.0000 0.0000 -1.0000 0.0000	</row2>
						<row3>	-0.2329 0.4176 -7.5219 1.0000	</row3>
					</transform>
				</node>
				<node>
					<identifier>	MP_CM161_Propeller_4_8m_BB_R	</identifier>
					<transform>
						<row0>	1.0999 0.0000 -0.0120 0.0000	</row0>
						<row1>	0.0000 1.0999 -0.0130 0.0000	</row1>
						<row2>	0.0120 0.0130 1.0999 0.0000	</row2>
						<row3>	0.2379 -0.5064 -7.3672 1.0000	</row3>
					</transform>
				</node>
				<node>
					<identifier>	MP_CM161_Propeller_4_8m_BB_R_INDEX_1	</identifier>
					<transform>
						<row0>	1.0993 -0.0002 -0.0392 0.0000	</row0>
						<row1>	-0.0002 1.0999 -0.0130 0.0000	</row1>
						<row2>	0.0392 0.0130 1.0992 0.0000	</row2>
						<row3>	0.6197 -0.4818 -6.5377 1.0000	</row3>
					</transform>
				</node>
				<node>
					<identifier>	MP_CM162_Propeller_4_8m_BB_L	</identifier>
					<transform>
						<row0>	1.0993 0.0002 0.0392 0.0000	</row0>
						<row1>	0.0002 1.0999 -0.0130 0.0000	</row1>
						<row2>	-0.0392 0.0130 1.0992 0.0000	</row2>
						<row3>	-0.6197 -0.4818 -6.5377 1.0000	</row3>
					</transform>
				</node>
				<node>
					<identifier>	MP_CM162_Propeller_4_8m_BB_L_INDEX_1	</identifier>
					<transform>
						<row0>	1.0999 0.0000 0.0120 0.0000	</row0>
						<row1>	0.0000 1.0999 -0.0130 0.0000	</row1>
						<row2>	-0.0120 0.0130 1.0999 0.0000	</row2>
						<row3>	-0.2379 -0.5064 -7.3672 1.0000	</row3>
					</transform>
				</node>
				<node>
					<identifier>	MP_JM014_Reels_2	</identifier>
					<transform>
						<row0>	-1.0000 0.0000 0.0000 0.0000	</row0>
						<row1>	0.0000 1.0000 0.0044 0.0000	</row1>
						<row2>	0.0000 0.0044 -1.0000 0.0000	</row2>
						<row3>	-0.0444 0.4178 -8.2188 1.0000	</row3>
					</transform>
				</node>
				<node>
					<identifier>	MP_JM014_Reels_2_INDEX_1	</identifier>
					<transform>
						<row0>	-1.0000 0.0000 0.0000 0.0000	</row0>
						<row1>	0.0000 1.0000 0.0044 0.0000	</row1>
						<row2>	0.0000 0.0044 -1.0000 0.0000	</row2>
						<row3>	0.0444 0.4178 -8.2188 1.0000	</row3>
					</transform>
				</node>
				<node>
					<identifier>	MP_JM044_After_Capstan	</identifier>
					<transform>
						<row0>	0.0000 0.0000 -1.5000 0.0000	</row0>
						<row1>	0.0000 1.5000 0.0000 0.0000	</row1>
						<row2>	1.5000 0.0000 0.0000 0.0000	</row2>
						<row3>	0.1543 0.4205 -8.3118 1.0000	</row3>
					</transform>
				</node>
				<node>
					<identifier>	MP_JM044_After_Capstan_INDEX_1	</identifier>
					<transform>
						<row0>	0.0000 0.0000 1.5000 0.0000	</row0>
						<row1>	0.0000 1.5000 0.0000 0.0000	</row1>
						<row2>	-1.5000 0.0000 0.0000 0.0000	</row2>
						<row3>	-0.1543 0.4205 -8.3118 1.0000	</row3>
					</transform>
				</node>
				<node>
					<identifier>	MP_JM055_Deck_Hatch_4	</identifier>
					<transform>
						<row0>	0.0000 0.0000 1.0000 0.0000	</row0>
						<row1>	0.0000 1.0000 0.0000 0.0000	</row1>
						<row2>	-1.0000 0.0000 0.0000 0.0000	</row2>
						<row3>	0.1784 0.4172 -7.7657 1.0000	</row3>
					</transform>
				</node>
				<node>
					<identifier>	MP_JM055_Deck_Hatch_4_INDEX_1	</identifier>
					<transform>
						<row0>	0.0000 0.0000 -1.0000 0.0000	</row0>
						<row1>	0.0000 1.0000 0.0000 0.0000	</row1>
						<row2>	1.0000 0.0000 0.0000 0.0000	</row2>
						<row3>	-0.1784 0.4172 -7.7657 1.0000	</row3>
					</transform>
				</node>
				<node>
					<identifier>	MP_JM141_Break_Handwheel_1	</identifier>
					<transform>
						<row0>	1.0000 0.0000 0.0000 0.0000	</row0>
						<row1>	0.0000 1.0000 0.0000 0.0000	</row1>
						<row2>	0.0000 0.0000 1.0000 0.0000	</row2>
						<row3>	-0.2396 0.4201 -8.2790 1.0000	</row3>
					</transform>
				</node>
				<node>
					<identifier>	MP_JM141_Break_Handwheel_1_INDEX_1	</identifier>
					<transform>
						<row0>	1.0000 0.0000 0.0000 0.0000	</row0>
						<row1>	0.0000 1.0000 0.0000 0.0000	</row1>
						<row2>	0.0000 0.0000 1.0000 0.0000	</row2>
						<row3>	0.2396 0.4201 -8.2790 1.0000	</row3>
					</transform>
				</node>
				<node>
					<identifier>	MP_JM172_Binoculars_Bridge	</identifier>
					<transform>
						<row0>	-0.0872 0.0000 -0.9962 0.0000	</row0>
						<row1>	0.0000 1.0000 0.0000 0.0000	</row1>
						<row2>	0.9962 0.0000 -0.0872 0.0000	</row2>
						<row3>	1.2665 0.7742 -7.4877 1.0000	</row3>
					</transform>
				</node>
				<node>
					<identifier>	MP_JM172_Binoculars_Bridge_INDEX_1	</identifier>
					<transform>
						<row0>	-0.0872 0.0000 -0.9962 0.0000	</row0>
						<row1>	0.0000 1.0000 0.0000 0.0000	</row1>
						<row2>	0.9962 0.0000 -0.0872 0.0000	</row2>
						<row3>	1.2726 0.7742 -7.4175 1.0000	</row3>
					</transform>
				</node>
				<node>
					<identifier>	MP_JM172_Binoculars_Bridge_INDEX_2	</identifier>
					<transform>
						<row0>	-0.0872 0.0000 0.9962 0.0000	</row0>
						<row1>	0.0000 1.0000 0.0000 0.0000	</row1>
						<row2>	-0.9962 0.0000 -0.0872 0.0000	</row2>
						<row3>	-1.2665 0.7742 -7.4877 1.0000	</row3>
					</transform>
				</node>
				<node>
					<identifier>	MP_JM172_Binoculars_Bridge_INDEX_3	</identifier>
					<transform>
						<row0>	-0.0872 0.0000 0.9962 0.0000	</row0>
						<row1>	0.0000 1.0000 0.0000 0.0000	</row1>
						<row2>	-0.9962 0.0000 -0.0872 0.0000	</row2>
						<row3>	-1.2726 0.7742 -7.4175 1.0000	</row3>
					</transform>
				</node>
				<node>
					<identifier>	MP_JM420_Ammobox	</identifier>
					<transform>
						<row0>	1.0000 0.0000 0.0000 0.0000	</row0>
						<row1>	0.0000 1.0000 0.0000 0.0000	</row1>
						<row2>	0.0000 0.0000 1.0000 0.0000	</row2>
						<row3>	-1.3242 0.7742 -6.5745 1.0000	</row3>
					</transform>
				</node>
				<node>
					<identifier>	MP_JM420_Ammobox_INDEX_1	</identifier>
					<transform>
						<row0>	0.7624 0.0000 -0.6471 0.0000	</row0>
						<row1>	0.0000 1.0000 0.0000 0.0000	</row1>
						<row2>	0.6471 0.0000 0.7624 0.0000	</row2>
						<row3>	-1.4261 0.7742 -6.5398 1.0000	</row3>
					</transform>
				</node>
				<node>
					<identifier>	MP_JM420_Ammobox_INDEX_10	</identifier>
					<transform>
						<row0>	1.0000 0.0000 0.0000 0.0000	</row0>
						<row1>	0.0000 1.0000 0.0000 0.0000	</row1>
						<row2>	0.0000 0.0000 1.0000 0.0000	</row2>
						<row3>	1.0932 0.7348 -7.2747 1.0000	</row3>
					</transform>
				</node>
				<node>
					<identifier>	MP_JM420_Ammobox_INDEX_11	</identifier>
					<transform>
						<row0>	1.0000 0.0000 0.0000 0.0000	</row0>
						<row1>	0.0000 1.0000 0.0000 0.0000	</row1>
						<row2>	0.0000 0.0000 1.0000 0.0000	</row2>
						<row3>	1.2874 0.7348 -7.2808 1.0000	</row3>
					</transform>
				</node>
				<node>
					<identifier>	MP_JM420_Ammobox_INDEX_12	</identifier>
					<transform>
						<row0>	-1.0000 0.0000 0.0000 0.0000	</row0>
						<row1>	0.0000 1.0000 0.0000 0.0000	</row1>
						<row2>	0.0000 0.0000 -1.0000 0.0000	</row2>
						<row3>	1.1221 0.7348 -6.9361 1.0000	</row3>
					</transform>
				</node>
				<node>
					<identifier>	MP_JM420_Ammobox_INDEX_13	</identifier>
					<transform>
						<row0>	-1.0000 0.0000 0.0000 0.0000	</row0>
						<row1>	0.0000 1.0000 0.0000 0.0000	</row1>
						<row2>	0.0000 0.0000 -1.0000 0.0000	</row2>
						<row3>	1.2874 0.7348 -6.8598 1.0000	</row3>
					</transform>
				</node>
				<node>
					<identifier>	MP_JM420_Ammobox_INDEX_14	</identifier>
					<transform>
						<row0>	-1.0000 0.0000 0.0000 0.0000	</row0>
						<row1>	0.0000 1.0000 0.0000 0.0000	</row1>
						<row2>	0.0000 0.0000 -1.0000 0.0000	</row2>
						<row3>	0.0461 0.7346 -8.4010 1.0000	</row3>
					</transform>
				</node>
				<node>
					<identifier>	MP_JM420_Ammobox_INDEX_15	</identifier>
					<transform>
						<row0>	-1.0000 0.0000 0.0000 0.0000	</row0>
						<row1>	0.0000 1.0000 0.0000 0.0000	</row1>
						<row2>	0.0000 0.0000 -1.0000 0.0000	</row2>
						<row3>	0.2417 0.7346 -8.4010 1.0000	</row3>
					</transform>
				</node>
				<node>
					<identifier>	MP_JM420_Ammobox_INDEX_16	</identifier>
					<transform>
						<row0>	-1.0000 0.0000 0.0000 0.0000	</row0>
						<row1>	0.0000 1.0000 0.0000 0.0000	</row1>
						<row2>	0.0000 0.0000 -1.0000 0.0000	</row2>
						<row3>	0.3616 0.7346 -8.4010 1.0000	</row3>
					</transform>
				</node>
				<node>
					<identifier>	MP_JM420_Ammobox_INDEX_17	</identifier>
					<transform>
						<row0>	0.0000 0.0000 1.0000 0.0000	</row0>
						<row1>	0.0000 1.0000 0.0000 0.0000	</row1>
						<row2>	-1.0000 0.0000 0.0000 0.0000	</row2>
						<row3>	0.4381 0.7346 -8.5153 1.0000	</row3>
					</transform>
				</node>
				<node>
					<identifier>	MP_JM420_Ammobox_INDEX_18	</identifier>
					<transform>
						<row0>	0.0000 0.0000 1.0000 0.0000	</row0>
						<row1>	0.0000 1.0000 0.0000 0.0000	</row1>
						<row2>	-1.0000 0.0000 0.0000 0.0000	</row2>
						<row3>	0.1423 0.7346 -8.5153 1.0000	</row3>
					</transform>
				</node>
				<node>
					<identifier>	MP_JM420_Ammobox_INDEX_19	</identifier>
					<transform>
						<row0>	0.0000 0.0000 -1.0000 0.0000	</row0>
						<row1>	0.0000 1.0000 0.0000 0.0000	</row1>
						<row2>	1.0000 0.0000 0.0000 0.0000	</row2>
						<row3>	0.1454 0.7346 -8.5153 1.0000	</row3>
					</transform>
				</node>
				<node>
					<identifier>	MP_JM420_Ammobox_INDEX_2	</identifier>
					<transform>
						<row0>	0.7537 0.0000 0.6572 0.0000	</row0>
						<row1>	0.0000 1.0000 0.0000 0.0000	</row1>
						<row2>	-0.6572 0.0000 0.7537 0.0000	</row2>
						<row3>	-1.2236 0.7742 -6.5400 1.0000	</row3>
					</transform>
				</node>
				<node>
					<identifier>	MP_JM420_Ammobox_INDEX_20	</identifier>
					<transform>
						<row0>	0.0000 0.0000 1.0000 0.0000	</row0>
						<row1>	0.0000 1.0000 0.0000 0.0000	</row1>
						<row2>	-1.0000 0.0000 0.0000 0.0000	</row2>
						<row3>	-0.1454 0.7346 -8.5153 1.0000	</row3>
					</transform>
				</node>
				<node>
					<identifier>	MP_JM420_Ammobox_INDEX_21	</identifier>
					<transform>
						<row0>	0.0000 0.0000 -1.0000 0.0000	</row0>
						<row1>	0.0000 1.0000 0.0000 0.0000	</row1>
						<row2>	1.0000 0.0000 0.0000 0.0000	</row2>
						<row3>	-0.4381 0.7346 -8.5153 1.0000	</row3>
					</transform>
				</node>
				<node>
					<identifier>	MP_JM420_Ammobox_INDEX_22	</identifier>
					<transform>
						<row0>	0.0000 0.0000 -1.0000 0.0000	</row0>
						<row1>	0.0000 1.0000 0.0000 0.0000	</row1>
						<row2>	1.0000 0.0000 0.0000 0.0000	</row2>
						<row3>	-0.1423 0.7346 -8.5153 1.0000	</row3>
					</transform>
				</node>
				<node>
					<identifier>	MP_JM420_Ammobox_INDEX_23	</identifier>
					<transform>
						<row0>	-1.0000 0.0000 0.0000 0.0000	</row0>
						<row1>	0.0000 1.0000 0.0000 0.0000	</row1>
						<row2>	0.0000 0.0000 -1.0000 0.0000	</row2>
						<row3>	-0.0461 0.7346 -8.4010 1.0000	</row3>
					</transform>
				</node>
				<node>
					<identifier>	MP_JM420_Ammobox_INDEX_24	</identifier>
					<transform>
						<row0>	-1.0000 0.0000 0.0000 0.0000	</row0>
						<row1>	0.0000 1.0000 0.0000 0.0000	</row1>
						<row2>	0.0000 0.0000 -1.0000 0.0000	</row2>
						<row3>	-0.2417 0.7346 -8.4010 1.0000	</row3>
					</transform>
				</node>
				<node>
					<identifier>	MP_JM420_Ammobox_INDEX_25	</identifier>
					<transform>
						<row0>	-1.0000 0.0000 0.0000 0.0000	</row0>
						<row1>	0.0000 1.0000 0.0000 0.0000	</row1>
						<row2>	0.0000 0.0000 -1.0000 0.0000	</row2>
						<row3>	-0.3616 0.7346 -8.4010 1.0000	</row3>
					</transform>
				</node>
				<node>
					<identifier>	MP_JM420_Ammobox_INDEX_3	</identifier>
					<transform>
						<row0>	0.7537 0.0000 -0.6572 0.0000	</row0>
						<row1>	0.0000 1.0000 0.0000 0.0000	</row1>
						<row2>	0.6572 0.0000 0.7537 0.0000	</row2>
						<row3>	1.2236 0.7742 -6.5400 1.0000	</row3>
					</transform>
				</node>
				<node>
					<identifier>	MP_JM420_Ammobox_INDEX_4	</identifier>
					<transform>
						<row0>	1.0000 0.0000 0.0000 0.0000	</row0>
						<row1>	0.0000 1.0000 0.0000 0.0000	</row1>
						<row2>	0.0000 0.0000 1.0000 0.0000	</row2>
						<row3>	1.3242 0.7742 -6.5745 1.0000	</row3>
					</transform>
				</node>
				<node>
					<identifier>	MP_JM420_Ammobox_INDEX_5	</identifier>
					<transform>
						<row0>	0.7624 0.0000 0.6471 0.0000	</row0>
						<row1>	0.0000 1.0000 0.0000 0.0000	</row1>
						<row2>	-0.6471 0.0000 0.7624 0.0000	</row2>
						<row3>	1.4261 0.7742 -6.5398 1.0000	</row3>
					</transform>
				</node>
				<node>
					<identifier>	MP_JM420_Ammobox_INDEX_6	</identifier>
					<transform>
						<row0>	1.0000 0.0000 0.0000 0.0000	</row0>
						<row1>	0.0000 1.0000 0.0000 0.0000	</row1>
						<row2>	0.0000 0.0000 1.0000 0.0000	</row2>
						<row3>	-1.2874 0.7348 -7.2808 1.0000	</row3>
					</transform>
				</node>
				<node>
					<identifier>	MP_JM420_Ammobox_INDEX_7	</identifier>
					<transform>
						<row0>	-1.0000 0.0000 0.0000 0.0000	</row0>
						<row1>	0.0000 1.0000 0.0000 0.0000	</row1>
						<row2>	0.0000 0.0000 -1.0000 0.0000	</row2>
						<row3>	-1.2874 0.7348 -6.8598 1.0000	</row3>
					</transform>
				</node>
				<node>
					<identifier>	MP_JM420_Ammobox_INDEX_8	</identifier>
					<transform>
						<row0>	-1.0000 0.0000 0.0000 0.0000	</row0>
						<row1>	0.0000 1.0000 0.0000 0.0000	</row1>
						<row2>	0.0000 0.0000 -1.0000 0.0000	</row2>
						<row3>	-1.1221 0.7348 -6.9361 1.0000	</row3>
					</transform>
				</node>
				<node>
					<identifier>	MP_JM420_Ammobox_INDEX_9	</identifier>
					<transform>
						<row0>	1.0000 0.0000 0.0000 0.0000	</row0>
						<row1>	0.0000 1.0000 0.0000 0.0000	</row1>
						<row2>	0.0000 0.0000 1.0000 0.0000	</row2>
						<row3>	-1.0932 0.7348 -7.2747 1.0000	</row3>
					</transform>
				</node>
				<node>
					<identifier>	MP_JM5002_Name_Plate	</identifier>
					<transform>
						<row0>	1.0000 0.0000 0.0000 0.0000	</row0>
						<row1>	0.0000 1.0000 0.0000 0.0000	</row1>
						<row2>	0.0000 0.0000 1.0000 0.0000	</row2>
						<row3>	0.0000 0.2867 -8.6085 1.0000	</row3>
					</transform>
				</node>
				<node>
					<identifier>	SP_YMS011_YHWL_M_1_INDEX_16	</identifier>
					<transform>
						<row0>	0.9264 0.2983 0.2297 0.0000	</row0>
						<row1>	-0.2961 0.9541 -0.0448 0.0000	</row1>
						<row2>	-0.2325 -0.0265 0.9722 0.0000	</row2>
						<row3>	-0.7927 -0.0048 -6.7013 1.0000	</row3>
					</transform>
				</node>
				<node>
					<identifier>	SP_YMS012_YHWR_M_1_INDEX_3	</identifier>
					<transform>
						<row0>	0.9288 -0.3037 -0.2126 0.0000	</row0>
						<row1>	0.2961 0.9528 -0.0672 0.0000	</row1>
						<row2>	0.2230 -0.0006 0.9748 0.0000	</row2>
						<row3>	0.8007 -0.0097 -6.6987 1.0000	</row3>
					</transform>
				</node>
				<node>
					<identifier>	SP_YMS023_YHUC_L_1	</identifier>
					<transform>
						<row0>	0.9994 0.0002 0.0356 0.0000	</row0>
						<row1>	0.0002 0.9999 -0.0118 0.0000	</row1>
						<row2>	-0.0356 0.0118 0.9993 0.0000	</row2>
						<row3>	-0.6211 -0.4831 -6.6922 1.0000	</row3>
					</transform>
				</node>
				<node>
					<identifier>	SP_YMS023_YHUC_L_1_INDEX_1	</identifier>
					<transform>
						<row0>	0.9999 0.0000 0.0109 0.0000	</row0>
						<row1>	0.0000 0.9999 -0.0118 0.0000	</row1>
						<row2>	-0.0109 0.0118 0.9999 0.0000	</row2>
						<row3>	-0.2379 -0.5172 -7.4385 1.0000	</row3>
					</transform>
				</node>
				<node>
					<identifier>	SP_YMS023_YHUC_L_1_INDEX_2	</identifier>
					<transform>
						<row0>	0.9994 -0.0002 -0.0356 0.0000	</row0>
						<row1>	-0.0002 0.9999 -0.0118 0.0000	</row1>
						<row2>	0.0356 0.0118 0.9993 0.0000	</row2>
						<row3>	0.6211 -0.4831 -6.6922 1.0000	</row3>
					</transform>
				</node>
				<node>
					<identifier>	SP_YMS023_YHUC_L_1_INDEX_3	</identifier>
					<transform>
						<row0>	0.9999 0.0000 -0.0109 0.0000	</row0>
						<row1>	0.0000 0.9999 -0.0118 0.0000	</row1>
						<row2>	0.0109 0.0118 0.9999 0.0000	</row2>
						<row3>	0.2379 -0.5172 -7.4385 1.0000	</row3>
					</transform>
				</node>
				<node>
					<identifier>	SP_YMS030_YHAM_M_1	</identifier>
					<transform>
						<row0>	1.0000 0.0000 0.0000 0.0000	</row0>
						<row1>	0.0000 1.0000 0.0000 0.0000	</row1>
						<row2>	0.0000 0.0000 1.0000 0.0000	</row2>
						<row3>	0.0000 0.1667 -8.6352 1.0000	</row3>
					</transform>
				</node>
				<node>
					<identifier>	SP_YMS031_YHAL_M_1_INDEX_2	</identifier>
					<transform>
						<row0>	0.9257 0.0000 0.3781 0.0000	</row0>
						<row1>	0.0000 1.0000 0.0000 0.0000	</row1>
						<row2>	-0.3781 0.0000 0.9257 0.0000	</row2>
						<row3>	-0.4097 0.2267 -8.3333 1.0000	</row3>
					</transform>
				</node>
				<node>
					<identifier>	SP_YMS032_YHAR_M_1_INDEX_1	</identifier>
					<transform>
						<row0>	0.9257 0.0000 -0.3781 0.0000	</row0>
						<row1>	0.0000 1.0000 0.0000 0.0000	</row1>
						<row2>	0.3781 0.0000 0.9257 0.0000	</row2>
						<row3>	0.4097 0.2267 -8.3333 1.0000	</row3>
					</transform>
				</node>
				<node>
					<identifier>	SP_YMS050_YHDC_M_1	</identifier>
					<transform>
						<row0>	0.0000 0.0000 -0.7500 0.0000	</row0>
						<row1>	-0.0033 0.7500 0.0000 0.0000	</row1>
						<row2>	0.7500 0.0033 0.0000 0.0000	</row2>
						<row3>	-0.5371 0.4134 -6.8821 1.0000	</row3>
					</transform>
				</node>
				<node>
					<identifier>	SP_YMS050_YHDC_M_1_INDEX_1	</identifier>
					<transform>
						<row0>	0.0000 0.0000 0.7500 0.0000	</row0>
						<row1>	0.0033 0.7500 0.0000 0.0000	</row1>
						<row2>	-0.7500 0.0033 0.0000 0.0000	</row2>
						<row3>	0.5371 0.4135 -6.8821 1.0000	</row3>
					</transform>
				</node>
				<node>
					<identifier>	SP_YMS057_YHDH_M_1	</identifier>
					<transform>
						<row0>	0.9464 0.0000 0.0000 0.0000	</row0>
						<row1>	0.0000 1.0000 0.0000 0.0000	</row1>
						<row2>	0.0000 0.0000 0.9464 0.0000	</row2>
						<row3>	0.0000 0.9515 -6.9317 1.0000	</row3>
					</transform>
				</node>
				<node>
					<identifier>	SP_YMS061_YHGH_S_1_INDEX_4	</identifier>
					<transform>
						<row0>	0.4300 0.0000 0.0000 0.0000	</row0>
						<row1>	0.0000 0.4300 0.0000 0.0000	</row1>
						<row2>	0.0000 0.0000 0.4300 0.0000	</row2>
						<row3>	0.0000 0.7017 -8.7650 1.0000	</row3>
					</transform>
				</node>
				<node>
					<identifier>	SP_YMS083_YHSC_L_1_INDEX_2	</identifier>
					<transform>
						<row0>	0.1856 0.0000 0.9317 0.0000	</row0>
						<row1>	0.1452 0.9384 -0.0289 0.0000	</row1>
						<row2>	-0.9203 0.1480 0.1833 0.0000	</row2>
						<row3>	0.8441 0.4143 -6.7866 1.0000	</row3>
					</transform>
				</node>
				<node>
					<identifier>	SP_YMS083_YHSC_L_1_INDEX_6	</identifier>
					<transform>
						<row0>	0.1856 0.0000 -0.9317 0.0000	</row0>
						<row1>	-0.1452 0.9384 -0.0289 0.0000	</row1>
						<row2>	0.9203 0.1480 0.1833 0.0000	</row2>
						<row3>	-0.8441 0.4143 -6.7866 1.0000	</row3>
					</transform>
				</node>
				<node>
					<identifier>	SP_YMS084_YHSC_L_2_INDEX_2	</identifier>
					<transform>
						<row0>	0.2905 0.0039 -0.9569 0.0000	</row0>
						<row1>	-0.1502 0.9878 -0.0416 0.0000	</row1>
						<row2>	0.9450 0.1558 0.2876 0.0000	</row2>
						<row3>	-0.6408 0.4148 -7.6493 1.0000	</row3>
					</transform>
				</node>
				<node>
					<identifier>	SP_YMS084_YHSC_L_2_INDEX_4	</identifier>
					<transform>
						<row0>	0.2905 -0.0039 0.9569 0.0000	</row0>
						<row1>	0.1502 0.9878 -0.0416 0.0000	</row1>
						<row2>	-0.9450 0.1558 0.2876 0.0000	</row2>
						<row3>	0.6408 0.4148 -7.6493 1.0000	</row3>
					</transform>
				</node>
				<node>
					<identifier>	SP_YMS095_YHZC_M_1_INDEX_5	</identifier>
					<transform>
						<row0>	0.0000 0.0000 -0.7000 0.0000	</row0>
						<row1>	0.0000 0.7000 0.0000 0.0000	</row1>
						<row2>	0.7000 0.0000 0.0000 0.0000	</row2>
						<row3>	-1.3340 0.8017 -7.0699 1.0000	</row3>
					</transform>
				</node>
				<node>
					<identifier>	SP_YMS095_YHZC_M_1_INDEX_7	</identifier>
					<transform>
						<row0>	0.0000 0.0000 0.7000 0.0000	</row0>
						<row1>	0.0000 0.7000 0.0000 0.0000	</row1>
						<row2>	-0.7000 0.0000 0.0000 0.0000	</row2>
						<row3>	1.3340 0.8017 -7.0700 1.0000	</row3>
					</transform>
				</node>
				<node>
					<identifier>	SP_YMS096_YHZC_S_1_INDEX_13	</identifier>
					<transform>
						<row0>	0.4700 0.0000 0.0000 0.0000	</row0>
						<row1>	0.0000 0.4700 0.0000 0.0000	</row1>
						<row2>	0.0000 0.0000 0.4700 0.0000	</row2>
						<row3>	-0.2807 0.8013 -8.6889 1.0000	</row3>
					</transform>
				</node>
				<node>
					<identifier>	SP_YMS096_YHZC_S_1_INDEX_16	</identifier>
					<transform>
						<row0>	0.0000 0.0000 0.6500 0.0000	</row0>
						<row1>	0.0000 0.6500 0.0000 0.0000	</row1>
						<row2>	-0.6500 0.0000 0.0000 0.0000	</row2>
						<row3>	0.4415 0.8013 -8.4929 1.0000	</row3>
					</transform>
				</node>
				<node>
					<identifier>	SP_YMS096_YHZC_S_1_INDEX_19	</identifier>
					<transform>
						<row0>	0.4700 0.0000 0.0000 0.0000	</row0>
						<row1>	0.0000 0.4700 0.0000 0.0000	</row1>
						<row2>	0.0000 0.0000 0.4700 0.0000	</row2>
						<row3>	0.2807 0.8013 -8.6889 1.0000	</row3>
					</transform>
				</node>
				<node>
					<identifier>	SP_YMS096_YHZC_S_1_INDEX_20	</identifier>
					<transform>
						<row0>	0.0645 0.0000 -0.6970 0.0000	</row0>
						<row1>	0.0000 0.7000 0.0000 0.0000	</row1>
						<row2>	0.6970 0.0000 0.0645 0.0000	</row2>
						<row3>	-1.3143 0.8409 -7.4550 1.0000	</row3>
					</transform>
				</node>
				<node>
					<identifier>	SP_YMS096_YHZC_S_1_INDEX_22	</identifier>
					<transform>
						<row0>	0.0645 0.0000 0.6970 0.0000	</row0>
						<row1>	0.0000 0.7000 0.0000 0.0000	</row1>
						<row2>	-0.6970 0.0000 0.0645 0.0000	</row2>
						<row3>	1.3143 0.8409 -7.4550 1.0000	</row3>
					</transform>
				</node>
				<node>
					<identifier>	SP_YMS096_YHZC_S_1_INDEX_60	</identifier>
					<transform>
						<row0>	0.0000 0.0000 -0.6500 0.0000	</row0>
						<row1>	0.0000 0.6500 0.0000 0.0000	</row1>
						<row2>	0.6500 0.0000 0.0000 0.0000	</row2>
						<row3>	-0.4415 0.8013 -8.4929 1.0000	</row3>
					</transform>
				</node>
			</node>
		</node>
	</skeleton>
	<properties>
		<underwaterModel>	false	</underwaterModel>
		<abovewaterModel>	true	</abovewaterModel>
	</properties>
	<boundingBox>
		<min>	-0.0667 -0.0667 -0.0667	</min>
		<max>	0.0667 0.0667 0.0667	</max>
	</boundingBox>
	<renderSets />
	<lods>
		<lod>
			<extent>	200.0000	</extent>
			<castsShadow>	true	</castsShadow>
			<renderSets />
		</lod>
	</lods>
</JSA301_Shinano_1944_Stern_ports.visual>
