<BSB005_Iron_Duke_1936_MidBack.skel_ext>
	<exported>	true	</exported>
	<node>
		<identifier>	MP_BM019_Reels_1	</identifier>
		<parent>	Scene Root	</parent>
		<transform>
			<row0>	0.0000 1.0000 0.0000 0.0000	</row0>
			<row1>	-0.6294 0.0000 -0.7771 0.0000	</row1>
			<row2>	-0.7771 0.0000 0.6294 0.0000	</row2>
			<row3>	-0.1823 0.4032 -3.6571 1.0000	</row3>
		</transform>
	</node>
	<node>
		<identifier>	MP_BM019_Reels_1_INDEX_1	</identifier>
		<parent>	Scene Root	</parent>
		<transform>
			<row0>	0.0000 1.0000 0.0000 0.0000	</row0>
			<row1>	0.0000 0.0000 -1.0000 0.0000	</row1>
			<row2>	-1.0000 0.0000 0.0000 0.0000	</row2>
			<row3>	-0.0363 0.5496 -2.8830 1.0000	</row3>
		</transform>
	</node>
	<node>
		<identifier>	MP_BM026_Reels	</identifier>
		<parent>	Scene Root	</parent>
		<transform>
			<row0>	0.8437 0.0000 0.5368 0.0000	</row0>
			<row1>	0.0000 1.0000 0.0000 0.0000	</row1>
			<row2>	-0.5368 0.0000 0.8437 0.0000	</row2>
			<row3>	-0.2826 0.3022 -3.6252 1.0000	</row3>
		</transform>
	</node>
	<node>
		<identifier>	MP_BM030_Range_concentration2	</identifier>
		<parent>	Scene Root	</parent>
		<transform>
			<row0>	-1.0000 0.0000 0.0000 0.0000	</row0>
			<row1>	0.0000 1.0000 0.0000 0.0000	</row1>
			<row2>	0.0000 0.0000 -1.0000 0.0000	</row2>
			<row3>	0.0000 1.1267 -2.6533 1.0000	</row3>
		</transform>
	</node>
	<node>
		<identifier>	MP_BM038_Helmets	</identifier>
		<parent>	Scene Root	</parent>
		<transform>
			<row0>	1.0000 0.0000 0.0000 0.0000	</row0>
			<row1>	0.0000 1.0000 0.0000 0.0000	</row1>
			<row2>	0.0000 0.0000 1.0000 0.0000	</row2>
			<row3>	0.3719 0.4710 -2.9172 1.0000	</row3>
		</transform>
	</node>
	<node>
		<identifier>	MP_BM038_Helmets_INDEX_1	</identifier>
		<parent>	Scene Root	</parent>
		<transform>
			<row0>	-0.1893 0.0000 0.9819 0.0000	</row0>
			<row1>	0.0000 1.0000 0.0000 0.0000	</row1>
			<row2>	-0.9819 0.0000 -0.1893 0.0000	</row2>
			<row3>	-0.1043 0.7604 -2.7895 1.0000	</row3>
		</transform>
	</node>
	<node>
		<identifier>	MP_BM038_Helmets_INDEX_2	</identifier>
		<parent>	Scene Root	</parent>
		<transform>
			<row0>	-0.1893 0.0000 -0.9819 0.0000	</row0>
			<row1>	0.0000 1.0000 0.0000 0.0000	</row1>
			<row2>	0.9819 0.0000 -0.1893 0.0000	</row2>
			<row3>	0.1042 0.7604 -2.7895 1.0000	</row3>
		</transform>
	</node>
	<node>
		<identifier>	MP_BM038_Helmets_INDEX_3	</identifier>
		<parent>	Scene Root	</parent>
		<transform>
			<row0>	1.0000 0.0000 0.0000 0.0000	</row0>
			<row1>	0.0000 1.0000 0.0000 0.0000	</row1>
			<row2>	0.0000 0.0000 1.0000 0.0000	</row2>
			<row3>	-0.3719 0.4710 -2.9204 1.0000	</row3>
		</transform>
	</node>
	<node>
		<identifier>	MP_BM505_Rubber_Boat	</identifier>
		<parent>	Scene Root	</parent>
		<transform>
			<row0>	0.0000 1.0000 0.0000 0.0000	</row0>
			<row1>	0.0000 0.0000 1.0000 0.0000	</row1>
			<row2>	1.0000 0.0000 0.0000 0.0000	</row2>
			<row3>	0.0000 0.3764 -2.3238 1.0000	</row3>
		</transform>
	</node>
	<node>
		<identifier>	MP_BM505_Rubber_Boat_INDEX_1	</identifier>
		<parent>	Scene Root	</parent>
		<transform>
			<row0>	0.0000 1.0000 0.0000 0.0000	</row0>
			<row1>	0.8719 0.0000 -0.4898 0.0000	</row1>
			<row2>	-0.4898 0.0000 -0.8719 0.0000	</row2>
			<row3>	0.1798 0.6287 -2.7901 1.0000	</row3>
		</transform>
	</node>
	<node>
		<identifier>	MP_BM505_Rubber_Boat_INDEX_2	</identifier>
		<parent>	Scene Root	</parent>
		<transform>
			<row0>	0.0000 1.0000 0.0000 0.0000	</row0>
			<row1>	0.0000 0.0000 1.0000 0.0000	</row1>
			<row2>	1.0000 0.0000 0.0000 0.0000	</row2>
			<row3>	0.0000 0.5259 -2.3238 1.0000	</row3>
		</transform>
	</node>
	<node>
		<identifier>	MP_BM505_Rubber_Boat_INDEX_3	</identifier>
		<parent>	Scene Root	</parent>
		<transform>
			<row0>	0.0000 1.0000 0.0000 0.0000	</row0>
			<row1>	0.0000 0.0000 1.0000 0.0000	</row1>
			<row2>	1.0000 0.0000 0.0000 0.0000	</row2>
			<row3>	-0.2367 0.5259 -2.3238 1.0000	</row3>
		</transform>
	</node>
	<node>
		<identifier>	MP_BM505_Rubber_Boat_INDEX_4	</identifier>
		<parent>	Scene Root	</parent>
		<transform>
			<row0>	0.0000 -1.0000 0.0000 0.0000	</row0>
			<row1>	-0.8719 0.0000 -0.4898 0.0000	</row1>
			<row2>	0.4898 0.0000 -0.8719 0.0000	</row2>
			<row3>	-0.1725 0.6395 -2.8030 1.0000	</row3>
		</transform>
	</node>
	<node>
		<identifier>	MP_BM507_Whaler_27ft	</identifier>
		<parent>	Scene Root	</parent>
		<transform>
			<row0>	-0.8495 0.0000 0.5275 0.0000	</row0>
			<row1>	0.0000 1.0000 0.0000 0.0000	</row1>
			<row2>	-0.5275 0.0000 -0.8495 0.0000	</row2>
			<row3>	0.2981 0.4953 -2.7318 1.0000	</row3>
		</transform>
	</node>
	<node>
		<identifier>	MP_BM528_Dinghy_16ft	</identifier>
		<parent>	Scene Root	</parent>
		<transform>
			<row0>	0.8923 0.0000 0.4515 0.0000	</row0>
			<row1>	0.0000 1.0000 0.0000 0.0000	</row1>
			<row2>	-0.4515 0.0000 0.8923 0.0000	</row2>
			<row3>	-0.2845 0.4808 -2.7393 1.0000	</row3>
		</transform>
	</node>
	<node>
		<identifier>	MP_BM616_Alarm_Tool	</identifier>
		<parent>	Scene Root	</parent>
		<transform>
			<row0>	0.9817 0.0000 0.1903 0.0000	</row0>
			<row1>	0.0000 1.0000 0.0000 0.0000	</row1>
			<row2>	-0.1903 0.0000 0.9817 0.0000	</row2>
			<row3>	-0.0207 0.8511 -2.6626 1.0000	</row3>
		</transform>
	</node>
	<node>
		<identifier>	MP_BM620_Voice_Tube	</identifier>
		<parent>	Scene Root	</parent>
		<transform>
			<row0>	1.0000 0.0000 0.0000 0.0000	</row0>
			<row1>	0.0000 1.0000 0.0000 0.0000	</row1>
			<row2>	0.0000 0.0000 1.0000 0.0000	</row2>
			<row3>	-0.1814 0.7240 -2.3429 1.0000	</row3>
		</transform>
	</node>
	<node>
		<identifier>	MP_BM620_Voice_Tube_INDEX_1	</identifier>
		<parent>	Scene Root	</parent>
		<transform>
			<row0>	1.0000 0.0000 0.0000 0.0000	</row0>
			<row1>	0.0000 1.0000 0.0000 0.0000	</row1>
			<row2>	0.0000 0.0000 1.0000 0.0000	</row2>
			<row3>	0.1814 0.7240 -2.3429 1.0000	</row3>
		</transform>
	</node>
	<node>
		<identifier>	MP_BM620_Voice_Tube_INDEX_2	</identifier>
		<parent>	Scene Root	</parent>
		<transform>
			<row0>	-0.4995 0.0000 0.8663 0.0000	</row0>
			<row1>	0.0000 1.0000 0.0000 0.0000	</row1>
			<row2>	-0.8663 0.0000 -0.4995 0.0000	</row2>
			<row3>	-0.3106 0.7240 -2.5255 1.0000	</row3>
		</transform>
	</node>
	<node>
		<identifier>	MP_BM620_Voice_Tube_INDEX_3	</identifier>
		<parent>	Scene Root	</parent>
		<transform>
			<row0>	0.5082 0.0000 0.8613 0.0000	</row0>
			<row1>	0.0000 1.0000 0.0000 0.0000	</row1>
			<row2>	-0.8613 0.0000 0.5082 0.0000	</row2>
			<row3>	-0.5112 0.4623 -2.5935 1.0000	</row3>
		</transform>
	</node>
	<node>
		<identifier>	MP_BM620_Voice_Tube_INDEX_4	</identifier>
		<parent>	Scene Root	</parent>
		<transform>
			<row0>	0.5082 0.0000 -0.8613 0.0000	</row0>
			<row1>	0.0000 1.0000 0.0000 0.0000	</row1>
			<row2>	0.8613 0.0000 0.5082 0.0000	</row2>
			<row3>	0.5033 0.4623 -2.5808 1.0000	</row3>
		</transform>
	</node>
	<node>
		<identifier>	MP_BM620_Voice_Tube_INDEX_5	</identifier>
		<parent>	Scene Root	</parent>
		<transform>
			<row0>	0.5082 0.0000 -0.8613 0.0000	</row0>
			<row1>	0.0000 1.0000 0.0000 0.0000	</row1>
			<row2>	0.8613 0.0000 0.5082 0.0000	</row2>
			<row3>	0.5112 0.4623 -2.5935 1.0000	</row3>
		</transform>
	</node>
	<node>
		<identifier>	MP_BM620_Voice_Tube_INDEX_6	</identifier>
		<parent>	Scene Root	</parent>
		<transform>
			<row0>	1.0000 0.0000 0.0000 0.0000	</row0>
			<row1>	0.0000 1.0000 0.0000 0.0000	</row1>
			<row2>	0.0000 0.0000 1.0000 0.0000	</row2>
			<row3>	0.1636 0.7240 -2.3429 1.0000	</row3>
		</transform>
	</node>
	<node>
		<identifier>	MP_BM620_Voice_Tube_INDEX_7	</identifier>
		<parent>	Scene Root	</parent>
		<transform>
			<row0>	-0.4995 0.0000 -0.8663 0.0000	</row0>
			<row1>	0.0000 1.0000 0.0000 0.0000	</row1>
			<row2>	0.8663 0.0000 -0.4995 0.0000	</row2>
			<row3>	0.3106 0.7240 -2.5255 1.0000	</row3>
		</transform>
	</node>
	<node>
		<identifier>	MP_BM620_Voice_Tube_INDEX_8	</identifier>
		<parent>	Scene Root	</parent>
		<transform>
			<row0>	-0.5654 0.0000 -0.8248 0.0000	</row0>
			<row1>	0.0000 1.0000 0.0000 0.0000	</row1>
			<row2>	0.8248 0.0000 -0.5654 0.0000	</row2>
			<row3>	0.0622 1.1281 -2.4857 1.0000	</row3>
		</transform>
	</node>
	<node>
		<identifier>	MP_BM620_Voice_Tube_INDEX_9	</identifier>
		<parent>	Scene Root	</parent>
		<transform>
			<row0>	0.5082 0.0000 0.8613 0.0000	</row0>
			<row1>	0.0000 1.0000 0.0000 0.0000	</row1>
			<row2>	-0.8613 0.0000 0.5082 0.0000	</row2>
			<row3>	-0.5033 0.4623 -2.5808 1.0000	</row3>
		</transform>
	</node>
	<node>
		<identifier>	MP_BM623_Telephone	</identifier>
		<parent>	Scene Root	</parent>
		<transform>
			<row0>	1.0000 0.0000 0.0000 0.0000	</row0>
			<row1>	0.0000 1.0000 0.0000 0.0000	</row1>
			<row2>	0.0000 0.0000 1.0000 0.0000	</row2>
			<row3>	-0.0011 0.7247 -2.4173 1.0000	</row3>
		</transform>
	</node>
	<node>
		<identifier>	MP_BM623_Telephone_INDEX_1	</identifier>
		<parent>	Scene Root	</parent>
		<transform>
			<row0>	0.5082 0.0000 -0.8613 0.0000	</row0>
			<row1>	0.0000 1.0000 0.0000 0.0000	</row1>
			<row2>	0.8613 0.0000 0.5082 0.0000	</row2>
			<row3>	0.5193 0.4623 -2.6089 1.0000	</row3>
		</transform>
	</node>
	<node>
		<identifier>	MP_BM623_Telephone_INDEX_2	</identifier>
		<parent>	Scene Root	</parent>
		<transform>
			<row0>	0.5082 0.0000 0.8613 0.0000	</row0>
			<row1>	0.0000 1.0000 0.0000 0.0000	</row1>
			<row2>	-0.8613 0.0000 0.5082 0.0000	</row2>
			<row3>	-0.5193 0.4623 -2.6089 1.0000	</row3>
		</transform>
	</node>
	<node>
		<identifier>	MP_BM624_Speaker	</identifier>
		<parent>	Scene Root	</parent>
		<transform>
			<row0>	-1.0000 0.0000 0.0000 0.0000	</row0>
			<row1>	0.0000 1.0000 0.0000 0.0000	</row1>
			<row2>	0.0000 0.0000 -1.0000 0.0000	</row2>
			<row3>	-0.0226 0.6608 -2.3110 1.0000	</row3>
		</transform>
	</node>
	<node>
		<identifier>	MP_BM625_Telephone	</identifier>
		<parent>	Scene Root	</parent>
		<transform>
			<row0>	0.0000 0.0000 -1.0000 0.0000	</row0>
			<row1>	0.0000 1.0000 0.0000 0.0000	</row1>
			<row2>	1.0000 0.0000 0.0000 0.0000	</row2>
			<row3>	-0.0123 1.2124 -2.3877 1.0000	</row3>
		</transform>
	</node>
	<node>
		<identifier>	MP_BM700_Locker	</identifier>
		<parent>	Scene Root	</parent>
		<transform>
			<row0>	1.0000 0.0000 0.0000 0.0000	</row0>
			<row1>	0.0000 1.0000 0.0000 0.0000	</row1>
			<row2>	0.0000 0.0000 1.0000 0.0000	</row2>
			<row3>	-0.3217 0.3000 -2.0677 1.0000	</row3>
		</transform>
	</node>
	<node>
		<identifier>	MP_BM700_Locker_INDEX_1	</identifier>
		<parent>	Scene Root	</parent>
		<transform>
			<row0>	1.0000 0.0000 0.0000 0.0000	</row0>
			<row1>	0.0000 1.0000 0.0000 0.0000	</row1>
			<row2>	0.0000 0.0000 1.0000 0.0000	</row2>
			<row3>	0.4675 0.3000 -2.0677 1.0000	</row3>
		</transform>
	</node>
	<node>
		<identifier>	MP_BM700_Locker_INDEX_2	</identifier>
		<parent>	Scene Root	</parent>
		<transform>
			<row0>	0.8725 0.0000 0.4886 0.0000	</row0>
			<row1>	0.0000 1.0000 0.0000 0.0000	</row1>
			<row2>	-0.4886 0.0000 0.8725 0.0000	</row2>
			<row3>	-0.4839 0.4629 -3.0320 1.0000	</row3>
		</transform>
	</node>
	<node>
		<identifier>	MP_BM700_Locker_INDEX_3	</identifier>
		<parent>	Scene Root	</parent>
		<transform>
			<row0>	1.0000 0.0000 0.0000 0.0000	</row0>
			<row1>	0.0000 1.0000 0.0000 0.0000	</row1>
			<row2>	0.0000 0.0000 1.0000 0.0000	</row2>
			<row3>	-0.4675 0.3000 -2.0677 1.0000	</row3>
		</transform>
	</node>
	<node>
		<identifier>	MP_BM700_Locker_INDEX_4	</identifier>
		<parent>	Scene Root	</parent>
		<transform>
			<row0>	-0.6051 0.0000 0.7961 0.0000	</row0>
			<row1>	0.0000 1.0000 0.0000 0.0000	</row1>
			<row2>	-0.7961 0.0000 -0.6051 0.0000	</row2>
			<row3>	-0.2771 0.4629 -3.1032 1.0000	</row3>
		</transform>
	</node>
	<node>
		<identifier>	MP_BM700_Locker_INDEX_5	</identifier>
		<parent>	Scene Root	</parent>
		<transform>
			<row0>	1.0000 0.0000 0.0000 0.0000	</row0>
			<row1>	0.0000 1.0000 0.0000 0.0000	</row1>
			<row2>	0.0000 0.0000 1.0000 0.0000	</row2>
			<row3>	0.3217 0.3000 -2.0677 1.0000	</row3>
		</transform>
	</node>
	<node>
		<identifier>	MP_BM705_Ammunition_Box	</identifier>
		<parent>	Scene Root	</parent>
		<transform>
			<row0>	-0.5643 0.0000 0.8256 0.0000	</row0>
			<row1>	0.0000 1.0000 0.0000 0.0000	</row1>
			<row2>	-0.8256 0.0000 -0.5643 0.0000	</row2>
			<row3>	-0.0813 0.7245 -2.6678 1.0000	</row3>
		</transform>
	</node>
	<node>
		<identifier>	MP_BM705_Ammunition_Box_INDEX_1	</identifier>
		<parent>	Scene Root	</parent>
		<transform>
			<row0>	-0.5643 0.0000 -0.8256 0.0000	</row0>
			<row1>	0.0000 1.0000 0.0000 0.0000	</row1>
			<row2>	0.8256 0.0000 -0.5643 0.0000	</row2>
			<row3>	0.0833 0.7245 -2.6691 1.0000	</row3>
		</transform>
	</node>
	<node>
		<identifier>	MP_BM752_Deck_Hatch	</identifier>
		<parent>	Scene Root	</parent>
		<transform>
			<row0>	-1.0000 0.0000 0.0000 0.0000	</row0>
			<row1>	0.0000 1.0000 0.0000 0.0000	</row1>
			<row2>	0.0000 0.0000 -1.0000 0.0000	</row2>
			<row3>	0.0211 0.3048 -3.7666 1.0000	</row3>
		</transform>
	</node>
	<node>
		<identifier>	MP_BM754_Deck_Hatch	</identifier>
		<parent>	Scene Root	</parent>
		<transform>
			<row0>	1.0000 0.0000 0.0000 0.0000	</row0>
			<row1>	0.0000 1.0000 0.0000 0.0000	</row1>
			<row2>	0.0000 0.0000 1.0000 0.0000	</row2>
			<row3>	0.4845 0.3017 -1.3518 1.0000	</row3>
		</transform>
	</node>
	<node>
		<identifier>	MP_BM754_Deck_Hatch_INDEX_1	</identifier>
		<parent>	Scene Root	</parent>
		<transform>
			<row0>	1.0000 0.0000 0.0000 0.0000	</row0>
			<row1>	0.0000 1.0000 0.0000 0.0000	</row1>
			<row2>	0.0000 0.0000 1.0000 0.0000	</row2>
			<row3>	-0.4845 0.3017 -1.3518 1.0000	</row3>
		</transform>
	</node>
	<node>
		<identifier>	MP_BM852_Searchlight_44in	</identifier>
		<parent>	Scene Root	</parent>
		<transform>
			<row0>	0.0000 0.0000 -1.0000 0.0000	</row0>
			<row1>	0.0000 1.0000 0.0000 0.0000	</row1>
			<row2>	1.0000 0.0000 0.0000 0.0000	</row2>
			<row3>	0.0906 1.1288 -2.4099 1.0000	</row3>
		</transform>
	</node>
	<node>
		<identifier>	MP_BM852_Searchlight_44in_INDEX_1	</identifier>
		<parent>	Scene Root	</parent>
		<transform>
			<row0>	0.0000 0.0000 1.0000 0.0000	</row0>
			<row1>	0.0000 1.0000 0.0000 0.0000	</row1>
			<row2>	-1.0000 0.0000 0.0000 0.0000	</row2>
			<row3>	-0.0906 1.1288 -2.4099 1.0000	</row3>
		</transform>
	</node>
	<node>
		<identifier>	MP_CM011_Fire_Fighting_Gear	</identifier>
		<parent>	Scene Root	</parent>
		<transform>
			<row0>	0.4870 0.0000 -0.8734 0.0000	</row0>
			<row1>	0.0000 1.0000 0.0000 0.0000	</row1>
			<row2>	0.8734 0.0000 0.4870 0.0000	</row2>
			<row3>	-0.3644 0.3024 -3.3872 1.0000	</row3>
		</transform>
	</node>
	<node>
		<identifier>	MP_CM011_Fire_Fighting_Gear_INDEX_1	</identifier>
		<parent>	Scene Root	</parent>
		<transform>
			<row0>	0.4870 0.0000 0.8734 0.0000	</row0>
			<row1>	0.0000 1.0000 0.0000 0.0000	</row1>
			<row2>	-0.8734 0.0000 0.4870 0.0000	</row2>
			<row3>	0.3644 0.3024 -3.3872 1.0000	</row3>
		</transform>
	</node>
	<node>
		<identifier>	MP_CM011_Fire_Fighting_Gear_INDEX_2	</identifier>
		<parent>	Scene Root	</parent>
		<transform>
			<row0>	0.0000 0.0000 -1.0000 0.0000	</row0>
			<row1>	0.0000 1.0000 0.0000 0.0000	</row1>
			<row2>	1.0000 0.0000 0.0000 0.0000	</row2>
			<row3>	-0.5976 0.3005 -2.7357 1.0000	</row3>
		</transform>
	</node>
	<node>
		<identifier>	MP_CM011_Fire_Fighting_Gear_INDEX_3	</identifier>
		<parent>	Scene Root	</parent>
		<transform>
			<row0>	0.0000 0.0000 1.0000 0.0000	</row0>
			<row1>	0.0000 1.0000 0.0000 0.0000	</row1>
			<row2>	-1.0000 0.0000 0.0000 0.0000	</row2>
			<row3>	0.5976 0.3005 -2.7357 1.0000	</row3>
		</transform>
	</node>
	<node>
		<identifier>	MP_CM012_Fire_Hose_Rack_1	</identifier>
		<parent>	Scene Root	</parent>
		<transform>
			<row0>	1.0000 0.0000 0.0000 0.0000	</row0>
			<row1>	0.0000 1.0000 0.0000 0.0000	</row1>
			<row2>	0.0000 0.0000 1.0000 0.0000	</row2>
			<row3>	-0.5882 0.3715 -2.7691 1.0000	</row3>
		</transform>
	</node>
	<node>
		<identifier>	MP_CM012_Fire_Hose_Rack_1_INDEX_1	</identifier>
		<parent>	Scene Root	</parent>
		<transform>
			<row0>	-0.8775 0.0000 0.4795 0.0000	</row0>
			<row1>	0.0000 1.0000 0.0000 0.0000	</row1>
			<row2>	-0.4795 0.0000 -0.8775 0.0000	</row2>
			<row3>	0.3740 0.3715 -3.3548 1.0000	</row3>
		</transform>
	</node>
	<node>
		<identifier>	MP_CM012_Fire_Hose_Rack_1_INDEX_2	</identifier>
		<parent>	Scene Root	</parent>
		<transform>
			<row0>	-1.0000 0.0000 0.0000 0.0000	</row0>
			<row1>	0.0000 1.0000 0.0000 0.0000	</row1>
			<row2>	0.0000 0.0000 -1.0000 0.0000	</row2>
			<row3>	0.5882 0.3715 -2.7691 1.0000	</row3>
		</transform>
	</node>
	<node>
		<identifier>	MP_CM012_Fire_Hose_Rack_1_INDEX_3	</identifier>
		<parent>	Scene Root	</parent>
		<transform>
			<row0>	0.8775 0.0000 0.4795 0.0000	</row0>
			<row1>	0.0000 1.0000 0.0000 0.0000	</row1>
			<row2>	-0.4795 0.0000 0.8775 0.0000	</row2>
			<row3>	-0.3740 0.3715 -3.3548 1.0000	</row3>
		</transform>
	</node>
	<node>
		<identifier>	MP_CM015_Bundle_1	</identifier>
		<parent>	Scene Root	</parent>
		<transform>
			<row0>	1.0000 0.0000 0.0000 0.0000	</row0>
			<row1>	0.0000 1.0000 0.0000 0.0000	</row1>
			<row2>	0.0000 0.0000 1.0000 0.0000	</row2>
			<row3>	0.3722 0.4630 -2.4241 1.0000	</row3>
		</transform>
	</node>
	<node>
		<identifier>	MP_CM015_Bundle_1_INDEX_1	</identifier>
		<parent>	Scene Root	</parent>
		<transform>
			<row0>	1.0000 0.0000 0.0000 0.0000	</row0>
			<row1>	0.0000 1.0000 0.0000 0.0000	</row1>
			<row2>	0.0000 0.0000 1.0000 0.0000	</row2>
			<row3>	-0.3722 0.4630 -2.4241 1.0000	</row3>
		</transform>
	</node>
	<node>
		<identifier>	MP_CM029_Emergency_Box	</identifier>
		<parent>	Scene Root	</parent>
		<transform>
			<row0>	0.5015 0.0000 0.8652 0.0000	</row0>
			<row1>	0.0000 1.0000 0.0000 0.0000	</row1>
			<row2>	-0.8652 0.0000 0.5015 0.0000	</row2>
			<row3>	0.1357 0.5511 -2.8797 1.0000	</row3>
		</transform>
	</node>
	<node>
		<identifier>	MP_CM029_Emergency_Box_INDEX_1	</identifier>
		<parent>	Scene Root	</parent>
		<transform>
			<row0>	0.5015 0.0000 -0.8652 0.0000	</row0>
			<row1>	0.0000 1.0000 0.0000 0.0000	</row1>
			<row2>	0.8652 0.0000 0.5015 0.0000	</row2>
			<row3>	-0.1463 0.5511 -2.8615 1.0000	</row3>
		</transform>
	</node>
	<node>
		<identifier>	MP_CM029_Emergency_Box_INDEX_2	</identifier>
		<parent>	Scene Root	</parent>
		<transform>
			<row0>	-0.9814 0.0000 -0.1919 0.0000	</row0>
			<row1>	0.0000 1.0000 0.0000 0.0000	</row1>
			<row2>	0.1919 0.0000 -0.9814 0.0000	</row2>
			<row3>	-0.0223 0.7999 -2.6577 1.0000	</row3>
		</transform>
	</node>
	<node>
		<identifier>	MP_CM057_Accommodation_Ladder_Closed	</identifier>
		<parent>	Scene Root	</parent>
		<transform>
			<row0>	0.0000 0.0000 1.0000 0.0000	</row0>
			<row1>	-0.0048 1.0000 0.0000 0.0000	</row1>
			<row2>	-1.0000 -0.0048 0.0000 0.0000	</row2>
			<row3>	-0.1779 0.3088 -3.9042 1.0000	</row3>
		</transform>
	</node>
</BSB005_Iron_Duke_1936_MidBack.skel_ext>
