<HSC005_Celebes_1940_Bow.skel_ext>
	<exported>	true	</exported>
	<node>
		<identifier>	MP_CM109_Leadsman_Platform	</identifier>
		<parent>	Scene Root	</parent>
		<transform>
			<row0>	-0.3521 -0.9360 0.0041 0.0000	</row0>
			<row1>	-0.9330 0.3506 -0.0819 0.0000	</row1>
			<row2>	0.0752 -0.0327 -0.9966 0.0000	</row2>
			<row3>	0.4512 0.3916 3.4630 1.0000	</row3>
		</transform>
	</node>
	<node>
		<identifier>	MP_CM109_Leadsman_Platform_INDEX_1	</identifier>
		<parent>	Scene Root	</parent>
		<transform>
			<row0>	0.3548 -0.9349 0.0045 0.0000	</row0>
			<row1>	0.9321 0.3534 -0.0790 0.0000	</row1>
			<row2>	0.0723 0.0323 0.9969 0.0000	</row2>
			<row3>	-0.4510 0.3916 3.4630 1.0000	</row3>
		</transform>
	</node>
	<node>
		<identifier>	MP_HM001_Anchor_down	</identifier>
		<parent>	Scene Root	</parent>
		<transform>
			<row0>	1.3474 0.3125 -0.3789 0.0000	</row0>
			<row1>	-0.4663 1.1617 -0.6998 0.0000	</row1>
			<row2>	0.1545 0.7807 1.1931 0.0000	</row2>
			<row3>	-0.1027 0.1844 4.8884 1.0000	</row3>
		</transform>
	</node>
	<node>
		<identifier>	MP_HM001_Anchor_down_INDEX_1	</identifier>
		<parent>	Scene Root	</parent>
		<transform>
			<row0>	0.1205 -1.3827 -0.2082 0.0000	</row0>
			<row1>	0.1239 -0.1975 1.3839 0.0000	</row1>
			<row2>	-1.3927 -0.1372 0.1051 0.0000	</row2>
			<row3>	-0.3916 0.4250 3.2263 1.0000	</row3>
		</transform>
	</node>
	<node>
		<identifier>	MP_HM001_Anchor_down_INDEX_2	</identifier>
		<parent>	Scene Root	</parent>
		<transform>
			<row0>	1.3474 -0.3125 0.3789 0.0000	</row0>
			<row1>	0.4663 1.1617 -0.6998 0.0000	</row1>
			<row2>	-0.1545 0.7807 1.1931 0.0000	</row2>
			<row3>	0.1027 0.1844 4.8884 1.0000	</row3>
		</transform>
	</node>
	<node>
		<identifier>	MP_HM002_Anchor_up	</identifier>
		<parent>	Scene Root	</parent>
		<transform>
			<row0>	1.4071 -0.2771 -0.0026 0.0000	</row0>
			<row1>	0.2290 1.1705 -0.7965 0.0000	</row1>
			<row2>	0.1561 0.7810 1.1926 0.0000	</row2>
			<row3>	-0.1028 0.1844 4.8884 1.0000	</row3>
		</transform>
	</node>
	<node>
		<identifier>	MP_HM002_Anchor_up_INDEX_1	</identifier>
		<parent>	Scene Root	</parent>
		<transform>
			<row0>	1.4071 0.2771 0.0026 0.0000	</row0>
			<row1>	-0.2290 1.1705 -0.7965 0.0000	</row1>
			<row2>	-0.1561 0.7810 1.1926 0.0000	</row2>
			<row3>	0.1028 0.1844 4.8884 1.0000	</row3>
		</transform>
	</node>
	<node>
		<identifier>	MP_HM002_Anchor_up_INDEX_2	</identifier>
		<parent>	Scene Root	</parent>
		<transform>
			<row0>	0.1305 -1.3944 -0.0914 0.0000	</row0>
			<row1>	0.1136 -0.0809 1.3965 0.0000	</row1>
			<row2>	-1.3927 -0.1372 0.1053 0.0000	</row2>
			<row3>	-0.3916 0.4239 3.2261 1.0000	</row3>
		</transform>
	</node>
	<node>
		<identifier>	MP_HM007_Lifebuoy	</identifier>
		<parent>	Scene Root	</parent>
		<transform>
			<row0>	-0.9021 0.0000 0.4315 0.0000	</row0>
			<row1>	0.0000 1.0000 0.0000 0.0000	</row1>
			<row2>	-0.4315 0.0000 -0.9021 0.0000	</row2>
			<row3>	0.1391 0.4576 3.9580 1.0000	</row3>
		</transform>
	</node>
	<node>
		<identifier>	MP_HM007_Lifebuoy_INDEX_1	</identifier>
		<parent>	Scene Root	</parent>
		<transform>
			<row0>	-0.9021 0.0000 -0.4315 0.0000	</row0>
			<row1>	0.0000 1.0000 0.0000 0.0000	</row1>
			<row2>	0.4315 0.0000 -0.9021 0.0000	</row2>
			<row3>	-0.1391 0.4576 3.9580 1.0000	</row3>
		</transform>
	</node>
	<node>
		<identifier>	MP_HM961_Fairlead	</identifier>
		<parent>	Scene Root	</parent>
		<transform>
			<row0>	1.5685 0.0000 0.4219 0.0000	</row0>
			<row1>	0.0183 1.6227 -0.0682 0.0000	</row1>
			<row2>	-0.4215 0.0706 1.5670 0.0000	</row2>
			<row3>	0.2880 0.4297 4.5940 1.0000	</row3>
		</transform>
	</node>
	<node>
		<identifier>	MP_HM961_Fairlead_INDEX_1	</identifier>
		<parent>	Scene Root	</parent>
		<transform>
			<row0>	1.5685 0.0000 -0.4219 0.0000	</row0>
			<row1>	-0.0164 1.6230 -0.0610 0.0000	</row1>
			<row2>	0.4215 0.0632 1.5673 0.0000	</row2>
			<row3>	-0.2880 0.4297 4.5940 1.0000	</row3>
		</transform>
	</node>
</HSC005_Celebes_1940_Bow.skel_ext>
