<FSC028_Brest_1944_MidFront_ep.skel_ext>
	<exported>	false	</exported>
	<node>
		<identifier>	EP_Death_2	</identifier>
		<parent>	Scene Root	</parent>
		<transform>
			<row0>	1.0000 0.0000 0.0000 0.0000	</row0>
			<row1>	0.0000 1.0000 0.0000 0.0000	</row1>
			<row2>	0.0000 0.0000 1.0000 0.0000	</row2>
			<row3>	0.0000 0.0000 0.0272 1.0000	</row3>
		</transform>
	</node>
	<node>
		<identifier>	EP_Fire_2	</identifier>
		<parent>	Scene Root	</parent>
		<transform>
			<row0>	1.0000 0.0000 0.0000 0.0000	</row0>
			<row1>	0.0000 1.0000 0.0000 0.0000	</row1>
			<row2>	0.0000 0.0000 1.0000 0.0000	</row2>
			<row3>	0.0000 0.7994 0.1571 1.0000	</row3>
		</transform>
	</node>
	<node>
		<identifier>	EP_Fire_2_side_1	</identifier>
		<parent>	Scene Root	</parent>
		<transform>
			<row0>	1.0000 0.0035 0.0000 0.0000	</row0>
			<row1>	-0.0035 0.9997 -0.0251 0.0000	</row1>
			<row2>	0.0000 0.0251 0.9997 0.0000	</row2>
			<row3>	0.7031 0.3985 1.7783 1.0000	</row3>
		</transform>
	</node>
	<node>
		<identifier>	EP_Fire_2_side_2	</identifier>
		<parent>	Scene Root	</parent>
		<transform>
			<row0>	1.0000 0.0035 0.0000 0.0000	</row0>
			<row1>	-0.0035 0.9997 -0.0251 0.0000	</row1>
			<row2>	0.0000 0.0251 0.9997 0.0000	</row2>
			<row3>	-0.7781 0.5906 -0.9123 1.0000	</row3>
		</transform>
	</node>
	<node>
		<identifier>	EP_FloodLight_left_2	</identifier>
		<parent>	Scene Root	</parent>
		<transform>
			<row0>	-0.7553 0.0000 0.6553 0.0000	</row0>
			<row1>	0.0000 1.0000 0.0000 0.0000	</row1>
			<row2>	-0.6553 0.0000 -0.7553 0.0000	</row2>
			<row3>	-0.6677 0.4958 0.2669 1.0000	</row3>
		</transform>
	</node>
	<node>
		<identifier>	EP_FloodLight_right_2	</identifier>
		<parent>	Scene Root	</parent>
		<transform>
			<row0>	0.7309 0.0000 0.6825 0.0000	</row0>
			<row1>	0.0000 1.0000 0.0000 0.0000	</row1>
			<row2>	-0.6825 0.0000 0.7309 0.0000	</row2>
			<row3>	0.6677 0.4958 0.2669 1.0000	</row3>
		</transform>
	</node>
	<node>
		<identifier>	EP_Flood_steam_1	</identifier>
		<parent>	Scene Root	</parent>
		<transform>
			<row0>	0.8581 0.5135 0.0000 0.0000	</row0>
			<row1>	-0.5135 0.8581 0.0000 0.0000	</row1>
			<row2>	0.0000 0.0000 1.0000 0.0000	</row2>
			<row3>	-0.1153 1.4903 -1.8110 1.0000	</row3>
		</transform>
	</node>
	<node>
		<identifier>	EP_Flood_steam_2	</identifier>
		<parent>	Scene Root	</parent>
		<transform>
			<row0>	0.8581 -0.5135 0.0000 0.0000	</row0>
			<row1>	0.5135 0.8581 0.0000 0.0000	</row1>
			<row2>	0.0000 0.0000 1.0000 0.0000	</row2>
			<row3>	0.0920 1.4913 -1.8299 1.0000	</row3>
		</transform>
	</node>
	<node>
		<identifier>	EP_Flood_steam_exhausted_1	</identifier>
		<parent>	Scene Root	</parent>
		<transform>
			<row0>	0.8581 0.5135 0.0000 0.0000	</row0>
			<row1>	-0.5135 0.8581 0.0000 0.0000	</row1>
			<row2>	0.0000 0.0000 1.0000 0.0000	</row2>
			<row3>	-0.0630 1.4913 -1.3693 1.0000	</row3>
		</transform>
	</node>
	<node>
		<identifier>	EP_Flood_steam_exhausted_2	</identifier>
		<parent>	Scene Root	</parent>
		<transform>
			<row0>	0.8581 -0.5135 0.0000 0.0000	</row0>
			<row1>	0.5135 0.8581 0.0000 0.0000	</row1>
			<row2>	0.0000 0.0000 1.0000 0.0000	</row2>
			<row3>	0.0630 1.4913 -1.3693 1.0000	</row3>
		</transform>
	</node>
	<node>
		<identifier>	EP_Flood_steam_left	</identifier>
		<parent>	Scene Root	</parent>
		<transform>
			<row0>	-0.9917 0.0000 0.1283 0.0000	</row0>
			<row1>	0.0000 1.0000 0.0000 0.0000	</row1>
			<row2>	-0.1283 0.0000 -0.9917 0.0000	</row2>
			<row3>	-0.7515 0.2767 2.4336 1.0000	</row3>
		</transform>
	</node>
	<node>
		<identifier>	EP_RepairLight_left_1	</identifier>
		<parent>	Scene Root	</parent>
		<transform>
			<row0>	0.0782 0.0000 0.9969 0.0000	</row0>
			<row1>	-0.0275 0.9996 0.0022 0.0000	</row1>
			<row2>	-0.9966 -0.0275 0.0782 0.0000	</row2>
			<row3>	-0.8205 0.3816 1.6941 1.0000	</row3>
		</transform>
	</node>
	<node>
		<identifier>	EP_RepairLight_right_1	</identifier>
		<parent>	Scene Root	</parent>
		<transform>
			<row0>	0.0411 0.0000 -0.9992 0.0000	</row0>
			<row1>	0.0049 1.0000 0.0002 0.0000	</row1>
			<row2>	0.9991 -0.0049 0.0411 0.0000	</row2>
			<row3>	0.8895 0.3812 0.5156 1.0000	</row3>
		</transform>
	</node>
	<node>
		<identifier>	EP_Smoke_1	</identifier>
		<parent>	Scene Root	</parent>
		<transform>
			<row0>	1.0000 0.0000 0.0000 0.0000	</row0>
			<row1>	0.0000 0.9825 -0.1862 0.0000	</row1>
			<row2>	0.0000 0.1862 0.9825 0.0000	</row2>
			<row3>	0.0000 1.4940 -1.6586 1.0000	</row3>
		</transform>
	</node>
</FSC028_Brest_1944_MidFront_ep.skel_ext>
