<GSD303_ZH_1_1942_MidBack_ep.skel_ext>
	<exported>	false	</exported>
	<node>
		<identifier>	EP_Flood_steam_2	</identifier>
		<parent>	Scene Root	</parent>
		<transform>
			<row0>	1.0000 0.0000 0.0000 0.0000	</row0>
			<row1>	0.0000 0.9521 -0.3059 0.0000	</row1>
			<row2>	0.0000 0.3059 0.9521 0.0000	</row2>
			<row3>	-0.0075 0.6711 -0.4175 1.0000	</row3>
		</transform>
	</node>
	<node>
		<identifier>	EP_Flood_steam_exhaust_2	</identifier>
		<parent>	Scene Root	</parent>
		<transform>
			<row0>	1.0000 0.0000 0.0000 0.0000	</row0>
			<row1>	0.0000 0.9870 0.1608 0.0000	</row1>
			<row2>	0.0000 -0.1608 0.9870 0.0000	</row2>
			<row3>	-0.0040 0.6736 -0.3617 1.0000	</row3>
		</transform>
	</node>
	<node>
		<identifier>	EP_Smoke_2	</identifier>
		<parent>	Scene Root	</parent>
		<transform>
			<row0>	1.0000 0.0000 0.0000 0.0000	</row0>
			<row1>	0.0000 0.9961 -0.0880 0.0000	</row1>
			<row2>	0.0000 0.0880 0.9961 0.0000	</row2>
			<row3>	0.0000 0.6788 -0.3513 1.0000	</row3>
		</transform>
	</node>
</GSD303_ZH_1_1942_MidBack_ep.skel_ext>
