<HSC302_Jaarsveld_1946_Stern_ports.visual>
	<skeleton>
		<node>
			<identifier>	Scene Root	</identifier>
			<transform>
				<row0>	1.0000 0.0000 0.0000 0.0000	</row0>
				<row1>	0.0000 1.0000 0.0000 0.0000	</row1>
				<row2>	0.0000 0.0000 1.0000 0.0000	</row2>
				<row3>	0.0000 0.0000 0.0000 1.0000	</row3>
			</transform>
			<node>
				<identifier>	Stern_ports	</identifier>
				<transform>
					<row0>	1.0000 0.0000 0.0000 0.0000	</row0>
					<row1>	0.0000 1.0000 0.0000 0.0000	</row1>
					<row2>	0.0000 0.0000 1.0000 0.0000	</row2>
					<row3>	0.0000 0.0000 0.0000 1.0000	</row3>
				</transform>
				<node>
					<identifier>	HP_FX_Fire_4	</identifier>
					<transform>
						<row0>	1.0000 0.0000 0.0000 0.0000	</row0>
						<row1>	0.0000 1.0000 0.0000 0.0000	</row1>
						<row2>	0.0000 0.0000 1.0000 0.0000	</row2>
						<row3>	0.0000 0.2844 -4.9345 1.0000	</row3>
					</transform>
				</node>
				<node>
					<identifier>	HP_FX_WakeTraceBack	</identifier>
					<transform>
						<row0>	1.0000 0.0000 0.0000 0.0000	</row0>
						<row1>	0.0000 1.0000 0.0000 0.0000	</row1>
						<row2>	0.0000 0.0000 1.0000 0.0000	</row2>
						<row3>	0.0000 0.0000 -5.9922 1.0000	</row3>
					</transform>
				</node>
				<node>
					<identifier>	HP_FX_WakeTrace_screw_1	</identifier>
					<transform>
						<row0>	1.0000 0.0000 0.0000 0.0000	</row0>
						<row1>	0.0000 1.0000 0.0000 0.0000	</row1>
						<row2>	0.0000 0.0000 1.0000 0.0000	</row2>
						<row3>	-0.3321 -0.3191 -4.5141 1.0000	</row3>
					</transform>
				</node>
				<node>
					<identifier>	HP_FX_WakeTrace_screw_2	</identifier>
					<transform>
						<row0>	1.0000 0.0000 0.0000 0.0000	</row0>
						<row1>	0.0000 1.0000 0.0000 0.0000	</row1>
						<row2>	0.0000 0.0000 1.0000 0.0000	</row2>
						<row3>	-0.0019 -0.3148 -4.9934 1.0000	</row3>
					</transform>
				</node>
				<node>
					<identifier>	HP_FX_WakeTrace_screw_3	</identifier>
					<transform>
						<row0>	1.0000 0.0000 0.0000 0.0000	</row0>
						<row1>	0.0000 1.0000 0.0000 0.0000	</row1>
						<row2>	0.0000 0.0000 1.0000 0.0000	</row2>
						<row3>	0.3331 -0.3148 -4.5140 1.0000	</row3>
					</transform>
				</node>
				<node>
					<identifier>	HP_HGB_1	</identifier>
					<transform>
						<row0>	-0.1392 0.0000 0.9903 0.0000	</row0>
						<row1>	0.0000 1.0000 0.0000 0.0000	</row1>
						<row2>	-0.9903 0.0000 -0.1392 0.0000	</row2>
						<row3>	-0.2028 0.2346 -4.7641 1.0000	</row3>
					</transform>
				</node>
				<node>
					<identifier>	HP_HGB_2	</identifier>
					<transform>
						<row0>	-0.1392 0.0000 -0.9903 0.0000	</row0>
						<row1>	0.0000 1.0000 0.0000 0.0000	</row1>
						<row2>	0.9903 0.0000 -0.1392 0.0000	</row2>
						<row3>	0.2028 0.2346 -4.7641 1.0000	</row3>
					</transform>
				</node>
				<node>
					<identifier>	HP_HGB_3	</identifier>
					<transform>
						<row0>	-0.1392 0.0000 0.9903 0.0000	</row0>
						<row1>	0.0000 1.0000 0.0000 0.0000	</row1>
						<row2>	-0.9903 0.0000 -0.1392 0.0000	</row2>
						<row3>	-0.1858 0.2346 -4.8849 1.0000	</row3>
					</transform>
				</node>
				<node>
					<identifier>	HP_HGB_4	</identifier>
					<transform>
						<row0>	-0.1392 0.0000 -0.9903 0.0000	</row0>
						<row1>	0.0000 1.0000 0.0000 0.0000	</row1>
						<row2>	0.9903 0.0000 -0.1392 0.0000	</row2>
						<row3>	0.1858 0.2346 -4.8849 1.0000	</row3>
					</transform>
				</node>
				<node>
					<identifier>	HP_HGM_5	</identifier>
					<transform>
						<row0>	-1.0000 0.0000 0.0000 0.0000	</row0>
						<row1>	0.0000 1.0000 0.0000 0.0000	</row1>
						<row2>	0.0000 0.0000 -1.0000 0.0000	</row2>
						<row3>	0.0000 0.2775 -3.8340 1.0000	</row3>
					</transform>
				</node>
				<node>
					<identifier>	HP_Ship_death_3	</identifier>
					<transform>
						<row0>	1.0000 0.0000 0.0000 0.0000	</row0>
						<row1>	0.0000 1.0000 0.0000 0.0000	</row1>
						<row2>	0.0000 0.0000 1.0000 0.0000	</row2>
						<row3>	0.0000 0.0000 -3.6463 1.0000	</row3>
					</transform>
				</node>
				<node>
					<identifier>	MP_CM011_Fire_Fighting_Gear	</identifier>
					<transform>
						<row0>	1.0000 0.0000 0.0000 0.0000	</row0>
						<row1>	0.0000 1.0000 0.0000 0.0000	</row1>
						<row2>	0.0000 0.0000 1.0000 0.0000	</row2>
						<row3>	-0.0415 0.2412 -4.9379 1.0000	</row3>
					</transform>
				</node>
				<node>
					<identifier>	MP_CM094_Propeller3_L	</identifier>
					<transform>
						<row0>	1.0000 0.0000 0.0000 0.0000	</row0>
						<row1>	0.0000 1.0000 0.0000 0.0000	</row1>
						<row2>	0.0000 0.0000 1.0000 0.0000	</row2>
						<row3>	0.0000 -0.3191 -4.9537 1.0000	</row3>
					</transform>
				</node>
				<node>
					<identifier>	MP_CM094_Propeller3_L_INDEX_1	</identifier>
					<transform>
						<row0>	1.0493 -0.0291 -0.0241 0.0000	</row0>
						<row1>	0.0285 1.0493 -0.0259 0.0000	</row1>
						<row2>	0.0248 0.0253 1.0494 0.0000	</row2>
						<row3>	-0.3331 -0.3161 -4.4695 1.0000	</row3>
					</transform>
				</node>
				<node>
					<identifier>	MP_CM095_Propeller3_R	</identifier>
					<transform>
						<row0>	1.0493 0.0291 0.0241 0.0000	</row0>
						<row1>	-0.0285 1.0493 -0.0259 0.0000	</row1>
						<row2>	-0.0248 0.0253 1.0494 0.0000	</row2>
						<row3>	0.3331 -0.3161 -4.4695 1.0000	</row3>
					</transform>
				</node>
				<node>
					<identifier>	MP_HM007_Lifebuoy	</identifier>
					<transform>
						<row0>	-1.0000 0.0000 0.0000 0.0000	</row0>
						<row1>	0.0000 1.0000 0.0000 0.0000	</row1>
						<row2>	0.0000 0.0000 -1.0000 0.0000	</row2>
						<row3>	-0.0014 0.3036 -4.9250 1.0000	</row3>
					</transform>
				</node>
				<node>
					<identifier>	MP_HM5036_Depth_Charge_Stowage	</identifier>
					<transform>
						<row0>	-0.1392 0.0000 0.9903 0.0000	</row0>
						<row1>	0.0000 1.0000 0.0000 0.0000	</row1>
						<row2>	-0.9903 0.0000 -0.1392 0.0000	</row2>
						<row3>	-0.2408 0.2346 -4.9545 1.0000	</row3>
					</transform>
				</node>
				<node>
					<identifier>	MP_HM5036_Depth_Charge_Stowage_INDEX_1	</identifier>
					<transform>
						<row0>	-0.1392 0.0000 -0.9903 0.0000	</row0>
						<row1>	0.0000 1.0000 0.0000 0.0000	</row1>
						<row2>	0.9903 0.0000 -0.1392 0.0000	</row2>
						<row3>	0.2408 0.2346 -4.9545 1.0000	</row3>
					</transform>
				</node>
				<node>
					<identifier>	MP_HM5036_Depth_Charge_Stowage_INDEX_2	</identifier>
					<transform>
						<row0>	0.1392 0.0000 0.9903 0.0000	</row0>
						<row1>	0.0000 1.0000 0.0000 0.0000	</row1>
						<row2>	-0.9903 0.0000 0.1392 0.0000	</row2>
						<row3>	0.2005 0.2346 -4.8250 1.0000	</row3>
					</transform>
				</node>
				<node>
					<identifier>	MP_HM5036_Depth_Charge_Stowage_INDEX_3	</identifier>
					<transform>
						<row0>	0.1392 0.0000 0.9903 0.0000	</row0>
						<row1>	0.0000 1.0000 0.0000 0.0000	</row1>
						<row2>	-0.9903 0.0000 0.1392 0.0000	</row2>
						<row3>	0.2174 0.2346 -4.7049 1.0000	</row3>
					</transform>
				</node>
				<node>
					<identifier>	MP_HM5036_Depth_Charge_Stowage_INDEX_4	</identifier>
					<transform>
						<row0>	0.1392 0.0000 -0.9903 0.0000	</row0>
						<row1>	0.0000 1.0000 0.0000 0.0000	</row1>
						<row2>	0.9903 0.0000 0.1392 0.0000	</row2>
						<row3>	-0.2005 0.2346 -4.8250 1.0000	</row3>
					</transform>
				</node>
				<node>
					<identifier>	MP_HM5036_Depth_Charge_Stowage_INDEX_5	</identifier>
					<transform>
						<row0>	-0.1392 0.0000 -0.9903 0.0000	</row0>
						<row1>	0.0000 1.0000 0.0000 0.0000	</row1>
						<row2>	0.9903 0.0000 -0.1392 0.0000	</row2>
						<row3>	0.2578 0.2346 -4.8330 1.0000	</row3>
					</transform>
				</node>
				<node>
					<identifier>	MP_HM5036_Depth_Charge_Stowage_INDEX_6	</identifier>
					<transform>
						<row0>	-0.1392 0.0000 0.9903 0.0000	</row0>
						<row1>	0.0000 1.0000 0.0000 0.0000	</row1>
						<row2>	-0.9903 0.0000 -0.1392 0.0000	</row2>
						<row3>	-0.2578 0.2346 -4.8330 1.0000	</row3>
					</transform>
				</node>
				<node>
					<identifier>	MP_HM5036_Depth_Charge_Stowage_INDEX_7	</identifier>
					<transform>
						<row0>	-0.1392 0.0000 -0.9903 0.0000	</row0>
						<row1>	0.0000 1.0000 0.0000 0.0000	</row1>
						<row2>	0.9903 0.0000 -0.1392 0.0000	</row2>
						<row3>	0.2747 0.2346 -4.7129 1.0000	</row3>
					</transform>
				</node>
				<node>
					<identifier>	MP_HM5036_Depth_Charge_Stowage_INDEX_8	</identifier>
					<transform>
						<row0>	-0.1392 0.0000 0.9903 0.0000	</row0>
						<row1>	0.0000 1.0000 0.0000 0.0000	</row1>
						<row2>	-0.9903 0.0000 -0.1392 0.0000	</row2>
						<row3>	-0.2747 0.2346 -4.7129 1.0000	</row3>
					</transform>
				</node>
				<node>
					<identifier>	MP_HM5036_Depth_Charge_Stowage_INDEX_9	</identifier>
					<transform>
						<row0>	0.1392 0.0000 -0.9903 0.0000	</row0>
						<row1>	0.0000 1.0000 0.0000 0.0000	</row1>
						<row2>	0.9903 0.0000 0.1392 0.0000	</row2>
						<row3>	-0.2174 0.2346 -4.7049 1.0000	</row3>
					</transform>
				</node>
				<node>
					<identifier>	MP_HM5043_Firelead	</identifier>
					<transform>
						<row0>	0.5914 -0.0016 0.1013 0.0000	</row0>
						<row1>	0.0006 0.6000 0.0055 0.0000	</row1>
						<row2>	-0.1013 -0.0054 0.5914 0.0000	</row2>
						<row3>	-0.1857 0.2363 -5.3906 1.0000	</row3>
					</transform>
				</node>
				<node>
					<identifier>	MP_HM5043_Firelead_INDEX_1	</identifier>
					<transform>
						<row0>	0.5959 0.0013 -0.0701 0.0000	</row0>
						<row1>	-0.0004 0.6000 0.0074 0.0000	</row1>
						<row2>	0.0701 -0.0073 0.5958 0.0000	</row2>
						<row3>	0.3199 0.2277 -4.4665 1.0000	</row3>
					</transform>
				</node>
				<node>
					<identifier>	MP_HM5043_Firelead_INDEX_2	</identifier>
					<transform>
						<row0>	0.5914 0.0016 -0.1013 0.0000	</row0>
						<row1>	-0.0006 0.6000 0.0055 0.0000	</row1>
						<row2>	0.1013 -0.0054 0.5914 0.0000	</row2>
						<row3>	0.1857 0.2363 -5.3906 1.0000	</row3>
					</transform>
				</node>
				<node>
					<identifier>	MP_HM5043_Firelead_INDEX_3	</identifier>
					<transform>
						<row0>	0.5979 0.0005 -0.0503 0.0000	</row0>
						<row1>	0.0000 0.6000 0.0054 0.0000	</row1>
						<row2>	0.0503 -0.0054 0.5979 0.0000	</row2>
						<row3>	0.3933 0.2224 -3.7073 1.0000	</row3>
					</transform>
				</node>
				<node>
					<identifier>	MP_HM5043_Firelead_INDEX_4	</identifier>
					<transform>
						<row0>	0.5959 -0.0013 0.0701 0.0000	</row0>
						<row1>	0.0004 0.6000 0.0074 0.0000	</row1>
						<row2>	-0.0701 -0.0073 0.5958 0.0000	</row2>
						<row3>	-0.3199 0.2277 -4.4665 1.0000	</row3>
					</transform>
				</node>
				<node>
					<identifier>	MP_HM5043_Firelead_INDEX_5	</identifier>
					<transform>
						<row0>	0.5979 -0.0005 0.0503 0.0000	</row0>
						<row1>	0.0000 0.6000 0.0054 0.0000	</row1>
						<row2>	-0.0503 -0.0054 0.5979 0.0000	</row2>
						<row3>	-0.3933 0.2224 -3.7073 1.0000	</row3>
					</transform>
				</node>
				<node>
					<identifier>	MP_HM5044_Mastheadlight	</identifier>
					<transform>
						<row0>	-0.7000 0.0000 0.0000 0.0000	</row0>
						<row1>	0.0000 0.7000 0.0000 0.0000	</row1>
						<row2>	0.0000 0.0000 -0.7000 0.0000	</row2>
						<row3>	0.0000 0.3530 -6.1089 1.0000	</row3>
					</transform>
				</node>
				<node>
					<identifier>	MP_HM5047_Sleeve	</identifier>
					<transform>
						<row0>	0.0000 0.0000 1.0000 0.0000	</row0>
						<row1>	0.0000 1.0000 0.0000 0.0000	</row1>
						<row2>	-1.0000 0.0000 0.0000 0.0000	</row2>
						<row3>	-0.0310 0.2722 -4.9957 1.0000	</row3>
					</transform>
				</node>
				<node>
					<identifier>	SP_YMS011_YHWL_M_1_INDEX_13	</identifier>
					<transform>
						<row0>	0.6844 0.1679 0.0865 0.0000	</row0>
						<row1>	-0.1664 0.6899 -0.0219 0.0000	</row1>
						<row2>	-0.0892 0.0008 0.7044 0.0000	</row2>
						<row3>	-0.3829 -0.0100 -4.1205 1.0000	</row3>
					</transform>
				</node>
				<node>
					<identifier>	SP_YMS011_YHWL_M_1_INDEX_15	</identifier>
					<transform>
						<row0>	0.6572 0.2505 0.0975 0.0000	</row0>
						<row1>	-0.2477 0.6643 -0.0376 0.0000	</row1>
						<row2>	-0.1045 0.0008 0.7023 0.0000	</row2>
						<row3>	-0.2961 -0.0110 -4.7173 1.0000	</row3>
					</transform>
				</node>
				<node>
					<identifier>	SP_YMS012_YHWR_M_1_INDEX_4	</identifier>
					<transform>
						<row0>	0.6572 -0.2505 -0.0975 0.0000	</row0>
						<row1>	0.2477 0.6643 -0.0376 0.0000	</row1>
						<row2>	0.1045 0.0008 0.7023 0.0000	</row2>
						<row3>	0.2961 -0.0110 -4.7173 1.0000	</row3>
					</transform>
				</node>
				<node>
					<identifier>	SP_YMS012_YHWR_M_1_INDEX_9	</identifier>
					<transform>
						<row0>	0.6844 -0.1679 -0.0865 0.0000	</row0>
						<row1>	0.1664 0.6899 -0.0219 0.0000	</row1>
						<row2>	0.0892 0.0008 0.7044 0.0000	</row2>
						<row3>	0.3829 -0.0100 -4.1205 1.0000	</row3>
					</transform>
				</node>
				<node>
					<identifier>	SP_YMS023_YHUC_L_1	</identifier>
					<transform>
						<row0>	0.9997 -0.0003 -0.0236 0.0000	</row0>
						<row1>	-0.0003 0.9997 -0.0241 0.0000	</row1>
						<row2>	0.0236 0.0241 0.9994 0.0000	</row2>
						<row3>	-0.3351 -0.3163 -4.4767 1.0000	</row3>
					</transform>
				</node>
				<node>
					<identifier>	SP_YMS023_YHUC_L_1_INDEX_1	</identifier>
					<transform>
						<row0>	0.9323 0.0000 0.0000 0.0000	</row0>
						<row1>	0.0000 0.9323 0.0000 0.0000	</row1>
						<row2>	0.0000 0.0000 0.9323 0.0000	</row2>
						<row3>	0.0000 -0.3190 -4.9537 1.0000	</row3>
					</transform>
				</node>
				<node>
					<identifier>	SP_YMS023_YHUC_L_1_INDEX_2	</identifier>
					<transform>
						<row0>	0.9997 0.0003 0.0236 0.0000	</row0>
						<row1>	0.0003 0.9997 -0.0241 0.0000	</row1>
						<row2>	-0.0236 0.0241 0.9994 0.0000	</row2>
						<row3>	0.3329 -0.3147 -4.4777 1.0000	</row3>
					</transform>
				</node>
				<node>
					<identifier>	SP_YMS030_YHAM_M_1	</identifier>
					<transform>
						<row0>	0.5058 0.0000 0.0000 0.0000	</row0>
						<row1>	0.0000 0.5044 0.0000 0.0000	</row1>
						<row2>	0.0000 0.0000 0.5058 0.0000	</row2>
						<row3>	0.0000 0.2093 -6.1220 1.0000	</row3>
					</transform>
				</node>
				<node>
					<identifier>	SP_YMS031_YHAL_M_1	</identifier>
					<transform>
						<row0>	0.6562 0.0000 0.0000 0.0000	</row0>
						<row1>	0.0000 0.6562 0.0000 0.0000	</row1>
						<row2>	0.0000 0.0000 0.6562 0.0000	</row2>
						<row3>	-0.1894 0.1459 -5.6716 1.0000	</row3>
					</transform>
				</node>
				<node>
					<identifier>	SP_YMS032_YHAR_M_1	</identifier>
					<transform>
						<row0>	0.6562 0.0000 0.0000 0.0000	</row0>
						<row1>	0.0000 0.6562 0.0000 0.0000	</row1>
						<row2>	0.0000 0.0000 0.6562 0.0000	</row2>
						<row3>	0.1894 0.1459 -5.6716 1.0000	</row3>
					</transform>
				</node>
				<node>
					<identifier>	SP_YMS044_YHTC_L_1	</identifier>
					<transform>
						<row0>	0.4300 0.0000 0.0000 0.0000	</row0>
						<row1>	0.0000 0.4300 0.0000 0.0000	</row1>
						<row2>	0.0000 0.0000 0.4300 0.0000	</row2>
						<row3>	0.0000 0.2775 -3.8340 1.0000	</row3>
					</transform>
				</node>
				<node>
					<identifier>	SP_YMS051_YHDL_L_1	</identifier>
					<transform>
						<row0>	0.9941 0.0000 0.1086 0.0000	</row0>
						<row1>	0.0000 1.0000 0.0000 0.0000	</row1>
						<row2>	-0.1086 0.0000 0.9941 0.0000	</row2>
						<row3>	-0.4386 0.2256 -3.8455 1.0000	</row3>
					</transform>
				</node>
				<node>
					<identifier>	SP_YMS052_YHDR_L_1	</identifier>
					<transform>
						<row0>	0.9941 0.0000 -0.1086 0.0000	</row0>
						<row1>	0.0000 1.0000 0.0000 0.0000	</row1>
						<row2>	0.1086 0.0000 0.9941 0.0000	</row2>
						<row3>	0.4386 0.2256 -3.8455 1.0000	</row3>
					</transform>
				</node>
				<node>
					<identifier>	SP_YMS080_YHSL_M_1_INDEX_1	</identifier>
					<transform>
						<row0>	0.6205 0.1068 0.1189 0.0000	</row0>
						<row1>	-0.0863 0.6251 -0.1109 0.0000	</row1>
						<row2>	-0.1345 0.0914 0.6197 0.0000	</row2>
						<row3>	-0.2710 0.1450 -4.9887 1.0000	</row3>
					</transform>
				</node>
				<node>
					<identifier>	SP_YMS081_YHSR_M_1	</identifier>
					<transform>
						<row0>	0.6205 -0.1068 -0.1189 0.0000	</row0>
						<row1>	0.0863 0.6251 -0.1109 0.0000	</row1>
						<row2>	0.1345 0.0914 0.6197 0.0000	</row2>
						<row3>	0.2710 0.1450 -4.9887 1.0000	</row3>
					</transform>
				</node>
			</node>
		</node>
	</skeleton>
	<properties>
		<underwaterModel>	false	</underwaterModel>
		<abovewaterModel>	true	</abovewaterModel>
	</properties>
	<boundingBox>
		<min>	-0.0667 -0.0667 -0.0667	</min>
		<max>	0.0667 0.0667 0.0667	</max>
	</boundingBox>
	<renderSets />
	<lods>
		<lod>
			<extent>	200.0000	</extent>
			<castsShadow>	true	</castsShadow>
			<renderSets />
		</lod>
	</lods>
</HSC302_Jaarsveld_1946_Stern_ports.visual>
