<ASB082_West_Virginia_1944_MidBack.skel_ext>
	<exported>	true	</exported>
	<node>
		<identifier>	MP_AM010_Speaker_1	</identifier>
		<parent>	Scene Root	</parent>
		<transform>
			<row0>	0.7935 0.0000 -0.6085 0.0000	</row0>
			<row1>	0.0000 1.0000 0.0000 0.0000	</row1>
			<row2>	0.6085 0.0000 0.7935 0.0000	</row2>
			<row3>	-0.2341 0.5481 -2.8205 1.0000	</row3>
		</transform>
	</node>
	<node>
		<identifier>	MP_AM129_Turtles_box	</identifier>
		<parent>	Scene Root	</parent>
		<transform>
			<row0>	0.0000 0.0000 -1.0000 0.0000	</row0>
			<row1>	0.0000 1.0000 0.0000 0.0000	</row1>
			<row2>	1.0000 0.0000 0.0000 0.0000	</row2>
			<row3>	0.6342 0.3130 -2.2111 1.0000	</row3>
		</transform>
	</node>
	<node>
		<identifier>	MP_AM129_Turtles_box_INDEX_1	</identifier>
		<parent>	Scene Root	</parent>
		<transform>
			<row0>	-0.9762 0.0000 0.2168 0.0000	</row0>
			<row1>	0.0000 1.0000 0.0000 0.0000	</row1>
			<row2>	-0.2168 0.0000 -0.9762 0.0000	</row2>
			<row3>	-0.9452 0.3167 -2.3214 1.0000	</row3>
		</transform>
	</node>
	<node>
		<identifier>	MP_AM129_Turtles_box_INDEX_2	</identifier>
		<parent>	Scene Root	</parent>
		<transform>
			<row0>	0.0000 0.0000 -1.0000 0.0000	</row0>
			<row1>	0.0000 1.0000 0.0000 0.0000	</row1>
			<row2>	1.0000 0.0000 0.0000 0.0000	</row2>
			<row3>	-0.5611 0.3130 -2.1920 1.0000	</row3>
		</transform>
	</node>
	<node>
		<identifier>	MP_AM129_Turtles_box_INDEX_3	</identifier>
		<parent>	Scene Root	</parent>
		<transform>
			<row0>	-0.9762 0.0000 0.2168 0.0000	</row0>
			<row1>	0.0000 1.0000 0.0000 0.0000	</row1>
			<row2>	-0.2168 0.0000 -0.9762 0.0000	</row2>
			<row3>	-0.9189 0.3167 -2.3268 1.0000	</row3>
		</transform>
	</node>
	<node>
		<identifier>	MP_AM219_Bollard	</identifier>
		<parent>	Scene Root	</parent>
		<transform>
			<row0>	-1.3592 0.0000 -0.1942 0.0000	</row0>
			<row1>	0.0000 1.3730 0.0000 0.0000	</row1>
			<row2>	0.1942 0.0000 -1.3592 0.0000	</row2>
			<row3>	-0.9343 0.2832 -3.1553 1.0000	</row3>
		</transform>
	</node>
	<node>
		<identifier>	MP_AM219_Bollard_INDEX_1	</identifier>
		<parent>	Scene Root	</parent>
		<transform>
			<row0>	-1.3592 0.0000 0.1942 0.0000	</row0>
			<row1>	0.0000 1.3730 0.0000 0.0000	</row1>
			<row2>	-0.1942 0.0000 -1.3592 0.0000	</row2>
			<row3>	0.9343 0.2832 -3.1553 1.0000	</row3>
		</transform>
	</node>
	<node>
		<identifier>	MP_AM722_Ammobox_big	</identifier>
		<parent>	Scene Root	</parent>
		<transform>
			<row0>	0.5025 0.0000 0.7466 0.0000	</row0>
			<row1>	0.0000 0.9000 0.0000 0.0000	</row1>
			<row2>	-0.7466 0.0000 0.5025 0.0000	</row2>
			<row3>	-0.5831 0.2900 -2.6875 1.0000	</row3>
		</transform>
	</node>
	<node>
		<identifier>	MP_AM722_Ammobox_big_INDEX_1	</identifier>
		<parent>	Scene Root	</parent>
		<transform>
			<row0>	0.7493 0.0000 -0.4986 0.0000	</row0>
			<row1>	0.0000 0.9000 0.0000 0.0000	</row1>
			<row2>	0.4986 0.0000 0.7493 0.0000	</row2>
			<row3>	-0.5362 0.2900 -2.5590 1.0000	</row3>
		</transform>
	</node>
	<node>
		<identifier>	MP_AM722_Ammobox_big_INDEX_2	</identifier>
		<parent>	Scene Root	</parent>
		<transform>
			<row0>	-0.9000 0.0000 0.0000 0.0000	</row0>
			<row1>	0.0000 0.9000 0.0000 0.0000	</row1>
			<row2>	0.0000 0.0000 -0.9000 0.0000	</row2>
			<row3>	0.5124 0.2900 -2.2469 1.0000	</row3>
		</transform>
	</node>
	<node>
		<identifier>	MP_AM722_Ammobox_big_INDEX_3	</identifier>
		<parent>	Scene Root	</parent>
		<transform>
			<row0>	0.7493 0.0000 -0.4986 0.0000	</row0>
			<row1>	0.0000 0.9000 0.0000 0.0000	</row1>
			<row2>	0.4986 0.0000 0.7493 0.0000	</row2>
			<row3>	-0.8052 0.2900 -2.3844 1.0000	</row3>
		</transform>
	</node>
	<node>
		<identifier>	MP_AM722_Ammobox_big_INDEX_4	</identifier>
		<parent>	Scene Root	</parent>
		<transform>
			<row0>	0.7493 0.0000 -0.4986 0.0000	</row0>
			<row1>	0.0000 0.9000 0.0000 0.0000	</row1>
			<row2>	0.4986 0.0000 0.7493 0.0000	</row2>
			<row3>	-0.5230 0.3607 -2.3346 1.0000	</row3>
		</transform>
	</node>
	<node>
		<identifier>	MP_AM722_Ammobox_big_INDEX_5	</identifier>
		<parent>	Scene Root	</parent>
		<transform>
			<row0>	0.0000 0.0000 0.9000 0.0000	</row0>
			<row1>	0.0000 0.9000 0.0000 0.0000	</row1>
			<row2>	-0.9000 0.0000 0.0000 0.0000	</row2>
			<row3>	0.4812 0.2900 -2.3183 1.0000	</row3>
		</transform>
	</node>
	<node>
		<identifier>	MP_AM722_Ammobox_big_INDEX_6	</identifier>
		<parent>	Scene Root	</parent>
		<transform>
			<row0>	0.7493 0.0000 -0.4986 0.0000	</row0>
			<row1>	0.0000 0.9000 0.0000 0.0000	</row1>
			<row2>	0.4986 0.0000 0.7493 0.0000	</row2>
			<row3>	-0.6671 0.3607 -2.2391 1.0000	</row3>
		</transform>
	</node>
	<node>
		<identifier>	MP_AM725_Ammobox	</identifier>
		<parent>	Scene Root	</parent>
		<transform>
			<row0>	0.7185 0.0000 -0.4853 0.0000	</row0>
			<row1>	0.0000 0.8670 0.0000 0.0000	</row1>
			<row2>	0.4853 0.0000 0.7185 0.0000	</row2>
			<row3>	-0.6139 0.2896 -2.5058 1.0000	</row3>
		</transform>
	</node>
	<node>
		<identifier>	MP_AM725_Ammobox_INDEX_1	</identifier>
		<parent>	Scene Root	</parent>
		<transform>
			<row0>	0.7207 0.0000 -0.4820 0.0000	</row0>
			<row1>	0.0000 0.8670 0.0000 0.0000	</row1>
			<row2>	0.4820 0.0000 0.7207 0.0000	</row2>
			<row3>	-0.7344 0.2896 -2.4299 1.0000	</row3>
		</transform>
	</node>
	<node>
		<identifier>	MP_AM725_Ammobox_INDEX_2	</identifier>
		<parent>	Scene Root	</parent>
		<transform>
			<row0>	0.7207 0.0000 -0.4820 0.0000	</row0>
			<row1>	0.0000 0.8670 0.0000 0.0000	</row1>
			<row2>	0.4820 0.0000 0.7207 0.0000	</row2>
			<row3>	-0.5951 0.3603 -2.2875 1.0000	</row3>
		</transform>
	</node>
	<node>
		<identifier>	MP_AM725_Ammobox_INDEX_3	</identifier>
		<parent>	Scene Root	</parent>
		<transform>
			<row0>	-0.4843 0.0000 -0.7191 0.0000	</row0>
			<row1>	0.0000 0.8670 0.0000 0.0000	</row1>
			<row2>	0.7191 0.0000 -0.4843 0.0000	</row2>
			<row3>	-0.5365 0.2896 -2.6194 1.0000	</row3>
		</transform>
	</node>
	<node>
		<identifier>	MP_CM052_Fender	</identifier>
		<parent>	Scene Root	</parent>
		<transform>
			<row0>	0.0000 0.0000 -1.0000 0.0000	</row0>
			<row1>	0.0000 1.0000 0.0000 0.0000	</row1>
			<row2>	1.0000 0.0000 0.0000 0.0000	</row2>
			<row3>	0.3690 0.2909 -2.5279 1.0000	</row3>
		</transform>
	</node>
	<node>
		<identifier>	MP_CM052_Fender_INDEX_1	</identifier>
		<parent>	Scene Root	</parent>
		<transform>
			<row0>	0.4025 0.0000 -0.9154 0.0000	</row0>
			<row1>	0.0000 1.0000 0.0000 0.0000	</row1>
			<row2>	0.9154 0.0000 0.4025 0.0000	</row2>
			<row3>	0.3451 0.2909 -2.4231 1.0000	</row3>
		</transform>
	</node>
	<node>
		<identifier>	MP_CM052_Fender_INDEX_2	</identifier>
		<parent>	Scene Root	</parent>
		<transform>
			<row0>	0.4025 0.0000 0.9154 0.0000	</row0>
			<row1>	0.0000 1.0000 0.0000 0.0000	</row1>
			<row2>	-0.9154 0.0000 0.4025 0.0000	</row2>
			<row3>	-0.3451 0.2909 -2.4231 1.0000	</row3>
		</transform>
	</node>
	<node>
		<identifier>	MP_CM052_Fender_INDEX_3	</identifier>
		<parent>	Scene Root	</parent>
		<transform>
			<row0>	0.0000 0.0000 1.0000 0.0000	</row0>
			<row1>	0.0000 1.0000 0.0000 0.0000	</row1>
			<row2>	-1.0000 0.0000 0.0000 0.0000	</row2>
			<row3>	-0.3703 0.2909 -2.5416 1.0000	</row3>
		</transform>
	</node>
	<node>
		<identifier>	MP_CM059_Ladder_Cruiser	</identifier>
		<parent>	Scene Root	</parent>
		<transform>
			<row0>	0.9783 0.0000 -0.2072 0.0000	</row0>
			<row1>	-0.0002 1.0000 -0.0008 0.0000	</row1>
			<row2>	0.2072 0.0008 0.9783 0.0000	</row2>
			<row3>	0.7251 0.2909 -3.6034 1.0000	</row3>
		</transform>
	</node>
	<node>
		<identifier>	MP_CM104_Life_Buoy	</identifier>
		<parent>	Scene Root	</parent>
		<transform>
			<row0>	0.2343 0.0000 -0.9722 0.0000	</row0>
			<row1>	0.0000 1.0000 0.0000 0.0000	</row1>
			<row2>	0.9722 0.0000 0.2343 0.0000	</row2>
			<row3>	-0.8444 0.3403 -3.7999 1.0000	</row3>
		</transform>
	</node>
	<node>
		<identifier>	MP_CM104_Life_Buoy_INDEX_1	</identifier>
		<parent>	Scene Root	</parent>
		<transform>
			<row0>	0.2343 0.0000 0.9722 0.0000	</row0>
			<row1>	0.0000 1.0000 0.0000 0.0000	</row1>
			<row2>	-0.9722 0.0000 0.2343 0.0000	</row2>
			<row3>	0.8446 0.3403 -3.7996 1.0000	</row3>
		</transform>
	</node>
	<node>
		<identifier>	MP_CM104_Life_Buoy_INDEX_2	</identifier>
		<parent>	Scene Root	</parent>
		<transform>
			<row0>	0.1633 0.0000 -0.9866 0.0000	</row0>
			<row1>	0.0000 1.0000 0.0000 0.0000	</row1>
			<row2>	0.9866 0.0000 0.1633 0.0000	</row2>
			<row3>	-1.0062 0.3397 -3.0234 1.0000	</row3>
		</transform>
	</node>
	<node>
		<identifier>	MP_CM104_Life_Buoy_INDEX_3	</identifier>
		<parent>	Scene Root	</parent>
		<transform>
			<row0>	0.1633 0.0000 0.9866 0.0000	</row0>
			<row1>	0.0000 1.0000 0.0000 0.0000	</row1>
			<row2>	-0.9866 0.0000 0.1633 0.0000	</row2>
			<row3>	1.0062 0.3397 -3.0234 1.0000	</row3>
		</transform>
	</node>
</ASB082_West_Virginia_1944_MidBack.skel_ext>
