<GSC306_Knesebeck_1940_MidFront.skel_ext>
	<exported>	true	</exported>
	<node>
		<identifier>	MP_CM011_Fire_Fighting_Gear	</identifier>
		<parent>	Scene Root	</parent>
		<transform>
			<row0>	-1.0000 0.0000 0.0000 0.0000	</row0>
			<row1>	0.0000 1.0000 0.0000 0.0000	</row1>
			<row2>	0.0000 0.0000 -1.0000 0.0000	</row2>
			<row3>	0.2542 0.3324 2.8099 1.0000	</row3>
		</transform>
	</node>
	<node>
		<identifier>	MP_CM011_Fire_Fighting_Gear_INDEX_1	</identifier>
		<parent>	Scene Root	</parent>
		<transform>
			<row0>	-0.9171 0.0000 -0.3987 0.0000	</row0>
			<row1>	0.0000 1.0000 0.0000 0.0000	</row1>
			<row2>	0.3987 0.0000 -0.9171 0.0000	</row2>
			<row3>	-0.1589 0.3570 4.0454 1.0000	</row3>
		</transform>
	</node>
	<node>
		<identifier>	MP_CM011_Fire_Fighting_Gear_INDEX_2	</identifier>
		<parent>	Scene Root	</parent>
		<transform>
			<row0>	1.0000 0.0000 0.0000 0.0000	</row0>
			<row1>	0.0000 1.0000 0.0000 0.0000	</row1>
			<row2>	0.0000 0.0000 1.0000 0.0000	</row2>
			<row3>	0.0000 0.6648 0.9262 1.0000	</row3>
		</transform>
	</node>
	<node>
		<identifier>	MP_CM011_Fire_Fighting_Gear_INDEX_3	</identifier>
		<parent>	Scene Root	</parent>
		<transform>
			<row0>	-1.0000 0.0000 0.0000 0.0000	</row0>
			<row1>	0.0000 1.0000 0.0000 0.0000	</row1>
			<row2>	0.0000 0.0000 -1.0000 0.0000	</row2>
			<row3>	0.1431 0.4672 2.2776 1.0000	</row3>
		</transform>
	</node>
	<node>
		<identifier>	MP_CM011_Fire_Fighting_Gear_INDEX_4	</identifier>
		<parent>	Scene Root	</parent>
		<transform>
			<row0>	-1.0000 0.0000 0.0000 0.0000	</row0>
			<row1>	0.0000 1.0000 0.0000 0.0000	</row1>
			<row2>	0.0000 0.0000 -1.0000 0.0000	</row2>
			<row3>	-0.2542 0.3324 2.8099 1.0000	</row3>
		</transform>
	</node>
	<node>
		<identifier>	MP_CM011_Fire_Fighting_Gear_INDEX_5	</identifier>
		<parent>	Scene Root	</parent>
		<transform>
			<row0>	-1.0000 0.0000 0.0000 0.0000	</row0>
			<row1>	0.0000 1.0000 0.0000 0.0000	</row1>
			<row2>	0.0000 0.0000 -1.0000 0.0000	</row2>
			<row3>	-0.1431 0.4672 2.2776 1.0000	</row3>
		</transform>
	</node>
	<node>
		<identifier>	MP_CM011_Fire_Fighting_Gear_INDEX_6	</identifier>
		<parent>	Scene Root	</parent>
		<transform>
			<row0>	-1.0000 0.0000 0.0000 0.0000	</row0>
			<row1>	0.0000 1.0000 0.0000 0.0000	</row1>
			<row2>	0.0000 0.0000 -1.0000 0.0000	</row2>
			<row3>	0.0000 0.8233 1.4270 1.0000	</row3>
		</transform>
	</node>
	<node>
		<identifier>	MP_CM011_Fire_Fighting_Gear_INDEX_7	</identifier>
		<parent>	Scene Root	</parent>
		<transform>
			<row0>	0.9119 0.0000 -0.4105 0.0000	</row0>
			<row1>	0.0000 1.0000 0.0000 0.0000	</row1>
			<row2>	0.4105 0.0000 0.9119 0.0000	</row2>
			<row3>	0.1338 0.3726 4.7809 1.0000	</row3>
		</transform>
	</node>
	<node>
		<identifier>	MP_CM011_Fire_Fighting_Gear_INDEX_8	</identifier>
		<parent>	Scene Root	</parent>
		<transform>
			<row0>	0.9119 0.0000 0.4105 0.0000	</row0>
			<row1>	0.0000 1.0000 0.0000 0.0000	</row1>
			<row2>	-0.4105 0.0000 0.9119 0.0000	</row2>
			<row3>	-0.1338 0.3726 4.7809 1.0000	</row3>
		</transform>
	</node>
	<node>
		<identifier>	MP_CM011_Fire_Fighting_Gear_INDEX_9	</identifier>
		<parent>	Scene Root	</parent>
		<transform>
			<row0>	-0.9171 0.0000 0.3987 0.0000	</row0>
			<row1>	0.0000 1.0000 0.0000 0.0000	</row1>
			<row2>	-0.3987 0.0000 -0.9171 0.0000	</row2>
			<row3>	0.1589 0.3570 4.0454 1.0000	</row3>
		</transform>
	</node>
	<node>
		<identifier>	MP_CM013_Fire_Hose_Rack_2	</identifier>
		<parent>	Scene Root	</parent>
		<transform>
			<row0>	0.0000 0.0000 -1.0000 0.0000	</row0>
			<row1>	0.0000 1.0000 0.0000 0.0000	</row1>
			<row2>	1.0000 0.0000 0.0000 0.0000	</row2>
			<row3>	0.1158 0.5240 2.2680 1.0000	</row3>
		</transform>
	</node>
	<node>
		<identifier>	MP_CM013_Fire_Hose_Rack_2_INDEX_1	</identifier>
		<parent>	Scene Root	</parent>
		<transform>
			<row0>	-0.3695 -0.4056 0.8360 0.0000	</row0>
			<row1>	-0.1640 0.9140 0.3710 0.0000	</row1>
			<row2>	-0.9147 0.0000 -0.4042 0.0000	</row2>
			<row3>	-0.1816 0.3905 4.7807 1.0000	</row3>
		</transform>
	</node>
	<node>
		<identifier>	MP_CM013_Fire_Hose_Rack_2_INDEX_2	</identifier>
		<parent>	Scene Root	</parent>
		<transform>
			<row0>	-0.3822 0.0000 -0.9241 0.0000	</row0>
			<row1>	0.0000 1.0000 0.0000 0.0000	</row1>
			<row2>	0.9241 0.0000 -0.3822 0.0000	</row2>
			<row3>	0.0559 0.8872 1.4056 1.0000	</row3>
		</transform>
	</node>
	<node>
		<identifier>	MP_CM013_Fire_Hose_Rack_2_INDEX_3	</identifier>
		<parent>	Scene Root	</parent>
		<transform>
			<row0>	0.0000 0.0000 1.0000 0.0000	</row0>
			<row1>	0.0000 1.0000 0.0000 0.0000	</row1>
			<row2>	-1.0000 0.0000 0.0000 0.0000	</row2>
			<row3>	-0.0269 0.7288 0.9350 1.0000	</row3>
		</transform>
	</node>
	<node>
		<identifier>	MP_CM013_Fire_Hose_Rack_2_INDEX_4	</identifier>
		<parent>	Scene Root	</parent>
		<transform>
			<row0>	0.2903 0.0000 -0.9569 0.0000	</row0>
			<row1>	0.0000 1.0000 0.0000 0.0000	</row1>
			<row2>	0.9569 0.0000 0.2903 0.0000	</row2>
			<row3>	-0.1175 0.3781 4.0434 1.0000	</row3>
		</transform>
	</node>
	<node>
		<identifier>	MP_CM013_Fire_Hose_Rack_2_INDEX_5	</identifier>
		<parent>	Scene Root	</parent>
		<transform>
			<row0>	-0.2907 0.0000 -0.9568 0.0000	</row0>
			<row1>	0.0000 1.0000 0.0000 0.0000	</row1>
			<row2>	0.9568 0.0000 -0.2907 0.0000	</row2>
			<row3>	0.1175 0.3781 4.0434 1.0000	</row3>
		</transform>
	</node>
	<node>
		<identifier>	MP_CM013_Fire_Hose_Rack_2_INDEX_6	</identifier>
		<parent>	Scene Root	</parent>
		<transform>
			<row0>	0.0000 0.0000 -1.0000 0.0000	</row0>
			<row1>	0.0000 1.0000 0.0000 0.0000	</row1>
			<row2>	1.0000 0.0000 0.0000 0.0000	</row2>
			<row3>	-0.2371 0.3962 2.8010 1.0000	</row3>
		</transform>
	</node>
	<node>
		<identifier>	MP_CM013_Fire_Hose_Rack_2_INDEX_7	</identifier>
		<parent>	Scene Root	</parent>
		<transform>
			<row0>	0.3695 -0.4056 0.8360 0.0000	</row0>
			<row1>	0.1640 0.9140 0.3710 0.0000	</row1>
			<row2>	-0.9147 0.0000 0.4042 0.0000	</row2>
			<row3>	0.1816 0.3905 4.7807 1.0000	</row3>
		</transform>
	</node>
	<node>
		<identifier>	MP_CM013_Fire_Hose_Rack_2_INDEX_8	</identifier>
		<parent>	Scene Root	</parent>
		<transform>
			<row0>	0.0000 0.0000 -1.0000 0.0000	</row0>
			<row1>	0.0000 1.0000 0.0000 0.0000	</row1>
			<row2>	1.0000 0.0000 0.0000 0.0000	</row2>
			<row3>	-0.1158 0.5240 2.2680 1.0000	</row3>
		</transform>
	</node>
	<node>
		<identifier>	MP_CM013_Fire_Hose_Rack_2_INDEX_9	</identifier>
		<parent>	Scene Root	</parent>
		<transform>
			<row0>	0.0000 0.0000 -1.0000 0.0000	</row0>
			<row1>	0.0000 1.0000 0.0000 0.0000	</row1>
			<row2>	1.0000 0.0000 0.0000 0.0000	</row2>
			<row3>	0.2371 0.3962 2.8010 1.0000	</row3>
		</transform>
	</node>
	<node>
		<identifier>	MP_CM014_Fuel_Oil_Hose	</identifier>
		<parent>	Scene Root	</parent>
		<transform>
			<row0>	0.0000 -0.9999 0.0134 0.0000	</row0>
			<row1>	-0.9998 -0.0003 -0.0200 0.0000	</row1>
			<row2>	0.0200 -0.0134 -0.9997 0.0000	</row2>
			<row3>	0.6870 0.3082 1.0654 1.0000	</row3>
		</transform>
	</node>
	<node>
		<identifier>	MP_CM014_Fuel_Oil_Hose_INDEX_1	</identifier>
		<parent>	Scene Root	</parent>
		<transform>
			<row0>	0.0000 -1.0000 0.0000 0.0000	</row0>
			<row1>	-1.0000 0.0000 0.0033 0.0000	</row1>
			<row2>	-0.0033 0.0000 -1.0000 0.0000	</row2>
			<row3>	0.7451 0.2995 -0.2929 1.0000	</row3>
		</transform>
	</node>
	<node>
		<identifier>	MP_CM014_Fuel_Oil_Hose_INDEX_2	</identifier>
		<parent>	Scene Root	</parent>
		<transform>
			<row0>	0.0000 -0.9999 0.0134 0.0000	</row0>
			<row1>	-0.9998 -0.0003 -0.0200 0.0000	</row1>
			<row2>	0.0200 -0.0134 -0.9997 0.0000	</row2>
			<row3>	0.7159 0.3082 1.0659 1.0000	</row3>
		</transform>
	</node>
	<node>
		<identifier>	MP_CM014_Fuel_Oil_Hose_INDEX_3	</identifier>
		<parent>	Scene Root	</parent>
		<transform>
			<row0>	0.0000 -1.0000 0.0000 0.0000	</row0>
			<row1>	-1.0000 0.0000 -0.0050 0.0000	</row1>
			<row2>	0.0050 0.0000 -1.0000 0.0000	</row2>
			<row3>	-0.7446 0.2995 -0.4660 1.0000	</row3>
		</transform>
	</node>
	<node>
		<identifier>	MP_CM014_Fuel_Oil_Hose_INDEX_4	</identifier>
		<parent>	Scene Root	</parent>
		<transform>
			<row0>	0.0000 -1.0000 0.0000 0.0000	</row0>
			<row1>	-1.0000 0.0000 0.0050 0.0000	</row1>
			<row2>	-0.0050 0.0000 -1.0000 0.0000	</row2>
			<row3>	0.7446 0.2995 -0.4660 1.0000	</row3>
		</transform>
	</node>
	<node>
		<identifier>	MP_CM014_Fuel_Oil_Hose_INDEX_5	</identifier>
		<parent>	Scene Root	</parent>
		<transform>
			<row0>	0.0000 -0.9999 0.0134 0.0000	</row0>
			<row1>	-0.9998 0.0003 0.0200 0.0000	</row1>
			<row2>	-0.0200 -0.0134 -0.9997 0.0000	</row2>
			<row3>	-0.6870 0.3082 1.0654 1.0000	</row3>
		</transform>
	</node>
	<node>
		<identifier>	MP_CM014_Fuel_Oil_Hose_INDEX_6	</identifier>
		<parent>	Scene Root	</parent>
		<transform>
			<row0>	0.0000 -1.0000 0.0000 0.0000	</row0>
			<row1>	-1.0000 0.0000 -0.0033 0.0000	</row1>
			<row2>	0.0033 0.0000 -1.0000 0.0000	</row2>
			<row3>	-0.7451 0.2995 -0.2929 1.0000	</row3>
		</transform>
	</node>
	<node>
		<identifier>	MP_CM014_Fuel_Oil_Hose_INDEX_7	</identifier>
		<parent>	Scene Root	</parent>
		<transform>
			<row0>	0.0000 -0.9999 0.0134 0.0000	</row0>
			<row1>	-0.9998 0.0003 0.0200 0.0000	</row1>
			<row2>	-0.0200 -0.0134 -0.9997 0.0000	</row2>
			<row3>	-0.7159 0.3082 1.0659 1.0000	</row3>
		</transform>
	</node>
	<node>
		<identifier>	MP_CM029_Emergency_Box	</identifier>
		<parent>	Scene Root	</parent>
		<transform>
			<row0>	-0.0459 0.0000 -0.9989 0.0000	</row0>
			<row1>	0.0000 1.0000 0.0000 0.0000	</row1>
			<row2>	0.9989 0.0000 -0.0459 0.0000	</row2>
			<row3>	-0.1712 0.9106 1.7108 1.0000	</row3>
		</transform>
	</node>
	<node>
		<identifier>	MP_CM029_Emergency_Box_INDEX_1	</identifier>
		<parent>	Scene Root	</parent>
		<transform>
			<row0>	-0.7936 0.0000 0.6085 0.0000	</row0>
			<row1>	0.0000 1.0000 0.0000 0.0000	</row1>
			<row2>	-0.6085 0.0000 -0.7936 0.0000	</row2>
			<row3>	0.0992 1.7169 1.3869 1.0000	</row3>
		</transform>
	</node>
	<node>
		<identifier>	MP_CM029_Emergency_Box_INDEX_2	</identifier>
		<parent>	Scene Root	</parent>
		<transform>
			<row0>	-0.5796 0.0000 0.8149 0.0000	</row0>
			<row1>	0.0000 1.0000 0.0000 0.0000	</row1>
			<row2>	-0.8149 0.0000 -0.5796 0.0000	</row2>
			<row3>	0.3668 0.5259 1.9823 1.0000	</row3>
		</transform>
	</node>
	<node>
		<identifier>	MP_CM029_Emergency_Box_INDEX_3	</identifier>
		<parent>	Scene Root	</parent>
		<transform>
			<row0>	-0.5796 0.0000 -0.8149 0.0000	</row0>
			<row1>	0.0000 1.0000 0.0000 0.0000	</row1>
			<row2>	0.8149 0.0000 -0.5796 0.0000	</row2>
			<row3>	-0.3668 0.5259 1.9823 1.0000	</row3>
		</transform>
	</node>
	<node>
		<identifier>	MP_CM029_Emergency_Box_INDEX_4	</identifier>
		<parent>	Scene Root	</parent>
		<transform>
			<row0>	-0.4812 0.0000 -0.8766 0.0000	</row0>
			<row1>	0.0000 1.0000 0.0000 0.0000	</row1>
			<row2>	0.8766 0.0000 -0.4812 0.0000	</row2>
			<row3>	-0.4708 0.3922 2.4440 1.0000	</row3>
		</transform>
	</node>
	<node>
		<identifier>	MP_CM029_Emergency_Box_INDEX_5	</identifier>
		<parent>	Scene Root	</parent>
		<transform>
			<row0>	-0.7936 0.0000 -0.6085 0.0000	</row0>
			<row1>	0.0000 1.0000 0.0000 0.0000	</row1>
			<row2>	0.6085 0.0000 -0.7936 0.0000	</row2>
			<row3>	-0.0992 1.7169 1.3869 1.0000	</row3>
		</transform>
	</node>
	<node>
		<identifier>	MP_CM029_Emergency_Box_INDEX_6	</identifier>
		<parent>	Scene Root	</parent>
		<transform>
			<row0>	0.0000 0.0000 -1.0000 0.0000	</row0>
			<row1>	0.0000 1.0000 0.0000 0.0000	</row1>
			<row2>	1.0000 0.0000 0.0000 0.0000	</row2>
			<row3>	-0.3052 0.7266 1.5673 1.0000	</row3>
		</transform>
	</node>
	<node>
		<identifier>	MP_CM029_Emergency_Box_INDEX_7	</identifier>
		<parent>	Scene Root	</parent>
		<transform>
			<row0>	-0.4812 0.0000 0.8766 0.0000	</row0>
			<row1>	0.0000 1.0000 0.0000 0.0000	</row1>
			<row2>	-0.8766 0.0000 -0.4812 0.0000	</row2>
			<row3>	0.4708 0.3922 2.4440 1.0000	</row3>
		</transform>
	</node>
	<node>
		<identifier>	MP_CM029_Emergency_Box_INDEX_8	</identifier>
		<parent>	Scene Root	</parent>
		<transform>
			<row0>	-0.0459 0.0000 0.9989 0.0000	</row0>
			<row1>	0.0000 1.0000 0.0000 0.0000	</row1>
			<row2>	-0.9989 0.0000 -0.0459 0.0000	</row2>
			<row3>	0.1712 0.9106 1.7108 1.0000	</row3>
		</transform>
	</node>
	<node>
		<identifier>	MP_CM029_Emergency_Box_INDEX_9	</identifier>
		<parent>	Scene Root	</parent>
		<transform>
			<row0>	0.0000 0.0000 1.0000 0.0000	</row0>
			<row1>	0.0000 1.0000 0.0000 0.0000	</row1>
			<row2>	-1.0000 0.0000 0.0000 0.0000	</row2>
			<row3>	0.3052 0.7266 1.5673 1.0000	</row3>
		</transform>
	</node>
	<node>
		<identifier>	MP_CM079_Fender	</identifier>
		<parent>	Scene Root	</parent>
		<transform>
			<row0>	0.0000 0.0194 1.1998 0.0000	</row0>
			<row1>	1.2000 0.0000 0.0000 0.0000	</row1>
			<row2>	0.0000 1.1998 -0.0194 0.0000	</row2>
			<row3>	-0.5439 0.3349 2.9908 1.0000	</row3>
		</transform>
	</node>
	<node>
		<identifier>	MP_CM079_Fender_INDEX_1	</identifier>
		<parent>	Scene Root	</parent>
		<transform>
			<row0>	0.0000 -0.0194 -1.1998 0.0000	</row0>
			<row1>	-1.2000 0.0000 0.0000 0.0000	</row1>
			<row2>	0.0000 1.1998 -0.0194 0.0000	</row2>
			<row3>	0.5439 0.3349 2.9908 1.0000	</row3>
		</transform>
	</node>
	<node>
		<identifier>	MP_CM079_Fender_INDEX_2	</identifier>
		<parent>	Scene Root	</parent>
		<transform>
			<row0>	0.0000 -0.0194 -1.1998 0.0000	</row0>
			<row1>	-1.2000 0.0000 0.0000 0.0000	</row1>
			<row2>	0.0000 1.1998 -0.0194 0.0000	</row2>
			<row3>	0.4722 0.3349 2.9908 1.0000	</row3>
		</transform>
	</node>
	<node>
		<identifier>	MP_CM079_Fender_INDEX_3	</identifier>
		<parent>	Scene Root	</parent>
		<transform>
			<row0>	0.0000 0.0194 1.1998 0.0000	</row0>
			<row1>	1.2000 0.0000 0.0000 0.0000	</row1>
			<row2>	0.0000 1.1998 -0.0194 0.0000	</row2>
			<row3>	-0.4722 0.3349 2.9908 1.0000	</row3>
		</transform>
	</node>
	<node>
		<identifier>	MP_CM092_Siren	</identifier>
		<parent>	Scene Root	</parent>
		<transform>
			<row0>	-1.0000 0.0000 0.0000 0.0000	</row0>
			<row1>	0.0000 1.0000 0.0000 0.0000	</row1>
			<row2>	0.0000 0.0000 -1.0000 0.0000	</row2>
			<row3>	-0.0310 1.0798 -0.2998 1.0000	</row3>
		</transform>
	</node>
	<node>
		<identifier>	MP_CM097_Stairway	</identifier>
		<parent>	Scene Root	</parent>
		<transform>
			<row0>	0.9996 0.0003 -0.0299 0.0000	</row0>
			<row1>	-0.0007 0.9999 -0.0141 0.0000	</row1>
			<row2>	0.0299 0.0141 0.9995 0.0000	</row2>
			<row3>	-0.6883 0.3178 1.8524 1.0000	</row3>
		</transform>
	</node>
	<node>
		<identifier>	MP_CM097_Stairway_INDEX_1	</identifier>
		<parent>	Scene Root	</parent>
		<transform>
			<row0>	0.9996 -0.0003 0.0299 0.0000	</row0>
			<row1>	0.0007 0.9999 -0.0141 0.0000	</row1>
			<row2>	-0.0299 0.0141 0.9995 0.0000	</row2>
			<row3>	0.6883 0.3178 1.8524 1.0000	</row3>
		</transform>
	</node>
	<node>
		<identifier>	MP_CM109_Leadsman_Platform	</identifier>
		<parent>	Scene Root	</parent>
		<transform>
			<row0>	-0.1408 -0.9900 0.0050 0.0000	</row0>
			<row1>	-0.9894 0.1409 0.0349 0.0000	</row1>
			<row2>	-0.0352 0.0000 -0.9994 0.0000	</row2>
			<row3>	-0.7374 0.3278 2.0895 1.0000	</row3>
		</transform>
	</node>
	<node>
		<identifier>	MP_CM109_Leadsman_Platform_INDEX_1	</identifier>
		<parent>	Scene Root	</parent>
		<transform>
			<row0>	0.1408 -0.9900 0.0050 0.0000	</row0>
			<row1>	0.9894 0.1409 0.0349 0.0000	</row1>
			<row2>	-0.0352 0.0000 0.9994 0.0000	</row2>
			<row3>	0.7374 0.3278 2.0895 1.0000	</row3>
		</transform>
	</node>
	<node>
		<identifier>	MP_GM001_Paravane	</identifier>
		<parent>	Scene Root	</parent>
		<transform>
			<row0>	0.0000 1.0000 0.0000 0.0000	</row0>
			<row1>	-0.8008 0.0000 -0.5990 0.0000	</row1>
			<row2>	-0.5990 0.0000 0.8008 0.0000	</row2>
			<row3>	0.1337 0.4258 2.9431 1.0000	</row3>
		</transform>
	</node>
	<node>
		<identifier>	MP_GM001_Paravane_INDEX_1	</identifier>
		<parent>	Scene Root	</parent>
		<transform>
			<row0>	0.0000 -1.0000 0.0000 0.0000	</row0>
			<row1>	0.8008 0.0000 -0.5990 0.0000	</row1>
			<row2>	0.5990 0.0000 0.8008 0.0000	</row2>
			<row3>	-0.1337 0.4258 2.9431 1.0000	</row3>
		</transform>
	</node>
	<node>
		<identifier>	MP_GM002_Fog_Horn	</identifier>
		<parent>	Scene Root	</parent>
		<transform>
			<row0>	1.0000 0.0000 0.0000 0.0000	</row0>
			<row1>	0.0000 1.0000 0.0000 0.0000	</row1>
			<row2>	0.0000 0.0000 1.0000 0.0000	</row2>
			<row3>	0.1424 1.2863 1.4313 1.0000	</row3>
		</transform>
	</node>
	<node>
		<identifier>	MP_GM003_Reels_1	</identifier>
		<parent>	Scene Root	</parent>
		<transform>
			<row0>	1.0000 0.0000 0.0000 0.0000	</row0>
			<row1>	0.0000 0.9997 -0.0238 0.0000	</row1>
			<row2>	0.0000 0.0238 0.9997 0.0000	</row2>
			<row3>	0.3696 0.3596 4.1707 1.0000	</row3>
		</transform>
	</node>
	<node>
		<identifier>	MP_GM003_Reels_1_INDEX_1	</identifier>
		<parent>	Scene Root	</parent>
		<transform>
			<row0>	1.0000 0.0000 0.0000 0.0000	</row0>
			<row1>	0.0000 0.9997 -0.0238 0.0000	</row1>
			<row2>	0.0000 0.0238 0.9997 0.0000	</row2>
			<row3>	-0.3696 0.3596 4.1707 1.0000	</row3>
		</transform>
	</node>
	<node>
		<identifier>	MP_GM008_Loudspeaker	</identifier>
		<parent>	Scene Root	</parent>
		<transform>
			<row0>	-0.7932 0.0000 -0.6089 0.0000	</row0>
			<row1>	0.0000 1.0000 0.0000 0.0000	</row1>
			<row2>	0.6089 0.0000 -0.7932 0.0000	</row2>
			<row3>	-0.3331 0.4185 0.2674 1.0000	</row3>
		</transform>
	</node>
	<node>
		<identifier>	MP_GM008_Loudspeaker_INDEX_1	</identifier>
		<parent>	Scene Root	</parent>
		<transform>
			<row0>	0.8762 0.0000 0.4819 0.0000	</row0>
			<row1>	0.0000 1.0000 0.0000 0.0000	</row1>
			<row2>	-0.4819 0.0000 0.8762 0.0000	</row2>
			<row3>	0.3523 0.4345 2.6462 1.0000	</row3>
		</transform>
	</node>
	<node>
		<identifier>	MP_GM008_Loudspeaker_INDEX_2	</identifier>
		<parent>	Scene Root	</parent>
		<transform>
			<row0>	1.0000 0.0000 0.0000 0.0000	</row0>
			<row1>	0.0000 1.0000 0.0000 0.0000	</row1>
			<row2>	0.0000 0.0000 1.0000 0.0000	</row2>
			<row3>	0.4872 0.4198 1.5341 1.0000	</row3>
		</transform>
	</node>
	<node>
		<identifier>	MP_GM008_Loudspeaker_INDEX_3	</identifier>
		<parent>	Scene Root	</parent>
		<transform>
			<row0>	-1.0000 0.0000 0.0000 0.0000	</row0>
			<row1>	0.0000 1.0000 0.0000 0.0000	</row1>
			<row2>	0.0000 0.0000 -1.0000 0.0000	</row2>
			<row3>	-0.4872 0.4198 1.5341 1.0000	</row3>
		</transform>
	</node>
	<node>
		<identifier>	MP_GM008_Loudspeaker_INDEX_4	</identifier>
		<parent>	Scene Root	</parent>
		<transform>
			<row0>	0.7932 0.0000 -0.6089 0.0000	</row0>
			<row1>	0.0000 1.0000 0.0000 0.0000	</row1>
			<row2>	0.6089 0.0000 0.7932 0.0000	</row2>
			<row3>	0.3331 0.4185 0.2674 1.0000	</row3>
		</transform>
	</node>
	<node>
		<identifier>	MP_GM008_Loudspeaker_INDEX_5	</identifier>
		<parent>	Scene Root	</parent>
		<transform>
			<row0>	-0.8762 0.0000 0.4819 0.0000	</row0>
			<row1>	0.0000 1.0000 0.0000 0.0000	</row1>
			<row2>	-0.4819 0.0000 -0.8762 0.0000	</row2>
			<row3>	-0.3523 0.4345 2.6462 1.0000	</row3>
		</transform>
	</node>
	<node>
		<identifier>	MP_GM010_Binocular	</identifier>
		<parent>	Scene Root	</parent>
		<transform>
			<row0>	-1.0000 0.0000 0.0000 0.0000	</row0>
			<row1>	0.0000 1.0000 0.0000 0.0000	</row1>
			<row2>	0.0000 0.0000 -1.0000 0.0000	</row2>
			<row3>	-0.2790 1.9892 1.3677 1.0000	</row3>
		</transform>
	</node>
	<node>
		<identifier>	MP_GM010_Binocular_INDEX_1	</identifier>
		<parent>	Scene Root	</parent>
		<transform>
			<row0>	-1.0000 0.0000 0.0000 0.0000	</row0>
			<row1>	0.0000 1.0000 0.0000 0.0000	</row1>
			<row2>	0.0000 0.0000 -1.0000 0.0000	</row2>
			<row3>	-0.2790 1.9892 1.1240 1.0000	</row3>
		</transform>
	</node>
	<node>
		<identifier>	MP_GM010_Binocular_INDEX_2	</identifier>
		<parent>	Scene Root	</parent>
		<transform>
			<row0>	1.0000 0.0000 0.0000 0.0000	</row0>
			<row1>	0.0000 1.0000 0.0000 0.0000	</row1>
			<row2>	0.0000 0.0000 1.0000 0.0000	</row2>
			<row3>	0.2790 1.9892 1.3677 1.0000	</row3>
		</transform>
	</node>
	<node>
		<identifier>	MP_GM010_Binocular_INDEX_3	</identifier>
		<parent>	Scene Root	</parent>
		<transform>
			<row0>	-0.8145 0.0000 0.5802 0.0000	</row0>
			<row1>	0.0000 1.0000 0.0000 0.0000	</row1>
			<row2>	-0.5802 0.0000 -0.8145 0.0000	</row2>
			<row3>	-0.2960 0.8325 2.0331 1.0000	</row3>
		</transform>
	</node>
	<node>
		<identifier>	MP_GM010_Binocular_INDEX_4	</identifier>
		<parent>	Scene Root	</parent>
		<transform>
			<row0>	1.0000 0.0000 0.0000 0.0000	</row0>
			<row1>	0.0000 1.0000 0.0000 0.0000	</row1>
			<row2>	0.0000 0.0000 1.0000 0.0000	</row2>
			<row3>	0.2790 1.9892 1.1240 1.0000	</row3>
		</transform>
	</node>
	<node>
		<identifier>	MP_GM010_Binocular_INDEX_5	</identifier>
		<parent>	Scene Root	</parent>
		<transform>
			<row0>	0.8145 0.0000 0.5802 0.0000	</row0>
			<row1>	0.0000 1.0000 0.0000 0.0000	</row1>
			<row2>	-0.5802 0.0000 0.8145 0.0000	</row2>
			<row3>	0.2960 0.8325 2.0331 1.0000	</row3>
		</transform>
	</node>
	<node>
		<identifier>	MP_GM010_Binocular_INDEX_6	</identifier>
		<parent>	Scene Root	</parent>
		<transform>
			<row0>	0.1889 0.0000 0.9820 0.0000	</row0>
			<row1>	0.0000 1.0000 0.0000 0.0000	</row1>
			<row2>	-0.9820 0.0000 0.1889 0.0000	</row2>
			<row3>	0.1181 1.9892 1.5902 1.0000	</row3>
		</transform>
	</node>
	<node>
		<identifier>	MP_GM010_Binocular_INDEX_7	</identifier>
		<parent>	Scene Root	</parent>
		<transform>
			<row0>	-0.1889 0.0000 0.9820 0.0000	</row0>
			<row1>	0.0000 1.0000 0.0000 0.0000	</row1>
			<row2>	-0.9820 0.0000 -0.1889 0.0000	</row2>
			<row3>	-0.1181 1.9892 1.5902 1.0000	</row3>
		</transform>
	</node>
	<node>
		<identifier>	MP_GM012_Reels_5	</identifier>
		<parent>	Scene Root	</parent>
		<transform>
			<row0>	0.7000 0.0000 0.0000 0.0000	</row0>
			<row1>	0.0000 0.6997 -0.0194 0.0000	</row1>
			<row2>	0.0000 0.0194 0.6997 0.0000	</row2>
			<row3>	-0.2100 0.3721 4.6578 1.0000	</row3>
		</transform>
	</node>
	<node>
		<identifier>	MP_GM012_Reels_5_INDEX_1	</identifier>
		<parent>	Scene Root	</parent>
		<transform>
			<row0>	0.7000 0.0000 0.0000 0.0000	</row0>
			<row1>	0.0000 0.6997 -0.0194 0.0000	</row1>
			<row2>	0.0000 0.0194 0.6997 0.0000	</row2>
			<row3>	0.2100 0.3721 4.6578 1.0000	</row3>
		</transform>
	</node>
	<node>
		<identifier>	MP_GM018_Siren	</identifier>
		<parent>	Scene Root	</parent>
		<transform>
			<row0>	0.0000 0.0000 -1.0000 0.0000	</row0>
			<row1>	0.0000 1.0000 0.0000 0.0000	</row1>
			<row2>	1.0000 0.0000 0.0000 0.0000	</row2>
			<row3>	0.2822 0.4420 -0.8967 1.0000	</row3>
		</transform>
	</node>
	<node>
		<identifier>	MP_GM018_Siren_INDEX_1	</identifier>
		<parent>	Scene Root	</parent>
		<transform>
			<row0>	0.0000 0.0000 -1.0000 0.0000	</row0>
			<row1>	0.0000 1.0000 0.0000 0.0000	</row1>
			<row2>	1.0000 0.0000 0.0000 0.0000	</row2>
			<row3>	0.4873 0.4420 2.2038 1.0000	</row3>
		</transform>
	</node>
	<node>
		<identifier>	MP_GM018_Siren_INDEX_2	</identifier>
		<parent>	Scene Root	</parent>
		<transform>
			<row0>	0.0000 0.0000 1.0000 0.0000	</row0>
			<row1>	0.0000 1.0000 0.0000 0.0000	</row1>
			<row2>	-1.0000 0.0000 0.0000 0.0000	</row2>
			<row3>	-0.4873 0.4420 2.2038 1.0000	</row3>
		</transform>
	</node>
	<node>
		<identifier>	MP_GM018_Siren_INDEX_3	</identifier>
		<parent>	Scene Root	</parent>
		<transform>
			<row0>	0.0000 0.0000 1.0000 0.0000	</row0>
			<row1>	0.0000 1.0000 0.0000 0.0000	</row1>
			<row2>	-1.0000 0.0000 0.0000 0.0000	</row2>
			<row3>	-0.4873 0.4420 1.3656 1.0000	</row3>
		</transform>
	</node>
	<node>
		<identifier>	MP_GM018_Siren_INDEX_4	</identifier>
		<parent>	Scene Root	</parent>
		<transform>
			<row0>	0.0000 0.0000 -1.0000 0.0000	</row0>
			<row1>	0.0000 1.0000 0.0000 0.0000	</row1>
			<row2>	1.0000 0.0000 0.0000 0.0000	</row2>
			<row3>	0.4873 0.4420 1.3656 1.0000	</row3>
		</transform>
	</node>
	<node>
		<identifier>	MP_GM018_Siren_INDEX_5	</identifier>
		<parent>	Scene Root	</parent>
		<transform>
			<row0>	0.0000 0.0000 1.0000 0.0000	</row0>
			<row1>	0.0000 1.0000 0.0000 0.0000	</row1>
			<row2>	-1.0000 0.0000 0.0000 0.0000	</row2>
			<row3>	-0.2822 0.4420 -0.8967 1.0000	</row3>
		</transform>
	</node>
	<node>
		<identifier>	MP_GM034_Turtles_box	</identifier>
		<parent>	Scene Root	</parent>
		<transform>
			<row0>	0.0000 0.0000 -1.0000 0.0000	</row0>
			<row1>	0.0000 1.0000 0.0000 0.0000	</row1>
			<row2>	1.0000 0.0000 0.0000 0.0000	</row2>
			<row3>	0.2996 0.6815 1.5284 1.0000	</row3>
		</transform>
	</node>
	<node>
		<identifier>	MP_GM034_Turtles_box_INDEX_1	</identifier>
		<parent>	Scene Root	</parent>
		<transform>
			<row0>	0.6088 0.0000 0.7933 0.0000	</row0>
			<row1>	0.0000 1.0000 0.0000 0.0000	</row1>
			<row2>	-0.7933 0.0000 0.6088 0.0000	</row2>
			<row3>	-0.1187 1.6686 1.3587 1.0000	</row3>
		</transform>
	</node>
	<node>
		<identifier>	MP_GM034_Turtles_box_INDEX_10	</identifier>
		<parent>	Scene Root	</parent>
		<transform>
			<row0>	0.0000 0.0000 1.0000 0.0000	</row0>
			<row1>	0.0000 1.0000 0.0000 0.0000	</row1>
			<row2>	-1.0000 0.0000 0.0000 0.0000	</row2>
			<row3>	-0.2996 0.6815 1.5284 1.0000	</row3>
		</transform>
	</node>
	<node>
		<identifier>	MP_GM034_Turtles_box_INDEX_11	</identifier>
		<parent>	Scene Root	</parent>
		<transform>
			<row0>	0.4830 0.0000 0.8756 0.0000	</row0>
			<row1>	0.0000 1.0000 0.0000 0.0000	</row1>
			<row2>	-0.8756 0.0000 0.4830 0.0000	</row2>
			<row3>	-0.3163 0.3478 2.7157 1.0000	</row3>
		</transform>
	</node>
	<node>
		<identifier>	MP_GM034_Turtles_box_INDEX_2	</identifier>
		<parent>	Scene Root	</parent>
		<transform>
			<row0>	0.6088 0.0000 -0.7933 0.0000	</row0>
			<row1>	0.0000 1.0000 0.0000 0.0000	</row1>
			<row2>	0.7933 0.0000 0.6088 0.0000	</row2>
			<row3>	0.1187 1.6686 1.3587 1.0000	</row3>
		</transform>
	</node>
	<node>
		<identifier>	MP_GM034_Turtles_box_INDEX_3	</identifier>
		<parent>	Scene Root	</parent>
		<transform>
			<row0>	1.0000 0.0000 0.0000 0.0000	</row0>
			<row1>	0.0000 1.0000 0.0000 0.0000	</row1>
			<row2>	0.0000 0.0000 1.0000 0.0000	</row2>
			<row3>	0.0225 0.8343 -0.3755 1.0000	</row3>
		</transform>
	</node>
	<node>
		<identifier>	MP_GM034_Turtles_box_INDEX_4	</identifier>
		<parent>	Scene Root	</parent>
		<transform>
			<row0>	0.0000 0.0000 -1.0000 0.0000	</row0>
			<row1>	0.0000 1.0000 0.0000 0.0000	</row1>
			<row2>	1.0000 0.0000 0.0000 0.0000	</row2>
			<row3>	0.2996 0.6815 1.8525 1.0000	</row3>
		</transform>
	</node>
	<node>
		<identifier>	MP_GM034_Turtles_box_INDEX_5	</identifier>
		<parent>	Scene Root	</parent>
		<transform>
			<row0>	0.5774 0.0000 -0.8165 0.0000	</row0>
			<row1>	0.0000 1.0000 0.0000 0.0000	</row1>
			<row2>	0.8165 0.0000 0.5774 0.0000	</row2>
			<row3>	0.1818 0.4765 2.2355 1.0000	</row3>
		</transform>
	</node>
	<node>
		<identifier>	MP_GM034_Turtles_box_INDEX_6	</identifier>
		<parent>	Scene Root	</parent>
		<transform>
			<row0>	0.5774 0.0000 0.8165 0.0000	</row0>
			<row1>	0.0000 1.0000 0.0000 0.0000	</row1>
			<row2>	-0.8165 0.0000 0.5774 0.0000	</row2>
			<row3>	-0.1818 0.4765 2.2355 1.0000	</row3>
		</transform>
	</node>
	<node>
		<identifier>	MP_GM034_Turtles_box_INDEX_7	</identifier>
		<parent>	Scene Root	</parent>
		<transform>
			<row0>	1.0000 0.0000 0.0000 0.0000	</row0>
			<row1>	0.0000 1.0000 0.0000 0.0000	</row1>
			<row2>	0.0000 0.0000 1.0000 0.0000	</row2>
			<row3>	-0.0225 0.8343 -0.3755 1.0000	</row3>
		</transform>
	</node>
	<node>
		<identifier>	MP_GM034_Turtles_box_INDEX_8	</identifier>
		<parent>	Scene Root	</parent>
		<transform>
			<row0>	0.0000 0.0000 1.0000 0.0000	</row0>
			<row1>	0.0000 1.0000 0.0000 0.0000	</row1>
			<row2>	-1.0000 0.0000 0.0000 0.0000	</row2>
			<row3>	-0.2996 0.6815 1.8525 1.0000	</row3>
		</transform>
	</node>
	<node>
		<identifier>	MP_GM034_Turtles_box_INDEX_9	</identifier>
		<parent>	Scene Root	</parent>
		<transform>
			<row0>	0.4830 0.0000 -0.8756 0.0000	</row0>
			<row1>	0.0000 1.0000 0.0000 0.0000	</row1>
			<row2>	0.8756 0.0000 0.4830 0.0000	</row2>
			<row3>	0.3163 0.3478 2.7157 1.0000	</row3>
		</transform>
	</node>
	<node>
		<identifier>	MP_GM085_Insulator	</identifier>
		<parent>	Scene Root	</parent>
		<transform>
			<row0>	1.0000 0.0000 0.0000 0.0000	</row0>
			<row1>	0.0000 1.0000 0.0000 0.0000	</row1>
			<row2>	0.0000 0.0000 1.0000 0.0000	</row2>
			<row3>	-0.0446 1.3749 1.0623 1.0000	</row3>
		</transform>
	</node>
	<node>
		<identifier>	MP_GM085_Insulator_INDEX_1	</identifier>
		<parent>	Scene Root	</parent>
		<transform>
			<row0>	1.0000 0.0000 0.0000 0.0000	</row0>
			<row1>	0.0000 1.0000 0.0000 0.0000	</row1>
			<row2>	0.0000 0.0000 1.0000 0.0000	</row2>
			<row3>	0.0446 1.3749 1.0623 1.0000	</row3>
		</transform>
	</node>
	<node>
		<identifier>	MP_GM501_Lauch_11m	</identifier>
		<parent>	Scene Root	</parent>
		<transform>
			<row0>	1.0000 0.0000 0.0000 0.0000	</row0>
			<row1>	0.0000 0.9999 0.0122 0.0000	</row1>
			<row2>	0.0000 -0.0122 0.9999 0.0000	</row2>
			<row3>	0.1557 0.5394 -0.6462 1.0000	</row3>
		</transform>
	</node>
	<node>
		<identifier>	MP_GM502_Captains_Gig_9m	</identifier>
		<parent>	Scene Root	</parent>
		<transform>
			<row0>	1.0000 0.0000 0.0000 0.0000	</row0>
			<row1>	0.0000 1.0000 0.0000 0.0000	</row1>
			<row2>	0.0000 0.0000 1.0000 0.0000	</row2>
			<row3>	-0.3131 0.7353 0.5978 1.0000	</row3>
		</transform>
	</node>
	<node>
		<identifier>	MP_GM502_Captains_Gig_9m_INDEX_1	</identifier>
		<parent>	Scene Root	</parent>
		<transform>
			<row0>	1.0000 0.0000 0.0000 0.0000	</row0>
			<row1>	0.0000 1.0000 0.0000 0.0000	</row1>
			<row2>	0.0000 0.0000 1.0000 0.0000	</row2>
			<row3>	0.3131 0.7353 0.5978 1.0000	</row3>
		</transform>
	</node>
	<node>
		<identifier>	MP_GM504_Cutter_8m	</identifier>
		<parent>	Scene Root	</parent>
		<transform>
			<row0>	1.0000 0.0000 0.0000 0.0000	</row0>
			<row1>	0.0000 1.0000 0.0000 0.0000	</row1>
			<row2>	0.0000 0.0000 1.0000 0.0000	</row2>
			<row3>	0.0897 0.6712 0.6348 1.0000	</row3>
		</transform>
	</node>
	<node>
		<identifier>	MP_GM504_Cutter_8m_INDEX_1	</identifier>
		<parent>	Scene Root	</parent>
		<transform>
			<row0>	1.0000 0.0000 0.0000 0.0000	</row0>
			<row1>	0.0000 1.0000 0.0000 0.0000	</row1>
			<row2>	0.0000 0.0000 1.0000 0.0000	</row2>
			<row3>	-0.0897 0.6712 0.6348 1.0000	</row3>
		</transform>
	</node>
	<node>
		<identifier>	MP_GM505_Long_Boat	</identifier>
		<parent>	Scene Root	</parent>
		<transform>
			<row0>	1.0000 0.0000 0.0000 0.0000	</row0>
			<row1>	0.0000 1.0000 0.0000 0.0000	</row1>
			<row2>	0.0000 0.0000 1.0000 0.0000	</row2>
			<row3>	-0.2137 0.5161 -0.5586 1.0000	</row3>
		</transform>
	</node>
	<node>
		<identifier>	MP_GM505_Long_Boat_INDEX_1	</identifier>
		<parent>	Scene Root	</parent>
		<transform>
			<row0>	1.0000 0.0000 0.0000 0.0000	</row0>
			<row1>	0.0000 1.0000 0.0000 0.0000	</row1>
			<row2>	0.0000 0.0000 1.0000 0.0000	</row2>
			<row3>	-0.0770 0.5161 -0.5586 1.0000	</row3>
		</transform>
	</node>
	<node>
		<identifier>	MP_GM534_Life_Boat	</identifier>
		<parent>	Scene Root	</parent>
		<transform>
			<row0>	-1.0000 0.0000 0.0000 0.0000	</row0>
			<row1>	0.0000 0.9997 -0.0250 0.0000	</row1>
			<row2>	0.0000 -0.0250 -0.9997 0.0000	</row2>
			<row3>	0.4715 0.3515 3.8346 1.0000	</row3>
		</transform>
	</node>
	<node>
		<identifier>	MP_GM534_Life_Boat_INDEX_1	</identifier>
		<parent>	Scene Root	</parent>
		<transform>
			<row0>	-1.0000 0.0000 0.0000 0.0000	</row0>
			<row1>	0.0000 0.9997 -0.0250 0.0000	</row1>
			<row2>	0.0000 -0.0250 -0.9997 0.0000	</row2>
			<row3>	-0.4715 0.3515 3.8346 1.0000	</row3>
		</transform>
	</node>
	<node>
		<identifier>	MP_GM534_Life_Boat_INDEX_2	</identifier>
		<parent>	Scene Root	</parent>
		<transform>
			<row0>	-1.0000 0.0000 0.0000 0.0000	</row0>
			<row1>	0.0000 0.9997 -0.0243 0.0000	</row1>
			<row2>	0.0000 -0.0243 -0.9997 0.0000	</row2>
			<row3>	0.4715 0.3488 3.7246 1.0000	</row3>
		</transform>
	</node>
	<node>
		<identifier>	MP_GM534_Life_Boat_INDEX_3	</identifier>
		<parent>	Scene Root	</parent>
		<transform>
			<row0>	-1.0000 0.0000 0.0000 0.0000	</row0>
			<row1>	0.0000 0.9997 -0.0243 0.0000	</row1>
			<row2>	0.0000 -0.0243 -0.9997 0.0000	</row2>
			<row3>	-0.4715 0.3488 3.7246 1.0000	</row3>
		</transform>
	</node>
	<node>
		<identifier>	MP_GM535_Life_Boat_2	</identifier>
		<parent>	Scene Root	</parent>
		<transform>
			<row0>	-1.0000 0.0000 0.0000 0.0000	</row0>
			<row1>	0.0000 0.9999 -0.0172 0.0000	</row1>
			<row2>	0.0000 -0.0172 -0.9999 0.0000	</row2>
			<row3>	-0.4412 0.3657 4.5091 1.0000	</row3>
		</transform>
	</node>
	<node>
		<identifier>	MP_GM535_Life_Boat_2_INDEX_1	</identifier>
		<parent>	Scene Root	</parent>
		<transform>
			<row0>	-1.0000 0.0000 0.0000 0.0000	</row0>
			<row1>	0.0000 0.9999 -0.0171 0.0000	</row1>
			<row2>	0.0000 -0.0171 -0.9999 0.0000	</row2>
			<row3>	-0.4412 0.3638 4.3989 1.0000	</row3>
		</transform>
	</node>
	<node>
		<identifier>	MP_GM535_Life_Boat_2_INDEX_2	</identifier>
		<parent>	Scene Root	</parent>
		<transform>
			<row0>	-1.0000 0.0000 0.0000 0.0000	</row0>
			<row1>	0.0000 0.9999 -0.0172 0.0000	</row1>
			<row2>	0.0000 -0.0172 -0.9999 0.0000	</row2>
			<row3>	0.4412 0.3657 4.5091 1.0000	</row3>
		</transform>
	</node>
	<node>
		<identifier>	MP_GM535_Life_Boat_2_INDEX_3	</identifier>
		<parent>	Scene Root	</parent>
		<transform>
			<row0>	-1.0000 0.0000 0.0000 0.0000	</row0>
			<row1>	0.0000 0.9999 -0.0171 0.0000	</row1>
			<row2>	0.0000 -0.0171 -0.9999 0.0000	</row2>
			<row3>	0.4412 0.3638 4.3989 1.0000	</row3>
		</transform>
	</node>
	<node>
		<identifier>	MP_GM536_Life_Boat_3	</identifier>
		<parent>	Scene Root	</parent>
		<transform>
			<row0>	1.0000 0.0000 0.0000 0.0000	</row0>
			<row1>	0.0000 1.0000 0.0000 0.0000	</row1>
			<row2>	0.0000 0.0000 1.0000 0.0000	</row2>
			<row3>	-0.0557 0.4652 2.3945 1.0000	</row3>
		</transform>
	</node>
	<node>
		<identifier>	MP_GM536_Life_Boat_3_INDEX_1	</identifier>
		<parent>	Scene Root	</parent>
		<transform>
			<row0>	1.0000 0.0000 0.0000 0.0000	</row0>
			<row1>	0.0000 1.0000 0.0000 0.0000	</row1>
			<row2>	0.0000 0.0000 1.0000 0.0000	</row2>
			<row3>	-0.1255 0.4650 -0.8350 1.0000	</row3>
		</transform>
	</node>
	<node>
		<identifier>	MP_GM536_Life_Boat_3_INDEX_2	</identifier>
		<parent>	Scene Root	</parent>
		<transform>
			<row0>	1.0000 0.0000 0.0000 0.0000	</row0>
			<row1>	0.0000 1.0000 0.0000 0.0000	</row1>
			<row2>	0.0000 0.0000 1.0000 0.0000	</row2>
			<row3>	0.0557 0.4652 2.3945 1.0000	</row3>
		</transform>
	</node>
	<node>
		<identifier>	MP_GM536_Life_Boat_3_INDEX_3	</identifier>
		<parent>	Scene Root	</parent>
		<transform>
			<row0>	1.0000 0.0000 0.0000 0.0000	</row0>
			<row1>	0.0000 1.0000 0.0000 0.0000	</row1>
			<row2>	0.0000 0.0000 1.0000 0.0000	</row2>
			<row3>	-0.1255 0.4650 -0.9635 1.0000	</row3>
		</transform>
	</node>
	<node>
		<identifier>	MP_GM602_Switch_Box_3	</identifier>
		<parent>	Scene Root	</parent>
		<transform>
			<row0>	-0.5184 0.0000 -0.8552 0.0000	</row0>
			<row1>	0.0000 1.0000 0.0000 0.0000	</row1>
			<row2>	0.8552 0.0000 -0.5184 0.0000	</row2>
			<row3>	-0.2032 2.0260 1.5629 1.0000	</row3>
		</transform>
	</node>
	<node>
		<identifier>	MP_GM602_Switch_Box_3_INDEX_1	</identifier>
		<parent>	Scene Root	</parent>
		<transform>
			<row0>	-0.5184 0.0000 -0.8552 0.0000	</row0>
			<row1>	0.0000 1.0000 0.0000 0.0000	</row1>
			<row2>	0.8552 0.0000 -0.5184 0.0000	</row2>
			<row3>	-0.2032 2.0436 1.5629 1.0000	</row3>
		</transform>
	</node>
	<node>
		<identifier>	MP_GM602_Switch_Box_3_INDEX_2	</identifier>
		<parent>	Scene Root	</parent>
		<transform>
			<row0>	-0.5184 0.0000 0.8552 0.0000	</row0>
			<row1>	0.0000 1.0000 0.0000 0.0000	</row1>
			<row2>	-0.8552 0.0000 -0.5184 0.0000	</row2>
			<row3>	0.2032 2.0260 1.5629 1.0000	</row3>
		</transform>
	</node>
	<node>
		<identifier>	MP_GM602_Switch_Box_3_INDEX_3	</identifier>
		<parent>	Scene Root	</parent>
		<transform>
			<row0>	-0.5184 0.0000 0.8552 0.0000	</row0>
			<row1>	0.0000 1.0000 0.0000 0.0000	</row1>
			<row2>	-0.8552 0.0000 -0.5184 0.0000	</row2>
			<row3>	0.2032 2.0436 1.5629 1.0000	</row3>
		</transform>
	</node>
	<node>
		<identifier>	MP_GM606_MC_Box	</identifier>
		<parent>	Scene Root	</parent>
		<transform>
			<row0>	-0.5184 0.0000 -0.8552 0.0000	</row0>
			<row1>	0.0000 1.0000 0.0000 0.0000	</row1>
			<row2>	0.8552 0.0000 -0.5184 0.0000	</row2>
			<row3>	-0.2688 2.0347 1.4550 1.0000	</row3>
		</transform>
	</node>
	<node>
		<identifier>	MP_GM606_MC_Box_INDEX_1	</identifier>
		<parent>	Scene Root	</parent>
		<transform>
			<row0>	-0.5184 0.0000 0.8552 0.0000	</row0>
			<row1>	0.0000 1.0000 0.0000 0.0000	</row1>
			<row2>	-0.8552 0.0000 -0.5184 0.0000	</row2>
			<row3>	0.2688 2.0347 1.4550 1.0000	</row3>
		</transform>
	</node>
	<node>
		<identifier>	MP_GM607_Manometer	</identifier>
		<parent>	Scene Root	</parent>
		<transform>
			<row0>	-0.9974 0.0000 0.0720 0.0000	</row0>
			<row1>	0.0000 1.0000 0.0000 0.0000	</row1>
			<row2>	-0.0720 0.0000 -0.9974 0.0000	</row2>
			<row3>	0.0384 2.0428 1.6165 1.0000	</row3>
		</transform>
	</node>
	<node>
		<identifier>	MP_GM607_Manometer_INDEX_1	</identifier>
		<parent>	Scene Root	</parent>
		<transform>
			<row0>	-0.5184 0.0000 0.8552 0.0000	</row0>
			<row1>	0.0000 1.0000 0.0000 0.0000	</row1>
			<row2>	-0.8552 0.0000 -0.5184 0.0000	</row2>
			<row3>	0.2208 2.0428 1.5337 1.0000	</row3>
		</transform>
	</node>
	<node>
		<identifier>	MP_GM607_Manometer_INDEX_2	</identifier>
		<parent>	Scene Root	</parent>
		<transform>
			<row0>	-0.5184 0.0000 -0.8552 0.0000	</row0>
			<row1>	0.0000 1.0000 0.0000 0.0000	</row1>
			<row2>	0.8552 0.0000 -0.5184 0.0000	</row2>
			<row3>	-0.2208 2.0428 1.5337 1.0000	</row3>
		</transform>
	</node>
	<node>
		<identifier>	MP_GM607_Manometer_INDEX_3	</identifier>
		<parent>	Scene Root	</parent>
		<transform>
			<row0>	-0.9974 0.0000 -0.0720 0.0000	</row0>
			<row1>	0.0000 1.0000 0.0000 0.0000	</row1>
			<row2>	0.0720 0.0000 -0.9974 0.0000	</row2>
			<row3>	-0.0384 2.0428 1.6165 1.0000	</row3>
		</transform>
	</node>
	<node>
		<identifier>	MP_GM609_Rudder_Indicator	</identifier>
		<parent>	Scene Root	</parent>
		<transform>
			<row0>	-1.0000 0.0000 0.0000 0.0000	</row0>
			<row1>	0.0000 1.0000 0.0000 0.0000	</row1>
			<row2>	0.0000 0.0000 -1.0000 0.0000	</row2>
			<row3>	-0.1205 0.8215 2.2541 1.0000	</row3>
		</transform>
	</node>
	<node>
		<identifier>	MP_GM609_Rudder_Indicator_INDEX_1	</identifier>
		<parent>	Scene Root	</parent>
		<transform>
			<row0>	-1.0000 0.0000 0.0000 0.0000	</row0>
			<row1>	0.0000 1.0000 0.0000 0.0000	</row1>
			<row2>	0.0000 0.0000 -1.0000 0.0000	</row2>
			<row3>	0.1205 0.8215 2.2541 1.0000	</row3>
		</transform>
	</node>
	<node>
		<identifier>	MP_GM612_Target_Giver	</identifier>
		<parent>	Scene Root	</parent>
		<transform>
			<row0>	0.0000 0.0000 -1.0000 0.0000	</row0>
			<row1>	0.0000 1.0000 0.0000 0.0000	</row1>
			<row2>	1.0000 0.0000 0.0000 0.0000	</row2>
			<row3>	0.2631 0.8452 1.9342 1.0000	</row3>
		</transform>
	</node>
	<node>
		<identifier>	MP_GM612_Target_Giver_INDEX_1	</identifier>
		<parent>	Scene Root	</parent>
		<transform>
			<row0>	0.0000 0.0000 1.0000 0.0000	</row0>
			<row1>	0.0000 1.0000 0.0000 0.0000	</row1>
			<row2>	-1.0000 0.0000 0.0000 0.0000	</row2>
			<row3>	-0.2631 0.8452 1.9342 1.0000	</row3>
		</transform>
	</node>
	<node>
		<identifier>	MP_GM625_Telephone	</identifier>
		<parent>	Scene Root	</parent>
		<transform>
			<row0>	0.3825 0.0000 -0.9240 0.0000	</row0>
			<row1>	0.0000 1.0000 0.0000 0.0000	</row1>
			<row2>	0.9240 0.0000 0.3825 0.0000	</row2>
			<row3>	-0.1368 1.7393 1.2096 1.0000	</row3>
		</transform>
	</node>
	<node>
		<identifier>	MP_GM625_Telephone_INDEX_1	</identifier>
		<parent>	Scene Root	</parent>
		<transform>
			<row0>	0.3825 0.0000 0.9240 0.0000	</row0>
			<row1>	0.0000 1.0000 0.0000 0.0000	</row1>
			<row2>	-0.9240 0.0000 0.3825 0.0000	</row2>
			<row3>	0.1368 1.7393 1.2096 1.0000	</row3>
		</transform>
	</node>
	<node>
		<identifier>	MP_GM625_Telephone_INDEX_2	</identifier>
		<parent>	Scene Root	</parent>
		<transform>
			<row0>	0.0000 0.0000 1.0000 0.0000	</row0>
			<row1>	0.0000 1.0000 0.0000 0.0000	</row1>
			<row2>	-1.0000 0.0000 0.0000 0.0000	</row2>
			<row3>	0.2994 0.7448 1.7279 1.0000	</row3>
		</transform>
	</node>
	<node>
		<identifier>	MP_GM625_Telephone_INDEX_3	</identifier>
		<parent>	Scene Root	</parent>
		<transform>
