<RSD048_Tashkent_1941_MidFront.skel_ext>
	<exported>	true	</exported>
	<node>
		<identifier>	MP_CM011_Fire_Fighting_Gear	</identifier>
		<parent>	Scene Root	</parent>
		<transform>
			<row0>	0.0000 0.0000 -1.0000 0.0000	</row0>
			<row1>	0.0000 1.0000 0.0000 0.0000	</row1>
			<row2>	1.0000 0.0000 0.0000 0.0000	</row2>
			<row3>	-0.2109 0.3642 1.6946 1.0000	</row3>
		</transform>
	</node>
	<node>
		<identifier>	MP_CM011_Fire_Fighting_Gear_INDEX_1	</identifier>
		<parent>	Scene Root	</parent>
		<transform>
			<row0>	-0.8349 0.0000 -0.5504 0.0000	</row0>
			<row1>	0.0000 1.0000 0.0000 0.0000	</row1>
			<row2>	0.5504 0.0000 -0.8349 0.0000	</row2>
			<row3>	-0.0853 0.3828 2.6363 1.0000	</row3>
		</transform>
	</node>
	<node>
		<identifier>	MP_CM011_Fire_Fighting_Gear_INDEX_2	</identifier>
		<parent>	Scene Root	</parent>
		<transform>
			<row0>	-0.9587 0.0000 0.2845 0.0000	</row0>
			<row1>	0.0000 1.0000 0.0000 0.0000	</row1>
			<row2>	-0.2845 0.0000 -0.9587 0.0000	</row2>
			<row3>	-0.0440 0.8567 1.6799 1.0000	</row3>
		</transform>
	</node>
	<node>
		<identifier>	MP_CM011_Fire_Fighting_Gear_INDEX_3	</identifier>
		<parent>	Scene Root	</parent>
		<transform>
			<row0>	0.0000 0.0000 1.0000 0.0000	</row0>
			<row1>	0.0000 1.0000 0.0000 0.0000	</row1>
			<row2>	-1.0000 0.0000 0.0000 0.0000	</row2>
			<row3>	0.2110 0.3642 1.6946 1.0000	</row3>
		</transform>
	</node>
	<node>
		<identifier>	MP_CM011_Fire_Fighting_Gear_INDEX_4	</identifier>
		<parent>	Scene Root	</parent>
		<transform>
			<row0>	0.0000 0.0000 1.0000 0.0000	</row0>
			<row1>	0.0000 1.0000 0.0000 0.0000	</row1>
			<row2>	-1.0000 0.0000 0.0000 0.0000	</row2>
			<row3>	0.2135 0.2026 1.0724 1.0000	</row3>
		</transform>
	</node>
	<node>
		<identifier>	MP_CM011_Fire_Fighting_Gear_INDEX_5	</identifier>
		<parent>	Scene Root	</parent>
		<transform>
			<row0>	0.0000 0.0000 -1.0000 0.0000	</row0>
			<row1>	0.0000 1.0000 0.0000 0.0000	</row1>
			<row2>	1.0000 0.0000 0.0000 0.0000	</row2>
			<row3>	-0.2135 0.2026 1.0740 1.0000	</row3>
		</transform>
	</node>
	<node>
		<identifier>	MP_CM029_Emergency_Box	</identifier>
		<parent>	Scene Root	</parent>
		<transform>
			<row0>	0.0000 0.0000 1.0000 0.0000	</row0>
			<row1>	0.0000 1.0000 0.0000 0.0000	</row1>
			<row2>	-1.0000 0.0000 0.0000 0.0000	</row2>
			<row3>	0.2127 0.2802 0.9411 1.0000	</row3>
		</transform>
	</node>
	<node>
		<identifier>	MP_CM029_Emergency_Box_INDEX_1	</identifier>
		<parent>	Scene Root	</parent>
		<transform>
			<row0>	0.0000 0.0000 -1.0000 0.0000	</row0>
			<row1>	0.0000 1.0000 0.0000 0.0000	</row1>
			<row2>	1.0000 0.0000 0.0000 0.0000	</row2>
			<row3>	-0.2127 0.2804 0.9536 1.0000	</row3>
		</transform>
	</node>
	<node>
		<identifier>	MP_CM029_Emergency_Box_INDEX_2	</identifier>
		<parent>	Scene Root	</parent>
		<transform>
			<row0>	0.4228 0.0000 -0.9062 0.0000	</row0>
			<row1>	0.0000 1.0000 0.0000 0.0000	</row1>
			<row2>	0.9062 0.0000 0.4228 0.0000	</row2>
			<row3>	-0.1156 0.7673 1.5747 1.0000	</row3>
		</transform>
	</node>
	<node>
		<identifier>	MP_CM029_Emergency_Box_INDEX_3	</identifier>
		<parent>	Scene Root	</parent>
		<transform>
			<row0>	0.4228 0.0000 0.9062 0.0000	</row0>
			<row1>	0.0000 1.0000 0.0000 0.0000	</row1>
			<row2>	-0.9062 0.0000 0.4228 0.0000	</row2>
			<row3>	0.1146 0.7673 1.5719 1.0000	</row3>
		</transform>
	</node>
	<node>
		<identifier>	MP_RM008_Voice_Tube	</identifier>
		<parent>	Scene Root	</parent>
		<transform>
			<row0>	0.9477 0.0000 0.3192 0.0000	</row0>
			<row1>	0.0000 1.0000 0.0000 0.0000	</row1>
			<row2>	-0.3192 0.0000 0.9477 0.0000	</row2>
			<row3>	-0.2532 0.6812 1.9263 1.0000	</row3>
		</transform>
	</node>
	<node>
		<identifier>	MP_RM008_Voice_Tube_INDEX_1	</identifier>
		<parent>	Scene Root	</parent>
		<transform>
			<row0>	0.0000 0.0000 1.0000 0.0000	</row0>
			<row1>	0.0000 1.0000 0.0000 0.0000	</row1>
			<row2>	-1.0000 0.0000 0.0000 0.0000	</row2>
			<row3>	0.1867 0.6857 1.7516 1.0000	</row3>
		</transform>
	</node>
	<node>
		<identifier>	MP_RM008_Voice_Tube_INDEX_2	</identifier>
		<parent>	Scene Root	</parent>
		<transform>
			<row0>	-1.0000 0.0000 0.0000 0.0000	</row0>
			<row1>	0.0000 1.0000 0.0000 0.0000	</row1>
			<row2>	0.0000 0.0000 -1.0000 0.0000	</row2>
			<row3>	0.0360 1.0242 1.5851 1.0000	</row3>
		</transform>
	</node>
	<node>
		<identifier>	MP_RM008_Voice_Tube_INDEX_3	</identifier>
		<parent>	Scene Root	</parent>
		<transform>
			<row0>	0.9477 0.0000 -0.3192 0.0000	</row0>
			<row1>	0.0000 1.0000 0.0000 0.0000	</row1>
			<row2>	0.3192 0.0000 0.9477 0.0000	</row2>
			<row3>	0.2532 0.6812 1.9263 1.0000	</row3>
		</transform>
	</node>
	<node>
		<identifier>	MP_RM008_Voice_Tube_INDEX_4	</identifier>
		<parent>	Scene Root	</parent>
		<transform>
			<row0>	0.0000 0.0000 -1.0000 0.0000	</row0>
			<row1>	0.0000 1.0000 0.0000 0.0000	</row1>
			<row2>	1.0000 0.0000 0.0000 0.0000	</row2>
			<row3>	0.1340 0.8186 1.7739 1.0000	</row3>
		</transform>
	</node>
	<node>
		<identifier>	MP_RM008_Voice_Tube_INDEX_5	</identifier>
		<parent>	Scene Root	</parent>
		<transform>
			<row0>	0.0000 0.0000 1.0000 0.0000	</row0>
			<row1>	0.0000 1.0000 0.0000 0.0000	</row1>
			<row2>	-1.0000 0.0000 0.0000 0.0000	</row2>
			<row3>	-0.1340 0.8186 1.7739 1.0000	</row3>
		</transform>
	</node>
	<node>
		<identifier>	MP_RM008_Voice_Tube_INDEX_6	</identifier>
		<parent>	Scene Root	</parent>
		<transform>
			<row0>	0.0000 0.0000 -1.0000 0.0000	</row0>
			<row1>	0.0000 1.0000 0.0000 0.0000	</row1>
			<row2>	1.0000 0.0000 0.0000 0.0000	</row2>
			<row3>	-0.1836 0.6858 1.7516 1.0000	</row3>
		</transform>
	</node>
	<node>
		<identifier>	MP_RM011_Insulator_2	</identifier>
		<parent>	Scene Root	</parent>
		<transform>
			<row0>	0.4676 0.0000 0.8840 0.0000	</row0>
			<row1>	0.8840 0.0000 -0.4676 0.0000	</row1>
			<row2>	0.0000 1.0000 0.0000 0.0000	</row2>
			<row3>	0.0771 0.8351 1.5078 1.0000	</row3>
		</transform>
	</node>
	<node>
		<identifier>	MP_RM011_Insulator_2_INDEX_1	</identifier>
		<parent>	Scene Root	</parent>
		<transform>
			<row0>	0.3513 -0.0058 0.9362 0.0000	</row0>
			<row1>	0.9362 -0.0027 -0.3513 0.0000	</row1>
			<row2>	0.0045 1.0000 0.0045 0.0000	</row2>
			<row3>	0.0750 0.9358 1.5066 1.0000	</row3>
		</transform>
	</node>
	<node>
		<identifier>	MP_RM027_Signal_Lamp	</identifier>
		<parent>	Scene Root	</parent>
		<transform>
			<row0>	0.6500 0.0000 0.0000 0.0000	</row0>
			<row1>	0.0000 0.6500 0.0000 0.0000	</row1>
			<row2>	0.0000 0.0000 0.6500 0.0000	</row2>
			<row3>	0.0000 0.8803 2.1355 1.0000	</row3>
		</transform>
	</node>
	<node>
		<identifier>	MP_RM039_Signal_Lamp_black	</identifier>
		<parent>	Scene Root	</parent>
		<transform>
			<row0>	1.0000 0.0000 0.0000 0.0000	</row0>
			<row1>	0.0000 1.0000 0.0000 0.0000	</row1>
			<row2>	0.0000 0.0000 1.0000 0.0000	</row2>
			<row3>	0.0000 1.4317 1.3171 1.0000	</row3>
		</transform>
	</node>
	<node>
		<identifier>	MP_RM039_Signal_Lamp_black_INDEX_1	</identifier>
		<parent>	Scene Root	</parent>
		<transform>
			<row0>	1.0000 0.0000 0.0000 0.0000	</row0>
			<row1>	0.0000 1.0000 0.0000 0.0000	</row1>
			<row2>	0.0000 0.0000 1.0000 0.0000	</row2>
			<row3>	0.0000 1.6224 1.2828 1.0000	</row3>
		</transform>
	</node>
	<node>
		<identifier>	MP_RM039_Signal_Lamp_black_INDEX_2	</identifier>
		<parent>	Scene Root	</parent>
		<transform>
			<row0>	1.0000 0.0000 0.0000 0.0000	</row0>
			<row1>	0.0000 1.0000 0.0000 0.0000	</row1>
			<row2>	0.0000 0.0000 1.0000 0.0000	</row2>
			<row3>	0.0000 1.2769 1.3535 1.0000	</row3>
		</transform>
	</node>
	<node>
		<identifier>	MP_RM042_Signal_Lamp_black	</identifier>
		<parent>	Scene Root	</parent>
		<transform>
			<row0>	1.0000 0.0000 0.0000 0.0000	</row0>
			<row1>	0.0000 0.9848 -0.1736 0.0000	</row1>
			<row2>	0.0000 0.1736 0.9848 0.0000	</row2>
			<row3>	0.0000 1.7851 1.2483 1.0000	</row3>
		</transform>
	</node>
	<node>
		<identifier>	MP_RM048_Steering_Wheel	</identifier>
		<parent>	Scene Root	</parent>
		<transform>
			<row0>	1.0000 0.0000 0.0000 0.0000	</row0>
			<row1>	0.0000 1.0000 0.0000 0.0000	</row1>
			<row2>	0.0000 0.0000 1.0000 0.0000	</row2>
			<row3>	-0.0676 0.6819 2.1122 1.0000	</row3>
		</transform>
	</node>
	<node>
		<identifier>	MP_RM058_Antenna	</identifier>
		<parent>	Scene Root	</parent>
		<transform>
			<row0>	-0.1736 0.0000 0.9848 0.0000	</row0>
			<row1>	0.0000 1.0000 0.0000 0.0000	</row1>
			<row2>	-0.9848 0.0000 -0.1736 0.0000	</row2>
			<row3>	-0.1559 1.1488 1.4512 1.0000	</row3>
		</transform>
	</node>
	<node>
		<identifier>	MP_RM058_Antenna_INDEX_1	</identifier>
		<parent>	Scene Root	</parent>
		<transform>
			<row0>	-0.1736 0.0000 -0.9848 0.0000	</row0>
			<row1>	0.0000 1.0000 0.0000 0.0000	</row1>
			<row2>	0.9848 0.0000 -0.1736 0.0000	</row2>
			<row3>	0.1574 1.1488 1.4510 1.0000	</row3>
		</transform>
	</node>
	<node>
		<identifier>	MP_RM061_Basket_Rope	</identifier>
		<parent>	Scene Root	</parent>
		<transform>
			<row0>	0.0536 0.0052 0.9985 0.0000	</row0>
			<row1>	-0.0518 0.9987 -0.0024 0.0000	</row1>
			<row2>	-0.9972 -0.0516 0.0538 0.0000	</row2>
			<row3>	-0.3999 0.3553 1.5379 1.0000	</row3>
		</transform>
	</node>
	<node>
		<identifier>	MP_RM061_Basket_Rope_INDEX_1	</identifier>
		<parent>	Scene Root	</parent>
		<transform>
			<row0>	0.0536 -0.0052 -0.9985 0.0000	</row0>
			<row1>	0.0518 0.9987 -0.0024 0.0000	</row1>
			<row2>	0.9972 -0.0516 0.0538 0.0000	</row2>
			<row3>	0.3994 0.3552 1.5833 1.0000	</row3>
		</transform>
	</node>
	<node>
		<identifier>	MP_RM065_Ammunition_Box	</identifier>
		<parent>	Scene Root	</parent>
		<transform>
			<row0>	-1.0000 0.0000 0.0005 0.0000	</row0>
			<row1>	0.0000 1.0000 0.0000 0.0000	</row1>
			<row2>	-0.0005 0.0000 -1.0000 0.0000	</row2>
			<row3>	-0.0947 0.5303 2.3013 1.0000	</row3>
		</transform>
	</node>
	<node>
		<identifier>	MP_RM065_Ammunition_Box_INDEX_1	</identifier>
		<parent>	Scene Root	</parent>
		<transform>
			<row0>	-1.0000 0.0000 -0.0005 0.0000	</row0>
			<row1>	0.0000 1.0000 0.0000 0.0000	</row1>
			<row2>	0.0005 0.0000 -1.0000 0.0000	</row2>
			<row3>	0.0947 0.5303 2.3013 1.0000	</row3>
		</transform>
	</node>
	<node>
		<identifier>	MP_RM065_Ammunition_Box_INDEX_2	</identifier>
		<parent>	Scene Root	</parent>
		<transform>
			<row0>	-0.1787 0.0000 0.9839 0.0000	</row0>
			<row1>	0.0000 1.0000 0.0000 0.0000	</row1>
			<row2>	-0.9839 0.0000 -0.1787 0.0000	</row2>
			<row3>	0.1416 0.3750 2.5604 1.0000	</row3>
		</transform>
	</node>
	<node>
		<identifier>	MP_RM065_Ammunition_Box_INDEX_3	</identifier>
		<parent>	Scene Root	</parent>
		<transform>
			<row0>	-0.2193 0.0000 -0.9757 0.0000	</row0>
			<row1>	0.0000 1.0000 0.0000 0.0000	</row1>
			<row2>	0.9757 0.0000 -0.2193 0.0000	</row2>
			<row3>	-0.1464 0.3747 2.5594 1.0000	</row3>
		</transform>
	</node>
	<node>
		<identifier>	MP_RM066_Ammunition_Box	</identifier>
		<parent>	Scene Root	</parent>
		<transform>
			<row0>	-0.0148 0.0000 0.9999 0.0000	</row0>
			<row1>	0.0000 1.0000 0.0000 0.0000	</row1>
			<row2>	-0.9999 0.0000 -0.0148 0.0000	</row2>
			<row3>	-0.2354 0.3654 2.0643 1.0000	</row3>
		</transform>
	</node>
	<node>
		<identifier>	MP_RM066_Ammunition_Box_INDEX_1	</identifier>
		<parent>	Scene Root	</parent>
		<transform>
			<row0>	0.9985 0.0542 0.0000 0.0000	</row0>
			<row1>	-0.0542 0.9985 0.0000 0.0000	</row1>
			<row2>	0.0000 0.0000 1.0000 0.0000	</row2>
			<row3>	-0.2180 0.6822 1.4713 1.0000	</row3>
		</transform>
	</node>
	<node>
		<identifier>	MP_RM066_Ammunition_Box_INDEX_2	</identifier>
		<parent>	Scene Root	</parent>
		<transform>
			<row0>	-0.0148 0.0000 -0.9999 0.0000	</row0>
			<row1>	0.0000 1.0000 0.0000 0.0000	</row1>
			<row2>	0.9999 0.0000 -0.0148 0.0000	</row2>
			<row3>	0.2354 0.3652 2.0210 1.0000	</row3>
		</transform>
	</node>
	<node>
		<identifier>	MP_RM066_Ammunition_Box_INDEX_3	</identifier>
		<parent>	Scene Root	</parent>
		<transform>
			<row0>	0.9985 -0.0542 0.0000 0.0000	</row0>
			<row1>	0.0542 0.9985 0.0000 0.0000	</row1>
			<row2>	0.0000 0.0000 1.0000 0.0000	</row2>
			<row3>	0.2180 0.6822 1.4713 1.0000	</row3>
		</transform>
	</node>
	<node>
		<identifier>	MP_RM069_Telegraph	</identifier>
		<parent>	Scene Root	</parent>
		<transform>
			<row0>	1.0000 0.0000 0.0000 0.0000	</row0>
			<row1>	0.0000 1.0000 0.0000 0.0000	</row1>
			<row2>	0.0000 0.0000 1.0000 0.0000	</row2>
			<row3>	0.0688 0.6813 2.1122 1.0000	</row3>
		</transform>
	</node>
	<node>
		<identifier>	MP_RM075_Fairlead	</identifier>
		<parent>	Scene Root	</parent>
		<transform>
			<row0>	0.4994 0.0033 -0.0241 0.0000	</row0>
			<row1>	-0.0036 0.4999 -0.0061 0.0000	</row1>
			<row2>	0.0241 0.0063 0.4994 0.0000	</row2>
			<row3>	-0.3946 0.3688 2.6516 1.0000	</row3>
		</transform>
	</node>
	<node>
		<identifier>	MP_RM075_Fairlead_INDEX_1	</identifier>
		<parent>	Scene Root	</parent>
		<transform>
			<row0>	0.4994 -0.0033 0.0241 0.0000	</row0>
			<row1>	0.0036 0.4999 -0.0061 0.0000	</row1>
			<row2>	-0.0241 0.0063 0.4994 0.0000	</row2>
			<row3>	0.3946 0.3687 2.6516 1.0000	</row3>
		</transform>
	</node>
	<node>
		<identifier>	MP_RM084_Running_Lights_R	</identifier>
		<parent>	Scene Root	</parent>
		<transform>
			<row0>	1.0000 0.0000 0.0000 0.0000	</row0>
			<row1>	0.0000 1.0000 0.0000 0.0000	</row1>
			<row2>	0.0000 0.0000 1.0000 0.0000	</row2>
			<row3>	0.4027 0.6692 1.4068 1.0000	</row3>
		</transform>
	</node>
	<node>
		<identifier>	MP_RM085_Running_Lights_L	</identifier>
		<parent>	Scene Root	</parent>
		<transform>
			<row0>	1.0000 0.0000 0.0000 0.0000	</row0>
			<row1>	0.0000 1.0000 0.0000 0.0000	</row1>
			<row2>	0.0000 0.0000 1.0000 0.0000	</row2>
			<row3>	-0.4027 0.6692 1.4068 1.0000	</row3>
		</transform>
	</node>
	<node>
		<identifier>	MP_RM088_Anemometer	</identifier>
		<parent>	Scene Root	</parent>
		<transform>
			<row0>	1.0000 0.0000 0.0000 0.0000	</row0>
			<row1>	0.0000 1.0000 0.0000 0.0000	</row1>
			<row2>	0.0000 0.0000 1.0000 0.0000	</row2>
			<row3>	0.0000 1.4880 1.3335 1.0000	</row3>
		</transform>
	</node>
	<node>
		<identifier>	MP_RM096_Paravane	</identifier>
		<parent>	Scene Root	</parent>
		<transform>
			<row0>	0.7024 0.7118 0.0000 0.0000	</row0>
			<row1>	-0.7118 0.7024 0.0000 0.0000	</row1>
			<row2>	0.0000 0.0000 1.0000 0.0000	</row2>
			<row3>	0.3981 0.2656 1.1462 1.0000	</row3>
		</transform>
	</node>
	<node>
		<identifier>	MP_RM096_Paravane_INDEX_1	</identifier>
		<parent>	Scene Root	</parent>
		<transform>
			<row0>	0.7024 -0.7118 0.0000 0.0000	</row0>
			<row1>	0.7118 0.7024 0.0000 0.0000	</row1>
			<row2>	0.0000 0.0000 1.0000 0.0000	</row2>
			<row3>	-0.3981 0.2656 1.1462 1.0000	</row3>
		</transform>
	</node>
	<node>
		<identifier>	MP_RM096_Paravane_INDEX_2	</identifier>
		<parent>	Scene Root	</parent>
		<transform>
			<row0>	0.0000 -1.0000 0.0000 0.0000	</row0>
			<row1>	-0.9910 0.0000 -0.1342 0.0000	</row1>
			<row2>	0.1342 0.0000 -0.9910 0.0000	</row2>
			<row3>	-0.2211 0.2770 0.7931 1.0000	</row3>
		</transform>
	</node>
	<node>
		<identifier>	MP_RM096_Paravane_INDEX_3	</identifier>
		<parent>	Scene Root	</parent>
		<transform>
			<row0>	0.0000 1.0000 0.0000 0.0000	</row0>
			<row1>	0.9910 0.0000 -0.1342 0.0000	</row1>
			<row2>	-0.1342 0.0000 -0.9910 0.0000	</row2>
			<row3>	0.2209 0.2770 0.7176 1.0000	</row3>
		</transform>
	</node>
	<node>
		<identifier>	MP_RM130_Switch_box	</identifier>
		<parent>	Scene Root	</parent>
		<transform>
			<row0>	-0.2873 0.0000 0.9578 0.0000	</row0>
			<row1>	0.0000 1.0000 0.0000 0.0000	</row1>
			<row2>	-0.9578 0.0000 -0.2873 0.0000	</row2>
			<row3>	0.1163 1.0789 1.6249 1.0000	</row3>
		</transform>
	</node>
	<node>
		<identifier>	MP_RM130_Switch_box_INDEX_1	</identifier>
		<parent>	Scene Root	</parent>
		<transform>
			<row0>	-0.2873 0.0000 -0.9578 0.0000	</row0>
			<row1>	0.0000 1.0000 0.0000 0.0000	</row1>
			<row2>	0.9578 0.0000 -0.2873 0.0000	</row2>
			<row3>	-0.1163 1.0789 1.6249 1.0000	</row3>
		</transform>
	</node>
	<node>
		<identifier>	MP_RM168_Motor_Launch_7_5m	</identifier>
		<parent>	Scene Root	</parent>
		<transform>
			<row0>	1.0000 0.0000 0.0000 0.0000	</row0>
			<row1>	0.0000 1.0000 0.0000 0.0000	</row1>
			<row2>	0.0000 0.0000 1.0000 0.0000	</row2>
			<row3>	0.3478 0.3671 1.2523 1.0000	</row3>
		</transform>
	</node>
	<node>
		<identifier>	MP_RM171_Captain_cutter_7m_ITL	</identifier>
		<parent>	Scene Root	</parent>
		<transform>
			<row0>	1.0000 0.0000 0.0000 0.0000	</row0>
			<row1>	0.0000 1.0000 0.0000 0.0000	</row1>
			<row2>	0.0000 0.0000 1.0000 0.0000	</row2>
			<row3>	-0.3478 0.4056 1.2054 1.0000	</row3>
		</transform>
	</node>
	<node>
		<identifier>	MP_RM173_Signal_lanp_450mm_MSPl452	</identifier>
		<parent>	Scene Root	</parent>
		<transform>
			<row0>	0.0000 0.0000 -1.2000 0.0000	</row0>
			<row1>	0.0978 1.1960 0.0000 0.0000	</row1>
			<row2>	1.1960 -0.0978 0.0000 0.0000	</row2>
			<row3>	0.2900 0.6774 1.6106 1.0000	</row3>
		</transform>
	</node>
	<node>
		<identifier>	MP_RM173_Signal_lanp_450mm_MSPl452_INDEX_1	</identifier>
		<parent>	Scene Root	</parent>
		<transform>
			<row0>	0.0000 0.0000 1.2000 0.0000	</row0>
			<row1>	-0.0975 1.1960 0.0000 0.0000	</row1>
			<row2>	-1.1960 -0.0975 0.0000 0.0000	</row2>
			<row3>	-0.2900 0.6775 1.6106 1.0000	</row3>
		</transform>
	</node>
	<node>
		<identifier>	MP_RM190_Searchlight_900mm_ITL	</identifier>
		<parent>	Scene Root	</parent>
		<transform>
			<row0>	1.0000 0.0000 0.0000 0.0000	</row0>
			<row1>	0.0000 1.0000 0.0000 0.0000	</row1>
			<row2>	0.0000 0.0000 1.0000 0.0000	</row2>
			<row3>	0.0000 1.1543 1.4421 1.0000	</row3>
		</transform>
	</node>
	<node>
		<identifier>	MP_RM196_Pelorus	</identifier>
		<parent>	Scene Root	</parent>
		<transform>
			<row0>	1.0000 0.0000 0.0000 0.0000	</row0>
			<row1>	0.0000 1.0000 0.0000 0.0000	</row1>
			<row2>	0.0000 0.0000 1.0000 0.0000	</row2>
			<row3>	0.2265 0.6942 1.9286 1.0000	</row3>
		</transform>
	</node>
	<node>
		<identifier>	MP_RM196_Pelorus_INDEX_1	</identifier>
		<parent>	Scene Root	</parent>
		<transform>
			<row0>	1.0000 0.0000 0.0000 0.0000	</row0>
			<row1>	0.0000 1.0000 0.0000 0.0000	</row1>
			<row2>	0.0000 0.0000 1.0000 0.0000	</row2>
			<row3>	-0.2265 0.6943 1.9286 1.0000	</row3>
		</transform>
	</node>
	<node>
		<identifier>	MP_RM205_Speaker	</identifier>
		<parent>	Scene Root	</parent>
		<transform>
			<row0>	0.9500 0.0000 0.0000 0.0000	</row0>
			<row1>	0.0000 0.9483 0.0573 0.0000	</row1>
			<row2>	0.0000 -0.0573 0.9483 0.0000	</row2>
			<row3>	0.0000 0.8623 2.1149 1.0000	</row3>
		</transform>
	</node>
	<node>
		<identifier>	MP_RM208_Flag_Box	</identifier>
		<parent>	Scene Root	</parent>
		<transform>
			<row0>	1.0000 0.0000 0.0000 0.0000	</row0>
			<row1>	0.0000 1.0000 0.0000 0.0000	</row1>
			<row2>	0.0000 0.0000 1.0000 0.0000	</row2>
			<row3>	-0.1164 0.6856 1.4044 1.0000	</row3>
		</transform>
	</node>
	<node>
		<identifier>	MP_RM208_Flag_Box_INDEX_1	</identifier>
		<parent>	Scene Root	</parent>
		<transform>
			<row0>	1.0000 0.0000 0.0000 0.0000	</row0>
			<row1>	0.0000 1.0000 0.0000 0.0000	</row1>
			<row2>	0.0000 0.0000 1.0000 0.0000	</row2>
			<row3>	0.1164 0.6856 1.4044 1.0000	</row3>
		</transform>
	</node>
	<node>
		<identifier>	MP_RM214_Life_Buoy	</identifier>
		<parent>	Scene Root	</parent>
		<transform>
			<row0>	0.3832 0.0000 -0.9237 0.0000	</row0>
			<row1>	0.0000 1.0000 0.0000 0.0000	</row1>
			<row2>	0.9237 0.0000 0.3832 0.0000	</row2>
			<row3>	-0.0707 0.7525 1.3447 1.0000	</row3>
		</transform>
	</node>
	<node>
		<identifier>	MP_RM214_Life_Buoy_INDEX_1	</identifier>
		<parent>	Scene Root	</parent>
		<transform>
			<row0>	-0.0333 0.0000 0.9994 0.0000	</row0>
			<row1>	0.0000 1.0000 0.0000 0.0000	</row1>
			<row2>	-0.9994 0.0000 -0.0333 0.0000	</row2>
			<row3>	0.3136 0.7382 1.5735 1.0000	</row3>
		</transform>
	</node>
	<node>
		<identifier>	MP_RM214_Life_Buoy_INDEX_2	</identifier>
		<parent>	Scene Root	</parent>
		<transform>
			<row0>	-0.0475 0.0000 -0.9989 0.0000	</row0>
			<row1>	0.0000 1.0000 0.0000 0.0000	</row1>
			<row2>	0.9989 0.0000 -0.0475 0.0000	</row2>
			<row3>	-0.4073 0.4262 2.4412 1.0000	</row3>
		</transform>
	</node>
	<node>
		<identifier>	MP_RM214_Life_Buoy_INDEX_3	</identifier>
		<parent>	Scene Root	</parent>
		<transform>
			<row0>	-0.0475 0.0000 0.9989 0.0000	</row0>
			<row1>	0.0000 1.0000 0.0000 0.0000	</row1>
			<row2>	-0.9989 0.0000 -0.0475 0.0000	</row2>
			<row3>	0.4073 0.4262 2.4412 1.0000	</row3>
		</transform>
	</node>
	<node>
		<identifier>	MP_RM214_Life_Buoy_INDEX_4	</identifier>
		<parent>	Scene Root	</parent>
		<transform>
			<row0>	0.3832 0.0000 0.9237 0.0000	</row0>
			<row1>	0.0000 1.0000 0.0000 0.0000	</row1>
			<row2>	-0.9237 0.0000 0.3832 0.0000	</row2>
			<row3>	0.0718 0.7526 1.3448 1.0000	</row3>
		</transform>
	</node>
	<node>
		<identifier>	MP_RM214_Life_Buoy_INDEX_5	</identifier>
		<parent>	Scene Root	</parent>
		<transform>
			<row0>	-0.0403 0.0000 -0.9992 0.0000	</row0>
			<row1>	0.0000 1.0000 0.0000 0.0000	</row1>
			<row2>	0.9992 0.0000 -0.0403 0.0000	</row2>
			<row3>	-0.3183 0.7383 1.5735 1.0000	</row3>
		</transform>
	</node>
	<node>
		<identifier>	MP_RM218_Deck_Hatch	</identifier>
		<parent>	Scene Root	</parent>
		<transform>
			<row0>	1.1000 0.0000 0.0000 0.0000	</row0>
			<row1>	0.0000 1.1000 0.0000 0.0000	</row1>
			<row2>	0.0000 0.0000 1.1000 0.0000	</row2>
			<row3>	-0.1422 0.3787 2.7629 1.0000	</row3>
		</transform>
	</node>
	<node>
		<identifier>	MP_RM218_Deck_Hatch_INDEX_1	</identifier>
		<parent>	Scene Root	</parent>
		<transform>
			<row0>	1.1000 0.0000 0.0000 0.0000	</row0>
			<row1>	0.0000 1.1000 0.0000 0.0000	</row1>
			<row2>	0.0000 0.0000 1.1000 0.0000	</row2>
			<row3>	0.2042 0.3785 2.9733 1.0000	</row3>
		</transform>
	</node>
	<node>
		<identifier>	MP_RM220_Bollard	</identifier>
		<parent>	Scene Root	</parent>
		<transform>
			<row0>	0.9999 -0.0002 -0.0103 0.0000	</row0>
			<row1>	0.0000 0.9998 -0.0201 0.0000	</row1>
			<row2>	0.0103 0.0201 0.9997 0.0000	</row2>
			<row3>	-0.4345 0.1993 0.6343 1.0000	</row3>
		</transform>
	</node>
	<node>
		<identifier>	MP_RM220_Bollard_INDEX_1	</identifier>
		<parent>	Scene Root	</parent>
		<transform>
			<row0>	0.9988 -0.0010 -0.0480 0.0000	</row0>
			<row1>	0.0000 0.9998 -0.0201 0.0000	</row1>
			<row2>	0.0480 0.0201 0.9986 0.0000	</row2>
			<row3>	-0.3929 0.3610 2.5195 1.0000	</row3>
		</transform>
	</node>
	<node>
		<identifier>	MP_RM220_Bollard_INDEX_2	</identifier>
		<parent>	Scene Root	</parent>
		<transform>
			<row0>	0.9999 0.0002 0.0103 0.0000	</row0>
			<row1>	0.0000 0.9998 -0.0201 0.0000	</row1>
			<row2>	-0.0103 0.0201 0.9997 0.0000	</row2>
			<row3>	0.4342 0.1993 0.6343 1.0000	</row3>
		</transform>
	</node>
	<node>
		<identifier>	MP_RM220_Bollard_INDEX_3	</identifier>
		<parent>	Scene Root	</parent>
		<transform>
			<row0>	0.9988 0.0010 0.0480 0.0000	</row0>
			<row1>	0.0000 0.9998 -0.0201 0.0000	</row1>
			<row2>	-0.0480 0.0201 0.9986 0.0000	</row2>
			<row3>	0.3929 0.3610 2.5195 1.0000	</row3>
		</transform>
	</node>
	<node>
		<identifier>	MP_RM225_Alarm	</identifier>
		<parent>	Scene Root	</parent>
		<transform>
			<row0>	-0.4278 0.0000 -0.9039 0.0000	</row0>
			<row1>	0.0000 1.0000 0.0000 0.0000	</row1>
			<row2>	0.9039 0.0000 -0.4278 0.0000	</row2>
			<row3>	-0.1047 1.0664 1.6553 1.0000	</row3>
		</transform>
	</node>
	<node>
		<identifier>	MP_RM225_Alarm_INDEX_1	</identifier>
		<parent>	Scene Root	</parent>
		<transform>
			<row0>	-0.1136 0.0000 -0.9935 0.0000	</row0>
			<row1>	0.0000 1.0000 0.0000 0.0000	</row1>
			<row2>	0.9935 0.0000 -0.1136 0.0000	</row2>
			<row3>	0.1840 0.4598 1.4929 1.0000	</row3>
		</transform>
	</node>
	<node>
		<identifier>	MP_RM225_Alarm_INDEX_2	</identifier>
		<parent>	Scene Root	</parent>
		<transform>
			<row0>	-0.4168 0.0000 -0.9090 0.0000	</row0>
			<row1>	0.0000 1.0000 0.0000 0.0000	</row1>
			<row2>	0.9090 0.0000 -0.4168 0.0000	</row2>
			<row3>	0.1190 0.7948 1.5974 1.0000	</row3>
		</transform>
	</node>
	<node>
		<identifier>	MP_RM225_Alarm_INDEX_3	</identifier>
		<parent>	Scene Root	</parent>
		<transform>
			<row0>	-0.4278 0.0000 0.9039 0.0000	</row0>
			<row1>	0.0000 1.0000 0.0000 0.0000	</row1>
			<row2>	-0.9039 0.0000 -0.4278 0.0000	</row2>
			<row3>	0.1047 1.0664 1.6553 1.0000	</row3>
		</transform>
	</node>
	<node>
		<identifier>	MP_RM225_Alarm_INDEX_4	</identifier>
		<parent>	Scene Root	</parent>
		<transform>
			<row0>	-0.4168 0.0000 0.9090 0.0000	</row0>
			<row1>	0.0000 1.0000 0.0000 0.0000	</row1>
			<row2>	-0.9090 0.0000 -0.4168 0.0000	</row2>
			<row3>	-0.1190 0.7948 1.5974 1.0000	</row3>
		</transform>
	</node>
	<node>
		<identifier>	MP_RM225_Alarm_INDEX_5	</identifier>
		<parent>	Scene Root	</parent>
		<transform>
			<row0>	-0.1136 0.0000 0.9935 0.0000	</row0>
			<row1>	0.0000 1.0000 0.0000 0.0000	</row1>
			<row2>	-0.9935 0.0000 -0.1136 0.0000	</row2>
			<row3>	-0.1833 0.4598 1.4888 1.0000	</row3>
		</transform>
	</node>
	<node>
		<identifier>	MP_RM231_Provisions_TA	</identifier>
		<parent>	Scene Root	</parent>
		<transform>
			<row0>	-0.0875 0.0000 -0.9962 0.0000	</row0>
			<row1>	0.0000 1.0000 0.0000 0.0000	</row1>
			<row2>	0.9962 0.0000 -0.0875 0.0000	</row2>
			<row3>	-0.3102 0.7347 1.7116 1.0000	</row3>
		</transform>
	</node>
	<node>
		<identifier>	MP_RM231_Provisions_TA_INDEX_1	</identifier>
		<parent>	Scene Root	</parent>
		<transform>
			<row0>	-0.4456 0.0000 -0.8952 0.0000	</row0>
			<row1>	0.0016 1.0000 -0.0009 0.0000	</row1>
			<row2>	0.8952 -0.0019 -0.4456 0.0000	</row2>
			<row3>	-0.0976 1.0664 1.6715 1.0000	</row3>
		</transform>
	</node>
	<node>
		<identifier>	MP_RM231_Provisions_TA_INDEX_2	</identifier>
		<parent>	Scene Root	</parent>
		<transform>
			<row0>	-0.7888 0.0000 0.6146 0.0000	</row0>
			<row1>	0.0000 1.0000 0.0000 0.0000	</row1>
			<row2>	-0.6146 0.0000 -0.7888 0.0000	</row2>
			<row3>	0.0505 1.0689 1.7307 1.0000	</row3>
		</transform>
	</node>
	<node>
		<identifier>	MP_RM231_Provisions_TA_INDEX_3	</identifier>
		<parent>	Scene Root	</parent>
		<transform>
			<row0>	-0.4456 0.0000 0.8952 0.0000	</row0>
			<row1>	-0.0016 1.0000 -0.0009 0.0000	</row1>
			<row2>	-0.8952 -0.0019 -0.4456 0.0000	</row2>
			<row3>	0.0976 1.0664 1.6715 1.0000	</row3>
		</transform>
	</node>
	<node>
		<identifier>	MP_RM231_Provisions_TA_INDEX_4	</identifier>
		<parent>	Scene Root	</parent>
		<transform>
			<row0>	-0.0875 0.0000 0.9962 0.0000	</row0>
			<row1>	0.0000 1.0000 0.0000 0.0000	</row1>
			<row2>	-0.9962 0.0000 -0.0875 0.0000	</row2>
			<row3>	0.3089 0.7337 1.7307 1.0000	</row3>
		</transform>
	</node>
	<node>
		<identifier>	MP_RM231_Provisions_TA_INDEX_5	</identifier>
		<parent>	Scene Root	</parent>
		<transform>
			<row0>	-0.0875 0.0000 0.9962 0.0000	</row0>
			<row1>	0.0000 1.0000 0.0000 0.0000	</row1>
			<row2>	-0.9962 0.0000 -0.0875 0.0000	</row2>
			<row3>	0.3106 0.7337 1.7116 1.0000	</row3>
		</transform>
	</node>
	<node>
		<identifier>	MP_RM231_Provisions_TA_INDEX_6	</identifier>
		<parent>	Scene Root	</parent>
		<transform>
			<row0>	-0.0875 0.0000 -0.9962 0.0000	</row0>
			<row1>	0.0000 1.0000 0.0000 0.0000	</row1>
			<row2>	0.9962 0.0000 -0.0875 0.0000	</row2>
			<row3>	-0.3085 0.7347 1.7307 1.0000	</row3>
		</transform>
	</node>
	<node>
		<identifier>	MP_RM233_Switch_GCL	</identifier>
		<parent>	Scene Root	</parent>
		<transform>
			<row0>	0.4478 0.0000 -0.8941 0.0000	</row0>
			<row1>	0.0000 1.0000 0.0000 0.0000	</row1>
			<row2>	0.8941 0.0000 0.4478 0.0000	</row2>
			<row3>	0.0688 1.1023 1.5581 1.0000	</row3>
		</transform>
	</node>
	<node>
		<identifier>	MP_RM233_Switch_GCL_INDEX_1	</identifier>
		<parent>	Scene Root	</parent>
		<transform>
			<row0>	-0.6143 0.0000 0.7891 0.0000	</row0>
			<row1>	0.0000 1.0000 0.0000 0.0000	</row1>
			<row2>	-0.7891 0.0000 -0.6143 0.0000	</row2>
			<row3>	0.0824 1.0663 1.6970 1.0000	</row3>
		</transform>
	</node>
	<node>
		<identifier>	MP_RM233_Switch_GCL_INDEX_2	</identifier>
		<parent>	Scene Root	</parent>
		<transform>
			<row0>	-0.0875 0.0000 -0.9962 0.0000	</row0>
			<row1>	0.0000 1.0000 0.0000 0.0000	</row1>
			<row2>	0.9962 0.0000 -0.0875 0.0000	</row2>
			<row3>	-0.3120 0.7321 1.6911 1.0000	</row3>
		</transform>
	</node>
	<node>
		<identifier>	MP_RM233_Switch_GCL_INDEX_3	</identifier>
		<parent>	Scene Root	</parent>
		<transform>
			<row0>	-0.0875 0.0000 0.9962 0.0000	</row0>
			<row1>	0.0000 1.0000 0.0000 0.0000	</row1>
			<row2>	-0.9962 0.0000 -0.0875 0.0000	</row2>
			<row3>	0.3124 0.7310 1.6911 1.0000	</row3>
		</transform>
	</node>
	<node>
		<identifier>	MP_RM233_Switch_GCL_INDEX_4	</identifier>
		<parent>	Scene Root	</parent>
		<transform>
			<row0>	-0.9721 0.0000 0.2346 0.0000	</row0>
			<row1>	0.0000 1.0000 0.0000 0.0000	</row1>
			<row2>	-0.2346 0.0000 -0.9721 0.0000	</row2>
			<row3>	0.0189 1.0648 1.7441 1.0000	</row3>
		</transform>
	</node>
	<node>
		<identifier>	MP_RM234_Transmitter_Telegraph	</identifier>
		<parent>	Scene Root	</parent>
		<transform>
			<row0>	-0.0604 0.0000 -0.9982 0.0000	</row0>
			<row1>	0.0000 1.0000 0.0000 0.0000	</row1>
			<row2>	0.9982 0.0000 -0.0604 0.0000	</row2>
			<row3>	-0.3150 0.7321 1.6452 1.0000	</row3>
		</transform>
	</node>
	<node>
		<identifier>	MP_RM234_Transmitter_Telegraph_INDEX_1	</identifier>
		<parent>	Scene Root	</parent>
		<transform>
			<row0>	-0.0604 0.0000 0.9982 0.0000	</row0>
			<row1>	0.0000 1.0000 0.0000 0.0000	</row1>
			<row2>	-0.9982 0.0000 -0.0604 0.0000	</row2>
			<row3>	0.3139 0.7310 1.6695 1.0000	</row3>
		</transform>
	</node>
	<node>
		<identifier>	MP_RM234_Transmitter_Telegraph_INDEX_2	</identifier>
		<parent>	Scene Root	</parent>
		<transform>
			<row0>	-0.9689 0.0000 -0.2475 0.0000	</row0>
			<row1>	0.0000 1.0000 0.0000 0.0000	</row1>
			<row2>	0.2475 0.0000 -0.9689 0.0000	</row2>
			<row3>	-0.0221 1.0657 1.7432 1.0000	</row3>
		</transform>
	</node>
	<node>
		<identifier>	MP_RM234_Transmitter_Telegraph_INDEX_3	</identifier>
		<parent>	Scene Root	</parent>
		<transform>
			<row0>	-0.0604 0.0000 -0.9982 0.0000	</row0>
			<row1>	0.0000 1.0000 0.0000 0.0000	</row1>
			<row2>	0.9982 0.0000 -0.0604 0.0000	</row2>
			<row3>	-0.3136 0.7321 1.6695 1.0000	</row3>
		</transform>
	</node>
	<node>
		<identifier>	MP_RM234_Transmitter_Telegraph_INDEX_4	</identifier>
		<parent>	Scene Root	</parent>
		<transform>
			<row0>	-0.0604 0.0000 0.9982 0.0000	</row0>
			<row1>	0.0000 1.0000 0.0000 0.0000	</row1>
			<row2>	-0.9982 0.0000 -0.0604 0.0000	</row2>
			<row3>	0.3154 0.7310 1.6452 1.0000	</row3>
		</transform>
	</node>
	<node>
		<identifier>	MP_RM234_Transmitter_Telegraph_INDEX_5	</identifier>
		<parent>	Scene Root	</parent>
		<transform>
			<row0>	-0.7774 0.0000 0.6289 0.0000	</row0>
			<row1>	0.0000 1.0000 0.0000 0.0000	</row1>
			<row2>	-0.6289 0.0000 -0.7774 0.0000	</row2>
			<row3>	0.0637 1.0529 1.7202 1.0000	</row3>
		</transform>
	</node>
	<node>
		<identifier>	MP_RM234_Transmitter_Telegraph_INDEX_6	</identifier>
		<parent>	Scene Root	</parent>
		<transform>
			<row0>	-0.6023 0.0000 -0.7983 0.0000	</row0>
			<row1>	0.0000 1.0000 0.0000 0.0000	</row1>
			<row2>	0.7983 0.0000 -0.6023 0.0000	</row2>
			<row3>	-0.0818 1.0658 1.6976 1.0000	</row3>
		</transform>
	</node>
	<node>
		<identifier>	MP_RM236_Telephone	</identifier>
		<parent>	Scene Root	</parent>
		<transform>
			<row0>	-0.9937 0.0000 -0.1122 0.0000	</row0>
			<row1>	0.0000 1.0000 0.0000 0.0000	</row1>
			<row2>	0.1122 0.0000 -0.9937 0.0000	</row2>
			<row3>	0.1472 0.8886 1.7905 1.0000	</row3>
		</transform>
	</node>
	<node>
		<identifier>	MP_RM236_Telephone_INDEX_1	</identifier>
		<parent>	Scene Root	</parent>
		<transform>
			<row0>	-0.9937 0.0000 0.1122 0.0000	</row0>
			<row1>	0.0000 1.0000 0.0000 0.0000	</row1>
			<row2>	-0.1122 0.0000 -0.9937 0.0000	</row2>
			<row3>	-0.1472 0.8886 1.7905 1.0000	</row3>
		</transform>
	</node>
	<node>
		<identifier>	MP_RM236_Telephone_INDEX_2	</identifier>
		<parent>	Scene Root	</parent>
		<transform>
			<row0>	0.8896 0.0000 -0.4568 0.0000	</row0>
			<row1>	0.0000 1.0000 0.0000 0.0000	</row1>
			<row2>	0.4568 0.0000 0.8896 0.0000	</row2>
			<row3>	0.0112 0.9582 1.6778 1.0000	</row3>
		</transform>
	</node>
	<node>
		<identifier>	MP_RM236_Telephone_INDEX_3	</identifier>
		<parent>	Scene Root	</parent>
		<transform>
			<row0>	1.0000 0.0000 0.0000 0.0000	</row0>
			<row1>	0.0000 1.0000 0.0000 0.0000	</row1>
			<row2>	0.0000 0.0000 1.0000 0.0000	</row2>
			<row3>	-0.0356 1.0908 1.5791 1.0000	</row3>
		</transform>
	</node>
	<node>
		<identifier>	MP_RM273_Fire_Hose_Rack_box	</identifier>
		<parent>	Scene Root	</parent>
		<transform>
			<row0>	0.6970 -0.0093 0.7171 0.0000	</row0>
			<row1>	0.0071 1.0000 0.0062 0.0000	</row1>
			<row2>	-0.7171 0.0008 0.6970 0.0000	</row2>
			<row3>	-0.0849 0.4482 2.6223 1.0000	</row3>
		</transform>
	</node>
	<node>
		<identifier>	MP_RM273_Fire_Hose_Rack_box_INDEX_1	</identifier>
		<parent>	Scene Root	</parent>
		<transform>
			<row0>	0.4021 0.0000 -0.9156 0.0000	</row0>
			<row1>	0.0000 1.0000 0.0000 0.0000	</row1>
			<row2>	0.9156 0.0000 0.4021 0.0000	</row2>
			<row3>	0.0564 0.9482 1.5952 1.0000	</row3>
		</transform>
	</node>
	<node>
		<identifier>	MP_RM273_Fire_Hose_Rack_box_INDEX_2	</identifier>
		<parent>	Scene Root	</parent>
		<transform>
			<row0>	0.0111 0.0000 0.9999 0.0000	</row0>
			<row1>	0.0000 1.0000 0.0000 0.0000	</row1>
			<row2>	-0.9999 0.0000 0.0111 0.0000	</row2>
			<row3>	-0.2067 0.2739 1.0498 1.0000	</row3>
		</transform>
	</node>
	<node>
		<identifier>	MP_RM273_Fire_Hose_Rack_box_INDEX_3	</identifier>
		<parent>	Scene Root	</parent>
		<transform>
			<row0>	-0.0713 -0.0377 -0.9967 0.0000	</row0>
			<row1>	-0.0027 0.9993 -0.0377 0.0000	</row1>
			<row2>	0.9975 0.0000 -0.0714 0.0000	</row2>
			<row3>	0.2006 0.4339 1.6645 1.0000	</row3>
		</transform>
	</node>
	<node>
		<identifier>	MP_RM273_Fire_Hose_Rack_box_INDEX_4	</identifier>
		<parent>	Scene Root	</parent>
		<transform>
			<row0>	0.0000 0.0000 -1.0000 0.0000	</row0>
			<row1>	0.0000 1.0000 0.0000 0.0000	</row1>
			<row2>	1.0000 0.0000 0.0000 0.0000	</row2>
			<row3>	0.2072 0.2738 1.0404 1.0000	</row3>
		</transform>
	</node>
	<node>
		<identifier>	MP_RM273_Fire_Hose_Rack_box_INDEX_5	</identifier>
		<parent>	Scene Root	</parent>
		<transform>
			<row0>	-0.0757 -0.0196 0.9969 0.0000	</row0>
			<row1>	-0.0023 0.9998 0.0195 0.0000	</row1>
			<row2>	-0.9971 -0.0008 -0.0757 0.0000	</row2>
			<row3>	-0.2014 0.4343 1.6976 1.0000	</row3>
		</transform>
	</node>
	<node>
		<identifier>	MP_RM309_Hatch	</identifier>
		<parent>	Scene Root	</parent>
		<transform>
			<row0>	0.0000 0.0000 1.0000 0.0000	</row0>
			<row1>	0.0000 0.5067 0.0000 0.0000	</row1>
			<row2>	-1.0000 0.0000 0.0000 0.0000	</row2>
			<row3>	0.0370 0.3473 0.7434 1.0000	</row3>
		</transform>
	</node>
	<node>
		<identifier>	MP_RM309_Hatch_INDEX_1	</identifier>
		<parent>	Scene Root	</parent>
		<transform>
			<row0>	0.0000 0.0000 -1.0000 0.0000	</row0>
			<row1>	0.0000 0.5067 0.0000 0.0000	</row1>
			<row2>	1.0000 0.0000 0.0000 0.0000	</row2>
			<row3>	-0.0374 0.3473 0.7434 1.0000	</row3>
		</transform>
	</node>
	<node>
		<identifier>	MP_RM309_Hatch_INDEX_2	</identifier>
		<parent>	Scene Root	</parent>
		<transform>
			<row0>	0.0000 0.0000 -1.0000 0.0000	</row0>
			<row1>	0.0000 0.5067 0.0000 0.0000	</row1>
			<row2>	1.0000 0.0000 0.0000 0.0000	</row2>
			<row3>	0.1090 0.3473 0.6347 1.0000	</row3>
		</transform>
	</node>
	<node>
		<identifier>	MP_RM309_Hatch_INDEX_3	</identifier>
		<parent>	Scene Root	</parent>
		<transform>
			<row0>	0.0000 0.0000 -1.0000 0.0000	</row0>
			<row1>	0.0000 0.5067 0.0000 0.0000	</row1>
			<row2>	1.0000 0.0000 0.0000 0.0000	</row2>
			<row3>	-0.1090 0.3473 0.7434 1.0000	</row3>
		</transform>
	</node>
	<node>
		<identifier>	MP_RM309_Hatch_INDEX_4	</identifier>
		<parent>	Scene Root	</parent>
		<transform>
			<row0>	0.0000 0.0000 -1.0000 0.0000	</row0>
			<row1>	0.0000 0.5067 0.0000 0.0000	</row1>
			<row2>	1.0000 0.0000 0.0000 0.0000	</row2>
			<row3>	-0.1090 0.3473 0.6347 1.0000	</row3>
		</transform>
	</node>
	<node>
		<identifier>	MP_RM309_Hatch_INDEX_5	</identifier>
		<parent>	Scene Root	</parent>
		<transform>
			<row0>	0.0000 0.0000 -1.0000 0.0000	</row0>
			<row1>	0.0000 0.5067 0.0000 0.0000	</row1>
			<row2>	1.0000 0.0000 0.0000 0.0000	</row2>
			<row3>	0.1090 0.3473 0.7434 1.0000	</row3>
		</transform>
	</node>
	<node>
		<identifier>	MP_RM405_Compass_KMO_T	</identifier>
		<parent>	Scene Root	</parent>
		<transform>
			<row0>	-1.0000 0.0000 0.0000 0.0000	</row0>
			<row1>	0.0000 1.0000 0.0000 0.0000	</row1>
			<row2>	0.0000 0.0000 -1.0000 0.0000	</row2>
			<row3>	0.0000 0.6822 2.1547 1.0000	</row3>
		</transform>
	</node>
</RSD048_Tashkent_1941_MidFront.skel_ext>
