<ASB303_Tennessee_1945_Bow_ep.skel_ext>
	<exported>	false	</exported>
	<node>
		<identifier>	EP_Death_1	</identifier>
		<parent>	Scene Root	</parent>
		<transform>
			<row0>	1.0000 0.0000 0.0000 0.0000	</row0>
			<row1>	0.0000 1.0000 0.0000 0.0000	</row1>
			<row2>	0.0000 0.0000 1.0000 0.0000	</row2>
			<row3>	0.0000 0.0000 3.2758 1.0000	</row3>
		</transform>
	</node>
	<node>
		<identifier>	EP_Fire_1	</identifier>
		<parent>	Scene Root	</parent>
		<transform>
			<row0>	1.0000 0.0000 0.0000 0.0000	</row0>
			<row1>	0.0000 1.0000 0.0000 0.0000	</row1>
			<row2>	0.0000 0.0000 1.0000 0.0000	</row2>
			<row3>	-0.0168 0.3903 4.9422 1.0000	</row3>
		</transform>
	</node>
	<node>
		<identifier>	EP_Flood_water_left_3	</identifier>
		<parent>	Scene Root	</parent>
		<transform>
			<row0>	-0.9038 -0.2917 0.3133 0.0000	</row0>
			<row1>	-0.3071 0.9517 0.0000 0.0000	</row1>
			<row2>	-0.2982 -0.0962 -0.9497 0.0000	</row2>
			<row3>	-0.3674 0.0676 4.9011 1.0000	</row3>
		</transform>
	</node>
	<node>
		<identifier>	EP_Flood_water_right_3	</identifier>
		<parent>	Scene Root	</parent>
		<transform>
			<row0>	0.9055 -0.3333 0.2627 0.0000	</row0>
			<row1>	0.3454 0.9384 0.0000 0.0000	</row1>
			<row2>	-0.2465 0.0907 0.9649 0.0000	</row2>
			<row3>	0.3699 0.0660 4.9035 1.0000	</row3>
		</transform>
	</node>
	<node>
		<identifier>	EP_RepairLight_left_1	</identifier>
		<parent>	Scene Root	</parent>
		<transform>
			<row0>	0.1341 0.0000 0.9910 0.0000	</row0>
			<row1>	0.0000 1.0000 0.0000 0.0000	</row1>
			<row2>	-0.9910 0.0000 0.1341 0.0000	</row2>
			<row3>	-0.7743 0.3978 3.3610 1.0000	</row3>
		</transform>
	</node>
	<node>
		<identifier>	EP_RepairLight_right_1	</identifier>
		<parent>	Scene Root	</parent>
		<transform>
			<row0>	0.0000 0.0000 -1.0000 0.0000	</row0>
			<row1>	0.0000 1.0000 0.0000 0.0000	</row1>
			<row2>	1.0000 0.0000 0.0000 0.0000	</row2>
			<row3>	0.6338 0.4028 4.3558 1.0000	</row3>
		</transform>
	</node>
	<node>
		<identifier>	EP_WakeTrace	</identifier>
		<parent>	Scene Root	</parent>
		<transform>
			<row0>	1.0000 0.0000 0.0000 0.0000	</row0>
			<row1>	0.0000 1.0000 0.0000 0.0000	</row1>
			<row2>	0.0000 0.0000 1.0000 0.0000	</row2>
			<row3>	0.0000 0.0000 6.0947 1.0000	</row3>
		</transform>
	</node>
</ASB303_Tennessee_1945_Bow_ep.skel_ext>
