<GSB034_Mackensen_1920_MidBack_ep.skel_ext>
	<exported>	false	</exported>
	<node>
		<identifier>	EP_Death_2	</identifier>
		<parent>	Scene Root	</parent>
		<transform>
			<row0>	1.0000 0.0000 0.0000 0.0000	</row0>
			<row1>	0.0000 1.0000 0.0000 0.0000	</row1>
			<row2>	0.0000 0.0000 1.0000 0.0000	</row2>
			<row3>	0.0000 0.0000 0.0000 1.0000	</row3>
		</transform>
	</node>
	<node>
		<identifier>	EP_Death_3	</identifier>
		<parent>	Scene Root	</parent>
		<transform>
			<row0>	1.0000 0.0000 0.0000 0.0000	</row0>
			<row1>	0.0000 1.0000 0.0000 0.0000	</row1>
			<row2>	0.0000 0.0000 1.0000 0.0000	</row2>
			<row3>	0.0000 0.0000 -3.4814 1.0000	</row3>
		</transform>
	</node>
	<node>
		<identifier>	EP_Fire_3	</identifier>
		<parent>	Scene Root	</parent>
		<transform>
			<row0>	1.0000 0.0000 0.0000 0.0000	</row0>
			<row1>	0.0000 1.0000 0.0000 0.0000	</row1>
			<row2>	0.0000 0.0000 1.0000 0.0000	</row2>
			<row3>	0.0000 0.5882 -0.8137 1.0000	</row3>
		</transform>
	</node>
	<node>
		<identifier>	EP_Fire_3_side_1	</identifier>
		<parent>	Scene Root	</parent>
		<transform>
			<row0>	0.9777 0.0000 -0.2103 0.0000	</row0>
			<row1>	0.0000 1.0000 0.0000 0.0000	</row1>
			<row2>	0.2103 0.0000 0.9777 0.0000	</row2>
			<row3>	-0.7704 0.3318 -0.4741 1.0000	</row3>
		</transform>
	</node>
	<node>
		<identifier>	EP_Fire_3_side_2	</identifier>
		<parent>	Scene Root	</parent>
		<transform>
			<row0>	0.9666 0.0000 0.2563 0.0000	</row0>
			<row1>	0.0000 1.0000 0.0000 0.0000	</row1>
			<row2>	-0.2563 0.0000 0.9666 0.0000	</row2>
			<row3>	0.6056 0.3169 -3.0021 1.0000	</row3>
		</transform>
	</node>
	<node>
		<identifier>	EP_Fire_5_1	</identifier>
		<parent>	Scene Root	</parent>
		<transform>
			<row0>	1.0000 0.0000 0.0000 0.0000	</row0>
			<row1>	0.0000 1.0000 0.0000 0.0000	</row1>
			<row2>	0.0000 0.0000 1.0000 0.0000	</row2>
			<row3>	0.0000 0.5113 -0.1235 1.0000	</row3>
		</transform>
	</node>
	<node>
		<identifier>	EP_FloodLight_left_1	</identifier>
		<parent>	Scene Root	</parent>
		<transform>
			<row0>	-1.0000 0.0000 0.0024 0.0000	</row0>
			<row1>	0.0000 1.0000 0.0000 0.0000	</row1>
			<row2>	-0.0024 0.0000 -1.0000 0.0000	</row2>
			<row3>	-0.2779 0.4458 -1.5912 1.0000	</row3>
		</transform>
	</node>
	<node>
		<identifier>	EP_FloodLight_right_1	</identifier>
		<parent>	Scene Root	</parent>
		<transform>
			<row0>	0.9998 0.0000 0.0199 0.0000	</row0>
			<row1>	0.0000 1.0000 0.0000 0.0000	</row1>
			<row2>	-0.0199 0.0000 0.9998 0.0000	</row2>
			<row3>	0.2779 0.4458 -1.5912 1.0000	</row3>
		</transform>
	</node>
	<node>
		<identifier>	EP_Flood_steam_3	</identifier>
		<parent>	Scene Root	</parent>
		<transform>
			<row0>	0.9295 -0.3688 0.0000 0.0000	</row0>
			<row1>	0.3688 0.9295 0.0000 0.0000	</row1>
			<row2>	0.0000 0.0000 1.0000 0.0000	</row2>
			<row3>	0.1439 1.5212 -0.6197 1.0000	</row3>
		</transform>
	</node>
	<node>
		<identifier>	EP_Flood_steam_4	</identifier>
		<parent>	Scene Root	</parent>
		<transform>
			<row0>	0.9295 0.3688 0.0000 0.0000	</row0>
			<row1>	-0.3688 0.9295 0.0000 0.0000	</row1>
			<row2>	0.0000 0.0000 1.0000 0.0000	</row2>
			<row3>	-0.1439 1.5212 -0.6197 1.0000	</row3>
		</transform>
	</node>
	<node>
		<identifier>	EP_Flood_steam_right	</identifier>
		<parent>	Scene Root	</parent>
		<transform>
			<row0>	1.0000 0.0000 0.0000 0.0000	</row0>
			<row1>	0.0000 1.0000 0.0000 0.0000	</row1>
			<row2>	0.0000 0.0000 1.0000 0.0000	</row2>
			<row3>	0.7073 0.2579 -3.1289 1.0000	</row3>
		</transform>
	</node>
	<node>
		<identifier>	EP_Flood_water_left_2	</identifier>
		<parent>	Scene Root	</parent>
		<transform>
			<row0>	-0.9945 0.0000 -0.1050 0.0000	</row0>
			<row1>	0.0000 1.0000 0.0000 0.0000	</row1>
			<row2>	0.1050 0.0000 -0.9945 0.0000	</row2>
			<row3>	-0.9472 0.0256 -2.7713 1.0000	</row3>
		</transform>
	</node>
	<node>
		<identifier>	EP_Flood_water_right_2	</identifier>
		<parent>	Scene Root	</parent>
		<transform>
			<row0>	0.9988 0.0000 -0.0480 0.0000	</row0>
			<row1>	0.0000 1.0000 0.0000 0.0000	</row1>
			<row2>	0.0480 0.0000 0.9988 0.0000	</row2>
			<row3>	0.9475 0.0260 -2.7716 1.0000	</row3>
		</transform>
	</node>
	<node>
		<identifier>	EP_RepairLight_right_1	</identifier>
		<parent>	Scene Root	</parent>
		<transform>
			<row0>	-0.0428 0.0000 -0.9991 0.0000	</row0>
			<row1>	0.0041 1.0000 -0.0002 0.0000	</row1>
			<row2>	0.9991 -0.0041 -0.0428 0.0000	</row2>
			<row3>	0.7333 0.3156 -2.5200 1.0000	</row3>
		</transform>
	</node>
	<node>
		<identifier>	EP_Smoke_2	</identifier>
		<parent>	Scene Root	</parent>
		<transform>
			<row0>	0.9987 0.0514 0.0000 0.0000	</row0>
			<row1>	-0.0514 0.9987 0.0000 0.0000	</row1>
			<row2>	0.0000 0.0000 1.0000 0.0000	</row2>
			<row3>	0.0000 1.4562 -0.5545 1.0000	</row3>
		</transform>
	</node>
</GSB034_Mackensen_1920_MidBack_ep.skel_ext>
