<FSC303_Amiral_Lartigue_1955_Stern_ports.visual>
	<skeleton>
		<node>
			<identifier>	Scene Root	</identifier>
			<transform>
				<row0>	1.0000 0.0000 0.0000 0.0000	</row0>
				<row1>	0.0000 1.0000 0.0000 0.0000	</row1>
				<row2>	0.0000 0.0000 1.0000 0.0000	</row2>
				<row3>	0.0000 0.0000 0.0000 1.0000	</row3>
			</transform>
			<node>
				<identifier>	Stern_ports	</identifier>
				<transform>
					<row0>	1.0000 0.0000 0.0000 0.0000	</row0>
					<row1>	0.0000 1.0000 0.0000 0.0000	</row1>
					<row2>	0.0000 0.0000 1.0000 0.0000	</row2>
					<row3>	0.0000 0.0000 0.0000 1.0000	</row3>
				</transform>
				<node>
					<identifier>	HP_DeckLand	</identifier>
					<transform>
						<row0>	1.0000 0.0000 0.0000 0.0000	</row0>
						<row1>	0.0000 1.0000 0.0000 0.0000	</row1>
						<row2>	0.0000 0.0000 1.0000 0.0000	</row2>
						<row3>	0.0000 1.3505 -8.7524 1.0000	</row3>
					</transform>
				</node>
				<node>
					<identifier>	HP_Deck_00	</identifier>
					<transform>
						<row0>	1.0000 0.0000 0.0000 0.0000	</row0>
						<row1>	0.0000 1.0000 0.0000 0.0000	</row1>
						<row2>	0.0000 0.0000 1.0000 0.0000	</row2>
						<row3>	0.0000 0.9571 -6.9227 1.0000	</row3>
					</transform>
				</node>
				<node>
					<identifier>	HP_Deck_01	</identifier>
					<transform>
						<row0>	0.9659 0.0000 -0.2588 0.0000	</row0>
						<row1>	0.0000 1.0000 0.0000 0.0000	</row1>
						<row2>	0.2588 0.0000 0.9659 0.0000	</row2>
						<row3>	-0.1107 0.9566 -6.1014 1.0000	</row3>
					</transform>
				</node>
				<node>
					<identifier>	HP_Deck_02	</identifier>
					<transform>
						<row0>	0.9659 0.0000 0.2588 0.0000	</row0>
						<row1>	0.0000 1.0000 0.0000 0.0000	</row1>
						<row2>	-0.2588 0.0000 0.9659 0.0000	</row2>
						<row3>	0.2276 0.9566 -5.4489 1.0000	</row3>
					</transform>
				</node>
				<node>
					<identifier>	HP_Deck_03	</identifier>
					<transform>
						<row0>	0.9659 0.0000 -0.2588 0.0000	</row0>
						<row1>	0.0000 1.0000 0.0000 0.0000	</row1>
						<row2>	0.2588 0.0000 0.9659 0.0000	</row2>
						<row3>	-0.2471 0.9566 -4.8563 1.0000	</row3>
					</transform>
				</node>
				<node>
					<identifier>	HP_Deck_04	</identifier>
					<transform>
						<row0>	0.9659 0.0000 0.2588 0.0000	</row0>
						<row1>	0.0000 1.0000 0.0000 0.0000	</row1>
						<row2>	-0.2588 0.0000 0.9659 0.0000	</row2>
						<row3>	0.2062 0.9566 -4.2650 1.0000	</row3>
					</transform>
				</node>
				<node>
					<identifier>	HP_Deck_05	</identifier>
					<transform>
						<row0>	1.0000 0.0000 0.0000 0.0000	</row0>
						<row1>	0.0000 1.0000 0.0000 0.0000	</row1>
						<row2>	0.0000 0.0000 1.0000 0.0000	</row2>
						<row3>	0.0477 0.9566 -3.3755 1.0000	</row3>
					</transform>
				</node>
				<node>
					<identifier>	HP_DisappearPoint	</identifier>
					<transform>
						<row0>	1.0000 0.0000 0.0000 0.0000	</row0>
						<row1>	0.0000 1.0000 0.0000 0.0000	</row1>
						<row2>	0.0000 0.0000 1.0000 0.0000	</row2>
						<row3>	0.0000 1.1517 -7.9737 1.0000	</row3>
					</transform>
				</node>
				<node>
					<identifier>	HP_FGS_10	</identifier>
					<transform>
						<row0>	0.0000 0.0000 -1.0000 0.0000	</row0>
						<row1>	0.0000 1.0000 0.0000 0.0000	</row1>
						<row2>	1.0000 0.0000 0.0000 0.0000	</row2>
						<row3>	0.9001 0.4097 -3.4276 1.0000	</row3>
					</transform>
				</node>
				<node>
					<identifier>	HP_FGS_11	</identifier>
					<transform>
						<row0>	0.0000 0.0000 1.0000 0.0000	</row0>
						<row1>	0.0000 1.0000 0.0000 0.0000	</row1>
						<row2>	-1.0000 0.0000 0.0000 0.0000	</row2>
						<row3>	-0.8547 0.4110 -4.1182 1.0000	</row3>
					</transform>
				</node>
				<node>
					<identifier>	HP_FGS_12	</identifier>
					<transform>
						<row0>	0.0000 0.0000 -1.0000 0.0000	</row0>
						<row1>	0.0000 1.0000 0.0000 0.0000	</row1>
						<row2>	1.0000 0.0000 0.0000 0.0000	</row2>
						<row3>	0.8547 0.4110 -4.1182 1.0000	</row3>
					</transform>
				</node>
				<node>
					<identifier>	HP_FGS_13	</identifier>
					<transform>
						<row0>	-0.9659 0.0000 0.2588 0.0000	</row0>
						<row1>	0.0000 1.0000 0.0000 0.0000	</row1>
						<row2>	-0.2588 0.0000 -0.9659 0.0000	</row2>
						<row3>	-0.8056 0.4409 -4.6960 1.0000	</row3>
					</transform>
				</node>
				<node>
					<identifier>	HP_FGS_14	</identifier>
					<transform>
						<row0>	-0.9659 0.0000 -0.2588 0.0000	</row0>
						<row1>	0.0000 1.0000 0.0000 0.0000	</row1>
						<row2>	0.2588 0.0000 -0.9659 0.0000	</row2>
						<row3>	0.8056 0.4409 -4.6960 1.0000	</row3>
					</transform>
				</node>
				<node>
					<identifier>	HP_FGS_15	</identifier>
					<transform>
						<row0>	-0.9914 0.0000 0.1305 0.0000	</row0>
						<row1>	0.0000 1.0000 0.0000 0.0000	</row1>
						<row2>	-0.1305 0.0000 -0.9914 0.0000	</row2>
						<row3>	-0.7397 0.4409 -5.3642 1.0000	</row3>
					</transform>
				</node>
				<node>
					<identifier>	HP_FGS_16	</identifier>
					<transform>
						<row0>	-0.9914 0.0000 -0.1305 0.0000	</row0>
						<row1>	0.0000 1.0000 0.0000 0.0000	</row1>
						<row2>	0.1305 0.0000 -0.9914 0.0000	</row2>
						<row3>	0.7397 0.4409 -5.3642 1.0000	</row3>
					</transform>
				</node>
				<node>
					<identifier>	HP_FGS_9	</identifier>
					<transform>
						<row0>	0.0000 0.0000 1.0000 0.0000	</row0>
						<row1>	0.0000 1.0000 0.0000 0.0000	</row1>
						<row2>	-1.0000 0.0000 0.0000 0.0000	</row2>
						<row3>	-0.9001 0.4097 -3.4276 1.0000	</row3>
					</transform>
				</node>
				<node>
					<identifier>	HP_FX_Death_3	</identifier>
					<transform>
						<row0>	1.0000 0.0000 0.0000 0.0000	</row0>
						<row1>	0.0000 1.0000 0.0000 0.0000	</row1>
						<row2>	0.0000 0.0000 1.0000 0.0000	</row2>
						<row3>	0.0000 0.0000 -5.4845 1.0000	</row3>
					</transform>
				</node>
				<node>
					<identifier>	HP_FX_Fire_3_side_3	</identifier>
					<transform>
						<row0>	1.0000 0.0000 0.0000 0.0000	</row0>
						<row1>	0.0000 1.0000 0.0000 0.0000	</row1>
						<row2>	0.0000 0.0000 1.0000 0.0000	</row2>
						<row3>	-0.4437 0.9353 -4.2000 1.0000	</row3>
					</transform>
				</node>
				<node>
					<identifier>	HP_FX_Fire_4	</identifier>
					<transform>
						<row0>	1.0000 0.0000 0.0000 0.0000	</row0>
						<row1>	0.0000 1.0000 0.0000 0.0000	</row1>
						<row2>	0.0000 0.0000 1.0000 0.0000	</row2>
						<row3>	0.0000 0.9570 -5.2212 1.0000	</row3>
					</transform>
				</node>
				<node>
					<identifier>	HP_FX_Fire_4_side_1	</identifier>
					<transform>
						<row0>	1.0000 0.0000 0.0000 0.0000	</row0>
						<row1>	0.0000 1.0000 0.0000 0.0000	</row1>
						<row2>	0.0000 0.0000 1.0000 0.0000	</row2>
						<row3>	-0.6361 0.9565 -4.9532 1.0000	</row3>
					</transform>
				</node>
				<node>
					<identifier>	HP_FX_Fire_4_side_2	</identifier>
					<transform>
						<row0>	1.0000 0.0000 0.0000 0.0000	</row0>
						<row1>	0.0000 1.0000 0.0000 0.0000	</row1>
						<row2>	0.0000 0.0000 1.0000 0.0000	</row2>
						<row3>	0.2282 0.4846 -7.7750 1.0000	</row3>
					</transform>
				</node>
				<node>
					<identifier>	HP_FX_Fire_4_side_3	</identifier>
					<transform>
						<row0>	1.0000 0.0000 0.0000 0.0000	</row0>
						<row1>	0.0000 1.0000 0.0000 0.0000	</row1>
						<row2>	0.0000 0.0000 1.0000 0.0000	</row2>
						<row3>	0.4533 0.9565 -6.4482 1.0000	</row3>
					</transform>
				</node>
				<node>
					<identifier>	HP_FX_RepairLight_left_1	</identifier>
					<transform>
						<row0>	-0.0736 0.0000 0.9973 0.0000	</row0>
						<row1>	-0.0759 0.9971 -0.0056 0.0000	</row1>
						<row2>	-0.9944 -0.0761 -0.0734 0.0000	</row2>
						<row3>	-0.5522 0.4381 -6.7178 1.0000	</row3>
					</transform>
				</node>
				<node>
					<identifier>	HP_FX_RepairLight_right_1	</identifier>
					<transform>
						<row0>	-0.0736 0.0000 -0.9973 0.0000	</row0>
						<row1>	0.0759 0.9971 -0.0056 0.0000	</row1>
						<row2>	0.9944 -0.0761 -0.0734 0.0000	</row2>
						<row3>	0.6364 0.4126 -6.2767 1.0000	</row3>
					</transform>
				</node>
				<node>
					<identifier>	HP_FX_WakeTraceBack	</identifier>
					<transform>
						<row0>	1.0000 0.0000 0.0000 0.0000	</row0>
						<row1>	0.0000 1.0000 0.0000 0.0000	</row1>
						<row2>	0.0000 0.0000 1.0000 0.0000	</row2>
						<row3>	0.0000 0.0000 -8.0906 1.0000	</row3>
					</transform>
				</node>
				<node>
					<identifier>	HP_FX_WakeTrace_screw_1	</identifier>
					<transform>
						<row0>	1.0000 0.0000 0.0000 0.0000	</row0>
						<row1>	0.0000 1.0000 0.0000 0.0000	</row1>
						<row2>	0.0000 0.0000 1.0000 0.0000	</row2>
						<row3>	-0.3977 -0.3964 -6.4478 1.0000	</row3>
					</transform>
				</node>
				<node>
					<identifier>	HP_FX_WakeTrace_screw_2	</identifier>
					<transform>
						<row0>	1.0000 0.0000 0.0000 0.0000	</row0>
						<row1>	0.0000 1.0000 0.0000 0.0000	</row1>
						<row2>	0.0000 0.0000 1.0000 0.0000	</row2>
						<row3>	0.0000 -0.3960 -7.0727 1.0000	</row3>
					</transform>
				</node>
				<node>
					<identifier>	HP_FX_WakeTrace_screw_3	</identifier>
					<transform>
						<row0>	1.0000 0.0000 0.0000 0.0000	</row0>
						<row1>	0.0000 1.0000 0.0000 0.0000	</row1>
						<row2>	0.0000 0.0000 1.0000 0.0000	</row2>
						<row3>	0.3975 -0.3945 -6.4479 1.0000	</row3>
					</transform>
				</node>
				<node>
					<identifier>	HP_Ship_death_3	</identifier>
					<transform>
						<row0>	1.0000 0.0000 0.0000 0.0000	</row0>
						<row1>	0.0000 1.0000 0.0000 0.0000	</row1>
						<row2>	0.0000 0.0000 1.0000 0.0000	</row2>
						<row3>	0.0000 0.0000 -3.1563 1.0000	</row3>
					</transform>
				</node>
				<node>
					<identifier>	MP_CM094_Propeller3_L	</identifier>
					<transform>
						<row0>	1.1000 0.0000 0.0000 0.0000	</row0>
						<row1>	0.0000 1.1000 0.0000 0.0000	</row1>
						<row2>	0.0000 0.0000 1.1000 0.0000	</row2>
						<row3>	0.0000 -0.3955 -7.0885 1.0000	</row3>
					</transform>
				</node>
				<node>
					<identifier>	MP_CM094_Propeller3_L_INDEX_1	</identifier>
					<transform>
						<row0>	1.1000 0.0000 0.0000 0.0000	</row0>
						<row1>	0.0000 1.1000 0.0000 0.0000	</row1>
						<row2>	0.0000 0.0000 1.1000 0.0000	</row2>
						<row3>	-0.3976 -0.3935 -6.4652 1.0000	</row3>
					</transform>
				</node>
				<node>
					<identifier>	MP_CM095_Propeller3_R	</identifier>
					<transform>
						<row0>	1.1000 0.0000 0.0000 0.0000	</row0>
						<row1>	0.0000 1.1000 0.0000 0.0000	</row1>
						<row2>	0.0000 0.0000 1.1000 0.0000	</row2>
						<row3>	0.3976 -0.3935 -6.4652 1.0000	</row3>
					</transform>
				</node>
				<node>
					<identifier>	MP_FM005_Bench	</identifier>
					<transform>
						<row0>	0.0000 0.0000 -1.0000 0.0000	</row0>
						<row1>	0.0000 1.0000 0.0000 0.0000	</row1>
						<row2>	1.0000 0.0000 0.0000 0.0000	</row2>
						<row3>	-0.0383 0.4185 -7.4376 1.0000	</row3>
					</transform>
				</node>
				<node>
					<identifier>	MP_FM005_Bench_INDEX_1	</identifier>
					<transform>
						<row0>	0.0000 0.0000 1.0000 0.0000	</row0>
						<row1>	0.0000 1.0000 0.0000 0.0000	</row1>
						<row2>	-1.0000 0.0000 0.0000 0.0000	</row2>
						<row3>	0.0383 0.4185 -7.4376 1.0000	</row3>
					</transform>
				</node>
				<node>
					<identifier>	MP_FM015_Life_Buoy	</identifier>
					<transform>
						<row0>	0.0000 0.0000 -1.0000 0.0000	</row0>
						<row1>	0.0000 1.0000 0.0000 0.0000	</row1>
						<row2>	1.0000 0.0000 0.0000 0.0000	</row2>
						<row3>	-0.2248 0.4978 -7.2289 1.0000	</row3>
					</transform>
				</node>
				<node>
					<identifier>	MP_FM015_Life_Buoy_INDEX_1	</identifier>
					<transform>
						<row0>	0.0000 0.0000 -1.0000 0.0000	</row0>
						<row1>	0.0000 1.0000 0.0000 0.0000	</row1>
						<row2>	1.0000 0.0000 0.0000 0.0000	</row2>
						<row3>	0.2258 0.4978 -6.8963 1.0000	</row3>
					</transform>
				</node>
				<node>
					<identifier>	MP_FM016_Reels	</identifier>
					<transform>
						<row0>	0.0000 0.0000 -1.0000 0.0000	</row0>
						<row1>	0.0000 1.0000 0.0000 0.0000	</row1>
						<row2>	1.0000 0.0000 0.0000 0.0000	</row2>
						<row3>	-0.2218 0.4205 -7.0725 1.0000	</row3>
					</transform>
				</node>
				<node>
					<identifier>	MP_FM016_Reels_INDEX_1	</identifier>
					<transform>
						<row0>	0.0000 0.0000 1.0000 0.0000	</row0>
						<row1>	0.0000 1.0000 0.0000 0.0000	</row1>
						<row2>	-1.0000 0.0000 0.0000 0.0000	</row2>
						<row3>	0.2218 0.4205 -7.0725 1.0000	</row3>
					</transform>
				</node>
				<node>
					<identifier>	MP_FM513_9m_Motorboat	</identifier>
					<transform>
						<row0>	0.9735 0.0008 -0.2286 0.0000	</row0>
						<row1>	0.0000 1.0000 0.0036 0.0000	</row1>
						<row2>	0.2286 -0.0035 0.9735 0.0000	</row2>
						<row3>	0.2046 0.4393 -7.9198 1.0000	</row3>
					</transform>
				</node>
				<node>
					<identifier>	MP_FM526_Raft	</identifier>
					<transform>
						<row0>	0.1040 0.0000 0.9946 0.0000	</row0>
						<row1>	0.9946 0.0000 -0.1040 0.0000	</row1>
						<row2>	0.0000 1.0000 0.0000 0.0000	</row2>
						<row3>	0.6556 0.9011 -7.1179 1.0000	</row3>
					</transform>
				</node>
				<node>
					<identifier>	MP_FM526_Raft_INDEX_1	</identifier>
					<transform>
						<row0>	0.1040 0.0000 0.9946 0.0000	</row0>
						<row1>	0.9946 0.0000 -0.1040 0.0000	</row1>
						<row2>	0.0000 1.0000 0.0000 0.0000	</row2>
						<row3>	0.6688 0.9011 -7.0121 1.0000	</row3>
					</transform>
				</node>
				<node>
					<identifier>	MP_FM526_Raft_INDEX_10	</identifier>
					<transform>
						<row0>	0.1040 0.0000 0.9946 0.0000	</row0>
						<row1>	0.9946 0.0000 -0.1040 0.0000	</row1>
						<row2>	0.0000 1.0000 0.0000 0.0000	</row2>
						<row3>	0.7879 0.9011 -6.0503 1.0000	</row3>
					</transform>
				</node>
				<node>
					<identifier>	MP_FM526_Raft_INDEX_11	</identifier>
					<transform>
						<row0>	0.1040 0.0000 -0.9946 0.0000	</row0>
						<row1>	-0.9946 0.0000 -0.1040 0.0000	</row1>
						<row2>	0.0000 1.0000 0.0000 0.0000	</row2>
						<row3>	-0.6556 0.9011 -7.1179 1.0000	</row3>
					</transform>
				</node>
				<node>
					<identifier>	MP_FM526_Raft_INDEX_12	</identifier>
					<transform>
						<row0>	0.1040 0.0000 -0.9946 0.0000	</row0>
						<row1>	-0.9946 0.0000 -0.1040 0.0000	</row1>
						<row2>	0.0000 1.0000 0.0000 0.0000	</row2>
						<row3>	-0.6688 0.9011 -7.0121 1.0000	</row3>
					</transform>
				</node>
				<node>
					<identifier>	MP_FM526_Raft_INDEX_13	</identifier>
					<transform>
						<row0>	0.1040 0.0000 -0.9946 0.0000	</row0>
						<row1>	-0.9946 0.0000 -0.1040 0.0000	</row1>
						<row2>	0.0000 1.0000 0.0000 0.0000	</row2>
						<row3>	-0.6824 0.9011 -6.9022 1.0000	</row3>
					</transform>
				</node>
				<node>
					<identifier>	MP_FM526_Raft_INDEX_14	</identifier>
					<transform>
						<row0>	0.1040 0.0000 -0.9946 0.0000	</row0>
						<row1>	-0.9946 0.0000 -0.1040 0.0000	</row1>
						<row2>	0.0000 1.0000 0.0000 0.0000	</row2>
						<row3>	-0.6957 0.9011 -6.7946 1.0000	</row3>
					</transform>
				</node>
				<node>
					<identifier>	MP_FM526_Raft_INDEX_15	</identifier>
					<transform>
						<row0>	0.1040 0.0000 -0.9946 0.0000	</row0>
						<row1>	-0.9946 0.0000 -0.1040 0.0000	</row1>
						<row2>	0.0000 1.0000 0.0000 0.0000	</row2>
						<row3>	-0.7092 0.9011 -6.6858 1.0000	</row3>
					</transform>
				</node>
				<node>
					<identifier>	MP_FM526_Raft_INDEX_16	</identifier>
					<transform>
						<row0>	0.1040 0.0000 -0.9946 0.0000	</row0>
						<row1>	-0.9946 0.0000 -0.1040 0.0000	</row1>
						<row2>	0.0000 1.0000 0.0000 0.0000	</row2>
						<row3>	-0.7228 0.9011 -6.5761 1.0000	</row3>
					</transform>
				</node>
				<node>
					<identifier>	MP_FM526_Raft_INDEX_17	</identifier>
					<transform>
						<row0>	0.1040 0.0000 -0.9946 0.0000	</row0>
						<row1>	-0.9946 0.0000 -0.1040 0.0000	</row1>
						<row2>	0.0000 1.0000 0.0000 0.0000	</row2>
						<row3>	-0.7360 0.9011 -6.4695 1.0000	</row3>
					</transform>
				</node>
				<node>
					<identifier>	MP_FM526_Raft_INDEX_18	</identifier>
					<transform>
						<row0>	0.1040 0.0000 -0.9946 0.0000	</row0>
						<row1>	-0.9946 0.0000 -0.1040 0.0000	</row1>
						<row2>	0.0000 1.0000 0.0000 0.0000	</row2>
						<row3>	-0.7495 0.9011 -6.3604 1.0000	</row3>
					</transform>
				</node>
				<node>
					<identifier>	MP_FM526_Raft_INDEX_19	</identifier>
					<transform>
						<row0>	0.1040 0.0000 -0.9946 0.0000	</row0>
						<row1>	-0.9946 0.0000 -0.1040 0.0000	</row1>
						<row2>	0.0000 1.0000 0.0000 0.0000	</row2>
						<row3>	-0.7627 0.9011 -6.2540 1.0000	</row3>
					</transform>
				</node>
				<node>
					<identifier>	MP_FM526_Raft_INDEX_2	</identifier>
					<transform>
						<row0>	0.1040 0.0000 0.9946 0.0000	</row0>
						<row1>	0.9946 0.0000 -0.1040 0.0000	</row1>
						<row2>	0.0000 1.0000 0.0000 0.0000	</row2>
						<row3>	0.6824 0.9011 -6.9022 1.0000	</row3>
					</transform>
				</node>
				<node>
					<identifier>	MP_FM526_Raft_INDEX_20	</identifier>
					<transform>
						<row0>	0.1040 0.0000 -0.9946 0.0000	</row0>
						<row1>	-0.9946 0.0000 -0.1040 0.0000	</row1>
						<row2>	0.0000 1.0000 0.0000 0.0000	</row2>
						<row3>	-0.7755 0.9011 -6.1504 1.0000	</row3>
					</transform>
				</node>
				<node>
					<identifier>	MP_FM526_Raft_INDEX_21	</identifier>
					<transform>
						<row0>	0.1040 0.0000 -0.9946 0.0000	</row0>
						<row1>	-0.9946 0.0000 -0.1040 0.0000	</row1>
						<row2>	0.0000 1.0000 0.0000 0.0000	</row2>
						<row3>	-0.7879 0.9011 -6.0503 1.0000	</row3>
					</transform>
				</node>
				<node>
					<identifier>	MP_FM526_Raft_INDEX_3	</identifier>
					<transform>
						<row0>	0.1040 0.0000 0.9946 0.0000	</row0>
						<row1>	0.9946 0.0000 -0.1040 0.0000	</row1>
						<row2>	0.0000 1.0000 0.0000 0.0000	</row2>
						<row3>	0.6957 0.9011 -6.7946 1.0000	</row3>
					</transform>
				</node>
				<node>
					<identifier>	MP_FM526_Raft_INDEX_4	</identifier>
					<transform>
						<row0>	0.1040 0.0000 0.9946 0.0000	</row0>
						<row1>	0.9946 0.0000 -0.1040 0.0000	</row1>
						<row2>	0.0000 1.0000 0.0000 0.0000	</row2>
						<row3>	0.7092 0.9011 -6.6858 1.0000	</row3>
					</transform>
				</node>
				<node>
					<identifier>	MP_FM526_Raft_INDEX_5	</identifier>
					<transform>
						<row0>	0.1040 0.0000 0.9946 0.0000	</row0>
						<row1>	0.9946 0.0000 -0.1040 0.0000	</row1>
						<row2>	0.0000 1.0000 0.0000 0.0000	</row2>
						<row3>	0.7228 0.9011 -6.5761 1.0000	</row3>
					</transform>
				</node>
				<node>
					<identifier>	MP_FM526_Raft_INDEX_6	</identifier>
					<transform>
						<row0>	0.1040 0.0000 0.9946 0.0000	</row0>
						<row1>	0.9946 0.0000 -0.1040 0.0000	</row1>
						<row2>	0.0000 1.0000 0.0000 0.0000	</row2>
						<row3>	0.7360 0.9011 -6.4695 1.0000	</row3>
					</transform>
				</node>
				<node>
					<identifier>	MP_FM526_Raft_INDEX_7	</identifier>
					<transform>
						<row0>	0.1040 0.0000 0.9946 0.0000	</row0>
						<row1>	0.9946 0.0000 -0.1040 0.0000	</row1>
						<row2>	0.0000 1.0000 0.0000 0.0000	</row2>
						<row3>	0.7495 0.9011 -6.3604 1.0000	</row3>
					</transform>
				</node>
				<node>
					<identifier>	MP_FM526_Raft_INDEX_8	</identifier>
					<transform>
						<row0>	0.1040 0.0000 0.9946 0.0000	</row0>
						<row1>	0.9946 0.0000 -0.1040 0.0000	</row1>
						<row2>	0.0000 1.0000 0.0000 0.0000	</row2>
						<row3>	0.7627 0.9011 -6.2540 1.0000	</row3>
					</transform>
				</node>
				<node>
					<identifier>	MP_FM526_Raft_INDEX_9	</identifier>
					<transform>
						<row0>	0.1040 0.0000 0.9946 0.0000	</row0>
						<row1>	0.9946 0.0000 -0.1040 0.0000	</row1>
						<row2>	0.0000 1.0000 0.0000 0.0000	</row2>
						<row3>	0.7755 0.9011 -6.1504 1.0000	</row3>
					</transform>
				</node>
				<node>
					<identifier>	MP_FM530_Rafts_3	</identifier>
					<transform>
						<row0>	0.0000 0.0000 -1.0000 0.0000	</row0>
						<row1>	0.0000 1.0000 0.0000 0.0000	</row1>
						<row2>	1.0000 0.0000 0.0000 0.0000	</row2>
						<row3>	-0.3407 0.4194 -6.8465 1.0000	</row3>
					</transform>
				</node>
				<node>
					<identifier>	MP_FM530_Rafts_3_INDEX_1	</identifier>
					<transform>
						<row0>	0.0000 0.0000 -1.0000 0.0000	</row0>
						<row1>	0.0000 1.0000 0.0000 0.0000	</row1>
						<row2>	1.0000 0.0000 0.0000 0.0000	</row2>
						<row3>	-0.3407 0.4194 -6.9446 1.0000	</row3>
					</transform>
				</node>
				<node>
					<identifier>	MP_FM530_Rafts_3_INDEX_10	</identifier>
					<transform>
						<row0>	0.0000 0.0000 -1.0000 0.0000	</row0>
						<row1>	0.0000 1.0000 0.0000 0.0000	</row1>
						<row2>	1.0000 0.0000 0.0000 0.0000	</row2>
						<row3>	-0.2412 0.4194 -7.5150 1.0000	</row3>
					</transform>
				</node>
				<node>
					<identifier>	MP_FM530_Rafts_3_INDEX_11	</identifier>
					<transform>
						<row0>	0.0000 0.0000 1.0000 0.0000	</row0>
						<row1>	0.0000 1.0000 0.0000 0.0000	</row1>
						<row2>	-1.0000 0.0000 0.0000 0.0000	</row2>
						<row3>	0.3407 0.4194 -7.1416 1.0000	</row3>
					</transform>
				</node>
				<node>
					<identifier>	MP_FM530_Rafts_3_INDEX_12	</identifier>
					<transform>
						<row0>	0.0000 0.0000 1.0000 0.0000	</row0>
						<row1>	0.0000 1.0000 0.0000 0.0000	</row1>
						<row2>	-1.0000 0.0000 0.0000 0.0000	</row2>
						<row3>	0.3246 0.4194 -7.2310 1.0000	</row3>
					</transform>
				</node>
				<node>
					<identifier>	MP_FM530_Rafts_3_INDEX_13	</identifier>
					<transform>
						<row0>	0.0000 0.0000 1.0000 0.0000	</row0>
						<row1>	0.0000 1.0000 0.0000 0.0000	</row1>
						<row2>	-1.0000 0.0000 0.0000 0.0000	</row2>
						<row3>	0.2677 0.4194 -7.3347 1.0000	</row3>
					</transform>
				</node>
				<node>
					<identifier>	MP_FM530_Rafts_3_INDEX_14	</identifier>
					<transform>
						<row0>	0.0000 0.0000 1.0000 0.0000	</row0>
						<row1>	0.0000 1.0000 0.0000 0.0000	</row1>
						<row2>	-1.0000 0.0000 0.0000 0.0000	</row2>
						<row3>	0.2521 0.4194 -7.4256 1.0000	</row3>
					</transform>
				</node>
				<node>
					<identifier>	MP_FM530_Rafts_3_INDEX_15	</identifier>
					<transform>
						<row0>	0.0000 0.0000 1.0000 0.0000	</row0>
						<row1>	0.0000 1.0000 0.0000 0.0000	</row1>
						<row2>	-1.0000 0.0000 0.0000 0.0000	</row2>
						<row3>	0.2412 0.4194 -7.5150 1.0000	</row3>
					</transform>
				</node>
				<node>
					<identifier>	MP_FM530_Rafts_3_INDEX_2	</identifier>
					<transform>
						<row0>	0.0000 0.0000 -1.0000 0.0000	</row0>
						<row1>	0.0000 1.0000 0.0000 0.0000	</row1>
						<row2>	1.0000 0.0000 0.0000 0.0000	</row2>
						<row3>	-0.3407 0.4194 -7.0444 1.0000	</row3>
					</transform>
				</node>
				<node>
					<identifier>	MP_FM530_Rafts_3_INDEX_3	</identifier>
					<transform>
						<row0>	0.0000 0.0000 1.0000 0.0000	</row0>
						<row1>	0.0000 1.0000 0.0000 0.0000	</row1>
						<row2>	-1.0000 0.0000 0.0000 0.0000	</row2>
						<row3>	0.3407 0.4194 -6.8465 1.0000	</row3>
					</transform>
				</node>
				<node>
					<identifier>	MP_FM530_Rafts_3_INDEX_4	</identifier>
					<transform>
						<row0>	0.0000 0.0000 1.0000 0.0000	</row0>
						<row1>	0.0000 1.0000 0.0000 0.0000	</row1>
						<row2>	-1.0000 0.0000 0.0000 0.0000	</row2>
						<row3>	0.3407 0.4194 -6.9446 1.0000	</row3>
					</transform>
				</node>
				<node>
					<identifier>	MP_FM530_Rafts_3_INDEX_5	</identifier>
					<transform>
						<row0>	0.0000 0.0000 1.0000 0.0000	</row0>
						<row1>	0.0000 1.0000 0.0000 0.0000	</row1>
						<row2>	-1.0000 0.0000 0.0000 0.0000	</row2>
						<row3>	0.3407 0.4194 -7.0444 1.0000	</row3>
					</transform>
				</node>
				<node>
					<identifier>	MP_FM530_Rafts_3_INDEX_6	</identifier>
					<transform>
						<row0>	0.0000 0.0000 -1.0000 0.0000	</row0>
						<row1>	0.0000 1.0000 0.0000 0.0000	</row1>
						<row2>	1.0000 0.0000 0.0000 0.0000	</row2>
						<row3>	-0.3407 0.4194 -7.1416 1.0000	</row3>
					</transform>
				</node>
				<node>
					<identifier>	MP_FM530_Rafts_3_INDEX_7	</identifier>
					<transform>
						<row0>	0.0000 0.0000 -1.0000 0.0000	</row0>
						<row1>	0.0000 1.0000 0.0000 0.0000	</row1>
						<row2>	1.0000 0.0000 0.0000 0.0000	</row2>
						<row3>	-0.3246 0.4194 -7.2310 1.0000	</row3>
					</transform>
				</node>
				<node>
					<identifier>	MP_FM530_Rafts_3_INDEX_8	</identifier>
					<transform>
						<row0>	0.0000 0.0000 -1.0000 0.0000	</row0>
						<row1>	0.0000 1.0000 0.0000 0.0000	</row1>
						<row2>	1.0000 0.0000 0.0000 0.0000	</row2>
						<row3>	-0.2677 0.4194 -7.3347 1.0000	</row3>
					</transform>
				</node>
				<node>
					<identifier>	MP_FM530_Rafts_3_INDEX_9	</identifier>
					<transform>
						<row0>	0.0000 0.0000 -1.0000 0.0000	</row0>
						<row1>	0.0000 1.0000 0.0000 0.0000	</row1>
						<row2>	1.0000 0.0000 0.0000 0.0000	</row2>
						<row3>	-0.2521 0.4194 -7.4256 1.0000	</row3>
					</transform>
				</node>
				<node>
					<identifier>	MP_FM537_5m_yawl	</identifier>
					<transform>
						<row0>	-0.9659 0.0000 -0.2588 0.0000	</row0>
						<row1>	0.0000 1.0000 0.0000 0.0000	</row1>
						<row2>	0.2588 0.0000 -0.9659 0.0000	</row2>
						<row3>	-0.1982 0.4713 -7.8401 1.0000	</row3>
					</transform>
				</node>
				<node>
					<identifier>	MP_FM537_5m_yawl_INDEX_1	</identifier>
					<transform>
						<row0>	-0.9659 0.0000 0.2588 0.0000	</row0>
						<row1>	0.0000 1.0000 0.0000 0.0000	</row1>
						<row2>	-0.2588 0.0000 -0.9659 0.0000	</row2>
						<row3>	0.0525 0.4713 -7.8401 1.0000	</row3>
					</transform>
				</node>
				<node>
					<identifier>	MP_FM851_Mastheadlight	</identifier>
					<transform>
						<row0>	-1.0000 0.0000 0.0000 0.0000	</row0>
						<row1>	0.0000 1.0000 0.0000 0.0000	</row1>
						<row2>	0.0000 0.0000 -1.0000 0.0000	</row2>
						<row3>	0.0000 0.4758 -8.4709 1.0000	</row3>
					</transform>
				</node>
				<node>
					<identifier>	MP_FM857_Signal_White	</identifier>
					<transform>
						<row0>	-0.8660 0.0000 0.5000 0.0000	</row0>
						<row1>	0.0000 1.0000 0.0000 0.0000	</row1>
						<row2>	-0.5000 0.0000 -0.8660 0.0000	</row2>
						<row3>	0.0000 0.9775 -8.6462 1.0000	</row3>
					</transform>
				</node>
				<node>
					<identifier>	MP_FM904_Crane	</identifier>
					<transform>
						<row0>	-1.0000 0.0000 0.0000 0.0000	</row0>
						<row1>	0.0000 1.0000 0.0000 0.0000	</row1>
						<row2>	0.0000 0.0000 -1.0000 0.0000	</row2>
						<row3>	-0.0122 0.4934 -8.1232 1.0000	</row3>
					</transform>
				</node>
			</node>
		</node>
	</skeleton>
	<properties>
		<underwaterModel>	false	</underwaterModel>
		<abovewaterModel>	true	</abovewaterModel>
	</properties>
	<boundingBox>
		<min>	-0.0667 -0.0667 -0.0667	</min>
		<max>	0.0667 0.0667 0.0667	</max>
	</boundingBox>
	<renderSets />
	<lods>
		<lod>
			<extent>	200.0000	</extent>
			<castsShadow>	true	</castsShadow>
			<renderSets />
		</lod>
	</lods>
</FSC303_Amiral_Lartigue_1955_Stern_ports.visual>
