<BGM078_16_45_MkII_Rounded.skel_ext>
	<exported>	true	</exported>
	<node>
		<identifier>	MP_BM705_Ammunition_Box	</identifier>
		<parent>	Rotate_Y	</parent>
		<transform>
			<row0>	-0.2489 0.0000 -0.9685 0.0000	</row0>
			<row1>	0.0000 1.0000 0.0000 0.0000	</row1>
			<row2>	0.9685 0.0000 -0.2489 0.0000	</row2>
			<row3>	-0.1377 0.2095 -0.5517 1.0000	</row3>
		</transform>
	</node>
	<node>
		<identifier>	MP_BM705_Ammunition_Box_INDEX_1	</identifier>
		<parent>	Rotate_Y	</parent>
		<transform>
			<row0>	-0.2489 0.0000 0.9685 0.0000	</row0>
			<row1>	0.0000 1.0000 0.0000 0.0000	</row1>
			<row2>	-0.9685 0.0000 -0.2489 0.0000	</row2>
			<row3>	0.1377 0.2095 -0.5517 1.0000	</row3>
		</transform>
	</node>
	<node>
		<identifier>	SP_YMS100_YGBS_M_1_INDEX_1	</identifier>
		<parent>	Rotate_X	</parent>
		<transform>
			<row0>	1.1370 0.0000 0.0000 0.0000	</row0>
			<row1>	0.0000 1.1370 0.0000 0.0000	</row1>
			<row2>	0.0000 0.0000 1.1370 0.0000	</row2>
			<row3>	-0.1742 0.0000 0.1446 1.0000	</row3>
		</transform>
	</node>
	<node>
		<identifier>	SP_YMS100_YGBS_M_1_INDEX_2	</identifier>
		<parent>	Rotate_X	</parent>
		<transform>
			<row0>	1.1370 0.0000 0.0000 0.0000	</row0>
			<row1>	0.0000 1.1370 0.0000 0.0000	</row1>
			<row2>	0.0000 0.0000 1.1370 0.0000	</row2>
			<row3>	0.0000 0.0000 0.1446 1.0000	</row3>
		</transform>
	</node>
	<node>
		<identifier>	SP_YMS100_YGBS_M_1_INDEX_4	</identifier>
		<parent>	Rotate_X	</parent>
		<transform>
			<row0>	1.1370 0.0000 0.0000 0.0000	</row0>
			<row1>	0.0000 1.1370 0.0000 0.0000	</row1>
			<row2>	0.0000 0.0000 1.1370 0.0000	</row2>
			<row3>	0.1742 0.0000 0.1446 1.0000	</row3>
		</transform>
	</node>
	<node>
		<identifier>	SP_YMS101_YGCS_M_1	</identifier>
		<parent>	Rotate_Y	</parent>
		<transform>
			<row0>	1.3170 0.0000 0.0000 0.0000	</row0>
			<row1>	0.0000 1.5190 0.0000 0.0000	</row1>
			<row2>	0.0000 0.0000 1.2910 0.0000	</row2>
			<row3>	-0.1743 0.0088 0.4682 1.0000	</row3>
		</transform>
	</node>
	<node>
		<identifier>	SP_YMS101_YGCS_M_1_INDEX_2	</identifier>
		<parent>	Rotate_Y	</parent>
		<transform>
			<row0>	1.3170 0.0000 0.0000 0.0000	</row0>
			<row1>	0.0000 1.5190 0.0000 0.0000	</row1>
			<row2>	0.0000 0.0000 1.2910 0.0000	</row2>
			<row3>	0.0000 0.0088 0.4682 1.0000	</row3>
		</transform>
	</node>
	<node>
		<identifier>	SP_YMS101_YGCS_M_1_INDEX_4	</identifier>
		<parent>	Rotate_Y	</parent>
		<transform>
			<row0>	1.3170 0.0000 0.0000 0.0000	</row0>
			<row1>	0.0000 1.5190 0.0000 0.0000	</row1>
			<row2>	0.0000 0.0000 1.2910 0.0000	</row2>
			<row3>	0.1743 0.0088 0.4682 1.0000	</row3>
		</transform>
	</node>
	<node>
		<identifier>	SP_YMS102_YGFL_M_1	</identifier>
		<parent>	Rotate_Y	</parent>
		<transform>
			<row0>	-1.3524 0.0000 0.0000 0.0000	</row0>
			<row1>	0.0000 1.5360 0.0000 0.0000	</row1>
			<row2>	0.0000 0.0000 -1.5360 0.0000	</row2>
			<row3>	-0.2913 0.2511 -0.3480 1.0000	</row3>
		</transform>
	</node>
	<node>
		<identifier>	SP_YMS103_YGFR_M_1_INDEX_1	</identifier>
		<parent>	Rotate_Y	</parent>
		<transform>
			<row0>	-1.3524 0.0000 0.0000 0.0000	</row0>
			<row1>	0.0000 1.5360 0.0000 0.0000	</row1>
			<row2>	0.0000 0.0000 -1.5360 0.0000	</row2>
			<row3>	0.2913 0.2511 -0.3480 1.0000	</row3>
		</transform>
	</node>
	<node>
		<identifier>	SP_YMS104_YGRS_M_1_INDEX_1	</identifier>
		<parent>	Roll_Back1	</parent>
		<transform>
			<row0>	1.1370 0.0000 0.0000 0.0000	</row0>
			<row1>	0.0000 1.1370 0.0000 0.0000	</row1>
			<row2>	0.0000 0.0000 1.1370 0.0000	</row2>
			<row3>	-0.1742 0.0000 0.0000 1.0000	</row3>
		</transform>
	</node>
	<node>
		<identifier>	SP_YMS104_YGRS_M_1_INDEX_2	</identifier>
		<parent>	Roll_Back1	</parent>
		<transform>
			<row0>	1.1370 0.0000 0.0000 0.0000	</row0>
			<row1>	0.0000 1.1370 0.0000 0.0000	</row1>
			<row2>	0.0000 0.0000 1.1370 0.0000	</row2>
			<row3>	0.0000 0.0000 0.0000 1.0000	</row3>
		</transform>
	</node>
	<node>
		<identifier>	SP_YMS104_YGRS_M_1_INDEX_4	</identifier>
		<parent>	Roll_Back1	</parent>
		<transform>
			<row0>	1.1370 0.0000 0.0000 0.0000	</row0>
			<row1>	0.0000 1.1370 0.0000 0.0000	</row1>
			<row2>	0.0000 0.0000 1.1370 0.0000	</row2>
			<row3>	0.1742 0.0000 0.0000 1.0000	</row3>
		</transform>
	</node>
	<node>
		<identifier>	SP_YMS105_YGLC_M_1	</identifier>
		<parent>	Rotate_Y	</parent>
		<transform>
			<row0>	1.0000 0.0000 0.0000 0.0000	</row0>
			<row1>	0.0000 0.9971 0.0760 0.0000	</row1>
			<row2>	0.0000 -0.0760 0.9971 0.0000	</row2>
			<row3>	0.0000 0.1978 0.0730 1.0000	</row3>
		</transform>
	</node>
	<node>
		<identifier>	SP_YMS106_YGLL_M_1_INDEX_1	</identifier>
		<parent>	Rotate_Y	</parent>
		<transform>
			<row0>	0.9218 -0.2954 -0.2510 0.0000	</row0>
			<row1>	0.3000 0.9537 -0.0206 0.0000	</row1>
			<row2>	0.2455 -0.0564 0.9678 0.0000	</row2>
			<row3>	-0.3250 0.0999 0.1662 1.0000	</row3>
		</transform>
	</node>
	<node>
		<identifier>	SP_YMS107_YGLR_M_1_INDEX_1	</identifier>
		<parent>	Rotate_Y	</parent>
		<transform>
			<row0>	0.9218 0.2954 0.2510 0.0000	</row0>
			<row1>	-0.3000 0.9537 -0.0206 0.0000	</row1>
			<row2>	-0.2455 -0.0564 0.9678 0.0000	</row2>
			<row3>	0.3250 0.0999 0.1662 1.0000	</row3>
		</transform>
	</node>
</BGM078_16_45_MkII_Rounded.skel_ext>
