<ZSD301_Nanning_1955_MidFront.skel_ext>
	<exported>	true	</exported>
	<node>
		<identifier>	MP_CM011_Fire_Fighting_Gear	</identifier>
		<parent>	Scene Root	</parent>
		<transform>
			<row0>	0.0000 0.0000 1.0000 0.0000	</row0>
			<row1>	0.0000 1.0000 0.0000 0.0000	</row1>
			<row2>	-1.0000 0.0000 0.0000 0.0000	</row2>
			<row3>	0.0930 0.2218 0.5644 1.0000	</row3>
		</transform>
	</node>
	<node>
		<identifier>	MP_CM011_Fire_Fighting_Gear_INDEX_1	</identifier>
		<parent>	Scene Root	</parent>
		<transform>
			<row0>	0.0000 0.0000 -1.0000 0.0000	</row0>
			<row1>	0.0000 1.0000 0.0000 0.0000	</row1>
			<row2>	1.0000 0.0000 0.0000 0.0000	</row2>
			<row3>	-0.0930 0.2218 0.5644 1.0000	</row3>
		</transform>
	</node>
	<node>
		<identifier>	MP_CM011_Fire_Fighting_Gear_INDEX_2	</identifier>
		<parent>	Scene Root	</parent>
		<transform>
			<row0>	0.0000 0.0000 -1.0000 0.0000	</row0>
			<row1>	0.0000 1.0000 0.0000 0.0000	</row1>
			<row2>	1.0000 0.0000 0.0000 0.0000	</row2>
			<row3>	-0.1963 0.3660 2.1592 1.0000	</row3>
		</transform>
	</node>
	<node>
		<identifier>	MP_CM011_Fire_Fighting_Gear_INDEX_3	</identifier>
		<parent>	Scene Root	</parent>
		<transform>
			<row0>	0.0000 0.0000 1.0000 0.0000	</row0>
			<row1>	0.0000 1.0000 0.0000 0.0000	</row1>
			<row2>	-1.0000 0.0000 0.0000 0.0000	</row2>
			<row3>	0.1963 0.3660 2.1592 1.0000	</row3>
		</transform>
	</node>
	<node>
		<identifier>	MP_CM011_Fire_Fighting_Gear_INDEX_4	</identifier>
		<parent>	Scene Root	</parent>
		<transform>
			<row0>	1.0000 0.0000 0.0000 0.0000	</row0>
			<row1>	0.0000 1.0000 0.0000 0.0000	</row1>
			<row2>	0.0000 0.0000 1.0000 0.0000	</row2>
			<row3>	0.1153 0.3686 3.3214 1.0000	</row3>
		</transform>
	</node>
	<node>
		<identifier>	MP_CM013_Fire_Hose_Rack_2	</identifier>
		<parent>	Scene Root	</parent>
		<transform>
			<row0>	0.9851 -0.0535 -0.1634 0.0000	</row0>
			<row1>	0.0540 0.9985 -0.0015 0.0000	</row1>
			<row2>	0.1632 -0.0074 0.9866 0.0000	</row2>
			<row3>	-0.1825 0.4420 2.1580 1.0000	</row3>
		</transform>
	</node>
	<node>
		<identifier>	MP_CM013_Fire_Hose_Rack_2_INDEX_1	</identifier>
		<parent>	Scene Root	</parent>
		<transform>
			<row0>	-1.0000 0.0000 0.0000 0.0000	</row0>
			<row1>	0.0000 1.0000 0.0000 0.0000	</row1>
			<row2>	0.0000 0.0000 -1.0000 0.0000	</row2>
			<row3>	0.0859 0.2932 0.5635 1.0000	</row3>
		</transform>
	</node>
	<node>
		<identifier>	MP_CM013_Fire_Hose_Rack_2_INDEX_2	</identifier>
		<parent>	Scene Root	</parent>
		<transform>
			<row0>	0.4516 0.0000 0.8922 0.0000	</row0>
			<row1>	0.0000 1.0000 0.0000 0.0000	</row1>
			<row2>	-0.8922 0.0000 0.4516 0.0000	</row2>
			<row3>	0.0903 0.3894 3.3461 1.0000	</row3>
		</transform>
	</node>
	<node>
		<identifier>	MP_CM013_Fire_Hose_Rack_2_INDEX_3	</identifier>
		<parent>	Scene Root	</parent>
		<transform>
			<row0>	1.0000 0.0000 0.0000 0.0000	</row0>
			<row1>	0.0000 1.0000 0.0000 0.0000	</row1>
			<row2>	0.0000 0.0000 1.0000 0.0000	</row2>
			<row3>	-0.0859 0.2930 0.5627 1.0000	</row3>
		</transform>
	</node>
	<node>
		<identifier>	MP_CM013_Fire_Hose_Rack_2_INDEX_4	</identifier>
		<parent>	Scene Root	</parent>
		<transform>
			<row0>	-0.9864 -0.0536 -0.1552 0.0000	</row0>
			<row1>	-0.0540 0.9985 -0.0015 0.0000	</row1>
			<row2>	0.1550 0.0069 -0.9879 0.0000	</row2>
			<row3>	0.1823 0.4422 2.1594 1.0000	</row3>
		</transform>
	</node>
	<node>
		<identifier>	MP_CM014_Fuel_Oil_Hose	</identifier>
		<parent>	Scene Root	</parent>
		<transform>
			<row0>	1.0000 0.0000 0.0000 0.0000	</row0>
			<row1>	0.0000 1.0000 0.0000 0.0000	</row1>
			<row2>	0.0000 0.0000 1.0000 0.0000	</row2>
			<row3>	-0.0873 0.2562 1.3498 1.0000	</row3>
		</transform>
	</node>
	<node>
		<identifier>	MP_CM014_Fuel_Oil_Hose_INDEX_1	</identifier>
		<parent>	Scene Root	</parent>
		<transform>
			<row0>	1.0000 0.0000 0.0000 0.0000	</row0>
			<row1>	0.0000 1.0000 0.0000 0.0000	</row1>
			<row2>	0.0000 0.0000 1.0000 0.0000	</row2>
			<row3>	-0.0873 0.2843 1.3498 1.0000	</row3>
		</transform>
	</node>
	<node>
		<identifier>	MP_CM014_Fuel_Oil_Hose_INDEX_2	</identifier>
		<parent>	Scene Root	</parent>
		<transform>
			<row0>	-1.0000 0.0000 0.0000 0.0000	</row0>
			<row1>	0.0000 -1.0000 0.0000 0.0000	</row1>
			<row2>	0.0000 0.0000 1.0000 0.0000	</row2>
			<row3>	0.0873 0.2562 1.3498 1.0000	</row3>
		</transform>
	</node>
	<node>
		<identifier>	MP_CM014_Fuel_Oil_Hose_INDEX_3	</identifier>
		<parent>	Scene Root	</parent>
		<transform>
			<row0>	-1.0000 0.0000 0.0000 0.0000	</row0>
			<row1>	0.0000 -1.0000 0.0000 0.0000	</row1>
			<row2>	0.0000 0.0000 1.0000 0.0000	</row2>
			<row3>	0.0873 0.2843 1.3498 1.0000	</row3>
		</transform>
	</node>
	<node>
		<identifier>	MP_CM029_Emergency_Box	</identifier>
		<parent>	Scene Root	</parent>
		<transform>
			<row0>	0.4007 0.0000 0.9162 0.0000	</row0>
			<row1>	0.0000 1.0000 0.0000 0.0000	</row1>
			<row2>	-0.9162 0.0000 0.4007 0.0000	</row2>
			<row3>	0.1379 0.4464 1.8758 1.0000	</row3>
		</transform>
	</node>
	<node>
		<identifier>	MP_CM029_Emergency_Box_INDEX_1	</identifier>
		<parent>	Scene Root	</parent>
		<transform>
			<row0>	0.4007 0.0000 -0.9162 0.0000	</row0>
			<row1>	0.0000 1.0000 0.0000 0.0000	</row1>
			<row2>	0.9162 0.0000 0.4007 0.0000	</row2>
			<row3>	-0.1379 0.4464 1.8758 1.0000	</row3>
		</transform>
	</node>
	<node>
		<identifier>	MP_CM029_Emergency_Box_INDEX_2	</identifier>
		<parent>	Scene Root	</parent>
		<transform>
			<row0>	0.0000 0.0000 1.0000 0.0000	</row0>
			<row1>	0.0000 1.0000 0.0000 0.0000	</row1>
			<row2>	-1.0000 0.0000 0.0000 0.0000	</row2>
			<row3>	0.0904 0.2951 0.4587 1.0000	</row3>
		</transform>
	</node>
	<node>
		<identifier>	MP_CM029_Emergency_Box_INDEX_3	</identifier>
		<parent>	Scene Root	</parent>
		<transform>
			<row0>	0.0000 0.0000 -1.0000 0.0000	</row0>
			<row1>	0.0000 1.0000 0.0000 0.0000	</row1>
			<row2>	1.0000 0.0000 0.0000 0.0000	</row2>
			<row3>	-0.0904 0.2951 0.4587 1.0000	</row3>
		</transform>
	</node>
	<node>
		<identifier>	MP_CM029_Emergency_Box_INDEX_4	</identifier>
		<parent>	Scene Root	</parent>
		<transform>
			<row0>	1.0000 0.0000 0.0000 0.0000	</row0>
			<row1>	0.0000 1.0000 0.0000 0.0000	</row1>
			<row2>	0.0000 0.0000 1.0000 0.0000	</row2>
			<row3>	0.0000 0.7547 1.7234 1.0000	</row3>
		</transform>
	</node>
	<node>
		<identifier>	MP_CM029_Emergency_Box_INDEX_5	</identifier>
		<parent>	Scene Root	</parent>
		<transform>
			<row0>	1.0000 0.0000 0.0000 0.0000	</row0>
			<row1>	0.0000 1.0000 0.0000 0.0000	</row1>
			<row2>	0.0000 0.0000 1.0000 0.0000	</row2>
			<row3>	-0.1352 0.2951 1.4607 1.0000	</row3>
		</transform>
	</node>
	<node>
		<identifier>	MP_CM029_Emergency_Box_INDEX_6	</identifier>
		<parent>	Scene Root	</parent>
		<transform>
			<row0>	1.0000 0.0000 0.0000 0.0000	</row0>
			<row1>	0.0000 1.0000 0.0000 0.0000	</row1>
			<row2>	0.0000 0.0000 1.0000 0.0000	</row2>
			<row3>	0.1352 0.2951 1.4607 1.0000	</row3>
		</transform>
	</node>
	<node>
		<identifier>	MP_CM029_Emergency_Box_INDEX_7	</identifier>
		<parent>	Scene Root	</parent>
		<transform>
			<row0>	0.0000 0.0000 1.0000 0.0000	</row0>
			<row1>	0.0000 1.0000 0.0000 0.0000	</row1>
			<row2>	-1.0000 0.0000 0.0000 0.0000	</row2>
			<row3>	-0.1388 0.5526 2.3685 1.0000	</row3>
		</transform>
	</node>
	<node>
		<identifier>	MP_CM029_Emergency_Box_INDEX_8	</identifier>
		<parent>	Scene Root	</parent>
		<transform>
			<row0>	0.0000 0.0000 1.0000 0.0000	</row0>
			<row1>	0.0000 1.0000 0.0000 0.0000	</row1>
			<row2>	-1.0000 0.0000 0.0000 0.0000	</row2>
			<row3>	0.0790 0.5957 1.8192 1.0000	</row3>
		</transform>
	</node>
	<node>
		<identifier>	MP_CM029_Emergency_Box_INDEX_9	</identifier>
		<parent>	Scene Root	</parent>
		<transform>
			<row0>	0.0000 0.0000 -1.0000 0.0000	</row0>
			<row1>	0.0000 1.0000 0.0000 0.0000	</row1>
			<row2>	1.0000 0.0000 0.0000 0.0000	</row2>
			<row3>	-0.0790 0.5957 1.8192 1.0000	</row3>
		</transform>
	</node>
	<node>
		<identifier>	MP_CM053_Telegraph	</identifier>
		<parent>	Scene Root	</parent>
		<transform>
			<row0>	1.0000 0.0000 0.0000 0.0000	</row0>
			<row1>	0.0000 1.0000 0.0000 0.0000	</row1>
			<row2>	0.0000 0.0000 1.0000 0.0000	</row2>
			<row3>	0.0733 0.6740 2.0711 1.0000	</row3>
		</transform>
	</node>
	<node>
		<identifier>	MP_CM053_Telegraph_INDEX_1	</identifier>
		<parent>	Scene Root	</parent>
		<transform>
			<row0>	1.0000 0.0000 0.0000 0.0000	</row0>
			<row1>	0.0000 1.0000 0.0000 0.0000	</row1>
			<row2>	0.0000 0.0000 1.0000 0.0000	</row2>
			<row3>	0.0959 0.6740 2.0444 1.0000	</row3>
		</transform>
	</node>
	<node>
		<identifier>	MP_CM056_Ships_bell	</identifier>
		<parent>	Scene Root	</parent>
		<transform>
			<row0>	0.8000 0.0000 0.0000 0.0000	</row0>
			<row1>	0.0000 0.8000 0.0000 0.0000	</row1>
			<row2>	0.0000 0.0000 0.8000 0.0000	</row2>
			<row3>	-0.0005 0.4858 1.7047 1.0000	</row3>
		</transform>
	</node>
	<node>
		<identifier>	MP_CM057_Accommodation_Ladder_Closed	</identifier>
		<parent>	Scene Root	</parent>
		<transform>
			<row0>	0.6662 0.0334 0.0000 0.0000	</row0>
			<row1>	-0.0334 0.6662 0.0035 0.0000	</row1>
			<row2>	0.0001 -0.0035 0.6670 0.0000	</row2>
			<row3>	-0.2113 0.2189 0.4991 1.0000	</row3>
		</transform>
	</node>
	<node>
		<identifier>	MP_CM057_Accommodation_Ladder_Closed_INDEX_1	</identifier>
		<parent>	Scene Root	</parent>
		<transform>
			<row0>	0.6669 -0.0141 0.0000 0.0000	</row0>
			<row1>	0.0141 0.6668 0.0035 0.0000	</row1>
			<row2>	0.0000 -0.0035 0.6670 0.0000	</row2>
			<row3>	0.1489 0.2206 0.4991 1.0000	</row3>
		</transform>
	</node>
	<node>
		<identifier>	MP_CM092_Siren	</identifier>
		<parent>	Scene Root	</parent>
		<transform>
			<row0>	1.2330 0.0000 0.0000 0.0000	</row0>
			<row1>	0.0000 1.2330 0.0000 0.0000	</row1>
			<row2>	0.0000 0.0000 1.2330 0.0000	</row2>
			<row3>	-0.0795 0.6385 0.6677 1.0000	</row3>
		</transform>
	</node>
	<node>
		<identifier>	MP_CM092_Siren_INDEX_1	</identifier>
		<parent>	Scene Root	</parent>
		<transform>
			<row0>	1.2330 0.0000 0.0000 0.0000	</row0>
			<row1>	0.0000 1.2330 0.0000 0.0000	</row1>
			<row2>	0.0000 0.0000 1.2330 0.0000	</row2>
			<row3>	0.0795 0.6385 0.6677 1.0000	</row3>
		</transform>
	</node>
	<node>
		<identifier>	MP_CM126_Cleat	</identifier>
		<parent>	Scene Root	</parent>
		<transform>
			<row0>	0.5000 0.8660 0.0000 0.0000	</row0>
			<row1>	0.0000 0.0000 1.0000 0.0000	</row1>
			<row2>	0.8660 -0.5000 0.0000 0.0000	</row2>
			<row3>	0.2999 0.3257 0.6610 1.0000	</row3>
		</transform>
	</node>
	<node>
		<identifier>	MP_CM126_Cleat_INDEX_1	</identifier>
		<parent>	Scene Root	</parent>
		<transform>
			<row0>	0.5000 -0.8660 0.0000 0.0000	</row0>
			<row1>	0.0000 0.0000 -1.0000 0.0000	</row1>
			<row2>	0.8660 0.5000 0.0000 0.0000	</row2>
			<row3>	-0.2999 0.3257 0.9515 1.0000	</row3>
		</transform>
	</node>
	<node>
		<identifier>	MP_CM126_Cleat_INDEX_2	</identifier>
		<parent>	Scene Root	</parent>
		<transform>
			<row0>	0.2156 0.0000 0.9765 0.0000	</row0>
			<row1>	-0.9765 0.0000 0.2156 0.0000	</row1>
			<row2>	0.0000 -1.0000 0.0000 0.0000	</row2>
			<row3>	0.3359 0.3241 1.6218 1.0000	</row3>
		</transform>
	</node>
	<node>
		<identifier>	MP_CM126_Cleat_INDEX_3	</identifier>
		<parent>	Scene Root	</parent>
		<transform>
			<row0>	-0.6716 0.0000 0.7409 0.0000	</row0>
			<row1>	-0.7409 0.0000 -0.6716 0.0000	</row1>
			<row2>	0.0000 -1.0000 0.0000 0.0000	</row2>
			<row3>	0.3529 0.3241 1.1363 1.0000	</row3>
		</transform>
	</node>
	<node>
		<identifier>	MP_CM126_Cleat_INDEX_4	</identifier>
		<parent>	Scene Root	</parent>
		<transform>
			<row0>	0.5000 0.8660 0.0000 0.0000	</row0>
			<row1>	0.0000 0.0000 -1.0000 0.0000	</row1>
			<row2>	-0.8660 0.5000 0.0000 0.0000	</row2>
			<row3>	0.2999 0.3257 0.9515 1.0000	</row3>
		</transform>
	</node>
	<node>
		<identifier>	MP_CM126_Cleat_INDEX_5	</identifier>
		<parent>	Scene Root	</parent>
		<transform>
			<row0>	0.2156 0.0000 -0.9765 0.0000	</row0>
			<row1>	0.9765 0.0000 0.2156 0.0000	</row1>
			<row2>	0.0000 -1.0000 0.0000 0.0000	</row2>
			<row3>	-0.3359 0.3241 1.6218 1.0000	</row3>
		</transform>
	</node>
	<node>
		<identifier>	MP_CM126_Cleat_INDEX_6	</identifier>
		<parent>	Scene Root	</parent>
		<transform>
			<row0>	0.5000 -0.8660 0.0000 0.0000	</row0>
			<row1>	0.0000 0.0000 1.0000 0.0000	</row1>
			<row2>	-0.8660 -0.5000 0.0000 0.0000	</row2>
			<row3>	-0.2999 0.3257 0.6610 1.0000	</row3>
		</transform>
	</node>
	<node>
		<identifier>	MP_CM126_Cleat_INDEX_7	</identifier>
		<parent>	Scene Root	</parent>
		<transform>
			<row0>	-0.6716 0.0000 -0.7409 0.0000	</row0>
			<row1>	0.7409 0.0000 -0.6716 0.0000	</row1>
			<row2>	0.0000 -1.0000 0.0000 0.0000	</row2>
			<row3>	-0.3529 0.3241 1.1363 1.0000	</row3>
		</transform>
	</node>
	<node>
		<identifier>	MP_CM137_Anchor_Up	</identifier>
		<parent>	Scene Root	</parent>
		<transform>
			<row0>	-0.2265 0.5257 0.2381 0.0000	</row0>
			<row1>	0.0029 0.2568 -0.5643 0.0000	</row1>
			<row2>	-0.5771 -0.2050 -0.0963 0.0000	</row2>
			<row3>	-0.0796 0.3349 4.5143 1.0000	</row3>
		</transform>
	</node>
	<node>
		<identifier>	MP_CM137_Anchor_Up_INDEX_1	</identifier>
		<parent>	Scene Root	</parent>
		<transform>
			<row0>	-0.2265 -0.5257 -0.2381 0.0000	</row0>
			<row1>	-0.0029 0.2568 -0.5643 0.0000	</row1>
			<row2>	0.5771 -0.2050 -0.0963 0.0000	</row2>
			<row3>	0.0796 0.3349 4.5143 1.0000	</row3>
		</transform>
	</node>
	<node>
		<identifier>	MP_CM138_Anchor_Bottom	</identifier>
		<parent>	Scene Root	</parent>
		<transform>
			<row0>	-0.2265 0.5257 0.2381 0.0000	</row0>
			<row1>	-0.1818 0.1777 -0.5655 0.0000	</row1>
			<row2>	-0.5477 -0.2764 0.0893 0.0000	</row2>
			<row3>	-0.0767 0.3362 4.5143 1.0000	</row3>
		</transform>
	</node>
	<node>
		<identifier>	MP_CM138_Anchor_Bottom_INDEX_1	</identifier>
		<parent>	Scene Root	</parent>
		<transform>
			<row0>	-0.2265 -0.5257 -0.2381 0.0000	</row0>
			<row1>	0.1818 0.1777 -0.5655 0.0000	</row1>
			<row2>	0.5477 -0.2764 0.0893 0.0000	</row2>
			<row3>	0.0767 0.3362 4.5143 1.0000	</row3>
		</transform>
	</node>
	<node>
		<identifier>	MP_ZM003_Signal_Platform	</identifier>
		<parent>	Scene Root	</parent>
		<transform>
			<row0>	-0.7071 0.0000 -0.7071 0.0000	</row0>
			<row1>	0.0000 1.0000 0.0000 0.0000	</row1>
			<row2>	0.7071 0.0000 -0.7071 0.0000	</row2>
			<row3>	0.1320 0.7983 1.8133 1.0000	</row3>
		</transform>
	</node>
	<node>
		<identifier>	MP_ZM003_Signal_Platform_INDEX_1	</identifier>
		<parent>	Scene Root	</parent>
		<transform>
			<row0>	-0.7071 0.0000 0.7071 0.0000	</row0>
			<row1>	0.0000 1.0000 0.0000 0.0000	</row1>
			<row2>	-0.7071 0.0000 -0.7071 0.0000	</row2>
			<row3>	-0.1320 0.7983 1.8133 1.0000	</row3>
		</transform>
	</node>
	<node>
		<identifier>	MP_ZM003_Signal_Platform_INDEX_2	</identifier>
		<parent>	Scene Root	</parent>
		<transform>
			<row0>	0.6428 0.0000 0.7660 0.0000	</row0>
			<row1>	0.0000 1.0000 0.0000 0.0000	</row1>
			<row2>	-0.7660 0.0000 0.6428 0.0000	</row2>
			<row3>	-0.2180 0.7983 1.9691 1.0000	</row3>
		</transform>
	</node>
	<node>
		<identifier>	MP_ZM003_Signal_Platform_INDEX_3	</identifier>
		<parent>	Scene Root	</parent>
		<transform>
			<row0>	0.6428 0.0000 -0.7660 0.0000	</row0>
			<row1>	0.0000 1.0000 0.0000 0.0000	</row1>
			<row2>	0.7660 0.0000 0.6428 0.0000	</row2>
			<row3>	0.2180 0.7983 1.9691 1.0000	</row3>
		</transform>
	</node>
	<node>
		<identifier>	MP_ZM016_Fakel_MO	</identifier>
		<parent>	Scene Root	</parent>
		<transform>
			<row0>	1.0000 0.0000 0.0000 0.0000	</row0>
			<row1>	0.0000 1.0000 0.0000 0.0000	</row1>
			<row2>	0.0000 0.0000 1.0000 0.0000	</row2>
			<row3>	0.1658 1.6072 1.2558 1.0000	</row3>
		</transform>
	</node>
	<node>
		<identifier>	MP_ZM016_Fakel_MO_INDEX_1	</identifier>
		<parent>	Scene Root	</parent>
		<transform>
			<row0>	1.0000 0.0000 0.0000 0.0000	</row0>
			<row1>	0.0000 1.0000 0.0000 0.0000	</row1>
			<row2>	0.0000 0.0000 1.0000 0.0000	</row2>
			<row3>	-0.1658 1.6072 1.2558 1.0000	</row3>
		</transform>
	</node>
	<node>
		<identifier>	MP_ZM017_Fakel_MZ	</identifier>
		<parent>	Scene Root	</parent>
		<transform>
			<row0>	1.0000 0.0000 0.0000 0.0000	</row0>
			<row1>	0.0000 1.0000 0.0000 0.0000	</row1>
			<row2>	0.0000 0.0000 1.0000 0.0000	</row2>
			<row3>	-0.2201 1.3601 1.2714 1.0000	</row3>
		</transform>
	</node>
	<node>
		<identifier>	MP_ZM017_Fakel_MZ_INDEX_1	</identifier>
		<parent>	Scene Root	</parent>
		<transform>
			<row0>	1.0000 0.0000 0.0000 0.0000	</row0>
			<row1>	0.0000 1.0000 0.0000 0.0000	</row1>
			<row2>	0.0000 0.0000 1.0000 0.0000	</row2>
			<row3>	0.2201 1.3601 1.2714 1.0000	</row3>
		</transform>
	</node>
	<node>
		<identifier>	MP_ZM018_Fakel_MZ	</identifier>
		<parent>	Scene Root	</parent>
		<transform>
			<row0>	1.0000 0.0000 0.0000 0.0000	</row0>
			<row1>	0.0000 1.0000 0.0000 0.0000	</row1>
			<row2>	0.0000 0.0000 1.0000 0.0000	</row2>
			<row3>	0.0002 1.3557 1.3363 1.0000	</row3>
		</transform>
	</node>
	<node>
		<identifier>	MP_ZM020_Platform_for_dir	</identifier>
		<parent>	Scene Root	</parent>
		<transform>
			<row0>	1.0000 0.0000 0.0000 0.0000	</row0>
			<row1>	0.0000 1.0000 0.0000 0.0000	</row1>
			<row2>	0.0000 0.0000 1.0000 0.0000	</row2>
			<row3>	0.0000 0.8040 1.9971 1.0000	</row3>
		</transform>
	</node>
	<node>
		<identifier>	MP_ZM025_Red_Star	</identifier>
		<parent>	Scene Root	</parent>
		<transform>
			<row0>	0.3948 0.1376 0.9084 0.0000	</row0>
			<row1>	-0.5495 0.8277 0.1134 0.0000	</row1>
			<row2>	-0.7363 -0.5440 0.4024 0.0000	</row2>
			<row3>	-0.0707 0.3949 4.6336 1.0000	</row3>
		</transform>
	</node>
	<node>
		<identifier>	MP_ZM025_Red_Star_INDEX_1	</identifier>
		<parent>	Scene Root	</parent>
		<transform>
			<row0>	0.3948 -0.1376 -0.9084 0.0000	</row0>
			<row1>	0.5495 0.8277 0.1134 0.0000	</row1>
			<row2>	0.7363 -0.5440 0.4024 0.0000	</row2>
			<row3>	0.0707 0.3949 4.6336 1.0000	</row3>
		</transform>
	</node>
	<node>
		<identifier>	MP_ZM034_Deck_Winch_2	</identifier>
		<parent>	Scene Root	</parent>
		<transform>
			<row0>	0.0000 -0.0006 -0.5000 0.0000	</row0>
			<row1>	-0.0119 0.4999 -0.0006 0.0000	</row1>
			<row2>	0.4999 0.0119 0.0000 0.0000	</row2>
			<row3>	-0.1059 0.3675 2.4339 1.0000	</row3>
		</transform>
	</node>
	<node>
		<identifier>	MP_ZM034_Deck_Winch_2_INDEX_1	</identifier>
		<parent>	Scene Root	</parent>
		<transform>
			<row0>	0.0000 -0.0006 -0.5000 0.0000	</row0>
			<row1>	0.0106 0.4999 -0.0006 0.0000	</row1>
			<row2>	0.4999 -0.0106 0.0000 0.0000	</row2>
			<row3>	0.0250 0.3692 2.3342 1.0000	</row3>
		</transform>
	</node>
	<node>
		<identifier>	MP_ZM035_Fender	</identifier>
		<parent>	Scene Root	</parent>
		<transform>
			<row0>	-0.4596 0.0000 0.4596 0.0000	</row0>
			<row1>	0.0000 0.6500 0.0000 0.0000	</row1>
			<row2>	-0.4596 0.0000 -0.4596 0.0000	</row2>
			<row3>	-0.1523 0.3587 2.2604 1.0000	</row3>
		</transform>
	</node>
	<node>
		<identifier>	MP_ZM035_Fender_INDEX_1	</identifier>
		<parent>	Scene Root	</parent>
		<transform>
			<row0>	0.6500 0.0000 0.0000 0.0000	</row0>
			<row1>	0.0000 0.6500 0.0000 0.0000	</row1>
			<row2>	0.0000 0.0000 0.6500 0.0000	</row2>
			<row3>	0.1024 0.2141 0.8488 1.0000	</row3>
		</transform>
	</node>
	<node>
		<identifier>	MP_ZM035_Fender_INDEX_2	</identifier>
		<parent>	Scene Root	</parent>
		<transform>
			<row0>	0.4596 0.0000 0.4596 0.0000	</row0>
			<row1>	0.0000 0.6500 0.0000 0.0000	</row1>
			<row2>	-0.4596 0.0000 0.4596 0.0000	</row2>
			<row3>	0.1523 0.3587 2.2604 1.0000	</row3>
		</transform>
	</node>
	<node>
		<identifier>	MP_ZM035_Fender_INDEX_3	</identifier>
		<parent>	Scene Root	</parent>
		<transform>
			<row0>	-0.6500 0.0000 0.0000 0.0000	</row0>
			<row1>	0.0000 0.6500 0.0000 0.0000	</row1>
			<row2>	0.0000 0.0000 -0.6500 0.0000	</row2>
			<row3>	-0.1024 0.2141 0.9367 1.0000	</row3>
		</transform>
	</node>
	<node>
		<identifier>	MP_ZM037_Wind_Intensity	</identifier>
		<parent>	Scene Root	</parent>
		<transform>
			<row0>	0.8000 0.0000 0.0000 0.0000	</row0>
			<row1>	0.0000 0.8000 0.0000 0.0000	</row1>
			<row2>	0.0000 0.0000 0.8000 0.0000	</row2>
			<row3>	-0.0577 1.6120 1.2558 1.0000	</row3>
		</transform>
	</node>
	<node>
		<identifier>	MP_ZM046_Leadsman_Platform	</identifier>
		<parent>	Scene Root	</parent>
		<transform>
			<row0>	-0.4678 0.0428 0.1712 0.0000	</row0>
			<row1>	0.0101 0.4908 -0.0951 0.0000	</row1>
			<row2>	-0.1762 -0.0855 -0.4601 0.0000	</row2>
			<row3>	-0.1340 0.4523 4.5885 1.0000	</row3>
		</transform>
	</node>
	<node>
		<identifier>	MP_ZM046_Leadsman_Platform_INDEX_1	</identifier>
		<parent>	Scene Root	</parent>
		<transform>
			<row0>	0.4650 0.0442 0.1785 0.0000	</row0>
			<row1>	-0.0101 0.4908 -0.0951 0.0000	</row1>
			<row2>	-0.1836 0.0848 0.4573 0.0000	</row2>
			<row3>	0.1340 0.4523 4.5885 1.0000	</row3>
		</transform>
	</node>
	<node>
		<identifier>	MP_ZM093_Chain_Fairlead	</identifier>
		<parent>	Scene Root	</parent>
		<transform>
			<row0>	0.9698 0.0000 0.2439 0.0000	</row0>
			<row1>	0.0128 0.9986 -0.0510 0.0000	</row1>
			<row2>	-0.2436 0.0526 0.9685 0.0000	</row2>
			<row3>	-0.0754 0.3904 3.9871 1.0000	</row3>
		</transform>
	</node>
	<node>
		<identifier>	MP_ZM093_Chain_Fairlead_INDEX_1	</identifier>
		<parent>	Scene Root	</parent>
		<transform>
			<row0>	0.9594 -0.0021 -0.2820 0.0000	</row0>
			<row1>	-0.0128 0.9986 -0.0510 0.0000	</row1>
			<row2>	0.2817 0.0525 0.9581 0.0000	</row2>
			<row3>	0.0767 0.3904 3.9867 1.0000	</row3>
		</transform>
	</node>
	<node>
		<identifier>	MP_ZM094_Break_Handwheel	</identifier>
		<parent>	Scene Root	</parent>
		<transform>
			<row0>	1.0000 0.0000 0.0000 0.0000	</row0>
			<row1>	0.0000 1.0000 0.0000 0.0000	</row1>
			<row2>	0.0000 0.0000 1.0000 0.0000	</row2>
			<row3>	-0.0097 0.3952 3.7053 1.0000	</row3>
		</transform>
	</node>
	<node>
		<identifier>	MP_ZM095_Insulator	</identifier>
		<parent>	Scene Root	</parent>
		<transform>
			<row0>	-0.4446 0.0000 0.0698 0.0000	</row0>
			<row1>	0.0000 -0.4500 0.0000 0.0000	</row1>
			<row2>	0.0698 0.0000 0.4446 0.0000	</row2>
			<row3>	-0.1954 0.6564 2.0975 1.0000	</row3>
		</transform>
	</node>
	<node>
		<identifier>	MP_ZM095_Insulator_INDEX_1	</identifier>
		<parent>	Scene Root	</parent>
		<transform>
			<row0>	-0.4446 0.0000 -0.0698 0.0000	</row0>
			<row1>	0.0000 -0.4500 0.0000 0.0000	</row1>
			<row2>	-0.0698 0.0000 0.4446 0.0000	</row2>
			<row3>	0.1954 0.6564 2.0975 1.0000	</row3>
		</transform>
	</node>
	<node>
		<identifier>	MP_ZM2600_Binocular	</identifier>
		<parent>	Scene Root	</parent>
		<transform>
			<row0>	0.3661 0.0000 0.9306 0.0000	</row0>
			<row1>	0.0000 1.0000 0.0000 0.0000	</row1>
			<row2>	-0.9306 0.0000 0.3661 0.0000	</row2>
			<row3>	-0.1562 0.6740 2.0856 1.0000	</row3>
		</transform>
	</node>
	<node>
		<identifier>	MP_ZM2600_Binocular_INDEX_1	</identifier>
		<parent>	Scene Root	</parent>
		<transform>
			<row0>	0.3661 0.0000 -0.9306 0.0000	</row0>
			<row1>	0.0000 1.0000 0.0000 0.0000	</row1>
			<row2>	0.9306 0.0000 0.3661 0.0000	</row2>
			<row3>	0.1562 0.6740 2.0856 1.0000	</row3>
		</transform>
	</node>
	<node>
		<identifier>	MP_ZM2600_Binocular_INDEX_2	</identifier>
		<parent>	Scene Root	</parent>
		<transform>
			<row0>	0.7071 0.0000 -0.7071 0.0000	</row0>
			<row1>	0.0000 1.0000 0.0000 0.0000	</row1>
			<row2>	0.7071 0.0000 0.7071 0.0000	</row2>
			<row3>	0.1899 0.6740 1.9583 1.0000	</row3>
		</transform>
	</node>
	<node>
		<identifier>	MP_ZM2600_Binocular_INDEX_3	</identifier>
		<parent>	Scene Root	</parent>
		<transform>
			<row0>	0.7071 0.0000 0.7071 0.0000	</row0>
			<row1>	0.0000 1.0000 0.0000 0.0000	</row1>
			<row2>	-0.7071 0.0000 0.7071 0.0000	</row2>
			<row3>	-0.1899 0.6740 1.9583 1.0000	</row3>
		</transform>
	</node>
	<node>
		<identifier>	MP_ZM506_Motor_Boats_8m	</identifier>
		<parent>	Scene Root	</parent>
		<transform>
			<row0>	0.9921 0.1256 0.0000 0.0000	</row0>
			<row1>	-0.1256 0.9921 0.0000 0.0000	</row1>
			<row2>	0.0000 0.0000 1.0000 0.0000	</row2>
			<row3>	0.3400 0.3238 0.8408 1.0000	</row3>
		</transform>
	</node>
	<node>
		<identifier>	MP_ZM506_Motor_Boats_8m_INDEX_1	</identifier>
		<parent>	Scene Root	</parent>
		<transform>
			<row0>	0.9921 -0.1256 0.0000 0.0000	</row0>
			<row1>	0.1256 0.9921 0.0000 0.0000	</row1>
			<row2>	0.0000 0.0000 1.0000 0.0000	</row2>
			<row3>	-0.3400 0.3238 0.8408 1.0000	</row3>
		</transform>
	</node>
	<node>
		<identifier>	MP_ZM507_Cutter_7m	</identifier>
		<parent>	Scene Root	</parent>
		<transform>
			<row0>	0.0866 0.0000 0.9962 0.0000	</row0>
			<row1>	0.0000 1.0000 0.0000 0.0000	</row1>
			<row2>	-0.9962 0.0000 0.0866 0.0000	</row2>
			<row3>	0.3021 0.2320 1.3407 1.0000	</row3>
		</transform>
	</node>
	<node>
		<identifier>	MP_ZM507_Cutter_7m_INDEX_1	</identifier>
		<parent>	Scene Root	</parent>
		<transform>
			<row0>	-0.0877 0.0000 0.9961 0.0000	</row0>
			<row1>	0.0000 1.0000 0.0000 0.0000	</row1>
			<row2>	-0.9961 0.0000 -0.0877 0.0000	</row2>
			<row3>	-0.3021 0.2320 1.3407 1.0000	</row3>
		</transform>
	</node>
	<node>
		<identifier>	MP_ZM604_Voice_Tube	</identifier>
		<parent>	Scene Root	</parent>
		<transform>
			<row0>	1.0000 0.0000 0.0000 0.0000	</row0>
			<row1>	0.0000 1.0000 0.0000 0.0000	</row1>
			<row2>	0.0000 0.0000 1.0000 0.0000	</row2>
			<row3>	0.0905 0.8037 2.0075 1.0000	</row3>
		</transform>
	</node>
	<node>
		<identifier>	MP_ZM604_Voice_Tube_INDEX_1	</identifier>
		<parent>	Scene Root	</parent>
		<transform>
			<row0>	-0.9287 0.0000 -0.3709 0.0000	</row0>
			<row1>	0.0000 1.0000 0.0000 0.0000	</row1>
			<row2>	0.3709 0.0000 -0.9287 0.0000	</row2>
			<row3>	-0.2199 0.5146 1.7891 1.0000	</row3>
		</transform>
	</node>
	<node>
		<identifier>	MP_ZM604_Voice_Tube_INDEX_10	</identifier>
		<parent>	Scene Root	</parent>
		<transform>
			<row0>	0.8660 0.0000 0.5000 0.0000	</row0>
			<row1>	0.0000 1.0000 0.0000 0.0000	</row1>
			<row2>	-0.5000 0.0000 0.8660 0.0000	</row2>
			<row3>	-0.1475 0.6740 2.1223 1.0000	</row3>
		</transform>
	</node>
	<node>
		<identifier>	MP_ZM604_Voice_Tube_INDEX_11	</identifier>
		<parent>	Scene Root	</parent>
		<transform>
			<row0>	0.0000 0.0000 1.0000 0.0000	</row0>
			<row1>	0.0000 1.0000 0.0000 0.0000	</row1>
			<row2>	-1.0000 0.0000 0.0000 0.0000	</row2>
			<row3>	0.0928 0.4482 0.3479 1.0000	</row3>
		</transform>
	</node>
	<node>
		<identifier>	MP_ZM604_Voice_Tube_INDEX_12	</identifier>
		<parent>	Scene Root	</parent>
		<transform>
			<row0>	0.8660 0.0000 -0.5000 0.0000	</row0>
			<row1>	0.0000 1.0000 0.0000 0.0000	</row1>
			<row2>	0.5000 0.0000 0.8660 0.0000	</row2>
			<row3>	0.1475 0.6740 2.1223 1.0000	</row3>
		</transform>
	</node>
	<node>
		<identifier>	MP_ZM604_Voice_Tube_INDEX_13	</identifier>
		<parent>	Scene Root	</parent>
		<transform>
			<row0>	-1.0000 0.0000 0.0000 0.0000	</row0>
			<row1>	0.0000 1.0000 0.0000 0.0000	</row1>
			<row2>	0.0000 0.0000 -1.0000 0.0000	</row2>
			<row3>	-0.1648 0.6740 1.8127 1.0000	</row3>
		</transform>
	</node>
	<node>
		<identifier>	MP_ZM604_Voice_Tube_INDEX_14	</identifier>
		<parent>	Scene Root	</parent>
		<transform>
			<row0>	-1.0000 0.0000 0.0000 0.0000	</row0>
			<row1>	0.0000 1.0000 0.0000 0.0000	</row1>
			<row2>	0.0000 0.0000 -1.0000 0.0000	</row2>
			<row3>	-0.1092 0.8037 1.8066 1.0000	</row3>
		</transform>
	</node>
	<node>
		<identifier>	MP_ZM604_Voice_Tube_INDEX_15	</identifier>
		<parent>	Scene Root	</parent>
		<transform>
			<row0>	1.0000 0.0000 0.0000 0.0000	</row0>
			<row1>	0.0000 1.0000 0.0000 0.0000	</row1>
			<row2>	0.0000 0.0000 1.0000 0.0000	</row2>
			<row3>	-0.0313 0.8037 2.0417 1.0000	</row3>
		</transform>
	</node>
	<node>
		<identifier>	MP_ZM604_Voice_Tube_INDEX_16	</identifier>
		<parent>	Scene Root	</parent>
		<transform>
			<row0>	1.0000 0.0000 0.0000 0.0000	</row0>
			<row1>	0.0000 1.0000 0.0000 0.0000	</row1>
			<row2>	0.0000 0.0000 1.0000 0.0000	</row2>
			<row3>	0.0544 0.6740 2.0482 1.0000	</row3>
		</transform>
	</node>
	<node>
		<identifier>	MP_ZM604_Voice_Tube_INDEX_17	</identifier>
		<parent>	Scene Root	</parent>
		<transform>
			<row0>	-1.0000 0.0000 0.0000 0.0000	</row0>
			<row1>	0.0000 1.0000 0.0000 0.0000	</row1>
			<row2>	0.0000 0.0000 -1.0000 0.0000	</row2>
			<row3>	0.1648 0.6740 1.8127 1.0000	</row3>
		</transform>
	</node>
	<node>
		<identifier>	MP_ZM604_Voice_Tube_INDEX_2	</identifier>
		<parent>	Scene Root	</parent>
		<transform>
			<row0>	0.0000 0.0000 -1.0000 0.0000	</row0>
			<row1>	0.0000 1.0000 0.0000 0.0000	</row1>
			<row2>	1.0000 0.0000 0.0000 0.0000	</row2>
			<row3>	0.1764 0.6740 1.9996 1.0000	</row3>
		</transform>
	</node>
	<node>
		<identifier>	MP_ZM604_Voice_Tube_INDEX_3	</identifier>
		<parent>	Scene Root	</parent>
		<transform>
			<row0>	-0.9287 0.0000 0.3709 0.0000	</row0>
			<row1>	0.0000 1.0000 0.0000 0.0000	</row1>
			<row2>	-0.3709 0.0000 -0.9287 0.0000	</row2>
			<row3>	0.2199 0.5146 1.7891 1.0000	</row3>
		</transform>
	</node>
	<node>
		<identifier>	MP_ZM604_Voice_Tube_INDEX_4	</identifier>
		<parent>	Scene Root	</parent>
		<transform>
			<row0>	-1.0000 0.0000 0.0000 0.0000	</row0>
			<row1>	0.0000 1.0000 0.0000 0.0000	</row1>
			<row2>	0.0000 0.0000 -1.0000 0.0000	</row2>
			<row3>	0.1092 0.8037 1.8066 1.0000	</row3>
		</transform>
	</node>
	<node>
		<identifier>	MP_ZM604_Voice_Tube_INDEX_5	</identifier>
		<parent>	Scene Root	</parent>
		<transform>
			<row0>	0.0000 0.0000 1.0000 0.0000	</row0>
			<row1>	0.0000 1.0000 0.0000 0.0000	</row1>
			<row2>	-1.0000 0.0000 0.0000 0.0000	</row2>
			<row3>	-0.1764 0.6740 1.9996 1.0000	</row3>
		</transform>
	</node>
	<node>
		<identifier>	MP_ZM604_Voice_Tube_INDEX_6	</identifier>
		<parent>	Scene Root	</parent>
		<transform>
			<row0>	0.0000 0.0000 -1.0000 0.0000	</row0>
			<row1>	0.0000 1.0000 0.0000 0.0000	</row1>
			<row2>	1.0000 0.0000 0.0000 0.0000	</row2>
			<row3>	-0.0928 0.4482 0.3479 1.0000	</row3>
		</transform>
	</node>
	<node>
		<identifier>	MP_ZM604_Voice_Tube_INDEX_7	</identifier>
		<parent>	Scene Root	</parent>
		<transform>
			<row0>	1.0000 0.0000 0.0000 0.0000	</row0>
			<row1>	0.0000 1.0000 0.0000 0.0000	</row1>
			<row2>	0.0000 0.0000 1.0000 0.0000	</row2>
			<row3>	-0.0416 0.6740 2.1502 1.0000	</row3>
		</transform>
	</node>
	<node>
		<identifier>	MP_ZM604_Voice_Tube_INDEX_8	</identifier>
		<parent>	Scene Root	</parent>
		<transform>
			<row0>	-1.0000 0.0000 0.0000 0.0000	</row0>
			<row1>	0.0000 1.0000 0.0000 0.0000	</row1>
			<row2>	0.0000 0.0000 -1.0000 0.0000	</row2>
			<row3>	0.0568 0.5146 2.2608 1.0000	</row3>
		</transform>
	</node>
	<node>
		<identifier>	MP_ZM604_Voice_Tube_INDEX_9	</identifier>
		<parent>	Scene Root	</parent>
		<transform>
			<row0>	1.0000 0.0000 0.0000 0.0000	</row0>
			<row1>	0.0000 1.0000 0.0000 0.0000	</row1>
			<row2>	0.0000 0.0000 1.0000 0.0000	</row2>
			<row3>	-0.0905 0.8037 2.0075 1.0000	</row3>
		</transform>
	</node>
	<node>
		<identifier>	MP_ZM621_Main_Wheel	</identifier>
		<parent>	Scene Root	</parent>
		<transform>
			<row0>	1.0000 0.0000 0.0000 0.0000	</row0>
			<row1>	0.0000 1.0000 0.0000 0.0000	</row1>
			<row2>	0.0000 0.0000 1.0000 0.0000	</row2>
			<row3>	0.0000 0.6740 2.0600 1.0000	</row3>
		</transform>
	</node>
	<node>
		<identifier>	MP_ZM640_Compass_Binnacle	</identifier>
		<parent>	Scene Root	</parent>
		<transform>
			<row0>	1.0000 0.0000 0.0000 0.0000	</row0>
			<row1>	0.0000 1.0000 0.0000 0.0000	</row1>
			<row2>	0.0000 0.0000 1.0000 0.0000	</row2>
			<row3>	0.0000 0.6740 2.1389 1.0000	</row3>
		</transform>
	</node>
	<node>
		<identifier>	MP_ZM660_Compass_repeater	</identifier>
		<parent>	Scene Root	</parent>
		<transform>
			<row0>	0.0000 0.0000 1.0000 0.0000	</row0>
			<row1>	0.0000 1.0000 0.0000 0.0000	</row1>
			<row2>	-1.0000 0.0000 0.0000 0.0000	</row2>
			<row3>	0.2383 0.7433 1.9173 1.0000	</row3>
		</transform>
	</node>
	<node>
		<identifier>	MP_ZM660_Compass_repeater_INDEX_1	</identifier>
		<parent>	Scene Root	</parent>
		<transform>
			<row0>	-1.0000 0.0000 0.0000 0.0000	</row0>
			<row1>	0.0000 1.0000 0.0000 0.0000	</row1>
			<row2>	0.0000 0.0000 -1.0000 0.0000	</row2>
			<row3>	0.0524 0.8784 2.0632 1.0000	</row3>
		</transform>
	</node>
	<node>
		<identifier>	MP_ZM660_Compass_repeater_INDEX_2	</identifier>
		<parent>	Scene Root	</parent>
		<transform>
			<row0>	0.0000 0.0000 -1.0000 0.0000	</row0>
			<row1>	0.0000 1.0000 0.0000 0.0000	</row1>
			<row2>	1.0000 0.0000 0.0000 0.0000	</row2>
			<row3>	-0.2383 0.7433 1.9173 1.0000	</row3>
		</transform>
	</node>
	<node>
		<identifier>	MP_ZM660_Compass_repeater_INDEX_3	</identifier>
		<parent>	Scene Root	</parent>
		<transform>
			<row0>	-1.0000 0.0000 0.0000 0.0000	</row0>
			<row1>	0.0000 1.0000 0.0000 0.0000	</row1>
			<row2>	0.0000 0.0000 -1.0000 0.0000	</row2>
			<row3>	-0.0524 0.8784 2.0632 1.0000	</row3>
		</transform>
	</node>
	<node>
		<identifier>	MP_ZM664_Binoculars	</identifier>
		<parent>	Scene Root	</parent>
		<transform>
			<row0>	0.8660 0.0000 0.5000 0.0000	</row0>
			<row1>	0.0000 1.0000 0.0000 0.0000	</row1>
			<row2>	-0.5000 0.0000 0.8660 0.0000	</row2>
			<row3>	-0.1205 0.6740 2.1286 1.0000	</row3>
		</transform>
	</node>
	<node>
		<identifier>	MP_ZM664_Binoculars_INDEX_1	</identifier>
		<parent>	Scene Root	</parent>
		<transform>
			<row0>	0.0000 0.0000 -1.0000 0.0000	</row0>
			<row1>	0.0000 1.0000 0.0000 0.0000	</row1>
			<row2>	1.0000 0.0000 0.0000 0.0000	</row2>
			<row3>	0.2052 0.6740 1.8350 1.0000	</row3>
		</transform>
	</node>
	<node>
		<identifier>	MP_ZM664_Binoculars_INDEX_2	</identifier>
		<parent>	Scene Root	</parent>
		<transform>
			<row0>	0.8660 0.0000 -0.5000 0.0000	</row0>
			<row1>	0.0000 1.0000 0.0000 0.0000	</row1>
			<row2>	0.5000 0.0000 0.8660 0.0000	</row2>
			<row3>	0.1205 0.6740 2.1286 1.0000	</row3>
		</transform>
	</node>
	<node>
		<identifier>	MP_ZM664_Binoculars_INDEX_3	</identifier>
		<parent>	Scene Root	</parent>
		<transform>
			<row0>	0.0000 0.0000 1.0000 0.0000	</row0>
			<row1>	0.0000 1.0000 0.0000 0.0000	</row1>
			<row2>	-1.0000 0.0000 0.0000 0.0000	</row2>
			<row3>	-0.2052 0.6740 1.8350 1.0000	</row3>
		</transform>
	</node>
	<node>
		<identifier>	MP_ZM664_Binoculars_INDEX_4	</identifier>
		<parent>	Scene Root	</parent>
		<transform>
			<row0>	1.0000 0.0000 0.0000 0.0000	</row0>
			<row1>	0.0000 1.0000 0.0000 0.0000	</row1>
			<row2>	0.0000 0.0000 1.0000 0.0000	</row2>
			<row3>	-0.0742 0.8037 2.0150 1.0000	</row3>
		</transform>
	</node>
	<node>
		<identifier>	MP_ZM664_Binoculars_INDEX_5	</identifier>
		<parent>	Scene Root	</parent>
		<transform>
			<row0>	1.0000 0.0000 0.0000 0.0000	</row0>
			<row1>	0.0000 1.0000 0.0000 0.0000	</row1>
			<row2>	0.0000 0.0000 1.0000 0.0000	</row2>
			<row3>	0.0742 0.8037 2.0150 1.0000	</row3>
		</transform>
	</node>
	<node>
		<identifier>	MP_ZM668_Wind_Direction	</identifier>
		<parent>	Scene Root	</parent>
		<transform>
			<row0>	0.9000 0.0000 0.0000 0.0000	</row0>
			<row1>	0.0000 0.9000 0.0000 0.0000	</row1>
			<row2>	0.0000 0.0000 0.9000 0.0000	</row2>
			<row3>	0.0000 1.7000 1.2360 1.0000	</row3>
		</transform>
	</node>
	<node>
		<identifier>	MP_ZM672_Controler_Sl	</identifier>
		<parent>	Scene Root	</parent>
		<transform>
			<row0>	1.0000 0.0000 0.0000 0.0000	</row0>
			<row1>	0.0000 1.0000 0.0000 0.0000	</row1>
			<row2>	0.0000 0.0000 1.0000 0.0000	</row2>
			<row3>	0.0000 0.6747 1.5000 1.0000	</row3>
		</transform>
	</node>
	<node>
		<identifier>	MP_ZM673_Gyro_Repeater	</identifier>
		<parent>	Scene Root	</parent>
		<transform>
			<row0>	0.0000 0.0000 -1.0000 0.0000	</row0>
			<row1>	0.0000 1.0000 0.0000 0.0000	</row1>
			<row2>	1.0000 0.0000 0.0000 0.0000	</row2>
			<row3>	0.1324 0.8037 1.8496 1.0000	</row3>
		</transform>
	</node>
	<node>
		<identifier>	MP_ZM673_Gyro_Repeater_INDEX_1	</identifier>
		<parent>	Scene Root	</parent>
		<transform>
			<row0>	0.0000 0.0000 1.0000 0.0000	</row0>
			<row1>	0.0000 1.0000 0.0000 0.0000	</row1>
			<row2>	-1.0000 0.0000 0.0000 0.0000	</row2>
			<row3>	-0.1324 0.8037 1.8496 1.0000	</row3>
		</transform>
	</node>
	<node>
		<identifier>	MP_ZM673_Gyro_Repeater_INDEX_2	</identifier>
		<parent>	Scene Root	</parent>
		<transform>
			<row0>	1.0000 0.0000 0.0000 0.0000	</row0>
			<row1>	0.0000 1.0000 0.0000 0.0000	</row1>
			<row2>	0.0000 0.0000 1.0000 0.0000	</row2>
			<row3>	-0.1711 0.6740 2.0360 1.0000	</row3>
		</transform>
	</node>
	<node>
		<identifier>	MP_ZM673_Gyro_Repeater_INDEX_3	</identifier>
		<parent>	Scene Root	</parent>
		<transform>
			<row0>	1.0000 0.0000 0.0000 0.0000	</row0>
			<row1>	0.0000 1.0000 0.0000 0.0000	</row1>
			<row2>	0.0000 0.0000 1.0000 0.0000	</row2>
			<row3>	0.1711 0.6740 2.0360 1.0000	</row3>
		</transform>
	</node>
	<node>
		<identifier>	MP_ZM674_Turning_Indicator	</identifier>
		<parent>	Scene Root	</parent>
		<transform>
			<row0>	1.0000 0.0000 0.0000 0.0000	</row0>
			<row1>	0.0000 1.0000 0.0000 0.0000	</row1>
			<row2>	0.0000 0.0000 1.0000 0.0000	</row2>
			<row3>	-0.0466 0.6740 2.0842 1.0000	</row3>
		</transform>
	</node>
	<node>
		<identifier>	MP_ZM675_Rangefinder_66cm	</identifier>
		<parent>	Scene Root	</parent>
		<transform>
			<row0>	1.0000 0.0000 0.0000 0.0000	</row0>
			<row1>	0.0000 1.0000 0.0000 0.0000	</row1>
			<row2>	0.0000 0.0000 1.0000 0.0000	</row2>
			<row3>	0.1132 0.8639 1.9809 1.0000	</row3>
		</transform>
	</node>
	<node>
		<identifier>	MP_ZM675_Rangefinder_66cm_INDEX_1	</identifier>
		<parent>	Scene Root	</parent>
		<transform>
			<row0>	1.0000 0.0000 0.0000 0.0000	</row0>
			<row1>	0.0000 1.0000 0.0000 0.0000	</row1>
			<row2>	0.0000 0.0000 1.0000 0.0000	</row2>
			<row3>	-0.1132 0.8639 1.9809 1.0000	</row3>
		</transform>
	</node>
	<node>
		<identifier>	MP_ZM677_Gyro	</identifier>
		<parent>	Scene Root	</parent>
		<transform>
			<row0>	1.0000 0.0000 0.0000 0.0000	</row0>
			<row1>	0.0000 1.0000 0.0000 0.0000	</row1>
			<row2>	0.0000 0.0000 1.0000 0.0000	</row2>
			<row3>	0.0265 0.6740 2.1071 1.0000	</row3>
		</transform>
	</node>
	<node>
		<identifier>	MP_ZM705_Ammunition_Box	</identifier>
		<parent>	Scene Root	</parent>
		<transform>
			<row0>	-1.0000 0.0000 0.0000 0.0000	</row0>
			<row1>	0.0000 1.0000 0.0000 0.0000	</row1>
			<row2>	0.0000 0.0000 -1.0000 0.0000	</row2>
			<row3>	-0.2793 0.4491 0.2417 1.0000	</row3>
		</transform>
	</node>
	<node>
		<identifier>	MP_ZM705_Ammunition_Box_INDEX_1	</identifier>
		<parent>	Scene Root	</parent>
		<transform>
			<row0>	-0.4584 0.0000 0.8887 0.0000	</row0>
			<row1>	0.0000 1.0000 0.0000 0.0000	</row1>
			<row2>	-0.8887 0.0000 -0.4584 0.0000	</row2>
			<row3>	-0.1144 0.5154 2.2735 1.0000	</row3>
		</transform>
	</node>
	<node>
		<identifier>	MP_ZM705_Ammunition_Box_INDEX_2	</identifier>
		<parent>	Scene Root	</parent>
		<transform>
			<row0>	-0.4584 0.0000 -0.8887 0.0000	</row0>
			<row1>	0.0000 1.0000 0.0000 0.0000	</row1>
			<row2>	0.8887 0.0000 -0.4584 0.0000	</row2>
			<row3>	0.1144 0.5154 2.2735 1.0000	</row3>
		</transform>
	</node>
	<node>
		<identifier>	MP_ZM705_Ammunition_Box_INDEX_3	</identifier>
		<parent>	Scene Root	</parent>
		<transform>
			<row0>	-0.7682 0.0000 0.6402 0.0000	</row0>
			<row1>	0.0000 1.0000 0.0000 0.0000	</row1>
			<row2>	-0.6402 0.0000 -0.7682 0.0000	</row2>
			<row3>	0.1495 0.4491 0.2876 1.0000	</row3>
		</transform>
	</node>
	<node>
		<identifier>	MP_ZM705_Ammunition_Box_INDEX_4	</identifier>
		<parent>	Scene Root	</parent>
		<transform>
			<row0>	-0.7682 0.0000 -0.6402 0.0000	</row0>
			<row1>	0.0000 1.0000 0.0000 0.0000	</row1>
			<row2>	0.6402 0.0000 -0.7682 0.0000	</row2>
			<row3>	-0.1495 0.4491 0.2876 1.0000	</row3>
		</transform>
	</node>
	<node>
		<identifier>	MP_ZM705_Ammunition_Box_INDEX_5	</identifier>
		<parent>	Scene Root	</parent>
		<transform>
			<row0>	0.4024 0.0000 -0.9154 0.0000	</row0>
			<row1>	0.0000 1.0000 0.0000 0.0000	</row1>
			<row2>	0.9154 0.0000 0.4024 0.0000	</row2>
			<row3>	-0.1923 0.5154 1.9726 1.0000	</row3>
		</transform>
	</node>
	<node>
		<identifier>	MP_ZM705_Ammunition_Box_INDEX_6	</identifier>
		<parent>	Scene Root	</parent>
		<transform>
			<row0>	-1.0000 0.0000 0.0000 0.0000	</row0>
			<row1>	0.0000 1.0000 0.0000 0.0000	</row1>
			<row2>	0.0000 0.0000 -1.0000 0.0000	</row2>
			<row3>	0.2793 0.4491 0.2417 1.0000	</row3>
		</transform>
	</node>
	<node>
		<identifier>	MP_ZM705_Ammunition_Box_INDEX_7	</identifier>
		<parent>	Scene Root	</parent>
		<transform>
			<row0>	0.8950 0.0000 -0.4460 0.0000	</row0>
			<row1>	0.0000 1.0000 0.0000 0.0000	</row1>
