<VSB303_Libertad_1944_MidFront_ports.visual>
	<skeleton>
		<node>
			<identifier>	Scene Root	</identifier>
			<transform>
				<row0>	1.0000 0.0000 0.0000 0.0000	</row0>
				<row1>	0.0000 1.0000 0.0000 0.0000	</row1>
				<row2>	0.0000 0.0000 1.0000 0.0000	</row2>
				<row3>	0.0000 0.0000 0.0000 1.0000	</row3>
			</transform>
			<node>
				<identifier>	MidFront_ports	</identifier>
				<transform>
					<row0>	1.0000 0.0000 0.0000 0.0000	</row0>
					<row1>	0.0000 1.0000 0.0000 0.0000	</row1>
					<row2>	0.0000 0.0000 1.0000 0.0000	</row2>
					<row3>	0.0000 0.0000 0.0000 1.0000	</row3>
				</transform>
				<node>
					<identifier>	HP_FX_Death_1	</identifier>
					<transform>
						<row0>	1.0000 0.0000 0.0000 0.0000	</row0>
						<row1>	0.0000 1.0000 0.0000 0.0000	</row1>
						<row2>	0.0000 0.0000 1.0000 0.0000	</row2>
						<row3>	0.0000 0.0000 5.2000 1.0000	</row3>
					</transform>
				</node>
				<node>
					<identifier>	HP_FX_Fire_2	</identifier>
					<transform>
						<row0>	1.0000 0.0000 0.0000 0.0000	</row0>
						<row1>	0.0000 1.0000 0.0000 0.0000	</row1>
						<row2>	0.0000 0.0000 1.0000 0.0000	</row2>
						<row3>	0.0000 0.8052 2.3097 1.0000	</row3>
					</transform>
				</node>
				<node>
					<identifier>	HP_FX_Fire_2_side_1	</identifier>
					<transform>
						<row0>	1.0000 0.0000 0.0000 0.0000	</row0>
						<row1>	0.0000 1.0000 0.0000 0.0000	</row1>
						<row2>	0.0000 0.0000 1.0000 0.0000	</row2>
						<row3>	-0.8994 0.5518 3.6845 1.0000	</row3>
					</transform>
				</node>
				<node>
					<identifier>	HP_FX_Fire_2_side_2	</identifier>
					<transform>
						<row0>	1.0000 0.0000 0.0000 0.0000	</row0>
						<row1>	0.0000 1.0000 0.0000 0.0000	</row1>
						<row2>	0.0000 0.0000 1.0000 0.0000	</row2>
						<row3>	0.7826 0.4831 4.4192 1.0000	</row3>
					</transform>
				</node>
				<node>
					<identifier>	HP_FX_FloodLight_left_1	</identifier>
					<transform>
						<row0>	-1.0000 0.0000 0.0000 0.0000	</row0>
						<row1>	0.0000 1.0000 0.0000 0.0000	</row1>
						<row2>	0.0000 0.0000 -1.0000 0.0000	</row2>
						<row3>	-0.7265 0.5485 3.7400 1.0000	</row3>
					</transform>
				</node>
				<node>
					<identifier>	HP_FX_FloodLight_right_2	</identifier>
					<transform>
						<row0>	1.0000 0.0000 0.0000 0.0000	</row0>
						<row1>	0.0000 1.0000 0.0000 0.0000	</row1>
						<row2>	0.0000 0.0000 1.0000 0.0000	</row2>
						<row3>	0.7227 0.5484 3.7409 1.0000	</row3>
					</transform>
				</node>
				<node>
					<identifier>	HP_FX_Flood_steam_2	</identifier>
					<transform>
						<row0>	0.8660 0.0000 0.5000 0.0000	</row0>
						<row1>	0.3214 0.7660 -0.5567 0.0000	</row1>
						<row2>	-0.3830 0.6428 0.6634 0.0000	</row2>
						<row3>	0.0992 1.5287 1.5150 1.0000	</row3>
					</transform>
				</node>
				<node>
					<identifier>	HP_FX_Flood_steam_left	</identifier>
					<transform>
						<row0>	-1.0000 0.0000 0.0000 0.0000	</row0>
						<row1>	0.0000 1.0000 0.0000 0.0000	</row1>
						<row2>	0.0000 0.0000 -1.0000 0.0000	</row2>
						<row3>	-0.3894 0.7009 2.9486 1.0000	</row3>
					</transform>
				</node>
				<node>
					<identifier>	HP_FX_Flood_water_left_2	</identifier>
					<transform>
						<row0>	-0.9961 0.0000 0.0877 0.0000	</row0>
						<row1>	0.0000 1.0000 0.0000 0.0000	</row1>
						<row2>	-0.0877 0.0000 -0.9961 0.0000	</row2>
						<row3>	-1.1051 0.0411 2.3801 1.0000	</row3>
					</transform>
				</node>
				<node>
					<identifier>	HP_FX_Flood_water_left_3	</identifier>
					<transform>
						<row0>	-0.9881 0.0000 0.1537 0.0000	</row0>
						<row1>	0.0000 1.0000 0.0000 0.0000	</row1>
						<row2>	-0.1537 0.0000 -0.9881 0.0000	</row2>
						<row3>	-0.7197 0.0418 5.3926 1.0000	</row3>
					</transform>
				</node>
				<node>
					<identifier>	HP_FX_Flood_water_right_2	</identifier>
					<transform>
						<row0>	0.9984 0.0000 0.0562 0.0000	</row0>
						<row1>	0.0000 1.0000 0.0000 0.0000	</row1>
						<row2>	-0.0562 0.0000 0.9984 0.0000	</row2>
						<row3>	1.1052 0.0424 2.3800 1.0000	</row3>
					</transform>
				</node>
				<node>
					<identifier>	HP_FX_Flood_water_right_3	</identifier>
					<transform>
						<row0>	0.9915 0.0000 0.1299 0.0000	</row0>
						<row1>	0.0000 1.0000 0.0000 0.0000	</row1>
						<row2>	-0.1299 0.0000 0.9915 0.0000	</row2>
						<row3>	0.7200 0.0427 5.3921 1.0000	</row3>
					</transform>
				</node>
				<node>
					<identifier>	HP_FX_Rage_beam_1	</identifier>
					<transform>
						<row0>	0.0000 0.0000 1.0000 0.0000	</row0>
						<row1>	0.0000 1.0000 0.0000 0.0000	</row1>
						<row2>	-1.0000 0.0000 0.0000 0.0000	</row2>
						<row3>	-0.1822 1.5022 2.6438 1.0000	</row3>
					</transform>
				</node>
				<node>
					<identifier>	HP_FX_Rage_beam_2	</identifier>
					<transform>
						<row0>	0.0000 0.0000 -1.0000 0.0000	</row0>
						<row1>	0.0000 1.0000 0.0000 0.0000	</row1>
						<row2>	1.0000 0.0000 0.0000 0.0000	</row2>
						<row3>	0.1829 1.5010 2.6457 1.0000	</row3>
					</transform>
				</node>
				<node>
					<identifier>	HP_FX_RepairLight_left_1	</identifier>
					<transform>
						<row0>	0.0935 0.0000 0.9956 0.0000	</row0>
						<row1>	-0.1862 0.9824 0.0175 0.0000	</row1>
						<row2>	-0.9781 -0.1870 0.0918 0.0000	</row2>
						<row3>	-0.9975 0.4500 4.0907 1.0000	</row3>
					</transform>
				</node>
				<node>
					<identifier>	HP_FX_RepairLight_right_2	</identifier>
					<transform>
						<row0>	0.0714 0.0000 -0.9974 0.0000	</row0>
						<row1>	0.1869 0.9823 0.0134 0.0000	</row1>
						<row2>	0.9798 -0.1874 0.0701 0.0000	</row2>
						<row3>	1.0650 0.4461 3.3316 1.0000	</row3>
					</transform>
				</node>
				<node>
					<identifier>	HP_FX_Smoke_1	</identifier>
					<transform>
						<row0>	1.0000 0.0000 0.0000 0.0000	</row0>
						<row1>	0.0000 1.0000 0.0000 0.0000	</row1>
						<row2>	0.0000 0.0000 1.0000 0.0000	</row2>
						<row3>	0.0000 1.5472 1.7615 1.0000	</row3>
					</transform>
				</node>
				<node>
					<identifier>	HP_Ship_death_2	</identifier>
					<transform>
						<row0>	1.0000 0.0000 0.0000 0.0000	</row0>
						<row1>	0.0000 1.0000 0.0000 0.0000	</row1>
						<row2>	0.0000 0.0000 1.0000 0.0000	</row2>
						<row3>	0.0000 0.0000 1.4576 1.0000	</row3>
					</transform>
				</node>
				<node>
					<identifier>	HP_VD_1	</identifier>
					<transform>
						<row0>	0.4643 0.0000 0.8857 0.0000	</row0>
						<row1>	0.0000 1.0000 0.0000 0.0000	</row1>
						<row2>	-0.8857 0.0000 0.4643 0.0000	</row2>
						<row3>	-0.6885 0.5575 4.0493 1.0000	</row3>
					</transform>
				</node>
				<node>
					<identifier>	HP_VD_2	</identifier>
					<transform>
						<row0>	0.4643 0.0000 -0.8857 0.0000	</row0>
						<row1>	0.0000 1.0000 0.0000 0.0000	</row1>
						<row2>	0.8857 0.0000 0.4643 0.0000	</row2>
						<row3>	0.6885 0.5575 4.0493 1.0000	</row3>
					</transform>
				</node>
				<node>
					<identifier>	HP_VD_3	</identifier>
					<transform>
						<row0>	1.0000 0.0000 0.0000 0.0000	</row0>
						<row1>	0.0000 1.0000 0.0000 0.0000	</row1>
						<row2>	0.0000 0.0000 1.0000 0.0000	</row2>
						<row3>	0.0000 1.1179 3.3356 1.0000	</row3>
					</transform>
				</node>
				<node>
					<identifier>	HP_VD_4	</identifier>
					<transform>
						<row0>	0.0000 0.0000 1.0000 0.0000	</row0>
						<row1>	0.0000 1.0000 0.0000 0.0000	</row1>
						<row2>	-1.0000 0.0000 0.0000 0.0000	</row2>
						<row3>	-0.3595 0.7589 3.0918 1.0000	</row3>
					</transform>
				</node>
				<node>
					<identifier>	HP_VD_5	</identifier>
					<transform>
						<row0>	0.0000 0.0000 -1.0000 0.0000	</row0>
						<row1>	0.0000 1.0000 0.0000 0.0000	</row1>
						<row2>	1.0000 0.0000 0.0000 0.0000	</row2>
						<row3>	0.3595 0.7589 3.0918 1.0000	</row3>
					</transform>
				</node>
				<node>
					<identifier>	HP_VD_6	</identifier>
					<transform>
						<row0>	1.0000 0.0000 0.0000 0.0000	</row0>
						<row1>	0.0000 1.0000 0.0000 0.0000	</row1>
						<row2>	0.0000 0.0000 1.0000 0.0000	</row2>
						<row3>	0.0000 1.6012 3.0105 1.0000	</row3>
					</transform>
				</node>
				<node>
					<identifier>	HP_VD_7	</identifier>
					<transform>
						<row0>	1.0000 0.0000 0.0000 0.0000	</row0>
						<row1>	0.0000 1.0000 0.0000 0.0000	</row1>
						<row2>	0.0000 0.0000 1.0000 0.0000	</row2>
						<row3>	-0.3574 0.9656 2.4408 1.0000	</row3>
					</transform>
				</node>
				<node>
					<identifier>	HP_VD_8	</identifier>
					<transform>
						<row0>	1.0000 0.0000 0.0000 0.0000	</row0>
						<row1>	0.0000 1.0000 0.0000 0.0000	</row1>
						<row2>	0.0000 0.0000 1.0000 0.0000	</row2>
						<row3>	0.3574 0.9656 2.4408 1.0000	</row3>
					</transform>
				</node>
				<node>
					<identifier>	HP_VGA_1	</identifier>
					<transform>
						<row0>	0.7071 0.0000 0.7071 0.0000	</row0>
						<row1>	0.0000 1.0000 0.0000 0.0000	</row1>
						<row2>	-0.7071 0.0000 0.7071 0.0000	</row2>
						<row3>	-0.7061 0.4422 4.3508 1.0000	</row3>
					</transform>
				</node>
				<node>
					<identifier>	HP_VGA_10	</identifier>
					<transform>
						<row0>	0.0000 0.0000 -1.0000 0.0000	</row0>
						<row1>	0.0000 1.0000 0.0000 0.0000	</row1>
						<row2>	1.0000 0.0000 0.0000 0.0000	</row2>
						<row3>	0.5978 0.6035 3.2942 1.0000	</row3>
					</transform>
				</node>
				<node>
					<identifier>	HP_VGA_2	</identifier>
					<transform>
						<row0>	0.7071 0.0000 -0.7071 0.0000	</row0>
						<row1>	0.0000 1.0000 0.0000 0.0000	</row1>
						<row2>	0.7071 0.0000 0.7071 0.0000	</row2>
						<row3>	0.7061 0.4422 4.3508 1.0000	</row3>
					</transform>
				</node>
				<node>
					<identifier>	HP_VGA_3	</identifier>
					<transform>
						<row0>	0.7071 0.0000 0.7071 0.0000	</row0>
						<row1>	0.0000 1.0000 0.0000 0.0000	</row1>
						<row2>	-0.7071 0.0000 0.7071 0.0000	</row2>
						<row3>	-0.5172 0.6026 3.9850 1.0000	</row3>
					</transform>
				</node>
				<node>
					<identifier>	HP_VGA_4	</identifier>
					<transform>
						<row0>	0.7071 0.0000 -0.7071 0.0000	</row0>
						<row1>	0.0000 1.0000 0.0000 0.0000	</row1>
						<row2>	0.7071 0.0000 0.7071 0.0000	</row2>
						<row3>	0.5172 0.6026 3.9850 1.0000	</row3>
					</transform>
				</node>
				<node>
					<identifier>	HP_VGA_5	</identifier>
					<transform>
						<row0>	0.7071 0.0000 0.7071 0.0000	</row0>
						<row1>	0.0000 1.0000 0.0000 0.0000	</row1>
						<row2>	-0.7071 0.0000 0.7071 0.0000	</row2>
						<row3>	-0.6169 0.6018 3.8220 1.0000	</row3>
					</transform>
				</node>
				<node>
					<identifier>	HP_VGA_6	</identifier>
					<transform>
						<row0>	0.7071 0.0000 -0.7071 0.0000	</row0>
						<row1>	0.0000 1.0000 0.0000 0.0000	</row1>
						<row2>	0.7071 0.0000 0.7071 0.0000	</row2>
						<row3>	0.6169 0.6018 3.8220 1.0000	</row3>
					</transform>
				</node>
				<node>
					<identifier>	HP_VGA_7	</identifier>
					<transform>
						<row0>	0.7071 0.0000 0.7071 0.0000	</row0>
						<row1>	0.0000 1.0000 0.0000 0.0000	</row1>
						<row2>	-0.7071 0.0000 0.7071 0.0000	</row2>
						<row3>	-0.9178 0.4380 3.7007 1.0000	</row3>
					</transform>
				</node>
				<node>
					<identifier>	HP_VGA_8	</identifier>
					<transform>
						<row0>	0.7071 0.0000 -0.7071 0.0000	</row0>
						<row1>	0.0000 1.0000 0.0000 0.0000	</row1>
						<row2>	0.7071 0.0000 0.7071 0.0000	</row2>
						<row3>	0.9178 0.4380 3.7007 1.0000	</row3>
					</transform>
				</node>
				<node>
					<identifier>	HP_VGA_9	</identifier>
					<transform>
						<row0>	0.0000 0.0000 1.0000 0.0000	</row0>
						<row1>	0.0000 1.0000 0.0000 0.0000	</row1>
						<row2>	-1.0000 0.0000 0.0000 0.0000	</row2>
						<row3>	-0.5978 0.6035 3.2942 1.0000	</row3>
					</transform>
				</node>
				<node>
					<identifier>	HP_VGM_1	</identifier>
					<transform>
						<row0>	1.0000 0.0000 0.0000 0.0000	</row0>
						<row1>	0.0000 1.0000 0.0000 0.0000	</row1>
						<row2>	0.0000 0.0000 1.0000 0.0000	</row2>
						<row3>	0.0000 0.5085 5.4480 1.0000	</row3>
					</transform>
				</node>
				<node>
					<identifier>	HP_VGM_2	</identifier>
					<transform>
						<row0>	1.0000 0.0000 0.0000 0.0000	</row0>
						<row1>	0.0000 1.0000 0.0000 0.0000	</row1>
						<row2>	0.0000 0.0000 1.0000 0.0000	</row2>
						<row3>	0.0000 0.6975 4.3496 1.0000	</row3>
					</transform>
				</node>
				<node>
					<identifier>	HP_VGS_1	</identifier>
					<transform>
						<row0>	1.0000 0.0000 0.0000 0.0000	</row0>
						<row1>	0.0000 1.0000 0.0000 0.0000	</row1>
						<row2>	0.0000 0.0000 1.0000 0.0000	</row2>
						<row3>	-0.8412 0.4846 2.7255 1.0000	</row3>
					</transform>
				</node>
				<node>
					<identifier>	HP_VGS_2	</identifier>
					<transform>
						<row0>	1.0000 0.0000 0.0000 0.0000	</row0>
						<row1>	0.0000 1.0000 0.0000 0.0000	</row1>
						<row2>	0.0000 0.0000 1.0000 0.0000	</row2>
						<row3>	0.8412 0.4846 2.7255 1.0000	</row3>
					</transform>
				</node>
				<node>
					<identifier>	HP_VGS_3	</identifier>
					<transform>
						<row0>	1.0000 0.0000 0.0000 0.0000	</row0>
						<row1>	0.0000 1.0000 0.0000 0.0000	</row1>
						<row2>	0.0000 0.0000 1.0000 0.0000	</row2>
						<row3>	-0.5982 0.5982 2.1962 1.0000	</row3>
					</transform>
				</node>
				<node>
					<identifier>	HP_VGS_4	</identifier>
					<transform>
						<row0>	1.0000 0.0000 0.0000 0.0000	</row0>
						<row1>	0.0000 1.0000 0.0000 0.0000	</row1>
						<row2>	0.0000 0.0000 1.0000 0.0000	</row2>
						<row3>	0.5982 0.5982 2.1962 1.0000	</row3>
					</transform>
				</node>
				<node>
					<identifier>	HP_VGS_5	</identifier>
					<transform>
						<row0>	1.0000 0.0000 0.0000 0.0000	</row0>
						<row1>	0.0000 1.0000 0.0000 0.0000	</row1>
						<row2>	0.0000 0.0000 1.0000 0.0000	</row2>
						<row3>	-0.9067 0.4825 1.6686 1.0000	</row3>
					</transform>
				</node>
				<node>
					<identifier>	HP_VGS_6	</identifier>
					<transform>
						<row0>	1.0000 0.0000 0.0000 0.0000	</row0>
						<row1>	0.0000 1.0000 0.0000 0.0000	</row1>
						<row2>	0.0000 0.0000 1.0000 0.0000	</row2>
						<row3>	0.9067 0.4825 1.6686 1.0000	</row3>
					</transform>
				</node>
				<node>
					<identifier>	HP_VRS_1	</identifier>
					<transform>
						<row0>	1.0000 0.0000 0.0000 0.0000	</row0>
						<row1>	0.0000 1.0000 0.0000 0.0000	</row1>
						<row2>	0.0000 0.0000 1.0000 0.0000	</row2>
						<row3>	0.0000 1.8990 2.7255 1.0000	</row3>
					</transform>
				</node>
				<node>
					<identifier>	HP_VRS_2	</identifier>
					<transform>
						<row0>	1.0000 0.0000 0.0000 0.0000	</row0>
						<row1>	0.0000 1.0000 0.0000 0.0000	</row1>
						<row2>	0.0000 0.0000 1.0000 0.0000	</row2>
						<row3>	0.0000 2.2975 2.4549 1.0000	</row3>
					</transform>
				</node>
				<node>
					<identifier>	HP_flag_1	</identifier>
					<transform>
						<row0>	0.9985 -0.0537 0.0057 0.0000	</row0>
						<row1>	0.0537 0.9762 -0.2100 0.0000	</row1>
						<row2>	0.0057 0.2100 0.9777 0.0000	</row2>
						<row3>	0.3352 2.0048 2.5083 1.0000	</row3>
					</transform>
				</node>
				<node>
					<identifier>	HP_flag_2	</identifier>
					<transform>
						<row0>	0.9985 0.0537 -0.0057 0.0000	</row0>
						<row1>	-0.0537 0.9762 -0.2100 0.0000	</row1>
						<row2>	-0.0057 0.2100 0.9777 0.0000	</row2>
						<row3>	-0.3352 2.0048 2.5083 1.0000	</row3>
					</transform>
				</node>
				<node>
					<identifier>	HP_flag_3	</identifier>
					<transform>
						<row0>	1.0000 0.0064 -0.0007 0.0000	</row0>
						<row1>	-0.0064 0.9775 -0.2110 0.0000	</row1>
						<row2>	-0.0007 0.2110 0.9775 0.0000	</row2>
						<row3>	0.2315 2.0046 2.5084 1.0000	</row3>
					</transform>
				</node>
				<node>
					<identifier>	HP_flag_4	</identifier>
					<transform>
						<row0>	1.0000 -0.0064 0.0007 0.0000	</row0>
						<row1>	0.0064 0.9775 -0.2110 0.0000	</row1>
						<row2>	0.0007 0.2110 0.9775 0.0000	</row2>
						<row3>	-0.2315 2.0046 2.5084 1.0000	</row3>
					</transform>
				</node>
				<node>
					<identifier>	HP_flag_courtesy	</identifier>
					<transform>
						<row0>	0.9965 -0.0830 0.0088 0.0000	</row0>
						<row1>	0.0830 0.9741 -0.2103 0.0000	</row1>
						<row2>	0.0088 0.2103 0.9776 0.0000	</row2>
						<row3>	0.3970 2.1319 2.4809 1.0000	</row3>
					</transform>
				</node>
				<node>
					<identifier>	HP_flag_house	</identifier>
					<transform>
						<row0>	0.9965 0.0830 -0.0088 0.0000	</row0>
						<row1>	-0.0830 0.9741 -0.2103 0.0000	</row1>
						<row2>	-0.0088 0.2103 0.9776 0.0000	</row2>
						<row3>	-0.3963 2.1241 2.4826 1.0000	</row3>
					</transform>
				</node>
				<node>
					<identifier>	HP_flag_nation	</identifier>
					<transform>
						<row0>	1.0000 -0.0082 0.0004 0.0000	</row0>
						<row1>	0.0082 0.9952 -0.0972 0.0000	</row1>
						<row2>	0.0004 0.0972 0.9953 0.0000	</row2>
						<row3>	0.0000 2.4731 2.3001 1.0000	</row3>
					</transform>
				</node>
				<node>
					<identifier>	HP_flag_rank	</identifier>
					<transform>
						<row0>	1.0000 -0.0082 0.0004 0.0000	</row0>
						<row1>	0.0082 0.9952 -0.0972 0.0000	</row1>
						<row2>	0.0004 0.0972 0.9953 0.0000	</row2>
						<row3>	-0.0020 2.2429 2.3226 1.0000	</row3>
					</transform>
				</node>
				<node>
					<identifier>	MP_CM012_Fire_Hose_Rack_1	</identifier>
					<transform>
						<row0>	0.6552 0.0000 0.7554 0.0000	</row0>
						<row1>	0.0000 1.0000 0.0000 0.0000	</row1>
						<row2>	-0.7554 0.0000 0.6552 0.0000	</row2>
						<row3>	-0.6002 0.4970 1.9163 1.0000	</row3>
					</transform>
				</node>
				<node>
					<identifier>	MP_CM012_Fire_Hose_Rack_1_INDEX_1	</identifier>
					<transform>
						<row0>	0.0000 0.0000 1.0000 0.0000	</row0>
						<row1>	0.0000 1.0000 0.0000 0.0000	</row1>
						<row2>	-1.0000 0.0000 0.0000 0.0000	</row2>
						<row3>	0.0462 0.6590 2.3192 1.0000	</row3>
					</transform>
				</node>
				<node>
					<identifier>	MP_CM012_Fire_Hose_Rack_1_INDEX_10	</identifier>
					<transform>
						<row0>	0.0000 0.0000 -1.0000 0.0000	</row0>
						<row1>	0.0000 1.0000 0.0000 0.0000	</row1>
						<row2>	1.0000 0.0000 0.0000 0.0000	</row2>
						<row3>	-0.2432 0.6675 3.4144 1.0000	</row3>
					</transform>
				</node>
				<node>
					<identifier>	MP_CM012_Fire_Hose_Rack_1_INDEX_2	</identifier>
					<transform>
						<row0>	-0.6552 0.0000 0.7554 0.0000	</row0>
						<row1>	0.0000 1.0000 0.0000 0.0000	</row1>
						<row2>	-0.7554 0.0000 -0.6552 0.0000	</row2>
						<row3>	0.6002 0.4970 1.9163 1.0000	</row3>
					</transform>
				</node>
				<node>
					<identifier>	MP_CM012_Fire_Hose_Rack_1_INDEX_3	</identifier>
					<transform>
						<row0>	-1.0000 0.0000 0.0000 0.0000	</row0>
						<row1>	0.0000 1.0000 0.0000 0.0000	</row1>
						<row2>	0.0000 0.0000 -1.0000 0.0000	</row2>
						<row3>	0.4382 0.4970 2.6810 1.0000	</row3>
					</transform>
				</node>
				<node>
					<identifier>	MP_CM012_Fire_Hose_Rack_1_INDEX_4	</identifier>
					<transform>
						<row0>	0.0000 0.0000 1.0000 0.0000	</row0>
						<row1>	0.0000 1.0000 0.0000 0.0000	</row1>
						<row2>	-1.0000 0.0000 0.0000 0.0000	</row2>
						<row3>	0.3476 0.8286 3.2142 1.0000	</row3>
					</transform>
				</node>
				<node>
					<identifier>	MP_CM012_Fire_Hose_Rack_1_INDEX_5	</identifier>
					<transform>
						<row0>	1.0000 0.0000 0.0000 0.0000	</row0>
						<row1>	0.0000 1.0000 0.0000 0.0000	</row1>
						<row2>	0.0000 0.0000 1.0000 0.0000	</row2>
						<row3>	-0.4382 0.4970 2.6778 1.0000	</row3>
					</transform>
				</node>
				<node>
					<identifier>	MP_CM012_Fire_Hose_Rack_1_INDEX_6	</identifier>
					<transform>
						<row0>	0.0000 0.0000 1.0000 0.0000	</row0>
						<row1>	0.0000 1.0000 0.0000 0.0000	</row1>
						<row2>	-1.0000 0.0000 0.0000 0.0000	</row2>
						<row3>	-0.3476 0.8286 3.2142 1.0000	</row3>
					</transform>
				</node>
				<node>
					<identifier>	MP_CM012_Fire_Hose_Rack_1_INDEX_7	</identifier>
					<transform>
						<row0>	-0.9570 0.0000 -0.2901 0.0000	</row0>
						<row1>	0.0000 1.0000 0.0000 0.0000	</row1>
						<row2>	0.2901 0.0000 -0.9570 0.0000	</row2>
						<row3>	0.3783 0.5244 4.4644 1.0000	</row3>
					</transform>
				</node>
				<node>
					<identifier>	MP_CM012_Fire_Hose_Rack_1_INDEX_8	</identifier>
					<transform>
						<row0>	0.0000 0.0000 -1.0000 0.0000	</row0>
						<row1>	0.0000 1.0000 0.0000 0.0000	</row1>
						<row2>	1.0000 0.0000 0.0000 0.0000	</row2>
						<row3>	0.2432 0.6675 3.4144 1.0000	</row3>
					</transform>
				</node>
				<node>
					<identifier>	MP_CM012_Fire_Hose_Rack_1_INDEX_9	</identifier>
					<transform>
						<row0>	0.7073 0.0000 0.7069 0.0000	</row0>
						<row1>	0.0000 1.0000 0.0000 0.0000	</row1>
						<row2>	-0.7069 0.0000 0.7073 0.0000	</row2>
						<row3>	-0.1852 0.8295 2.4902 1.0000	</row3>
					</transform>
				</node>
				<node>
					<identifier>	MP_CM014_Fuel_Oil_Hose	</identifier>
					<transform>
						<row0>	0.6129 0.0000 -0.7902 0.0000	</row0>
						<row1>	0.0000 1.0000 0.0000 0.0000	</row1>
						<row2>	0.7902 0.0000 0.6129 0.0000	</row2>
						<row3>	-0.6579 0.5218 1.3881 1.0000	</row3>
					</transform>
				</node>
				<node>
					<identifier>	MP_CM014_Fuel_Oil_Hose_INDEX_1	</identifier>
					<transform>
						<row0>	-0.8833 0.0000 -0.4689 0.0000	</row0>
						<row1>	0.0000 1.0000 0.0000 0.0000	</row1>
						<row2>	0.4689 0.0000 -0.8833 0.0000	</row2>
						<row3>	0.4778 0.5314 4.2784 1.0000	</row3>
					</transform>
				</node>
				<node>
					<identifier>	MP_CM014_Fuel_Oil_Hose_INDEX_2	</identifier>
					<transform>
						<row0>	-1.0000 0.0000 0.0000 0.0000	</row0>
						<row1>	0.0000 1.0000 0.0000 0.0000	</row1>
						<row2>	0.0000 0.0000 -1.0000 0.0000	</row2>
						<row3>	0.7201 0.5218 3.3146 1.0000	</row3>
					</transform>
				</node>
				<node>
					<identifier>	MP_CM014_Fuel_Oil_Hose_INDEX_3	</identifier>
					<transform>
						<row0>	1.0000 0.0000 0.0000 0.0000	</row0>
						<row1>	0.0000 1.0000 0.0000 0.0000	</row1>
						<row2>	0.0000 0.0000 1.0000 0.0000	</row2>
						<row3>	-0.7201 0.5218 3.3146 1.0000	</row3>
					</transform>
				</node>
				<node>
					<identifier>	MP_CM014_Fuel_Oil_Hose_INDEX_4	</identifier>
					<transform>
						<row0>	-0.6129 0.0000 -0.7902 0.0000	</row0>
						<row1>	0.0000 1.0000 0.0000 0.0000	</row1>
						<row2>	0.7902 0.0000 -0.6129 0.0000	</row2>
						<row3>	0.6579 0.5218 1.3881 1.0000	</row3>
					</transform>
				</node>
				<node>
					<identifier>	MP_CM014_Fuel_Oil_Hose_INDEX_5	</identifier>
					<transform>
						<row0>	0.8833 0.0000 -0.4689 0.0000	</row0>
						<row1>	0.0000 1.0000 0.0000 0.0000	</row1>
						<row2>	0.4689 0.0000 0.8833 0.0000	</row2>
						<row3>	-0.4778 0.5314 4.2784 1.0000	</row3>
					</transform>
				</node>
				<node>
					<identifier>	MP_CM029_Emergency_Box	</identifier>
					<transform>
						<row0>	1.0000 0.0000 0.0000 0.0000	</row0>
						<row1>	0.0000 1.0000 0.0000 0.0000	</row1>
						<row2>	0.0000 0.0000 1.0000 0.0000	</row2>
						<row3>	0.0665 1.1459 2.7189 1.0000	</row3>
					</transform>
				</node>
				<node>
					<identifier>	MP_CM029_Emergency_Box_INDEX_1	</identifier>
					<transform>
						<row0>	0.7169 0.0000 0.6971 0.0000	</row0>
						<row1>	0.0000 1.0000 0.0000 0.0000	</row1>
						<row2>	-0.6971 0.0000 0.7169 0.0000	</row2>
						<row3>	0.1928 0.8364 2.4886 1.0000	</row3>
					</transform>
				</node>
				<node>
					<identifier>	MP_CM029_Emergency_Box_INDEX_10	</identifier>
					<transform>
						<row0>	0.0000 0.0000 1.0000 0.0000	</row0>
						<row1>	0.0000 1.0000 0.0000 0.0000	</row1>
						<row2>	-1.0000 0.0000 0.0000 0.0000	</row2>
						<row3>	0.0974 1.3192 2.9449 1.0000	</row3>
					</transform>
				</node>
				<node>
					<identifier>	MP_CM029_Emergency_Box_INDEX_2	</identifier>
					<transform>
						<row0>	-1.0000 0.0000 0.0000 0.0000	</row0>
						<row1>	0.0000 1.0000 0.0000 0.0000	</row1>
						<row2>	0.0000 0.0000 -1.0000 0.0000	</row2>
						<row3>	0.0215 0.9886 3.1382 1.0000	</row3>
					</transform>
				</node>
				<node>
					<identifier>	MP_CM029_Emergency_Box_INDEX_3	</identifier>
					<transform>
						<row0>	0.0000 0.0000 1.0000 0.0000	</row0>
						<row1>	0.0000 1.0000 0.0000 0.0000	</row1>
						<row2>	-1.0000 0.0000 0.0000 0.0000	</row2>
						<row3>	0.3955 0.6722 3.0103 1.0000	</row3>
					</transform>
				</node>
				<node>
					<identifier>	MP_CM029_Emergency_Box_INDEX_4	</identifier>
					<transform>
						<row0>	0.0000 0.0000 -1.0000 0.0000	</row0>
						<row1>	0.0000 1.0000 0.0000 0.0000	</row1>
						<row2>	1.0000 0.0000 0.0000 0.0000	</row2>
						<row3>	-0.6768 0.5101 3.4554 1.0000	</row3>
					</transform>
				</node>
				<node>
					<identifier>	MP_CM029_Emergency_Box_INDEX_5	</identifier>
					<transform>
						<row0>	1.0000 0.0000 0.0000 0.0000	</row0>
						<row1>	0.0000 1.0000 0.0000 0.0000	</row1>
						<row2>	0.0000 0.0000 1.0000 0.0000	</row2>
						<row3>	-0.0644 1.4813 2.8827 1.0000	</row3>
					</transform>
				</node>
				<node>
					<identifier>	MP_CM029_Emergency_Box_INDEX_6	</identifier>
					<transform>
						<row0>	0.0000 0.0000 -1.0000 0.0000	</row0>
						<row1>	0.0000 1.0000 0.0000 0.0000	</row1>
						<row2>	1.0000 0.0000 0.0000 0.0000	</row2>
						<row3>	-0.3955 0.6722 3.0103 1.0000	</row3>
					</transform>
				</node>
				<node>
					<identifier>	MP_CM029_Emergency_Box_INDEX_7	</identifier>
					<transform>
						<row0>	0.0000 0.0000 -1.0000 0.0000	</row0>
						<row1>	0.0000 1.0000 0.0000 0.0000	</row1>
						<row2>	1.0000 0.0000 0.0000 0.0000	</row2>
						<row3>	-0.1809 0.6687 1.4607 1.0000	</row3>
					</transform>
				</node>
				<node>
					<identifier>	MP_CM029_Emergency_Box_INDEX_8	</identifier>
					<transform>
						<row0>	0.0000 0.0000 1.0000 0.0000	</row0>
						<row1>	0.0000 1.0000 0.0000 0.0000	</row1>
						<row2>	-1.0000 0.0000 0.0000 0.0000	</row2>
						<row3>	0.6768 0.5101 3.4554 1.0000	</row3>
					</transform>
				</node>
				<node>
					<identifier>	MP_CM029_Emergency_Box_INDEX_9	</identifier>
					<transform>
						<row0>	0.0000 0.0000 1.0000 0.0000	</row0>
						<row1>	0.0000 1.0000 0.0000 0.0000	</row1>
						<row2>	-1.0000 0.0000 0.0000 0.0000	</row2>
						<row3>	0.1809 0.6687 1.4607 1.0000	</row3>
					</transform>
				</node>
				<node>
					<identifier>	MP_CM052_Fender	</identifier>
					<transform>
						<row0>	0.9659 0.0000 0.2588 0.0000	</row0>
						<row1>	0.0000 1.0000 0.0000 0.0000	</row1>
						<row2>	-0.2588 0.0000 0.9659 0.0000	</row2>
						<row3>	-0.0878 0.4466 4.7676 1.0000	</row3>
					</transform>
				</node>
				<node>
					<identifier>	MP_CM052_Fender_INDEX_1	</identifier>
					<transform>
						<row0>	0.9659 0.0000 -0.2588 0.0000	</row0>
						<row1>	0.0000 1.0000 0.0000 0.0000	</row1>
						<row2>	0.2588 0.0000 0.9659 0.0000	</row2>
						<row3>	0.0878 0.4466 4.7676 1.0000	</row3>
					</transform>
				</node>
				<node>
					<identifier>	MP_CM052_Fender_INDEX_2	</identifier>
					<transform>
						<row0>	0.8660 0.0000 -0.5000 0.0000	</row0>
						<row1>	0.0000 1.0000 0.0000 0.0000	</row1>
						<row2>	0.5000 0.0000 0.8660 0.0000	</row2>
						<row3>	0.1726 0.4463 4.7404 1.0000	</row3>
					</transform>
				</node>
				<node>
					<identifier>	MP_CM052_Fender_INDEX_3	</identifier>
					<transform>
						<row0>	1.0000 0.0000 0.0000 0.0000	</row0>
						<row1>	0.0000 1.0000 0.0000 0.0000	</row1>
						<row2>	0.0000 0.0000 1.0000 0.0000	</row2>
						<row3>	0.0000 0.4465 4.7768 1.0000	</row3>
					</transform>
				</node>
				<node>
					<identifier>	MP_CM093_Rope	</identifier>
					<transform>
						<row0>	0.0000 0.0000 0.4361 0.0000	</row0>
						<row1>	0.0000 0.4361 0.0000 0.0000	</row1>
						<row2>	-0.4361 0.0000 0.0000 0.0000	</row2>
						<row3>	-0.0121 0.9817 2.4462 1.0000	</row3>
					</transform>
				</node>
				<node>
					<identifier>	MP_CM093_Rope_INDEX_1	</identifier>
					<transform>
						<row0>	0.0000 0.0000 -0.4484 0.0000	</row0>
						<row1>	0.0000 0.4484 0.0000 0.0000	</row1>
						<row2>	0.4484 0.0000 0.0000 0.0000	</row2>
						<row3>	0.0148 0.9818 2.4462 1.0000	</row3>
					</transform>
				</node>
				<node>
					<identifier>	MP_CM104_Life_Buoy	</identifier>
					<transform>
						<row0>	-0.9990 0.0000 0.0444 0.0000	</row0>
						<row1>	0.0000 1.0000 0.0000 0.0000	</row1>
						<row2>	-0.0444 0.0000 -0.9990 0.0000	</row2>
						<row3>	-0.7029 0.5322 4.5602 1.0000	</row3>
					</transform>
				</node>
				<node>
					<identifier>	MP_CM104_Life_Buoy_INDEX_1	</identifier>
					<transform>
						<row0>	-0.9990 0.0000 -0.0444 0.0000	</row0>
						<row1>	0.0000 1.0000 0.0000 0.0000	</row1>
						<row2>	0.0444 0.0000 -0.9990 0.0000	</row2>
						<row3>	0.7029 0.5322 4.5602 1.0000	</row3>
					</transform>
				</node>
				<node>
					<identifier>	MP_CM126_Cleat	</identifier>
					<transform>
						<row0>	0.4933 -0.4933 0.0000 0.0000	</row0>
						<row1>	0.0000 0.0000 0.6976 0.0000	</row1>
						<row2>	-0.4950 -0.4950 0.0000 0.0000	</row2>
						<row3>	0.2572 0.9735 2.7263 1.0000	</row3>
					</transform>
				</node>
				<node>
					<identifier>	MP_CM126_Cleat_INDEX_1	</identifier>
					<transform>
						<row0>	0.4933 0.4933 0.0000 0.0000	</row0>
						<row1>	0.0000 0.0000 0.6976 0.0000	</row1>
						<row2>	0.4950 -0.4950 0.0000 0.0000	</row2>
						<row3>	-0.2772 0.9735 2.7263 1.0000	</row3>
					</transform>
				</node>
				<node>
					<identifier>	MP_CM126_Cleat_INDEX_2	</identifier>
					<transform>
						<row0>	0.4933 -0.4933 0.0000 0.0000	</row0>
						<row1>	0.0000 0.0000 0.6976 0.0000	</row1>
						<row2>	-0.4950 -0.4950 0.0000 0.0000	</row2>
						<row3>	0.2372 0.9735 2.7263 1.0000	</row3>
					</transform>
				</node>
				<node>
					<identifier>	MP_CM126_Cleat_INDEX_3	</identifier>
					<transform>
						<row0>	0.4933 0.4933 0.0000 0.0000	</row0>
						<row1>	0.0000 0.0000 0.6976 0.0000	</row1>
						<row2>	0.4950 -0.4950 0.0000 0.0000	</row2>
						<row3>	-0.2972 0.9735 2.7263 1.0000	</row3>
					</transform>
				</node>
				<node>
					<identifier>	MP_CM126_Cleat_INDEX_4	</identifier>
					<transform>
						<row0>	0.4933 -0.4933 0.0000 0.0000	</row0>
						<row1>	0.0000 0.0000 0.6976 0.0000	</row1>
						<row2>	-0.4950 -0.4950 0.0000 0.0000	</row2>
						<row3>	0.2972 0.9735 2.7263 1.0000	</row3>
					</transform>
				</node>
				<node>
					<identifier>	MP_CM126_Cleat_INDEX_5	</identifier>
					<transform>
						<row0>	0.4933 0.4933 0.0000 0.0000	</row0>
						<row1>	0.0000 0.0000 0.6976 0.0000	</row1>
						<row2>	0.4950 -0.4950 0.0000 0.0000	</row2>
						<row3>	-0.2372 0.9735 2.7263 1.0000	</row3>
					</transform>
				</node>
				<node>
					<identifier>	MP_CM126_Cleat_INDEX_6	</identifier>
					<transform>
						<row0>	0.4933 -0.4933 0.0000 0.0000	</row0>
						<row1>	0.0000 0.0000 0.6976 0.0000	</row1>
						<row2>	-0.4950 -0.4950 0.0000 0.0000	</row2>
						<row3>	0.2772 0.9735 2.7263 1.0000	</row3>
					</transform>
				</node>
				<node>
					<identifier>	MP_CM126_Cleat_INDEX_7	</identifier>
					<transform>
						<row0>	0.4933 0.4933 0.0000 0.0000	</row0>
						<row1>	0.0000 0.0000 0.6976 0.0000	</row1>
						<row2>	0.4950 -0.4950 0.0000 0.0000	</row2>
						<row3>	-0.2572 0.9735 2.7263 1.0000	</row3>
					</transform>
				</node>
				<node>
					<identifier>	MP_VM003_Paravane	</identifier>
					<transform>
						<row0>	0.0000 -1.0000 0.0000 0.0000	</row0>
						<row1>	0.7956 0.0000 -0.6058 0.0000	</row1>
						<row2>	0.6058 0.0000 0.7956 0.0000	</row2>
						<row3>	-0.3715 0.5067 4.6318 1.0000	</row3>
					</transform>
				</node>
				<node>
					<identifier>	MP_VM003_Paravane_INDEX_1	</identifier>
					<transform>
						<row0>	0.0000 1.0000 0.0000 0.0000	</row0>
						<row1>	-0.7956 0.0000 -0.6058 0.0000	</row1>
						<row2>	-0.6058 0.0000 0.7956 0.0000	</row2>
						<row3>	0.3715 0.5067 4.6318 1.0000	</row3>
					</transform>
				</node>
				<node>
					<identifier>	MP_VM008_IFF_Antenna	</identifier>
					<transform>
						<row0>	1.0000 0.0000 0.0000 0.0000	</row0>
						<row1>	0.0000 1.0000 0.0000 0.0000	</row1>
						<row2>	0.0000 0.0000 1.0000 0.0000	</row2>
						<row3>	-0.3961 2.1644 2.4755 1.0000	</row3>
					</transform>
				</node>
				<node>
					<identifier>	MP_VM008_IFF_Antenna_INDEX_1	</identifier>
					<transform>
						<row0>	1.0000 0.0000 0.0000 0.0000	</row0>
						<row1>	0.0000 1.0000 0.0000 0.0000	</row1>
						<row2>	0.0000 0.0000 1.0000 0.0000	</row2>
						<row3>	0.3961 2.1644 2.4755 1.0000	</row3>
					</transform>
				</node>
				<node>
					<identifier>	MP_VM016_Reels	</identifier>
					<transform>
						<row0>	1.0000 0.0000 0.0000 0.0000	</row0>
						<row1>	0.0000 1.0000 0.0000 0.0000	</row1>
						<row2>	0.0000 0.0000 1.0000 0.0000	</row2>
						<row3>	0.0820 0.5926 1.3958 1.0000	</row3>
					</transform>
				</node>
				<node>
					<identifier>	MP_VM016_Reels_INDEX_1	</identifier>
					<transform>
						<row0>	1.0000 0.0000 0.0000 0.0000	</row0>
						<row1>	0.0000 1.0000 0.0000 0.0000	</row1>
						<row2>	0.0000 0.0000 1.0000 0.0000	</row2>
						<row3>	-0.0820 0.5926 1.3958 1.0000	</row3>
					</transform>
				</node>
				<node>
					<identifier>	MP_VM016_Reels_INDEX_2	</identifier>
					<transform>
						<row0>	0.4647 0.0000 -0.8855 0.0000	</row0>
						<row1>	0.0000 1.0000 0.0000 0.0000	</row1>
						<row2>	0.8855 0.0000 0.4647 0.0000	</row2>
						<row3>	0.7184 0.4352 3.8807 1.0000	</row3>
					</transform>
				</node>
				<node>
					<identifier>	MP_VM016_Reels_INDEX_3	</identifier>
					<transform>
						<row0>	0.4647 0.0000 0.8855 0.0000	</row0>
						<row1>	0.0000 1.0000 0.0000 0.0000	</row1>
						<row2>	-0.8855 0.0000 0.4647 0.0000	</row2>
						<row3>	-0.7184 0.4352 3.8807 1.0000	</row3>
					</transform>
				</node>
				<node>
					<identifier>	MP_VM016_Reels_INDEX_4	</identifier>
					<transform>
						<row0>	0.0000 0.0000 -1.0000 0.0000	</row0>
						<row1>	0.0000 1.0000 0.0000 0.0000	</row1>
						<row2>	1.0000 0.0000 0.0000 0.0000	</row2>
						<row3>	0.7651 0.4278 2.1592 1.0000	</row3>
					</transform>
				</node>
				<node>
					<identifier>	MP_VM016_Reels_INDEX_5	</identifier>
					<transform>
						<row0>	0.0000 0.0000 1.0000 0.0000	</row0>
						<row1>	0.0000 1.0000 0.0000 0.0000	</row1>
						<row2>	-1.0000 0.0000 0.0000 0.0000	</row2>
						<row3>	-0.7651 0.4278 2.1592 1.0000	</row3>
					</transform>
				</node>
				<node>
					<identifier>	MP_VM031_RDF_Antenna	</identifier>
					<transform>
						<row0>	1.0000 0.0000 0.0000 0.0000	</row0>
						<row1>	0.0000 1.0000 0.0000 0.0000	</row1>
						<row2>	0.0000 0.0000 1.0000 0.0000	</row2>
						<row3>	0.0000 1.5726 2.4088 1.0000	</row3>
					</transform>
				</node>
				<node>
					<identifier>	MP_VM032_Wind_Direction	</identifier>
					<transform>
						<row0>	0.0000 0.0000 -1.0000 0.0000	</row0>
						<row1>	0.0000 1.0000 0.0000 0.0000	</row1>
						<row2>	1.0000 0.0000 0.0000 0.0000	</row2>
						<row3>	0.2478 2.1678 2.4755 1.0000	</row3>
					</transform>
				</node>
				<node>
					<identifier>	MP_VM033_Wind_Intensity	</identifier>
					<transform>
						<row0>	1.0000 0.0000 0.0000 0.0000	</row0>
						<row1>	0.0000 1.0000 0.0000 0.0000	</row1>
						<row2>	0.0000 0.0000 1.0000 0.0000	</row2>
						<row3>	-0.2544 2.1678 2.4755 1.0000	</row3>
					</transform>
				</node>
				<node>
					<identifier>	MP_VM057_Helmets_Rack	</identifier>
					<transform>
						<row0>	0.4713 0.0000 -0.8820 0.0000	</row0>
						<row1>	0.0000 1.0000 0.0000 0.0000	</row1>
						<row2>	0.8820 0.0000 0.4713 0.0000	</row2>
						<row3>	0.5924 0.4838 4.0609 1.0000	</row3>
					</transform>
				</node>
				<node>
					<identifier>	MP_VM057_Helmets_Rack_INDEX_1	</identifier>
					<transform>
						<row0>	0.4713 0.0000 0.8820 0.0000	</row0>
						<row1>	0.0000 1.0000 0.0000 0.0000	</row1>
						<row2>	-0.8820 0.0000 0.4713 0.0000	</row2>
						<row3>	-0.5924 0.4838 4.0609 1.0000	</row3>
					</transform>
				</node>
				<node>
					<identifier>	MP_VM057_Helmets_Rack_INDEX_2	</identifier>
					<transform>
						<row0>	0.4960 0.0000 0.8683 0.0000	</row0>
						<row1>	0.0000 1.0000 0.0000 0.0000	</row1>
						<row2>	-0.8683 0.0000 0.4960 0.0000	</row2>
						<row3>	-0.2968 0.6486 3.3743 1.0000	</row3>
					</transform>
				</node>
				<node>
					<identifier>	MP_VM057_Helmets_Rack_INDEX_3	</identifier>
					<transform>
						<row0>	0.4960 0.0000 -0.8683 0.0000	</row0>
						<row1>	0.0000 1.0000 0.0000 0.0000	</row1>
						<row2>	0.8683 0.0000 0.4960 0.0000	</row2>
						<row3>	0.2968 0.6486 3.3743 1.0000	</row3>
					</transform>
				</node>
				<node>
					<identifier>	MP_VM5002_Sky_lookout	</identifier>
					<transform>
						<row0>	1.0000 0.0000 0.0000 0.0000	</row0>
						<row1>	0.0000 1.0000 0.0000 0.0000	</row1>
						<row2>	0.0000 0.0000 1.0000 0.0000	</row2>
						<row3>	-0.1061 1.4088 3.1320 1.0000	</row3>
					</transform>
				</node>
				<node>
					<identifier>	MP_VM5002_Sky_lookout_INDEX_1	</identifier>
					<transform>
						<row0>	0.0000 0.0000 -1.0000 0.0000	</row0>
						<row1>	0.0000 1.0000 0.0000 0.0000	</row1>
						<row2>	1.0000 0.0000 0.0000 0.0000	</row2>
						<row3>	-0.0337 1.4088 3.1833 1.0000	</row3>
					</transform>
				</node>
				<node>
					<identifier>	MP_VM5002_Sky_lookout_INDEX_2	</identifier>
					<transform>
						<row0>	0.0000 0.0000 -1.0000 0.0000	</row0>
						<row1>	0.0000 1.0000 0.0000 0.0000	</row1>
						<row2>	1.0000 0.0000 0.0000 0.0000	</row2>
						<row3>	0.0337 1.4088 3.1833 1.0000	</row3>
					</transform>
				</node>
				<node>
					<identifier>	MP_VM5002_Sky_lookout_INDEX_3	</identifier>
					<transform>
						<row0>	-1.0000 0.0000 0.0000 0.0000	</row0>
						<row1>	0.0000 1.0000 0.0000 0.0000	</row1>
						<row2>	0.0000 0.0000 -1.0000 0.0000	</row2>
						<row3>	0.1061 1.4088 3.1320 1.0000	</row3>
					</transform>
				</node>
				<node>
					<identifier>	MP_VM5004_3ton_electrik_winch_R	</identifier>
					<transform>
						<row0>	0.0000 0.0000 -1.0000 0.0000	</row0>
						<row1>	0.0000 1.0000 0.0000 0.0000	</row1>
						<row2>	1.0000 0.0000 0.0000 0.0000	</row2>
						<row3>	0.6921 0.4443 4.6849 1.0000	</row3>
					</transform>
				</node>
				<node>
					<identifier>	MP_VM5005_3ton_electrik_winch_L	</identifier>
					<transform>
						<row0>	0.0000 0.0000 1.0000 0.0000	</row0>
						<row1>	0.0000 1.0000 0.0000 0.0000	</row1>
						<row2>	-1.0000 0.0000 0.0000 0.0000	</row2>
						<row3>	-0.6921 0.4443 4.6849 1.0000	</row3>
					</transform>
				</node>
				<node>
					<identifier>	MP_VM602_Multiple_Switch	</identifier>
					<transform>
						<row0>	0.0000 0.0000 -1.0000 0.0000	</row0>
						<row1>	0.0000 1.0000 0.0000 0.0000	</row1>
						<row2>	1.0000 0.0000 0.0000 0.0000	</row2>
						<row3>	-0.3884 0.7930 3.0105 1.0000	</row3>
					</transform>
				</node>
				<node>
					<identifier>	MP_VM602_Multiple_Switch_INDEX_1	</identifier>
					<transform>
						<row0>	-1.0000 0.0000 0.0000 0.0000	</row0>
						<row1>	0.0000 1.0000 0.0000 0.0000	</row1>
						<row2>	0.0000 0.0000 -1.0000 0.0000	</row2>
						<row3>	-0.0460 1.2883 2.8065 1.0000	</row3>
					</transform>
				</node>
				<node>
					<identifier>	MP_VM602_Multiple_Switch_INDEX_2	</identifier>
					<transform>
						<row0>	-0.8636 0.0000 -0.5041 0.0000	</row0>
						<row1>	0.0000 1.0000 0.0000 0.0000	</row1>
						<row2>	0.5041 0.0000 -0.8636 0.0000	</row2>
						<row3>	-0.7003 0.6432 3.4773 1.0000	</row3>
					</transform>
				</node>
				<node>
					<identifier>	MP_VM602_Multiple_Switch_INDEX_3	</identifier>
					<transform>
						<row0>	-0.7026 0.0000 0.7116 0.0000	</row0>
						<row1>	0.0000 1.0000 0.0000 0.0000	</row1>
						<row2>	-0.7116 0.0000 -0.7026 0.0000	</row2>
						<row3>	-0.5677 0.4853 4.5058 1.0000	</row3>
					</transform>
				</node>
				<node>
					<identifier>	MP_VM602_Multiple_Switch_INDEX_4	</identifier>
					<transform>
						<row0>	-0.8841 0.0000 0.4672 0.0000	</row0>
						<row1>	0.0000 1.0000 0.0000 0.0000	</row1>
						<row2>	-0.4672 0.0000 -0.8841 0.0000	</row2>
						<row3>	-0.6071 0.5883 4.0829 1.0000	</row3>
					</transform>
				</node>
				<node>
					<identifier>	MP_VM602_Multiple_Switch_INDEX_5	</identifier>
					<transform>
						<row0>	-0.8636 0.0000 0.5041 0.0000	</row0>
						<row1>	0.0000 1.0000 0.0000 0.0000	</row1>
						<row2>	-0.5041 0.0000 -0.8636 0.0000	</row2>
						<row3>	0.7003 0.6432 3.4773 1.0000	</row3>
					</transform>
				</node>
				<node>
					<identifier>	MP_VM602_Multiple_Switch_INDEX_6	</identifier>
					<transform>
