<VSB302_Los_Andes_1943_MidBack_ports.visual>
	<skeleton>
		<node>
			<identifier>	Scene Root	</identifier>
			<transform>
				<row0>	1.0000 0.0000 0.0000 0.0000	</row0>
				<row1>	0.0000 1.0000 0.0000 0.0000	</row1>
				<row2>	0.0000 0.0000 1.0000 0.0000	</row2>
				<row3>	0.0000 0.0000 0.0000 1.0000	</row3>
			</transform>
			<node>
				<identifier>	MidBack_ports	</identifier>
				<transform>
					<row0>	1.0000 0.0000 0.0000 0.0000	</row0>
					<row1>	0.0000 1.0000 0.0000 0.0000	</row1>
					<row2>	0.0000 0.0000 1.0000 0.0000	</row2>
					<row3>	0.0000 0.0000 0.0000 1.0000	</row3>
				</transform>
				<node>
					<identifier>	HP_FX_Death_2	</identifier>
					<transform>
						<row0>	1.0000 0.0000 0.0000 0.0000	</row0>
						<row1>	0.0000 1.0000 0.0000 0.0000	</row1>
						<row2>	0.0000 0.0000 1.0000 0.0000	</row2>
						<row3>	0.0000 0.0000 0.0000 1.0000	</row3>
					</transform>
				</node>
				<node>
					<identifier>	HP_FX_Death_3	</identifier>
					<transform>
						<row0>	1.0000 0.0000 0.0000 0.0000	</row0>
						<row1>	0.0000 1.0000 0.0000 0.0000	</row1>
						<row2>	0.0000 0.0000 1.0000 0.0000	</row2>
						<row3>	0.0000 0.0000 -5.2000 1.0000	</row3>
					</transform>
				</node>
				<node>
					<identifier>	HP_FX_Fire_3	</identifier>
					<transform>
						<row0>	1.0000 0.0000 0.0000 0.0000	</row0>
						<row1>	0.0000 1.0000 0.0000 0.0000	</row1>
						<row2>	0.0000 0.0000 1.0000 0.0000	</row2>
						<row3>	0.0000 0.9412 -3.7427 1.0000	</row3>
					</transform>
				</node>
				<node>
					<identifier>	HP_FX_Fire_3_side_1	</identifier>
					<transform>
						<row0>	1.0000 0.0000 0.0000 0.0000	</row0>
						<row1>	0.0000 1.0000 0.0000 0.0000	</row1>
						<row2>	0.0000 0.0000 1.0000 0.0000	</row2>
						<row3>	0.9013 0.4303 -3.4932 1.0000	</row3>
					</transform>
				</node>
				<node>
					<identifier>	HP_FX_Fire_3_side_2	</identifier>
					<transform>
						<row0>	1.0000 0.0000 0.0000 0.0000	</row0>
						<row1>	0.0000 1.0000 0.0000 0.0000	</row1>
						<row2>	0.0000 0.0000 1.0000 0.0000	</row2>
						<row3>	-0.6374 0.4335 -4.8837 1.0000	</row3>
					</transform>
				</node>
				<node>
					<identifier>	HP_FX_Fire_3_side_3	</identifier>
					<transform>
						<row0>	1.0000 0.0000 0.0000 0.0000	</row0>
						<row1>	0.0000 1.0000 0.0000 0.0000	</row1>
						<row2>	0.0000 0.0000 1.0000 0.0000	</row2>
						<row3>	0.4756 0.4294 -5.3626 1.0000	</row3>
					</transform>
				</node>
				<node>
					<identifier>	HP_FX_Fire_5	</identifier>
					<transform>
						<row0>	1.0000 0.0000 0.0000 0.0000	</row0>
						<row1>	0.0000 1.0000 0.0000 0.0000	</row1>
						<row2>	0.0000 0.0000 1.0000 0.0000	</row2>
						<row3>	0.0000 0.8119 -3.2313 1.0000	</row3>
					</transform>
				</node>
				<node>
					<identifier>	HP_FX_Fire_5_2	</identifier>
					<transform>
						<row0>	1.0000 0.0000 0.0000 0.0000	</row0>
						<row1>	0.0000 1.0000 0.0000 0.0000	</row1>
						<row2>	0.0000 0.0000 1.0000 0.0000	</row2>
						<row3>	0.0000 0.9586 -3.7095 1.0000	</row3>
					</transform>
				</node>
				<node>
					<identifier>	HP_FX_FloodLight_left_2	</identifier>
					<transform>
						<row0>	-1.0000 0.0000 0.0000 0.0000	</row0>
						<row1>	0.0000 1.0000 0.0000 0.0000	</row1>
						<row2>	0.0000 0.0000 -1.0000 0.0000	</row2>
						<row3>	-0.2711 0.6968 -4.4311 1.0000	</row3>
					</transform>
				</node>
				<node>
					<identifier>	HP_FX_FloodLight_right_1	</identifier>
					<transform>
						<row0>	1.0000 0.0000 0.0000 0.0000	</row0>
						<row1>	0.0000 1.0000 0.0000 0.0000	</row1>
						<row2>	0.0000 0.0000 1.0000 0.0000	</row2>
						<row3>	0.2740 0.6950 -4.3540 1.0000	</row3>
					</transform>
				</node>
				<node>
					<identifier>	HP_FX_Flood_steam_1	</identifier>
					<transform>
						<row0>	1.0000 0.0000 0.0000 0.0000	</row0>
						<row1>	0.0000 0.8333 -0.5528 0.0000	</row1>
						<row2>	0.0000 0.5528 0.8333 0.0000	</row2>
						<row3>	-0.1161 1.4638 -0.9085 1.0000	</row3>
					</transform>
				</node>
				<node>
					<identifier>	HP_FX_Flood_steam_right	</identifier>
					<transform>
						<row0>	1.0000 0.0000 0.0000 0.0000	</row0>
						<row1>	0.0000 1.0000 0.0000 0.0000	</row1>
						<row2>	0.0000 0.0000 1.0000 0.0000	</row2>
						<row3>	0.6436 0.4721 -3.8661 1.0000	</row3>
					</transform>
				</node>
				<node>
					<identifier>	HP_FX_Flood_water_left	</identifier>
					<transform>
						<row0>	-0.9934 0.0000 -0.1148 0.0000	</row0>
						<row1>	0.0000 1.0000 0.0000 0.0000	</row1>
						<row2>	0.1148 0.0000 -0.9934 0.0000	</row2>
						<row3>	-0.8817 0.0336 -4.6982 1.0000	</row3>
					</transform>
				</node>
				<node>
					<identifier>	HP_FX_Flood_water_left_4	</identifier>
					<transform>
						<row0>	-1.0000 0.0000 0.0000 0.0000	</row0>
						<row1>	0.0000 1.0000 0.0000 0.0000	</row1>
						<row2>	0.0000 0.0000 -1.0000 0.0000	</row2>
						<row3>	-1.0631 0.0346 -1.5704 1.0000	</row3>
					</transform>
				</node>
				<node>
					<identifier>	HP_FX_Flood_water_right	</identifier>
					<transform>
						<row0>	0.9884 0.0000 -0.1520 0.0000	</row0>
						<row1>	0.0000 1.0000 0.0000 0.0000	</row1>
						<row2>	0.1520 0.0000 0.9884 0.0000	</row2>
						<row3>	0.8818 0.0339 -4.6974 1.0000	</row3>
					</transform>
				</node>
				<node>
					<identifier>	HP_FX_Flood_water_right_4	</identifier>
					<transform>
						<row0>	1.0000 0.0000 0.0000 0.0000	</row0>
						<row1>	0.0000 1.0000 0.0000 0.0000	</row1>
						<row2>	0.0000 0.0000 1.0000 0.0000	</row2>
						<row3>	1.0631 0.0346 -1.5705 1.0000	</row3>
					</transform>
				</node>
				<node>
					<identifier>	HP_FX_Rage_beam_3	</identifier>
					<transform>
						<row0>	0.0000 0.0000 1.0000 0.0000	</row0>
						<row1>	0.0000 1.0000 0.0000 0.0000	</row1>
						<row2>	-1.0000 0.0000 0.0000 0.0000	</row2>
						<row3>	-0.2380 0.9484 -3.7019 1.0000	</row3>
					</transform>
				</node>
				<node>
					<identifier>	HP_FX_Rage_beam_4	</identifier>
					<transform>
						<row0>	0.0000 0.0000 -1.0000 0.0000	</row0>
						<row1>	0.0000 1.0000 0.0000 0.0000	</row1>
						<row2>	1.0000 0.0000 0.0000 0.0000	</row2>
						<row3>	0.2393 0.9499 -3.7008 1.0000	</row3>
					</transform>
				</node>
				<node>
					<identifier>	HP_FX_RepairLight_left_2	</identifier>
					<transform>
						<row0>	-0.0026 0.0000 1.0000 0.0000	</row0>
						<row1>	-0.0640 0.9980 -0.0002 0.0000	</row1>
						<row2>	-0.9979 -0.0640 -0.0025 0.0000	</row2>
						<row3>	-0.9983 0.3474 -3.5235 1.0000	</row3>
					</transform>
				</node>
				<node>
					<identifier>	HP_FX_RepairLight_right_1	</identifier>
					<transform>
						<row0>	-0.0267 0.0000 -0.9996 0.0000	</row0>
						<row1>	0.2081 0.9781 -0.0056 0.0000	</row1>
						<row2>	0.9777 -0.2082 -0.0261 0.0000	</row2>
						<row3>	0.9201 0.3514 -4.7352 1.0000	</row3>
					</transform>
				</node>
				<node>
					<identifier>	HP_FX_Smoke_2	</identifier>
					<transform>
						<row0>	1.0000 0.0000 0.0000 0.0000	</row0>
						<row1>	0.0000 1.0000 0.0000 0.0000	</row1>
						<row2>	0.0000 0.0000 1.0000 0.0000	</row2>
						<row3>	0.0000 1.4883 -0.6678 1.0000	</row3>
					</transform>
				</node>
				<node>
					<identifier>	HP_FX_WakeTrace_screw_1	</identifier>
					<transform>
						<row0>	1.0000 0.0000 0.0000 0.0000	</row0>
						<row1>	0.0000 1.0000 0.0000 0.0000	</row1>
						<row2>	0.0000 0.0000 1.0000 0.0000	</row2>
						<row3>	-0.4614 -0.4826 -7.2946 1.0000	</row3>
					</transform>
				</node>
				<node>
					<identifier>	HP_FX_WakeTrace_screw_4	</identifier>
					<transform>
						<row0>	1.0000 0.0000 0.0000 0.0000	</row0>
						<row1>	0.0000 1.0000 0.0000 0.0000	</row1>
						<row2>	0.0000 0.0000 1.0000 0.0000	</row2>
						<row3>	0.4548 -0.4751 -7.2897 1.0000	</row3>
					</transform>
				</node>
				<node>
					<identifier>	HP_Flagpole	</identifier>
					<transform>
						<row0>	1.0000 0.0000 0.0000 0.0000	</row0>
						<row1>	0.0000 1.0000 0.0000 0.0000	</row1>
						<row2>	0.0000 0.0000 1.0000 0.0000	</row2>
						<row3>	0.0000 2.7893 -3.2817 1.0000	</row3>
					</transform>
				</node>
				<node>
					<identifier>	HP_Ship_death_3	</identifier>
					<transform>
						<row0>	1.0000 0.0000 0.0000 0.0000	</row0>
						<row1>	0.0000 1.0000 0.0000 0.0000	</row1>
						<row2>	0.0000 0.0000 1.0000 0.0000	</row2>
						<row3>	0.0000 0.0000 -7.5272 1.0000	</row3>
					</transform>
				</node>
				<node>
					<identifier>	HP_VD_17	</identifier>
					<transform>
						<row0>	-1.0000 0.0000 0.0000 0.0000	</row0>
						<row1>	0.0000 1.0000 0.0000 0.0000	</row1>
						<row2>	0.0000 0.0000 -1.0000 0.0000	</row2>
						<row3>	0.0000 1.2673 -4.1408 1.0000	</row3>
					</transform>
				</node>
				<node>
					<identifier>	HP_VD_18	</identifier>
					<transform>
						<row0>	0.0000 0.0000 1.0000 0.0000	</row0>
						<row1>	0.0000 1.0000 0.0000 0.0000	</row1>
						<row2>	-1.0000 0.0000 0.0000 0.0000	</row2>
						<row3>	-0.1740 1.0122 -4.2048 1.0000	</row3>
					</transform>
				</node>
				<node>
					<identifier>	HP_VD_19	</identifier>
					<transform>
						<row0>	0.0000 0.0000 -1.0000 0.0000	</row0>
						<row1>	0.0000 1.0000 0.0000 0.0000	</row1>
						<row2>	1.0000 0.0000 0.0000 0.0000	</row2>
						<row3>	0.1740 1.0122 -4.2048 1.0000	</row3>
					</transform>
				</node>
				<node>
					<identifier>	HP_VD_20	</identifier>
					<transform>
						<row0>	-1.0000 0.0000 0.0000 0.0000	</row0>
						<row1>	0.0000 1.0000 0.0000 0.0000	</row1>
						<row2>	0.0000 0.0000 -1.0000 0.0000	</row2>
						<row3>	0.0000 1.0564 -4.5061 1.0000	</row3>
					</transform>
				</node>
				<node>
					<identifier>	HP_VGA_31	</identifier>
					<transform>
						<row0>	0.0000 0.0000 1.0000 0.0000	</row0>
						<row1>	0.0000 1.0000 0.0000 0.0000	</row1>
						<row2>	-1.0000 0.0000 0.0000 0.0000	</row2>
						<row3>	-0.2006 0.8575 -3.5319 1.0000	</row3>
					</transform>
				</node>
				<node>
					<identifier>	HP_VGA_32	</identifier>
					<transform>
						<row0>	0.0000 0.0000 -1.0000 0.0000	</row0>
						<row1>	0.0000 1.0000 0.0000 0.0000	</row1>
						<row2>	1.0000 0.0000 0.0000 0.0000	</row2>
						<row3>	0.2006 0.8575 -3.5319 1.0000	</row3>
					</transform>
				</node>
				<node>
					<identifier>	HP_VGA_33	</identifier>
					<transform>
						<row0>	-0.7071 0.0000 0.7071 0.0000	</row0>
						<row1>	0.0000 1.0000 0.0000 0.0000	</row1>
						<row2>	-0.7071 0.0000 -0.7071 0.0000	</row2>
						<row3>	-0.2667 0.8603 -4.3427 1.0000	</row3>
					</transform>
				</node>
				<node>
					<identifier>	HP_VGA_34	</identifier>
					<transform>
						<row0>	-0.7071 0.0000 -0.7071 0.0000	</row0>
						<row1>	0.0000 1.0000 0.0000 0.0000	</row1>
						<row2>	0.7071 0.0000 -0.7071 0.0000	</row2>
						<row3>	0.2667 0.8604 -4.3427 1.0000	</row3>
					</transform>
				</node>
				<node>
					<identifier>	HP_VGA_35	</identifier>
					<transform>
						<row0>	-0.7660 0.0000 0.6428 0.0000	</row0>
						<row1>	0.0000 1.0000 0.0000 0.0000	</row1>
						<row2>	-0.6428 0.0000 -0.7660 0.0000	</row2>
						<row3>	-0.4576 0.3732 -7.0804 1.0000	</row3>
					</transform>
				</node>
				<node>
					<identifier>	HP_VGA_36	</identifier>
					<transform>
						<row0>	-0.7071 0.0000 -0.7071 0.0000	</row0>
						<row1>	0.0000 1.0000 0.0000 0.0000	</row1>
						<row2>	0.7071 0.0000 -0.7071 0.0000	</row2>
						<row3>	0.4576 0.3732 -7.0804 1.0000	</row3>
					</transform>
				</node>
				<node>
					<identifier>	HP_VGA_37	</identifier>
					<transform>
						<row0>	-0.7071 0.0000 0.7071 0.0000	</row0>
						<row1>	0.0000 1.0000 0.0000 0.0000	</row1>
						<row2>	-0.7071 0.0000 -0.7071 0.0000	</row2>
						<row3>	-0.4327 0.3774 -7.3612 1.0000	</row3>
					</transform>
				</node>
				<node>
					<identifier>	HP_VGA_38	</identifier>
					<transform>
						<row0>	-0.7071 0.0000 -0.7071 0.0000	</row0>
						<row1>	0.0000 1.0000 0.0000 0.0000	</row1>
						<row2>	0.7071 0.0000 -0.7071 0.0000	</row2>
						<row3>	0.4327 0.3774 -7.3612 1.0000	</row3>
					</transform>
				</node>
				<node>
					<identifier>	HP_VGM_5	</identifier>
					<transform>
						<row0>	-1.0000 0.0000 0.0000 0.0000	</row0>
						<row1>	0.0000 1.0000 0.0000 0.0000	</row1>
						<row2>	0.0000 0.0000 -1.0000 0.0000	</row2>
						<row3>	0.0000 0.6615 -5.4514 1.0000	</row3>
					</transform>
				</node>
				<node>
					<identifier>	HP_VGM_6	</identifier>
					<transform>
						<row0>	-1.0000 0.0000 0.0000 0.0000	</row0>
						<row1>	0.0000 1.0000 0.0000 0.0000	</row1>
						<row2>	0.0000 0.0000 -1.0000 0.0000	</row2>
						<row3>	0.0000 0.4580 -6.4271 1.0000	</row3>
					</transform>
				</node>
				<node>
					<identifier>	HP_VGS_11	</identifier>
					<transform>
						<row0>	-1.0000 0.0000 0.0000 0.0000	</row0>
						<row1>	0.0000 1.0000 0.0000 0.0000	</row1>
						<row2>	0.0000 0.0000 -1.0000 0.0000	</row2>
						<row3>	-0.5018 0.5316 -3.3491 1.0000	</row3>
					</transform>
				</node>
				<node>
					<identifier>	HP_VGS_12	</identifier>
					<transform>
						<row0>	-1.0000 0.0000 0.0000 0.0000	</row0>
						<row1>	0.0000 1.0000 0.0000 0.0000	</row1>
						<row2>	0.0000 0.0000 -1.0000 0.0000	</row2>
						<row3>	0.5018 0.5316 -3.3491 1.0000	</row3>
					</transform>
				</node>
				<node>
					<identifier>	HP_VGS_13	</identifier>
					<transform>
						<row0>	-1.0000 0.0000 0.0000 0.0000	</row0>
						<row1>	0.0000 1.0000 0.0000 0.0000	</row1>
						<row2>	0.0000 0.0000 -1.0000 0.0000	</row2>
						<row3>	-0.5018 0.5316 -3.8364 1.0000	</row3>
					</transform>
				</node>
				<node>
					<identifier>	HP_VGS_14	</identifier>
					<transform>
						<row0>	-1.0000 0.0000 0.0000 0.0000	</row0>
						<row1>	0.0000 1.0000 0.0000 0.0000	</row1>
						<row2>	0.0000 0.0000 -1.0000 0.0000	</row2>
						<row3>	0.5018 0.5316 -3.8364 1.0000	</row3>
					</transform>
				</node>
				<node>
					<identifier>	HP_VGS_15	</identifier>
					<transform>
						<row0>	-1.0000 0.0000 0.0000 0.0000	</row0>
						<row1>	0.0000 1.0000 0.0000 0.0000	</row1>
						<row2>	0.0000 0.0000 -1.0000 0.0000	</row2>
						<row3>	-0.6632 0.4091 -4.5072 1.0000	</row3>
					</transform>
				</node>
				<node>
					<identifier>	HP_VGS_16	</identifier>
					<transform>
						<row0>	-1.0000 0.0000 0.0000 0.0000	</row0>
						<row1>	0.0000 1.0000 0.0000 0.0000	</row1>
						<row2>	0.0000 0.0000 -1.0000 0.0000	</row2>
						<row3>	0.6632 0.4091 -4.5072 1.0000	</row3>
					</transform>
				</node>
				<node>
					<identifier>	HP_VRS_3	</identifier>
					<transform>
						<row0>	1.0000 0.0000 0.0000 0.0000	</row0>
						<row1>	0.0000 1.0000 0.0000 0.0000	</row1>
						<row2>	0.0000 0.0000 1.0000 0.0000	</row2>
						<row3>	0.0000 2.1774 -3.1675 1.0000	</row3>
					</transform>
				</node>
				<node>
					<identifier>	HP_flag_nation	</identifier>
					<transform>
						<row0>	1.0000 0.0000 0.0000 0.0000	</row0>
						<row1>	0.0000 0.9988 -0.0495 0.0000	</row1>
						<row2>	0.0000 0.0495 0.9988 0.0000	</row2>
						<row3>	0.0000 2.1187 -3.5033 1.0000	</row3>
					</transform>
				</node>
				<node>
					<identifier>	MP_AM722_Ammobox_big	</identifier>
					<transform>
						<row0>	0.0000 0.0000 1.0000 0.0000	</row0>
						<row1>	0.0000 1.0000 0.0000 0.0000	</row1>
						<row2>	-1.0000 0.0000 0.0000 0.0000	</row2>
						<row3>	0.1351 0.8577 -3.4122 1.0000	</row3>
					</transform>
				</node>
				<node>
					<identifier>	MP_AM722_Ammobox_big_INDEX_1	</identifier>
					<transform>
						<row0>	0.0000 0.0000 1.0000 0.0000	</row0>
						<row1>	0.0000 1.0000 0.0000 0.0000	</row1>
						<row2>	-1.0000 0.0000 0.0000 0.0000	</row2>
						<row3>	0.0915 0.8577 -3.4122 1.0000	</row3>
					</transform>
				</node>
				<node>
					<identifier>	MP_AM722_Ammobox_big_INDEX_10	</identifier>
					<transform>
						<row0>	0.0000 0.0162 -0.9999 0.0000	</row0>
						<row1>	0.0000 0.9999 0.0162 0.0000	</row1>
						<row2>	1.0000 0.0000 0.0000 0.0000	</row2>
						<row3>	-0.2804 0.3834 -7.2705 1.0000	</row3>
					</transform>
				</node>
				<node>
					<identifier>	MP_AM722_Ammobox_big_INDEX_11	</identifier>
					<transform>
						<row0>	0.0000 -0.0162 0.9999 0.0000	</row0>
						<row1>	0.0000 0.9999 0.0162 0.0000	</row1>
						<row2>	-1.0000 0.0000 0.0000 0.0000	</row2>
						<row3>	-0.3242 0.3825 -7.2705 1.0000	</row3>
					</transform>
				</node>
				<node>
					<identifier>	MP_AM722_Ammobox_big_INDEX_2	</identifier>
					<transform>
						<row0>	0.0000 0.0000 -1.0000 0.0000	</row0>
						<row1>	0.0000 1.0000 0.0000 0.0000	</row1>
						<row2>	1.0000 0.0000 0.0000 0.0000	</row2>
						<row3>	-0.0915 0.8577 -3.4122 1.0000	</row3>
					</transform>
				</node>
				<node>
					<identifier>	MP_AM722_Ammobox_big_INDEX_3	</identifier>
					<transform>
						<row0>	0.0000 0.0000 -1.0000 0.0000	</row0>
						<row1>	0.0000 1.0000 0.0000 0.0000	</row1>
						<row2>	1.0000 0.0000 0.0000 0.0000	</row2>
						<row3>	-0.1351 0.8577 -3.4122 1.0000	</row3>
					</transform>
				</node>
				<node>
					<identifier>	MP_AM722_Ammobox_big_INDEX_4	</identifier>
					<transform>
						<row0>	0.0000 -0.0162 0.9999 0.0000	</row0>
						<row1>	0.0000 0.9999 0.0162 0.0000	</row1>
						<row2>	-1.0000 0.0000 0.0000 0.0000	</row2>
						<row3>	-0.2804 0.3807 -7.1546 1.0000	</row3>
					</transform>
				</node>
				<node>
					<identifier>	MP_AM722_Ammobox_big_INDEX_5	</identifier>
					<transform>
						<row0>	0.0000 0.0162 -0.9999 0.0000	</row0>
						<row1>	0.0000 0.9999 0.0162 0.0000	</row1>
						<row2>	1.0000 0.0000 0.0000 0.0000	</row2>
						<row3>	-0.3242 0.3816 -7.1546 1.0000	</row3>
					</transform>
				</node>
				<node>
					<identifier>	MP_AM722_Ammobox_big_INDEX_6	</identifier>
					<transform>
						<row0>	0.0000 -0.0162 0.9999 0.0000	</row0>
						<row1>	0.0000 0.9999 0.0162 0.0000	</row1>
						<row2>	-1.0000 0.0000 0.0000 0.0000	</row2>
						<row3>	0.2804 0.3834 -7.2705 1.0000	</row3>
					</transform>
				</node>
				<node>
					<identifier>	MP_AM722_Ammobox_big_INDEX_7	</identifier>
					<transform>
						<row0>	0.0000 0.0162 -0.9999 0.0000	</row0>
						<row1>	0.0000 0.9999 0.0162 0.0000	</row1>
						<row2>	1.0000 0.0000 0.0000 0.0000	</row2>
						<row3>	0.3242 0.3825 -7.2705 1.0000	</row3>
					</transform>
				</node>
				<node>
					<identifier>	MP_AM722_Ammobox_big_INDEX_8	</identifier>
					<transform>
						<row0>	0.0000 -0.0162 0.9999 0.0000	</row0>
						<row1>	0.0000 0.9999 0.0162 0.0000	</row1>
						<row2>	-1.0000 0.0000 0.0000 0.0000	</row2>
						<row3>	0.3242 0.3816 -7.1546 1.0000	</row3>
					</transform>
				</node>
				<node>
					<identifier>	MP_AM722_Ammobox_big_INDEX_9	</identifier>
					<transform>
						<row0>	0.0000 0.0162 -0.9999 0.0000	</row0>
						<row1>	0.0000 0.9999 0.0162 0.0000	</row1>
						<row2>	1.0000 0.0000 0.0000 0.0000	</row2>
						<row3>	0.2804 0.3816 -7.1546 1.0000	</row3>
					</transform>
				</node>
				<node>
					<identifier>	MP_BM705_Ammunition_Box	</identifier>
					<transform>
						<row0>	-0.8367 0.0000 0.5476 0.0000	</row0>
						<row1>	0.0000 1.0000 0.0000 0.0000	</row1>
						<row2>	-0.5476 0.0000 -0.8367 0.0000	</row2>
						<row3>	0.3010 0.8584 -4.4899 1.0000	</row3>
					</transform>
				</node>
				<node>
					<identifier>	MP_BM705_Ammunition_Box_INDEX_1	</identifier>
					<transform>
						<row0>	-0.8367 0.0000 -0.5476 0.0000	</row0>
						<row1>	0.0000 1.0000 0.0000 0.0000	</row1>
						<row2>	0.5476 0.0000 -0.8367 0.0000	</row2>
						<row3>	-0.3010 0.8584 -4.4899 1.0000	</row3>
					</transform>
				</node>
				<node>
					<identifier>	MP_CM001_Propeller3_L	</identifier>
					<transform>
						<row0>	1.2210 0.0003 0.0091 0.0000	</row0>
						<row1>	0.0000 1.2204 -0.0366 0.0000	</row1>
						<row2>	-0.0091 0.0366 1.2204 0.0000	</row2>
						<row3>	-0.4578 -0.4753 -7.2566 1.0000	</row3>
					</transform>
				</node>
				<node>
					<identifier>	MP_CM012_Fire_Hose_Rack_1	</identifier>
					<transform>
						<row0>	0.0000 0.0000 -1.0000 0.0000	</row0>
						<row1>	0.0000 1.0000 0.0000 0.0000	</row1>
						<row2>	1.0000 0.0000 0.0000 0.0000	</row2>
						<row3>	0.1627 0.5985 -3.0449 1.0000	</row3>
					</transform>
				</node>
				<node>
					<identifier>	MP_CM012_Fire_Hose_Rack_1_INDEX_1	</identifier>
					<transform>
						<row0>	0.0000 0.0000 -1.0000 0.0000	</row0>
						<row1>	0.0000 1.0000 0.0000 0.0000	</row1>
						<row2>	1.0000 0.0000 0.0000 0.0000	</row2>
						<row3>	-0.1627 0.5985 -3.0449 1.0000	</row3>
					</transform>
				</node>
				<node>
					<identifier>	MP_CM012_Fire_Hose_Rack_1_INDEX_2	</identifier>
					<transform>
						<row0>	-1.0000 0.0000 0.0000 0.0000	</row0>
						<row1>	0.0000 1.0000 0.0000 0.0000	</row1>
						<row2>	0.0000 0.0000 -1.0000 0.0000	</row2>
						<row3>	0.2673 0.4411 -4.6785 1.0000	</row3>
					</transform>
				</node>
				<node>
					<identifier>	MP_CM012_Fire_Hose_Rack_1_INDEX_3	</identifier>
					<transform>
						<row0>	-0.7749 0.0000 0.6321 0.0000	</row0>
						<row1>	0.0000 1.0000 0.0000 0.0000	</row1>
						<row2>	-0.6321 0.0000 -0.7749 0.0000	</row2>
						<row3>	0.2661 0.4149 -6.6446 1.0000	</row3>
					</transform>
				</node>
				<node>
					<identifier>	MP_CM012_Fire_Hose_Rack_1_INDEX_4	</identifier>
					<transform>
						<row0>	0.7660 0.0000 0.6428 0.0000	</row0>
						<row1>	0.0000 1.0000 0.0000 0.0000	</row1>
						<row2>	-0.6428 0.0000 0.7660 0.0000	</row2>
						<row3>	-0.2661 0.4149 -6.6446 1.0000	</row3>
					</transform>
				</node>
				<node>
					<identifier>	MP_CM012_Fire_Hose_Rack_1_INDEX_5	</identifier>
					<transform>
						<row0>	1.0000 0.0000 0.0000 0.0000	</row0>
						<row1>	0.0000 1.0000 0.0000 0.0000	</row1>
						<row2>	0.0000 0.0000 1.0000 0.0000	</row2>
						<row3>	-0.2673 0.4411 -4.6785 1.0000	</row3>
					</transform>
				</node>
				<node>
					<identifier>	MP_CM014_Fuel_Oil_Hose	</identifier>
					<transform>
						<row0>	-0.7871 0.0000 -0.6168 0.0000	</row0>
						<row1>	0.0000 1.0000 0.0000 0.0000	</row1>
						<row2>	0.6168 0.0000 -0.7871 0.0000	</row2>
						<row3>	0.5263 0.4321 -3.0752 1.0000	</row3>
					</transform>
				</node>
				<node>
					<identifier>	MP_CM014_Fuel_Oil_Hose_INDEX_1	</identifier>
					<transform>
						<row0>	0.7874 0.0000 -0.6164 0.0000	</row0>
						<row1>	0.0000 1.0000 0.0000 0.0000	</row1>
						<row2>	0.6164 0.0000 0.7874 0.0000	</row2>
						<row3>	-0.5259 0.4321 -3.0755 1.0000	</row3>
					</transform>
				</node>
				<node>
					<identifier>	MP_CM014_Fuel_Oil_Hose_INDEX_2	</identifier>
					<transform>
						<row0>	0.6317 0.0000 0.7752 0.0000	</row0>
						<row1>	0.0000 1.0000 0.0000 0.0000	</row1>
						<row2>	-0.7752 0.0000 0.6317 0.0000	</row2>
						<row3>	-0.5114 0.4321 -4.0674 1.0000	</row3>
					</transform>
				</node>
				<node>
					<identifier>	MP_CM014_Fuel_Oil_Hose_INDEX_3	</identifier>
					<transform>
						<row0>	-0.6313 0.0000 0.7756 0.0000	</row0>
						<row1>	0.0000 1.0000 0.0000 0.0000	</row1>
						<row2>	-0.7756 0.0000 -0.6313 0.0000	</row2>
						<row3>	0.5116 0.4321 -4.0677 1.0000	</row3>
					</transform>
				</node>
				<node>
					<identifier>	MP_CM014_Fuel_Oil_Hose_INDEX_4	</identifier>
					<transform>
						<row0>	-0.6313 0.0000 0.7756 0.0000	</row0>
						<row1>	0.0000 1.0000 0.0000 0.0000	</row1>
						<row2>	-0.7756 0.0000 -0.6313 0.0000	</row2>
						<row3>	0.5537 0.4772 -4.0332 1.0000	</row3>
					</transform>
				</node>
				<node>
					<identifier>	MP_CM014_Fuel_Oil_Hose_INDEX_5	</identifier>
					<transform>
						<row0>	0.6317 0.0000 0.7752 0.0000	</row0>
						<row1>	0.0000 1.0000 0.0000 0.0000	</row1>
						<row2>	-0.7752 0.0000 0.6317 0.0000	</row2>
						<row3>	-0.5535 0.4772 -4.0329 1.0000	</row3>
					</transform>
				</node>
				<node>
					<identifier>	MP_CM014_Fuel_Oil_Hose_INDEX_6	</identifier>
					<transform>
						<row0>	-0.7871 0.0000 -0.6168 0.0000	</row0>
						<row1>	0.0000 1.0000 0.0000 0.0000	</row1>
						<row2>	0.6168 0.0000 -0.7871 0.0000	</row2>
						<row3>	0.5650 0.3983 -3.1246 1.0000	</row3>
					</transform>
				</node>
				<node>
					<identifier>	MP_CM014_Fuel_Oil_Hose_INDEX_7	</identifier>
					<transform>
						<row0>	0.7789 0.0000 -0.6271 0.0000	</row0>
						<row1>	0.0000 1.0000 0.0000 0.0000	</row1>
						<row2>	0.6271 0.0000 0.7789 0.0000	</row2>
						<row3>	-0.5645 0.3983 -3.1250 1.0000	</row3>
					</transform>
				</node>
				<node>
					<identifier>	MP_CM029_Emergency_Box	</identifier>
					<transform>
						<row0>	0.0000 0.0000 1.0000 0.0000	</row0>
						<row1>	0.0000 1.0000 0.0000 0.0000	</row1>
						<row2>	-1.0000 0.0000 0.0000 0.0000	</row2>
						<row3>	0.1220 0.9352 -4.1140 1.0000	</row3>
					</transform>
				</node>
				<node>
					<identifier>	MP_CM029_Emergency_Box_INDEX_1	</identifier>
					<transform>
						<row0>	-1.0000 0.0000 0.0000 0.0000	</row0>
						<row1>	0.0000 1.0000 0.0000 0.0000	</row1>
						<row2>	0.0000 0.0000 -1.0000 0.0000	</row2>
						<row3>	0.2245 0.9078 -3.8306 1.0000	</row3>
					</transform>
				</node>
				<node>
					<identifier>	MP_CM029_Emergency_Box_INDEX_2	</identifier>
					<transform>
						<row0>	0.0000 0.0000 -1.0000 0.0000	</row0>
						<row1>	0.0000 1.0000 0.0000 0.0000	</row1>
						<row2>	1.0000 0.0000 0.0000 0.0000	</row2>
						<row3>	0.2066 1.0591 -4.1432 1.0000	</row3>
					</transform>
				</node>
				<node>
					<identifier>	MP_CM029_Emergency_Box_INDEX_3	</identifier>
					<transform>
						<row0>	-0.0911 0.0000 -0.9958 0.0000	</row0>
						<row1>	0.0000 1.0000 0.0000 0.0000	</row1>
						<row2>	0.9958 0.0000 -0.0911 0.0000	</row2>
						<row3>	0.5381 0.4203 -7.2550 1.0000	</row3>
					</transform>
				</node>
				<node>
					<identifier>	MP_CM029_Emergency_Box_INDEX_4	</identifier>
					<transform>
						<row0>	0.0000 0.0000 -1.0000 0.0000	</row0>
						<row1>	0.0000 1.0000 0.0000 0.0000	</row1>
						<row2>	1.0000 0.0000 0.0000 0.0000	</row2>
						<row3>	-0.1220 0.9352 -4.1140 1.0000	</row3>
					</transform>
				</node>
				<node>
					<identifier>	MP_CM029_Emergency_Box_INDEX_5	</identifier>
					<transform>
						<row0>	-1.0000 0.0000 0.0000 0.0000	</row0>
						<row1>	0.0000 1.0000 0.0000 0.0000	</row1>
						<row2>	0.0000 0.0000 -1.0000 0.0000	</row2>
						<row3>	-0.2245 0.9078 -3.8306 1.0000	</row3>
					</transform>
				</node>
				<node>
					<identifier>	MP_CM029_Emergency_Box_INDEX_6	</identifier>
					<transform>
						<row0>	0.0000 0.0000 1.0000 0.0000	</row0>
						<row1>	0.0000 1.0000 0.0000 0.0000	</row1>
						<row2>	-1.0000 0.0000 0.0000 0.0000	</row2>
						<row3>	-0.2066 1.0591 -4.1432 1.0000	</row3>
					</transform>
				</node>
				<node>
					<identifier>	MP_CM029_Emergency_Box_INDEX_7	</identifier>
					<transform>
						<row0>	-0.0911 0.0000 0.9958 0.0000	</row0>
						<row1>	0.0000 1.0000 0.0000 0.0000	</row1>
						<row2>	-0.9958 0.0000 -0.0911 0.0000	</row2>
						<row3>	-0.5381 0.4203 -7.2550 1.0000	</row3>
					</transform>
				</node>
				<node>
					<identifier>	MP_CM032_Propeller3_R	</identifier>
					<transform>
						<row0>	1.2210 -0.0003 -0.0091 0.0000	</row0>
						<row1>	0.0000 1.2204 -0.0366 0.0000	</row1>
						<row2>	0.0091 0.0366 1.2204 0.0000	</row2>
						<row3>	0.4578 -0.4753 -7.2566 1.0000	</row3>
					</transform>
				</node>
				<node>
					<identifier>	MP_CM052_Fender	</identifier>
					<transform>
						<row0>	-0.5736 0.0000 -0.8192 0.0000	</row0>
						<row1>	0.0000 1.0000 0.0000 0.0000	</row1>
						<row2>	0.8192 0.0000 -0.5736 0.0000	</row2>
						<row3>	0.3161 0.3728 -5.6533 1.0000	</row3>
					</transform>
				</node>
				<node>
					<identifier>	MP_CM052_Fender_INDEX_1	</identifier>
					<transform>
						<row0>	-0.5736 0.0000 0.8192 0.0000	</row0>
						<row1>	0.0000 1.0000 0.0000 0.0000	</row1>
						<row2>	-0.8192 0.0000 -0.5736 0.0000	</row2>
						<row3>	-0.3161 0.3728 -5.6533 1.0000	</row3>
					</transform>
				</node>
				<node>
					<identifier>	MP_CM056_Ships_bell	</identifier>
					<transform>
						<row0>	1.0000 0.0000 0.0000 0.0000	</row0>
						<row1>	0.0000 1.0000 0.0000 0.0000	</row1>
						<row2>	0.0000 0.0000 1.0000 0.0000	</row2>
						<row3>	-0.0504 0.8510 -3.3247 1.0000	</row3>
					</transform>
				</node>
				<node>
					<identifier>	MP_VM003_Paravane	</identifier>
					<transform>
						<row0>	-0.3804 0.6357 0.6717 0.0000	</row0>
						<row1>	0.3225 0.7719 -0.5479 0.0000	</row1>
						<row2>	-0.8667 0.0082 -0.4987 0.0000	</row2>
						<row3>	0.2013 0.4315 -5.7852 1.0000	</row3>
					</transform>
				</node>
				<node>
					<identifier>	MP_VM003_Paravane_INDEX_1	</identifier>
					<transform>
						<row0>	-0.3804 -0.6357 -0.6717 0.0000	</row0>
						<row1>	-0.3225 0.7719 -0.5479 0.0000	</row1>
						<row2>	0.8667 0.0082 -0.4987 0.0000	</row2>
						<row3>	-0.2034 0.4315 -5.7844 1.0000	</row3>
					</transform>
				</node>
				<node>
					<identifier>	MP_VM016_Reels	</identifier>
					<transform>
						<row0>	1.0000 0.0000 0.0000 0.0000	</row0>
						<row1>	0.0000 1.0000 0.0000 0.0000	</row1>
						<row2>	0.0000 0.0000 1.0000 0.0000	</row2>
						<row3>	0.1742 0.3802 -7.0703 1.0000	</row3>
					</transform>
				</node>
				<node>
					<identifier>	MP_VM016_Reels_INDEX_1	</identifier>
					<transform>
						<row0>	0.9992 -0.0388 0.0000 0.0000	</row0>
						<row1>	0.0388 0.9992 0.0000 0.0000	</row1>
						<row2>	0.0000 0.0000 1.0000 0.0000	</row2>
						<row3>	0.4714 0.3629 -5.3649 1.0000	</row3>
					</transform>
				</node>
				<node>
					<identifier>	MP_VM016_Reels_INDEX_10	</identifier>
					<transform>
						<row0>	0.0000 0.0000 1.0000 0.0000	</row0>
						<row1>	0.0000 1.0000 0.0000 0.0000	</row1>
						<row2>	-1.0000 0.0000 0.0000 0.0000	</row2>
						<row3>	-0.4139 0.5274 -2.9468 1.0000	</row3>
					</transform>
				</node>
				<node>
					<identifier>	MP_VM016_Reels_INDEX_11	</identifier>
					<transform>
						<row0>	0.2964 -0.0164 0.9549 0.0000	</row0>
						<row1>	0.0320 0.9995 0.0073 0.0000	</row1>
						<row2>	-0.9545 0.0284 0.2967 0.0000	</row2>
						<row3>	0.3525 0.3733 -6.5519 1.0000	</row3>
					</transform>
				</node>
				<node>
					<identifier>	MP_VM016_Reels_INDEX_2	</identifier>
					<transform>
						<row0>	0.0000 0.0000 1.0000 0.0000	</row0>
						<row1>	0.0000 1.0000 0.0000 0.0000	</row1>
						<row2>	-1.0000 0.0000 0.0000 0.0000	</row2>
						<row3>	0.2356 0.5282 -4.6904 1.0000	</row3>
					</transform>
				</node>
				<node>
					<identifier>	MP_VM016_Reels_INDEX_3	</identifier>
					<transform>
						<row0>	0.0000 0.0000 1.0000 0.0000	</row0>
						<row1>	0.0000 1.0000 0.0000 0.0000	</row1>
						<row2>	-1.0000 0.0000 0.0000 0.0000	</row2>
						<row3>	0.4139 0.5274 -2.9468 1.0000	</row3>
					</transform>
				</node>
				<node>
					<identifier>	MP_VM016_Reels_INDEX_4	</identifier>
					<transform>
						<row0>	0.0000 0.0000 1.0000 0.0000	</row0>
						<row1>	0.0000 1.0000 0.0000 0.0000	</row1>
						<row2>	-1.0000 0.0000 0.0000 0.0000	</row2>
						<row3>	0.4194 0.5280 -2.2181 1.0000	</row3>
					</transform>
				</node>
				<node>
					<identifier>	MP_VM016_Reels_INDEX_5	</identifier>
					<transform>
						<row0>	0.0000 0.0000 1.0000 0.0000	</row0>
						<row1>	0.0000 1.0000 0.0000 0.0000	</row1>
						<row2>	-1.0000 0.0000 0.0000 0.0000	</row2>
						<row3>	-0.4161 0.5280 -2.2181 1.0000	</row3>
					</transform>
				</node>
				<node>
					<identifier>	MP_VM016_Reels_INDEX_6	</identifier>
					<transform>
						<row0>	0.0000 0.0000 1.0000 0.0000	</row0>
						<row1>	0.0000 1.0000 0.0000 0.0000	</row1>
						<row2>	-1.0000 0.0000 0.0000 0.0000	</row2>
						<row3>	-0.2356 0.5282 -4.6904 1.0000	</row3>
					</transform>
				</node>
				<node>
					<identifier>	MP_VM016_Reels_INDEX_7	</identifier>
					<transform>
						<row0>	0.9992 0.0388 0.0000 0.0000	</row0>
						<row1>	-0.0388 0.9992 0.0000 0.0000	</row1>
						<row2>	0.0000 0.0000 1.0000 0.0000	</row2>
						<row3>	-0.4714 0.3629 -5.3649 1.0000	</row3>
					</transform>
				</node>
				<node>
					<identifier>	MP_VM016_Reels_INDEX_8	</identifier>
					<transform>
						<row0>	0.2964 0.0129 -0.9550 0.0000	</row0>
						<row1>	-0.0174 0.9998 0.0081 0.0000	</row1>
						<row2>	0.9549 0.0142 0.2966 0.0000	</row2>
						<row3>	-0.3525 0.3733 -6.5519 1.0000	</row3>
					</transform>
				</node>
				<node>
					<identifier>	MP_VM016_Reels_INDEX_9	</identifier>
					<transform>
						<row0>	1.0000 0.0000 0.0000 0.0000	</row0>
						<row1>	0.0000 1.0000 0.0000 0.0000	</row1>
						<row2>	0.0000 0.0000 1.0000 0.0000	</row2>
						<row3>	-0.1742 0.3802 -7.0703 1.0000	</row3>
					</transform>
				</node>
				<node>
					<identifier>	MP_VM057_Helmets_Rack	</identifier>
					<transform>
						<row0>	-1.0000 0.0000 0.0000 0.0000	</row0>
						<row1>	0.0000 1.0000 0.0000 0.0000	</row1>
						<row2>	0.0000 0.0000 -1.0000 0.0000	</row2>
						<row3>	-0.0581 1.0300 -3.9607 1.0000	</row3>
					</transform>
				</node>
				<node>
					<identifier>	MP_VM058_Talker_Helmets_Rack	</identifier>
					<transform>
						<row0>	1.0000 0.0000 0.0000 0.0000	</row0>
						<row1>	0.0000 1.0000 0.0000 0.0000	</row1>
						<row2>	0.0000 0.0000 1.0000 0.0000	</row2>
						<row3>	0.1155 0.8887 -3.8371 1.0000	</row3>
					</transform>
				</node>
				<node>
					<identifier>	MP_VM058_Talker_Helmets_Rack_INDEX_1	</identifier>
					<transform>
						<row0>	0.0000 0.0000 -1.0000 0.0000	</row0>
						<row1>	0.0000 1.0000 0.0000 0.0000	</row1>
						<row2>	1.0000 0.0000 0.0000 0.0000	</row2>
						<row3>	0.1155 0.9103 -4.3145 1.0000	</row3>
					</transform>
				</node>
				<node>
					<identifier>	MP_VM058_Talker_Helmets_Rack_INDEX_2	</identifier>
					<transform>
						<row0>	0.0000 0.0000 1.0000 0.0000	</row0>
						<row1>	0.0000 1.0000 0.0000 0.0000	</row1>
						<row2>	-1.0000 0.0000 0.0000 0.0000	</row2>
						<row3>	-0.1155 0.9103 -4.3287 1.0000	</row3>
					</transform>
				</node>
				<node>
					<identifier>	MP_VM5004_3ton_electrik_winch_R	</identifier>
					<transform>
						<row0>	0.0000 0.0000 -1.0000 0.0000	</row0>
						<row1>	0.0000 1.0000 0.0000 0.0000	</row1>
						<row2>	1.0000 0.0000 0.0000 0.0000	</row2>
						<row3>	0.3024 0.3730 -6.0306 1.0000	</row3>
					</transform>
				</node>
				<node>
					<identifier>	MP_VM5004_3ton_electrik_winch_R_INDEX_1	</identifier>
					<transform>
						<row0>	-0.5736 0.0000 -0.8192 0.0000	</row0>
						<row1>	0.0000 1.0000 0.0000 0.0000	</row1>
						<row2>	0.8192 0.0000 -0.5736 0.0000	</row2>
						<row3>	0.1111 0.5313 -2.8711 1.0000	</row3>
					</transform>
				</node>
				<node>
					<identifier>	MP_VM5005_3ton_electrik_winch_L	</identifier>
					<transform>
						<row0>	-0.6040 0.0000 0.7970 0.0000	</row0>
						<row1>	0.0000 1.0000 0.0000 0.0000	</row1>
						<row2>	-0.7970 0.0000 -0.6040 0.0000	</row2>
						<row3>	-0.1092 0.5313 -2.8711 1.0000	</row3>
					</transform>
				</node>
				<node>
					<identifier>	MP_VM5005_3ton_electrik_winch_L_INDEX_1	</identifier>
					<transform>
						<row0>	0.0000 0.0000 1.0000 0.0000	</row0>
						<row1>	0.0000 1.0000 0.0000 0.0000	</row1>
						<row2>	-1.0000 0.0000 0.0000 0.0000	</row2>
						<row3>	-0.2994 0.3730 -6.0306 1.0000	</row3>
					</transform>
				</node>
				<node>
					<identifier>	MP_VM5006_Motor_Boat_45ft	</identifier>
					<transform>
						<row0>	1.0000 0.0000 0.0000 0.0000	</row0>
						<row1>	0.0000 1.0000 0.0000 0.0000	</row1>
						<row2>	0.0000 0.0000 1.0000 0.0000	</row2>
						<row3>	-0.7469 0.3643 -2.6472 1.0000	</row3>
					</transform>
				</node>
				<node>
					<identifier>	MP_VM5006_Motor_Boat_45ft_INDEX_1	</identifier>
					<transform>
						<row0>	1.0000 0.0000 0.0000 0.0000	</row0>
						<row1>	0.0000 1.0000 0.0000 0.0000	</row1>
						<row2>	0.0000 0.0000 1.0000 0.0000	</row2>
						<row3>	0.7469 0.3643 -2.6472 1.0000	</row3>
					</transform>
				</node>
				<node>
					<identifier>	MP_VM501_Whaleboat_24ft	</identifier>
					<transform>
						<row0>	-0.9937 0.0000 0.1122 0.0000	</row0>
						<row1>	0.0000 1.0000 0.0000 0.0000	</row1>
						<row2>	-0.1122 0.0000 -0.9937 0.0000	</row2>
						<row3>	0.6175 0.4127 -6.6683 1.0000	</row3>
					</transform>
				</node>
				<node>
					<identifier>	MP_VM501_Whaleboat_24ft_INDEX_1	</identifier>
					<transform>
						<row0>	-0.9937 0.0000 -0.1122 0.0000	</row0>
						<row1>	0.0000 1.0000 0.0000 0.0000	</row1>
						<row2>	0.1122 0.0000 -0.9937 0.0000	</row2>
						<row3>	-0.6167 0.4124 -6.6834 1.0000	</row3>
					</transform>
				</node>
				<node>
					<identifier>	MP_VM5024_Deck_Hatch	</identifier>
					<transform>
						<row0>	0.0000 0.0000 1.0000 0.0000	</row0>
						<row1>	0.0000 1.0000 0.0000 0.0000	</row1>
						<row2>	-1.0000 0.0000 0.0000 0.0000	</row2>
						<row3>	0.6682 0.3559 -3.4108 1.0000	</row3>
					</transform>
				</node>
				<node>
					<identifier>	MP_VM5024_Deck_Hatch_INDEX_1	</identifier>
					<transform>
						<row0>	0.0000 0.0000 1.0000 0.0000	</row0>
						<row1>	0.0000 1.0000 0.0000 0.0000	</row1>
						<row2>	-1.0000 0.0000 0.0000 0.0000	</row2>
						<row3>	0.4128 0.3655 -5.2393 1.0000	</row3>
					</transform>
				</node>
				<node>
					<identifier>	MP_VM5024_Deck_Hatch_INDEX_2	</identifier>
					<transform>
						<row0>	0.0000 0.0000 1.0000 0.0000	</row0>
						<row1>	0.0000 1.0000 0.0000 0.0000	</row1>
						<row2>	-1.0000 0.0000 0.0000 0.0000	</row2>
						<row3>	0.6682 0.3559 -3.8358 1.0000	</row3>
					</transform>
				</node>
				<node>
					<identifier>	MP_VM5024_Deck_Hatch_INDEX_3	</identifier>
					<transform>
						<row0>	0.0000 0.0000 -1.0000 0.0000	</row0>
						<row1>	0.0000 1.0000 0.0000 0.0000	</row1>
						<row2>	1.0000 0.0000 0.0000 0.0000	</row2>
						<row3>	-0.6682 0.3559 -3.4108 1.0000	</row3>
					</transform>
				</node>
				<node>
					<identifier>	MP_VM5024_Deck_Hatch_INDEX_4	</identifier>
					<transform>
						<row0>	0.0000 0.0000 -1.0000 0.0000	</row0>
						<row1>	0.0000 1.0000 0.0000 0.0000	</row1>
						<row2>	1.0000 0.0000 0.0000 0.0000	</row2>
						<row3>	-0.4775 0.3621 -2.8659 1.0000	</row3>
					</transform>
				</node>
				<node>
					<identifier>	MP_VM5024_Deck_Hatch_INDEX_5	</identifier>
					<transform>
						<row0>	0.0000 0.0000 -1.0000 0.0000	</row0>
						<row1>	0.0000 1.0000 0.0000 0.0000	</row1>
						<row2>	1.0000 0.0000 0.0000 0.0000	</row2>
						<row3>	-0.6682 0.3559 -3.8358 1.0000	</row3>
					</transform>
				</node>
				<node>
					<identifier>	MP_VM5024_Deck_Hatch_INDEX_6	</identifier>
					<transform>
						<row0>	0.0000 0.0000 1.0000 0.0000	</row0>
						<row1>	0.0000 1.0000 0.0000 0.0000	</row1>
						<row2>	-1.0000 0.0000 0.0000 0.0000	</row2>
						<row3>	0.4775 0.3621 -2.8659 1.0000	</row3>
					</transform>
				</node>
				<node>
					<identifier>	MP_VM5024_Deck_Hatch_INDEX_7	</identifier>
					<transform>
						<row0>	0.0000 0.0000 -1.0000 0.0000	</row0>
						<row1>	0.0000 1.0000 0.0000 0.0000	</row1>
						<row2>	1.0000 0.0000 0.0000 0.0000	</row2>
						<row3>	-0.4128 0.3655 -5.2393 1.0000	</row3>
					</transform>
				</node>
				<node>
					<identifier>	MP_VM5024_Deck_Hatch_INDEX_8	</identifier>
					<transform>
						<row0>	0.0000 0.0000 -1.0000 0.0000	</row0>
						<row1>	0.0000 1.0000 0.0000 0.0000	</row1>
						<row2>	1.0000 0.0000 0.0000 0.0000	</row2>
						<row3>	-0.4775 0.3621 -2.7791 1.0000	</row3>
					</transform>
				</node>
				<node>
					<identifier>	MP_VM5024_Deck_Hatch_INDEX_9	</identifier>
					<transform>
						<row0>	0.0000 0.0000 1.0000 0.0000	</row0>
						<row1>	0.0000 1.0000 0.0000 0.0000	</row1>
						<row2>	-1.0000 0.0000 0.0000 0.0000	</row2>
						<row3>	0.4775 0.3621 -2.7791 1.0000	</row3>
					</transform>
				</node>
				<node>
					<identifier>	MP_VM507_Whaleboat_26ft	</identifier>
					<transform>
						<row0>	1.0000 0.0000 0.0000 0.0000	</row0>
						<row1>	0.0000 1.0000 0.0000 0.0000	</row1>
						<row2>	0.0000 0.0000 1.0000 0.0000	</row2>
						<row3>	-0.8997 0.3649 -3.4925 1.0000	</row3>
					</transform>
				</node>
				<node>
					<identifier>	MP_VM507_Whaleboat_26ft_INDEX_1	</identifier>
					<transform>
						<row0>	1.0000 0.0000 0.0000 0.0000	</row0>
						<row1>	0.0000 1.0000 0.0000 0.0000	</row1>
						<row2>	0.0000 0.0000 1.0000 0.0000	</row2>
						<row3>	0.8997 0.3649 -3.4925 1.0000	</row3>
					</transform>
				</node>
				<node>
