<VSB302_Los_Andes_1943_MidFront_ports.visual>
	<skeleton>
		<node>
			<identifier>	Scene Root	</identifier>
			<transform>
				<row0>	1.0000 0.0000 0.0000 0.0000	</row0>
				<row1>	0.0000 1.0000 0.0000 0.0000	</row1>
				<row2>	0.0000 0.0000 1.0000 0.0000	</row2>
				<row3>	0.0000 0.0000 0.0000 1.0000	</row3>
			</transform>
			<node>
				<identifier>	MidFront_ports	</identifier>
				<transform>
					<row0>	1.0000 0.0000 0.0000 0.0000	</row0>
					<row1>	0.0000 1.0000 0.0000 0.0000	</row1>
					<row2>	0.0000 0.0000 1.0000 0.0000	</row2>
					<row3>	0.0000 0.0000 0.0000 1.0000	</row3>
				</transform>
				<node>
					<identifier>	HP_FX_Death_1	</identifier>
					<transform>
						<row0>	1.0000 0.0000 0.0000 0.0000	</row0>
						<row1>	0.0000 1.0000 0.0000 0.0000	</row1>
						<row2>	0.0000 0.0000 1.0000 0.0000	</row2>
						<row3>	0.0000 0.0000 5.2000 1.0000	</row3>
					</transform>
				</node>
				<node>
					<identifier>	HP_FX_Fire_2	</identifier>
					<transform>
						<row0>	1.0000 0.0000 0.0000 0.0000	</row0>
						<row1>	0.0000 1.0000 0.0000 0.0000	</row1>
						<row2>	0.0000 0.0000 1.0000 0.0000	</row2>
						<row3>	0.0000 0.6191 1.3327 1.0000	</row3>
					</transform>
				</node>
				<node>
					<identifier>	HP_FX_Fire_2_side_1	</identifier>
					<transform>
						<row0>	1.0000 0.0000 0.0000 0.0000	</row0>
						<row1>	0.0000 1.0000 0.0000 0.0000	</row1>
						<row2>	0.0000 0.0000 1.0000 0.0000	</row2>
						<row3>	-0.6707 0.4388 4.0785 1.0000	</row3>
					</transform>
				</node>
				<node>
					<identifier>	HP_FX_Fire_2_side_2	</identifier>
					<transform>
						<row0>	1.0000 0.0000 0.0000 0.0000	</row0>
						<row1>	0.0000 1.0000 0.0000 0.0000	</row1>
						<row2>	0.0000 0.0000 1.0000 0.0000	</row2>
						<row3>	0.8428 0.3926 2.3420 1.0000	</row3>
					</transform>
				</node>
				<node>
					<identifier>	HP_FX_Fire_2_side_3	</identifier>
					<transform>
						<row0>	1.0000 0.0000 0.0000 0.0000	</row0>
						<row1>	0.0000 1.0000 0.0000 0.0000	</row1>
						<row2>	0.0000 0.0000 1.0000 0.0000	</row2>
						<row3>	-0.8350 0.4196 0.8549 1.0000	</row3>
					</transform>
				</node>
				<node>
					<identifier>	HP_FX_FloodLight_left_1	</identifier>
					<transform>
						<row0>	-1.0000 0.0000 0.0000 0.0000	</row0>
						<row1>	0.0000 1.0000 0.0000 0.0000	</row1>
						<row2>	0.0000 0.0000 -1.0000 0.0000	</row2>
						<row3>	-0.2011 0.6671 2.7939 1.0000	</row3>
					</transform>
				</node>
				<node>
					<identifier>	HP_FX_FloodLight_right_2	</identifier>
					<transform>
						<row0>	1.0000 0.0000 0.0000 0.0000	</row0>
						<row1>	0.0000 1.0000 0.0000 0.0000	</row1>
						<row2>	0.0000 0.0000 1.0000 0.0000	</row2>
						<row3>	0.2002 0.6655 2.7946 1.0000	</row3>
					</transform>
				</node>
				<node>
					<identifier>	HP_FX_Flood_steam_2	</identifier>
					<transform>
						<row0>	1.0000 0.0000 0.0000 0.0000	</row0>
						<row1>	0.0000 0.6954 -0.7186 0.0000	</row1>
						<row2>	0.0000 0.7186 0.6954 0.0000	</row2>
						<row3>	0.0810 1.4688 1.6714 1.0000	</row3>
					</transform>
				</node>
				<node>
					<identifier>	HP_FX_Flood_steam_left	</identifier>
					<transform>
						<row0>	-1.0000 0.0000 0.0000 0.0000	</row0>
						<row1>	0.0000 1.0000 0.0000 0.0000	</row1>
						<row2>	0.0000 0.0000 -1.0000 0.0000	</row2>
						<row3>	-0.6414 0.4910 1.8492 1.0000	</row3>
					</transform>
				</node>
				<node>
					<identifier>	HP_FX_Flood_water_left_2	</identifier>
					<transform>
						<row0>	-0.9961 0.0000 0.0877 0.0000	</row0>
						<row1>	0.0000 1.0000 0.0000 0.0000	</row1>
						<row2>	-0.0877 0.0000 -0.9961 0.0000	</row2>
						<row3>	-1.0458 0.0349 1.4303 1.0000	</row3>
					</transform>
				</node>
				<node>
					<identifier>	HP_FX_Flood_water_left_3	</identifier>
					<transform>
						<row0>	-0.9881 0.0000 0.1537 0.0000	</row0>
						<row1>	0.0000 1.0000 0.0000 0.0000	</row1>
						<row2>	-0.1537 0.0000 -0.9881 0.0000	</row2>
						<row3>	-0.7081 0.0328 4.7584 1.0000	</row3>
					</transform>
				</node>
				<node>
					<identifier>	HP_FX_Flood_water_right_2	</identifier>
					<transform>
						<row0>	0.9991 0.0000 0.0411 0.0000	</row0>
						<row1>	0.0000 1.0000 0.0000 0.0000	</row1>
						<row2>	-0.0411 0.0000 0.9991 0.0000	</row2>
						<row3>	1.0458 0.0323 1.4322 1.0000	</row3>
					</transform>
				</node>
				<node>
					<identifier>	HP_FX_Flood_water_right_3	</identifier>
					<transform>
						<row0>	0.9893 0.0000 0.1454 0.0000	</row0>
						<row1>	0.0000 1.0000 0.0000 0.0000	</row1>
						<row2>	-0.1454 0.0000 0.9893 0.0000	</row2>
						<row3>	0.7078 0.0323 4.7592 1.0000	</row3>
					</transform>
				</node>
				<node>
					<identifier>	HP_FX_Rage_beam_1	</identifier>
					<transform>
						<row0>	0.0000 0.0000 1.0000 0.0000	</row0>
						<row1>	0.0000 1.0000 0.0000 0.0000	</row1>
						<row2>	-1.0000 0.0000 0.0000 0.0000	</row2>
						<row3>	-0.3868 1.1273 2.6478 1.0000	</row3>
					</transform>
				</node>
				<node>
					<identifier>	HP_FX_Rage_beam_2	</identifier>
					<transform>
						<row0>	0.0000 0.0000 -1.0000 0.0000	</row0>
						<row1>	0.0000 1.0000 0.0000 0.0000	</row1>
						<row2>	1.0000 0.0000 0.0000 0.0000	</row2>
						<row3>	0.3871 1.1264 2.6475 1.0000	</row3>
					</transform>
				</node>
				<node>
					<identifier>	HP_FX_Rage_beam_5	</identifier>
					<transform>
						<row0>	0.0000 0.0000 1.0000 0.0000	</row0>
						<row1>	0.0000 1.0000 0.0000 0.0000	</row1>
						<row2>	-1.0000 0.0000 0.0000 0.0000	</row2>
						<row3>	-0.3068 1.2981 2.3201 1.0000	</row3>
					</transform>
				</node>
				<node>
					<identifier>	HP_FX_Rage_beam_6	</identifier>
					<transform>
						<row0>	0.0000 0.0000 -1.0000 0.0000	</row0>
						<row1>	0.0000 1.0000 0.0000 0.0000	</row1>
						<row2>	1.0000 0.0000 0.0000 0.0000	</row2>
						<row3>	0.3071 1.2975 2.3210 1.0000	</row3>
					</transform>
				</node>
				<node>
					<identifier>	HP_FX_RepairLight_left_1	</identifier>
					<transform>
						<row0>	0.0935 0.0000 0.9956 0.0000	</row0>
						<row1>	-0.1862 0.9824 0.0175 0.0000	</row1>
						<row2>	-0.9781 -0.1870 0.0918 0.0000	</row2>
						<row3>	-0.8793 0.3569 4.0928 1.0000	</row3>
					</transform>
				</node>
				<node>
					<identifier>	HP_FX_RepairLight_right_2	</identifier>
					<transform>
						<row0>	0.0714 0.0000 -0.9974 0.0000	</row0>
						<row1>	0.1869 0.9823 0.0134 0.0000	</row1>
						<row2>	0.9798 -0.1874 0.0701 0.0000	</row2>
						<row3>	0.9525 0.3540 3.2200 1.0000	</row3>
					</transform>
				</node>
				<node>
					<identifier>	HP_FX_Smoke_1	</identifier>
					<transform>
						<row0>	1.0000 0.0000 0.0000 0.0000	</row0>
						<row1>	0.0000 1.0000 0.0000 0.0000	</row1>
						<row2>	0.0000 0.0000 1.0000 0.0000	</row2>
						<row3>	0.0000 1.4739 1.8000 1.0000	</row3>
					</transform>
				</node>
				<node>
					<identifier>	HP_Ship_death_2	</identifier>
					<transform>
						<row0>	1.0000 0.0000 0.0000 0.0000	</row0>
						<row1>	0.0000 1.0000 0.0000 0.0000	</row1>
						<row2>	0.0000 0.0000 1.0000 0.0000	</row2>
						<row3>	0.0000 0.0000 0.4422 1.0000	</row3>
					</transform>
				</node>
				<node>
					<identifier>	HP_VD_1	</identifier>
					<transform>
						<row0>	1.0000 0.0000 0.0000 0.0000	</row0>
						<row1>	0.0000 1.0000 0.0000 0.0000	</row1>
						<row2>	0.0000 0.0000 1.0000 0.0000	</row2>
						<row3>	0.0000 1.0897 3.3859 1.0000	</row3>
					</transform>
				</node>
				<node>
					<identifier>	HP_VD_10	</identifier>
					<transform>
						<row0>	0.0000 0.0000 1.0000 0.0000	</row0>
						<row1>	0.0000 1.0000 0.0000 0.0000	</row1>
						<row2>	-1.0000 0.0000 0.0000 0.0000	</row2>
						<row3>	-0.2701 1.0123 -0.5460 1.0000	</row3>
					</transform>
				</node>
				<node>
					<identifier>	HP_VD_11	</identifier>
					<transform>
						<row0>	0.0000 0.0000 -1.0000 0.0000	</row0>
						<row1>	0.0000 1.0000 0.0000 0.0000	</row1>
						<row2>	1.0000 0.0000 0.0000 0.0000	</row2>
						<row3>	0.2701 1.0123 -0.5460 1.0000	</row3>
					</transform>
				</node>
				<node>
					<identifier>	HP_VD_12	</identifier>
					<transform>
						<row0>	0.0000 0.0000 1.0000 0.0000	</row0>
						<row1>	0.0000 1.0000 0.0000 0.0000	</row1>
						<row2>	-1.0000 0.0000 0.0000 0.0000	</row2>
						<row3>	-0.2701 1.0123 -0.6688 1.0000	</row3>
					</transform>
				</node>
				<node>
					<identifier>	HP_VD_13	</identifier>
					<transform>
						<row0>	0.0000 0.0000 -1.0000 0.0000	</row0>
						<row1>	0.0000 1.0000 0.0000 0.0000	</row1>
						<row2>	1.0000 0.0000 0.0000 0.0000	</row2>
						<row3>	0.2701 1.0123 -0.6688 1.0000	</row3>
					</transform>
				</node>
				<node>
					<identifier>	HP_VD_14	</identifier>
					<transform>
						<row0>	0.0000 0.0000 1.0000 0.0000	</row0>
						<row1>	0.0000 1.0000 0.0000 0.0000	</row1>
						<row2>	-1.0000 0.0000 0.0000 0.0000	</row2>
						<row3>	-0.2701 1.0123 -0.7904 1.0000	</row3>
					</transform>
				</node>
				<node>
					<identifier>	HP_VD_15	</identifier>
					<transform>
						<row0>	0.0000 0.0000 -1.0000 0.0000	</row0>
						<row1>	0.0000 1.0000 0.0000 0.0000	</row1>
						<row2>	1.0000 0.0000 0.0000 0.0000	</row2>
						<row3>	0.2701 1.0123 -0.7904 1.0000	</row3>
					</transform>
				</node>
				<node>
					<identifier>	HP_VD_16	</identifier>
					<transform>
						<row0>	-1.0000 0.0000 0.0000 0.0000	</row0>
						<row1>	0.0000 1.0000 0.0000 0.0000	</row1>
						<row2>	0.0000 0.0000 -1.0000 0.0000	</row2>
						<row3>	0.0000 1.0745 -1.2160 1.0000	</row3>
					</transform>
				</node>
				<node>
					<identifier>	HP_VD_2	</identifier>
					<transform>
						<row0>	1.0000 0.0000 0.0000 0.0000	</row0>
						<row1>	0.0000 1.0000 0.0000 0.0000	</row1>
						<row2>	0.0000 0.0000 1.0000 0.0000	</row2>
						<row3>	0.0000 1.6749 2.6235 1.0000	</row3>
					</transform>
				</node>
				<node>
					<identifier>	HP_VD_3	</identifier>
					<transform>
						<row0>	0.0000 0.0000 1.0000 0.0000	</row0>
						<row1>	0.0000 1.0000 0.0000 0.0000	</row1>
						<row2>	-1.0000 0.0000 0.0000 0.0000	</row2>
						<row3>	-0.2674 1.5116 2.5621 1.0000	</row3>
					</transform>
				</node>
				<node>
					<identifier>	HP_VD_4	</identifier>
					<transform>
						<row0>	0.0000 0.0000 -1.0000 0.0000	</row0>
						<row1>	0.0000 1.0000 0.0000 0.0000	</row1>
						<row2>	1.0000 0.0000 0.0000 0.0000	</row2>
						<row3>	0.2674 1.5116 2.5621 1.0000	</row3>
					</transform>
				</node>
				<node>
					<identifier>	HP_VD_5	</identifier>
					<transform>
						<row0>	0.0000 0.0000 1.0000 0.0000	</row0>
						<row1>	0.0000 1.0000 0.0000 0.0000	</row1>
						<row2>	-1.0000 0.0000 0.0000 0.0000	</row2>
						<row3>	-0.2674 1.5116 2.3189 1.0000	</row3>
					</transform>
				</node>
				<node>
					<identifier>	HP_VD_6	</identifier>
					<transform>
						<row0>	0.0000 0.0000 -1.0000 0.0000	</row0>
						<row1>	0.0000 1.0000 0.0000 0.0000	</row1>
						<row2>	1.0000 0.0000 0.0000 0.0000	</row2>
						<row3>	0.2674 1.5116 2.3189 1.0000	</row3>
					</transform>
				</node>
				<node>
					<identifier>	HP_VD_7	</identifier>
					<transform>
						<row0>	1.0000 0.0000 0.0000 0.0000	</row0>
						<row1>	0.0000 1.0000 0.0000 0.0000	</row1>
						<row2>	0.0000 0.0000 1.0000 0.0000	</row2>
						<row3>	-0.6936 0.4857 1.1460 1.0000	</row3>
					</transform>
				</node>
				<node>
					<identifier>	HP_VD_8	</identifier>
					<transform>
						<row0>	1.0000 0.0000 0.0000 0.0000	</row0>
						<row1>	0.0000 1.0000 0.0000 0.0000	</row1>
						<row2>	0.0000 0.0000 1.0000 0.0000	</row2>
						<row3>	0.6936 0.4857 1.1460 1.0000	</row3>
					</transform>
				</node>
				<node>
					<identifier>	HP_VD_9	</identifier>
					<transform>
						<row0>	1.0000 0.0000 0.0000 0.0000	</row0>
						<row1>	0.0000 1.0000 0.0000 0.0000	</row1>
						<row2>	0.0000 0.0000 1.0000 0.0000	</row2>
						<row3>	0.0000 1.0920 -0.1201 1.0000	</row3>
					</transform>
				</node>
				<node>
					<identifier>	HP_VGA_1	</identifier>
					<transform>
						<row0>	0.1736 0.0000 0.9848 0.0000	</row0>
						<row1>	0.0000 1.0000 0.0000 0.0000	</row1>
						<row2>	-0.9848 0.0000 0.1736 0.0000	</row2>
						<row3>	-0.7063 0.3598 4.0848 1.0000	</row3>
					</transform>
				</node>
				<node>
					<identifier>	HP_VGA_10	</identifier>
					<transform>
						<row0>	0.0000 0.0000 -1.0000 0.0000	</row0>
						<row1>	0.0000 1.0000 0.0000 0.0000	</row1>
						<row2>	1.0000 0.0000 0.0000 0.0000	</row2>
						<row3>	0.8118 0.3497 1.4074 1.0000	</row3>
					</transform>
				</node>
				<node>
					<identifier>	HP_VGA_11	</identifier>
					<transform>
						<row0>	0.0000 0.0000 1.0000 0.0000	</row0>
						<row1>	0.0000 1.0000 0.0000 0.0000	</row1>
						<row2>	-1.0000 0.0000 0.0000 0.0000	</row2>
						<row3>	-0.8569 0.3513 1.0631 1.0000	</row3>
					</transform>
				</node>
				<node>
					<identifier>	HP_VGA_12	</identifier>
					<transform>
						<row0>	0.0000 0.0000 -1.0000 0.0000	</row0>
						<row1>	0.0000 1.0000 0.0000 0.0000	</row1>
						<row2>	1.0000 0.0000 0.0000 0.0000	</row2>
						<row3>	0.8569 0.3513 1.0631 1.0000	</row3>
					</transform>
				</node>
				<node>
					<identifier>	HP_VGA_13	</identifier>
					<transform>
						<row0>	0.0000 0.0000 1.0000 0.0000	</row0>
						<row1>	0.0000 1.0000 0.0000 0.0000	</row1>
						<row2>	-1.0000 0.0000 0.0000 0.0000	</row2>
						<row3>	-0.8553 0.3513 0.8551 1.0000	</row3>
					</transform>
				</node>
				<node>
					<identifier>	HP_VGA_14	</identifier>
					<transform>
						<row0>	0.0000 0.0000 -1.0000 0.0000	</row0>
						<row1>	0.0000 1.0000 0.0000 0.0000	</row1>
						<row2>	1.0000 0.0000 0.0000 0.0000	</row2>
						<row3>	0.8553 0.3513 0.8551 1.0000	</row3>
					</transform>
				</node>
				<node>
					<identifier>	HP_VGA_15	</identifier>
					<transform>
						<row0>	0.0000 0.0000 1.0000 0.0000	</row0>
						<row1>	0.0000 1.0000 0.0000 0.0000	</row1>
						<row2>	-1.0000 0.0000 0.0000 0.0000	</row2>
						<row3>	-0.1763 1.0123 -0.3262 1.0000	</row3>
					</transform>
				</node>
				<node>
					<identifier>	HP_VGA_16	</identifier>
					<transform>
						<row0>	0.0000 0.0000 -1.0000 0.0000	</row0>
						<row1>	0.0000 1.0000 0.0000 0.0000	</row1>
						<row2>	1.0000 0.0000 0.0000 0.0000	</row2>
						<row3>	0.1763 1.0123 -0.3262 1.0000	</row3>
					</transform>
				</node>
				<node>
					<identifier>	HP_VGA_17	</identifier>
					<transform>
						<row0>	0.0000 0.0000 1.0000 0.0000	</row0>
						<row1>	0.0000 1.0000 0.0000 0.0000	</row1>
						<row2>	-1.0000 0.0000 0.0000 0.0000	</row2>
						<row3>	-0.2458 0.7059 -0.3526 1.0000	</row3>
					</transform>
				</node>
				<node>
					<identifier>	HP_VGA_18	</identifier>
					<transform>
						<row0>	0.0000 0.0000 1.0000 0.0000	</row0>
						<row1>	0.0000 1.0000 0.0000 0.0000	</row1>
						<row2>	-1.0000 0.0000 0.0000 0.0000	</row2>
						<row3>	-0.2458 0.7094 -0.3526 1.0000	</row3>
					</transform>
				</node>
				<node>
					<identifier>	HP_VGA_19	</identifier>
					<transform>
						<row0>	0.0000 0.0000 -1.0000 0.0000	</row0>
						<row1>	0.0000 1.0000 0.0000 0.0000	</row1>
						<row2>	1.0000 0.0000 0.0000 0.0000	</row2>
						<row3>	0.2458 0.7059 -0.3526 1.0000	</row3>
					</transform>
				</node>
				<node>
					<identifier>	HP_VGA_2	</identifier>
					<transform>
						<row0>	0.1736 0.0000 -0.9848 0.0000	</row0>
						<row1>	0.0000 1.0000 0.0000 0.0000	</row1>
						<row2>	0.9848 0.0000 0.1736 0.0000	</row2>
						<row3>	0.7063 0.3598 4.0848 1.0000	</row3>
					</transform>
				</node>
				<node>
					<identifier>	HP_VGA_20	</identifier>
					<transform>
						<row0>	0.0000 0.0000 -1.0000 0.0000	</row0>
						<row1>	0.0000 1.0000 0.0000 0.0000	</row1>
						<row2>	1.0000 0.0000 0.0000 0.0000	</row2>
						<row3>	0.2458 0.7094 -0.3526 1.0000	</row3>
					</transform>
				</node>
				<node>
					<identifier>	HP_VGA_21	</identifier>
					<transform>
						<row0>	0.0000 0.0000 1.0000 0.0000	</row0>
						<row1>	0.0000 1.0000 0.0000 0.0000	</row1>
						<row2>	-1.0000 0.0000 0.0000 0.0000	</row2>
						<row3>	-0.3384 0.7059 -0.6693 1.0000	</row3>
					</transform>
				</node>
				<node>
					<identifier>	HP_VGA_22	</identifier>
					<transform>
						<row0>	0.0000 0.0000 1.0000 0.0000	</row0>
						<row1>	0.0000 1.0000 0.0000 0.0000	</row1>
						<row2>	-1.0000 0.0000 0.0000 0.0000	</row2>
						<row3>	-0.3384 0.7094 -0.6693 1.0000	</row3>
					</transform>
				</node>
				<node>
					<identifier>	HP_VGA_23	</identifier>
					<transform>
						<row0>	0.0000 0.0000 -1.0000 0.0000	</row0>
						<row1>	0.0000 1.0000 0.0000 0.0000	</row1>
						<row2>	1.0000 0.0000 0.0000 0.0000	</row2>
						<row3>	0.3384 0.7059 -0.6693 1.0000	</row3>
					</transform>
				</node>
				<node>
					<identifier>	HP_VGA_24	</identifier>
					<transform>
						<row0>	0.0000 0.0000 -1.0000 0.0000	</row0>
						<row1>	0.0000 1.0000 0.0000 0.0000	</row1>
						<row2>	1.0000 0.0000 0.0000 0.0000	</row2>
						<row3>	0.3384 0.7094 -0.6693 1.0000	</row3>
					</transform>
				</node>
				<node>
					<identifier>	HP_VGA_25	</identifier>
					<transform>
						<row0>	0.0000 0.0000 1.0000 0.0000	</row0>
						<row1>	0.0000 1.0000 0.0000 0.0000	</row1>
						<row2>	-1.0000 0.0000 0.0000 0.0000	</row2>
						<row3>	-0.2464 0.7059 -0.9830 1.0000	</row3>
					</transform>
				</node>
				<node>
					<identifier>	HP_VGA_26	</identifier>
					<transform>
						<row0>	0.0000 0.0000 1.0000 0.0000	</row0>
						<row1>	0.0000 1.0000 0.0000 0.0000	</row1>
						<row2>	-1.0000 0.0000 0.0000 0.0000	</row2>
						<row3>	-0.2464 0.7094 -0.9830 1.0000	</row3>
					</transform>
				</node>
				<node>
					<identifier>	HP_VGA_27	</identifier>
					<transform>
						<row0>	0.0000 0.0000 -1.0000 0.0000	</row0>
						<row1>	0.0000 1.0000 0.0000 0.0000	</row1>
						<row2>	1.0000 0.0000 0.0000 0.0000	</row2>
						<row3>	0.2464 0.7059 -0.9830 1.0000	</row3>
					</transform>
				</node>
				<node>
					<identifier>	HP_VGA_28	</identifier>
					<transform>
						<row0>	0.0000 0.0000 -1.0000 0.0000	</row0>
						<row1>	0.0000 1.0000 0.0000 0.0000	</row1>
						<row2>	1.0000 0.0000 0.0000 0.0000	</row2>
						<row3>	0.2464 0.7094 -0.9830 1.0000	</row3>
					</transform>
				</node>
				<node>
					<identifier>	HP_VGA_29	</identifier>
					<transform>
						<row0>	0.0000 0.0000 1.0000 0.0000	</row0>
						<row1>	0.0000 1.0000 0.0000 0.0000	</row1>
						<row2>	-1.0000 0.0000 0.0000 0.0000	</row2>
						<row3>	-0.1910 1.0123 -0.9843 1.0000	</row3>
					</transform>
				</node>
				<node>
					<identifier>	HP_VGA_3	</identifier>
					<transform>
						<row0>	0.7071 0.0000 0.7071 0.0000	</row0>
						<row1>	0.0000 1.0000 0.0000 0.0000	</row1>
						<row2>	-0.7071 0.0000 0.7071 0.0000	</row2>
						<row3>	-0.3695 0.5321 3.4761 1.0000	</row3>
					</transform>
				</node>
				<node>
					<identifier>	HP_VGA_30	</identifier>
					<transform>
						<row0>	0.0000 0.0000 -1.0000 0.0000	</row0>
						<row1>	0.0000 1.0000 0.0000 0.0000	</row1>
						<row2>	1.0000 0.0000 0.0000 0.0000	</row2>
						<row3>	0.1910 1.0123 -0.9843 1.0000	</row3>
					</transform>
				</node>
				<node>
					<identifier>	HP_VGA_4	</identifier>
					<transform>
						<row0>	0.7071 0.0000 -0.7071 0.0000	</row0>
						<row1>	0.0000 1.0000 0.0000 0.0000	</row1>
						<row2>	0.7071 0.0000 0.7071 0.0000	</row2>
						<row3>	0.3695 0.5321 3.4761 1.0000	</row3>
					</transform>
				</node>
				<node>
					<identifier>	HP_VGA_5	</identifier>
					<transform>
						<row0>	0.7071 0.0000 0.7071 0.0000	</row0>
						<row1>	0.0000 1.0000 0.0000 0.0000	</row1>
						<row2>	-0.7071 0.0000 0.7071 0.0000	</row2>
						<row3>	-0.1950 1.0154 3.1112 1.0000	</row3>
					</transform>
				</node>
				<node>
					<identifier>	HP_VGA_6	</identifier>
					<transform>
						<row0>	0.7071 0.0000 -0.7071 0.0000	</row0>
						<row1>	0.0000 1.0000 0.0000 0.0000	</row1>
						<row2>	0.7071 0.0000 0.7071 0.0000	</row2>
						<row3>	0.1950 1.0123 3.1112 1.0000	</row3>
					</transform>
				</node>
				<node>
					<identifier>	HP_VGA_7	</identifier>
					<transform>
						<row0>	0.0000 0.0000 1.0000 0.0000	</row0>
						<row1>	0.0000 1.0000 0.0000 0.0000	</row1>
						<row2>	-1.0000 0.0000 0.0000 0.0000	</row2>
						<row3>	-0.3483 1.0123 2.1514 1.0000	</row3>
					</transform>
				</node>
				<node>
					<identifier>	HP_VGA_8	</identifier>
					<transform>
						<row0>	0.0000 0.0000 -1.0000 0.0000	</row0>
						<row1>	0.0000 1.0000 0.0000 0.0000	</row1>
						<row2>	1.0000 0.0000 0.0000 0.0000	</row2>
						<row3>	0.3483 1.0123 2.1514 1.0000	</row3>
					</transform>
				</node>
				<node>
					<identifier>	HP_VGA_9	</identifier>
					<transform>
						<row0>	0.0000 0.0000 1.0000 0.0000	</row0>
						<row1>	0.0000 1.0000 0.0000 0.0000	</row1>
						<row2>	-1.0000 0.0000 0.0000 0.0000	</row2>
						<row3>	-0.8118 0.3497 1.4074 1.0000	</row3>
					</transform>
				</node>
				<node>
					<identifier>	HP_VGM_1	</identifier>
					<transform>
						<row0>	1.0000 0.0000 0.0000 0.0000	</row0>
						<row1>	0.0000 1.0000 0.0000 0.0000	</row1>
						<row2>	0.0000 0.0000 1.0000 0.0000	</row2>
						<row3>	0.0000 0.4461 5.0611 1.0000	</row3>
					</transform>
				</node>
				<node>
					<identifier>	HP_VGM_2	</identifier>
					<transform>
						<row0>	1.0000 0.0000 0.0000 0.0000	</row0>
						<row1>	0.0000 1.0000 0.0000 0.0000	</row1>
						<row2>	0.0000 0.0000 1.0000 0.0000	</row2>
						<row3>	0.0000 0.6501 4.0861 1.0000	</row3>
					</transform>
				</node>
				<node>
					<identifier>	HP_VGM_3	</identifier>
					<transform>
						<row0>	1.0000 0.0000 0.0000 0.0000	</row0>
						<row1>	0.0000 1.0000 0.0000 0.0000	</row1>
						<row2>	0.0000 0.0000 1.0000 0.0000	</row2>
						<row3>	0.0000 0.6022 0.5819 1.0000	</row3>
					</transform>
				</node>
				<node>
					<identifier>	HP_VGM_4	</identifier>
					<transform>
						<row0>	-1.0000 0.0000 0.0000 0.0000	</row0>
						<row1>	0.0000 1.0000 0.0000 0.0000	</row1>
						<row2>	0.0000 0.0000 -1.0000 0.0000	</row2>
						<row3>	0.0000 0.6022 -1.9181 1.0000	</row3>
					</transform>
				</node>
				<node>
					<identifier>	HP_VGS_1	</identifier>
					<transform>
						<row0>	1.0000 0.0000 0.0000 0.0000	</row0>
						<row1>	0.0000 1.0000 0.0000 0.0000	</row1>
						<row2>	0.0000 0.0000 1.0000 0.0000	</row2>
						<row3>	-0.6945 0.4095 2.9893 1.0000	</row3>
					</transform>
				</node>
				<node>
					<identifier>	HP_VGS_10	</identifier>
					<transform>
						<row0>	-1.0000 0.0000 0.0000 0.0000	</row0>
						<row1>	0.0000 1.0000 0.0000 0.0000	</row1>
						<row2>	0.0000 0.0000 -1.0000 0.0000	</row2>
						<row3>	0.8018 0.4095 -1.3686 1.0000	</row3>
					</transform>
				</node>
				<node>
					<identifier>	HP_VGS_2	</identifier>
					<transform>
						<row0>	1.0000 0.0000 0.0000 0.0000	</row0>
						<row1>	0.0000 1.0000 0.0000 0.0000	</row1>
						<row2>	0.0000 0.0000 1.0000 0.0000	</row2>
						<row3>	0.6945 0.4095 2.9893 1.0000	</row3>
					</transform>
				</node>
				<node>
					<identifier>	HP_VGS_3	</identifier>
					<transform>
						<row0>	1.0000 0.0000 0.0000 0.0000	</row0>
						<row1>	0.0000 1.0000 0.0000 0.0000	</row1>
						<row2>	0.0000 0.0000 1.0000 0.0000	</row2>
						<row3>	-0.4997 0.5316 2.3806 1.0000	</row3>
					</transform>
				</node>
				<node>
					<identifier>	HP_VGS_4	</identifier>
					<transform>
						<row0>	1.0000 0.0000 0.0000 0.0000	</row0>
						<row1>	0.0000 1.0000 0.0000 0.0000	</row1>
						<row2>	0.0000 0.0000 1.0000 0.0000	</row2>
						<row3>	0.4997 0.5316 2.3806 1.0000	</row3>
					</transform>
				</node>
				<node>
					<identifier>	HP_VGS_5	</identifier>
					<transform>
						<row0>	1.0000 0.0000 0.0000 0.0000	</row0>
						<row1>	0.0000 1.0000 0.0000 0.0000	</row1>
						<row2>	0.0000 0.0000 1.0000 0.0000	</row2>
						<row3>	-0.4997 0.5316 1.8920 1.0000	</row3>
					</transform>
				</node>
				<node>
					<identifier>	HP_VGS_6	</identifier>
					<transform>
						<row0>	1.0000 0.0000 0.0000 0.0000	</row0>
						<row1>	0.0000 1.0000 0.0000 0.0000	</row1>
						<row2>	0.0000 0.0000 1.0000 0.0000	</row2>
						<row3>	0.4997 0.5316 1.8920 1.0000	</row3>
					</transform>
				</node>
				<node>
					<identifier>	HP_VGS_7	</identifier>
					<transform>
						<row0>	1.0000 0.0000 0.0000 0.0000	</row0>
						<row1>	0.0000 1.0000 0.0000 0.0000	</row1>
						<row2>	0.0000 0.0000 1.0000 0.0000	</row2>
						<row3>	-0.8018 0.4095 0.0325 1.0000	</row3>
					</transform>
				</node>
				<node>
					<identifier>	HP_VGS_8	</identifier>
					<transform>
						<row0>	1.0000 0.0000 0.0000 0.0000	</row0>
						<row1>	0.0000 1.0000 0.0000 0.0000	</row1>
						<row2>	0.0000 0.0000 1.0000 0.0000	</row2>
						<row3>	0.8018 0.4095 0.0325 1.0000	</row3>
					</transform>
				</node>
				<node>
					<identifier>	HP_VGS_9	</identifier>
					<transform>
						<row0>	-1.0000 0.0000 0.0000 0.0000	</row0>
						<row1>	0.0000 1.0000 0.0000 0.0000	</row1>
						<row2>	0.0000 0.0000 -1.0000 0.0000	</row2>
						<row3>	-0.8018 0.4095 -1.3686 1.0000	</row3>
					</transform>
				</node>
				<node>
					<identifier>	HP_VRS_1	</identifier>
					<transform>
						<row0>	1.0000 0.0000 0.0000 0.0000	</row0>
						<row1>	0.0000 1.0000 0.0000 0.0000	</row1>
						<row2>	0.0000 0.0000 1.0000 0.0000	</row2>
						<row3>	0.0000 1.8510 2.1959 1.0000	</row3>
					</transform>
				</node>
				<node>
					<identifier>	HP_VRS_2	</identifier>
					<transform>
						<row0>	1.0000 0.0000 0.0000 0.0000	</row0>
						<row1>	0.0000 1.0000 0.0000 0.0000	</row1>
						<row2>	0.0000 0.0000 1.0000 0.0000	</row2>
						<row3>	0.0000 2.3654 1.9202 1.0000	</row3>
					</transform>
				</node>
				<node>
					<identifier>	HP_flag_1	</identifier>
					<transform>
						<row0>	0.9927 -0.1204 0.0091 0.0000	</row0>
						<row1>	0.1204 0.9813 -0.1500 0.0000	</row1>
						<row2>	0.0091 0.1500 0.9886 0.0000	</row2>
						<row3>	0.1644 2.0835 1.9180 1.0000	</row3>
					</transform>
				</node>
				<node>
					<identifier>	HP_flag_2	</identifier>
					<transform>
						<row0>	0.9927 0.1204 -0.0091 0.0000	</row0>
						<row1>	-0.1204 0.9813 -0.1500 0.0000	</row1>
						<row2>	-0.0091 0.1500 0.9886 0.0000	</row2>
						<row3>	-0.1644 2.0835 1.9180 1.0000	</row3>
					</transform>
				</node>
				<node>
					<identifier>	HP_flag_3	</identifier>
					<transform>
						<row0>	0.9990 -0.0448 0.0034 0.0000	</row0>
						<row1>	0.0448 0.9874 -0.1519 0.0000	</row1>
						<row2>	0.0034 0.1519 0.9884 0.0000	</row2>
						<row3>	0.0543 2.0828 1.9175 1.0000	</row3>
					</transform>
				</node>
				<node>
					<identifier>	HP_flag_4	</identifier>
					<transform>
						<row0>	0.9990 0.0448 -0.0034 0.0000	</row0>
						<row1>	-0.0448 0.9874 -0.1519 0.0000	</row1>
						<row2>	-0.0034 0.1519 0.9884 0.0000	</row2>
						<row3>	-0.0543 2.0828 1.9175 1.0000	</row3>
					</transform>
				</node>
				<node>
					<identifier>	HP_flag_courtesy	</identifier>
					<transform>
						<row0>	0.9865 -0.1633 0.0123 0.0000	</row0>
						<row1>	0.1633 0.9752 -0.1491 0.0000	</row1>
						<row2>	0.0123 0.1491 0.9888 0.0000	</row2>
						<row3>	0.2334 2.1684 1.9051 1.0000	</row3>
					</transform>
				</node>
				<node>
					<identifier>	HP_flag_house	</identifier>
					<transform>
						<row0>	0.9865 0.1633 -0.0123 0.0000	</row0>
						<row1>	-0.1633 0.9752 -0.1491 0.0000	</row1>
						<row2>	-0.0123 0.1491 0.9888 0.0000	</row2>
						<row3>	-0.2334 2.1684 1.9051 1.0000	</row3>
					</transform>
				</node>
				<node>
					<identifier>	HP_flag_rank	</identifier>
					<transform>
						<row0>	1.0000 -0.0031 0.0005 0.0000	</row0>
						<row1>	0.0031 0.9405 -0.3398 0.0000	</row1>
						<row2>	0.0005 0.3398 0.9405 0.0000	</row2>
						<row3>	0.0003 2.5369 1.7815 1.0000	</row3>
					</transform>
				</node>
				<node>
					<identifier>	MP_AM722_Ammobox_big	</identifier>
					<transform>
						<row0>	0.0169 0.0000 0.9999 0.0000	</row0>
						<row1>	0.0000 1.0000 0.0000 0.0000	</row1>
						<row2>	-0.9999 0.0000 0.0169 0.0000	</row2>
						<row3>	-0.9297 0.3491 1.1627 1.0000	</row3>
					</transform>
				</node>
				<node>
					<identifier>	MP_AM722_Ammobox_big_INDEX_1	</identifier>
					<transform>
						<row0>	0.0169 0.0000 -0.9999 0.0000	</row0>
						<row1>	0.0000 1.0000 0.0000 0.0000	</row1>
						<row2>	0.9999 0.0000 0.0169 0.0000	</row2>
						<row3>	0.9297 0.3491 1.1627 1.0000	</row3>
					</transform>
				</node>
				<node>
					<identifier>	MP_AM722_Ammobox_big_INDEX_10	</identifier>
					<transform>
						<row0>	-0.9930 -0.0410 0.1110 0.0000	</row0>
						<row1>	-0.0407 0.9992 0.0046 0.0000	</row1>
						<row2>	-0.1111 0.0000 -0.9938 0.0000	</row2>
						<row3>	-0.6561 0.3631 4.2070 1.0000	</row3>
					</transform>
				</node>
				<node>
					<identifier>	MP_AM722_Ammobox_big_INDEX_11	</identifier>
					<transform>
						<row0>	-0.9930 0.0410 -0.1110 0.0000	</row0>
						<row1>	0.0407 0.9992 0.0046 0.0000	</row1>
						<row2>	0.1111 0.0000 -0.9938 0.0000	</row2>
						<row3>	0.6561 0.3631 4.2070 1.0000	</row3>
					</transform>
				</node>
				<node>
					<identifier>	MP_AM722_Ammobox_big_INDEX_12	</identifier>
					<transform>
						<row0>	-0.9958 0.0298 -0.0871 0.0000	</row0>
						<row1>	0.0297 0.9996 0.0026 0.0000	</row1>
						<row2>	0.0872 0.0000 -0.9962 0.0000	</row2>
						<row3>	0.6793 0.3619 3.9570 1.0000	</row3>
					</transform>
				</node>
				<node>
					<identifier>	MP_AM722_Ammobox_big_INDEX_13	</identifier>
					<transform>
						<row0>	-0.5904 0.0000 0.8071 0.0000	</row0>
						<row1>	0.0000 1.0000 0.0000 0.0000	</row1>
						<row2>	-0.8071 0.0000 -0.5904 0.0000	</row2>
						<row3>	-0.2477 1.0127 2.2434 1.0000	</row3>
					</transform>
				</node>
				<node>
					<identifier>	MP_AM722_Ammobox_big_INDEX_14	</identifier>
					<transform>
						<row0>	-0.3822 0.0000 -0.9241 0.0000	</row0>
						<row1>	0.0000 1.0000 0.0000 0.0000	</row1>
						<row2>	0.9241 0.0000 -0.3822 0.0000	</row2>
						<row3>	-0.2674 1.0123 -0.4297 1.0000	</row3>
					</transform>
				</node>
				<node>
					<identifier>	MP_AM722_Ammobox_big_INDEX_15	</identifier>
					<transform>
						<row0>	-0.3822 0.0000 -0.9241 0.0000	</row0>
						<row1>	0.0000 1.0000 0.0000 0.0000	</row1>
						<row2>	0.9241 0.0000 -0.3822 0.0000	</row2>
						<row3>	-0.1676 1.0123 -0.1884 1.0000	</row3>
					</transform>
				</node>
				<node>
					<identifier>	MP_AM722_Ammobox_big_INDEX_16	</identifier>
					<transform>
						<row0>	0.3767 0.0000 -0.9263 0.0000	</row0>
						<row1>	0.0000 1.0000 0.0000 0.0000	</row1>
						<row2>	0.9263 0.0000 0.3767 0.0000	</row2>
						<row3>	-0.2692 1.0123 -0.8998 1.0000	</row3>
					</transform>
				</node>
				<node>
					<identifier>	MP_AM722_Ammobox_big_INDEX_17	</identifier>
					<transform>
						<row0>	0.3767 0.0000 -0.9263 0.0000	</row0>
						<row1>	0.0000 1.0000 0.0000 0.0000	</row1>
						<row2>	0.9263 0.0000 0.3767 0.0000	</row2>
						<row3>	-0.1730 1.0123 -1.1363 1.0000	</row3>
					</transform>
				</node>
				<node>
					<identifier>	MP_AM722_Ammobox_big_INDEX_2	</identifier>
					<transform>
						<row0>	0.3767 0.0000 0.9263 0.0000	</row0>
						<row1>	0.0000 1.0000 0.0000 0.0000	</row1>
						<row2>	-0.9263 0.0000 0.3767 0.0000	</row2>
						<row3>	0.2692 1.0123 -0.8998 1.0000	</row3>
					</transform>
				</node>
				<node>
					<identifier>	MP_AM722_Ammobox_big_INDEX_3	</identifier>
					<transform>
						<row0>	0.3767 0.0000 0.9263 0.0000	</row0>
						<row1>	0.0000 1.0000 0.0000 0.0000	</row1>
						<row2>	-0.9263 0.0000 0.3767 0.0000	</row2>
						<row3>	0.1730 1.0123 -1.1363 1.0000	</row3>
					</transform>
				</node>
				<node>
					<identifier>	MP_AM722_Ammobox_big_INDEX_4	</identifier>
					<transform>
						<row0>	-0.5904 0.0000 -0.8071 0.0000	</row0>
						<row1>	0.0000 1.0000 0.0000 0.0000	</row1>
						<row2>	0.8071 0.0000 -0.5904 0.0000	</row2>
						<row3>	0.2477 1.0127 2.2434 1.0000	</row3>
					</transform>
				</node>
				<node>
					<identifier>	MP_AM722_Ammobox_big_INDEX_5	</identifier>
					<transform>
						<row0>	-0.9958 -0.0298 0.0871 0.0000	</row0>
						<row1>	-0.0297 0.9996 0.0026 0.0000	</row1>
						<row2>	-0.0872 0.0000 -0.9962 0.0000	</row2>
						<row3>	-0.6793 0.3619 3.9570 1.0000	</row3>
					</transform>
				</node>
				<node>
					<identifier>	MP_AM722_Ammobox_big_INDEX_6	</identifier>
					<transform>
						<row0>	0.0195 0.0000 0.9998 0.0000	</row0>
						<row1>	0.0000 1.0000 0.0000 0.0000	</row1>
						<row2>	-0.9998 0.0000 0.0195 0.0000	</row2>
						<row3>	-0.9334 0.3491 0.9730 1.0000	</row3>
					</transform>
				</node>
				<node>
					<identifier>	MP_AM722_Ammobox_big_INDEX_7	</identifier>
					<transform>
						<row0>	-0.3822 0.0000 0.9241 0.0000	</row0>
						<row1>	0.0000 1.0000 0.0000 0.0000	</row1>
						<row2>	-0.9241 0.0000 -0.3822 0.0000	</row2>
						<row3>	0.1676 1.0123 -0.1884 1.0000	</row3>
					</transform>
				</node>
				<node>
					<identifier>	MP_AM722_Ammobox_big_INDEX_8	</identifier>
					<transform>
						<row0>	-0.3822 0.0000 0.9241 0.0000	</row0>
						<row1>	0.0000 1.0000 0.0000 0.0000	</row1>
						<row2>	-0.9241 0.0000 -0.3822 0.0000	</row2>
						<row3>	0.2674 1.0123 -0.4297 1.0000	</row3>
					</transform>
				</node>
				<node>
					<identifier>	MP_AM722_Ammobox_big_INDEX_9	</identifier>
					<transform>
						<row0>	0.0195 0.0000 -0.9998 0.0000	</row0>
						<row1>	0.0000 1.0000 0.0000 0.0000	</row1>
						<row2>	0.9998 0.0000 0.0195 0.0000	</row2>
						<row3>	0.9334 0.3491 0.9730 1.0000	</row3>
					</transform>
				</node>
				<node>
					<identifier>	MP_CM012_Fire_Hose_Rack_1	</identifier>
					<transform>
						<row0>	-0.9570 0.0000 -0.2901 0.0000	</row0>
						<row1>	0.0000 1.0000 0.0000 0.0000	</row1>
						<row2>	0.2901 0.0000 -0.9570 0.0000	</row2>
						<row3>	0.3253 0.4141 5.1736 1.0000	</row3>
					</transform>
				</node>
				<node>
					<identifier>	MP_CM012_Fire_Hose_Rack_1_INDEX_1	</identifier>
					<transform>
						<row0>	0.9572 0.0000 -0.2893 0.0000	</row0>
						<row1>	0.0000 1.0000 0.0000 0.0000	</row1>
						<row2>	0.2893 0.0000 0.9572 0.0000	</row2>
						<row3>	-0.3245 0.4141 5.1763 1.0000	</row3>
					</transform>
				</node>
				<node>
					<identifier>	MP_CM012_Fire_Hose_Rack_1_INDEX_10	</identifier>
					<transform>
						<row0>	-0.7880 0.0000 0.6157 0.0000	</row0>
						<row1>	0.0000 1.0000 0.0000 0.0000	</row1>
						<row2>	-0.6157 0.0000 -0.7880 0.0000	</row2>
						<row3>	0.1381 0.5985 -1.1957 1.0000	</row3>
					</transform>
				</node>
				<node>
					<identifier>	MP_CM012_Fire_Hose_Rack_1_INDEX_11	</identifier>
					<transform>
						<row0>	0.7786 0.0000 0.6275 0.0000	</row0>
						<row1>	0.0000 1.0000 0.0000 0.0000	</row1>
						<row2>	-0.6275 0.0000 0.7786 0.0000	</row2>
						<row3>	-0.1381 0.5985 -1.1957 1.0000	</row3>
					</transform>
				</node>
				<node>
					<identifier>	MP_CM012_Fire_Hose_Rack_1_INDEX_12	</identifier>
					<transform>
						<row0>	-1.0000 0.0000 0.0000 0.0000	</row0>
						<row1>	0.0000 1.0000 0.0000 0.0000	</row1>
						<row2>	0.0000 0.0000 -1.0000 0.0000	</row2>
						<row3>	0.6413 0.4411 2.4039 1.0000	</row3>
					</transform>
				</node>
				<node>
					<identifier>	MP_CM012_Fire_Hose_Rack_1_INDEX_13	</identifier>
					<transform>
						<row0>	1.0000 0.0000 0.0000 0.0000	</row0>
						<row1>	0.0000 1.0000 0.0000 0.0000	</row1>
						<row2>	0.0000 0.0000 1.0000 0.0000	</row2>
						<row3>	-0.6413 0.4411 2.4039 1.0000	</row3>
					</transform>
				</node>
				<node>
					<identifier>	MP_CM012_Fire_Hose_Rack_1_INDEX_14	</identifier>
					<transform>
						<row0>	-1.0000 0.0000 0.0000 0.0000	</row0>
						<row1>	0.0000 1.0000 0.0000 0.0000	</row1>
						<row2>	0.0000 0.0000 -1.0000 0.0000	</row2>
						<row3>	0.4517 0.4411 0.2952 1.0000	</row3>
					</transform>
				</node>
				<node>
					<identifier>	MP_CM012_Fire_Hose_Rack_1_INDEX_15	</identifier>
					<transform>
						<row0>	1.0000 0.0000 0.0000 0.0000	</row0>
						<row1>	0.0000 1.0000 0.0000 0.0000	</row1>
						<row2>	0.0000 0.0000 1.0000 0.0000	</row2>
						<row3>	-0.4517 0.4411 0.2952 1.0000	</row3>
					</transform>
				</node>
				<node>
					<identifier>	MP_CM012_Fire_Hose_Rack_1_INDEX_16	</identifier>
					<transform>
						<row0>	-1.0000 0.0000 0.0000 0.0000	</row0>
						<row1>	0.0000 1.0000 0.0000 0.0000	</row1>
						<row2>	0.0000 0.0000 -1.0000 0.0000	</row2>
						<row3>	0.6407 0.4411 -0.9001 1.0000	</row3>
					</transform>
				</node>
				<node>
					<identifier>	MP_CM012_Fire_Hose_Rack_1_INDEX_17	</identifier>
					<transform>
						<row0>	1.0000 0.0000 0.0000 0.0000	</row0>
						<row1>	0.0000 1.0000 0.0000 0.0000	</row1>
						<row2>	0.0000 0.0000 1.0000 0.0000	</row2>
						<row3>	-0.6407 0.4411 -0.9001 1.0000	</row3>
					</transform>
				</node>
				<node>
					<identifier>	MP_CM012_Fire_Hose_Rack_1_INDEX_2	</identifier>
					<transform>
						<row0>	-1.0000 0.0000 0.0000 0.0000	</row0>
						<row1>	0.0000 1.0000 0.0000 0.0000	</row1>
						<row2>	0.0000 0.0000 -1.0000 0.0000	</row2>
						<row3>	0.4874 0.4411 3.8492 1.0000	</row3>
					</transform>
				</node>
				<node>
					<identifier>	MP_CM012_Fire_Hose_Rack_1_INDEX_3	</identifier>
					<transform>
						<row0>	-0.9063 0.0000 -0.4226 0.0000	</row0>
						<row1>	0.0000 1.0000 0.0000 0.0000	</row1>
						<row2>	0.4226 0.0000 -0.9063 0.0000	</row2>
						<row3>	0.1391 0.5985 2.9133 1.0000	</row3>
					</transform>
				</node>
				<node>
					<identifier>	MP_CM012_Fire_Hose_Rack_1_INDEX_4	</identifier>
					<transform>
						<row0>	0.0000 0.0000 1.0000 0.0000	</row0>
						<row1>	0.0000 1.0000 0.0000 0.0000	</row1>
						<row2>	-1.0000 0.0000 0.0000 0.0000	</row2>
						<row3>	0.1893 0.5985 1.6477 1.0000	</row3>
					</transform>
				</node>
				<node>
					<identifier>	MP_CM012_Fire_Hose_Rack_1_INDEX_5	</identifier>
					<transform>
						<row0>	0.0000 0.0000 1.0000 0.0000	</row0>
						<row1>	0.0000 1.0000 0.0000 0.0000	</row1>
						<row2>	-1.0000 0.0000 0.0000 0.0000	</row2>
						<row3>	-0.1893 0.5985 1.6477 1.0000	</row3>
					</transform>
				</node>
				<node>
					<identifier>	MP_CM012_Fire_Hose_Rack_1_INDEX_6	</identifier>
					<transform>
						<row0>	0.9063 0.0000 -0.4226 0.0000	</row0>
						<row1>	0.0000 1.0000 0.0000 0.0000	</row1>
						<row2>	0.4226 0.0000 0.9063 0.0000	</row2>
						<row3>	-0.1391 0.5985 2.9133 1.0000	</row3>
					</transform>
				</node>
				<node>
					<identifier>	MP_CM012_Fire_Hose_Rack_1_INDEX_7	</identifier>
					<transform>
						<row0>	1.0000 0.0000 0.0000 0.0000	</row0>
						<row1>	0.0000 1.0000 0.0000 0.0000	</row1>
						<row2>	0.0000 0.0000 1.0000 0.0000	</row2>
						<row3>	-0.4874 0.4411 3.8492 1.0000	</row3>
					</transform>
				</node>
				<node>
					<identifier>	MP_CM012_Fire_Hose_Rack_1_INDEX_8	</identifier>
					<transform>
						<row0>	-0.6504 0.0000 -0.7596 0.0000	</row0>
						<row1>	0.0000 1.0000 0.0000 0.0000	</row1>
						<row2>	0.7596 0.0000 -0.6504 0.0000	</row2>
						<row3>	0.0920 0.5985 -0.1702 1.0000	</row3>
					</transform>
				</node>
				<node>
					<identifier>	MP_CM012_Fire_Hose_Rack_1_INDEX_9	</identifier>
					<transform>
						<row0>	0.6602 0.0000 -0.7511 0.0000	</row0>
						<row1>	0.0000 1.0000 0.0000 0.0000	</row1>
						<row2>	0.7511 0.0000 0.6602 0.0000	</row2>
						<row3>	-0.0917 0.5985 -0.1705 1.0000	</row3>
					</transform>
				</node>
				<node>
					<identifier>	MP_CM014_Fuel_Oil_Hose	</identifier>
					<transform>
						<row0>	-1.0000 0.0000 0.0000 0.0000	</row0>
						<row1>	0.0000 1.0000 0.0000 0.0000	</row1>
						<row2>	0.0000 0.0000 -1.0000 0.0000	</row2>
						<row3>	0.4069 0.4071 -1.3664 1.0000	</row3>
					</transform>
				</node>
				<node>
					<identifier>	MP_CM014_Fuel_Oil_Hose_INDEX_1	</identifier>
					<transform>
						<row0>	1.0000 0.0000 0.0000 0.0000	</row0>
						<row1>	0.0000 1.0000 0.0000 0.0000	</row1>
						<row2>	0.0000 0.0000 1.0000 0.0000	</row2>
						<row3>	-0.4071 0.4071 -1.3664 1.0000	</row3>
					</transform>
				</node>
				<node>
					<identifier>	MP_CM014_Fuel_Oil_Hose_INDEX_10	</identifier>
					<transform>
						<row0>	0.7197 0.0000 0.6943 0.0000	</row0>
						<row1>	0.0000 -1.0000 0.0000 0.0000	</row1>
						<row2>	0.6943 0.0000 -0.7197 0.0000	</row2>
