<JSA301_Shinano_1944_MidBack_ports.visual>
	<skeleton>
		<node>
			<identifier>	Scene Root	</identifier>
			<transform>
				<row0>	1.0000 0.0000 0.0000 0.0000	</row0>
				<row1>	0.0000 1.0000 0.0000 0.0000	</row1>
				<row2>	0.0000 0.0000 1.0000 0.0000	</row2>
				<row3>	0.0000 0.0000 0.0000 1.0000	</row3>
			</transform>
			<node>
				<identifier>	MidBack_ports	</identifier>
				<transform>
					<row0>	1.0000 0.0000 0.0000 0.0000	</row0>
					<row1>	0.0000 1.0000 0.0000 0.0000	</row1>
					<row2>	0.0000 0.0000 1.0000 0.0000	</row2>
					<row3>	0.0000 0.0000 0.0000 1.0000	</row3>
				</transform>
				<node>
					<identifier>	HP_FX_Death_2	</identifier>
					<transform>
						<row0>	1.0000 0.0000 0.0000 0.0000	</row0>
						<row1>	0.0000 1.0000 0.0000 0.0000	</row1>
						<row2>	0.0000 0.0000 1.0000 0.0000	</row2>
						<row3>	0.0000 0.0000 -0.2850 1.0000	</row3>
					</transform>
				</node>
				<node>
					<identifier>	HP_FX_Fire_3	</identifier>
					<transform>
						<row0>	0.9464 0.2543 -0.1989 0.0000	</row0>
						<row1>	-0.2489 0.9671 0.0523 0.0000	</row1>
						<row2>	0.2056 0.0000 0.9786 0.0000	</row2>
						<row3>	-0.6820 0.9530 -2.6196 1.0000	</row3>
					</transform>
				</node>
				<node>
					<identifier>	HP_FX_Fire_3_side_1	</identifier>
					<transform>
						<row0>	1.0000 0.0000 0.0000 0.0000	</row0>
						<row1>	0.0000 1.0000 0.0000 0.0000	</row1>
						<row2>	0.0000 0.0000 1.0000 0.0000	</row2>
						<row3>	1.4850 0.8125 -2.3386 1.0000	</row3>
					</transform>
				</node>
				<node>
					<identifier>	HP_FX_Flood_steam_1	</identifier>
					<transform>
						<row0>	0.5738 -0.8190 0.0000 0.0000	</row0>
						<row1>	0.8190 0.5738 0.0000 0.0000	</row1>
						<row2>	0.0000 0.0000 1.0000 0.0000	</row2>
						<row3>	1.9704 2.0712 -0.5584 1.0000	</row3>
					</transform>
				</node>
				<node>
					<identifier>	HP_FX_Flood_steam_2	</identifier>
					<transform>
						<row0>	0.6823 -0.7310 0.0000 0.0000	</row0>
						<row1>	0.7310 0.6823 0.0000 0.0000	</row1>
						<row2>	0.0000 0.0000 1.0000 0.0000	</row2>
						<row3>	1.9672 2.0707 -0.3485 1.0000	</row3>
					</transform>
				</node>
				<node>
					<identifier>	HP_FX_Flood_steam_left	</identifier>
					<transform>
						<row0>	-0.9956 0.0937 0.0000 0.0000	</row0>
						<row1>	0.0937 0.9956 0.0000 0.0000	</row1>
						<row2>	0.0000 0.0000 -1.0000 0.0000	</row2>
						<row3>	1.2874 1.1780 -0.2772 1.0000	</row3>
					</transform>
				</node>
				<node>
					<identifier>	HP_FX_Flood_steam_right	</identifier>
					<transform>
						<row0>	1.0000 0.0000 0.0000 0.0000	</row0>
						<row1>	0.0000 1.0000 0.0000 0.0000	</row1>
						<row2>	0.0000 0.0000 1.0000 0.0000	</row2>
						<row3>	1.5661 0.7145 -0.4878 1.0000	</row3>
					</transform>
				</node>
				<node>
					<identifier>	HP_FX_Flood_water_left_2	</identifier>
					<transform>
						<row0>	0.7775 -0.6288 0.0000 0.0000	</row0>
						<row1>	-0.6288 -0.7775 0.0000 0.0000	</row1>
						<row2>	0.0000 0.0000 -1.0000 0.0000	</row2>
						<row3>	-1.2303 0.0367 -1.3740 1.0000	</row3>
					</transform>
				</node>
				<node>
					<identifier>	HP_FX_Flood_water_right	</identifier>
					<transform>
						<row0>	-0.4659 -0.8849 0.0000 0.0000	</row0>
						<row1>	0.8849 -0.4659 0.0000 0.0000	</row1>
						<row2>	0.0000 0.0000 1.0000 0.0000	</row2>
						<row3>	1.0693 0.0276 -5.0270 1.0000	</row3>
					</transform>
				</node>
				<node>
					<identifier>	HP_FX_Flood_water_right_2	</identifier>
					<transform>
						<row0>	-0.4210 -0.9071 0.0000 0.0000	</row0>
						<row1>	0.9071 -0.4210 0.0000 0.0000	</row1>
						<row2>	0.0000 0.0000 1.0000 0.0000	</row2>
						<row3>	1.2221 0.0363 -1.9272 1.0000	</row3>
					</transform>
				</node>
				<node>
					<identifier>	HP_FX_Smoke_1	</identifier>
					<transform>
						<row0>	0.9310 -0.3653 0.0000 0.0000	</row0>
						<row1>	0.3653 0.9310 0.0000 0.0000	</row1>
						<row2>	0.0000 0.0000 1.0000 0.0000	</row2>
						<row3>	1.8186 2.1075 -0.2589 1.0000	</row3>
					</transform>
				</node>
				<node>
					<identifier>	HP_FX_Smoke_2	</identifier>
					<transform>
						<row0>	0.9610 -0.2760 -0.0164 0.0000	</row0>
						<row1>	0.2765 0.9592 0.0593 0.0000	</row1>
						<row2>	-0.0006 -0.0615 0.9981 0.0000	</row2>
						<row3>	1.8156 2.1013 -0.6360 1.0000	</row3>
					</transform>
				</node>
				<node>
					<identifier>	HP_Ship_death_2	</identifier>
					<transform>
						<row0>	1.0000 0.0000 0.0000 0.0000	</row0>
						<row1>	0.0000 1.0000 0.0000 0.0000	</row1>
						<row2>	0.0000 0.0000 1.0000 0.0000	</row2>
						<row3>	0.0000 0.0000 -0.0130 1.0000	</row3>
					</transform>
				</node>
				<node>
					<identifier>	MP_CM010_Fire_Hose_Reel	</identifier>
					<transform>
						<row0>	-0.9999 0.0000 0.0104 0.0000	</row0>
						<row1>	0.0000 1.0000 0.0000 0.0000	</row1>
						<row2>	-0.0104 0.0000 -0.9999 0.0000	</row2>
						<row3>	1.2866 0.8104 -4.6799 1.0000	</row3>
					</transform>
				</node>
				<node>
					<identifier>	MP_CM010_Fire_Hose_Reel_INDEX_1	</identifier>
					<transform>
						<row0>	-0.9999 0.0000 0.0104 0.0000	</row0>
						<row1>	0.0000 1.0000 0.0000 0.0000	</row1>
						<row2>	-0.0104 0.0000 -0.9999 0.0000	</row2>
						<row3>	1.2860 0.8104 -4.7355 1.0000	</row3>
					</transform>
				</node>
				<node>
					<identifier>	MP_CM010_Fire_Hose_Reel_INDEX_2	</identifier>
					<transform>
						<row0>	-1.0000 0.0000 0.0025 0.0000	</row0>
						<row1>	0.0000 1.0000 0.0000 0.0000	</row1>
						<row2>	-0.0025 0.0000 -1.0000 0.0000	</row2>
						<row3>	1.2855 0.7251 -3.6365 1.0000	</row3>
					</transform>
				</node>
				<node>
					<identifier>	MP_CM010_Fire_Hose_Reel_INDEX_3	</identifier>
					<transform>
						<row0>	-1.0000 0.0000 0.0025 0.0000	</row0>
						<row1>	0.0000 1.0000 0.0000 0.0000	</row1>
						<row2>	-0.0025 0.0000 -1.0000 0.0000	</row2>
						<row3>	1.2860 0.7251 -3.7762 1.0000	</row3>
					</transform>
				</node>
				<node>
					<identifier>	MP_CM010_Fire_Hose_Reel_INDEX_4	</identifier>
					<transform>
						<row0>	0.9950 0.0000 0.0995 0.0000	</row0>
						<row1>	0.0000 1.0000 0.0000 0.0000	</row1>
						<row2>	-0.0995 0.0000 0.9950 0.0000	</row2>
						<row3>	-1.1665 0.8104 -6.1088 1.0000	</row3>
					</transform>
				</node>
				<node>
					<identifier>	MP_CM010_Fire_Hose_Reel_INDEX_5	</identifier>
					<transform>
						<row0>	0.9948 0.0000 0.1019 0.0000	</row0>
						<row1>	0.0000 1.0000 0.0000 0.0000	</row1>
						<row2>	-0.1019 0.0000 0.9948 0.0000	</row2>
						<row3>	-1.1790 0.8104 -5.9872 1.0000	</row3>
					</transform>
				</node>
				<node>
					<identifier>	MP_CM010_Fire_Hose_Reel_INDEX_6	</identifier>
					<transform>
						<row0>	1.0000 0.0000 0.0000 0.0000	</row0>
						<row1>	0.0000 1.0000 0.0000 0.0000	</row1>
						<row2>	0.0000 0.0000 1.0000 0.0000	</row2>
						<row3>	-1.2853 0.7238 -3.5265 1.0000	</row3>
					</transform>
				</node>
				<node>
					<identifier>	MP_CM010_Fire_Hose_Reel_INDEX_7	</identifier>
					<transform>
						<row0>	1.0000 0.0000 0.0000 0.0000	</row0>
						<row1>	0.0000 1.0000 0.0000 0.0000	</row1>
						<row2>	0.0000 0.0000 1.0000 0.0000	</row2>
						<row3>	-1.2853 0.7238 -3.6418 1.0000	</row3>
					</transform>
				</node>
				<node>
					<identifier>	MP_CM013_Fire_Hose_Rack_2	</identifier>
					<transform>
						<row0>	-1.0000 0.0000 0.0027 0.0000	</row0>
						<row1>	0.0000 1.0000 0.0000 0.0000	</row1>
						<row2>	-0.0027 0.0000 -1.0000 0.0000	</row2>
						<row3>	1.2890 0.7631 -3.1973 1.0000	</row3>
					</transform>
				</node>
				<node>
					<identifier>	MP_CM013_Fire_Hose_Rack_2_INDEX_1	</identifier>
					<transform>
						<row0>	-1.0000 0.0000 0.0099 0.0000	</row0>
						<row1>	0.0000 1.0000 0.0000 0.0000	</row1>
						<row2>	-0.0099 0.0000 -1.0000 0.0000	</row2>
						<row3>	1.2881 0.8471 -4.5099 1.0000	</row3>
					</transform>
				</node>
				<node>
					<identifier>	MP_CM013_Fire_Hose_Rack_2_INDEX_2	</identifier>
					<transform>
						<row0>	-0.9948 0.0000 0.1014 0.0000	</row0>
						<row1>	0.0000 1.0000 0.0000 0.0000	</row1>
						<row2>	-0.1014 0.0000 -0.9948 0.0000	</row2>
						<row3>	1.2119 0.8471 -5.6638 1.0000	</row3>
					</transform>
				</node>
				<node>
					<identifier>	MP_CM013_Fire_Hose_Rack_2_INDEX_3	</identifier>
					<transform>
						<row0>	0.9949 0.0000 0.1013 0.0000	</row0>
						<row1>	0.0000 1.0000 0.0000 0.0000	</row1>
						<row2>	-0.1013 0.0000 0.9949 0.0000	</row2>
						<row3>	-1.2119 0.8471 -5.6638 1.0000	</row3>
					</transform>
				</node>
				<node>
					<identifier>	MP_CM013_Fire_Hose_Rack_2_INDEX_4	</identifier>
					<transform>
						<row0>	1.0000 0.0000 0.0000 0.0000	</row0>
						<row1>	0.0000 1.0000 0.0000 0.0000	</row1>
						<row2>	0.0000 0.0000 1.0000 0.0000	</row2>
						<row3>	-1.2886 0.7640 -3.6915 1.0000	</row3>
					</transform>
				</node>
				<node>
					<identifier>	MP_CM029_Emergency_Box	</identifier>
					<transform>
						<row0>	0.0000 0.0000 1.0000 0.0000	</row0>
						<row1>	0.0000 1.0000 0.0000 0.0000	</row1>
						<row2>	-1.0000 0.0000 0.0000 0.0000	</row2>
						<row3>	1.2970 0.7660 -2.3667 1.0000	</row3>
					</transform>
				</node>
				<node>
					<identifier>	MP_CM029_Emergency_Box_INDEX_1	</identifier>
					<transform>
						<row0>	0.0158 0.0000 0.9999 0.0000	</row0>
						<row1>	0.0000 1.0000 0.0000 0.0000	</row1>
						<row2>	-0.9999 0.0000 0.0158 0.0000	</row2>
						<row3>	1.2906 0.8572 -4.8768 1.0000	</row3>
					</transform>
				</node>
				<node>
					<identifier>	MP_CM029_Emergency_Box_INDEX_2	</identifier>
					<transform>
						<row0>	0.1028 0.0000 0.9947 0.0000	</row0>
						<row1>	0.0000 1.0000 0.0000 0.0000	</row1>
						<row2>	-0.9947 0.0000 0.1028 0.0000	</row2>
						<row3>	1.1882 0.8572 -5.9562 1.0000	</row3>
					</transform>
				</node>
				<node>
					<identifier>	MP_CM029_Emergency_Box_INDEX_3	</identifier>
					<transform>
						<row0>	0.1028 0.0000 -0.9947 0.0000	</row0>
						<row1>	0.0000 1.0000 0.0000 0.0000	</row1>
						<row2>	0.9947 0.0000 0.1028 0.0000	</row2>
						<row3>	-1.1665 0.8572 -6.1655 1.0000	</row3>
					</transform>
				</node>
				<node>
					<identifier>	MP_CM029_Emergency_Box_INDEX_4	</identifier>
					<transform>
						<row0>	0.0097 0.0000 -1.0000 0.0000	</row0>
						<row1>	0.0000 1.0000 0.0000 0.0000	</row1>
						<row2>	1.0000 0.0000 0.0097 0.0000	</row2>
						<row3>	-1.2900 0.8572 -4.9371 1.0000	</row3>
					</transform>
				</node>
				<node>
					<identifier>	MP_CM029_Emergency_Box_INDEX_5	</identifier>
					<transform>
						<row0>	-0.0033 0.0000 -1.0000 0.0000	</row0>
						<row1>	0.0000 1.0000 0.0000 0.0000	</row1>
						<row2>	1.0000 0.0000 -0.0033 0.0000	</row2>
						<row3>	-1.2952 0.7734 -3.8648 1.0000	</row3>
					</transform>
				</node>
				<node>
					<identifier>	MP_CM029_Emergency_Box_INDEX_6	</identifier>
					<transform>
						<row0>	-0.0033 0.0000 -1.0000 0.0000	</row0>
						<row1>	0.0000 1.0000 0.0000 0.0000	</row1>
						<row2>	1.0000 0.0000 -0.0033 0.0000	</row2>
						<row3>	-1.2967 0.8577 -2.4307 1.0000	</row3>
					</transform>
				</node>
				<node>
					<identifier>	MP_CM051_Fire_Fighting_Gear	</identifier>
					<transform>
						<row0>	1.0000 0.0000 -0.0037 0.0000	</row0>
						<row1>	0.0000 1.0000 0.0000 0.0000	</row1>
						<row2>	0.0037 0.0000 1.0000 0.0000	</row2>
						<row3>	1.2889 0.7220 -3.2128 1.0000	</row3>
					</transform>
				</node>
				<node>
					<identifier>	MP_CM051_Fire_Fighting_Gear_INDEX_1	</identifier>
					<transform>
						<row0>	0.9999 0.0000 -0.0104 0.0000	</row0>
						<row1>	0.0000 1.0000 0.0000 0.0000	</row1>
						<row2>	0.0104 0.0000 0.9999 0.0000	</row2>
						<row3>	1.2881 0.8061 -4.5250 1.0000	</row3>
					</transform>
				</node>
				<node>
					<identifier>	MP_CM051_Fire_Fighting_Gear_INDEX_2	</identifier>
					<transform>
						<row0>	0.9949 0.0000 -0.1007 0.0000	</row0>
						<row1>	0.0000 1.0000 0.0000 0.0000	</row1>
						<row2>	0.1007 0.0000 0.9949 0.0000	</row2>
						<row3>	1.2104 0.8061 -5.6788 1.0000	</row3>
					</transform>
				</node>
				<node>
					<identifier>	MP_CM051_Fire_Fighting_Gear_INDEX_3	</identifier>
					<transform>
						<row0>	-0.9949 0.0000 -0.1013 0.0000	</row0>
						<row1>	0.0000 -1.0000 0.0000 0.0000	</row1>
						<row2>	-0.1013 0.0000 0.9949 0.0000	</row2>
						<row3>	-1.2104 0.8061 -5.6784 1.0000	</row3>
					</transform>
				</node>
				<node>
					<identifier>	MP_CM051_Fire_Fighting_Gear_INDEX_4	</identifier>
					<transform>
						<row0>	-1.0000 0.0000 0.0000 0.0000	</row0>
						<row1>	0.0000 -1.0000 0.0000 0.0000	</row1>
						<row2>	0.0000 0.0000 1.0000 0.0000	</row2>
						<row3>	-1.2890 0.7230 -3.7057 1.0000	</row3>
					</transform>
				</node>
				<node>
					<identifier>	MP_JM037_Cutter_9m	</identifier>
					<transform>
						<row0>	1.0000 0.0000 -0.0073 0.0000	</row0>
						<row1>	0.0000 1.0000 0.0000 0.0000	</row1>
						<row2>	0.0073 0.0000 1.0000 0.0000	</row2>
						<row3>	-1.3821 0.5159 -3.6580 1.0000	</row3>
					</transform>
				</node>
				<node>
					<identifier>	MP_JM037_Cutter_9m_INDEX_1	</identifier>
					<transform>
						<row0>	1.0000 0.0000 0.0050 0.0000	</row0>
						<row1>	0.0000 1.0000 0.0000 0.0000	</row1>
						<row2>	-0.0050 0.0000 1.0000 0.0000	</row2>
						<row3>	1.3892 0.5123 -2.8221 1.0000	</row3>
					</transform>
				</node>
				<node>
					<identifier>	MP_JM101_Runway_Lights_1L	</identifier>
					<transform>
						<row0>	1.0000 0.0000 0.0000 0.0000	</row0>
						<row1>	0.0000 1.0000 0.0000 0.0000	</row1>
						<row2>	0.0000 0.0000 1.0000 0.0000	</row2>
						<row3>	1.2453 0.9415 -5.3211 1.0000	</row3>
					</transform>
				</node>
				<node>
					<identifier>	MP_JM102_Runway_Lights_1R	</identifier>
					<transform>
						<row0>	1.0000 0.0000 0.0000 0.0000	</row0>
						<row1>	0.0000 1.0000 0.0000 0.0000	</row1>
						<row2>	0.0000 0.0000 1.0000 0.0000	</row2>
						<row3>	-1.2453 0.9415 -5.3211 1.0000	</row3>
					</transform>
				</node>
				<node>
					<identifier>	MP_JM103_Runway_Lights_2L	</identifier>
					<transform>
						<row0>	1.0000 0.0000 0.0000 0.0000	</row0>
						<row1>	0.0000 1.0000 0.0000 0.0000	</row1>
						<row2>	0.0000 0.0000 1.0000 0.0000	</row2>
						<row3>	1.3188 0.9410 -4.3651 1.0000	</row3>
					</transform>
				</node>
				<node>
					<identifier>	MP_JM103_Runway_Lights_2L_INDEX_1	</identifier>
					<transform>
						<row0>	1.0000 0.0000 0.0000 0.0000	</row0>
						<row1>	0.0000 1.0000 0.0000 0.0000	</row1>
						<row2>	0.0000 0.0000 1.0000 0.0000	</row2>
						<row3>	1.3188 0.9410 -3.6649 1.0000	</row3>
					</transform>
				</node>
				<node>
					<identifier>	MP_JM104_Runway_Lights_2R	</identifier>
					<transform>
						<row0>	1.0000 0.0000 0.0000 0.0000	</row0>
						<row1>	0.0000 1.0000 0.0000 0.0000	</row1>
						<row2>	0.0000 0.0000 1.0000 0.0000	</row2>
						<row3>	-1.3188 0.9410 -4.3651 1.0000	</row3>
					</transform>
				</node>
				<node>
					<identifier>	MP_JM104_Runway_Lights_2R_INDEX_1	</identifier>
					<transform>
						<row0>	1.0000 0.0000 0.0000 0.0000	</row0>
						<row1>	0.0000 1.0000 0.0000 0.0000	</row1>
						<row2>	0.0000 0.0000 1.0000 0.0000	</row2>
						<row3>	-1.3188 0.9410 -3.6649 1.0000	</row3>
					</transform>
				</node>
				<node>
					<identifier>	MP_JM195_Winch_Elevating_Mast	</identifier>
					<transform>
						<row0>	1.0000 0.0000 0.0000 0.0000	</row0>
						<row1>	0.0000 1.0000 0.0000 0.0000	</row1>
						<row2>	0.0000 0.0000 1.0000 0.0000	</row2>
						<row3>	1.3877 0.7642 -4.0751 1.0000	</row3>
					</transform>
				</node>
				<node>
					<identifier>	MP_JM195_Winch_Elevating_Mast_INDEX_1	</identifier>
					<transform>
						<row0>	-1.0000 0.0000 0.0000 0.0000	</row0>
						<row1>	0.0000 1.0000 0.0000 0.0000	</row1>
						<row2>	0.0000 0.0000 -1.0000 0.0000	</row2>
						<row3>	1.2373 0.7642 -6.2345 1.0000	</row3>
					</transform>
				</node>
				<node>
					<identifier>	MP_JM2010_Fuel_receiver	</identifier>
					<transform>
						<row0>	0.0000 0.0000 -1.0000 0.0000	</row0>
						<row1>	0.0000 1.0000 0.0000 0.0000	</row1>
						<row2>	1.0000 0.0000 0.0000 0.0000	</row2>
						<row3>	1.2889 0.7616 -3.7144 1.0000	</row3>
					</transform>
				</node>
				<node>
					<identifier>	MP_JM2010_Fuel_receiver_INDEX_1	</identifier>
					<transform>
						<row0>	-0.0135 0.0000 -0.9999 0.0000	</row0>
						<row1>	0.0000 1.0000 0.0000 0.0000	</row1>
						<row2>	0.9999 0.0000 -0.0135 0.0000	</row2>
						<row3>	1.2867 0.8530 -4.7105 1.0000	</row3>
					</transform>
				</node>
				<node>
					<identifier>	MP_JM2010_Fuel_receiver_INDEX_2	</identifier>
					<transform>
						<row0>	-0.1015 0.0000 0.9948 0.0000	</row0>
						<row1>	0.0000 1.0000 0.0000 0.0000	</row1>
						<row2>	-0.9948 0.0000 -0.1015 0.0000	</row2>
						<row3>	-1.1733 0.8530 -6.0391 1.0000	</row3>
					</transform>
				</node>
				<node>
					<identifier>	MP_JM2010_Fuel_receiver_INDEX_3	</identifier>
					<transform>
						<row0>	0.0026 0.0000 1.0000 0.0000	</row0>
						<row1>	0.0000 1.0000 0.0000 0.0000	</row1>
						<row2>	-1.0000 0.0000 0.0026 0.0000	</row2>
						<row3>	-1.2887 0.7618 -3.5739 1.0000	</row3>
					</transform>
				</node>
				<node>
					<identifier>	MP_JM420_Ammobox	</identifier>
					<transform>
						<row0>	0.0000 0.0000 -1.0000 0.0000	</row0>
						<row1>	0.0000 1.0000 0.0000 0.0000	</row1>
						<row2>	1.0000 0.0000 0.0000 0.0000	</row2>
						<row3>	1.2909 0.6815 -3.0305 1.0000	</row3>
					</transform>
				</node>
				<node>
					<identifier>	MP_JM420_Ammobox_INDEX_1	</identifier>
					<transform>
						<row0>	0.0000 0.0000 -1.0000 0.0000	</row0>
						<row1>	0.0000 1.0000 0.0000 0.0000	</row1>
						<row2>	1.0000 0.0000 0.0000 0.0000	</row2>
						<row3>	1.2909 0.6815 -2.8906 1.0000	</row3>
					</transform>
				</node>
				<node>
					<identifier>	MP_JM420_Ammobox_INDEX_10	</identifier>
					<transform>
						<row0>	1.0000 0.0000 0.0000 0.0000	</row0>
						<row1>	0.0000 1.0000 0.0000 0.0000	</row1>
						<row2>	0.0000 0.0000 1.0000 0.0000	</row2>
						<row3>	1.3749 0.7740 -6.0889 1.0000	</row3>
					</transform>
				</node>
				<node>
					<identifier>	MP_JM420_Ammobox_INDEX_11	</identifier>
					<transform>
						<row0>	-1.0000 0.0000 0.0000 0.0000	</row0>
						<row1>	0.0000 1.0000 0.0000 0.0000	</row1>
						<row2>	0.0000 0.0000 -1.0000 0.0000	</row2>
						<row3>	1.3915 0.7740 -5.8222 1.0000	</row3>
					</transform>
				</node>
				<node>
					<identifier>	MP_JM420_Ammobox_INDEX_12	</identifier>
					<transform>
						<row0>	1.0000 0.0000 0.0000 0.0000	</row0>
						<row1>	0.0000 1.0000 0.0000 0.0000	</row1>
						<row2>	0.0000 0.0000 1.0000 0.0000	</row2>
						<row3>	-1.4199 0.6815 -3.9239 1.0000	</row3>
					</transform>
				</node>
				<node>
					<identifier>	MP_JM420_Ammobox_INDEX_13	</identifier>
					<transform>
						<row0>	-1.0000 0.0000 0.0000 0.0000	</row0>
						<row1>	0.0000 1.0000 0.0000 0.0000	</row1>
						<row2>	0.0000 0.0000 -1.0000 0.0000	</row2>
						<row3>	-1.4199 0.6815 -3.3186 1.0000	</row3>
					</transform>
				</node>
				<node>
					<identifier>	MP_JM420_Ammobox_INDEX_14	</identifier>
					<transform>
						<row0>	-1.0000 0.0000 0.0000 0.0000	</row0>
						<row1>	0.0000 1.0000 0.0000 0.0000	</row1>
						<row2>	0.0000 0.0000 -1.0000 0.0000	</row2>
						<row3>	-1.4989 0.7742 -4.7791 1.0000	</row3>
					</transform>
				</node>
				<node>
					<identifier>	MP_JM420_Ammobox_INDEX_15	</identifier>
					<transform>
						<row0>	1.0000 0.0000 0.0000 0.0000	</row0>
						<row1>	0.0000 1.0000 0.0000 0.0000	</row1>
						<row2>	0.0000 0.0000 1.0000 0.0000	</row2>
						<row3>	-1.5166 0.7742 -5.0436 1.0000	</row3>
					</transform>
				</node>
				<node>
					<identifier>	MP_JM420_Ammobox_INDEX_16	</identifier>
					<transform>
						<row0>	1.0000 0.0000 0.0000 0.0000	</row0>
						<row1>	0.0000 1.0000 0.0000 0.0000	</row1>
						<row2>	0.0000 0.0000 1.0000 0.0000	</row2>
						<row3>	-1.4493 0.7742 -5.7397 1.0000	</row3>
					</transform>
				</node>
				<node>
					<identifier>	MP_JM420_Ammobox_INDEX_17	</identifier>
					<transform>
						<row0>	1.0000 0.0000 0.0000 0.0000	</row0>
						<row1>	0.0000 1.0000 0.0000 0.0000	</row1>
						<row2>	0.0000 0.0000 1.0000 0.0000	</row2>
						<row3>	-1.3968 0.7742 -6.1589 1.0000	</row3>
					</transform>
				</node>
				<node>
					<identifier>	MP_JM420_Ammobox_INDEX_18	</identifier>
					<transform>
						<row0>	-0.1015 0.0000 0.9948 0.0000	</row0>
						<row1>	0.0000 1.0000 0.0000 0.0000	</row1>
						<row2>	-0.9948 0.0000 -0.1015 0.0000	</row2>
						<row3>	-1.2574 0.7742 -5.3238 1.0000	</row3>
					</transform>
				</node>
				<node>
					<identifier>	MP_JM420_Ammobox_INDEX_19	</identifier>
					<transform>
						<row0>	-0.1015 0.0000 0.9948 0.0000	</row0>
						<row1>	0.0000 1.0000 0.0000 0.0000	</row1>
						<row2>	-0.9948 0.0000 -0.1015 0.0000	</row2>
						<row3>	-1.2906 0.7742 -4.9986 1.0000	</row3>
					</transform>
				</node>
				<node>
					<identifier>	MP_JM420_Ammobox_INDEX_2	</identifier>
					<transform>
						<row0>	0.0000 0.0000 -1.0000 0.0000	</row0>
						<row1>	0.0000 1.0000 0.0000 0.0000	</row1>
						<row2>	1.0000 0.0000 0.0000 0.0000	</row2>
						<row3>	1.2909 0.6815 -2.7502 1.0000	</row3>
					</transform>
				</node>
				<node>
					<identifier>	MP_JM420_Ammobox_INDEX_20	</identifier>
					<transform>
						<row0>	-0.1015 0.0000 0.9948 0.0000	</row0>
						<row1>	0.0000 1.0000 0.0000 0.0000	</row1>
						<row2>	-0.9948 0.0000 -0.1015 0.0000	</row2>
						<row3>	-1.2814 0.7742 -5.0888 1.0000	</row3>
					</transform>
				</node>
				<node>
					<identifier>	MP_JM420_Ammobox_INDEX_21	</identifier>
					<transform>
						<row0>	0.7629 0.0000 -0.6465 0.0000	</row0>
						<row1>	0.0000 1.0000 0.0000 0.0000	</row1>
						<row2>	0.6465 0.0000 0.7629 0.0000	</row2>
						<row3>	-1.4834 0.7742 -6.1238 1.0000	</row3>
					</transform>
				</node>
				<node>
					<identifier>	MP_JM420_Ammobox_INDEX_22	</identifier>
					<transform>
						<row0>	0.7629 0.0000 -0.6465 0.0000	</row0>
						<row1>	0.0000 1.0000 0.0000 0.0000	</row1>
						<row2>	0.6465 0.0000 0.7629 0.0000	</row2>
						<row3>	-1.5415 0.7742 -5.7034 1.0000	</row3>
					</transform>
				</node>
				<node>
					<identifier>	MP_JM420_Ammobox_INDEX_23	</identifier>
					<transform>
						<row0>	-0.7646 0.0000 -0.6445 0.0000	</row0>
						<row1>	0.0000 1.0000 0.0000 0.0000	</row1>
						<row2>	0.6445 0.0000 -0.7646 0.0000	</row2>
						<row3>	-1.5416 0.7742 -5.5122 1.0000	</row3>
					</transform>
				</node>
				<node>
					<identifier>	MP_JM420_Ammobox_INDEX_24	</identifier>
					<transform>
						<row0>	-0.7646 0.0000 -0.6445 0.0000	</row0>
						<row1>	0.0000 1.0000 0.0000 0.0000	</row1>
						<row2>	0.6445 0.0000 -0.7646 0.0000	</row2>
						<row3>	-1.4861 0.7742 -5.9304 1.0000	</row3>
					</transform>
				</node>
				<node>
					<identifier>	MP_JM420_Ammobox_INDEX_25	</identifier>
					<transform>
						<row0>	-0.1012 0.0000 -0.9949 0.0000	</row0>
						<row1>	0.0000 1.0000 0.0000 0.0000	</row1>
						<row2>	0.9949 0.0000 -0.1012 0.0000	</row2>
						<row3>	1.2858 0.7740 -4.9831 1.0000	</row3>
					</transform>
				</node>
				<node>
					<identifier>	MP_JM420_Ammobox_INDEX_26	</identifier>
					<transform>
						<row0>	-0.1012 0.0000 -0.9949 0.0000	</row0>
						<row1>	0.0000 1.0000 0.0000 0.0000	</row1>
						<row2>	0.9949 0.0000 -0.1012 0.0000	</row2>
						<row3>	1.2778 0.7740 -5.0616 1.0000	</row3>
					</transform>
				</node>
				<node>
					<identifier>	MP_JM420_Ammobox_INDEX_27	</identifier>
					<transform>
						<row0>	-0.1012 0.0000 -0.9949 0.0000	</row0>
						<row1>	0.0000 1.0000 0.0000 0.0000	</row1>
						<row2>	0.9949 0.0000 -0.1012 0.0000	</row2>
						<row3>	1.2698 0.7740 -5.1401 1.0000	</row3>
					</transform>
				</node>
				<node>
					<identifier>	MP_JM420_Ammobox_INDEX_28	</identifier>
					<transform>
						<row0>	-0.1012 0.0000 -0.9949 0.0000	</row0>
						<row1>	0.0000 1.0000 0.0000 0.0000	</row1>
						<row2>	0.9949 0.0000 -0.1012 0.0000	</row2>
						<row3>	1.2377 0.7740 -5.4555 1.0000	</row3>
					</transform>
				</node>
				<node>
					<identifier>	MP_JM420_Ammobox_INDEX_29	</identifier>
					<transform>
						<row0>	-1.0000 0.0000 0.0000 0.0000	</row0>
						<row1>	0.0000 1.0000 0.0000 0.0000	</row1>
						<row2>	0.0000 0.0000 -1.0000 0.0000	</row2>
						<row3>	1.3854 0.7740 -5.3348 1.0000	</row3>
					</transform>
				</node>
				<node>
					<identifier>	MP_JM420_Ammobox_INDEX_3	</identifier>
					<transform>
						<row0>	0.0000 0.0000 -1.0000 0.0000	</row0>
						<row1>	0.0000 1.0000 0.0000 0.0000	</row1>
						<row2>	1.0000 0.0000 0.0000 0.0000	</row2>
						<row3>	1.2909 0.6815 -2.6119 1.0000	</row3>
					</transform>
				</node>
				<node>
					<identifier>	MP_JM420_Ammobox_INDEX_30	</identifier>
					<transform>
						<row0>	-1.0000 0.0000 0.0000 0.0000	</row0>
						<row1>	0.0000 1.0000 0.0000 0.0000	</row1>
						<row2>	0.0000 0.0000 -1.0000 0.0000	</row2>
						<row3>	1.3082 0.7740 -5.8222 1.0000	</row3>
					</transform>
				</node>
				<node>
					<identifier>	MP_JM420_Ammobox_INDEX_31	</identifier>
					<transform>
						<row0>	-0.0113 0.0000 -0.9999 0.0000	</row0>
						<row1>	0.0000 1.0000 0.0000 0.0000	</row1>
						<row2>	0.9999 0.0000 -0.0113 0.0000	</row2>
						<row3>	1.2936 0.7740 -4.3323 1.0000	</row3>
					</transform>
				</node>
				<node>
					<identifier>	MP_JM420_Ammobox_INDEX_32	</identifier>
					<transform>
						<row0>	-0.0113 0.0000 -0.9999 0.0000	</row0>
						<row1>	0.0000 1.0000 0.0000 0.0000	</row1>
						<row2>	0.9999 0.0000 -0.0113 0.0000	</row2>
						<row3>	1.2927 0.7740 -4.4085 1.0000	</row3>
					</transform>
				</node>
				<node>
					<identifier>	MP_JM420_Ammobox_INDEX_4	</identifier>
					<transform>
						<row0>	1.0000 0.0000 0.0000 0.0000	</row0>
						<row1>	0.0000 1.0000 0.0000 0.0000	</row1>
						<row2>	0.0000 0.0000 1.0000 0.0000	</row2>
						<row3>	1.5096 0.7740 -4.8348 1.0000	</row3>
					</transform>
				</node>
				<node>
					<identifier>	MP_JM420_Ammobox_INDEX_5	</identifier>
					<transform>
						<row0>	-1.0000 0.0000 0.0000 0.0000	</row0>
						<row1>	0.0000 1.0000 0.0000 0.0000	</row1>
						<row2>	0.0000 0.0000 -1.0000 0.0000	</row2>
						<row3>	1.5096 0.7740 -4.5691 1.0000	</row3>
					</transform>
				</node>
				<node>
					<identifier>	MP_JM420_Ammobox_INDEX_6	</identifier>
					<transform>
						<row0>	-1.0000 0.0000 0.0000 0.0000	</row0>
						<row1>	0.0000 1.0000 0.0000 0.0000	</row1>
						<row2>	0.0000 0.0000 -1.0000 0.0000	</row2>
						<row3>	1.5038 0.7740 -4.9872 1.0000	</row3>
					</transform>
				</node>
				<node>
					<identifier>	MP_JM420_Ammobox_INDEX_7	</identifier>
					<transform>
						<row0>	1.0000 0.0000 0.0000 0.0000	</row0>
						<row1>	0.0000 1.0000 0.0000 0.0000	</row1>
						<row2>	0.0000 0.0000 1.0000 0.0000	</row2>
						<row3>	1.4677 0.7740 -5.2524 1.0000	</row3>
					</transform>
				</node>
				<node>
					<identifier>	MP_JM420_Ammobox_INDEX_8	</identifier>
					<transform>
						<row0>	-1.0000 0.0000 0.0000 0.0000	</row0>
						<row1>	0.0000 1.0000 0.0000 0.0000	</row1>
						<row2>	0.0000 0.0000 -1.0000 0.0000	</row2>
						<row3>	1.4623 0.7740 -5.3348 1.0000	</row3>
					</transform>
				</node>
				<node>
					<identifier>	MP_JM420_Ammobox_INDEX_9	</identifier>
					<transform>
						<row0>	1.0000 0.0000 0.0000 0.0000	</row0>
						<row1>	0.0000 1.0000 0.0000 0.0000	</row1>
						<row2>	0.0000 0.0000 1.0000 0.0000	</row2>
						<row3>	1.3396 0.7740 -5.6028 1.0000	</row3>
					</transform>
				</node>
				<node>
					<identifier>	SP_YMS011_YHWL_M_1_INDEX_12	</identifier>
					<transform>
						<row0>	0.9949 0.0000 0.1011 0.0000	</row0>
						<row1>	0.0000 1.0000 0.0000 0.0000	</row1>
						<row2>	-0.1011 0.0000 0.9949 0.0000	</row2>
						<row3>	-1.0663 -0.0089 -5.0160 1.0000	</row3>
					</transform>
				</node>
				<node>
					<identifier>	SP_YMS011_YHWL_M_1_INDEX_13	</identifier>
					<transform>
						<row0>	0.9737 0.2265 0.0256 0.0000	</row0>
						<row1>	-0.2265 0.9740 -0.0059 0.0000	</row1>
						<row2>	-0.0263 0.0000 0.9997 0.0000	</row2>
						<row3>	-1.1963 -0.0102 -2.4607 1.0000	</row3>
					</transform>
				</node>
				<node>
					<identifier>	SP_YMS011_YHWL_M_1_INDEX_2	</identifier>
					<transform>
						<row0>	0.9990 0.0000 0.0448 0.0000	</row0>
						<row1>	0.0000 1.0000 0.0000 0.0000	</row1>
						<row2>	-0.0448 0.0000 0.9990 0.0000	</row2>
						<row3>	-1.1284 -0.0089 -4.1652 1.0000	</row3>
					</transform>
				</node>
				<node>
					<identifier>	SP_YMS011_YHWL_M_1_INDEX_7	</identifier>
					<transform>
						<row0>	0.9736 0.2235 0.0469 0.0000	</row0>
						<row1>	-0.2233 0.9747 -0.0108 0.0000	</row1>
						<row2>	-0.0481 0.0000 0.9988 0.0000	</row2>
						<row3>	-1.1779 -0.0115 -3.3129 1.0000	</row3>
					</transform>
				</node>
				<node>
					<identifier>	SP_YMS011_YHWL_M_1_INDEX_9	</identifier>
					<transform>
						<row0>	0.9895 0.0000 0.1447 0.0000	</row0>
						<row1>	0.0000 1.0000 0.0000 0.0000	</row1>
						<row2>	-0.1447 0.0000 0.9895 0.0000	</row2>
						<row3>	-0.9555 -0.0089 -5.8617 1.0000	</row3>
					</transform>
				</node>
				<node>
					<identifier>	SP_YMS012_YHWR_M_1	</identifier>
					<transform>
						<row0>	0.9736 -0.2235 -0.0469 0.0000	</row0>
						<row1>	0.2233 0.9747 -0.0108 0.0000	</row1>
						<row2>	0.0481 0.0000 0.9988 0.0000	</row2>
						<row3>	1.1872 -0.0130 -3.3130 1.0000	</row3>
					</transform>
				</node>
				<node>
					<identifier>	SP_YMS012_YHWR_M_1_INDEX_14	</identifier>
					<transform>
						<row0>	0.9737 -0.2265 -0.0256 0.0000	</row0>
						<row1>	0.2265 0.9740 -0.0059 0.0000	</row1>
						<row2>	0.0263 0.0000 0.9997 0.0000	</row2>
						<row3>	1.1989 -0.0113 -2.4607 1.0000	</row3>
					</transform>
				</node>
				<node>
					<identifier>	SP_YMS012_YHWR_M_1_INDEX_16	</identifier>
					<transform>
						<row0>	0.9990 0.0000 -0.0448 0.0000	</row0>
						<row1>	0.0000 1.0000 0.0000 0.0000	</row1>
						<row2>	0.0448 0.0000 0.9990 0.0000	</row2>
						<row3>	1.1342 -0.0089 -4.1651 1.0000	</row3>
					</transform>
				</node>
				<node>
					<identifier>	SP_YMS012_YHWR_M_1_INDEX_8	</identifier>
					<transform>
						<row0>	0.9640 -0.2473 -0.0980 0.0000	</row0>
						<row1>	0.2461 0.9689 -0.0250 0.0000	</row1>
						<row2>	0.1011 0.0000 0.9949 0.0000	</row2>
						<row3>	1.0618 -0.0113 -5.0142 1.0000	</row3>
					</transform>
				</node>
				<node>
					<identifier>	SP_YMS012_YHWR_M_1_INDEX_9	</identifier>
					<transform>
						<row0>	0.9586 -0.2439 -0.1470 0.0000	</row0>
						<row1>	0.2411 0.9698 -0.0370 0.0000	</row1>
						<row2>	0.1516 0.0000 0.9884 0.0000	</row2>
						<row3>	0.9566 -0.0105 -5.8609 1.0000	</row3>
					</transform>
				</node>
				<node>
					<identifier>	SP_YMS041_YHCS_M_1_INDEX_2	</identifier>
					<transform>
						<row0>	1.0000 0.0000 0.0050 0.0000	</row0>
						<row1>	0.0000 1.0000 0.0000 0.0000	</row1>
						<row2>	-0.0050 0.0000 1.0000 0.0000	</row2>
						<row3>	1.4048 0.5993 -2.8235 1.0000	</row3>
					</transform>
				</node>
				<node>
					<identifier>	SP_YMS041_YHCS_M_1_INDEX_3	</identifier>
					<transform>
						<row0>	1.0000 0.0000 -0.0050 0.0000	</row0>
						<row1>	0.0000 1.0000 0.0000 0.0000	</row1>
						<row2>	0.0050 0.0000 1.0000 0.0000	</row2>
						<row3>	-1.3875 0.5826 -3.6587 1.0000	</row3>
					</transform>
				</node>
				<node>
					<identifier>	SP_YMS053_YHDC_S_1_INDEX_4	</identifier>
					<transform>
						<row0>	-0.2503 -0.9682 0.0012 0.0000	</row0>
						<row1>	0.9649 -0.2496 -0.0818 0.0000	</row1>
						<row2>	0.0795 -0.0193 0.9967 0.0000	</row2>
						<row3>	1.2094 -0.4976 -3.1448 1.0000	</row3>
					</transform>
				</node>
				<node>
					<identifier>	SP_YMS053_YHDC_S_1_INDEX_9	</identifier>
					<transform>
						<row0>	-0.2503 0.9682 -0.0012 0.0000	</row0>
						<row1>	-0.9649 -0.2496 -0.0818 0.0000	</row1>
						<row2>	-0.0795 -0.0193 0.9967 0.0000	</row2>
						<row3>	-1.2094 -0.4976 -3.1448 1.0000	</row3>
					</transform>
				</node>
				<node>
					<identifier>	SP_YMS054_YHDA_M_1_INDEX_1	</identifier>
					<transform>
						<row0>	1.1083 0.0000 0.0000 0.0000	</row0>
						<row1>	0.0000 1.0000 0.0000 0.0000	</row1>
						<row2>	0.0000 0.0000 1.0000 0.0000	</row2>
						<row3>	0.0000 0.9495 -6.4247 1.0000	</row3>
					</transform>
				</node>
				<node>
					<identifier>	SP_YMS061_YHGH_S_1	</identifier>
					<transform>
						<row0>	0.0000 0.0000 -0.4100 0.0000	</row0>
						<row1>	0.0000 0.4100 0.0000 0.0000	</row1>
						<row2>	0.4100 0.0000 0.0000 0.0000	</row2>
						<row3>	-1.5051 0.8426 -5.2598 1.0000	</row3>
					</transform>
				</node>
				<node>
					<identifier>	SP_YMS061_YHGH_S_1_INDEX_2	</identifier>
					<transform>
						<row0>	0.0000 0.0000 -0.3800 0.0000	</row0>
						<row1>	0.0000 0.3800 0.0000 0.0000	</row1>
						<row2>	0.3800 0.0000 0.0000 0.0000	</row2>
						<row3>	-1.4705 0.8426 -6.3042 1.0000	</row3>
					</transform>
				</node>
				<node>
					<identifier>	SP_YMS061_YHGH_S_1_INDEX_8	</identifier>
					<transform>
						<row0>	0.0000 0.0000 -0.5400 0.0000	</row0>
						<row1>	0.0000 0.5400 0.0000 0.0000	</row1>
						<row2>	0.5400 0.0000 0.0000 0.0000	</row2>
						<row3>	-1.5364 0.8440 -2.3313 1.0000	</row3>
					</transform>
				</node>
				<node>
					<identifier>	SP_YMS061_YHGH_S_1_INDEX_9	</identifier>
					<transform>
						<row0>	0.0000 0.0000 0.4100 0.0000	</row0>
						<row1>	0.0000 0.4100 0.0000 0.0000	</row1>
						<row2>	-0.4100 0.0000 0.0000 0.0000	</row2>
						<row3>	1.5069 0.8409 -4.3537 1.0000	</row3>
					</transform>
				</node>
				<node>
					<identifier>	SP_YMS072_YHHC_M_1	</identifier>
					<transform>
						<row0>	0.0000 0.0000 1.0000 0.0000	</row0>
						<row1>	0.0000 1.0000 0.0000 0.0000	</row1>
						<row2>	-1.0000 0.0000 0.0000 0.0000	</row2>
						<row3>	1.2884 0.3958 -1.8598 1.0000	</row3>
					</transform>
				</node>
				<node>
					<identifier>	SP_YMS072_YHHC_M_1_INDEX_1	</identifier>
					<transform>
						<row0>	0.0000 0.0000 1.0000 0.0000	</row0>
						<row1>	0.0000 1.0000 0.0000 0.0000	</row1>
						<row2>	-1.0000 0.0000 0.0000 0.0000	</row2>
						<row3>	1.2855 0.3958 -2.1425 1.0000	</row3>
					</transform>
				</node>
				<node>
					<identifier>	SP_YMS072_YHHC_M_1_INDEX_2	</identifier>
					<transform>
						<row0>	0.0000 0.0000 -1.0000 0.0000	</row0>
						<row1>	-0.0423 0.9991 0.0000 0.0000	</row1>
						<row2>	0.9991 0.0423 0.0000 0.0000	</row2>
						<row3>	-1.2808 0.3958 -2.7794 1.0000	</row3>
					</transform>
				</node>
				<node>
					<identifier>	SP_YMS072_YHHC_M_1_INDEX_3	</identifier>
					<transform>
						<row0>	0.0000 0.0000 -1.0000 0.0000	</row0>
						<row1>	-0.1211 0.9926 0.0000 0.0000	</row1>
						<row2>	0.9926 0.1211 0.0000 0.0000	</row2>
						<row3>	-1.2770 0.3958 -4.4140 1.0000	</row3>
					</transform>
				</node>
				<node>
					<identifier>	SP_YMS072_YHHC_M_1_INDEX_4	</identifier>
					<transform>
						<row0>	0.0000 0.0000 1.0000 0.0000	</row0>
						<row1>	0.1211 0.9926 0.0000 0.0000	</row1>
						<row2>	-0.9926 0.1211 0.0000 0.0000	</row2>
						<row3>	1.2770 0.3958 -4.7413 1.0000	</row3>
					</transform>
				</node>
				<node>
					<identifier>	SP_YMS072_YHHC_M_1_INDEX_5	</identifier>
					<transform>
						<row0>	0.0000 0.0000 1.0000 0.0000	</row0>
						<row1>	0.0423 0.9991 0.0000 0.0000	</row1>
						<row2>	-0.9991 0.0423 0.0000 0.0000	</row2>
						<row3>	1.2808 0.3958 -2.7794 1.0000	</row3>
					</transform>
				</node>
				<node>
					<identifier>	SP_YMS072_YHHC_M_1_INDEX_6	</identifier>
					<transform>
						<row0>	0.0000 0.0000 -1.0000 0.0000	</row0>
						<row1>	0.0000 1.0000 0.0000 0.0000	</row1>
						<row2>	1.0000 0.0000 0.0000 0.0000	</row2>
						<row3>	-1.2855 0.3958 -2.1581 1.0000	</row3>
					</transform>
				</node>
				<node>
					<identifier>	SP_YMS072_YHHC_M_1_INDEX_7	</identifier>
					<transform>
						<row0>	0.0000 0.0000 1.0000 0.0000	</row0>
						<row1>	0.1211 0.9926 0.0000 0.0000	</row1>
						<row2>	-0.9926 0.1211 0.0000 0.0000	</row2>
						<row3>	1.2770 0.3958 -4.4140 1.0000	</row3>
					</transform>
				</node>
				<node>
					<identifier>	SP_YMS072_YHHC_M_1_INDEX_8	</identifier>
					<transform>
						<row0>	0.0000 0.0000 -1.0000 0.0000	</row0>
						<row1>	-0.1211 0.9926 0.0000 0.0000	</row1>
						<row2>	0.9926 0.1211 0.0000 0.0000	</row2>
						<row3>	-1.2770 0.3958 -4.7413 1.0000	</row3>
					</transform>
				</node>
				<node>
					<identifier>	SP_YMS072_YHHC_M_1_INDEX_9	</identifier>
					<transform>
						<row0>	0.0000 0.0000 -1.0000 0.0000	</row0>
						<row1>	0.0000 1.0000 0.0000 0.0000	</row1>
						<row2>	1.0000 0.0000 0.0000 0.0000	</row2>
						<row3>	-1.2884 0.3958 -1.7403 1.0000	</row3>
					</transform>
				</node>
				<node>
					<identifier>	SP_YMS080_YHSL_M_1_INDEX_3	</identifier>
					<transform>
						<row0>	0.9953 0.0105 0.0958 0.0000	</row0>
						<row1>	0.0000 0.9941 -0.1089 0.0000	</row1>
						<row2>	-0.0964 0.1084 0.9894 0.0000	</row2>
						<row3>	-0.9354 0.2047 -6.0348 1.0000	</row3>
					</transform>
				</node>
				<node>
					<identifier>	SP_YMS081_YHSR_M_1_INDEX_3	</identifier>
					<transform>
						<row0>	0.9953 -0.0105 -0.0958 0.0000	</row0>
						<row1>	0.0000 0.9941 -0.1089 0.0000	</row1>
						<row2>	0.0964 0.1084 0.9894 0.0000	</row2>
						<row3>	0.9354 0.2047 -6.0348 1.0000	</row3>
					</transform>
				</node>
				<node>
					<identifier>	SP_YMS095_YHZC_M_1	</identifier>
					<transform>
						<row0>	0.0000 0.0000 -0.7000 0.0000	</row0>
						<row1>	0.0000 0.7000 0.0000 0.0000	</row1>
						<row2>	0.7000 0.0000 0.0000 0.0000	</row2>
						<row3>	-1.3619 0.8409 -4.5620 1.0000	</row3>
					</transform>
				</node>
				<node>
					<identifier>	SP_YMS095_YHZC_M_1_INDEX_1	</identifier>
					<transform>
						<row0>	0.0000 0.0000 -0.7000 0.0000	</row0>
						<row1>	0.0000 0.7000 0.0000 0.0000	</row1>
						<row2>	0.7000 0.0000 0.0000 0.0000	</row2>
						<row3>	-1.4808 0.7481 -3.6201 1.0000	</row3>
					</transform>
				</node>
				<node>
					<identifier>	SP_YMS095_YHZC_M_1_INDEX_12	</identifier>
					<transform>
						<row0>	0.0000 0.0000 0.7000 0.0000	</row0>
						<row1>	0.0000 0.7000 0.0000 0.0000	</row1>
						<row2>	-0.7000 0.0000 0.0000 0.0000	</row2>
						<row3>	1.4943 0.7481 -2.8221 1.0000	</row3>
					</transform>
				</node>
				<node>
					<identifier>	SP_YMS095_YHZC_M_1_INDEX_15	</identifier>
					<transform>
						<row0>	0.0000 0.0000 -0.7000 0.0000	</row0>
						<row1>	0.0000 0.7000 0.0000 0.0000	</row1>
						<row2>	0.7000 0.0000 0.0000 0.0000	</row2>
						<row3>	-1.4404 0.8409 -1.9559 1.0000	</row3>
					</transform>
				</node>
				<node>
					<identifier>	SP_YMS095_YHZC_M_1_INDEX_2	</identifier>
					<transform>
						<row0>	-0.6867 -0.0005 0.1360 0.0000	</row0>
						<row1>	-0.0005 0.7000 0.0000 0.0000	</row1>
						<row2>	-0.1360 0.0000 -0.6867 0.0000	</row2>
						<row3>	1.5562 0.7480 -2.1041 1.0000	</row3>
					</transform>
				</node>
				<node>
					<identifier>	SP_YMS096_YHZC_S_1_INDEX_11	</identifier>
					<transform>
						<row0>	0.0000 0.0000 -0.7000 0.0000	</row0>
						<row1>	0.0000 0.7000 0.0000 0.0000	</row1>
						<row2>	0.7000 0.0000 0.0000 0.0000	</row2>
						<row3>	-1.7206 0.7481 -4.1414 1.0000	</row3>
					</transform>
				</node>
				<node>
					<identifier>	SP_YMS096_YHZC_S_1_INDEX_14	</identifier>
					<transform>
						<row0>	0.0000 0.0000 -0.7000 0.0000	</row0>
						<row1>	0.0000 0.7000 0.0000 0.0000	</row1>
						<row2>	0.7000 0.0000 0.0000 0.0000	</row2>
						<row3>	-1.7206 0.7481 -4.1414 1.0000	</row3>
					</transform>
				</node>
				<node>
					<identifier>	SP_YMS096_YHZC_S_1_INDEX_27	</identifier>
					<transform>
						<row0>	0.0000 0.0000 0.4200 0.0000	</row0>
						<row1>	0.0000 0.4200 0.0000 0.0000	</row1>
						<row2>	-0.4200 0.0000 0.0000 0.0000	</row2>
						<row3>	1.6374 0.8409 -5.1198 1.0000	</row3>
					</transform>
				</node>
				<node>
					<identifier>	SP_YMS096_YHZC_S_1_INDEX_30	</identifier>
					<transform>
						<row0>	0.0000 0.0000 -0.4200 0.0000	</row0>
						<row1>	0.0000 0.4200 0.0000 0.0000	</row1>
