<VSB301_Oceano_1944_Bow.skel_ext>
	<exported>	true	</exported>
	<node>
		<identifier>	MP_CM011_Fire_Fighting_Gear	</identifier>
		<parent>	Scene Root	</parent>
		<transform>
			<row0>	0.0000 0.0000 -1.0000 0.0000	</row0>
			<row1>	0.0000 1.0000 0.0000 0.0000	</row1>
			<row2>	1.0000 0.0000 0.0000 0.0000	</row2>
			<row3>	-0.0184 0.5065 7.7192 1.0000	</row3>
		</transform>
	</node>
	<node>
		<identifier>	MP_CM011_Fire_Fighting_Gear_INDEX_1	</identifier>
		<parent>	Scene Root	</parent>
		<transform>
			<row0>	-1.0000 0.0000 0.0000 0.0000	</row0>
			<row1>	0.0000 1.0000 0.0000 0.0000	</row1>
			<row2>	0.0000 0.0000 -1.0000 0.0000	</row2>
			<row3>	0.2686 0.4680 6.4089 1.0000	</row3>
		</transform>
	</node>
	<node>
		<identifier>	MP_CM011_Fire_Fighting_Gear_INDEX_2	</identifier>
		<parent>	Scene Root	</parent>
		<transform>
			<row0>	-1.0000 0.0000 0.0000 0.0000	</row0>
			<row1>	0.0000 1.0000 0.0000 0.0000	</row1>
			<row2>	0.0000 0.0000 -1.0000 0.0000	</row2>
			<row3>	-0.2686 0.4680 6.4089 1.0000	</row3>
		</transform>
	</node>
	<node>
		<identifier>	MP_VM006_Life_Buoy	</identifier>
		<parent>	Scene Root	</parent>
		<transform>
			<row0>	-0.9863 0.0000 0.1650 0.0000	</row0>
			<row1>	0.0000 1.0000 0.0000 0.0000	</row1>
			<row2>	-0.1650 0.0000 -0.9863 0.0000	</row2>
			<row3>	-0.3578 0.5492 7.7182 1.0000	</row3>
		</transform>
	</node>
	<node>
		<identifier>	MP_VM006_Life_Buoy_INDEX_1	</identifier>
		<parent>	Scene Root	</parent>
		<transform>
			<row0>	-0.9901 0.0000 0.1404 0.0000	</row0>
			<row1>	0.0000 1.0000 0.0000 0.0000	</row1>
			<row2>	-0.1404 0.0000 -0.9901 0.0000	</row2>
			<row3>	-0.6355 0.4932 5.8902 1.0000	</row3>
		</transform>
	</node>
	<node>
		<identifier>	MP_VM006_Life_Buoy_INDEX_2	</identifier>
		<parent>	Scene Root	</parent>
		<transform>
			<row0>	0.9901 0.0000 0.1404 0.0000	</row0>
			<row1>	0.0000 1.0000 0.0000 0.0000	</row1>
			<row2>	-0.1404 0.0000 0.9901 0.0000	</row2>
			<row3>	0.6356 0.4932 5.8901 1.0000	</row3>
		</transform>
	</node>
	<node>
		<identifier>	MP_VM006_Life_Buoy_INDEX_3	</identifier>
		<parent>	Scene Root	</parent>
		<transform>
			<row0>	0.9863 0.0000 0.1650 0.0000	</row0>
			<row1>	0.0000 1.0000 0.0000 0.0000	</row1>
			<row2>	-0.1650 0.0000 0.9863 0.0000	</row2>
			<row3>	0.3578 0.5492 7.7182 1.0000	</row3>
		</transform>
	</node>
	<node>
		<identifier>	MP_VM5007_Gun_Deck	</identifier>
		<parent>	Scene Root	</parent>
		<transform>
			<row0>	0.9666 0.0000 0.2561 0.0000	</row0>
			<row1>	0.0000 1.0000 0.0000 0.0000	</row1>
			<row2>	-0.2561 0.0000 0.9666 0.0000	</row2>
			<row3>	-0.1385 0.4552 6.2729 1.0000	</row3>
		</transform>
	</node>
	<node>
		<identifier>	MP_VM5007_Gun_Deck_INDEX_1	</identifier>
		<parent>	Scene Root	</parent>
		<transform>
			<row0>	0.9666 0.0000 -0.2561 0.0000	</row0>
			<row1>	0.0000 1.0000 0.0000 0.0000	</row1>
			<row2>	0.2561 0.0000 0.9666 0.0000	</row2>
			<row3>	0.3003 0.4517 6.1071 1.0000	</row3>
		</transform>
	</node>
	<node>
		<identifier>	MP_VM5007_Gun_Deck_INDEX_2	</identifier>
		<parent>	Scene Root	</parent>
		<transform>
			<row0>	0.9666 0.0000 -0.2561 0.0000	</row0>
			<row1>	0.0000 1.0000 0.0000 0.0000	</row1>
			<row2>	0.2561 0.0000 0.9666 0.0000	</row2>
			<row3>	0.1385 0.4552 6.2729 1.0000	</row3>
		</transform>
	</node>
	<node>
		<identifier>	MP_VM5007_Gun_Deck_INDEX_3	</identifier>
		<parent>	Scene Root	</parent>
		<transform>
			<row0>	0.9666 0.0000 0.2561 0.0000	</row0>
			<row1>	0.0000 1.0000 0.0000 0.0000	</row1>
			<row2>	-0.2561 0.0000 0.9666 0.0000	</row2>
			<row3>	-0.3003 0.4517 6.1071 1.0000	</row3>
		</transform>
	</node>
	<node>
		<identifier>	MP_VM5012_Signal_Lamp	</identifier>
		<parent>	Scene Root	</parent>
		<transform>
			<row0>	1.0000 0.0000 0.0000 0.0000	</row0>
			<row1>	0.0000 1.0000 0.0000 0.0000	</row1>
			<row2>	0.0000 0.0000 1.0000 0.0000	</row2>
			<row3>	0.0000 1.0621 8.9043 1.0000	</row3>
		</transform>
	</node>
	<node>
		<identifier>	MP_VM756_Deck_Hatch	</identifier>
		<parent>	Scene Root	</parent>
		<transform>
			<row0>	-1.0000 0.0000 0.0000 0.0000	</row0>
			<row1>	0.0000 0.9997 -0.0242 0.0000	</row1>
			<row2>	0.0000 -0.0242 -0.9997 0.0000	</row2>
			<row3>	-0.2011 0.4533 5.8312 1.0000	</row3>
		</transform>
	</node>
	<node>
		<identifier>	MP_VM756_Deck_Hatch_INDEX_1	</identifier>
		<parent>	Scene Root	</parent>
		<transform>
			<row0>	-1.0000 0.0000 0.0000 0.0000	</row0>
			<row1>	0.0000 0.9997 -0.0242 0.0000	</row1>
			<row2>	0.0000 -0.0242 -0.9997 0.0000	</row2>
			<row3>	0.2011 0.4533 5.8312 1.0000	</row3>
		</transform>
	</node>
	<node>
		<identifier>	MP_VM803_Ventilators_mushroom	</identifier>
		<parent>	Scene Root	</parent>
		<transform>
			<row0>	-1.0000 0.0000 0.0000 0.0000	</row0>
			<row1>	0.0000 1.0000 0.0000 0.0000	</row1>
			<row2>	0.0000 0.0000 -1.0000 0.0000	</row2>
			<row3>	-0.0471 0.4616 6.3601 1.0000	</row3>
		</transform>
	</node>
	<node>
		<identifier>	MP_VM803_Ventilators_mushroom_INDEX_1	</identifier>
		<parent>	Scene Root	</parent>
		<transform>
			<row0>	-1.0000 0.0000 0.0000 0.0000	</row0>
			<row1>	0.0000 1.0000 0.0000 0.0000	</row1>
			<row2>	0.0000 0.0000 -1.0000 0.0000	</row2>
			<row3>	0.0471 0.4616 6.3601 1.0000	</row3>
		</transform>
	</node>
	<node>
		<identifier>	MP_VM803_Ventilators_mushroom_INDEX_2	</identifier>
		<parent>	Scene Root	</parent>
		<transform>
			<row0>	-1.0000 0.0000 0.0000 0.0000	</row0>
			<row1>	0.0000 1.0000 0.0000 0.0000	</row1>
			<row2>	0.0000 0.0000 -1.0000 0.0000	</row2>
			<row3>	0.0241 0.4485 5.8349 1.0000	</row3>
		</transform>
	</node>
	<node>
		<identifier>	MP_VM803_Ventilators_mushroom_INDEX_3	</identifier>
		<parent>	Scene Root	</parent>
		<transform>
			<row0>	-1.0000 0.0000 0.0000 0.0000	</row0>
			<row1>	0.0000 1.0000 0.0000 0.0000	</row1>
			<row2>	0.0000 0.0000 -1.0000 0.0000	</row2>
			<row3>	-0.0241 0.4485 5.8349 1.0000	</row3>
		</transform>
	</node>
	<node>
		<identifier>	MP_VM803_Ventilators_mushroom_INDEX_4	</identifier>
		<parent>	Scene Root	</parent>
		<transform>
			<row0>	-1.0000 0.0000 0.0000 0.0000	</row0>
			<row1>	0.0000 1.0000 0.0000 0.0000	</row1>
			<row2>	0.0000 0.0000 -1.0000 0.0000	</row2>
			<row3>	0.0388 0.4639 6.4475 1.0000	</row3>
		</transform>
	</node>
	<node>
		<identifier>	MP_VM803_Ventilators_mushroom_INDEX_5	</identifier>
		<parent>	Scene Root	</parent>
		<transform>
			<row0>	-1.0000 0.0000 0.0000 0.0000	</row0>
			<row1>	0.0000 1.0000 0.0000 0.0000	</row1>
			<row2>	0.0000 0.0000 -1.0000 0.0000	</row2>
			<row3>	0.2539 0.4613 6.3491 1.0000	</row3>
		</transform>
	</node>
	<node>
		<identifier>	MP_VM803_Ventilators_mushroom_INDEX_6	</identifier>
		<parent>	Scene Root	</parent>
		<transform>
			<row0>	-1.0000 0.0000 0.0000 0.0000	</row0>
			<row1>	0.0000 1.0000 0.0000 0.0000	</row1>
			<row2>	0.0000 0.0000 -1.0000 0.0000	</row2>
			<row3>	-0.2539 0.4613 6.3491 1.0000	</row3>
		</transform>
	</node>
	<node>
		<identifier>	MP_VM803_Ventilators_mushroom_INDEX_7	</identifier>
		<parent>	Scene Root	</parent>
		<transform>
			<row0>	-1.0000 0.0000 0.0000 0.0000	</row0>
			<row1>	0.0000 1.0000 0.0000 0.0000	</row1>
			<row2>	0.0000 0.0000 -1.0000 0.0000	</row2>
			<row3>	0.3790 0.4574 6.2177 1.0000	</row3>
		</transform>
	</node>
	<node>
		<identifier>	MP_VM803_Ventilators_mushroom_INDEX_8	</identifier>
		<parent>	Scene Root	</parent>
		<transform>
			<row0>	-1.0000 0.0000 0.0000 0.0000	</row0>
			<row1>	0.0000 1.0000 0.0000 0.0000	</row1>
			<row2>	0.0000 0.0000 -1.0000 0.0000	</row2>
			<row3>	-0.0388 0.4639 6.4475 1.0000	</row3>
		</transform>
	</node>
	<node>
		<identifier>	MP_VM803_Ventilators_mushroom_INDEX_9	</identifier>
		<parent>	Scene Root	</parent>
		<transform>
			<row0>	-1.0000 0.0000 0.0000 0.0000	</row0>
			<row1>	0.0000 1.0000 0.0000 0.0000	</row1>
			<row2>	0.0000 0.0000 -1.0000 0.0000	</row2>
			<row3>	-0.3790 0.4574 6.2177 1.0000	</row3>
		</transform>
	</node>
	<node>
		<identifier>	MP_VM804_Ventilation_box	</identifier>
		<parent>	Scene Root	</parent>
		<transform>
			<row0>	0.0000 0.0000 1.0000 0.0000	</row0>
			<row1>	0.0000 1.0000 0.0000 0.0000	</row1>
			<row2>	-1.0000 0.0000 0.0000 0.0000	</row2>
			<row3>	-0.3246 0.4583 6.2538 1.0000	</row3>
		</transform>
	</node>
	<node>
		<identifier>	MP_VM804_Ventilation_box_INDEX_1	</identifier>
		<parent>	Scene Root	</parent>
		<transform>
			<row0>	0.0000 0.0000 1.0000 0.0000	</row0>
			<row1>	0.0000 1.0000 0.0000 0.0000	</row1>
			<row2>	-1.0000 0.0000 0.0000 0.0000	</row2>
			<row3>	0.0816 0.4479 5.8307 1.0000	</row3>
		</transform>
	</node>
	<node>
		<identifier>	MP_VM804_Ventilation_box_INDEX_2	</identifier>
		<parent>	Scene Root	</parent>
		<transform>
			<row0>	0.0000 0.0000 1.0000 0.0000	</row0>
			<row1>	0.0000 1.0000 0.0000 0.0000	</row1>
			<row2>	-1.0000 0.0000 0.0000 0.0000	</row2>
			<row3>	-0.0344 0.4469 5.7782 1.0000	</row3>
		</transform>
	</node>
	<node>
		<identifier>	MP_VM804_Ventilation_box_INDEX_3	</identifier>
		<parent>	Scene Root	</parent>
		<transform>
			<row0>	0.0000 0.0000 -1.0000 0.0000	</row0>
			<row1>	0.0000 1.0000 0.0000 0.0000	</row1>
			<row2>	1.0000 0.0000 0.0000 0.0000	</row2>
			<row3>	0.1220 0.4630 6.4363 1.0000	</row3>
		</transform>
	</node>
	<node>
		<identifier>	MP_VM804_Ventilation_box_INDEX_4	</identifier>
		<parent>	Scene Root	</parent>
		<transform>
			<row0>	0.0000 0.0000 1.0000 0.0000	</row0>
			<row1>	0.0000 1.0000 0.0000 0.0000	</row1>
			<row2>	-1.0000 0.0000 0.0000 0.0000	</row2>
			<row3>	-0.1220 0.4630 6.4363 1.0000	</row3>
		</transform>
	</node>
	<node>
		<identifier>	MP_VM804_Ventilation_box_INDEX_5	</identifier>
		<parent>	Scene Root	</parent>
		<transform>
			<row0>	0.0000 0.0000 1.0000 0.0000	</row0>
			<row1>	0.0000 1.0000 0.0000 0.0000	</row1>
			<row2>	-1.0000 0.0000 0.0000 0.0000	</row2>
			<row3>	0.0344 0.4469 5.7782 1.0000	</row3>
		</transform>
	</node>
	<node>
		<identifier>	MP_VM804_Ventilation_box_INDEX_6	</identifier>
		<parent>	Scene Root	</parent>
		<transform>
			<row0>	0.0000 0.0000 1.0000 0.0000	</row0>
			<row1>	0.0000 1.0000 0.0000 0.0000	</row1>
			<row2>	-1.0000 0.0000 0.0000 0.0000	</row2>
			<row3>	-0.0816 0.4479 5.8307 1.0000	</row3>
		</transform>
	</node>
	<node>
		<identifier>	MP_VM804_Ventilation_box_INDEX_7	</identifier>
		<parent>	Scene Root	</parent>
		<transform>
			<row0>	0.0000 0.0000 -1.0000 0.0000	</row0>
			<row1>	0.0000 1.0000 0.0000 0.0000	</row1>
			<row2>	1.0000 0.0000 0.0000 0.0000	</row2>
			<row3>	0.3246 0.4583 6.2538 1.0000	</row3>
		</transform>
	</node>
	<node>
		<identifier>	MP_VM882_Running_Lights_B	</identifier>
		<parent>	Scene Root	</parent>
		<transform>
			<row0>	-1.0000 0.0000 0.0000 0.0000	</row0>
			<row1>	0.0000 1.0000 0.0000 0.0000	</row1>
			<row2>	0.0000 0.0000 -1.0000 0.0000	</row2>
			<row3>	0.0000 0.9602 8.8898 1.0000	</row3>
		</transform>
	</node>
	<node>
		<identifier>	MP_VM954_Anchor_up	</identifier>
		<parent>	Scene Root	</parent>
		<transform>
			<row0>	-0.3327 0.8602 0.6869 0.0000	</row0>
			<row1>	0.0818 0.7350 -0.8807 0.0000	</row1>
			<row2>	-1.0978 -0.2059 -0.2739 0.0000	</row2>
			<row3>	-0.1719 0.3315 8.2429 1.0000	</row3>
		</transform>
	</node>
	<node>
		<identifier>	MP_VM954_Anchor_up_INDEX_1	</identifier>
		<parent>	Scene Root	</parent>
		<transform>
			<row0>	-0.3327 -0.8602 -0.6869 0.0000	</row0>
			<row1>	-0.0818 0.7350 -0.8807 0.0000	</row1>
			<row2>	1.0978 -0.2059 -0.2739 0.0000	</row2>
			<row3>	0.1719 0.3315 8.2429 1.0000	</row3>
		</transform>
	</node>
	<node>
		<identifier>	MP_VM954_Anchor_up_INDEX_2	</identifier>
		<parent>	Scene Root	</parent>
		<transform>
			<row0>	-0.3573 -0.9117 -0.6031 0.0000	</row0>
			<row1>	0.0781 0.6116 -0.9708 0.0000	</row1>
			<row2>	1.0903 -0.3425 -0.1281 0.0000	</row2>
			<row3>	0.2150 0.3135 7.9886 1.0000	</row3>
		</transform>
	</node>
	<node>
		<identifier>	MP_VM955_Anchor_bottom	</identifier>
		<parent>	Scene Root	</parent>
		<transform>
			<row0>	-0.3381 0.8819 0.6561 0.0000	</row0>
			<row1>	-0.2724 0.5978 -0.9439 0.0000	</row1>
			<row2>	-1.0649 -0.4329 0.0332 0.0000	</row2>
			<row3>	-0.1719 0.3315 8.2429 1.0000	</row3>
		</transform>
	</node>
	<node>
		<identifier>	MP_VM955_Anchor_bottom_INDEX_1	</identifier>
		<parent>	Scene Root	</parent>
		<transform>
			<row0>	-0.3381 -0.8819 -0.6561 0.0000	</row0>
			<row1>	0.2724 0.5978 -0.9439 0.0000	</row1>
			<row2>	1.0649 -0.4329 0.0332 0.0000	</row2>
			<row3>	0.1719 0.3315 8.2429 1.0000	</row3>
		</transform>
	</node>
	<node>
		<identifier>	MP_VM955_Anchor_bottom_INDEX_2	</identifier>
		<parent>	Scene Root	</parent>
		<transform>
			<row0>	-0.3573 -0.9117 -0.6031 0.0000	</row0>
			<row1>	0.2930 0.5314 -0.9769 0.0000	</row1>
			<row2>	1.0531 -0.4571 0.0672 0.0000	</row2>
			<row3>	0.2149 0.3135 7.9885 1.0000	</row3>
		</transform>
	</node>
	<node>
		<identifier>	MP_VM963_Reel_fire_hose	</identifier>
		<parent>	Scene Root	</parent>
		<transform>
			<row0>	1.0000 0.0000 0.0000 0.0000	</row0>
			<row1>	0.0000 1.0000 0.0000 0.0000	</row1>
			<row2>	0.0000 0.0000 1.0000 0.0000	</row2>
			<row3>	0.0427 0.4531 6.0127 1.0000	</row3>
		</transform>
	</node>
	<node>
		<identifier>	MP_VM963_Reel_fire_hose_INDEX_1	</identifier>
		<parent>	Scene Root	</parent>
		<transform>
			<row0>	1.0000 0.0000 0.0000 0.0000	</row0>
			<row1>	0.0000 1.0000 0.0000 0.0000	</row1>
			<row2>	0.0000 0.0000 1.0000 0.0000	</row2>
			<row3>	0.1312 0.4512 5.9400 1.0000	</row3>
		</transform>
	</node>
	<node>
		<identifier>	MP_VM963_Reel_fire_hose_INDEX_2	</identifier>
		<parent>	Scene Root	</parent>
		<transform>
			<row0>	1.0000 0.0000 0.0000 0.0000	</row0>
			<row1>	0.0000 1.0000 0.0000 0.0000	</row1>
			<row2>	0.0000 0.0000 1.0000 0.0000	</row2>
			<row3>	-0.0427 0.4531 6.0127 1.0000	</row3>
		</transform>
	</node>
	<node>
		<identifier>	MP_VM963_Reel_fire_hose_INDEX_3	</identifier>
		<parent>	Scene Root	</parent>
		<transform>
			<row0>	1.0000 0.0000 0.0000 0.0000	</row0>
			<row1>	0.0000 1.0000 0.0000 0.0000	</row1>
			<row2>	0.0000 0.0000 1.0000 0.0000	</row2>
			<row3>	-0.1312 0.4512 5.9400 1.0000	</row3>
		</transform>
	</node>
	<node>
		<identifier>	MP_VM963_Reel_fire_hose_INDEX_4	</identifier>
		<parent>	Scene Root	</parent>
		<transform>
			<row0>	0.7071 0.0000 -0.7071 0.0000	</row0>
			<row1>	0.0000 1.0000 0.0000 0.0000	</row1>
			<row2>	0.7071 0.0000 0.7071 0.0000	</row2>
			<row3>	0.3125 0.4627 6.3943 1.0000	</row3>
		</transform>
	</node>
	<node>
		<identifier>	MP_VM963_Reel_fire_hose_INDEX_5	</identifier>
		<parent>	Scene Root	</parent>
		<transform>
			<row0>	0.7071 0.0000 0.7071 0.0000	</row0>
			<row1>	0.0000 1.0000 0.0000 0.0000	</row1>
			<row2>	-0.7071 0.0000 0.7071 0.0000	</row2>
			<row3>	-0.3125 0.4627 6.3943 1.0000	</row3>
		</transform>
	</node>
	<node>
		<identifier>	SP_YMS001_YHBM_M_1	</identifier>
		<parent>	Scene Root	</parent>
		<transform>
			<row0>	1.3000 0.0000 0.0000 0.0000	</row0>
			<row1>	0.0000 1.3000 0.0000 0.0000	</row1>
			<row2>	0.0000 0.0000 1.3000 0.0000	</row2>
			<row3>	0.0000 0.5975 8.9297 1.0000	</row3>
		</transform>
	</node>
	<node>
		<identifier>	SP_YMS002_YHBL_M_1	</identifier>
		<parent>	Scene Root	</parent>
		<transform>
			<row0>	0.9933 -0.0850 -0.0780 0.0000	</row0>
			<row1>	0.0752 0.9898 -0.1207 0.0000	</row1>
			<row2>	0.0874 0.1141 0.9896 0.0000	</row2>
			<row3>	0.0000 0.5975 8.9297 1.0000	</row3>
		</transform>
	</node>
	<node>
		<identifier>	SP_YMS003_YHBR_M_1	</identifier>
		<parent>	Scene Root	</parent>
		<transform>
			<row0>	0.9933 0.0850 0.0780 0.0000	</row0>
			<row1>	-0.0752 0.9898 -0.1207 0.0000	</row1>
			<row2>	-0.0874 0.1141 0.9896 0.0000	</row2>
			<row3>	0.0000 0.5975 8.9297 1.0000	</row3>
		</transform>
	</node>
	<node>
		<identifier>	SP_YMS010_YHWM_L_1	</identifier>
		<parent>	Scene Root	</parent>
		<transform>
			<row0>	1.0000 0.0000 0.0000 0.0000	</row0>
			<row1>	0.0000 1.0000 0.0000 0.0000	</row1>
			<row2>	0.0000 0.0000 1.0000 0.0000	</row2>
			<row3>	0.0000 0.0000 8.7315 1.0000	</row3>
		</transform>
	</node>
	<node>
		<identifier>	SP_YMS011_YHWL_M_1_INDEX_14	</identifier>
		<parent>	Scene Root	</parent>
		<transform>
			<row0>	0.9837 0.1065 -0.1452 0.0000	</row0>
			<row1>	-0.1054 0.9943 0.0156 0.0000	</row1>
			<row2>	0.1460 0.0000 0.9893 0.0000	</row2>
			<row3>	-0.2169 0.0000 7.0817 1.0000	</row3>
		</transform>
	</node>
	<node>
		<identifier>	SP_YMS011_YHWL_M_1_INDEX_18	</identifier>
		<parent>	Scene Root	</parent>
		<transform>
			<row0>	0.9814 0.1065 -0.1595 0.0000	</row0>
			<row1>	-0.1054 0.9943 0.0156 0.0000	</row1>
			<row2>	0.1602 0.0015 0.9871 0.0000	</row2>
			<row3>	-0.3484 0.0000 6.2573 1.0000	</row3>
		</transform>
	</node>
	<node>
		<identifier>	SP_YMS012_YHWR_M_1_INDEX_3	</identifier>
		<parent>	Scene Root	</parent>
		<transform>
			<row0>	0.9837 -0.1065 0.1452 0.0000	</row0>
			<row1>	0.1054 0.9943 0.0156 0.0000	</row1>
			<row2>	-0.1460 0.0000 0.9893 0.0000	</row2>
			<row3>	0.2169 0.0000 7.0817 1.0000	</row3>
		</transform>
	</node>
	<node>
		<identifier>	SP_YMS012_YHWR_M_1_INDEX_9	</identifier>
		<parent>	Scene Root	</parent>
		<transform>
			<row0>	0.9814 -0.1065 0.1595 0.0000	</row0>
			<row1>	0.1054 0.9943 0.0156 0.0000	</row1>
			<row2>	-0.1602 0.0015 0.9871 0.0000	</row2>
			<row3>	0.3484 0.0000 6.2573 1.0000	</row3>
		</transform>
	</node>
	<node>
		<identifier>	SP_YMS020_YHBU_M_1	</identifier>
		<parent>	Scene Root	</parent>
		<transform>
			<row0>	1.1190 0.0000 0.0000 0.0000	</row0>
			<row1>	0.0000 1.1190 0.0000 0.0000	</row1>
			<row2>	0.0000 0.0000 1.1190 0.0000	</row2>
			<row3>	0.0000 -0.1164 8.5684 1.0000	</row3>
		</transform>
	</node>
	<node>
		<identifier>	SP_YMS051_YHDL_L_1	</identifier>
		<parent>	Scene Root	</parent>
		<transform>
			<row0>	0.9917 -0.0029 -0.1288 0.0000	</row0>
			<row1>	0.0000 0.9997 -0.0227 0.0000	</row1>
			<row2>	0.1288 0.0225 0.9914 0.0000	</row2>
			<row3>	-0.5735 0.4457 6.6435 1.0000	</row3>
		</transform>
	</node>
	<node>
		<identifier>	SP_YMS052_YHDR_L_1	</identifier>
		<parent>	Scene Root	</parent>
		<transform>
			<row0>	0.9917 0.0029 0.1288 0.0000	</row0>
			<row1>	0.0000 0.9997 -0.0227 0.0000	</row1>
			<row2>	-0.1288 0.0225 0.9914 0.0000	</row2>
			<row3>	0.5735 0.4457 6.6435 1.0000	</row3>
		</transform>
	</node>
</VSB301_Oceano_1944_Bow.skel_ext>
