<WSB302_Lyon_1944_MidBack.skel_ext>
	<exported>	true	</exported>
	<node>
		<identifier>	MP_CM002_Propeller4_L	</identifier>
		<parent>	Scene Root	</parent>
		<transform>
			<row0>	1.1095 -0.0001 -0.0327 0.0000	</row0>
			<row1>	-0.0001 1.1100 -0.0087 0.0000	</row1>
			<row2>	0.0327 0.0087 1.1095 0.0000	</row2>
			<row3>	-0.5280 -0.4767 -4.7178 1.0000	</row3>
		</transform>
	</node>
	<node>
		<identifier>	MP_CM011_Fire_Fighting_Gear	</identifier>
		<parent>	Scene Root	</parent>
		<transform>
			<row0>	-0.7308 0.0000 0.6826 0.0000	</row0>
			<row1>	0.0000 1.0000 0.0000 0.0000	</row1>
			<row2>	-0.6826 0.0000 -0.7308 0.0000	</row2>
			<row3>	0.4734 0.2704 -1.5435 1.0000	</row3>
		</transform>
	</node>
	<node>
		<identifier>	MP_CM011_Fire_Fighting_Gear_INDEX_1	</identifier>
		<parent>	Scene Root	</parent>
		<transform>
			<row0>	0.6867 0.0000 0.7269 0.0000	</row0>
			<row1>	0.0000 1.0000 0.0000 0.0000	</row1>
			<row2>	-0.7269 0.0000 0.6867 0.0000	</row2>
			<row3>	0.5269 0.2704 -3.0367 1.0000	</row3>
		</transform>
	</node>
	<node>
		<identifier>	MP_CM011_Fire_Fighting_Gear_INDEX_10	</identifier>
		<parent>	Scene Root	</parent>
		<transform>
			<row0>	-0.7308 0.0000 -0.6826 0.0000	</row0>
			<row1>	0.0000 1.0000 0.0000 0.0000	</row1>
			<row2>	0.6826 0.0000 -0.7308 0.0000	</row2>
			<row3>	-0.4734 0.2704 -1.5435 1.0000	</row3>
		</transform>
	</node>
	<node>
		<identifier>	MP_CM011_Fire_Fighting_Gear_INDEX_11	</identifier>
		<parent>	Scene Root	</parent>
		<transform>
			<row0>	0.5493 0.0000 -0.8356 0.0000	</row0>
			<row1>	0.0000 1.0000 0.0000 0.0000	</row1>
			<row2>	0.8356 0.0000 0.5493 0.0000	</row2>
			<row3>	-0.4687 0.2704 0.5544 1.0000	</row3>
		</transform>
	</node>
	<node>
		<identifier>	MP_CM011_Fire_Fighting_Gear_INDEX_2	</identifier>
		<parent>	Scene Root	</parent>
		<transform>
			<row0>	0.0000 0.0000 -1.0000 0.0000	</row0>
			<row1>	0.0000 1.0000 0.0000 0.0000	</row1>
			<row2>	1.0000 0.0000 0.0000 0.0000	</row2>
			<row3>	-0.4352 0.2704 -0.4166 1.0000	</row3>
		</transform>
	</node>
	<node>
		<identifier>	MP_CM011_Fire_Fighting_Gear_INDEX_3	</identifier>
		<parent>	Scene Root	</parent>
		<transform>
			<row0>	-1.0000 0.0000 0.0000 0.0000	</row0>
			<row1>	0.0000 1.0000 0.0000 0.0000	</row1>
			<row2>	0.0000 0.0000 -1.0000 0.0000	</row2>
			<row3>	-0.0644 0.7737 -0.9197 1.0000	</row3>
		</transform>
	</node>
	<node>
		<identifier>	MP_CM011_Fire_Fighting_Gear_INDEX_4	</identifier>
		<parent>	Scene Root	</parent>
		<transform>
			<row0>	0.0000 0.0000 1.0000 0.0000	</row0>
			<row1>	0.0000 1.0000 0.0000 0.0000	</row1>
			<row2>	-1.0000 0.0000 0.0000 0.0000	</row2>
			<row3>	0.4352 0.2704 -0.4349 1.0000	</row3>
		</transform>
	</node>
	<node>
		<identifier>	MP_CM011_Fire_Fighting_Gear_INDEX_5	</identifier>
		<parent>	Scene Root	</parent>
		<transform>
			<row0>	1.0000 0.0000 0.0000 0.0000	</row0>
			<row1>	0.0000 1.0000 0.0000 0.0000	</row1>
			<row2>	0.0000 0.0000 1.0000 0.0000	</row2>
			<row3>	0.1446 0.4317 -1.9309 1.0000	</row3>
		</transform>
	</node>
	<node>
		<identifier>	MP_CM011_Fire_Fighting_Gear_INDEX_6	</identifier>
		<parent>	Scene Root	</parent>
		<transform>
			<row0>	-1.0000 0.0000 0.0000 0.0000	</row0>
			<row1>	0.0000 1.0000 0.0000 0.0000	</row1>
			<row2>	0.0000 0.0000 -1.0000 0.0000	</row2>
			<row3>	-0.0660 0.4317 -0.0408 1.0000	</row3>
		</transform>
	</node>
	<node>
		<identifier>	MP_CM011_Fire_Fighting_Gear_INDEX_7	</identifier>
		<parent>	Scene Root	</parent>
		<transform>
			<row0>	0.6867 0.0000 -0.7269 0.0000	</row0>
			<row1>	0.0000 1.0000 0.0000 0.0000	</row1>
			<row2>	0.7269 0.0000 0.6867 0.0000	</row2>
			<row3>	-0.5269 0.2704 -3.0367 1.0000	</row3>
		</transform>
	</node>
	<node>
		<identifier>	MP_CM011_Fire_Fighting_Gear_INDEX_8	</identifier>
		<parent>	Scene Root	</parent>
		<transform>
			<row0>	1.0000 0.0000 0.0000 0.0000	</row0>
			<row1>	0.0000 1.0000 0.0000 0.0000	</row1>
			<row2>	0.0000 0.0000 1.0000 0.0000	</row2>
			<row3>	-0.1446 0.4317 -1.9309 1.0000	</row3>
		</transform>
	</node>
	<node>
		<identifier>	MP_CM011_Fire_Fighting_Gear_INDEX_9	</identifier>
		<parent>	Scene Root	</parent>
		<transform>
			<row0>	0.5493 0.0000 0.8356 0.0000	</row0>
			<row1>	0.0000 1.0000 0.0000 0.0000	</row1>
			<row2>	-0.8356 0.0000 0.5493 0.0000	</row2>
			<row3>	0.4687 0.2704 0.5544 1.0000	</row3>
		</transform>
	</node>
	<node>
		<identifier>	MP_CM012_Fire_Hose_Rack_1	</identifier>
		<parent>	Scene Root	</parent>
		<transform>
			<row0>	-0.8348 0.0000 0.5505 0.0000	</row0>
			<row1>	0.0000 1.0000 0.0000 0.0000	</row1>
			<row2>	-0.5505 0.0000 -0.8348 0.0000	</row2>
			<row3>	0.4435 0.3373 0.5328 1.0000	</row3>
		</transform>
	</node>
	<node>
		<identifier>	MP_CM012_Fire_Hose_Rack_1_INDEX_1	</identifier>
		<parent>	Scene Root	</parent>
		<transform>
			<row0>	0.8351 0.0000 0.5501 0.0000	</row0>
			<row1>	0.0000 1.0000 0.0000 0.0000	</row1>
			<row2>	-0.5501 0.0000 0.8351 0.0000	</row2>
			<row3>	-0.4430 0.3373 0.5331 1.0000	</row3>
		</transform>
	</node>
	<node>
		<identifier>	MP_CM012_Fire_Hose_Rack_1_INDEX_10	</identifier>
		<parent>	Scene Root	</parent>
		<transform>
			<row0>	0.0000 0.0000 1.0000 0.0000	</row0>
			<row1>	0.0000 1.0000 0.0000 0.0000	</row1>
			<row2>	-1.0000 0.0000 0.0000 0.0000	</row2>
			<row3>	0.1131 0.5027 -1.9186 1.0000	</row3>
		</transform>
	</node>
	<node>
		<identifier>	MP_CM012_Fire_Hose_Rack_1_INDEX_11	</identifier>
		<parent>	Scene Root	</parent>
		<transform>
			<row0>	0.7300 0.0000 0.6834 0.0000	</row0>
			<row1>	0.0000 1.0000 0.0000 0.0000	</row1>
			<row2>	-0.6834 0.0000 0.7300 0.0000	</row2>
			<row3>	-0.4954 0.3373 -3.0548 1.0000	</row3>
		</transform>
	</node>
	<node>
		<identifier>	MP_CM012_Fire_Hose_Rack_1_INDEX_2	</identifier>
		<parent>	Scene Root	</parent>
		<transform>
			<row0>	-0.6770 0.0000 -0.7360 0.0000	</row0>
			<row1>	0.0000 1.0000 0.0000 0.0000	</row1>
			<row2>	0.7360 0.0000 -0.6770 0.0000	</row2>
			<row3>	0.5032 0.3373 -1.5865 1.0000	</row3>
		</transform>
	</node>
	<node>
		<identifier>	MP_CM012_Fire_Hose_Rack_1_INDEX_3	</identifier>
		<parent>	Scene Root	</parent>
		<transform>
			<row0>	0.0000 0.0000 1.0000 0.0000	</row0>
			<row1>	0.0000 1.0000 0.0000 0.0000	</row1>
			<row2>	-1.0000 0.0000 0.0000 0.0000	</row2>
			<row3>	-0.1131 0.5027 -1.9186 1.0000	</row3>
		</transform>
	</node>
	<node>
		<identifier>	MP_CM012_Fire_Hose_Rack_1_INDEX_4	</identifier>
		<parent>	Scene Root	</parent>
		<transform>
			<row0>	0.6798 0.0000 -0.7334 0.0000	</row0>
			<row1>	0.0000 1.0000 0.0000 0.0000	</row1>
			<row2>	0.7334 0.0000 0.6798 0.0000	</row2>
			<row3>	-0.5032 0.3373 -1.5865 1.0000	</row3>
		</transform>
	</node>
	<node>
		<identifier>	MP_CM012_Fire_Hose_Rack_1_INDEX_5	</identifier>
		<parent>	Scene Root	</parent>
		<transform>
			<row0>	0.0000 0.0000 -1.0000 0.0000	</row0>
			<row1>	0.0000 1.0000 0.0000 0.0000	</row1>
			<row2>	1.0000 0.0000 0.0000 0.0000	</row2>
			<row3>	-0.0894 0.8496 -0.9284 1.0000	</row3>
		</transform>
	</node>
	<node>
		<identifier>	MP_CM012_Fire_Hose_Rack_1_INDEX_6	</identifier>
		<parent>	Scene Root	</parent>
		<transform>
			<row0>	-0.7243 0.0000 0.6895 0.0000	</row0>
			<row1>	0.0000 1.0000 0.0000 0.0000	</row1>
			<row2>	-0.6895 0.0000 -0.7243 0.0000	</row2>
			<row3>	0.4954 0.3373 -3.0548 1.0000	</row3>
		</transform>
	</node>
	<node>
		<identifier>	MP_CM012_Fire_Hose_Rack_1_INDEX_7	</identifier>
		<parent>	Scene Root	</parent>
		<transform>
			<row0>	-1.0000 0.0000 0.0000 0.0000	</row0>
			<row1>	0.0000 1.0000 0.0000 0.0000	</row1>
			<row2>	0.0000 0.0000 -1.0000 0.0000	</row2>
			<row3>	0.4252 0.3373 -0.3806 1.0000	</row3>
		</transform>
	</node>
	<node>
		<identifier>	MP_CM012_Fire_Hose_Rack_1_INDEX_8	</identifier>
		<parent>	Scene Root	</parent>
		<transform>
			<row0>	1.0000 0.0000 0.0000 0.0000	</row0>
			<row1>	0.0000 1.0000 0.0000 0.0000	</row1>
			<row2>	0.0000 0.0000 1.0000 0.0000	</row2>
			<row3>	-0.4252 0.3373 -0.3806 1.0000	</row3>
		</transform>
	</node>
	<node>
		<identifier>	MP_CM012_Fire_Hose_Rack_1_INDEX_9	</identifier>
		<parent>	Scene Root	</parent>
		<transform>
			<row0>	0.0000 0.0000 -1.0000 0.0000	</row0>
			<row1>	0.0000 1.0000 0.0000 0.0000	</row1>
			<row2>	1.0000 0.0000 0.0000 0.0000	</row2>
			<row3>	-0.0963 0.5027 -0.0519 1.0000	</row3>
		</transform>
	</node>
	<node>
		<identifier>	MP_CM014_Fuel_Oil_Hose	</identifier>
		<parent>	Scene Root	</parent>
		<transform>
			<row0>	-1.0000 0.0000 0.0000 0.0000	</row0>
			<row1>	0.0000 -1.0000 0.0000 0.0000	</row1>
			<row2>	0.0000 0.0000 1.0000 0.0000	</row2>
			<row3>	0.5637 0.3031 -2.7066 1.0000	</row3>
		</transform>
	</node>
	<node>
		<identifier>	MP_CM014_Fuel_Oil_Hose_INDEX_1	</identifier>
		<parent>	Scene Root	</parent>
		<transform>
			<row0>	1.0000 0.0000 0.0000 0.0000	</row0>
			<row1>	0.0000 1.0000 0.0000 0.0000	</row1>
			<row2>	0.0000 0.0000 1.0000 0.0000	</row2>
			<row3>	-0.4262 0.3317 -0.5355 1.0000	</row3>
		</transform>
	</node>
	<node>
		<identifier>	MP_CM014_Fuel_Oil_Hose_INDEX_2	</identifier>
		<parent>	Scene Root	</parent>
		<transform>
			<row0>	1.0000 0.0000 0.0000 0.0000	</row0>
			<row1>	0.0000 1.0000 0.0000 0.0000	</row1>
			<row2>	0.0000 0.0000 1.0000 0.0000	</row2>
			<row3>	-0.4262 0.3028 -0.5355 1.0000	</row3>
		</transform>
	</node>
	<node>
		<identifier>	MP_CM014_Fuel_Oil_Hose_INDEX_3	</identifier>
		<parent>	Scene Root	</parent>
		<transform>
			<row0>	-1.0000 0.0000 0.0000 0.0000	</row0>
			<row1>	0.0000 -1.0000 0.0000 0.0000	</row1>
			<row2>	0.0000 0.0000 1.0000 0.0000	</row2>
			<row3>	0.5637 0.3317 -2.7065 1.0000	</row3>
		</transform>
	</node>
	<node>
		<identifier>	MP_CM014_Fuel_Oil_Hose_INDEX_4	</identifier>
		<parent>	Scene Root	</parent>
		<transform>
			<row0>	-1.0000 0.0000 0.0000 0.0000	</row0>
			<row1>	0.0000 -1.0000 0.0000 0.0000	</row1>
			<row2>	0.0000 0.0000 1.0000 0.0000	</row2>
			<row3>	0.4262 0.3028 -0.5355 1.0000	</row3>
		</transform>
	</node>
	<node>
		<identifier>	MP_CM014_Fuel_Oil_Hose_INDEX_5	</identifier>
		<parent>	Scene Root	</parent>
		<transform>
			<row0>	1.0000 0.0000 0.0000 0.0000	</row0>
			<row1>	0.0000 1.0000 0.0000 0.0000	</row1>
			<row2>	0.0000 0.0000 1.0000 0.0000	</row2>
			<row3>	-0.5637 0.3031 -2.7066 1.0000	</row3>
		</transform>
	</node>
	<node>
		<identifier>	MP_CM014_Fuel_Oil_Hose_INDEX_6	</identifier>
		<parent>	Scene Root	</parent>
		<transform>
			<row0>	-1.0000 0.0000 0.0000 0.0000	</row0>
			<row1>	0.0000 -1.0000 0.0000 0.0000	</row1>
			<row2>	0.0000 0.0000 1.0000 0.0000	</row2>
			<row3>	0.4262 0.3317 -0.5355 1.0000	</row3>
		</transform>
	</node>
	<node>
		<identifier>	MP_CM014_Fuel_Oil_Hose_INDEX_7	</identifier>
		<parent>	Scene Root	</parent>
		<transform>
			<row0>	1.0000 0.0000 0.0000 0.0000	</row0>
			<row1>	0.0000 1.0000 0.0000 0.0000	</row1>
			<row2>	0.0000 0.0000 1.0000 0.0000	</row2>
			<row3>	-0.5637 0.3317 -2.7065 1.0000	</row3>
		</transform>
	</node>
	<node>
		<identifier>	MP_CM029_Emergency_Box	</identifier>
		<parent>	Scene Root	</parent>
		<transform>
			<row0>	0.5514 0.0000 -0.8342 0.0000	</row0>
			<row1>	0.0000 1.0000 0.0000 0.0000	</row1>
			<row2>	0.8342 0.0000 0.5514 0.0000	</row2>
			<row3>	-0.5125 0.3433 0.6269 1.0000	</row3>
		</transform>
	</node>
	<node>
		<identifier>	MP_CM029_Emergency_Box_INDEX_1	</identifier>
		<parent>	Scene Root	</parent>
		<transform>
			<row0>	-0.5547 0.0000 -0.8321 0.0000	</row0>
			<row1>	0.0000 1.0000 0.0000 0.0000	</row1>
			<row2>	0.8321 0.0000 -0.5547 0.0000	</row2>
			<row3>	-0.1224 1.0170 -1.1195 1.0000	</row3>
		</transform>
	</node>
	<node>
		<identifier>	MP_CM029_Emergency_Box_INDEX_2	</identifier>
		<parent>	Scene Root	</parent>
		<transform>
			<row0>	1.0000 0.0000 0.0000 0.0000	</row0>
			<row1>	0.0000 1.0000 0.0000 0.0000	</row1>
			<row2>	0.0000 0.0000 1.0000 0.0000	</row2>
			<row3>	0.0647 0.8583 -1.4802 1.0000	</row3>
		</transform>
	</node>
	<node>
		<identifier>	MP_CM029_Emergency_Box_INDEX_3	</identifier>
		<parent>	Scene Root	</parent>
		<transform>
			<row0>	0.0000 0.0000 -1.0000 0.0000	</row0>
			<row1>	0.0000 1.0000 0.0000 0.0000	</row1>
			<row2>	1.0000 0.0000 0.0000 0.0000	</row2>
			<row3>	-0.5676 0.3483 -2.9271 1.0000	</row3>
		</transform>
	</node>
	<node>
		<identifier>	MP_CM029_Emergency_Box_INDEX_4	</identifier>
		<parent>	Scene Root	</parent>
		<transform>
			<row0>	-0.5547 0.0000 0.8321 0.0000	</row0>
			<row1>	0.0000 1.0000 0.0000 0.0000	</row1>
			<row2>	-0.8321 0.0000 -0.5547 0.0000	</row2>
			<row3>	0.1224 1.0170 -1.1195 1.0000	</row3>
		</transform>
	</node>
	<node>
		<identifier>	MP_CM029_Emergency_Box_INDEX_5	</identifier>
		<parent>	Scene Root	</parent>
		<transform>
			<row0>	0.0000 0.0000 1.0000 0.0000	</row0>
			<row1>	0.0000 1.0000 0.0000 0.0000	</row1>
			<row2>	-1.0000 0.0000 0.0000 0.0000	</row2>
			<row3>	0.5676 0.3483 -2.9271 1.0000	</row3>
		</transform>
	</node>
	<node>
		<identifier>	MP_CM029_Emergency_Box_INDEX_6	</identifier>
		<parent>	Scene Root	</parent>
		<transform>
			<row0>	0.5514 0.0000 0.8342 0.0000	</row0>
			<row1>	0.0000 1.0000 0.0000 0.0000	</row1>
			<row2>	-0.8342 0.0000 0.5514 0.0000	</row2>
			<row3>	0.5125 0.3433 0.6269 1.0000	</row3>
		</transform>
	</node>
	<node>
		<identifier>	MP_CM029_Emergency_Box_INDEX_7	</identifier>
		<parent>	Scene Root	</parent>
		<transform>
			<row0>	0.0000 0.0000 1.0000 0.0000	</row0>
			<row1>	0.0000 1.0000 0.0000 0.0000	</row1>
			<row2>	-1.0000 0.0000 0.0000 0.0000	</row2>
			<row3>	0.4308 0.3483 -0.7012 1.0000	</row3>
		</transform>
	</node>
	<node>
		<identifier>	MP_CM029_Emergency_Box_INDEX_8	</identifier>
		<parent>	Scene Root	</parent>
		<transform>
			<row0>	0.0000 0.0000 -1.0000 0.0000	</row0>
			<row1>	0.0000 1.0000 0.0000 0.0000	</row1>
			<row2>	1.0000 0.0000 0.0000 0.0000	</row2>
			<row3>	-0.4308 0.3483 -0.7012 1.0000	</row3>
		</transform>
	</node>
	<node>
		<identifier>	MP_CM029_Emergency_Box_INDEX_9	</identifier>
		<parent>	Scene Root	</parent>
		<transform>
			<row0>	-1.0000 0.0000 0.0000 0.0000	</row0>
			<row1>	0.0000 1.0000 0.0000 0.0000	</row1>
			<row2>	0.0000 0.0000 -1.0000 0.0000	</row2>
			<row3>	0.0889 0.5044 -0.0464 1.0000	</row3>
		</transform>
	</node>
	<node>
		<identifier>	MP_CM030_Swab_Rack_2	</identifier>
		<parent>	Scene Root	</parent>
		<transform>
			<row0>	-0.3843 0.0000 0.9232 0.0000	</row0>
			<row1>	0.0000 1.0000 0.0000 0.0000	</row1>
			<row2>	-0.9232 0.0000 -0.3843 0.0000	</row2>
			<row3>	-0.2668 0.2692 0.2493 1.0000	</row3>
		</transform>
	</node>
	<node>
		<identifier>	MP_CM030_Swab_Rack_2_INDEX_1	</identifier>
		<parent>	Scene Root	</parent>
		<transform>
			<row0>	-1.0000 0.0000 0.0000 0.0000	</row0>
			<row1>	0.0000 1.0000 0.0000 0.0000	</row1>
			<row2>	0.0000 0.0000 -1.0000 0.0000	</row2>
			<row3>	0.0000 0.4297 -1.9183 1.0000	</row3>
		</transform>
	</node>
	<node>
		<identifier>	MP_CM030_Swab_Rack_2_INDEX_2	</identifier>
		<parent>	Scene Root	</parent>
		<transform>
			<row0>	-0.3843 0.0000 -0.9232 0.0000	</row0>
			<row1>	0.0000 1.0000 0.0000 0.0000	</row1>
			<row2>	0.9232 0.0000 -0.3843 0.0000	</row2>
			<row3>	0.2668 0.2692 0.2493 1.0000	</row3>
		</transform>
	</node>
	<node>
		<identifier>	MP_CM033_Propeller4_R	</identifier>
		<parent>	Scene Root	</parent>
		<transform>
			<row0>	1.1096 0.0002 0.0303 0.0000	</row0>
			<row1>	0.0000 1.1099 -0.0111 0.0000	</row1>
			<row2>	-0.0303 0.0111 1.1095 0.0000	</row2>
			<row3>	0.5280 -0.4767 -4.7178 1.0000	</row3>
		</transform>
	</node>
	<node>
		<identifier>	MP_CM052_Fender	</identifier>
		<parent>	Scene Root	</parent>
		<transform>
			<row0>	-0.5509 0.0000 -0.8346 0.0000	</row0>
			<row1>	0.0000 1.0000 0.0000 0.0000	</row1>
			<row2>	0.8346 0.0000 -0.5509 0.0000	</row2>
			<row3>	0.7861 0.2755 0.9991 1.0000	</row3>
		</transform>
	</node>
	<node>
		<identifier>	MP_CM052_Fender_INDEX_1	</identifier>
		<parent>	Scene Root	</parent>
		<transform>
			<row0>	-0.5509 0.0000 -0.8346 0.0000	</row0>
			<row1>	0.0000 1.0000 0.0000 0.0000	</row1>
			<row2>	0.8346 0.0000 -0.5509 0.0000	</row2>
			<row3>	0.7346 0.2755 0.9210 1.0000	</row3>
		</transform>
	</node>
	<node>
		<identifier>	MP_CM052_Fender_INDEX_2	</identifier>
		<parent>	Scene Root	</parent>
		<transform>
			<row0>	-0.5509 0.0000 0.8346 0.0000	</row0>
			<row1>	0.0000 1.0000 0.0000 0.0000	</row1>
			<row2>	-0.8346 0.0000 -0.5509 0.0000	</row2>
			<row3>	-0.7346 0.2755 0.9210 1.0000	</row3>
		</transform>
	</node>
	<node>
		<identifier>	MP_CM052_Fender_INDEX_3	</identifier>
		<parent>	Scene Root	</parent>
		<transform>
			<row0>	-0.5509 0.0000 0.8346 0.0000	</row0>
			<row1>	0.0000 1.0000 0.0000 0.0000	</row1>
			<row2>	-0.8346 0.0000 -0.5509 0.0000	</row2>
			<row3>	-0.7861 0.2755 0.9991 1.0000	</row3>
		</transform>
	</node>
	<node>
		<identifier>	MP_CM079_Fender	</identifier>
		<parent>	Scene Root	</parent>
		<transform>
			<row0>	-0.0023 0.0000 -1.0000 0.0000	</row0>
			<row1>	-1.0000 0.0000 0.0023 0.0000	</row1>
			<row2>	0.0000 1.0000 0.0000 0.0000	</row2>
			<row3>	0.9037 0.2692 -0.1347 1.0000	</row3>
		</transform>
	</node>
	<node>
		<identifier>	MP_CM079_Fender_INDEX_1	</identifier>
		<parent>	Scene Root	</parent>
		<transform>
			<row0>	-0.0468 0.0000 0.9989 0.0000	</row0>
			<row1>	0.9989 0.0000 0.0468 0.0000	</row1>
			<row2>	0.0000 1.0000 0.0000 0.0000	</row2>
			<row3>	-0.8290 0.2692 -2.8935 1.0000	</row3>
		</transform>
	</node>
	<node>
		<identifier>	MP_CM079_Fender_INDEX_2	</identifier>
		<parent>	Scene Root	</parent>
		<transform>
			<row0>	-0.0023 0.0000 1.0000 0.0000	</row0>
			<row1>	1.0000 0.0000 0.0023 0.0000	</row1>
			<row2>	0.0000 1.0000 0.0000 0.0000	</row2>
			<row3>	-0.9037 0.2692 -0.1347 1.0000	</row3>
		</transform>
	</node>
	<node>
		<identifier>	MP_CM079_Fender_INDEX_3	</identifier>
		<parent>	Scene Root	</parent>
		<transform>
			<row0>	-0.0175 0.0000 0.9998 0.0000	</row0>
			<row1>	0.9998 0.0000 0.0175 0.0000	</row1>
			<row2>	0.0000 1.0000 0.0000 0.0000	</row2>
			<row3>	-0.8850 0.2692 -1.4369 1.0000	</row3>
		</transform>
	</node>
	<node>
		<identifier>	MP_CM079_Fender_INDEX_4	</identifier>
		<parent>	Scene Root	</parent>
		<transform>
			<row0>	-0.0468 0.0000 -0.9989 0.0000	</row0>
			<row1>	-0.9989 0.0000 0.0468 0.0000	</row1>
			<row2>	0.0000 1.0000 0.0000 0.0000	</row2>
			<row3>	0.8290 0.2692 -2.8935 1.0000	</row3>
		</transform>
	</node>
	<node>
		<identifier>	MP_CM079_Fender_INDEX_5	</identifier>
		<parent>	Scene Root	</parent>
		<transform>
			<row0>	-0.0175 0.0000 -0.9998 0.0000	</row0>
			<row1>	-0.9998 0.0000 0.0175 0.0000	</row1>
			<row2>	0.0000 1.0000 0.0000 0.0000	</row2>
			<row3>	0.8850 0.2692 -1.4369 1.0000	</row3>
		</transform>
	</node>
	<node>
		<identifier>	MP_CM079_Fender_INDEX_6	</identifier>
		<parent>	Scene Root	</parent>
		<transform>
			<row0>	-0.0937 0.0000 0.9956 0.0000	</row0>
			<row1>	0.9956 0.0000 0.0937 0.0000	</row1>
			<row2>	0.0000 1.0000 0.0000 0.0000	</row2>
			<row3>	-0.7341 0.2692 -4.2964 1.0000	</row3>
		</transform>
	</node>
	<node>
		<identifier>	MP_CM079_Fender_INDEX_7	</identifier>
		<parent>	Scene Root	</parent>
		<transform>
			<row0>	-0.0937 0.0000 -0.9956 0.0000	</row0>
			<row1>	-0.9956 0.0000 0.0937 0.0000	</row1>
			<row2>	0.0000 1.0000 0.0000 0.0000	</row2>
			<row3>	0.7341 0.2692 -4.2964 1.0000	</row3>
		</transform>
	</node>
	<node>
		<identifier>	MP_FM953_Anchor_Capstan	</identifier>
		<parent>	Scene Root	</parent>
		<transform>
			<row0>	1.0000 0.0000 0.0000 0.0000	</row0>
			<row1>	0.0000 1.0000 0.0000 0.0000	</row1>
			<row2>	0.0000 0.0000 1.0000 0.0000	</row2>
			<row3>	0.0000 0.2692 -4.8017 1.0000	</row3>
		</transform>
	</node>
	<node>
		<identifier>	MP_WM5049_Reels	</identifier>
		<parent>	Scene Root	</parent>
		<transform>
			<row0>	0.6057 0.0000 0.9182 0.0000	</row0>
			<row1>	0.9182 0.0000 -0.6057 0.0000	</row1>
			<row2>	0.0000 1.1000 0.0000 0.0000	</row2>
			<row3>	0.5885 0.3341 0.7534 1.0000	</row3>
		</transform>
	</node>
	<node>
		<identifier>	MP_WM5049_Reels_INDEX_1	</identifier>
		<parent>	Scene Root	</parent>
		<transform>
			<row0>	1.1000 0.0000 0.0000 0.0000	</row0>
			<row1>	0.0000 1.1000 0.0000 0.0000	</row1>
			<row2>	0.0000 0.0000 1.1000 0.0000	</row2>
			<row3>	0.0000 0.2704 -3.4762 1.0000	</row3>
		</transform>
	</node>
	<node>
		<identifier>	MP_WM5049_Reels_INDEX_2	</identifier>
		<parent>	Scene Root	</parent>
		<transform>
			<row0>	0.6057 0.0000 -0.9182 0.0000	</row0>
			<row1>	-0.9182 0.0000 -0.6057 0.0000	</row1>
			<row2>	0.0000 1.1000 0.0000 0.0000	</row2>
			<row3>	-0.5885 0.3341 0.7534 1.0000	</row3>
		</transform>
	</node>
	<node>
		<identifier>	MP_WM5049_Reels_INDEX_3	</identifier>
		<parent>	Scene Root	</parent>
		<transform>
			<row0>	1.1000 0.0000 0.0000 0.0000	</row0>
			<row1>	0.0000 1.1000 0.0000 0.0000	</row1>
			<row2>	0.0000 0.0000 1.1000 0.0000	</row2>
			<row3>	0.3093 0.2704 -4.5369 1.0000	</row3>
		</transform>
	</node>
	<node>
		<identifier>	MP_WM5049_Reels_INDEX_4	</identifier>
		<parent>	Scene Root	</parent>
		<transform>
			<row0>	1.1000 0.0000 0.0000 0.0000	</row0>
			<row1>	0.0000 1.1000 0.0000 0.0000	</row1>
			<row2>	0.0000 0.0000 1.1000 0.0000	</row2>
			<row3>	-0.3093 0.2704 -4.5369 1.0000	</row3>
		</transform>
	</node>
	<node>
		<identifier>	MP_WM5050_Mastheadlight	</identifier>
		<parent>	Scene Root	</parent>
		<transform>
			<row0>	-1.0000 0.0000 0.0000 0.0000	</row0>
			<row1>	0.0000 1.0000 0.0000 0.0000	</row1>
			<row2>	0.0000 0.0000 -1.0000 0.0000	</row2>
			<row3>	0.0000 2.0691 -1.2391 1.0000	</row3>
		</transform>
	</node>
	<node>
		<identifier>	MP_WM5050_Mastheadlight_INDEX_1	</identifier>
		<parent>	Scene Root	</parent>
		<transform>
			<row0>	1.0000 0.0000 0.0000 0.0000	</row0>
			<row1>	0.0000 1.0000 0.0000 0.0000	</row1>
			<row2>	0.0000 0.0000 1.0000 0.0000	</row2>
			<row3>	0.0000 2.4349 -1.1567 1.0000	</row3>
		</transform>
	</node>
	<node>
		<identifier>	MP_WM5050_Mastheadlight_INDEX_2	</identifier>
		<parent>	Scene Root	</parent>
		<transform>
			<row0>	-1.0000 0.0000 0.0000 0.0000	</row0>
			<row1>	0.0000 1.0000 0.0000 0.0000	</row1>
			<row2>	0.0000 0.0000 -1.0000 0.0000	</row2>
			<row3>	0.0000 1.8996 -1.2391 1.0000	</row3>
		</transform>
	</node>
	<node>
		<identifier>	MP_WM5053_Bench	</identifier>
		<parent>	Scene Root	</parent>
		<transform>
			<row0>	0.0000 0.0000 1.0000 0.0000	</row0>
			<row1>	0.0000 1.0000 0.0000 0.0000	</row1>
			<row2>	-1.0000 0.0000 0.0000 0.0000	</row2>
			<row3>	0.1407 0.2689 -4.6103 1.0000	</row3>
		</transform>
	</node>
	<node>
		<identifier>	MP_WM5053_Bench_INDEX_1	</identifier>
		<parent>	Scene Root	</parent>
		<transform>
			<row0>	0.0000 0.0000 -1.0000 0.0000	</row0>
			<row1>	0.0000 1.0000 0.0000 0.0000	</row1>
			<row2>	1.0000 0.0000 0.0000 0.0000	</row2>
			<row3>	-0.1407 0.2689 -4.6103 1.0000	</row3>
		</transform>
	</node>
	<node>
		<identifier>	MP_WM5073_Rafts_5in	</identifier>
		<parent>	Scene Root	</parent>
		<transform>
			<row0>	0.9990 0.0000 0.0436 0.0000	</row0>
			<row1>	0.0000 1.0000 0.0000 0.0000	</row1>
			<row2>	-0.0436 0.0000 0.9990 0.0000	</row2>
			<row3>	0.8451 0.4305 1.2796 1.0000	</row3>
		</transform>
	</node>
	<node>
		<identifier>	MP_WM5073_Rafts_5in_INDEX_1	</identifier>
		<parent>	Scene Root	</parent>
		<transform>
			<row0>	0.9990 0.0000 0.0436 0.0000	</row0>
			<row1>	0.0000 1.0000 0.0000 0.0000	</row1>
			<row2>	-0.0436 0.0000 0.9990 0.0000	</row2>
			<row3>	0.8386 0.4305 1.4276 1.0000	</row3>
		</transform>
	</node>
	<node>
		<identifier>	MP_WM5073_Rafts_5in_INDEX_2	</identifier>
		<parent>	Scene Root	</parent>
		<transform>
			<row0>	0.9990 0.0000 -0.0436 0.0000	</row0>
			<row1>	0.0000 1.0000 0.0000 0.0000	</row1>
			<row2>	0.0436 0.0000 0.9990 0.0000	</row2>
			<row3>	-0.8451 0.4305 1.2796 1.0000	</row3>
		</transform>
	</node>
	<node>
		<identifier>	MP_WM5073_Rafts_5in_INDEX_3	</identifier>
		<parent>	Scene Root	</parent>
		<transform>
			<row0>	0.9990 0.0000 -0.0436 0.0000	</row0>
			<row1>	0.0000 1.0000 0.0000 0.0000	</row1>
			<row2>	0.0436 0.0000 0.9990 0.0000	</row2>
			<row3>	-0.8386 0.4305 1.4276 1.0000	</row3>
		</transform>
	</node>
	<node>
		<identifier>	MP_WM5074_5m_yawl	</identifier>
		<parent>	Scene Root	</parent>
		<transform>
			<row0>	-1.0000 0.0000 0.0000 0.0000	</row0>
			<row1>	0.0000 1.0000 0.0000 0.0000	</row1>
			<row2>	0.0000 0.0000 -1.0000 0.0000	</row2>
			<row3>	-0.6495 0.3205 -1.7656 1.0000	</row3>
		</transform>
	</node>
	<node>
		<identifier>	MP_WM5074_5m_yawl_INDEX_1	</identifier>
		<parent>	Scene Root	</parent>
		<transform>
			<row0>	-1.0000 0.0000 0.0000 0.0000	</row0>
			<row1>	0.0000 1.0000 0.0000 0.0000	</row1>
			<row2>	0.0000 0.0000 -1.0000 0.0000	</row2>
			<row3>	0.6495 0.3205 -1.7656 1.0000	</row3>
		</transform>
	</node>
	<node>
		<identifier>	MP_WM5075_8_5m_whaleboat	</identifier>
		<parent>	Scene Root	</parent>
		<transform>
			<row0>	1.0000 0.0000 0.0000 0.0000	</row0>
			<row1>	0.0000 1.0000 0.0000 0.0000	</row1>
			<row2>	0.0000 0.0000 1.0000 0.0000	</row2>
			<row3>	-0.6469 0.2892 -0.5161 1.0000	</row3>
		</transform>
	</node>
	<node>
		<identifier>	MP_WM5075_8_5m_whaleboat_INDEX_1	</identifier>
		<parent>	Scene Root	</parent>
		<transform>
			<row0>	1.0000 0.0000 0.0000 0.0000	</row0>
			<row1>	0.0000 1.0000 0.0000 0.0000	</row1>
			<row2>	0.0000 0.0000 1.0000 0.0000	</row2>
			<row3>	0.6469 0.2892 -0.5161 1.0000	</row3>
		</transform>
	</node>
	<node>
		<identifier>	MP_WM5077_Ammunition_Box	</identifier>
		<parent>	Scene Root	</parent>
		<transform>
			<row0>	1.0000 0.0000 0.0000 0.0000	</row0>
			<row1>	0.0000 1.0000 0.0000 0.0000	</row1>
			<row2>	0.0000 0.0000 1.0000 0.0000	</row2>
			<row3>	-0.5282 0.2692 -4.0375 1.0000	</row3>
		</transform>
	</node>
	<node>
		<identifier>	MP_WM5077_Ammunition_Box_INDEX_1	</identifier>
		<parent>	Scene Root	</parent>
		<transform>
			<row0>	1.0000 0.0000 0.0000 0.0000	</row0>
			<row1>	0.0000 1.0000 0.0000 0.0000	</row1>
			<row2>	0.0000 0.0000 1.0000 0.0000	</row2>
			<row3>	0.5282 0.2692 -4.0375 1.0000	</row3>
		</transform>
	</node>
	<node>
		<identifier>	MP_WM5077_Ammunition_Box_INDEX_2	</identifier>
		<parent>	Scene Root	</parent>
		<transform>
			<row0>	1.0000 0.0000 0.0000 0.0000	</row0>
			<row1>	0.0000 1.0000 0.0000 0.0000	</row1>
			<row2>	0.0000 0.0000 1.0000 0.0000	</row2>
			<row3>	-0.5414 0.2692 -3.5566 1.0000	</row3>
		</transform>
	</node>
	<node>
		<identifier>	MP_WM5077_Ammunition_Box_INDEX_3	</identifier>
		<parent>	Scene Root	</parent>
		<transform>
			<row0>	1.0000 0.0000 0.0000 0.0000	</row0>
			<row1>	0.0000 1.0000 0.0000 0.0000	</row1>
			<row2>	0.0000 0.0000 1.0000 0.0000	</row2>
			<row3>	0.5414 0.2692 -3.5566 1.0000	</row3>
		</transform>
	</node>
	<node>
		<identifier>	MP_WM5080_Ventilation	</identifier>
		<parent>	Scene Root	</parent>
		<transform>
			<row0>	0.7071 0.0000 -0.7071 0.0000	</row0>
			<row1>	0.0000 1.0000 0.0000 0.0000	</row1>
			<row2>	0.7071 0.0000 0.7071 0.0000	</row2>
			<row3>	-0.3642 0.2677 -3.2436 1.0000	</row3>
		</transform>
	</node>
	<node>
		<identifier>	MP_WM5080_Ventilation_INDEX_1	</identifier>
		<parent>	Scene Root	</parent>
		<transform>
			<row0>	-1.0000 0.0000 0.0000 0.0000	</row0>
			<row1>	0.0000 1.0000 0.0000 0.0000	</row1>
			<row2>	0.0000 0.0000 -1.0000 0.0000	</row2>
			<row3>	-0.3784 0.4241 1.0010 1.0000	</row3>
		</transform>
	</node>
	<node>
		<identifier>	MP_WM5080_Ventilation_INDEX_2	</identifier>
		<parent>	Scene Root	</parent>
		<transform>
			<row0>	0.7071 0.0000 0.7071 0.0000	</row0>
			<row1>	0.0000 1.0000 0.0000 0.0000	</row1>
			<row2>	-0.7071 0.0000 0.7071 0.0000	</row2>
			<row3>	0.3642 0.2677 -3.2436 1.0000	</row3>
		</transform>
	</node>
	<node>
		<identifier>	MP_WM5080_Ventilation_INDEX_3	</identifier>
		<parent>	Scene Root	</parent>
		<transform>
			<row0>	-1.0000 0.0000 0.0000 0.0000	</row0>
			<row1>	0.0000 1.0000 0.0000 0.0000	</row1>
			<row2>	0.0000 0.0000 -1.0000 0.0000	</row2>
			<row3>	0.3784 0.4241 1.0010 1.0000	</row3>
		</transform>
	</node>
	<node>
		<identifier>	MP_WM5088_Bollard	</identifier>
		<parent>	Scene Root	</parent>
		<transform>
			<row0>	1.2998 0.0000 -0.0204 0.0000	</row0>
			<row1>	0.0000 1.3000 0.0000 0.0000	</row1>
			<row2>	0.0204 0.0000 1.2998 0.0000	</row2>
			<row3>	-0.9244 0.2726 0.7420 1.0000	</row3>
		</transform>
	</node>
	<node>
		<identifier>	MP_WM5088_Bollard_INDEX_1	</identifier>
		<parent>	Scene Root	</parent>
		<transform>
			<row0>	1.2998 0.0000 0.0204 0.0000	</row0>
			<row1>	0.0000 1.3000 0.0000 0.0000	</row1>
			<row2>	-0.0204 0.0000 1.2998 0.0000	</row2>
			<row3>	0.9244 0.2726 0.7420 1.0000	</row3>
		</transform>
	</node>
	<node>
		<identifier>	MP_WM5088_Bollard_INDEX_2	</identifier>
		<parent>	Scene Root	</parent>
		<transform>
			<row0>	1.2986 0.0000 -0.0612 0.0000	</row0>
			<row1>	0.0000 1.3000 0.0000 0.0000	</row1>
			<row2>	0.0612 0.0000 1.2986 0.0000	</row2>
			<row3>	0.8613 0.2726 -2.6815 1.0000	</row3>
		</transform>
	</node>
	<node>
		<identifier>	MP_WM5088_Bollard_INDEX_3	</identifier>
		<parent>	Scene Root	</parent>
		<transform>
			<row0>	1.2872 0.0000 0.1817 0.0000	</row0>
			<row1>	0.0000 1.3000 0.0000 0.0000	</row1>
			<row2>	-0.1817 0.0000 1.2872 0.0000	</row2>
			<row3>	-0.6918 0.2726 -4.8340 1.0000	</row3>
		</transform>
	</node>
	<node>
		<identifier>	MP_WM5088_Bollard_INDEX_4	</identifier>
		<parent>	Scene Root	</parent>
		<transform>
			<row0>	1.2986 0.0000 0.0612 0.0000	</row0>
			<row1>	0.0000 1.3000 0.0000 0.0000	</row1>
			<row2>	-0.0612 0.0000 1.2986 0.0000	</row2>
			<row3>	-0.8613 0.2726 -2.6815 1.0000	</row3>
		</transform>
	</node>
	<node>
		<identifier>	MP_WM5088_Bollard_INDEX_5	</identifier>
		<parent>	Scene Root	</parent>
		<transform>
			<row0>	1.2872 0.0000 -0.1817 0.0000	</row0>
			<row1>	0.0000 1.3000 0.0000 0.0000	</row1>
			<row2>	0.1817 0.0000 1.2872 0.0000	</row2>
			<row3>	0.6918 0.2726 -4.8340 1.0000	</row3>
		</transform>
	</node>
	<node>
		<identifier>	MP_WM5089_Winch	</identifier>
		<parent>	Scene Root	</parent>
		<transform>
			<row0>	0.0000 0.0000 -1.0000 0.0000	</row0>
			<row1>	0.0000 1.0000 0.0000 0.0000	</row1>
			<row2>	1.0000 0.0000 0.0000 0.0000	</row2>
			<row3>	0.5411 0.2689 -3.7684 1.0000	</row3>
		</transform>
	</node>
	<node>
		<identifier>	MP_WM5089_Winch_INDEX_1	</identifier>
		<parent>	Scene Root	</parent>
		<transform>
			<row0>	0.0000 0.0000 -1.0000 0.0000	</row0>
			<row1>	0.0000 1.0000 0.0000 0.0000	</row1>
			<row2>	1.0000 0.0000 0.0000 0.0000	</row2>
			<row3>	0.4736 0.4300 1.1088 1.0000	</row3>
		</transform>
	</node>
	<node>
		<identifier>	MP_WM5089_Winch_INDEX_2	</identifier>
		<parent>	Scene Root	</parent>
		<transform>
			<row0>	0.0000 0.0000 1.0000 0.0000	</row0>
			<row1>	0.0000 1.0000 0.0000 0.0000	</row1>
			<row2>	-1.0000 0.0000 0.0000 0.0000	</row2>
			<row3>	-0.4736 0.4300 1.1088 1.0000	</row3>
		</transform>
	</node>
	<node>
		<identifier>	MP_WM5089_Winch_INDEX_3	</identifier>
		<parent>	Scene Root	</parent>
		<transform>
			<row0>	-0.6776 0.0000 0.7354 0.0000	</row0>
			<row1>	0.0000 1.0000 0.0000 0.0000	</row1>
			<row2>	-0.7354 0.0000 -0.6776 0.0000	</row2>
			<row3>	-0.3169 0.4300 -1.8450 1.0000	</row3>
		</transform>
	</node>
	<node>
		<identifier>	MP_WM5089_Winch_INDEX_4	</identifier>
		<parent>	Scene Root	</parent>
		<transform>
			<row0>	0.0000 0.0000 1.0000 0.0000	</row0>
			<row1>	0.0000 1.0000 0.0000 0.0000	</row1>
			<row2>	-1.0000 0.0000 0.0000 0.0000	</row2>
			<row3>	-0.5411 0.2689 -3.7684 1.0000	</row3>
		</transform>
	</node>
	<node>
		<identifier>	MP_WM5089_Winch_INDEX_5	</identifier>
		<parent>	Scene Root	</parent>
		<transform>
			<row0>	-0.6776 0.0000 -0.7354 0.0000	</row0>
			<row1>	0.0000 1.0000 0.0000 0.0000	</row1>
			<row2>	0.7354 0.0000 -0.6776 0.0000	</row2>
			<row3>	0.3169 0.4300 -1.8450 1.0000	</row3>
		</transform>
	</node>
	<node>
		<identifier>	MP_WM611_Telephone	</identifier>
		<parent>	Scene Root	</parent>
		<transform>
			<row0>	-0.8308 0.0000 0.5566 0.0000	</row0>
			<row1>	0.0000 1.0000 0.0000 0.0000	</row1>
			<row2>	-0.5566 0.0000 -0.8308 0.0000	</row2>
			<row3>	0.0780 1.0221 -1.0841 1.0000	</row3>
		</transform>
	</node>
	<node>
		<identifier>	MP_WM611_Telephone_INDEX_1	</identifier>
		<parent>	Scene Root	</parent>
		<transform>
			<row0>	1.0000 0.0000 0.0000 0.0000	</row0>
			<row1>	0.0000 1.0000 0.0000 0.0000	</row1>
			<row2>	0.0000 0.0000 1.0000 0.0000	</row2>
			<row3>	0.1060 0.8677 -1.4739 1.0000	</row3>
		</transform>
	</node>
	<node>
		<identifier>	MP_WM618_Voice_Tube	</identifier>
		<parent>	Scene Root	</parent>
		<transform>
			<row0>	-1.0000 0.0000 0.0000 0.0000	</row0>
			<row1>	0.0000 1.0000 0.0000 0.0000	</row1>
			<row2>	0.0000 0.0000 -1.0000 0.0000	</row2>
			<row3>	0.1154 0.7726 -0.9214 1.0000	</row3>
		</transform>
	</node>
</WSB302_Lyon_1944_MidBack.skel_ext>
