<ZSC308_Lanzhou_1952_MidFront_ports.visual>
	<skeleton>
		<node>
			<identifier>	Scene Root	</identifier>
			<transform>
				<row0>	1.0000 0.0000 0.0000 0.0000	</row0>
				<row1>	0.0000 1.0000 0.0000 0.0000	</row1>
				<row2>	0.0000 0.0000 1.0000 0.0000	</row2>
				<row3>	0.0000 0.0000 0.0000 1.0000	</row3>
			</transform>
			<node>
				<identifier>	MidFront_ports	</identifier>
				<transform>
					<row0>	1.0000 0.0000 0.0000 0.0000	</row0>
					<row1>	0.0000 1.0000 0.0000 0.0000	</row1>
					<row2>	0.0000 0.0000 1.0000 0.0000	</row2>
					<row3>	0.0000 0.0000 0.0000 1.0000	</row3>
				</transform>
				<node>
					<identifier>	HP_FX_Death_2	</identifier>
					<transform>
						<row0>	1.0000 0.0000 0.0000 0.0000	</row0>
						<row1>	0.0000 1.0000 0.0000 0.0000	</row1>
						<row2>	0.0000 0.0000 1.0000 0.0000	</row2>
						<row3>	0.0000 0.0000 0.1739 1.0000	</row3>
					</transform>
				</node>
				<node>
					<identifier>	HP_FX_Fire_2	</identifier>
					<transform>
						<row0>	1.0000 0.0000 0.0000 0.0000	</row0>
						<row1>	0.0000 1.0000 0.0000 0.0000	</row1>
						<row2>	0.0000 0.0000 1.0000 0.0000	</row2>
						<row3>	0.0000 0.9586 1.8225 1.0000	</row3>
					</transform>
				</node>
				<node>
					<identifier>	HP_FX_Fire_2_side_1	</identifier>
					<transform>
						<row0>	1.0000 0.0000 0.0000 0.0000	</row0>
						<row1>	0.0000 1.0000 0.0000 0.0000	</row1>
						<row2>	0.0000 0.0000 1.0000 0.0000	</row2>
						<row3>	-0.4278 0.3232 2.8913 1.0000	</row3>
					</transform>
				</node>
				<node>
					<identifier>	HP_FX_Fire_2_side_2	</identifier>
					<transform>
						<row0>	1.0000 0.0000 0.0000 0.0000	</row0>
						<row1>	0.0000 1.0000 0.0000 0.0000	</row1>
						<row2>	0.0000 0.0000 1.0000 0.0000	</row2>
						<row3>	0.3587 0.5736 1.6394 1.0000	</row3>
					</transform>
				</node>
				<node>
					<identifier>	HP_FX_Fire_2_side_3	</identifier>
					<transform>
						<row0>	1.0000 0.0000 0.0000 0.0000	</row0>
						<row1>	0.0000 1.0000 0.0000 0.0000	</row1>
						<row2>	0.0000 0.0000 1.0000 0.0000	</row2>
						<row3>	-0.2162 0.4546 0.3487 1.0000	</row3>
					</transform>
				</node>
				<node>
					<identifier>	HP_FX_FloodLight_left_2	</identifier>
					<transform>
						<row0>	-1.0000 0.0000 0.0000 0.0000	</row0>
						<row1>	0.0000 1.0000 0.0000 0.0000	</row1>
						<row2>	0.0000 0.0000 -1.0000 0.0000	</row2>
						<row3>	-0.1080 1.1967 1.6961 1.0000	</row3>
					</transform>
				</node>
				<node>
					<identifier>	HP_FX_FloodLight_right_2	</identifier>
					<transform>
						<row0>	1.0000 0.0000 0.0000 0.0000	</row0>
						<row1>	0.0000 1.0000 0.0000 0.0000	</row1>
						<row2>	0.0000 0.0000 1.0000 0.0000	</row2>
						<row3>	0.1075 1.1973 1.6970 1.0000	</row3>
					</transform>
				</node>
				<node>
					<identifier>	HP_FX_Flood_steam_1	</identifier>
					<transform>
						<row0>	1.0000 0.0000 0.0000 0.0000	</row0>
						<row1>	0.0000 0.9742 -0.2258 0.0000	</row1>
						<row2>	0.0000 0.2258 0.9742 0.0000	</row2>
						<row3>	0.0000 1.0360 0.5080 1.0000	</row3>
					</transform>
				</node>
				<node>
					<identifier>	HP_FX_Smoke_1	</identifier>
					<transform>
						<row0>	1.0000 0.0000 0.0000 0.0000	</row0>
						<row1>	0.0000 0.9987 -0.0513 0.0000	</row1>
						<row2>	0.0000 0.0513 0.9987 0.0000	</row2>
						<row3>	0.0000 1.0959 0.6535 1.0000	</row3>
					</transform>
				</node>
				<node>
					<identifier>	HP_Flagpole	</identifier>
					<transform>
						<row0>	0.6000 0.0000 0.0000 0.0000	</row0>
						<row1>	0.0000 0.6000 0.0000 0.0000	</row1>
						<row2>	0.0000 0.0000 0.6000 0.0000	</row2>
						<row3>	0.0000 2.0531 0.9297 1.0000	</row3>
					</transform>
				</node>
				<node>
					<identifier>	HP_ZD_1	</identifier>
					<transform>
						<row0>	0.0000 0.0000 -1.0000 0.0000	</row0>
						<row1>	0.0000 1.0000 0.0000 0.0000	</row1>
						<row2>	1.0000 0.0000 0.0000 0.0000	</row2>
						<row3>	-0.1127 0.9690 1.8502 1.0000	</row3>
					</transform>
				</node>
				<node>
					<identifier>	HP_ZD_10	</identifier>
					<transform>
						<row0>	0.0000 0.0000 -1.0000 0.0000	</row0>
						<row1>	0.0000 1.0000 0.0000 0.0000	</row1>
						<row2>	1.0000 0.0000 0.0000 0.0000	</row2>
						<row3>	0.2332 0.7632 1.5404 1.0000	</row3>
					</transform>
				</node>
				<node>
					<identifier>	HP_ZD_11	</identifier>
					<transform>
						<row0>	0.0000 0.0000 1.0000 0.0000	</row0>
						<row1>	0.0000 1.0000 0.0000 0.0000	</row1>
						<row2>	-1.0000 0.0000 0.0000 0.0000	</row2>
						<row3>	-0.1094 1.0644 1.3512 1.0000	</row3>
					</transform>
				</node>
				<node>
					<identifier>	HP_ZD_12	</identifier>
					<transform>
						<row0>	0.0000 0.0000 -1.0000 0.0000	</row0>
						<row1>	0.0000 1.0000 0.0000 0.0000	</row1>
						<row2>	1.0000 0.0000 0.0000 0.0000	</row2>
						<row3>	0.1094 1.0644 1.3512 1.0000	</row3>
					</transform>
				</node>
				<node>
					<identifier>	HP_ZD_2	</identifier>
					<transform>
						<row0>	0.0000 0.0000 1.0000 0.0000	</row0>
						<row1>	0.0000 1.0000 0.0000 0.0000	</row1>
						<row2>	-1.0000 0.0000 0.0000 0.0000	</row2>
						<row3>	0.1127 0.9690 1.8502 1.0000	</row3>
					</transform>
				</node>
				<node>
					<identifier>	HP_ZD_3	</identifier>
					<transform>
						<row0>	0.0000 0.0000 1.0000 0.0000	</row0>
						<row1>	0.0000 1.0000 0.0000 0.0000	</row1>
						<row2>	-1.0000 0.0000 0.0000 0.0000	</row2>
						<row3>	-0.2088 0.7628 1.8012 1.0000	</row3>
					</transform>
				</node>
				<node>
					<identifier>	HP_ZD_4	</identifier>
					<transform>
						<row0>	0.0000 0.0000 -1.0000 0.0000	</row0>
						<row1>	0.0000 1.0000 0.0000 0.0000	</row1>
						<row2>	1.0000 0.0000 0.0000 0.0000	</row2>
						<row3>	0.2088 0.7627 1.8012 1.0000	</row3>
					</transform>
				</node>
				<node>
					<identifier>	HP_ZD_5	</identifier>
					<transform>
						<row0>	1.0000 0.0000 0.0000 0.0000	</row0>
						<row1>	0.0000 1.0000 0.0000 0.0000	</row1>
						<row2>	0.0000 0.0000 1.0000 0.0000	</row2>
						<row3>	-0.0906 1.0644 1.7584 1.0000	</row3>
					</transform>
				</node>
				<node>
					<identifier>	HP_ZD_6	</identifier>
					<transform>
						<row0>	1.0000 0.0000 0.0000 0.0000	</row0>
						<row1>	0.0000 1.0000 0.0000 0.0000	</row1>
						<row2>	0.0000 0.0000 1.0000 0.0000	</row2>
						<row3>	0.0906 1.0644 1.7584 1.0000	</row3>
					</transform>
				</node>
				<node>
					<identifier>	HP_ZD_7	</identifier>
					<transform>
						<row0>	0.0000 0.0000 1.0000 0.0000	</row0>
						<row1>	0.0000 1.0000 0.0000 0.0000	</row1>
						<row2>	-1.0000 0.0000 0.0000 0.0000	</row2>
						<row3>	-0.2284 0.7635 1.6663 1.0000	</row3>
					</transform>
				</node>
				<node>
					<identifier>	HP_ZD_8	</identifier>
					<transform>
						<row0>	0.0000 0.0000 -1.0000 0.0000	</row0>
						<row1>	0.0000 1.0000 0.0000 0.0000	</row1>
						<row2>	1.0000 0.0000 0.0000 0.0000	</row2>
						<row3>	0.2284 0.7635 1.6663 1.0000	</row3>
					</transform>
				</node>
				<node>
					<identifier>	HP_ZD_9	</identifier>
					<transform>
						<row0>	0.0000 0.0000 1.0000 0.0000	</row0>
						<row1>	0.0000 1.0000 0.0000 0.0000	</row1>
						<row2>	-1.0000 0.0000 0.0000 0.0000	</row2>
						<row3>	-0.2332 0.7632 1.5404 1.0000	</row3>
					</transform>
				</node>
				<node>
					<identifier>	HP_ZF_1	</identifier>
					<transform>
						<row0>	1.0000 0.0000 0.0000 0.0000	</row0>
						<row1>	0.0000 1.0000 0.0000 0.0000	</row1>
						<row2>	0.0000 0.0000 1.0000 0.0000	</row2>
						<row3>	0.0000 1.4601 1.6043 1.0000	</row3>
					</transform>
				</node>
				<node>
					<identifier>	HP_ZF_2	</identifier>
					<transform>
						<row0>	0.0000 0.0000 1.0000 0.0000	</row0>
						<row1>	0.0000 1.0000 0.0000 0.0000	</row1>
						<row2>	-1.0000 0.0000 0.0000 0.0000	</row2>
						<row3>	-0.2162 1.0729 1.5541 1.0000	</row3>
					</transform>
				</node>
				<node>
					<identifier>	HP_ZF_3	</identifier>
					<transform>
						<row0>	0.0000 0.0000 -1.0000 0.0000	</row0>
						<row1>	0.0000 1.0000 0.0000 0.0000	</row1>
						<row2>	1.0000 0.0000 0.0000 0.0000	</row2>
						<row3>	0.2162 1.0729 1.5541 1.0000	</row3>
					</transform>
				</node>
				<node>
					<identifier>	HP_ZF_4	</identifier>
					<transform>
						<row0>	0.0000 0.0000 1.0000 0.0000	</row0>
						<row1>	0.0000 1.0000 0.0000 0.0000	</row1>
						<row2>	-1.0000 0.0000 0.0000 0.0000	</row2>
						<row3>	-0.3094 0.6276 1.0235 1.0000	</row3>
					</transform>
				</node>
				<node>
					<identifier>	HP_ZF_5	</identifier>
					<transform>
						<row0>	0.0000 0.0000 -1.0000 0.0000	</row0>
						<row1>	0.0000 1.0000 0.0000 0.0000	</row1>
						<row2>	1.0000 0.0000 0.0000 0.0000	</row2>
						<row3>	0.3094 0.6276 1.0235 1.0000	</row3>
					</transform>
				</node>
				<node>
					<identifier>	HP_ZGA_1	</identifier>
					<transform>
						<row0>	0.7071 0.0000 0.7071 0.0000	</row0>
						<row1>	0.0000 1.0000 0.0000 0.0000	</row1>
						<row2>	-0.7071 0.0000 0.7071 0.0000	</row2>
						<row3>	-0.4018 0.3070 1.9395 1.0000	</row3>
					</transform>
				</node>
				<node>
					<identifier>	HP_ZGA_2	</identifier>
					<transform>
						<row0>	0.7071 0.0000 -0.7071 0.0000	</row0>
						<row1>	0.0000 1.0000 0.0000 0.0000	</row1>
						<row2>	0.7071 0.0000 0.7071 0.0000	</row2>
						<row3>	0.4018 0.3070 1.9395 1.0000	</row3>
					</transform>
				</node>
				<node>
					<identifier>	HP_ZGA_3	</identifier>
					<transform>
						<row0>	0.7071 0.0000 0.7071 0.0000	</row0>
						<row1>	0.0000 1.0000 0.0000 0.0000	</row1>
						<row2>	-0.7071 0.0000 0.7071 0.0000	</row2>
						<row3>	-0.3576 0.5106 1.6405 1.0000	</row3>
					</transform>
				</node>
				<node>
					<identifier>	HP_ZGA_4	</identifier>
					<transform>
						<row0>	0.7071 0.0000 -0.7071 0.0000	</row0>
						<row1>	0.0000 1.0000 0.0000 0.0000	</row1>
						<row2>	0.7071 0.0000 0.7071 0.0000	</row2>
						<row3>	0.3576 0.5106 1.6405 1.0000	</row3>
					</transform>
				</node>
				<node>
					<identifier>	HP_ZGA_5	</identifier>
					<transform>
						<row0>	0.7071 0.0000 0.7071 0.0000	</row0>
						<row1>	0.0000 1.0000 0.0000 0.0000	</row1>
						<row2>	-0.7071 0.0000 0.7071 0.0000	</row2>
						<row3>	-0.3576 0.5106 1.3303 1.0000	</row3>
					</transform>
				</node>
				<node>
					<identifier>	HP_ZGA_6	</identifier>
					<transform>
						<row0>	0.7071 0.0000 -0.7071 0.0000	</row0>
						<row1>	0.0000 1.0000 0.0000 0.0000	</row1>
						<row2>	0.7071 0.0000 0.7071 0.0000	</row2>
						<row3>	0.3576 0.5106 1.3303 1.0000	</row3>
					</transform>
				</node>
				<node>
					<identifier>	HP_ZGM_2	</identifier>
					<transform>
						<row0>	1.0000 0.0000 0.0000 0.0000	</row0>
						<row1>	0.0000 1.0000 0.0000 0.0000	</row1>
						<row2>	0.0000 0.0000 1.0000 0.0000	</row2>
						<row3>	0.0000 0.5245 2.8549 1.0000	</row3>
					</transform>
				</node>
				<node>
					<identifier>	HP_ZGS_1	</identifier>
					<transform>
						<row0>	1.0000 0.0000 0.0000 0.0000	</row0>
						<row1>	0.0000 1.0000 0.0000 0.0000	</row1>
						<row2>	0.0000 0.0000 1.0000 0.0000	</row2>
						<row3>	0.0000 0.6552 2.2676 1.0000	</row3>
					</transform>
				</node>
				<node>
					<identifier>	HP_ZRS_1	</identifier>
					<transform>
						<row0>	1.0000 0.0000 0.0000 0.0000	</row0>
						<row1>	0.0000 1.0000 0.0000 0.0000	</row1>
						<row2>	0.0000 0.0000 1.0000 0.0000	</row2>
						<row3>	0.0000 1.9275 1.1320 1.0000	</row3>
					</transform>
				</node>
				<node>
					<identifier>	HP_flag_1	</identifier>
					<transform>
						<row0>	0.9944 -0.1055 -0.0079 0.0000	</row0>
						<row1>	0.1055 0.9832 0.1489 0.0000	</row1>
						<row2>	-0.0079 -0.1489 0.9888 0.0000	</row2>
						<row3>	0.2858 1.3875 1.3043 1.0000	</row3>
					</transform>
				</node>
				<node>
					<identifier>	HP_flag_2	</identifier>
					<transform>
						<row0>	0.9944 0.1055 0.0079 0.0000	</row0>
						<row1>	-0.1055 0.9832 0.1489 0.0000	</row1>
						<row2>	0.0079 -0.1489 0.9888 0.0000	</row2>
						<row3>	-0.2858 1.3875 1.3043 1.0000	</row3>
					</transform>
				</node>
				<node>
					<identifier>	HP_flag_3	</identifier>
					<transform>
						<row0>	0.9945 0.1039 0.0119 0.0000	</row0>
						<row1>	-0.1039 0.9687 0.2253 0.0000	</row1>
						<row2>	0.0119 -0.2253 0.9742 0.0000	</row2>
						<row3>	0.1630 1.3876 1.3038 1.0000	</row3>
					</transform>
				</node>
				<node>
					<identifier>	HP_flag_4	</identifier>
					<transform>
						<row0>	0.9945 -0.1039 -0.0119 0.0000	</row0>
						<row1>	0.1039 0.9687 0.2253 0.0000	</row1>
						<row2>	-0.0119 -0.2253 0.9742 0.0000	</row2>
						<row3>	-0.1630 1.3876 1.3038 1.0000	</row3>
					</transform>
				</node>
				<node>
					<identifier>	HP_flag_rank	</identifier>
					<transform>
						<row0>	0.9996 0.0297 -0.0004 0.0000	</row0>
						<row1>	-0.0297 0.9991 -0.0291 0.0000	</row1>
						<row2>	-0.0004 0.0291 0.9996 0.0000	</row2>
						<row3>	0.0008 1.9077 0.9784 1.0000	</row3>
					</transform>
				</node>
				<node>
					<identifier>	MP_CM011_Fire_Fighting_Gear	</identifier>
					<transform>
						<row0>	0.0000 0.0000 -1.0000 0.0000	</row0>
						<row1>	0.0000 1.0000 0.0000 0.0000	</row1>
						<row2>	1.0000 0.0000 0.0000 0.0000	</row2>
						<row3>	-0.2657 0.2880 0.8793 1.0000	</row3>
					</transform>
				</node>
				<node>
					<identifier>	MP_CM011_Fire_Fighting_Gear_INDEX_1	</identifier>
					<transform>
						<row0>	0.0000 0.0000 1.0000 0.0000	</row0>
						<row1>	0.0000 1.0000 0.0000 0.0000	</row1>
						<row2>	-1.0000 0.0000 0.0000 0.0000	</row2>
						<row3>	0.2338 0.3010 2.1617 1.0000	</row3>
					</transform>
				</node>
				<node>
					<identifier>	MP_CM011_Fire_Fighting_Gear_INDEX_2	</identifier>
					<transform>
						<row0>	0.0000 0.0000 1.0000 0.0000	</row0>
						<row1>	0.0000 1.0000 0.0000 0.0000	</row1>
						<row2>	-1.0000 0.0000 0.0000 0.0000	</row2>
						<row3>	0.2657 0.2880 0.8793 1.0000	</row3>
					</transform>
				</node>
				<node>
					<identifier>	MP_CM011_Fire_Fighting_Gear_INDEX_3	</identifier>
					<transform>
						<row0>	0.0000 0.0000 -1.0000 0.0000	</row0>
						<row1>	0.0000 1.0000 0.0000 0.0000	</row1>
						<row2>	1.0000 0.0000 0.0000 0.0000	</row2>
						<row3>	-0.2338 0.3010 2.1617 1.0000	</row3>
					</transform>
				</node>
				<node>
					<identifier>	MP_CM011_Fire_Fighting_Gear_INDEX_4	</identifier>
					<transform>
						<row0>	-0.9264 0.0000 0.3765 0.0000	</row0>
						<row1>	0.0000 1.0000 0.0000 0.0000	</row1>
						<row2>	-0.3765 0.0000 -0.9264 0.0000	</row2>
						<row3>	0.0665 0.3106 3.0762 1.0000	</row3>
					</transform>
				</node>
				<node>
					<identifier>	MP_CM011_Fire_Fighting_Gear_INDEX_5	</identifier>
					<transform>
						<row0>	-0.5668 0.0000 0.8238 0.0000	</row0>
						<row1>	0.0000 1.0000 0.0000 0.0000	</row1>
						<row2>	-0.8238 0.0000 -0.5668 0.0000	</row2>
						<row3>	0.1149 0.4631 2.3225 1.0000	</row3>
					</transform>
				</node>
				<node>
					<identifier>	MP_CM011_Fire_Fighting_Gear_INDEX_6	</identifier>
					<transform>
						<row0>	-0.5668 0.0000 -0.8238 0.0000	</row0>
						<row1>	0.0000 1.0000 0.0000 0.0000	</row1>
						<row2>	0.8238 0.0000 -0.5668 0.0000	</row2>
						<row3>	-0.1149 0.4631 2.3225 1.0000	</row3>
					</transform>
				</node>
				<node>
					<identifier>	MP_CM029_Emergency_Box	</identifier>
					<transform>
						<row0>	-0.0726 0.0000 -0.9974 0.0000	</row0>
						<row1>	0.0000 1.0000 0.0000 0.0000	</row1>
						<row2>	0.9974 0.0000 -0.0726 0.0000	</row2>
						<row3>	-0.1687 0.8282 1.6279 1.0000	</row3>
					</transform>
				</node>
				<node>
					<identifier>	MP_CM029_Emergency_Box_INDEX_1	</identifier>
					<transform>
						<row0>	-0.0726 0.0000 0.9974 0.0000	</row0>
						<row1>	0.0000 1.0000 0.0000 0.0000	</row1>
						<row2>	-0.9974 0.0000 -0.0726 0.0000	</row2>
						<row3>	0.1687 0.8287 1.6274 1.0000	</row3>
					</transform>
				</node>
				<node>
					<identifier>	MP_CM029_Emergency_Box_INDEX_2	</identifier>
					<transform>
						<row0>	0.5291 0.0000 -0.8486 0.0000	</row0>
						<row1>	0.0000 1.0000 0.0000 0.0000	</row1>
						<row2>	0.8486 0.0000 0.5291 0.0000	</row2>
						<row3>	-0.0920 1.1286 1.4271 1.0000	</row3>
					</transform>
				</node>
				<node>
					<identifier>	MP_CM029_Emergency_Box_INDEX_3	</identifier>
					<transform>
						<row0>	0.5291 0.0000 0.8486 0.0000	</row0>
						<row1>	0.0000 1.0000 0.0000 0.0000	</row1>
						<row2>	-0.8486 0.0000 0.5291 0.0000	</row2>
						<row3>	0.0921 1.1286 1.4273 1.0000	</row3>
					</transform>
				</node>
				<node>
					<identifier>	MP_CM029_Emergency_Box_INDEX_4	</identifier>
					<transform>
						<row0>	-0.1659 0.0000 0.9861 0.0000	</row0>
						<row1>	0.0000 1.0000 0.0000 0.0000	</row1>
						<row2>	-0.9861 0.0000 -0.1659 0.0000	</row2>
						<row3>	0.2261 0.5353 1.8472 1.0000	</row3>
					</transform>
				</node>
				<node>
					<identifier>	MP_CM029_Emergency_Box_INDEX_5	</identifier>
					<transform>
						<row0>	-0.1659 0.0000 -0.9861 0.0000	</row0>
						<row1>	0.0000 1.0000 0.0000 0.0000	</row1>
						<row2>	0.9861 0.0000 -0.1659 0.0000	</row2>
						<row3>	-0.2261 0.5354 1.8475 1.0000	</row3>
					</transform>
				</node>
				<node>
					<identifier>	MP_CM029_Emergency_Box_INDEX_6	</identifier>
					<transform>
						<row0>	0.1445 0.0000 -0.9895 0.0000	</row0>
						<row1>	0.0000 1.0000 0.0000 0.0000	</row1>
						<row2>	0.9895 0.0000 0.1445 0.0000	</row2>
						<row3>	-0.1481 0.6818 1.2765 1.0000	</row3>
					</transform>
				</node>
				<node>
					<identifier>	MP_CM029_Emergency_Box_INDEX_7	</identifier>
					<transform>
						<row0>	0.1445 0.0000 0.9895 0.0000	</row0>
						<row1>	0.0000 1.0000 0.0000 0.0000	</row1>
						<row2>	-0.9895 0.0000 0.1445 0.0000	</row2>
						<row3>	0.1481 0.6817 1.2762 1.0000	</row3>
					</transform>
				</node>
				<node>
					<identifier>	MP_CM030_Swab_Rack_2	</identifier>
					<transform>
						<row0>	0.0000 0.0000 1.0000 0.0000	</row0>
						<row1>	0.0000 1.0000 0.0000 0.0000	</row1>
						<row2>	-1.0000 0.0000 0.0000 0.0000	</row2>
						<row3>	-0.2583 0.2929 1.7283 1.0000	</row3>
					</transform>
				</node>
				<node>
					<identifier>	MP_CM030_Swab_Rack_2_INDEX_1	</identifier>
					<transform>
						<row0>	0.0000 0.0000 -1.0000 0.0000	</row0>
						<row1>	0.0000 1.0000 0.0000 0.0000	</row1>
						<row2>	1.0000 0.0000 0.0000 0.0000	</row2>
						<row3>	0.2583 0.2929 1.7235 1.0000	</row3>
					</transform>
				</node>
				<node>
					<identifier>	MP_CM052_Fender	</identifier>
					<transform>
						<row0>	0.4334 0.0000 0.0000 0.0000	</row0>
						<row1>	0.0000 0.4334 0.0000 0.0000	</row1>
						<row2>	0.0000 0.0000 0.4334 0.0000	</row2>
						<row3>	-0.3659 0.2959 1.7067 1.0000	</row3>
					</transform>
				</node>
				<node>
					<identifier>	MP_CM052_Fender_INDEX_1	</identifier>
					<transform>
						<row0>	0.4334 0.0000 0.0000 0.0000	</row0>
						<row1>	0.0000 0.4334 0.0000 0.0000	</row1>
						<row2>	0.0000 0.0000 0.4334 0.0000	</row2>
						<row3>	0.3659 0.2959 1.7067 1.0000	</row3>
					</transform>
				</node>
				<node>
					<identifier>	MP_CM052_Fender_INDEX_2	</identifier>
					<transform>
						<row0>	0.0000 0.0000 0.4334 0.0000	</row0>
						<row1>	0.0000 0.4334 0.0000 0.0000	</row1>
						<row2>	-0.4334 0.0000 0.0000 0.0000	</row2>
						<row3>	-0.4098 0.2935 1.4636 1.0000	</row3>
					</transform>
				</node>
				<node>
					<identifier>	MP_CM052_Fender_INDEX_3	</identifier>
					<transform>
						<row0>	0.0000 0.0000 -0.4334 0.0000	</row0>
						<row1>	0.0000 0.4334 0.0000 0.0000	</row1>
						<row2>	0.4334 0.0000 0.0000 0.0000	</row2>
						<row3>	0.4098 0.2935 1.4636 1.0000	</row3>
					</transform>
				</node>
				<node>
					<identifier>	MP_CM056_Ships_bell	</identifier>
					<transform>
						<row0>	0.5780 0.0000 0.0000 0.0000	</row0>
						<row1>	0.0000 0.5780 0.0000 0.0000	</row1>
						<row2>	0.0000 0.0000 0.5780 0.0000	</row2>
						<row3>	0.0587 0.9115 0.9962 1.0000	</row3>
					</transform>
				</node>
				<node>
					<identifier>	MP_CM109_Leadsman_Platform	</identifier>
					<transform>
						<row0>	-0.0003 -1.0000 0.0000 0.0000	</row0>
						<row1>	-0.9994 0.0003 0.0344 0.0000	</row1>
						<row2>	-0.0344 0.0000 -0.9994 0.0000	</row2>
						<row3>	-0.6352 0.2839 1.1742 1.0000	</row3>
					</transform>
				</node>
				<node>
					<identifier>	MP_CM109_Leadsman_Platform_INDEX_1	</identifier>
					<transform>
						<row0>	0.0003 -1.0000 0.0000 0.0000	</row0>
						<row1>	0.9994 0.0003 0.0344 0.0000	</row1>
						<row2>	-0.0344 0.0000 0.9994 0.0000	</row2>
						<row3>	0.6352 0.2839 1.1742 1.0000	</row3>
					</transform>
				</node>
				<node>
					<identifier>	MP_ZM001_Paravane	</identifier>
					<transform>
						<row0>	0.0000 -0.9999 0.0111 0.0000	</row0>
						<row1>	1.0000 0.0000 0.0000 0.0000	</row1>
						<row2>	0.0000 0.0111 0.9999 0.0000	</row2>
						<row3>	-0.2935 0.3831 2.7038 1.0000	</row3>
					</transform>
				</node>
				<node>
					<identifier>	MP_ZM001_Paravane_INDEX_1	</identifier>
					<transform>
						<row0>	0.0000 0.9999 -0.0111 0.0000	</row0>
						<row1>	-1.0000 0.0000 0.0000 0.0000	</row1>
						<row2>	0.0000 0.0111 0.9999 0.0000	</row2>
						<row3>	0.2935 0.3793 2.3245 1.0000	</row3>
					</transform>
				</node>
				<node>
					<identifier>	MP_ZM001_Paravane_INDEX_2	</identifier>
					<transform>
						<row0>	0.0000 -0.9999 0.0111 0.0000	</row0>
						<row1>	1.0000 0.0000 0.0000 0.0000	</row1>
						<row2>	0.0000 0.0111 0.9999 0.0000	</row2>
						<row3>	-0.2935 0.3793 2.3245 1.0000	</row3>
					</transform>
				</node>
				<node>
					<identifier>	MP_ZM001_Paravane_INDEX_3	</identifier>
					<transform>
						<row0>	0.0000 0.9999 -0.0111 0.0000	</row0>
						<row1>	-1.0000 0.0000 0.0000 0.0000	</row1>
						<row2>	0.0000 0.0111 0.9999 0.0000	</row2>
						<row3>	0.2935 0.3831 2.7038 1.0000	</row3>
					</transform>
				</node>
				<node>
					<identifier>	MP_ZM007_Fire_Hose_Rack_box	</identifier>
					<transform>
						<row0>	0.0000 0.0000 -1.0000 0.0000	</row0>
						<row1>	0.0000 1.0000 0.0000 0.0000	</row1>
						<row2>	1.0000 0.0000 0.0000 0.0000	</row2>
						<row3>	0.2257 0.3633 2.1941 1.0000	</row3>
					</transform>
				</node>
				<node>
					<identifier>	MP_ZM007_Fire_Hose_Rack_box_INDEX_1	</identifier>
					<transform>
						<row0>	0.0000 0.0000 1.0000 0.0000	</row0>
						<row1>	0.0000 1.0000 0.0000 0.0000	</row1>
						<row2>	-1.0000 0.0000 0.0000 0.0000	</row2>
						<row3>	-0.2257 0.3633 2.1941 1.0000	</row3>
					</transform>
				</node>
				<node>
					<identifier>	MP_ZM007_Fire_Hose_Rack_box_INDEX_2	</identifier>
					<transform>
						<row0>	0.5556 0.0000 0.8315 0.0000	</row0>
						<row1>	0.0000 1.0000 0.0000 0.0000	</row1>
						<row2>	-0.8315 0.0000 0.5556 0.0000	</row2>
						<row3>	-0.0974 0.5277 2.3382 1.0000	</row3>
					</transform>
				</node>
				<node>
					<identifier>	MP_ZM007_Fire_Hose_Rack_box_INDEX_3	</identifier>
					<transform>
						<row0>	0.5556 0.0000 -0.8315 0.0000	</row0>
						<row1>	0.0000 1.0000 0.0000 0.0000	</row1>
						<row2>	0.8315 0.0000 0.5556 0.0000	</row2>
						<row3>	0.0974 0.5277 2.3382 1.0000	</row3>
					</transform>
				</node>
				<node>
					<identifier>	MP_ZM007_Fire_Hose_Rack_box_INDEX_4	</identifier>
					<transform>
						<row0>	0.0000 0.0000 -1.0000 0.0000	</row0>
						<row1>	0.0000 1.0000 0.0000 0.0000	</row1>
						<row2>	1.0000 0.0000 0.0000 0.0000	</row2>
						<row3>	0.2594 0.3520 0.8366 1.0000	</row3>
					</transform>
				</node>
				<node>
					<identifier>	MP_ZM007_Fire_Hose_Rack_box_INDEX_5	</identifier>
					<transform>
						<row0>	0.9239 0.0000 -0.3827 0.0000	</row0>
						<row1>	0.0000 1.0000 0.0000 0.0000	</row1>
						<row2>	0.3827 0.0000 0.9239 0.0000	</row2>
						<row3>	0.0888 0.3702 3.0462 1.0000	</row3>
					</transform>
				</node>
				<node>
					<identifier>	MP_ZM007_Fire_Hose_Rack_box_INDEX_6	</identifier>
					<transform>
						<row0>	0.0000 0.0000 1.0000 0.0000	</row0>
						<row1>	0.0000 1.0000 0.0000 0.0000	</row1>
						<row2>	-1.0000 0.0000 0.0000 0.0000	</row2>
						<row3>	-0.2594 0.3520 0.8366 1.0000	</row3>
					</transform>
				</node>
				<node>
					<identifier>	MP_ZM007_Fire_Hose_Rack_box_INDEX_7	</identifier>
					<transform>
						<row0>	0.0000 0.0000 1.0000 0.0000	</row0>
						<row1>	0.0000 1.0000 0.0000 0.0000	</row1>
						<row2>	-1.0000 0.0000 0.0000 0.0000	</row2>
						<row3>	-0.2594 0.3520 0.8931 1.0000	</row3>
					</transform>
				</node>
				<node>
					<identifier>	MP_ZM007_Fire_Hose_Rack_box_INDEX_8	</identifier>
					<transform>
						<row0>	0.0000 0.0000 -1.0000 0.0000	</row0>
						<row1>	0.0000 1.0000 0.0000 0.0000	</row1>
						<row2>	1.0000 0.0000 0.0000 0.0000	</row2>
						<row3>	0.2594 0.3520 0.8931 1.0000	</row3>
					</transform>
				</node>
				<node>
					<identifier>	MP_ZM015_Speaker	</identifier>
					<transform>
						<row0>	-0.1571 0.0000 0.9876 0.0000	</row0>
						<row1>	0.0000 1.0000 0.0000 0.0000	</row1>
						<row2>	-0.9876 0.0000 -0.1571 0.0000	</row2>
						<row3>	-0.2038 0.3993 0.2031 1.0000	</row3>
					</transform>
				</node>
				<node>
					<identifier>	MP_ZM015_Speaker_INDEX_1	</identifier>
					<transform>
						<row0>	0.0000 0.0000 -1.0000 0.0000	</row0>
						<row1>	0.0000 1.0000 0.0000 0.0000	</row1>
						<row2>	1.0000 0.0000 0.0000 0.0000	</row2>
						<row3>	0.2244 0.4376 2.5131 1.0000	</row3>
					</transform>
				</node>
				<node>
					<identifier>	MP_ZM015_Speaker_INDEX_10	</identifier>
					<transform>
						<row0>	-0.4868 0.0000 0.8735 0.0000	</row0>
						<row1>	0.0000 1.0000 0.0000 0.0000	</row1>
						<row2>	-0.8735 0.0000 -0.4868 0.0000	</row2>
						<row3>	-0.1200 0.8866 1.1940 1.0000	</row3>
					</transform>
				</node>
				<node>
					<identifier>	MP_ZM015_Speaker_INDEX_11	</identifier>
					<transform>
						<row0>	0.5620 -0.0025 0.8271 0.0000	</row0>
						<row1>	0.0035 1.0000 0.0007 0.0000	</row1>
						<row2>	-0.8271 0.0025 0.5620 0.0000	</row2>
						<row3>	-0.0914 1.1963 1.6870 1.0000	</row3>
					</transform>
				</node>
				<node>
					<identifier>	MP_ZM015_Speaker_INDEX_2	</identifier>
					<transform>
						<row0>	-0.1571 0.0000 -0.9876 0.0000	</row0>
						<row1>	0.0000 1.0000 0.0000 0.0000	</row1>
						<row2>	0.9876 0.0000 -0.1571 0.0000	</row2>
						<row3>	0.2037 0.4002 0.2023 1.0000	</row3>
					</transform>
				</node>
				<node>
					<identifier>	MP_ZM015_Speaker_INDEX_3	</identifier>
					<transform>
						<row0>	0.0000 0.0000 1.0000 0.0000	</row0>
						<row1>	0.0000 1.0000 0.0000 0.0000	</row1>
						<row2>	-1.0000 0.0000 0.0000 0.0000	</row2>
						<row3>	-0.2244 0.4374 2.5131 1.0000	</row3>
					</transform>
				</node>
				<node>
					<identifier>	MP_ZM015_Speaker_INDEX_4	</identifier>
					<transform>
						<row0>	0.0000 0.0000 1.0000 0.0000	</row0>
						<row1>	0.0000 1.0000 0.0000 0.0000	</row1>
						<row2>	-1.0000 0.0000 0.0000 0.0000	</row2>
						<row3>	-0.1636 0.8868 1.5118 1.0000	</row3>
					</transform>
				</node>
				<node>
					<identifier>	MP_ZM015_Speaker_INDEX_5	</identifier>
					<transform>
						<row0>	0.0000 0.0000 -1.0000 0.0000	</row0>
						<row1>	0.0000 1.0000 0.0000 0.0000	</row1>
						<row2>	1.0000 0.0000 0.0000 0.0000	</row2>
						<row3>	0.1636 0.8867 1.5112 1.0000	</row3>
					</transform>
				</node>
				<node>
					<identifier>	MP_ZM015_Speaker_INDEX_6	</identifier>
					<transform>
						<row0>	0.0000 0.0000 -1.0000 0.0000	</row0>
						<row1>	0.0000 1.0000 0.0000 0.0000	</row1>
						<row2>	1.0000 0.0000 0.0000 0.0000	</row2>
						<row3>	0.2413 0.5939 1.4635 1.0000	</row3>
					</transform>
				</node>
				<node>
					<identifier>	MP_ZM015_Speaker_INDEX_7	</identifier>
					<transform>
						<row0>	0.0000 0.0000 1.0000 0.0000	</row0>
						<row1>	0.0000 1.0000 0.0000 0.0000	</row1>
						<row2>	-1.0000 0.0000 0.0000 0.0000	</row2>
						<row3>	-0.2413 0.5935 1.4642 1.0000	</row3>
					</transform>
				</node>
				<node>
					<identifier>	MP_ZM015_Speaker_INDEX_8	</identifier>
					<transform>
						<row0>	0.5620 0.0025 -0.8271 0.0000	</row0>
						<row1>	-0.0035 1.0000 0.0007 0.0000	</row1>
						<row2>	0.8271 0.0025 0.5620 0.0000	</row2>
						<row3>	0.0913 1.1964 1.6872 1.0000	</row3>
					</transform>
				</node>
				<node>
					<identifier>	MP_ZM015_Speaker_INDEX_9	</identifier>
					<transform>
						<row0>	-0.4868 0.0000 -0.8735 0.0000	</row0>
						<row1>	0.0000 1.0000 0.0000 0.0000	</row1>
						<row2>	0.8735 0.0000 -0.4868 0.0000	</row2>
						<row3>	0.1198 0.8867 1.1938 1.0000	</row3>
					</transform>
				</node>
				<node>
					<identifier>	MP_ZM017_Fakel_MZ	</identifier>
					<transform>
						<row0>	0.0000 0.0000 1.0000 0.0000	</row0>
						<row1>	0.0000 1.0000 0.0000 0.0000	</row1>
						<row2>	-1.0000 0.0000 0.0000 0.0000	</row2>
						<row3>	0.2714 1.9257 1.1071 1.0000	</row3>
					</transform>
				</node>
				<node>
					<identifier>	MP_ZM017_Fakel_MZ_INDEX_1	</identifier>
					<transform>
						<row0>	0.0000 0.0000 -1.0000 0.0000	</row0>
						<row1>	0.0000 1.0000 0.0000 0.0000	</row1>
						<row2>	1.0000 0.0000 0.0000 0.0000	</row2>
						<row3>	-0.2714 1.9257 1.1071 1.0000	</row3>
					</transform>
				</node>
				<node>
					<identifier>	MP_ZM018_Fakel_MZ	</identifier>
					<transform>
						<row0>	1.0000 0.0000 0.0000 0.0000	</row0>
						<row1>	0.0000 1.0000 0.0000 0.0000	</row1>
						<row2>	0.0000 0.0000 1.0000 0.0000	</row2>
						<row3>	0.0000 2.0253 0.9904 1.0000	</row3>
					</transform>
				</node>
				<node>
					<identifier>	MP_ZM019_Anemometer	</identifier>
					<transform>
						<row0>	1.0000 0.0000 0.0000 0.0000	</row0>
						<row1>	0.0000 1.0000 0.0000 0.0000	</row1>
						<row2>	0.0000 0.0000 1.0000 0.0000	</row2>
						<row3>	0.0000 1.3655 1.7667 1.0000	</row3>
					</transform>
				</node>
				<node>
					<identifier>	MP_ZM070_Cart_for_Paravane	</identifier>
					<transform>
						<row0>	-1.0000 0.0000 0.0000 0.0000	</row0>
						<row1>	0.0000 0.9999 -0.0111 0.0000	</row1>
						<row2>	0.0000 -0.0111 -0.9999 0.0000	</row2>
						<row3>	-0.2727 0.3015 2.3254 1.0000	</row3>
					</transform>
				</node>
				<node>
					<identifier>	MP_ZM070_Cart_for_Paravane_INDEX_1	</identifier>
					<transform>
						<row0>	-1.0000 0.0000 0.0000 0.0000	</row0>
						<row1>	0.0000 0.9999 -0.0111 0.0000	</row1>
						<row2>	0.0000 -0.0111 -0.9999 0.0000	</row2>
						<row3>	-0.2728 0.3052 2.7047 1.0000	</row3>
					</transform>
				</node>
				<node>
					<identifier>	MP_ZM070_Cart_for_Paravane_INDEX_2	</identifier>
					<transform>
						<row0>	-1.0000 0.0000 0.0000 0.0000	</row0>
						<row1>	0.0000 0.9999 -0.0111 0.0000	</row1>
						<row2>	0.0000 -0.0111 -0.9999 0.0000	</row2>
						<row3>	0.2728 0.3052 2.7047 1.0000	</row3>
					</transform>
				</node>
				<node>
					<identifier>	MP_ZM070_Cart_for_Paravane_INDEX_3	</identifier>
					<transform>
						<row0>	-1.0000 0.0000 0.0000 0.0000	</row0>
						<row1>	0.0000 0.9999 -0.0111 0.0000	</row1>
						<row2>	0.0000 -0.0111 -0.9999 0.0000	</row2>
						<row3>	0.2727 0.3015 2.3254 1.0000	</row3>
					</transform>
				</node>
				<node>
					<identifier>	MP_ZM102_Life_Buoy	</identifier>
					<transform>
						<row0>	-0.0567 0.0000 0.9984 0.0000	</row0>
						<row1>	0.0000 1.0000 0.0000 0.0000	</row1>
						<row2>	-0.9984 0.0000 -0.0567 0.0000	</row2>
						<row3>	0.5621 0.3697 2.4740 1.0000	</row3>
					</transform>
				</node>
				<node>
					<identifier>	MP_ZM102_Life_Buoy_INDEX_1	</identifier>
					<transform>
						<row0>	-0.0194 0.0000 -0.9998 0.0000	</row0>
						<row1>	0.0000 1.0000 0.0000 0.0000	</row1>
						<row2>	0.9998 0.0000 -0.0194 0.0000	</row2>
						<row3>	-0.6478 0.3499 0.4563 1.0000	</row3>
					</transform>
				</node>
				<node>
					<identifier>	MP_ZM102_Life_Buoy_INDEX_2	</identifier>
					<transform>
						<row0>	0.0000 0.0000 1.0000 0.0000	</row0>
						<row1>	0.0000 1.0000 0.0000 0.0000	</row1>
						<row2>	-1.0000 0.0000 0.0000 0.0000	</row2>
						<row3>	0.2266 0.5243 2.2958 1.0000	</row3>
					</transform>
				</node>
				<node>
					<identifier>	MP_ZM102_Life_Buoy_INDEX_3	</identifier>
					<transform>
						<row0>	-0.1107 0.0000 0.9938 0.0000	</row0>
						<row1>	0.0000 1.0000 0.0000 0.0000	</row1>
						<row2>	-0.9938 0.0000 -0.1107 0.0000	</row2>
						<row3>	0.2274 0.6681 1.7636 1.0000	</row3>
					</transform>
				</node>
				<node>
					<identifier>	MP_ZM102_Life_Buoy_INDEX_4	</identifier>
					<transform>
						<row0>	-0.0194 0.0000 0.9998 0.0000	</row0>
						<row1>	0.0000 1.0000 0.0000 0.0000	</row1>
						<row2>	-0.9998 0.0000 -0.0194 0.0000	</row2>
						<row3>	0.6478 0.3499 0.4563 1.0000	</row3>
					</transform>
				</node>
				<node>
					<identifier>	MP_ZM102_Life_Buoy_INDEX_5	</identifier>
					<transform>
						<row0>	-0.1107 0.0000 -0.9938 0.0000	</row0>
						<row1>	0.0000 1.0000 0.0000 0.0000	</row1>
						<row2>	0.9938 0.0000 -0.1107 0.0000	</row2>
						<row3>	-0.2274 0.6681 1.7636 1.0000	</row3>
					</transform>
				</node>
				<node>
					<identifier>	MP_ZM102_Life_Buoy_INDEX_6	</identifier>
					<transform>
						<row0>	-0.0567 0.0000 -0.9984 0.0000	</row0>
						<row1>	0.0000 1.0000 0.0000 0.0000	</row1>
						<row2>	0.9984 0.0000 -0.0567 0.0000	</row2>
						<row3>	-0.5621 0.3697 2.4740 1.0000	</row3>
					</transform>
				</node>
				<node>
					<identifier>	MP_ZM102_Life_Buoy_INDEX_7	</identifier>
					<transform>
						<row0>	0.0000 0.0000 -1.0000 0.0000	</row0>
						<row1>	0.0000 1.0000 0.0000 0.0000	</row1>
						<row2>	1.0000 0.0000 0.0000 0.0000	</row2>
						<row3>	-0.2266 0.5243 2.2958 1.0000	</row3>
					</transform>
				</node>
				<node>
					<identifier>	MP_ZM106_Siren	</identifier>
					<transform>
						<row0>	1.0000 0.0000 0.0000 0.0000	</row0>
						<row1>	0.0000 0.9848 -0.1736 0.0000	</row1>
						<row2>	0.0000 0.1736 0.9848 0.0000	</row2>
						<row3>	0.0000 0.9183 1.0014 1.0000	</row3>
					</transform>
				</node>
				<node>
					<identifier>	MP_ZM124_Freon_Cylinder_acetylene	</identifier>
					<transform>
						<row0>	-0.1098 0.0000 0.9940 0.0000	</row0>
						<row1>	0.0000 1.0000 0.0000 0.0000	</row1>
						<row2>	-0.9940 0.0000 -0.1098 0.0000	</row2>
						<row3>	0.2377 0.4614 1.7704 1.0000	</row3>
					</transform>
				</node>
				<node>
					<identifier>	MP_ZM124_Freon_Cylinder_acetylene_INDEX_1	</identifier>
					<transform>
						<row0>	0.1022 0.0000 -0.9948 0.0000	</row0>
						<row1>	0.0000 1.0000 0.0000 0.0000	</row1>
						<row2>	0.9948 0.0000 0.1022 0.0000	</row2>
						<row3>	-0.2483 0.2819 0.4329 1.0000	</row3>
					</transform>
				</node>
				<node>
					<identifier>	MP_ZM124_Freon_Cylinder_acetylene_INDEX_2	</identifier>
					<transform>
						<row0>	-0.1098 0.0000 -0.9940 0.0000	</row0>
						<row1>	0.0000 1.0000 0.0000 0.0000	</row1>
						<row2>	0.9940 0.0000 -0.1098 0.0000	</row2>
						<row3>	-0.2377 0.4614 1.7704 1.0000	</row3>
					</transform>
				</node>
				<node>
					<identifier>	MP_ZM124_Freon_Cylinder_acetylene_INDEX_3	</identifier>
					<transform>
						<row0>	0.1022 0.0000 0.9948 0.0000	</row0>
						<row1>	0.0000 1.0000 0.0000 0.0000	</row1>
						<row2>	-0.9948 0.0000 0.1022 0.0000	</row2>
						<row3>	0.2483 0.2819 0.4329 1.0000	</row3>
					</transform>
				</node>
				<node>
					<identifier>	MP_ZM133_IFF_Antenna	</identifier>
					<transform>
						<row0>	1.0000 0.0000 0.0000 0.0000	</row0>
						<row1>	0.0000 1.0000 0.0000 0.0000	</row1>
						<row2>	0.0000 0.0000 1.0000 0.0000	</row2>
						<row3>	0.0000 2.0872 0.9357 1.0000	</row3>
					</transform>
				</node>
				<node>
					<identifier>	MP_ZM183_Antenna	</identifier>
					<transform>
						<row0>	1.0000 0.0000 0.0000 0.0000	</row0>
						<row1>	0.0000 1.0000 0.0000 0.0000	</row1>
						<row2>	0.0000 0.0000 1.0000 0.0000	</row2>
						<row3>	-0.2271 1.9186 1.1071 1.0000	</row3>
					</transform>
				</node>
				<node>
					<identifier>	MP_ZM5040_Cran_of_Boats	</identifier>
					<transform>
						<row0>	-0.8660 0.0000 -0.5000 0.0000	</row0>
						<row1>	0.0000 1.0000 0.0000 0.0000	</row1>
						<row2>	0.5000 0.0000 -0.8660 0.0000	</row2>
						<row3>	-0.4787 0.2838 0.7533 1.0000	</row3>
					</transform>
				</node>
				<node>
					<identifier>	MP_ZM5040_Cran_of_Boats_INDEX_1	</identifier>
					<transform>
						<row0>	-0.8660 0.0000 0.5000 0.0000	</row0>
						<row1>	0.0000 1.0000 0.0000 0.0000	</row1>
						<row2>	-0.5000 0.0000 -0.8660 0.0000	</row2>
						<row3>	0.4787 0.2838 0.7533 1.0000	</row3>
					</transform>
				</node>
				<node>
					<identifier>	MP_ZM5041_Speaker	</identifier>
					<transform>
						<row0>	1.0000 0.0000 0.0000 0.0000	</row0>
						<row1>	0.0000 1.0000 0.0000 0.0000	</row1>
						<row2>	0.0000 0.0000 1.0000 0.0000	</row2>
						<row3>	-0.1250 1.4086 1.6825 1.0000	</row3>
					</transform>
				</node>
				<node>
					<identifier>	MP_ZM5041_Speaker_INDEX_1	</identifier>
					<transform>
						<row0>	-1.0000 0.0000 0.0000 0.0000	</row0>
						<row1>	0.0000 0.9829 -0.1841 0.0000	</row1>
						<row2>	0.0000 -0.1841 -0.9829 0.0000	</row2>
						<row3>	0.0000 0.6779 0.4660 1.0000	</row3>
					</transform>
				</node>
				<node>
					<identifier>	MP_ZM5042_Insulator	</identifier>
					<transform>
						<row0>	0.1735 0.0000 -0.9848 0.0000	</row0>
						<row1>	0.0000 1.0000 0.0000 0.0000	</row1>
						<row2>	0.9848 0.0000 0.1735 0.0000	</row2>
						<row3>	0.2307 0.6051 1.8447 1.0000	</row3>
					</transform>
				</node>
				<node>
					<identifier>	MP_ZM5042_Insulator_INDEX_1	</identifier>
					<transform>
						<row0>	0.1735 0.0000 0.9848 0.0000	</row0>
						<row1>	0.0000 1.0000 0.0000 0.0000	</row1>
						<row2>	-0.9848 0.0000 0.1735 0.0000	</row2>
						<row3>	-0.2260 0.6051 1.8722 1.0000	</row3>
					</transform>
				</node>
				<node>
					<identifier>	MP_ZM5042_Insulator_INDEX_2	</identifier>
					<transform>
						<row0>	0.0000 0.0000 -1.0000 0.0000	</row0>
						<row1>	0.0000 1.0000 0.0000 0.0000	</row1>
						<row2>	1.0000 0.0000 0.0000 0.0000	</row2>
						<row3>	0.2526 0.6051 1.5612 1.0000	</row3>
					</transform>
				</node>
				<node>
					<identifier>	MP_ZM5042_Insulator_INDEX_3	</identifier>
					<transform>
						<row0>	0.0699 0.0000 -0.9976 0.0000	</row0>
						<row1>	0.0000 1.0000 0.0000 0.0000	</row1>
						<row2>	0.9976 0.0000 0.0699 0.0000	</row2>
						<row3>	0.1737 0.8998 1.6121 1.0000	</row3>
					</transform>
				</node>
				<node>
					<identifier>	MP_ZM5042_Insulator_INDEX_4	</identifier>
					<transform>
						<row0>	0.0000 0.0000 -1.0000 0.0000	</row0>
						<row1>	0.0000 1.0000 0.0000 0.0000	</row1>
						<row2>	1.0000 0.0000 0.0000 0.0000	</row2>
						<row3>	0.0747 0.5527 0.4953 1.0000	</row3>
					</transform>
				</node>
				<node>
					<identifier>	MP_ZM5042_Insulator_INDEX_5	</identifier>
					<transform>
						<row0>	0.1735 0.0000 -0.9848 0.0000	</row0>
						<row1>	0.0000 1.0000 0.0000 0.0000	</row1>
						<row2>	0.9848 0.0000 0.1735 0.0000	</row2>
						<row3>	0.2260 0.6051 1.8722 1.0000	</row3>
					</transform>
				</node>
				<node>
					<identifier>	MP_ZM5042_Insulator_INDEX_6	</identifier>
					<transform>
						<row0>	0.1735 0.0000 0.9848 0.0000	</row0>
						<row1>	0.0000 1.0000 0.0000 0.0000	</row1>
						<row2>	-0.9848 0.0000 0.1735 0.0000	</row2>
						<row3>	-0.2307 0.6051 1.8447 1.0000	</row3>
					</transform>
				</node>
				<node>
					<identifier>	MP_ZM5042_Insulator_INDEX_7	</identifier>
					<transform>
						<row0>	0.0699 0.0000 0.9976 0.0000	</row0>
						<row1>	0.0000 1.0000 0.0000 0.0000	</row1>
						<row2>	-0.9976 0.0000 0.0699 0.0000	</row2>
						<row3>	-0.1737 0.8998 1.6121 1.0000	</row3>
					</transform>
				</node>
				<node>
					<identifier>	MP_ZM5042_Insulator_INDEX_8	</identifier>
					<transform>
						<row0>	0.0000 0.0000 1.0000 0.0000	</row0>
						<row1>	0.0000 1.0000 0.0000 0.0000	</row1>
						<row2>	-1.0000 0.0000 0.0000 0.0000	</row2>
						<row3>	-0.2526 0.6051 1.5612 1.0000	</row3>
					</transform>
				</node>
				<node>
					<identifier>	MP_ZM5042_Insulator_INDEX_9	</identifier>
					<transform>
						<row0>	0.0000 0.0000 1.0000 0.0000	</row0>
						<row1>	0.0000 1.0000 0.0000 0.0000	</row1>
						<row2>	-1.0000 0.0000 0.0000 0.0000	</row2>
