<VSC007_La_Argentina_1941_Bow.skel_ext>
	<exported>	true	</exported>
	<node>
		<identifier>	MP_CM011_Fire_Fighting_Gear	</identifier>
		<parent>	Scene Root	</parent>
		<transform>
			<row0>	-1.0000 0.0000 0.0000 0.0000	</row0>
			<row1>	0.0000 1.0000 0.0000 0.0000	</row1>
			<row2>	0.0000 0.0000 -1.0000 0.0000	</row2>
			<row3>	0.0000 0.5350 4.8283 1.0000	</row3>
		</transform>
	</node>
	<node>
		<identifier>	MP_VM040_Reels_4	</identifier>
		<parent>	Scene Root	</parent>
		<transform>
			<row0>	1.0000 0.0000 0.0000 0.0000	</row0>
			<row1>	0.0000 0.6994 -0.0288 0.0000	</row1>
			<row2>	0.0000 0.0288 0.6994 0.0000	</row2>
			<row3>	0.1138 0.5047 4.1474 1.0000	</row3>
		</transform>
	</node>
	<node>
		<identifier>	MP_VM040_Reels_4_INDEX_1	</identifier>
		<parent>	Scene Root	</parent>
		<transform>
			<row0>	1.0000 0.0000 0.0000 0.0000	</row0>
			<row1>	0.0000 0.6994 -0.0288 0.0000	</row1>
			<row2>	0.0000 0.0288 0.6994 0.0000	</row2>
			<row3>	-0.1138 0.5047 4.1474 1.0000	</row3>
		</transform>
	</node>
	<node>
		<identifier>	MP_VM972_Anchor_WW2_top	</identifier>
		<parent>	Scene Root	</parent>
		<transform>
			<row0>	0.8856 0.1808 -0.2187 0.0000	</row0>
			<row1>	-0.2780 0.4088 -0.7877 0.0000	</row1>
			<row2>	-0.0570 0.8155 0.4433 0.0000	</row2>
			<row3>	0.2494 0.4458 5.0280 1.0000	</row3>
		</transform>
	</node>
	<node>
		<identifier>	MP_VM972_Anchor_WW2_top_INDEX_1	</identifier>
		<parent>	Scene Root	</parent>
		<transform>
			<row0>	0.9085 0.2006 -0.1342 0.0000	</row0>
			<row1>	-0.2120 0.4132 -0.8173 0.0000	</row1>
			<row2>	-0.1154 0.8202 0.4446 0.0000	</row2>
			<row3>	0.1622 0.4543 5.2721 1.0000	</row3>
		</transform>
	</node>
	<node>
		<identifier>	MP_VM972_Anchor_WW2_top_INDEX_2	</identifier>
		<parent>	Scene Root	</parent>
		<transform>
			<row0>	0.9085 -0.2006 0.1342 0.0000	</row0>
			<row1>	0.2120 0.4132 -0.8173 0.0000	</row1>
			<row2>	0.1154 0.8202 0.4446 0.0000	</row2>
			<row3>	-0.1622 0.4543 5.2721 1.0000	</row3>
		</transform>
	</node>
	<node>
		<identifier>	MP_VM973_Anchor_WW2_down	</identifier>
		<parent>	Scene Root	</parent>
		<transform>
			<row0>	0.9753 -0.0178 -0.2203 0.0000	</row0>
			<row1>	-0.1838 0.4883 -0.8531 0.0000	</row1>
			<row2>	0.1228 0.8725 0.4729 0.0000	</row2>
			<row3>	-0.1622 0.4543 5.2721 1.0000	</row3>
		</transform>
	</node>
	<node>
		<identifier>	MP_VM973_Anchor_WW2_down_INDEX_1	</identifier>
		<parent>	Scene Root	</parent>
		<transform>
			<row0>	0.9932 0.0062 0.1163 0.0000	</row0>
			<row1>	0.0990 0.4806 -0.8713 0.0000	</row1>
			<row2>	-0.0613 0.8769 0.4767 0.0000	</row2>
			<row3>	0.2494 0.4458 5.0280 1.0000	</row3>
		</transform>
	</node>
	<node>
		<identifier>	MP_VM973_Anchor_WW2_down_INDEX_2	</identifier>
		<parent>	Scene Root	</parent>
		<transform>
			<row0>	0.9753 0.0178 0.2203 0.0000	</row0>
			<row1>	0.1838 0.4883 -0.8531 0.0000	</row1>
			<row2>	-0.1228 0.8725 0.4729 0.0000	</row2>
			<row3>	0.1622 0.4543 5.2721 1.0000	</row3>
		</transform>
	</node>
</VSC007_La_Argentina_1941_Bow.skel_ext>
