<JSB302_Aki_1944_MidFront_ports.visual>
	<skeleton>
		<node>
			<identifier>	Scene Root	</identifier>
			<transform>
				<row0>	1.0000 0.0000 0.0000 0.0000	</row0>
				<row1>	0.0000 1.0000 0.0000 0.0000	</row1>
				<row2>	0.0000 0.0000 1.0000 0.0000	</row2>
				<row3>	0.0000 0.0000 0.0000 1.0000	</row3>
			</transform>
			<node>
				<identifier>	MidFront_ports	</identifier>
				<transform>
					<row0>	1.0000 0.0000 0.0000 0.0000	</row0>
					<row1>	0.0000 1.0000 0.0000 0.0000	</row1>
					<row2>	0.0000 0.0000 1.0000 0.0000	</row2>
					<row3>	0.0000 0.0000 0.0000 1.0000	</row3>
				</transform>
				<node>
					<identifier>	HP_FX_Fire_2_side_1	</identifier>
					<transform>
						<row0>	1.0000 0.0000 0.0000 0.0000	</row0>
						<row1>	0.0000 1.0000 0.0000 0.0000	</row1>
						<row2>	0.0000 0.0000 1.0000 0.0000	</row2>
						<row3>	0.6409 0.5131 2.4867 1.0000	</row3>
					</transform>
				</node>
				<node>
					<identifier>	HP_FX_Fire_2_side_2	</identifier>
					<transform>
						<row0>	1.0000 0.0000 0.0000 0.0000	</row0>
						<row1>	0.0000 1.0000 0.0000 0.0000	</row1>
						<row2>	0.0000 0.0000 1.0000 0.0000	</row2>
						<row3>	-0.9332 0.6482 1.4791 1.0000	</row3>
					</transform>
				</node>
				<node>
					<identifier>	HP_FX_FloodLight_left_1	</identifier>
					<transform>
						<row0>	-0.8135 0.0000 0.5815 0.0000	</row0>
						<row1>	0.0000 1.0000 0.0000 0.0000	</row1>
						<row2>	-0.5815 0.0000 -0.8135 0.0000	</row2>
						<row3>	-0.1810 1.0880 0.5580 1.0000	</row3>
					</transform>
				</node>
				<node>
					<identifier>	HP_FX_FloodLight_right_2	</identifier>
					<transform>
						<row0>	0.8447 0.0000 0.5352 0.0000	</row0>
						<row1>	0.0000 1.0000 0.0000 0.0000	</row1>
						<row2>	-0.5352 0.0000 0.8447 0.0000	</row2>
						<row3>	0.1811 1.0883 0.5583 1.0000	</row3>
					</transform>
				</node>
				<node>
					<identifier>	HP_FX_Flood_steam_left	</identifier>
					<transform>
						<row0>	-1.0000 0.0000 0.0000 0.0000	</row0>
						<row1>	0.0000 1.0000 0.0000 0.0000	</row1>
						<row2>	0.0000 0.0000 -1.0000 0.0000	</row2>
						<row3>	-1.0383 0.4005 3.8040 1.0000	</row3>
					</transform>
				</node>
				<node>
					<identifier>	HP_FX_Flood_water_left_4	</identifier>
					<transform>
						<row0>	-0.5693 -0.8170 0.0920 0.0000	</row0>
						<row1>	-0.8205 0.5717 0.0000 0.0000	</row1>
						<row2>	-0.0526 -0.0755 -0.9958 0.0000	</row2>
						<row3>	-1.0995 0.0351 2.7806 1.0000	</row3>
					</transform>
				</node>
				<node>
					<identifier>	HP_FX_Flood_water_right_3	</identifier>
					<transform>
						<row0>	0.6069 -0.7948 0.0000 0.0000	</row0>
						<row1>	0.7948 0.6069 0.0000 0.0000	</row1>
						<row2>	0.0000 0.0000 1.0000 0.0000	</row2>
						<row3>	1.1846 0.0356 1.7762 1.0000	</row3>
					</transform>
				</node>
				<node>
					<identifier>	HP_FX_Flood_water_right_4	</identifier>
					<transform>
						<row0>	0.5197 -0.8544 0.0000 0.0000	</row0>
						<row1>	0.8544 0.5197 0.0000 0.0000	</row1>
						<row2>	0.0000 0.0000 1.0000 0.0000	</row2>
						<row3>	1.1087 0.0353 2.7770 1.0000	</row3>
					</transform>
				</node>
				<node>
					<identifier>	HP_FX_RepairLight_right_2	</identifier>
					<transform>
						<row0>	0.1219 0.0000 -0.9925 0.0000	</row0>
						<row1>	0.0000 1.0000 0.0000 0.0000	</row1>
						<row2>	0.9925 0.0000 0.1219 0.0000	</row2>
						<row3>	1.1373 0.4896 2.9175 1.0000	</row3>
					</transform>
				</node>
				<node>
					<identifier>	HP_JGA_10	</identifier>
					<transform>
						<row0>	0.0000 0.0000 -1.0000 0.0000	</row0>
						<row1>	0.0000 1.0000 0.0000 0.0000	</row1>
						<row2>	1.0000 0.0000 0.0000 0.0000	</row2>
						<row3>	0.6129 0.5642 0.9549 1.0000	</row3>
					</transform>
				</node>
				<node>
					<identifier>	HP_JGA_11	</identifier>
					<transform>
						<row0>	0.0000 0.0000 1.0000 0.0000	</row0>
						<row1>	0.0000 1.0000 0.0000 0.0000	</row1>
						<row2>	-1.0000 0.0000 0.0000 0.0000	</row2>
						<row3>	-0.5959 0.5687 0.5906 1.0000	</row3>
					</transform>
				</node>
				<node>
					<identifier>	HP_JGA_3	</identifier>
					<transform>
						<row0>	0.7071 0.0000 0.7071 0.0000	</row0>
						<row1>	0.0000 1.0000 0.0000 0.0000	</row1>
						<row2>	-0.7071 0.0000 0.7071 0.0000	</row2>
						<row3>	-0.6578 0.5025 2.5293 1.0000	</row3>
					</transform>
				</node>
				<node>
					<identifier>	HP_JGA_4	</identifier>
					<transform>
						<row0>	0.7071 0.0000 -0.7071 0.0000	</row0>
						<row1>	0.0000 1.0000 0.0000 0.0000	</row1>
						<row2>	0.7071 0.0000 0.7071 0.0000	</row2>
						<row3>	0.6578 0.5025 2.5293 1.0000	</row3>
					</transform>
				</node>
				<node>
					<identifier>	HP_JGA_5	</identifier>
					<transform>
						<row0>	0.7071 0.0000 0.7071 0.0000	</row0>
						<row1>	0.0000 1.0000 0.0000 0.0000	</row1>
						<row2>	-0.7071 0.0000 0.7071 0.0000	</row2>
						<row3>	-0.7651 0.5137 2.3425 1.0000	</row3>
					</transform>
				</node>
				<node>
					<identifier>	HP_JGA_6	</identifier>
					<transform>
						<row0>	0.7071 0.0000 -0.7071 0.0000	</row0>
						<row1>	0.0000 1.0000 0.0000 0.0000	</row1>
						<row2>	0.7071 0.0000 0.7071 0.0000	</row2>
						<row3>	0.7651 0.5137 2.3425 1.0000	</row3>
					</transform>
				</node>
				<node>
					<identifier>	HP_JGA_7	</identifier>
					<transform>
						<row0>	0.0000 0.0000 1.0000 0.0000	</row0>
						<row1>	0.0000 1.0000 0.0000 0.0000	</row1>
						<row2>	-1.0000 0.0000 0.0000 0.0000	</row2>
						<row3>	-0.8901 0.5492 1.4792 1.0000	</row3>
					</transform>
				</node>
				<node>
					<identifier>	HP_JGA_8	</identifier>
					<transform>
						<row0>	0.0000 0.0000 -1.0000 0.0000	</row0>
						<row1>	0.0000 1.0000 0.0000 0.0000	</row1>
						<row2>	1.0000 0.0000 0.0000 0.0000	</row2>
						<row3>	0.8901 0.5492 1.4792 1.0000	</row3>
					</transform>
				</node>
				<node>
					<identifier>	HP_JGA_9	</identifier>
					<transform>
						<row0>	0.0000 0.0000 1.0000 0.0000	</row0>
						<row1>	0.0000 1.0000 0.0000 0.0000	</row1>
						<row2>	-1.0000 0.0000 0.0000 0.0000	</row2>
						<row3>	-0.6129 0.5642 0.9549 1.0000	</row3>
					</transform>
				</node>
				<node>
					<identifier>	HP_JGM_2	</identifier>
					<transform>
						<row0>	1.0000 0.0000 0.0000 0.0000	</row0>
						<row1>	0.0000 1.0000 0.0000 0.0000	</row1>
						<row2>	0.0000 0.0000 1.0000 0.0000	</row2>
						<row3>	0.0000 0.7127 2.2197 1.0000	</row3>
					</transform>
				</node>
				<node>
					<identifier>	HP_JGS_1	</identifier>
					<transform>
						<row0>	1.0000 0.0000 0.0000 0.0000	</row0>
						<row1>	0.0000 1.0000 0.0000 0.0000	</row1>
						<row2>	0.0000 0.0000 1.0000 0.0000	</row2>
						<row3>	0.0000 1.0115 1.1687 1.0000	</row3>
					</transform>
				</node>
				<node>
					<identifier>	MP_CM011_Fire_Fighting_Gear	</identifier>
					<transform>
						<row0>	-1.0000 0.0000 0.0000 0.0000	</row0>
						<row1>	0.0000 1.0000 0.0000 0.0000	</row1>
						<row2>	0.0000 0.0000 -1.0000 0.0000	</row2>
						<row3>	0.0000 0.5536 1.3729 1.0000	</row3>
					</transform>
				</node>
				<node>
					<identifier>	MP_CM013_Fire_Hose_Rack_2	</identifier>
					<transform>
						<row0>	0.1311 0.0000 -0.9914 0.0000	</row0>
						<row1>	0.0000 1.0000 0.0000 0.0000	</row1>
						<row2>	0.9914 0.0000 0.1311 0.0000	</row2>
						<row3>	-0.0242 0.6215 1.3531 1.0000	</row3>
					</transform>
				</node>
				<node>
					<identifier>	MP_JM002_Paravane	</identifier>
					<transform>
						<row0>	-0.4600 0.0000 -0.8879 0.0000	</row0>
						<row1>	0.0000 1.0000 0.0000 0.0000	</row1>
						<row2>	0.8879 0.0000 -0.4600 0.0000	</row2>
						<row3>	0.1451 0.7546 0.9172 1.0000	</row3>
					</transform>
				</node>
				<node>
					<identifier>	MP_JM002_Paravane_INDEX_1	</identifier>
					<transform>
						<row0>	0.4682 0.0000 -0.8836 0.0000	</row0>
						<row1>	0.0000 1.0000 0.0000 0.0000	</row1>
						<row2>	0.8836 0.0000 0.4682 0.0000	</row2>
						<row3>	-0.1451 0.7546 0.9172 1.0000	</row3>
					</transform>
				</node>
				<node>
					<identifier>	MP_JM032_Electric_Deck_Winch	</identifier>
					<transform>
						<row0>	0.8000 0.0000 0.0000 0.0000	</row0>
						<row1>	0.0000 0.8000 0.0000 0.0000	</row1>
						<row2>	0.0000 0.0000 0.8000 0.0000	</row2>
						<row3>	-0.3673 0.5543 1.2294 1.0000	</row3>
					</transform>
				</node>
				<node>
					<identifier>	MP_JM368_Life_Buoy	</identifier>
					<transform>
						<row0>	0.0000 0.0000 -1.0000 0.0000	</row0>
						<row1>	0.0000 1.0000 0.0000 0.0000	</row1>
						<row2>	1.0000 0.0000 0.0000 0.0000	</row2>
						<row3>	-0.3711 0.7059 0.9949 1.0000	</row3>
					</transform>
				</node>
				<node>
					<identifier>	MP_JM368_Life_Buoy_INDEX_1	</identifier>
					<transform>
						<row0>	0.0000 0.0000 1.0000 0.0000	</row0>
						<row1>	0.0000 1.0000 0.0000 0.0000	</row1>
						<row2>	-1.0000 0.0000 0.0000 0.0000	</row2>
						<row3>	0.3711 0.7059 0.9949 1.0000	</row3>
					</transform>
				</node>
				<node>
					<identifier>	SP_YMS011_YHWL_M_1_INDEX_4	</identifier>
					<transform>
						<row0>	1.3735 0.0000 -0.1105 0.0000	</row0>
						<row1>	0.0000 1.3779 0.0000 0.0000	</row1>
						<row2>	0.1105 0.0000 1.3735 0.0000	</row2>
						<row3>	-1.1167 0.0000 2.5610 1.0000	</row3>
					</transform>
				</node>
				<node>
					<identifier>	SP_YMS011_YHWL_M_1_INDEX_5	</identifier>
					<transform>
						<row0>	1.3761 0.0000 -0.0697 0.0000	</row0>
						<row1>	0.0000 1.3779 0.0000 0.0000	</row1>
						<row2>	0.0697 0.0000 1.3761 0.0000	</row2>
						<row3>	-1.1947 0.0000 1.4237 1.0000	</row3>
					</transform>
				</node>
				<node>
					<identifier>	SP_YMS012_YHWR_M_1_INDEX_4	</identifier>
					<transform>
						<row0>	1.3735 0.0000 0.1105 0.0000	</row0>
						<row1>	0.0000 1.3779 0.0000 0.0000	</row1>
						<row2>	-0.1105 0.0000 1.3735 0.0000	</row2>
						<row3>	1.1167 0.0000 2.5610 1.0000	</row3>
					</transform>
				</node>
				<node>
					<identifier>	SP_YMS012_YHWR_M_1_INDEX_5	</identifier>
					<transform>
						<row0>	1.3761 0.0000 0.0697 0.0000	</row0>
						<row1>	0.0000 1.3779 0.0000 0.0000	</row1>
						<row2>	-0.0697 0.0000 1.3761 0.0000	</row2>
						<row3>	1.1947 0.0000 1.4237 1.0000	</row3>
					</transform>
				</node>
				<node>
					<identifier>	SP_YMS021_YHUC_S_1_INDEX_1	</identifier>
					<transform>
						<row0>	-0.1143 0.9934 -0.0005 0.0000	</row0>
						<row1>	-0.9928 -0.1142 0.0367 0.0000	</row1>
						<row2>	0.0363 0.0047 0.9993 0.0000	</row2>
						<row3>	-1.2643 -0.3695 1.1012 1.0000	</row3>
					</transform>
				</node>
				<node>
					<identifier>	SP_YMS021_YHUC_S_1_INDEX_3	</identifier>
					<transform>
						<row0>	-0.1143 0.9934 -0.0005 0.0000	</row0>
						<row1>	-0.9912 -0.1140 0.0667 0.0000	</row1>
						<row2>	0.0662 0.0082 0.9978 0.0000	</row2>
						<row3>	-1.2126 -0.3630 2.0927 1.0000	</row3>
					</transform>
				</node>
				<node>
					<identifier>	SP_YMS021_YHUC_S_1_INDEX_5	</identifier>
					<transform>
						<row0>	-0.1143 -0.9934 0.0005 0.0000	</row0>
						<row1>	0.9928 -0.1142 0.0367 0.0000	</row1>
						<row2>	-0.0363 0.0047 0.9993 0.0000	</row2>
						<row3>	1.2643 -0.3695 1.1012 1.0000	</row3>
					</transform>
				</node>
				<node>
					<identifier>	SP_YMS021_YHUC_S_1_INDEX_7	</identifier>
					<transform>
						<row0>	-0.1143 -0.9934 0.0005 0.0000	</row0>
						<row1>	0.9912 -0.1140 0.0667 0.0000	</row1>
						<row2>	-0.0662 0.0082 0.9978 0.0000	</row2>
						<row3>	1.2126 -0.3630 2.0927 1.0000	</row3>
					</transform>
				</node>
				<node>
					<identifier>	SP_YMS053_YHDC_S_1_INDEX_5	</identifier>
					<transform>
						<row0>	1.5210 0.0000 0.0000 0.0000	</row0>
						<row1>	0.0000 1.5210 0.0000 0.0000	</row1>
						<row2>	0.0000 0.0000 1.5210 0.0000	</row2>
						<row3>	-0.7585 0.5521 1.9005 1.0000	</row3>
					</transform>
				</node>
				<node>
					<identifier>	SP_YMS053_YHDC_S_1_INDEX_6	</identifier>
					<transform>
						<row0>	1.5210 0.0000 0.0000 0.0000	</row0>
						<row1>	0.0000 1.5210 0.0000 0.0000	</row1>
						<row2>	0.0000 0.0000 1.5210 0.0000	</row2>
						<row3>	0.7585 0.5521 1.9005 1.0000	</row3>
					</transform>
				</node>
				<node>
					<identifier>	SP_YMS062_YHGH_M_1	</identifier>
					<transform>
						<row0>	-1.1291 0.0000 0.0000 0.0000	</row0>
						<row1>	0.0000 1.1291 0.0000 0.0000	</row1>
						<row2>	0.0000 0.0000 -1.1291 0.0000	</row2>
						<row3>	0.0000 0.8874 1.1687 1.0000	</row3>
					</transform>
				</node>
				<node>
					<identifier>	SP_YMS071_YHHC_S_1	</identifier>
					<transform>
						<row0>	-0.0151 0.0000 -0.9999 0.0000	</row0>
						<row1>	-0.9999 0.0000 0.0151 0.0000	</row1>
						<row2>	0.0000 1.0000 0.0000 0.0000	</row2>
						<row3>	-1.2515 0.3977 1.3192 1.0000	</row3>
					</transform>
				</node>
				<node>
					<identifier>	SP_YMS071_YHHC_S_1_INDEX_1	</identifier>
					<transform>
						<row0>	-0.0151 0.0000 0.9999 0.0000	</row0>
						<row1>	0.9999 0.0000 0.0151 0.0000	</row1>
						<row2>	0.0000 1.0000 0.0000 0.0000	</row2>
						<row3>	1.2515 0.3977 1.3192 1.0000	</row3>
					</transform>
				</node>
				<node>
					<identifier>	SP_YMS072_YHHC_M_1_INDEX_2	</identifier>
					<transform>
						<row0>	-0.0534 0.0000 -0.7982 0.0000	</row0>
						<row1>	0.0000 0.8000 0.0000 0.0000	</row1>
						<row2>	0.7982 0.0000 -0.0534 0.0000	</row2>
						<row3>	-1.2125 0.3490 1.9269 1.0000	</row3>
					</transform>
				</node>
				<node>
					<identifier>	SP_YMS072_YHHC_M_1_INDEX_3	</identifier>
					<transform>
						<row0>	-0.0534 0.0000 0.7982 0.0000	</row0>
						<row1>	0.0000 0.8000 0.0000 0.0000	</row1>
						<row2>	-0.7982 0.0000 -0.0534 0.0000	</row2>
						<row3>	1.2125 0.3490 1.9269 1.0000	</row3>
					</transform>
				</node>
				<node>
					<identifier>	SP_YMS072_YHHC_M_1_INDEX_4	</identifier>
					<transform>
						<row0>	-0.0121 0.0000 -0.7999 0.0000	</row0>
						<row1>	0.0000 0.8000 0.0000 0.0000	</row1>
						<row2>	0.7999 0.0000 -0.0121 0.0000	</row2>
						<row3>	-1.2615 0.3879 0.7376 1.0000	</row3>
					</transform>
				</node>
				<node>
					<identifier>	SP_YMS072_YHHC_M_1_INDEX_5	</identifier>
					<transform>
						<row0>	-0.0121 0.0000 0.7999 0.0000	</row0>
						<row1>	0.0000 0.8000 0.0000 0.0000	</row1>
						<row2>	-0.7999 0.0000 -0.0121 0.0000	</row2>
						<row3>	1.2615 0.3879 0.7376 1.0000	</row3>
					</transform>
				</node>
			</node>
		</node>
	</skeleton>
	<properties>
		<underwaterModel>	false	</underwaterModel>
		<abovewaterModel>	true	</abovewaterModel>
	</properties>
	<boundingBox>
		<min>	-0.0667 -0.0667 -0.0667	</min>
		<max>	0.0667 0.0667 0.0667	</max>
	</boundingBox>
	<renderSets />
	<lods>
		<lod>
			<extent>	200.0000	</extent>
			<castsShadow>	true	</castsShadow>
			<renderSets />
		</lod>
	</lods>
</JSB302_Aki_1944_MidFront_ports.visual>
