<ASD307_Laffey_1944_Stern.skel_ext>
	<exported>	true	</exported>
	<node>
		<identifier>	MP_AM046_Running_Lights_B	</identifier>
		<parent>	Scene Root	</parent>
		<transform>
			<row0>	-1.0000 0.0000 0.0000 0.0000	</row0>
			<row1>	0.0000 1.0000 0.0000 0.0000	</row1>
			<row2>	0.0000 0.0000 -1.0000 0.0000	</row2>
			<row3>	0.0000 0.1887 -3.8113 1.0000	</row3>
		</transform>
	</node>
	<node>
		<identifier>	MP_AM049_Signal_Lamp_1	</identifier>
		<parent>	Scene Root	</parent>
		<transform>
			<row0>	1.0000 0.0000 0.0000 0.0000	</row0>
			<row1>	0.0000 1.0000 0.0000 0.0000	</row1>
			<row2>	0.0000 0.0000 1.0000 0.0000	</row2>
			<row3>	0.0000 0.2101 -3.8113 1.0000	</row3>
		</transform>
	</node>
	<node>
		<identifier>	MP_AM068_Hatch_3	</identifier>
		<parent>	Scene Root	</parent>
		<transform>
			<row0>	-0.7845 0.0000 0.0000 0.0000	</row0>
			<row1>	0.0000 0.7845 0.0000 0.0000	</row1>
			<row2>	0.0000 0.0000 -0.7845 0.0000	</row2>
			<row3>	-0.0231 0.1327 -3.0230 1.0000	</row3>
		</transform>
	</node>
	<node>
		<identifier>	MP_AM103_Hatch_4	</identifier>
		<parent>	Scene Root	</parent>
		<transform>
			<row0>	1.0000 0.0000 0.0000 0.0000	</row0>
			<row1>	0.0000 1.0000 0.0000 0.0000	</row1>
			<row2>	0.0000 0.0000 1.0000 0.0000	</row2>
			<row3>	0.0000 0.1304 -3.2045 1.0000	</row3>
		</transform>
	</node>
	<node>
		<identifier>	MP_AM106_Bollard_3	</identifier>
		<parent>	Scene Root	</parent>
		<transform>
			<row0>	0.0000 0.0000 1.0000 0.0000	</row0>
			<row1>	0.0000 1.0000 0.0000 0.0000	</row1>
			<row2>	-1.0000 0.0000 0.0000 0.0000	</row2>
			<row3>	0.0557 0.1357 -3.4537 1.0000	</row3>
		</transform>
	</node>
	<node>
		<identifier>	MP_AM106_Bollard_3_INDEX_1	</identifier>
		<parent>	Scene Root	</parent>
		<transform>
			<row0>	0.0000 0.0000 -1.0000 0.0000	</row0>
			<row1>	0.0000 1.0000 0.0000 0.0000	</row1>
			<row2>	1.0000 0.0000 0.0000 0.0000	</row2>
			<row3>	-0.0582 0.1357 -3.4535 1.0000	</row3>
		</transform>
	</node>
	<node>
		<identifier>	MP_AM5014_Laffey_Name	</identifier>
		<parent>	Scene Root	</parent>
		<transform>
			<row0>	1.0000 0.0000 0.0000 0.0000	</row0>
			<row1>	0.0000 1.0000 0.0000 0.0000	</row1>
			<row2>	0.0000 0.0000 1.0000 0.0000	</row2>
			<row3>	0.0000 0.1177 -3.7957 1.0000	</row3>
		</transform>
	</node>
	<node>
		<identifier>	MP_AM5016_Ammunition_Box	</identifier>
		<parent>	Scene Root	</parent>
		<transform>
			<row0>	0.0610 -0.0123 0.7457 0.0000	</row0>
			<row1>	0.0306 0.7476 0.0098 0.0000	</row1>
			<row2>	-0.7451 0.0297 0.0615 0.0000	</row2>
			<row3>	0.1366 0.1353 -3.7000 1.0000	</row3>
		</transform>
	</node>
	<node>
		<identifier>	MP_AM5016_Ammunition_Box_INDEX_1	</identifier>
		<parent>	Scene Root	</parent>
		<transform>
			<row0>	1.0000 0.0000 0.0000 0.0000	</row0>
			<row1>	0.0000 1.0000 0.0000 0.0000	</row1>
			<row2>	0.0000 0.0000 1.0000 0.0000	</row2>
			<row3>	0.0000 0.1358 -3.1377 1.0000	</row3>
		</transform>
	</node>
	<node>
		<identifier>	MP_AM5016_Ammunition_Box_INDEX_2	</identifier>
		<parent>	Scene Root	</parent>
		<transform>
			<row0>	0.7121 0.0217 -0.7017 0.0000	</row0>
			<row1>	-0.0154 0.9998 0.0152 0.0000	</row1>
			<row2>	0.7019 0.0000 0.7123 0.0000	</row2>
			<row3>	-0.1100 0.1343 -3.3253 1.0000	</row3>
		</transform>
	</node>
	<node>
		<identifier>	MP_AM5016_Ammunition_Box_INDEX_3	</identifier>
		<parent>	Scene Root	</parent>
		<transform>
			<row0>	0.7121 -0.0217 0.7017 0.0000	</row0>
			<row1>	0.0154 0.9998 0.0152 0.0000	</row1>
			<row2>	-0.7019 0.0000 0.7123 0.0000	</row2>
			<row3>	0.1100 0.1343 -3.3253 1.0000	</row3>
		</transform>
	</node>
	<node>
		<identifier>	MP_AM5016_Ammunition_Box_INDEX_4	</identifier>
		<parent>	Scene Root	</parent>
		<transform>
			<row0>	0.0610 0.0123 -0.7457 0.0000	</row0>
			<row1>	-0.0306 0.7476 0.0098 0.0000	</row1>
			<row2>	0.7451 0.0297 0.0615 0.0000	</row2>
			<row3>	-0.1366 0.1353 -3.7000 1.0000	</row3>
		</transform>
	</node>
	<node>
		<identifier>	MP_AM679_Stowage_Rack	</identifier>
		<parent>	Scene Root	</parent>
		<transform>
			<row0>	-0.9272 0.0000 -0.3746 0.0000	</row0>
			<row1>	0.0000 1.0000 0.0000 0.0000	</row1>
			<row2>	0.3746 0.0000 -0.9272 0.0000	</row2>
			<row3>	-0.1158 0.1325 -3.4935 1.0000	</row3>
		</transform>
	</node>
	<node>
		<identifier>	MP_AM679_Stowage_Rack_INDEX_1	</identifier>
		<parent>	Scene Root	</parent>
		<transform>
			<row0>	0.9272 0.0000 -0.3746 0.0000	</row0>
			<row1>	0.0000 1.0000 0.0000 0.0000	</row1>
			<row2>	0.3746 0.0000 0.9272 0.0000	</row2>
			<row3>	0.1158 0.1325 -3.4935 1.0000	</row3>
		</transform>
	</node>
	<node>
		<identifier>	MP_AM720_Helmets_Rack	</identifier>
		<parent>	Scene Root	</parent>
		<transform>
			<row0>	0.7067 0.0000 0.7075 0.0000	</row0>
			<row1>	0.0000 1.0000 0.0000 0.0000	</row1>
			<row2>	-0.7075 0.0000 0.7067 0.0000	</row2>
			<row3>	0.1833 0.1439 -3.2863 1.0000	</row3>
		</transform>
	</node>
	<node>
		<identifier>	MP_CM002_Propeller4_L	</identifier>
		<parent>	Scene Root	</parent>
		<transform>
			<row0>	0.8000 0.0000 0.0007 0.0000	</row0>
			<row1>	0.0000 0.7991 -0.0378 0.0000	</row1>
			<row2>	-0.0007 0.0378 0.7991 0.0000	</row2>
			<row3>	-0.1714 -0.2902 -3.3864 1.0000	</row3>
		</transform>
	</node>
	<node>
		<identifier>	MP_CM030_Swab_Rack_2	</identifier>
		<parent>	Scene Root	</parent>
		<transform>
			<row0>	-0.7071 0.0000 0.7071 0.0000	</row0>
			<row1>	0.0000 1.0000 0.0000 0.0000	</row1>
			<row2>	-0.7071 0.0000 -0.7071 0.0000	</row2>
			<row3>	-0.1998 0.1298 -3.2807 1.0000	</row3>
		</transform>
	</node>
	<node>
		<identifier>	MP_CM033_Propeller4_R	</identifier>
		<parent>	Scene Root	</parent>
		<transform>
			<row0>	0.8000 0.0000 -0.0007 0.0000	</row0>
			<row1>	0.0000 0.7991 -0.0378 0.0000	</row1>
			<row2>	0.0007 0.0378 0.7991 0.0000	</row2>
			<row3>	0.1714 -0.2902 -3.3864 1.0000	</row3>
		</transform>
	</node>
</ASD307_Laffey_1944_Stern.skel_ext>
