<GSS001_Type_VII_Bow_ep.skel_ext>
	<exported>	false	</exported>
	<node>
		<identifier>	EP_Death_1	</identifier>
		<parent>	Scene Root	</parent>
		<transform>
			<row0>	1.0000 0.0000 0.0000 0.0000	</row0>
			<row1>	0.0000 1.0000 0.0000 0.0000	</row1>
			<row2>	0.0000 0.0000 1.0000 0.0000	</row2>
			<row3>	0.0000 0.0000 1.1062 1.0000	</row3>
		</transform>
	</node>
	<node>
		<identifier>	EP_Descent	</identifier>
		<parent>	Scene Root	</parent>
		<transform>
			<row0>	1.0000 0.0000 0.0000 0.0000	</row0>
			<row1>	0.0000 1.0000 0.0000 0.0000	</row1>
			<row2>	0.0000 0.0000 1.0000 0.0000	</row2>
			<row3>	0.0000 0.0410 1.6492 1.0000	</row3>
		</transform>
	</node>
	<node>
		<identifier>	EP_Descent_2	</identifier>
		<parent>	Scene Root	</parent>
		<transform>
			<row0>	1.0000 0.0000 0.0000 0.0000	</row0>
			<row1>	0.0000 1.0000 0.0000 0.0000	</row1>
			<row2>	0.0000 0.0000 1.0000 0.0000	</row2>
			<row3>	0.0000 0.0410 1.3763 1.0000	</row3>
		</transform>
	</node>
	<node>
		<identifier>	EP_Descent_5	</identifier>
		<parent>	Scene Root	</parent>
		<transform>
			<row0>	0.3882 -0.9216 0.0000 0.0000	</row0>
			<row1>	0.9216 0.3882 0.0000 0.0000	</row1>
			<row2>	0.0000 0.0000 1.0000 0.0000	</row2>
			<row3>	0.0577 -0.0897 1.9498 1.0000	</row3>
		</transform>
	</node>
	<node>
		<identifier>	EP_Descent_6	</identifier>
		<parent>	Scene Root	</parent>
		<transform>
			<row0>	0.4112 0.9115 0.0000 0.0000	</row0>
			<row1>	-0.9115 0.4112 0.0000 0.0000	</row1>
			<row2>	0.0000 0.0000 1.0000 0.0000	</row2>
			<row3>	-0.0860 0.0233 1.1492 1.0000	</row3>
		</transform>
	</node>
	<node>
		<identifier>	EP_Hydrophone	</identifier>
		<parent>	Scene Root	</parent>
		<transform>
			<row0>	1.0000 0.0000 0.0000 0.0000	</row0>
			<row1>	0.0000 1.0000 0.0000 0.0000	</row1>
			<row2>	0.0000 0.0000 1.0000 0.0000	</row2>
			<row3>	0.0000 0.0756 2.2642 1.0000	</row3>
		</transform>
	</node>
	<node>
		<identifier>	EP_Runoff_deluge_left	</identifier>
		<parent>	Scene Root	</parent>
		<transform>
			<row0>	-0.9996 0.0000 -0.0266 0.0000	</row0>
			<row1>	0.0000 1.0000 0.0000 0.0000	</row1>
			<row2>	0.0266 0.0000 -0.9996 0.0000	</row2>
			<row3>	-0.0770 0.0490 1.3163 1.0000	</row3>
		</transform>
	</node>
	<node>
		<identifier>	EP_Runoff_deluge_left_2	</identifier>
		<parent>	Scene Root	</parent>
		<transform>
			<row0>	-0.9870 -0.0112 0.1602 0.0000	</row0>
			<row1>	0.0044 0.9953 0.0966 0.0000	</row1>
			<row2>	-0.1605 0.0961 -0.9823 0.0000	</row2>
			<row3>	-0.0260 0.0710 2.0650 1.0000	</row3>
		</transform>
	</node>
	<node>
		<identifier>	EP_Runoff_deluge_right	</identifier>
		<parent>	Scene Root	</parent>
		<transform>
			<row0>	0.9997 0.0000 0.0266 0.0000	</row0>
			<row1>	0.0000 1.0000 0.0000 0.0000	</row1>
			<row2>	-0.0266 0.0000 0.9997 0.0000	</row2>
			<row3>	0.0769 0.0490 1.3162 1.0000	</row3>
		</transform>
	</node>
	<node>
		<identifier>	EP_Runoff_deluge_right_2	</identifier>
		<parent>	Scene Root	</parent>
		<transform>
			<row0>	0.9933 -0.0112 0.1148 0.0000	</row0>
			<row1>	0.0000 0.9953 0.0968 0.0000	</row1>
			<row2>	-0.1154 -0.0961 0.9887 0.0000	</row2>
			<row3>	0.0259 0.0707 2.0647 1.0000	</row3>
		</transform>
	</node>
	<node>
		<identifier>	EP_Runoff_left_1	</identifier>
		<parent>	Scene Root	</parent>
		<transform>
			<row0>	-0.9554 0.2942 0.0248 0.0000	</row0>
			<row1>	0.2943 0.9557 -0.0014 0.0000	</row1>
			<row2>	-0.0241 0.0059 -0.9997 0.0000	</row2>
			<row3>	-0.0589 0.0940 1.4353 1.0000	</row3>
		</transform>
	</node>
	<node>
		<identifier>	EP_Runoff_right_1	</identifier>
		<parent>	Scene Root	</parent>
		<transform>
			<row0>	0.9555 0.2942 0.0216 0.0000	</row0>
			<row1>	-0.2940 0.9557 -0.0128 0.0000	</row1>
			<row2>	-0.0244 0.0059 0.9997 0.0000	</row2>
			<row3>	0.0590 0.0940 1.4353 1.0000	</row3>
		</transform>
	</node>
	<node>
		<identifier>	EP_Runoff_up_left_3	</identifier>
		<parent>	Scene Root	</parent>
		<transform>
			<row0>	-0.9899 0.1358 0.0407 0.0000	</row0>
			<row1>	0.1357 0.9907 -0.0056 0.0000	</row1>
			<row2>	-0.0410 0.0000 -0.9992 0.0000	</row2>
			<row3>	-0.0497 0.1000 1.7630 1.0000	</row3>
		</transform>
	</node>
	<node>
		<identifier>	EP_Runoff_up_right_3	</identifier>
		<parent>	Scene Root	</parent>
		<transform>
			<row0>	0.9899 0.1358 0.0406 0.0000	</row0>
			<row1>	-0.1357 0.9907 -0.0056 0.0000	</row1>
			<row2>	-0.0410 0.0000 0.9992 0.0000	</row2>
			<row3>	0.0463 0.1019 1.7612 1.0000	</row3>
		</transform>
	</node>
	<node>
		<identifier>	EP_WakeTrace	</identifier>
		<parent>	Scene Root	</parent>
		<transform>
			<row0>	1.0000 0.0000 0.0000 0.0000	</row0>
			<row1>	0.0000 1.0000 0.0000 0.0000	</row1>
			<row2>	0.0000 0.0000 1.0000 0.0000	</row2>
			<row3>	0.0000 0.0000 2.2109 1.0000	</row3>
		</transform>
	</node>
</GSS001_Type_VII_Bow_ep.skel_ext>
