<ZGA139_40mm_Bofors_MK_VI.visual>
	<skeleton>
		<node>
			<identifier>	Scene Root	</identifier>
			<transform>
				<row0>	1.0000 0.0000 0.0000 0.0000	</row0>
				<row1>	0.0000 1.0000 0.0000 0.0000	</row1>
				<row2>	0.0000 0.0000 1.0000 0.0000	</row2>
				<row3>	0.0000 0.0000 0.0000 1.0000	</row3>
			</transform>
			<node>
				<identifier>	BGA033	</identifier>
				<transform>
					<row0>	1.0000 0.0000 0.0000 0.0000	</row0>
					<row1>	0.0000 1.0000 0.0000 0.0000	</row1>
					<row2>	0.0000 0.0000 1.0000 0.0000	</row2>
					<row3>	0.0000 0.0000 0.0000 1.0000	</row3>
				</transform>
				<node>
					<identifier>	HP_gunFire1	</identifier>
					<transform>
						<row0>	1.0000 0.0000 0.0000 0.0000	</row0>
						<row1>	0.0000 0.8660 -0.5000 0.0000	</row1>
						<row2>	0.0000 0.5000 0.8660 0.0000	</row2>
						<row3>	0.0096 0.2077 0.0948 1.0000	</row3>
					</transform>
				</node>
				<node>
					<identifier>	HP_gunFire2	</identifier>
					<transform>
						<row0>	1.0000 0.0000 0.0000 0.0000	</row0>
						<row1>	0.0000 0.8660 -0.5000 0.0000	</row1>
						<row2>	0.0000 0.5000 0.8660 0.0000	</row2>
						<row3>	-0.0330 0.2266 0.1884 1.0000	</row3>
					</transform>
				</node>
				<node>
					<identifier>	HP_gunFire3	</identifier>
					<transform>
						<row0>	1.0000 0.0000 0.0000 0.0000	</row0>
						<row1>	0.0000 0.8660 -0.5000 0.0000	</row1>
						<row2>	0.0000 0.5000 0.8660 0.0000	</row2>
						<row3>	0.0330 0.2266 0.1884 1.0000	</row3>
					</transform>
				</node>
				<node>
					<identifier>	HP_gunFire4	</identifier>
					<transform>
						<row0>	1.0000 0.0000 0.0000 0.0000	</row0>
						<row1>	0.0000 0.8660 -0.5000 0.0000	</row1>
						<row2>	0.0000 0.5000 0.8660 0.0000	</row2>
						<row3>	0.0330 0.1607 0.1322 1.0000	</row3>
					</transform>
				</node>
				<node>
					<identifier>	HP_gunFire5	</identifier>
					<transform>
						<row0>	1.0000 0.0000 0.0000 0.0000	</row0>
						<row1>	0.0000 0.8660 -0.5000 0.0000	</row1>
						<row2>	0.0000 0.5000 0.8660 0.0000	</row2>
						<row3>	-0.0330 0.1607 0.1322 1.0000	</row3>
					</transform>
				</node>
				<node>
					<identifier>	HP_gunFire6	</identifier>
					<transform>
						<row0>	1.0000 0.0000 0.0000 0.0000	</row0>
						<row1>	0.0000 0.8660 -0.5000 0.0000	</row1>
						<row2>	0.0000 0.5000 0.8660 0.0000	</row2>
						<row3>	-0.0096 0.2077 0.0948 1.0000	</row3>
					</transform>
				</node>
			</node>
		</node>
	</skeleton>
	<properties>
		<underwaterModel>	false	</underwaterModel>
		<abovewaterModel>	true	</abovewaterModel>
	</properties>
	<boundingBox>
		<min>	-0.1663 -0.0041 -0.1681	</min>
		<max>	0.1663 0.3177 0.2795	</max>
	</boundingBox>
	<renderSets>
		<renderSet>
			<name>	BGA033Shape	</name>
			<treatAsWorldSpaceObject>	false	</treatAsWorldSpaceObject>
			<nodes>
				<node>	BGA033	</node>
			</nodes>
			<material>
				<identifier>	TL2_SHIPMAT_PBS_Gun	</identifier>
				<mfm>	PnFMods/ModsSDK.zip/ZSB539_Louchuan/gun/ZGA139_40mm_Bofors_MK_VI.mfm	</mfm>
			</material>
		</renderSet>
		<renderSet>
			<name>	BGA033_lod1Shape	</name>
			<treatAsWorldSpaceObject>	false	</treatAsWorldSpaceObject>
			<nodes>
				<node>	BGA033	</node>
			</nodes>
			<material>
				<identifier>	TL2_SHIPMAT_PBS_Gun	</identifier>
				<mfm>	PnFMods/ModsSDK.zip/ZSB539_Louchuan/gun/ZGA139_40mm_Bofors_MK_VI.mfm	</mfm>
			</material>
		</renderSet>
		<renderSet>
			<name>	BGA033_lod2Shape	</name>
			<treatAsWorldSpaceObject>	false	</treatAsWorldSpaceObject>
			<nodes>
				<node>	BGA033	</node>
			</nodes>
			<material>
				<identifier>	TL2_SHIPMAT_PBS_Gun	</identifier>
				<mfm>	PnFMods/ModsSDK.zip/ZSB539_Louchuan/gun/ZGA139_40mm_Bofors_MK_VI.mfm	</mfm>
			</material>
		</renderSet>
		<renderSet>
			<name>	BGA033_lod3Shape	</name>
			<treatAsWorldSpaceObject>	false	</treatAsWorldSpaceObject>
			<nodes>
				<node>	BGA033	</node>
			</nodes>
			<material>
				<identifier>	TL2_SHIPMAT_PBS_Gun	</identifier>
				<mfm>	PnFMods/ModsSDK.zip/ZSB539_Louchuan/gun/ZGA139_40mm_Bofors_MK_VI.mfm	</mfm>
			</material>
		</renderSet>
	</renderSets>
	<lods>
		<lod>
			<extent>	12.0000	</extent>
			<castsShadow>	true	</castsShadow>
			<renderSets>
				<renderSet>	BGA033Shape	</renderSet>
			</renderSets>
		</lod>
		<lod>
			<extent>	25.0000	</extent>
			<castsShadow>	true	</castsShadow>
			<renderSets>
				<renderSet>	BGA033_lod1Shape	</renderSet>
			</renderSets>
		</lod>
		<lod>
			<extent>	40.0000	</extent>
			<castsShadow>	true	</castsShadow>
			<renderSets>
				<renderSet>	BGA033_lod2Shape	</renderSet>
			</renderSets>
		</lod>
		<lod>
			<extent>	200.0000	</extent>
			<castsShadow>	false	</castsShadow>
			<renderSets>
				<renderSet>	BGA033_lod3Shape	</renderSet>
			</renderSets>
		</lod>
	</lods>
</ZGA139_40mm_Bofors_MK_VI.visual>
