<BSB005_Iron_Duke_1936_Bow.skel_ext>
	<exported>	true	</exported>
	<node>
		<identifier>	MP_BM862_Signal_Lamp	</identifier>
		<parent>	Scene Root	</parent>
		<transform>
			<row0>	-0.5728 0.0000 0.0000 0.0000	</row0>
			<row1>	0.0000 0.5728 0.0000 0.0000	</row1>
			<row2>	0.0000 0.0000 -0.5728 0.0000	</row2>
			<row3>	0.0000 0.9758 5.7950 1.0000	</row3>
		</transform>
	</node>
	<node>
		<identifier>	MP_BM959_Anchor_WW2_top	</identifier>
		<parent>	Scene Root	</parent>
		<transform>
			<row0>	0.9597 -0.2182 -0.1770 0.0000	</row0>
			<row1>	-0.0515 0.4828 -0.8742 0.0000	</row1>
			<row2>	0.2762 0.8481 0.4521 0.0000	</row2>
			<row3>	0.1628 0.3772 5.5335 1.0000	</row3>
		</transform>
	</node>
	<node>
		<identifier>	MP_BM959_Anchor_WW2_top_INDEX_1	</identifier>
		<parent>	Scene Root	</parent>
		<transform>
			<row0>	0.9231 -0.3065 -0.2322 0.0000	</row0>
			<row1>	-0.0772 0.4439 -0.8928 0.0000	</row1>
			<row2>	0.3767 0.8420 0.3861 0.0000	</row2>
			<row3>	0.2400 0.3721 5.3083 1.0000	</row3>
		</transform>
	</node>
	<node>
		<identifier>	MP_BM959_Anchor_WW2_top_INDEX_2	</identifier>
		<parent>	Scene Root	</parent>
		<transform>
			<row0>	0.9597 0.2182 0.1770 0.0000	</row0>
			<row1>	0.0515 0.4828 -0.8742 0.0000	</row1>
			<row2>	-0.2762 0.8481 0.4521 0.0000	</row2>
			<row3>	-0.1627 0.3772 5.5335 1.0000	</row3>
		</transform>
	</node>
	<node>
		<identifier>	MP_BM960_Anchor_WW2_down	</identifier>
		<parent>	Scene Root	</parent>
		<transform>
			<row0>	0.9361 -0.3440 0.0735 0.0000	</row0>
			<row1>	0.2178 0.4027 -0.8890 0.0000	</row1>
			<row2>	0.2762 0.8482 0.4519 0.0000	</row2>
			<row3>	0.1629 0.3771 5.5335 1.0000	</row3>
		</transform>
	</node>
	<node>
		<identifier>	MP_BM960_Anchor_WW2_down_INDEX_1	</identifier>
		<parent>	Scene Root	</parent>
		<transform>
			<row0>	0.9087 -0.4169 0.0229 0.0000	</row0>
			<row1>	0.1800 0.3417 -0.9224 0.0000	</row1>
			<row2>	0.3767 0.8423 0.3855 0.0000	</row2>
			<row3>	0.2400 0.3721 5.3083 1.0000	</row3>
		</transform>
	</node>
	<node>
		<identifier>	MP_BM960_Anchor_WW2_down_INDEX_2	</identifier>
		<parent>	Scene Root	</parent>
		<transform>
			<row0>	0.9361 0.3440 -0.0735 0.0000	</row0>
			<row1>	-0.2178 0.4027 -0.8890 0.0000	</row1>
			<row2>	-0.2762 0.8482 0.4519 0.0000	</row2>
			<row3>	-0.1629 0.3771 5.5335 1.0000	</row3>
		</transform>
	</node>
</BSB005_Iron_Duke_1936_Bow.skel_ext>
