<ISC018_Zara_1937_Stern.skel_ext>
	<exported>	true	</exported>
	<node>
		<identifier>	MP_CM001_Propeller3_L	</identifier>
		<parent>	Scene Root	</parent>
		<transform>
			<row0>	0.9123 0.0007 0.0135 0.0000	</row0>
			<row1>	0.0000 0.9112 -0.0456 0.0000	</row1>
			<row2>	-0.0135 0.0456 0.9111 0.0000	</row2>
			<row3>	-0.2970 -0.3304 -5.0925 1.0000	</row3>
		</transform>
	</node>
	<node>
		<identifier>	MP_CM011_Fire_Fighting_Gear	</identifier>
		<parent>	Scene Root	</parent>
		<transform>
			<row0>	-1.0000 0.0000 0.0000 0.0000	</row0>
			<row1>	0.0000 1.0000 0.0000 0.0000	</row1>
			<row2>	0.0000 0.0000 -1.0000 0.0000	</row2>
			<row3>	0.0000 0.2740 -3.9877 1.0000	</row3>
		</transform>
	</node>
	<node>
		<identifier>	MP_CM013_Fire_Hose_Rack_2	</identifier>
		<parent>	Scene Root	</parent>
		<transform>
			<row0>	0.7719 0.0000 0.6357 0.0000	</row0>
			<row1>	0.0000 1.0000 0.0000 0.0000	</row1>
			<row2>	-0.6357 0.0000 0.7719 0.0000	</row2>
			<row3>	-0.1656 0.3034 -3.1585 1.0000	</row3>
		</transform>
	</node>
	<node>
		<identifier>	MP_CM013_Fire_Hose_Rack_2_INDEX_1	</identifier>
		<parent>	Scene Root	</parent>
		<transform>
			<row0>	-0.7610 0.0000 0.6487 0.0000	</row0>
			<row1>	0.0000 1.0000 0.0000 0.0000	</row1>
			<row2>	-0.6487 0.0000 -0.7610 0.0000	</row2>
			<row3>	0.1656 0.3035 -3.1578 1.0000	</row3>
		</transform>
	</node>
	<node>
		<identifier>	MP_CM032_Propeller3_R	</identifier>
		<parent>	Scene Root	</parent>
		<transform>
			<row0>	0.9123 -0.0007 -0.0135 0.0000	</row0>
			<row1>	0.0000 0.9112 -0.0456 0.0000	</row1>
			<row2>	0.0135 0.0456 0.9111 0.0000	</row2>
			<row3>	0.2970 -0.3304 -5.0925 1.0000	</row3>
		</transform>
	</node>
	<node>
		<identifier>	MP_CM126_Cleat	</identifier>
		<parent>	Scene Root	</parent>
		<transform>
			<row0>	0.9886 0.0000 -0.1503 0.0000	</row0>
			<row1>	0.0000 1.0000 0.0000 0.0000	</row1>
			<row2>	0.1503 0.0000 0.9886 0.0000	</row2>
			<row3>	0.3831 0.2609 -4.8069 1.0000	</row3>
		</transform>
	</node>
	<node>
		<identifier>	MP_CM126_Cleat_INDEX_1	</identifier>
		<parent>	Scene Root	</parent>
		<transform>
			<row0>	0.9825 0.0000 0.1863 0.0000	</row0>
			<row1>	0.0000 1.0000 0.0000 0.0000	</row1>
			<row2>	-0.1863 0.0000 0.9825 0.0000	</row2>
			<row3>	-0.2899 0.2609 -5.4825 1.0000	</row3>
		</transform>
	</node>
	<node>
		<identifier>	MP_CM126_Cleat_INDEX_2	</identifier>
		<parent>	Scene Root	</parent>
		<transform>
			<row0>	0.9825 0.0000 -0.1863 0.0000	</row0>
			<row1>	0.0000 1.0000 0.0000 0.0000	</row1>
			<row2>	0.1863 0.0000 0.9825 0.0000	</row2>
			<row3>	0.2899 0.2609 -5.4825 1.0000	</row3>
		</transform>
	</node>
	<node>
		<identifier>	MP_CM126_Cleat_INDEX_3	</identifier>
		<parent>	Scene Root	</parent>
		<transform>
			<row0>	0.9886 0.0000 0.1503 0.0000	</row0>
			<row1>	0.0000 1.0000 0.0000 0.0000	</row1>
			<row2>	-0.1503 0.0000 0.9886 0.0000	</row2>
			<row3>	-0.3831 0.2609 -4.8069 1.0000	</row3>
		</transform>
	</node>
	<node>
		<identifier>	MP_IM003_Crown	</identifier>
		<parent>	Scene Root	</parent>
		<transform>
			<row0>	1.0000 0.0000 0.0000 0.0000	</row0>
			<row1>	0.0000 0.9859 0.1672 0.0000	</row1>
			<row2>	0.0000 -0.1672 0.9859 0.0000	</row2>
			<row3>	0.0000 0.2207 -6.0437 1.0000	</row3>
		</transform>
	</node>
	<node>
		<identifier>	MP_IM019_Life_Buoy	</identifier>
		<parent>	Scene Root	</parent>
		<transform>
			<row0>	-0.0589 -0.0022 0.9983 0.0000	</row0>
			<row1>	-0.0374 0.9993 0.0000 0.0000	</row1>
			<row2>	-0.9976 -0.0374 -0.0589 0.0000	</row2>
			<row3>	-0.5536 0.1749 -3.2991 1.0000	</row3>
		</transform>
	</node>
	<node>
		<identifier>	MP_IM019_Life_Buoy_INDEX_1	</identifier>
		<parent>	Scene Root	</parent>
		<transform>
			<row0>	-0.1238 0.0027 -0.9923 0.0000	</row0>
			<row1>	0.1300 0.9914 -0.0135 0.0000	</row1>
			<row2>	0.9838 -0.1307 -0.1231 0.0000	</row2>
			<row3>	0.4321 0.1753 -4.6294 1.0000	</row3>
		</transform>
	</node>
	<node>
		<identifier>	MP_IM019_Life_Buoy_INDEX_2	</identifier>
		<parent>	Scene Root	</parent>
		<transform>
			<row0>	-0.0589 0.0022 -0.9983 0.0000	</row0>
			<row1>	0.0374 0.9993 0.0000 0.0000	</row1>
			<row2>	0.9976 -0.0374 -0.0589 0.0000	</row2>
			<row3>	0.5536 0.1749 -3.2991 1.0000	</row3>
		</transform>
	</node>
	<node>
		<identifier>	MP_IM019_Life_Buoy_INDEX_3	</identifier>
		<parent>	Scene Root	</parent>
		<transform>
			<row0>	-0.1134 0.0013 -0.9935 0.0000	</row0>
			<row1>	0.1300 0.9914 -0.0135 0.0000	</row1>
			<row2>	0.9850 -0.1307 -0.1126 0.0000	</row2>
			<row3>	0.4476 0.1751 -4.4987 1.0000	</row3>
		</transform>
	</node>
	<node>
		<identifier>	MP_IM019_Life_Buoy_INDEX_4	</identifier>
		<parent>	Scene Root	</parent>
		<transform>
			<row0>	-0.1238 -0.0027 0.9923 0.0000	</row0>
			<row1>	-0.1300 0.9914 -0.0135 0.0000	</row1>
			<row2>	-0.9838 -0.1307 -0.1231 0.0000	</row2>
			<row3>	-0.4321 0.1753 -4.6294 1.0000	</row3>
		</transform>
	</node>
	<node>
		<identifier>	MP_IM019_Life_Buoy_INDEX_5	</identifier>
		<parent>	Scene Root	</parent>
		<transform>
			<row0>	-0.1134 -0.0013 0.9935 0.0000	</row0>
			<row1>	-0.1300 0.9914 -0.0135 0.0000	</row1>
			<row2>	-0.9850 -0.1307 -0.1126 0.0000	</row2>
			<row3>	-0.4476 0.1751 -4.4987 1.0000	</row3>
		</transform>
	</node>
	<node>
		<identifier>	MP_IM031_Fire_Fighting	</identifier>
		<parent>	Scene Root	</parent>
		<transform>
			<row0>	1.0000 0.0000 0.0000 0.0000	</row0>
			<row1>	0.0000 1.0000 0.0000 0.0000	</row1>
			<row2>	0.0000 0.0000 1.0000 0.0000	</row2>
			<row3>	0.0000 0.2709 -4.6923 1.0000	</row3>
		</transform>
	</node>
	<node>
		<identifier>	MP_IM033_Life_Buoy	</identifier>
		<parent>	Scene Root	</parent>
		<transform>
			<row0>	0.1888 0.0000 -0.9820 0.0000	</row0>
			<row1>	0.0000 1.0000 0.0000 0.0000	</row1>
			<row2>	0.9820 0.0000 0.1888 0.0000	</row2>
			<row3>	-0.3157 0.3351 -5.4508 1.0000	</row3>
		</transform>
	</node>
	<node>
		<identifier>	MP_IM033_Life_Buoy_INDEX_1	</identifier>
		<parent>	Scene Root	</parent>
		<transform>
			<row0>	0.1888 0.0000 0.9820 0.0000	</row0>
			<row1>	0.0000 1.0000 0.0000 0.0000	</row1>
			<row2>	-0.9820 0.0000 0.1888 0.0000	</row2>
			<row3>	0.3157 0.3351 -5.4508 1.0000	</row3>
		</transform>
	</node>
	<node>
		<identifier>	MP_IM506_Boat_8_6m	</identifier>
		<parent>	Scene Root	</parent>
		<transform>
			<row0>	1.0000 0.0000 0.0000 0.0000	</row0>
			<row1>	0.0000 1.0000 0.0000 0.0000	</row1>
			<row2>	0.0000 0.0000 1.0000 0.0000	</row2>
			<row3>	0.4161 0.2806 -3.7963 1.0000	</row3>
		</transform>
	</node>
	<node>
		<identifier>	MP_IM506_Boat_8_6m_INDEX_1	</identifier>
		<parent>	Scene Root	</parent>
		<transform>
			<row0>	1.0000 0.0000 0.0000 0.0000	</row0>
			<row1>	0.0000 1.0000 0.0000 0.0000	</row1>
			<row2>	0.0000 0.0000 1.0000 0.0000	</row2>
			<row3>	-0.4161 0.2806 -3.7963 1.0000	</row3>
		</transform>
	</node>
	<node>
		<identifier>	MP_IM800_Ventilation	</identifier>
		<parent>	Scene Root	</parent>
		<transform>
			<row0>	-0.1316 0.0000 0.9913 0.0000	</row0>
			<row1>	0.0000 1.0000 0.0000 0.0000	</row1>
			<row2>	-0.9913 0.0000 -0.1316 0.0000	</row2>
			<row3>	-0.3487 0.2613 -4.9595 1.0000	</row3>
		</transform>
	</node>
	<node>
		<identifier>	MP_IM800_Ventilation_INDEX_1	</identifier>
		<parent>	Scene Root	</parent>
		<transform>
			<row0>	-0.1316 0.0000 -0.9913 0.0000	</row0>
			<row1>	0.0000 1.0000 0.0000 0.0000	</row1>
			<row2>	0.9913 0.0000 -0.1316 0.0000	</row2>
			<row3>	0.3487 0.2613 -4.9595 1.0000	</row3>
		</transform>
	</node>
	<node>
		<identifier>	MP_IM951_Anchor_up	</identifier>
		<parent>	Scene Root	</parent>
		<transform>
			<row0>	0.5800 0.0625 0.1402 0.0000	</row0>
			<row1>	-0.0608 0.5967 -0.0147 0.0000	</row1>
			<row2>	-0.1528 0.0000 0.6318 0.0000	</row2>
			<row3>	-0.2582 0.0901 -5.6900 1.0000	</row3>
		</transform>
	</node>
	<node>
		<identifier>	MP_IM952_Anchor_Bottom	</identifier>
		<parent>	Scene Root	</parent>
		<transform>
			<row0>	0.6315 0.0000 0.1538 0.0000	</row0>
			<row1>	0.0000 0.6500 0.0000 0.0000	</row1>
			<row2>	-0.1538 0.0000 0.6315 0.0000	</row2>
			<row3>	-0.2603 0.0899 -5.6899 1.0000	</row3>
		</transform>
	</node>
</ISC018_Zara_1937_Stern.skel_ext>
