<ISC018_Zara_1937_Bow.skel_ext>
	<exported>	true	</exported>
	<node>
		<identifier>	MP_IM026_Reels	</identifier>
		<parent>	Scene Root	</parent>
		<transform>
			<row0>	1.0000 0.0000 0.0000 0.0000	</row0>
			<row1>	0.0000 1.0000 0.0000 0.0000	</row1>
			<row2>	0.0000 0.0000 1.0000 0.0000	</row2>
			<row3>	-0.1231 0.4572 4.3798 1.0000	</row3>
		</transform>
	</node>
	<node>
		<identifier>	MP_IM026_Reels_INDEX_1	</identifier>
		<parent>	Scene Root	</parent>
		<transform>
			<row0>	1.0000 0.0000 0.0000 0.0000	</row0>
			<row1>	0.0000 1.0000 0.0000 0.0000	</row1>
			<row2>	0.0000 0.0000 1.0000 0.0000	</row2>
			<row3>	0.1231 0.4572 4.3798 1.0000	</row3>
		</transform>
	</node>
	<node>
		<identifier>	MP_IM031_Fire_Fighting	</identifier>
		<parent>	Scene Root	</parent>
		<transform>
			<row0>	-1.0000 0.0000 0.0000 0.0000	</row0>
			<row1>	0.0000 1.0000 0.0000 0.0000	</row1>
			<row2>	0.0000 0.0000 -1.0000 0.0000	</row2>
			<row3>	0.1616 0.4546 4.0124 1.0000	</row3>
		</transform>
	</node>
	<node>
		<identifier>	MP_IM044_Bow_Star	</identifier>
		<parent>	Scene Root	</parent>
		<transform>
			<row0>	1.1848 0.0000 0.0000 0.0000	</row0>
			<row1>	0.0000 0.9148 0.7530 0.0000	</row1>
			<row2>	0.0000 -0.7530 0.9148 0.0000	</row2>
			<row3>	0.0000 0.4291 6.0996 1.0000	</row3>
		</transform>
	</node>
	<node>
		<identifier>	MP_IM951_Anchor_up	</identifier>
		<parent>	Scene Root	</parent>
		<transform>
			<row0>	0.9784 -0.0169 0.2059 0.0000	</row0>
			<row1>	0.2047 0.2119 -0.9556 0.0000	</row1>
			<row2>	-0.0275 0.9772 0.2108 0.0000	</row2>
			<row3>	-0.2645 0.4505 5.6663 1.0000	</row3>
		</transform>
	</node>
	<node>
		<identifier>	MP_IM951_Anchor_up_INDEX_1	</identifier>
		<parent>	Scene Root	</parent>
		<transform>
			<row0>	0.9784 0.0169 -0.2059 0.0000	</row0>
			<row1>	-0.2047 0.2119 -0.9556 0.0000	</row1>
			<row2>	0.0275 0.9772 0.2108 0.0000	</row2>
			<row3>	0.2645 0.4505 5.6663 1.0000	</row3>
		</transform>
	</node>
	<node>
		<identifier>	MP_IM952_Anchor_Bottom	</identifier>
		<parent>	Scene Root	</parent>
		<transform>
			<row0>	0.9596 0.0870 -0.2677 0.0000	</row0>
			<row1>	-0.2799 0.1939 -0.9402 0.0000	</row1>
			<row2>	-0.0299 0.9772 0.2104 0.0000	</row2>
			<row3>	-0.2645 0.4505 5.6663 1.0000	</row3>
		</transform>
	</node>
	<node>
		<identifier>	MP_IM952_Anchor_Bottom_INDEX_1	</identifier>
		<parent>	Scene Root	</parent>
		<transform>
			<row0>	0.9596 -0.0870 0.2677 0.0000	</row0>
			<row1>	0.2799 0.1939 -0.9402 0.0000	</row1>
			<row2>	0.0299 0.9772 0.2104 0.0000	</row2>
			<row3>	0.2645 0.4516 5.6664 1.0000	</row3>
		</transform>
	</node>
</ISC018_Zara_1937_Bow.skel_ext>
