<ZSB303_Yimeng_1955_MidFront.skel_ext>
	<exported>	true	</exported>
	<node>
		<identifier>	MP_CM011_Fire_Fighting_Gear	</identifier>
		<parent>	Scene Root	</parent>
		<transform>
			<row0>	1.0000 0.0000 0.0000 0.0000	</row0>
			<row1>	0.0000 1.0000 0.0000 0.0000	</row1>
			<row2>	0.0000 0.0000 1.0000 0.0000	</row2>
			<row3>	-0.1642 0.4596 5.1556 1.0000	</row3>
		</transform>
	</node>
	<node>
		<identifier>	MP_CM011_Fire_Fighting_Gear_INDEX_1	</identifier>
		<parent>	Scene Root	</parent>
		<transform>
			<row0>	1.0000 0.0000 0.0000 0.0000	</row0>
			<row1>	0.0000 1.0000 0.0000 0.0000	</row1>
			<row2>	0.0000 0.0000 1.0000 0.0000	</row2>
			<row3>	0.1642 0.4596 5.1556 1.0000	</row3>
		</transform>
	</node>
	<node>
		<identifier>	MP_CM011_Fire_Fighting_Gear_INDEX_2	</identifier>
		<parent>	Scene Root	</parent>
		<transform>
			<row0>	1.0000 0.0000 0.0000 0.0000	</row0>
			<row1>	0.0000 1.0000 0.0000 0.0000	</row1>
			<row2>	0.0000 0.0000 1.0000 0.0000	</row2>
			<row3>	0.0594 0.4564 3.5337 1.0000	</row3>
		</transform>
	</node>
	<node>
		<identifier>	MP_CM011_Fire_Fighting_Gear_INDEX_3	</identifier>
		<parent>	Scene Root	</parent>
		<transform>
			<row0>	1.0000 0.0000 0.0000 0.0000	</row0>
			<row1>	0.0000 1.0000 0.0000 0.0000	</row1>
			<row2>	0.0000 0.0000 1.0000 0.0000	</row2>
			<row3>	-0.0594 0.4564 3.5337 1.0000	</row3>
		</transform>
	</node>
	<node>
		<identifier>	MP_RM059_Fairlead	</identifier>
		<parent>	Scene Root	</parent>
		<transform>
			<row0>	0.9951 0.0615 -0.0773 0.0000	</row0>
			<row1>	-0.0624 0.9980 -0.0104 0.0000	</row1>
			<row2>	0.0765 0.0152 0.9970 0.0000	</row2>
			<row3>	-0.8449 0.4192 3.7997 1.0000	</row3>
		</transform>
	</node>
	<node>
		<identifier>	MP_RM059_Fairlead_INDEX_1	</identifier>
		<parent>	Scene Root	</parent>
		<transform>
			<row0>	0.9955 -0.0606 0.0722 0.0000	</row0>
			<row1>	0.0609 0.9981 -0.0015 0.0000	</row1>
			<row2>	-0.0720 0.0059 0.9974 0.0000	</row2>
			<row3>	0.8468 0.4193 3.7950 1.0000	</row3>
		</transform>
	</node>
	<node>
		<identifier>	MP_RM059_Fairlead_INDEX_2	</identifier>
		<parent>	Scene Root	</parent>
		<transform>
			<row0>	0.9959 0.0616 -0.0658 0.0000	</row0>
			<row1>	-0.0616 0.9981 0.0019 0.0000	</row1>
			<row2>	0.0658 0.0021 0.9978 0.0000	</row2>
			<row3>	-0.8604 0.4188 3.6491 1.0000	</row3>
		</transform>
	</node>
	<node>
		<identifier>	MP_RM059_Fairlead_INDEX_3	</identifier>
		<parent>	Scene Root	</parent>
		<transform>
			<row0>	0.9970 -0.0446 0.0631 0.0000	</row0>
			<row1>	0.0448 0.9990 -0.0025 0.0000	</row1>
			<row2>	-0.0629 0.0054 0.9980 0.0000	</row2>
			<row3>	0.8556 0.4193 3.6440 1.0000	</row3>
		</transform>
	</node>
	<node>
		<identifier>	MP_RM059_Fairlead_INDEX_4	</identifier>
		<parent>	Scene Root	</parent>
		<transform>
			<row0>	0.9966 0.0615 -0.0547 0.0000	</row0>
			<row1>	-0.0621 0.9980 -0.0090 0.0000	</row1>
			<row2>	0.0541 0.0123 0.9985 0.0000	</row2>
			<row3>	-0.9490 0.4152 2.2005 1.0000	</row3>
		</transform>
	</node>
	<node>
		<identifier>	MP_RM059_Fairlead_INDEX_5	</identifier>
		<parent>	Scene Root	</parent>
		<transform>
			<row0>	0.9973 -0.0495 0.0544 0.0000	</row0>
			<row1>	0.0498 0.9988 -0.0043 0.0000	</row1>
			<row2>	-0.0541 0.0070 0.9985 0.0000	</row2>
			<row3>	0.9486 0.4150 2.1950 1.0000	</row3>
		</transform>
	</node>
	<node>
		<identifier>	MP_ZM024_Life_Buoy	</identifier>
		<parent>	Scene Root	</parent>
		<transform>
			<row0>	-0.0666 0.0000 -0.9978 0.0000	</row0>
			<row1>	0.0000 1.0000 0.0000 0.0000	</row1>
			<row2>	0.9978 0.0000 -0.0666 0.0000	</row2>
			<row3>	-0.9059 0.4880 3.1982 1.0000	</row3>
		</transform>
	</node>
	<node>
		<identifier>	MP_ZM024_Life_Buoy_INDEX_1	</identifier>
		<parent>	Scene Root	</parent>
		<transform>
			<row0>	-0.0666 0.0000 0.9978 0.0000	</row0>
			<row1>	0.0000 1.0000 0.0000 0.0000	</row1>
			<row2>	-0.9978 0.0000 -0.0666 0.0000	</row2>
			<row3>	0.9074 0.4880 3.1759 1.0000	</row3>
		</transform>
	</node>
	<node>
		<identifier>	MP_ZM059_Reels	</identifier>
		<parent>	Scene Root	</parent>
		<transform>
			<row0>	0.0000 0.0000 -1.1000 0.0000	</row0>
			<row1>	0.0000 1.1000 0.0000 0.0000	</row1>
			<row2>	1.1000 0.0000 0.0000 0.0000	</row2>
			<row3>	0.1476 0.4568 5.0017 1.0000	</row3>
		</transform>
	</node>
	<node>
		<identifier>	MP_ZM059_Reels_INDEX_1	</identifier>
		<parent>	Scene Root	</parent>
		<transform>
			<row0>	0.0000 0.0000 1.1000 0.0000	</row0>
			<row1>	0.0000 1.1000 0.0000 0.0000	</row1>
			<row2>	-1.1000 0.0000 0.0000 0.0000	</row2>
			<row3>	-0.1476 0.4568 5.0017 1.0000	</row3>
		</transform>
	</node>
	<node>
		<identifier>	MP_ZM059_Reels_INDEX_2	</identifier>
		<parent>	Scene Root	</parent>
		<transform>
			<row0>	0.0761 -0.0042 -1.3979 0.0000	</row0>
			<row1>	0.0774 1.3979 0.0000 0.0000	</row1>
			<row2>	1.3958 -0.0773 0.0762 0.0000	</row2>
			<row3>	0.4776 0.4389 4.0902 1.0000	</row3>
		</transform>
	</node>
	<node>
		<identifier>	MP_ZM059_Reels_INDEX_3	</identifier>
		<parent>	Scene Root	</parent>
		<transform>
			<row0>	0.0761 0.0042 1.3979 0.0000	</row0>
			<row1>	-0.0774 1.3979 0.0000 0.0000	</row1>
			<row2>	-1.3958 -0.0773 0.0762 0.0000	</row2>
			<row3>	-0.4776 0.4389 4.0902 1.0000	</row3>
		</transform>
	</node>
	<node>
		<identifier>	MP_ZM2612_Bell	</identifier>
		<parent>	Scene Root	</parent>
		<transform>
			<row0>	-1.0000 0.0000 0.0000 0.0000	</row0>
			<row1>	0.0000 1.0000 0.0000 0.0000	</row1>
			<row2>	0.0000 0.0000 -1.0000 0.0000	</row2>
			<row3>	-0.1260 0.4992 5.1495 1.0000	</row3>
		</transform>
	</node>
	<node>
		<identifier>	MP_ZM2959_Bollard	</identifier>
		<parent>	Scene Root	</parent>
		<transform>
			<row0>	0.9940 0.0552 -0.0943 0.0000	</row0>
			<row1>	-0.0550 0.9985 0.0052 0.0000	</row1>
			<row2>	0.0944 0.0000 0.9955 0.0000	</row2>
			<row3>	-0.7978 0.4202 3.9962 1.0000	</row3>
		</transform>
	</node>
	<node>
		<identifier>	MP_ZM2959_Bollard_INDEX_1	</identifier>
		<parent>	Scene Root	</parent>
		<transform>
			<row0>	0.9943 -0.0581 0.0896 0.0000	</row0>
			<row1>	0.0579 0.9983 0.0047 0.0000	</row1>
			<row2>	-0.0898 0.0005 0.9960 0.0000	</row2>
			<row3>	0.7974 0.4201 3.9963 1.0000	</row3>
		</transform>
	</node>
	<node>
		<identifier>	MP_ZM2959_Bollard_INDEX_2	</identifier>
		<parent>	Scene Root	</parent>
		<transform>
			<row0>	0.9944 0.0644 -0.0843 0.0000	</row0>
			<row1>	-0.0641 0.9979 0.0061 0.0000	</row1>
			<row2>	0.0845 -0.0006 0.9964 0.0000	</row2>
			<row3>	-0.8993 0.4164 2.3950 1.0000	</row3>
		</transform>
	</node>
	<node>
		<identifier>	MP_ZM2959_Bollard_INDEX_3	</identifier>
		<parent>	Scene Root	</parent>
		<transform>
			<row0>	0.9943 -0.0581 0.0896 0.0000	</row0>
			<row1>	0.0579 0.9983 0.0047 0.0000	</row1>
			<row2>	-0.0898 0.0005 0.9960 0.0000	</row2>
			<row3>	0.8995 0.4163 2.3949 1.0000	</row3>
		</transform>
	</node>
	<node>
		<identifier>	MP_ZM500_Yawl_20ft	</identifier>
		<parent>	Scene Root	</parent>
		<transform>
			<row0>	0.9978 0.0000 -0.0661 0.0000	</row0>
			<row1>	0.0000 1.0000 0.0000 0.0000	</row1>
			<row2>	0.0661 0.0000 0.9978 0.0000	</row2>
			<row3>	-0.8200 0.4531 3.4224 1.0000	</row3>
		</transform>
	</node>
	<node>
		<identifier>	MP_ZM500_Yawl_20ft_INDEX_1	</identifier>
		<parent>	Scene Root	</parent>
		<transform>
			<row0>	0.9912 0.0000 -0.1326 0.0000	</row0>
			<row1>	-0.0012 1.0000 -0.0087 0.0000	</row1>
			<row2>	0.1326 0.0088 0.9911 0.0000	</row2>
			<row3>	-0.6006 0.4677 4.7870 1.0000	</row3>
		</transform>
	</node>
	<node>
		<identifier>	MP_ZM500_Yawl_20ft_INDEX_2	</identifier>
		<parent>	Scene Root	</parent>
		<transform>
			<row0>	0.9912 0.0000 0.1326 0.0000	</row0>
			<row1>	0.0012 1.0000 -0.0087 0.0000	</row1>
			<row2>	-0.1326 0.0088 0.9911 0.0000	</row2>
			<row3>	0.6006 0.4688 4.7864 1.0000	</row3>
		</transform>
	</node>
	<node>
		<identifier>	MP_ZM500_Yawl_20ft_INDEX_3	</identifier>
		<parent>	Scene Root	</parent>
		<transform>
			<row0>	0.9978 0.0000 0.0661 0.0000	</row0>
			<row1>	0.0000 1.0000 0.0000 0.0000	</row1>
			<row2>	-0.0661 0.0000 0.9978 0.0000	</row2>
			<row3>	0.8200 0.4571 3.4224 1.0000	</row3>
		</transform>
	</node>
	<node>
		<identifier>	MP_ZM5017_Ventilation_2	</identifier>
		<parent>	Scene Root	</parent>
		<transform>
			<row0>	1.1000 0.0000 0.0000 0.0000	</row0>
			<row1>	0.0000 1.1000 0.0000 0.0000	</row1>
			<row2>	0.0000 0.0000 1.1000 0.0000	</row2>
			<row3>	0.2518 0.4566 3.4762 1.0000	</row3>
		</transform>
	</node>
	<node>
		<identifier>	MP_ZM5017_Ventilation_2_INDEX_1	</identifier>
		<parent>	Scene Root	</parent>
		<transform>
			<row0>	1.1000 0.0000 0.0000 0.0000	</row0>
			<row1>	0.0000 1.1000 0.0000 0.0000	</row1>
			<row2>	0.0000 0.0000 1.1000 0.0000	</row2>
			<row3>	0.4215 0.4464 2.4280 1.0000	</row3>
		</transform>
	</node>
	<node>
		<identifier>	MP_ZM5017_Ventilation_2_INDEX_2	</identifier>
		<parent>	Scene Root	</parent>
		<transform>
			<row0>	1.1000 0.0000 0.0000 0.0000	</row0>
			<row1>	0.0000 1.1000 0.0000 0.0000	</row1>
			<row2>	0.0000 0.0000 1.1000 0.0000	</row2>
			<row3>	-0.4230 0.4464 2.4273 1.0000	</row3>
		</transform>
	</node>
	<node>
		<identifier>	MP_ZM5017_Ventilation_2_INDEX_3	</identifier>
		<parent>	Scene Root	</parent>
		<transform>
			<row0>	1.1000 0.0000 0.0000 0.0000	</row0>
			<row1>	0.0000 1.1000 0.0000 0.0000	</row1>
			<row2>	0.0000 0.0000 1.1000 0.0000	</row2>
			<row3>	-0.2518 0.4566 3.4762 1.0000	</row3>
		</transform>
	</node>
	<node>
		<identifier>	MP_ZM5017_Ventilation_2_INDEX_4	</identifier>
		<parent>	Scene Root	</parent>
		<transform>
			<row0>	1.1000 0.0000 0.0000 0.0000	</row0>
			<row1>	0.0000 1.1000 0.0000 0.0000	</row1>
			<row2>	0.0000 0.0000 1.1000 0.0000	</row2>
			<row3>	-0.4424 0.4464 2.4686 1.0000	</row3>
		</transform>
	</node>
	<node>
		<identifier>	MP_ZM5017_Ventilation_2_INDEX_5	</identifier>
		<parent>	Scene Root	</parent>
		<transform>
			<row0>	1.1000 0.0000 0.0000 0.0000	</row0>
			<row1>	0.0000 1.1000 0.0000 0.0000	</row1>
			<row2>	0.0000 0.0000 1.1000 0.0000	</row2>
			<row3>	0.4409 0.4464 2.4692 1.0000	</row3>
		</transform>
	</node>
	<node>
		<identifier>	MP_ZM5018_Ventilation_3	</identifier>
		<parent>	Scene Root	</parent>
		<transform>
			<row0>	1.1000 0.0000 0.0000 0.0000	</row0>
			<row1>	0.0000 1.1000 0.0000 0.0000	</row1>
			<row2>	0.0000 0.0000 1.1000 0.0000	</row2>
			<row3>	0.2198 0.4591 5.1673 1.0000	</row3>
		</transform>
	</node>
	<node>
		<identifier>	MP_ZM5018_Ventilation_3_INDEX_1	</identifier>
		<parent>	Scene Root	</parent>
		<transform>
			<row0>	1.1000 0.0000 0.0000 0.0000	</row0>
			<row1>	0.0000 1.1000 0.0000 0.0000	</row1>
			<row2>	0.0000 0.0000 1.1000 0.0000	</row2>
			<row3>	0.1194 0.4586 3.5032 1.0000	</row3>
		</transform>
	</node>
	<node>
		<identifier>	MP_ZM5018_Ventilation_3_INDEX_2	</identifier>
		<parent>	Scene Root	</parent>
		<transform>
			<row0>	1.1000 0.0000 0.0000 0.0000	</row0>
			<row1>	0.0000 1.1000 0.0000 0.0000	</row1>
			<row2>	0.0000 0.0000 1.1000 0.0000	</row2>
			<row3>	-0.1194 0.4586 3.5032 1.0000	</row3>
		</transform>
	</node>
	<node>
		<identifier>	MP_ZM5018_Ventilation_3_INDEX_3	</identifier>
		<parent>	Scene Root	</parent>
		<transform>
			<row0>	1.1000 0.0000 0.0000 0.0000	</row0>
			<row1>	0.0000 1.1000 0.0000 0.0000	</row1>
			<row2>	0.0000 0.0000 1.1000 0.0000	</row2>
			<row3>	0.0952 0.4586 3.7350 1.0000	</row3>
		</transform>
	</node>
	<node>
		<identifier>	MP_ZM5018_Ventilation_3_INDEX_4	</identifier>
		<parent>	Scene Root	</parent>
		<transform>
			<row0>	1.1000 0.0000 0.0000 0.0000	</row0>
			<row1>	0.0000 0.9800 0.0000 0.0000	</row1>
			<row2>	0.0000 0.0000 1.1000 0.0000	</row2>
			<row3>	-0.4287 0.4462 2.7754 1.0000	</row3>
		</transform>
	</node>
	<node>
		<identifier>	MP_ZM5018_Ventilation_3_INDEX_5	</identifier>
		<parent>	Scene Root	</parent>
		<transform>
			<row0>	1.1000 0.0000 0.0000 0.0000	</row0>
			<row1>	0.0000 0.9800 0.0000 0.0000	</row1>
			<row2>	0.0000 0.0000 1.1000 0.0000	</row2>
			<row3>	0.4319 0.4462 2.7764 1.0000	</row3>
		</transform>
	</node>
	<node>
		<identifier>	MP_ZM5018_Ventilation_3_INDEX_6	</identifier>
		<parent>	Scene Root	</parent>
		<transform>
			<row0>	1.1000 0.0000 0.0000 0.0000	</row0>
			<row1>	0.0000 1.1000 0.0000 0.0000	</row1>
			<row2>	0.0000 0.0000 1.1000 0.0000	</row2>
			<row3>	-0.2198 0.4591 5.1673 1.0000	</row3>
		</transform>
	</node>
	<node>
		<identifier>	MP_ZM5018_Ventilation_3_INDEX_7	</identifier>
		<parent>	Scene Root	</parent>
		<transform>
			<row0>	1.1000 0.0000 0.0000 0.0000	</row0>
			<row1>	0.0000 1.1000 0.0000 0.0000	</row1>
			<row2>	0.0000 0.0000 1.1000 0.0000	</row2>
			<row3>	-0.0952 0.4586 3.7350 1.0000	</row3>
		</transform>
	</node>
	<node>
		<identifier>	MP_ZM562_Cutter_9m	</identifier>
		<parent>	Scene Root	</parent>
		<transform>
			<row0>	0.9982 0.0000 -0.0593 0.0000	</row0>
			<row1>	0.0000 1.0000 0.0000 0.0000	</row1>
			<row2>	0.0593 0.0000 0.9982 0.0000	</row2>
			<row3>	-0.8541 0.4703 2.7643 1.0000	</row3>
		</transform>
	</node>
	<node>
		<identifier>	MP_ZM562_Cutter_9m_INDEX_1	</identifier>
		<parent>	Scene Root	</parent>
		<transform>
			<row0>	0.9982 0.0000 0.0593 0.0000	</row0>
			<row1>	0.0000 1.0000 0.0000 0.0000	</row1>
			<row2>	-0.0593 0.0000 0.9982 0.0000	</row2>
			<row3>	0.8541 0.4702 2.7643 1.0000	</row3>
		</transform>
	</node>
	<node>
		<identifier>	MP_ZM982_Reel	</identifier>
		<parent>	Scene Root	</parent>
		<transform>
			<row0>	-0.6701 0.0422 0.4349 0.0000	</row0>
			<row1>	0.0354 0.7989 -0.0230 0.0000	</row1>
			<row2>	-0.4355 0.0000 -0.6710 0.0000	</row2>
			<row3>	0.5466 0.4356 3.2480 1.0000	</row3>
		</transform>
	</node>
	<node>
		<identifier>	MP_ZM982_Reel_INDEX_1	</identifier>
		<parent>	Scene Root	</parent>
		<transform>
			<row0>	-0.6701 -0.0422 -0.4349 0.0000	</row0>
			<row1>	-0.0354 0.7989 -0.0230 0.0000	</row1>
			<row2>	0.4355 0.0000 -0.6710 0.0000	</row2>
			<row3>	-0.4911 0.4391 4.9922 1.0000	</row3>
		</transform>
	</node>
	<node>
		<identifier>	MP_ZM982_Reel_INDEX_2	</identifier>
		<parent>	Scene Root	</parent>
		<transform>
			<row0>	-0.6701 -0.0422 -0.4349 0.0000	</row0>
			<row1>	-0.0354 0.7989 -0.0230 0.0000	</row1>
			<row2>	0.4355 0.0000 -0.6710 0.0000	</row2>
			<row3>	-0.5466 0.4356 3.2480 1.0000	</row3>
		</transform>
	</node>
	<node>
		<identifier>	MP_ZM982_Reel_INDEX_3	</identifier>
		<parent>	Scene Root	</parent>
		<transform>
			<row0>	-0.6701 0.0422 0.4349 0.0000	</row0>
			<row1>	0.0354 0.7989 -0.0230 0.0000	</row1>
			<row2>	-0.4355 0.0000 -0.6710 0.0000	</row2>
			<row3>	0.4911 0.4391 4.9922 1.0000	</row3>
		</transform>
	</node>
	<node>
		<identifier>	SP_YMS011_YHWL_M_1_INDEX_3	</identifier>
		<parent>	Scene Root	</parent>
		<transform>
			<row0>	0.9940 0.0000 -0.1093 0.0000	</row0>
			<row1>	0.0000 1.0000 0.0000 0.0000	</row1>
			<row2>	0.1093 0.0000 0.9940 0.0000	</row2>
			<row3>	-0.7299 0.0000 4.6345 1.0000	</row3>
		</transform>
	</node>
	<node>
		<identifier>	SP_YMS011_YHWL_M_1_INDEX_4	</identifier>
		<parent>	Scene Root	</parent>
		<transform>
			<row0>	0.9961 0.0000 -0.0887 0.0000	</row0>
			<row1>	0.0000 1.0000 0.0000 0.0000	</row1>
			<row2>	0.0887 0.0000 0.9961 0.0000	</row2>
			<row3>	-0.8133 0.0000 3.8088 1.0000	</row3>
		</transform>
	</node>
	<node>
		<identifier>	SP_YMS011_YHWL_M_1_INDEX_5	</identifier>
		<parent>	Scene Root	</parent>
		<transform>
			<row0>	0.9971 0.0000 -0.0763 0.0000	</row0>
			<row1>	0.0000 1.0000 0.0000 0.0000	</row1>
			<row2>	0.0763 0.0000 0.9971 0.0000	</row2>
			<row3>	-0.8866 0.0000 2.9815 1.0000	</row3>
		</transform>
	</node>
	<node>
		<identifier>	SP_YMS011_YHWL_M_1_INDEX_6	</identifier>
		<parent>	Scene Root	</parent>
		<transform>
			<row0>	0.9984 0.0000 -0.0567 0.0000	</row0>
			<row1>	0.0000 1.0000 0.0000 0.0000	</row1>
			<row2>	0.0567 0.0000 0.9984 0.0000	</row2>
			<row3>	-0.9424 0.0000 2.1528 1.0000	</row3>
		</transform>
	</node>
	<node>
		<identifier>	SP_YMS012_YHWR_M_1_INDEX_3	</identifier>
		<parent>	Scene Root	</parent>
		<transform>
			<row0>	0.9940 0.0000 0.1093 0.0000	</row0>
			<row1>	0.0000 1.0000 0.0000 0.0000	</row1>
			<row2>	-0.1093 0.0000 0.9940 0.0000	</row2>
			<row3>	0.7299 0.0000 4.6345 1.0000	</row3>
		</transform>
	</node>
	<node>
		<identifier>	SP_YMS012_YHWR_M_1_INDEX_4	</identifier>
		<parent>	Scene Root	</parent>
		<transform>
			<row0>	0.9961 0.0000 0.0887 0.0000	</row0>
			<row1>	0.0000 1.0000 0.0000 0.0000	</row1>
			<row2>	-0.0887 0.0000 0.9961 0.0000	</row2>
			<row3>	0.8133 0.0000 3.8088 1.0000	</row3>
		</transform>
	</node>
	<node>
		<identifier>	SP_YMS012_YHWR_M_1_INDEX_5	</identifier>
		<parent>	Scene Root	</parent>
		<transform>
			<row0>	0.9971 0.0000 0.0763 0.0000	</row0>
			<row1>	0.0000 1.0000 0.0000 0.0000	</row1>
			<row2>	-0.0763 0.0000 0.9971 0.0000	</row2>
			<row3>	0.8866 0.0000 2.9815 1.0000	</row3>
		</transform>
	</node>
	<node>
		<identifier>	SP_YMS012_YHWR_M_1_INDEX_6	</identifier>
		<parent>	Scene Root	</parent>
		<transform>
			<row0>	0.9984 0.0000 0.0567 0.0000	</row0>
			<row1>	0.0000 1.0000 0.0000 0.0000	</row1>
			<row2>	-0.0567 0.0000 0.9984 0.0000	</row2>
			<row3>	0.9424 0.0000 2.1528 1.0000	</row3>
		</transform>
	</node>
	<node>
		<identifier>	SP_YMS022_YHUS_L_1	</identifier>
		<parent>	Scene Root	</parent>
		<transform>
			<row0>	-0.0759 0.0000 -0.9971 0.0000	</row0>
			<row1>	0.0000 1.0000 0.0000 0.0000	</row1>
			<row2>	0.9971 0.0000 -0.0759 0.0000	</row2>
			<row3>	-0.8809 -0.4652 2.5926 1.0000	</row3>
		</transform>
	</node>
	<node>
		<identifier>	SP_YMS022_YHUS_L_1_INDEX_1	</identifier>
		<parent>	Scene Root	</parent>
		<transform>
			<row0>	-0.0759 0.0000 0.9971 0.0000	</row0>
			<row1>	0.0000 1.0000 0.0000 0.0000	</row1>
			<row2>	-0.9971 0.0000 -0.0759 0.0000	</row2>
			<row3>	0.8809 -0.4652 2.5926 1.0000	</row3>
		</transform>
	</node>
	<node>
		<identifier>	SP_YMS051_YHDL_L_1	</identifier>
		<parent>	Scene Root	</parent>
		<transform>
			<row0>	0.9975 0.0000 -0.0709 0.0000	</row0>
			<row1>	0.0000 1.0000 0.0000 0.0000	</row1>
			<row2>	0.0709 0.0000 0.9975 0.0000	</row2>
			<row3>	-0.9425 0.4129 3.1772 1.0000	</row3>
		</transform>
	</node>
	<node>
		<identifier>	SP_YMS052_YHDR_L_1	</identifier>
		<parent>	Scene Root	</parent>
		<transform>
			<row0>	0.9975 0.0000 0.0709 0.0000	</row0>
			<row1>	0.0000 1.0000 0.0000 0.0000	</row1>
			<row2>	-0.0709 0.0000 0.9975 0.0000	</row2>
			<row3>	0.9425 0.4129 3.1772 1.0000	</row3>
		</transform>
	</node>
	<node>
		<identifier>	SP_YMS053_YHDC_S_1	</identifier>
		<parent>	Scene Root	</parent>
		<transform>
			<row0>	1.0000 0.0000 0.0000 0.0000	</row0>
			<row1>	0.0000 1.0000 0.0000 0.0000	</row1>
			<row2>	0.0000 0.0000 1.0000 0.0000	</row2>
			<row3>	0.0000 0.4581 4.7998 1.0000	</row3>
		</transform>
	</node>
	<node>
		<identifier>	SP_YMS053_YHDC_S_1_INDEX_1	</identifier>
		<parent>	Scene Root	</parent>
		<transform>
			<row0>	0.9985 0.0548 0.0000 0.0000	</row0>
			<row1>	-0.0548 0.9985 0.0000 0.0000	</row1>
			<row2>	0.0000 0.0000 1.0000 0.0000	</row2>
			<row3>	-0.5457 0.4387 3.7976 1.0000	</row3>
		</transform>
	</node>
	<node>
		<identifier>	SP_YMS053_YHDC_S_1_INDEX_2	</identifier>
		<parent>	Scene Root	</parent>
		<transform>
			<row0>	0.9985 -0.0548 0.0000 0.0000	</row0>
			<row1>	0.0548 0.9985 0.0000 0.0000	</row1>
			<row2>	0.0000 0.0000 1.0000 0.0000	</row2>
			<row3>	0.5457 0.4387 3.7976 1.0000	</row3>
		</transform>
	</node>
	<node>
		<identifier>	SP_YMS053_YHDC_S_1_INDEX_3	</identifier>
		<parent>	Scene Root	</parent>
		<transform>
			<row0>	0.9985 0.0548 0.0000 0.0000	</row0>
			<row1>	-0.0548 0.9985 0.0000 0.0000	</row1>
			<row2>	0.0000 0.0000 1.0000 0.0000	</row2>
			<row3>	-0.7683 0.4277 2.3692 1.0000	</row3>
		</transform>
	</node>
	<node>
		<identifier>	SP_YMS053_YHDC_S_1_INDEX_4	</identifier>
		<parent>	Scene Root	</parent>
		<transform>
			<row0>	0.9985 -0.0548 0.0000 0.0000	</row0>
			<row1>	0.0548 0.9985 0.0000 0.0000	</row1>
			<row2>	0.0000 0.0000 1.0000 0.0000	</row2>
			<row3>	0.7683 0.4277 2.3692 1.0000	</row3>
		</transform>
	</node>
	<node>
		<identifier>	SP_YMS072_YHHC_M_1	</identifier>
		<parent>	Scene Root	</parent>
		<transform>
			<row0>	-0.1278 -0.0040 -0.9918 0.0000	</row0>
			<row1>	-0.0616 0.9981 0.0039 0.0000	</row1>
			<row2>	0.9899 0.0616 -0.1278 0.0000	</row2>
			<row3>	-0.9026 0.2416 3.0190 1.0000	</row3>
		</transform>
	</node>
	<node>
		<identifier>	SP_YMS072_YHHC_M_1_INDEX_1	</identifier>
		<parent>	Scene Root	</parent>
		<transform>
			<row0>	-0.1278 0.0040 0.9918 0.0000	</row0>
			<row1>	0.0616 0.9981 0.0039 0.0000	</row1>
			<row2>	-0.9899 0.0616 -0.1278 0.0000	</row2>
			<row3>	0.9026 0.2416 3.0190 1.0000	</row3>
		</transform>
	</node>
	<node>
		<identifier>	SP_YMS072_YHHC_M_1_INDEX_2	</identifier>
		<parent>	Scene Root	</parent>
		<transform>
			<row0>	-0.0630 0.0000 -0.9980 0.0000	</row0>
			<row1>	-0.0616 0.9981 0.0039 0.0000	</row1>
			<row2>	0.9961 0.0618 -0.0629 0.0000	</row2>
			<row3>	-0.9406 0.2413 2.4985 1.0000	</row3>
		</transform>
	</node>
	<node>
		<identifier>	SP_YMS072_YHHC_M_1_INDEX_3	</identifier>
		<parent>	Scene Root	</parent>
		<transform>
			<row0>	-0.0630 0.0000 0.9980 0.0000	</row0>
			<row1>	0.0616 0.9981 0.0039 0.0000	</row1>
			<row2>	-0.9961 0.0618 -0.0629 0.0000	</row2>
			<row3>	0.9406 0.2413 2.4985 1.0000	</row3>
		</transform>
	</node>
	<node>
		<identifier>	SP_YMS080_YHSL_M_1_INDEX_2	</identifier>
		<parent>	Scene Root	</parent>
		<transform>
			<row0>	0.9801 0.1753 -0.0934 0.0000	</row0>
			<row1>	-0.1759 0.9844 0.0014 0.0000	</row1>
			<row2>	0.0922 0.0150 0.9956 0.0000	</row2>
			<row3>	-0.7603 0.2395 4.3307 1.0000	</row3>
		</transform>
	</node>
	<node>
		<identifier>	SP_YMS081_YHSR_M_1_INDEX_2	</identifier>
		<parent>	Scene Root	</parent>
		<transform>
			<row0>	0.9801 -0.1753 0.0934 0.0000	</row0>
			<row1>	0.1759 0.9844 0.0014 0.0000	</row1>
			<row2>	-0.0922 0.0150 0.9956 0.0000	</row2>
			<row3>	0.7603 0.2395 4.3307 1.0000	</row3>
		</transform>
	</node>
</ZSB303_Yimeng_1955_MidFront.skel_ext>
