<BSB003_Bellerophon_1915_Stern.skel_ext>
	<exported>	true	</exported>
	<node>
		<identifier>	MP_BM003_Night_lifebuoy	</identifier>
		<parent>	Scene Root	</parent>
		<transform>
			<row0>	-0.8517 0.3420 -0.3971 0.0000	</row0>
			<row1>	0.3100 0.9397 0.1445 0.0000	</row1>
			<row2>	0.4226 0.0000 -0.9063 0.0000	</row2>
			<row3>	-0.2440 0.3310 -4.7858 1.0000	</row3>
		</transform>
	</node>
	<node>
		<identifier>	MP_BM003_Night_lifebuoy_INDEX_1	</identifier>
		<parent>	Scene Root	</parent>
		<transform>
			<row0>	0.8517 0.3420 -0.3971 0.0000	</row0>
			<row1>	-0.3100 0.9397 0.1445 0.0000	</row1>
			<row2>	0.4226 0.0000 0.9063 0.0000	</row2>
			<row3>	0.2440 0.3310 -4.7858 1.0000	</row3>
		</transform>
	</node>
	<node>
		<identifier>	MP_BM004_Reels	</identifier>
		<parent>	Scene Root	</parent>
		<transform>
			<row0>	1.3000 0.0000 0.0000 0.0000	</row0>
			<row1>	0.0000 1.3000 0.0000 0.0000	</row1>
			<row2>	0.0000 0.0000 1.3000 0.0000	</row2>
			<row3>	0.0409 0.2692 -3.5025 1.0000	</row3>
		</transform>
	</node>
	<node>
		<identifier>	MP_BM004_Reels_INDEX_1	</identifier>
		<parent>	Scene Root	</parent>
		<transform>
			<row0>	1.0000 0.0000 0.0000 0.0000	</row0>
			<row1>	0.0000 1.0000 0.0000 0.0000	</row1>
			<row2>	0.0000 0.0000 1.0000 0.0000	</row2>
			<row3>	0.0953 0.2737 -3.6973 1.0000	</row3>
		</transform>
	</node>
	<node>
		<identifier>	MP_BM026_Reels	</identifier>
		<parent>	Scene Root	</parent>
		<transform>
			<row0>	0.7000 0.0000 0.0000 0.0000	</row0>
			<row1>	0.0000 0.6999 0.0098 0.0000	</row1>
			<row2>	0.0000 -0.0098 0.6999 0.0000	</row2>
			<row3>	-0.0817 0.2762 -3.6629 1.0000	</row3>
		</transform>
	</node>
	<node>
		<identifier>	MP_BM706_Ammunition_Box	</identifier>
		<parent>	Scene Root	</parent>
		<transform>
			<row0>	0.0000 0.0000 0.8500 0.0000	</row0>
			<row1>	0.0000 0.8500 0.0000 0.0000	</row1>
			<row2>	-0.8500 0.0000 0.0000 0.0000	</row2>
			<row3>	0.0758 0.2758 -3.6060 1.0000	</row3>
		</transform>
	</node>
	<node>
		<identifier>	MP_BM872_Running_Lights_B	</identifier>
		<parent>	Scene Root	</parent>
		<transform>
			<row0>	-1.0000 0.0000 0.0000 0.0000	</row0>
			<row1>	0.0000 1.0000 0.0000 0.0000	</row1>
			<row2>	0.0000 0.0000 -1.0000 0.0000	</row2>
			<row3>	0.0000 0.4835 -5.2555 1.0000	</row3>
		</transform>
	</node>
	<node>
		<identifier>	MP_CM001_Propeller3_L	</identifier>
		<parent>	Scene Root	</parent>
		<transform>
			<row0>	0.7549 0.0002 0.0125 0.0000	</row0>
			<row1>	0.0002 0.7547 -0.0195 0.0000	</row1>
			<row2>	-0.0125 0.0195 0.7546 0.0000	</row2>
			<row3>	-0.1141 -0.4313 -4.3420 1.0000	</row3>
		</transform>
	</node>
	<node>
		<identifier>	MP_CM001_Propeller3_L_INDEX_1	</identifier>
		<parent>	Scene Root	</parent>
		<transform>
			<row0>	0.7549 0.0002 0.0125 0.0000	</row0>
			<row1>	0.0002 0.7547 -0.0195 0.0000	</row1>
			<row2>	-0.0125 0.0195 0.7546 0.0000	</row2>
			<row3>	-0.3262 -0.3876 -4.2106 1.0000	</row3>
		</transform>
	</node>
	<node>
		<identifier>	MP_CM032_Propeller3_R	</identifier>
		<parent>	Scene Root	</parent>
		<transform>
			<row0>	0.7549 -0.0002 -0.0125 0.0000	</row0>
			<row1>	-0.0002 0.7547 -0.0195 0.0000	</row1>
			<row2>	0.0125 0.0195 0.7546 0.0000	</row2>
			<row3>	0.1141 -0.4313 -4.3420 1.0000	</row3>
		</transform>
	</node>
	<node>
		<identifier>	MP_CM032_Propeller3_R_INDEX_1	</identifier>
		<parent>	Scene Root	</parent>
		<transform>
			<row0>	0.7549 -0.0002 -0.0125 0.0000	</row0>
			<row1>	-0.0002 0.7547 -0.0195 0.0000	</row1>
			<row2>	0.0125 0.0195 0.7546 0.0000	</row2>
			<row3>	0.3262 -0.3876 -4.2106 1.0000	</row3>
		</transform>
	</node>
	<node>
		<identifier>	MP_CM126_Cleat	</identifier>
		<parent>	Scene Root	</parent>
		<transform>
			<row0>	-0.8405 0.0000 -0.5419 0.0000	</row0>
			<row1>	0.0000 1.0000 0.0000 0.0000	</row1>
			<row2>	0.5419 0.0000 -0.8405 0.0000	</row2>
			<row3>	0.5128 0.2777 -3.7210 1.0000	</row3>
		</transform>
	</node>
	<node>
		<identifier>	MP_CM126_Cleat_INDEX_1	</identifier>
		<parent>	Scene Root	</parent>
		<transform>
			<row0>	-0.9973 0.0000 -0.0730 0.0000	</row0>
			<row1>	0.0000 1.0000 0.0000 0.0000	</row1>
			<row2>	0.0730 0.0000 -0.9973 0.0000	</row2>
			<row3>	-0.2860 0.2915 -4.5938 1.0000	</row3>
		</transform>
	</node>
	<node>
		<identifier>	MP_CM126_Cleat_INDEX_2	</identifier>
		<parent>	Scene Root	</parent>
		<transform>
			<row0>	-0.8405 0.0000 0.5419 0.0000	</row0>
			<row1>	0.0000 1.0000 0.0000 0.0000	</row1>
			<row2>	-0.5419 0.0000 -0.8405 0.0000	</row2>
			<row3>	-0.5128 0.2777 -3.7210 1.0000	</row3>
		</transform>
	</node>
	<node>
		<identifier>	MP_CM126_Cleat_INDEX_3	</identifier>
		<parent>	Scene Root	</parent>
		<transform>
			<row0>	-0.9973 0.0000 0.0730 0.0000	</row0>
			<row1>	0.0000 1.0000 0.0000 0.0000	</row1>
			<row2>	-0.0730 0.0000 -0.9973 0.0000	</row2>
			<row3>	0.2860 0.2915 -4.5938 1.0000	</row3>
		</transform>
	</node>
</BSB003_Bellerophon_1915_Stern.skel_ext>
