<ASD042_Gearing_1945_MidFront.skel_ext>
	<exported>	true	</exported>
	<node>
		<identifier>	MP_AM004_Fairlead_2	</identifier>
		<parent>	Scene Root	</parent>
		<transform>
			<row0>	0.0767 -0.0494 -0.9958 0.0000	</row0>
			<row1>	0.0200 0.9986 -0.0480 0.0000	</row1>
			<row2>	0.9969 -0.0163 0.0776 0.0000	</row2>
			<row3>	0.3108 0.2744 2.3438 1.0000	</row3>
		</transform>
	</node>
	<node>
		<identifier>	MP_AM004_Fairlead_2_INDEX_1	</identifier>
		<parent>	Scene Root	</parent>
		<transform>
			<row0>	0.0741 -0.0493 -0.9960 0.0000	</row0>
			<row1>	0.0200 0.9986 -0.0480 0.0000	</row1>
			<row2>	0.9970 -0.0164 0.0750 0.0000	</row2>
			<row3>	0.3318 0.2589 2.0389 1.0000	</row3>
		</transform>
	</node>
	<node>
		<identifier>	MP_AM004_Fairlead_2_INDEX_2	</identifier>
		<parent>	Scene Root	</parent>
		<transform>
			<row0>	0.0767 0.0494 0.9958 0.0000	</row0>
			<row1>	-0.0200 0.9986 -0.0480 0.0000	</row1>
			<row2>	-0.9969 -0.0163 0.0776 0.0000	</row2>
			<row3>	-0.3108 0.2744 2.3438 1.0000	</row3>
		</transform>
	</node>
	<node>
		<identifier>	MP_AM004_Fairlead_2_INDEX_3	</identifier>
		<parent>	Scene Root	</parent>
		<transform>
			<row0>	0.0741 0.0493 0.9960 0.0000	</row0>
			<row1>	-0.0200 0.9986 -0.0480 0.0000	</row1>
			<row2>	-0.9970 -0.0164 0.0750 0.0000	</row2>
			<row3>	-0.3318 0.2589 2.0389 1.0000	</row3>
		</transform>
	</node>
	<node>
		<identifier>	MP_AM006_Reels_1	</identifier>
		<parent>	Scene Root	</parent>
		<transform>
			<row0>	1.0000 0.0000 0.0000 0.0000	</row0>
			<row1>	0.0000 0.0000 1.0000 0.0000	</row1>
			<row2>	0.0000 -1.0000 0.0000 0.0000	</row2>
			<row3>	0.0000 0.3800 2.4264 1.0000	</row3>
		</transform>
	</node>
	<node>
		<identifier>	MP_AM010_Speaker_1	</identifier>
		<parent>	Scene Root	</parent>
		<transform>
			<row0>	1.0000 0.0000 0.0000 0.0000	</row0>
			<row1>	0.0000 0.9097 -0.4152 0.0000	</row1>
			<row2>	0.0000 0.4152 0.9097 0.0000	</row2>
			<row3>	0.2403 0.4571 0.6700 1.0000	</row3>
		</transform>
	</node>
	<node>
		<identifier>	MP_AM010_Speaker_1_INDEX_1	</identifier>
		<parent>	Scene Root	</parent>
		<transform>
			<row0>	1.0000 0.0000 0.0000 0.0000	</row0>
			<row1>	0.0000 0.9097 -0.4152 0.0000	</row1>
			<row2>	0.0000 0.4152 0.9097 0.0000	</row2>
			<row3>	-0.2403 0.4571 0.6700 1.0000	</row3>
		</transform>
	</node>
	<node>
		<identifier>	MP_AM010_Speaker_1_INDEX_2	</identifier>
		<parent>	Scene Root	</parent>
		<transform>
			<row0>	-1.0000 0.0000 0.0000 0.0000	</row0>
			<row1>	0.0000 0.9097 0.4152 0.0000	</row1>
			<row2>	0.0000 0.4152 -0.9097 0.0000	</row2>
			<row3>	0.0000 0.6776 1.8224 1.0000	</row3>
		</transform>
	</node>
	<node>
		<identifier>	MP_AM010_Speaker_1_INDEX_3	</identifier>
		<parent>	Scene Root	</parent>
		<transform>
			<row0>	0.0000 0.0000 0.6232 0.0000	</row0>
			<row1>	0.2588 0.5670 0.0000 0.0000	</row1>
			<row2>	-0.5670 0.2588 0.0000 0.0000	</row2>
			<row3>	-0.1008 0.7186 1.5567 1.0000	</row3>
		</transform>
	</node>
	<node>
		<identifier>	MP_AM018_Compass_Binnacle	</identifier>
		<parent>	Scene Root	</parent>
		<transform>
			<row0>	1.0000 0.0000 0.0000 0.0000	</row0>
			<row1>	0.0000 1.0000 0.0000 0.0000	</row1>
			<row2>	0.0000 0.0000 1.0000 0.0000	</row2>
			<row3>	0.0000 0.6005 1.5920 1.0000	</row3>
		</transform>
	</node>
	<node>
		<identifier>	MP_AM047_Running_Lights_R	</identifier>
		<parent>	Scene Root	</parent>
		<transform>
			<row0>	1.0000 0.0000 0.0000 0.0000	</row0>
			<row1>	0.0000 1.0000 0.0000 0.0000	</row1>
			<row2>	0.0000 0.0000 1.0000 0.0000	</row2>
			<row3>	0.1976 0.5755 1.4895 1.0000	</row3>
		</transform>
	</node>
	<node>
		<identifier>	MP_AM048_Running_Lights_L	</identifier>
		<parent>	Scene Root	</parent>
		<transform>
			<row0>	1.0000 0.0000 0.0000 0.0000	</row0>
			<row1>	0.0000 1.0000 0.0000 0.0000	</row1>
			<row2>	0.0000 0.0000 1.0000 0.0000	</row2>
			<row3>	-0.1976 0.5755 1.4895 1.0000	</row3>
		</transform>
	</node>
	<node>
		<identifier>	MP_AM050_Fightin_Light	</identifier>
		<parent>	Scene Root	</parent>
		<transform>
			<row0>	-0.8599 0.0000 0.0000 0.0000	</row0>
			<row1>	0.0000 0.8599 0.0000 0.0000	</row1>
			<row2>	0.0000 0.0000 -0.8599 0.0000	</row2>
			<row3>	0.0508 1.5365 0.9195 1.0000	</row3>
		</transform>
	</node>
	<node>
		<identifier>	MP_AM050_Fightin_Light_INDEX_1	</identifier>
		<parent>	Scene Root	</parent>
		<transform>
			<row0>	0.8599 0.0000 0.0000 0.0000	</row0>
			<row1>	0.0000 0.8599 0.0000 0.0000	</row1>
			<row2>	0.0000 0.0000 0.8599 0.0000	</row2>
			<row3>	-0.0508 1.5365 0.9195 1.0000	</row3>
		</transform>
	</node>
	<node>
		<identifier>	MP_AM050_Fightin_Light_INDEX_2	</identifier>
		<parent>	Scene Root	</parent>
		<transform>
			<row0>	-0.8599 0.0000 0.0000 0.0000	</row0>
			<row1>	0.0000 0.8599 0.0000 0.0000	</row1>
			<row2>	0.0000 0.0000 -0.8599 0.0000	</row2>
			<row3>	0.0911 1.1427 0.9713 1.0000	</row3>
		</transform>
	</node>
	<node>
		<identifier>	MP_AM050_Fightin_Light_INDEX_3	</identifier>
		<parent>	Scene Root	</parent>
		<transform>
			<row0>	0.8599 0.0000 0.0000 0.0000	</row0>
			<row1>	0.0000 0.8599 0.0000 0.0000	</row1>
			<row2>	0.0000 0.0000 0.8599 0.0000	</row2>
			<row3>	-0.0911 1.1427 0.9713 1.0000	</row3>
		</transform>
	</node>
	<node>
		<identifier>	MP_AM055_Boat_1	</identifier>
		<parent>	Scene Root	</parent>
		<transform>
			<row0>	0.7125 0.6570 -0.0483 0.0000	</row0>
			<row1>	-0.6564 0.7141 0.0305 0.0000	</row1>
			<row2>	0.0562 0.0102 0.9683 0.0000	</row2>
			<row3>	-0.3516 0.3459 1.1264 1.0000	</row3>
		</transform>
	</node>
	<node>
		<identifier>	MP_AM055_Boat_1_INDEX_1	</identifier>
		<parent>	Scene Root	</parent>
		<transform>
			<row0>	0.0000 -1.0000 0.0000 0.0000	</row0>
			<row1>	-0.9986 0.0000 0.0524 0.0000	</row1>
			<row2>	-0.0524 0.0000 -0.9986 0.0000	</row2>
			<row3>	-0.3406 0.3415 1.7841 1.0000	</row3>
		</transform>
	</node>
	<node>
		<identifier>	MP_AM055_Boat_1_INDEX_2	</identifier>
		<parent>	Scene Root	</parent>
		<transform>
			<row0>	0.0000 1.0000 0.0000 0.0000	</row0>
			<row1>	0.9986 0.0000 0.0524 0.0000	</row1>
			<row2>	0.0524 0.0000 -0.9986 0.0000	</row2>
			<row3>	0.3406 0.3414 1.7841 1.0000	</row3>
		</transform>
	</node>
	<node>
		<identifier>	MP_AM055_Boat_1_INDEX_3	</identifier>
		<parent>	Scene Root	</parent>
		<transform>
			<row0>	-0.7125 0.6570 -0.0483 0.0000	</row0>
			<row1>	0.6564 0.7141 0.0305 0.0000	</row1>
			<row2>	0.0562 -0.0102 -0.9683 0.0000	</row2>
			<row3>	0.3519 0.3459 1.1265 1.0000	</row3>
		</transform>
	</node>
	<node>
		<identifier>	MP_AM061_Sky_Lookout_1	</identifier>
		<parent>	Scene Root	</parent>
		<transform>
			<row0>	0.0000 0.0000 -1.0000 0.0000	</row0>
			<row1>	0.0000 1.0000 0.0000 0.0000	</row1>
			<row2>	1.0000 0.0000 0.0000 0.0000	</row2>
			<row3>	0.2015 0.6008 1.2431 1.0000	</row3>
		</transform>
	</node>
	<node>
		<identifier>	MP_AM061_Sky_Lookout_1_INDEX_1	</identifier>
		<parent>	Scene Root	</parent>
		<transform>
			<row0>	0.0000 0.0000 1.0000 0.0000	</row0>
			<row1>	0.0000 1.0000 0.0000 0.0000	</row1>
			<row2>	-1.0000 0.0000 0.0000 0.0000	</row2>
			<row3>	-0.2015 0.6008 1.2431 1.0000	</row3>
		</transform>
	</node>
	<node>
		<identifier>	MP_AM062_IFF_Antenna	</identifier>
		<parent>	Scene Root	</parent>
		<transform>
			<row0>	1.0000 0.0000 0.0000 0.0000	</row0>
			<row1>	0.0000 1.0000 0.0000 0.0000	</row1>
			<row2>	0.0000 0.0000 1.0000 0.0000	</row2>
			<row3>	0.1822 1.4481 0.8887 1.0000	</row3>
		</transform>
	</node>
	<node>
		<identifier>	MP_AM062_IFF_Antenna_INDEX_1	</identifier>
		<parent>	Scene Root	</parent>
		<transform>
			<row0>	1.0000 0.0000 0.0000 0.0000	</row0>
			<row1>	0.0000 1.0000 0.0000 0.0000	</row1>
			<row2>	0.0000 0.0000 1.0000 0.0000	</row2>
			<row3>	-0.1822 1.4481 0.8887 1.0000	</row3>
		</transform>
	</node>
	<node>
		<identifier>	MP_AM067_Speaker_2	</identifier>
		<parent>	Scene Root	</parent>
		<transform>
			<row0>	-0.6904 0.0000 0.0000 0.0000	</row0>
			<row1>	0.0000 0.6904 0.0000 0.0000	</row1>
			<row2>	0.0000 0.0000 -0.6904 0.0000	</row2>
			<row3>	0.0000 0.8867 1.0593 1.0000	</row3>
		</transform>
	</node>
	<node>
		<identifier>	MP_AM074_Floater_Net_Basket_2	</identifier>
		<parent>	Scene Root	</parent>
		<transform>
			<row0>	0.0000 0.0000 1.0000 0.0000	</row0>
			<row1>	0.0000 1.0000 0.0000 0.0000	</row1>
			<row2>	-1.0000 0.0000 0.0000 0.0000	</row2>
			<row3>	-0.2034 0.3389 0.4386 1.0000	</row3>
		</transform>
	</node>
	<node>
		<identifier>	MP_AM074_Floater_Net_Basket_2_INDEX_1	</identifier>
		<parent>	Scene Root	</parent>
		<transform>
			<row0>	0.0000 0.0000 1.0000 0.0000	</row0>
			<row1>	0.0000 1.0000 0.0000 0.0000	</row1>
			<row2>	-1.0000 0.0000 0.0000 0.0000	</row2>
			<row3>	-0.2034 0.3389 0.2953 1.0000	</row3>
		</transform>
	</node>
	<node>
		<identifier>	MP_AM074_Floater_Net_Basket_2_INDEX_2	</identifier>
		<parent>	Scene Root	</parent>
		<transform>
			<row0>	0.0000 -0.0325 -0.9995 0.0000	</row0>
			<row1>	0.0000 0.9995 -0.0325 0.0000	</row1>
			<row2>	1.0000 0.0000 0.0000 0.0000	</row2>
			<row3>	0.2037 0.4083 2.1355 1.0000	</row3>
		</transform>
	</node>
	<node>
		<identifier>	MP_AM074_Floater_Net_Basket_2_INDEX_3	</identifier>
		<parent>	Scene Root	</parent>
		<transform>
			<row0>	0.0000 -0.0325 -0.9995 0.0000	</row0>
			<row1>	0.0000 0.9995 -0.0325 0.0000	</row1>
			<row2>	1.0000 0.0000 0.0000 0.0000	</row2>
			<row3>	0.2037 0.4036 1.9922 1.0000	</row3>
		</transform>
	</node>
	<node>
		<identifier>	MP_AM074_Floater_Net_Basket_2_INDEX_4	</identifier>
		<parent>	Scene Root	</parent>
		<transform>
			<row0>	0.0000 0.0325 0.9995 0.0000	</row0>
			<row1>	0.0000 0.9995 -0.0325 0.0000	</row1>
			<row2>	-1.0000 0.0000 0.0000 0.0000	</row2>
			<row3>	-0.2037 0.4081 2.1303 1.0000	</row3>
		</transform>
	</node>
	<node>
		<identifier>	MP_AM074_Floater_Net_Basket_2_INDEX_5	</identifier>
		<parent>	Scene Root	</parent>
		<transform>
			<row0>	0.0000 0.0325 0.9995 0.0000	</row0>
			<row1>	0.0000 0.9995 -0.0325 0.0000	</row1>
			<row2>	-1.0000 0.0000 0.0000 0.0000	</row2>
			<row3>	-0.2037 0.4035 1.9870 1.0000	</row3>
		</transform>
	</node>
	<node>
		<identifier>	MP_AM085_TBS_Antenna	</identifier>
		<parent>	Scene Root	</parent>
		<transform>
			<row0>	0.5337 0.0000 -0.5337 0.0000	</row0>
			<row1>	0.0000 0.7548 0.0000 0.0000	</row1>
			<row2>	0.5337 0.0000 0.5337 0.0000	</row2>
			<row3>	0.0000 1.4443 1.0283 1.0000	</row3>
		</transform>
	</node>
	<node>
		<identifier>	MP_AM086_TBS_Antenna_2	</identifier>
		<parent>	Scene Root	</parent>
		<transform>
			<row0>	0.7049 0.0793 0.7049 0.0000	</row0>
			<row1>	-0.0561 0.9969 -0.0561 0.0000	</row1>
			<row2>	-0.7071 0.0000 0.7071 0.0000	</row2>
			<row3>	-0.0459 1.4996 0.9670 1.0000	</row3>
		</transform>
	</node>
	<node>
		<identifier>	MP_AM086_TBS_Antenna_2_INDEX_1	</identifier>
		<parent>	Scene Root	</parent>
		<transform>
			<row0>	-0.7049 -0.0793 -0.7049 0.0000	</row0>
			<row1>	-0.0561 0.9969 -0.0561 0.0000	</row1>
			<row2>	0.7071 0.0000 -0.7071 0.0000	</row2>
			<row3>	0.0449 1.4997 0.8770 1.0000	</row3>
		</transform>
	</node>
	<node>
		<identifier>	MP_AM086_TBS_Antenna_2_INDEX_2	</identifier>
		<parent>	Scene Root	</parent>
		<transform>
			<row0>	0.7049 -0.0793 -0.7049 0.0000	</row0>
			<row1>	0.0561 0.9969 -0.0561 0.0000	</row1>
			<row2>	0.7071 0.0000 0.7071 0.0000	</row2>
			<row3>	0.0456 1.4997 0.9673 1.0000	</row3>
		</transform>
	</node>
	<node>
		<identifier>	MP_AM086_TBS_Antenna_2_INDEX_3	</identifier>
		<parent>	Scene Root	</parent>
		<transform>
			<row0>	-0.7049 0.0793 0.7049 0.0000	</row0>
			<row1>	0.0561 0.9969 -0.0561 0.0000	</row1>
			<row2>	-0.7071 0.0000 -0.7071 0.0000	</row2>
			<row3>	-0.0449 1.4997 0.8770 1.0000	</row3>
		</transform>
	</node>
	<node>
		<identifier>	MP_AM104_Hatch_5	</identifier>
		<parent>	Scene Root	</parent>
		<transform>
			<row0>	1.0000 0.0000 0.0000 0.0000	</row0>
			<row1>	0.0000 1.0000 0.0000 0.0000	</row1>
			<row2>	0.0000 0.0000 1.0000 0.0000	</row2>
			<row3>	0.2466 0.2126 1.0069 1.0000	</row3>
		</transform>
	</node>
	<node>
		<identifier>	MP_AM104_Hatch_5_INDEX_1	</identifier>
		<parent>	Scene Root	</parent>
		<transform>
			<row0>	1.0000 0.0000 0.0000 0.0000	</row0>
			<row1>	0.0000 1.0000 0.0000 0.0000	</row1>
			<row2>	0.0000 0.0000 1.0000 0.0000	</row2>
			<row3>	0.2358 0.1824 0.0109 1.0000	</row3>
		</transform>
	</node>
	<node>
		<identifier>	MP_AM105_Signal_Lamp_3	</identifier>
		<parent>	Scene Root	</parent>
		<transform>
			<row0>	1.0000 0.0000 0.0000 0.0000	</row0>
			<row1>	0.0000 1.0000 0.0000 0.0000	</row1>
			<row2>	0.0000 0.0000 1.0000 0.0000	</row2>
			<row3>	0.2207 0.6999 1.0459 1.0000	</row3>
		</transform>
	</node>
	<node>
		<identifier>	MP_AM105_Signal_Lamp_3_INDEX_1	</identifier>
		<parent>	Scene Root	</parent>
		<transform>
			<row0>	-1.0000 0.0000 0.0000 0.0000	</row0>
			<row1>	0.0000 1.0000 0.0000 0.0000	</row1>
			<row2>	0.0000 0.0000 -1.0000 0.0000	</row2>
			<row3>	-0.2207 0.6999 1.0459 1.0000	</row3>
		</transform>
	</node>
	<node>
		<identifier>	MP_AM105_Signal_Lamp_3_INDEX_2	</identifier>
		<parent>	Scene Root	</parent>
		<transform>
			<row0>	-0.8746 0.0000 0.4848 0.0000	</row0>
			<row1>	0.0000 1.0000 0.0000 0.0000	</row1>
			<row2>	-0.4848 0.0000 -0.8746 0.0000	</row2>
			<row3>	-0.1319 0.7062 1.7011 1.0000	</row3>
		</transform>
	</node>
	<node>
		<identifier>	MP_AM105_Signal_Lamp_3_INDEX_3	</identifier>
		<parent>	Scene Root	</parent>
		<transform>
			<row0>	0.8746 0.0000 0.4848 0.0000	</row0>
			<row1>	0.0000 1.0000 0.0000 0.0000	</row1>
			<row2>	-0.4848 0.0000 0.8746 0.0000	</row2>
			<row3>	0.1319 0.7062 1.7011 1.0000	</row3>
		</transform>
	</node>
	<node>
		<identifier>	MP_AM150_Telegraph_Engine	</identifier>
		<parent>	Scene Root	</parent>
		<transform>
			<row0>	1.0000 0.0000 0.0000 0.0000	</row0>
			<row1>	0.0000 1.0000 0.0000 0.0000	</row1>
			<row2>	0.0000 0.0000 1.0000 0.0000	</row2>
			<row3>	-0.0570 0.6015 1.5328 1.0000	</row3>
		</transform>
	</node>
	<node>
		<identifier>	MP_AM157_Telephone	</identifier>
		<parent>	Scene Root	</parent>
		<transform>
			<row0>	-1.0000 0.0000 0.0000 0.0000	</row0>
			<row1>	0.0000 1.0000 0.0000 0.0000	</row1>
			<row2>	0.0000 0.0000 -1.0000 0.0000	</row2>
			<row3>	0.0012 0.6813 1.6526 1.0000	</row3>
		</transform>
	</node>
	<node>
		<identifier>	MP_AM157_Telephone_INDEX_1	</identifier>
		<parent>	Scene Root	</parent>
		<transform>
			<row0>	0.5340 0.0000 0.8455 0.0000	</row0>
			<row1>	0.0000 1.0000 0.0000 0.0000	</row1>
			<row2>	-0.8455 0.0000 0.5340 0.0000	</row2>
			<row3>	-0.0931 0.7031 1.6098 1.0000	</row3>
		</transform>
	</node>
	<node>
		<identifier>	MP_AM157_Telephone_INDEX_2	</identifier>
		<parent>	Scene Root	</parent>
		<transform>
			<row0>	0.5340 0.0000 -0.8455 0.0000	</row0>
			<row1>	0.0000 1.0000 0.0000 0.0000	</row1>
			<row2>	0.8455 0.0000 0.5340 0.0000	</row2>
			<row3>	0.0905 0.7031 1.6113 1.0000	</row3>
		</transform>
	</node>
	<node>
		<identifier>	MP_AM158_Turning_Indicator	</identifier>
		<parent>	Scene Root	</parent>
		<transform>
			<row0>	1.0000 0.0000 0.0000 0.0000	</row0>
			<row1>	0.0000 1.0000 0.0000 0.0000	</row1>
			<row2>	0.0000 0.0000 1.0000 0.0000	</row2>
			<row3>	0.0719 0.6005 1.5664 1.0000	</row3>
		</transform>
	</node>
	<node>
		<identifier>	MP_AM159_Voice_Tube	</identifier>
		<parent>	Scene Root	</parent>
		<transform>
			<row0>	0.9060 0.0000 -0.4232 0.0000	</row0>
			<row1>	0.0000 1.0000 0.0000 0.0000	</row1>
			<row2>	0.4232 0.0000 0.9060 0.0000	</row2>
			<row3>	0.1879 0.6022 1.5715 1.0000	</row3>
		</transform>
	</node>
	<node>
		<identifier>	MP_AM159_Voice_Tube_INDEX_1	</identifier>
		<parent>	Scene Root	</parent>
		<transform>
			<row0>	1.0000 0.0000 0.0000 0.0000	</row0>
			<row1>	0.0000 1.0000 0.0000 0.0000	</row1>
			<row2>	0.0000 0.0000 1.0000 0.0000	</row2>
			<row3>	0.1276 0.6022 1.6790 1.0000	</row3>
		</transform>
	</node>
	<node>
		<identifier>	MP_AM159_Voice_Tube_INDEX_2	</identifier>
		<parent>	Scene Root	</parent>
		<transform>
			<row0>	0.8064 0.0000 -0.5913 0.0000	</row0>
			<row1>	0.0000 1.0000 0.0000 0.0000	</row1>
			<row2>	0.5913 0.0000 0.8064 0.0000	</row2>
			<row3>	0.2204 0.6022 1.3748 1.0000	</row3>
		</transform>
	</node>
	<node>
		<identifier>	MP_AM159_Voice_Tube_INDEX_3	</identifier>
		<parent>	Scene Root	</parent>
		<transform>
			<row0>	0.9060 0.0000 0.4232 0.0000	</row0>
			<row1>	0.0000 1.0000 0.0000 0.0000	</row1>
			<row2>	-0.4232 0.0000 0.9060 0.0000	</row2>
			<row3>	-0.1879 0.6022 1.5715 1.0000	</row3>
		</transform>
	</node>
	<node>
		<identifier>	MP_AM159_Voice_Tube_INDEX_4	</identifier>
		<parent>	Scene Root	</parent>
		<transform>
			<row0>	1.0000 0.0000 0.0000 0.0000	</row0>
			<row1>	0.0000 1.0000 0.0000 0.0000	</row1>
			<row2>	0.0000 0.0000 1.0000 0.0000	</row2>
			<row3>	-0.1276 0.6022 1.6790 1.0000	</row3>
		</transform>
	</node>
	<node>
		<identifier>	MP_AM159_Voice_Tube_INDEX_5	</identifier>
		<parent>	Scene Root	</parent>
		<transform>
			<row0>	1.0000 0.0000 0.0000 0.0000	</row0>
			<row1>	0.0000 1.0000 0.0000 0.0000	</row1>
			<row2>	0.0000 0.0000 1.0000 0.0000	</row2>
			<row3>	-0.0466 0.6022 1.7755 1.0000	</row3>
		</transform>
	</node>
	<node>
		<identifier>	MP_AM159_Voice_Tube_INDEX_6	</identifier>
		<parent>	Scene Root	</parent>
		<transform>
			<row0>	1.0000 0.0000 0.0000 0.0000	</row0>
			<row1>	0.0000 1.0000 0.0000 0.0000	</row1>
			<row2>	0.0000 0.0000 1.0000 0.0000	</row2>
			<row3>	-0.0152 0.6022 1.7755 1.0000	</row3>
		</transform>
	</node>
	<node>
		<identifier>	MP_AM159_Voice_Tube_INDEX_7	</identifier>
		<parent>	Scene Root	</parent>
		<transform>
			<row0>	1.0000 0.0000 0.0000 0.0000	</row0>
			<row1>	0.0000 1.0000 0.0000 0.0000	</row1>
			<row2>	0.0000 0.0000 1.0000 0.0000	</row2>
			<row3>	-0.0881 0.6022 1.5392 1.0000	</row3>
		</transform>
	</node>
	<node>
		<identifier>	MP_AM173_Insulator_1	</identifier>
		<parent>	Scene Root	</parent>
		<transform>
			<row0>	0.8467 0.0000 0.0000 0.0000	</row0>
			<row1>	0.0000 0.8467 0.0000 0.0000	</row1>
			<row2>	0.0000 0.0000 0.8467 0.0000	</row2>
			<row3>	0.0786 0.6684 0.8575 1.0000	</row3>
		</transform>
	</node>
	<node>
		<identifier>	MP_AM173_Insulator_1_INDEX_1	</identifier>
		<parent>	Scene Root	</parent>
		<transform>
			<row0>	-0.8467 0.0000 0.0000 0.0000	</row0>
			<row1>	0.0000 0.7098 -0.4616 0.0000	</row1>
			<row2>	0.0000 -0.4616 -0.7098 0.0000	</row2>
			<row3>	0.1469 0.6223 0.6083 1.0000	</row3>
		</transform>
	</node>
	<node>
		<identifier>	MP_AM181_Siren_3	</identifier>
		<parent>	Scene Root	</parent>
		<transform>
			<row0>	0.3765 0.0000 0.0000 0.0000	</row0>
			<row1>	0.0000 0.3759 -0.0211 0.0000	</row1>
			<row2>	0.0000 0.0211 0.3759 0.0000	</row2>
			<row3>	-0.0156 0.9242 0.7529 1.0000	</row3>
		</transform>
	</node>
	<node>
		<identifier>	MP_AM185_Signal_Lamp_O	</identifier>
		<parent>	Scene Root	</parent>
		<transform>
			<row0>	0.0000 0.0000 -0.6574 0.0000	</row0>
			<row1>	0.0000 0.6574 0.0000 0.0000	</row1>
			<row2>	0.6574 0.0000 0.0000 0.0000	</row2>
			<row3>	0.0231 1.6512 0.8872 1.0000	</row3>
		</transform>
	</node>
	<node>
		<identifier>	MP_AM185_Signal_Lamp_O_INDEX_1	</identifier>
		<parent>	Scene Root	</parent>
		<transform>
			<row0>	0.0000 0.0000 0.6574 0.0000	</row0>
			<row1>	0.0000 0.6574 0.0000 0.0000	</row1>
			<row2>	-0.6574 0.0000 0.0000 0.0000	</row2>
			<row3>	-0.0231 1.6512 0.8872 1.0000	</row3>
		</transform>
	</node>
	<node>
		<identifier>	MP_AM213_Ventilation	</identifier>
		<parent>	Scene Root	</parent>
		<transform>
			<row0>	0.1902 0.0000 0.0000 0.0000	</row0>
			<row1>	0.0000 0.1902 0.0000 0.0000	</row1>
			<row2>	0.0000 0.0000 0.1902 0.0000	</row2>
			<row3>	0.0000 0.7360 1.1717 1.0000	</row3>
		</transform>
	</node>
	<node>
		<identifier>	MP_AM280_Signal_Lamp	</identifier>
		<parent>	Scene Root	</parent>
		<transform>
			<row0>	0.0000 0.0000 -0.7504 0.0000	</row0>
			<row1>	0.0000 0.7504 0.0000 0.0000	</row1>
			<row2>	0.7504 0.0000 0.0000 0.0000	</row2>
			<row3>	0.2042 1.4460 0.9104 1.0000	</row3>
		</transform>
	</node>
	<node>
		<identifier>	MP_AM280_Signal_Lamp_INDEX_1	</identifier>
		<parent>	Scene Root	</parent>
		<transform>
			<row0>	0.0000 0.0000 0.7504 0.0000	</row0>
			<row1>	0.0000 0.7504 0.0000 0.0000	</row1>
			<row2>	-0.7504 0.0000 0.0000 0.0000	</row2>
			<row3>	-0.2042 1.4460 0.9104 1.0000	</row3>
		</transform>
	</node>
	<node>
		<identifier>	MP_AM316_Bollard	</identifier>
		<parent>	Scene Root	</parent>
		<transform>
			<row0>	0.9970 -0.0391 0.0675 0.0000	</row0>
			<row1>	0.0425 0.9979 -0.0495 0.0000	</row1>
			<row2>	-0.0654 0.0523 0.9965 0.0000	</row2>
			<row3>	0.2929 0.2685 2.2089 1.0000	</row3>
		</transform>
	</node>
	<node>
		<identifier>	MP_AM316_Bollard_INDEX_1	</identifier>
		<parent>	Scene Root	</parent>
		<transform>
			<row0>	0.9970 0.0391 -0.0675 0.0000	</row0>
			<row1>	-0.0425 0.9979 -0.0495 0.0000	</row1>
			<row2>	0.0654 0.0523 0.9965 0.0000	</row2>
			<row3>	-0.2929 0.2685 2.2089 1.0000	</row3>
		</transform>
	</node>
	<node>
		<identifier>	MP_AM317_Running_Lights_F	</identifier>
		<parent>	Scene Root	</parent>
		<transform>
			<row0>	1.0000 0.0000 0.0000 0.0000	</row0>
			<row1>	0.0000 1.0000 0.0000 0.0000	</row1>
			<row2>	0.0000 0.0000 1.0000 0.0000	</row2>
			<row3>	0.0000 1.1169 1.0204 1.0000	</row3>
		</transform>
	</node>
	<node>
		<identifier>	MP_AM317_Running_Lights_F_INDEX_1	</identifier>
		<parent>	Scene Root	</parent>
		<transform>
			<row0>	1.0000 0.0000 0.0000 0.0000	</row0>
			<row1>	0.0000 1.0000 0.0000 0.0000	</row1>
			<row2>	0.0000 0.0000 1.0000 0.0000	</row2>
			<row3>	0.0000 0.7509 1.6376 1.0000	</row3>
		</transform>
	</node>
	<node>
		<identifier>	MP_AM350_Filling_connection	</identifier>
		<parent>	Scene Root	</parent>
		<transform>
			<row0>	0.0000 0.0000 -1.0000 0.0000	</row0>
			<row1>	0.0000 1.0000 0.0000 0.0000	</row1>
			<row2>	1.0000 0.0000 0.0000 0.0000	</row2>
			<row3>	-0.2209 0.2055 0.6112 1.0000	</row3>
		</transform>
	</node>
	<node>
		<identifier>	MP_AM350_Filling_connection_INDEX_1	</identifier>
		<parent>	Scene Root	</parent>
		<transform>
			<row0>	0.0000 0.0000 1.0000 0.0000	</row0>
			<row1>	0.0000 1.0000 0.0000 0.0000	</row1>
			<row2>	-1.0000 0.0000 0.0000 0.0000	</row2>
			<row3>	0.2209 0.2055 0.5666 1.0000	</row3>
		</transform>
	</node>
	<node>
		<identifier>	MP_AM350_Filling_connection_INDEX_2	</identifier>
		<parent>	Scene Root	</parent>
		<transform>
			<row0>	0.0000 0.0000 -1.0000 0.0000	</row0>
			<row1>	0.0000 1.0000 0.0000 0.0000	</row1>
			<row2>	1.0000 0.0000 0.0000 0.0000	</row2>
			<row3>	0.2209 0.2156 0.8403 1.0000	</row3>
		</transform>
	</node>
	<node>
		<identifier>	MP_AM374_Fender	</identifier>
		<parent>	Scene Root	</parent>
		<transform>
			<row0>	0.0000 0.0000 0.3280 0.0000	</row0>
			<row1>	0.0000 0.3280 0.0000 0.0000	</row1>
			<row2>	-0.3280 0.0000 0.0000 0.0000	</row2>
			<row3>	-0.2135 0.2300 1.2375 1.0000	</row3>
		</transform>
	</node>
	<node>
		<identifier>	MP_AM374_Fender_INDEX_1	</identifier>
		<parent>	Scene Root	</parent>
		<transform>
			<row0>	0.0000 0.0000 0.3280 0.0000	</row0>
			<row1>	0.0000 0.3280 0.0000 0.0000	</row1>
			<row2>	-0.3280 0.0000 0.0000 0.0000	</row2>
			<row3>	-0.2135 0.2300 1.2164 1.0000	</row3>
		</transform>
	</node>
	<node>
		<identifier>	MP_AM374_Fender_INDEX_2	</identifier>
		<parent>	Scene Root	</parent>
		<transform>
			<row0>	0.0000 0.0000 -0.3280 0.0000	</row0>
			<row1>	0.0000 0.3280 0.0000 0.0000	</row1>
			<row2>	0.3280 0.0000 0.0000 0.0000	</row2>
			<row3>	0.2135 0.2300 1.2375 1.0000	</row3>
		</transform>
	</node>
	<node>
		<identifier>	MP_AM374_Fender_INDEX_3	</identifier>
		<parent>	Scene Root	</parent>
		<transform>
			<row0>	0.0000 0.0000 -0.3280 0.0000	</row0>
			<row1>	0.0000 0.3280 0.0000 0.0000	</row1>
			<row2>	0.3280 0.0000 0.0000 0.0000	</row2>
			<row3>	0.2135 0.2300 1.2164 1.0000	</row3>
		</transform>
	</node>
	<node>
		<identifier>	MP_AM442_Multipole_Switch	</identifier>
		<parent>	Scene Root	</parent>
		<transform>
			<row0>	-1.0000 0.0000 0.0000 0.0000	</row0>
			<row1>	0.0000 1.0000 0.0000 0.0000	</row1>
			<row2>	0.0000 0.0000 -1.0000 0.0000	</row2>
			<row3>	0.0478 0.6569 1.6508 1.0000	</row3>
		</transform>
	</node>
	<node>
		<identifier>	MP_AM442_Multipole_Switch_INDEX_1	</identifier>
		<parent>	Scene Root	</parent>
		<transform>
			<row0>	-0.5034 0.0000 -0.8641 0.0000	</row0>
			<row1>	0.0000 1.0000 0.0000 0.0000	</row1>
			<row2>	0.8641 0.0000 -0.5034 0.0000	</row2>
			<row3>	-0.0772 0.6488 1.7638 1.0000	</row3>
		</transform>
	</node>
	<node>
		<identifier>	MP_AM442_Multipole_Switch_INDEX_2	</identifier>
		<parent>	Scene Root	</parent>
		<transform>
			<row0>	-0.0568 0.0000 0.9984 0.0000	</row0>
			<row1>	0.0000 1.0000 0.0000 0.0000	</row1>
			<row2>	-0.9984 0.0000 -0.0568 0.0000	</row2>
			<row3>	0.2299 0.6488 1.4037 1.0000	</row3>
		</transform>
	</node>
	<node>
		<identifier>	MP_AM442_Multipole_Switch_INDEX_3	</identifier>
		<parent>	Scene Root	</parent>
		<transform>
			<row0>	-0.0568 0.0000 -0.9984 0.0000	</row0>
			<row1>	0.0000 1.0000 0.0000 0.0000	</row1>
			<row2>	0.9984 0.0000 -0.0568 0.0000	</row2>
			<row3>	-0.2299 0.6488 1.4037 1.0000	</row3>
		</transform>
	</node>
	<node>
		<identifier>	MP_AM442_Multipole_Switch_INDEX_4	</identifier>
		<parent>	Scene Root	</parent>
		<transform>
			<row0>	-1.0000 0.0000 0.0000 0.0000	</row0>
			<row1>	0.0000 1.0000 0.0000 0.0000	</row1>
			<row2>	0.0000 0.0000 -1.0000 0.0000	</row2>
			<row3>	-0.1849 0.5251 1.0240 1.0000	</row3>
		</transform>
	</node>
	<node>
		<identifier>	MP_AM442_Multipole_Switch_INDEX_5	</identifier>
		<parent>	Scene Root	</parent>
		<transform>
			<row0>	-1.0000 0.0000 0.0000 0.0000	</row0>
			<row1>	0.0000 1.0000 0.0000 0.0000	</row1>
			<row2>	0.0000 0.0000 -1.0000 0.0000	</row2>
			<row3>	0.1769 0.5251 1.0240 1.0000	</row3>
		</transform>
	</node>
	<node>
		<identifier>	MP_AM444_Director_Train_Indicator	</identifier>
		<parent>	Scene Root	</parent>
		<transform>
			<row0>	-1.0000 0.0000 0.0000 0.0000	</row0>
			<row1>	0.0000 1.0000 0.0000 0.0000	</row1>
			<row2>	0.0000 0.0000 -1.0000 0.0000	</row2>
			<row3>	0.0309 0.6686 1.6572 1.0000	</row3>
		</transform>
	</node>
	<node>
		<identifier>	MP_AM444_Director_Train_Indicator_INDEX_1	</identifier>
		<parent>	Scene Root	</parent>
		<transform>
			<row0>	-0.2834 0.0000 0.9590 0.0000	</row0>
			<row1>	0.0000 1.0000 0.0000 0.0000	</row1>
			<row2>	-0.9590 0.0000 -0.2834 0.0000	</row2>
			<row3>	0.1000 0.7187 1.3588 1.0000	</row3>
		</transform>
	</node>
	<node>
		<identifier>	MP_AM447_Seat	</identifier>
		<parent>	Scene Root	</parent>
		<transform>
			<row0>	0.8747 0.0000 0.4847 0.0000	</row0>
			<row1>	0.0000 1.0000 0.0000 0.0000	</row1>
			<row2>	-0.4847 0.0000 0.8747 0.0000	</row2>
			<row3>	0.0858 0.6482 1.7185 1.0000	</row3>
		</transform>
	</node>
	<node>
		<identifier>	MP_AM510_Pelorus	</identifier>
		<parent>	Scene Root	</parent>
		<transform>
			<row0>	0.8593 0.0000 -0.5115 0.0000	</row0>
			<row1>	0.0000 1.0000 0.0000 0.0000	</row1>
			<row2>	0.5115 0.0000 0.8593 0.0000	</row2>
			<row3>	0.1981 0.6016 1.5340 1.0000	</row3>
		</transform>
	</node>
	<node>
		<identifier>	MP_AM510_Pelorus_INDEX_1	</identifier>
		<parent>	Scene Root	</parent>
		<transform>
			<row0>	0.8593 0.0000 0.5115 0.0000	</row0>
			<row1>	0.0000 1.0000 0.0000 0.0000	</row1>
			<row2>	-0.5115 0.0000 0.8593 0.0000	</row2>
			<row3>	-0.1983 0.6016 1.5340 1.0000	</row3>
		</transform>
	</node>
	<node>
		<identifier>	MP_AM535_Elec_Panel	</identifier>
		<parent>	Scene Root	</parent>
		<transform>
			<row0>	1.0000 0.0000 0.0000 0.0000	</row0>
			<row1>	0.0000 1.0000 0.0000 0.0000	</row1>
			<row2>	0.0000 0.0000 1.0000 0.0000	</row2>
			<row3>	-0.0374 0.6625 1.7869 1.0000	</row3>
		</transform>
	</node>
	<node>
		<identifier>	MP_AM535_Elec_Panel_INDEX_1	</identifier>
		<parent>	Scene Root	</parent>
		<transform>
			<row0>	-0.2882 0.0000 0.9576 0.0000	</row0>
			<row1>	0.0000 1.0000 0.0000 0.0000	</row1>
			<row2>	-0.9576 0.0000 -0.2882 0.0000	</row2>
			<row3>	0.0918 0.6584 1.3648 1.0000	</row3>
		</transform>
	</node>
	<node>
		<identifier>	MP_AM536_Elec_Panel	</identifier>
		<parent>	Scene Root	</parent>
		<transform>
			<row0>	1.0000 0.0000 0.0000 0.0000	</row0>
			<row1>	0.0000 1.0000 0.0000 0.0000	</row1>
			<row2>	0.0000 0.0000 1.0000 0.0000	</row2>
			<row3>	0.0274 0.6300 1.7869 1.0000	</row3>
		</transform>
	</node>
	<node>
		<identifier>	MP_AM537_Elec_Panel	</identifier>
		<parent>	Scene Root	</parent>
		<transform>
			<row0>	0.3230 0.0000 0.9464 0.0000	</row0>
			<row1>	0.0000 1.0000 0.0000 0.0000	</row1>
			<row2>	-0.9464 0.0000 0.3230 0.0000	</row2>
			<row3>	0.0994 0.6523 1.3160 1.0000	</row3>
		</transform>
	</node>
	<node>
		<identifier>	MP_AM549_Life_Buoy	</identifier>
		<parent>	Scene Root	</parent>
		<transform>
			<row0>	1.0000 0.0000 0.0000 0.0000	</row0>
			<row1>	0.0000 1.0000 0.0000 0.0000	</row1>
			<row2>	0.0000 0.0000 1.0000 0.0000	</row2>
			<row3>	0.2041 0.3575 1.7316 1.0000	</row3>
		</transform>
	</node>
	<node>
		<identifier>	MP_AM549_Life_Buoy_INDEX_1	</identifier>
		<parent>	Scene Root	</parent>
		<transform>
			<row0>	1.0000 0.0000 0.0000 0.0000	</row0>
			<row1>	0.0000 1.0000 0.0000 0.0000	</row1>
			<row2>	0.0000 0.0000 1.0000 0.0000	</row2>
			<row3>	0.2041 0.3575 1.7753 1.0000	</row3>
		</transform>
	</node>
	<node>
		<identifier>	MP_AM549_Life_Buoy_INDEX_2	</identifier>
		<parent>	Scene Root	</parent>
		<transform>
			<row0>	-1.0000 0.0000 0.0000 0.0000	</row0>
			<row1>	0.0000 1.0000 0.0000 0.0000	</row1>
			<row2>	0.0000 0.0000 -1.0000 0.0000	</row2>
			<row3>	-0.2041 0.3576 1.7316 1.0000	</row3>
		</transform>
	</node>
	<node>
		<identifier>	MP_AM549_Life_Buoy_INDEX_3	</identifier>
		<parent>	Scene Root	</parent>
		<transform>
			<row0>	-1.0000 0.0000 0.0000 0.0000	</row0>
			<row1>	0.0000 1.0000 0.0000 0.0000	</row1>
			<row2>	0.0000 0.0000 -1.0000 0.0000	</row2>
			<row3>	-0.2041 0.3576 1.7753 1.0000	</row3>
		</transform>
	</node>
	<node>
		<identifier>	MP_AM549_Life_Buoy_INDEX_4	</identifier>
		<parent>	Scene Root	</parent>
		<transform>
			<row0>	0.0000 0.0000 -1.0000 0.0000	</row0>
			<row1>	0.0000 1.0000 0.0000 0.0000	</row1>
			<row2>	1.0000 0.0000 0.0000 0.0000	</row2>
			<row3>	-0.0460 0.7067 1.0976 1.0000	</row3>
		</transform>
	</node>
	<node>
		<identifier>	MP_AM549_Life_Buoy_INDEX_5	</identifier>
		<parent>	Scene Root	</parent>
		<transform>
			<row0>	-0.9987 0.0000 0.0504 0.0000	</row0>
			<row1>	0.0000 1.0000 0.0000 0.0000	</row1>
			<row2>	-0.0504 0.0000 -0.9987 0.0000	</row2>
			<row3>	-0.2525 0.6672 1.0793 1.0000	</row3>
		</transform>
	</node>
	<node>
		<identifier>	MP_AM549_Life_Buoy_INDEX_6	</identifier>
		<parent>	Scene Root	</parent>
		<transform>
			<row0>	-1.0000 0.0000 0.0000 0.0000	</row0>
			<row1>	0.0000 1.0000 0.0000 0.0000	</row1>
			<row2>	0.0000 0.0000 -1.0000 0.0000	</row2>
			<row3>	-0.0909 0.7067 1.1337 1.0000	</row3>
		</transform>
	</node>
	<node>
		<identifier>	MP_AM549_Life_Buoy_INDEX_7	</identifier>
		<parent>	Scene Root	</parent>
		<transform>
			<row0>	1.0000 0.0000 0.0000 0.0000	</row0>
			<row1>	0.0000 1.0000 0.0000 0.0000	</row1>
			<row2>	0.0000 0.0000 1.0000 0.0000	</row2>
			<row3>	0.2039 0.4749 1.2617 1.0000	</row3>
		</transform>
	</node>
	<node>
		<identifier>	MP_AM584_Turret_Position_Indicator	</identifier>
		<parent>	Scene Root	</parent>
		<transform>
			<row0>	1.0000 0.0000 0.0000 0.0000	</row0>
			<row1>	0.0000 1.0000 0.0000 0.0000	</row1>
			<row2>	0.0000 0.0000 1.0000 0.0000	</row2>
			<row3>	0.0250 0.6675 1.7817 1.0000	</row3>
		</transform>
	</node>
	<node>
		<identifier>	MP_AM606_Floater_Net_Basket	</identifier>
		<parent>	Scene Root	</parent>
		<transform>
			<row0>	-0.0366 0.0467 0.9982 0.0000	</row0>
			<row1>	0.0000 0.9989 -0.0467 0.0000	</row1>
			<row2>	-0.9993 -0.0017 -0.0365 0.0000	</row2>
			<row3>	0.3698 0.3867 1.3191 1.0000	</row3>
		</transform>
	</node>
	<node>
		<identifier>	MP_AM606_Floater_Net_Basket_INDEX_1	</identifier>
		<parent>	Scene Root	</parent>
		<transform>
			<row0>	-0.0366 0.0467 0.9982 0.0000	</row0>
			<row1>	0.0000 0.9989 -0.0467 0.0000	</row1>
			<row2>	-0.9993 -0.0017 -0.0365 0.0000	</row2>
			<row3>	0.3646 0.3934 1.4623 1.0000	</row3>
		</transform>
	</node>
	<node>
		<identifier>	MP_AM606_Floater_Net_Basket_INDEX_2	</identifier>
		<parent>	Scene Root	</parent>
		<transform>
			<row0>	-0.0366 -0.0467 -0.9982 0.0000	</row0>
			<row1>	0.0000 0.9989 -0.0467 0.0000	</row1>
			<row2>	0.9993 -0.0017 -0.0365 0.0000	</row2>
			<row3>	-0.3646 0.3934 1.4623 1.0000	</row3>
		</transform>
	</node>
	<node>
		<identifier>	MP_AM606_Floater_Net_Basket_INDEX_3	</identifier>
		<parent>	Scene Root	</parent>
		<transform>
			<row0>	-0.0366 -0.0467 -0.9982 0.0000	</row0>
			<row1>	0.0000 0.9989 -0.0467 0.0000	</row1>
			<row2>	0.9993 -0.0017 -0.0365 0.0000	</row2>
			<row3>	-0.3698 0.3867 1.3191 1.0000	</row3>
		</transform>
	</node>
	<node>
		<identifier>	MP_AM628_Cooling_tube	</identifier>
		<parent>	Scene Root	</parent>
		<transform>
			<row0>	0.4836 0.0000 0.8753 0.0000	</row0>
			<row1>	0.0000 1.0000 0.0000 0.0000	</row1>
			<row2>	-0.8753 0.0000 0.4836 0.0000	</row2>
			<row3>	-0.0983 0.4177 1.7714 1.0000	</row3>
		</transform>
	</node>
	<node>
		<identifier>	MP_AM628_Cooling_tube_INDEX_1	</identifier>
		<parent>	Scene Root	</parent>
		<transform>
			<row0>	0.0000 0.0000 -1.0000 0.0000	</row0>
			<row1>	0.0000 1.0000 0.0000 0.0000	</row1>
			<row2>	1.0000 0.0000 0.0000 0.0000	</row2>
			<row3>	-0.2097 0.4128 1.3145 1.0000	</row3>
		</transform>
	</node>
	<node>
		<identifier>	MP_AM628_Cooling_tube_INDEX_2	</identifier>
		<parent>	Scene Root	</parent>
		<transform>
			<row0>	0.4836 0.0000 -0.8753 0.0000	</row0>
			<row1>	0.0000 1.0000 0.0000 0.0000	</row1>
			<row2>	0.8753 0.0000 0.4836 0.0000	</row2>
			<row3>	0.1404 0.4018 1.6950 1.0000	</row3>
		</transform>
	</node>
	<node>
		<identifier>	MP_AM628_Cooling_tube_INDEX_3	</identifier>
		<parent>	Scene Root	</parent>
		<transform>
			<row0>	0.4836 0.0000 -0.8753 0.0000	</row0>
			<row1>	0.0000 1.0000 0.0000 0.0000	</row1>
			<row2>	0.8753 0.0000 0.4836 0.0000	</row2>
			<row3>	0.1444 0.4123 1.6878 1.0000	</row3>
		</transform>
	</node>
	<node>
		<identifier>	MP_AM628_Cooling_tube_INDEX_4	</identifier>
		<parent>	Scene Root	</parent>
		<transform>
			<row0>	0.4836 0.0000 -0.8753 0.0000	</row0>
			<row1>	0.0000 1.0000 0.0000 0.0000	</row1>
			<row2>	0.8753 0.0000 0.4836 0.0000	</row2>
			<row3>	0.1484 0.4228 1.6806 1.0000	</row3>
		</transform>
	</node>
	<node>
		<identifier>	MP_AM646_Director_Mk51	</identifier>
		<parent>	Scene Root	</parent>
		<transform>
			<row0>	0.0000 0.0000 -1.0000 0.0000	</row0>
			<row1>	0.0000 1.0000 0.0000 0.0000	</row1>
			<row2>	1.0000 0.0000 0.0000 0.0000	</row2>
			<row3>	0.1925 0.6022 1.4511 1.0000	</row3>
		</transform>
	</node>
	<node>
		<identifier>	MP_AM646_Director_Mk51_INDEX_1	</identifier>
		<parent>	Scene Root	</parent>
		<transform>
			<row0>	0.0000 0.0000 1.0000 0.0000	</row0>
			<row1>	0.0000 1.0000 0.0000 0.0000	</row1>
			<row2>	-1.0000 0.0000 0.0000 0.0000	</row2>
			<row3>	-0.1925 0.6022 1.4511 1.0000	</row3>
		</transform>
	</node>
	<node>
		<identifier>	MP_AM720_Helmets_Rack	</identifier>
		<parent>	Scene Root	</parent>
		<transform>
			<row0>	-1.0000 0.0000 0.0000 0.0000	</row0>
			<row1>	0.0000 1.0000 0.0000 0.0000	</row1>
			<row2>	0.0000 0.0000 -1.0000 0.0000	</row2>
			<row3>	0.2162 0.5763 1.0106 1.0000	</row3>
		</transform>
	</node>
	<node>
		<identifier>	MP_AM720_Helmets_Rack_INDEX_1	</identifier>
		<parent>	Scene Root	</parent>
		<transform>
			<row0>	-1.0000 0.0000 0.0000 0.0000	</row0>
			<row1>	0.0000 1.0000 0.0000 0.0000	</row1>
			<row2>	0.0000 0.0000 -1.0000 0.0000	</row2>
			<row3>	-0.2162 0.5763 1.0106 1.0000	</row3>
		</transform>
	</node>
	<node>
		<identifier>	MP_AM720_Helmets_Rack_INDEX_2	</identifier>
		<parent>	Scene Root	</parent>
		<transform>
			<row0>	0.4780 0.0000 -0.8783 0.0000	</row0>
			<row1>	0.0000 1.0000 0.0000 0.0000	</row1>
			<row2>	0.8783 0.0000 0.4780 0.0000	</row2>
			<row3>	0.1793 0.4272 1.6098 1.0000	</row3>
		</transform>
	</node>
	<node>
		<identifier>	MP_AM720_Helmets_Rack_INDEX_3	</identifier>
		<parent>	Scene Root	</parent>
		<transform>
			<row0>	0.4780 0.0000 0.8783 0.0000	</row0>
			<row1>	0.0000 1.0000 0.0000 0.0000	</row1>
			<row2>	-0.8783 0.0000 0.4780 0.0000	</row2>
			<row3>	-0.1793 0.4272 1.6098 1.0000	</row3>
		</transform>
	</node>
	<node>
		<identifier>	MP_AM720_Helmets_Rack_INDEX_4	</identifier>
		<parent>	Scene Root	</parent>
		<transform>
			<row0>	0.0000 0.0000 -1.0000 0.0000	</row0>
			<row1>	0.0000 1.0000 0.0000 0.0000	</row1>
			<row2>	1.0000 0.0000 0.0000 0.0000	</row2>
			<row3>	0.2033 0.2461 0.3000 1.0000	</row3>
		</transform>
	</node>
	<node>
		<identifier>	MP_AM721_Talker_Helmets_Rack	</identifier>
		<parent>	Scene Root	</parent>
		<transform>
			<row0>	0.0000 0.0000 -1.0000 0.0000	</row0>
			<row1>	0.0000 1.0000 0.0000 0.0000	</row1>
			<row2>	1.0000 0.0000 0.0000 0.0000	</row2>
			<row3>	0.1209 0.6489 1.5487 1.0000	</row3>
		</transform>
	</node>
	<node>
		<identifier>	MP_AM722_Ammobox_big	</identifier>
		<parent>	Scene Root	</parent>
		<transform>
			<row0>	-0.0530 0.0468 0.9975 0.0000	</row0>
			<row1>	0.0000 0.9989 -0.0468 0.0000	</row1>
			<row2>	-0.9986 -0.0025 -0.0530 0.0000	</row2>
			<row3>	0.3069 0.3765 1.3253 1.0000	</row3>
		</transform>
	</node>
	<node>
		<identifier>	MP_AM722_Ammobox_big_INDEX_1	</identifier>
		<parent>	Scene Root	</parent>
		<transform>
			<row0>	0.8663 0.0261 0.4989 0.0000	</row0>
			<row1>	-0.0037 0.9989 -0.0458 0.0000	</row1>
			<row2>	-0.4995 0.0378 0.8655 0.0000	</row2>
			<row3>	0.1136 0.4038 1.8513 1.0000	</row3>
		</transform>
	</node>
	<node>
		<identifier>	MP_AM722_Ammobox_big_INDEX_2	</identifier>
		<parent>	Scene Root	</parent>
		<transform>
			<row0>	-0.0034 -0.0404 -0.9992 0.0000	</row0>
			<row1>	0.0000 0.9992 -0.0404 0.0000	</row1>
			<row2>	1.0000 0.0000 -0.0034 0.0000	</row2>
			<row3>	-0.2262 0.3817 1.4340 1.0000	</row3>
		</transform>
	</node>
	<node>
		<identifier>	MP_AM722_Ammobox_big_INDEX_3	</identifier>
		<parent>	Scene Root	</parent>
		<transform>
			<row0>	0.8663 -0.0261 -0.4989 0.0000	</row0>
			<row1>	0.0037 0.9989 -0.0458 0.0000	</row1>
			<row2>	0.4995 0.0378 0.8655 0.0000	</row2>
			<row3>	-0.1136 0.4038 1.8513 1.0000	</row3>
		</transform>
	</node>
	<node>
		<identifier>	MP_AM722_Ammobox_big_INDEX_4	</identifier>
		<parent>	Scene Root	</parent>
		<transform>
			<row0>	-0.0530 -0.0468 -0.9975 0.0000	</row0>
			<row1>	0.0000 0.9989 -0.0468 0.0000	</row1>
			<row2>	0.9986 -0.0025 -0.0530 0.0000	</row2>
			<row3>	-0.3069 0.3765 1.3253 1.0000	</row3>
		</transform>
	</node>
	<node>
		<identifier>	MP_AM730_Winch	</identifier>
		<parent>	Scene Root	</parent>
		<transform>
			<row0>	0.0000 0.0000 1.0000 0.0000	</row0>
			<row1>	0.0000 1.0000 0.0000 0.0000	</row1>
			<row2>	-1.0000 0.0000 0.0000 0.0000	</row2>
			<row3>	0.0000 0.2013 0.2188 1.0000	</row3>
		</transform>
	</node>
	<node>
		<identifier>	MP_AM740_Flag_Box	</identifier>
		<parent>	Scene Root	</parent>
		<transform>
			<row0>	1.0000 0.0000 0.0000 0.0000	</row0>
			<row1>	0.0000 1.0000 0.0000 0.0000	</row1>
			<row2>	0.0000 0.0000 1.0000 0.0000	</row2>
			<row3>	0.1381 0.5929 1.0102 1.0000	</row3>
		</transform>
	</node>
	<node>
		<identifier>	MP_AM740_Flag_Box_INDEX_1	</identifier>
		<parent>	Scene Root	</parent>
		<transform>
			<row0>	1.0000 0.0000 0.0000 0.0000	</row0>
			<row1>	0.0000 1.0000 0.0000 0.0000	</row1>
			<row2>	0.0000 0.0000 1.0000 0.0000	</row2>
			<row3>	-0.1381 0.5929 1.0102 1.0000	</row3>
		</transform>
	</node>
	<node>
		<identifier>	MP_CM012_Fire_Hose_Rack_1	</identifier>
		<parent>	Scene Root	</parent>
		<transform>
			<row0>	-1.0000 0.0000 0.0000 0.0000	</row0>
			<row1>	0.0000 1.0000 0.0000 0.0000	</row1>
			<row2>	0.0000 0.0000 -1.0000 0.0000	</row2>
			<row3>	0.2038 0.2679 0.3777 1.0000	</row3>
		</transform>
	</node>
	<node>
		<identifier>	MP_CM012_Fire_Hose_Rack_1_INDEX_1	</identifier>
		<parent>	Scene Root	</parent>
		<transform>
			<row0>	-1.0000 0.0000 0.0000 0.0000	</row0>
			<row1>	0.0000 1.0000 0.0000 0.0000	</row1>
