<FSC008_Algerie_1943_MidFront.skel_ext>
	<exported>	true	</exported>
	<node>
		<identifier>	MP_CM011_Fire_Fighting_Gear	</identifier>
		<parent>	Scene Root	</parent>
		<transform>
			<row0>	-0.5202 0.0000 0.8540 0.0000	</row0>
			<row1>	0.0000 1.0000 0.0000 0.0000	</row1>
			<row2>	-0.8540 0.0000 -0.5202 0.0000	</row2>
			<row3>	0.1805 0.5003 2.2397 1.0000	</row3>
		</transform>
	</node>
	<node>
		<identifier>	MP_CM011_Fire_Fighting_Gear_INDEX_1	</identifier>
		<parent>	Scene Root	</parent>
		<transform>
			<row0>	0.7677 0.0000 -0.6408 0.0000	</row0>
			<row1>	0.0000 1.0000 0.0000 0.0000	</row1>
			<row2>	0.6408 0.0000 0.7677 0.0000	</row2>
			<row3>	-0.2611 0.3181 0.0210 1.0000	</row3>
		</transform>
	</node>
	<node>
		<identifier>	MP_CM011_Fire_Fighting_Gear_INDEX_2	</identifier>
		<parent>	Scene Root	</parent>
		<transform>
			<row0>	-0.8425 0.0000 -0.5387 0.0000	</row0>
			<row1>	0.0000 1.0000 0.0000 0.0000	</row1>
			<row2>	0.5387 0.0000 -0.8425 0.0000	</row2>
			<row3>	-0.1581 0.5003 2.2713 1.0000	</row3>
		</transform>
	</node>
	<node>
		<identifier>	MP_CM011_Fire_Fighting_Gear_INDEX_3	</identifier>
		<parent>	Scene Root	</parent>
		<transform>
			<row0>	0.7677 0.0000 0.6408 0.0000	</row0>
			<row1>	0.0000 1.0000 0.0000 0.0000	</row1>
			<row2>	-0.6408 0.0000 0.7677 0.0000	</row2>
			<row3>	0.3267 0.3181 0.0623 1.0000	</row3>
		</transform>
	</node>
	<node>
		<identifier>	MP_CM013_Fire_Hose_Rack_2	</identifier>
		<parent>	Scene Root	</parent>
		<transform>
			<row0>	0.1890 0.0000 -0.9820 0.0000	</row0>
			<row1>	0.0000 1.0000 0.0000 0.0000	</row1>
			<row2>	0.9820 0.0000 0.1890 0.0000	</row2>
			<row3>	-0.1294 0.5528 2.2724 1.0000	</row3>
		</transform>
	</node>
	<node>
		<identifier>	MP_CM013_Fire_Hose_Rack_2_INDEX_1	</identifier>
		<parent>	Scene Root	</parent>
		<transform>
			<row0>	0.5770 0.0000 0.8167 0.0000	</row0>
			<row1>	0.0000 1.0000 0.0000 0.0000	</row1>
			<row2>	-0.8167 0.0000 0.5770 0.0000	</row2>
			<row3>	-0.2183 0.3457 0.0011 1.0000	</row3>
		</transform>
	</node>
	<node>
		<identifier>	MP_CM013_Fire_Hose_Rack_2_INDEX_2	</identifier>
		<parent>	Scene Root	</parent>
		<transform>
			<row0>	-0.9409 0.0000 -0.3388 0.0000	</row0>
			<row1>	0.0000 1.0000 0.0000 0.0000	</row1>
			<row2>	0.3388 0.0000 -0.9409 0.0000	</row2>
			<row3>	0.1835 0.5547 2.2158 1.0000	</row3>
		</transform>
	</node>
	<node>
		<identifier>	MP_CM013_Fire_Hose_Rack_2_INDEX_3	</identifier>
		<parent>	Scene Root	</parent>
		<transform>
			<row0>	-0.6336 0.0000 0.7737 0.0000	</row0>
			<row1>	0.0000 1.0000 0.0000 0.0000	</row1>
			<row2>	-0.7737 0.0000 -0.6336 0.0000	</row2>
			<row3>	0.2960 0.3457 0.0471 1.0000	</row3>
		</transform>
	</node>
	<node>
		<identifier>	MP_CM014_Fuel_Oil_Hose	</identifier>
		<parent>	Scene Root	</parent>
		<transform>
			<row0>	1.0000 0.0000 0.0000 0.0000	</row0>
			<row1>	0.0000 1.0000 0.0000 0.0000	</row1>
			<row2>	0.0000 0.0000 1.0000 0.0000	</row2>
			<row3>	-0.3795 0.3717 0.5828 1.0000	</row3>
		</transform>
	</node>
	<node>
		<identifier>	MP_CM014_Fuel_Oil_Hose_INDEX_1	</identifier>
		<parent>	Scene Root	</parent>
		<transform>
			<row0>	1.0000 0.0000 0.0000 0.0000	</row0>
			<row1>	0.0000 1.0000 0.0000 0.0000	</row1>
			<row2>	0.0000 0.0000 1.0000 0.0000	</row2>
			<row3>	-0.3795 0.3433 0.5828 1.0000	</row3>
		</transform>
	</node>
	<node>
		<identifier>	MP_CM014_Fuel_Oil_Hose_INDEX_2	</identifier>
		<parent>	Scene Root	</parent>
		<transform>
			<row0>	-1.0000 0.0000 0.0000 0.0000	</row0>
			<row1>	0.0000 1.0000 0.0000 0.0000	</row1>
			<row2>	0.0000 0.0000 -1.0000 0.0000	</row2>
			<row3>	0.3795 0.3717 0.5011 1.0000	</row3>
		</transform>
	</node>
	<node>
		<identifier>	MP_CM014_Fuel_Oil_Hose_INDEX_3	</identifier>
		<parent>	Scene Root	</parent>
		<transform>
			<row0>	-1.0000 0.0000 0.0000 0.0000	</row0>
			<row1>	0.0000 1.0000 0.0000 0.0000	</row1>
			<row2>	0.0000 0.0000 -1.0000 0.0000	</row2>
			<row3>	0.3795 0.3433 0.5011 1.0000	</row3>
		</transform>
	</node>
	<node>
		<identifier>	MP_CM029_Emergency_Box	</identifier>
		<parent>	Scene Root	</parent>
		<transform>
			<row0>	0.1546 0.0000 -0.9880 0.0000	</row0>
			<row1>	0.0000 1.0000 0.0000 0.0000	</row1>
			<row2>	0.9880 0.0000 0.1546 0.0000	</row2>
			<row3>	-0.1663 0.7792 1.7427 1.0000	</row3>
		</transform>
	</node>
	<node>
		<identifier>	MP_CM029_Emergency_Box_INDEX_1	</identifier>
		<parent>	Scene Root	</parent>
		<transform>
			<row0>	0.7138 0.0000 0.7003 0.0000	</row0>
			<row1>	0.0000 1.0000 0.0000 0.0000	</row1>
			<row2>	-0.7003 0.0000 0.7138 0.0000	</row2>
			<row3>	0.0755 1.6997 1.7808 1.0000	</row3>
		</transform>
	</node>
	<node>
		<identifier>	MP_CM029_Emergency_Box_INDEX_10	</identifier>
		<parent>	Scene Root	</parent>
		<transform>
			<row0>	0.0000 0.0000 -1.0000 0.0000	</row0>
			<row1>	0.0000 1.0000 0.0000 0.0000	</row1>
			<row2>	1.0000 0.0000 0.0000 0.0000	</row2>
			<row3>	-0.3835 0.4004 1.8806 1.0000	</row3>
		</transform>
	</node>
	<node>
		<identifier>	MP_CM029_Emergency_Box_INDEX_11	</identifier>
		<parent>	Scene Root	</parent>
		<transform>
			<row0>	0.0000 0.0000 1.0000 0.0000	</row0>
			<row1>	0.0000 1.0000 0.0000 0.0000	</row1>
			<row2>	-1.0000 0.0000 0.0000 0.0000	</row2>
			<row3>	0.1758 0.9162 1.9678 1.0000	</row3>
		</transform>
	</node>
	<node>
		<identifier>	MP_CM029_Emergency_Box_INDEX_2	</identifier>
		<parent>	Scene Root	</parent>
		<transform>
			<row0>	0.2417 0.0000 -0.9704 0.0000	</row0>
			<row1>	0.0000 1.0000 0.0000 0.0000	</row1>
			<row2>	0.9704 0.0000 0.2417 0.0000	</row2>
			<row3>	-0.1579 0.5467 1.6989 1.0000	</row3>
		</transform>
	</node>
	<node>
		<identifier>	MP_CM029_Emergency_Box_INDEX_3	</identifier>
		<parent>	Scene Root	</parent>
		<transform>
			<row0>	0.0000 0.0000 1.0000 0.0000	</row0>
			<row1>	0.0000 1.0000 0.0000 0.0000	</row1>
			<row2>	-1.0000 0.0000 0.0000 0.0000	</row2>
			<row3>	0.3831 0.3798 0.2752 1.0000	</row3>
		</transform>
	</node>
	<node>
		<identifier>	MP_CM029_Emergency_Box_INDEX_4	</identifier>
		<parent>	Scene Root	</parent>
		<transform>
			<row0>	0.0000 0.0000 -1.0000 0.0000	</row0>
			<row1>	0.0000 1.0000 0.0000 0.0000	</row1>
			<row2>	1.0000 0.0000 0.0000 0.0000	</row2>
			<row3>	-0.1771 0.9162 1.9678 1.0000	</row3>
		</transform>
	</node>
	<node>
		<identifier>	MP_CM029_Emergency_Box_INDEX_5	</identifier>
		<parent>	Scene Root	</parent>
		<transform>
			<row0>	0.1546 0.0000 0.9880 0.0000	</row0>
			<row1>	0.0000 1.0000 0.0000 0.0000	</row1>
			<row2>	-0.9880 0.0000 0.1546 0.0000	</row2>
			<row3>	0.1663 0.7770 1.7427 1.0000	</row3>
		</transform>
	</node>
	<node>
		<identifier>	MP_CM029_Emergency_Box_INDEX_6	</identifier>
		<parent>	Scene Root	</parent>
		<transform>
			<row0>	0.0000 0.0000 1.0000 0.0000	</row0>
			<row1>	0.0000 1.0000 0.0000 0.0000	</row1>
			<row2>	-1.0000 0.0000 0.0000 0.0000	</row2>
			<row3>	0.3835 0.4004 1.8806 1.0000	</row3>
		</transform>
	</node>
	<node>
		<identifier>	MP_CM029_Emergency_Box_INDEX_7	</identifier>
		<parent>	Scene Root	</parent>
		<transform>
			<row0>	0.0000 0.0000 -1.0000 0.0000	</row0>
			<row1>	0.0000 1.0000 0.0000 0.0000	</row1>
			<row2>	1.0000 0.0000 0.0000 0.0000	</row2>
			<row3>	-0.3831 0.3798 0.4582 1.0000	</row3>
		</transform>
	</node>
	<node>
		<identifier>	MP_CM029_Emergency_Box_INDEX_8	</identifier>
		<parent>	Scene Root	</parent>
		<transform>
			<row0>	-0.9980 0.0000 -0.0625 0.0000	</row0>
			<row1>	0.0000 1.0000 0.0000 0.0000	</row1>
			<row2>	0.0625 0.0000 -0.9980 0.0000	</row2>
			<row3>	-0.0171 1.2599 1.9660 1.0000	</row3>
		</transform>
	</node>
	<node>
		<identifier>	MP_CM029_Emergency_Box_INDEX_9	</identifier>
		<parent>	Scene Root	</parent>
		<transform>
			<row0>	0.3138 0.0000 0.9495 0.0000	</row0>
			<row1>	0.0000 1.0000 0.0000 0.0000	</row1>
			<row2>	-0.9495 0.0000 0.3138 0.0000	</row2>
			<row3>	0.1877 0.5890 2.0835 1.0000	</row3>
		</transform>
	</node>
	<node>
		<identifier>	MP_CM030_Swab_Rack_2	</identifier>
		<parent>	Scene Root	</parent>
		<transform>
			<row0>	0.0000 0.0000 -1.0000 0.0000	</row0>
			<row1>	0.0000 1.0000 0.0000 0.0000	</row1>
			<row2>	1.0000 0.0000 0.0000 0.0000	</row2>
			<row3>	0.3764 0.3226 1.1648 1.0000	</row3>
		</transform>
	</node>
	<node>
		<identifier>	MP_CM030_Swab_Rack_2_INDEX_1	</identifier>
		<parent>	Scene Root	</parent>
		<transform>
			<row0>	0.0000 0.0000 -1.0000 0.0000	</row0>
			<row1>	0.0000 1.0000 0.0000 0.0000	</row1>
			<row2>	1.0000 0.0000 0.0000 0.0000	</row2>
			<row3>	0.1698 0.4919 1.8684 1.0000	</row3>
		</transform>
	</node>
	<node>
		<identifier>	MP_CM030_Swab_Rack_2_INDEX_2	</identifier>
		<parent>	Scene Root	</parent>
		<transform>
			<row0>	0.0000 0.0000 1.0000 0.0000	</row0>
			<row1>	0.0000 1.0000 0.0000 0.0000	</row1>
			<row2>	-1.0000 0.0000 0.0000 0.0000	</row2>
			<row3>	-0.1701 0.4943 2.0279 1.0000	</row3>
		</transform>
	</node>
	<node>
		<identifier>	MP_CM030_Swab_Rack_2_INDEX_3	</identifier>
		<parent>	Scene Root	</parent>
		<transform>
			<row0>	0.0000 0.0000 1.0000 0.0000	</row0>
			<row1>	0.0000 1.0000 0.0000 0.0000	</row1>
			<row2>	-1.0000 0.0000 0.0000 0.0000	</row2>
			<row3>	-0.3764 0.3226 1.1944 1.0000	</row3>
		</transform>
	</node>
	<node>
		<identifier>	MP_CM043_Accommodation_Ladder	</identifier>
		<parent>	Scene Root	</parent>
		<transform>
			<row0>	0.9992 0.0000 0.0397 0.0000	</row0>
			<row1>	0.0000 1.0000 0.0000 0.0000	</row1>
			<row2>	-0.0397 0.0000 0.9992 0.0000	</row2>
			<row3>	0.6009 0.3347 1.7760 1.0000	</row3>
		</transform>
	</node>
	<node>
		<identifier>	MP_CM043_Accommodation_Ladder_INDEX_1	</identifier>
		<parent>	Scene Root	</parent>
		<transform>
			<row0>	-0.9992 0.0000 0.0397 0.0000	</row0>
			<row1>	0.0000 -1.0000 0.0000 0.0000	</row1>
			<row2>	0.0397 0.0000 0.9992 0.0000	</row2>
			<row3>	-0.6009 0.4104 1.7760 1.0000	</row3>
		</transform>
	</node>
	<node>
		<identifier>	MP_CM052_Fender	</identifier>
		<parent>	Scene Root	</parent>
		<transform>
			<row0>	0.0000 0.0000 -0.5000 0.0000	</row0>
			<row1>	0.0000 0.5000 0.0000 0.0000	</row1>
			<row2>	0.5000 0.0000 0.0000 0.0000	</row2>
			<row3>	0.3921 0.3170 0.2416 1.0000	</row3>
		</transform>
	</node>
	<node>
		<identifier>	MP_CM052_Fender_INDEX_1	</identifier>
		<parent>	Scene Root	</parent>
		<transform>
			<row0>	0.0127 0.0000 -0.4998 0.0000	</row0>
			<row1>	0.0000 0.5000 0.0000 0.0000	</row1>
			<row2>	0.4998 0.0000 0.0127 0.0000	</row2>
			<row3>	0.3817 0.3419 2.4319 1.0000	</row3>
		</transform>
	</node>
	<node>
		<identifier>	MP_CM052_Fender_INDEX_2	</identifier>
		<parent>	Scene Root	</parent>
		<transform>
			<row0>	0.0000 0.0000 -0.5000 0.0000	</row0>
			<row1>	0.0000 0.5000 0.0000 0.0000	</row1>
			<row2>	0.5000 0.0000 0.0000 0.0000	</row2>
			<row3>	0.3921 0.3284 1.5499 1.0000	</row3>
		</transform>
	</node>
	<node>
		<identifier>	MP_CM052_Fender_INDEX_3	</identifier>
		<parent>	Scene Root	</parent>
		<transform>
			<row0>	0.0000 0.0000 0.5000 0.0000	</row0>
			<row1>	0.0000 0.5000 0.0000 0.0000	</row1>
			<row2>	-0.5000 0.0000 0.0000 0.0000	</row2>
			<row3>	-0.2933 0.3164 0.1438 1.0000	</row3>
		</transform>
	</node>
	<node>
		<identifier>	MP_CM052_Fender_INDEX_4	</identifier>
		<parent>	Scene Root	</parent>
		<transform>
			<row0>	0.0127 0.0000 0.4998 0.0000	</row0>
			<row1>	0.0000 0.5000 0.0000 0.0000	</row1>
			<row2>	-0.4998 0.0000 0.0127 0.0000	</row2>
			<row3>	-0.3817 0.3419 2.4319 1.0000	</row3>
		</transform>
	</node>
	<node>
		<identifier>	MP_CM052_Fender_INDEX_5	</identifier>
		<parent>	Scene Root	</parent>
		<transform>
			<row0>	0.0000 0.0000 0.5000 0.0000	</row0>
			<row1>	0.0000 0.5000 0.0000 0.0000	</row1>
			<row2>	-0.5000 0.0000 0.0000 0.0000	</row2>
			<row3>	-0.3921 0.3277 1.4928 1.0000	</row3>
		</transform>
	</node>
	<node>
		<identifier>	MP_CM053_Telegraph	</identifier>
		<parent>	Scene Root	</parent>
		<transform>
			<row0>	1.0000 0.0000 0.0000 0.0000	</row0>
			<row1>	0.0000 1.0000 0.0000 0.0000	</row1>
			<row2>	0.0000 0.0000 1.0000 0.0000	</row2>
			<row3>	0.0508 0.8440 2.3831 1.0000	</row3>
		</transform>
	</node>
	<node>
		<identifier>	MP_CM053_Telegraph_INDEX_1	</identifier>
		<parent>	Scene Root	</parent>
		<transform>
			<row0>	1.0000 0.0000 0.0000 0.0000	</row0>
			<row1>	0.0000 1.0000 0.0000 0.0000	</row1>
			<row2>	0.0000 0.0000 1.0000 0.0000	</row2>
			<row3>	-0.0508 0.8440 2.3831 1.0000	</row3>
		</transform>
	</node>
	<node>
		<identifier>	MP_CM056_Ships_bell	</identifier>
		<parent>	Scene Root	</parent>
		<transform>
			<row0>	1.0000 0.0000 0.0000 0.0000	</row0>
			<row1>	0.0000 1.0000 0.0000 0.0000	</row1>
			<row2>	0.0000 0.0000 1.0000 0.0000	</row2>
			<row3>	0.0000 1.0062 1.5039 1.0000	</row3>
		</transform>
	</node>
	<node>
		<identifier>	MP_CM082_Rope	</identifier>
		<parent>	Scene Root	</parent>
		<transform>
			<row0>	-0.9913 0.0000 0.1318 0.0000	</row0>
			<row1>	0.0000 1.0000 0.0000 0.0000	</row1>
			<row2>	-0.1318 0.0000 -0.9913 0.0000	</row2>
			<row3>	-0.7441 0.4559 1.0338 1.0000	</row3>
		</transform>
	</node>
	<node>
		<identifier>	MP_CM082_Rope_INDEX_1	</identifier>
		<parent>	Scene Root	</parent>
		<transform>
			<row0>	0.9959 0.0000 -0.0901 0.0000	</row0>
			<row1>	0.0000 1.0000 0.0000 0.0000	</row1>
			<row2>	0.0901 0.0000 0.9959 0.0000	</row2>
			<row3>	-0.7419 0.4559 1.0801 1.0000	</row3>
		</transform>
	</node>
	<node>
		<identifier>	MP_CM082_Rope_INDEX_2	</identifier>
		<parent>	Scene Root	</parent>
		<transform>
			<row0>	0.9995 0.0000 -0.0329 0.0000	</row0>
			<row1>	0.0000 1.0000 0.0000 0.0000	</row1>
			<row2>	0.0329 0.0000 0.9995 0.0000	</row2>
			<row3>	0.7429 0.4559 1.0801 1.0000	</row3>
		</transform>
	</node>
	<node>
		<identifier>	MP_CM082_Rope_INDEX_3	</identifier>
		<parent>	Scene Root	</parent>
		<transform>
			<row0>	0.9957 0.0000 -0.0932 0.0000	</row0>
			<row1>	0.0000 1.0000 0.0000 0.0000	</row1>
			<row2>	0.0932 0.0000 0.9957 0.0000	</row2>
			<row3>	-0.7456 0.4559 0.9692 1.0000	</row3>
		</transform>
	</node>
	<node>
		<identifier>	MP_CM082_Rope_INDEX_4	</identifier>
		<parent>	Scene Root	</parent>
		<transform>
			<row0>	-0.9942 0.0000 0.1072 0.0000	</row0>
			<row1>	0.0000 1.0000 0.0000 0.0000	</row1>
			<row2>	-0.1072 0.0000 -0.9942 0.0000	</row2>
			<row3>	-0.7481 0.4559 0.8991 1.0000	</row3>
		</transform>
	</node>
	<node>
		<identifier>	MP_CM082_Rope_INDEX_5	</identifier>
		<parent>	Scene Root	</parent>
		<transform>
			<row0>	-0.9994 0.0000 0.0339 0.0000	</row0>
			<row1>	0.0000 1.0000 0.0000 0.0000	</row1>
			<row2>	-0.0339 0.0000 -0.9994 0.0000	</row2>
			<row3>	0.7433 0.4559 1.0338 1.0000	</row3>
		</transform>
	</node>
	<node>
		<identifier>	MP_CM082_Rope_INDEX_6	</identifier>
		<parent>	Scene Root	</parent>
		<transform>
			<row0>	-0.9985 0.0000 0.0555 0.0000	</row0>
			<row1>	0.0000 1.0000 0.0000 0.0000	</row1>
			<row2>	-0.0555 0.0000 -0.9985 0.0000	</row2>
			<row3>	0.7475 0.4559 0.8991 1.0000	</row3>
		</transform>
	</node>
	<node>
		<identifier>	MP_CM082_Rope_INDEX_7	</identifier>
		<parent>	Scene Root	</parent>
		<transform>
			<row0>	0.9995 0.0000 -0.0329 0.0000	</row0>
			<row1>	0.0000 1.0000 0.0000 0.0000	</row1>
			<row2>	0.0329 0.0000 0.9995 0.0000	</row2>
			<row3>	0.7460 0.4559 0.9692 1.0000	</row3>
		</transform>
	</node>
	<node>
		<identifier>	MP_FM001_Pelorus	</identifier>
		<parent>	Scene Root	</parent>
		<transform>
			<row0>	1.0000 0.0000 0.0000 0.0000	</row0>
			<row1>	0.0000 1.0000 0.0000 0.0000	</row1>
			<row2>	0.0000 0.0000 1.0000 0.0000	</row2>
			<row3>	-0.3074 0.8558 2.1966 1.0000	</row3>
		</transform>
	</node>
	<node>
		<identifier>	MP_FM001_Pelorus_INDEX_1	</identifier>
		<parent>	Scene Root	</parent>
		<transform>
			<row0>	1.0000 0.0000 0.0000 0.0000	</row0>
			<row1>	0.0000 1.0000 0.0000 0.0000	</row1>
			<row2>	0.0000 0.0000 1.0000 0.0000	</row2>
			<row3>	-0.1455 1.2236 1.8711 1.0000	</row3>
		</transform>
	</node>
	<node>
		<identifier>	MP_FM001_Pelorus_INDEX_2	</identifier>
		<parent>	Scene Root	</parent>
		<transform>
			<row0>	1.0000 0.0000 0.0000 0.0000	</row0>
			<row1>	0.0000 1.0000 0.0000 0.0000	</row1>
			<row2>	0.0000 0.0000 1.0000 0.0000	</row2>
			<row3>	0.3074 0.8558 2.1966 1.0000	</row3>
		</transform>
	</node>
	<node>
		<identifier>	MP_FM001_Pelorus_INDEX_3	</identifier>
		<parent>	Scene Root	</parent>
		<transform>
			<row0>	1.0000 0.0000 0.0000 0.0000	</row0>
			<row1>	0.0000 1.1892 0.0000 0.0000	</row1>
			<row2>	0.0000 0.0000 1.0000 0.0000	</row2>
			<row3>	0.1625 0.6944 2.3537 1.0000	</row3>
		</transform>
	</node>
	<node>
		<identifier>	MP_FM001_Pelorus_INDEX_4	</identifier>
		<parent>	Scene Root	</parent>
		<transform>
			<row0>	1.0000 0.0000 0.0000 0.0000	</row0>
			<row1>	0.0000 1.0000 0.0000 0.0000	</row1>
			<row2>	0.0000 0.0000 1.0000 0.0000	</row2>
			<row3>	0.1455 1.2236 1.8711 1.0000	</row3>
		</transform>
	</node>
	<node>
		<identifier>	MP_FM001_Pelorus_INDEX_5	</identifier>
		<parent>	Scene Root	</parent>
		<transform>
			<row0>	1.0000 0.0000 0.0000 0.0000	</row0>
			<row1>	0.0000 1.1892 0.0000 0.0000	</row1>
			<row2>	0.0000 0.0000 1.0000 0.0000	</row2>
			<row3>	-0.1625 0.6944 2.3537 1.0000	</row3>
		</transform>
	</node>
	<node>
		<identifier>	MP_FM002_Binoculars	</identifier>
		<parent>	Scene Root	</parent>
		<transform>
			<row0>	0.8824 0.0000 -0.4704 0.0000	</row0>
			<row1>	0.0000 1.0000 0.0000 0.0000	</row1>
			<row2>	0.4704 0.0000 0.8824 0.0000	</row2>
			<row3>	0.0964 1.2304 1.9158 1.0000	</row3>
		</transform>
	</node>
	<node>
		<identifier>	MP_FM002_Binoculars_INDEX_1	</identifier>
		<parent>	Scene Root	</parent>
		<transform>
			<row0>	0.0000 0.0000 1.0000 0.0000	</row0>
			<row1>	0.0000 1.0000 0.0000 0.0000	</row1>
			<row2>	-1.0000 0.0000 0.0000 0.0000	</row2>
			<row3>	-0.3086 0.8682 2.0010 1.0000	</row3>
		</transform>
	</node>
	<node>
		<identifier>	MP_FM002_Binoculars_INDEX_2	</identifier>
		<parent>	Scene Root	</parent>
		<transform>
			<row0>	0.0000 0.0000 -1.0000 0.0000	</row0>
			<row1>	0.0000 1.0000 0.0000 0.0000	</row1>
			<row2>	1.0000 0.0000 0.0000 0.0000	</row2>
			<row3>	0.2385 1.2145 1.8576 1.0000	</row3>
		</transform>
	</node>
	<node>
		<identifier>	MP_FM002_Binoculars_INDEX_3	</identifier>
		<parent>	Scene Root	</parent>
		<transform>
			<row0>	0.0000 0.0000 -1.0000 0.0000	</row0>
			<row1>	0.0000 1.0000 0.0000 0.0000	</row1>
			<row2>	1.0000 0.0000 0.0000 0.0000	</row2>
			<row3>	0.3086 0.8682 2.0010 1.0000	</row3>
		</transform>
	</node>
	<node>
		<identifier>	MP_FM002_Binoculars_INDEX_4	</identifier>
		<parent>	Scene Root	</parent>
		<transform>
			<row0>	0.0000 0.0000 1.0000 0.0000	</row0>
			<row1>	0.0000 1.0000 0.0000 0.0000	</row1>
			<row2>	-1.0000 0.0000 0.0000 0.0000	</row2>
			<row3>	-0.2385 1.2145 1.8576 1.0000	</row3>
		</transform>
	</node>
	<node>
		<identifier>	MP_FM002_Binoculars_INDEX_5	</identifier>
		<parent>	Scene Root	</parent>
		<transform>
			<row0>	0.8824 0.0000 0.4704 0.0000	</row0>
			<row1>	0.0000 1.0000 0.0000 0.0000	</row1>
			<row2>	-0.4704 0.0000 0.8824 0.0000	</row2>
			<row3>	-0.0964 1.2304 1.9158 1.0000	</row3>
		</transform>
	</node>
	<node>
		<identifier>	MP_FM009_Range_Concentration_Dials	</identifier>
		<parent>	Scene Root	</parent>
		<transform>
			<row0>	1.0000 0.0000 0.0000 0.0000	</row0>
			<row1>	0.0000 1.0000 0.0000 0.0000	</row1>
			<row2>	0.0000 0.0000 1.0000 0.0000	</row2>
			<row3>	0.0000 1.6643 2.0150 1.0000	</row3>
		</transform>
	</node>
	<node>
		<identifier>	MP_FM010_Paravane	</identifier>
		<parent>	Scene Root	</parent>
		<transform>
			<row0>	0.9891 0.0000 -0.1476 0.0000	</row0>
			<row1>	0.0000 -1.0000 0.0000 0.0000	</row1>
			<row2>	-0.1476 0.0000 -0.9891 0.0000	</row2>
			<row3>	0.2866 0.5304 2.5910 1.0000	</row3>
		</transform>
	</node>
	<node>
		<identifier>	MP_FM010_Paravane_INDEX_1	</identifier>
		<parent>	Scene Root	</parent>
		<transform>
			<row0>	0.9891 0.0000 0.1476 0.0000	</row0>
			<row1>	0.0000 -1.0000 0.0000 0.0000	</row1>
			<row2>	0.1476 0.0000 -0.9891 0.0000	</row2>
			<row3>	-0.2866 0.5304 2.5910 1.0000	</row3>
		</transform>
	</node>
	<node>
		<identifier>	MP_FM011_Reels	</identifier>
		<parent>	Scene Root	</parent>
		<transform>
			<row0>	0.7730 0.0000 -0.6345 0.0000	</row0>
			<row1>	0.0000 1.0000 0.0000 0.0000	</row1>
			<row2>	0.6345 0.0000 0.7730 0.0000	</row2>
			<row3>	0.0948 0.3571 3.0736 1.0000	</row3>
		</transform>
	</node>
	<node>
		<identifier>	MP_FM011_Reels_INDEX_1	</identifier>
		<parent>	Scene Root	</parent>
		<transform>
			<row0>	0.7730 0.0000 0.6345 0.0000	</row0>
			<row1>	0.0000 1.0000 0.0000 0.0000	</row1>
			<row2>	-0.6345 0.0000 0.7730 0.0000	</row2>
			<row3>	-0.0948 0.3571 3.0736 1.0000	</row3>
		</transform>
	</node>
	<node>
		<identifier>	MP_FM016_Reels	</identifier>
		<parent>	Scene Root	</parent>
		<transform>
			<row0>	0.6295 0.0000 0.0000 0.0000	</row0>
			<row1>	0.0000 0.0000 0.7126 0.0000	</row1>
			<row2>	0.0000 -0.7126 0.0000 0.0000	</row2>
			<row3>	0.0000 0.5138 3.0195 1.0000	</row3>
		</transform>
	</node>
	<node>
		<identifier>	MP_FM020_Siren	</identifier>
		<parent>	Scene Root	</parent>
		<transform>
			<row0>	0.0000 0.0964 0.9953 0.0000	</row0>
			<row1>	0.0000 0.9953 -0.0964 0.0000	</row1>
			<row2>	-1.0000 0.0000 0.0000 0.0000	</row2>
			<row3>	0.0253 0.8867 1.1903 1.0000	</row3>
		</transform>
	</node>
	<node>
		<identifier>	MP_FM028_Motto_Valeur	</identifier>
		<parent>	Scene Root	</parent>
		<transform>
			<row0>	0.7918 0.0000 0.5825 0.0000	</row0>
			<row1>	0.0000 1.0000 0.0000 0.0000	</row1>
			<row2>	-0.5926 0.0000 0.8055 0.0000	</row2>
			<row3>	0.1654 0.8412 1.4581 1.0000	</row3>
		</transform>
	</node>
	<node>
		<identifier>	MP_FM029_Motto_Discipline	</identifier>
		<parent>	Scene Root	</parent>
		<transform>
			<row0>	0.7918 0.0000 -0.5825 0.0000	</row0>
			<row1>	0.0000 1.0000 0.0000 0.0000	</row1>
			<row2>	0.5926 0.0000 0.8055 0.0000	</row2>
			<row3>	-0.1654 0.8412 1.4581 1.0000	</row3>
		</transform>
	</node>
	<node>
		<identifier>	MP_FM071_Easter_egg_Algerie	</identifier>
		<parent>	Scene Root	</parent>
		<transform>
			<row0>	0.0000 0.0000 -1.0000 0.0000	</row0>
			<row1>	0.0000 1.0000 0.0000 0.0000	</row1>
			<row2>	1.0000 0.0000 0.0000 0.0000	</row2>
			<row3>	-0.4665 0.4063 0.3039 1.0000	</row3>
		</transform>
	</node>
	<node>
		<identifier>	MP_FM508_float	</identifier>
		<parent>	Scene Root	</parent>
		<transform>
			<row0>	0.9433 -0.3320 0.0000 0.0000	</row0>
			<row1>	0.3320 0.9433 0.0000 0.0000	</row1>
			<row2>	0.0000 0.0000 0.9110 0.0000	</row2>
			<row3>	0.1992 0.6321 0.8237 1.0000	</row3>
		</transform>
	</node>
	<node>
		<identifier>	MP_FM508_float_INDEX_1	</identifier>
		<parent>	Scene Root	</parent>
		<transform>
			<row0>	-0.9433 0.3320 0.0000 0.0000	</row0>
			<row1>	0.3320 0.9433 0.0000 0.0000	</row1>
			<row2>	0.0000 0.0000 -0.9110 0.0000	</row2>
			<row3>	0.1992 0.6321 1.2131 1.0000	</row3>
		</transform>
	</node>
	<node>
		<identifier>	MP_FM508_float_INDEX_10	</identifier>
		<parent>	Scene Root	</parent>
		<transform>
			<row0>	0.0000 1.0000 0.0000 0.0000	</row0>
			<row1>	0.9999 0.0000 -0.0107 0.0000	</row1>
			<row2>	-0.0107 0.0000 -0.9999 0.0000	</row2>
			<row3>	0.6282 0.5104 -0.0949 1.0000	</row3>
		</transform>
	</node>
	<node>
		<identifier>	MP_FM508_float_INDEX_11	</identifier>
		<parent>	Scene Root	</parent>
		<transform>
			<row0>	0.0000 -1.0000 0.0000 0.0000	</row0>
			<row1>	-0.9996 0.0000 0.0268 0.0000	</row1>
			<row2>	-0.0201 0.0000 -0.7497 0.0000	</row2>
			<row3>	-0.3656 0.5339 2.0841 1.0000	</row3>
		</transform>
	</node>
	<node>
		<identifier>	MP_FM508_float_INDEX_12	</identifier>
		<parent>	Scene Root	</parent>
		<transform>
			<row0>	0.9433 -0.3320 0.0000 0.0000	</row0>
			<row1>	0.3320 0.9433 0.0000 0.0000	</row1>
			<row2>	0.0000 0.0000 0.9110 0.0000	</row2>
			<row3>	-0.4002 0.6321 0.8237 1.0000	</row3>
		</transform>
	</node>
	<node>
		<identifier>	MP_FM508_float_INDEX_13	</identifier>
		<parent>	Scene Root	</parent>
		<transform>
			<row0>	-1.0000 0.0000 0.0000 0.0000	</row0>
			<row1>	0.0000 1.0000 0.0000 0.0000	</row1>
			<row2>	0.0000 0.0000 -0.9110 0.0000	</row2>
			<row3>	-0.0425 0.6661 0.6405 1.0000	</row3>
		</transform>
	</node>
	<node>
		<identifier>	MP_FM508_float_INDEX_14	</identifier>
		<parent>	Scene Root	</parent>
		<transform>
			<row0>	-0.9433 0.3320 0.0000 0.0000	</row0>
			<row1>	0.3320 0.9433 0.0000 0.0000	</row1>
			<row2>	0.0000 0.0000 -0.9110 0.0000	</row2>
			<row3>	-0.4002 0.6321 0.9536 1.0000	</row3>
		</transform>
	</node>
	<node>
		<identifier>	MP_FM508_float_INDEX_15	</identifier>
		<parent>	Scene Root	</parent>
		<transform>
			<row0>	0.0000 0.2905 0.9569 0.0000	</row0>
			<row1>	0.0000 0.9569 -0.2905 0.0000	</row1>
			<row2>	-0.9110 0.0000 0.0000 0.0000	</row2>
			<row3>	0.1001 0.6323 0.7928 1.0000	</row3>
		</transform>
	</node>
	<node>
		<identifier>	MP_FM508_float_INDEX_16	</identifier>
		<parent>	Scene Root	</parent>
		<transform>
			<row0>	0.9433 0.3320 0.0000 0.0000	</row0>
			<row1>	-0.3320 0.9433 0.0000 0.0000	</row1>
			<row2>	0.0000 0.0000 0.9110 0.0000	</row2>
			<row3>	-0.1992 0.6321 0.9536 1.0000	</row3>
		</transform>
	</node>
	<node>
		<identifier>	MP_FM508_float_INDEX_17	</identifier>
		<parent>	Scene Root	</parent>
		<transform>
			<row0>	0.0000 1.0000 0.0000 0.0000	</row0>
			<row1>	0.9996 0.0000 0.0268 0.0000	</row1>
			<row2>	0.0201 0.0000 -0.7497 0.0000	</row2>
			<row3>	0.3656 0.5339 2.0841 1.0000	</row3>
		</transform>
	</node>
	<node>
		<identifier>	MP_FM508_float_INDEX_18	</identifier>
		<parent>	Scene Root	</parent>
		<transform>
			<row0>	0.0000 -1.0000 0.0000 0.0000	</row0>
			<row1>	0.9996 0.0000 0.0289 0.0000	</row1>
			<row2>	-0.0289 0.0000 0.9996 0.0000	</row2>
			<row3>	0.6208 0.5183 0.8669 1.0000	</row3>
		</transform>
	</node>
	<node>
		<identifier>	MP_FM508_float_INDEX_19	</identifier>
		<parent>	Scene Root	</parent>
		<transform>
			<row0>	0.9433 -0.3320 0.0000 0.0000	</row0>
			<row1>	0.3320 0.9433 0.0000 0.0000	</row1>
			<row2>	0.0000 0.0000 0.9110 0.0000	</row2>
			<row3>	-0.4002 0.6321 1.0833 1.0000	</row3>
		</transform>
	</node>
	<node>
		<identifier>	MP_FM508_float_INDEX_2	</identifier>
		<parent>	Scene Root	</parent>
		<transform>
			<row0>	0.9433 -0.3320 0.0000 0.0000	</row0>
			<row1>	0.3320 0.9433 0.0000 0.0000	</row1>
			<row2>	0.0000 0.0000 0.9110 0.0000	</row2>
			<row3>	-0.4002 0.6321 1.2131 1.0000	</row3>
		</transform>
	</node>
	<node>
		<identifier>	MP_FM508_float_INDEX_20	</identifier>
		<parent>	Scene Root	</parent>
		<transform>
			<row0>	0.9433 -0.3320 0.0000 0.0000	</row0>
			<row1>	0.3320 0.9433 0.0000 0.0000	</row1>
			<row2>	0.0000 0.0000 0.9110 0.0000	</row2>
			<row3>	0.1992 0.6321 1.0833 1.0000	</row3>
		</transform>
	</node>
	<node>
		<identifier>	MP_FM508_float_INDEX_21	</identifier>
		<parent>	Scene Root	</parent>
		<transform>
			<row0>	0.0000 1.0000 0.0000 0.0000	</row0>
			<row1>	0.9996 0.0000 0.0289 0.0000	</row1>
			<row2>	0.0289 0.0000 -0.9996 0.0000	</row2>
			<row3>	0.6167 0.5183 1.0091 1.0000	</row3>
		</transform>
	</node>
	<node>
		<identifier>	MP_FM508_float_INDEX_22	</identifier>
		<parent>	Scene Root	</parent>
		<transform>
			<row0>	0.9433 0.3320 0.0000 0.0000	</row0>
			<row1>	-0.3320 0.9433 0.0000 0.0000	</row1>
			<row2>	0.0000 0.0000 0.9110 0.0000	</row2>
			<row3>	-0.1992 0.6321 1.2131 1.0000	</row3>
		</transform>
	</node>
	<node>
		<identifier>	MP_FM508_float_INDEX_23	</identifier>
		<parent>	Scene Root	</parent>
		<transform>
			<row0>	1.0000 0.0000 0.0000 0.0000	</row0>
			<row1>	0.0000 1.0000 0.0000 0.0000	</row1>
			<row2>	0.0000 0.0000 0.9110 0.0000	</row2>
			<row3>	0.0929 0.6661 0.6405 1.0000	</row3>
		</transform>
	</node>
	<node>
		<identifier>	MP_FM508_float_INDEX_24	</identifier>
		<parent>	Scene Root	</parent>
		<transform>
			<row0>	0.0000 -1.0000 0.0000 0.0000	</row0>
			<row1>	0.9996 0.0000 0.0289 0.0000	</row1>
			<row2>	-0.0289 0.0000 0.9996 0.0000	</row2>
			<row3>	0.6126 0.5183 1.1513 1.0000	</row3>
		</transform>
	</node>
	<node>
		<identifier>	MP_FM508_float_INDEX_25	</identifier>
		<parent>	Scene Root	</parent>
		<transform>
			<row0>	-0.9433 0.3320 0.0000 0.0000	</row0>
			<row1>	0.3320 0.9433 0.0000 0.0000	</row1>
			<row2>	0.0000 0.0000 -0.9110 0.0000	</row2>
			<row3>	0.1992 0.6321 0.9536 1.0000	</row3>
		</transform>
	</node>
	<node>
		<identifier>	MP_FM508_float_INDEX_26	</identifier>
		<parent>	Scene Root	</parent>
		<transform>
			<row0>	0.0000 -1.0000 0.0000 0.0000	</row0>
			<row1>	0.9996 0.0000 0.0268 0.0000	</row1>
			<row2>	-0.0201 0.0000 0.7497 0.0000	</row2>
			<row3>	0.3627 0.5339 2.1907 1.0000	</row3>
		</transform>
	</node>
	<node>
		<identifier>	MP_FM508_float_INDEX_3	</identifier>
		<parent>	Scene Root	</parent>
		<transform>
			<row0>	0.0000 -1.0000 0.0000 0.0000	</row0>
			<row1>	1.0000 0.0000 0.0050 0.0000	</row1>
			<row2>	-0.0050 0.0000 1.0000 0.0000	</row2>
			<row3>	0.6284 0.5126 0.3541 1.0000	</row3>
		</transform>
	</node>
	<node>
		<identifier>	MP_FM508_float_INDEX_4	</identifier>
		<parent>	Scene Root	</parent>
		<transform>
			<row0>	-0.9433 -0.3320 0.0000 0.0000	</row0>
			<row1>	-0.3320 0.9433 0.0000 0.0000	</row1>
			<row2>	0.0000 0.0000 -0.9110 0.0000	</row2>
			<row3>	-0.1992 0.6321 1.0833 1.0000	</row3>
		</transform>
	</node>
	<node>
		<identifier>	MP_FM508_float_INDEX_5	</identifier>
		<parent>	Scene Root	</parent>
		<transform>
			<row0>	-0.9433 -0.3320 0.0000 0.0000	</row0>
			<row1>	-0.3320 0.9433 0.0000 0.0000	</row1>
			<row2>	0.0000 0.0000 -0.9110 0.0000	</row2>
			<row3>	-0.1992 0.6321 0.8237 1.0000	</row3>
		</transform>
	</node>
	<node>
		<identifier>	MP_FM508_float_INDEX_6	</identifier>
		<parent>	Scene Root	</parent>
		<transform>
			<row0>	0.0000 1.0000 0.0000 0.0000	</row0>
			<row1>	-0.9996 0.0000 0.0268 0.0000	</row1>
			<row2>	0.0201 0.0000 0.7497 0.0000	</row2>
			<row3>	-0.3627 0.5339 2.1907 1.0000	</row3>
		</transform>
	</node>
	<node>
		<identifier>	MP_FM508_float_INDEX_7	</identifier>
		<parent>	Scene Root	</parent>
		<transform>
			<row0>	0.0329 0.2903 0.9564 0.0000	</row0>
			<row1>	0.0000 0.9569 -0.2905 0.0000	</row1>
			<row2>	-0.9105 0.0087 0.0287 0.0000	</row2>
			<row3>	-0.1001 0.6323 0.7928 1.0000	</row3>
		</transform>
	</node>
	<node>
		<identifier>	MP_FM508_float_INDEX_8	</identifier>
		<parent>	Scene Root	</parent>
		<transform>
			<row0>	-1.0000 0.0000 0.0000 0.0000	</row0>
			<row1>	0.0000 1.0000 0.0000 0.0000	</row1>
			<row2>	0.0000 0.0000 -0.9110 0.0000	</row2>
			<row3>	0.0252 0.6661 0.6405 1.0000	</row3>
		</transform>
	</node>
	<node>
		<identifier>	MP_FM508_float_INDEX_9	</identifier>
		<parent>	Scene Root	</parent>
		<transform>
			<row0>	0.0000 1.0000 0.0000 0.0000	</row0>
			<row1>	0.9999 0.0000 0.0101 0.0000	</row1>
			<row2>	0.0101 0.0000 -0.9999 0.0000	</row2>
			<row3>	0.6268 0.5138 0.6246 1.0000	</row3>
		</transform>
	</node>
	<node>
		<identifier>	MP_FM516_8_5m_whaleboat	</identifier>
		<parent>	Scene Root	</parent>
		<transform>
			<row0>	1.0000 0.0000 0.0000 0.0000	</row0>
			<row1>	0.0000 1.0000 0.0000 0.0000	</row1>
			<row2>	0.0000 0.0000 1.0000 0.0000	</row2>
			<row3>	0.7133 0.3454 0.9812 1.0000	</row3>
		</transform>
	</node>
	<node>
		<identifier>	MP_FM516_8_5m_whaleboat_INDEX_1	</identifier>
		<parent>	Scene Root	</parent>
		<transform>
			<row0>	1.0000 0.0000 0.0000 0.0000	</row0>
			<row1>	0.0000 1.0000 0.0000 0.0000	</row1>
			<row2>	0.0000 0.0000 1.0000 0.0000	</row2>
			<row3>	-0.7133 0.3454 0.9812 1.0000	</row3>
		</transform>
	</node>
	<node>
		<identifier>	MP_FM518_7m_motor_cutter	</identifier>
		<parent>	Scene Root	</parent>
		<transform>
			<row0>	1.0000 0.0000 0.0000 0.0000	</row0>
			<row1>	0.0000 1.0000 -0.0088 0.0000	</row1>
			<row2>	0.0000 0.0088 1.0000 0.0000	</row2>
			<row3>	0.5102 0.5151 0.9416 1.0000	</row3>
		</transform>
	</node>
	<node>
		<identifier>	MP_FM518_7m_motor_cutter_INDEX_1	</identifier>
		<parent>	Scene Root	</parent>
		<transform>
			<row0>	1.0000 0.0000 0.0000 0.0000	</row0>
			<row1>	0.0000 1.0000 -0.0088 0.0000	</row1>
			<row2>	0.0000 0.0088 1.0000 0.0000	</row2>
			<row3>	0.3478 0.5151 0.9416 1.0000	</row3>
		</transform>
	</node>
	<node>
		<identifier>	MP_FM603_Searchlight_sight	</identifier>
		<parent>	Scene Root	</parent>
		<transform>
			<row0>	1.0000 0.0000 0.0000 0.0000	</row0>
			<row1>	0.0000 1.0000 0.0000 0.0000	</row1>
			<row2>	0.0000 0.0000 1.0000 0.0000	</row2>
			<row3>	0.0000 1.1987 2.1908 1.0000	</row3>
		</transform>
	</node>
	<node>
		<identifier>	MP_FM604_Magnetic_Compass	</identifier>
		<parent>	Scene Root	</parent>
		<transform>
			<row0>	1.0000 0.0000 0.0000 0.0000	</row0>
			<row1>	0.0000 1.0000 0.0000 0.0000	</row1>
			<row2>	0.0000 0.0000 1.0000 0.0000	</row2>
			<row3>	0.0000 0.8441 2.3922 1.0000	</row3>
		</transform>
	</node>
	<node>
		<identifier>	MP_FM604_Magnetic_Compass_INDEX_1	</identifier>
		<parent>	Scene Root	</parent>
		<transform>
			<row0>	1.0000 0.0000 0.0000 0.0000	</row0>
			<row1>	0.0000 1.0000 0.0000 0.0000	</row1>
			<row2>	0.0000 0.0000 1.0000 0.0000	</row2>
			<row3>	0.0000 0.9895 2.2581 1.0000	</row3>
		</transform>
	</node>
	<node>
		<identifier>	MP_FM605_Speaker	</identifier>
		<parent>	Scene Root	</parent>
		<transform>
			<row0>	1.0000 0.0000 0.0000 0.0000	</row0>
			<row1>	0.0000 0.9378 0.3472 0.0000	</row1>
			<row2>	0.0000 -0.3472 0.9378 0.0000	</row2>
			<row3>	0.0430 1.4108 1.9798 1.0000	</row3>
		</transform>
	</node>
	<node>
		<identifier>	MP_FM607_Voice_Tube	</identifier>
		<parent>	Scene Root	</parent>
		<transform>
			<row0>	0.8921 0.0000 0.4518 0.0000	</row0>
			<row1>	0.0000 1.0000 0.0000 0.0000	</row1>
			<row2>	-0.4518 0.0000 0.8921 0.0000	</row2>
			<row3>	0.0488 1.2314 1.9497 1.0000	</row3>
		</transform>
	</node>
	<node>
		<identifier>	MP_FM607_Voice_Tube_INDEX_1	</identifier>
		<parent>	Scene Root	</parent>
		<transform>
			<row0>	0.8921 0.0000 -0.4518 0.0000	</row0>
			<row1>	0.0000 1.0000 0.0000 0.0000	</row1>
			<row2>	0.4518 0.0000 0.8921 0.0000	</row2>
			<row3>	0.1251 0.6934 2.3891 1.0000	</row3>
		</transform>
	</node>
	<node>
		<identifier>	MP_FM607_Voice_Tube_INDEX_2	</identifier>
		<parent>	Scene Root	</parent>
		<transform>
			<row0>	0.8921 0.0000 0.4518 0.0000	</row0>
			<row1>	0.0000 1.0000 0.0000 0.0000	</row1>
			<row2>	-0.4518 0.0000 0.8921 0.0000	</row2>
			<row3>	-0.1251 0.6934 2.3891 1.0000	</row3>
		</transform>
	</node>
	<node>
		<identifier>	MP_FM607_Voice_Tube_INDEX_3	</identifier>
		<parent>	Scene Root	</parent>
		<transform>
			<row0>	0.8921 0.0000 0.4518 0.0000	</row0>
			<row1>	0.0000 1.0000 0.0000 0.0000	</row1>
			<row2>	-0.4518 0.0000 0.8921 0.0000	</row2>
			<row3>	-0.0835 0.8447 2.3970 1.0000	</row3>
		</transform>
	</node>
	<node>
		<identifier>	MP_FM607_Voice_Tube_INDEX_4	</identifier>
		<parent>	Scene Root	</parent>
		<transform>
			<row0>	0.8921 0.0000 -0.4518 0.0000	</row0>
			<row1>	0.0000 1.0000 0.0000 0.0000	</row1>
			<row2>	0.4518 0.0000 0.8921 0.0000	</row2>
			<row3>	0.0835 0.8447 2.3970 1.0000	</row3>
		</transform>
	</node>
	<node>
		<identifier>	MP_FM607_Voice_Tube_INDEX_5	</identifier>
		<parent>	Scene Root	</parent>
		<transform>
			<row0>	0.8921 0.0000 -0.4518 0.0000	</row0>
			<row1>	0.0000 1.0000 0.0000 0.0000	</row1>
			<row2>	0.4518 0.0000 0.8921 0.0000	</row2>
			<row3>	-0.0488 1.2314 1.9497 1.0000	</row3>
		</transform>
	</node>
	<node>
		<identifier>	MP_FM854_Running_Light_R	</identifier>
		<parent>	Scene Root	</parent>
		<transform>
			<row0>	1.0000 0.0000 0.0000 0.0000	</row0>
			<row1>	0.0000 1.0000 0.0000 0.0000	</row1>
			<row2>	0.0000 0.0000 1.0000 0.0000	</row2>
			<row3>	0.3313 0.8342 2.1257 1.0000	</row3>
		</transform>
	</node>
	<node>
		<identifier>	MP_FM855_Running_Light_L	</identifier>
		<parent>	Scene Root	</parent>
		<transform>
			<row0>	1.0000 0.0000 0.0000 0.0000	</row0>
			<row1>	0.0000 1.0000 0.0000 0.0000	</row1>
			<row2>	0.0000 0.0000 1.0000 0.0000	</row2>
			<row3>	-0.3313 0.8342 2.1257 1.0000	</row3>
		</transform>
	</node>
	<node>
		<identifier>	MP_FM856_Signal_Lamp	</identifier>
		<parent>	Scene Root	</parent>
		<transform>
			<row0>	0.9942 0.0000 -0.1078 0.0000	</row0>
			<row1>	0.0000 1.0000 0.0000 0.0000	</row1>
			<row2>	0.1078 0.0000 0.9942 0.0000	</row2>
			<row3>	0.6263 1.6091 1.1923 1.0000	</row3>
		</transform>
	</node>
	<node>
		<identifier>	MP_FM856_Signal_Lamp_INDEX_1	</identifier>
		<parent>	Scene Root	</parent>
		<transform>
			<row0>	-1.0000 0.0000 0.0000 0.0000	</row0>
			<row1>	0.0000 1.0000 0.0000 0.0000	</row1>
			<row2>	0.0000 0.0000 -1.0000 0.0000	</row2>
			<row3>	0.0000 1.4358 1.5709 1.0000	</row3>
		</transform>
	</node>
	<node>
		<identifier>	MP_FM856_Signal_Lamp_INDEX_2	</identifier>
		<parent>	Scene Root	</parent>
		<transform>
			<row0>	-1.0000 0.0000 0.0000 0.0000	</row0>
			<row1>	0.0000 1.0000 0.0000 0.0000	</row1>
			<row2>	0.0000 0.0000 -1.0000 0.0000	</row2>
			<row3>	0.0000 1.3825 1.5709 1.0000	</row3>
		</transform>
	</node>
	<node>
		<identifier>	MP_FM856_Signal_Lamp_INDEX_3	</identifier>
		<parent>	Scene Root	</parent>
		<transform>
			<row0>	-1.0000 0.0000 0.0000 0.0000	</row0>
			<row1>	0.0000 1.0000 0.0000 0.0000	</row1>
			<row2>	0.0000 0.0000 -1.0000 0.0000	</row2>
			<row3>	0.0000 1.3291 1.5709 1.0000	</row3>
		</transform>
	</node>
	<node>
		<identifier>	MP_FM856_Signal_Lamp_INDEX_4	</identifier>
		<parent>	Scene Root	</parent>
		<transform>
			<row0>	0.9942 0.0000 0.1078 0.0000	</row0>
			<row1>	0.0000 1.0000 0.0000 0.0000	</row1>
			<row2>	-0.1078 0.0000 0.9942 0.0000	</row2>
			<row3>	-0.6263 1.6091 1.1923 1.0000	</row3>
		</transform>
	</node>
	<node>
		<identifier>	MP_FM857_Signal_White	</identifier>
		<parent>	Scene Root	</parent>
		<transform>
			<row0>	1.0000 0.0000 0.0000 0.0000	</row0>
			<row1>	0.0000 1.0000 0.0000 0.0000	</row1>
			<row2>	0.0000 0.0000 1.0000 0.0000	</row2>
			<row3>	0.0000 1.7581 2.0174 1.0000	</row3>
		</transform>
	</node>
	<node>
		<identifier>	MP_FM857_Signal_White_INDEX_1	</identifier>
		<parent>	Scene Root	</parent>
		<transform>
			<row0>	1.0000 0.0000 0.0000 0.0000	</row0>
			<row1>	0.0000 1.0000 0.0000 0.0000	</row1>
			<row2>	0.0000 0.0000 1.0000 0.0000	</row2>
			<row3>	0.0000 1.4509 2.1446 1.0000	</row3>
		</transform>
	</node>
	<node>
		<identifier>	MP_FM861_Search_light_75cm	</identifier>
		<parent>	Scene Root	</parent>
		<transform>
			<row0>	1.0000 0.0000 0.0000 0.0000	</row0>
			<row1>	0.0000 1.0000 0.0000 0.0000	</row1>
			<row2>	0.0000 0.0000 1.0000 0.0000	</row2>
			<row3>	0.0000 1.4694 2.0591 1.0000	</row3>
		</transform>
	</node>
	<node>
		<identifier>	MP_FM864_Search_light_75cm	</identifier>
		<parent>	Scene Root	</parent>
		<transform>
			<row0>	-0.7071 0.0000 0.7071 0.0000	</row0>
			<row1>	0.0000 1.0000 0.0000 0.0000	</row1>
			<row2>	-0.7071 0.0000 -0.7071 0.0000	</row2>
			<row3>	-0.1360 1.2088 1.5668 1.0000	</row3>
		</transform>
	</node>
	<node>
		<identifier>	MP_FM864_Search_light_75cm_INDEX_1	</identifier>
		<parent>	Scene Root	</parent>
		<transform>
			<row0>	-0.7071 0.0000 -0.7071 0.0000	</row0>
			<row1>	0.0000 1.0000 0.0000 0.0000	</row1>
			<row2>	0.7071 0.0000 -0.7071 0.0000	</row2>
			<row3>	0.1360 1.2088 1.5668 1.0000	</row3>
		</transform>
	</node>
	<node>
		<identifier>	MP_FM955_Bollard	</identifier>
		<parent>	Scene Root	</parent>
		<transform>
			<row0>	1.0251 0.0000 -0.0503 0.0000	</row0>
			<row1>	-0.0009 1.0262 -0.0182 0.0000	</row1>
			<row2>	0.0503 0.0182 1.0249 0.0000	</row2>
			<row3>	-0.5746 0.3329 1.8923 1.0000	</row3>
		</transform>
	</node>
	<node>
		<identifier>	MP_FM955_Bollard_INDEX_1	</identifier>
		<parent>	Scene Root	</parent>
		<transform>
			<row0>	1.0251 0.0000 0.0503 0.0000	</row0>
			<row1>	0.0009 1.0262 -0.0182 0.0000	</row1>
			<row2>	-0.0503 0.0182 1.0249 0.0000	</row2>
			<row3>	0.5746 0.3329 1.8923 1.0000	</row3>
		</transform>
	</node>
</FSC008_Algerie_1943_MidFront.skel_ext>
