<JSB302_Aki_1944_Stern.skel_ext>
	<exported>	true	</exported>
	<node>
		<identifier>	MP_CM013_Fire_Hose_Rack_2	</identifier>
		<parent>	Scene Root	</parent>
		<transform>
			<row0>	-0.9897 0.0000 0.1433 0.0000	</row0>
			<row1>	0.0000 1.0000 0.0000 0.0000	</row1>
			<row2>	-0.1433 0.0000 -0.9897 0.0000	</row2>
			<row3>	0.7401 0.6303 -6.6104 1.0000	</row3>
		</transform>
	</node>
	<node>
		<identifier>	MP_CM013_Fire_Hose_Rack_2_INDEX_1	</identifier>
		<parent>	Scene Root	</parent>
		<transform>
			<row0>	0.9897 0.0000 0.1433 0.0000	</row0>
			<row1>	0.0000 1.0000 0.0000 0.0000	</row1>
			<row2>	-0.1433 0.0000 0.9897 0.0000	</row2>
			<row3>	-0.7401 0.6303 -6.6104 1.0000	</row3>
		</transform>
	</node>
	<node>
		<identifier>	MP_CM013_Fire_Hose_Rack_2_INDEX_2	</identifier>
		<parent>	Scene Root	</parent>
		<transform>
			<row0>	0.9938 0.0000 0.1111 0.0000	</row0>
			<row1>	0.0000 1.0000 0.0000 0.0000	</row1>
			<row2>	-0.1111 0.0000 0.9938 0.0000	</row2>
			<row3>	-0.8975 0.6303 -5.4104 1.0000	</row3>
		</transform>
	</node>
	<node>
		<identifier>	MP_CM013_Fire_Hose_Rack_2_INDEX_3	</identifier>
		<parent>	Scene Root	</parent>
		<transform>
			<row0>	-0.9914 0.0000 0.1305 0.0000	</row0>
			<row1>	0.0000 1.0000 0.0000 0.0000	</row1>
			<row2>	-0.1305 0.0000 -0.9914 0.0000	</row2>
			<row3>	0.8975 0.6303 -5.4104 1.0000	</row3>
		</transform>
	</node>
	<node>
		<identifier>	MP_CM029_Emergency_Box	</identifier>
		<parent>	Scene Root	</parent>
		<transform>
			<row0>	0.1501 0.0000 0.9887 0.0000	</row0>
			<row1>	0.0000 1.0000 0.0000 0.0000	</row1>
			<row2>	-0.9887 0.0000 0.1501 0.0000	</row2>
			<row3>	0.7606 0.6242 -6.5168 1.0000	</row3>
		</transform>
	</node>
	<node>
		<identifier>	MP_CM029_Emergency_Box_INDEX_1	</identifier>
		<parent>	Scene Root	</parent>
		<transform>
			<row0>	0.0904 0.0000 0.9959 0.0000	</row0>
			<row1>	0.0000 1.0000 0.0000 0.0000	</row1>
			<row2>	-0.9959 0.0000 0.0904 0.0000	</row2>
			<row3>	0.8896 0.6151 -5.5598 1.0000	</row3>
		</transform>
	</node>
	<node>
		<identifier>	MP_CM029_Emergency_Box_INDEX_2	</identifier>
		<parent>	Scene Root	</parent>
		<transform>
			<row0>	0.0904 0.0000 -0.9959 0.0000	</row0>
			<row1>	0.0000 1.0000 0.0000 0.0000	</row1>
			<row2>	0.9959 0.0000 0.0904 0.0000	</row2>
			<row3>	-0.8896 0.6151 -5.5598 1.0000	</row3>
		</transform>
	</node>
	<node>
		<identifier>	MP_CM029_Emergency_Box_INDEX_3	</identifier>
		<parent>	Scene Root	</parent>
		<transform>
			<row0>	0.1501 0.0000 -0.9887 0.0000	</row0>
			<row1>	0.0000 1.0000 0.0000 0.0000	</row1>
			<row2>	0.9887 0.0000 0.1501 0.0000	</row2>
			<row3>	-0.7606 0.6242 -6.5168 1.0000	</row3>
		</transform>
	</node>
	<node>
		<identifier>	MP_CM030_Swab_Rack_2	</identifier>
		<parent>	Scene Root	</parent>
		<transform>
			<row0>	-1.0000 0.0000 0.0000 0.0000	</row0>
			<row1>	0.0000 1.0000 0.0000 0.0000	</row1>
			<row2>	0.0000 0.0000 -1.0000 0.0000	</row2>
			<row3>	0.8675 0.5676 -6.2333 1.0000	</row3>
		</transform>
	</node>
	<node>
		<identifier>	MP_CM030_Swab_Rack_2_INDEX_1	</identifier>
		<parent>	Scene Root	</parent>
		<transform>
			<row0>	1.0000 0.0000 0.0000 0.0000	</row0>
			<row1>	0.0000 1.0000 0.0000 0.0000	</row1>
			<row2>	0.0000 0.0000 1.0000 0.0000	</row2>
			<row3>	0.9200 0.5676 -5.7907 1.0000	</row3>
		</transform>
	</node>
	<node>
		<identifier>	MP_CM030_Swab_Rack_2_INDEX_2	</identifier>
		<parent>	Scene Root	</parent>
		<transform>
			<row0>	1.0000 0.0000 0.0000 0.0000	</row0>
			<row1>	0.0000 1.0000 0.0000 0.0000	</row1>
			<row2>	0.0000 0.0000 1.0000 0.0000	</row2>
			<row3>	-0.9200 0.5676 -5.7907 1.0000	</row3>
		</transform>
	</node>
	<node>
		<identifier>	MP_CM030_Swab_Rack_2_INDEX_3	</identifier>
		<parent>	Scene Root	</parent>
		<transform>
			<row0>	-1.0000 0.0000 0.0000 0.0000	</row0>
			<row1>	0.0000 1.0000 0.0000 0.0000	</row1>
			<row2>	0.0000 0.0000 -1.0000 0.0000	</row2>
			<row3>	-0.8675 0.5676 -6.2333 1.0000	</row3>
		</transform>
	</node>
	<node>
		<identifier>	MP_CM051_Fire_Fighting_Gear	</identifier>
		<parent>	Scene Root	</parent>
		<transform>
			<row0>	0.9897 0.0000 -0.1433 0.0000	</row0>
			<row1>	-0.1433 0.0000 -0.9897 0.0000	</row1>
			<row2>	0.0000 1.0000 0.0000 0.0000	</row2>
			<row3>	0.7441 0.5730 -6.5763 1.0000	</row3>
		</transform>
	</node>
	<node>
		<identifier>	MP_CM051_Fire_Fighting_Gear_INDEX_1	</identifier>
		<parent>	Scene Root	</parent>
		<transform>
			<row0>	0.9897 0.0000 -0.1433 0.0000	</row0>
			<row1>	-0.1433 0.0000 -0.9897 0.0000	</row1>
			<row2>	0.0000 1.0000 0.0000 0.0000	</row2>
			<row3>	0.8941 0.5786 -5.4501 1.0000	</row3>
		</transform>
	</node>
	<node>
		<identifier>	MP_CM051_Fire_Fighting_Gear_INDEX_2	</identifier>
		<parent>	Scene Root	</parent>
		<transform>
			<row0>	-0.9897 0.0000 -0.1433 0.0000	</row0>
			<row1>	-0.1433 0.0000 0.9897 0.0000	</row1>
			<row2>	0.0000 1.0000 0.0000 0.0000	</row2>
			<row3>	-0.8941 0.5786 -5.4501 1.0000	</row3>
		</transform>
	</node>
	<node>
		<identifier>	MP_CM051_Fire_Fighting_Gear_INDEX_3	</identifier>
		<parent>	Scene Root	</parent>
		<transform>
			<row0>	-0.9897 0.0000 -0.1433 0.0000	</row0>
			<row1>	-0.1433 0.0000 0.9897 0.0000	</row1>
			<row2>	0.0000 1.0000 0.0000 0.0000	</row2>
			<row3>	-0.7441 0.5730 -6.5763 1.0000	</row3>
		</transform>
	</node>
	<node>
		<identifier>	MP_CM085_Anchor_Top	</identifier>
		<parent>	Scene Root	</parent>
		<transform>
			<row0>	0.4577 0.0015 1.3231 0.0000	</row0>
			<row1>	0.1822 1.3866 -0.0646 0.0000	</row1>
			<row2>	-1.3105 0.1933 0.4531 0.0000	</row2>
			<row3>	0.6013 0.1703 -7.7559 1.0000	</row3>
		</transform>
	</node>
	<node>
		<identifier>	MP_CM085_Anchor_Top_INDEX_1	</identifier>
		<parent>	Scene Root	</parent>
		<transform>
			<row0>	0.4577 -0.0015 -1.3231 0.0000	</row0>
			<row1>	-0.1822 1.3866 -0.0646 0.0000	</row1>
			<row2>	1.3105 0.1933 0.4531 0.0000	</row2>
			<row3>	-0.6013 0.1703 -7.7559 1.0000	</row3>
		</transform>
	</node>
	<node>
		<identifier>	MP_CM087_Anchor_down	</identifier>
		<parent>	Scene Root	</parent>
		<transform>
			<row0>	-0.4122 0.0000 -1.3379 0.0000	</row0>
			<row1>	0.0000 1.4000 0.0000 0.0000	</row1>
			<row2>	1.3379 0.0000 -0.4122 0.0000	</row2>
			<row3>	0.6076 0.1703 -7.7573 1.0000	</row3>
		</transform>
	</node>
	<node>
		<identifier>	MP_CM087_Anchor_down_INDEX_1	</identifier>
		<parent>	Scene Root	</parent>
		<transform>
			<row0>	-0.4122 0.0000 1.3379 0.0000	</row0>
			<row1>	0.0000 1.4000 0.0000 0.0000	</row1>
			<row2>	-1.3379 0.0000 -0.4122 0.0000	</row2>
			<row3>	-0.6076 0.1703 -7.7573 1.0000	</row3>
		</transform>
	</node>
	<node>
		<identifier>	MP_CM094_Propeller3_L	</identifier>
		<parent>	Scene Root	</parent>
		<transform>
			<row0>	0.9955 -0.2116 0.0037 0.0000	</row0>
			<row1>	0.2116 0.9953 -0.0174 0.0000	</row1>
			<row2>	0.0000 0.0178 1.0175 0.0000	</row2>
			<row3>	-0.2464 -0.5059 -7.1546 1.0000	</row3>
		</transform>
	</node>
	<node>
		<identifier>	MP_CM094_Propeller3_L_INDEX_1	</identifier>
		<parent>	Scene Root	</parent>
		<transform>
			<row0>	0.8814 -0.5088 0.0089 0.0000	</row0>
			<row1>	0.5088 0.8812 -0.0154 0.0000	</row1>
			<row2>	0.0000 0.0178 1.0175 0.0000	</row2>
			<row3>	-0.7050 -0.4863 -6.3933 1.0000	</row3>
		</transform>
	</node>
	<node>
		<identifier>	MP_CM095_Propeller3_R	</identifier>
		<parent>	Scene Root	</parent>
		<transform>
			<row0>	0.8814 0.5088 -0.0089 0.0000	</row0>
			<row1>	-0.5088 0.8812 -0.0154 0.0000	</row1>
			<row2>	0.0000 0.0178 1.0175 0.0000	</row2>
			<row3>	0.7050 -0.4863 -6.3933 1.0000	</row3>
		</transform>
	</node>
	<node>
		<identifier>	MP_CM095_Propeller3_R_INDEX_1	</identifier>
		<parent>	Scene Root	</parent>
		<transform>
			<row0>	0.9955 0.2116 -0.0037 0.0000	</row0>
			<row1>	-0.2116 0.9953 -0.0174 0.0000	</row1>
			<row2>	0.0000 0.0178 1.0175 0.0000	</row2>
			<row3>	0.2464 -0.5059 -7.1546 1.0000	</row3>
		</transform>
	</node>
	<node>
		<identifier>	MP_CM117_Ladder_Cruiser_L	</identifier>
		<parent>	Scene Root	</parent>
		<transform>
			<row0>	0.0000 -1.0000 0.0000 0.0000	</row0>
			<row1>	0.0000 0.0000 -1.0000 0.0000	</row1>
			<row2>	1.0000 0.0000 0.0000 0.0000	</row2>
			<row3>	0.2009 0.4627 -7.1955 1.0000	</row3>
		</transform>
	</node>
	<node>
		<identifier>	MP_JM006_Binocular_1	</identifier>
		<parent>	Scene Root	</parent>
		<transform>
			<row0>	0.8660 0.0000 -0.5000 0.0000	</row0>
			<row1>	0.0000 1.0000 0.0000 0.0000	</row1>
			<row2>	0.5000 0.0000 0.8660 0.0000	</row2>
			<row3>	1.0793 0.5676 -7.0453 1.0000	</row3>
		</transform>
	</node>
	<node>
		<identifier>	MP_JM006_Binocular_1_INDEX_1	</identifier>
		<parent>	Scene Root	</parent>
		<transform>
			<row0>	1.0000 0.0000 0.0000 0.0000	</row0>
			<row1>	0.0000 1.0000 0.0000 0.0000	</row1>
			<row2>	0.0000 0.0000 1.0000 0.0000	</row2>
			<row3>	1.2572 0.5676 -6.1224 1.0000	</row3>
		</transform>
	</node>
	<node>
		<identifier>	MP_JM006_Binocular_1_INDEX_2	</identifier>
		<parent>	Scene Root	</parent>
		<transform>
			<row0>	-0.8660 0.0000 -0.5000 0.0000	</row0>
			<row1>	0.0000 1.0000 0.0000 0.0000	</row1>
			<row2>	0.5000 0.0000 -0.8660 0.0000	</row2>
			<row3>	-1.0793 0.5676 -7.0453 1.0000	</row3>
		</transform>
	</node>
	<node>
		<identifier>	MP_JM006_Binocular_1_INDEX_3	</identifier>
		<parent>	Scene Root	</parent>
		<transform>
			<row0>	-1.0000 0.0000 0.0000 0.0000	</row0>
			<row1>	0.0000 1.0000 0.0000 0.0000	</row1>
			<row2>	0.0000 0.0000 -1.0000 0.0000	</row2>
			<row3>	-1.2572 0.5676 -6.1224 1.0000	</row3>
		</transform>
	</node>
	<node>
		<identifier>	MP_JM006_Binocular_1_INDEX_4	</identifier>
		<parent>	Scene Root	</parent>
		<transform>
			<row0>	1.0000 0.0000 0.0000 0.0000	</row0>
			<row1>	0.0000 1.0000 0.0000 0.0000	</row1>
			<row2>	0.0000 0.0000 1.0000 0.0000	</row2>
			<row3>	1.1977 0.7193 -4.0726 1.0000	</row3>
		</transform>
	</node>
	<node>
		<identifier>	MP_JM006_Binocular_1_INDEX_5	</identifier>
		<parent>	Scene Root	</parent>
		<transform>
			<row0>	-1.0000 0.0000 0.0000 0.0000	</row0>
			<row1>	0.0000 1.0000 0.0000 0.0000	</row1>
			<row2>	0.0000 0.0000 -1.0000 0.0000	</row2>
			<row3>	-1.1977 0.7193 -4.0726 1.0000	</row3>
		</transform>
	</node>
	<node>
		<identifier>	MP_JM007_Life_Buoy_box	</identifier>
		<parent>	Scene Root	</parent>
		<transform>
			<row0>	0.3414 0.0000 0.9399 0.0000	</row0>
			<row1>	0.0000 1.0000 0.0000 0.0000	</row1>
			<row2>	-0.9399 0.0000 0.3414 0.0000	</row2>
			<row3>	0.5988 0.4110 -7.7838 1.0000	</row3>
		</transform>
	</node>
	<node>
		<identifier>	MP_JM007_Life_Buoy_box_INDEX_1	</identifier>
		<parent>	Scene Root	</parent>
		<transform>
			<row0>	0.3414 0.0000 -0.9399 0.0000	</row0>
			<row1>	0.0000 1.0000 0.0000 0.0000	</row1>
			<row2>	0.9399 0.0000 0.3414 0.0000	</row2>
			<row3>	-0.5988 0.4110 -7.7838 1.0000	</row3>
		</transform>
	</node>
	<node>
		<identifier>	MP_JM044_After_Capstan	</identifier>
		<parent>	Scene Root	</parent>
		<transform>
			<row0>	1.0000 0.0000 0.0000 0.0000	</row0>
			<row1>	0.0000 1.0000 0.0000 0.0000	</row1>
			<row2>	0.0000 0.0000 1.0000 0.0000	</row2>
			<row3>	-0.1609 0.3993 -7.4886 1.0000	</row3>
		</transform>
	</node>
	<node>
		<identifier>	MP_JM055_Deck_Hatch_4	</identifier>
		<parent>	Scene Root	</parent>
		<transform>
			<row0>	0.0000 0.0000 1.0000 0.0000	</row0>
			<row1>	0.0000 1.0000 0.0000 0.0000	</row1>
			<row2>	-1.0000 0.0000 0.0000 0.0000	</row2>
			<row3>	0.2392 0.7187 -7.3770 1.0000	</row3>
		</transform>
	</node>
	<node>
		<identifier>	MP_JM055_Deck_Hatch_4_INDEX_1	</identifier>
		<parent>	Scene Root	</parent>
		<transform>
			<row0>	0.0000 0.0000 -1.0000 0.0000	</row0>
			<row1>	0.0000 1.0000 0.0000 0.0000	</row1>
			<row2>	1.0000 0.0000 0.0000 0.0000	</row2>
			<row3>	-0.2392 0.7187 -7.3770 1.0000	</row3>
		</transform>
	</node>
	<node>
		<identifier>	MP_JM061_Deck_Hatch_10	</identifier>
		<parent>	Scene Root	</parent>
		<transform>
			<row0>	0.0000 0.0000 1.0000 0.0000	</row0>
			<row1>	0.0000 1.0000 0.0000 0.0000	</row1>
			<row2>	-1.0000 0.0000 0.0000 0.0000	</row2>
			<row3>	0.0000 0.3972 -7.4151 1.0000	</row3>
		</transform>
	</node>
	<node>
		<identifier>	MP_JM062_Deck_Hatch_11	</identifier>
		<parent>	Scene Root	</parent>
		<transform>
			<row0>	-1.0000 0.0000 0.0000 0.0000	</row0>
			<row1>	0.0000 1.0000 0.0000 0.0000	</row1>
			<row2>	0.0000 0.0000 -1.0000 0.0000	</row2>
			<row3>	0.0000 0.3985 -8.3232 1.0000	</row3>
		</transform>
	</node>
	<node>
		<identifier>	MP_JM071_Crane_1	</identifier>
		<parent>	Scene Root	</parent>
		<transform>
			<row0>	-0.2758 0.0000 -0.9612 0.0000	</row0>
			<row1>	0.0000 1.0000 0.0000 0.0000	</row1>
			<row2>	0.9612 0.0000 -0.2758 0.0000	</row2>
			<row3>	0.6265 0.6827 -7.9270 1.0000	</row3>
		</transform>
	</node>
	<node>
		<identifier>	MP_JM071_Crane_1_INDEX_1	</identifier>
		<parent>	Scene Root	</parent>
		<transform>
			<row0>	0.2758 0.0000 -0.9612 0.0000	</row0>
			<row1>	0.0000 1.0000 0.0000 0.0000	</row1>
			<row2>	0.9612 0.0000 0.2758 0.0000	</row2>
			<row3>	-0.6264 0.6827 -7.9270 1.0000	</row3>
		</transform>
	</node>
	<node>
		<identifier>	MP_JM111_Deck_Hatch_13	</identifier>
		<parent>	Scene Root	</parent>
		<transform>
			<row0>	0.0000 0.0000 1.0000 0.0000	</row0>
			<row1>	0.0000 1.0000 0.0000 0.0000	</row1>
			<row2>	-1.0000 0.0000 0.0000 0.0000	</row2>
			<row3>	0.2277 0.7187 -7.1236 1.0000	</row3>
		</transform>
	</node>
	<node>
		<identifier>	MP_JM111_Deck_Hatch_13_INDEX_1	</identifier>
		<parent>	Scene Root	</parent>
		<transform>
			<row0>	0.0000 0.0000 1.0000 0.0000	</row0>
			<row1>	0.0000 1.0000 0.0000 0.0000	</row1>
			<row2>	-1.0000 0.0000 0.0000 0.0000	</row2>
			<row3>	0.2280 0.7169 -4.4414 1.0000	</row3>
		</transform>
	</node>
	<node>
		<identifier>	MP_JM111_Deck_Hatch_13_INDEX_2	</identifier>
		<parent>	Scene Root	</parent>
		<transform>
			<row0>	0.0000 0.0000 -1.0000 0.0000	</row0>
			<row1>	0.0000 1.0000 0.0000 0.0000	</row1>
			<row2>	1.0000 0.0000 0.0000 0.0000	</row2>
			<row3>	-0.2280 0.7169 -4.4414 1.0000	</row3>
		</transform>
	</node>
	<node>
		<identifier>	MP_JM111_Deck_Hatch_13_INDEX_3	</identifier>
		<parent>	Scene Root	</parent>
		<transform>
			<row0>	0.0000 0.0000 -1.0000 0.0000	</row0>
			<row1>	0.0000 1.0000 0.0000 0.0000	</row1>
			<row2>	1.0000 0.0000 0.0000 0.0000	</row2>
			<row3>	-0.2277 0.7187 -7.1236 1.0000	</row3>
		</transform>
	</node>
	<node>
		<identifier>	MP_JM125_Signal_Lamp_3	</identifier>
		<parent>	Scene Root	</parent>
		<transform>
			<row0>	1.3000 0.0000 0.0000 0.0000	</row0>
			<row1>	0.0000 1.3000 0.0000 0.0000	</row1>
			<row2>	0.0000 0.0000 1.3000 0.0000	</row2>
			<row3>	0.0000 1.0045 -8.8021 1.0000	</row3>
		</transform>
	</node>
	<node>
		<identifier>	MP_JM150_Runway_Light_R	</identifier>
		<parent>	Scene Root	</parent>
		<transform>
			<row0>	0.6885 0.0000 0.0000 0.0000	</row0>
			<row1>	0.0000 0.6885 0.0000 0.0000	</row1>
			<row2>	0.0000 0.0000 0.6885 0.0000	</row2>
			<row3>	0.0000 0.5031 -8.4780 1.0000	</row3>
		</transform>
	</node>
	<node>
		<identifier>	MP_JM150_Runway_Light_R_INDEX_1	</identifier>
		<parent>	Scene Root	</parent>
		<transform>
			<row0>	0.6885 0.0000 0.0000 0.0000	</row0>
			<row1>	0.0000 0.6885 0.0000 0.0000	</row1>
			<row2>	0.0000 0.0000 0.6885 0.0000	</row2>
			<row3>	0.0000 0.4320 -8.4780 1.0000	</row3>
		</transform>
	</node>
	<node>
		<identifier>	MP_JM151_Runway_Light_G	</identifier>
		<parent>	Scene Root	</parent>
		<transform>
			<row0>	0.6885 0.0000 0.0000 0.0000	</row0>
			<row1>	0.0000 0.6885 0.0000 0.0000	</row1>
			<row2>	0.0000 0.0000 0.6885 0.0000	</row2>
			<row3>	0.0000 0.5245 -8.4780 1.0000	</row3>
		</transform>
	</node>
	<node>
		<identifier>	MP_JM151_Runway_Light_G_INDEX_1	</identifier>
		<parent>	Scene Root	</parent>
		<transform>
			<row0>	0.6885 0.0000 0.0000 0.0000	</row0>
			<row1>	0.0000 0.6885 0.0000 0.0000	</row1>
			<row2>	0.0000 0.0000 0.6885 0.0000	</row2>
			<row3>	-0.0259 0.4681 -8.4780 1.0000	</row3>
		</transform>
	</node>
	<node>
		<identifier>	MP_JM151_Runway_Light_G_INDEX_2	</identifier>
		<parent>	Scene Root	</parent>
		<transform>
			<row0>	0.6885 0.0000 0.0000 0.0000	</row0>
			<row1>	0.0000 0.6885 0.0000 0.0000	</row1>
			<row2>	0.0000 0.0000 0.6885 0.0000	</row2>
			<row3>	0.0259 0.4681 -8.4780 1.0000	</row3>
		</transform>
	</node>
	<node>
		<identifier>	MP_JM232_Aircraft_Deck_Rails_2	</identifier>
		<parent>	Scene Root	</parent>
		<transform>
			<row0>	0.0000 0.0000 -1.0000 0.0000	</row0>
			<row1>	0.0000 1.0000 0.0000 0.0000	</row1>
			<row2>	1.0000 0.0000 0.0000 0.0000	</row2>
			<row3>	0.0000 0.7230 -5.2508 1.0000	</row3>
		</transform>
	</node>
	<node>
		<identifier>	MP_JM232_Aircraft_Deck_Rails_2_INDEX_1	</identifier>
		<parent>	Scene Root	</parent>
		<transform>
			<row0>	0.0000 0.0000 -1.0000 0.0000	</row0>
			<row1>	0.0000 1.0000 0.0000 0.0000	</row1>
			<row2>	1.0000 0.0000 0.0000 0.0000	</row2>
			<row3>	0.0000 0.7230 -6.1210 1.0000	</row3>
		</transform>
	</node>
	<node>
		<identifier>	MP_JM232_Aircraft_Deck_Rails_2_INDEX_10	</identifier>
		<parent>	Scene Root	</parent>
		<transform>
			<row0>	0.7668 0.0000 0.6419 0.0000	</row0>
			<row1>	0.0000 1.0000 0.0000 0.0000	</row1>
			<row2>	-0.6419 0.0000 0.7668 0.0000	</row2>
			<row3>	-0.9384 0.7229 -5.3784 1.0000	</row3>
		</transform>
	</node>
	<node>
		<identifier>	MP_JM232_Aircraft_Deck_Rails_2_INDEX_11	</identifier>
		<parent>	Scene Root	</parent>
		<transform>
			<row0>	0.7642 0.0000 0.6450 0.0000	</row0>
			<row1>	0.0000 1.0000 0.0000 0.0000	</row1>
			<row2>	-0.6450 0.0000 0.7642 0.0000	</row2>
			<row3>	-1.0453 0.7229 -4.6290 1.0000	</row3>
		</transform>
	</node>
	<node>
		<identifier>	MP_JM232_Aircraft_Deck_Rails_2_INDEX_2	</identifier>
		<parent>	Scene Root	</parent>
		<transform>
			<row0>	0.0000 0.0000 -1.0000 0.0000	</row0>
			<row1>	0.0000 1.0000 0.0000 0.0000	</row1>
			<row2>	1.0000 0.0000 0.0000 0.0000	</row2>
			<row3>	0.0000 0.7230 -6.9843 1.0000	</row3>
		</transform>
	</node>
	<node>
		<identifier>	MP_JM232_Aircraft_Deck_Rails_2_INDEX_3	</identifier>
		<parent>	Scene Root	</parent>
		<transform>
			<row0>	0.0000 0.0000 -1.0000 0.0000	</row0>
			<row1>	0.0000 1.0000 0.0000 0.0000	</row1>
			<row2>	1.0000 0.0000 0.0000 0.0000	</row2>
			<row3>	0.0000 0.7230 -8.0630 1.0000	</row3>
		</transform>
	</node>
	<node>
		<identifier>	MP_JM232_Aircraft_Deck_Rails_2_INDEX_4	</identifier>
		<parent>	Scene Root	</parent>
		<transform>
			<row0>	0.7668 0.0000 -0.6419 0.0000	</row0>
			<row1>	0.0000 1.0000 0.0000 0.0000	</row1>
			<row2>	0.6419 0.0000 0.7668 0.0000	</row2>
			<row3>	0.9384 0.7229 -5.3784 1.0000	</row3>
		</transform>
	</node>
	<node>
		<identifier>	MP_JM232_Aircraft_Deck_Rails_2_INDEX_5	</identifier>
		<parent>	Scene Root	</parent>
		<transform>
			<row0>	0.7642 0.0000 -0.6450 0.0000	</row0>
			<row1>	0.0000 1.0000 0.0000 0.0000	</row1>
			<row2>	0.6450 0.0000 0.7642 0.0000	</row2>
			<row3>	1.0453 0.7229 -4.6290 1.0000	</row3>
		</transform>
	</node>
	<node>
		<identifier>	MP_JM232_Aircraft_Deck_Rails_2_INDEX_6	</identifier>
		<parent>	Scene Root	</parent>
		<transform>
			<row0>	0.7665 0.0000 -0.6422 0.0000	</row0>
			<row1>	0.0000 1.0000 0.0000 0.0000	</row1>
			<row2>	0.6422 0.0000 0.7665 0.0000	</row2>
			<row3>	0.8555 0.7229 -6.1251 1.0000	</row3>
		</transform>
	</node>
	<node>
		<identifier>	MP_JM232_Aircraft_Deck_Rails_2_INDEX_7	</identifier>
		<parent>	Scene Root	</parent>
		<transform>
			<row0>	0.7717 0.0000 -0.6359 0.0000	</row0>
			<row1>	0.0000 1.0000 0.0000 0.0000	</row1>
			<row2>	0.6359 0.0000 0.7717 0.0000	</row2>
			<row3>	0.7354 0.7229 -6.8705 1.0000	</row3>
		</transform>
	</node>
	<node>
		<identifier>	MP_JM232_Aircraft_Deck_Rails_2_INDEX_8	</identifier>
		<parent>	Scene Root	</parent>
		<transform>
			<row0>	0.7717 0.0000 0.6359 0.0000	</row0>
			<row1>	0.0000 1.0000 0.0000 0.0000	</row1>
			<row2>	-0.6359 0.0000 0.7717 0.0000	</row2>
			<row3>	-0.7354 0.7229 -6.8705 1.0000	</row3>
		</transform>
	</node>
	<node>
		<identifier>	MP_JM232_Aircraft_Deck_Rails_2_INDEX_9	</identifier>
		<parent>	Scene Root	</parent>
		<transform>
			<row0>	0.7665 0.0000 0.6422 0.0000	</row0>
			<row1>	0.0000 1.0000 0.0000 0.0000	</row1>
			<row2>	-0.6422 0.0000 0.7665 0.0000	</row2>
			<row3>	-0.8555 0.7229 -6.1251 1.0000	</row3>
		</transform>
	</node>
	<node>
		<identifier>	MP_JM286_Anchor_Capstan_big	</identifier>
		<parent>	Scene Root	</parent>
		<transform>
			<row0>	1.0000 0.0000 0.0000 0.0000	</row0>
			<row1>	0.0000 1.0000 0.0000 0.0000	</row1>
			<row2>	0.0000 0.0000 1.0000 0.0000	</row2>
			<row3>	0.2006 0.4014 -7.7331 1.0000	</row3>
		</transform>
	</node>
	<node>
		<identifier>	MP_JM304_Running_Lights_B	</identifier>
		<parent>	Scene Root	</parent>
		<transform>
			<row0>	-1.0000 0.0000 0.0000 0.0000	</row0>
			<row1>	0.0000 1.0000 0.0000 0.0000	</row1>
			<row2>	0.0000 0.0000 -1.0000 0.0000	</row2>
			<row3>	0.0000 0.6156 -8.4863 1.0000	</row3>
		</transform>
	</node>
	<node>
		<identifier>	MP_JM304_Running_Lights_B_INDEX_1	</identifier>
		<parent>	Scene Root	</parent>
		<transform>
			<row0>	-1.0000 0.0000 0.0000 0.0000	</row0>
			<row1>	0.0000 1.0000 0.0000 0.0000	</row1>
			<row2>	0.0000 0.0000 -1.0000 0.0000	</row2>
			<row3>	0.0144 0.8210 -8.7625 1.0000	</row3>
		</transform>
	</node>
	<node>
		<identifier>	MP_JM368_Life_Buoy	</identifier>
		<parent>	Scene Root	</parent>
		<transform>
			<row0>	0.1517 0.0000 0.9884 0.0000	</row0>
			<row1>	0.0000 1.0000 0.0000 0.0000	</row1>
			<row2>	-0.9884 0.0000 0.1517 0.0000	</row2>
			<row3>	1.0569 0.2475 -5.3303 1.0000	</row3>
		</transform>
	</node>
	<node>
		<identifier>	MP_JM368_Life_Buoy_INDEX_1	</identifier>
		<parent>	Scene Root	</parent>
		<transform>
			<row0>	0.1517 0.0000 -0.9884 0.0000	</row0>
			<row1>	0.0000 1.0000 0.0000 0.0000	</row1>
			<row2>	0.9884 0.0000 0.1517 0.0000	</row2>
			<row3>	-1.0569 0.2475 -5.3303 1.0000	</row3>
		</transform>
	</node>
	<node>
		<identifier>	SP_YMS023_YHUC_L_1	</identifier>
		<parent>	Scene Root	</parent>
		<transform>
			<row0>	1.0753 0.0000 0.0000 0.0000	</row0>
			<row1>	0.0000 1.0753 0.0000 0.0000	</row1>
			<row2>	0.0000 0.0000 1.0753 0.0000	</row2>
			<row3>	-0.7151 -0.4901 -6.3883 1.0000	</row3>
		</transform>
	</node>
	<node>
		<identifier>	SP_YMS023_YHUC_L_1_INDEX_1	</identifier>
		<parent>	Scene Root	</parent>
		<transform>
			<row0>	1.0753 0.0000 0.0000 0.0000	</row0>
			<row1>	0.0000 1.0753 0.0000 0.0000	</row1>
			<row2>	0.0000 0.0000 1.0753 0.0000	</row2>
			<row3>	0.2464 -0.5097 -7.1346 1.0000	</row3>
		</transform>
	</node>
	<node>
		<identifier>	SP_YMS023_YHUC_L_1_INDEX_2	</identifier>
		<parent>	Scene Root	</parent>
		<transform>
			<row0>	1.0753 0.0000 0.0000 0.0000	</row0>
			<row1>	0.0000 1.0753 0.0000 0.0000	</row1>
			<row2>	0.0000 0.0000 1.0753 0.0000	</row2>
			<row3>	0.7151 -0.4901 -6.3883 1.0000	</row3>
		</transform>
	</node>
	<node>
		<identifier>	SP_YMS023_YHUC_L_1_INDEX_3	</identifier>
		<parent>	Scene Root	</parent>
		<transform>
			<row0>	1.0753 0.0000 0.0000 0.0000	</row0>
			<row1>	0.0000 1.0753 0.0000 0.0000	</row1>
			<row2>	0.0000 0.0000 1.0753 0.0000	</row2>
			<row3>	-0.2464 -0.5097 -7.1346 1.0000	</row3>
		</transform>
	</node>
	<node>
		<identifier>	SP_YMS030_YHAM_M_1	</identifier>
		<parent>	Scene Root	</parent>
		<transform>
			<row0>	0.6000 0.0000 0.0000 0.0000	</row0>
			<row1>	0.0000 0.6000 0.0000 0.0000	</row1>
			<row2>	0.0000 0.0000 0.6000 0.0000	</row2>
			<row3>	0.0000 0.1798 -8.6090 1.0000	</row3>
		</transform>
	</node>
	<node>
		<identifier>	SP_YMS031_YHAL_M_1	</identifier>
		<parent>	Scene Root	</parent>
		<transform>
			<row0>	0.6816 0.0000 0.1595 0.0000	</row0>
			<row1>	0.0000 0.7000 0.0000 0.0000	</row1>
			<row2>	-0.1595 0.0000 0.6816 0.0000	</row2>
			<row3>	-0.4673 0.1732 -8.1733 1.0000	</row3>
		</transform>
	</node>
	<node>
		<identifier>	SP_YMS032_YHAR_M_1	</identifier>
		<parent>	Scene Root	</parent>
		<transform>
			<row0>	0.6816 0.0000 -0.1595 0.0000	</row0>
			<row1>	0.0000 0.7000 0.0000 0.0000	</row1>
			<row2>	0.1595 0.0000 0.6816 0.0000	</row2>
			<row3>	0.4673 0.1732 -8.1733 1.0000	</row3>
		</transform>
	</node>
	<node>
		<identifier>	SP_YMS053_YHDC_S_1_INDEX_14	</identifier>
		<parent>	Scene Root	</parent>
		<transform>
			<row0>	1.0000 0.0000 0.0000 0.0000	</row0>
			<row1>	0.0000 1.0000 0.0000 0.0000	</row1>
			<row2>	0.0000 0.0000 1.0000 0.0000	</row2>
			<row3>	0.3856 0.7364 -6.5058 1.0000	</row3>
		</transform>
	</node>
	<node>
		<identifier>	SP_YMS053_YHDC_S_1_INDEX_15	</identifier>
		<parent>	Scene Root	</parent>
		<transform>
			<row0>	1.0000 0.0000 0.0000 0.0000	</row0>
			<row1>	0.0000 1.0000 0.0000 0.0000	</row1>
			<row2>	0.0000 0.0000 1.0000 0.0000	</row2>
			<row3>	0.4699 0.7364 -5.0834 1.0000	</row3>
		</transform>
	</node>
	<node>
		<identifier>	SP_YMS053_YHDC_S_1_INDEX_16	</identifier>
		<parent>	Scene Root	</parent>
		<transform>
			<row0>	1.0000 0.0000 0.0000 0.0000	</row0>
			<row1>	0.0000 1.0000 0.0000 0.0000	</row1>
			<row2>	0.0000 0.0000 1.0000 0.0000	</row2>
			<row3>	0.7344 0.7364 -4.3157 1.0000	</row3>
		</transform>
	</node>
	<node>
		<identifier>	SP_YMS053_YHDC_S_1_INDEX_17	</identifier>
		<parent>	Scene Root	</parent>
		<transform>
			<row0>	1.0000 0.0000 0.0000 0.0000	</row0>
			<row1>	0.0000 1.0000 0.0000 0.0000	</row1>
			<row2>	0.0000 0.0000 1.0000 0.0000	</row2>
			<row3>	-0.4699 0.7364 -5.0834 1.0000	</row3>
		</transform>
	</node>
	<node>
		<identifier>	SP_YMS053_YHDC_S_1_INDEX_18	</identifier>
		<parent>	Scene Root	</parent>
		<transform>
			<row0>	1.0000 0.0000 0.0000 0.0000	</row0>
			<row1>	0.0000 1.0000 0.0000 0.0000	</row1>
			<row2>	0.0000 0.0000 1.0000 0.0000	</row2>
			<row3>	-0.1872 0.7367 -7.6005 1.0000	</row3>
		</transform>
	</node>
	<node>
		<identifier>	SP_YMS053_YHDC_S_1_INDEX_19	</identifier>
		<parent>	Scene Root	</parent>
		<transform>
			<row0>	1.0000 0.0000 0.0000 0.0000	</row0>
			<row1>	0.0000 1.0000 0.0000 0.0000	</row1>
			<row2>	0.0000 0.0000 1.0000 0.0000	</row2>
			<row3>	0.1872 0.7367 -7.6005 1.0000	</row3>
		</transform>
	</node>
	<node>
		<identifier>	SP_YMS053_YHDC_S_1_INDEX_20	</identifier>
		<parent>	Scene Root	</parent>
		<transform>
			<row0>	1.0000 0.0000 0.0000 0.0000	</row0>
			<row1>	0.0000 1.0000 0.0000 0.0000	</row1>
			<row2>	0.0000 0.0000 1.0000 0.0000	</row2>
			<row3>	-0.7344 0.7364 -4.3157 1.0000	</row3>
		</transform>
	</node>
	<node>
		<identifier>	SP_YMS053_YHDC_S_1_INDEX_21	</identifier>
		<parent>	Scene Root	</parent>
		<transform>
			<row0>	1.0000 0.0000 0.0000 0.0000	</row0>
			<row1>	0.0000 1.0000 0.0000 0.0000	</row1>
			<row2>	0.0000 0.0000 1.0000 0.0000	</row2>
			<row3>	-0.3856 0.7364 -6.5058 1.0000	</row3>
		</transform>
	</node>
	<node>
		<identifier>	SP_YMS072_YHHC_M_1_INDEX_10	</identifier>
		<parent>	Scene Root	</parent>
		<transform>
			<row0>	0.0057 -0.0001 1.0000 0.0000	</row0>
			<row1>	0.0237 0.9997 0.0000 0.0000	</row1>
			<row2>	-0.9997 0.0237 0.0057 0.0000	</row2>
			<row3>	1.2848 0.4436 -4.6439 1.0000	</row3>
		</transform>
	</node>
	<node>
		<identifier>	SP_YMS072_YHHC_M_1_INDEX_11	</identifier>
		<parent>	Scene Root	</parent>
		<transform>
			<row0>	0.0057 0.0001 -1.0000 0.0000	</row0>
			<row1>	-0.0237 0.9997 0.0000 0.0000	</row1>
			<row2>	0.9997 0.0237 0.0057 0.0000	</row2>
			<row3>	-1.2848 0.4436 -4.6439 1.0000	</row3>
		</transform>
	</node>
	<node>
		<identifier>	SP_YMS080_YHSL_M_1_INDEX_3	</identifier>
		<parent>	Scene Root	</parent>
		<transform>
			<row0>	0.9424 0.2495 0.2228 0.0000	</row0>
			<row1>	-0.2428 0.9684 -0.0574 0.0000	</row1>
			<row2>	-0.2301 0.0000 0.9732 0.0000	</row2>
			<row3>	-0.7465 0.1619 -7.1453 1.0000	</row3>
		</transform>
	</node>
	<node>
		<identifier>	SP_YMS081_YHSR_M_1_INDEX_3	</identifier>
		<parent>	Scene Root	</parent>
		<transform>
			<row0>	0.9424 -0.2495 -0.2228 0.0000	</row0>
			<row1>	0.2428 0.9684 -0.0574 0.0000	</row1>
			<row2>	0.2301 0.0000 0.9732 0.0000	</row2>
			<row3>	0.7465 0.1619 -7.1453 1.0000	</row3>
		</transform>
	</node>
</JSB302_Aki_1944_Stern.skel_ext>
