<IGM078_381mm_50_2barrels_M1934.skel_ext>
	<exported>	true	</exported>
	<node>
		<identifier>	MP_IM021_Turtle	</identifier>
		<parent>	Rotate_Y	</parent>
		<transform>
			<row0>	0.9901 0.0000 0.1405 0.0000	</row0>
			<row1>	0.0000 1.0000 0.0000 0.0000	</row1>
			<row2>	-0.1405 0.0000 0.9901 0.0000	</row2>
			<row3>	0.1149 0.2555 -0.5115 1.0000	</row3>
		</transform>
	</node>
	<node>
		<identifier>	MP_IM021_Turtle_INDEX_1	</identifier>
		<parent>	Rotate_Y	</parent>
		<transform>
			<row0>	0.9904 0.0000 0.1381 0.0000	</row0>
			<row1>	0.0000 1.0000 0.0000 0.0000	</row1>
			<row2>	-0.1381 0.0000 0.9904 0.0000	</row2>
			<row3>	0.0999 0.2555 -0.5132 1.0000	</row3>
		</transform>
	</node>
	<node>
		<identifier>	MP_IM021_Turtle_INDEX_2	</identifier>
		<parent>	Rotate_Y	</parent>
		<transform>
			<row0>	0.9990 0.0000 0.0442 0.0000	</row0>
			<row1>	0.0000 1.0000 0.0000 0.0000	</row1>
			<row2>	-0.0442 0.0000 0.9990 0.0000	</row2>
			<row3>	0.0382 0.2558 -0.5214 1.0000	</row3>
		</transform>
	</node>
	<node>
		<identifier>	MP_IM021_Turtle_INDEX_3	</identifier>
		<parent>	Rotate_Y	</parent>
		<transform>
			<row0>	0.9896 0.0000 0.1441 0.0000	</row0>
			<row1>	0.0000 1.0000 0.0000 0.0000	</row1>
			<row2>	-0.1441 0.0000 0.9896 0.0000	</row2>
			<row3>	0.1089 0.2377 -0.5121 1.0000	</row3>
		</transform>
	</node>
	<node>
		<identifier>	MP_IM021_Turtle_INDEX_4	</identifier>
		<parent>	Rotate_Y	</parent>
		<transform>
			<row0>	0.9994 0.0000 0.0353 0.0000	</row0>
			<row1>	0.0000 1.0000 0.0000 0.0000	</row1>
			<row2>	-0.0353 0.0000 0.9994 0.0000	</row2>
			<row3>	0.0224 0.2554 -0.5220 1.0000	</row3>
		</transform>
	</node>
	<node>
		<identifier>	MP_IM021_Turtle_INDEX_5	</identifier>
		<parent>	Rotate_Y	</parent>
		<transform>
			<row0>	0.9891 0.0000 0.1469 0.0000	</row0>
			<row1>	0.0000 1.0000 0.0000 0.0000	</row1>
			<row2>	-0.1469 0.0000 0.9891 0.0000	</row2>
			<row3>	0.1233 0.2377 -0.5100 1.0000	</row3>
		</transform>
	</node>
	<node>
		<identifier>	MP_IM021_Turtle_INDEX_6	</identifier>
		<parent>	Rotate_Y	</parent>
		<transform>
			<row0>	0.9993 0.0000 0.0380 0.0000	</row0>
			<row1>	0.0000 1.0000 0.0000 0.0000	</row1>
			<row2>	-0.0380 0.0000 0.9993 0.0000	</row2>
			<row3>	0.0311 0.2378 -0.5217 1.0000	</row3>
		</transform>
	</node>
	<node>
		<identifier>	MP_IM021_Turtle_INDEX_7	</identifier>
		<parent>	Rotate_Y	</parent>
		<transform>
			<row0>	0.9824 0.0000 0.1869 0.0000	</row0>
			<row1>	0.0000 1.0000 0.0000 0.0000	</row1>
			<row2>	-0.1869 0.0000 0.9824 0.0000	</row2>
			<row3>	0.1292 0.2555 -0.5092 1.0000	</row3>
		</transform>
	</node>
	<node>
		<identifier>	MP_IM021_Turtle_INDEX_8	</identifier>
		<parent>	Rotate_Y	</parent>
		<transform>
			<row0>	0.9924 0.0000 0.1229 0.0000	</row0>
			<row1>	0.0000 1.0000 0.0000 0.0000	</row1>
			<row2>	-0.1229 0.0000 0.9924 0.0000	</row2>
			<row3>	0.0927 0.2377 -0.5141 1.0000	</row3>
		</transform>
	</node>
	<node>
		<identifier>	MP_IM021_Turtle_INDEX_9	</identifier>
		<parent>	Rotate_Y	</parent>
		<transform>
			<row0>	0.9903 0.0000 0.1389 0.0000	</row0>
			<row1>	0.0000 1.0000 0.0000 0.0000	</row1>
			<row2>	-0.1389 0.0000 0.9903 0.0000	</row2>
			<row3>	0.0856 0.2556 -0.5153 1.0000	</row3>
		</transform>
	</node>
	<node>
		<identifier>	MP_IM462_Gun_Deck_IGM078	</identifier>
		<parent>	Rotate_Y	</parent>
		<transform>
			<row0>	1.0000 0.0000 0.0000 0.0000	</row0>
			<row1>	0.0000 1.0000 0.0000 0.0000	</row1>
			<row2>	0.0000 0.0000 1.0000 0.0000	</row2>
			<row3>	0.0000 -0.0333 0.0000 1.0000	</row3>
		</transform>
	</node>
	<node>
		<identifier>	MP_IM464_Rangefinder_IGM078	</identifier>
		<parent>	Rotate_Y	</parent>
		<transform>
			<row0>	1.0000 0.0000 0.0000 0.0000	</row0>
			<row1>	0.0000 1.0000 0.0000 0.0000	</row1>
			<row2>	0.0000 0.0000 1.0000 0.0000	</row2>
			<row3>	0.0000 -0.0333 0.0000 1.0000	</row3>
		</transform>
	</node>
	<node>
		<identifier>	MP_IM500_Life_Boat	</identifier>
		<parent>	Rotate_Y	</parent>
		<transform>
			<row0>	-0.0022 -0.1212 0.9926 0.0000	</row0>
			<row1>	0.0000 0.9926 0.1212 0.0000	</row1>
			<row2>	-1.0000 0.0003 -0.0021 0.0000	</row2>
			<row3>	-0.1258 0.1667 0.0811 1.0000	</row3>
		</transform>
	</node>
	<node>
		<identifier>	MP_IM500_Life_Boat_INDEX_1	</identifier>
		<parent>	Rotate_Y	</parent>
		<transform>
			<row0>	0.0000 -0.1227 0.9924 0.0000	</row0>
			<row1>	0.0000 0.9924 0.1227 0.0000	</row1>
			<row2>	-1.0000 0.0000 0.0000 0.0000	</row2>
			<row3>	-0.1258 0.1870 -0.0833 1.0000	</row3>
		</transform>
	</node>
	<node>
		<identifier>	MP_IM500_Life_Boat_INDEX_2	</identifier>
		<parent>	Rotate_Y	</parent>
		<transform>
			<row0>	0.0000 0.1227 -0.9924 0.0000	</row0>
			<row1>	0.0000 0.9924 0.1227 0.0000	</row1>
			<row2>	1.0000 0.0000 0.0000 0.0000	</row2>
			<row3>	0.1259 0.1870 -0.0833 1.0000	</row3>
		</transform>
	</node>
	<node>
		<identifier>	MP_IM500_Life_Boat_INDEX_3	</identifier>
		<parent>	Rotate_Y	</parent>
		<transform>
			<row0>	1.0000 0.0000 0.0000 0.0000	</row0>
			<row1>	0.0000 1.0000 0.0000 0.0000	</row1>
			<row2>	0.0000 0.0000 1.0000 0.0000	</row2>
			<row3>	-0.0925 0.1989 -0.3311 1.0000	</row3>
		</transform>
	</node>
	<node>
		<identifier>	MP_IM500_Life_Boat_INDEX_4	</identifier>
		<parent>	Rotate_Y	</parent>
		<transform>
			<row0>	0.0166 0.1211 -0.9925 0.0000	</row0>
			<row1>	0.0000 0.9926 0.1212 0.0000	</row1>
			<row2>	0.9999 -0.0020 0.0165 0.0000	</row2>
			<row3>	0.1260 0.1667 0.0811 1.0000	</row3>
		</transform>
	</node>
	<node>
		<identifier>	MP_IM500_Life_Boat_INDEX_5	</identifier>
		<parent>	Rotate_Y	</parent>
		<transform>
			<row0>	1.0000 0.0000 0.0000 0.0000	</row0>
			<row1>	0.0000 1.0000 0.0000 0.0000	</row1>
			<row2>	0.0000 0.0000 1.0000 0.0000	</row2>
			<row3>	0.0926 0.1989 -0.3310 1.0000	</row3>
		</transform>
	</node>
	<node>
		<identifier>	SP_YMS101_YGCS_M_1	</identifier>
		<parent>	Rotate_Y	</parent>
		<transform>
			<row0>	0.9504 0.0000 0.0000 0.0000	</row0>
			<row1>	0.0000 0.9504 0.0000 0.0000	</row1>
			<row2>	0.0000 0.0000 0.9504 0.0000	</row2>
			<row3>	0.0843 -0.0087 0.4443 1.0000	</row3>
		</transform>
	</node>
	<node>
		<identifier>	SP_YMS101_YGCS_M_1_INDEX_1	</identifier>
		<parent>	Rotate_Y	</parent>
		<transform>
			<row0>	0.9504 0.0000 0.0000 0.0000	</row0>
			<row1>	0.0000 0.9504 0.0000 0.0000	</row1>
			<row2>	0.0000 0.0000 0.9504 0.0000	</row2>
			<row3>	-0.0843 -0.0087 0.4443 1.0000	</row3>
		</transform>
	</node>
	<node>
		<identifier>	SP_YMS104_YGRS_M_1	</identifier>
		<parent>	Roll_Back1	</parent>
		<transform>
			<row0>	1.0000 0.0000 0.0000 0.0000	</row0>
			<row1>	0.0000 1.0000 0.0000 0.0000	</row1>
			<row2>	0.0000 0.0000 1.0000 0.0000	</row2>
			<row3>	0.0843 0.0000 0.0000 1.0000	</row3>
		</transform>
	</node>
	<node>
		<identifier>	SP_YMS104_YGRS_M_1_INDEX_1	</identifier>
		<parent>	Roll_Back1	</parent>
		<transform>
			<row0>	1.0000 0.0000 0.0000 0.0000	</row0>
			<row1>	0.0000 1.0000 0.0000 0.0000	</row1>
			<row2>	0.0000 0.0000 1.0000 0.0000	</row2>
			<row3>	-0.0843 0.0000 0.0000 1.0000	</row3>
		</transform>
	</node>
	<node>
		<identifier>	SP_YMS106_YGLL_M_1	</identifier>
		<parent>	Rotate_Y	</parent>
		<transform>
			<row0>	1.1426 -0.3589 -0.1725 0.0000	</row0>
			<row1>	0.3532 1.1555 -0.0645 0.0000	</row1>
			<row2>	0.1838 0.0106 1.1959 0.0000	</row2>
			<row3>	-0.2736 0.0793 0.1823 1.0000	</row3>
		</transform>
	</node>
	<node>
		<identifier>	SP_YMS107_YGLR_M_1	</identifier>
		<parent>	Rotate_Y	</parent>
		<transform>
			<row0>	1.1426 0.3589 0.1725 0.0000	</row0>
			<row1>	-0.3532 1.1555 -0.0645 0.0000	</row1>
			<row2>	-0.1838 0.0106 1.1959 0.0000	</row2>
			<row3>	0.2736 0.0793 0.1823 1.0000	</row3>
		</transform>
	</node>
</IGM078_381mm_50_2barrels_M1934.skel_ext>
