<JSC304_Kushiro_1945_MidBack.skel_ext>
	<exported>	true	</exported>
	<node>
		<identifier>	MP_CM011_Fire_Fighting_Gear	</identifier>
		<parent>	Scene Root	</parent>
		<transform>
			<row0>	1.0000 0.0000 0.0000 0.0000	</row0>
			<row1>	0.0000 1.0000 0.0000 0.0000	</row1>
			<row2>	0.0000 0.0000 1.0000 0.0000	</row2>
			<row3>	-0.0341 0.2235 -3.7673 1.0000	</row3>
		</transform>
	</node>
	<node>
		<identifier>	MP_CM011_Fire_Fighting_Gear_INDEX_1	</identifier>
		<parent>	Scene Root	</parent>
		<transform>
			<row0>	1.0000 0.0000 0.0000 0.0000	</row0>
			<row1>	0.0000 1.0000 0.0000 0.0000	</row1>
			<row2>	0.0000 0.0000 1.0000 0.0000	</row2>
			<row3>	0.5958 0.2235 -3.2720 1.0000	</row3>
		</transform>
	</node>
	<node>
		<identifier>	MP_CM011_Fire_Fighting_Gear_INDEX_2	</identifier>
		<parent>	Scene Root	</parent>
		<transform>
			<row0>	1.0000 0.0000 0.0000 0.0000	</row0>
			<row1>	0.0000 1.0000 0.0000 0.0000	</row1>
			<row2>	0.0000 0.0000 1.0000 0.0000	</row2>
			<row3>	-0.5538 0.2235 -3.3436 1.0000	</row3>
		</transform>
	</node>
	<node>
		<identifier>	MP_CM011_Fire_Fighting_Gear_INDEX_3	</identifier>
		<parent>	Scene Root	</parent>
		<transform>
			<row0>	-1.0000 0.0000 0.0000 0.0000	</row0>
			<row1>	0.0000 1.0000 0.0000 0.0000	</row1>
			<row2>	0.0000 0.0000 -1.0000 0.0000	</row2>
			<row3>	-0.0796 0.2235 -2.4329 1.0000	</row3>
		</transform>
	</node>
	<node>
		<identifier>	MP_CM011_Fire_Fighting_Gear_INDEX_4	</identifier>
		<parent>	Scene Root	</parent>
		<transform>
			<row0>	0.0000 0.0000 1.0000 0.0000	</row0>
			<row1>	0.0000 1.0000 0.0000 0.0000	</row1>
			<row2>	-1.0000 0.0000 0.0000 0.0000	</row2>
			<row3>	0.1490 0.2168 -1.2475 1.0000	</row3>
		</transform>
	</node>
	<node>
		<identifier>	MP_CM011_Fire_Fighting_Gear_INDEX_5	</identifier>
		<parent>	Scene Root	</parent>
		<transform>
			<row0>	0.0000 0.0000 -1.0000 0.0000	</row0>
			<row1>	0.0000 1.0000 0.0000 0.0000	</row1>
			<row2>	1.0000 0.0000 0.0000 0.0000	</row2>
			<row3>	-0.1490 0.2168 -1.2475 1.0000	</row3>
		</transform>
	</node>
	<node>
		<identifier>	MP_CM011_Fire_Fighting_Gear_INDEX_6	</identifier>
		<parent>	Scene Root	</parent>
		<transform>
			<row0>	-1.0000 0.0000 0.0000 0.0000	</row0>
			<row1>	0.0000 1.0000 0.0000 0.0000	</row1>
			<row2>	0.0000 0.0000 -1.0000 0.0000	</row2>
			<row3>	-0.3006 0.3962 -1.0946 1.0000	</row3>
		</transform>
	</node>
	<node>
		<identifier>	MP_CM012_Fire_Hose_Rack_1	</identifier>
		<parent>	Scene Root	</parent>
		<transform>
			<row0>	0.0871 0.0000 0.9962 0.0000	</row0>
			<row1>	0.0000 1.0000 0.0000 0.0000	</row1>
			<row2>	-0.9962 0.0000 0.0871 0.0000	</row2>
			<row3>	-0.0166 0.2984 -3.7600 1.0000	</row3>
		</transform>
	</node>
	<node>
		<identifier>	MP_CM012_Fire_Hose_Rack_1_INDEX_1	</identifier>
		<parent>	Scene Root	</parent>
		<transform>
			<row0>	-0.8173 0.0000 0.5762 0.0000	</row0>
			<row1>	0.0000 1.0000 0.0000 0.0000	</row1>
			<row2>	-0.5762 0.0000 -0.8173 0.0000	</row2>
			<row3>	0.5612 0.2934 -3.3010 1.0000	</row3>
		</transform>
	</node>
	<node>
		<identifier>	MP_CM012_Fire_Hose_Rack_1_INDEX_2	</identifier>
		<parent>	Scene Root	</parent>
		<transform>
			<row0>	0.8173 0.0000 0.5762 0.0000	</row0>
			<row1>	0.0000 1.0000 0.0000 0.0000	</row1>
			<row2>	-0.5762 0.0000 0.8173 0.0000	</row2>
			<row3>	-0.5370 0.2974 -3.3353 1.0000	</row3>
		</transform>
	</node>
	<node>
		<identifier>	MP_CM012_Fire_Hose_Rack_1_INDEX_3	</identifier>
		<parent>	Scene Root	</parent>
		<transform>
			<row0>	0.9974 0.0000 0.0723 0.0000	</row0>
			<row1>	0.0000 1.0000 0.0000 0.0000	</row1>
			<row2>	-0.0723 0.0000 0.9974 0.0000	</row2>
			<row3>	-0.1175 0.4836 -0.9409 1.0000	</row3>
		</transform>
	</node>
	<node>
		<identifier>	MP_CM012_Fire_Hose_Rack_1_INDEX_4	</identifier>
		<parent>	Scene Root	</parent>
		<transform>
			<row0>	0.0000 0.0000 -1.0000 0.0000	</row0>
			<row1>	0.0000 1.0000 0.0000 0.0000	</row1>
			<row2>	1.0000 0.0000 0.0000 0.0000	</row2>
			<row3>	-0.0787 0.2934 -2.4402 1.0000	</row3>
		</transform>
	</node>
	<node>
		<identifier>	MP_CM012_Fire_Hose_Rack_1_INDEX_5	</identifier>
		<parent>	Scene Root	</parent>
		<transform>
			<row0>	0.7781 0.0000 -0.6281 0.0000	</row0>
			<row1>	0.0000 1.0000 0.0000 0.0000	</row1>
			<row2>	0.6281 0.0000 0.7781 0.0000	</row2>
			<row3>	-0.1520 0.3007 -1.2783 1.0000	</row3>
		</transform>
	</node>
	<node>
		<identifier>	MP_CM012_Fire_Hose_Rack_1_INDEX_6	</identifier>
		<parent>	Scene Root	</parent>
		<transform>
			<row0>	-0.7781 0.0000 -0.6281 0.0000	</row0>
			<row1>	0.0000 1.0000 0.0000 0.0000	</row1>
			<row2>	0.6281 0.0000 -0.7781 0.0000	</row2>
			<row3>	0.1520 0.3007 -1.2783 1.0000	</row3>
		</transform>
	</node>
	<node>
		<identifier>	MP_CM019_Wood_Box_2	</identifier>
		<parent>	Scene Root	</parent>
		<transform>
			<row0>	0.0000 0.0000 -1.0000 0.0000	</row0>
			<row1>	0.0000 1.0000 0.0000 0.0000	</row1>
			<row2>	1.0000 0.0000 0.0000 0.0000	</row2>
			<row3>	-0.0822 0.5514 -0.1594 1.0000	</row3>
		</transform>
	</node>
	<node>
		<identifier>	MP_CM019_Wood_Box_2_INDEX_1	</identifier>
		<parent>	Scene Root	</parent>
		<transform>
			<row0>	0.0000 0.0000 -1.0000 0.0000	</row0>
			<row1>	0.0000 1.0000 0.0000 0.0000	</row1>
			<row2>	1.0000 0.0000 0.0000 0.0000	</row2>
			<row3>	-0.0822 0.5514 -0.1915 1.0000	</row3>
		</transform>
	</node>
	<node>
		<identifier>	MP_CM019_Wood_Box_2_INDEX_2	</identifier>
		<parent>	Scene Root	</parent>
		<transform>
			<row0>	0.0000 0.0000 1.0000 0.0000	</row0>
			<row1>	0.0000 1.0000 0.0000 0.0000	</row1>
			<row2>	-1.0000 0.0000 0.0000 0.0000	</row2>
			<row3>	0.0822 0.5514 -0.1594 1.0000	</row3>
		</transform>
	</node>
	<node>
		<identifier>	MP_CM019_Wood_Box_2_INDEX_3	</identifier>
		<parent>	Scene Root	</parent>
		<transform>
			<row0>	0.0000 0.0000 1.0000 0.0000	</row0>
			<row1>	0.0000 1.0000 0.0000 0.0000	</row1>
			<row2>	-1.0000 0.0000 0.0000 0.0000	</row2>
			<row3>	0.0822 0.5514 -0.1915 1.0000	</row3>
		</transform>
	</node>
	<node>
		<identifier>	MP_CM029_Emergency_Box	</identifier>
		<parent>	Scene Root	</parent>
		<transform>
			<row0>	0.0516 0.0000 0.9987 0.0000	</row0>
			<row1>	0.0000 1.0000 0.0000 0.0000	</row1>
			<row2>	-0.9987 0.0000 0.0516 0.0000	</row2>
			<row3>	0.1351 0.4725 -0.7324 1.0000	</row3>
		</transform>
	</node>
	<node>
		<identifier>	MP_CM029_Emergency_Box_INDEX_1	</identifier>
		<parent>	Scene Root	</parent>
		<transform>
			<row0>	0.0516 0.0000 -0.9987 0.0000	</row0>
			<row1>	0.0000 1.0000 0.0000 0.0000	</row1>
			<row2>	0.9987 0.0000 0.0516 0.0000	</row2>
			<row3>	-0.1351 0.4725 -0.7324 1.0000	</row3>
		</transform>
	</node>
	<node>
		<identifier>	MP_CM029_Emergency_Box_INDEX_2	</identifier>
		<parent>	Scene Root	</parent>
		<transform>
			<row0>	0.5700 0.0000 -0.8217 0.0000	</row0>
			<row1>	0.0000 1.0000 0.0000 0.0000	</row1>
			<row2>	0.8217 0.0000 0.5700 0.0000	</row2>
			<row3>	-0.3851 0.2989 -3.5630 1.0000	</row3>
		</transform>
	</node>
	<node>
		<identifier>	MP_CM029_Emergency_Box_INDEX_3	</identifier>
		<parent>	Scene Root	</parent>
		<transform>
			<row0>	0.5700 0.0000 0.8217 0.0000	</row0>
			<row1>	0.0000 1.0000 0.0000 0.0000	</row1>
			<row2>	-0.8217 0.0000 0.5700 0.0000	</row2>
			<row3>	0.3851 0.2989 -3.5630 1.0000	</row3>
		</transform>
	</node>
	<node>
		<identifier>	MP_CM029_Emergency_Box_INDEX_4	</identifier>
		<parent>	Scene Root	</parent>
		<transform>
			<row0>	0.0000 0.0000 1.0000 0.0000	</row0>
			<row1>	0.0000 1.0000 0.0000 0.0000	</row1>
			<row2>	-1.0000 0.0000 0.0000 0.0000	</row2>
			<row3>	0.1719 0.2973 -0.7712 1.0000	</row3>
		</transform>
	</node>
	<node>
		<identifier>	MP_CM029_Emergency_Box_INDEX_5	</identifier>
		<parent>	Scene Root	</parent>
		<transform>
			<row0>	0.0000 0.0000 -1.0000 0.0000	</row0>
			<row1>	0.0000 1.0000 0.0000 0.0000	</row1>
			<row2>	1.0000 0.0000 0.0000 0.0000	</row2>
			<row3>	-0.1719 0.2973 -0.7712 1.0000	</row3>
		</transform>
	</node>
	<node>
		<identifier>	MP_CM029_Emergency_Box_INDEX_6	</identifier>
		<parent>	Scene Root	</parent>
		<transform>
			<row0>	-1.0000 0.0000 0.0000 0.0000	</row0>
			<row1>	0.0000 1.0000 0.0000 0.0000	</row1>
			<row2>	0.0000 0.0000 -1.0000 0.0000	</row2>
			<row3>	0.0591 0.2973 -2.4343 1.0000	</row3>
		</transform>
	</node>
	<node>
		<identifier>	MP_JM010_Deck_Lamp	</identifier>
		<parent>	Scene Root	</parent>
		<transform>
			<row0>	0.0000 0.0000 -1.0000 0.0000	</row0>
			<row1>	0.0000 1.0000 0.0000 0.0000	</row1>
			<row2>	1.0000 0.0000 0.0000 0.0000	</row2>
			<row3>	0.0487 1.1070 -2.8676 1.0000	</row3>
		</transform>
	</node>
	<node>
		<identifier>	MP_JM010_Deck_Lamp_INDEX_1	</identifier>
		<parent>	Scene Root	</parent>
		<transform>
			<row0>	0.0000 0.0000 1.0000 0.0000	</row0>
			<row1>	0.0000 1.0000 0.0000 0.0000	</row1>
			<row2>	-1.0000 0.0000 0.0000 0.0000	</row2>
			<row3>	-0.0487 1.1070 -2.8676 1.0000	</row3>
		</transform>
	</node>
	<node>
		<identifier>	MP_JM011_Day_Light	</identifier>
		<parent>	Scene Root	</parent>
		<transform>
			<row0>	1.0000 0.0000 0.0000 0.0000	</row0>
			<row1>	0.0000 1.0000 0.0000 0.0000	</row1>
			<row2>	0.0000 0.0000 1.0000 0.0000	</row2>
			<row3>	-0.1238 1.4972 -2.8914 1.0000	</row3>
		</transform>
	</node>
	<node>
		<identifier>	MP_JM013_Reels_1	</identifier>
		<parent>	Scene Root	</parent>
		<transform>
			<row0>	0.7664 0.0000 -0.6424 0.0000	</row0>
			<row1>	0.0000 1.0000 0.0000 0.0000	</row1>
			<row2>	0.6424 0.0000 0.7664 0.0000	</row2>
			<row3>	0.1840 0.2214 -3.7391 1.0000	</row3>
		</transform>
	</node>
	<node>
		<identifier>	MP_JM018_Ventilators_2	</identifier>
		<parent>	Scene Root	</parent>
		<transform>
			<row0>	-0.7682 0.0000 0.6402 0.0000	</row0>
			<row1>	0.0000 1.0000 0.0000 0.0000	</row1>
			<row2>	-0.6402 0.0000 -0.7682 0.0000	</row2>
			<row3>	0.0247 0.2222 -4.0548 1.0000	</row3>
		</transform>
	</node>
	<node>
		<identifier>	MP_JM018_Ventilators_2_INDEX_1	</identifier>
		<parent>	Scene Root	</parent>
		<transform>
			<row0>	-1.0000 0.0000 0.0000 0.0000	</row0>
			<row1>	0.0000 1.0000 0.0000 0.0000	</row1>
			<row2>	0.0000 0.0000 -1.0000 0.0000	</row2>
			<row3>	-0.2229 0.3901 -3.1949 1.0000	</row3>
		</transform>
	</node>
	<node>
		<identifier>	MP_JM019_Ventilators_3	</identifier>
		<parent>	Scene Root	</parent>
		<transform>
			<row0>	1.0000 0.0000 0.0000 0.0000	</row0>
			<row1>	0.0000 1.0000 0.0000 0.0000	</row1>
			<row2>	0.0000 0.0000 1.0000 0.0000	</row2>
			<row3>	-0.6144 0.2200 -4.2676 1.0000	</row3>
		</transform>
	</node>
	<node>
		<identifier>	MP_JM019_Ventilators_3_INDEX_1	</identifier>
		<parent>	Scene Root	</parent>
		<transform>
			<row0>	1.0000 0.0000 0.0000 0.0000	</row0>
			<row1>	0.0000 1.0000 0.0000 0.0000	</row1>
			<row2>	0.0000 0.0000 1.0000 0.0000	</row2>
			<row3>	-0.6044 0.2209 -4.1114 1.0000	</row3>
		</transform>
	</node>
	<node>
		<identifier>	MP_JM019_Ventilators_3_INDEX_10	</identifier>
		<parent>	Scene Root	</parent>
		<transform>
			<row0>	1.0000 0.0000 0.0000 0.0000	</row0>
			<row1>	0.0000 1.0000 0.0000 0.0000	</row1>
			<row2>	0.0000 0.0000 1.0000 0.0000	</row2>
			<row3>	-0.2223 0.3901 -3.1009 1.0000	</row3>
		</transform>
	</node>
	<node>
		<identifier>	MP_JM019_Ventilators_3_INDEX_11	</identifier>
		<parent>	Scene Root	</parent>
		<transform>
			<row0>	-0.8480 0.0000 0.5300 0.0000	</row0>
			<row1>	0.0000 1.0000 0.0000 0.0000	</row1>
			<row2>	-0.5300 0.0000 -0.8480 0.0000	</row2>
			<row3>	-0.2157 0.3901 -3.2871 1.0000	</row3>
		</transform>
	</node>
	<node>
		<identifier>	MP_JM019_Ventilators_3_INDEX_12	</identifier>
		<parent>	Scene Root	</parent>
		<transform>
			<row0>	-1.0000 0.0000 -0.0071 0.0000	</row0>
			<row1>	0.0000 1.0000 0.0000 0.0000	</row1>
			<row2>	0.0071 0.0000 -1.0000 0.0000	</row2>
			<row3>	0.2146 0.3901 -3.1398 1.0000	</row3>
		</transform>
	</node>
	<node>
		<identifier>	MP_JM019_Ventilators_3_INDEX_13	</identifier>
		<parent>	Scene Root	</parent>
		<transform>
			<row0>	-0.8671 0.0000 -0.4982 0.0000	</row0>
			<row1>	0.0000 1.0000 0.0000 0.0000	</row1>
			<row2>	0.4982 0.0000 -0.8671 0.0000	</row2>
			<row3>	-0.2124 0.3901 -3.1367 1.0000	</row3>
		</transform>
	</node>
	<node>
		<identifier>	MP_JM019_Ventilators_3_INDEX_14	</identifier>
		<parent>	Scene Root	</parent>
		<transform>
			<row0>	-0.6457 0.0000 -0.7636 0.0000	</row0>
			<row1>	0.0000 1.0000 0.0000 0.0000	</row1>
			<row2>	0.7636 0.0000 -0.6457 0.0000	</row2>
			<row3>	0.1911 0.3901 -3.2520 1.0000	</row3>
		</transform>
	</node>
	<node>
		<identifier>	MP_JM019_Ventilators_3_INDEX_15	</identifier>
		<parent>	Scene Root	</parent>
		<transform>
			<row0>	1.0000 0.0000 0.0000 0.0000	</row0>
			<row1>	0.0000 1.0000 0.0000 0.0000	</row1>
			<row2>	0.0000 0.0000 1.0000 0.0000	</row2>
			<row3>	0.0255 0.3901 -2.2387 1.0000	</row3>
		</transform>
	</node>
	<node>
		<identifier>	MP_JM019_Ventilators_3_INDEX_16	</identifier>
		<parent>	Scene Root	</parent>
		<transform>
			<row0>	0.9709 0.0000 0.2395 0.0000	</row0>
			<row1>	0.0000 1.0000 0.0000 0.0000	</row1>
			<row2>	-0.2395 0.0000 0.9709 0.0000	</row2>
			<row3>	-0.2594 0.3901 -1.0809 1.0000	</row3>
		</transform>
	</node>
	<node>
		<identifier>	MP_JM019_Ventilators_3_INDEX_17	</identifier>
		<parent>	Scene Root	</parent>
		<transform>
			<row0>	0.5670 0.0000 -0.8237 0.0000	</row0>
			<row1>	0.0000 1.0000 0.0000 0.0000	</row1>
			<row2>	0.8237 0.0000 0.5670 0.0000	</row2>
			<row3>	0.1556 0.3901 -0.9210 1.0000	</row3>
		</transform>
	</node>
	<node>
		<identifier>	MP_JM019_Ventilators_3_INDEX_18	</identifier>
		<parent>	Scene Root	</parent>
		<transform>
			<row0>	0.6945 0.0000 -0.7195 0.0000	</row0>
			<row1>	0.0000 1.0000 0.0000 0.0000	</row1>
			<row2>	0.7195 0.0000 0.6945 0.0000	</row2>
			<row3>	0.1552 0.3901 -0.8820 1.0000	</row3>
		</transform>
	</node>
	<node>
		<identifier>	MP_JM019_Ventilators_3_INDEX_19	</identifier>
		<parent>	Scene Root	</parent>
		<transform>
			<row0>	-0.7901 0.0000 -0.6129 0.0000	</row0>
			<row1>	0.0000 1.0000 0.0000 0.0000	</row1>
			<row2>	0.6129 0.0000 -0.7901 0.0000	</row2>
			<row3>	-0.1606 0.3901 -0.9418 1.0000	</row3>
		</transform>
	</node>
	<node>
		<identifier>	MP_JM019_Ventilators_3_INDEX_2	</identifier>
		<parent>	Scene Root	</parent>
		<transform>
			<row0>	1.0000 0.0000 0.0000 0.0000	</row0>
			<row1>	0.0000 1.0000 0.0000 0.0000	</row1>
			<row2>	0.0000 0.0000 1.0000 0.0000	</row2>
			<row3>	-0.6025 0.2209 -4.1770 1.0000	</row3>
		</transform>
	</node>
	<node>
		<identifier>	MP_JM019_Ventilators_3_INDEX_20	</identifier>
		<parent>	Scene Root	</parent>
		<transform>
			<row0>	-0.7901 0.0000 -0.6129 0.0000	</row0>
			<row1>	0.0000 1.0000 0.0000 0.0000	</row1>
			<row2>	0.6129 0.0000 -0.7901 0.0000	</row2>
			<row3>	-0.1594 0.3901 -0.9058 1.0000	</row3>
		</transform>
	</node>
	<node>
		<identifier>	MP_JM019_Ventilators_3_INDEX_3	</identifier>
		<parent>	Scene Root	</parent>
		<transform>
			<row0>	-0.6162 0.0000 0.7876 0.0000	</row0>
			<row1>	0.0000 1.0000 0.0000 0.0000	</row1>
			<row2>	-0.7876 0.0000 -0.6162 0.0000	</row2>
			<row3>	0.0157 0.2222 -4.0123 1.0000	</row3>
		</transform>
	</node>
	<node>
		<identifier>	MP_JM019_Ventilators_3_INDEX_4	</identifier>
		<parent>	Scene Root	</parent>
		<transform>
			<row0>	1.0000 0.0000 0.0000 0.0000	</row0>
			<row1>	0.0000 1.0000 0.0000 0.0000	</row1>
			<row2>	0.0000 0.0000 1.0000 0.0000	</row2>
			<row3>	-0.0259 0.2222 -4.0073 1.0000	</row3>
		</transform>
	</node>
	<node>
		<identifier>	MP_JM019_Ventilators_3_INDEX_5	</identifier>
		<parent>	Scene Root	</parent>
		<transform>
			<row0>	-1.0000 0.0000 -0.0071 0.0000	</row0>
			<row1>	0.0000 1.0000 0.0000 0.0000	</row1>
			<row2>	0.0071 0.0000 -1.0000 0.0000	</row2>
			<row3>	-0.0955 0.2222 -3.8701 1.0000	</row3>
		</transform>
	</node>
	<node>
		<identifier>	MP_JM019_Ventilators_3_INDEX_6	</identifier>
		<parent>	Scene Root	</parent>
		<transform>
			<row0>	0.8660 0.0000 0.5000 0.0000	</row0>
			<row1>	0.0000 1.0000 0.0000 0.0000	</row1>
			<row2>	-0.5000 0.0000 0.8660 0.0000	</row2>
			<row3>	-0.5209 0.3901 -2.9523 1.0000	</row3>
		</transform>
	</node>
	<node>
		<identifier>	MP_JM019_Ventilators_3_INDEX_7	</identifier>
		<parent>	Scene Root	</parent>
		<transform>
			<row0>	-1.0000 0.0000 -0.0071 0.0000	</row0>
			<row1>	0.0000 1.0000 0.0000 0.0000	</row1>
			<row2>	0.0071 0.0000 -1.0000 0.0000	</row2>
			<row3>	-0.1695 0.3901 -3.2942 1.0000	</row3>
		</transform>
	</node>
	<node>
		<identifier>	MP_JM019_Ventilators_3_INDEX_8	</identifier>
		<parent>	Scene Root	</parent>
		<transform>
			<row0>	-0.6457 0.0000 -0.7636 0.0000	</row0>
			<row1>	0.0000 1.0000 0.0000 0.0000	</row1>
			<row2>	0.7636 0.0000 -0.6457 0.0000	</row2>
			<row3>	0.1677 0.3901 -3.2899 1.0000	</row3>
		</transform>
	</node>
	<node>
		<identifier>	MP_JM019_Ventilators_3_INDEX_9	</identifier>
		<parent>	Scene Root	</parent>
		<transform>
			<row0>	-1.0000 0.0000 -0.0071 0.0000	</row0>
			<row1>	0.0000 1.0000 0.0000 0.0000	</row1>
			<row2>	0.0071 0.0000 -1.0000 0.0000	</row2>
			<row3>	0.0769 0.3901 -2.9589 1.0000	</row3>
		</transform>
	</node>
	<node>
		<identifier>	MP_JM023_Ventilators_7	</identifier>
		<parent>	Scene Root	</parent>
		<transform>
			<row0>	0.4643 0.0000 0.8857 0.0000	</row0>
			<row1>	0.0000 1.0000 0.0000 0.0000	</row1>
			<row2>	-0.8857 0.0000 0.4643 0.0000	</row2>
			<row3>	-0.1797 0.2222 -3.8240 1.0000	</row3>
		</transform>
	</node>
	<node>
		<identifier>	MP_JM028_Deck_Winch_1	</identifier>
		<parent>	Scene Root	</parent>
		<transform>
			<row0>	0.0000 0.0000 1.0000 0.0000	</row0>
			<row1>	0.0000 1.0000 0.0000 0.0000	</row1>
			<row2>	-1.0000 0.0000 0.0000 0.0000	</row2>
			<row3>	-0.2227 0.2244 -3.6846 1.0000	</row3>
		</transform>
	</node>
	<node>
		<identifier>	MP_JM028_Deck_Winch_1_INDEX_1	</identifier>
		<parent>	Scene Root	</parent>
		<transform>
			<row0>	0.8447 0.0000 0.5352 0.0000	</row0>
			<row1>	0.0000 1.0000 0.0000 0.0000	</row1>
			<row2>	-0.5352 0.0000 0.8447 0.0000	</row2>
			<row3>	-0.5622 0.2245 -3.4299 1.0000	</row3>
		</transform>
	</node>
	<node>
		<identifier>	MP_JM028_Deck_Winch_1_INDEX_2	</identifier>
		<parent>	Scene Root	</parent>
		<transform>
			<row0>	0.0000 0.0000 0.6819 0.0000	</row0>
			<row1>	0.0000 0.6819 0.0000 0.0000	</row1>
			<row2>	-0.6819 0.0000 0.0000 0.0000	</row2>
			<row3>	-0.2853 0.2240 -3.1415 1.0000	</row3>
		</transform>
	</node>
	<node>
		<identifier>	MP_JM028_Deck_Winch_1_INDEX_3	</identifier>
		<parent>	Scene Root	</parent>
		<transform>
			<row0>	0.0000 0.0000 -0.6819 0.0000	</row0>
			<row1>	0.0000 0.6819 0.0000 0.0000	</row1>
			<row2>	0.6819 0.0000 0.0000 0.0000	</row2>
			<row3>	0.2836 0.2240 -3.1415 1.0000	</row3>
		</transform>
	</node>
	<node>
		<identifier>	MP_JM028_Deck_Winch_1_INDEX_4	</identifier>
		<parent>	Scene Root	</parent>
		<transform>
			<row0>	0.8447 0.0000 -0.5352 0.0000	</row0>
			<row1>	0.0000 1.0000 0.0000 0.0000	</row1>
			<row2>	0.5352 0.0000 0.8447 0.0000	</row2>
			<row3>	0.5332 0.2245 -3.4127 1.0000	</row3>
		</transform>
	</node>
	<node>
		<identifier>	MP_JM032_Electric_Deck_Winch	</identifier>
		<parent>	Scene Root	</parent>
		<transform>
			<row0>	0.0000 0.0000 1.0000 0.0000	</row0>
			<row1>	0.0000 1.0000 0.0000 0.0000	</row1>
			<row2>	-1.0000 0.0000 0.0000 0.0000	</row2>
			<row3>	0.2630 0.2217 -3.9593 1.0000	</row3>
		</transform>
	</node>
	<node>
		<identifier>	MP_JM032_Electric_Deck_Winch_INDEX_1	</identifier>
		<parent>	Scene Root	</parent>
		<transform>
			<row0>	0.0000 0.0000 -1.0000 0.0000	</row0>
			<row1>	0.0000 1.0000 0.0000 0.0000	</row1>
			<row2>	1.0000 0.0000 0.0000 0.0000	</row2>
			<row3>	-0.2902 0.2226 -3.8930 1.0000	</row3>
		</transform>
	</node>
	<node>
		<identifier>	MP_JM036_Dinghy_8m	</identifier>
		<parent>	Scene Root	</parent>
		<transform>
			<row0>	0.9891 0.0000 0.1476 0.0000	</row0>
			<row1>	0.0000 1.0000 0.0000 0.0000	</row1>
			<row2>	-0.1476 0.0000 0.9891 0.0000	</row2>
			<row3>	-0.3068 0.4081 -1.8085 1.0000	</row3>
		</transform>
	</node>
	<node>
		<identifier>	MP_JM036_Dinghy_8m_INDEX_1	</identifier>
		<parent>	Scene Root	</parent>
		<transform>
			<row0>	0.9891 0.0000 -0.1476 0.0000	</row0>
			<row1>	0.0000 1.0000 0.0000 0.0000	</row1>
			<row2>	0.1476 0.0000 0.9891 0.0000	</row2>
			<row3>	0.3068 0.4081 -1.8085 1.0000	</row3>
		</transform>
	</node>
	<node>
		<identifier>	MP_JM039_Motor_Launch_12m	</identifier>
		<parent>	Scene Root	</parent>
		<transform>
			<row0>	-0.0221 0.0000 0.9998 0.0000	</row0>
			<row1>	0.0000 1.0000 0.0000 0.0000	</row1>
			<row2>	-0.9998 0.0000 -0.0221 0.0000	</row2>
			<row3>	-0.1069 0.4077 -1.7839 1.0000	</row3>
		</transform>
	</node>
	<node>
		<identifier>	MP_JM039_Motor_Launch_12m_INDEX_1	</identifier>
		<parent>	Scene Root	</parent>
		<transform>
			<row0>	0.0221 0.0000 0.9998 0.0000	</row0>
			<row1>	0.0000 1.0000 0.0000 0.0000	</row1>
			<row2>	-0.9998 0.0000 0.0221 0.0000	</row2>
			<row3>	0.1069 0.4077 -1.7839 1.0000	</row3>
		</transform>
	</node>
	<node>
		<identifier>	MP_JM055_Deck_Hatch_4	</identifier>
		<parent>	Scene Root	</parent>
		<transform>
			<row0>	0.0000 0.0000 0.5173 0.0000	</row0>
			<row1>	0.0000 0.5173 0.0000 0.0000	</row1>
			<row2>	-0.5173 0.0000 0.0000 0.0000	</row2>
			<row3>	-0.1215 0.2229 -3.9939 1.0000	</row3>
		</transform>
	</node>
	<node>
		<identifier>	MP_JM055_Deck_Hatch_4_INDEX_1	</identifier>
		<parent>	Scene Root	</parent>
		<transform>
			<row0>	0.0000 0.0000 -0.5173 0.0000	</row0>
			<row1>	0.0000 0.5173 0.0000 0.0000	</row1>
			<row2>	0.5173 0.0000 0.0000 0.0000	</row2>
			<row3>	-0.4000 0.2230 -3.6402 1.0000	</row3>
		</transform>
	</node>
	<node>
		<identifier>	MP_JM055_Deck_Hatch_4_INDEX_10	</identifier>
		<parent>	Scene Root	</parent>
		<transform>
			<row0>	0.0000 0.0000 0.5173 0.0000	</row0>
			<row1>	0.0000 0.5173 0.0000 0.0000	</row1>
			<row2>	-0.5173 0.0000 0.0000 0.0000	</row2>
			<row3>	-0.0670 0.3900 -2.2399 1.0000	</row3>
		</transform>
	</node>
	<node>
		<identifier>	MP_JM055_Deck_Hatch_4_INDEX_11	</identifier>
		<parent>	Scene Root	</parent>
		<transform>
			<row0>	0.0000 0.0000 0.5173 0.0000	</row0>
			<row1>	0.0000 0.5173 0.0000 0.0000	</row1>
			<row2>	-0.5173 0.0000 0.0000 0.0000	</row2>
			<row3>	-0.1833 0.3900 -0.4692 1.0000	</row3>
		</transform>
	</node>
	<node>
		<identifier>	MP_JM055_Deck_Hatch_4_INDEX_12	</identifier>
		<parent>	Scene Root	</parent>
		<transform>
			<row0>	0.0000 0.0000 -0.5173 0.0000	</row0>
			<row1>	0.0000 0.5173 0.0000 0.0000	</row1>
			<row2>	0.5173 0.0000 0.0000 0.0000	</row2>
			<row3>	0.1833 0.3900 -0.4692 1.0000	</row3>
		</transform>
	</node>
	<node>
		<identifier>	MP_JM055_Deck_Hatch_4_INDEX_13	</identifier>
		<parent>	Scene Root	</parent>
		<transform>
			<row0>	-0.5173 0.0000 0.0000 0.0000	</row0>
			<row1>	0.0000 0.5173 0.0000 0.0000	</row1>
			<row2>	0.0000 0.0000 -0.5173 0.0000	</row2>
			<row3>	0.0454 0.3900 -1.0710 1.0000	</row3>
		</transform>
	</node>
	<node>
		<identifier>	MP_JM055_Deck_Hatch_4_INDEX_14	</identifier>
		<parent>	Scene Root	</parent>
		<transform>
			<row0>	-0.5173 0.0000 0.0000 0.0000	</row0>
			<row1>	0.0000 0.5173 0.0000 0.0000	</row1>
			<row2>	0.0000 0.0000 -0.5173 0.0000	</row2>
			<row3>	-0.0454 0.3900 -1.0710 1.0000	</row3>
		</transform>
	</node>
	<node>
		<identifier>	MP_JM055_Deck_Hatch_4_INDEX_2	</identifier>
		<parent>	Scene Root	</parent>
		<transform>
			<row0>	0.0000 0.0000 0.5173 0.0000	</row0>
			<row1>	0.0000 0.5173 0.0000 0.0000	</row1>
			<row2>	-0.5173 0.0000 0.0000 0.0000	</row2>
			<row3>	0.4000 0.2228 -3.6387 1.0000	</row3>
		</transform>
	</node>
	<node>
		<identifier>	MP_JM055_Deck_Hatch_4_INDEX_3	</identifier>
		<parent>	Scene Root	</parent>
		<transform>
			<row0>	0.0000 0.0000 0.5173 0.0000	</row0>
			<row1>	0.0000 0.5173 0.0000 0.0000	</row1>
			<row2>	-0.5173 0.0000 0.0000 0.0000	</row2>
			<row3>	0.0698 0.2229 -3.9676 1.0000	</row3>
		</transform>
	</node>
	<node>
		<identifier>	MP_JM055_Deck_Hatch_4_INDEX_4	</identifier>
		<parent>	Scene Root	</parent>
		<transform>
			<row0>	0.0000 0.0000 0.5173 0.0000	</row0>
			<row1>	0.0000 0.5173 0.0000 0.0000	</row1>
			<row2>	-0.5173 0.0000 0.0000 0.0000	</row2>
			<row3>	-0.1189 0.3900 -2.9473 1.0000	</row3>
		</transform>
	</node>
	<node>
		<identifier>	MP_JM055_Deck_Hatch_4_INDEX_5	</identifier>
		<parent>	Scene Root	</parent>
		<transform>
			<row0>	0.0000 0.0000 0.5173 0.0000	</row0>
			<row1>	0.0000 0.5173 0.0000 0.0000	</row1>
			<row2>	-0.5173 0.0000 0.0000 0.0000	</row2>
			<row3>	-0.0733 0.3900 -3.2486 1.0000	</row3>
		</transform>
	</node>
	<node>
		<identifier>	MP_JM055_Deck_Hatch_4_INDEX_6	</identifier>
		<parent>	Scene Root	</parent>
		<transform>
			<row0>	0.0000 0.0000 0.5173 0.0000	</row0>
			<row1>	0.0000 0.5173 0.0000 0.0000	</row1>
			<row2>	-0.5173 0.0000 0.0000 0.0000	</row2>
			<row3>	-0.3147 0.3900 -2.9473 1.0000	</row3>
		</transform>
	</node>
	<node>
		<identifier>	MP_JM055_Deck_Hatch_4_INDEX_7	</identifier>
		<parent>	Scene Root	</parent>
		<transform>
			<row0>	0.0000 0.0000 -0.5173 0.0000	</row0>
			<row1>	0.0000 0.5173 0.0000 0.0000	</row1>
			<row2>	0.5173 0.0000 0.0000 0.0000	</row2>
			<row3>	0.1189 0.3900 -2.9473 1.0000	</row3>
		</transform>
	</node>
	<node>
		<identifier>	MP_JM055_Deck_Hatch_4_INDEX_8	</identifier>
		<parent>	Scene Root	</parent>
		<transform>
			<row0>	0.0000 0.0000 -0.5173 0.0000	</row0>
			<row1>	0.0000 0.5173 0.0000 0.0000	</row1>
			<row2>	0.5173 0.0000 0.0000 0.0000	</row2>
			<row3>	0.0733 0.3900 -3.2486 1.0000	</row3>
		</transform>
	</node>
	<node>
		<identifier>	MP_JM055_Deck_Hatch_4_INDEX_9	</identifier>
		<parent>	Scene Root	</parent>
		<transform>
			<row0>	0.0000 0.0000 -0.5173 0.0000	</row0>
			<row1>	0.0000 0.5173 0.0000 0.0000	</row1>
			<row2>	0.5173 0.0000 0.0000 0.0000	</row2>
			<row3>	0.0670 0.3900 -2.2399 1.0000	</row3>
		</transform>
	</node>
	<node>
		<identifier>	MP_JM058_Deck_Hatch_7	</identifier>
		<parent>	Scene Root	</parent>
		<transform>
			<row0>	1.0000 0.0000 0.0000 0.0000	</row0>
			<row1>	0.0000 1.0000 0.0000 0.0000	</row1>
			<row2>	0.0000 0.0000 1.0000 0.0000	</row2>
			<row3>	-0.1929 0.4707 -1.1172 1.0000	</row3>
		</transform>
	</node>
	<node>
		<identifier>	MP_JM058_Deck_Hatch_7_INDEX_1	</identifier>
		<parent>	Scene Root	</parent>
		<transform>
			<row0>	1.0000 0.0000 0.0000 0.0000	</row0>
			<row1>	0.0000 1.0000 0.0000 0.0000	</row1>
			<row2>	0.0000 0.0000 1.0000 0.0000	</row2>
			<row3>	-0.1319 0.4707 -1.1172 1.0000	</row3>
		</transform>
	</node>
	<node>
		<identifier>	MP_JM058_Deck_Hatch_7_INDEX_10	</identifier>
		<parent>	Scene Root	</parent>
		<transform>
			<row0>	0.8331 0.0000 -0.5532 0.0000	</row0>
			<row1>	0.0000 1.0000 0.0000 0.0000	</row1>
			<row2>	0.5532 0.0000 0.8331 0.0000	</row2>
			<row3>	-0.1585 0.6598 -0.0734 1.0000	</row3>
		</transform>
	</node>
	<node>
		<identifier>	MP_JM058_Deck_Hatch_7_INDEX_11	</identifier>
		<parent>	Scene Root	</parent>
		<transform>
			<row0>	0.8331 0.0000 -0.5532 0.0000	</row0>
			<row1>	0.0000 1.0000 0.0000 0.0000	</row1>
			<row2>	0.5532 0.0000 0.8331 0.0000	</row2>
			<row3>	-0.2080 0.6598 -0.0400 1.0000	</row3>
		</transform>
	</node>
	<node>
		<identifier>	MP_JM058_Deck_Hatch_7_INDEX_12	</identifier>
		<parent>	Scene Root	</parent>
		<transform>
			<row0>	0.0000 0.0000 1.2499 0.0000	</row0>
			<row1>	0.0000 1.2499 0.0000 0.0000	</row1>
			<row2>	-1.2499 0.0000 0.0000 0.0000	</row2>
			<row3>	0.1491 0.3912 -0.7428 1.0000	</row3>
		</transform>
	</node>
	<node>
		<identifier>	MP_JM058_Deck_Hatch_7_INDEX_13	</identifier>
		<parent>	Scene Root	</parent>
		<transform>
			<row0>	0.0000 0.0000 -1.2499 0.0000	</row0>
			<row1>	0.0000 1.2499 0.0000 0.0000	</row1>
			<row2>	1.2499 0.0000 0.0000 0.0000	</row2>
			<row3>	-0.1524 0.3912 -0.7428 1.0000	</row3>
		</transform>
	</node>
	<node>
		<identifier>	MP_JM058_Deck_Hatch_7_INDEX_2	</identifier>
		<parent>	Scene Root	</parent>
		<transform>
			<row0>	1.0000 0.0000 0.0000 0.0000	</row0>
			<row1>	0.0000 1.0000 0.0000 0.0000	</row1>
			<row2>	0.0000 0.0000 1.0000 0.0000	</row2>
			<row3>	0.1319 0.4707 -1.1172 1.0000	</row3>
		</transform>
	</node>
	<node>
		<identifier>	MP_JM058_Deck_Hatch_7_INDEX_3	</identifier>
		<parent>	Scene Root	</parent>
		<transform>
			<row0>	1.0000 0.0000 0.0000 0.0000	</row0>
			<row1>	0.0000 1.0000 0.0000 0.0000	</row1>
			<row2>	0.0000 0.0000 1.0000 0.0000	</row2>
			<row3>	0.1929 0.4707 -1.1172 1.0000	</row3>
		</transform>
	</node>
	<node>
		<identifier>	MP_JM058_Deck_Hatch_7_INDEX_4	</identifier>
		<parent>	Scene Root	</parent>
		<transform>
			<row0>	-1.2499 0.0000 0.0000 0.0000	</row0>
			<row1>	0.0000 1.2499 0.0000 0.0000	</row1>
			<row2>	0.0000 0.0000 -1.2499 0.0000	</row2>
			<row3>	0.2340 0.3912 -0.0135 1.0000	</row3>
		</transform>
	</node>
	<node>
		<identifier>	MP_JM058_Deck_Hatch_7_INDEX_5	</identifier>
		<parent>	Scene Root	</parent>
		<transform>
			<row0>	-1.2499 0.0000 0.0000 0.0000	</row0>
			<row1>	0.0000 1.2499 0.0000 0.0000	</row1>
			<row2>	0.0000 0.0000 -1.2499 0.0000	</row2>
			<row3>	-0.2340 0.3912 -0.0135 1.0000	</row3>
		</transform>
	</node>
	<node>
		<identifier>	MP_JM058_Deck_Hatch_7_INDEX_6	</identifier>
		<parent>	Scene Root	</parent>
		<transform>
			<row0>	0.0000 0.0000 1.2499 0.0000	</row0>
			<row1>	0.0000 1.2499 0.0000 0.0000	</row1>
			<row2>	-1.2499 0.0000 0.0000 0.0000	</row2>
			<row3>	-0.6291 0.3912 -0.9294 1.0000	</row3>
		</transform>
	</node>
	<node>
		<identifier>	MP_JM058_Deck_Hatch_7_INDEX_7	</identifier>
		<parent>	Scene Root	</parent>
		<transform>
			<row0>	0.0000 0.0000 -1.2499 0.0000	</row0>
			<row1>	0.0000 1.2499 0.0000 0.0000	</row1>
			<row2>	1.2499 0.0000 0.0000 0.0000	</row2>
			<row3>	0.6273 0.3912 -0.9289 1.0000	</row3>
		</transform>
	</node>
	<node>
		<identifier>	MP_JM058_Deck_Hatch_7_INDEX_8	</identifier>
		<parent>	Scene Root	</parent>
		<transform>
			<row0>	0.8331 0.0000 0.5532 0.0000	</row0>
			<row1>	0.0000 1.0000 0.0000 0.0000	</row1>
			<row2>	-0.5532 0.0000 0.8331 0.0000	</row2>
			<row3>	0.2080 0.6598 -0.0400 1.0000	</row3>
		</transform>
	</node>
	<node>
		<identifier>	MP_JM058_Deck_Hatch_7_INDEX_9	</identifier>
		<parent>	Scene Root	</parent>
		<transform>
			<row0>	0.8331 0.0000 0.5532 0.0000	</row0>
			<row1>	0.0000 1.0000 0.0000 0.0000	</row1>
			<row2>	-0.5532 0.0000 0.8331 0.0000	</row2>
			<row3>	0.1585 0.6598 -0.0734 1.0000	</row3>
		</transform>
	</node>
	<node>
		<identifier>	MP_JM062_Deck_Hatch_11	</identifier>
		<parent>	Scene Root	</parent>
		<transform>
			<row0>	-0.6830 0.0000 0.0000 0.0000	</row0>
			<row1>	0.0000 0.6830 0.0000 0.0000	</row1>
			<row2>	0.0000 0.0000 -0.6830 0.0000	</row2>
			<row3>	0.0735 0.2223 -4.0545 1.0000	</row3>
		</transform>
	</node>
	<node>
		<identifier>	MP_JM109_Deck_Hatch_11	</identifier>
		<parent>	Scene Root	</parent>
		<transform>
			<row0>	0.0000 0.0000 1.0000 0.0000	</row0>
			<row1>	0.0000 1.0000 0.0000 0.0000	</row1>
			<row2>	-1.0000 0.0000 0.0000 0.0000	</row2>
			<row3>	-0.2524 0.2243 -4.1075 1.0000	</row3>
		</transform>
	</node>
	<node>
		<identifier>	MP_JM109_Deck_Hatch_11_INDEX_1	</identifier>
		<parent>	Scene Root	</parent>
		<transform>
			<row0>	0.0000 0.0000 1.0000 0.0000	</row0>
			<row1>	0.0000 1.0000 0.0000 0.0000	</row1>
			<row2>	-1.0000 0.0000 0.0000 0.0000	</row2>
			<row3>	0.1804 0.2241 -3.9106 1.0000	</row3>
		</transform>
	</node>
	<node>
		<identifier>	MP_JM125_Signal_Lamp_3	</identifier>
		<parent>	Scene Root	</parent>
		<transform>
			<row0>	1.0000 0.0000 0.0000 0.0000	</row0>
			<row1>	0.0000 1.0000 0.0000 0.0000	</row1>
			<row2>	0.0000 0.0000 1.0000 0.0000	</row2>
			<row3>	0.0000 1.8221 -2.9044 1.0000	</row3>
		</transform>
	</node>
	<node>
		<identifier>	MP_JM125_Signal_Lamp_3_INDEX_1	</identifier>
		<parent>	Scene Root	</parent>
		<transform>
			<row0>	1.0000 0.0000 0.0000 0.0000	</row0>
			<row1>	0.0000 1.0000 0.0000 0.0000	</row1>
			<row2>	0.0000 0.0000 1.0000 0.0000	</row2>
			<row3>	0.2591 1.7772 -3.0489 1.0000	</row3>
		</transform>
	</node>
	<node>
		<identifier>	MP_JM125_Signal_Lamp_3_INDEX_2	</identifier>
		<parent>	Scene Root	</parent>
		<transform>
			<row0>	1.0000 0.0000 0.0000 0.0000	</row0>
			<row1>	0.0000 1.0000 0.0000 0.0000	</row1>
			<row2>	0.0000 0.0000 1.0000 0.0000	</row2>
			<row3>	-0.2591 1.7772 -3.0489 1.0000	</row3>
		</transform>
	</node>
	<node>
		<identifier>	MP_JM135_Runway_Lights_Back	</identifier>
		<parent>	Scene Root	</parent>
		<transform>
			<row0>	1.0000 0.0000 0.0000 0.0000	</row0>
			<row1>	0.0000 1.0000 0.0000 0.0000	</row1>
			<row2>	0.0000 0.0000 1.0000 0.0000	</row2>
			<row3>	0.0000 1.3171 -2.9529 1.0000	</row3>
		</transform>
	</node>
	<node>
		<identifier>	MP_JM137_Torpedo_Bogie_610mm	</identifier>
		<parent>	Scene Root	</parent>
		<transform>
			<row0>	-0.9859 0.0000 0.1675 0.0000	</row0>
			<row1>	0.0000 1.0000 0.0000 0.0000	</row1>
			<row2>	-0.1675 0.0000 -0.9859 0.0000	</row2>
			<row3>	-0.3707 0.2375 -0.5097 1.0000	</row3>
		</transform>
	</node>
	<node>
		<identifier>	MP_JM137_Torpedo_Bogie_610mm_INDEX_1	</identifier>
		<parent>	Scene Root	</parent>
		<transform>
			<row0>	-0.9859 0.0000 0.1675 0.0000	</row0>
			<row1>	0.0000 1.0000 0.0000 0.0000	</row1>
			<row2>	-0.1675 0.0000 -0.9859 0.0000	</row2>
			<row3>	-0.4224 0.2375 -0.5095 1.0000	</row3>
		</transform>
	</node>
	<node>
		<identifier>	MP_JM137_Torpedo_Bogie_610mm_INDEX_10	</identifier>
		<parent>	Scene Root	</parent>
		<transform>
			<row0>	-0.9859 0.0000 0.1675 0.0000	</row0>
			<row1>	0.0000 1.0000 0.0000 0.0000	</row1>
			<row2>	-0.1675 0.0000 -0.9859 0.0000	</row2>
			<row3>	-0.4377 0.2375 -0.2949 1.0000	</row3>
		</transform>
	</node>
	<node>
		<identifier>	MP_JM137_Torpedo_Bogie_610mm_INDEX_11	</identifier>
		<parent>	Scene Root	</parent>
		<transform>
			<row0>	-0.9859 0.0000 0.1675 0.0000	</row0>
			<row1>	0.0000 1.0000 0.0000 0.0000	</row1>
			<row2>	-0.1675 0.0000 -0.9859 0.0000	</row2>
			<row3>	-0.4851 0.2375 -0.2869 1.0000	</row3>
		</transform>
	</node>
	<node>
		<identifier>	MP_JM137_Torpedo_Bogie_610mm_INDEX_12	</identifier>
		<parent>	Scene Root	</parent>
		<transform>
			<row0>	-0.9859 0.0000 -0.1675 0.0000	</row0>
			<row1>	0.0000 1.0000 0.0000 0.0000	</row1>
			<row2>	0.1675 0.0000 -0.9859 0.0000	</row2>
			<row3>	0.3860 0.2375 -0.2953 1.0000	</row3>
		</transform>
	</node>
	<node>
		<identifier>	MP_JM137_Torpedo_Bogie_610mm_INDEX_13	</identifier>
		<parent>	Scene Root	</parent>
		<transform>
			<row0>	-0.9859 0.0000 -0.1675 0.0000	</row0>
			<row1>	0.0000 1.0000 0.0000 0.0000	</row1>
			<row2>	0.1675 0.0000 -0.9859 0.0000	</row2>
			<row3>	0.3343 0.2375 -0.2955 1.0000	</row3>
		</transform>
	</node>
	<node>
		<identifier>	MP_JM137_Torpedo_Bogie_610mm_INDEX_14	</identifier>
		<parent>	Scene Root	</parent>
		<transform>
			<row0>	-0.9859 0.0000 -0.1675 0.0000	</row0>
			<row1>	0.0000 1.0000 0.0000 0.0000	</row1>
			<row2>	0.1675 0.0000 -0.9859 0.0000	</row2>
			<row3>	0.4377 0.2375 -0.2949 1.0000	</row3>
		</transform>
	</node>
	<node>
		<identifier>	MP_JM137_Torpedo_Bogie_610mm_INDEX_15	</identifier>
		<parent>	Scene Root	</parent>
		<transform>
			<row0>	-0.9859 0.0000 -0.1675 0.0000	</row0>
			<row1>	0.0000 1.0000 0.0000 0.0000	</row1>
			<row2>	0.1675 0.0000 -0.9859 0.0000	</row2>
			<row3>	0.4851 0.2375 -0.2869 1.0000	</row3>
		</transform>
	</node>
	<node>
		<identifier>	MP_JM137_Torpedo_Bogie_610mm_INDEX_2	</identifier>
		<parent>	Scene Root	</parent>
		<transform>
			<row0>	-0.9859 0.0000 -0.1675 0.0000	</row0>
			<row1>	0.0000 1.0000 0.0000 0.0000	</row1>
			<row2>	0.1675 0.0000 -0.9859 0.0000	</row2>
			<row3>	0.4741 0.2375 -0.5092 1.0000	</row3>
		</transform>
	</node>
	<node>
		<identifier>	MP_JM137_Torpedo_Bogie_610mm_INDEX_3	</identifier>
		<parent>	Scene Root	</parent>
		<transform>
			<row0>	-0.9859 0.0000 -0.1675 0.0000	</row0>
			<row1>	0.0000 1.0000 0.0000 0.0000	</row1>
			<row2>	0.1675 0.0000 -0.9859 0.0000	</row2>
			<row3>	0.3707 0.2375 -0.5097 1.0000	</row3>
		</transform>
	</node>
	<node>
		<identifier>	MP_JM137_Torpedo_Bogie_610mm_INDEX_4	</identifier>
		<parent>	Scene Root	</parent>
		<transform>
			<row0>	-0.9859 0.0000 -0.1675 0.0000	</row0>
			<row1>	0.0000 1.0000 0.0000 0.0000	</row1>
			<row2>	0.1675 0.0000 -0.9859 0.0000	</row2>
			<row3>	0.4224 0.2375 -0.5095 1.0000	</row3>
		</transform>
	</node>
	<node>
		<identifier>	MP_JM137_Torpedo_Bogie_610mm_INDEX_5	</identifier>
		<parent>	Scene Root	</parent>
		<transform>
			<row0>	-0.9859 0.0000 -0.1675 0.0000	</row0>
			<row1>	0.0000 1.0000 0.0000 0.0000	</row1>
			<row2>	0.1675 0.0000 -0.9859 0.0000	</row2>
			<row3>	0.5215 0.2375 -0.5011 1.0000	</row3>
		</transform>
	</node>
	<node>
		<identifier>	MP_JM137_Torpedo_Bogie_610mm_INDEX_6	</identifier>
		<parent>	Scene Root	</parent>
		<transform>
			<row0>	-0.9859 0.0000 0.1675 0.0000	</row0>
			<row1>	0.0000 1.0000 0.0000 0.0000	</row1>
			<row2>	-0.1675 0.0000 -0.9859 0.0000	</row2>
			<row3>	-0.4741 0.2375 -0.5092 1.0000	</row3>
		</transform>
	</node>
	<node>
		<identifier>	MP_JM137_Torpedo_Bogie_610mm_INDEX_7	</identifier>
		<parent>	Scene Root	</parent>
		<transform>
			<row0>	-0.9859 0.0000 0.1675 0.0000	</row0>
			<row1>	0.0000 1.0000 0.0000 0.0000	</row1>
			<row2>	-0.1675 0.0000 -0.9859 0.0000	</row2>
			<row3>	-0.5215 0.2375 -0.5011 1.0000	</row3>
		</transform>
	</node>
	<node>
		<identifier>	MP_JM137_Torpedo_Bogie_610mm_INDEX_8	</identifier>
		<parent>	Scene Root	</parent>
		<transform>
			<row0>	-0.9859 0.0000 0.1675 0.0000	</row0>
			<row1>	0.0000 1.0000 0.0000 0.0000	</row1>
			<row2>	-0.1675 0.0000 -0.9859 0.0000	</row2>
			<row3>	-0.3860 0.2375 -0.2953 1.0000	</row3>
		</transform>
	</node>
	<node>
		<identifier>	MP_JM137_Torpedo_Bogie_610mm_INDEX_9	</identifier>
		<parent>	Scene Root	</parent>
		<transform>
			<row0>	-0.9859 0.0000 0.1675 0.0000	</row0>
			<row1>	0.0000 1.0000 0.0000 0.0000	</row1>
			<row2>	-0.1675 0.0000 -0.9859 0.0000	</row2>
			<row3>	-0.3343 0.2375 -0.2955 1.0000	</row3>
		</transform>
	</node>
	<node>
		<identifier>	MP_JM144_Motor_Boats_8m	</identifier>
		<parent>	Scene Root	</parent>
		<transform>
			<row0>	1.0000 0.0000 0.0000 0.0000	</row0>
			<row1>	0.0000 1.0000 0.0000 0.0000	</row1>
			<row2>	0.0000 0.0000 1.0000 0.0000	</row2>
			<row3>	-0.5136 0.4046 -1.2798 1.0000	</row3>
		</transform>
	</node>
	<node>
		<identifier>	MP_JM144_Motor_Boats_8m_INDEX_1	</identifier>
		<parent>	Scene Root	</parent>
		<transform>
			<row0>	1.0000 0.0000 0.0000 0.0000	</row0>
			<row1>	0.0000 1.0000 0.0000 0.0000	</row1>
			<row2>	0.0000 0.0000 1.0000 0.0000	</row2>
			<row3>	0.5136 0.4046 -1.2798 1.0000	</row3>
		</transform>
	</node>
	<node>
		<identifier>	MP_JM149_Ammunition_Box	</identifier>
		<parent>	Scene Root	</parent>
		<transform>
			<row0>	0.0000 0.0000 1.2499 0.0000	</row0>
			<row1>	0.0000 1.2499 0.0000 0.0000	</row1>
			<row2>	-1.2499 0.0000 0.0000 0.0000	</row2>
			<row3>	0.3406 0.3898 -0.1320 1.0000	</row3>
		</transform>
	</node>
	<node>
		<identifier>	MP_JM149_Ammunition_Box_INDEX_1	</identifier>
		<parent>	Scene Root	</parent>
		<transform>
			<row0>	0.0000 0.0000 -1.2499 0.0000	</row0>
			<row1>	0.0000 1.2499 0.0000 0.0000	</row1>
			<row2>	1.2499 0.0000 0.0000 0.0000	</row2>
			<row3>	-0.3398 0.3896 -0.1320 1.0000	</row3>
		</transform>
	</node>
	<node>
		<identifier>	MP_JM202_Fender	</identifier>
		<parent>	Scene Root	</parent>
		<transform>
			<row0>	0.7958 0.0000 -0.6056 0.0000	</row0>
			<row1>	0.0000 1.0000 0.0000 0.0000	</row1>
			<row2>	0.6056 0.0000 0.7958 0.0000	</row2>
			<row3>	0.6301 0.2236 -3.2496 1.0000	</row3>
		</transform>
	</node>
	<node>
		<identifier>	MP_JM202_Fender_INDEX_1	</identifier>
		<parent>	Scene Root	</parent>
		<transform>
			<row0>	-0.8316 0.0000 -0.5554 0.0000	</row0>
			<row1>	0.0000 1.0000 0.0000 0.0000	</row1>
			<row2>	0.5554 0.0000 -0.8316 0.0000	</row2>
			<row3>	-0.5882 0.2236 -3.3208 1.0000	</row3>
		</transform>
	</node>
	<node>
		<identifier>	MP_JM2032_Round_Gun_Deck_2	</identifier>
		<parent>	Scene Root	</parent>
		<transform>
			<row0>	0.0000 0.0000 1.0000 0.0000	</row0>
			<row1>	0.0000 1.0000 0.0000 0.0000	</row1>
			<row2>	-1.0000 0.0000 0.0000 0.0000	</row2>
			<row3>	-0.5082 0.2245 -3.8735 1.0000	</row3>
		</transform>
	</node>
	<node>
