<HSC001_Van_Kinsbergen_1939_Stern.skel_ext>
	<exported>	true	</exported>
	<node>
		<identifier>	MP_CM011_Fire_Fighting_Gear	</identifier>
		<parent>	Scene Root	</parent>
		<transform>
			<row0>	-1.0000 0.0000 0.0000 0.0000	</row0>
			<row1>	0.0000 1.0000 0.0000 0.0000	</row1>
			<row2>	0.0000 0.0000 -1.0000 0.0000	</row2>
			<row3>	0.0000 0.1864 -2.3733 1.0000	</row3>
		</transform>
	</node>
	<node>
		<identifier>	MP_CM022_Anchor_3	</identifier>
		<parent>	Scene Root	</parent>
		<transform>
			<row0>	0.0000 -0.9964 -0.0853 0.0000	</row0>
			<row1>	0.0000 0.0853 -0.9964 0.0000	</row1>
			<row2>	1.0000 0.0000 0.0000 0.0000	</row2>
			<row3>	0.0000 0.2024 -3.4019 1.0000	</row3>
		</transform>
	</node>
	<node>
		<identifier>	MP_CM161_Propeller_4_8m_BB_R	</identifier>
		<parent>	Scene Root	</parent>
		<transform>
			<row0>	0.6012 0.0000 -0.0023 0.0000	</row0>
			<row1>	-0.0001 0.6002 -0.0354 0.0000	</row1>
			<row2>	0.0021 0.0324 0.5490 0.0000	</row2>
			<row3>	0.1361 -0.1526 -2.9226 1.0000	</row3>
		</transform>
	</node>
	<node>
		<identifier>	MP_CM162_Propeller_4_8m_BB_L	</identifier>
		<parent>	Scene Root	</parent>
		<transform>
			<row0>	0.6012 0.0000 0.0023 0.0000	</row0>
			<row1>	0.0001 0.6002 -0.0354 0.0000	</row1>
			<row2>	-0.0021 0.0324 0.5490 0.0000	</row2>
			<row3>	-0.1361 -0.1526 -2.9226 1.0000	</row3>
		</transform>
	</node>
	<node>
		<identifier>	MP_HM033_Bench	</identifier>
		<parent>	Scene Root	</parent>
		<transform>
			<row0>	0.0000 0.0045 -1.0000 0.0000	</row0>
			<row1>	0.0230 0.9997 0.0045 0.0000	</row1>
			<row2>	0.9997 -0.0230 0.0000 0.0000	</row2>
			<row3>	0.0676 0.1851 -2.4067 1.0000	</row3>
		</transform>
	</node>
	<node>
		<identifier>	MP_HM033_Bench_INDEX_1	</identifier>
		<parent>	Scene Root	</parent>
		<transform>
			<row0>	0.0000 -0.0045 1.0000 0.0000	</row0>
			<row1>	-0.0230 0.9997 0.0045 0.0000	</row1>
			<row2>	-0.9997 -0.0230 0.0000 0.0000	</row2>
			<row3>	-0.0676 0.1851 -2.4067 1.0000	</row3>
		</transform>
	</node>
	<node>
		<identifier>	MP_HM959_Reel	</identifier>
		<parent>	Scene Root	</parent>
		<transform>
			<row0>	1.0000 0.0000 0.0000 0.0000	</row0>
			<row1>	0.0000 1.0000 0.0000 0.0000	</row1>
			<row2>	0.0000 0.0000 1.0000 0.0000	</row2>
			<row3>	0.0000 0.1877 -2.4867 1.0000	</row3>
		</transform>
	</node>
</HSC001_Van_Kinsbergen_1939_Stern.skel_ext>
