<WGM2002_380mm_SKC_34_dead.skel_ext>
	<exported>	true	</exported>
	<node>
		<identifier>	SP_YMS100_YGBS_M_1	</identifier>
		<parent>	Turret_dead	</parent>
		<transform>
			<row0>	1.0000 0.0000 0.0000 0.0000	</row0>
			<row1>	0.0000 1.4698 -0.2996 0.0000	</row1>
			<row2>	0.0000 0.1997 0.9799 0.0000	</row2>
			<row3>	-0.1250 0.1097 0.3140 1.0000	</row3>
		</transform>
	</node>
	<node>
		<identifier>	SP_YMS100_YGBS_M_1_INDEX_1	</identifier>
		<parent>	Turret_dead	</parent>
		<transform>
			<row0>	1.0000 0.0000 0.0000 0.0000	</row0>
			<row1>	0.0000 1.4975 -0.0866 0.0000	</row1>
			<row2>	0.0000 0.0577 0.9983 0.0000	</row2>
			<row3>	0.1250 0.1058 0.3140 1.0000	</row3>
		</transform>
	</node>
	<node>
		<identifier>	SP_YMS100_YGBS_M_1_INDEX_4	</identifier>
		<parent>	Turret_dead	</parent>
		<transform>
			<row0>	1.2104 0.0000 0.0000 0.0000	</row0>
			<row1>	0.0000 1.3311 0.0000 0.0000	</row1>
			<row2>	0.0000 0.0000 1.2104 0.0000	</row2>
			<row3>	0.1257 0.0861 0.2723 1.0000	</row3>
		</transform>
	</node>
	<node>
		<identifier>	SP_YMS100_YGBS_M_1_INDEX_5	</identifier>
		<parent>	Turret_dead	</parent>
		<transform>
			<row0>	1.2104 0.0000 0.0000 0.0000	</row0>
			<row1>	0.0000 1.3311 0.0000 0.0000	</row1>
			<row2>	0.0000 0.0000 1.2104 0.0000	</row2>
			<row3>	-0.1257 0.0861 0.2723 1.0000	</row3>
		</transform>
	</node>
	<node>
		<identifier>	SP_YMS101_YGCS_M_1_INDEX_1	</identifier>
		<parent>	Turret_dead	</parent>
		<transform>
			<row0>	1.4173 -0.0483 0.0000 0.0000	</row0>
			<row1>	0.0577 1.6906 0.0000 0.0000	</row1>
			<row2>	0.0000 0.0000 1.4852 0.0000	</row2>
			<row3>	-0.1250 0.0064 0.4344 1.0000	</row3>
		</transform>
	</node>
	<node>
		<identifier>	SP_YMS101_YGCS_M_1_INDEX_3	</identifier>
		<parent>	Turret_dead	</parent>
		<transform>
			<row0>	1.4169 0.0598 0.0000 0.0000	</row0>
			<row1>	-0.0713 1.6888 0.0653 0.0000	</row1>
			<row2>	0.0024 -0.0573 1.4841 0.0000	</row2>
			<row3>	0.1250 0.0058 0.4344 1.0000	</row3>
		</transform>
	</node>
	<node>
		<identifier>	SP_YMS104_YGRS_M_1_INDEX_2	</identifier>
		<parent>	Turret_dead	</parent>
		<transform>
			<row0>	1.0000 0.0000 0.0000 0.0000	</row0>
			<row1>	0.0000 0.9961 -0.0879 0.0000	</row1>
			<row2>	0.0000 0.0879 0.9961 0.0000	</row2>
			<row3>	0.1250 0.1828 1.1924 1.0000	</row3>
		</transform>
	</node>
	<node>
		<identifier>	SP_YMS104_YGRS_M_1_INDEX_3	</identifier>
		<parent>	Turret_dead	</parent>
		<transform>
			<row0>	1.0000 0.0000 0.0000 0.0000	</row0>
			<row1>	0.0000 0.9855 -0.1700 0.0000	</row1>
			<row2>	0.0000 0.1700 0.9855 0.0000	</row2>
			<row3>	-0.1250 0.2769 1.1796 1.0000	</row3>
		</transform>
	</node>
	<node>
		<identifier>	SP_YMS105_YGLC_M_1_INDEX_1	</identifier>
		<parent>	Turret_dead	</parent>
		<transform>
			<row0>	-1.0000 0.0000 0.0000 0.0000	</row0>
			<row1>	0.0000 1.0000 0.0000 0.0000	</row1>
			<row2>	0.0000 0.0000 -1.0000 0.0000	</row2>
			<row3>	0.0000 0.2436 -0.2630 1.0000	</row3>
		</transform>
	</node>
	<node>
		<identifier>	SP_YMS106_YGLL_M_1	</identifier>
		<parent>	Turret_dead	</parent>
		<transform>
			<row0>	0.9965 -0.0830 0.0049 0.0000	</row0>
			<row1>	0.0830 0.9965 0.0004 0.0000	</row1>
			<row2>	-0.0049 0.0000 1.0000 0.0000	</row2>
			<row3>	-0.2840 0.0879 -0.0403 1.0000	</row3>
		</transform>
	</node>
	<node>
		<identifier>	SP_YMS107_YGLR_M_1_INDEX_1	</identifier>
		<parent>	Turret_dead	</parent>
		<transform>
			<row0>	0.9975 0.0000 0.0711 0.0000	</row0>
			<row1>	0.0000 1.0000 0.0000 0.0000	</row1>
			<row2>	-0.0711 0.0000 0.9975 0.0000	</row2>
			<row3>	0.2902 0.0896 -0.0401 1.0000	</row3>
		</transform>
	</node>
</WGM2002_380mm_SKC_34_dead.skel_ext>
