<WSD021_Stord_1943_MidBack.skel_ext>
	<exported>	true	</exported>
	<node>
		<identifier>	MP_BM009_Depth_Charge	</identifier>
		<parent>	Scene Root	</parent>
		<transform>
			<row0>	0.0000 -1.0000 0.0000 0.0000	</row0>
			<row1>	0.1672 0.0000 -0.9859 0.0000	</row1>
			<row2>	0.9859 0.0000 0.1672 0.0000	</row2>
			<row3>	-0.2837 0.2527 -2.2222 1.0000	</row3>
		</transform>
	</node>
	<node>
		<identifier>	MP_BM009_Depth_Charge_INDEX_1	</identifier>
		<parent>	Scene Root	</parent>
		<transform>
			<row0>	0.0000 -1.0000 0.0000 0.0000	</row0>
			<row1>	0.1672 0.0000 -0.9859 0.0000	</row1>
			<row2>	0.9859 0.0000 0.1672 0.0000	</row2>
			<row3>	-0.2837 0.2183 -2.2222 1.0000	</row3>
		</transform>
	</node>
	<node>
		<identifier>	MP_BM009_Depth_Charge_INDEX_10	</identifier>
		<parent>	Scene Root	</parent>
		<transform>
			<row0>	0.0000 -1.0000 0.0000 0.0000	</row0>
			<row1>	0.1672 0.0000 -0.9859 0.0000	</row1>
			<row2>	0.9859 0.0000 0.1672 0.0000	</row2>
			<row3>	-0.2842 0.1840 -2.2221 1.0000	</row3>
		</transform>
	</node>
	<node>
		<identifier>	MP_BM009_Depth_Charge_INDEX_11	</identifier>
		<parent>	Scene Root	</parent>
		<transform>
			<row0>	0.0000 1.0000 0.0000 0.0000	</row0>
			<row1>	-0.1672 0.0000 -0.9859 0.0000	</row1>
			<row2>	-0.9859 0.0000 0.1672 0.0000	</row2>
			<row3>	0.2763 0.2184 -2.4884 1.0000	</row3>
		</transform>
	</node>
	<node>
		<identifier>	MP_BM009_Depth_Charge_INDEX_12	</identifier>
		<parent>	Scene Root	</parent>
		<transform>
			<row0>	0.0000 -1.0000 0.0000 0.0000	</row0>
			<row1>	0.1672 0.0000 -0.9859 0.0000	</row1>
			<row2>	0.9859 0.0000 0.1672 0.0000	</row2>
			<row3>	-0.3103 0.1843 -2.4941 1.0000	</row3>
		</transform>
	</node>
	<node>
		<identifier>	MP_BM009_Depth_Charge_INDEX_13	</identifier>
		<parent>	Scene Root	</parent>
		<transform>
			<row0>	0.0000 -1.0000 0.0000 0.0000	</row0>
			<row1>	0.1672 0.0000 -0.9859 0.0000	</row1>
			<row2>	0.9859 0.0000 0.1672 0.0000	</row2>
			<row3>	-0.3195 0.2525 -2.2281 1.0000	</row3>
		</transform>
	</node>
	<node>
		<identifier>	MP_BM009_Depth_Charge_INDEX_14	</identifier>
		<parent>	Scene Root	</parent>
		<transform>
			<row0>	0.0000 -1.0000 0.0000 0.0000	</row0>
			<row1>	0.1672 0.0000 -0.9859 0.0000	</row1>
			<row2>	0.9859 0.0000 0.1672 0.0000	</row2>
			<row3>	-0.3196 0.2179 -2.2283 1.0000	</row3>
		</transform>
	</node>
	<node>
		<identifier>	MP_BM009_Depth_Charge_INDEX_15	</identifier>
		<parent>	Scene Root	</parent>
		<transform>
			<row0>	0.0000 -1.0000 0.0000 0.0000	</row0>
			<row1>	0.1672 0.0000 -0.9859 0.0000	</row1>
			<row2>	0.9859 0.0000 0.1672 0.0000	</row2>
			<row3>	-0.2763 0.1845 -2.4883 1.0000	</row3>
		</transform>
	</node>
	<node>
		<identifier>	MP_BM009_Depth_Charge_INDEX_16	</identifier>
		<parent>	Scene Root	</parent>
		<transform>
			<row0>	0.0000 1.0000 0.0000 0.0000	</row0>
			<row1>	-0.1672 0.0000 -0.9859 0.0000	</row1>
			<row2>	-0.9859 0.0000 0.1672 0.0000	</row2>
			<row3>	0.2842 0.1840 -2.2221 1.0000	</row3>
		</transform>
	</node>
	<node>
		<identifier>	MP_BM009_Depth_Charge_INDEX_17	</identifier>
		<parent>	Scene Root	</parent>
		<transform>
			<row0>	0.0000 1.0000 0.0000 0.0000	</row0>
			<row1>	-0.1672 0.0000 -0.9859 0.0000	</row1>
			<row2>	-0.9859 0.0000 0.1672 0.0000	</row2>
			<row3>	0.3103 0.2182 -2.4941 1.0000	</row3>
		</transform>
	</node>
	<node>
		<identifier>	MP_BM009_Depth_Charge_INDEX_18	</identifier>
		<parent>	Scene Root	</parent>
		<transform>
			<row0>	0.0000 1.0000 0.0000 0.0000	</row0>
			<row1>	-0.1672 0.0000 -0.9859 0.0000	</row1>
			<row2>	-0.9859 0.0000 0.1672 0.0000	</row2>
			<row3>	0.2837 0.2527 -2.2222 1.0000	</row3>
		</transform>
	</node>
	<node>
		<identifier>	MP_BM009_Depth_Charge_INDEX_19	</identifier>
		<parent>	Scene Root	</parent>
		<transform>
			<row0>	0.0000 1.0000 0.0000 0.0000	</row0>
			<row1>	-0.1672 0.0000 -0.9859 0.0000	</row1>
			<row2>	-0.9859 0.0000 0.1672 0.0000	</row2>
			<row3>	0.3196 0.2179 -2.2283 1.0000	</row3>
		</transform>
	</node>
	<node>
		<identifier>	MP_BM009_Depth_Charge_INDEX_2	</identifier>
		<parent>	Scene Root	</parent>
		<transform>
			<row0>	0.0000 -1.0000 0.0000 0.0000	</row0>
			<row1>	0.1672 0.0000 -0.9859 0.0000	</row1>
			<row2>	0.9859 0.0000 0.1672 0.0000	</row2>
			<row3>	-0.3103 0.2182 -2.4941 1.0000	</row3>
		</transform>
	</node>
	<node>
		<identifier>	MP_BM009_Depth_Charge_INDEX_20	</identifier>
		<parent>	Scene Root	</parent>
		<transform>
			<row0>	0.0000 1.0000 0.0000 0.0000	</row0>
			<row1>	-0.1672 0.0000 -0.9859 0.0000	</row1>
			<row2>	-0.9859 0.0000 0.1672 0.0000	</row2>
			<row3>	0.2763 0.2530 -2.4887 1.0000	</row3>
		</transform>
	</node>
	<node>
		<identifier>	MP_BM009_Depth_Charge_INDEX_21	</identifier>
		<parent>	Scene Root	</parent>
		<transform>
			<row0>	0.0000 -1.0000 0.0000 0.0000	</row0>
			<row1>	0.1672 0.0000 -0.9859 0.0000	</row1>
			<row2>	0.9859 0.0000 0.1672 0.0000	</row2>
			<row3>	-0.2763 0.2530 -2.4887 1.0000	</row3>
		</transform>
	</node>
	<node>
		<identifier>	MP_BM009_Depth_Charge_INDEX_22	</identifier>
		<parent>	Scene Root	</parent>
		<transform>
			<row0>	0.0000 -1.0000 0.0000 0.0000	</row0>
			<row1>	0.1672 0.0000 -0.9859 0.0000	</row1>
			<row2>	0.9859 0.0000 0.1672 0.0000	</row2>
			<row3>	-0.3186 0.1842 -2.2282 1.0000	</row3>
		</transform>
	</node>
	<node>
		<identifier>	MP_BM009_Depth_Charge_INDEX_23	</identifier>
		<parent>	Scene Root	</parent>
		<transform>
			<row0>	0.0000 1.0000 0.0000 0.0000	</row0>
			<row1>	-0.1672 0.0000 -0.9859 0.0000	</row1>
			<row2>	-0.9859 0.0000 0.1672 0.0000	</row2>
			<row3>	0.3103 0.1843 -2.4941 1.0000	</row3>
		</transform>
	</node>
	<node>
		<identifier>	MP_BM009_Depth_Charge_INDEX_3	</identifier>
		<parent>	Scene Root	</parent>
		<transform>
			<row0>	0.0000 1.0000 0.0000 0.0000	</row0>
			<row1>	-0.1672 0.0000 -0.9859 0.0000	</row1>
			<row2>	-0.9859 0.0000 0.1672 0.0000	</row2>
			<row3>	0.3195 0.2525 -2.2281 1.0000	</row3>
		</transform>
	</node>
	<node>
		<identifier>	MP_BM009_Depth_Charge_INDEX_4	</identifier>
		<parent>	Scene Root	</parent>
		<transform>
			<row0>	0.0000 1.0000 0.0000 0.0000	</row0>
			<row1>	-0.1672 0.0000 -0.9859 0.0000	</row1>
			<row2>	-0.9859 0.0000 0.1672 0.0000	</row2>
			<row3>	0.2763 0.1845 -2.4883 1.0000	</row3>
		</transform>
	</node>
	<node>
		<identifier>	MP_BM009_Depth_Charge_INDEX_5	</identifier>
		<parent>	Scene Root	</parent>
		<transform>
			<row0>	0.0000 -1.0000 0.0000 0.0000	</row0>
			<row1>	0.1672 0.0000 -0.9859 0.0000	</row1>
			<row2>	0.9859 0.0000 0.1672 0.0000	</row2>
			<row3>	-0.3103 0.2529 -2.4946 1.0000	</row3>
		</transform>
	</node>
	<node>
		<identifier>	MP_BM009_Depth_Charge_INDEX_6	</identifier>
		<parent>	Scene Root	</parent>
		<transform>
			<row0>	0.0000 1.0000 0.0000 0.0000	</row0>
			<row1>	-0.1672 0.0000 -0.9859 0.0000	</row1>
			<row2>	-0.9859 0.0000 0.1672 0.0000	</row2>
			<row3>	0.2837 0.2183 -2.2222 1.0000	</row3>
		</transform>
	</node>
	<node>
		<identifier>	MP_BM009_Depth_Charge_INDEX_7	</identifier>
		<parent>	Scene Root	</parent>
		<transform>
			<row0>	0.0000 -1.0000 0.0000 0.0000	</row0>
			<row1>	0.1672 0.0000 -0.9859 0.0000	</row1>
			<row2>	0.9859 0.0000 0.1672 0.0000	</row2>
			<row3>	-0.2763 0.2184 -2.4884 1.0000	</row3>
		</transform>
	</node>
	<node>
		<identifier>	MP_BM009_Depth_Charge_INDEX_8	</identifier>
		<parent>	Scene Root	</parent>
		<transform>
			<row0>	0.0000 1.0000 0.0000 0.0000	</row0>
			<row1>	-0.1672 0.0000 -0.9859 0.0000	</row1>
			<row2>	-0.9859 0.0000 0.1672 0.0000	</row2>
			<row3>	0.3186 0.1842 -2.2282 1.0000	</row3>
		</transform>
	</node>
	<node>
		<identifier>	MP_BM009_Depth_Charge_INDEX_9	</identifier>
		<parent>	Scene Root	</parent>
		<transform>
			<row0>	0.0000 1.0000 0.0000 0.0000	</row0>
			<row1>	-0.1672 0.0000 -0.9859 0.0000	</row1>
			<row2>	-0.9859 0.0000 0.1672 0.0000	</row2>
			<row3>	0.3103 0.2529 -2.4946 1.0000	</row3>
		</transform>
	</node>
	<node>
		<identifier>	MP_BM022_Flotanet	</identifier>
		<parent>	Scene Root	</parent>
		<transform>
			<row0>	-1.0000 0.0000 0.0000 0.0000	</row0>
			<row1>	0.0000 1.0000 0.0000 0.0000	</row1>
			<row2>	0.0000 0.0000 -1.0000 0.0000	</row2>
			<row3>	0.2570 0.3178 -2.2764 1.0000	</row3>
		</transform>
	</node>
	<node>
		<identifier>	MP_BM022_Flotanet_INDEX_1	</identifier>
		<parent>	Scene Root	</parent>
		<transform>
			<row0>	1.0000 0.0000 0.0000 0.0000	</row0>
			<row1>	0.0000 1.0000 0.0000 0.0000	</row1>
			<row2>	0.0000 0.0000 1.0000 0.0000	</row2>
			<row3>	-0.2569 0.3178 -2.2764 1.0000	</row3>
		</transform>
	</node>
	<node>
		<identifier>	MP_CM011_Fire_Fighting_Gear	</identifier>
		<parent>	Scene Root	</parent>
		<transform>
			<row0>	-1.0000 0.0000 -0.0041 0.0000	</row0>
			<row1>	0.0000 1.0000 0.0000 0.0000	</row1>
			<row2>	0.0041 0.0000 -1.0000 0.0000	</row2>
			<row3>	-0.2147 0.1697 -0.9537 1.0000	</row3>
		</transform>
	</node>
	<node>
		<identifier>	MP_CM011_Fire_Fighting_Gear_INDEX_1	</identifier>
		<parent>	Scene Root	</parent>
		<transform>
			<row0>	-1.0000 0.0000 -0.0081 0.0000	</row0>
			<row1>	0.0000 1.0000 0.0000 0.0000	</row1>
			<row2>	0.0081 0.0000 -1.0000 0.0000	</row2>
			<row3>	0.0452 0.1750 -1.8005 1.0000	</row3>
		</transform>
	</node>
	<node>
		<identifier>	MP_CM011_Fire_Fighting_Gear_INDEX_2	</identifier>
		<parent>	Scene Root	</parent>
		<transform>
			<row0>	1.0000 0.0000 0.0041 0.0000	</row0>
			<row1>	0.0000 1.0000 0.0000 0.0000	</row1>
			<row2>	-0.0041 0.0000 1.0000 0.0000	</row2>
			<row3>	0.0768 0.1745 -2.6819 1.0000	</row3>
		</transform>
	</node>
	<node>
		<identifier>	MP_CM012_Fire_Hose_Rack_1	</identifier>
		<parent>	Scene Root	</parent>
		<transform>
			<row0>	0.0042 0.0000 -1.0000 0.0000	</row0>
			<row1>	-0.0021 1.0000 0.0000 0.0000	</row1>
			<row2>	1.0000 0.0021 0.0042 0.0000	</row2>
			<row3>	-0.2073 0.2635 -0.9618 1.0000	</row3>
		</transform>
	</node>
	<node>
		<identifier>	MP_CM012_Fire_Hose_Rack_1_INDEX_1	</identifier>
		<parent>	Scene Root	</parent>
		<transform>
			<row0>	-0.0042 0.0000 1.0000 0.0000	</row0>
			<row1>	0.0021 1.0000 0.0000 0.0000	</row1>
			<row2>	-1.0000 0.0021 -0.0042 0.0000	</row2>
			<row3>	0.1007 0.2698 -2.6713 1.0000	</row3>
		</transform>
	</node>
	<node>
		<identifier>	MP_CM012_Fire_Hose_Rack_1_INDEX_2	</identifier>
		<parent>	Scene Root	</parent>
		<transform>
			<row0>	-0.0008 0.0000 -1.0000 0.0000	</row0>
			<row1>	-0.0021 1.0000 0.0000 0.0000	</row1>
			<row2>	1.0000 0.0021 -0.0008 0.0000	</row2>
			<row3>	0.0462 0.2593 -1.8097 1.0000	</row3>
		</transform>
	</node>
	<node>
		<identifier>	MP_CM029_Emergency_Box	</identifier>
		<parent>	Scene Root	</parent>
		<transform>
			<row0>	0.9686 0.0000 0.2487 0.0000	</row0>
			<row1>	0.0000 1.0000 0.0000 0.0000	</row1>
			<row2>	-0.2487 0.0000 0.9686 0.0000	</row2>
			<row3>	-0.1912 0.3968 -0.9338 1.0000	</row3>
		</transform>
	</node>
	<node>
		<identifier>	MP_CM029_Emergency_Box_INDEX_1	</identifier>
		<parent>	Scene Root	</parent>
		<transform>
			<row0>	0.0000 0.0000 -1.0000 0.0000	</row0>
			<row1>	0.0000 1.0000 0.0000 0.0000	</row1>
			<row2>	1.0000 0.0000 0.0000 0.0000	</row2>
			<row3>	0.2321 0.3330 -2.2962 1.0000	</row3>
		</transform>
	</node>
	<node>
		<identifier>	MP_CM052_Fender	</identifier>
		<parent>	Scene Root	</parent>
		<transform>
			<row0>	0.0000 0.0000 -0.7000 0.0000	</row0>
			<row1>	0.0000 0.7000 0.0000 0.0000	</row1>
			<row2>	0.7000 0.0000 0.0000 0.0000	</row2>
			<row3>	0.1141 0.1732 -1.1365 1.0000	</row3>
		</transform>
	</node>
	<node>
		<identifier>	MP_CM052_Fender_INDEX_1	</identifier>
		<parent>	Scene Root	</parent>
		<transform>
			<row0>	0.7000 0.0000 0.0000 0.0000	</row0>
			<row1>	0.0000 0.7000 0.0000 0.0000	</row1>
			<row2>	0.0000 0.0000 0.7000 0.0000	</row2>
			<row3>	-0.1551 0.1716 -0.9402 1.0000	</row3>
		</transform>
	</node>
	<node>
		<identifier>	MP_CM057_Accommodation_Ladder_Closed	</identifier>
		<parent>	Scene Root	</parent>
		<transform>
			<row0>	0.9983 0.0580 0.0002 0.0000	</row0>
			<row1>	-0.0580 0.9983 0.0041 0.0000	</row1>
			<row2>	0.0000 -0.0041 1.0000 0.0000	</row2>
			<row3>	-0.2126 0.1700 -1.3670 1.0000	</row3>
		</transform>
	</node>
	<node>
		<identifier>	MP_CM088_Swab_Rack	</identifier>
		<parent>	Scene Root	</parent>
		<transform>
			<row0>	-1.0000 0.0000 0.0000 0.0000	</row0>
			<row1>	0.0000 1.0000 0.0000 0.0000	</row1>
			<row2>	0.0000 0.0000 -1.0000 0.0000	</row2>
			<row3>	0.0507 0.1737 -1.1499 1.0000	</row3>
		</transform>
	</node>
	<node>
		<identifier>	MP_WM004_Life_buoy	</identifier>
		<parent>	Scene Root	</parent>
		<transform>
			<row0>	-0.2019 0.0000 -0.9794 0.0000	</row0>
			<row1>	0.0000 1.0000 0.0000 0.0000	</row1>
			<row2>	0.9794 0.0000 -0.2019 0.0000	</row2>
			<row3>	0.2209 0.3890 -2.4154 1.0000	</row3>
		</transform>
	</node>
	<node>
		<identifier>	MP_WM004_Life_buoy_INDEX_1	</identifier>
		<parent>	Scene Root	</parent>
		<transform>
			<row0>	-0.2019 0.0000 0.9794 0.0000	</row0>
			<row1>	0.0000 1.0000 0.0000 0.0000	</row1>
			<row2>	-0.9794 0.0000 -0.2019 0.0000	</row2>
			<row3>	-0.2209 0.3890 -2.4154 1.0000	</row3>
		</transform>
	</node>
	<node>
		<identifier>	MP_WM032_Speaker_SW	</identifier>
		<parent>	Scene Root	</parent>
		<transform>
			<row0>	-1.0000 0.0000 0.0000 0.0000	</row0>
			<row1>	0.0000 1.0000 0.0000 0.0000	</row1>
			<row2>	0.0000 0.0000 -1.0000 0.0000	</row2>
			<row3>	-0.0949 0.3376 -1.1510 1.0000	</row3>
		</transform>
	</node>
	<node>
		<identifier>	MP_WM032_Speaker_SW_INDEX_1	</identifier>
		<parent>	Scene Root	</parent>
		<transform>
			<row0>	0.0000 0.0000 1.0000 0.0000	</row0>
			<row1>	0.0000 1.0000 0.0000 0.0000	</row1>
			<row2>	-1.0000 0.0000 0.0000 0.0000	</row2>
			<row3>	-0.1824 0.2999 -2.5459 1.0000	</row3>
		</transform>
	</node>
	<node>
		<identifier>	MP_WM032_Speaker_SW_INDEX_2	</identifier>
		<parent>	Scene Root	</parent>
		<transform>
			<row0>	0.0000 0.0000 -1.0000 0.0000	</row0>
			<row1>	0.0000 1.0000 0.0000 0.0000	</row1>
			<row2>	1.0000 0.0000 0.0000 0.0000	</row2>
			<row3>	0.1824 0.2999 -2.5459 1.0000	</row3>
		</transform>
	</node>
	<node>
		<identifier>	MP_WM047_Smoke_floats	</identifier>
		<parent>	Scene Root	</parent>
		<transform>
			<row0>	1.0000 0.0000 0.0000 0.0000	</row0>
			<row1>	0.0000 1.0000 0.0000 0.0000	</row1>
			<row2>	0.0000 0.0000 1.0000 0.0000	</row2>
			<row3>	0.0287 0.3275 -2.6078 1.0000	</row3>
		</transform>
	</node>
	<node>
		<identifier>	MP_WM047_Smoke_floats_INDEX_1	</identifier>
		<parent>	Scene Root	</parent>
		<transform>
			<row0>	1.0000 0.0000 0.0000 0.0000	</row0>
			<row1>	0.0000 1.0000 0.0000 0.0000	</row1>
			<row2>	0.0000 0.0000 1.0000 0.0000	</row2>
			<row3>	0.0735 0.3275 -1.8780 1.0000	</row3>
		</transform>
	</node>
	<node>
		<identifier>	MP_WM047_Smoke_floats_INDEX_2	</identifier>
		<parent>	Scene Root	</parent>
		<transform>
			<row0>	1.0000 0.0000 0.0000 0.0000	</row0>
			<row1>	0.0000 1.0000 0.0000 0.0000	</row1>
			<row2>	0.0000 0.0000 1.0000 0.0000	</row2>
			<row3>	0.0334 0.3275 -1.8610 1.0000	</row3>
		</transform>
	</node>
	<node>
		<identifier>	MP_WM069_Talker_Helmets_Rack	</identifier>
		<parent>	Scene Root	</parent>
		<transform>
			<row0>	-0.4052 0.0000 0.9142 0.0000	</row0>
			<row1>	0.0000 1.0000 0.0000 0.0000	</row1>
			<row2>	-0.9142 0.0000 -0.4052 0.0000	</row2>
			<row3>	-0.1543 0.2311 -2.6343 1.0000	</row3>
		</transform>
	</node>
	<node>
		<identifier>	MP_WM069_Talker_Helmets_Rack_INDEX_1	</identifier>
		<parent>	Scene Root	</parent>
		<transform>
			<row0>	-0.4052 0.0000 -0.9142 0.0000	</row0>
			<row1>	0.0000 1.0000 0.0000 0.0000	</row1>
			<row2>	0.9142 0.0000 -0.4052 0.0000	</row2>
			<row3>	0.1543 0.2311 -2.6343 1.0000	</row3>
		</transform>
	</node>
	<node>
		<identifier>	MP_WM088_Helmets_Rack	</identifier>
		<parent>	Scene Root	</parent>
		<transform>
			<row0>	-0.8742 0.0000 0.4855 0.0000	</row0>
			<row1>	0.0000 1.0000 0.0000 0.0000	</row1>
			<row2>	-0.4855 0.0000 -0.8742 0.0000	</row2>
			<row3>	0.1823 0.3684 -0.9334 1.0000	</row3>
		</transform>
	</node>
	<node>
		<identifier>	MP_WM088_Helmets_Rack_INDEX_1	</identifier>
		<parent>	Scene Root	</parent>
		<transform>
			<row0>	-0.4926 0.0000 0.8702 0.0000	</row0>
			<row1>	0.0000 1.0000 0.0000 0.0000	</row1>
			<row2>	-0.8702 0.0000 -0.4926 0.0000	</row2>
			<row3>	0.1991 0.3279 -2.1291 1.0000	</row3>
		</transform>
	</node>
	<node>
		<identifier>	MP_WM088_Helmets_Rack_INDEX_2	</identifier>
		<parent>	Scene Root	</parent>
		<transform>
			<row0>	-0.4926 0.0000 -0.8702 0.0000	</row0>
			<row1>	0.0000 1.0000 0.0000 0.0000	</row1>
			<row2>	0.8702 0.0000 -0.4926 0.0000	</row2>
			<row3>	-0.1991 0.3279 -2.1291 1.0000	</row3>
		</transform>
	</node>
	<node>
		<identifier>	MP_WM097_Reels	</identifier>
		<parent>	Scene Root	</parent>
		<transform>
			<row0>	0.0000 0.0000 -0.6000 0.0000	</row0>
			<row1>	0.0000 0.6000 0.0000 0.0000	</row1>
			<row2>	0.6000 0.0000 0.0000 0.0000	</row2>
			<row3>	-0.0475 0.3550 -2.6359 1.0000	</row3>
		</transform>
	</node>
	<node>
		<identifier>	MP_WM516_Liferaft_type_20_10ft	</identifier>
		<parent>	Scene Root	</parent>
		<transform>
			<row0>	0.0000 0.0000 -0.9800 0.0000	</row0>
			<row1>	0.9800 0.0000 0.0000 0.0000	</row1>
			<row2>	0.0000 -0.9800 0.0000 0.0000	</row2>
			<row3>	0.3116 0.2826 -0.9973 1.0000	</row3>
		</transform>
	</node>
	<node>
		<identifier>	MP_WM516_Liferaft_type_20_10ft_INDEX_1	</identifier>
		<parent>	Scene Root	</parent>
		<transform>
			<row0>	0.0000 0.0000 0.9800 0.0000	</row0>
			<row1>	-0.9800 0.0000 0.0000 0.0000	</row1>
			<row2>	0.0000 -0.9800 0.0000 0.0000	</row2>
			<row3>	-0.3116 0.2826 -0.9973 1.0000	</row3>
		</transform>
	</node>
	<node>
		<identifier>	MP_WM618_Voice_Tube	</identifier>
		<parent>	Scene Root	</parent>
		<transform>
			<row0>	1.0000 0.0000 0.0000 0.0000	</row0>
			<row1>	0.0000 1.0000 0.0000 0.0000	</row1>
			<row2>	0.0000 0.0000 1.0000 0.0000	</row2>
			<row3>	0.0549 0.3257 -1.9282 1.0000	</row3>
		</transform>
	</node>
	<node>
		<identifier>	MP_WM618_Voice_Tube_INDEX_1	</identifier>
		<parent>	Scene Root	</parent>
		<transform>
			<row0>	1.0000 0.0000 0.0000 0.0000	</row0>
			<row1>	0.0000 1.0000 0.0000 0.0000	</row1>
			<row2>	0.0000 0.0000 1.0000 0.0000	</row2>
			<row3>	-0.1507 0.1720 -2.6588 1.0000	</row3>
		</transform>
	</node>
	<node>
		<identifier>	MP_WM713_Locker	</identifier>
		<parent>	Scene Root	</parent>
		<transform>
			<row0>	0.0000 0.0000 -1.0000 0.0000	</row0>
			<row1>	0.0000 1.0000 0.0000 0.0000	</row1>
			<row2>	1.0000 0.0000 0.0000 0.0000	</row2>
			<row3>	-0.0236 0.3268 -1.9105 1.0000	</row3>
		</transform>
	</node>
	<node>
		<identifier>	MP_WM717_Locker	</identifier>
		<parent>	Scene Root	</parent>
		<transform>
			<row0>	0.0000 0.0000 -1.0000 0.0000	</row0>
			<row1>	0.0000 1.0000 0.0000 0.0000	</row1>
			<row2>	1.0000 0.0000 0.0000 0.0000	</row2>
			<row3>	0.2095 0.3519 -0.9990 1.0000	</row3>
		</transform>
	</node>
	<node>
		<identifier>	MP_WM717_Locker_INDEX_1	</identifier>
		<parent>	Scene Root	</parent>
		<transform>
			<row0>	0.0000 0.0000 1.0000 0.0000	</row0>
			<row1>	0.0000 1.0000 0.0000 0.0000	</row1>
			<row2>	-1.0000 0.0000 0.0000 0.0000	</row2>
			<row3>	-0.2572 0.3498 -0.9783 1.0000	</row3>
		</transform>
	</node>
	<node>
		<identifier>	MP_WM717_Locker_INDEX_2	</identifier>
		<parent>	Scene Root	</parent>
		<transform>
			<row0>	0.9495 0.0000 0.3136 0.0000	</row0>
			<row1>	0.0000 1.0000 0.0000 0.0000	</row1>
			<row2>	-0.3136 0.0000 0.9495 0.0000	</row2>
			<row3>	-0.0579 0.3565 -0.8584 1.0000	</row3>
		</transform>
	</node>
	<node>
		<identifier>	MP_WM717_Locker_INDEX_3	</identifier>
		<parent>	Scene Root	</parent>
		<transform>
			<row0>	0.9495 0.0000 -0.3136 0.0000	</row0>
			<row1>	0.0000 1.0000 0.0000 0.0000	</row1>
			<row2>	0.3136 0.0000 0.9495 0.0000	</row2>
			<row3>	0.0579 0.3565 -0.8584 1.0000	</row3>
		</transform>
	</node>
	<node>
		<identifier>	MP_WM719_Locker	</identifier>
		<parent>	Scene Root	</parent>
		<transform>
			<row0>	0.0000 0.0000 1.0000 0.0000	</row0>
			<row1>	0.0000 1.0000 0.0000 0.0000	</row1>
			<row2>	-1.0000 0.0000 0.0000 0.0000	</row2>
			<row3>	0.1175 0.1720 -2.6952 1.0000	</row3>
		</transform>
	</node>
	<node>
		<identifier>	MP_WM719_Locker_INDEX_1	</identifier>
		<parent>	Scene Root	</parent>
		<transform>
			<row0>	1.0000 0.0000 0.0000 0.0000	</row0>
			<row1>	0.0000 1.0000 0.0000 0.0000	</row1>
			<row2>	0.0000 0.0000 1.0000 0.0000	</row2>
			<row3>	-0.1157 0.3236 -1.8826 1.0000	</row3>
		</transform>
	</node>
	<node>
		<identifier>	MP_WM719_Locker_INDEX_2	</identifier>
		<parent>	Scene Root	</parent>
		<transform>
			<row0>	0.0000 0.0000 -1.0000 0.0000	</row0>
			<row1>	0.0000 1.0000 0.0000 0.0000	</row1>
			<row2>	1.0000 0.0000 0.0000 0.0000	</row2>
			<row3>	-0.0824 0.1720 -2.6952 1.0000	</row3>
		</transform>
	</node>
	<node>
		<identifier>	MP_WM719_Locker_INDEX_3	</identifier>
		<parent>	Scene Root	</parent>
		<transform>
			<row0>	0.9326 0.0000 -0.3608 0.0000	</row0>
			<row1>	0.0000 1.0000 0.0000 0.0000	</row1>
			<row2>	0.3608 0.0000 0.9326 0.0000	</row2>
			<row3>	0.1493 0.3223 -1.9075 1.0000	</row3>
		</transform>
	</node>
	<node>
		<identifier>	MP_WM719_Locker_INDEX_4	</identifier>
		<parent>	Scene Root	</parent>
		<transform>
			<row0>	-1.0000 0.0000 0.0000 0.0000	</row0>
			<row1>	0.0000 1.0000 0.0000 0.0000	</row1>
			<row2>	0.0000 0.0000 -1.0000 0.0000	</row2>
			<row3>	-0.0262 0.3266 -2.5509 1.0000	</row3>
		</transform>
	</node>
	<node>
		<identifier>	MP_WM758_24in_round_hatch	</identifier>
		<parent>	Scene Root	</parent>
		<transform>
			<row0>	-1.0000 0.0000 0.0000 0.0000	</row0>
			<row1>	0.0000 1.0000 0.0000 0.0000	</row1>
			<row2>	0.0000 0.0000 -1.0000 0.0000	</row2>
			<row3>	0.0815 0.3241 -2.6442 1.0000	</row3>
		</transform>
	</node>
	<node>
		<identifier>	MP_WM804_Ventilators_mushroom	</identifier>
		<parent>	Scene Root	</parent>
		<transform>
			<row0>	-1.0000 0.0000 0.0000 0.0000	</row0>
			<row1>	0.0000 1.0000 0.0000 0.0000	</row1>
			<row2>	0.0000 0.0000 -1.0000 0.0000	</row2>
			<row3>	0.1082 0.3064 -1.9105 1.0000	</row3>
		</transform>
	</node>
	<node>
		<identifier>	MP_WM804_Ventilators_mushroom_INDEX_1	</identifier>
		<parent>	Scene Root	</parent>
		<transform>
			<row0>	-1.0000 0.0000 0.0000 0.0000	</row0>
			<row1>	0.0000 1.0000 0.0000 0.0000	</row1>
			<row2>	0.0000 0.0000 -1.0000 0.0000	</row2>
			<row3>	0.1256 0.3064 -1.8638 1.0000	</row3>
		</transform>
	</node>
	<node>
		<identifier>	MP_WM804_Ventilators_mushroom_INDEX_2	</identifier>
		<parent>	Scene Root	</parent>
		<transform>
			<row0>	1.1741 0.0000 0.0000 0.0000	</row0>
			<row1>	0.0000 1.1741 0.0000 0.0000	</row1>
			<row2>	0.0000 0.0000 1.1741 0.0000	</row2>
			<row3>	0.0178 0.3118 -2.4829 1.0000	</row3>
		</transform>
	</node>
	<node>
		<identifier>	MP_WM804_Ventilators_mushroom_INDEX_3	</identifier>
		<parent>	Scene Root	</parent>
		<transform>
			<row0>	-1.1200 0.0000 0.0000 0.0000	</row0>
			<row1>	0.0000 1.1200 0.0000 0.0000	</row1>
			<row2>	0.0000 0.0000 -1.1200 0.0000	</row2>
			<row3>	-0.1556 0.3064 -1.8883 1.0000	</row3>
		</transform>
	</node>
</WSD021_Stord_1943_MidBack.skel_ext>
