<ISB012_Andrea_Doria_1940_Bow.skel_ext>
	<exported>	true	</exported>
	<node>
		<identifier>	MP_CM014_Fuel_Oil_Hose	</identifier>
		<parent>	Scene Root	</parent>
		<transform>
			<row0>	0.8190 0.0000 0.5738 0.0000	</row0>
			<row1>	0.0000 1.0000 0.0000 0.0000	</row1>
			<row2>	-0.5738 0.0000 0.8190 0.0000	</row2>
			<row3>	-0.2816 0.4468 2.7333 1.0000	</row3>
		</transform>
	</node>
	<node>
		<identifier>	MP_CM014_Fuel_Oil_Hose_INDEX_1	</identifier>
		<parent>	Scene Root	</parent>
		<transform>
			<row0>	-0.8270 0.0000 0.5622 0.0000	</row0>
			<row1>	0.0000 1.0000 0.0000 0.0000	</row1>
			<row2>	-0.5622 0.0000 -0.8270 0.0000	</row2>
			<row3>	0.2805 0.4468 2.7319 1.0000	</row3>
		</transform>
	</node>
	<node>
		<identifier>	MP_CM126_Cleat	</identifier>
		<parent>	Scene Root	</parent>
		<transform>
			<row0>	-0.9993 0.0000 -0.0376 0.0000	</row0>
			<row1>	0.0000 1.0000 0.0000 0.0000	</row1>
			<row2>	0.0376 0.0000 -0.9993 0.0000	</row2>
			<row3>	0.7125 0.4008 2.7295 1.0000	</row3>
		</transform>
	</node>
	<node>
		<identifier>	MP_CM126_Cleat_INDEX_1	</identifier>
		<parent>	Scene Root	</parent>
		<transform>
			<row0>	-0.9993 0.0000 0.0376 0.0000	</row0>
			<row1>	0.0000 1.0000 0.0000 0.0000	</row1>
			<row2>	-0.0376 0.0000 -0.9993 0.0000	</row2>
			<row3>	-0.7125 0.4008 2.7295 1.0000	</row3>
		</transform>
	</node>
	<node>
		<identifier>	MP_CM137_Anchor_Up	</identifier>
		<parent>	Scene Root	</parent>
		<transform>
			<row0>	0.3740 0.9822 0.0917 0.0000	</row0>
			<row1>	-0.0933 0.1328 -1.0424 0.0000	</row1>
			<row2>	-0.9821 0.3614 0.1339 0.0000	</row2>
			<row3>	0.2490 0.4410 5.7467 1.0000	</row3>
		</transform>
	</node>
	<node>
		<identifier>	MP_CM137_Anchor_Up_INDEX_1	</identifier>
		<parent>	Scene Root	</parent>
		<transform>
			<row0>	0.3740 -0.9822 -0.0917 0.0000	</row0>
			<row1>	0.0933 0.1328 -1.0424 0.0000	</row1>
			<row2>	0.9821 0.3614 0.1339 0.0000	</row2>
			<row3>	-0.2490 0.4410 5.7467 1.0000	</row3>
		</transform>
	</node>
	<node>
		<identifier>	MP_CM138_Anchor_Bottom	</identifier>
		<parent>	Scene Root	</parent>
		<transform>
			<row0>	0.3705 -0.9794 -0.1258 0.0000	</row0>
			<row1>	-0.2037 0.0557 -1.0334 0.0000	</row1>
			<row2>	0.9662 0.3873 -0.1696 0.0000	</row2>
			<row3>	-0.2499 0.4396 5.7478 1.0000	</row3>
		</transform>
	</node>
	<node>
		<identifier>	MP_CM138_Anchor_Bottom_INDEX_1	</identifier>
		<parent>	Scene Root	</parent>
		<transform>
			<row0>	0.3705 0.9794 0.1258 0.0000	</row0>
			<row1>	0.2037 0.0557 -1.0334 0.0000	</row1>
			<row2>	-0.9662 0.3873 -0.1696 0.0000	</row2>
			<row3>	0.2499 0.4396 5.7478 1.0000	</row3>
		</transform>
	</node>
	<node>
		<identifier>	MP_IM026_Reels	</identifier>
		<parent>	Scene Root	</parent>
		<transform>
			<row0>	1.0000 0.0000 0.0000 0.0000	</row0>
			<row1>	0.0000 1.0000 0.0000 0.0000	</row1>
			<row2>	0.0000 0.0000 1.0000 0.0000	</row2>
			<row3>	0.1117 0.3906 3.6011 1.0000	</row3>
		</transform>
	</node>
	<node>
		<identifier>	MP_IM026_Reels_INDEX_1	</identifier>
		<parent>	Scene Root	</parent>
		<transform>
			<row0>	1.2130 0.0000 0.0000 0.0000	</row0>
			<row1>	0.0000 1.2130 0.0000 0.0000	</row1>
			<row2>	0.0000 0.0000 1.2130 0.0000	</row2>
			<row3>	-0.1117 0.3894 3.4363 1.0000	</row3>
		</transform>
	</node>
	<node>
		<identifier>	MP_IM026_Reels_INDEX_2	</identifier>
		<parent>	Scene Root	</parent>
		<transform>
			<row0>	1.0000 0.0000 0.0000 0.0000	</row0>
			<row1>	0.0000 1.0000 0.0000 0.0000	</row1>
			<row2>	0.0000 0.0000 1.0000 0.0000	</row2>
			<row3>	-0.1117 0.3906 3.6011 1.0000	</row3>
		</transform>
	</node>
	<node>
		<identifier>	MP_IM026_Reels_INDEX_3	</identifier>
		<parent>	Scene Root	</parent>
		<transform>
			<row0>	0.8000 0.0000 0.0000 0.0000	</row0>
			<row1>	0.0000 0.8000 0.0000 0.0000	</row1>
			<row2>	0.0000 0.0000 0.8000 0.0000	</row2>
			<row3>	0.0537 0.3957 3.8558 1.0000	</row3>
		</transform>
	</node>
	<node>
		<identifier>	MP_IM026_Reels_INDEX_4	</identifier>
		<parent>	Scene Root	</parent>
		<transform>
			<row0>	0.8000 0.0000 0.0000 0.0000	</row0>
			<row1>	0.0000 0.8000 0.0000 0.0000	</row1>
			<row2>	0.0000 0.0000 0.8000 0.0000	</row2>
			<row3>	-0.0537 0.3957 3.8558 1.0000	</row3>
		</transform>
	</node>
	<node>
		<identifier>	MP_IM026_Reels_INDEX_5	</identifier>
		<parent>	Scene Root	</parent>
		<transform>
			<row0>	1.2134 0.0000 0.0000 0.0000	</row0>
			<row1>	0.0000 1.2134 0.0000 0.0000	</row1>
			<row2>	0.0000 0.0000 1.2134 0.0000	</row2>
			<row3>	0.1117 0.3894 3.4342 1.0000	</row3>
		</transform>
	</node>
	<node>
		<identifier>	MP_IM031_Fire_Fighting	</identifier>
		<parent>	Scene Root	</parent>
		<transform>
			<row0>	0.7706 0.0000 0.6373 0.0000	</row0>
			<row1>	0.0000 1.0000 0.0000 0.0000	</row1>
			<row2>	-0.6373 0.0000 0.7706 0.0000	</row2>
			<row3>	-0.1966 0.4032 3.2089 1.0000	</row3>
		</transform>
	</node>
	<node>
		<identifier>	MP_IM031_Fire_Fighting_INDEX_1	</identifier>
		<parent>	Scene Root	</parent>
		<transform>
			<row0>	0.7706 0.0000 -0.6373 0.0000	</row0>
			<row1>	0.0000 1.0000 0.0000 0.0000	</row1>
			<row2>	0.6373 0.0000 0.7706 0.0000	</row2>
			<row3>	0.1966 0.4032 3.2089 1.0000	</row3>
		</transform>
	</node>
	<node>
		<identifier>	MP_IM032_Fire_Hose	</identifier>
		<parent>	Scene Root	</parent>
		<transform>
			<row0>	0.7706 0.0000 0.6373 0.0000	</row0>
			<row1>	0.0000 1.0000 0.0000 0.0000	</row1>
			<row2>	-0.6373 0.0000 0.7706 0.0000	</row2>
			<row3>	-0.2064 0.4503 3.1801 1.0000	</row3>
		</transform>
	</node>
	<node>
		<identifier>	MP_IM032_Fire_Hose_INDEX_1	</identifier>
		<parent>	Scene Root	</parent>
		<transform>
			<row0>	0.7706 0.0000 -0.6373 0.0000	</row0>
			<row1>	0.0000 1.0000 0.0000 0.0000	</row1>
			<row2>	0.6373 0.0000 0.7706 0.0000	</row2>
			<row3>	0.2064 0.4503 3.1801 1.0000	</row3>
		</transform>
	</node>
	<node>
		<identifier>	MP_IM033_Life_Buoy	</identifier>
		<parent>	Scene Root	</parent>
		<transform>
			<row0>	-0.1282 0.0000 0.9917 0.0000	</row0>
			<row1>	0.0000 1.0000 0.0000 0.0000	</row1>
			<row2>	-0.9917 0.0000 -0.1282 0.0000	</row2>
			<row3>	0.5811 0.4653 3.9795 1.0000	</row3>
		</transform>
	</node>
	<node>
		<identifier>	MP_IM033_Life_Buoy_INDEX_1	</identifier>
		<parent>	Scene Root	</parent>
		<transform>
			<row0>	-0.1923 0.0000 0.9813 0.0000	</row0>
			<row1>	0.0000 1.0000 0.0000 0.0000	</row1>
			<row2>	-0.9813 0.0000 -0.1923 0.0000	</row2>
			<row3>	0.3586 0.5036 5.3417 1.0000	</row3>
		</transform>
	</node>
	<node>
		<identifier>	MP_IM033_Life_Buoy_INDEX_2	</identifier>
		<parent>	Scene Root	</parent>
		<transform>
			<row0>	-0.1923 0.0000 -0.9813 0.0000	</row0>
			<row1>	0.0000 1.0000 0.0000 0.0000	</row1>
			<row2>	0.9813 0.0000 -0.1923 0.0000	</row2>
			<row3>	-0.3586 0.5036 5.3417 1.0000	</row3>
		</transform>
	</node>
	<node>
		<identifier>	MP_IM033_Life_Buoy_INDEX_3	</identifier>
		<parent>	Scene Root	</parent>
		<transform>
			<row0>	-0.1282 0.0000 -0.9917 0.0000	</row0>
			<row1>	0.0000 1.0000 0.0000 0.0000	</row1>
			<row2>	0.9917 0.0000 -0.1282 0.0000	</row2>
			<row3>	-0.5811 0.4653 3.9795 1.0000	</row3>
		</transform>
	</node>
	<node>
		<identifier>	MP_IM042_Star	</identifier>
		<parent>	Scene Root	</parent>
		<transform>
			<row0>	0.9285 0.0000 0.0000 0.0000	</row0>
			<row1>	0.0000 0.8474 0.2186 0.0000	</row1>
			<row2>	0.0000 -0.1498 0.5805 0.0000	</row2>
			<row3>	0.0000 0.4470 6.3339 1.0000	</row3>
		</transform>
	</node>
	<node>
		<identifier>	MP_IM505_Baltello_M4_5	</identifier>
		<parent>	Scene Root	</parent>
		<transform>
			<row0>	0.9910 0.0000 -0.1340 0.0000	</row0>
			<row1>	0.0000 1.0000 0.0000 0.0000	</row1>
			<row2>	0.1340 0.0000 0.9910 0.0000	</row2>
			<row3>	-0.5106 0.4048 3.5231 1.0000	</row3>
		</transform>
	</node>
	<node>
		<identifier>	MP_IM505_Baltello_M4_5_INDEX_1	</identifier>
		<parent>	Scene Root	</parent>
		<transform>
			<row0>	0.9910 0.0000 0.1340 0.0000	</row0>
			<row1>	0.0000 1.0000 0.0000 0.0000	</row1>
			<row2>	-0.1340 0.0000 0.9910 0.0000	</row2>
			<row3>	0.5106 0.4048 3.5231 1.0000	</row3>
		</transform>
	</node>
	<node>
		<identifier>	MP_IM520_Plate_3m	</identifier>
		<parent>	Scene Root	</parent>
		<transform>
			<row0>	-0.9953 0.0000 -0.0964 0.0000	</row0>
			<row1>	0.0000 -1.0000 0.0000 0.0000	</row1>
			<row2>	-0.0964 0.0000 0.9953 0.0000	</row2>
			<row3>	0.5982 0.4559 2.9619 1.0000	</row3>
		</transform>
	</node>
	<node>
		<identifier>	MP_IM520_Plate_3m_INDEX_1	</identifier>
		<parent>	Scene Root	</parent>
		<transform>
			<row0>	-0.9953 0.0000 0.0964 0.0000	</row0>
			<row1>	0.0000 -1.0000 0.0000 0.0000	</row1>
			<row2>	0.0964 0.0000 0.9953 0.0000	</row2>
			<row3>	-0.5982 0.4559 2.9619 1.0000	</row3>
		</transform>
	</node>
	<node>
		<identifier>	MP_IM801_Ventelation	</identifier>
		<parent>	Scene Root	</parent>
		<transform>
			<row0>	1.0000 0.0000 0.0000 0.0000	</row0>
			<row1>	0.0000 1.0000 0.0000 0.0000	</row1>
			<row2>	0.0000 0.0000 1.0000 0.0000	</row2>
			<row3>	-0.0371 0.3900 3.5099 1.0000	</row3>
		</transform>
	</node>
	<node>
		<identifier>	MP_IM801_Ventelation_INDEX_1	</identifier>
		<parent>	Scene Root	</parent>
		<transform>
			<row0>	1.0000 0.0000 0.0000 0.0000	</row0>
			<row1>	0.0000 1.0000 0.0000 0.0000	</row1>
			<row2>	0.0000 0.0000 1.0000 0.0000	</row2>
			<row3>	0.3658 0.4004 2.9203 1.0000	</row3>
		</transform>
	</node>
	<node>
		<identifier>	MP_IM801_Ventelation_INDEX_10	</identifier>
		<parent>	Scene Root	</parent>
		<transform>
			<row0>	1.0000 0.0000 0.0000 0.0000	</row0>
			<row1>	0.0000 1.0000 0.0000 0.0000	</row1>
			<row2>	0.0000 0.0000 1.0000 0.0000	</row2>
			<row3>	-0.2193 0.4052 4.3822 1.0000	</row3>
		</transform>
	</node>
	<node>
		<identifier>	MP_IM801_Ventelation_INDEX_11	</identifier>
		<parent>	Scene Root	</parent>
		<transform>
			<row0>	1.0000 0.0000 0.0000 0.0000	</row0>
			<row1>	0.0000 1.0000 0.0000 0.0000	</row1>
			<row2>	0.0000 0.0000 1.0000 0.0000	</row2>
			<row3>	-0.5856 0.3936 3.7350 1.0000	</row3>
		</transform>
	</node>
	<node>
		<identifier>	MP_IM801_Ventelation_INDEX_12	</identifier>
		<parent>	Scene Root	</parent>
		<transform>
			<row0>	1.0000 0.0000 0.0000 0.0000	</row0>
			<row1>	0.0000 1.0000 0.0000 0.0000	</row1>
			<row2>	0.0000 0.0000 1.0000 0.0000	</row2>
			<row3>	0.2611 0.4484 5.5385 1.0000	</row3>
		</transform>
	</node>
	<node>
		<identifier>	MP_IM801_Ventelation_INDEX_13	</identifier>
		<parent>	Scene Root	</parent>
		<transform>
			<row0>	1.0000 0.0000 0.0000 0.0000	</row0>
			<row1>	0.0000 1.0000 0.0000 0.0000	</row1>
			<row2>	0.0000 0.0000 1.0000 0.0000	</row2>
			<row3>	-0.4136 0.4172 4.7387 1.0000	</row3>
		</transform>
	</node>
	<node>
		<identifier>	MP_IM801_Ventelation_INDEX_14	</identifier>
		<parent>	Scene Root	</parent>
		<transform>
			<row0>	1.0000 0.0000 0.0000 0.0000	</row0>
			<row1>	0.0000 1.0000 0.0000 0.0000	</row1>
			<row2>	0.0000 0.0000 1.0000 0.0000	</row2>
			<row3>	-0.5040 0.4019 4.2065 1.0000	</row3>
		</transform>
	</node>
	<node>
		<identifier>	MP_IM801_Ventelation_INDEX_15	</identifier>
		<parent>	Scene Root	</parent>
		<transform>
			<row0>	1.0000 0.0000 0.0000 0.0000	</row0>
			<row1>	0.0000 1.0000 0.0000 0.0000	</row1>
			<row2>	0.0000 0.0000 1.0000 0.0000	</row2>
			<row3>	-0.0203 0.3936 3.7931 1.0000	</row3>
		</transform>
	</node>
	<node>
		<identifier>	MP_IM801_Ventelation_INDEX_16	</identifier>
		<parent>	Scene Root	</parent>
		<transform>
			<row0>	1.0000 0.0000 0.0000 0.0000	</row0>
			<row1>	0.0000 1.0000 0.0000 0.0000	</row1>
			<row2>	0.0000 0.0000 1.0000 0.0000	</row2>
			<row3>	-0.6565 0.3849 3.2066 1.0000	</row3>
		</transform>
	</node>
	<node>
		<identifier>	MP_IM801_Ventelation_INDEX_17	</identifier>
		<parent>	Scene Root	</parent>
		<transform>
			<row0>	1.0000 0.0000 0.0000 0.0000	</row0>
			<row1>	0.0000 1.0000 0.0000 0.0000	</row1>
			<row2>	0.0000 0.0000 1.0000 0.0000	</row2>
			<row3>	-0.2621 0.4484 5.5385 1.0000	</row3>
		</transform>
	</node>
	<node>
		<identifier>	MP_IM801_Ventelation_INDEX_18	</identifier>
		<parent>	Scene Root	</parent>
		<transform>
			<row0>	1.0000 0.0000 0.0000 0.0000	</row0>
			<row1>	0.0000 1.0000 0.0000 0.0000	</row1>
			<row2>	0.0000 0.0000 1.0000 0.0000	</row2>
			<row3>	0.2784 0.4007 3.1501 1.0000	</row3>
		</transform>
	</node>
	<node>
		<identifier>	MP_IM801_Ventelation_INDEX_19	</identifier>
		<parent>	Scene Root	</parent>
		<transform>
			<row0>	1.0000 0.0000 0.0000 0.0000	</row0>
			<row1>	0.0000 1.0000 0.0000 0.0000	</row1>
			<row2>	0.0000 0.0000 1.0000 0.0000	</row2>
			<row3>	-0.3658 0.4004 2.9203 1.0000	</row3>
		</transform>
	</node>
	<node>
		<identifier>	MP_IM801_Ventelation_INDEX_2	</identifier>
		<parent>	Scene Root	</parent>
		<transform>
			<row0>	1.0000 0.0000 0.0000 0.0000	</row0>
			<row1>	0.0000 1.0000 0.0000 0.0000	</row1>
			<row2>	0.0000 0.0000 1.0000 0.0000	</row2>
			<row3>	0.1358 0.4464 5.4963 1.0000	</row3>
		</transform>
	</node>
	<node>
		<identifier>	MP_IM801_Ventelation_INDEX_20	</identifier>
		<parent>	Scene Root	</parent>
		<transform>
			<row0>	1.0000 0.0000 0.0000 0.0000	</row0>
			<row1>	0.0000 1.0000 0.0000 0.0000	</row1>
			<row2>	0.0000 0.0000 1.0000 0.0000	</row2>
			<row3>	0.3660 0.4259 5.0279 1.0000	</row3>
		</transform>
	</node>
	<node>
		<identifier>	MP_IM801_Ventelation_INDEX_21	</identifier>
		<parent>	Scene Root	</parent>
		<transform>
			<row0>	1.0000 0.0000 0.0000 0.0000	</row0>
			<row1>	0.0000 1.0000 0.0000 0.0000	</row1>
			<row2>	0.0000 0.0000 1.0000 0.0000	</row2>
			<row3>	0.5045 0.4019 4.2067 1.0000	</row3>
		</transform>
	</node>
	<node>
		<identifier>	MP_IM801_Ventelation_INDEX_3	</identifier>
		<parent>	Scene Root	</parent>
		<transform>
			<row0>	1.0000 0.0000 0.0000 0.0000	</row0>
			<row1>	0.0000 1.0000 0.0000 0.0000	</row1>
			<row2>	0.0000 0.0000 1.0000 0.0000	</row2>
			<row3>	-0.1358 0.4464 5.4963 1.0000	</row3>
		</transform>
	</node>
	<node>
		<identifier>	MP_IM801_Ventelation_INDEX_4	</identifier>
		<parent>	Scene Root	</parent>
		<transform>
			<row0>	1.0000 0.0000 0.0000 0.0000	</row0>
			<row1>	0.0000 1.0000 0.0000 0.0000	</row1>
			<row2>	0.0000 0.0000 1.0000 0.0000	</row2>
			<row3>	-0.2716 0.4004 3.1499 1.0000	</row3>
		</transform>
	</node>
	<node>
		<identifier>	MP_IM801_Ventelation_INDEX_5	</identifier>
		<parent>	Scene Root	</parent>
		<transform>
			<row0>	1.0000 0.0000 0.0000 0.0000	</row0>
			<row1>	0.0000 1.0000 0.0000 0.0000	</row1>
			<row2>	0.0000 0.0000 1.0000 0.0000	</row2>
			<row3>	0.0521 0.4004 3.2753 1.0000	</row3>
		</transform>
	</node>
	<node>
		<identifier>	MP_IM801_Ventelation_INDEX_6	</identifier>
		<parent>	Scene Root	</parent>
		<transform>
			<row0>	1.0000 0.0000 0.0000 0.0000	</row0>
			<row1>	0.0000 1.0000 0.0000 0.0000	</row1>
			<row2>	0.0000 0.0000 1.0000 0.0000	</row2>
			<row3>	-0.3650 0.4259 5.0279 1.0000	</row3>
		</transform>
	</node>
	<node>
		<identifier>	MP_IM801_Ventelation_INDEX_7	</identifier>
		<parent>	Scene Root	</parent>
		<transform>
			<row0>	1.0000 0.0000 0.0000 0.0000	</row0>
			<row1>	0.0000 1.0000 0.0000 0.0000	</row1>
			<row2>	0.0000 0.0000 1.0000 0.0000	</row2>
			<row3>	-0.1037 0.4744 6.0286 1.0000	</row3>
		</transform>
	</node>
	<node>
		<identifier>	MP_IM801_Ventelation_INDEX_8	</identifier>
		<parent>	Scene Root	</parent>
		<transform>
			<row0>	1.0000 0.0000 0.0000 0.0000	</row0>
			<row1>	0.0000 1.0000 0.0000 0.0000	</row1>
			<row2>	0.0000 0.0000 1.0000 0.0000	</row2>
			<row3>	0.5764 0.3936 3.7933 1.0000	</row3>
		</transform>
	</node>
	<node>
		<identifier>	MP_IM801_Ventelation_INDEX_9	</identifier>
		<parent>	Scene Root	</parent>
		<transform>
			<row0>	1.0000 0.0000 0.0000 0.0000	</row0>
			<row1>	0.0000 1.0000 0.0000 0.0000	</row1>
			<row2>	0.0000 0.0000 1.0000 0.0000	</row2>
			<row3>	-0.5770 0.3936 3.7931 1.0000	</row3>
		</transform>
	</node>
</ISB012_Andrea_Doria_1940_Bow.skel_ext>
