<WSB307_Thor_1952_Stern.skel_ext>
	<exported>	true	</exported>
	<node>
		<identifier>	MP_CM094_Propeller3_L	</identifier>
		<parent>	Scene Root	</parent>
		<transform>
			<row0>	0.9995 -0.0005 -0.0301 0.0000	</row0>
			<row1>	-0.0005 0.9995 -0.0328 0.0000	</row1>
			<row2>	0.0301 0.0328 0.9990 0.0000	</row2>
			<row3>	-0.4953 -0.5313 -6.3142 1.0000	</row3>
		</transform>
	</node>
	<node>
		<identifier>	MP_CM094_Propeller3_L_INDEX_1	</identifier>
		<parent>	Scene Root	</parent>
		<transform>
			<row0>	1.0000 0.0000 -0.0008 0.0000	</row0>
			<row1>	0.0000 0.9996 -0.0295 0.0000	</row1>
			<row2>	0.0008 0.0295 0.9996 0.0000	</row2>
			<row3>	-0.2276 -0.5339 -6.8724 1.0000	</row3>
		</transform>
	</node>
	<node>
		<identifier>	MP_CM095_Propeller3_R	</identifier>
		<parent>	Scene Root	</parent>
		<transform>
			<row0>	0.9995 0.0005 0.0301 0.0000	</row0>
			<row1>	0.0005 0.9995 -0.0328 0.0000	</row1>
			<row2>	-0.0301 0.0328 0.9990 0.0000	</row2>
			<row3>	0.4953 -0.5313 -6.3142 1.0000	</row3>
		</transform>
	</node>
	<node>
		<identifier>	MP_CM095_Propeller3_R_INDEX_1	</identifier>
		<parent>	Scene Root	</parent>
		<transform>
			<row0>	1.0000 0.0000 0.0008 0.0000	</row0>
			<row1>	0.0000 0.9996 -0.0295 0.0000	</row1>
			<row2>	-0.0008 0.0295 0.9996 0.0000	</row2>
			<row3>	0.2276 -0.5339 -6.8724 1.0000	</row3>
		</transform>
	</node>
	<node>
		<identifier>	MP_CM126_Cleat	</identifier>
		<parent>	Scene Root	</parent>
		<transform>
			<row0>	0.9683 0.0000 -0.2499 0.0000	</row0>
			<row1>	0.0000 1.0000 0.0000 0.0000	</row1>
			<row2>	0.2499 0.0000 0.9683 0.0000	</row2>
			<row3>	0.4988 0.3021 -7.1973 1.0000	</row3>
		</transform>
	</node>
	<node>
		<identifier>	MP_CM126_Cleat_INDEX_1	</identifier>
		<parent>	Scene Root	</parent>
		<transform>
			<row0>	0.9454 0.0000 -0.3261 0.0000	</row0>
			<row1>	0.0000 1.0000 0.0000 0.0000	</row1>
			<row2>	0.3261 0.0000 0.9454 0.0000	</row2>
			<row3>	0.3352 0.3081 -7.7598 1.0000	</row3>
		</transform>
	</node>
	<node>
		<identifier>	MP_CM126_Cleat_INDEX_2	</identifier>
		<parent>	Scene Root	</parent>
		<transform>
			<row0>	0.9683 0.0000 0.2499 0.0000	</row0>
			<row1>	0.0000 1.0000 0.0000 0.0000	</row1>
			<row2>	-0.2499 0.0000 0.9683 0.0000	</row2>
			<row3>	-0.4988 0.3021 -7.1973 1.0000	</row3>
		</transform>
	</node>
	<node>
		<identifier>	MP_CM126_Cleat_INDEX_3	</identifier>
		<parent>	Scene Root	</parent>
		<transform>
			<row0>	0.9454 0.0000 0.3261 0.0000	</row0>
			<row1>	0.0000 1.0000 0.0000 0.0000	</row1>
			<row2>	-0.3261 0.0000 0.9454 0.0000	</row2>
			<row3>	-0.3352 0.3081 -7.7598 1.0000	</row3>
		</transform>
	</node>
	<node>
		<identifier>	MP_WM004_Life_buoy	</identifier>
		<parent>	Scene Root	</parent>
		<transform>
			<row0>	-0.2133 0.0000 -0.9770 0.0000	</row0>
			<row1>	0.0000 1.0000 0.0000 0.0000	</row1>
			<row2>	0.9770 0.0000 -0.2133 0.0000	</row2>
			<row3>	0.6157 0.3675 -6.7910 1.0000	</row3>
		</transform>
	</node>
	<node>
		<identifier>	MP_WM004_Life_buoy_INDEX_1	</identifier>
		<parent>	Scene Root	</parent>
		<transform>
			<row0>	-0.4847 0.0000 -0.8747 0.0000	</row0>
			<row1>	0.0000 1.0000 0.0000 0.0000	</row1>
			<row2>	0.8747 0.0000 -0.4847 0.0000	</row2>
			<row3>	0.1952 0.3810 -8.1294 1.0000	</row3>
		</transform>
	</node>
	<node>
		<identifier>	MP_WM004_Life_buoy_INDEX_2	</identifier>
		<parent>	Scene Root	</parent>
		<transform>
			<row0>	-0.2133 0.0000 0.9770 0.0000	</row0>
			<row1>	0.0000 1.0000 0.0000 0.0000	</row1>
			<row2>	-0.9770 0.0000 -0.2133 0.0000	</row2>
			<row3>	-0.6157 0.3675 -6.7910 1.0000	</row3>
		</transform>
	</node>
	<node>
		<identifier>	MP_WM004_Life_buoy_INDEX_3	</identifier>
		<parent>	Scene Root	</parent>
		<transform>
			<row0>	-0.4847 0.0000 0.8747 0.0000	</row0>
			<row1>	0.0000 1.0000 0.0000 0.0000	</row1>
			<row2>	-0.8747 0.0000 -0.4847 0.0000	</row2>
			<row3>	-0.1952 0.3810 -8.1294 1.0000	</row3>
		</transform>
	</node>
	<node>
		<identifier>	MP_WM100_Reels_2	</identifier>
		<parent>	Scene Root	</parent>
		<transform>
			<row0>	1.0000 0.0000 0.0000 0.0000	</row0>
			<row1>	0.0000 1.0000 0.0000 0.0000	</row1>
			<row2>	0.0000 0.0000 1.0000 0.0000	</row2>
			<row3>	0.2880 0.3041 -7.1874 1.0000	</row3>
		</transform>
	</node>
	<node>
		<identifier>	MP_WM100_Reels_2_INDEX_1	</identifier>
		<parent>	Scene Root	</parent>
		<transform>
			<row0>	1.0000 0.0000 0.0000 0.0000	</row0>
			<row1>	0.0000 1.0000 0.0000 0.0000	</row1>
			<row2>	0.0000 0.0000 1.0000 0.0000	</row2>
			<row3>	-0.2880 0.3041 -7.1874 1.0000	</row3>
		</transform>
	</node>
	<node>
		<identifier>	MP_WM800_Ventilation_SW	</identifier>
		<parent>	Scene Root	</parent>
		<transform>
			<row0>	1.0000 0.0000 0.0000 0.0000	</row0>
			<row1>	0.0000 1.0000 0.0000 0.0000	</row1>
			<row2>	0.0000 0.0000 1.0000 0.0000	</row2>
			<row3>	0.1611 0.3043 -7.4120 1.0000	</row3>
		</transform>
	</node>
	<node>
		<identifier>	MP_WM800_Ventilation_SW_INDEX_1	</identifier>
		<parent>	Scene Root	</parent>
		<transform>
			<row0>	1.0000 0.0000 0.0000 0.0000	</row0>
			<row1>	0.0000 1.0000 0.0000 0.0000	</row1>
			<row2>	0.0000 0.0000 1.0000 0.0000	</row2>
			<row3>	-0.1611 0.3043 -7.3120 1.0000	</row3>
		</transform>
	</node>
	<node>
		<identifier>	MP_WM800_Ventilation_SW_INDEX_2	</identifier>
		<parent>	Scene Root	</parent>
		<transform>
			<row0>	1.0000 0.0000 0.0000 0.0000	</row0>
			<row1>	0.0000 1.0000 0.0000 0.0000	</row1>
			<row2>	0.0000 0.0000 1.0000 0.0000	</row2>
			<row3>	-0.2969 0.2992 -6.7480 1.0000	</row3>
		</transform>
	</node>
	<node>
		<identifier>	MP_WM800_Ventilation_SW_INDEX_3	</identifier>
		<parent>	Scene Root	</parent>
		<transform>
			<row0>	1.0000 0.0000 0.0000 0.0000	</row0>
			<row1>	0.0000 1.0000 0.0000 0.0000	</row1>
			<row2>	0.0000 0.0000 1.0000 0.0000	</row2>
			<row3>	0.2969 0.2988 -6.6763 1.0000	</row3>
		</transform>
	</node>
	<node>
		<identifier>	MP_WM957_Hall_Anchor_bottom	</identifier>
		<parent>	Scene Root	</parent>
		<transform>
			<row0>	1.3000 0.0000 0.0000 0.0000	</row0>
			<row1>	0.0000 1.2395 0.3919 0.0000	</row1>
			<row2>	0.0000 -0.3919 1.2395 0.0000	</row2>
			<row3>	0.0000 0.1411 -8.3255 1.0000	</row3>
		</transform>
	</node>
	<node>
		<identifier>	MP_WM958_Hall_Anchor_up	</identifier>
		<parent>	Scene Root	</parent>
		<transform>
			<row0>	1.3000 0.0000 0.0000 0.0000	</row0>
			<row1>	0.0000 0.6864 0.9502 0.0000	</row1>
			<row2>	0.0000 -1.0538 0.7612 0.0000	</row2>
			<row3>	0.0000 0.1411 -8.3255 1.0000	</row3>
		</transform>
	</node>
</WSB307_Thor_1952_Stern.skel_ext>
