<JSB041_Yashima_1945_MidBack.skel_ext>
	<exported>	true	</exported>
	<node>
		<identifier>	MP_CM011_Fire_Fighting_Gear	</identifier>
		<parent>	Scene Root	</parent>
		<transform>
			<row0>	0.0000 0.0000 1.0000 0.0000	</row0>
			<row1>	0.0000 1.0000 0.0000 0.0000	</row1>
			<row2>	-1.0000 0.0000 0.0000 0.0000	</row2>
			<row3>	1.1023 0.5691 -0.2678 1.0000	</row3>
		</transform>
	</node>
	<node>
		<identifier>	MP_CM011_Fire_Fighting_Gear_INDEX_1	</identifier>
		<parent>	Scene Root	</parent>
		<transform>
			<row0>	1.0000 0.0000 0.0000 0.0000	</row0>
			<row1>	0.0000 1.0000 0.0000 0.0000	</row1>
			<row2>	0.0000 0.0000 1.0000 0.0000	</row2>
			<row3>	0.0000 0.5687 -3.2605 1.0000	</row3>
		</transform>
	</node>
	<node>
		<identifier>	MP_CM011_Fire_Fighting_Gear_INDEX_2	</identifier>
		<parent>	Scene Root	</parent>
		<transform>
			<row0>	0.0000 0.0000 -1.0000 0.0000	</row0>
			<row1>	0.0000 1.0000 0.0000 0.0000	</row1>
			<row2>	1.0000 0.0000 0.0000 0.0000	</row2>
			<row3>	-1.1023 0.5691 -0.2678 1.0000	</row3>
		</transform>
	</node>
	<node>
		<identifier>	MP_CM011_Fire_Fighting_Gear_INDEX_3	</identifier>
		<parent>	Scene Root	</parent>
		<transform>
			<row0>	0.0000 0.0000 1.0000 0.0000	</row0>
			<row1>	0.0000 1.0000 0.0000 0.0000	</row1>
			<row2>	-1.0000 0.0000 0.0000 0.0000	</row2>
			<row3>	1.1023 0.5691 -1.6484 1.0000	</row3>
		</transform>
	</node>
	<node>
		<identifier>	MP_CM011_Fire_Fighting_Gear_INDEX_4	</identifier>
		<parent>	Scene Root	</parent>
		<transform>
			<row0>	0.0000 0.0000 -1.0000 0.0000	</row0>
			<row1>	0.0000 1.0000 0.0000 0.0000	</row1>
			<row2>	1.0000 0.0000 0.0000 0.0000	</row2>
			<row3>	-1.1023 0.5691 -1.6484 1.0000	</row3>
		</transform>
	</node>
	<node>
		<identifier>	MP_CM013_Fire_Hose_Rack_2	</identifier>
		<parent>	Scene Root	</parent>
		<transform>
			<row0>	-0.1311 0.0000 0.9914 0.0000	</row0>
			<row1>	0.0000 1.0000 0.0000 0.0000	</row1>
			<row2>	-0.9914 0.0000 -0.1311 0.0000	</row2>
			<row3>	0.0234 0.6361 -3.2407 1.0000	</row3>
		</transform>
	</node>
	<node>
		<identifier>	MP_CM013_Fire_Hose_Rack_2_INDEX_1	</identifier>
		<parent>	Scene Root	</parent>
		<transform>
			<row0>	1.0000 0.0000 0.0000 0.0000	</row0>
			<row1>	0.0000 1.0000 0.0000 0.0000	</row1>
			<row2>	0.0000 0.0000 1.0000 0.0000	</row2>
			<row3>	-1.0939 0.6361 -0.2839 1.0000	</row3>
		</transform>
	</node>
	<node>
		<identifier>	MP_CM013_Fire_Hose_Rack_2_INDEX_2	</identifier>
		<parent>	Scene Root	</parent>
		<transform>
			<row0>	1.0000 0.0000 0.0000 0.0000	</row0>
			<row1>	0.0000 1.0000 0.0000 0.0000	</row1>
			<row2>	0.0000 0.0000 1.0000 0.0000	</row2>
			<row3>	-1.0939 0.6361 -1.6645 1.0000	</row3>
		</transform>
	</node>
	<node>
		<identifier>	MP_CM013_Fire_Hose_Rack_2_INDEX_3	</identifier>
		<parent>	Scene Root	</parent>
		<transform>
			<row0>	-1.0000 0.0000 0.0000 0.0000	</row0>
			<row1>	0.0000 1.0000 0.0000 0.0000	</row1>
			<row2>	0.0000 0.0000 -1.0000 0.0000	</row2>
			<row3>	1.0939 0.6361 -1.6645 1.0000	</row3>
		</transform>
	</node>
	<node>
		<identifier>	MP_CM013_Fire_Hose_Rack_2_INDEX_4	</identifier>
		<parent>	Scene Root	</parent>
		<transform>
			<row0>	-1.0000 0.0000 0.0000 0.0000	</row0>
			<row1>	0.0000 1.0000 0.0000 0.0000	</row1>
			<row2>	0.0000 0.0000 -1.0000 0.0000	</row2>
			<row3>	1.0939 0.6361 -0.2839 1.0000	</row3>
		</transform>
	</node>
	<node>
		<identifier>	MP_CM014_Fuel_Oil_Hose	</identifier>
		<parent>	Scene Root	</parent>
		<transform>
			<row0>	-1.0000 0.0000 0.0000 0.0000	</row0>
			<row1>	0.0000 1.0000 0.0000 0.0000	</row1>
			<row2>	0.0000 0.0000 -1.0000 0.0000	</row2>
			<row3>	1.0952 0.6340 -0.1696 1.0000	</row3>
		</transform>
	</node>
	<node>
		<identifier>	MP_CM014_Fuel_Oil_Hose_INDEX_1	</identifier>
		<parent>	Scene Root	</parent>
		<transform>
			<row0>	-1.0000 0.0000 0.0000 0.0000	</row0>
			<row1>	0.0000 1.0000 0.0000 0.0000	</row1>
			<row2>	0.0000 0.0000 -1.0000 0.0000	</row2>
			<row3>	1.0952 0.6053 -0.1696 1.0000	</row3>
		</transform>
	</node>
	<node>
		<identifier>	MP_CM014_Fuel_Oil_Hose_INDEX_2	</identifier>
		<parent>	Scene Root	</parent>
		<transform>
			<row0>	1.0000 0.0000 0.0000 0.0000	</row0>
			<row1>	0.0000 1.0000 0.0000 0.0000	</row1>
			<row2>	0.0000 0.0000 1.0000 0.0000	</row2>
			<row3>	-1.0952 0.6340 -0.1696 1.0000	</row3>
		</transform>
	</node>
	<node>
		<identifier>	MP_CM014_Fuel_Oil_Hose_INDEX_3	</identifier>
		<parent>	Scene Root	</parent>
		<transform>
			<row0>	1.0000 0.0000 0.0000 0.0000	</row0>
			<row1>	0.0000 1.0000 0.0000 0.0000	</row1>
			<row2>	0.0000 0.0000 1.0000 0.0000	</row2>
			<row3>	-1.0952 0.6053 -0.1696 1.0000	</row3>
		</transform>
	</node>
	<node>
		<identifier>	MP_CM030_Swab_Rack_2	</identifier>
		<parent>	Scene Root	</parent>
		<transform>
			<row0>	0.0000 0.0000 -1.0000 0.0000	</row0>
			<row1>	0.0000 1.0000 0.0000 0.0000	</row1>
			<row2>	1.0000 0.0000 0.0000 0.0000	</row2>
			<row3>	0.4621 0.7633 -0.6978 1.0000	</row3>
		</transform>
	</node>
	<node>
		<identifier>	MP_CM030_Swab_Rack_2_INDEX_1	</identifier>
		<parent>	Scene Root	</parent>
		<transform>
			<row0>	-0.1895 0.0000 -0.9819 0.0000	</row0>
			<row1>	0.0000 1.0000 0.0000 0.0000	</row1>
			<row2>	0.9819 0.0000 -0.1895 0.0000	</row2>
			<row3>	0.6385 0.5691 -2.3175 1.0000	</row3>
		</transform>
	</node>
	<node>
		<identifier>	MP_CM030_Swab_Rack_2_INDEX_2	</identifier>
		<parent>	Scene Root	</parent>
		<transform>
			<row0>	-0.1895 0.0000 0.9819 0.0000	</row0>
			<row1>	0.0000 1.0000 0.0000 0.0000	</row1>
			<row2>	-0.9819 0.0000 -0.1895 0.0000	</row2>
			<row3>	-0.6385 0.5691 -2.3175 1.0000	</row3>
		</transform>
	</node>
	<node>
		<identifier>	MP_CM030_Swab_Rack_2_INDEX_3	</identifier>
		<parent>	Scene Root	</parent>
		<transform>
			<row0>	0.0000 0.0000 1.0000 0.0000	</row0>
			<row1>	0.0000 1.0000 0.0000 0.0000	</row1>
			<row2>	-1.0000 0.0000 0.0000 0.0000	</row2>
			<row3>	-0.4621 0.7633 -0.6967 1.0000	</row3>
		</transform>
	</node>
	<node>
		<identifier>	MP_CM052_Fender	</identifier>
		<parent>	Scene Root	</parent>
		<transform>
			<row0>	0.0000 0.0000 -0.9000 0.0000	</row0>
			<row1>	0.0000 0.9000 0.0000 0.0000	</row1>
			<row2>	0.9000 0.0000 0.0000 0.0000	</row2>
			<row3>	0.3987 0.5696 -2.8295 1.0000	</row3>
		</transform>
	</node>
	<node>
		<identifier>	MP_CM052_Fender_INDEX_1	</identifier>
		<parent>	Scene Root	</parent>
		<transform>
			<row0>	0.7308 0.0000 0.5253 0.0000	</row0>
			<row1>	0.0000 0.9000 0.0000 0.0000	</row1>
			<row2>	-0.5253 0.0000 0.7308 0.0000	</row2>
			<row3>	-1.1099 0.5695 -0.6734 1.0000	</row3>
		</transform>
	</node>
	<node>
		<identifier>	MP_CM052_Fender_INDEX_2	</identifier>
		<parent>	Scene Root	</parent>
		<transform>
			<row0>	0.7308 0.0000 -0.5253 0.0000	</row0>
			<row1>	0.0000 0.9000 0.0000 0.0000	</row1>
			<row2>	0.5253 0.0000 0.7308 0.0000	</row2>
			<row3>	1.1099 0.5695 -0.6734 1.0000	</row3>
		</transform>
	</node>
	<node>
		<identifier>	MP_CM052_Fender_INDEX_3	</identifier>
		<parent>	Scene Root	</parent>
		<transform>
			<row0>	-0.2538 0.0000 0.8635 0.0000	</row0>
			<row1>	0.0000 0.9000 0.0000 0.0000	</row1>
			<row2>	-0.8635 0.0000 -0.2538 0.0000	</row2>
			<row3>	-0.3532 0.5696 -3.0901 1.0000	</row3>
		</transform>
	</node>
	<node>
		<identifier>	MP_CM060_Flag_Box	</identifier>
		<parent>	Scene Root	</parent>
		<transform>
			<row0>	0.9500 0.0000 0.0000 0.0000	</row0>
			<row1>	0.0000 0.9500 0.0000 0.0000	</row1>
			<row2>	0.0000 0.0000 0.9500 0.0000	</row2>
			<row3>	0.1336 1.5114 -0.4174 1.0000	</row3>
		</transform>
	</node>
	<node>
		<identifier>	MP_CM060_Flag_Box_INDEX_1	</identifier>
		<parent>	Scene Root	</parent>
		<transform>
			<row0>	0.9500 0.0000 0.0000 0.0000	</row0>
			<row1>	0.0000 0.9500 0.0000 0.0000	</row1>
			<row2>	0.0000 0.0000 0.9500 0.0000	</row2>
			<row3>	-0.1336 1.5114 -0.4174 1.0000	</row3>
		</transform>
	</node>
	<node>
		<identifier>	MP_CM092_Siren	</identifier>
		<parent>	Scene Root	</parent>
		<transform>
			<row0>	0.4562 0.0000 0.8899 0.0000	</row0>
			<row1>	0.0000 1.0000 0.0000 0.0000	</row1>
			<row2>	-0.8899 0.0000 0.4562 0.0000	</row2>
			<row3>	-0.1257 1.7824 -1.1466 1.0000	</row3>
		</transform>
	</node>
	<node>
		<identifier>	MP_CM092_Siren_INDEX_1	</identifier>
		<parent>	Scene Root	</parent>
		<transform>
			<row0>	0.4562 0.0000 -0.8899 0.0000	</row0>
			<row1>	0.0000 1.0000 0.0000 0.0000	</row1>
			<row2>	0.8899 0.0000 0.4562 0.0000	</row2>
			<row3>	0.1257 1.7824 -1.1466 1.0000	</row3>
		</transform>
	</node>
	<node>
		<identifier>	MP_JM003_Searchlight_Control_1	</identifier>
		<parent>	Scene Root	</parent>
		<transform>
			<row0>	0.0000 0.0000 -0.8600 0.0000	</row0>
			<row1>	0.0000 0.8600 0.0000 0.0000	</row1>
			<row2>	0.8600 0.0000 0.0000 0.0000	</row2>
			<row3>	0.2778 1.5237 -0.0029 1.0000	</row3>
		</transform>
	</node>
	<node>
		<identifier>	MP_JM003_Searchlight_Control_1_INDEX_1	</identifier>
		<parent>	Scene Root	</parent>
		<transform>
			<row0>	0.0000 0.0000 0.9000 0.0000	</row0>
			<row1>	0.0000 0.9000 0.0000 0.0000	</row1>
			<row2>	-0.9000 0.0000 0.0000 0.0000	</row2>
			<row3>	-0.2759 1.8317 -0.0808 1.0000	</row3>
		</transform>
	</node>
	<node>
		<identifier>	MP_JM003_Searchlight_Control_1_INDEX_2	</identifier>
		<parent>	Scene Root	</parent>
		<transform>
			<row0>	0.0000 0.0000 0.8600 0.0000	</row0>
			<row1>	0.0000 0.8600 0.0000 0.0000	</row1>
			<row2>	-0.8600 0.0000 0.0000 0.0000	</row2>
			<row3>	-0.2778 1.5237 -0.0029 1.0000	</row3>
		</transform>
	</node>
	<node>
		<identifier>	MP_JM003_Searchlight_Control_1_INDEX_3	</identifier>
		<parent>	Scene Root	</parent>
		<transform>
			<row0>	0.0000 0.0000 -0.9000 0.0000	</row0>
			<row1>	0.0000 0.9000 0.0000 0.0000	</row1>
			<row2>	0.9000 0.0000 0.0000 0.0000	</row2>
			<row3>	0.2759 1.8317 -0.0808 1.0000	</row3>
		</transform>
	</node>
	<node>
		<identifier>	MP_JM003_Searchlight_Control_1_INDEX_4	</identifier>
		<parent>	Scene Root	</parent>
		<transform>
			<row0>	0.0000 0.0000 -0.9000 0.0000	</row0>
			<row1>	0.0000 0.9000 0.0000 0.0000	</row1>
			<row2>	0.9000 0.0000 0.0000 0.0000	</row2>
			<row3>	0.1966 1.8787 -0.1800 1.0000	</row3>
		</transform>
	</node>
	<node>
		<identifier>	MP_JM003_Searchlight_Control_1_INDEX_5	</identifier>
		<parent>	Scene Root	</parent>
		<transform>
			<row0>	0.0000 0.0000 0.9000 0.0000	</row0>
			<row1>	0.0000 0.9000 0.0000 0.0000	</row1>
			<row2>	-0.9000 0.0000 0.0000 0.0000	</row2>
			<row3>	-0.1966 1.8787 -0.1800 1.0000	</row3>
		</transform>
	</node>
	<node>
		<identifier>	MP_JM008_Searchlight	</identifier>
		<parent>	Scene Root	</parent>
		<transform>
			<row0>	0.0000 0.0000 -0.6000 0.0000	</row0>
			<row1>	0.0000 0.6000 0.0000 0.0000	</row1>
			<row2>	0.6000 0.0000 0.0000 0.0000	</row2>
			<row3>	-0.2275 2.3045 -0.1389 1.0000	</row3>
		</transform>
	</node>
	<node>
		<identifier>	MP_JM008_Searchlight_INDEX_1	</identifier>
		<parent>	Scene Root	</parent>
		<transform>
			<row0>	0.0000 0.0000 1.5976 0.0000	</row0>
			<row1>	0.0000 1.5976 0.0000 0.0000	</row1>
			<row2>	-1.5976 0.0000 0.0000 0.0000	</row2>
			<row3>	0.2877 1.2062 -2.0843 1.0000	</row3>
		</transform>
	</node>
	<node>
		<identifier>	MP_JM008_Searchlight_INDEX_2	</identifier>
		<parent>	Scene Root	</parent>
		<transform>
			<row0>	0.0000 0.0000 1.5976 0.0000	</row0>
			<row1>	0.0000 1.5976 0.0000 0.0000	</row1>
			<row2>	-1.5976 0.0000 0.0000 0.0000	</row2>
			<row3>	0.1218 1.2765 -0.5238 1.0000	</row3>
		</transform>
	</node>
	<node>
		<identifier>	MP_JM008_Searchlight_INDEX_3	</identifier>
		<parent>	Scene Root	</parent>
		<transform>
			<row0>	0.0000 0.0000 -1.5976 0.0000	</row0>
			<row1>	0.0000 1.5976 0.0000 0.0000	</row1>
			<row2>	1.5976 0.0000 0.0000 0.0000	</row2>
			<row3>	-0.2877 1.2062 -2.0843 1.0000	</row3>
		</transform>
	</node>
	<node>
		<identifier>	MP_JM008_Searchlight_INDEX_4	</identifier>
		<parent>	Scene Root	</parent>
		<transform>
			<row0>	0.0000 0.0000 0.6000 0.0000	</row0>
			<row1>	0.0000 0.6000 0.0000 0.0000	</row1>
			<row2>	-0.6000 0.0000 0.0000 0.0000	</row2>
			<row3>	0.2275 2.3045 -0.1389 1.0000	</row3>
		</transform>
	</node>
	<node>
		<identifier>	MP_JM008_Searchlight_INDEX_5	</identifier>
		<parent>	Scene Root	</parent>
		<transform>
			<row0>	0.0000 0.0000 -1.5976 0.0000	</row0>
			<row1>	0.0000 1.5976 0.0000 0.0000	</row1>
			<row2>	1.5976 0.0000 0.0000 0.0000	</row2>
			<row3>	-0.1218 1.2765 -0.5238 1.0000	</row3>
		</transform>
	</node>
	<node>
		<identifier>	MP_JM009_Signal_Lamp	</identifier>
		<parent>	Scene Root	</parent>
		<transform>
			<row0>	0.0000 0.0000 1.0000 0.0000	</row0>
			<row1>	0.0000 1.0000 0.0000 0.0000	</row1>
			<row2>	-1.0000 0.0000 0.0000 0.0000	</row2>
			<row3>	-0.0398 1.7324 -1.9845 1.0000	</row3>
		</transform>
	</node>
	<node>
		<identifier>	MP_JM009_Signal_Lamp_INDEX_1	</identifier>
		<parent>	Scene Root	</parent>
		<transform>
			<row0>	0.0000 0.0000 -1.2730 0.0000	</row0>
			<row1>	0.0000 1.2730 0.0000 0.0000	</row1>
			<row2>	1.2730 0.0000 0.0000 0.0000	</row2>
			<row3>	0.2909 1.6036 -0.1312 1.0000	</row3>
		</transform>
	</node>
	<node>
		<identifier>	MP_JM009_Signal_Lamp_INDEX_2	</identifier>
		<parent>	Scene Root	</parent>
		<transform>
			<row0>	0.0000 0.0000 -1.0000 0.0000	</row0>
			<row1>	0.0000 1.0000 0.0000 0.0000	</row1>
			<row2>	1.0000 0.0000 0.0000 0.0000	</row2>
			<row3>	0.0398 1.7324 -1.9845 1.0000	</row3>
		</transform>
	</node>
	<node>
		<identifier>	MP_JM009_Signal_Lamp_INDEX_3	</identifier>
		<parent>	Scene Root	</parent>
		<transform>
			<row0>	0.0000 0.0000 1.2730 0.0000	</row0>
			<row1>	0.0000 1.2730 0.0000 0.0000	</row1>
			<row2>	-1.2730 0.0000 0.0000 0.0000	</row2>
			<row3>	-0.2909 1.6036 -0.1312 1.0000	</row3>
		</transform>
	</node>
	<node>
		<identifier>	MP_JM010_Deck_Lamp	</identifier>
		<parent>	Scene Root	</parent>
		<transform>
			<row0>	-0.2023 0.0000 -0.9793 0.0000	</row0>
			<row1>	0.0000 1.0000 0.0000 0.0000	</row1>
			<row2>	0.9793 0.0000 -0.2023 0.0000	</row2>
			<row3>	0.3206 2.2094 0.0281 1.0000	</row3>
		</transform>
	</node>
	<node>
		<identifier>	MP_JM010_Deck_Lamp_INDEX_1	</identifier>
		<parent>	Scene Root	</parent>
		<transform>
			<row0>	-0.7736 0.0000 0.6337 0.0000	</row0>
			<row1>	0.0000 1.0000 0.0000 0.0000	</row1>
			<row2>	-0.6337 0.0000 -0.7736 0.0000	</row2>
			<row3>	-0.2902 1.5203 -0.3460 1.0000	</row3>
		</transform>
	</node>
	<node>
		<identifier>	MP_JM010_Deck_Lamp_INDEX_2	</identifier>
		<parent>	Scene Root	</parent>
		<transform>
			<row0>	-0.2023 0.0000 0.9793 0.0000	</row0>
			<row1>	0.0000 1.0000 0.0000 0.0000	</row1>
			<row2>	-0.9793 0.0000 -0.2023 0.0000	</row2>
			<row3>	-0.3206 2.2094 0.0281 1.0000	</row3>
		</transform>
	</node>
	<node>
		<identifier>	MP_JM010_Deck_Lamp_INDEX_3	</identifier>
		<parent>	Scene Root	</parent>
		<transform>
			<row0>	-0.7736 0.0000 -0.6337 0.0000	</row0>
			<row1>	0.0000 1.0000 0.0000 0.0000	</row1>
			<row2>	0.6337 0.0000 -0.7736 0.0000	</row2>
			<row3>	0.2902 1.5203 -0.3460 1.0000	</row3>
		</transform>
	</node>
	<node>
		<identifier>	MP_JM011_Day_Light	</identifier>
		<parent>	Scene Root	</parent>
		<transform>
			<row0>	0.5465 0.0000 0.5842 0.0000	</row0>
			<row1>	0.0000 0.5000 0.0000 0.0000	</row1>
			<row2>	-0.5842 0.0000 0.5465 0.0000	</row2>
			<row3>	0.6489 2.3471 -0.5264 1.0000	</row3>
		</transform>
	</node>
	<node>
		<identifier>	MP_JM011_Day_Light_INDEX_1	</identifier>
		<parent>	Scene Root	</parent>
		<transform>
			<row0>	0.5465 0.0000 -0.5842 0.0000	</row0>
			<row1>	0.0000 0.5000 0.0000 0.0000	</row1>
			<row2>	0.5842 0.0000 0.5465 0.0000	</row2>
			<row3>	-0.6489 2.3471 -0.5264 1.0000	</row3>
		</transform>
	</node>
	<node>
		<identifier>	MP_JM011_Day_Light_INDEX_2	</identifier>
		<parent>	Scene Root	</parent>
		<transform>
			<row0>	1.2000 0.0000 0.0000 0.0000	</row0>
			<row1>	0.0000 1.2000 0.0000 0.0000	</row1>
			<row2>	0.0000 0.0000 1.2000 0.0000	</row2>
			<row3>	0.3078 2.3219 -0.2292 1.0000	</row3>
		</transform>
	</node>
	<node>
		<identifier>	MP_JM011_Day_Light_INDEX_3	</identifier>
		<parent>	Scene Root	</parent>
		<transform>
			<row0>	1.2000 0.0000 0.0000 0.0000	</row0>
			<row1>	0.0000 1.2000 0.0000 0.0000	</row1>
			<row2>	0.0000 0.0000 1.2000 0.0000	</row2>
			<row3>	-0.3078 2.3219 -0.2292 1.0000	</row3>
		</transform>
	</node>
	<node>
		<identifier>	MP_JM030_Wind_Direction	</identifier>
		<parent>	Scene Root	</parent>
		<transform>
			<row0>	0.9000 0.0000 0.0000 0.0000	</row0>
			<row1>	0.0000 0.9000 0.0000 0.0000	</row1>
			<row2>	0.0000 0.0000 0.9000 0.0000	</row2>
			<row3>	-0.6489 2.4146 -0.5259 1.0000	</row3>
		</transform>
	</node>
	<node>
		<identifier>	MP_JM030_Wind_Direction_INDEX_1	</identifier>
		<parent>	Scene Root	</parent>
		<transform>
			<row0>	0.9000 0.0000 0.0000 0.0000	</row0>
			<row1>	0.0000 0.9000 0.0000 0.0000	</row1>
			<row2>	0.0000 0.0000 0.9000 0.0000	</row2>
			<row3>	0.6489 2.4146 -0.5259 1.0000	</row3>
		</transform>
	</node>
	<node>
		<identifier>	MP_JM031_Wind_Intensity	</identifier>
		<parent>	Scene Root	</parent>
		<transform>
			<row0>	0.9000 0.0000 0.0000 0.0000	</row0>
			<row1>	0.0000 0.9000 0.0000 0.0000	</row1>
			<row2>	0.0000 0.0000 0.9000 0.0000	</row2>
			<row3>	0.6489 2.3747 -0.5264 1.0000	</row3>
		</transform>
	</node>
	<node>
		<identifier>	MP_JM031_Wind_Intensity_INDEX_1	</identifier>
		<parent>	Scene Root	</parent>
		<transform>
			<row0>	0.9000 0.0000 0.0000 0.0000	</row0>
			<row1>	0.0000 0.9000 0.0000 0.0000	</row1>
			<row2>	0.0000 0.0000 0.9000 0.0000	</row2>
			<row3>	-0.6489 2.3747 -0.5264 1.0000	</row3>
		</transform>
	</node>
	<node>
		<identifier>	MP_JM094_Binocular_Observation_12cm	</identifier>
		<parent>	Scene Root	</parent>
		<transform>
			<row0>	1.0000 0.0000 0.0000 0.0000	</row0>
			<row1>	0.0000 0.9500 0.0000 0.0000	</row1>
			<row2>	0.0000 0.0000 1.0000 0.0000	</row2>
			<row3>	-0.0860 1.5411 0.4601 1.0000	</row3>
		</transform>
	</node>
	<node>
		<identifier>	MP_JM094_Binocular_Observation_12cm_INDEX_1	</identifier>
		<parent>	Scene Root	</parent>
		<transform>
			<row0>	1.0000 0.0000 0.0000 0.0000	</row0>
			<row1>	0.0000 0.9500 0.0000 0.0000	</row1>
			<row2>	0.0000 0.0000 1.0000 0.0000	</row2>
			<row3>	0.0860 1.5411 0.4601 1.0000	</row3>
		</transform>
	</node>
	<node>
		<identifier>	MP_JM107_Binocular_2	</identifier>
		<parent>	Scene Root	</parent>
		<transform>
			<row0>	1.0000 0.0000 0.0000 0.0000	</row0>
			<row1>	0.0000 1.0000 0.0000 0.0000	</row1>
			<row2>	0.0000 0.0000 1.0000 0.0000	</row2>
			<row3>	0.1972 2.1591 0.2066 1.0000	</row3>
		</transform>
	</node>
	<node>
		<identifier>	MP_JM107_Binocular_2_INDEX_1	</identifier>
		<parent>	Scene Root	</parent>
		<transform>
			<row0>	-1.0000 0.0000 0.0000 0.0000	</row0>
			<row1>	0.0000 1.0000 0.0000 0.0000	</row1>
			<row2>	0.0000 0.0000 -1.0000 0.0000	</row2>
			<row3>	-0.1972 2.1591 0.2066 1.0000	</row3>
		</transform>
	</node>
	<node>
		<identifier>	MP_JM107_Binocular_2_INDEX_10	</identifier>
		<parent>	Scene Root	</parent>
		<transform>
			<row0>	0.6392 0.0000 -0.7690 0.0000	</row0>
			<row1>	0.0000 1.0000 0.0000 0.0000	</row1>
			<row2>	0.7690 0.0000 0.6392 0.0000	</row2>
			<row3>	0.1428 2.1591 -0.0937 1.0000	</row3>
		</transform>
	</node>
	<node>
		<identifier>	MP_JM107_Binocular_2_INDEX_2	</identifier>
		<parent>	Scene Root	</parent>
		<transform>
			<row0>	1.0000 0.0000 0.0000 0.0000	</row0>
			<row1>	0.0000 1.0000 0.0000 0.0000	</row1>
			<row2>	0.0000 0.0000 1.0000 0.0000	</row2>
			<row3>	0.1972 2.1591 -0.0284 1.0000	</row3>
		</transform>
	</node>
	<node>
		<identifier>	MP_JM107_Binocular_2_INDEX_3	</identifier>
		<parent>	Scene Root	</parent>
		<transform>
			<row0>	-0.8077 0.0000 0.5896 0.0000	</row0>
			<row1>	0.0000 1.0000 0.0000 0.0000	</row1>
			<row2>	-0.5896 0.0000 -0.8077 0.0000	</row2>
			<row3>	-0.1490 2.1591 0.2854 1.0000	</row3>
		</transform>
	</node>
	<node>
		<identifier>	MP_JM107_Binocular_2_INDEX_4	</identifier>
		<parent>	Scene Root	</parent>
		<transform>
			<row0>	0.8067 0.0000 0.5909 0.0000	</row0>
			<row1>	0.0000 1.0000 0.0000 0.0000	</row1>
			<row2>	-0.5909 0.0000 0.8067 0.0000	</row2>
			<row3>	0.1490 2.1591 0.2854 1.0000	</row3>
		</transform>
	</node>
	<node>
		<identifier>	MP_JM107_Binocular_2_INDEX_5	</identifier>
		<parent>	Scene Root	</parent>
		<transform>
			<row0>	-0.6063 0.0000 -0.7952 0.0000	</row0>
			<row1>	0.0000 1.0000 0.0000 0.0000	</row1>
			<row2>	0.7952 0.0000 -0.6063 0.0000	</row2>
			<row3>	-0.1428 2.1591 -0.0937 1.0000	</row3>
		</transform>
	</node>
	<node>
		<identifier>	MP_JM107_Binocular_2_INDEX_6	</identifier>
		<parent>	Scene Root	</parent>
		<transform>
			<row0>	0.5000 0.0000 -0.8660 0.0000	</row0>
			<row1>	0.0000 1.0000 0.0000 0.0000	</row1>
			<row2>	0.8660 0.0000 0.5000 0.0000	</row2>
			<row3>	0.0416 2.2921 -0.1667 1.0000	</row3>
		</transform>
	</node>
	<node>
		<identifier>	MP_JM107_Binocular_2_INDEX_7	</identifier>
		<parent>	Scene Root	</parent>
		<transform>
			<row0>	0.0000 0.0000 1.0000 0.0000	</row0>
			<row1>	0.0000 1.0000 0.0000 0.0000	</row1>
			<row2>	-1.0000 0.0000 0.0000 0.0000	</row2>
			<row3>	0.1003 2.1591 0.3407 1.0000	</row3>
		</transform>
	</node>
	<node>
		<identifier>	MP_JM107_Binocular_2_INDEX_8	</identifier>
		<parent>	Scene Root	</parent>
		<transform>
			<row0>	-1.0000 0.0000 0.0000 0.0000	</row0>
			<row1>	0.0000 1.0000 0.0000 0.0000	</row1>
			<row2>	0.0000 0.0000 -1.0000 0.0000	</row2>
			<row3>	-0.1972 2.1591 -0.0284 1.0000	</row3>
		</transform>
	</node>
	<node>
		<identifier>	MP_JM107_Binocular_2_INDEX_9	</identifier>
		<parent>	Scene Root	</parent>
		<transform>
			<row0>	0.0000 0.0000 1.0000 0.0000	</row0>
			<row1>	0.0000 1.0000 0.0000 0.0000	</row1>
			<row2>	-1.0000 0.0000 0.0000 0.0000	</row2>
			<row3>	-0.1003 2.1591 0.3407 1.0000	</row3>
		</transform>
	</node>
	<node>
		<identifier>	MP_JM117_Crew_Exercise_Machine	</identifier>
		<parent>	Scene Root	</parent>
		<transform>
			<row0>	1.0000 0.0000 0.0000 0.0000	</row0>
			<row1>	0.0000 1.0000 0.0000 0.0000	</row1>
			<row2>	0.0000 0.0000 1.0000 0.0000	</row2>
			<row3>	-0.7333 0.7637 -0.5708 1.0000	</row3>
		</transform>
	</node>
	<node>
		<identifier>	MP_JM117_Crew_Exercise_Machine_INDEX_1	</identifier>
		<parent>	Scene Root	</parent>
		<transform>
			<row0>	1.0000 0.0000 0.0000 0.0000	</row0>
			<row1>	0.0000 1.0000 0.0000 0.0000	</row1>
			<row2>	0.0000 0.0000 1.0000 0.0000	</row2>
			<row3>	0.7333 0.7637 -0.5708 1.0000	</row3>
		</transform>
	</node>
	<node>
		<identifier>	MP_JM125_Signal_Lamp_3	</identifier>
		<parent>	Scene Root	</parent>
		<transform>
			<row0>	1.3000 0.0000 0.0000 0.0000	</row0>
			<row1>	0.0000 1.3000 0.0000 0.0000	</row1>
			<row2>	0.0000 0.0000 1.3000 0.0000	</row2>
			<row3>	-0.4792 2.5815 -2.7226 1.0000	</row3>
		</transform>
	</node>
	<node>
		<identifier>	MP_JM125_Signal_Lamp_3_INDEX_1	</identifier>
		<parent>	Scene Root	</parent>
		<transform>
			<row0>	1.3000 0.0000 0.0000 0.0000	</row0>
			<row1>	0.0000 1.3000 0.0000 0.0000	</row1>
			<row2>	0.0000 0.0000 1.3000 0.0000	</row2>
			<row3>	0.4792 2.5815 -2.7226 1.0000	</row3>
		</transform>
	</node>
	<node>
		<identifier>	MP_JM125_Signal_Lamp_3_INDEX_2	</identifier>
		<parent>	Scene Root	</parent>
		<transform>
			<row0>	0.8000 0.0000 0.0000 0.0000	</row0>
			<row1>	0.0000 0.8000 0.0000 0.0000	</row1>
			<row2>	0.0000 0.0000 0.8000 0.0000	</row2>
			<row3>	-0.0838 1.9235 -2.1918 1.0000	</row3>
		</transform>
	</node>
	<node>
		<identifier>	MP_JM125_Signal_Lamp_3_INDEX_3	</identifier>
		<parent>	Scene Root	</parent>
		<transform>
			<row0>	1.3000 0.0000 0.0000 0.0000	</row0>
			<row1>	0.0000 1.3000 0.0000 0.0000	</row1>
			<row2>	0.0000 0.0000 1.3000 0.0000	</row2>
			<row3>	0.0000 2.8294 -2.2782 1.0000	</row3>
		</transform>
	</node>
	<node>
		<identifier>	MP_JM125_Signal_Lamp_3_INDEX_4	</identifier>
		<parent>	Scene Root	</parent>
		<transform>
			<row0>	0.8000 0.0000 0.0000 0.0000	</row0>
			<row1>	0.0000 0.8000 0.0000 0.0000	</row1>
			<row2>	0.0000 0.0000 0.8000 0.0000	</row2>
			<row3>	0.0838 1.9235 -2.1918 1.0000	</row3>
		</transform>
	</node>
	<node>
		<identifier>	MP_JM158_Main_Wheel	</identifier>
		<parent>	Scene Root	</parent>
		<transform>
			<row0>	0.8500 0.0000 0.0000 0.0000	</row0>
			<row1>	0.0000 0.8500 0.0000 0.0000	</row1>
			<row2>	0.0000 0.0000 0.8500 0.0000	</row2>
			<row3>	0.0000 2.1591 0.2897 1.0000	</row3>
		</transform>
	</node>
	<node>
		<identifier>	MP_JM165_Telegraph_Engine	</identifier>
		<parent>	Scene Root	</parent>
		<transform>
			<row0>	1.0000 0.0000 0.0000 0.0000	</row0>
			<row1>	0.0000 1.0000 0.0000 0.0000	</row1>
			<row2>	0.0000 0.0000 1.0000 0.0000	</row2>
			<row3>	0.0447 1.5404 0.5020 1.0000	</row3>
		</transform>
	</node>
	<node>
		<identifier>	MP_JM165_Telegraph_Engine_INDEX_1	</identifier>
		<parent>	Scene Root	</parent>
		<transform>
			<row0>	1.0000 0.0000 0.0000 0.0000	</row0>
			<row1>	0.0000 1.0000 0.0000 0.0000	</row1>
			<row2>	0.0000 0.0000 1.0000 0.0000	</row2>
			<row3>	-0.0447 1.5404 0.5020 1.0000	</row3>
		</transform>
	</node>
	<node>
		<identifier>	MP_JM166_Voice_Tube	</identifier>
		<parent>	Scene Root	</parent>
		<transform>
			<row0>	1.0000 0.0000 0.0000 0.0000	</row0>
			<row1>	0.0000 1.0000 0.0000 0.0000	</row1>
			<row2>	0.0000 0.0000 1.0000 0.0000	</row2>
			<row3>	0.0557 2.2921 0.3425 1.0000	</row3>
		</transform>
	</node>
	<node>
		<identifier>	MP_JM166_Voice_Tube_INDEX_1	</identifier>
		<parent>	Scene Root	</parent>
		<transform>
			<row0>	-0.7562 0.0000 0.6543 0.0000	</row0>
			<row1>	0.0000 1.0000 0.0000 0.0000	</row1>
			<row2>	-0.6543 0.0000 -0.7562 0.0000	</row2>
			<row3>	-0.1836 2.1591 -0.0606 1.0000	</row3>
		</transform>
	</node>
	<node>
		<identifier>	MP_JM166_Voice_Tube_INDEX_10	</identifier>
		<parent>	Scene Root	</parent>
		<transform>
			<row0>	0.2588 0.0000 0.9659 0.0000	</row0>
			<row1>	0.0000 1.0000 0.0000 0.0000	</row1>
			<row2>	-0.9659 0.0000 0.2588 0.0000	</row2>
			<row3>	-0.2989 1.7066 0.1574 1.0000	</row3>
		</transform>
	</node>
	<node>
		<identifier>	MP_JM166_Voice_Tube_INDEX_11	</identifier>
		<parent>	Scene Root	</parent>
		<transform>
			<row0>	0.4251 0.0000 -0.9052 0.0000	</row0>
			<row1>	0.0000 1.0000 0.0000 0.0000	</row1>
			<row2>	0.9052 0.0000 0.4251 0.0000	</row2>
			<row3>	0.3994 1.5012 -0.0900 1.0000	</row3>
		</transform>
	</node>
	<node>
		<identifier>	MP_JM166_Voice_Tube_INDEX_12	</identifier>
		<parent>	Scene Root	</parent>
		<transform>
			<row0>	0.5924 0.0000 0.8057 0.0000	</row0>
			<row1>	0.0000 1.0000 0.0000 0.0000	</row1>
			<row2>	-0.8057 0.0000 0.5924 0.0000	</row2>
			<row3>	-0.1226 2.2921 0.3206 1.0000	</row3>
		</transform>
	</node>
	<node>
		<identifier>	MP_JM166_Voice_Tube_INDEX_13	</identifier>
		<parent>	Scene Root	</parent>
		<transform>
			<row0>	-0.7562 0.0000 -0.6543 0.0000	</row0>
			<row1>	0.0000 1.0000 0.0000 0.0000	</row1>
			<row2>	0.6543 0.0000 -0.7562 0.0000	</row2>
			<row3>	0.1836 2.1591 -0.0606 1.0000	</row3>
		</transform>
	</node>
	<node>
		<identifier>	MP_JM166_Voice_Tube_INDEX_14	</identifier>
		<parent>	Scene Root	</parent>
		<transform>
			<row0>	0.6691 0.0000 0.7431 0.0000	</row0>
			<row1>	0.0000 1.0000 0.0000 0.0000	</row1>
			<row2>	-0.7431 0.0000 0.6691 0.0000	</row2>
			<row3>	-0.1402 2.1591 0.3078 1.0000	</row3>
		</transform>
	</node>
	<node>
		<identifier>	MP_JM166_Voice_Tube_INDEX_15	</identifier>
		<parent>	Scene Root	</parent>
		<transform>
			<row0>	0.4040 0.0000 0.9148 0.0000	</row0>
			<row1>	0.0000 1.0000 0.0000 0.0000	</row1>
			<row2>	-0.9148 0.0000 0.4040 0.0000	</row2>
			<row3>	-0.1676 1.5411 0.3606 1.0000	</row3>
		</transform>
	</node>
	<node>
		<identifier>	MP_JM166_Voice_Tube_INDEX_16	</identifier>
		<parent>	Scene Root	</parent>
		<transform>
			<row0>	0.0000 0.0000 -1.0000 0.0000	</row0>
			<row1>	0.0000 1.0000 0.0000 0.0000	</row1>
			<row2>	1.0000 0.0000 0.0000 0.0000	</row2>
			<row3>	0.1981 2.2921 0.1673 1.0000	</row3>
		</transform>
	</node>
	<node>
		<identifier>	MP_JM166_Voice_Tube_INDEX_17	</identifier>
		<parent>	Scene Root	</parent>
		<transform>
			<row0>	-0.2588 0.0000 -0.9659 0.0000	</row0>
			<row1>	0.0000 1.0000 0.0000 0.0000	</row1>
			<row2>	0.9659 0.0000 -0.2588 0.0000	</row2>
			<row3>	0.2636 2.1591 0.0303 1.0000	</row3>
		</transform>
	</node>
	<node>
		<identifier>	MP_JM166_Voice_Tube_INDEX_18	</identifier>
		<parent>	Scene Root	</parent>
		<transform>
			<row0>	-0.7715 0.0000 0.6362 0.0000	</row0>
			<row1>	0.0000 1.0000 0.0000 0.0000	</row1>
			<row2>	-0.6362 0.0000 -0.7715 0.0000	</row2>
			<row3>	-0.1617 2.2921 -0.0667 1.0000	</row3>
		</transform>
	</node>
	<node>
		<identifier>	MP_JM166_Voice_Tube_INDEX_19	</identifier>
		<parent>	Scene Root	</parent>
		<transform>
			<row0>	0.5924 0.0000 -0.8057 0.0000	</row0>
			<row1>	0.0000 1.0000 0.0000 0.0000	</row1>
			<row2>	0.8057 0.0000 0.5924 0.0000	</row2>
			<row3>	0.1226 2.2921 0.3206 1.0000	</row3>
		</transform>
	</node>
	<node>
		<identifier>	MP_JM166_Voice_Tube_INDEX_2	</identifier>
		<parent>	Scene Root	</parent>
		<transform>
			<row0>	0.6691 0.0000 -0.7431 0.0000	</row0>
			<row1>	0.0000 1.0000 0.0000 0.0000	</row1>
			<row2>	0.7431 0.0000 0.6691 0.0000	</row2>
			<row3>	0.1402 2.1591 0.3078 1.0000	</row3>
		</transform>
	</node>
	<node>
		<identifier>	MP_JM166_Voice_Tube_INDEX_20	</identifier>
		<parent>	Scene Root	</parent>
		<transform>
			<row0>	0.2588 0.0000 -0.9659 0.0000	</row0>
			<row1>	0.0000 1.0000 0.0000 0.0000	</row1>
			<row2>	0.9659 0.0000 0.2588 0.0000	</row2>
			<row3>	0.2989 1.7066 0.1574 1.0000	</row3>
		</transform>
	</node>
	<node>
		<identifier>	MP_JM166_Voice_Tube_INDEX_21	</identifier>
		<parent>	Scene Root	</parent>
		<transform>
			<row0>	-0.9659 0.0000 -0.2588 0.0000	</row0>
			<row1>	0.0000 1.0000 0.0000 0.0000	</row1>
			<row2>	0.2588 0.0000 -0.9659 0.0000	</row2>
			<row3>	0.0142 2.2921 -0.1877 1.0000	</row3>
		</transform>
	</node>
	<node>
		<identifier>	MP_JM166_Voice_Tube_INDEX_22	</identifier>
		<parent>	Scene Root	</parent>
		<transform>
			<row0>	-0.2588 0.0000 0.9659 0.0000	</row0>
			<row1>	0.0000 1.0000 0.0000 0.0000	</row1>
			<row2>	-0.9659 0.0000 -0.2588 0.0000	</row2>
			<row3>	-0.2636 2.1591 0.0303 1.0000	</row3>
		</transform>
	</node>
	<node>
		<identifier>	MP_JM166_Voice_Tube_INDEX_23	</identifier>
		<parent>	Scene Root	</parent>
		<transform>
			<row0>	-0.7715 0.0000 -0.6362 0.0000	</row0>
			<row1>	0.0000 1.0000 0.0000 0.0000	</row1>
			<row2>	0.6362 0.0000 -0.7715 0.0000	</row2>
			<row3>	0.0865 2.2921 -0.1268 1.0000	</row3>
		</transform>
	</node>
	<node>
		<identifier>	MP_JM166_Voice_Tube_INDEX_24	</identifier>
		<parent>	Scene Root	</parent>
		<transform>
			<row0>	1.0000 0.0000 0.0000 0.0000	</row0>
			<row1>	0.0000 1.0000 0.0000 0.0000	</row1>
			<row2>	0.0000 0.0000 1.0000 0.0000	</row2>
			<row3>	0.0586 2.1591 0.3488 1.0000	</row3>
		</transform>
	</node>
	<node>
		<identifier>	MP_JM166_Voice_Tube_INDEX_25	</identifier>
		<parent>	Scene Root	</parent>
		<transform>
			<row0>	1.0000 0.0000 0.0000 0.0000	</row0>
			<row1>	0.0000 1.0000 0.0000 0.0000	</row1>
			<row2>	0.0000 0.0000 1.0000 0.0000	</row2>
			<row3>	-0.0557 2.2921 0.3425 1.0000	</row3>
		</transform>
	</node>
	<node>
		<identifier>	MP_JM166_Voice_Tube_INDEX_26	</identifier>
		<parent>	Scene Root	</parent>
		<transform>
			<row0>	0.4094 0.0000 -0.9124 0.0000	</row0>
			<row1>	0.0000 1.0000 0.0000 0.0000	</row1>
			<row2>	0.9124 0.0000 0.4094 0.0000	</row2>
			<row3>	0.1336 1.5411 0.4374 1.0000	</row3>
		</transform>
	</node>
	<node>
		<identifier>	MP_JM166_Voice_Tube_INDEX_27	</identifier>
		<parent>	Scene Root	</parent>
		<transform>
			<row0>	-0.2588 0.0000 0.9659 0.0000	</row0>
			<row1>	0.0000 1.0000 0.0000 0.0000	</row1>
			<row2>	-0.9659 0.0000 -0.2588 0.0000	</row2>
			<row3>	-0.2989 1.7066 -0.0148 1.0000	</row3>
		</transform>
	</node>
	<node>
		<identifier>	MP_JM166_Voice_Tube_INDEX_28	</identifier>
		<parent>	Scene Root	</parent>
		<transform>
			<row0>	0.0000 0.0000 1.0000 0.0000	</row0>
			<row1>	0.0000 1.0000 0.0000 0.0000	</row1>
			<row2>	-1.0000 0.0000 0.0000 0.0000	</row2>
			<row3>	-0.1981 2.2921 0.1673 1.0000	</row3>
		</transform>
	</node>
	<node>
		<identifier>	MP_JM166_Voice_Tube_INDEX_29	</identifier>
		<parent>	Scene Root	</parent>
		<transform>
			<row0>	-0.7715 0.0000 -0.6362 0.0000	</row0>
			<row1>	0.0000 1.0000 0.0000 0.0000	</row1>
			<row2>	0.6362 0.0000 -0.7715 0.0000	</row2>
			<row3>	0.1617 2.2921 -0.0667 1.0000	</row3>
		</transform>
	</node>
	<node>
		<identifier>	MP_JM166_Voice_Tube_INDEX_3	</identifier>
		<parent>	Scene Root	</parent>
		<transform>
			<row0>	0.5924 0.0000 -0.8057 0.0000	</row0>
			<row1>	0.0000 1.0000 0.0000 0.0000	</row1>
			<row2>	0.8057 0.0000 0.5924 0.0000	</row2>
			<row3>	0.1736 2.2921 0.2514 1.0000	</row3>
		</transform>
	</node>
	<node>
		<identifier>	MP_JM166_Voice_Tube_INDEX_30	</identifier>
		<parent>	Scene Root	</parent>
		<transform>
			<row0>	0.0000 0.0000 -1.0000 0.0000	</row0>
			<row1>	0.0000 1.0000 0.0000 0.0000	</row1>
			<row2>	1.0000 0.0000 0.0000 0.0000	</row2>
			<row3>	0.1981 2.2921 0.0600 1.0000	</row3>
		</transform>
	</node>
	<node>
		<identifier>	MP_JM166_Voice_Tube_INDEX_31	</identifier>
		<parent>	Scene Root	</parent>
		<transform>
			<row0>	0.5924 0.0000 0.8057 0.0000	</row0>
			<row1>	0.0000 1.0000 0.0000 0.0000	</row1>
			<row2>	-0.8057 0.0000 0.5924 0.0000	</row2>
			<row3>	-0.1736 2.2921 0.2514 1.0000	</row3>
		</transform>
	</node>
	<node>
		<identifier>	MP_JM166_Voice_Tube_INDEX_4	</identifier>
		<parent>	Scene Root	</parent>
		<transform>
			<row0>	0.4040 0.0000 -0.9148 0.0000	</row0>
			<row1>	0.0000 1.0000 0.0000 0.0000	</row1>
			<row2>	0.9148 0.0000 0.4040 0.0000	</row2>
			<row3>	0.1676 1.5411 0.3606 1.0000	</row3>
		</transform>
	</node>
	<node>
		<identifier>	MP_JM166_Voice_Tube_INDEX_5	</identifier>
		<parent>	Scene Root	</parent>
		<transform>
			<row0>	1.0000 0.0000 0.0000 0.0000	</row0>
			<row1>	0.0000 1.0000 0.0000 0.0000	</row1>
			<row2>	0.0000 0.0000 1.0000 0.0000	</row2>
			<row3>	-0.0586 2.1591 0.3488 1.0000	</row3>
		</transform>
	</node>
	<node>
		<identifier>	MP_JM166_Voice_Tube_INDEX_6	</identifier>
		<parent>	Scene Root	</parent>
		<transform>
			<row0>	0.4251 0.0000 0.9052 0.0000	</row0>
			<row1>	0.0000 1.0000 0.0000 0.0000	</row1>
			<row2>	-0.9052 0.0000 0.4251 0.0000	</row2>
			<row3>	-0.3994 1.5012 -0.0900 1.0000	</row3>
		</transform>
	</node>
	<node>
		<identifier>	MP_JM166_Voice_Tube_INDEX_7	</identifier>
		<parent>	Scene Root	</parent>
		<transform>
			<row0>	0.4094 0.0000 0.9124 0.0000	</row0>
			<row1>	0.0000 1.0000 0.0000 0.0000	</row1>
			<row2>	-0.9124 0.0000 0.4094 0.0000	</row2>
			<row3>	-0.1336 1.5411 0.4374 1.0000	</row3>
		</transform>
	</node>
	<node>
		<identifier>	MP_JM166_Voice_Tube_INDEX_8	</identifier>
		<parent>	Scene Root	</parent>
		<transform>
			<row0>	-0.2588 0.0000 -0.9659 0.0000	</row0>
			<row1>	0.0000 1.0000 0.0000 0.0000	</row1>
			<row2>	0.9659 0.0000 -0.2588 0.0000	</row2>
			<row3>	0.2989 1.7066 -0.0148 1.0000	</row3>
		</transform>
	</node>
	<node>
		<identifier>	MP_JM166_Voice_Tube_INDEX_9	</identifier>
		<parent>	Scene Root	</parent>
		<transform>
			<row0>	0.0000 0.0000 1.0000 0.0000	</row0>
			<row1>	0.0000 1.0000 0.0000 0.0000	</row1>
			<row2>	-1.0000 0.0000 0.0000 0.0000	</row2>
			<row3>	-0.1981 2.2921 0.0600 1.0000	</row3>
		</transform>
	</node>
	<node>
		<identifier>	MP_JM172_Binoculars_Bridge	</identifier>
		<parent>	Scene Root	</parent>
		<transform>
			<row0>	0.5834 0.0000 -0.8122 0.0000	</row0>
			<row1>	0.0000 1.0000 0.0000 0.0000	</row1>
			<row2>	0.8122 0.0000 0.5834 0.0000	</row2>
			<row3>	0.1907 2.2924 0.2276 1.0000	</row3>
		</transform>
	</node>
	<node>
		<identifier>	MP_JM172_Binoculars_Bridge_INDEX_1	</identifier>
		<parent>	Scene Root	</parent>
		<transform>
			<row0>	0.0000 0.0000 1.0000 0.0000	</row0>
			<row1>	0.0000 1.0000 0.0000 0.0000	</row1>
			<row2>	-1.0000 0.0000 0.0000 0.0000	</row2>
			<row3>	-0.2989 1.7066 0.0204 1.0000	</row3>
		</transform>
	</node>
	<node>
		<identifier>	MP_JM172_Binoculars_Bridge_INDEX_10	</identifier>
		<parent>	Scene Root	</parent>
		<transform>
			<row0>	0.3909 0.0000 0.9204 0.0000	</row0>
			<row1>	0.0000 0.9500 0.0000 0.0000	</row1>
			<row2>	-0.9204 0.0000 0.3909 0.0000	</row2>
			<row3>	-0.1369 1.5418 0.3958 1.0000	</row3>
		</transform>
	</node>
	<node>
		<identifier>	MP_JM172_Binoculars_Bridge_INDEX_11	</identifier>
		<parent>	Scene Root	</parent>
		<transform>
			<row0>	0.0000 0.0000 -1.0000 0.0000	</row0>
			<row1>	0.0000 1.0000 0.0000 0.0000	</row1>
			<row2>	1.0000 0.0000 0.0000 0.0000	</row2>
			<row3>	0.2636 2.1428 0.0676 1.0000	</row3>
		</transform>
	</node>
	<node>
		<identifier>	MP_JM172_Binoculars_Bridge_INDEX_12	</identifier>
		<parent>	Scene Root	</parent>
		<transform>
			<row0>	0.5834 0.0000 -0.8122 0.0000	</row0>
			<row1>	0.0000 1.0000 0.0000 0.0000	</row1>
			<row2>	0.8122 0.0000 0.5834 0.0000	</row2>
			<row3>	0.1386 2.2924 0.2964 1.0000	</row3>
		</transform>
	</node>
	<node>
		<identifier>	MP_JM172_Binoculars_Bridge_INDEX_13	</identifier>
		<parent>	Scene Root	</parent>
		<transform>
			<row0>	0.0000 0.0000 -1.0000 0.0000	</row0>
			<row1>	0.0000 1.0000 0.0000 0.0000	</row1>
			<row2>	1.0000 0.0000 0.0000 0.0000	</row2>
			<row3>	0.2989 1.7066 0.0204 1.0000	</row3>
		</transform>
	</node>
	<node>
		<identifier>	MP_JM172_Binoculars_Bridge_INDEX_14	</identifier>
		<parent>	Scene Root	</parent>
		<transform>
			<row0>	0.3909 0.0000 -0.9204 0.0000	</row0>
			<row1>	0.0000 0.9500 0.0000 0.0000	</row1>
			<row2>	0.9204 0.0000 0.3909 0.0000	</row2>
			<row3>	0.1369 1.5418 0.3958 1.0000	</row3>
		</transform>
	</node>
	<node>
		<identifier>	MP_JM172_Binoculars_Bridge_INDEX_15	</identifier>
		<parent>	Scene Root	</parent>
		<transform>
			<row0>	1.0000 0.0000 0.0000 0.0000	</row0>
			<row1>	0.0000 1.0000 0.0000 0.0000	</row1>
			<row2>	0.0000 0.0000 1.0000 0.0000	</row2>
			<row3>	0.0868 2.2924 0.3425 1.0000	</row3>
		</transform>
	</node>
	<node>
		<identifier>	MP_JM172_Binoculars_Bridge_INDEX_16	</identifier>
		<parent>	Scene Root	</parent>
		<transform>
			<row0>	0.0000 0.0000 1.0000 0.0000	</row0>
			<row1>	0.0000 1.0000 0.0000 0.0000	</row1>
			<row2>	-1.0000 0.0000 0.0000 0.0000	</row2>
			<row3>	-0.1946 2.2924 0.1362 1.0000	</row3>
		</transform>
	</node>
	<node>
		<identifier>	MP_JM172_Binoculars_Bridge_INDEX_17	</identifier>
		<parent>	Scene Root	</parent>
		<transform>
			<row0>	-0.2588 0.0000 0.9659 0.0000	</row0>
			<row1>	0.0000 1.0000 0.0000 0.0000	</row1>
			<row2>	-0.9659 0.0000 -0.2588 0.0000	</row2>
			<row3>	-0.1840 2.2924 -0.0469 1.0000	</row3>
		</transform>
	</node>
	<node>
		<identifier>	MP_JM172_Binoculars_Bridge_INDEX_18	</identifier>
		<parent>	Scene Root	</parent>
		<transform>
			<row0>	0.0000 0.0000 1.0000 0.0000	</row0>
			<row1>	0.0000 1.0000 0.0000 0.0000	</row1>
			<row2>	-1.0000 0.0000 0.0000 0.0000	</row2>
			<row3>	-0.2636 2.1428 0.1148 1.0000	</row3>
		</transform>
	</node>
	<node>
		<identifier>	MP_JM172_Binoculars_Bridge_INDEX_19	</identifier>
		<parent>	Scene Root	</parent>
		<transform>
			<row0>	-0.7768 0.0000 -0.6298 0.0000	</row0>
			<row1>	0.0000 1.0000 0.0000 0.0000	</row1>
			<row2>	0.6298 0.0000 -0.7768 0.0000	</row2>
			<row3>	0.1119 2.2924 -0.1079 1.0000	</row3>
		</transform>
	</node>
	<node>
		<identifier>	MP_JM172_Binoculars_Bridge_INDEX_2	</identifier>
		<parent>	Scene Root	</parent>
		<transform>
			<row0>	0.0000 0.0000 -1.0000 0.0000	</row0>
			<row1>	0.0000 1.0000 0.0000 0.0000	</row1>
			<row2>	1.0000 0.0000 0.0000 0.0000	</row2>
			<row3>	0.2989 1.7066 0.1095 1.0000	</row3>
		</transform>
	</node>
	<node>
		<identifier>	MP_JM172_Binoculars_Bridge_INDEX_20	</identifier>
		<parent>	Scene Root	</parent>
		<transform>
			<row0>	0.0000 0.0000 1.0000 0.0000	</row0>
			<row1>	0.0000 1.0000 0.0000 0.0000	</row1>
			<row2>	-1.0000 0.0000 0.0000 0.0000	</row2>
			<row3>	-0.2989 1.7066 0.1095 1.0000	</row3>
		</transform>
	</node>
	<node>
		<identifier>	MP_JM172_Binoculars_Bridge_INDEX_21	</identifier>
		<parent>	Scene Root	</parent>
		<transform>
			<row0>	0.0000 0.0000 -1.0000 0.0000	</row0>
			<row1>	0.0000 1.0000 0.0000 0.0000	</row1>
