<ASD302_Osborn_1945_MidBack.skel_ext>
	<exported>	true	</exported>
	<node>
		<identifier>	MP_AM004_Fairlead_2	</identifier>
		<parent>	Scene Root	</parent>
		<transform>
			<row0>	0.0370 0.0033 0.9993 0.0000	</row0>
			<row1>	0.0349 0.9994 -0.0046 0.0000	</row1>
			<row2>	-0.9987 0.0350 0.0369 0.0000	</row2>
			<row3>	0.3745 0.1461 -2.1583 1.0000	</row3>
		</transform>
	</node>
	<node>
		<identifier>	MP_AM004_Fairlead_2_INDEX_1	</identifier>
		<parent>	Scene Root	</parent>
		<transform>
			<row0>	0.0462 0.0012 0.9989 0.0000	</row0>
			<row1>	0.0349 0.9994 -0.0028 0.0000	</row1>
			<row2>	-0.9983 0.0350 0.0461 0.0000	</row2>
			<row3>	0.3625 0.1453 -2.4564 1.0000	</row3>
		</transform>
	</node>
	<node>
		<identifier>	MP_AM004_Fairlead_2_INDEX_2	</identifier>
		<parent>	Scene Root	</parent>
		<transform>
			<row0>	0.0645 -0.0041 0.9979 0.0000	</row0>
			<row1>	0.0603 0.9982 0.0002 0.0000	</row1>
			<row2>	-0.9961 0.0602 0.0647 0.0000	</row2>
			<row3>	0.3353 0.1466 -3.0372 1.0000	</row3>
		</transform>
	</node>
	<node>
		<identifier>	MP_AM004_Fairlead_2_INDEX_3	</identifier>
		<parent>	Scene Root	</parent>
		<transform>
			<row0>	0.1373 -0.0055 0.9905 0.0000	</row0>
			<row1>	0.0458 0.9990 -0.0008 0.0000	</row1>
			<row2>	-0.9895 0.0455 0.1374 0.0000	</row2>
			<row3>	0.2889 0.1493 -3.5601 1.0000	</row3>
		</transform>
	</node>
	<node>
		<identifier>	MP_AM004_Fairlead_2_INDEX_4	</identifier>
		<parent>	Scene Root	</parent>
		<transform>
			<row0>	0.0370 -0.0033 -0.9993 0.0000	</row0>
			<row1>	-0.0349 0.9994 -0.0046 0.0000	</row1>
			<row2>	0.9987 0.0350 0.0369 0.0000	</row2>
			<row3>	-0.3745 0.1461 -2.1583 1.0000	</row3>
		</transform>
	</node>
	<node>
		<identifier>	MP_AM004_Fairlead_2_INDEX_5	</identifier>
		<parent>	Scene Root	</parent>
		<transform>
			<row0>	0.0462 -0.0012 -0.9989 0.0000	</row0>
			<row1>	-0.0349 0.9994 -0.0028 0.0000	</row1>
			<row2>	0.9983 0.0350 0.0461 0.0000	</row2>
			<row3>	-0.3625 0.1453 -2.4564 1.0000	</row3>
		</transform>
	</node>
	<node>
		<identifier>	MP_AM004_Fairlead_2_INDEX_6	</identifier>
		<parent>	Scene Root	</parent>
		<transform>
			<row0>	0.0645 0.0041 -0.9979 0.0000	</row0>
			<row1>	-0.0603 0.9982 0.0002 0.0000	</row1>
			<row2>	0.9961 0.0602 0.0647 0.0000	</row2>
			<row3>	-0.3353 0.1466 -3.0372 1.0000	</row3>
		</transform>
	</node>
	<node>
		<identifier>	MP_AM004_Fairlead_2_INDEX_7	</identifier>
		<parent>	Scene Root	</parent>
		<transform>
			<row0>	0.1373 0.0055 -0.9905 0.0000	</row0>
			<row1>	-0.0458 0.9990 -0.0008 0.0000	</row1>
			<row2>	0.9895 0.0455 0.1374 0.0000	</row2>
			<row3>	-0.2889 0.1493 -3.5601 1.0000	</row3>
		</transform>
	</node>
	<node>
		<identifier>	MP_AM005_Bollard_1	</identifier>
		<parent>	Scene Root	</parent>
		<transform>
			<row0>	1.0000 0.0000 0.0000 0.0000	</row0>
			<row1>	0.0000 0.9999 0.0129 0.0000	</row1>
			<row2>	0.0000 -0.0129 0.9999 0.0000	</row2>
			<row3>	0.0000 0.1618 -3.8039 1.0000	</row3>
		</transform>
	</node>
	<node>
		<identifier>	MP_AM005_Bollard_1_INDEX_1	</identifier>
		<parent>	Scene Root	</parent>
		<transform>
			<row0>	0.9930 -0.0768 -0.0895 0.0000	</row0>
			<row1>	0.0769 0.9970 -0.0026 0.0000	</row1>
			<row2>	0.0894 -0.0043 0.9960 0.0000	</row2>
			<row3>	0.2954 0.1496 -3.2667 1.0000	</row3>
		</transform>
	</node>
	<node>
		<identifier>	MP_AM005_Bollard_1_INDEX_2	</identifier>
		<parent>	Scene Root	</parent>
		<transform>
			<row0>	0.9985 -0.0438 -0.0339 0.0000	</row0>
			<row1>	0.0436 0.9990 -0.0088 0.0000	</row1>
			<row2>	0.0342 0.0073 0.9994 0.0000	</row2>
			<row3>	0.3403 0.1468 -2.3061 1.0000	</row3>
		</transform>
	</node>
	<node>
		<identifier>	MP_AM005_Bollard_1_INDEX_3	</identifier>
		<parent>	Scene Root	</parent>
		<transform>
			<row0>	0.9985 0.0438 0.0339 0.0000	</row0>
			<row1>	-0.0436 0.9990 -0.0088 0.0000	</row1>
			<row2>	-0.0342 0.0073 0.9994 0.0000	</row2>
			<row3>	-0.3403 0.1468 -2.3061 1.0000	</row3>
		</transform>
	</node>
	<node>
		<identifier>	MP_AM005_Bollard_1_INDEX_4	</identifier>
		<parent>	Scene Root	</parent>
		<transform>
			<row0>	0.9930 0.0768 0.0895 0.0000	</row0>
			<row1>	-0.0769 0.9970 -0.0026 0.0000	</row1>
			<row2>	-0.0894 -0.0043 0.9960 0.0000	</row2>
			<row3>	-0.2954 0.1496 -3.2667 1.0000	</row3>
		</transform>
	</node>
	<node>
		<identifier>	MP_AM006_Reels_1	</identifier>
		<parent>	Scene Root	</parent>
		<transform>
			<row0>	1.0000 0.0000 0.0000 0.0000	</row0>
			<row1>	0.0000 1.0000 0.0000 0.0000	</row1>
			<row2>	0.0000 0.0000 1.0000 0.0000	</row2>
			<row3>	0.0000 0.1597 -3.6137 1.0000	</row3>
		</transform>
	</node>
	<node>
		<identifier>	MP_AM019_Ventilators_1	</identifier>
		<parent>	Scene Root	</parent>
		<transform>
			<row0>	0.4000 0.0000 0.0000 0.0000	</row0>
			<row1>	0.0000 0.3050 0.0000 0.0000	</row1>
			<row2>	0.0000 0.0000 0.4000 0.0000	</row2>
			<row3>	0.1380 0.3318 -1.8078 1.0000	</row3>
		</transform>
	</node>
	<node>
		<identifier>	MP_AM022_Ventilators_4	</identifier>
		<parent>	Scene Root	</parent>
		<transform>
			<row0>	0.9998 -0.0196 0.0000 0.0000	</row0>
			<row1>	0.0196 0.9998 0.0000 0.0000	</row1>
			<row2>	0.0000 0.0000 1.0000 0.0000	</row2>
			<row3>	0.1289 0.1569 -3.1565 1.0000	</row3>
		</transform>
	</node>
	<node>
		<identifier>	MP_AM022_Ventilators_4_INDEX_1	</identifier>
		<parent>	Scene Root	</parent>
		<transform>
			<row0>	0.9993 0.0381 0.0000 0.0000	</row0>
			<row1>	-0.0381 0.9993 0.0000 0.0000	</row1>
			<row2>	0.0000 0.0000 1.0000 0.0000	</row2>
			<row3>	-0.1060 0.1588 -3.5573 1.0000	</row3>
		</transform>
	</node>
	<node>
		<identifier>	MP_AM041_TDY1_Jammer	</identifier>
		<parent>	Scene Root	</parent>
		<transform>
			<row0>	1.0000 0.0000 0.0000 0.0000	</row0>
			<row1>	0.0000 1.0000 0.0000 0.0000	</row1>
			<row2>	0.0000 0.0000 1.0000 0.0000	</row2>
			<row3>	0.0000 0.7489 -1.2659 1.0000	</row3>
		</transform>
	</node>
	<node>
		<identifier>	MP_AM046_Running_Lights_B	</identifier>
		<parent>	Scene Root	</parent>
		<transform>
			<row0>	-1.0000 0.0000 0.0000 0.0000	</row0>
			<row1>	0.0000 1.0000 0.0000 0.0000	</row1>
			<row2>	0.0000 0.0000 -1.0000 0.0000	</row2>
			<row3>	0.0000 0.2217 -3.9296 1.0000	</row3>
		</transform>
	</node>
	<node>
		<identifier>	MP_AM054_Boat_6	</identifier>
		<parent>	Scene Root	</parent>
		<transform>
			<row0>	0.0000 -1.0000 0.0000 0.0000	</row0>
			<row1>	1.0000 0.0000 -0.0059 0.0000	</row1>
			<row2>	0.0059 0.0000 1.0000 0.0000	</row2>
			<row3>	0.3992 0.2359 -1.3282 1.0000	</row3>
		</transform>
	</node>
	<node>
		<identifier>	MP_AM054_Boat_6_INDEX_1	</identifier>
		<parent>	Scene Root	</parent>
		<transform>
			<row0>	0.0000 -1.0000 0.0000 0.0000	</row0>
			<row1>	1.0000 0.0000 0.0000 0.0000	</row1>
			<row2>	0.0000 0.0000 1.0000 0.0000	</row2>
			<row3>	0.2069 0.2461 -1.9074 1.0000	</row3>
		</transform>
	</node>
	<node>
		<identifier>	MP_AM054_Boat_6_INDEX_2	</identifier>
		<parent>	Scene Root	</parent>
		<transform>
			<row0>	0.0000 1.0000 0.0000 0.0000	</row0>
			<row1>	-1.0000 0.0000 0.0000 0.0000	</row1>
			<row2>	0.0000 0.0000 1.0000 0.0000	</row2>
			<row3>	-0.2069 0.2461 -1.9074 1.0000	</row3>
		</transform>
	</node>
	<node>
		<identifier>	MP_AM054_Boat_6_INDEX_3	</identifier>
		<parent>	Scene Root	</parent>
		<transform>
			<row0>	0.9980 0.0616 -0.0112 0.0000	</row0>
			<row1>	-0.0616 0.9981 0.0000 0.0000	</row1>
			<row2>	0.0112 0.0007 0.9999 0.0000	</row2>
			<row3>	-0.3398 0.3324 -1.3239 1.0000	</row3>
		</transform>
	</node>
	<node>
		<identifier>	MP_AM054_Boat_6_INDEX_4	</identifier>
		<parent>	Scene Root	</parent>
		<transform>
			<row0>	0.0000 1.0000 0.0000 0.0000	</row0>
			<row1>	-1.0000 0.0000 -0.0059 0.0000	</row1>
			<row2>	-0.0059 0.0000 1.0000 0.0000	</row2>
			<row3>	-0.3992 0.2359 -1.3282 1.0000	</row3>
		</transform>
	</node>
	<node>
		<identifier>	MP_AM054_Boat_6_INDEX_5	</identifier>
		<parent>	Scene Root	</parent>
		<transform>
			<row0>	0.9980 -0.0616 0.0112 0.0000	</row0>
			<row1>	0.0616 0.9981 0.0000 0.0000	</row1>
			<row2>	-0.0112 0.0007 0.9999 0.0000	</row2>
			<row3>	0.3398 0.3325 -1.3239 1.0000	</row3>
		</transform>
	</node>
	<node>
		<identifier>	MP_AM063_Wind_Direction	</identifier>
		<parent>	Scene Root	</parent>
		<transform>
			<row0>	0.0000 0.0000 -1.0000 0.0000	</row0>
			<row1>	0.0000 1.0000 0.0000 0.0000	</row1>
			<row2>	1.0000 0.0000 0.0000 0.0000	</row2>
			<row3>	0.0714 1.5776 0.8522 1.0000	</row3>
		</transform>
	</node>
	<node>
		<identifier>	MP_AM103_Hatch_4	</identifier>
		<parent>	Scene Root	</parent>
		<transform>
			<row0>	1.0000 0.0000 0.0000 0.0000	</row0>
			<row1>	0.0000 1.0000 0.0000 0.0000	</row1>
			<row2>	0.0000 0.0000 1.0000 0.0000	</row2>
			<row3>	-0.1393 0.1520 -2.3573 1.0000	</row3>
		</transform>
	</node>
	<node>
		<identifier>	MP_AM103_Hatch_4_INDEX_1	</identifier>
		<parent>	Scene Root	</parent>
		<transform>
			<row0>	1.0000 0.0000 0.0000 0.0000	</row0>
			<row1>	0.0000 1.0000 0.0000 0.0000	</row1>
			<row2>	0.0000 0.0000 1.0000 0.0000	</row2>
			<row3>	0.0795 0.1584 -3.6065 1.0000	</row3>
		</transform>
	</node>
	<node>
		<identifier>	MP_AM148_Hatch_8	</identifier>
		<parent>	Scene Root	</parent>
		<transform>
			<row0>	0.0000 -0.0052 -1.0000 0.0000	</row0>
			<row1>	0.0416 0.9991 -0.0052 0.0000	</row1>
			<row2>	0.9991 -0.0416 0.0002 0.0000	</row2>
			<row3>	0.2432 0.1605 -1.6045 1.0000	</row3>
		</transform>
	</node>
	<node>
		<identifier>	MP_AM148_Hatch_8_INDEX_1	</identifier>
		<parent>	Scene Root	</parent>
		<transform>
			<row0>	0.0000 0.0052 1.0000 0.0000	</row0>
			<row1>	-0.0416 0.9991 -0.0052 0.0000	</row1>
			<row2>	-0.9991 -0.0416 0.0002 0.0000	</row2>
			<row3>	-0.2432 0.1605 -1.6045 1.0000	</row3>
		</transform>
	</node>
	<node>
		<identifier>	MP_AM148_Hatch_8_INDEX_2	</identifier>
		<parent>	Scene Root	</parent>
		<transform>
			<row0>	0.9999 0.0069 -0.0074 0.0000	</row0>
			<row1>	-0.0070 0.9999 -0.0086 0.0000	</row1>
			<row2>	0.0073 0.0087 0.9999 0.0000	</row2>
			<row3>	-0.0992 0.3322 -1.8063 1.0000	</row3>
		</transform>
	</node>
	<node>
		<identifier>	MP_AM148_Hatch_8_INDEX_3	</identifier>
		<parent>	Scene Root	</parent>
		<transform>
			<row0>	0.9999 0.0069 -0.0074 0.0000	</row0>
			<row1>	-0.0070 0.9999 -0.0086 0.0000	</row1>
			<row2>	0.0073 0.0087 0.9999 0.0000	</row2>
			<row3>	-0.0002 0.5000 -1.5321 1.0000	</row3>
		</transform>
	</node>
	<node>
		<identifier>	MP_AM157_Telephone	</identifier>
		<parent>	Scene Root	</parent>
		<transform>
			<row0>	1.0000 0.0000 0.0000 0.0000	</row0>
			<row1>	0.0000 1.0000 0.0000 0.0000	</row1>
			<row2>	0.0000 0.0000 1.0000 0.0000	</row2>
			<row3>	-0.0580 0.5891 -1.4213 1.0000	</row3>
		</transform>
	</node>
	<node>
		<identifier>	MP_AM157_Telephone_INDEX_1	</identifier>
		<parent>	Scene Root	</parent>
		<transform>
			<row0>	0.0000 0.0000 1.0000 0.0000	</row0>
			<row1>	0.0000 1.0000 0.0000 0.0000	</row1>
			<row2>	-1.0000 0.0000 0.0000 0.0000	</row2>
			<row3>	-0.1663 0.5498 -1.4163 1.0000	</row3>
		</transform>
	</node>
	<node>
		<identifier>	MP_AM157_Telephone_INDEX_2	</identifier>
		<parent>	Scene Root	</parent>
		<transform>
			<row0>	0.0000 0.0000 -1.0000 0.0000	</row0>
			<row1>	0.0000 1.0000 0.0000 0.0000	</row1>
			<row2>	1.0000 0.0000 0.0000 0.0000	</row2>
			<row3>	0.1663 0.5498 -1.4163 1.0000	</row3>
		</transform>
	</node>
	<node>
		<identifier>	MP_AM159_Voice_Tube	</identifier>
		<parent>	Scene Root	</parent>
		<transform>
			<row0>	0.9998 -0.0196 0.0000 0.0000	</row0>
			<row1>	0.0196 0.9998 0.0000 0.0000	</row1>
			<row2>	0.0000 0.0000 1.0000 0.0000	</row2>
			<row3>	0.1373 0.7586 1.4174 1.0000	</row3>
		</transform>
	</node>
	<node>
		<identifier>	MP_AM159_Voice_Tube_INDEX_1	</identifier>
		<parent>	Scene Root	</parent>
		<transform>
			<row0>	0.9998 -0.0196 0.0000 0.0000	</row0>
			<row1>	0.0196 0.9998 0.0000 0.0000	</row1>
			<row2>	0.0000 0.0000 1.0000 0.0000	</row2>
			<row3>	0.1179 0.7586 1.4174 1.0000	</row3>
		</transform>
	</node>
	<node>
		<identifier>	MP_AM159_Voice_Tube_INDEX_2	</identifier>
		<parent>	Scene Root	</parent>
		<transform>
			<row0>	0.0000 0.0000 1.0000 0.0000	</row0>
			<row1>	0.0000 1.0000 0.0000 0.0000	</row1>
			<row2>	-1.0000 0.0000 0.0000 0.0000	</row2>
			<row3>	-0.2452 0.6023 1.3757 1.0000	</row3>
		</transform>
	</node>
	<node>
		<identifier>	MP_AM159_Voice_Tube_INDEX_3	</identifier>
		<parent>	Scene Root	</parent>
		<transform>
			<row0>	0.0000 0.0000 -1.0000 0.0000	</row0>
			<row1>	0.0000 1.0000 0.0000 0.0000	</row1>
			<row2>	1.0000 0.0000 0.0000 0.0000	</row2>
			<row3>	0.2452 0.6023 1.3757 1.0000	</row3>
		</transform>
	</node>
	<node>
		<identifier>	MP_AM159_Voice_Tube_INDEX_4	</identifier>
		<parent>	Scene Root	</parent>
		<transform>
			<row0>	0.0000 0.0000 1.0000 0.0000	</row0>
			<row1>	0.0000 1.0000 0.0000 0.0000	</row1>
			<row2>	-1.0000 0.0000 0.0000 0.0000	</row2>
			<row3>	-0.1586 0.5004 -1.4446 1.0000	</row3>
		</transform>
	</node>
	<node>
		<identifier>	MP_AM159_Voice_Tube_INDEX_5	</identifier>
		<parent>	Scene Root	</parent>
		<transform>
			<row0>	0.0000 0.0000 -1.0000 0.0000	</row0>
			<row1>	0.0000 1.0000 0.0000 0.0000	</row1>
			<row2>	1.0000 0.0000 0.0000 0.0000	</row2>
			<row3>	0.1586 0.5004 -1.4446 1.0000	</row3>
		</transform>
	</node>
	<node>
		<identifier>	MP_AM159_Voice_Tube_INDEX_6	</identifier>
		<parent>	Scene Root	</parent>
		<transform>
			<row0>	-0.9503 0.0000 0.3115 0.0000	</row0>
			<row1>	0.0000 1.0000 0.0000 0.0000	</row1>
			<row2>	-0.3115 0.0000 -0.9503 0.0000	</row2>
			<row3>	-0.3015 0.3602 -0.2379 1.0000	</row3>
		</transform>
	</node>
	<node>
		<identifier>	MP_AM159_Voice_Tube_INDEX_7	</identifier>
		<parent>	Scene Root	</parent>
		<transform>
			<row0>	-0.9503 0.0000 -0.3115 0.0000	</row0>
			<row1>	0.0000 1.0000 0.0000 0.0000	</row1>
			<row2>	0.3115 0.0000 -0.9503 0.0000	</row2>
			<row3>	0.3015 0.3602 -0.2379 1.0000	</row3>
		</transform>
	</node>
	<node>
		<identifier>	MP_AM159_Voice_Tube_INDEX_8	</identifier>
		<parent>	Scene Root	</parent>
		<transform>
			<row0>	0.0000 0.0000 -1.0000 0.0000	</row0>
			<row1>	0.0000 1.0000 0.0000 0.0000	</row1>
			<row2>	1.0000 0.0000 0.0000 0.0000	</row2>
			<row3>	0.1123 0.5122 0.2662 1.0000	</row3>
		</transform>
	</node>
	<node>
		<identifier>	MP_AM159_Voice_Tube_INDEX_9	</identifier>
		<parent>	Scene Root	</parent>
		<transform>
			<row0>	0.0000 0.0000 1.0000 0.0000	</row0>
			<row1>	0.0000 1.0000 0.0000 0.0000	</row1>
			<row2>	-1.0000 0.0000 0.0000 0.0000	</row2>
			<row3>	-0.1123 0.5122 0.2662 1.0000	</row3>
		</transform>
	</node>
	<node>
		<identifier>	MP_AM372_Floater_Net_Basket_3	</identifier>
		<parent>	Scene Root	</parent>
		<transform>
			<row0>	0.0022 -0.0069 -1.0000 0.0000	</row0>
			<row1>	0.0060 1.0000 -0.0068 0.0000	</row1>
			<row2>	1.0000 -0.0060 0.0022 0.0000	</row2>
			<row3>	0.2570 0.3021 -1.6083 1.0000	</row3>
		</transform>
	</node>
	<node>
		<identifier>	MP_AM372_Floater_Net_Basket_3_INDEX_1	</identifier>
		<parent>	Scene Root	</parent>
		<transform>
			<row0>	-1.0000 0.0060 0.0000 0.0000	</row0>
			<row1>	0.0060 1.0000 0.0000 0.0000	</row1>
			<row2>	0.0000 0.0000 -1.0000 0.0000	</row2>
			<row3>	0.0034 0.2933 -2.3067 1.0000	</row3>
		</transform>
	</node>
	<node>
		<identifier>	MP_AM372_Floater_Net_Basket_3_INDEX_2	</identifier>
		<parent>	Scene Root	</parent>
		<transform>
			<row0>	0.0022 0.0069 1.0000 0.0000	</row0>
			<row1>	-0.0060 1.0000 -0.0068 0.0000	</row1>
			<row2>	-1.0000 -0.0060 0.0022 0.0000	</row2>
			<row3>	-0.2570 0.3021 -1.6083 1.0000	</row3>
		</transform>
	</node>
	<node>
		<identifier>	MP_AM374_Fender	</identifier>
		<parent>	Scene Root	</parent>
		<transform>
			<row0>	0.0000 0.0000 -0.5000 0.0000	</row0>
			<row1>	0.0000 0.5000 0.0000 0.0000	</row1>
			<row2>	0.5000 0.0000 0.0000 0.0000	</row2>
			<row3>	0.2239 0.1639 -1.5192 1.0000	</row3>
		</transform>
	</node>
	<node>
		<identifier>	MP_AM374_Fender_INDEX_1	</identifier>
		<parent>	Scene Root	</parent>
		<transform>
			<row0>	0.0000 0.0000 -0.5000 0.0000	</row0>
			<row1>	0.0000 0.5000 0.0000 0.0000	</row1>
			<row2>	0.5000 0.0000 0.0000 0.0000	</row2>
			<row3>	0.2239 0.1639 -1.5566 1.0000	</row3>
		</transform>
	</node>
	<node>
		<identifier>	MP_AM374_Fender_INDEX_2	</identifier>
		<parent>	Scene Root	</parent>
		<transform>
			<row0>	0.0000 0.0000 0.5000 0.0000	</row0>
			<row1>	0.0000 0.5000 0.0000 0.0000	</row1>
			<row2>	-0.5000 0.0000 0.0000 0.0000	</row2>
			<row3>	-0.2239 0.1639 -1.5566 1.0000	</row3>
		</transform>
	</node>
	<node>
		<identifier>	MP_AM374_Fender_INDEX_3	</identifier>
		<parent>	Scene Root	</parent>
		<transform>
			<row0>	0.0000 0.0000 0.5000 0.0000	</row0>
			<row1>	0.0000 0.5000 0.0000 0.0000	</row1>
			<row2>	-0.5000 0.0000 0.0000 0.0000	</row2>
			<row3>	-0.2239 0.1639 -1.5192 1.0000	</row3>
		</transform>
	</node>
	<node>
		<identifier>	MP_AM442_Multipole_Switch	</identifier>
		<parent>	Scene Root	</parent>
		<transform>
			<row0>	1.0000 0.0000 0.0000 0.0000	</row0>
			<row1>	0.0000 1.0000 0.0000 0.0000	</row1>
			<row2>	0.0000 0.0000 1.0000 0.0000	</row2>
			<row3>	-0.0591 0.5891 -1.4202 1.0000	</row3>
		</transform>
	</node>
	<node>
		<identifier>	MP_AM442_Multipole_Switch_INDEX_1	</identifier>
		<parent>	Scene Root	</parent>
		<transform>
			<row0>	1.0000 0.0000 0.0000 0.0000	</row0>
			<row1>	0.0000 1.0000 0.0000 0.0000	</row1>
			<row2>	0.0000 0.0000 1.0000 0.0000	</row2>
			<row3>	0.0591 0.5891 -1.4202 1.0000	</row3>
		</transform>
	</node>
	<node>
		<identifier>	MP_AM679_Stowage_Rack	</identifier>
		<parent>	Scene Root	</parent>
		<transform>
			<row0>	-0.9995 0.0318 0.0000 0.0000	</row0>
			<row1>	0.0318 0.9995 0.0000 0.0000	</row1>
			<row2>	0.0000 0.0000 -1.0000 0.0000	</row2>
			<row3>	0.2305 0.1523 -3.5467 1.0000	</row3>
		</transform>
	</node>
	<node>
		<identifier>	MP_AM679_Stowage_Rack_INDEX_1	</identifier>
		<parent>	Scene Root	</parent>
		<transform>
			<row0>	-0.9995 -0.0318 0.0000 0.0000	</row0>
			<row1>	-0.0318 0.9995 0.0000 0.0000	</row1>
			<row2>	0.0000 0.0000 -1.0000 0.0000	</row2>
			<row3>	-0.2305 0.1523 -3.5467 1.0000	</row3>
		</transform>
	</node>
	<node>
		<identifier>	MP_AM680_Depth_Charge_Roller_Rack_L	</identifier>
		<parent>	Scene Root	</parent>
		<transform>
			<row0>	0.9999 0.0069 -0.0074 0.0000	</row0>
			<row1>	-0.0070 0.9999 -0.0086 0.0000	</row1>
			<row2>	0.0073 0.0087 0.9999 0.0000	</row2>
			<row3>	-0.3431 0.1504 -1.7270 1.0000	</row3>
		</transform>
	</node>
	<node>
		<identifier>	MP_AM681_Depth_Charge_Roller_Rack_R	</identifier>
		<parent>	Scene Root	</parent>
		<transform>
			<row0>	0.9999 0.0069 -0.0074 0.0000	</row0>
			<row1>	-0.0070 0.9999 -0.0086 0.0000	</row1>
			<row2>	0.0073 0.0087 0.9999 0.0000	</row2>
			<row3>	0.3444 0.1504 -1.7270 1.0000	</row3>
		</transform>
	</node>
	<node>
		<identifier>	MP_AM720_Helmets_Rack	</identifier>
		<parent>	Scene Root	</parent>
		<transform>
			<row0>	-1.0000 0.0000 0.0000 0.0000	</row0>
			<row1>	0.0000 1.0000 0.0000 0.0000	</row1>
			<row2>	0.0000 0.0000 -1.0000 0.0000	</row2>
			<row3>	0.0574 0.5446 -1.4215 1.0000	</row3>
		</transform>
	</node>
	<node>
		<identifier>	MP_AM720_Helmets_Rack_INDEX_1	</identifier>
		<parent>	Scene Root	</parent>
		<transform>
			<row0>	1.0000 0.0000 0.0000 0.0000	</row0>
			<row1>	0.0000 1.0000 0.0000 0.0000	</row1>
			<row2>	0.0000 0.0000 1.0000 0.0000	</row2>
			<row3>	-0.1025 0.1723 -3.2066 1.0000	</row3>
		</transform>
	</node>
	<node>
		<identifier>	MP_AM720_Helmets_Rack_INDEX_2	</identifier>
		<parent>	Scene Root	</parent>
		<transform>
			<row0>	0.0000 0.0000 -1.0000 0.0000	</row0>
			<row1>	0.0000 1.0000 0.0000 0.0000	</row1>
			<row2>	1.0000 0.0000 0.0000 0.0000	</row2>
			<row3>	0.2069 0.2140 -1.7662 1.0000	</row3>
		</transform>
	</node>
	<node>
		<identifier>	MP_AM720_Helmets_Rack_INDEX_3	</identifier>
		<parent>	Scene Root	</parent>
		<transform>
			<row0>	0.0000 0.0000 1.0000 0.0000	</row0>
			<row1>	0.0000 1.0000 0.0000 0.0000	</row1>
			<row2>	-1.0000 0.0000 0.0000 0.0000	</row2>
			<row3>	-0.2069 0.2140 -1.7662 1.0000	</row3>
		</transform>
	</node>
	<node>
		<identifier>	MP_AM720_Helmets_Rack_INDEX_4	</identifier>
		<parent>	Scene Root	</parent>
		<transform>
			<row0>	-1.0000 0.0000 0.0000 0.0000	</row0>
			<row1>	0.0000 1.0000 0.0000 0.0000	</row1>
			<row2>	0.0000 0.0000 -1.0000 0.0000	</row2>
			<row3>	0.1006 0.4022 -1.6564 1.0000	</row3>
		</transform>
	</node>
	<node>
		<identifier>	MP_AM725_Ammobox	</identifier>
		<parent>	Scene Root	</parent>
		<transform>
			<row0>	0.0000 0.0000 1.0000 0.0000	</row0>
			<row1>	0.0196 0.9998 0.0000 0.0000	</row1>
			<row2>	-0.9998 0.0196 0.0000 0.0000	</row2>
			<row3>	0.0226 0.1582 -3.2712 1.0000	</row3>
		</transform>
	</node>
	<node>
		<identifier>	MP_AM725_Ammobox_INDEX_1	</identifier>
		<parent>	Scene Root	</parent>
		<transform>
			<row0>	0.0000 0.0000 -1.0000 0.0000	</row0>
			<row1>	-0.0196 0.9998 0.0000 0.0000	</row1>
			<row2>	0.9998 0.0196 0.0000 0.0000	</row2>
			<row3>	-0.0226 0.1582 -3.2712 1.0000	</row3>
		</transform>
	</node>
	<node>
		<identifier>	MP_AM725_Ammobox_INDEX_2	</identifier>
		<parent>	Scene Root	</parent>
		<transform>
			<row0>	0.9998 0.0196 0.0000 0.0000	</row0>
			<row1>	-0.0196 0.9998 0.0000 0.0000	</row1>
			<row2>	0.0000 0.0000 1.0000 0.0000	</row2>
			<row3>	0.0006 0.1582 -3.3336 1.0000	</row3>
		</transform>
	</node>
	<node>
		<identifier>	MP_AM727_Hatch	</identifier>
		<parent>	Scene Root	</parent>
		<transform>
			<row0>	0.9993 0.0381 0.0003 0.0000	</row0>
			<row1>	-0.0381 0.9992 0.0081 0.0000	</row1>
			<row2>	0.0000 -0.0081 1.0000 0.0000	</row2>
			<row3>	-0.1640 0.1572 -3.1323 1.0000	</row3>
		</transform>
	</node>
	<node>
		<identifier>	MP_CM011_Fire_Fighting_Gear	</identifier>
		<parent>	Scene Root	</parent>
		<transform>
			<row0>	0.0000 0.0000 -1.0000 0.0000	</row0>
			<row1>	0.0000 1.0000 0.0000 0.0000	</row1>
			<row2>	1.0000 0.0000 0.0000 0.0000	</row2>
			<row3>	-0.2133 0.1650 -1.4886 1.0000	</row3>
		</transform>
	</node>
	<node>
		<identifier>	MP_CM011_Fire_Fighting_Gear_INDEX_1	</identifier>
		<parent>	Scene Root	</parent>
		<transform>
			<row0>	0.0000 0.0000 1.0000 0.0000	</row0>
			<row1>	0.0000 1.0000 0.0000 0.0000	</row1>
			<row2>	-1.0000 0.0000 0.0000 0.0000	</row2>
			<row3>	0.2133 0.1656 -1.4886 1.0000	</row3>
		</transform>
	</node>
	<node>
		<identifier>	MP_CM011_Fire_Fighting_Gear_INDEX_2	</identifier>
		<parent>	Scene Root	</parent>
		<transform>
			<row0>	1.0000 0.0000 0.0000 0.0000	</row0>
			<row1>	0.0000 1.0000 0.0000 0.0000	</row1>
			<row2>	0.0000 0.0000 1.0000 0.0000	</row2>
			<row3>	-0.0059 0.1590 -2.3144 1.0000	</row3>
		</transform>
	</node>
	<node>
		<identifier>	MP_CM012_Fire_Hose_Rack_1	</identifier>
		<parent>	Scene Root	</parent>
		<transform>
			<row0>	1.0000 0.0000 0.0000 0.0000	</row0>
			<row1>	0.0000 1.0000 0.0000 0.0000	</row1>
			<row2>	0.0000 0.0000 1.0000 0.0000	</row2>
			<row3>	-0.2068 0.2594 -1.4891 1.0000	</row3>
		</transform>
	</node>
	<node>
		<identifier>	MP_CM012_Fire_Hose_Rack_1_INDEX_1	</identifier>
		<parent>	Scene Root	</parent>
		<transform>
			<row0>	-1.0000 0.0000 0.0000 0.0000	</row0>
			<row1>	0.0000 1.0000 0.0000 0.0000	</row1>
			<row2>	0.0000 0.0000 -1.0000 0.0000	</row2>
			<row3>	0.2068 0.2594 -1.4858 1.0000	</row3>
		</transform>
	</node>
	<node>
		<identifier>	MP_CM013_Fire_Hose_Rack_2	</identifier>
		<parent>	Scene Root	</parent>
		<transform>
			<row0>	0.0000 0.0000 1.0000 0.0000	</row0>
			<row1>	0.0000 1.0000 0.0000 0.0000	</row1>
			<row2>	-1.0000 0.0000 0.0000 0.0000	</row2>
			<row3>	-0.0016 0.2307 -2.3067 1.0000	</row3>
		</transform>
	</node>
	<node>
		<identifier>	MP_CM014_Fuel_Oil_Hose	</identifier>
		<parent>	Scene Root	</parent>
		<transform>
			<row0>	-0.0271 0.9995 -0.0160 0.0000	</row0>
			<row1>	-0.9996 -0.0271 0.0004 0.0000	</row1>
			<row2>	0.0000 0.0160 0.9999 0.0000	</row2>
			<row3>	0.2314 0.3195 -1.6557 1.0000	</row3>
		</transform>
	</node>
	<node>
		<identifier>	MP_CM014_Fuel_Oil_Hose_INDEX_1	</identifier>
		<parent>	Scene Root	</parent>
		<transform>
			<row0>	0.0000 1.0000 0.0000 0.0000	</row0>
			<row1>	1.0000 0.0000 0.0000 0.0000	</row1>
			<row2>	0.0000 0.0000 -1.0000 0.0000	</row2>
			<row3>	-0.2314 0.3195 -1.6557 1.0000	</row3>
		</transform>
	</node>
	<node>
		<identifier>	MP_CM029_Emergency_Box	</identifier>
		<parent>	Scene Root	</parent>
		<transform>
			<row0>	1.0000 0.0000 0.0000 0.0000	</row0>
			<row1>	0.0000 1.0000 0.0000 0.0000	</row1>
			<row2>	0.0000 0.0000 1.0000 0.0000	</row2>
			<row3>	0.0395 0.2432 -2.3128 1.0000	</row3>
		</transform>
	</node>
	<node>
		<identifier>	MP_CM029_Emergency_Box_INDEX_1	</identifier>
		<parent>	Scene Root	</parent>
		<transform>
			<row0>	1.0000 0.0000 0.0000 0.0000	</row0>
			<row1>	0.0000 1.0000 0.0000 0.0000	</row1>
			<row2>	0.0000 0.0000 1.0000 0.0000	</row2>
			<row3>	-0.1040 0.4103 -1.6618 1.0000	</row3>
		</transform>
	</node>
	<node>
		<identifier>	MP_CM161_Propeller_4_8m_BB_R	</identifier>
		<parent>	Scene Root	</parent>
		<transform>
			<row0>	1.0000 0.0000 0.0000 0.0000	</row0>
			<row1>	0.0000 0.9979 -0.0649 0.0000	</row1>
			<row2>	0.0000 0.0649 0.9979 0.0000	</row2>
			<row3>	0.1801 -0.2500 -3.4557 1.0000	</row3>
		</transform>
	</node>
	<node>
		<identifier>	MP_CM162_Propeller_4_8m_BB_L	</identifier>
		<parent>	Scene Root	</parent>
		<transform>
			<row0>	1.0000 0.0000 0.0000 0.0000	</row0>
			<row1>	0.0000 0.9979 -0.0649 0.0000	</row1>
			<row2>	0.0000 0.0649 0.9979 0.0000	</row2>
			<row3>	-0.1801 -0.2500 -3.4557 1.0000	</row3>
		</transform>
	</node>
	<node>
		<identifier>	SP_YMS011_YHWL_M_1_INDEX_4	</identifier>
		<parent>	Scene Root	</parent>
		<transform>
			<row0>	0.9873 0.1564 0.0295 0.0000	</row0>
			<row1>	-0.1562 0.9877 -0.0083 0.0000	</row1>
			<row2>	-0.0304 0.0036 0.9995 0.0000	</row2>
			<row3>	-0.3990 -0.0144 -1.7142 1.0000	</row3>
		</transform>
	</node>
	<node>
		<identifier>	SP_YMS011_YHWL_M_1_INDEX_5	</identifier>
		<parent>	Scene Root	</parent>
		<transform>
			<row0>	0.9733 0.2231 0.0539 0.0000	</row0>
			<row1>	-0.2228 0.9748 -0.0114 0.0000	</row1>
			<row2>	-0.0551 -0.0009 0.9985 0.0000	</row2>
			<row3>	-0.3626 -0.0144 -2.5579 1.0000	</row3>
		</transform>
	</node>
	<node>
		<identifier>	SP_YMS011_YHWL_M_1_INDEX_7	</identifier>
		<parent>	Scene Root	</parent>
		<transform>
			<row0>	0.9699 0.2228 0.0980 0.0000	</row0>
			<row1>	-0.2228 0.9748 -0.0114 0.0000	</row1>
			<row2>	-0.0981 -0.0108 0.9951 0.0000	</row2>
			<row3>	-0.2869 -0.0144 -3.4056 1.0000	</row3>
		</transform>
	</node>
	<node>
		<identifier>	SP_YMS012_YHWR_M_1_INDEX_5	</identifier>
		<parent>	Scene Root	</parent>
		<transform>
			<row0>	0.9733 -0.2231 -0.0539 0.0000	</row0>
			<row1>	0.2228 0.9748 -0.0114 0.0000	</row1>
			<row2>	0.0551 -0.0009 0.9985 0.0000	</row2>
			<row3>	0.3626 -0.0144 -2.5579 1.0000	</row3>
		</transform>
	</node>
	<node>
		<identifier>	SP_YMS012_YHWR_M_1_INDEX_6	</identifier>
		<parent>	Scene Root	</parent>
		<transform>
			<row0>	0.9873 -0.1564 -0.0295 0.0000	</row0>
			<row1>	0.1562 0.9877 -0.0083 0.0000	</row1>
			<row2>	0.0304 0.0036 0.9995 0.0000	</row2>
			<row3>	0.3990 -0.0144 -1.7142 1.0000	</row3>
		</transform>
	</node>
	<node>
		<identifier>	SP_YMS021_YHUC_S_1	</identifier>
		<parent>	Scene Root	</parent>
		<transform>
			<row0>	-0.0519 0.0238 -0.9386 0.0000	</row0>
			<row1>	-0.3245 -0.8826 -0.0044 0.0000	</row1>
			<row2>	-0.8810 0.3236 0.0569 0.0000	</row2>
			<row3>	-0.2027 -0.2326 -1.6686 1.0000	</row3>
		</transform>
	</node>
	<node>
		<identifier>	SP_YMS021_YHUC_S_1_INDEX_1	</identifier>
		<parent>	Scene Root	</parent>
		<transform>
			<row0>	-0.0519 -0.0238 0.9386 0.0000	</row0>
			<row1>	0.3245 -0.8826 -0.0044 0.0000	</row1>
			<row2>	0.8810 0.3236 0.0569 0.0000	</row2>
			<row3>	0.2027 -0.2326 -1.6686 1.0000	</row3>
		</transform>
	</node>
	<node>
		<identifier>	SP_YMS023_YHUC_L_1	</identifier>
		<parent>	Scene Root	</parent>
		<transform>
			<row0>	0.7320 0.0000 0.0000 0.0000	</row0>
			<row1>	0.0000 0.7304 -0.0475 0.0000	</row1>
			<row2>	0.0000 0.0475 0.7304 0.0000	</row2>
			<row3>	0.1801 -0.2500 -3.4557 1.0000	</row3>
		</transform>
	</node>
	<node>
		<identifier>	SP_YMS023_YHUC_L_1_INDEX_1	</identifier>
		<parent>	Scene Root	</parent>
		<transform>
			<row0>	0.7320 0.0000 0.0000 0.0000	</row0>
			<row1>	0.0000 0.7304 -0.0475 0.0000	</row1>
			<row2>	0.0000 0.0475 0.7304 0.0000	</row2>
			<row3>	-0.1801 -0.2500 -3.4557 1.0000	</row3>
		</transform>
	</node>
	<node>
		<identifier>	SP_YMS030_YHAM_M_1	</identifier>
		<parent>	Scene Root	</parent>
		<transform>
			<row0>	0.5987 0.0000 0.0000 0.0000	</row0>
			<row1>	0.0000 0.5987 0.0000 0.0000	</row1>
			<row2>	0.0000 0.0000 0.5987 0.0000	</row2>
			<row3>	0.0000 0.1586 -3.9006 1.0000	</row3>
		</transform>
	</node>
	<node>
		<identifier>	SP_YMS031_YHAL_M_1	</identifier>
		<parent>	Scene Root	</parent>
		<transform>
			<row0>	0.4605 0.0000 0.0759 0.0000	</row0>
			<row1>	0.0000 0.4667 0.0000 0.0000	</row1>
			<row2>	-0.0759 0.0000 0.4605 0.0000	</row2>
			<row3>	-0.2780 0.0896 -3.6789 1.0000	</row3>
		</transform>
	</node>
	<node>
		<identifier>	SP_YMS032_YHAR_M_1	</identifier>
		<parent>	Scene Root	</parent>
		<transform>
			<row0>	0.4605 0.0000 -0.0759 0.0000	</row0>
			<row1>	0.0000 0.4667 0.0000 0.0000	</row1>
			<row2>	0.0759 0.0000 0.4605 0.0000	</row2>
			<row3>	0.2780 0.0896 -3.6789 1.0000	</row3>
		</transform>
	</node>
	<node>
		<identifier>	SP_YMS053_YHDC_S_1_INDEX_4	</identifier>
		<parent>	Scene Root	</parent>
		<transform>
			<row0>	0.4949 0.0000 0.0000 0.0000	</row0>
			<row1>	0.0000 0.4949 -0.0018 0.0000	</row1>
			<row2>	0.0000 0.0018 0.4949 0.0000	</row2>
			<row3>	0.2395 0.1578 -3.0579 1.0000	</row3>
		</transform>
	</node>
	<node>
		<identifier>	SP_YMS053_YHDC_S_1_INDEX_5	</identifier>
		<parent>	Scene Root	</parent>
		<transform>
			<row0>	0.4949 0.0000 0.0000 0.0000	</row0>
			<row1>	0.0000 0.4949 -0.0018 0.0000	</row1>
			<row2>	0.0000 0.0018 0.4949 0.0000	</row2>
			<row3>	-0.2395 0.1578 -3.0579 1.0000	</row3>
		</transform>
	</node>
	<node>
		<identifier>	SP_YMS063_YHGQ_S_1	</identifier>
		<parent>	Scene Root	</parent>
		<transform>
			<row0>	0.6314 0.0000 -0.4815 0.0000	</row0>
			<row1>	0.0000 0.7941 0.0000 0.0000	</row1>
			<row2>	0.4815 0.0000 0.6314 0.0000	</row2>
			<row3>	-0.1394 0.5710 -1.6306 1.0000	</row3>
		</transform>
	</node>
	<node>
		<identifier>	SP_YMS063_YHGQ_S_1_INDEX_1	</identifier>
		<parent>	Scene Root	</parent>
		<transform>
			<row0>	0.6314 0.0000 0.4815 0.0000	</row0>
			<row1>	0.0000 0.7941 0.0000 0.0000	</row1>
			<row2>	-0.4815 0.0000 0.6314 0.0000	</row2>
			<row3>	0.1394 0.5710 -1.6306 1.0000	</row3>
		</transform>
	</node>
	<node>
		<identifier>	SP_YMS080_YHSL_M_1_INDEX_1	</identifier>
		<parent>	Scene Root	</parent>
		<transform>
			<row0>	0.4076 0.0318 0.0149 0.0000	</row0>
			<row1>	-0.0324 0.4074 0.0189 0.0000	</row1>
			<row2>	-0.0134 -0.0200 0.4084 0.0000	</row2>
			<row3>	-0.3596 0.0870 -2.5422 1.0000	</row3>
		</transform>
	</node>
	<node>
		<identifier>	SP_YMS080_YHSL_M_1_INDEX_2	</identifier>
		<parent>	Scene Root	</parent>
		<transform>
			<row0>	0.4039 0.0515 0.0401 0.0000	</row0>
			<row1>	-0.0534 0.4053 0.0168 0.0000	</row1>
			<row2>	-0.0376 -0.0218 0.4068 0.0000	</row2>
			<row3>	-0.3179 0.0870 -3.2126 1.0000	</row3>
		</transform>
	</node>
	<node>
		<identifier>	SP_YMS081_YHSR_M_1	</identifier>
		<parent>	Scene Root	</parent>
		<transform>
			<row0>	0.4076 -0.0318 -0.0149 0.0000	</row0>
			<row1>	0.0324 0.4074 0.0189 0.0000	</row1>
			<row2>	0.0134 -0.0200 0.4084 0.0000	</row2>
			<row3>	0.3596 0.0870 -2.5422 1.0000	</row3>
		</transform>
	</node>
	<node>
		<identifier>	SP_YMS081_YHSR_M_1_INDEX_2	</identifier>
		<parent>	Scene Root	</parent>
		<transform>
			<row0>	0.4039 -0.0515 -0.0401 0.0000	</row0>
			<row1>	0.0534 0.4053 0.0168 0.0000	</row1>
			<row2>	0.0376 -0.0218 0.4068 0.0000	</row2>
			<row3>	0.3179 0.0870 -3.2126 1.0000	</row3>
		</transform>
	</node>
	<node>
		<identifier>	SP_YMS083_YHSC_L_1_INDEX_1	</identifier>
		<parent>	Scene Root	</parent>
		<transform>
			<row0>	0.0132 0.0044 0.3383 0.0000	</row0>
			<row1>	0.0034 0.3386 -0.0045 0.0000	</row1>
			<row2>	-0.3384 0.0036 0.0132 0.0000	</row2>
			<row3>	0.3814 0.1461 -2.1087 1.0000	</row3>
		</transform>
	</node>
	<node>
		<identifier>	SP_YMS083_YHSC_L_1_INDEX_3	</identifier>
		<parent>	Scene Root	</parent>
		<transform>
			<row0>	0.0132 -0.0044 -0.3383 0.0000	</row0>
			<row1>	-0.0034 0.3386 -0.0045 0.0000	</row1>
			<row2>	0.3384 0.0036 0.0132 0.0000	</row2>
			<row3>	-0.3814 0.1461 -2.1087 1.0000	</row3>
		</transform>
	</node>
	<node>
		<identifier>	SP_YMS084_YHSC_L_2_INDEX_2	</identifier>
		<parent>	Scene Root	</parent>
		<transform>
			<row0>	0.0127 -0.0025 -0.3391 0.0000	</row0>
			<row1>	0.0129 0.3391 -0.0020 0.0000	</row1>
			<row2>	0.3388 -0.0128 0.0128 0.0000	</row2>
			<row3>	-0.3901 0.1490 -1.8653 1.0000	</row3>
		</transform>
	</node>
	<node>
		<identifier>	SP_YMS084_YHSC_L_2_INDEX_3	</identifier>
		<parent>	Scene Root	</parent>
		<transform>
			<row0>	0.0127 0.0025 0.3391 0.0000	</row0>
			<row1>	-0.0129 0.3391 -0.0020 0.0000	</row1>
			<row2>	-0.3388 -0.0128 0.0128 0.0000	</row2>
			<row3>	0.3901 0.1490 -1.8653 1.0000	</row3>
		</transform>
	</node>
	<node>
		<identifier>	SP_YMS096_YHZC_S_1_INDEX_7	</identifier>
		<parent>	Scene Root	</parent>
		<transform>
			<row0>	0.8013 0.0000 0.0000 0.0000	</row0>
			<row1>	0.0000 0.8013 0.0000 0.0000	</row1>
			<row2>	0.0000 0.0000 0.8013 0.0000	</row2>
			<row3>	0.0000 0.5710 -1.7615 1.0000	</row3>
		</transform>
	</node>
</ASD302_Osborn_1945_MidBack.skel_ext>
