<ASD302_Osborn_1945_MidFront.skel_ext>
	<exported>	true	</exported>
	<node>
		<identifier>	MP_AM004_Fairlead_2	</identifier>
		<parent>	Scene Root	</parent>
		<transform>
			<row0>	-0.1187 0.0553 0.9914 0.0000	</row0>
			<row1>	0.0243 0.9983 -0.0528 0.0000	</row1>
			<row2>	-0.9926 0.0179 -0.1198 0.0000	</row2>
			<row3>	0.2468 0.3330 2.8937 1.0000	</row3>
		</transform>
	</node>
	<node>
		<identifier>	MP_AM004_Fairlead_2_INDEX_1	</identifier>
		<parent>	Scene Root	</parent>
		<transform>
			<row0>	-0.3097 0.0510 0.9495 0.0000	</row0>
			<row1>	0.0029 0.9986 -0.0527 0.0000	</row1>
			<row2>	-0.9508 -0.0136 -0.3094 0.0000	</row2>
			<row3>	0.0771 0.3808 3.7445 1.0000	</row3>
		</transform>
	</node>
	<node>
		<identifier>	MP_AM004_Fairlead_2_INDEX_10	</identifier>
		<parent>	Scene Root	</parent>
		<transform>
			<row0>	-0.0807 -0.0537 -0.9953 0.0000	</row0>
			<row1>	-0.0906 0.9948 -0.0463 0.0000	</row1>
			<row2>	0.9926 0.0864 -0.0851 0.0000	</row2>
			<row3>	-0.3404 0.2701 1.7925 1.0000	</row3>
		</transform>
	</node>
	<node>
		<identifier>	MP_AM004_Fairlead_2_INDEX_11	</identifier>
		<parent>	Scene Root	</parent>
		<transform>
			<row0>	-0.0054 -0.0391 -0.9992 0.0000	</row0>
			<row1>	-0.0639 0.9972 -0.0387 0.0000	</row1>
			<row2>	0.9979 0.0636 -0.0079 0.0000	</row2>
			<row3>	-0.3937 0.1993 0.2468 1.0000	</row3>
		</transform>
	</node>
	<node>
		<identifier>	MP_AM004_Fairlead_2_INDEX_12	</identifier>
		<parent>	Scene Root	</parent>
		<transform>
			<row0>	-0.0065 -0.0218 -0.9997 0.0000	</row0>
			<row1>	-0.0350 0.9992 -0.0215 0.0000	</row1>
			<row2>	0.9994 0.0348 -0.0073 0.0000	</row2>
			<row3>	-0.4031 0.1787 -0.4044 1.0000	</row3>
		</transform>
	</node>
	<node>
		<identifier>	MP_AM004_Fairlead_2_INDEX_13	</identifier>
		<parent>	Scene Root	</parent>
		<transform>
			<row0>	-0.1439 0.0558 0.9880 0.0000	</row0>
			<row1>	0.0163 0.9984 -0.0540 0.0000	</row1>
			<row2>	-0.9895 0.0083 -0.1446 0.0000	</row2>
			<row3>	0.1716 0.3612 3.3848 1.0000	</row3>
		</transform>
	</node>
	<node>
		<identifier>	MP_AM004_Fairlead_2_INDEX_2	</identifier>
		<parent>	Scene Root	</parent>
		<transform>
			<row0>	-0.0802 0.0617 0.9949 0.0000	</row0>
			<row1>	0.0559 0.9968 -0.0573 0.0000	</row1>
			<row2>	-0.9952 0.0511 -0.0834 0.0000	</row2>
			<row3>	0.3226 0.2864 2.0943 1.0000	</row3>
		</transform>
	</node>
	<node>
		<identifier>	MP_AM004_Fairlead_2_INDEX_3	</identifier>
		<parent>	Scene Root	</parent>
		<transform>
			<row0>	-0.0807 0.0537 0.9953 0.0000	</row0>
			<row1>	0.0906 0.9948 -0.0463 0.0000	</row1>
			<row2>	-0.9926 0.0864 -0.0851 0.0000	</row2>
			<row3>	0.3404 0.2701 1.7925 1.0000	</row3>
		</transform>
	</node>
	<node>
		<identifier>	MP_AM004_Fairlead_2_INDEX_4	</identifier>
		<parent>	Scene Root	</parent>
		<transform>
			<row0>	-0.0054 0.0391 0.9992 0.0000	</row0>
			<row1>	0.0639 0.9972 -0.0387 0.0000	</row1>
			<row2>	-0.9979 0.0636 -0.0079 0.0000	</row2>
			<row3>	0.3937 0.1993 0.2468 1.0000	</row3>
		</transform>
	</node>
	<node>
		<identifier>	MP_AM004_Fairlead_2_INDEX_5	</identifier>
		<parent>	Scene Root	</parent>
		<transform>
			<row0>	-0.0065 0.0218 0.9997 0.0000	</row0>
			<row1>	0.0350 0.9992 -0.0215 0.0000	</row1>
			<row2>	-0.9994 0.0348 -0.0073 0.0000	</row2>
			<row3>	0.4031 0.1787 -0.4044 1.0000	</row3>
		</transform>
	</node>
	<node>
		<identifier>	MP_AM004_Fairlead_2_INDEX_6	</identifier>
		<parent>	Scene Root	</parent>
		<transform>
			<row0>	-0.1187 -0.0553 -0.9914 0.0000	</row0>
			<row1>	-0.0243 0.9983 -0.0528 0.0000	</row1>
			<row2>	0.9926 0.0179 -0.1198 0.0000	</row2>
			<row3>	-0.2468 0.3330 2.8937 1.0000	</row3>
		</transform>
	</node>
	<node>
		<identifier>	MP_AM004_Fairlead_2_INDEX_7	</identifier>
		<parent>	Scene Root	</parent>
		<transform>
			<row0>	-0.1439 -0.0558 -0.9880 0.0000	</row0>
			<row1>	-0.0163 0.9984 -0.0540 0.0000	</row1>
			<row2>	0.9895 0.0083 -0.1446 0.0000	</row2>
			<row3>	-0.1716 0.3612 3.3848 1.0000	</row3>
		</transform>
	</node>
	<node>
		<identifier>	MP_AM004_Fairlead_2_INDEX_8	</identifier>
		<parent>	Scene Root	</parent>
		<transform>
			<row0>	-0.3097 -0.0510 -0.9495 0.0000	</row0>
			<row1>	-0.0029 0.9986 -0.0527 0.0000	</row1>
			<row2>	0.9508 -0.0136 -0.3094 0.0000	</row2>
			<row3>	-0.0771 0.3808 3.7445 1.0000	</row3>
		</transform>
	</node>
	<node>
		<identifier>	MP_AM004_Fairlead_2_INDEX_9	</identifier>
		<parent>	Scene Root	</parent>
		<transform>
			<row0>	-0.0802 -0.0617 -0.9949 0.0000	</row0>
			<row1>	-0.0559 0.9968 -0.0573 0.0000	</row1>
			<row2>	0.9952 0.0511 -0.0834 0.0000	</row2>
			<row3>	-0.3226 0.2864 2.0943 1.0000	</row3>
		</transform>
	</node>
	<node>
		<identifier>	MP_AM005_Bollard_1	</identifier>
		<parent>	Scene Root	</parent>
		<transform>
			<row0>	0.9994 -0.0329 0.0047 0.0000	</row0>
			<row1>	0.0330 0.9991 -0.0277 0.0000	</row1>
			<row2>	-0.0038 0.0278 0.9996 0.0000	</row2>
			<row3>	0.3758 0.1809 -0.3565 1.0000	</row3>
		</transform>
	</node>
	<node>
		<identifier>	MP_AM005_Bollard_1_INDEX_1	</identifier>
		<parent>	Scene Root	</parent>
		<transform>
			<row0>	0.9994 -0.0329 0.0047 0.0000	</row0>
			<row1>	0.0331 0.9988 -0.0350 0.0000	</row1>
			<row2>	-0.0035 0.0352 0.9994 0.0000	</row2>
			<row3>	0.3679 0.1984 0.1973 1.0000	</row3>
		</transform>
	</node>
	<node>
		<identifier>	MP_AM005_Bollard_1_INDEX_2	</identifier>
		<parent>	Scene Root	</parent>
		<transform>
			<row0>	0.9949 -0.0630 0.0787 0.0000	</row0>
			<row1>	0.0672 0.9964 -0.0521 0.0000	</row1>
			<row2>	-0.0751 0.0571 0.9955 0.0000	</row2>
			<row3>	0.3047 0.2795 1.9407 1.0000	</row3>
		</transform>
	</node>
	<node>
		<identifier>	MP_AM005_Bollard_1_INDEX_3	</identifier>
		<parent>	Scene Root	</parent>
		<transform>
			<row0>	0.9906 0.0245 -0.1347 0.0000	</row0>
			<row1>	-0.0324 0.9979 -0.0569 0.0000	</row1>
			<row2>	0.1330 0.0607 0.9893 0.0000	</row2>
			<row3>	-0.1707 0.3519 3.2187 1.0000	</row3>
		</transform>
	</node>
	<node>
		<identifier>	MP_AM005_Bollard_1_INDEX_4	</identifier>
		<parent>	Scene Root	</parent>
		<transform>
			<row0>	0.9949 0.0630 -0.0787 0.0000	</row0>
			<row1>	-0.0672 0.9964 -0.0521 0.0000	</row1>
			<row2>	0.0751 0.0571 0.9955 0.0000	</row2>
			<row3>	-0.3047 0.2795 1.9407 1.0000	</row3>
		</transform>
	</node>
	<node>
		<identifier>	MP_AM005_Bollard_1_INDEX_5	</identifier>
		<parent>	Scene Root	</parent>
		<transform>
			<row0>	0.9994 0.0329 -0.0047 0.0000	</row0>
			<row1>	-0.0331 0.9988 -0.0350 0.0000	</row1>
			<row2>	0.0035 0.0352 0.9994 0.0000	</row2>
			<row3>	-0.3679 0.1984 0.1973 1.0000	</row3>
		</transform>
	</node>
	<node>
		<identifier>	MP_AM005_Bollard_1_INDEX_6	</identifier>
		<parent>	Scene Root	</parent>
		<transform>
			<row0>	0.9994 0.0329 -0.0047 0.0000	</row0>
			<row1>	-0.0330 0.9991 -0.0277 0.0000	</row1>
			<row2>	0.0038 0.0278 0.9996 0.0000	</row2>
			<row3>	-0.3758 0.1809 -0.3565 1.0000	</row3>
		</transform>
	</node>
	<node>
		<identifier>	MP_AM005_Bollard_1_INDEX_7	</identifier>
		<parent>	Scene Root	</parent>
		<transform>
			<row0>	0.9906 -0.0245 0.1347 0.0000	</row0>
			<row1>	0.0324 0.9979 -0.0569 0.0000	</row1>
			<row2>	-0.1330 0.0607 0.9893 0.0000	</row2>
			<row3>	0.1707 0.3519 3.2187 1.0000	</row3>
		</transform>
	</node>
	<node>
		<identifier>	MP_AM006_Reels_1	</identifier>
		<parent>	Scene Root	</parent>
		<transform>
			<row0>	1.0000 0.0000 0.0000 0.0000	</row0>
			<row1>	0.0000 0.0000 1.0000 0.0000	</row1>
			<row2>	0.0000 -1.0000 0.0000 0.0000	</row2>
			<row3>	0.0031 0.3322 2.2429 1.0000	</row3>
		</transform>
	</node>
	<node>
		<identifier>	MP_AM018_Compass_Binnacle	</identifier>
		<parent>	Scene Root	</parent>
		<transform>
			<row0>	0.9998 0.0196 0.0000 0.0000	</row0>
			<row1>	-0.0196 0.9998 0.0000 0.0000	</row1>
			<row2>	0.0000 0.0000 1.0000 0.0000	</row2>
			<row3>	0.0006 0.3681 -0.0808 1.0000	</row3>
		</transform>
	</node>
	<node>
		<identifier>	MP_AM018_Compass_Binnacle_INDEX_1	</identifier>
		<parent>	Scene Root	</parent>
		<transform>
			<row0>	0.9998 0.0196 0.0000 0.0000	</row0>
			<row1>	-0.0196 0.9998 0.0000 0.0000	</row1>
			<row2>	0.0000 0.0000 1.0000 0.0000	</row2>
			<row3>	0.0000 0.7586 1.4174 1.0000	</row3>
		</transform>
	</node>
	<node>
		<identifier>	MP_AM019_Ventilators_1	</identifier>
		<parent>	Scene Root	</parent>
		<transform>
			<row0>	0.4000 0.0000 0.0000 0.0000	</row0>
			<row1>	0.0000 0.3050 0.0000 0.0000	</row1>
			<row2>	0.0000 0.0000 0.4000 0.0000	</row2>
			<row3>	-0.0194 0.3803 0.2421 1.0000	</row3>
		</transform>
	</node>
	<node>
		<identifier>	MP_AM019_Ventilators_1_INDEX_1	</identifier>
		<parent>	Scene Root	</parent>
		<transform>
			<row0>	0.4000 0.0000 0.0000 0.0000	</row0>
			<row1>	0.0000 0.3050 0.0000 0.0000	</row1>
			<row2>	0.0000 0.0000 0.4000 0.0000	</row2>
			<row3>	0.0334 0.3814 0.2635 1.0000	</row3>
		</transform>
	</node>
	<node>
		<identifier>	MP_AM019_Ventilators_1_INDEX_2	</identifier>
		<parent>	Scene Root	</parent>
		<transform>
			<row0>	0.4000 0.0000 0.0000 0.0000	</row0>
			<row1>	0.0000 0.3050 0.0000 0.0000	</row1>
			<row2>	0.0000 0.0000 0.4000 0.0000	</row2>
			<row3>	-0.0769 0.4998 -1.4562 1.0000	</row3>
		</transform>
	</node>
	<node>
		<identifier>	MP_AM022_Ventilators_4	</identifier>
		<parent>	Scene Root	</parent>
		<transform>
			<row0>	1.0000 0.0000 0.0000 0.0000	</row0>
			<row1>	0.0000 1.0000 0.0000 0.0000	</row1>
			<row2>	0.0000 0.0000 1.0000 0.0000	</row2>
			<row3>	-0.0984 0.3011 2.2914 1.0000	</row3>
		</transform>
	</node>
	<node>
		<identifier>	MP_AM025_Pelorus_Mk7	</identifier>
		<parent>	Scene Root	</parent>
		<transform>
			<row0>	0.9998 0.0196 0.0000 0.0000	</row0>
			<row1>	-0.0196 0.9998 0.0000 0.0000	</row1>
			<row2>	0.0000 0.0000 1.0000 0.0000	</row2>
			<row3>	0.2396 0.7647 1.4320 1.0000	</row3>
		</transform>
	</node>
	<node>
		<identifier>	MP_AM025_Pelorus_Mk7_INDEX_1	</identifier>
		<parent>	Scene Root	</parent>
		<transform>
			<row0>	0.9998 -0.0196 0.0000 0.0000	</row0>
			<row1>	0.0196 0.9998 0.0000 0.0000	</row1>
			<row2>	0.0000 0.0000 1.0000 0.0000	</row2>
			<row3>	-0.2396 0.7647 1.4320 1.0000	</row3>
		</transform>
	</node>
	<node>
		<identifier>	MP_AM049_Signal_Lamp_1	</identifier>
		<parent>	Scene Root	</parent>
		<transform>
			<row0>	1.0000 0.0000 0.0000 0.0000	</row0>
			<row1>	0.0000 1.0000 0.0000 0.0000	</row1>
			<row2>	0.0000 0.0000 1.0000 0.0000	</row2>
			<row3>	0.0262 1.7713 0.8477 1.0000	</row3>
		</transform>
	</node>
	<node>
		<identifier>	MP_AM049_Signal_Lamp_1_INDEX_1	</identifier>
		<parent>	Scene Root	</parent>
		<transform>
			<row0>	1.0000 0.0000 0.0000 0.0000	</row0>
			<row1>	0.0000 1.0000 0.0000 0.0000	</row1>
			<row2>	0.0000 0.0000 1.0000 0.0000	</row2>
			<row3>	-0.0262 1.7713 0.8477 1.0000	</row3>
		</transform>
	</node>
	<node>
		<identifier>	MP_AM049_Signal_Lamp_1_INDEX_2	</identifier>
		<parent>	Scene Root	</parent>
		<transform>
			<row0>	1.0000 0.0000 0.0000 0.0000	</row0>
			<row1>	0.0000 1.0000 0.0000 0.0000	</row1>
			<row2>	0.0000 0.0000 1.0000 0.0000	</row2>
			<row3>	-0.1442 1.5743 0.8519 1.0000	</row3>
		</transform>
	</node>
	<node>
		<identifier>	MP_AM049_Signal_Lamp_1_INDEX_3	</identifier>
		<parent>	Scene Root	</parent>
		<transform>
			<row0>	1.0000 0.0000 0.0000 0.0000	</row0>
			<row1>	0.0000 1.0000 0.0000 0.0000	</row1>
			<row2>	0.0000 0.0000 1.0000 0.0000	</row2>
			<row3>	0.1499 1.5743 0.8519 1.0000	</row3>
		</transform>
	</node>
	<node>
		<identifier>	MP_AM049_Signal_Lamp_1_INDEX_4	</identifier>
		<parent>	Scene Root	</parent>
		<transform>
			<row0>	1.0000 0.0000 0.0000 0.0000	</row0>
			<row1>	0.0000 1.0000 0.0000 0.0000	</row1>
			<row2>	0.0000 0.0000 1.0000 0.0000	</row2>
			<row3>	-0.0166 1.5329 0.8617 1.0000	</row3>
		</transform>
	</node>
	<node>
		<identifier>	MP_AM049_Signal_Lamp_1_INDEX_5	</identifier>
		<parent>	Scene Root	</parent>
		<transform>
			<row0>	1.0000 0.0000 0.0000 0.0000	</row0>
			<row1>	0.0000 1.0000 0.0000 0.0000	</row1>
			<row2>	0.0000 0.0000 1.0000 0.0000	</row2>
			<row3>	-0.0166 1.3347 0.8772 1.0000	</row3>
		</transform>
	</node>
	<node>
		<identifier>	MP_AM051_Fightin_Light_R	</identifier>
		<parent>	Scene Root	</parent>
		<transform>
			<row0>	-1.0000 0.0000 0.0000 0.0000	</row0>
			<row1>	0.0000 1.0000 0.0000 0.0000	</row1>
			<row2>	0.0000 0.0000 -1.0000 0.0000	</row2>
			<row3>	-0.0081 1.0813 0.9203 1.0000	</row3>
		</transform>
	</node>
	<node>
		<identifier>	MP_AM052_Fightin_Light_L	</identifier>
		<parent>	Scene Root	</parent>
		<transform>
			<row0>	-1.0000 0.0000 0.0000 0.0000	</row0>
			<row1>	0.0000 1.0000 0.0000 0.0000	</row1>
			<row2>	0.0000 0.0000 -1.0000 0.0000	</row2>
			<row3>	0.0081 1.0813 0.9203 1.0000	</row3>
		</transform>
	</node>
	<node>
		<identifier>	MP_AM054_Boat_6	</identifier>
		<parent>	Scene Root	</parent>
		<transform>
			<row0>	0.0000 -1.0000 0.0000 0.0000	</row0>
			<row1>	0.9994 0.0000 0.0355 0.0000	</row1>
			<row2>	-0.0355 0.0000 0.9994 0.0000	</row2>
			<row3>	0.3547 0.3358 1.2962 1.0000	</row3>
		</transform>
	</node>
	<node>
		<identifier>	MP_AM054_Boat_6_INDEX_1	</identifier>
		<parent>	Scene Root	</parent>
		<transform>
			<row0>	0.0000 -1.0000 0.0000 0.0000	</row0>
			<row1>	0.9991 0.0000 0.0432 0.0000	</row1>
			<row2>	-0.0432 0.0000 0.9991 0.0000	</row2>
			<row3>	0.2301 0.3575 1.6938 1.0000	</row3>
		</transform>
	</node>
	<node>
		<identifier>	MP_AM054_Boat_6_INDEX_2	</identifier>
		<parent>	Scene Root	</parent>
		<transform>
			<row0>	0.9899 -0.1286 0.0605 0.0000	</row0>
			<row1>	0.1311 0.9906 -0.0393 0.0000	</row1>
			<row2>	-0.0549 0.0468 0.9974 0.0000	</row2>
			<row3>	0.3059 0.4199 1.2924 1.0000	</row3>
		</transform>
	</node>
	<node>
		<identifier>	MP_AM054_Boat_6_INDEX_3	</identifier>
		<parent>	Scene Root	</parent>
		<transform>
			<row0>	0.0000 1.0000 0.0000 0.0000	</row0>
			<row1>	-0.9991 0.0000 0.0432 0.0000	</row1>
			<row2>	0.0432 0.0000 0.9991 0.0000	</row2>
			<row3>	-0.2301 0.3575 1.6938 1.0000	</row3>
		</transform>
	</node>
	<node>
		<identifier>	MP_AM054_Boat_6_INDEX_4	</identifier>
		<parent>	Scene Root	</parent>
		<transform>
			<row0>	0.9899 0.1286 -0.0605 0.0000	</row0>
			<row1>	-0.1311 0.9906 -0.0393 0.0000	</row1>
			<row2>	0.0549 0.0468 0.9974 0.0000	</row2>
			<row3>	-0.3059 0.4199 1.2924 1.0000	</row3>
		</transform>
	</node>
	<node>
		<identifier>	MP_AM054_Boat_6_INDEX_5	</identifier>
		<parent>	Scene Root	</parent>
		<transform>
			<row0>	0.0000 1.0000 0.0000 0.0000	</row0>
			<row1>	-0.9994 0.0000 0.0355 0.0000	</row1>
			<row2>	0.0355 0.0000 0.9994 0.0000	</row2>
			<row3>	-0.3547 0.3358 1.2962 1.0000	</row3>
		</transform>
	</node>
	<node>
		<identifier>	MP_AM061_Sky_Lookout_1	</identifier>
		<parent>	Scene Root	</parent>
		<transform>
			<row0>	0.0000 0.0086 1.0000 0.0000	</row0>
			<row1>	-0.0070 0.9999 -0.0086 0.0000	</row1>
			<row2>	-1.0000 -0.0070 0.0000 0.0000	</row2>
			<row3>	-0.0893 0.5122 0.1930 1.0000	</row3>
		</transform>
	</node>
	<node>
		<identifier>	MP_AM061_Sky_Lookout_1_INDEX_1	</identifier>
		<parent>	Scene Root	</parent>
		<transform>
			<row0>	0.0000 -0.0086 -1.0000 0.0000	</row0>
			<row1>	0.0070 0.9999 -0.0086 0.0000	</row1>
			<row2>	1.0000 -0.0070 0.0000 0.0000	</row2>
			<row3>	0.0893 0.5122 0.1930 1.0000	</row3>
		</transform>
	</node>
	<node>
		<identifier>	MP_AM061_Sky_Lookout_1_INDEX_2	</identifier>
		<parent>	Scene Root	</parent>
		<transform>
			<row0>	0.6949 -0.0110 -0.7191 0.0000	</row0>
			<row1>	0.0070 0.9999 -0.0086 0.0000	</row1>
			<row2>	0.7191 0.0010 0.6949 0.0000	</row2>
			<row3>	0.2327 0.6114 1.4672 1.0000	</row3>
		</transform>
	</node>
	<node>
		<identifier>	MP_AM061_Sky_Lookout_1_INDEX_3	</identifier>
		<parent>	Scene Root	</parent>
		<transform>
			<row0>	0.6949 0.0110 0.7191 0.0000	</row0>
			<row1>	-0.0070 0.9999 -0.0086 0.0000	</row1>
			<row2>	-0.7191 0.0010 0.6949 0.0000	</row2>
			<row3>	-0.2327 0.6114 1.4672 1.0000	</row3>
		</transform>
	</node>
	<node>
		<identifier>	MP_AM062_IFF_Antenna	</identifier>
		<parent>	Scene Root	</parent>
		<transform>
			<row0>	1.0000 0.0000 0.0000 0.0000	</row0>
			<row1>	0.0000 1.0000 0.0000 0.0000	</row1>
			<row2>	0.0000 0.0000 1.0000 0.0000	</row2>
			<row3>	0.2047 1.5745 0.8518 1.0000	</row3>
		</transform>
	</node>
	<node>
		<identifier>	MP_AM062_IFF_Antenna_INDEX_1	</identifier>
		<parent>	Scene Root	</parent>
		<transform>
			<row0>	1.0000 0.0000 0.0000 0.0000	</row0>
			<row1>	0.0000 1.0000 0.0000 0.0000	</row1>
			<row2>	0.0000 0.0000 1.0000 0.0000	</row2>
			<row3>	-0.2047 1.5745 0.8518 1.0000	</row3>
		</transform>
	</node>
	<node>
		<identifier>	MP_AM064_Wind_Intensity	</identifier>
		<parent>	Scene Root	</parent>
		<transform>
			<row0>	1.0000 0.0000 0.0000 0.0000	</row0>
			<row1>	0.0000 1.0000 0.0000 0.0000	</row1>
			<row2>	0.0000 0.0000 1.0000 0.0000	</row2>
			<row3>	-0.0769 1.5776 0.8519 1.0000	</row3>
		</transform>
	</node>
	<node>
		<identifier>	MP_AM065_Ammunition_Box_6	</identifier>
		<parent>	Scene Root	</parent>
		<transform>
			<row0>	0.9998 0.0196 0.0000 0.0000	</row0>
			<row1>	-0.0196 0.9990 -0.0399 0.0000	</row1>
			<row2>	-0.0008 0.0399 0.9992 0.0000	</row2>
			<row3>	0.1875 0.3787 0.1832 1.0000	</row3>
		</transform>
	</node>
	<node>
		<identifier>	MP_AM065_Ammunition_Box_6_INDEX_1	</identifier>
		<parent>	Scene Root	</parent>
		<transform>
			<row0>	0.9998 -0.0196 0.0000 0.0000	</row0>
			<row1>	0.0196 0.9990 -0.0399 0.0000	</row1>
			<row2>	0.0008 0.0399 0.9992 0.0000	</row2>
			<row3>	-0.1875 0.3787 0.1832 1.0000	</row3>
		</transform>
	</node>
	<node>
		<identifier>	MP_AM070_Loading_Machine	</identifier>
		<parent>	Scene Root	</parent>
		<transform>
			<row0>	0.3005 0.0025 0.9538 0.0000	</row0>
			<row1>	0.0084 1.0000 -0.0052 0.0000	</row1>
			<row2>	-0.9537 0.0096 0.3005 0.0000	</row2>
			<row3>	0.0363 0.1852 -1.1195 1.0000	</row3>
		</transform>
	</node>
	<node>
		<identifier>	MP_AM103_Hatch_4	</identifier>
		<parent>	Scene Root	</parent>
		<transform>
			<row0>	1.0000 0.0000 0.0000 0.0000	</row0>
			<row1>	0.0000 1.0000 0.0000 0.0000	</row1>
			<row2>	0.0000 0.0000 1.0000 0.0000	</row2>
			<row3>	0.0896 0.2896 2.3415 1.0000	</row3>
		</transform>
	</node>
	<node>
		<identifier>	MP_AM150_Telegraph_Engine	</identifier>
		<parent>	Scene Root	</parent>
		<transform>
			<row0>	0.9998 0.0196 0.0000 0.0000	</row0>
			<row1>	-0.0196 0.9998 0.0000 0.0000	</row1>
			<row2>	0.0000 0.0000 1.0000 0.0000	</row2>
			<row3>	0.0679 0.7586 1.4174 1.0000	</row3>
		</transform>
	</node>
	<node>
		<identifier>	MP_AM157_Telephone	</identifier>
		<parent>	Scene Root	</parent>
		<transform>
			<row0>	-1.0000 0.0000 0.0000 0.0000	</row0>
			<row1>	0.0000 1.0000 0.0000 0.0000	</row1>
			<row2>	0.0000 0.0000 -1.0000 0.0000	</row2>
			<row3>	-0.0726 0.6651 1.4929 1.0000	</row3>
		</transform>
	</node>
	<node>
		<identifier>	MP_AM157_Telephone_INDEX_1	</identifier>
		<parent>	Scene Root	</parent>
		<transform>
			<row0>	0.0000 0.0000 -1.0000 0.0000	</row0>
			<row1>	0.0000 1.0000 0.0000 0.0000	</row1>
			<row2>	1.0000 0.0000 0.0000 0.0000	</row2>
			<row3>	0.1649 0.8321 1.3662 1.0000	</row3>
		</transform>
	</node>
	<node>
		<identifier>	MP_AM157_Telephone_INDEX_10	</identifier>
		<parent>	Scene Root	</parent>
		<transform>
			<row0>	0.0000 0.0000 1.0000 0.0000	</row0>
			<row1>	0.0000 1.0000 0.0000 0.0000	</row1>
			<row2>	-1.0000 0.0000 0.0000 0.0000	</row2>
			<row3>	-0.1649 0.8321 1.3662 1.0000	</row3>
		</transform>
	</node>
	<node>
		<identifier>	MP_AM157_Telephone_INDEX_2	</identifier>
		<parent>	Scene Root	</parent>
		<transform>
			<row0>	-0.9360 0.0000 0.3519 0.0000	</row0>
			<row1>	0.0000 1.0000 0.0000 0.0000	</row1>
			<row2>	-0.3519 0.0000 -0.9360 0.0000	</row2>
			<row3>	-0.2894 0.4127 -0.2486 1.0000	</row3>
		</transform>
	</node>
	<node>
		<identifier>	MP_AM157_Telephone_INDEX_3	</identifier>
		<parent>	Scene Root	</parent>
		<transform>
			<row0>	0.0000 0.0000 1.0000 0.0000	</row0>
			<row1>	0.0000 1.0000 0.0000 0.0000	</row1>
			<row2>	-1.0000 0.0000 0.0000 0.0000	</row2>
			<row3>	-0.4080 0.2269 -0.6040 1.0000	</row3>
		</transform>
	</node>
	<node>
		<identifier>	MP_AM157_Telephone_INDEX_4	</identifier>
		<parent>	Scene Root	</parent>
		<transform>
			<row0>	-0.9360 0.0000 -0.3519 0.0000	</row0>
			<row1>	0.0000 1.0000 0.0000 0.0000	</row1>
			<row2>	0.3519 0.0000 -0.9360 0.0000	</row2>
			<row3>	0.2894 0.4127 -0.2486 1.0000	</row3>
		</transform>
	</node>
	<node>
		<identifier>	MP_AM157_Telephone_INDEX_5	</identifier>
		<parent>	Scene Root	</parent>
		<transform>
			<row0>	0.0000 0.0000 1.0000 0.0000	</row0>
			<row1>	0.0000 1.0000 0.0000 0.0000	</row1>
			<row2>	-1.0000 0.0000 0.0000 0.0000	</row2>
			<row3>	-0.4064 0.2237 -0.8961 1.0000	</row3>
		</transform>
	</node>
	<node>
		<identifier>	MP_AM157_Telephone_INDEX_6	</identifier>
		<parent>	Scene Root	</parent>
		<transform>
			<row0>	0.0000 0.0000 -1.0000 0.0000	</row0>
			<row1>	0.0000 1.0000 0.0000 0.0000	</row1>
			<row2>	1.0000 0.0000 0.0000 0.0000	</row2>
			<row3>	0.4072 0.2237 -0.8961 1.0000	</row3>
		</transform>
	</node>
	<node>
		<identifier>	MP_AM157_Telephone_INDEX_7	</identifier>
		<parent>	Scene Root	</parent>
		<transform>
			<row0>	0.0000 0.0000 -1.0000 0.0000	</row0>
			<row1>	0.0000 1.0000 0.0000 0.0000	</row1>
			<row2>	1.0000 0.0000 0.0000 0.0000	</row2>
			<row3>	0.4080 0.2269 -0.6040 1.0000	</row3>
		</transform>
	</node>
	<node>
		<identifier>	MP_AM157_Telephone_INDEX_8	</identifier>
		<parent>	Scene Root	</parent>
		<transform>
			<row0>	0.0000 0.0000 -1.0000 0.0000	</row0>
			<row1>	0.0000 1.0000 0.0000 0.0000	</row1>
			<row2>	1.0000 0.0000 0.0000 0.0000	</row2>
			<row3>	0.1190 0.5611 0.2524 1.0000	</row3>
		</transform>
	</node>
	<node>
		<identifier>	MP_AM157_Telephone_INDEX_9	</identifier>
		<parent>	Scene Root	</parent>
		<transform>
			<row0>	0.0000 0.0000 1.0000 0.0000	</row0>
			<row1>	0.0000 1.0000 0.0000 0.0000	</row1>
			<row2>	-1.0000 0.0000 0.0000 0.0000	</row2>
			<row3>	-0.1190 0.5611 0.2524 1.0000	</row3>
		</transform>
	</node>
	<node>
		<identifier>	MP_AM158_Turning_Indicator	</identifier>
		<parent>	Scene Root	</parent>
		<transform>
			<row0>	0.9998 0.0196 0.0000 0.0000	</row0>
			<row1>	-0.0196 0.9998 0.0000 0.0000	</row1>
			<row2>	0.0000 0.0000 1.0000 0.0000	</row2>
			<row3>	-0.0709 0.7586 1.4174 1.0000	</row3>
		</transform>
	</node>
	<node>
		<identifier>	MP_AM161_Anchor_top	</identifier>
		<parent>	Scene Root	</parent>
		<transform>
			<row0>	0.4191 -0.0145 -0.2723 0.0000	</row0>
			<row1>	-0.2557 0.2258 -0.4056 0.0000	</row1>
			<row2>	0.1271 0.4521 0.1716 0.0000	</row2>
			<row3>	0.1154 0.3236 3.6909 1.0000	</row3>
		</transform>
	</node>
	<node>
		<identifier>	MP_AM161_Anchor_top_INDEX_1	</identifier>
		<parent>	Scene Root	</parent>
		<transform>
			<row0>	0.4191 0.0145 0.2723 0.0000	</row0>
			<row1>	0.2557 0.2258 -0.4056 0.0000	</row1>
			<row2>	-0.1271 0.4521 0.1716 0.0000	</row2>
			<row3>	-0.1154 0.3236 3.6909 1.0000	</row3>
		</transform>
	</node>
	<node>
		<identifier>	MP_AM162_Anchor_down	</identifier>
		<parent>	Scene Root	</parent>
		<transform>
			<row0>	0.6332 -0.1468 -0.0068 0.0000	</row0>
			<row1>	0.0396 0.1994 -0.6174 0.0000	</row1>
			<row2>	0.1415 0.6010 0.2032 0.0000	</row2>
			<row3>	0.1085 0.3260 3.6872 1.0000	</row3>
		</transform>
	</node>
	<node>
		<identifier>	MP_AM162_Anchor_down_INDEX_1	</identifier>
		<parent>	Scene Root	</parent>
		<transform>
			<row0>	0.6332 0.1468 0.0068 0.0000	</row0>
			<row1>	-0.0396 0.1994 -0.6174 0.0000	</row1>
			<row2>	-0.1415 0.6010 0.2032 0.0000	</row2>
			<row3>	-0.1085 0.3260 3.6872 1.0000	</row3>
		</transform>
	</node>
	<node>
		<identifier>	MP_AM2040_Whaleboat_26ft	</identifier>
		<parent>	Scene Root	</parent>
		<transform>
			<row0>	0.9956 0.0000 -0.0937 0.0000	</row0>
			<row1>	0.0000 1.0000 0.0000 0.0000	</row1>
			<row2>	0.0937 0.0000 0.9956 0.0000	</row2>
			<row3>	0.2857 0.4470 0.8282 1.0000	</row3>
		</transform>
	</node>
	<node>
		<identifier>	MP_AM2040_Whaleboat_26ft_INDEX_1	</identifier>
		<parent>	Scene Root	</parent>
		<transform>
			<row0>	0.9956 0.0000 0.0937 0.0000	</row0>
			<row1>	0.0000 1.0000 0.0000 0.0000	</row1>
			<row2>	-0.0937 0.0000 0.9956 0.0000	</row2>
			<row3>	-0.2857 0.4470 0.8282 1.0000	</row3>
		</transform>
	</node>
	<node>
		<identifier>	MP_AM213_Ventilation	</identifier>
		<parent>	Scene Root	</parent>
		<transform>
			<row0>	0.2000 0.0000 0.0000 0.0000	</row0>
			<row1>	0.0000 0.2000 0.0000 0.0000	</row1>
			<row2>	0.0000 0.0000 0.2000 0.0000	</row2>
			<row3>	-0.0680 0.3542 -0.4760 1.0000	</row3>
		</transform>
	</node>
	<node>
		<identifier>	MP_AM213_Ventilation_INDEX_1	</identifier>
		<parent>	Scene Root	</parent>
		<transform>
			<row0>	0.2000 0.0000 0.0000 0.0000	</row0>
			<row1>	0.0000 0.2000 0.0000 0.0000	</row1>
			<row2>	0.0000 0.0000 0.2000 0.0000	</row2>
			<row3>	-0.0294 0.3564 -0.4202 1.0000	</row3>
		</transform>
	</node>
	<node>
		<identifier>	MP_AM213_Ventilation_INDEX_2	</identifier>
		<parent>	Scene Root	</parent>
		<transform>
			<row0>	0.2000 0.0000 0.0000 0.0000	</row0>
			<row1>	0.0000 0.2000 0.0000 0.0000	</row1>
			<row2>	0.0000 0.0000 0.2000 0.0000	</row2>
			<row3>	0.0660 0.3551 -0.4448 1.0000	</row3>
		</transform>
	</node>
	<node>
		<identifier>	MP_AM213_Ventilation_INDEX_3	</identifier>
		<parent>	Scene Root	</parent>
		<transform>
			<row0>	0.2000 0.0000 0.0000 0.0000	</row0>
			<row1>	0.0000 0.2000 0.0000 0.0000	</row1>
			<row2>	0.0000 0.0000 0.2000 0.0000	</row2>
			<row3>	-0.0509 0.3831 0.3168 1.0000	</row3>
		</transform>
	</node>
	<node>
		<identifier>	MP_AM213_Ventilation_INDEX_4	</identifier>
		<parent>	Scene Root	</parent>
		<transform>
			<row0>	0.2000 0.0000 0.0000 0.0000	</row0>
			<row1>	0.0000 0.2000 0.0000 0.0000	</row1>
			<row2>	0.0000 0.0000 0.2000 0.0000	</row2>
			<row3>	-0.1617 0.3916 0.6184 1.0000	</row3>
		</transform>
	</node>
	<node>
		<identifier>	MP_AM213_Ventilation_INDEX_5	</identifier>
		<parent>	Scene Root	</parent>
		<transform>
			<row0>	0.2000 0.0000 0.0000 0.0000	</row0>
			<row1>	0.0000 0.2000 0.0000 0.0000	</row1>
			<row2>	0.0000 0.0000 0.2000 0.0000	</row2>
			<row3>	-0.0795 0.4056 0.8647 1.0000	</row3>
		</transform>
	</node>
	<node>
		<identifier>	MP_AM213_Ventilation_INDEX_6	</identifier>
		<parent>	Scene Root	</parent>
		<transform>
			<row0>	0.2000 0.0000 0.0000 0.0000	</row0>
			<row1>	0.0000 0.2000 0.0000 0.0000	</row1>
			<row2>	0.0000 0.0000 0.2000 0.0000	</row2>
			<row3>	0.1094 0.4056 0.8647 1.0000	</row3>
		</transform>
	</node>
	<node>
		<identifier>	MP_AM317_Running_Lights_F	</identifier>
		<parent>	Scene Root	</parent>
		<transform>
			<row0>	1.0000 0.0000 0.0000 0.0000	</row0>
			<row1>	0.0000 1.0000 0.0000 0.0000	</row1>
			<row2>	0.0000 0.0000 1.0000 0.0000	</row2>
			<row3>	0.0000 1.4055 0.9238 1.0000	</row3>
		</transform>
	</node>
	<node>
		<identifier>	MP_AM344_Running_Lights_R	</identifier>
		<parent>	Scene Root	</parent>
		<transform>
			<row0>	1.0000 0.0000 0.0000 0.0000	</row0>
			<row1>	0.0000 1.0000 0.0000 0.0000	</row1>
			<row2>	0.0000 0.0000 1.0000 0.0000	</row2>
			<row3>	0.2672 0.6346 1.3939 1.0000	</row3>
		</transform>
	</node>
	<node>
		<identifier>	MP_AM345_Runnng_Lights_L	</identifier>
		<parent>	Scene Root	</parent>
		<transform>
			<row0>	1.0000 0.0000 0.0000 0.0000	</row0>
			<row1>	0.0000 1.0000 0.0000 0.0000	</row1>
			<row2>	0.0000 0.0000 1.0000 0.0000	</row2>
			<row3>	-0.2672 0.6346 1.3939 1.0000	</row3>
		</transform>
	</node>
	<node>
		<identifier>	MP_AM372_Floater_Net_Basket_3	</identifier>
		<parent>	Scene Root	</parent>
		<transform>
			<row0>	0.1503 -0.0406 -0.9878 0.0000	</row0>
			<row1>	0.0061 0.9992 -0.0401 0.0000	</row1>
			<row2>	0.9886 0.0000 0.1504 0.0000	</row2>
			<row3>	0.2065 0.4243 1.9936 1.0000	</row3>
		</transform>
	</node>
	<node>
		<identifier>	MP_AM372_Floater_Net_Basket_3_INDEX_1	</identifier>
		<parent>	Scene Root	</parent>
		<transform>
			<row0>	0.1503 0.0406 0.9878 0.0000	</row0>
			<row1>	-0.0061 0.9992 -0.0401 0.0000	</row1>
			<row2>	-0.9886 0.0000 0.1504 0.0000	</row2>
			<row3>	-0.2065 0.4243 1.9936 1.0000	</row3>
		</transform>
	</node>
	<node>
		<identifier>	MP_AM372_Floater_Net_Basket_3_INDEX_2	</identifier>
		<parent>	Scene Root	</parent>
		<transform>
			<row0>	0.0020 -0.0402 -0.9992 0.0000	</row0>
			<row1>	0.0061 0.9992 -0.0401 0.0000	</row1>
			<row2>	1.0000 -0.0060 0.0022 0.0000	</row2>
			<row3>	0.2130 0.3547 0.3967 1.0000	</row3>
		</transform>
	</node>
	<node>
		<identifier>	MP_AM372_Floater_Net_Basket_3_INDEX_3	</identifier>
		<parent>	Scene Root	</parent>
		<transform>
			<row0>	-0.9403 -0.0114 -0.3401 0.0000	</row0>
			<row1>	0.0029 0.9991 -0.0413 0.0000	</row1>
			<row2>	0.3402 -0.0398 -0.9395 0.0000	</row2>
			<row3>	0.3048 0.3274 -0.2433 1.0000	</row3>
		</transform>
	</node>
	<node>
		<identifier>	MP_AM372_Floater_Net_Basket_3_INDEX_4	</identifier>
		<parent>	Scene Root	</parent>
		<transform>
			<row0>	-0.9403 0.0114 0.3401 0.0000	</row0>
			<row1>	-0.0029 0.9991 -0.0413 0.0000	</row1>
			<row2>	-0.3402 -0.0398 -0.9395 0.0000	</row2>
			<row3>	-0.3048 0.3274 -0.2433 1.0000	</row3>
		</transform>
	</node>
	<node>
		<identifier>	MP_AM372_Floater_Net_Basket_3_INDEX_5	</identifier>
		<parent>	Scene Root	</parent>
		<transform>
			<row0>	0.0020 0.0402 0.9992 0.0000	</row0>
			<row1>	-0.0061 0.9992 -0.0401 0.0000	</row1>
			<row2>	-1.0000 -0.0060 0.0022 0.0000	</row2>
			<row3>	-0.2130 0.3547 0.3967 1.0000	</row3>
		</transform>
	</node>
	<node>
		<identifier>	MP_AM374_Fender	</identifier>
		<parent>	Scene Root	</parent>
		<transform>
			<row0>	0.0000 0.0000 -0.5000 0.0000	</row0>
			<row1>	0.0000 0.5000 0.0000 0.0000	</row1>
			<row2>	0.5000 0.0000 0.0000 0.0000	</row2>
			<row3>	0.2302 0.2101 0.3279 1.0000	</row3>
		</transform>
	</node>
	<node>
		<identifier>	MP_AM374_Fender_INDEX_1	</identifier>
		<parent>	Scene Root	</parent>
		<transform>
			<row0>	0.0000 0.0000 -0.5000 0.0000	</row0>
			<row1>	0.0000 0.5000 0.0000 0.0000	</row1>
			<row2>	0.5000 0.0000 0.0000 0.0000	</row2>
			<row3>	0.2302 0.2101 0.2921 1.0000	</row3>
		</transform>
	</node>
	<node>
		<identifier>	MP_AM374_Fender_INDEX_2	</identifier>
		<parent>	Scene Root	</parent>
		<transform>
			<row0>	0.0000 0.0000 0.5000 0.0000	</row0>
			<row1>	0.0000 0.5000 0.0000 0.0000	</row1>
			<row2>	-0.5000 0.0000 0.0000 0.0000	</row2>
			<row3>	-0.2302 0.2101 0.2921 1.0000	</row3>
		</transform>
	</node>
	<node>
		<identifier>	MP_AM374_Fender_INDEX_3	</identifier>
		<parent>	Scene Root	</parent>
		<transform>
			<row0>	0.0000 0.0000 0.5000 0.0000	</row0>
			<row1>	0.0000 0.5000 0.0000 0.0000	</row1>
			<row2>	-0.5000 0.0000 0.0000 0.0000	</row2>
			<row3>	-0.2302 0.2101 0.3279 1.0000	</row3>
		</transform>
	</node>
	<node>
		<identifier>	MP_AM404_RCM_Antenna	</identifier>
		<parent>	Scene Root	</parent>
		<transform>
			<row0>	0.9998 0.0196 0.0000 0.0000	</row0>
			<row1>	-0.0196 0.9998 0.0000 0.0000	</row1>
			<row2>	0.0000 0.0000 1.0000 0.0000	</row2>
			<row3>	0.0000 0.9194 1.5115 1.0000	</row3>
		</transform>
	</node>
	<node>
		<identifier>	MP_AM404_RCM_Antenna_INDEX_1	</identifier>
		<parent>	Scene Root	</parent>
		<transform>
			<row0>	0.0000 0.0000 1.0000 0.0000	</row0>
			<row1>	-1.0000 0.0000 0.0000 0.0000	</row1>
			<row2>	0.0000 -1.0000 0.0000 0.0000	</row2>
			<row3>	-0.0970 0.8119 0.5630 1.0000	</row3>
		</transform>
	</node>
	<node>
		<identifier>	MP_AM404_RCM_Antenna_INDEX_2	</identifier>
		<parent>	Scene Root	</parent>
		<transform>
			<row0>	0.0000 0.0000 -1.0000 0.0000	</row0>
			<row1>	1.0000 0.0000 0.0000 0.0000	</row1>
			<row2>	0.0000 -1.0000 0.0000 0.0000	</row2>
			<row3>	0.0963 0.8119 0.5630 1.0000	</row3>
		</transform>
	</node>
	<node>
		<identifier>	MP_AM442_Multipole_Switch	</identifier>
		<parent>	Scene Root	</parent>
		<transform>
			<row0>	0.0000 0.0000 1.0000 0.0000	</row0>
			<row1>	0.0000 1.0000 0.0000 0.0000	</row1>
			<row2>	-1.0000 0.0000 0.0000 0.0000	</row2>
			<row3>	0.1197 0.5474 0.4162 1.0000	</row3>
		</transform>
	</node>
	<node>
		<identifier>	MP_AM442_Multipole_Switch_INDEX_1	</identifier>
		<parent>	Scene Root	</parent>
		<transform>
			<row0>	0.0000 0.0000 -1.0000 0.0000	</row0>
			<row1>	0.0000 1.0000 0.0000 0.0000	</row1>
			<row2>	1.0000 0.0000 0.0000 0.0000	</row2>
			<row3>	-0.1197 0.5474 0.4162 1.0000	</row3>
		</transform>
	</node>
	<node>
		<identifier>	MP_AM442_Multipole_Switch_INDEX_2	</identifier>
		<parent>	Scene Root	</parent>
		<transform>
			<row0>	0.0000 0.0000 -1.0000 0.0000	</row0>
			<row1>	0.0000 1.0000 0.0000 0.0000	</row1>
			<row2>	1.0000 0.0000 0.0000 0.0000	</row2>
			<row3>	-0.2317 0.6450 1.0730 1.0000	</row3>
		</transform>
	</node>
	<node>
		<identifier>	MP_AM442_Multipole_Switch_INDEX_3	</identifier>
		<parent>	Scene Root	</parent>
		<transform>
			<row0>	0.0000 0.0000 1.0000 0.0000	</row0>
			<row1>	0.0000 1.0000 0.0000 0.0000	</row1>
			<row2>	-1.0000 0.0000 0.0000 0.0000	</row2>
			<row3>	0.2317 0.6450 1.0730 1.0000	</row3>
		</transform>
	</node>
	<node>
		<identifier>	MP_AM442_Multipole_Switch_INDEX_4	</identifier>
		<parent>	Scene Root	</parent>
		<transform>
			<row0>	-1.0000 0.0000 0.0000 0.0000	</row0>
			<row1>	0.0000 1.0000 0.0000 0.0000	</row1>
			<row2>	0.0000 0.0000 -1.0000 0.0000	</row2>
			<row3>	0.0443 0.9435 1.4911 1.0000	</row3>
		</transform>
	</node>
	<node>
		<identifier>	MP_AM442_Multipole_Switch_INDEX_5	</identifier>
		<parent>	Scene Root	</parent>
		<transform>
			<row0>	0.0000 0.0000 -1.0000 0.0000	</row0>
			<row1>	0.0000 1.0000 0.0000 0.0000	</row1>
			<row2>	1.0000 0.0000 0.0000 0.0000	</row2>
			<row3>	-0.1649 0.9435 1.4225 1.0000	</row3>
		</transform>
	</node>
	<node>
		<identifier>	MP_AM447_Seat	</identifier>
		<parent>	Scene Root	</parent>
		<transform>
			<row0>	0.9998 0.0196 0.0000 0.0000	</row0>
			<row1>	-0.0196 0.9998 0.0000 0.0000	</row1>
			<row2>	0.0000 0.0000 1.0000 0.0000	</row2>
			<row3>	0.0006 0.7962 1.3434 1.0000	</row3>
		</transform>
	</node>
	<node>
		<identifier>	MP_AM544_Insulator	</identifier>
		<parent>	Scene Root	</parent>
		<transform>
			<row0>	1.0000 0.0000 0.0000 0.0000	</row0>
			<row1>	0.0000 -0.0876 -0.9962 0.0000	</row1>
			<row2>	0.0000 0.9962 -0.0876 0.0000	</row2>
			<row3>	0.0000 0.5791 0.9436 1.0000	</row3>
		</transform>
	</node>
	<node>
		<identifier>	MP_AM549_Life_Buoy	</identifier>
		<parent>	Scene Root	</parent>
		<transform>
			<row0>	1.0000 0.0000 0.0000 0.0000	</row0>
			<row1>	0.0000 1.0000 0.0000 0.0000	</row1>
			<row2>	0.0000 0.0000 1.0000 0.0000	</row2>
			<row3>	0.2331 0.6327 1.2617 1.0000	</row3>
		</transform>
	</node>
	<node>
		<identifier>	MP_AM549_Life_Buoy_INDEX_1	</identifier>
		<parent>	Scene Root	</parent>
		<transform>
			<row0>	-1.0000 0.0000 0.0000 0.0000	</row0>
			<row1>	0.0000 1.0000 0.0000 0.0000	</row1>
			<row2>	0.0000 0.0000 -1.0000 0.0000	</row2>
			<row3>	-0.2331 0.6327 1.2617 1.0000	</row3>
		</transform>
	</node>
	<node>
		<identifier>	MP_AM572_Telpher	</identifier>
		<parent>	Scene Root	</parent>
		<transform>
			<row0>	0.6888 0.0000 -0.7249 0.0000	</row0>
			<row1>	0.0000 1.0000 0.0000 0.0000	</row1>
			<row2>	0.7249 0.0000 0.6888 0.0000	</row2>
			<row3>	0.0361 0.5276 -0.4837 1.0000	</row3>
		</transform>
	</node>
	<node>
		<identifier>	MP_AM682_36in_Searchlight	</identifier>
		<parent>	Scene Root	</parent>
		<transform>
			<row0>	0.0000 0.0000 -1.0000 0.0000	</row0>
			<row1>	0.0000 1.0000 0.0000 0.0000	</row1>
			<row2>	1.0000 0.0000 0.0000 0.0000	</row2>
			<row3>	0.0571 0.5260 0.3442 1.0000	</row3>
		</transform>
	</node>
	<node>
		<identifier>	MP_AM682_36in_Searchlight_INDEX_1	</identifier>
		<parent>	Scene Root	</parent>
		<transform>
			<row0>	0.0000 0.0000 1.0000 0.0000	</row0>
			<row1>	0.0000 1.0000 0.0000 0.0000	</row1>
			<row2>	-1.0000 0.0000 0.0000 0.0000	</row2>
			<row3>	-0.0571 0.5260 0.3442 1.0000	</row3>
		</transform>
	</node>
	<node>
		<identifier>	MP_AM719_RDF	</identifier>
		<parent>	Scene Root	</parent>
		<transform>
			<row0>	0.9998 0.0196 0.0000 0.0000	</row0>
			<row1>	-0.0196 0.9998 0.0000 0.0000	</row1>
			<row2>	0.0000 0.0000 1.0000 0.0000	</row2>
			<row3>	0.0006 0.7586 1.0432 1.0000	</row3>
		</transform>
	</node>
	<node>
		<identifier>	MP_AM720_Helmets_Rack	</identifier>
		<parent>	Scene Root	</parent>
		<transform>
			<row0>	0.0000 0.0000 1.0000 0.0000	</row0>
			<row1>	0.0000 1.0000 0.0000 0.0000	</row1>
			<row2>	-1.0000 0.0000 0.0000 0.0000	</row2>
			<row3>	-0.1331 0.2453 -0.8245 1.0000	</row3>
		</transform>
	</node>
	<node>
		<identifier>	MP_AM720_Helmets_Rack_INDEX_1	</identifier>
		<parent>	Scene Root	</parent>
		<transform>
			<row0>	0.0000 0.0000 -1.0000 0.0000	</row0>
			<row1>	0.0000 1.0000 0.0000 0.0000	</row1>
			<row2>	1.0000 0.0000 0.0000 0.0000	</row2>
			<row3>	0.1331 0.2453 -0.8071 1.0000	</row3>
		</transform>
	</node>
	<node>
		<identifier>	MP_AM720_Helmets_Rack_INDEX_2	</identifier>
		<parent>	Scene Root	</parent>
		<transform>
			<row0>	-0.8855 0.0000 0.4646 0.0000	</row0>
			<row1>	0.0000 1.0000 0.0000 0.0000	</row1>
			<row2>	-0.4646 0.0000 -0.8855 0.0000	</row2>
			<row3>	0.2467 0.3849 0.0734 1.0000	</row3>
		</transform>
	</node>
	<node>
		<identifier>	MP_AM720_Helmets_Rack_INDEX_3	</identifier>
		<parent>	Scene Root	</parent>
		<transform>
			<row0>	-0.8855 0.0000 -0.4646 0.0000	</row0>
			<row1>	0.0000 1.0000 0.0000 0.0000	</row1>
			<row2>	0.4646 0.0000 -0.8855 0.0000	</row2>
			<row3>	-0.2467 0.3849 0.0734 1.0000	</row3>
		</transform>
	</node>
	<node>
		<identifier>	MP_AM720_Helmets_Rack_INDEX_4	</identifier>
		<parent>	Scene Root	</parent>
		<transform>
			<row0>	-1.0000 0.0000 0.0000 0.0000	</row0>
			<row1>	0.0000 1.0000 0.0000 0.0000	</row1>
			<row2>	0.0000 0.0000 -1.0000 0.0000	</row2>
			<row3>	0.0307 0.6459 1.0933 1.0000	</row3>
		</transform>
	</node>
	<node>
		<identifier>	MP_AM720_Helmets_Rack_INDEX_5	</identifier>
		<parent>	Scene Root	</parent>
		<transform>
			<row0>	1.0000 0.0000 0.0000 0.0000	</row0>
			<row1>	0.0000 1.0000 0.0000 0.0000	</row1>
			<row2>	0.0000 0.0000 1.0000 0.0000	</row2>
			<row3>	0.1213 0.6515 1.4929 1.0000	</row3>
		</transform>
	</node>
	<node>
		<identifier>	MP_AM720_Helmets_Rack_INDEX_6	</identifier>
		<parent>	Scene Root	</parent>
		<transform>
			<row0>	1.0000 0.0000 0.0000 0.0000	</row0>
			<row1>	0.0000 1.0000 0.0000 0.0000	</row1>
			<row2>	0.0000 0.0000 1.0000 0.0000	</row2>
			<row3>	0.0784 0.3555 2.2429 1.0000	</row3>
		</transform>
	</node>
	<node>
		<identifier>	MP_AM720_Helmets_Rack_INDEX_7	</identifier>
		<parent>	Scene Root	</parent>
		<transform>
			<row0>	0.0000 0.0000 1.0000 0.0000	</row0>
			<row1>	0.0000 1.0000 0.0000 0.0000	</row1>
			<row2>	-1.0000 0.0000 0.0000 0.0000	</row2>
			<row3>	-0.1688 0.4671 1.1438 1.0000	</row3>
		</transform>
	</node>
	<node>
		<identifier>	MP_AM723_Ammobox	</identifier>
		<parent>	Scene Root	</parent>
		<transform>
			<row0>	0.0000 0.0000 1.0000 0.0000	</row0>
			<row1>	0.0204 0.9998 0.0000 0.0000	</row1>
			<row2>	-0.9998 0.0204 0.0000 0.0000	</row2>
			<row3>	0.1623 0.1828 -0.6560 1.0000	</row3>
		</transform>
	</node>
	<node>
		<identifier>	MP_AM723_Ammobox_INDEX_1	</identifier>
		<parent>	Scene Root	</parent>
		<transform>
			<row0>	0.0000 0.0000 1.0000 0.0000	</row0>
			<row1>	0.0204 0.9998 0.0000 0.0000	</row1>
			<row2>	-0.9998 0.0204 0.0000 0.0000	</row2>
			<row3>	0.1623 0.1816 -0.7573 1.0000	</row3>
		</transform>
	</node>
	<node>
		<identifier>	MP_AM723_Ammobox_INDEX_2	</identifier>
		<parent>	Scene Root	</parent>
		<transform>
			<row0>	0.0000 0.0000 -1.0000 0.0000	</row0>
			<row1>	-0.0204 0.9998 0.0000 0.0000	</row1>
			<row2>	0.9998 0.0204 0.0000 0.0000	</row2>
			<row3>	-0.1623 0.1816 -0.7573 1.0000	</row3>
		</transform>
	</node>
	<node>
		<identifier>	MP_AM723_Ammobox_INDEX_3	</identifier>
		<parent>	Scene Root	</parent>
		<transform>
			<row0>	0.0000 0.0000 -1.0000 0.0000	</row0>
			<row1>	-0.0204 0.9998 0.0000 0.0000	</row1>
			<row2>	0.9998 0.0204 0.0000 0.0000	</row2>
			<row3>	-0.1623 0.1828 -0.6560 1.0000	</row3>
		</transform>
	</node>
	<node>
		<identifier>	MP_AM727_Hatch	</identifier>
		<parent>	Scene Root	</parent>
		<transform>
			<row0>	1.0000 0.0000 0.0000 0.0000	</row0>
