<BSS301_Seal_1940_MidFront_ports.visual>
	<skeleton>
		<node>
			<identifier>	Scene Root	</identifier>
			<transform>
				<row0>	1.0000 0.0000 0.0000 0.0000	</row0>
				<row1>	0.0000 1.0000 0.0000 0.0000	</row1>
				<row2>	0.0000 0.0000 1.0000 0.0000	</row2>
				<row3>	0.0000 0.0000 0.0000 1.0000	</row3>
			</transform>
			<node>
				<identifier>	MidFront_ports	</identifier>
				<transform>
					<row0>	1.0000 0.0000 0.0000 0.0000	</row0>
					<row1>	0.0000 1.0000 0.0000 0.0000	</row1>
					<row2>	0.0000 0.0000 1.0000 0.0000	</row2>
					<row3>	0.0000 0.0000 0.0000 1.0000	</row3>
				</transform>
				<node>
					<identifier>	HP_BGM_1	</identifier>
					<transform>
						<row0>	1.0000 0.0000 0.0000 0.0000	</row0>
						<row1>	0.0000 1.0000 0.0000 0.0000	</row1>
						<row2>	0.0000 0.0000 1.0000 0.0000	</row2>
						<row3>	0.0000 0.1362 0.5501 1.0000	</row3>
					</transform>
				</node>
				<node>
					<identifier>	HP_Camera	</identifier>
					<transform>
						<row0>	1.0000 0.0000 0.0000 0.0000	</row0>
						<row1>	0.0000 1.0000 0.0000 0.0000	</row1>
						<row2>	0.0000 0.0000 1.0000 0.0000	</row2>
						<row3>	0.0000 0.3752 0.2139 1.0000	</row3>
					</transform>
				</node>
				<node>
					<identifier>	HP_FX_Death_1	</identifier>
					<transform>
						<row0>	1.0000 0.0000 0.0000 0.0000	</row0>
						<row1>	0.0000 1.0000 0.0000 0.0000	</row1>
						<row2>	0.0000 0.0000 1.0000 0.0000	</row2>
						<row3>	0.0000 0.0000 1.4805 1.0000	</row3>
					</transform>
				</node>
				<node>
					<identifier>	HP_FX_Descent_3	</identifier>
					<transform>
						<row0>	-0.1048 -0.9930 0.0527 0.0000	</row0>
						<row1>	-0.9697 0.1138 0.2161 0.0000	</row1>
						<row2>	-0.2206 -0.0284 -0.9749 0.0000	</row2>
						<row3>	-0.0835 0.0526 1.3902 1.0000	</row3>
					</transform>
				</node>
				<node>
					<identifier>	HP_FX_Fire_1	</identifier>
					<transform>
						<row0>	1.0000 0.0000 0.0000 0.0000	</row0>
						<row1>	0.0000 1.0000 0.0000 0.0000	</row1>
						<row2>	0.0000 0.0000 1.0000 0.0000	</row2>
						<row3>	0.0000 0.2085 0.4000 1.0000	</row3>
					</transform>
				</node>
				<node>
					<identifier>	HP_FX_Runoff_deluge_left_3	</identifier>
					<transform>
						<row0>	-1.0000 0.0000 0.0000 0.0000	</row0>
						<row1>	0.0000 1.0000 0.0000 0.0000	</row1>
						<row2>	0.0000 0.0000 -1.0000 0.0000	</row2>
						<row3>	-0.0820 0.1310 1.5840 1.0000	</row3>
					</transform>
				</node>
				<node>
					<identifier>	HP_FX_Runoff_deluge_left_4	</identifier>
					<transform>
						<row0>	-1.0000 0.0000 0.0000 0.0000	</row0>
						<row1>	0.0000 1.0000 0.0000 0.0000	</row1>
						<row2>	0.0000 0.0000 -1.0000 0.0000	</row2>
						<row3>	-0.0840 0.1320 1.3810 1.0000	</row3>
					</transform>
				</node>
				<node>
					<identifier>	HP_FX_Runoff_deluge_left_5	</identifier>
					<transform>
						<row0>	-1.0000 0.0000 0.0000 0.0000	</row0>
						<row1>	0.0000 1.0000 0.0000 0.0000	</row1>
						<row2>	0.0000 0.0000 -1.0000 0.0000	</row2>
						<row3>	-0.0870 0.1320 1.0600 1.0000	</row3>
					</transform>
				</node>
				<node>
					<identifier>	HP_FX_Runoff_deluge_left_6	</identifier>
					<transform>
						<row0>	-1.0000 0.0000 0.0000 0.0000	</row0>
						<row1>	0.0000 1.0000 0.0000 0.0000	</row1>
						<row2>	0.0000 0.0000 -1.0000 0.0000	</row2>
						<row3>	-0.0900 0.1330 0.8170 1.0000	</row3>
					</transform>
				</node>
				<node>
					<identifier>	HP_FX_Runoff_deluge_left_7	</identifier>
					<transform>
						<row0>	-1.0000 0.0000 0.0000 0.0000	</row0>
						<row1>	0.0000 1.0000 0.0000 0.0000	</row1>
						<row2>	0.0000 0.0000 -1.0000 0.0000	</row2>
						<row3>	-0.0950 0.1350 0.5120 1.0000	</row3>
					</transform>
				</node>
				<node>
					<identifier>	HP_FX_Runoff_deluge_right_3	</identifier>
					<transform>
						<row0>	1.0000 0.0000 0.0000 0.0000	</row0>
						<row1>	0.0000 1.0000 0.0000 0.0000	</row1>
						<row2>	0.0000 0.0000 1.0000 0.0000	</row2>
						<row3>	0.0815 0.1318 1.5841 1.0000	</row3>
					</transform>
				</node>
				<node>
					<identifier>	HP_FX_Runoff_deluge_right_4	</identifier>
					<transform>
						<row0>	1.0000 0.0000 0.0000 0.0000	</row0>
						<row1>	0.0000 1.0000 0.0000 0.0000	</row1>
						<row2>	0.0000 0.0000 1.0000 0.0000	</row2>
						<row3>	0.0842 0.1314 1.3828 1.0000	</row3>
					</transform>
				</node>
				<node>
					<identifier>	HP_FX_Runoff_deluge_right_5	</identifier>
					<transform>
						<row0>	1.0000 0.0000 0.0000 0.0000	</row0>
						<row1>	0.0000 1.0000 0.0000 0.0000	</row1>
						<row2>	0.0000 0.0000 1.0000 0.0000	</row2>
						<row3>	0.0859 0.1325 1.0591 1.0000	</row3>
					</transform>
				</node>
				<node>
					<identifier>	HP_FX_Runoff_deluge_right_6	</identifier>
					<transform>
						<row0>	1.0000 0.0000 0.0000 0.0000	</row0>
						<row1>	0.0000 1.0000 0.0000 0.0000	</row1>
						<row2>	0.0000 0.0000 1.0000 0.0000	</row2>
						<row3>	0.0890 0.1331 0.8164 1.0000	</row3>
					</transform>
				</node>
				<node>
					<identifier>	HP_FX_Runoff_deluge_right_7	</identifier>
					<transform>
						<row0>	1.0000 0.0000 0.0000 0.0000	</row0>
						<row1>	0.0000 1.0000 0.0000 0.0000	</row1>
						<row2>	0.0000 0.0000 1.0000 0.0000	</row2>
						<row3>	0.0949 0.1348 0.5129 1.0000	</row3>
					</transform>
				</node>
				<node>
					<identifier>	HP_FX_Runoff_left_1	</identifier>
					<transform>
						<row0>	-0.9848 0.1736 0.0000 0.0000	</row0>
						<row1>	0.1736 0.9848 0.0000 0.0000	</row1>
						<row2>	0.0000 0.0000 -1.0000 0.0000	</row2>
						<row3>	-0.1208 0.1308 0.3440 1.0000	</row3>
					</transform>
				</node>
				<node>
					<identifier>	HP_FX_Runoff_right_1	</identifier>
					<transform>
						<row0>	0.9848 0.1736 0.0000 0.0000	</row0>
						<row1>	-0.1736 0.9848 0.0000 0.0000	</row1>
						<row2>	0.0000 0.0000 1.0000 0.0000	</row2>
						<row3>	0.1232 0.1430 0.3440 1.0000	</row3>
					</transform>
				</node>
				<node>
					<identifier>	HP_FX_Runoff_tower_left_1	</identifier>
					<transform>
						<row0>	-0.9783 0.0000 0.2072 0.0000	</row0>
						<row1>	0.0000 1.0000 0.0000 0.0000	</row1>
						<row2>	-0.2072 0.0000 -0.9783 0.0000	</row2>
						<row3>	-0.0706 0.2175 0.4877 1.0000	</row3>
					</transform>
				</node>
				<node>
					<identifier>	HP_FX_Runoff_tower_right_1	</identifier>
					<transform>
						<row0>	0.9799 0.0000 0.1994 0.0000	</row0>
						<row1>	0.0000 1.0000 0.0000 0.0000	</row1>
						<row2>	-0.1994 0.0000 0.9799 0.0000	</row2>
						<row3>	0.0666 0.2187 0.4930 1.0000	</row3>
					</transform>
				</node>
				<node>
					<identifier>	HP_FX_Runoff_up_left_2	</identifier>
					<transform>
						<row0>	-0.9976 0.0006 0.0690 0.0000	</row0>
						<row1>	0.0027 0.9995 0.0305 0.0000	</row1>
						<row2>	-0.0689 0.0306 -0.9971 0.0000	</row2>
						<row3>	-0.0690 0.1449 0.4668 1.0000	</row3>
					</transform>
				</node>
				<node>
					<identifier>	HP_FX_Runoff_up_right_2	</identifier>
					<transform>
						<row0>	0.9980 -0.0031 0.0632 0.0000	</row0>
						<row1>	0.0012 0.9996 0.0294 0.0000	</row1>
						<row2>	-0.0632 -0.0293 0.9976 0.0000	</row2>
						<row3>	0.0690 0.1449 0.4668 1.0000	</row3>
					</transform>
				</node>
				<node>
					<identifier>	HP_FX_WakeTrace_tower	</identifier>
					<transform>
						<row0>	1.0000 0.0000 0.0000 0.0000	</row0>
						<row1>	0.0000 1.0000 0.0000 0.0000	</row1>
						<row2>	0.0000 0.0000 1.0000 0.0000	</row2>
						<row3>	0.0000 0.1392 0.6203 1.0000	</row3>
					</transform>
				</node>
				<node>
					<identifier>	HP_Flagpole	</identifier>
					<transform>
						<row0>	0.1755 0.0000 -0.4682 0.0000	</row0>
						<row1>	0.0000 0.5000 0.0000 0.0000	</row1>
						<row2>	0.4682 0.0000 0.1755 0.0000	</row2>
						<row3>	-0.0176 0.2719 -0.2845 1.0000	</row3>
					</transform>
				</node>
				<node>
					<identifier>	HP_flag_1	</identifier>
					<transform>
						<row0>	0.9951 -0.0985 0.0019 0.0000	</row0>
						<row1>	0.0985 0.9944 -0.0392 0.0000	</row1>
						<row2>	0.0019 0.0392 0.9992 0.0000	</row2>
						<row3>	0.0528 0.4075 -0.7139 1.0000	</row3>
					</transform>
				</node>
				<node>
					<identifier>	HP_flag_2	</identifier>
					<transform>
						<row0>	0.9951 0.0985 -0.0019 0.0000	</row0>
						<row1>	-0.0985 0.9944 -0.0392 0.0000	</row1>
						<row2>	-0.0019 0.0392 0.9992 0.0000	</row2>
						<row3>	-0.0528 0.4075 -0.7139 1.0000	</row3>
					</transform>
				</node>
				<node>
					<identifier>	HP_flag_3	</identifier>
					<transform>
						<row0>	0.9990 -0.0441 0.0009 0.0000	</row0>
						<row1>	0.0441 0.9983 -0.0392 0.0000	</row1>
						<row2>	0.0009 0.0392 0.9992 0.0000	</row2>
						<row3>	0.0185 0.4074 -0.7139 1.0000	</row3>
					</transform>
				</node>
				<node>
					<identifier>	HP_flag_4	</identifier>
					<transform>
						<row0>	0.9990 0.0441 -0.0009 0.0000	</row0>
						<row1>	-0.0441 0.9983 -0.0392 0.0000	</row1>
						<row2>	-0.0009 0.0392 0.9992 0.0000	</row2>
						<row3>	-0.0185 0.4074 -0.7139 1.0000	</row3>
					</transform>
				</node>
				<node>
					<identifier>	HP_flag_courtesy	</identifier>
					<transform>
						<row0>	0.9999 0.0114 0.0000 0.0000	</row0>
						<row1>	-0.0114 0.9999 0.0057 0.0000	</row1>
						<row2>	0.0000 -0.0057 1.0000 0.0000	</row2>
						<row3>	0.0629 0.6112 -0.0895 1.0000	</row3>
					</transform>
				</node>
				<node>
					<identifier>	HP_flag_house	</identifier>
					<transform>
						<row0>	0.9999 0.0114 0.0000 0.0000	</row0>
						<row1>	-0.0114 0.9999 0.0057 0.0000	</row1>
						<row2>	0.0000 -0.0057 1.0000 0.0000	</row2>
						<row3>	0.0614 0.7423 -0.0888 1.0000	</row3>
					</transform>
				</node>
				<node>
					<identifier>	HP_flag_nation	</identifier>
					<transform>
						<row0>	1.0000 0.0000 0.0000 0.0000	</row0>
						<row1>	0.0000 0.9969 -0.0785 0.0000	</row1>
						<row2>	0.0000 0.0785 0.9969 0.0000	</row2>
						<row3>	-0.0137 0.3208 -2.8264 1.0000	</row3>
					</transform>
				</node>
				<node>
					<identifier>	HP_flag_rank	</identifier>
					<transform>
						<row0>	0.9999 0.0114 0.0000 0.0000	</row0>
						<row1>	-0.0114 0.9999 0.0057 0.0000	</row1>
						<row2>	0.0000 -0.0057 1.0000 0.0000	</row2>
						<row3>	0.0599 0.8735 -0.0880 1.0000	</row3>
					</transform>
				</node>
			</node>
		</node>
	</skeleton>
	<properties>
		<underwaterModel>	false	</underwaterModel>
		<abovewaterModel>	true	</abovewaterModel>
	</properties>
	<boundingBox>
		<min>	-0.0667 -0.0667 -0.0667	</min>
		<max>	0.0667 0.0667 0.0667	</max>
	</boundingBox>
	<renderSets />
	<lods>
		<lod>
			<extent>	200.0000	</extent>
			<castsShadow>	true	</castsShadow>
			<renderSets />
		</lod>
	</lods>
</BSS301_Seal_1940_MidFront_ports.visual>
