<HSS302_Tonijn_1966_MidFront_ep.skel_ext>
	<exported>	false	</exported>
	<node>
		<identifier>	EP_Descent_3	</identifier>
		<parent>	Scene Root	</parent>
		<transform>
			<row0>	-0.6046 -0.7965 0.0000 0.0000	</row0>
			<row1>	-0.7965 0.6046 0.0000 0.0000	</row1>
			<row2>	0.0000 0.0000 -1.0000 0.0000	</row2>
			<row3>	-0.1309 0.0393 1.4204 1.0000	</row3>
		</transform>
	</node>
	<node>
		<identifier>	EP_Fire_1	</identifier>
		<parent>	Scene Root	</parent>
		<transform>
			<row0>	1.0000 0.0000 0.0000 0.0000	</row0>
			<row1>	0.0000 1.0000 0.0000 0.0000	</row1>
			<row2>	0.0000 0.0000 1.0000 0.0000	</row2>
			<row3>	0.0000 0.4973 0.4596 1.0000	</row3>
		</transform>
	</node>
	<node>
		<identifier>	EP_Fire_2	</identifier>
		<parent>	Scene Root	</parent>
		<transform>
			<row0>	1.0000 0.0000 0.0000 0.0000	</row0>
			<row1>	0.0000 1.0000 0.0000 0.0000	</row1>
			<row2>	0.0000 0.0000 1.0000 0.0000	</row2>
			<row3>	0.0000 0.5053 0.3411 1.0000	</row3>
		</transform>
	</node>
	<node>
		<identifier>	EP_FloodLight_left_1	</identifier>
		<parent>	Scene Root	</parent>
		<transform>
			<row0>	-1.0000 0.0000 0.0000 0.0000	</row0>
			<row1>	0.0000 1.0000 0.0000 0.0000	</row1>
			<row2>	0.0000 0.0000 -1.0000 0.0000	</row2>
			<row3>	-0.0659 0.3596 0.3816 1.0000	</row3>
		</transform>
	</node>
	<node>
		<identifier>	EP_FloodLight_right_1	</identifier>
		<parent>	Scene Root	</parent>
		<transform>
			<row0>	1.0000 0.0000 0.0000 0.0000	</row0>
			<row1>	0.0000 1.0000 0.0000 0.0000	</row1>
			<row2>	0.0000 0.0000 1.0000 0.0000	</row2>
			<row3>	0.0654 0.3604 0.3821 1.0000	</row3>
		</transform>
	</node>
	<node>
		<identifier>	EP_Flood_water_right_2	</identifier>
		<parent>	Scene Root	</parent>
		<transform>
			<row0>	1.0000 0.0000 0.0000 0.0000	</row0>
			<row1>	0.0000 1.0000 0.0000 0.0000	</row1>
			<row2>	0.0000 0.0000 1.0000 0.0000	</row2>
			<row3>	0.1366 0.0405 0.8191 1.0000	</row3>
		</transform>
	</node>
	<node>
		<identifier>	EP_Runoff_deluge_left_2	</identifier>
		<parent>	Scene Root	</parent>
		<transform>
			<row0>	-0.9865 0.1635 0.0034 0.0000	</row0>
			<row1>	0.1635 0.9865 0.0006 0.0000	</row1>
			<row2>	-0.0032 0.0011 -1.0000 0.0000	</row2>
			<row3>	-0.1403 0.0395 0.4723 1.0000	</row3>
		</transform>
	</node>
	<node>
		<identifier>	EP_Runoff_deluge_left_3	</identifier>
		<parent>	Scene Root	</parent>
		<transform>
			<row0>	-0.9862 0.1634 0.0277 0.0000	</row0>
			<row1>	0.1639 0.9863 0.0160 0.0000	</row1>
			<row2>	-0.0247 0.0203 -0.9995 0.0000	</row2>
			<row3>	-0.1412 0.0403 0.2716 1.0000	</row3>
		</transform>
	</node>
	<node>
		<identifier>	EP_Runoff_deluge_right_2	</identifier>
		<parent>	Scene Root	</parent>
		<transform>
			<row0>	0.9865 0.1635 -0.0002 0.0000	</row0>
			<row1>	-0.1635 0.9865 -0.0011 0.0000	</row1>
			<row2>	0.0000 0.0011 1.0000 0.0000	</row2>
			<row3>	0.1216 0.0384 1.3222 1.0000	</row3>
		</transform>
	</node>
	<node>
		<identifier>	EP_Runoff_deluge_right_3	</identifier>
		<parent>	Scene Root	</parent>
		<transform>
			<row0>	0.9866 0.1634 -0.0028 0.0000	</row0>
			<row1>	-0.1634 0.9863 -0.0201 0.0000	</row1>
			<row2>	-0.0005 0.0203 0.9998 0.0000	</row2>
			<row3>	0.1181 0.0368 1.0202 1.0000	</row3>
		</transform>
	</node>
	<node>
		<identifier>	EP_Runoff_deluge_right_5	</identifier>
		<parent>	Scene Root	</parent>
		<transform>
			<row0>	0.9921 0.1254 -0.0026 0.0000	</row0>
			<row1>	-0.1254 0.9919 -0.0204 0.0000	</row1>
			<row2>	0.0000 0.0205 0.9998 0.0000	</row2>
			<row3>	0.1318 0.0376 0.6703 1.0000	</row3>
		</transform>
	</node>
	<node>
		<identifier>	EP_Runoff_deluge_right_6	</identifier>
		<parent>	Scene Root	</parent>
		<transform>
			<row0>	0.9999 0.0109 -0.0002 0.0000	</row0>
			<row1>	-0.0109 0.9997 -0.0202 0.0000	</row1>
			<row2>	0.0000 0.0202 0.9998 0.0000	</row2>
			<row3>	0.1297 0.0392 0.4715 1.0000	</row3>
		</transform>
	</node>
	<node>
		<identifier>	EP_Runoff_deluge_right_7	</identifier>
		<parent>	Scene Root	</parent>
		<transform>
			<row0>	0.9988 0.0493 0.0000 0.0000	</row0>
			<row1>	-0.0493 0.9988 0.0001 0.0000	</row1>
			<row2>	0.0000 -0.0001 1.0000 0.0000	</row2>
			<row3>	0.1326 0.0389 0.2724 1.0000	</row3>
		</transform>
	</node>
	<node>
		<identifier>	EP_Runoff_left_1	</identifier>
		<parent>	Scene Root	</parent>
		<transform>
			<row0>	-0.8366 0.5478 -0.0018 0.0000	</row0>
			<row1>	0.5477 0.8364 -0.0205 0.0000	</row1>
			<row2>	-0.0098 -0.0181 -0.9998 0.0000	</row2>
			<row3>	-0.1171 0.0800 0.4096 1.0000	</row3>
		</transform>
	</node>
	<node>
		<identifier>	EP_Runoff_right_1	</identifier>
		<parent>	Scene Root	</parent>
		<transform>
			<row0>	0.7760 0.6307 0.0114 0.0000	</row0>
			<row1>	-0.6307 0.7758 0.0172 0.0000	</row1>
			<row2>	0.0020 -0.0206 0.9998 0.0000	</row2>
			<row3>	0.0966 0.1099 0.8066 1.0000	</row3>
		</transform>
	</node>
	<node>
		<identifier>	EP_Runoff_tower_left_3	</identifier>
		<parent>	Scene Root	</parent>
		<transform>
			<row0>	-0.9970 0.0000 0.0755 0.0000	</row0>
			<row1>	0.0000 1.0000 0.0000 0.0000	</row1>
			<row2>	-0.0755 0.0000 -0.9970 0.0000	</row2>
			<row3>	-0.0498 0.5204 0.4776 1.0000	</row3>
		</transform>
	</node>
	<node>
		<identifier>	EP_Runoff_tower_right_2	</identifier>
		<parent>	Scene Root	</parent>
		<transform>
			<row0>	1.0000 0.0000 0.0000 0.0000	</row0>
			<row1>	0.0000 1.0000 0.0000 0.0000	</row1>
			<row2>	0.0000 0.0000 1.0000 0.0000	</row2>
			<row3>	0.0503 0.5152 0.2097 1.0000	</row3>
		</transform>
	</node>
	<node>
		<identifier>	EP_Runoff_tower_right_3	</identifier>
		<parent>	Scene Root	</parent>
		<transform>
			<row0>	0.9537 0.0000 0.3008 0.0000	</row0>
			<row1>	0.0000 1.0000 0.0000 0.0000	</row1>
			<row2>	-0.3008 0.0000 0.9537 0.0000	</row2>
			<row3>	0.0412 0.5159 0.5034 1.0000	</row3>
		</transform>
	</node>
	<node>
		<identifier>	EP_Runoff_up_left_2	</identifier>
		<parent>	Scene Root	</parent>
		<transform>
			<row0>	-0.9982 0.0000 0.0607 0.0000	</row0>
			<row1>	0.0000 1.0000 0.0000 0.0000	</row1>
			<row2>	-0.0607 0.0000 -0.9982 0.0000	</row2>
			<row3>	-0.0349 0.1414 1.4041 1.0000	</row3>
		</transform>
	</node>
	<node>
		<identifier>	EP_Runoff_up_right_2	</identifier>
		<parent>	Scene Root	</parent>
		<transform>
			<row0>	0.9983 0.0000 0.0590 0.0000	</row0>
			<row1>	0.0000 1.0000 0.0000 0.0000	</row1>
			<row2>	-0.0590 0.0000 0.9983 0.0000	</row2>
			<row3>	0.0388 0.1398 1.3037 1.0000	</row3>
		</transform>
	</node>
	<node>
		<identifier>	EP_WakeTrace_periscope	</identifier>
		<parent>	Scene Root	</parent>
		<transform>
			<row0>	1.0000 0.0000 0.0000 0.0000	</row0>
			<row1>	0.0000 1.0000 0.0000 0.0000	</row1>
			<row2>	0.0000 0.0000 1.0000 0.0000	</row2>
			<row3>	-0.0044 0.5284 0.4514 1.0000	</row3>
		</transform>
	</node>
	<node>
		<identifier>	EP_WakeTrace_tower	</identifier>
		<parent>	Scene Root	</parent>
		<transform>
			<row0>	1.0000 0.0000 0.0000 0.0000	</row0>
			<row1>	0.0000 1.0000 0.0000 0.0000	</row1>
			<row2>	0.0000 0.0000 1.0000 0.0000	</row2>
			<row3>	0.0000 0.1450 0.5830 1.0000	</row3>
		</transform>
	</node>
	<node>
		<identifier>	EP_WakeTrace_tower_2	</identifier>
		<parent>	Scene Root	</parent>
		<transform>
			<row0>	1.0000 0.0000 0.0000 0.0000	</row0>
			<row1>	0.0000 1.0000 0.0000 0.0000	</row1>
			<row2>	0.0000 0.0000 1.0000 0.0000	</row2>
			<row3>	0.0000 0.3260 0.5783 1.0000	</row3>
		</transform>
	</node>
</HSS302_Tonijn_1966_MidFront_ep.skel_ext>
