<HSS302_Tonijn_1966_Bow_ep.skel_ext>
	<exported>	false	</exported>
	<node>
		<identifier>	EP_Death_1	</identifier>
		<parent>	Scene Root	</parent>
		<transform>
			<row0>	1.0000 0.0000 0.0000 0.0000	</row0>
			<row1>	0.0000 1.0000 0.0000 0.0000	</row1>
			<row2>	0.0000 0.0000 1.0000 0.0000	</row2>
			<row3>	0.0000 0.0000 1.8322 1.0000	</row3>
		</transform>
	</node>
	<node>
		<identifier>	EP_Descent_1	</identifier>
		<parent>	Scene Root	</parent>
		<transform>
			<row0>	0.4946 -0.8691 0.0000 0.0000	</row0>
			<row1>	0.8691 0.4946 0.0000 0.0000	</row1>
			<row2>	0.0000 0.0000 1.0000 0.0000	</row2>
			<row3>	0.1188 0.0409 1.8534 1.0000	</row3>
		</transform>
	</node>
	<node>
		<identifier>	EP_Flood_steam_1	</identifier>
		<parent>	Scene Root	</parent>
		<transform>
			<row0>	0.9949 0.0041 0.1005 0.0000	</row0>
			<row1>	-0.0041 1.0000 0.0000 0.0000	</row1>
			<row2>	-0.1005 -0.0004 0.9949 0.0000	</row2>
			<row3>	0.0008 0.1401 2.1562 1.0000	</row3>
		</transform>
	</node>
	<node>
		<identifier>	EP_Flood_water_left_2	</identifier>
		<parent>	Scene Root	</parent>
		<transform>
			<row0>	-1.0000 0.0000 0.0000 0.0000	</row0>
			<row1>	0.0000 1.0000 0.0000 0.0000	</row1>
			<row2>	0.0000 0.0000 -1.0000 0.0000	</row2>
			<row3>	-0.1274 0.0404 1.5977 1.0000	</row3>
		</transform>
	</node>
	<node>
		<identifier>	EP_Hydrophone	</identifier>
		<parent>	Scene Root	</parent>
		<transform>
			<row0>	1.0000 0.0000 0.0000 0.0000	</row0>
			<row1>	0.0000 1.0000 0.0000 0.0000	</row1>
			<row2>	0.0000 0.0000 1.0000 0.0000	</row2>
			<row3>	0.0000 0.0983 2.6026 1.0000	</row3>
		</transform>
	</node>
	<node>
		<identifier>	EP_Runoff_deluge_left	</identifier>
		<parent>	Scene Root	</parent>
		<transform>
			<row0>	-0.9984 0.0526 0.0153 0.0000	</row0>
			<row1>	0.0529 0.9984 0.0198 0.0000	</row1>
			<row2>	-0.0141 0.0206 -0.9997 0.0000	</row2>
			<row3>	-0.1220 0.0400 1.7444 1.0000	</row3>
		</transform>
	</node>
	<node>
		<identifier>	EP_Runoff_deluge_left_1	</identifier>
		<parent>	Scene Root	</parent>
		<transform>
			<row0>	-0.9982 0.0526 0.0281 0.0000	</row0>
			<row1>	0.0531 0.9984 0.0191 0.0000	</row1>
			<row2>	-0.0270 0.0206 -0.9994 0.0000	</row2>
			<row3>	-0.1295 0.0398 1.5201 1.0000	</row3>
		</transform>
	</node>
	<node>
		<identifier>	EP_Runoff_deluge_right	</identifier>
		<parent>	Scene Root	</parent>
		<transform>
			<row0>	0.9986 0.0526 0.0065 0.0000	</row0>
			<row1>	-0.0524 0.9984 -0.0210 0.0000	</row1>
			<row2>	-0.0076 0.0206 0.9998 0.0000	</row2>
			<row3>	0.1088 0.0387 1.8538 1.0000	</row3>
		</transform>
	</node>
	<node>
		<identifier>	EP_Runoff_deluge_right_1	</identifier>
		<parent>	Scene Root	</parent>
		<transform>
			<row0>	0.9986 0.0526 -0.0011 0.0000	</row0>
			<row1>	-0.0526 0.9984 -0.0206 0.0000	</row1>
			<row2>	0.0000 0.0206 0.9998 0.0000	</row2>
			<row3>	0.1153 0.0392 1.6718 1.0000	</row3>
		</transform>
	</node>
	<node>
		<identifier>	EP_Runoff_left	</identifier>
		<parent>	Scene Root	</parent>
		<transform>
			<row0>	-0.7804 0.6245 0.0303 0.0000	</row0>
			<row1>	0.6246 0.7809 -0.0078 0.0000	</row1>
			<row2>	-0.0285 0.0129 -0.9994 0.0000	</row2>
			<row3>	-0.0865 0.1027 1.4675 1.0000	</row3>
		</transform>
	</node>
	<node>
		<identifier>	EP_Runoff_right	</identifier>
		<parent>	Scene Root	</parent>
		<transform>
			<row0>	0.7350 0.6781 0.0086 0.0000	</row0>
			<row1>	-0.6782 0.7349 0.0091 0.0000	</row1>
			<row2>	-0.0002 -0.0125 0.9999 0.0000	</row2>
			<row3>	0.0772 0.1111 1.4903 1.0000	</row3>
		</transform>
	</node>
	<node>
		<identifier>	EP_Runoff_up_left	</identifier>
		<parent>	Scene Root	</parent>
		<transform>
			<row0>	-0.9987 0.0000 0.0512 0.0000	</row0>
			<row1>	0.0000 1.0000 0.0000 0.0000	</row1>
			<row2>	-0.0512 0.0000 -0.9987 0.0000	</row2>
			<row3>	-0.0299 0.1393 1.6756 1.0000	</row3>
		</transform>
	</node>
	<node>
		<identifier>	EP_Runoff_up_right	</identifier>
		<parent>	Scene Root	</parent>
		<transform>
			<row0>	0.9984 0.0000 0.0571 0.0000	</row0>
			<row1>	0.0000 1.0000 0.0000 0.0000	</row1>
			<row2>	-0.0571 0.0000 0.9984 0.0000	</row2>
			<row3>	0.0287 0.1417 1.5839 1.0000	</row3>
		</transform>
	</node>
	<node>
		<identifier>	EP_WakeTrace	</identifier>
		<parent>	Scene Root	</parent>
		<transform>
			<row0>	1.0000 0.0000 0.0000 0.0000	</row0>
			<row1>	0.0000 1.0000 0.0000 0.0000	</row1>
			<row2>	0.0000 0.0000 1.0000 0.0000	</row2>
			<row3>	0.0000 0.0000 2.6087 1.0000	</row3>
		</transform>
	</node>
</HSS302_Tonijn_1966_Bow_ep.skel_ext>
