<SSC001_Canarias_1943_Stern.skel_ext>
	<exported>	true	</exported>
	<node>
		<identifier>	MP_CM126_Cleat	</identifier>
		<parent>	Scene Root	</parent>
		<transform>
			<row0>	0.9925 0.0000 -0.1222 0.0000	</row0>
			<row1>	0.0000 1.0000 0.0000 0.0000	</row1>
			<row2>	0.1222 0.0000 0.9925 0.0000	</row2>
			<row3>	0.4492 0.4278 -4.7001 1.0000	</row3>
		</transform>
	</node>
	<node>
		<identifier>	MP_CM126_Cleat_INDEX_1	</identifier>
		<parent>	Scene Root	</parent>
		<transform>
			<row0>	0.9925 0.0000 0.1222 0.0000	</row0>
			<row1>	0.0000 1.0000 0.0000 0.0000	</row1>
			<row2>	-0.1222 0.0000 0.9925 0.0000	</row2>
			<row3>	-0.4186 0.4302 -4.9235 1.0000	</row3>
		</transform>
	</node>
	<node>
		<identifier>	MP_CM126_Cleat_INDEX_2	</identifier>
		<parent>	Scene Root	</parent>
		<transform>
			<row0>	0.9925 0.0000 -0.1222 0.0000	</row0>
			<row1>	0.0000 1.0000 0.0000 0.0000	</row1>
			<row2>	0.1222 0.0000 0.9925 0.0000	</row2>
			<row3>	0.4186 0.4302 -4.9235 1.0000	</row3>
		</transform>
	</node>
	<node>
		<identifier>	MP_CM126_Cleat_INDEX_3	</identifier>
		<parent>	Scene Root	</parent>
		<transform>
			<row0>	0.9925 0.0000 0.1222 0.0000	</row0>
			<row1>	0.0000 1.0000 0.0000 0.0000	</row1>
			<row2>	-0.1222 0.0000 0.9925 0.0000	</row2>
			<row3>	-0.4730 0.4263 -4.4998 1.0000	</row3>
		</transform>
	</node>
	<node>
		<identifier>	MP_CM126_Cleat_INDEX_4	</identifier>
		<parent>	Scene Root	</parent>
		<transform>
			<row0>	0.9925 0.0000 -0.1222 0.0000	</row0>
			<row1>	0.0000 1.0000 0.0000 0.0000	</row1>
			<row2>	0.1222 0.0000 0.9925 0.0000	</row2>
			<row3>	0.4730 0.4263 -4.4998 1.0000	</row3>
		</transform>
	</node>
	<node>
		<identifier>	MP_CM126_Cleat_INDEX_5	</identifier>
		<parent>	Scene Root	</parent>
		<transform>
			<row0>	0.9925 0.0000 0.1222 0.0000	</row0>
			<row1>	0.0000 1.0000 0.0000 0.0000	</row1>
			<row2>	-0.1222 0.0000 0.9925 0.0000	</row2>
			<row3>	-0.4492 0.4278 -4.7001 1.0000	</row3>
		</transform>
	</node>
	<node>
		<identifier>	MP_CM127_Jacobs_ladder	</identifier>
		<parent>	Scene Root	</parent>
		<transform>
			<row0>	0.9029 0.0147 -0.4295 0.0000	</row0>
			<row1>	-0.0057 0.9997 0.0223 0.0000	</row1>
			<row2>	0.4298 -0.0177 0.9028 0.0000	</row2>
			<row3>	0.0635 0.4576 -6.1647 1.0000	</row3>
		</transform>
	</node>
	<node>
		<identifier>	MP_CM161_Propeller_4_8m_BB_R	</identifier>
		<parent>	Scene Root	</parent>
		<transform>
			<row0>	0.9215 -0.0006 0.0000 0.0000	</row0>
			<row1>	0.0006 0.9202 -0.0473 0.0000	</row1>
			<row2>	0.0000 0.0473 0.9202 0.0000	</row2>
			<row3>	0.1976 -0.3055 -5.3771 1.0000	</row3>
		</transform>
	</node>
	<node>
		<identifier>	MP_CM161_Propeller_4_8m_BB_R_INDEX_1	</identifier>
		<parent>	Scene Root	</parent>
		<transform>
			<row0>	0.9211 0.0006 0.0242 0.0000	</row0>
			<row1>	0.0006 0.9202 -0.0473 0.0000	</row1>
			<row2>	-0.0242 0.0473 0.9199 0.0000	</row2>
			<row3>	0.4105 -0.3041 -4.3938 1.0000	</row3>
		</transform>
	</node>
	<node>
		<identifier>	MP_CM162_Propeller_4_8m_BB_L	</identifier>
		<parent>	Scene Root	</parent>
		<transform>
			<row0>	0.9215 0.0006 0.0000 0.0000	</row0>
			<row1>	-0.0006 0.9202 -0.0473 0.0000	</row1>
			<row2>	0.0000 0.0473 0.9202 0.0000	</row2>
			<row3>	-0.1976 -0.3055 -5.3771 1.0000	</row3>
		</transform>
	</node>
	<node>
		<identifier>	MP_CM162_Propeller_4_8m_BB_L_INDEX_1	</identifier>
		<parent>	Scene Root	</parent>
		<transform>
			<row0>	0.9211 -0.0006 -0.0242 0.0000	</row0>
			<row1>	-0.0006 0.9202 -0.0473 0.0000	</row1>
			<row2>	0.0242 0.0473 0.9199 0.0000	</row2>
			<row3>	-0.4105 -0.3041 -4.3938 1.0000	</row3>
		</transform>
	</node>
	<node>
		<identifier>	MP_SM001_Bench	</identifier>
		<parent>	Scene Root	</parent>
		<transform>
			<row0>	-0.2372 0.0000 0.8854 0.0000	</row0>
			<row1>	0.0000 0.9166 0.0000 0.0000	</row1>
			<row2>	-0.8854 0.0000 -0.2372 0.0000	</row2>
			<row3>	-0.2034 0.4371 -5.7523 1.0000	</row3>
		</transform>
	</node>
	<node>
		<identifier>	MP_SM001_Bench_INDEX_1	</identifier>
		<parent>	Scene Root	</parent>
		<transform>
			<row0>	-0.1635 0.0000 0.9019 0.0000	</row0>
			<row1>	0.0000 0.9166 0.0000 0.0000	</row1>
			<row2>	-0.9019 0.0000 -0.1635 0.0000	</row2>
			<row3>	-0.2839 0.4347 -5.4625 1.0000	</row3>
		</transform>
	</node>
	<node>
		<identifier>	MP_SM001_Bench_INDEX_2	</identifier>
		<parent>	Scene Root	</parent>
		<transform>
			<row0>	-0.1635 0.0000 -0.9019 0.0000	</row0>
			<row1>	0.0000 0.9166 0.0000 0.0000	</row1>
			<row2>	0.9019 0.0000 -0.1635 0.0000	</row2>
			<row3>	0.2839 0.4347 -5.4625 1.0000	</row3>
		</transform>
	</node>
	<node>
		<identifier>	MP_SM026_Running_Lights_B	</identifier>
		<parent>	Scene Root	</parent>
		<transform>
			<row0>	-1.0000 0.0000 0.0000 0.0000	</row0>
			<row1>	0.0000 1.0000 0.0000 0.0000	</row1>
			<row2>	0.0000 0.0000 -1.0000 0.0000	</row2>
			<row3>	0.0000 0.7315 -6.3592 1.0000	</row3>
		</transform>
	</node>
	<node>
		<identifier>	MP_SM031_Night_lifebuoy	</identifier>
		<parent>	Scene Root	</parent>
		<transform>
			<row0>	-0.9631 0.1872 -0.1934 0.0000	</row0>
			<row1>	0.1842 0.9823 0.0336 0.0000	</row1>
			<row2>	0.1962 -0.0033 -0.9805 0.0000	</row2>
			<row3>	-0.3767 0.4440 -5.3368 1.0000	</row3>
		</transform>
	</node>
	<node>
		<identifier>	MP_SM031_Night_lifebuoy_INDEX_1	</identifier>
		<parent>	Scene Root	</parent>
		<transform>
			<row0>	0.9665 0.1687 -0.1934 0.0000	</row0>
			<row1>	-0.1653 0.9857 0.0336 0.0000	</row1>
			<row2>	0.1963 -0.0005 0.9805 0.0000	</row2>
			<row3>	0.3767 0.4440 -5.3368 1.0000	</row3>
		</transform>
	</node>
	<node>
		<identifier>	MP_SM043_Helice_name	</identifier>
		<parent>	Scene Root	</parent>
		<transform>
			<row0>	1.0000 0.0000 0.0000 0.0000	</row0>
			<row1>	0.0000 1.0000 0.0000 0.0000	</row1>
			<row2>	0.0000 0.0000 1.0000 0.0000	</row2>
			<row3>	0.0000 0.0000 0.0000 1.0000	</row3>
		</transform>
	</node>
</SSC001_Canarias_1943_Stern.skel_ext>
