<GSC018_Drezden_1916_Bow.skel_ext>
	<exported>	true	</exported>
	<node>
		<identifier>	MP_AM026_Break_Handwheel_1	</identifier>
		<parent>	Scene Root	</parent>
		<transform>
			<row0>	0.6000 0.0000 0.0000 0.0000	</row0>
			<row1>	0.0000 0.6000 0.0000 0.0000	</row1>
			<row2>	0.0000 0.0000 0.6000 0.0000	</row2>
			<row3>	-0.0353 0.3664 2.7504 1.0000	</row3>
		</transform>
	</node>
	<node>
		<identifier>	MP_GM042_52mm_SK_L55	</identifier>
		<parent>	Scene Root	</parent>
		<transform>
			<row0>	0.9984 0.0000 0.0573 0.0000	</row0>
			<row1>	0.0000 1.0000 0.0000 0.0000	</row1>
			<row2>	-0.0573 0.0000 0.9984 0.0000	</row2>
			<row3>	-0.1299 0.2752 3.2921 1.0000	</row3>
		</transform>
	</node>
	<node>
		<identifier>	MP_GM042_52mm_SK_L55_INDEX_1	</identifier>
		<parent>	Scene Root	</parent>
		<transform>
			<row0>	1.0000 0.0000 0.0000 0.0000	</row0>
			<row1>	0.0000 1.0000 0.0000 0.0000	</row1>
			<row2>	0.0000 0.0000 1.0000 0.0000	</row2>
			<row3>	0.1333 0.2753 3.2921 1.0000	</row3>
		</transform>
	</node>
	<node>
		<identifier>	MP_GM950_Fairlead_1	</identifier>
		<parent>	Scene Root	</parent>
		<transform>
			<row0>	0.9806 0.0000 0.1960 0.0000	</row0>
			<row1>	0.0070 0.9994 -0.0348 0.0000	</row1>
			<row2>	-0.1959 0.0355 0.9800 0.0000	</row2>
			<row3>	0.1765 0.3759 3.2078 1.0000	</row3>
		</transform>
	</node>
	<node>
		<identifier>	MP_GM950_Fairlead_1_INDEX_1	</identifier>
		<parent>	Scene Root	</parent>
		<transform>
			<row0>	0.9806 0.0000 -0.1960 0.0000	</row0>
			<row1>	-0.0070 0.9994 -0.0348 0.0000	</row1>
			<row2>	0.1959 0.0355 0.9800 0.0000	</row2>
			<row3>	-0.1765 0.3759 3.2078 1.0000	</row3>
		</transform>
	</node>
	<node>
		<identifier>	MP_GM952_Bollard	</identifier>
		<parent>	Scene Root	</parent>
		<transform>
			<row0>	0.9913 -0.0023 0.1314 0.0000	</row0>
			<row1>	0.0070 0.9994 -0.0348 0.0000	</row1>
			<row2>	-0.1312 0.0354 0.9907 0.0000	</row2>
			<row3>	0.1966 0.3658 2.9550 1.0000	</row3>
		</transform>
	</node>
	<node>
		<identifier>	MP_GM952_Bollard_INDEX_1	</identifier>
		<parent>	Scene Root	</parent>
		<transform>
			<row0>	0.9913 0.0023 -0.1314 0.0000	</row0>
			<row1>	-0.0070 0.9994 -0.0348 0.0000	</row1>
			<row2>	0.1312 0.0354 0.9907 0.0000	</row2>
			<row3>	-0.1966 0.3658 2.9550 1.0000	</row3>
		</transform>
	</node>
</GSC018_Drezden_1916_Bow.skel_ext>
