<ASC301_Jacksonville_1952_MidBack_ports.visual>
	<skeleton>
		<node>
			<identifier>	Scene Root	</identifier>
			<transform>
				<row0>	1.0000 0.0000 0.0000 0.0000	</row0>
				<row1>	0.0000 1.0000 0.0000 0.0000	</row1>
				<row2>	0.0000 0.0000 1.0000 0.0000	</row2>
				<row3>	0.0000 0.0000 0.0000 1.0000	</row3>
			</transform>
			<node>
				<identifier>	MidBack_ports	</identifier>
				<transform>
					<row0>	1.0000 0.0000 0.0000 0.0000	</row0>
					<row1>	0.0000 1.0000 0.0000 0.0000	</row1>
					<row2>	0.0000 0.0000 1.0000 0.0000	</row2>
					<row3>	0.0000 0.0000 0.0000 1.0000	</row3>
				</transform>
				<node>
					<identifier>	HP_AD_1	</identifier>
					<transform>
						<row0>	0.0000 0.0000 -1.0000 0.0000	</row0>
						<row1>	0.0000 1.0000 0.0000 0.0000	</row1>
						<row2>	1.0000 0.0000 0.0000 0.0000	</row2>
						<row3>	-0.2740 1.0297 0.9730 1.0000	</row3>
					</transform>
				</node>
				<node>
					<identifier>	HP_AD_10	</identifier>
					<transform>
						<row0>	0.0000 0.0000 -1.0000 0.0000	</row0>
						<row1>	0.0000 1.0000 0.0000 0.0000	</row1>
						<row2>	1.0000 0.0000 0.0000 0.0000	</row2>
						<row3>	-0.2625 1.0063 -1.4646 1.0000	</row3>
					</transform>
				</node>
				<node>
					<identifier>	HP_AD_11	</identifier>
					<transform>
						<row0>	0.0000 0.0000 1.0000 0.0000	</row0>
						<row1>	0.0000 1.0000 0.0000 0.0000	</row1>
						<row2>	-1.0000 0.0000 0.0000 0.0000	</row2>
						<row3>	0.2625 1.0063 -1.4646 1.0000	</row3>
					</transform>
				</node>
				<node>
					<identifier>	HP_AD_12	</identifier>
					<transform>
						<row0>	-1.0000 0.0000 0.0000 0.0000	</row0>
						<row1>	0.0000 1.0000 0.0000 0.0000	</row1>
						<row2>	0.0000 0.0000 -1.0000 0.0000	</row2>
						<row3>	0.0000 1.1116 -2.2363 1.0000	</row3>
					</transform>
				</node>
				<node>
					<identifier>	HP_AD_13	</identifier>
					<transform>
						<row0>	-1.0000 0.0000 0.0000 0.0000	</row0>
						<row1>	0.0000 1.0000 0.0000 0.0000	</row1>
						<row2>	0.0000 0.0000 -1.0000 0.0000	</row2>
						<row3>	0.0000 0.8945 -2.5205 1.0000	</row3>
					</transform>
				</node>
				<node>
					<identifier>	HP_AD_2	</identifier>
					<transform>
						<row0>	0.0000 0.0000 1.0000 0.0000	</row0>
						<row1>	0.0000 1.0000 0.0000 0.0000	</row1>
						<row2>	-1.0000 0.0000 0.0000 0.0000	</row2>
						<row3>	0.2740 1.0297 0.9730 1.0000	</row3>
					</transform>
				</node>
				<node>
					<identifier>	HP_AD_3	</identifier>
					<transform>
						<row0>	1.0000 0.0000 0.0000 0.0000	</row0>
						<row1>	0.0000 1.0000 0.0000 0.0000	</row1>
						<row2>	0.0000 0.0000 1.0000 0.0000	</row2>
						<row3>	0.0000 1.4371 0.8933 1.0000	</row3>
					</transform>
				</node>
				<node>
					<identifier>	HP_AD_4	</identifier>
					<transform>
						<row0>	1.0000 0.0000 0.0000 0.0000	</row0>
						<row1>	0.0000 1.0000 0.0000 0.0000	</row1>
						<row2>	0.0000 0.0000 1.0000 0.0000	</row2>
						<row3>	-0.3719 0.8527 0.4050 1.0000	</row3>
					</transform>
				</node>
				<node>
					<identifier>	HP_AD_5	</identifier>
					<transform>
						<row0>	1.0000 0.0000 0.0000 0.0000	</row0>
						<row1>	0.0000 1.0000 0.0000 0.0000	</row1>
						<row2>	0.0000 0.0000 1.0000 0.0000	</row2>
						<row3>	0.3719 0.8527 0.4050 1.0000	</row3>
					</transform>
				</node>
				<node>
					<identifier>	HP_AD_6	</identifier>
					<transform>
						<row0>	0.0000 0.0000 1.0000 0.0000	</row0>
						<row1>	0.0000 1.0000 0.0000 0.0000	</row1>
						<row2>	-1.0000 0.0000 0.0000 0.0000	</row2>
						<row3>	-0.4756 0.8959 -0.6100 1.0000	</row3>
					</transform>
				</node>
				<node>
					<identifier>	HP_AD_7	</identifier>
					<transform>
						<row0>	0.0000 0.0000 -1.0000 0.0000	</row0>
						<row1>	0.0000 1.0000 0.0000 0.0000	</row1>
						<row2>	1.0000 0.0000 0.0000 0.0000	</row2>
						<row3>	0.4756 0.8959 -0.6100 1.0000	</row3>
					</transform>
				</node>
				<node>
					<identifier>	HP_AD_8	</identifier>
					<transform>
						<row0>	-1.0000 0.0000 0.0000 0.0000	</row0>
						<row1>	0.0000 1.0000 0.0000 0.0000	</row1>
						<row2>	0.0000 0.0000 -1.0000 0.0000	</row2>
						<row3>	-0.1656 1.2126 -1.4621 1.0000	</row3>
					</transform>
				</node>
				<node>
					<identifier>	HP_AD_9	</identifier>
					<transform>
						<row0>	-1.0000 0.0000 0.0000 0.0000	</row0>
						<row1>	0.0000 1.0000 0.0000 0.0000	</row1>
						<row2>	0.0000 0.0000 -1.0000 0.0000	</row2>
						<row3>	0.1656 1.2126 -1.4621 1.0000	</row3>
					</transform>
				</node>
				<node>
					<identifier>	HP_AGA_1	</identifier>
					<transform>
						<row0>	0.7071 0.0000 0.7071 0.0000	</row0>
						<row1>	0.0000 1.0000 0.0000 0.0000	</row1>
						<row2>	-0.7071 0.0000 0.7071 0.0000	</row2>
						<row3>	-0.5080 0.3807 1.3807 1.0000	</row3>
					</transform>
				</node>
				<node>
					<identifier>	HP_AGA_10	</identifier>
					<transform>
						<row0>	-0.3420 0.0000 -0.9397 0.0000	</row0>
						<row1>	0.0000 1.0000 0.0000 0.0000	</row1>
						<row2>	0.9397 0.0000 -0.3420 0.0000	</row2>
						<row3>	0.4937 0.7070 -0.9758 1.0000	</row3>
					</transform>
				</node>
				<node>
					<identifier>	HP_AGA_11	</identifier>
					<transform>
						<row0>	-0.2588 0.0000 0.9659 0.0000	</row0>
						<row1>	0.0000 1.0000 0.0000 0.0000	</row1>
						<row2>	-0.9659 0.0000 -0.2588 0.0000	</row2>
						<row3>	-0.5631 0.5547 -1.4640 1.0000	</row3>
					</transform>
				</node>
				<node>
					<identifier>	HP_AGA_12	</identifier>
					<transform>
						<row0>	-0.3420 0.0000 -0.9397 0.0000	</row0>
						<row1>	0.0000 1.0000 0.0000 0.0000	</row1>
						<row2>	0.9397 0.0000 -0.3420 0.0000	</row2>
						<row3>	0.5631 0.5547 -1.4640 1.0000	</row3>
					</transform>
				</node>
				<node>
					<identifier>	HP_AGA_13	</identifier>
					<transform>
						<row0>	-0.5000 0.0000 0.8660 0.0000	</row0>
						<row1>	0.0000 1.0000 0.0000 0.0000	</row1>
						<row2>	-0.8660 0.0000 -0.5000 0.0000	</row2>
						<row3>	-0.4069 0.5547 -2.0319 1.0000	</row3>
					</transform>
				</node>
				<node>
					<identifier>	HP_AGA_14	</identifier>
					<transform>
						<row0>	-0.5000 0.0000 -0.8660 0.0000	</row0>
						<row1>	0.0000 1.0000 0.0000 0.0000	</row1>
						<row2>	0.8660 0.0000 -0.5000 0.0000	</row2>
						<row3>	0.4069 0.5547 -2.0319 1.0000	</row3>
					</transform>
				</node>
				<node>
					<identifier>	HP_AGA_15	</identifier>
					<transform>
						<row0>	-0.7071 0.0000 0.7071 0.0000	</row0>
						<row1>	0.0000 1.0000 0.0000 0.0000	</row1>
						<row2>	-0.7071 0.0000 -0.7071 0.0000	</row2>
						<row3>	-0.5413 0.3812 -2.6014 1.0000	</row3>
					</transform>
				</node>
				<node>
					<identifier>	HP_AGA_16	</identifier>
					<transform>
						<row0>	-0.8192 0.0000 -0.5736 0.0000	</row0>
						<row1>	0.0000 1.0000 0.0000 0.0000	</row1>
						<row2>	0.5736 0.0000 -0.8192 0.0000	</row2>
						<row3>	0.5413 0.3812 -2.6014 1.0000	</row3>
					</transform>
				</node>
				<node>
					<identifier>	HP_AGA_2	</identifier>
					<transform>
						<row0>	0.7071 0.0000 -0.7071 0.0000	</row0>
						<row1>	0.0000 1.0000 0.0000 0.0000	</row1>
						<row2>	0.7071 0.0000 0.7071 0.0000	</row2>
						<row3>	0.5080 0.3807 1.3807 1.0000	</row3>
					</transform>
				</node>
				<node>
					<identifier>	HP_AGA_3	</identifier>
					<transform>
						<row0>	0.2588 0.0000 0.9659 0.0000	</row0>
						<row1>	0.0000 1.0000 0.0000 0.0000	</row1>
						<row2>	-0.9659 0.0000 0.2588 0.0000	</row2>
						<row3>	-0.4069 0.5547 0.8118 1.0000	</row3>
					</transform>
				</node>
				<node>
					<identifier>	HP_AGA_4	</identifier>
					<transform>
						<row0>	0.2588 0.0000 -0.9659 0.0000	</row0>
						<row1>	0.0000 1.0000 0.0000 0.0000	</row1>
						<row2>	0.9659 0.0000 0.2588 0.0000	</row2>
						<row3>	0.4069 0.5547 0.8118 1.0000	</row3>
					</transform>
				</node>
				<node>
					<identifier>	HP_AGA_5	</identifier>
					<transform>
						<row0>	0.2588 0.0000 0.9659 0.0000	</row0>
						<row1>	0.0000 1.0000 0.0000 0.0000	</row1>
						<row2>	-0.9659 0.0000 0.2588 0.0000	</row2>
						<row3>	-0.5533 0.5547 0.2425 1.0000	</row3>
					</transform>
				</node>
				<node>
					<identifier>	HP_AGA_6	</identifier>
					<transform>
						<row0>	0.3420 0.0000 -0.9397 0.0000	</row0>
						<row1>	0.0000 1.0000 0.0000 0.0000	</row1>
						<row2>	0.9397 0.0000 0.3420 0.0000	</row2>
						<row3>	0.5533 0.5547 0.2425 1.0000	</row3>
					</transform>
				</node>
				<node>
					<identifier>	HP_AGA_7	</identifier>
					<transform>
						<row0>	0.2588 0.0000 0.9659 0.0000	</row0>
						<row1>	0.0000 1.0000 0.0000 0.0000	</row1>
						<row2>	-0.9659 0.0000 0.2588 0.0000	</row2>
						<row3>	-0.4937 0.7070 -0.2443 1.0000	</row3>
					</transform>
				</node>
				<node>
					<identifier>	HP_AGA_8	</identifier>
					<transform>
						<row0>	0.3420 0.0000 -0.9397 0.0000	</row0>
						<row1>	0.0000 1.0000 0.0000 0.0000	</row1>
						<row2>	0.9397 0.0000 0.3420 0.0000	</row2>
						<row3>	0.4937 0.7070 -0.2443 1.0000	</row3>
					</transform>
				</node>
				<node>
					<identifier>	HP_AGA_9	</identifier>
					<transform>
						<row0>	-0.2588 0.0000 0.9659 0.0000	</row0>
						<row1>	0.0000 1.0000 0.0000 0.0000	</row1>
						<row2>	-0.9659 0.0000 -0.2588 0.0000	</row2>
						<row3>	-0.4937 0.7070 -0.9758 1.0000	</row3>
					</transform>
				</node>
				<node>
					<identifier>	HP_AGM_3	</identifier>
					<transform>
						<row0>	1.0000 0.0000 0.0000 0.0000	</row0>
						<row1>	0.0000 1.0000 0.0000 0.0000	</row1>
						<row2>	0.0000 0.0000 1.0000 0.0000	</row2>
						<row3>	0.0000 0.5888 2.1114 1.0000	</row3>
					</transform>
				</node>
				<node>
					<identifier>	HP_AGM_4	</identifier>
					<transform>
						<row0>	-1.0000 0.0000 0.0000 0.0000	</row0>
						<row1>	0.0000 1.0000 0.0000 0.0000	</row1>
						<row2>	0.0000 0.0000 -1.0000 0.0000	</row2>
						<row3>	0.0000 0.5888 -3.2800 1.0000	</row3>
					</transform>
				</node>
				<node>
					<identifier>	HP_AGM_5	</identifier>
					<transform>
						<row0>	-1.0000 0.0000 0.0000 0.0000	</row0>
						<row1>	0.0000 1.0000 0.0000 0.0000	</row1>
						<row2>	0.0000 0.0000 -1.0000 0.0000	</row2>
						<row3>	0.0000 0.4184 -4.2922 1.0000	</row3>
					</transform>
				</node>
				<node>
					<identifier>	HP_ARS_1	</identifier>
					<transform>
						<row0>	1.0000 0.0000 0.0000 0.0000	</row0>
						<row1>	0.0000 1.0000 0.0000 0.0000	</row1>
						<row2>	0.0000 0.0000 1.0000 0.0000	</row2>
						<row3>	0.0000 0.7866 1.6233 1.0000	</row3>
					</transform>
				</node>
				<node>
					<identifier>	HP_ARS_2	</identifier>
					<transform>
						<row0>	1.0000 0.0000 0.0000 0.0000	</row0>
						<row1>	0.0000 1.0000 0.0000 0.0000	</row1>
						<row2>	0.0000 0.0000 1.0000 0.0000	</row2>
						<row3>	0.0000 2.1476 0.4557 1.0000	</row3>
					</transform>
				</node>
				<node>
					<identifier>	HP_ARS_3	</identifier>
					<transform>
						<row0>	0.0000 0.0000 1.0000 0.0000	</row0>
						<row1>	0.0000 1.0000 0.0000 0.0000	</row1>
						<row2>	-1.0000 0.0000 0.0000 0.0000	</row2>
						<row3>	0.0000 2.5406 -1.3115 1.0000	</row3>
					</transform>
				</node>
				<node>
					<identifier>	HP_ARS_4	</identifier>
					<transform>
						<row0>	1.0000 0.0000 0.0000 0.0000	</row0>
						<row1>	0.0000 1.0000 0.0000 0.0000	</row1>
						<row2>	0.0000 0.0000 1.0000 0.0000	</row2>
						<row3>	0.0000 1.5063 -1.3481 1.0000	</row3>
					</transform>
				</node>
				<node>
					<identifier>	HP_ARS_5	</identifier>
					<transform>
						<row0>	1.0000 0.0000 0.0000 0.0000	</row0>
						<row1>	0.0000 1.0000 0.0000 0.0000	</row1>
						<row2>	0.0000 0.0000 1.0000 0.0000	</row2>
						<row3>	0.0000 2.1870 -1.5572 1.0000	</row3>
					</transform>
				</node>
				<node>
					<identifier>	HP_ARS_6	</identifier>
					<transform>
						<row0>	-1.0000 0.0000 0.0000 0.0000	</row0>
						<row1>	0.0000 1.0000 0.0000 0.0000	</row1>
						<row2>	0.0000 0.0000 -1.0000 0.0000	</row2>
						<row3>	0.0000 1.3977 -1.8117 1.0000	</row3>
					</transform>
				</node>
				<node>
					<identifier>	HP_FX_Death_2	</identifier>
					<transform>
						<row0>	1.0000 0.0000 0.0000 0.0000	</row0>
						<row1>	0.0000 1.0000 0.0000 0.0000	</row1>
						<row2>	0.0000 0.0000 1.0000 0.0000	</row2>
						<row3>	0.0000 0.0000 -0.6366 1.0000	</row3>
					</transform>
				</node>
				<node>
					<identifier>	HP_FX_Fire_2	</identifier>
					<transform>
						<row0>	1.0000 0.0000 0.0000 0.0000	</row0>
						<row1>	0.0000 1.0000 0.0000 0.0000	</row1>
						<row2>	0.0000 0.0000 1.0000 0.0000	</row2>
						<row3>	0.0000 1.1244 1.1967 1.0000	</row3>
					</transform>
				</node>
				<node>
					<identifier>	HP_FX_Fire_2_side_2	</identifier>
					<transform>
						<row0>	1.0000 0.0000 0.0000 0.0000	</row0>
						<row1>	0.0000 1.0000 0.0000 0.0000	</row1>
						<row2>	0.0000 0.0000 1.0000 0.0000	</row2>
						<row3>	0.5445 0.3918 1.9986 1.0000	</row3>
					</transform>
				</node>
				<node>
					<identifier>	HP_FX_Fire_2_side_3	</identifier>
					<transform>
						<row0>	1.0000 0.0000 0.0000 0.0000	</row0>
						<row1>	0.0000 1.0000 0.0000 0.0000	</row1>
						<row2>	0.0000 0.0000 1.0000 0.0000	</row2>
						<row3>	-0.6314 0.5612 0.5728 1.0000	</row3>
					</transform>
				</node>
				<node>
					<identifier>	HP_FX_Fire_3	</identifier>
					<transform>
						<row0>	1.0000 0.0000 0.0000 0.0000	</row0>
						<row1>	0.0000 1.0000 0.0000 0.0000	</row1>
						<row2>	0.0000 0.0000 1.0000 0.0000	</row2>
						<row3>	0.0000 0.9959 -1.6721 1.0000	</row3>
					</transform>
				</node>
				<node>
					<identifier>	HP_FX_Fire_3_side_1	</identifier>
					<transform>
						<row0>	1.0000 0.0000 0.0000 0.0000	</row0>
						<row1>	0.0000 1.0000 0.0000 0.0000	</row1>
						<row2>	0.0000 0.0000 1.0000 0.0000	</row2>
						<row3>	0.6533 0.5694 -1.7490 1.0000	</row3>
					</transform>
				</node>
				<node>
					<identifier>	HP_FX_Fire_3_side_2	</identifier>
					<transform>
						<row0>	1.0000 0.0000 0.0000 0.0000	</row0>
						<row1>	0.0000 1.0000 0.0000 0.0000	</row1>
						<row2>	0.0000 0.0000 1.0000 0.0000	</row2>
						<row3>	-0.4986 0.3909 -3.7188 1.0000	</row3>
					</transform>
				</node>
				<node>
					<identifier>	HP_FX_FloodLight_left_1	</identifier>
					<transform>
						<row0>	-1.0000 0.0000 0.0000 0.0000	</row0>
						<row1>	0.0000 1.0000 0.0000 0.0000	</row1>
						<row2>	0.0000 0.0000 -1.0000 0.0000	</row2>
						<row3>	-0.4509 0.5251 2.0657 1.0000	</row3>
					</transform>
				</node>
				<node>
					<identifier>	HP_FX_FloodLight_left_2	</identifier>
					<transform>
						<row0>	-1.0000 0.0000 0.0000 0.0000	</row0>
						<row1>	0.0000 1.0000 0.0000 0.0000	</row1>
						<row2>	0.0000 0.0000 -1.0000 0.0000	</row2>
						<row3>	-0.1876 0.7710 -1.8315 1.0000	</row3>
					</transform>
				</node>
				<node>
					<identifier>	HP_FX_FloodLight_right_1	</identifier>
					<transform>
						<row0>	1.0000 0.0000 0.0000 0.0000	</row0>
						<row1>	0.0000 1.0000 0.0000 0.0000	</row1>
						<row2>	0.0000 0.0000 1.0000 0.0000	</row2>
						<row3>	0.1859 0.7707 -1.8313 1.0000	</row3>
					</transform>
				</node>
				<node>
					<identifier>	HP_FX_FloodLight_right_2	</identifier>
					<transform>
						<row0>	1.0000 0.0000 0.0000 0.0000	</row0>
						<row1>	0.0000 1.0000 0.0000 0.0000	</row1>
						<row2>	0.0000 0.0000 1.0000 0.0000	</row2>
						<row3>	0.4531 0.5269 2.0648 1.0000	</row3>
					</transform>
				</node>
				<node>
					<identifier>	HP_FX_Flood_steam_1	</identifier>
					<transform>
						<row0>	1.0000 0.0000 0.0000 0.0000	</row0>
						<row1>	0.0000 0.9018 -0.4322 0.0000	</row1>
						<row2>	0.0000 0.4322 0.9018 0.0000	</row2>
						<row3>	-0.0680 1.3690 -0.1760 1.0000	</row3>
					</transform>
				</node>
				<node>
					<identifier>	HP_FX_Flood_steam_2	</identifier>
					<transform>
						<row0>	1.0000 0.0000 0.0000 0.0000	</row0>
						<row1>	0.0000 0.9018 -0.4322 0.0000	</row1>
						<row2>	0.0000 0.4322 0.9018 0.0000	</row2>
						<row3>	0.0700 1.3230 -1.1420 1.0000	</row3>
					</transform>
				</node>
				<node>
					<identifier>	HP_FX_Flood_steam_exhaust_1	</identifier>
					<transform>
						<row0>	1.0000 0.0000 0.0000 0.0000	</row0>
						<row1>	0.0000 0.9785 -0.2062 0.0000	</row1>
						<row2>	0.0000 0.2062 0.9785 0.0000	</row2>
						<row3>	-0.0015 1.4616 -0.9499 1.0000	</row3>
					</transform>
				</node>
				<node>
					<identifier>	HP_FX_Flood_steam_left	</identifier>
					<transform>
						<row0>	-1.0000 0.0000 0.0000 0.0000	</row0>
						<row1>	0.0000 1.0000 0.0000 0.0000	</row1>
						<row2>	0.0000 0.0000 -1.0000 0.0000	</row2>
						<row3>	-0.4436 0.4858 1.9126 1.0000	</row3>
					</transform>
				</node>
				<node>
					<identifier>	HP_FX_Flood_steam_right	</identifier>
					<transform>
						<row0>	1.0000 0.0000 0.0000 0.0000	</row0>
						<row1>	0.0000 1.0000 0.0000 0.0000	</row1>
						<row2>	0.0000 0.0000 1.0000 0.0000	</row2>
						<row3>	0.4749 0.5032 -3.1390 1.0000	</row3>
					</transform>
				</node>
				<node>
					<identifier>	HP_FX_Flood_water_left	</identifier>
					<transform>
						<row0>	-1.0000 0.0000 -0.0075 0.0000	</row0>
						<row1>	0.0000 1.0000 0.0000 0.0000	</row1>
						<row2>	0.0075 0.0000 -1.0000 0.0000	</row2>
						<row3>	-0.7622 0.0310 -3.2798 1.0000	</row3>
					</transform>
				</node>
				<node>
					<identifier>	HP_FX_Flood_water_left_2	</identifier>
					<transform>
						<row0>	-1.0000 0.0000 0.0000 0.0000	</row0>
						<row1>	0.0000 1.0000 0.0000 0.0000	</row1>
						<row2>	0.0000 0.0000 -1.0000 0.0000	</row2>
						<row3>	-0.7803 0.1267 -0.0931 1.0000	</row3>
					</transform>
				</node>
				<node>
					<identifier>	HP_FX_Flood_water_right	</identifier>
					<transform>
						<row0>	1.0000 0.0000 0.0000 0.0000	</row0>
						<row1>	0.0000 1.0000 0.0000 0.0000	</row1>
						<row2>	0.0000 0.0000 1.0000 0.0000	</row2>
						<row3>	0.7423 0.0318 -3.8415 1.0000	</row3>
					</transform>
				</node>
				<node>
					<identifier>	HP_FX_Flood_water_right_2	</identifier>
					<transform>
						<row0>	0.9996 0.0000 0.0278 0.0000	</row0>
						<row1>	0.0000 1.0000 0.0000 0.0000	</row1>
						<row2>	-0.0278 0.0000 0.9996 0.0000	</row2>
						<row3>	0.7547 0.1192 0.9602 1.0000	</row3>
					</transform>
				</node>
				<node>
					<identifier>	HP_FX_Rage_beam_1	</identifier>
					<transform>
						<row0>	0.0000 -0.0014 1.0000 0.0000	</row0>
						<row1>	0.0205 0.9998 0.0014 0.0000	</row1>
						<row2>	-0.9998 0.0205 0.0000 0.0000	</row2>
						<row3>	-0.1240 1.3110 0.4870 1.0000	</row3>
					</transform>
				</node>
				<node>
					<identifier>	HP_FX_Rage_beam_2	</identifier>
					<transform>
						<row0>	0.0000 -0.0014 1.0000 0.0000	</row0>
						<row1>	0.0205 0.9998 0.0014 0.0000	</row1>
						<row2>	-0.9998 0.0205 0.0000 0.0000	</row2>
						<row3>	-0.3140 0.9750 0.7710 1.0000	</row3>
					</transform>
				</node>
				<node>
					<identifier>	HP_FX_Rage_beam_3	</identifier>
					<transform>
						<row0>	0.0000 -0.0015 1.0000 0.0000	</row0>
						<row1>	0.0205 0.9998 0.0015 0.0000	</row1>
						<row2>	-0.9998 0.0205 0.0000 0.0000	</row2>
						<row3>	-0.2000 1.1260 -0.9330 1.0000	</row3>
					</transform>
				</node>
				<node>
					<identifier>	HP_FX_Rage_beam_4	</identifier>
					<transform>
						<row0>	0.0000 -0.0014 1.0000 0.0000	</row0>
						<row1>	0.0205 0.9998 0.0014 0.0000	</row1>
						<row2>	-0.9998 0.0205 0.0000 0.0000	</row2>
						<row3>	-0.3120 1.1190 -1.7890 1.0000	</row3>
					</transform>
				</node>
				<node>
					<identifier>	HP_FX_Rage_beam_5	</identifier>
					<transform>
						<row0>	0.0000 -0.0015 -1.0000 0.0000	</row0>
						<row1>	-0.0205 0.9998 -0.0015 0.0000	</row1>
						<row2>	0.9998 0.0205 0.0000 0.0000	</row2>
						<row3>	0.1230 1.3110 0.4870 1.0000	</row3>
					</transform>
				</node>
				<node>
					<identifier>	HP_FX_Rage_beam_6	</identifier>
					<transform>
						<row0>	0.0000 -0.0014 -1.0000 0.0000	</row0>
						<row1>	-0.0205 0.9998 -0.0014 0.0000	</row1>
						<row2>	0.9998 0.0205 0.0000 0.0000	</row2>
						<row3>	0.3139 0.9750 0.7710 1.0000	</row3>
					</transform>
				</node>
				<node>
					<identifier>	HP_FX_Rage_beam_7	</identifier>
					<transform>
						<row0>	0.0000 -0.0015 -1.0000 0.0000	</row0>
						<row1>	-0.0205 0.9998 -0.0015 0.0000	</row1>
						<row2>	0.9998 0.0205 0.0000 0.0000	</row2>
						<row3>	0.1997 1.1260 -0.9328 1.0000	</row3>
					</transform>
				</node>
				<node>
					<identifier>	HP_FX_Rage_beam_8	</identifier>
					<transform>
						<row0>	0.0000 -0.0014 -1.0000 0.0000	</row0>
						<row1>	-0.0205 0.9998 -0.0014 0.0000	</row1>
						<row2>	0.9998 0.0205 0.0000 0.0000	</row2>
						<row3>	0.3119 1.1190 -1.7890 1.0000	</row3>
					</transform>
				</node>
				<node>
					<identifier>	HP_FX_RepairLight_left_2	</identifier>
					<transform>
						<row0>	-0.0214 0.0000 0.9998 0.0000	</row0>
						<row1>	0.0000 1.0000 0.0000 0.0000	</row1>
						<row2>	-0.9998 0.0000 -0.0214 0.0000	</row2>
						<row3>	-0.7403 0.3870 -3.7654 1.0000	</row3>
					</transform>
				</node>
				<node>
					<identifier>	HP_FX_RepairLight_right_1	</identifier>
					<transform>
						<row0>	-0.0240 0.0000 -0.9997 0.0000	</row0>
						<row1>	0.0000 1.0000 0.0000 0.0000	</row1>
						<row2>	0.9997 0.0000 -0.0240 0.0000	</row2>
						<row3>	0.7511 0.4385 -2.5231 1.0000	</row3>
					</transform>
				</node>
				<node>
					<identifier>	HP_FX_RepairLight_right_2	</identifier>
					<transform>
						<row0>	0.0451 0.0000 -0.9990 0.0000	</row0>
						<row1>	0.0000 1.0000 0.0000 0.0000	</row1>
						<row2>	0.9990 0.0000 0.0451 0.0000	</row2>
						<row3>	0.7168 0.3898 2.0757 1.0000	</row3>
					</transform>
				</node>
				<node>
					<identifier>	HP_FX_Smoke_1	</identifier>
					<transform>
						<row0>	1.0000 0.0000 0.0000 0.0000	</row0>
						<row1>	0.0000 0.9886 -0.1502 0.0000	</row1>
						<row2>	0.0000 0.1502 0.9886 0.0000	</row2>
						<row3>	0.0000 1.4892 0.0187 1.0000	</row3>
					</transform>
				</node>
				<node>
					<identifier>	HP_FX_Smoke_2	</identifier>
					<transform>
						<row0>	1.0000 0.0000 0.0000 0.0000	</row0>
						<row1>	0.0000 0.9694 -0.2453 0.0000	</row1>
						<row2>	0.0000 0.2453 0.9694 0.0000	</row2>
						<row3>	0.0000 1.4370 -0.9535 1.0000	</row3>
					</transform>
				</node>
				<node>
					<identifier>	HP_Flagpole	</identifier>
					<transform>
						<row0>	0.4577 0.0000 0.0000 0.0000	</row0>
						<row1>	0.0000 0.4577 0.0000 0.0000	</row1>
						<row2>	0.0000 0.0000 0.4577 0.0000	</row2>
						<row3>	0.0000 2.1696 0.0651 1.0000	</row3>
					</transform>
				</node>
				<node>
					<identifier>	HP_flag_1	</identifier>
					<transform>
						<row0>	0.9992 0.0394 0.0054 0.0000	</row0>
						<row1>	-0.0394 0.9618 0.2709 0.0000	</row1>
						<row2>	0.0054 -0.2709 0.9626 0.0000	</row2>
						<row3>	0.2569 1.8643 0.3886 1.0000	</row3>
					</transform>
				</node>
				<node>
					<identifier>	HP_flag_2	</identifier>
					<transform>
						<row0>	0.9992 -0.0394 -0.0054 0.0000	</row0>
						<row1>	0.0394 0.9618 0.2709 0.0000	</row1>
						<row2>	-0.0054 -0.2709 0.9626 0.0000	</row2>
						<row3>	-0.2569 1.8643 0.3886 1.0000	</row3>
					</transform>
				</node>
				<node>
					<identifier>	HP_flag_3	</identifier>
					<transform>
						<row0>	0.9962 0.0862 0.0125 0.0000	</row0>
						<row1>	-0.0862 0.9548 0.2844 0.0000	</row1>
						<row2>	0.0125 -0.2844 0.9586 0.0000	</row2>
						<row3>	0.1749 1.8647 0.3880 1.0000	</row3>
					</transform>
				</node>
				<node>
					<identifier>	HP_flag_4	</identifier>
					<transform>
						<row0>	0.9962 -0.0862 -0.0125 0.0000	</row0>
						<row1>	0.0862 0.9548 0.2844 0.0000	</row1>
						<row2>	-0.0125 -0.2844 0.9586 0.0000	</row2>
						<row3>	-0.1749 1.8647 0.3880 1.0000	</row3>
					</transform>
				</node>
				<node>
					<identifier>	HP_flag_courtesy	</identifier>
					<transform>
						<row0>	1.0000 -0.0080 -0.0010 0.0000	</row0>
						<row1>	0.0080 0.9665 0.2565 0.0000	</row1>
						<row2>	-0.0010 -0.2565 0.9665 0.0000	</row2>
						<row3>	0.3399 1.8641 0.3892 1.0000	</row3>
					</transform>
				</node>
				<node>
					<identifier>	HP_flag_house	</identifier>
					<transform>
						<row0>	1.0000 0.0080 0.0010 0.0000	</row0>
						<row1>	-0.0080 0.9665 0.2565 0.0000	</row1>
						<row2>	0.0010 -0.2565 0.9665 0.0000	</row2>
						<row3>	-0.3411 1.8641 0.3892 1.0000	</row3>
					</transform>
				</node>
				<node>
					<identifier>	HP_flag_nation	</identifier>
					<transform>
						<row0>	0.9903 -0.1388 0.0081 0.0000	</row0>
						<row1>	0.1388 0.9835 -0.1161 0.0000	</row1>
						<row2>	0.0081 0.1161 0.9932 0.0000	</row2>
						<row3>	-0.0016 2.1717 -1.7937 1.0000	</row3>
					</transform>
				</node>
				<node>
					<identifier>	HP_flag_rank	</identifier>
					<transform>
						<row0>	0.9903 -0.1388 0.0081 0.0000	</row0>
						<row1>	0.1388 0.9835 -0.1161 0.0000	</row1>
						<row2>	0.0081 0.1161 0.9932 0.0000	</row2>
						<row3>	-0.0337 1.9440 -1.7669 1.0000	</row3>
					</transform>
				</node>
				<node>
					<identifier>	MP_AM010_Speaker_1	</identifier>
					<transform>
						<row0>	1.0000 0.0000 0.0000 0.0000	</row0>
						<row1>	0.0000 1.0000 0.0000 0.0000	</row1>
						<row2>	0.0000 0.0000 1.0000 0.0000	</row2>
						<row3>	0.0000 0.7976 -2.6379 1.0000	</row3>
					</transform>
				</node>
				<node>
					<identifier>	MP_AM010_Speaker_1_INDEX_1	</identifier>
					<transform>
						<row0>	-0.8309 0.0000 -0.5565 0.0000	</row0>
						<row1>	0.0006 1.0000 -0.0008 0.0000	</row1>
						<row2>	0.5565 -0.0010 -0.8309 0.0000	</row2>
						<row3>	-0.5394 0.8653 -0.5142 1.0000	</row3>
					</transform>
				</node>
				<node>
					<identifier>	MP_AM010_Speaker_1_INDEX_2	</identifier>
					<transform>
						<row0>	0.8309 0.0031 0.5565 0.0000	</row0>
						<row1>	-0.0031 1.0000 -0.0009 0.0000	</row1>
						<row2>	-0.5565 -0.0010 0.8309 0.0000	</row2>
						<row3>	0.5395 0.8653 -0.7059 1.0000	</row3>
					</transform>
				</node>
				<node>
					<identifier>	MP_AM010_Speaker_1_INDEX_3	</identifier>
					<transform>
						<row0>	-1.0000 0.0000 0.0000 0.0000	</row0>
						<row1>	0.0000 1.0000 0.0000 0.0000	</row1>
						<row2>	0.0000 0.0000 -1.0000 0.0000	</row2>
						<row3>	0.0000 0.8437 1.3948 1.0000	</row3>
					</transform>
				</node>
				<node>
					<identifier>	MP_AM010_Speaker_1_INDEX_4	</identifier>
					<transform>
						<row0>	0.8309 -0.0031 -0.5565 0.0000	</row0>
						<row1>	0.0031 1.0000 -0.0009 0.0000	</row1>
						<row2>	0.5565 -0.0010 0.8309 0.0000	</row2>
						<row3>	-0.5395 0.8653 -0.7059 1.0000	</row3>
					</transform>
				</node>
				<node>
					<identifier>	MP_AM010_Speaker_1_INDEX_5	</identifier>
					<transform>
						<row0>	-1.0000 0.0000 0.0000 0.0000	</row0>
						<row1>	0.0000 1.0000 0.0000 0.0000	</row1>
						<row2>	0.0000 0.0000 -1.0000 0.0000	</row2>
						<row3>	0.0000 1.3376 1.0264 1.0000	</row3>
					</transform>
				</node>
				<node>
					<identifier>	MP_AM010_Speaker_1_INDEX_6	</identifier>
					<transform>
						<row0>	-0.8309 0.0000 0.5565 0.0000	</row0>
						<row1>	-0.0006 1.0000 -0.0008 0.0000	</row1>
						<row2>	-0.5565 -0.0010 -0.8309 0.0000	</row2>
						<row3>	0.5397 0.8652 -0.5144 1.0000	</row3>
					</transform>
				</node>
				<node>
					<identifier>	MP_AM025_Pelorus_Mk7	</identifier>
					<transform>
						<row0>	1.0000 0.0000 0.0000 0.0000	</row0>
						<row1>	0.0000 1.0000 0.0000 0.0000	</row1>
						<row2>	0.0000 0.0000 1.0000 0.0000	</row2>
						<row3>	-0.2648 1.0077 -1.6263 1.0000	</row3>
					</transform>
				</node>
				<node>
					<identifier>	MP_AM025_Pelorus_Mk7_INDEX_1	</identifier>
					<transform>
						<row0>	1.0000 0.0000 0.0000 0.0000	</row0>
						<row1>	0.0000 1.0000 0.0000 0.0000	</row1>
						<row2>	0.0000 0.0000 1.0000 0.0000	</row2>
						<row3>	-0.0886 1.1854 1.1882 1.0000	</row3>
					</transform>
				</node>
				<node>
					<identifier>	MP_AM025_Pelorus_Mk7_INDEX_2	</identifier>
					<transform>
						<row0>	1.0000 0.0000 0.0000 0.0000	</row0>
						<row1>	0.0000 1.0000 0.0000 0.0000	</row1>
						<row2>	0.0000 0.0000 1.0000 0.0000	</row2>
						<row3>	-0.2768 1.0309 0.8119 1.0000	</row3>
					</transform>
				</node>
				<node>
					<identifier>	MP_AM025_Pelorus_Mk7_INDEX_3	</identifier>
					<transform>
						<row0>	1.0000 0.0000 0.0000 0.0000	</row0>
						<row1>	0.0000 1.0000 0.0000 0.0000	</row1>
						<row2>	0.0000 0.0000 1.0000 0.0000	</row2>
						<row3>	0.0886 1.1854 1.1882 1.0000	</row3>
					</transform>
				</node>
				<node>
					<identifier>	MP_AM025_Pelorus_Mk7_INDEX_4	</identifier>
					<transform>
						<row0>	1.0000 0.0000 0.0000 0.0000	</row0>
						<row1>	0.0000 1.0000 0.0000 0.0000	</row1>
						<row2>	0.0000 0.0000 1.0000 0.0000	</row2>
						<row3>	-0.2657 0.8536 0.8918 1.0000	</row3>
					</transform>
				</node>
				<node>
					<identifier>	MP_AM025_Pelorus_Mk7_INDEX_5	</identifier>
					<transform>
						<row0>	1.0000 0.0000 0.0000 0.0000	</row0>
						<row1>	0.0000 1.0000 0.0000 0.0000	</row1>
						<row2>	0.0000 0.0000 1.0000 0.0000	</row2>
						<row3>	0.2648 1.0077 -1.6263 1.0000	</row3>
					</transform>
				</node>
				<node>
					<identifier>	MP_AM025_Pelorus_Mk7_INDEX_6	</identifier>
					<transform>
						<row0>	1.0000 0.0000 0.0000 0.0000	</row0>
						<row1>	0.0000 1.0000 0.0000 0.0000	</row1>
						<row2>	0.0000 0.0000 1.0000 0.0000	</row2>
						<row3>	0.2768 1.0309 0.8119 1.0000	</row3>
					</transform>
				</node>
				<node>
					<identifier>	MP_AM025_Pelorus_Mk7_INDEX_7	</identifier>
					<transform>
						<row0>	1.0000 0.0000 0.0000 0.0000	</row0>
						<row1>	0.0000 1.0000 0.0000 0.0000	</row1>
						<row2>	0.0000 0.0000 1.0000 0.0000	</row2>
						<row3>	0.2657 0.8536 0.8918 1.0000	</row3>
					</transform>
				</node>
				<node>
					<identifier>	MP_AM047_Running_Lights_R	</identifier>
					<transform>
						<row0>	1.0000 0.0000 0.0000 0.0000	</row0>
						<row1>	0.0000 1.0000 0.0000 0.0000	</row1>
						<row2>	0.0000 0.0000 1.0000 0.0000	</row2>
						<row3>	0.3040 0.8854 0.9728 1.0000	</row3>
					</transform>
				</node>
				<node>
					<identifier>	MP_AM048_Running_Lights_L	</identifier>
					<transform>
						<row0>	1.0000 0.0000 0.0000 0.0000	</row0>
						<row1>	0.0000 1.0000 0.0000 0.0000	</row1>
						<row2>	0.0000 0.0000 1.0000 0.0000	</row2>
						<row3>	-0.3040 0.8854 0.9728 1.0000	</row3>
					</transform>
				</node>
				<node>
					<identifier>	MP_AM049_Signal_Lamp_1	</identifier>
					<transform>
						<row0>	1.0000 0.0000 0.0000 0.0000	</row0>
						<row1>	0.0000 1.0000 0.0000 0.0000	</row1>
						<row2>	0.0000 0.0000 1.0000 0.0000	</row2>
						<row3>	0.4080 1.9246 0.4029 1.0000	</row3>
					</transform>
				</node>
				<node>
					<identifier>	MP_AM049_Signal_Lamp_1_INDEX_1	</identifier>
					<transform>
						<row0>	1.0000 0.0000 0.0000 0.0000	</row0>
						<row1>	0.0000 1.0000 0.0000 0.0000	</row1>
						<row2>	0.0000 0.0000 1.0000 0.0000	</row2>
						<row3>	-0.4080 1.9246 0.4029 1.0000	</row3>
					</transform>
				</node>
				<node>
					<identifier>	MP_AM049_Signal_Lamp_1_INDEX_2	</identifier>
					<transform>
						<row0>	1.0000 0.0000 0.0000 0.0000	</row0>
						<row1>	0.0000 1.0000 0.0000 0.0000	</row1>
						<row2>	0.0000 0.0000 1.0000 0.0000	</row2>
						<row3>	-0.0798 2.4266 0.2056 1.0000	</row3>
					</transform>
				</node>
				<node>
					<identifier>	MP_AM049_Signal_Lamp_1_INDEX_3	</identifier>
					<transform>
						<row0>	1.0000 0.0000 0.0000 0.0000	</row0>
						<row1>	0.0000 1.0000 0.0000 0.0000	</row1>
						<row2>	0.0000 0.0000 1.0000 0.0000	</row2>
						<row3>	0.0798 2.4266 0.2056 1.0000	</row3>
					</transform>
				</node>
				<node>
					<identifier>	MP_AM061_Sky_Lookout_1	</identifier>
					<transform>
						<row0>	0.0000 0.0000 1.0000 0.0000	</row0>
						<row1>	0.0000 1.0000 0.0000 0.0000	</row1>
						<row2>	-1.0000 0.0000 0.0000 0.0000	</row2>
						<row3>	-0.2742 1.0300 0.6496 1.0000	</row3>
					</transform>
				</node>
				<node>
					<identifier>	MP_AM061_Sky_Lookout_1_INDEX_1	</identifier>
					<transform>
						<row0>	0.0000 0.0000 1.0000 0.0000	</row0>
						<row1>	0.0000 1.0000 0.0000 0.0000	</row1>
						<row2>	-1.0000 0.0000 0.0000 0.0000	</row2>
						<row3>	-0.2510 1.0064 -1.9511 1.0000	</row3>
					</transform>
				</node>
				<node>
					<identifier>	MP_AM061_Sky_Lookout_1_INDEX_2	</identifier>
					<transform>
						<row0>	0.0000 0.0000 1.0000 0.0000	</row0>
						<row1>	0.0000 1.0000 0.0000 0.0000	</row1>
						<row2>	-1.0000 0.0000 0.0000 0.0000	</row2>
						<row3>	-0.1560 1.1839 1.1148 1.0000	</row3>
					</transform>
				</node>
				<node>
					<identifier>	MP_AM061_Sky_Lookout_1_INDEX_3	</identifier>
					<transform>
						<row0>	0.0000 0.0000 1.0000 0.0000	</row0>
						<row1>	0.0000 1.0000 0.0000 0.0000	</row1>
						<row2>	-1.0000 0.0000 0.0000 0.0000	</row2>
						<row3>	-0.2625 1.0064 -1.3008 1.0000	</row3>
					</transform>
				</node>
				<node>
					<identifier>	MP_AM061_Sky_Lookout_1_INDEX_4	</identifier>
					<transform>
						<row0>	0.0000 0.0000 -1.0000 0.0000	</row0>
						<row1>	0.0000 1.0000 0.0000 0.0000	</row1>
						<row2>	1.0000 0.0000 0.0000 0.0000	</row2>
						<row3>	0.2625 1.0064 -1.3008 1.0000	</row3>
					</transform>
				</node>
				<node>
					<identifier>	MP_AM061_Sky_Lookout_1_INDEX_5	</identifier>
					<transform>
						<row0>	0.0000 0.0000 1.0000 0.0000	</row0>
						<row1>	0.0000 1.0000 0.0000 0.0000	</row1>
						<row2>	-1.0000 0.0000 0.0000 0.0000	</row2>
						<row3>	-0.1909 1.1839 0.7303 1.0000	</row3>
					</transform>
				</node>
				<node>
					<identifier>	MP_AM061_Sky_Lookout_1_INDEX_6	</identifier>
					<transform>
						<row0>	0.0000 0.0000 -1.0000 0.0000	</row0>
						<row1>	0.0000 1.0000 0.0000 0.0000	</row1>
						<row2>	1.0000 0.0000 0.0000 0.0000	</row2>
						<row3>	0.2742 1.0300 0.6496 1.0000	</row3>
					</transform>
				</node>
				<node>
					<identifier>	MP_AM061_Sky_Lookout_1_INDEX_7	</identifier>
					<transform>
						<row0>	0.0000 0.0000 -1.0000 0.0000	</row0>
						<row1>	0.0000 1.0000 0.0000 0.0000	</row1>
						<row2>	1.0000 0.0000 0.0000 0.0000	</row2>
						<row3>	0.2510 1.0064 -1.9511 1.0000	</row3>
					</transform>
				</node>
				<node>
					<identifier>	MP_AM061_Sky_Lookout_1_INDEX_8	</identifier>
					<transform>
						<row0>	0.0000 0.0000 -1.0000 0.0000	</row0>
						<row1>	0.0000 1.0000 0.0000 0.0000	</row1>
						<row2>	1.0000 0.0000 0.0000 0.0000	</row2>
						<row3>	0.1909 1.1839 0.7303 1.0000	</row3>
					</transform>
				</node>
				<node>
					<identifier>	MP_AM061_Sky_Lookout_1_INDEX_9	</identifier>
					<transform>
						<row0>	0.0000 0.0000 -1.0000 0.0000	</row0>
						<row1>	0.0000 1.0000 0.0000 0.0000	</row1>
						<row2>	1.0000 0.0000 0.0000 0.0000	</row2>
						<row3>	0.1560 1.1839 1.1148 1.0000	</row3>
					</transform>
				</node>
				<node>
					<identifier>	MP_AM062_IFF_Antenna	</identifier>
					<transform>
						<row0>	0.5506 0.0000 0.0000 0.0000	</row0>
						<row1>	0.0000 0.5506 0.0000 0.0000	</row1>
						<row2>	0.0000 0.0000 0.5506 0.0000	</row2>
						<row3>	-0.3170 2.1518 -1.5339 1.0000	</row3>
					</transform>
				</node>
				<node>
					<identifier>	MP_AM062_IFF_Antenna_INDEX_1	</identifier>
					<transform>
						<row0>	0.6943 0.0000 0.0000 0.0000	</row0>
						<row1>	0.0000 0.6943 0.0000 0.0000	</row1>
						<row2>	0.0000 0.0000 0.6943 0.0000	</row2>
						<row3>	-0.1985 2.1406 0.2068 1.0000	</row3>
					</transform>
				</node>
				<node>
					<identifier>	MP_AM062_IFF_Antenna_INDEX_2	</identifier>
					<transform>
						<row0>	0.6943 0.0000 0.0000 0.0000	</row0>
						<row1>	0.0000 0.6943 0.0000 0.0000	</row1>
						<row2>	0.0000 0.0000 0.6943 0.0000	</row2>
						<row3>	0.1985 2.1406 0.2068 1.0000	</row3>
					</transform>
				</node>
				<node>
					<identifier>	MP_AM071_Signal_Lamp_2	</identifier>
					<transform>
						<row0>	1.0000 0.0000 0.0000 0.0000	</row0>
						<row1>	0.0000 1.0000 0.0000 0.0000	</row1>
						<row2>	0.0000 0.0000 1.0000 0.0000	</row2>
						<row3>	0.0000 2.0718 0.4771 1.0000	</row3>
					</transform>
				</node>
				<node>
					<identifier>	MP_AM077_Paravane	</identifier>
					<transform>
						<row0>	0.0000 -1.0000 0.0000 0.0000	</row0>
						<row1>	0.5541 0.0000 0.8324 0.0000	</row1>
						<row2>	-0.8324 0.0000 0.5541 0.0000	</row2>
						<row3>	0.1565 0.4533 2.3493 1.0000	</row3>
					</transform>
				</node>
				<node>
					<identifier>	MP_AM077_Paravane_INDEX_1	</identifier>
					<transform>
						<row0>	0.0000 1.0000 0.0000 0.0000	</row0>
						<row1>	-0.5541 0.0000 0.8324 0.0000	</row1>
						<row2>	0.8324 0.0000 0.5541 0.0000	</row2>
						<row3>	-0.1565 0.4533 2.3493 1.0000	</row3>
					</transform>
				</node>
				<node>
					<identifier>	MP_AM077_Paravane_INDEX_2	</identifier>
					<transform>
						<row0>	0.0000 1.0000 0.0000 0.0000	</row0>
						<row1>	0.5605 0.0000 -0.8282 0.0000	</row1>
						<row2>	-0.8282 0.0000 -0.5605 0.0000	</row2>
						<row3>	0.1610 0.4530 -3.5182 1.0000	</row3>
					</transform>
				</node>
				<node>
					<identifier>	MP_AM077_Paravane_INDEX_3	</identifier>
					<transform>
						<row0>	0.0000 -1.0000 0.0000 0.0000	</row0>
						<row1>	-0.5605 0.0000 -0.8282 0.0000	</row1>
						<row2>	0.8282 0.0000 -0.5605 0.0000	</row2>
						<row3>	-0.1610 0.4530 -3.5182 1.0000	</row3>
					</transform>
				</node>
				<node>
					<identifier>	MP_AM079_24in_SearchLight	</identifier>
					<transform>
						<row0>	0.0000 0.0000 -1.0000 0.0000	</row0>
						<row1>	0.0000 1.0000 0.0000 0.0000	</row1>
						<row2>	1.0000 0.0000 0.0000 0.0000	</row2>
						<row3>	0.0989 1.2231 0.4866 1.0000	</row3>
					</transform>
				</node>
				<node>
					<identifier>	MP_AM079_24in_SearchLight_INDEX_1	</identifier>
					<transform>
						<row0>	0.0000 0.0000 -1.0000 0.0000	</row0>
						<row1>	0.0000 1.0000 0.0000 0.0000	</row1>
						<row2>	1.0000 0.0000 0.0000 0.0000	</row2>
						<row3>	0.1738 1.0392 -0.9326 1.0000	</row3>
					</transform>
				</node>
				<node>
					<identifier>	MP_AM079_24in_SearchLight_INDEX_2	</identifier>
					<transform>
						<row0>	0.0000 0.0000 1.0000 0.0000	</row0>
						<row1>	0.0000 1.0000 0.0000 0.0000	</row1>
						<row2>	-1.0000 0.0000 0.0000 0.0000	</row2>
						<row3>	-0.1738 1.0392 -0.9326 1.0000	</row3>
					</transform>
				</node>
				<node>
					<identifier>	MP_AM079_24in_SearchLight_INDEX_3	</identifier>
					<transform>
						<row0>	0.0000 0.0000 1.0000 0.0000	</row0>
						<row1>	0.0000 1.0000 0.0000 0.0000	</row1>
						<row2>	-1.0000 0.0000 0.0000 0.0000	</row2>
						<row3>	-0.0989 1.2231 0.4866 1.0000	</row3>
					</transform>
				</node>
				<node>
					<identifier>	MP_AM085_TBS_Antenna	</identifier>
					<transform>
						<row0>	0.6633 0.0000 0.0000 0.0000	</row0>
						<row1>	0.0000 0.6633 0.0000 0.0000	</row1>
						<row2>	0.0000 0.0000 0.6633 0.0000	</row2>
						<row3>	0.0000 1.8262 0.3088 1.0000	</row3>
					</transform>
				</node>
				<node>
					<identifier>	MP_AM085_TBS_Antenna_INDEX_1	</identifier>
					<transform>
						<row0>	0.6633 0.0000 0.0000 0.0000	</row0>
						<row1>	0.0000 0.6633 0.0000 0.0000	</row1>
						<row2>	0.0000 0.0000 0.6633 0.0000	</row2>
						<row3>	-0.3110 1.9237 0.4479 1.0000	</row3>
					</transform>
				</node>
				<node>
					<identifier>	MP_AM085_TBS_Antenna_INDEX_2	</identifier>
					<transform>
						<row0>	0.6633 0.0000 0.0000 0.0000	</row0>
						<row1>	0.0000 0.6633 0.0000 0.0000	</row1>
						<row2>	0.0000 0.0000 0.6633 0.0000	</row2>
						<row3>	0.3172 2.1585 -1.4764 1.0000	</row3>
					</transform>
				</node>
				<node>
					<identifier>	MP_AM086_TBS_Antenna_2	</identifier>
					<transform>
						<row0>	0.4605 0.0000 0.0000 0.0000	</row0>
						<row1>	0.0000 0.4605 0.0000 0.0000	</row1>
						<row2>	0.0000 0.0000 0.4605 0.0000	</row2>
						<row3>	0.0000 2.7019 -1.2254 1.0000	</row3>
					</transform>
				</node>
				<node>
					<identifier>	MP_AM086_TBS_Antenna_2_INDEX_1	</identifier>
					<transform>
						<row0>	0.6843 0.0000 -0.7292 0.0000	</row0>
						<row1>	0.0000 1.0000 0.0000 0.0000	</row1>
						<row2>	0.7292 0.0000 0.6843 0.0000	</row2>
						<row3>	0.0739 2.4895 0.3351 1.0000	</row3>
					</transform>
				</node>
				<node>
