<BSB058_Renown_1944_MidBack_ep.skel_ext>
	<exported>	false	</exported>
	<node>
		<identifier>	EP_Fire_3	</identifier>
		<parent>	Scene Root	</parent>
		<transform>
			<row0>	1.0000 0.0000 0.0000 0.0000	</row0>
			<row1>	0.0000 1.0000 0.0000 0.0000	</row1>
			<row2>	0.0000 0.0000 1.0000 0.0000	</row2>
			<row3>	0.0000 0.5551 -3.3132 1.0000	</row3>
		</transform>
	</node>
	<node>
		<identifier>	EP_Fire_3_side_1	</identifier>
		<parent>	Scene Root	</parent>
		<transform>
			<row0>	0.9981 0.0000 -0.0623 0.0000	</row0>
			<row1>	0.0000 1.0000 0.0000 0.0000	</row1>
			<row2>	0.0623 0.0000 0.9981 0.0000	</row2>
			<row3>	0.4566 0.6037 -3.7687 1.0000	</row3>
		</transform>
	</node>
	<node>
		<identifier>	EP_FloodLight_left_2	</identifier>
		<parent>	Scene Root	</parent>
		<transform>
			<row0>	-1.0000 0.0000 0.0000 0.0000	</row0>
			<row1>	0.0000 1.0000 0.0000 0.0000	</row1>
			<row2>	0.0000 0.0000 -1.0000 0.0000	</row2>
			<row3>	-0.5952 0.4661 -3.5930 1.0000	</row3>
		</transform>
	</node>
	<node>
		<identifier>	EP_FloodLight_right_2	</identifier>
		<parent>	Scene Root	</parent>
		<transform>
			<row0>	1.0000 0.0000 0.0000 0.0000	</row0>
			<row1>	0.0000 1.0000 0.0000 0.0000	</row1>
			<row2>	0.0000 0.0000 1.0000 0.0000	</row2>
			<row3>	0.5955 0.4635 -3.5691 1.0000	</row3>
		</transform>
	</node>
	<node>
		<identifier>	EP_Flood_water_left	</identifier>
		<parent>	Scene Root	</parent>
		<transform>
			<row0>	-0.9951 0.0000 -0.0993 0.0000	</row0>
			<row1>	0.0000 1.0000 0.0000 0.0000	</row1>
			<row2>	0.0993 0.0000 -0.9951 0.0000	</row2>
			<row3>	-0.7605 0.0271 -4.0220 1.0000	</row3>
		</transform>
	</node>
	<node>
		<identifier>	EP_Flood_water_right	</identifier>
		<parent>	Scene Root	</parent>
		<transform>
			<row0>	0.9964 0.0000 -0.0847 0.0000	</row0>
			<row1>	0.0000 1.0000 0.0000 0.0000	</row1>
			<row2>	0.0847 0.0000 0.9964 0.0000	</row2>
			<row3>	0.7605 0.0273 -4.0221 1.0000	</row3>
		</transform>
	</node>
	<node>
		<identifier>	EP_RepairLight_right_2	</identifier>
		<parent>	Scene Root	</parent>
		<transform>
			<row0>	-0.0874 0.0000 -0.9962 0.0000	</row0>
			<row1>	0.0744 0.9972 -0.0065 0.0000	</row1>
			<row2>	0.9934 -0.0746 -0.0872 0.0000	</row2>
			<row3>	0.7335 0.1907 -4.1604 1.0000	</row3>
		</transform>
	</node>
</BSB058_Renown_1944_MidBack_ep.skel_ext>
