<ISC301_Ferrante_Gonzaga_1944_Stern.skel_ext>
	<exported>	true	</exported>
	<node>
		<identifier>	MP_CM001_Propeller3_L	</identifier>
		<parent>	Scene Root	</parent>
		<transform>
			<row0>	0.9999 -0.0005 -0.0137 0.0000	</row0>
			<row1>	0.0000 0.9994 -0.0358 0.0000	</row1>
			<row2>	0.0137 0.0358 0.9993 0.0000	</row2>
			<row3>	-0.2776 -0.3086 -4.9028 1.0000	</row3>
		</transform>
	</node>
	<node>
		<identifier>	MP_CM032_Propeller3_R	</identifier>
		<parent>	Scene Root	</parent>
		<transform>
			<row0>	0.9999 0.0005 0.0137 0.0000	</row0>
			<row1>	0.0000 0.9994 -0.0358 0.0000	</row1>
			<row2>	-0.0137 0.0358 0.9993 0.0000	</row2>
			<row3>	0.2776 -0.3086 -4.9028 1.0000	</row3>
		</transform>
	</node>
	<node>
		<identifier>	MP_IM005_Life_Buoy	</identifier>
		<parent>	Scene Root	</parent>
		<transform>
			<row0>	-0.1325 -0.0007 -0.9912 0.0000	</row0>
			<row1>	-0.0005 1.0000 -0.0006 0.0000	</row1>
			<row2>	0.9912 0.0005 -0.1325 0.0000	</row2>
			<row3>	0.3609 0.3240 -4.8820 1.0000	</row3>
		</transform>
	</node>
	<node>
		<identifier>	MP_IM005_Life_Buoy_INDEX_1	</identifier>
		<parent>	Scene Root	</parent>
		<transform>
			<row0>	-0.1325 0.0007 0.9912 0.0000	</row0>
			<row1>	0.0005 1.0000 -0.0006 0.0000	</row1>
			<row2>	-0.9912 0.0005 -0.1325 0.0000	</row2>
			<row3>	-0.3609 0.3240 -4.8820 1.0000	</row3>
		</transform>
	</node>
	<node>
		<identifier>	MP_IM033_Life_Buoy	</identifier>
		<parent>	Scene Root	</parent>
		<transform>
			<row0>	0.1237 0.0000 -0.9923 0.0000	</row0>
			<row1>	0.0000 1.0000 0.0000 0.0000	</row1>
			<row2>	0.9923 0.0000 0.1237 0.0000	</row2>
			<row3>	-0.4360 0.3750 -4.1870 1.0000	</row3>
		</transform>
	</node>
	<node>
		<identifier>	MP_IM033_Life_Buoy_INDEX_1	</identifier>
		<parent>	Scene Root	</parent>
		<transform>
			<row0>	0.1229 0.0000 -0.9924 0.0000	</row0>
			<row1>	0.0000 1.0000 0.0000 0.0000	</row1>
			<row2>	0.9924 0.0000 0.1229 0.0000	</row2>
			<row3>	-0.3827 0.3784 -4.7139 1.0000	</row3>
		</transform>
	</node>
	<node>
		<identifier>	MP_IM033_Life_Buoy_INDEX_2	</identifier>
		<parent>	Scene Root	</parent>
		<transform>
			<row0>	0.0937 0.0000 0.9956 0.0000	</row0>
			<row1>	0.0000 1.0000 0.0000 0.0000	</row1>
			<row2>	-0.9956 0.0000 0.0937 0.0000	</row2>
			<row3>	0.4360 0.3750 -4.1868 1.0000	</row3>
		</transform>
	</node>
	<node>
		<identifier>	MP_IM033_Life_Buoy_INDEX_3	</identifier>
		<parent>	Scene Root	</parent>
		<transform>
			<row0>	0.1208 0.0000 0.9927 0.0000	</row0>
			<row1>	0.0000 1.0000 0.0000 0.0000	</row1>
			<row2>	-0.9927 0.0000 0.1208 0.0000	</row2>
			<row3>	0.3827 0.3784 -4.7138 1.0000	</row3>
		</transform>
	</node>
	<node>
		<identifier>	MP_IM5002_Name_Ferrante_Gonzaga	</identifier>
		<parent>	Scene Root	</parent>
		<transform>
			<row0>	1.0000 0.0000 0.0000 0.0000	</row0>
			<row1>	0.0000 1.0000 0.0000 0.0000	</row1>
			<row2>	0.0000 0.0000 1.0000 0.0000	</row2>
			<row3>	0.0000 0.2206 -5.3230 1.0000	</row3>
		</transform>
	</node>
	<node>
		<identifier>	MP_IM700_Ammunition_Box_37mm	</identifier>
		<parent>	Scene Root	</parent>
		<transform>
			<row0>	0.0000 0.0000 1.0000 0.0000	</row0>
			<row1>	0.0000 1.0000 0.0000 0.0000	</row1>
			<row2>	-1.0000 0.0000 0.0000 0.0000	</row2>
			<row3>	-0.1182 0.3129 -3.7094 1.0000	</row3>
		</transform>
	</node>
	<node>
		<identifier>	MP_IM700_Ammunition_Box_37mm_INDEX_1	</identifier>
		<parent>	Scene Root	</parent>
		<transform>
			<row0>	0.0000 0.0000 -1.0000 0.0000	</row0>
			<row1>	0.0000 1.0000 0.0000 0.0000	</row1>
			<row2>	1.0000 0.0000 0.0000 0.0000	</row2>
			<row3>	0.1182 0.3129 -3.7466 1.0000	</row3>
		</transform>
	</node>
	<node>
		<identifier>	MP_IM700_Ammunition_Box_37mm_INDEX_2	</identifier>
		<parent>	Scene Root	</parent>
		<transform>
			<row0>	0.0000 0.0000 1.0000 0.0000	</row0>
			<row1>	0.0000 1.0000 0.0000 0.0000	</row1>
			<row2>	-1.0000 0.0000 0.0000 0.0000	</row2>
			<row3>	-0.1182 0.3129 -3.7817 1.0000	</row3>
		</transform>
	</node>
	<node>
		<identifier>	MP_IM700_Ammunition_Box_37mm_INDEX_3	</identifier>
		<parent>	Scene Root	</parent>
		<transform>
			<row0>	0.0000 0.0000 -1.0000 0.0000	</row0>
			<row1>	0.0000 1.0000 0.0000 0.0000	</row1>
			<row2>	1.0000 0.0000 0.0000 0.0000	</row2>
			<row3>	0.0562 0.3129 -3.8939 1.0000	</row3>
		</transform>
	</node>
	<node>
		<identifier>	MP_IM700_Ammunition_Box_37mm_INDEX_4	</identifier>
		<parent>	Scene Root	</parent>
		<transform>
			<row0>	0.0000 0.0000 1.0000 0.0000	</row0>
			<row1>	0.0000 1.0000 0.0000 0.0000	</row1>
			<row2>	-1.0000 0.0000 0.0000 0.0000	</row2>
			<row3>	-0.0562 0.3129 -3.8939 1.0000	</row3>
		</transform>
	</node>
	<node>
		<identifier>	MP_IM700_Ammunition_Box_37mm_INDEX_5	</identifier>
		<parent>	Scene Root	</parent>
		<transform>
			<row0>	0.0000 0.0000 -1.0000 0.0000	</row0>
			<row1>	0.0000 1.0000 0.0000 0.0000	</row1>
			<row2>	1.0000 0.0000 0.0000 0.0000	</row2>
			<row3>	0.1182 0.3129 -3.7817 1.0000	</row3>
		</transform>
	</node>
	<node>
		<identifier>	MP_IM700_Ammunition_Box_37mm_INDEX_6	</identifier>
		<parent>	Scene Root	</parent>
		<transform>
			<row0>	0.0000 0.0000 1.0000 0.0000	</row0>
			<row1>	0.0000 1.0000 0.0000 0.0000	</row1>
			<row2>	-1.0000 0.0000 0.0000 0.0000	</row2>
			<row3>	-0.1182 0.3129 -3.7466 1.0000	</row3>
		</transform>
	</node>
	<node>
		<identifier>	MP_IM700_Ammunition_Box_37mm_INDEX_7	</identifier>
		<parent>	Scene Root	</parent>
		<transform>
			<row0>	0.0000 0.0000 -1.0000 0.0000	</row0>
			<row1>	0.0000 1.0000 0.0000 0.0000	</row1>
			<row2>	1.0000 0.0000 0.0000 0.0000	</row2>
			<row3>	0.1182 0.3129 -3.7094 1.0000	</row3>
		</transform>
	</node>
	<node>
		<identifier>	MP_IM951_Anchor_up	</identifier>
		<parent>	Scene Root	</parent>
		<transform>
			<row0>	0.0000 -0.5382 0.6116 0.0000	</row0>
			<row1>	0.0000 0.6116 0.5382 0.0000	</row1>
			<row2>	-0.8147 0.0000 0.0000 0.0000	</row2>
			<row3>	0.0000 0.1566 -6.1540 1.0000	</row3>
		</transform>
	</node>
	<node>
		<identifier>	MP_IM952_Anchor_Bottom	</identifier>
		<parent>	Scene Root	</parent>
		<transform>
			<row0>	0.0000 -0.1586 0.7991 0.0000	</row0>
			<row1>	0.0000 0.7991 0.1586 0.0000	</row1>
			<row2>	-0.8147 0.0000 0.0000 0.0000	</row2>
			<row3>	0.0000 0.1566 -6.1540 1.0000	</row3>
		</transform>
	</node>
	<node>
		<identifier>	SP_YMS011_YHWL_M_1_INDEX_10	</identifier>
		<parent>	Scene Root	</parent>
		<transform>
			<row0>	0.8824 0.4587 0.1044 0.0000	</row0>
			<row1>	-0.4570 0.8885 -0.0419 0.0000	</row1>
			<row2>	-0.1120 -0.0108 0.9937 0.0000	</row2>
			<row3>	-0.3935 0.0099 -4.0569 1.0000	</row3>
		</transform>
	</node>
	<node>
		<identifier>	SP_YMS011_YHWL_M_1_INDEX_11	</identifier>
		<parent>	Scene Root	</parent>
		<transform>
			<row0>	0.8371 0.5339 0.1195 0.0000	</row0>
			<row1>	-0.5317 0.8453 -0.0524 0.0000	</row1>
			<row2>	-0.1290 -0.0196 0.9914 0.0000	</row2>
			<row3>	-0.2865 0.0257 -4.8971 1.0000	</row3>
		</transform>
	</node>
	<node>
		<identifier>	SP_YMS012_YHWR_M_1_INDEX_10	</identifier>
		<parent>	Scene Root	</parent>
		<transform>
			<row0>	0.8824 -0.4587 -0.1044 0.0000	</row0>
			<row1>	0.4570 0.8885 -0.0419 0.0000	</row1>
			<row2>	0.1120 -0.0108 0.9937 0.0000	</row2>
			<row3>	0.3935 0.0099 -4.0569 1.0000	</row3>
		</transform>
	</node>
	<node>
		<identifier>	SP_YMS012_YHWR_M_1_INDEX_9	</identifier>
		<parent>	Scene Root	</parent>
		<transform>
			<row0>	0.8371 -0.5339 -0.1195 0.0000	</row0>
			<row1>	0.5317 0.8453 -0.0524 0.0000	</row1>
			<row2>	0.1290 -0.0196 0.9914 0.0000	</row2>
			<row3>	0.2865 0.0257 -4.8971 1.0000	</row3>
		</transform>
	</node>
	<node>
		<identifier>	SP_YMS023_YHUC_L_1	</identifier>
		<parent>	Scene Root	</parent>
		<transform>
			<row0>	1.0000 0.0000 0.0000 0.0000	</row0>
			<row1>	0.0000 1.0000 0.0000 0.0000	</row1>
			<row2>	0.0000 0.0000 1.0000 0.0000	</row2>
			<row3>	-0.2719 -0.2747 -5.1403 1.0000	</row3>
		</transform>
	</node>
	<node>
		<identifier>	SP_YMS023_YHUC_L_1_INDEX_1	</identifier>
		<parent>	Scene Root	</parent>
		<transform>
			<row0>	1.0000 0.0000 0.0000 0.0000	</row0>
			<row1>	0.0000 1.0000 0.0000 0.0000	</row1>
			<row2>	0.0000 0.0000 1.0000 0.0000	</row2>
			<row3>	0.2719 -0.2747 -5.1403 1.0000	</row3>
		</transform>
	</node>
	<node>
		<identifier>	SP_YMS031_YHAL_M_1	</identifier>
		<parent>	Scene Root	</parent>
		<transform>
			<row0>	1.0000 0.0000 0.0000 0.0000	</row0>
			<row1>	0.0000 1.0000 0.0000 0.0000	</row1>
			<row2>	0.0000 0.0000 1.0000 0.0000	</row2>
			<row3>	-0.2361 0.1006 -5.7350 1.0000	</row3>
		</transform>
	</node>
	<node>
		<identifier>	SP_YMS032_YHAR_M_1	</identifier>
		<parent>	Scene Root	</parent>
		<transform>
			<row0>	1.0000 0.0000 0.0000 0.0000	</row0>
			<row1>	0.0000 1.0000 0.0000 0.0000	</row1>
			<row2>	0.0000 0.0000 1.0000 0.0000	</row2>
			<row3>	0.2361 0.1006 -5.7350 1.0000	</row3>
		</transform>
	</node>
	<node>
		<identifier>	SP_YMS033_YHAM_S_1	</identifier>
		<parent>	Scene Root	</parent>
		<transform>
			<row0>	1.0000 0.0000 0.0000 0.0000	</row0>
			<row1>	0.0000 1.0000 0.0000 0.0000	</row1>
			<row2>	0.0000 0.0000 1.0000 0.0000	</row2>
			<row3>	0.0000 0.3223 -6.1385 1.0000	</row3>
		</transform>
	</node>
	<node>
		<identifier>	SP_YMS053_YHDC_S_1_INDEX_6	</identifier>
		<parent>	Scene Root	</parent>
		<transform>
			<row0>	1.0000 0.0000 0.0000 0.0000	</row0>
			<row1>	0.0000 1.0000 0.0000 0.0000	</row1>
			<row2>	0.0000 0.0000 1.0000 0.0000	</row2>
			<row3>	-0.1923 0.3314 -4.3541 1.0000	</row3>
		</transform>
	</node>
	<node>
		<identifier>	SP_YMS053_YHDC_S_1_INDEX_7	</identifier>
		<parent>	Scene Root	</parent>
		<transform>
			<row0>	1.0000 0.0000 0.0000 0.0000	</row0>
			<row1>	0.0000 1.0000 0.0000 0.0000	</row1>
			<row2>	0.0000 0.0000 1.0000 0.0000	</row2>
			<row3>	0.1923 0.3314 -4.3541 1.0000	</row3>
		</transform>
	</node>
	<node>
		<identifier>	SP_YMS083_YHSC_L_1_INDEX_8	</identifier>
		<parent>	Scene Root	</parent>
		<transform>
			<row0>	0.0612 -0.0026 -0.5969 0.0000	</row0>
			<row1>	-0.1242 0.5868 -0.0153 0.0000	</row1>
			<row2>	0.5838 0.1251 0.0593 0.0000	</row2>
			<row3>	-0.4071 0.3138 -4.4894 1.0000	</row3>
		</transform>
	</node>
	<node>
		<identifier>	SP_YMS083_YHSC_L_1_INDEX_9	</identifier>
		<parent>	Scene Root	</parent>
		<transform>
			<row0>	0.0612 0.0026 0.5969 0.0000	</row0>
			<row1>	0.1242 0.5868 -0.0153 0.0000	</row1>
			<row2>	-0.5838 0.1251 0.0593 0.0000	</row2>
			<row3>	0.4071 0.3138 -4.4894 1.0000	</row3>
		</transform>
	</node>
</ISC301_Ferrante_Gonzaga_1944_Stern.skel_ext>
