<GSA003_Weser_1943_MidBack_ep.skel_ext>
	<exported>	false	</exported>
	<node>
		<identifier>	EP_Death_2	</identifier>
		<parent>	Scene Root	</parent>
		<transform>
			<row0>	1.0000 0.0000 0.0000 0.0000	</row0>
			<row1>	0.0000 1.0000 0.0000 0.0000	</row1>
			<row2>	0.0000 0.0000 1.0000 0.0000	</row2>
			<row3>	0.0000 0.0000 -0.6294 1.0000	</row3>
		</transform>
	</node>
	<node>
		<identifier>	EP_Fire_2_side_3	</identifier>
		<parent>	Scene Root	</parent>
		<transform>
			<row0>	1.0000 0.0000 0.0000 0.0000	</row0>
			<row1>	0.0000 1.0000 0.0000 0.0000	</row1>
			<row2>	0.0000 0.0000 1.0000 0.0000	</row2>
			<row3>	0.8940 1.2024 -0.3128 1.0000	</row3>
		</transform>
	</node>
	<node>
		<identifier>	EP_Fire_3	</identifier>
		<parent>	Scene Root	</parent>
		<transform>
			<row0>	0.9153 -0.1397 0.3778 0.0000	</row0>
			<row1>	0.1509 0.9886 0.0000 0.0000	</row1>
			<row2>	-0.3735 0.0570 0.9259 0.0000	</row2>
			<row3>	0.4133 0.7441 -2.6634 1.0000	</row3>
		</transform>
	</node>
	<node>
		<identifier>	EP_Fire_3_side_1	</identifier>
		<parent>	Scene Root	</parent>
		<transform>
			<row0>	1.0000 0.0000 0.0000 0.0000	</row0>
			<row1>	0.0000 1.0000 0.0000 0.0000	</row1>
			<row2>	0.0000 0.0000 1.0000 0.0000	</row2>
			<row3>	-0.8718 0.8059 -1.5090 1.0000	</row3>
		</transform>
	</node>
	<node>
		<identifier>	EP_Fire_3_side_2	</identifier>
		<parent>	Scene Root	</parent>
		<transform>
			<row0>	1.0000 0.0000 0.0000 0.0000	</row0>
			<row1>	0.0000 1.0000 0.0000 0.0000	</row1>
			<row2>	0.0000 0.0000 1.0000 0.0000	</row2>
			<row3>	1.1286 0.8993 -2.4642 1.0000	</row3>
		</transform>
	</node>
	<node>
		<identifier>	EP_FloodLight_left_1	</identifier>
		<parent>	Scene Root	</parent>
		<transform>
			<row0>	-1.0000 0.0000 0.0000 0.0000	</row0>
			<row1>	0.0000 1.0000 0.0000 0.0000	</row1>
			<row2>	0.0000 0.0000 -1.0000 0.0000	</row2>
			<row3>	-0.6670 0.4175 -4.0643 1.0000	</row3>
		</transform>
	</node>
	<node>
		<identifier>	EP_FloodLight_right_2	</identifier>
		<parent>	Scene Root	</parent>
		<transform>
			<row0>	1.0000 0.0000 0.0000 0.0000	</row0>
			<row1>	0.0000 1.0000 0.0000 0.0000	</row1>
			<row2>	0.0000 0.0000 1.0000 0.0000	</row2>
			<row3>	0.6717 0.4318 -4.0720 1.0000	</row3>
		</transform>
	</node>
	<node>
		<identifier>	EP_Flood_steam_1	</identifier>
		<parent>	Scene Root	</parent>
		<transform>
			<row0>	1.0000 0.0000 0.0000 0.0000	</row0>
			<row1>	0.0000 0.9757 -0.2190 0.0000	</row1>
			<row2>	0.0000 0.2190 0.9757 0.0000	</row2>
			<row3>	0.7346 1.8341 0.5087 1.0000	</row3>
		</transform>
	</node>
	<node>
		<identifier>	EP_Flood_steam_exhaust_1	</identifier>
		<parent>	Scene Root	</parent>
		<transform>
			<row0>	1.0000 0.0000 0.0000 0.0000	</row0>
			<row1>	0.0000 0.9572 -0.2895 0.0000	</row1>
			<row2>	0.0000 0.2895 0.9572 0.0000	</row2>
			<row3>	0.7346 1.8341 0.5087 1.0000	</row3>
		</transform>
	</node>
	<node>
		<identifier>	EP_Flood_steam_exhaust_2	</identifier>
		<parent>	Scene Root	</parent>
		<transform>
			<row0>	1.0000 0.0000 0.0000 0.0000	</row0>
			<row1>	0.0000 0.9964 -0.0852 0.0000	</row1>
			<row2>	0.0000 0.0852 0.9964 0.0000	</row2>
			<row3>	0.7346 1.8341 0.5087 1.0000	</row3>
		</transform>
	</node>
	<node>
		<identifier>	EP_Flood_steam_right	</identifier>
		<parent>	Scene Root	</parent>
		<transform>
			<row0>	1.0000 0.0000 0.0000 0.0000	</row0>
			<row1>	0.0000 1.0000 0.0000 0.0000	</row1>
			<row2>	0.0000 0.0000 1.0000 0.0000	</row2>
			<row3>	1.0338 0.8291 -0.8345 1.0000	</row3>
		</transform>
	</node>
	<node>
		<identifier>	EP_Smoke_2	</identifier>
		<parent>	Scene Root	</parent>
		<transform>
			<row0>	1.0000 0.0000 0.0000 0.0000	</row0>
			<row1>	0.0000 0.9894 -0.1450 0.0000	</row1>
			<row2>	0.0000 0.1450 0.9894 0.0000	</row2>
			<row3>	0.7346 1.7070 0.4260 1.0000	</row3>
		</transform>
	</node>
</GSA003_Weser_1943_MidBack_ep.skel_ext>
