<BGM101_15in42_MK1_Vanguard.skel_ext>
	<exported>	true	</exported>
	<node>
		<identifier>	MP_BM509_Liferaft_type_20_10ft	</identifier>
		<parent>	Rotate_Y	</parent>
		<transform>
			<row0>	0.0027 0.1131 -0.9936 0.0000	</row0>
			<row1>	0.1209 0.9863 0.1126 0.0000	</row1>
			<row2>	0.9927 -0.1204 -0.0110 0.0000	</row2>
			<row3>	0.1503 0.1494 0.0613 1.0000	</row3>
		</transform>
	</node>
	<node>
		<identifier>	MP_BM509_Liferaft_type_20_10ft_INDEX_1	</identifier>
		<parent>	Rotate_Y	</parent>
		<transform>
			<row0>	-0.7834 0.0338 0.6206 0.0000	</row0>
			<row1>	0.1195 0.9881 0.0970 0.0000	</row1>
			<row2>	-0.6099 0.1501 -0.7781 0.0000	</row2>
			<row3>	0.1395 0.1669 -0.1472 1.0000	</row3>
		</transform>
	</node>
	<node>
		<identifier>	MP_BM509_Liferaft_type_20_10ft_INDEX_2	</identifier>
		<parent>	Rotate_Y	</parent>
		<transform>
			<row0>	-0.9926 0.1211 -0.0101 0.0000	</row0>
			<row1>	0.1212 0.9926 -0.0105 0.0000	</row1>
			<row2>	0.0088 -0.0116 -0.9999 0.0000	</row2>
			<row3>	0.1285 0.1688 -0.3490 1.0000	</row3>
		</transform>
	</node>
	<node>
		<identifier>	MP_BM509_Liferaft_type_20_10ft_INDEX_3	</identifier>
		<parent>	Rotate_Y	</parent>
		<transform>
			<row0>	0.0027 -0.1131 0.9936 0.0000	</row0>
			<row1>	-0.1209 0.9863 0.1126 0.0000	</row1>
			<row2>	-0.9927 -0.1204 -0.0110 0.0000	</row2>
			<row3>	-0.1503 0.1494 0.0613 1.0000	</row3>
		</transform>
	</node>
	<node>
		<identifier>	SP_YMS101_YGCS_M_1_INDEX_1	</identifier>
		<parent>	Rotate_Y	</parent>
		<transform>
			<row0>	1.1587 0.0000 0.0000 0.0000	</row0>
			<row1>	0.0000 1.0985 -0.0117 0.0000	</row1>
			<row2>	0.0000 0.0071 0.6680 0.0000	</row2>
			<row3>	-0.0843 0.0032 0.3066 1.0000	</row3>
		</transform>
	</node>
	<node>
		<identifier>	SP_YMS101_YGCS_M_1_INDEX_3	</identifier>
		<parent>	Rotate_Y	</parent>
		<transform>
			<row0>	1.1587 0.0000 0.0000 0.0000	</row0>
			<row1>	0.0000 1.0985 -0.0117 0.0000	</row1>
			<row2>	0.0000 0.0071 0.6680 0.0000	</row2>
			<row3>	0.0843 0.0032 0.3066 1.0000	</row3>
		</transform>
	</node>
	<node>
		<identifier>	SP_YMS104_YGRS_M_1_INDEX_1	</identifier>
		<parent>	Roll_Back1	</parent>
		<transform>
			<row0>	1.1466 0.0000 0.0000 0.0000	</row0>
			<row1>	0.0000 1.1466 0.0000 0.0000	</row1>
			<row2>	0.0000 0.0000 1.1466 0.0000	</row2>
			<row3>	-0.0843 0.0000 0.0000 1.0000	</row3>
		</transform>
	</node>
	<node>
		<identifier>	SP_YMS104_YGRS_M_1_INDEX_3	</identifier>
		<parent>	Roll_Back1	</parent>
		<transform>
			<row0>	1.1099 0.0000 0.0000 0.0000	</row0>
			<row1>	0.0000 1.1099 0.0000 0.0000	</row1>
			<row2>	0.0000 0.0000 1.1099 0.0000	</row2>
			<row3>	0.0843 0.0000 0.0000 1.0000	</row3>
		</transform>
	</node>
	<node>
		<identifier>	SP_YMS105_YGLC_M_1	</identifier>
		<parent>	Rotate_Y	</parent>
		<transform>
			<row0>	0.5555 0.0000 0.0000 0.0000	</row0>
			<row1>	0.0000 0.5533 0.0494 0.0000	</row1>
			<row2>	0.0000 -0.0494 0.5533 0.0000	</row2>
			<row3>	0.0000 0.1747 -0.1053 1.0000	</row3>
		</transform>
	</node>
	<node>
		<identifier>	SP_YMS106_YGLL_M_1_INDEX_1	</identifier>
		<parent>	Rotate_Y	</parent>
		<transform>
			<row0>	1.0287 -0.3376 0.1570 0.0000	</row0>
			<row1>	0.3321 1.0406 0.0611 0.0000	</row1>
			<row2>	-0.1682 -0.0097 1.0810 0.0000	</row2>
			<row3>	-0.2452 0.0714 -0.2681 1.0000	</row3>
		</transform>
	</node>
	<node>
		<identifier>	SP_YMS107_YGLR_M_1_INDEX_1	</identifier>
		<parent>	Rotate_Y	</parent>
		<transform>
			<row0>	1.0287 0.3376 -0.1570 0.0000	</row0>
			<row1>	-0.3321 1.0406 0.0611 0.0000	</row1>
			<row2>	0.1682 -0.0097 1.0810 0.0000	</row2>
			<row3>	0.2452 0.0714 -0.2681 1.0000	</row3>
		</transform>
	</node>
</BGM101_15in42_MK1_Vanguard.skel_ext>
