<ZSC013_Jinan_1952_MidBack_ep.skel_ext>
	<exported>	false	</exported>
	<node>
		<identifier>	EP_Death_3	</identifier>
		<parent>	Scene Root	</parent>
		<transform>
			<row0>	1.0000 0.0000 0.0000 0.0000	</row0>
			<row1>	0.0000 1.0000 0.0000 0.0000	</row1>
			<row2>	0.0000 0.0000 1.0000 0.0000	</row2>
			<row3>	0.0000 0.0000 -3.6042 1.0000	</row3>
		</transform>
	</node>
	<node>
		<identifier>	EP_Fire_3	</identifier>
		<parent>	Scene Root	</parent>
		<transform>
			<row0>	1.0000 0.0000 0.0000 0.0000	</row0>
			<row1>	0.0000 1.0000 0.0000 0.0000	</row1>
			<row2>	0.0000 0.0000 1.0000 0.0000	</row2>
			<row3>	0.0000 0.3577 -2.2320 1.0000	</row3>
		</transform>
	</node>
	<node>
		<identifier>	EP_Fire_3_side_1	</identifier>
		<parent>	Scene Root	</parent>
		<transform>
			<row0>	1.0000 0.0000 0.0000 0.0000	</row0>
			<row1>	0.0000 1.0000 0.0000 0.0000	</row1>
			<row2>	0.0000 0.0000 1.0000 0.0000	</row2>
			<row3>	0.4421 0.2751 -3.1357 1.0000	</row3>
		</transform>
	</node>
	<node>
		<identifier>	EP_FloodLight_left_1	</identifier>
		<parent>	Scene Root	</parent>
		<transform>
			<row0>	-1.0000 0.0000 0.0000 0.0000	</row0>
			<row1>	0.0000 1.0000 0.0000 0.0000	</row1>
			<row2>	0.0000 0.0000 -1.0000 0.0000	</row2>
			<row3>	-0.1397 0.3795 -2.8426 1.0000	</row3>
		</transform>
	</node>
	<node>
		<identifier>	EP_FloodLight_right_1	</identifier>
		<parent>	Scene Root	</parent>
		<transform>
			<row0>	1.0000 0.0000 0.0000 0.0000	</row0>
			<row1>	0.0000 1.0000 0.0000 0.0000	</row1>
			<row2>	0.0000 0.0000 1.0000 0.0000	</row2>
			<row3>	0.1420 0.3811 -2.8399 1.0000	</row3>
		</transform>
	</node>
	<node>
		<identifier>	EP_Flood_steam_2	</identifier>
		<parent>	Scene Root	</parent>
		<transform>
			<row0>	0.7676 -0.4993 -0.4019 0.0000	</row0>
			<row1>	0.4423 0.8664 -0.2316 0.0000	</row1>
			<row2>	0.4639 0.0000 0.8859 0.0000	</row2>
			<row3>	0.0339 1.2385 -0.8157 1.0000	</row3>
		</transform>
	</node>
	<node>
		<identifier>	EP_Flood_steam_exhausted_2	</identifier>
		<parent>	Scene Root	</parent>
		<transform>
			<row0>	0.7675 0.4993 0.4019 0.0000	</row0>
			<row1>	-0.4423 0.8664 -0.2316 0.0000	</row1>
			<row2>	-0.4639 0.0000 0.8859 0.0000	</row2>
			<row3>	-0.0340 1.2384 -0.8156 1.0000	</row3>
		</transform>
	</node>
	<node>
		<identifier>	EP_Flood_steam_right	</identifier>
		<parent>	Scene Root	</parent>
		<transform>
			<row0>	1.0000 0.0000 0.0000 0.0000	</row0>
			<row1>	0.0000 1.0000 0.0000 0.0000	</row1>
			<row2>	0.0000 0.0000 1.0000 0.0000	</row2>
			<row3>	0.1557 0.6929 -1.8646 1.0000	</row3>
		</transform>
	</node>
	<node>
		<identifier>	EP_Flood_water_left	</identifier>
		<parent>	Scene Root	</parent>
		<transform>
			<row0>	-0.9931 -0.1137 -0.0293 0.0000	</row0>
			<row1>	-0.1138 0.9935 0.0000 0.0000	</row1>
			<row2>	0.0291 0.0033 -0.9996 0.0000	</row2>
			<row3>	-0.5727 0.1229 -1.8841 1.0000	</row3>
		</transform>
	</node>
	<node>
		<identifier>	EP_Flood_water_right	</identifier>
		<parent>	Scene Root	</parent>
		<transform>
			<row0>	0.9943 -0.1069 -0.0041 0.0000	</row0>
			<row1>	0.1069 0.9943 0.0000 0.0000	</row1>
			<row2>	0.0041 -0.0004 1.0000 0.0000	</row2>
			<row3>	0.5727 0.1219 -1.8841 1.0000	</row3>
		</transform>
	</node>
	<node>
		<identifier>	EP_RepairLight_left_2	</identifier>
		<parent>	Scene Root	</parent>
		<transform>
			<row0>	-0.0306 0.0000 0.9995 0.0000	</row0>
			<row1>	-0.0059 1.0000 -0.0002 0.0000	</row1>
			<row2>	-0.9995 -0.0059 -0.0306 0.0000	</row2>
			<row3>	-0.5474 0.2729 -2.7295 1.0000	</row3>
		</transform>
	</node>
	<node>
		<identifier>	EP_RepairLight_right_1	</identifier>
		<parent>	Scene Root	</parent>
		<transform>
			<row0>	-0.0542 0.0000 -0.9985 0.0000	</row0>
			<row1>	0.0059 1.0000 -0.0003 0.0000	</row1>
			<row2>	0.9985 -0.0059 -0.0542 0.0000	</row2>
			<row3>	0.5226 0.2733 -3.3894 1.0000	</row3>
		</transform>
	</node>
	<node>
		<identifier>	EP_Smoke_2	</identifier>
		<parent>	Scene Root	</parent>
		<transform>
			<row0>	1.0000 0.0000 0.0000 0.0000	</row0>
			<row1>	0.0000 1.0000 0.0000 0.0000	</row1>
			<row2>	0.0000 0.0000 1.0000 0.0000	</row2>
			<row3>	0.0000 1.2766 -0.6278 1.0000	</row3>
		</transform>
	</node>
</ZSC013_Jinan_1952_MidBack_ep.skel_ext>
