<USC311_Gambia_1945_MidFront_ports.visual>
	<skeleton>
		<node>
			<identifier>	Scene Root	</identifier>
			<transform>
				<row0>	1.0000 0.0000 0.0000 0.0000	</row0>
				<row1>	0.0000 1.0000 0.0000 0.0000	</row1>
				<row2>	0.0000 0.0000 1.0000 0.0000	</row2>
				<row3>	0.0000 0.0000 0.0000 1.0000	</row3>
			</transform>
			<node>
				<identifier>	MidFront_ports	</identifier>
				<transform>
					<row0>	1.0000 0.0000 0.0000 0.0000	</row0>
					<row1>	0.0000 1.0000 0.0000 0.0000	</row1>
					<row2>	0.0000 0.0000 1.0000 0.0000	</row2>
					<row3>	0.0000 0.0000 0.0000 1.0000	</row3>
				</transform>
				<node>
					<identifier>	HP_BD_1	</identifier>
					<transform>
						<row0>	1.0000 0.0000 0.0000 0.0000	</row0>
						<row1>	0.0000 1.0000 0.0000 0.0000	</row1>
						<row2>	0.0000 0.0000 1.0000 0.0000	</row2>
						<row3>	0.0000 0.9020 2.7566 1.0000	</row3>
					</transform>
				</node>
				<node>
					<identifier>	HP_BD_2	</identifier>
					<transform>
						<row0>	1.0000 0.0000 0.0000 0.0000	</row0>
						<row1>	0.0000 1.0000 0.0000 0.0000	</row1>
						<row2>	0.0000 0.0000 1.0000 0.0000	</row2>
						<row3>	-0.0001 1.0041 2.6209 1.0000	</row3>
					</transform>
				</node>
				<node>
					<identifier>	HP_BD_3	</identifier>
					<transform>
						<row0>	1.0000 0.0000 0.0000 0.0000	</row0>
						<row1>	0.0000 1.0000 0.0000 0.0000	</row1>
						<row2>	0.0000 0.0000 1.0000 0.0000	</row2>
						<row3>	-0.0001 1.2849 1.8933 1.0000	</row3>
					</transform>
				</node>
				<node>
					<identifier>	HP_BD_4	</identifier>
					<transform>
						<row0>	1.0000 0.0000 0.0000 0.0000	</row0>
						<row1>	0.0000 1.0000 0.0000 0.0000	</row1>
						<row2>	0.0000 0.0000 1.0000 0.0000	</row2>
						<row3>	-0.3936 0.9743 1.8016 1.0000	</row3>
					</transform>
				</node>
				<node>
					<identifier>	HP_BD_5	</identifier>
					<transform>
						<row0>	1.0000 0.0000 0.0000 0.0000	</row0>
						<row1>	0.0000 1.0000 0.0000 0.0000	</row1>
						<row2>	0.0000 0.0000 1.0000 0.0000	</row2>
						<row3>	0.3933 0.9743 1.8016 1.0000	</row3>
					</transform>
				</node>
				<node>
					<identifier>	HP_BD_6	</identifier>
					<transform>
						<row0>	0.0000 0.0000 1.0000 0.0000	</row0>
						<row1>	0.0000 1.0000 0.0000 0.0000	</row1>
						<row2>	-1.0000 0.0000 0.0000 0.0000	</row2>
						<row3>	-0.5051 0.8317 1.6566 1.0000	</row3>
					</transform>
				</node>
				<node>
					<identifier>	HP_BD_7	</identifier>
					<transform>
						<row0>	0.0000 0.0000 -1.0000 0.0000	</row0>
						<row1>	0.0000 1.0000 0.0000 0.0000	</row1>
						<row2>	1.0000 0.0000 0.0000 0.0000	</row2>
						<row3>	0.5049 0.8317 1.6566 1.0000	</row3>
					</transform>
				</node>
				<node>
					<identifier>	HP_BRF_1	</identifier>
					<transform>
						<row0>	1.0000 0.0000 0.0000 0.0000	</row0>
						<row1>	0.0000 1.0000 0.0000 0.0000	</row1>
						<row2>	0.0000 0.0000 1.0000 0.0000	</row2>
						<row3>	-0.0001 2.0185 1.5670 1.0000	</row3>
					</transform>
				</node>
				<node>
					<identifier>	HP_BRS_1	</identifier>
					<transform>
						<row0>	1.0000 0.0000 0.0000 0.0000	</row0>
						<row1>	0.0000 1.0000 0.0000 0.0000	</row1>
						<row2>	0.0000 0.0000 1.0000 0.0000	</row2>
						<row3>	-0.0001 1.5840 1.6701 1.0000	</row3>
					</transform>
				</node>
				<node>
					<identifier>	HP_BRS_2	</identifier>
					<transform>
						<row0>	1.0000 0.0000 0.0000 0.0000	</row0>
						<row1>	0.0000 1.0000 0.0000 0.0000	</row1>
						<row2>	0.0000 0.0000 1.0000 0.0000	</row2>
						<row3>	-0.0001 2.1787 1.5198 1.0000	</row3>
					</transform>
				</node>
				<node>
					<identifier>	HP_FX_Death_2	</identifier>
					<transform>
						<row0>	1.0000 0.0000 0.0000 0.0000	</row0>
						<row1>	0.0000 1.0000 0.0000 0.0000	</row1>
						<row2>	0.0000 0.0000 1.0000 0.0000	</row2>
						<row3>	0.0000 0.0000 0.0068 1.0000	</row3>
					</transform>
				</node>
				<node>
					<identifier>	HP_FX_Fire_2	</identifier>
					<transform>
						<row0>	1.0000 0.0000 0.0000 0.0000	</row0>
						<row1>	0.0000 1.0000 0.0000 0.0000	</row1>
						<row2>	0.0000 0.0000 1.0000 0.0000	</row2>
						<row3>	0.0000 1.1180 1.9405 1.0000	</row3>
					</transform>
				</node>
				<node>
					<identifier>	HP_FX_Fire_2_side_1	</identifier>
					<transform>
						<row0>	1.0000 0.0000 0.0000 0.0000	</row0>
						<row1>	0.0000 1.0000 0.0000 0.0000	</row1>
						<row2>	0.0000 0.0000 1.0000 0.0000	</row2>
						<row3>	-0.5015 0.8979 1.6578 1.0000	</row3>
					</transform>
				</node>
				<node>
					<identifier>	HP_FX_Fire_2_side_2	</identifier>
					<transform>
						<row0>	1.0000 0.0000 0.0000 0.0000	</row0>
						<row1>	0.0000 1.0000 0.0000 0.0000	</row1>
						<row2>	0.0000 0.0000 1.0000 0.0000	</row2>
						<row3>	0.4201 0.9485 1.0105 1.0000	</row3>
					</transform>
				</node>
				<node>
					<identifier>	HP_FX_Fire_3_side_1	</identifier>
					<transform>
						<row0>	1.0000 0.0000 0.0000 0.0000	</row0>
						<row1>	0.0000 1.0000 0.0000 0.0000	</row1>
						<row2>	0.0000 0.0000 1.0000 0.0000	</row2>
						<row3>	-0.2786 0.5337 0.2086 1.0000	</row3>
					</transform>
				</node>
				<node>
					<identifier>	HP_FX_FloodLight_right_1	</identifier>
					<transform>
						<row0>	1.0000 0.0000 0.0000 0.0000	</row0>
						<row1>	0.0000 1.0000 0.0000 0.0000	</row1>
						<row2>	0.0000 0.0000 1.0000 0.0000	</row2>
						<row3>	0.1729 1.0362 2.3242 1.0000	</row3>
					</transform>
				</node>
				<node>
					<identifier>	HP_FX_FloodLight_right_2	</identifier>
					<transform>
						<row0>	-1.0000 0.0000 0.0000 0.0000	</row0>
						<row1>	0.0000 1.0000 0.0000 0.0000	</row1>
						<row2>	0.0000 0.0000 -1.0000 0.0000	</row2>
						<row3>	-0.1720 1.0361 2.3241 1.0000	</row3>
					</transform>
				</node>
				<node>
					<identifier>	HP_FX_Flood_steam_2	</identifier>
					<transform>
						<row0>	1.0000 0.0000 0.0000 0.0000	</row0>
						<row1>	0.0000 0.9548 -0.2974 0.0000	</row1>
						<row2>	0.0000 0.2974 0.9548 0.0000	</row2>
						<row3>	0.0000 1.4186 0.8410 1.0000	</row3>
					</transform>
				</node>
				<node>
					<identifier>	HP_FX_Flood_steam_left	</identifier>
					<transform>
						<row0>	-0.9999 0.0000 0.0097 0.0000	</row0>
						<row1>	0.0000 1.0000 0.0000 0.0000	</row1>
						<row2>	-0.0097 0.0000 -0.9999 0.0000	</row2>
						<row3>	-0.5596 0.3792 2.5167 1.0000	</row3>
					</transform>
				</node>
				<node>
					<identifier>	HP_FX_RepairLight_left_1	</identifier>
					<transform>
						<row0>	0.0668 0.0000 0.9978 0.0000	</row0>
						<row1>	-0.3759 0.9263 0.0252 0.0000	</row1>
						<row2>	-0.9242 -0.3768 0.0619 0.0000	</row2>
						<row3>	-0.5579 0.4487 2.9839 1.0000	</row3>
					</transform>
				</node>
				<node>
					<identifier>	HP_FX_Smoke_1	</identifier>
					<transform>
						<row0>	1.0000 0.0000 0.0000 0.0000	</row0>
						<row1>	0.0000 1.0000 0.0000 0.0000	</row1>
						<row2>	0.0000 0.0000 1.0000 0.0000	</row2>
						<row3>	0.0000 1.4050 0.9791 1.0000	</row3>
					</transform>
				</node>
				<node>
					<identifier>	HP_Flagpole	</identifier>
					<transform>
						<row0>	0.0099 -0.0013 0.0000 0.0000	</row0>
						<row1>	0.0013 0.0099 -0.0007 0.0000	</row1>
						<row2>	0.0000 0.0007 0.0100 0.0000	</row2>
						<row3>	-0.0020 2.2727 1.3308 1.0000	</row3>
					</transform>
				</node>
				<node>
					<identifier>	HP_UGA_1	</identifier>
					<transform>
						<row0>	0.0000 0.0000 1.0000 0.0000	</row0>
						<row1>	0.0000 1.0000 0.0000 0.0000	</row1>
						<row2>	-1.0000 0.0000 0.0000 0.0000	</row2>
						<row3>	-0.4201 0.8487 1.9752 1.0000	</row3>
					</transform>
				</node>
				<node>
					<identifier>	HP_UGA_2	</identifier>
					<transform>
						<row0>	0.0000 0.0000 -1.0000 0.0000	</row0>
						<row1>	0.0000 1.0000 0.0000 0.0000	</row1>
						<row2>	1.0000 0.0000 0.0000 0.0000	</row2>
						<row3>	0.4201 0.8487 1.9752 1.0000	</row3>
					</transform>
				</node>
				<node>
					<identifier>	HP_UGA_3	</identifier>
					<transform>
						<row0>	0.0000 0.0000 1.0000 0.0000	</row0>
						<row1>	0.0000 1.0000 0.0000 0.0000	</row1>
						<row2>	-1.0000 0.0000 0.0000 0.0000	</row2>
						<row3>	-0.4273 0.8695 1.0102 1.0000	</row3>
					</transform>
				</node>
				<node>
					<identifier>	HP_UGA_4	</identifier>
					<transform>
						<row0>	0.0000 0.0000 -1.0000 0.0000	</row0>
						<row1>	0.0000 1.0000 0.0000 0.0000	</row1>
						<row2>	1.0000 0.0000 0.0000 0.0000	</row2>
						<row3>	0.4273 0.8695 1.0102 1.0000	</row3>
					</transform>
				</node>
				<node>
					<identifier>	HP_UGM_2	</identifier>
					<transform>
						<row0>	1.0000 0.0000 0.0000 0.0000	</row0>
						<row1>	0.0000 1.0000 0.0000 0.0000	</row1>
						<row2>	0.0000 0.0000 1.0000 0.0000	</row2>
						<row3>	-0.0001 0.6760 3.0712 1.0000	</row3>
					</transform>
				</node>
				<node>
					<identifier>	HP_flag_1	</identifier>
					<transform>
						<row0>	0.9987 -0.0502 -0.0033 0.0000	</row0>
						<row1>	0.0502 0.9904 0.1291 0.0000	</row1>
						<row2>	-0.0033 -0.1291 0.9916 0.0000	</row2>
						<row3>	0.3101 1.7912 1.5148 1.0000	</row3>
					</transform>
				</node>
				<node>
					<identifier>	HP_flag_2	</identifier>
					<transform>
						<row0>	0.9884 0.1517 0.0098 0.0000	</row0>
						<row1>	-0.1517 0.9801 0.1277 0.0000	</row1>
						<row2>	0.0098 -0.1277 0.9918 0.0000	</row2>
						<row3>	-0.3044 1.7918 1.5149 1.0000	</row3>
					</transform>
				</node>
				<node>
					<identifier>	HP_flag_3	</identifier>
					<transform>
						<row0>	0.9993 0.0372 0.0024 0.0000	</row0>
						<row1>	-0.0372 0.9909 0.1292 0.0000	</row1>
						<row2>	0.0024 -0.1292 0.9916 0.0000	</row2>
						<row3>	0.2052 1.7910 1.5148 1.0000	</row3>
					</transform>
				</node>
				<node>
					<identifier>	HP_flag_4	</identifier>
					<transform>
						<row0>	0.9978 0.0659 0.0043 0.0000	</row0>
						<row1>	-0.0659 0.9895 0.1290 0.0000	</row1>
						<row2>	0.0043 -0.1290 0.9916 0.0000	</row2>
						<row3>	-0.1994 1.7910 1.5148 1.0000	</row3>
					</transform>
				</node>
				<node>
					<identifier>	MP_BM001_Paravane	</identifier>
					<transform>
						<row0>	0.6493 0.7525 0.1106 0.0000	</row0>
						<row1>	-0.7425 0.6586 -0.1224 0.0000	</row1>
						<row2>	-0.1649 -0.0027 0.9863 0.0000	</row2>
						<row3>	0.4900 0.6679 2.4009 1.0000	</row3>
					</transform>
				</node>
				<node>
					<identifier>	MP_BM001_Paravane_INDEX_1	</identifier>
					<transform>
						<row0>	0.6493 -0.7525 -0.1106 0.0000	</row0>
						<row1>	0.7425 0.6586 -0.1224 0.0000	</row1>
						<row2>	0.1649 -0.0027 0.9863 0.0000	</row2>
						<row3>	-0.4928 0.6685 2.3873 1.0000	</row3>
					</transform>
				</node>
				<node>
					<identifier>	MP_BM001_Paravane_INDEX_2	</identifier>
					<transform>
						<row0>	0.1773 0.9678 -0.1784 0.0000	</row0>
						<row1>	-0.7472 0.2504 0.6156 0.0000	</row1>
						<row2>	0.6405 0.0242 0.7676 0.0000	</row2>
						<row3>	-0.2710 0.7813 2.3325 1.0000	</row3>
					</transform>
				</node>
				<node>
					<identifier>	MP_BM001_Paravane_INDEX_3	</identifier>
					<transform>
						<row0>	0.1773 -0.9678 0.1784 0.0000	</row0>
						<row1>	0.7472 0.2504 0.6156 0.0000	</row1>
						<row2>	-0.6405 0.0242 0.7676 0.0000	</row2>
						<row3>	0.2710 0.7813 2.3325 1.0000	</row3>
					</transform>
				</node>
				<node>
					<identifier>	MP_BM004_Reels	</identifier>
					<transform>
						<row0>	0.9560 0.0000 -0.7707 0.0000	</row0>
						<row1>	0.0000 1.0000 0.0000 0.0000	</row1>
						<row2>	0.6276 0.0000 0.7785 0.0000	</row2>
						<row3>	0.1161 0.6104 2.5194 1.0000	</row3>
					</transform>
				</node>
				<node>
					<identifier>	MP_BM004_Reels_INDEX_1	</identifier>
					<transform>
						<row0>	0.7997 -0.0201 0.0002 0.0000	</row0>
						<row1>	0.0201 0.7997 -0.0075 0.0000	</row1>
						<row2>	0.0000 0.0075 0.8000 0.0000	</row2>
						<row3>	0.2754 0.4500 3.2281 1.0000	</row3>
					</transform>
				</node>
				<node>
					<identifier>	MP_BM004_Reels_INDEX_2	</identifier>
					<transform>
						<row0>	0.9998 -0.0189 0.0008 0.0000	</row0>
						<row1>	0.0227 1.1988 -0.0479 0.0000	</row1>
						<row2>	0.0000 0.0479 1.1990 0.0000	</row2>
						<row3>	0.0765 0.4743 4.0992 1.0000	</row3>
					</transform>
				</node>
				<node>
					<identifier>	MP_BM004_Reels_INDEX_3	</identifier>
					<transform>
						<row0>	0.0000 0.0086 0.6999 0.0000	</row0>
						<row1>	0.0198 0.6997 -0.0086 0.0000	</row1>
						<row2>	-0.6997 0.0198 -0.0002 0.0000	</row2>
						<row3>	0.1912 0.4539 3.3117 1.0000	</row3>
					</transform>
				</node>
				<node>
					<identifier>	MP_BM019_Reels_1	</identifier>
					<transform>
						<row0>	0.7999 -0.0147 0.0006 0.0000	</row0>
						<row1>	0.0147 0.7992 -0.0319 0.0000	</row1>
						<row2>	0.0000 0.0319 0.7994 0.0000	</row2>
						<row3>	0.1844 0.4734 4.0832 1.0000	</row3>
					</transform>
				</node>
				<node>
					<identifier>	MP_BM022_Flotanet	</identifier>
					<transform>
						<row0>	0.9991 0.0000 -0.0430 0.0000	</row0>
						<row1>	0.0000 1.0000 0.0002 0.0000	</row1>
						<row2>	0.0430 -0.0002 0.9991 0.0000	</row2>
						<row3>	-0.4819 0.6087 2.5459 1.0000	</row3>
					</transform>
				</node>
				<node>
					<identifier>	MP_BM022_Flotanet_INDEX_1	</identifier>
					<transform>
						<row0>	0.9991 0.0000 -0.0430 0.0000	</row0>
						<row1>	0.0000 1.0000 0.0002 0.0000	</row1>
						<row2>	0.0430 -0.0002 0.9991 0.0000	</row2>
						<row3>	-0.4987 0.6097 2.1821 1.0000	</row3>
					</transform>
				</node>
				<node>
					<identifier>	MP_BM026_Reels	</identifier>
					<transform>
						<row0>	0.0005 -0.0149 -0.7999 0.0000	</row0>
						<row1>	-0.0272 0.7994 -0.0149 0.0000	</row1>
						<row2>	0.7995 0.0272 0.0000 0.0000	</row2>
						<row3>	-0.2901 0.4533 3.2719 1.0000	</row3>
					</transform>
				</node>
				<node>
					<identifier>	MP_BM035_Motor_for_Oerlikon	</identifier>
					<transform>
						<row0>	-0.7681 0.0000 -0.6404 0.0000	</row0>
						<row1>	0.0000 1.0000 0.0000 0.0000	</row1>
						<row2>	0.6404 0.0000 -0.7681 0.0000	</row2>
						<row3>	0.3372 0.8462 2.1409 1.0000	</row3>
					</transform>
				</node>
				<node>
					<identifier>	MP_BM035_Motor_for_Oerlikon_INDEX_1	</identifier>
					<transform>
						<row0>	-0.7681 0.0000 0.6404 0.0000	</row0>
						<row1>	0.0000 1.0000 0.0000 0.0000	</row1>
						<row2>	-0.6404 0.0000 -0.7681 0.0000	</row2>
						<row3>	-0.3374 0.8462 2.1409 1.0000	</row3>
					</transform>
				</node>
				<node>
					<identifier>	MP_BM037_Sounding_Machine	</identifier>
					<transform>
						<row0>	1.0000 0.0000 0.0000 0.0000	</row0>
						<row1>	0.0000 1.0000 0.0000 0.0000	</row1>
						<row2>	0.0000 0.0000 1.0000 0.0000	</row2>
						<row3>	0.3058 0.8465 2.0564 1.0000	</row3>
					</transform>
				</node>
				<node>
					<identifier>	MP_BM037_Sounding_Machine_INDEX_1	</identifier>
					<transform>
						<row0>	1.0000 0.0000 0.0000 0.0000	</row0>
						<row1>	0.0000 1.0000 0.0000 0.0000	</row1>
						<row2>	0.0000 0.0000 1.0000 0.0000	</row2>
						<row3>	-0.3061 0.8465 2.0564 1.0000	</row3>
					</transform>
				</node>
				<node>
					<identifier>	MP_BM038_Helmets	</identifier>
					<transform>
						<row0>	-1.0000 0.0000 0.0000 0.0000	</row0>
						<row1>	0.0000 1.0000 0.0000 0.0000	</row1>
						<row2>	0.0000 0.0000 -1.0000 0.0000	</row2>
						<row3>	0.2437 0.8763 1.8774 1.0000	</row3>
					</transform>
				</node>
				<node>
					<identifier>	MP_BM038_Helmets_INDEX_1	</identifier>
					<transform>
						<row0>	0.0000 0.0000 1.0000 0.0000	</row0>
						<row1>	0.0000 1.0000 0.0000 0.0000	</row1>
						<row2>	-1.0000 0.0000 0.0000 0.0000	</row2>
						<row3>	-0.2977 0.8715 1.3495 1.0000	</row3>
					</transform>
				</node>
				<node>
					<identifier>	MP_BM038_Helmets_INDEX_2	</identifier>
					<transform>
						<row0>	0.0000 0.0000 -1.0000 0.0000	</row0>
						<row1>	0.0000 1.0000 0.0000 0.0000	</row1>
						<row2>	1.0000 0.0000 0.0000 0.0000	</row2>
						<row3>	0.2977 0.8715 1.3495 1.0000	</row3>
					</transform>
				</node>
				<node>
					<identifier>	MP_BM038_Helmets_INDEX_3	</identifier>
					<transform>
						<row0>	-1.0000 0.0000 0.0000 0.0000	</row0>
						<row1>	0.0000 1.0000 0.0000 0.0000	</row1>
						<row2>	0.0000 0.0000 -1.0000 0.0000	</row2>
						<row3>	0.2571 0.4717 0.8058 1.0000	</row3>
					</transform>
				</node>
				<node>
					<identifier>	MP_BM038_Helmets_INDEX_4	</identifier>
					<transform>
						<row0>	-1.0000 0.0000 0.0000 0.0000	</row0>
						<row1>	0.0000 1.0000 0.0000 0.0000	</row1>
						<row2>	0.0000 0.0000 -1.0000 0.0000	</row2>
						<row3>	-0.2571 0.4717 0.8058 1.0000	</row3>
					</transform>
				</node>
				<node>
					<identifier>	MP_BM038_Helmets_INDEX_5	</identifier>
					<transform>
						<row0>	-1.0000 0.0000 0.0000 0.0000	</row0>
						<row1>	0.0000 1.0000 0.0000 0.0000	</row1>
						<row2>	0.0000 0.0000 -1.0000 0.0000	</row2>
						<row3>	-0.2437 0.8763 1.8774 1.0000	</row3>
					</transform>
				</node>
				<node>
					<identifier>	MP_BM075_Compas	</identifier>
					<transform>
						<row0>	1.0000 0.0000 0.0000 0.0000	</row0>
						<row1>	0.0000 1.0000 0.0000 0.0000	</row1>
						<row2>	0.0000 0.0000 1.0000 0.0000	</row2>
						<row3>	-0.0001 1.1114 2.3614 1.0000	</row3>
					</transform>
				</node>
				<node>
					<identifier>	MP_BM459_Type_243_Outfit_ASC	</identifier>
					<transform>
						<row0>	1.0000 0.0000 0.0000 0.0000	</row0>
						<row1>	0.0000 1.0000 0.0000 0.0000	</row1>
						<row2>	0.0000 0.0000 1.0000 0.0000	</row2>
						<row3>	-0.0001 1.7894 1.7581 1.0000	</row3>
					</transform>
				</node>
				<node>
					<identifier>	MP_BM509_Liferaft_type_20_10ft	</identifier>
					<transform>
						<row0>	-0.0107 0.0000 0.9999 0.0000	</row0>
						<row1>	0.9404 0.3398 0.0101 0.0000	</row1>
						<row2>	-0.3398 0.9405 -0.0036 0.0000	</row2>
						<row3>	0.5812 0.6619 0.8686 1.0000	</row3>
					</transform>
				</node>
				<node>
					<identifier>	MP_BM509_Liferaft_type_20_10ft_INDEX_1	</identifier>
					<transform>
						<row0>	-0.0076 0.0000 1.0000 0.0000	</row0>
						<row1>	0.9405 0.3398 0.0072 0.0000	</row1>
						<row2>	-0.3398 0.9405 -0.0026 0.0000	</row2>
						<row3>	0.5805 0.6619 0.9831 1.0000	</row3>
					</transform>
				</node>
				<node>
					<identifier>	MP_BM509_Liferaft_type_20_10ft_INDEX_10	</identifier>
					<transform>
						<row0>	0.0000 -1.0000 0.0000 0.0000	</row0>
						<row1>	0.0000 0.0000 -1.0000 0.0000	</row1>
						<row2>	1.0000 0.0000 0.0000 0.0000	</row2>
						<row3>	0.4309 0.6690 0.8058 1.0000	</row3>
					</transform>
				</node>
				<node>
					<identifier>	MP_BM509_Liferaft_type_20_10ft_INDEX_11	</identifier>
					<transform>
						<row0>	-0.0072 0.0000 -1.0000 0.0000	</row0>
						<row1>	-0.9405 0.3398 0.0068 0.0000	</row1>
						<row2>	0.3398 0.9405 -0.0025 0.0000	</row2>
						<row3>	-0.5752 0.6619 1.8093 1.0000	</row3>
					</transform>
				</node>
				<node>
					<identifier>	MP_BM509_Liferaft_type_20_10ft_INDEX_12	</identifier>
					<transform>
						<row0>	-0.0072 0.0000 -1.0000 0.0000	</row0>
						<row1>	-0.9405 0.3398 0.0068 0.0000	</row1>
						<row2>	0.3398 0.9405 -0.0025 0.0000	</row2>
						<row3>	-0.5759 0.6619 1.6902 1.0000	</row3>
					</transform>
				</node>
				<node>
					<identifier>	MP_BM509_Liferaft_type_20_10ft_INDEX_13	</identifier>
					<transform>
						<row0>	-0.0072 0.0000 -1.0000 0.0000	</row0>
						<row1>	-0.9405 0.3398 0.0068 0.0000	</row1>
						<row2>	0.3398 0.9405 -0.0025 0.0000	</row2>
						<row3>	-0.5767 0.6619 1.5702 1.0000	</row3>
					</transform>
				</node>
				<node>
					<identifier>	MP_BM509_Liferaft_type_20_10ft_INDEX_14	</identifier>
					<transform>
						<row0>	-0.0038 0.0000 -1.0000 0.0000	</row0>
						<row1>	-0.9405 0.3398 0.0036 0.0000	</row1>
						<row2>	0.3398 0.9405 -0.0013 0.0000	</row2>
						<row3>	-0.5775 0.6619 1.4550 1.0000	</row3>
					</transform>
				</node>
				<node>
					<identifier>	MP_BM509_Liferaft_type_20_10ft_INDEX_15	</identifier>
					<transform>
						<row0>	-0.0072 0.0000 -1.0000 0.0000	</row0>
						<row1>	-0.9405 0.3398 0.0068 0.0000	</row1>
						<row2>	0.3398 0.9405 -0.0025 0.0000	</row2>
						<row3>	-0.5781 0.6619 1.3399 1.0000	</row3>
					</transform>
				</node>
				<node>
					<identifier>	MP_BM509_Liferaft_type_20_10ft_INDEX_16	</identifier>
					<transform>
						<row0>	-0.0062 0.0000 -1.0000 0.0000	</row0>
						<row1>	-0.9405 0.3398 0.0059 0.0000	</row1>
						<row2>	0.3398 0.9405 -0.0021 0.0000	</row2>
						<row3>	-0.5789 0.6619 1.2197 1.0000	</row3>
					</transform>
				</node>
				<node>
					<identifier>	MP_BM509_Liferaft_type_20_10ft_INDEX_17	</identifier>
					<transform>
						<row0>	-0.0044 0.0000 -1.0000 0.0000	</row0>
						<row1>	-0.9405 0.3398 0.0041 0.0000	</row1>
						<row2>	0.3398 0.9405 -0.0015 0.0000	</row2>
						<row3>	-0.5796 0.6619 1.1009 1.0000	</row3>
					</transform>
				</node>
				<node>
					<identifier>	MP_BM509_Liferaft_type_20_10ft_INDEX_18	</identifier>
					<transform>
						<row0>	-0.0076 0.0000 -1.0000 0.0000	</row0>
						<row1>	-0.9405 0.3398 0.0072 0.0000	</row1>
						<row2>	0.3398 0.9405 -0.0026 0.0000	</row2>
						<row3>	-0.5805 0.6619 0.9831 1.0000	</row3>
					</transform>
				</node>
				<node>
					<identifier>	MP_BM509_Liferaft_type_20_10ft_INDEX_19	</identifier>
					<transform>
						<row0>	-0.0107 0.0000 -0.9999 0.0000	</row0>
						<row1>	-0.9404 0.3398 0.0101 0.0000	</row1>
						<row2>	0.3398 0.9405 -0.0036 0.0000	</row2>
						<row3>	-0.5812 0.6619 0.8686 1.0000	</row3>
					</transform>
				</node>
				<node>
					<identifier>	MP_BM509_Liferaft_type_20_10ft_INDEX_2	</identifier>
					<transform>
						<row0>	-0.0044 0.0000 1.0000 0.0000	</row0>
						<row1>	0.9405 0.3398 0.0041 0.0000	</row1>
						<row2>	-0.3398 0.9405 -0.0015 0.0000	</row2>
						<row3>	0.5796 0.6619 1.1009 1.0000	</row3>
					</transform>
				</node>
				<node>
					<identifier>	MP_BM509_Liferaft_type_20_10ft_INDEX_20	</identifier>
					<transform>
						<row0>	0.0000 1.0000 0.0000 0.0000	</row0>
						<row1>	0.0000 0.0000 -1.0000 0.0000	</row1>
						<row2>	-1.0000 0.0000 0.0000 0.0000	</row2>
						<row3>	-0.4309 0.6690 0.7815 1.0000	</row3>
					</transform>
				</node>
				<node>
					<identifier>	MP_BM509_Liferaft_type_20_10ft_INDEX_21	</identifier>
					<transform>
						<row0>	0.0000 1.0000 0.0000 0.0000	</row0>
						<row1>	0.0000 0.0000 -1.0000 0.0000	</row1>
						<row2>	-1.0000 0.0000 0.0000 0.0000	</row2>
						<row3>	-0.4309 0.6690 0.8058 1.0000	</row3>
					</transform>
				</node>
				<node>
					<identifier>	MP_BM509_Liferaft_type_20_10ft_INDEX_3	</identifier>
					<transform>
						<row0>	-0.0062 0.0000 1.0000 0.0000	</row0>
						<row1>	0.9405 0.3398 0.0059 0.0000	</row1>
						<row2>	-0.3398 0.9405 -0.0021 0.0000	</row2>
						<row3>	0.5789 0.6619 1.2197 1.0000	</row3>
					</transform>
				</node>
				<node>
					<identifier>	MP_BM509_Liferaft_type_20_10ft_INDEX_4	</identifier>
					<transform>
						<row0>	-0.0072 0.0000 1.0000 0.0000	</row0>
						<row1>	0.9405 0.3398 0.0068 0.0000	</row1>
						<row2>	-0.3398 0.9405 -0.0025 0.0000	</row2>
						<row3>	0.5781 0.6619 1.3399 1.0000	</row3>
					</transform>
				</node>
				<node>
					<identifier>	MP_BM509_Liferaft_type_20_10ft_INDEX_5	</identifier>
					<transform>
						<row0>	-0.0038 0.0000 1.0000 0.0000	</row0>
						<row1>	0.9405 0.3398 0.0036 0.0000	</row1>
						<row2>	-0.3398 0.9405 -0.0013 0.0000	</row2>
						<row3>	0.5775 0.6619 1.4550 1.0000	</row3>
					</transform>
				</node>
				<node>
					<identifier>	MP_BM509_Liferaft_type_20_10ft_INDEX_6	</identifier>
					<transform>
						<row0>	-0.0072 0.0000 1.0000 0.0000	</row0>
						<row1>	0.9405 0.3398 0.0068 0.0000	</row1>
						<row2>	-0.3398 0.9405 -0.0025 0.0000	</row2>
						<row3>	0.5767 0.6619 1.5702 1.0000	</row3>
					</transform>
				</node>
				<node>
					<identifier>	MP_BM509_Liferaft_type_20_10ft_INDEX_7	</identifier>
					<transform>
						<row0>	-0.0072 0.0000 1.0000 0.0000	</row0>
						<row1>	0.9405 0.3398 0.0068 0.0000	</row1>
						<row2>	-0.3398 0.9405 -0.0025 0.0000	</row2>
						<row3>	0.5759 0.6619 1.6902 1.0000	</row3>
					</transform>
				</node>
				<node>
					<identifier>	MP_BM509_Liferaft_type_20_10ft_INDEX_8	</identifier>
					<transform>
						<row0>	-0.0072 0.0000 1.0000 0.0000	</row0>
						<row1>	0.9405 0.3398 0.0068 0.0000	</row1>
						<row2>	-0.3398 0.9405 -0.0025 0.0000	</row2>
						<row3>	0.5752 0.6619 1.8093 1.0000	</row3>
					</transform>
				</node>
				<node>
					<identifier>	MP_BM509_Liferaft_type_20_10ft_INDEX_9	</identifier>
					<transform>
						<row0>	0.0000 -1.0000 0.0000 0.0000	</row0>
						<row1>	0.0000 0.0000 -1.0000 0.0000	</row1>
						<row2>	1.0000 0.0000 0.0000 0.0000	</row2>
						<row3>	0.4309 0.6690 0.7815 1.0000	</row3>
					</transform>
				</node>
				<node>
					<identifier>	MP_BM600_Sky_lookout	</identifier>
					<transform>
						<row0>	-1.0000 0.0000 0.0000 0.0000	</row0>
						<row1>	0.0000 1.0000 0.0000 0.0000	</row1>
						<row2>	0.0000 0.0000 -1.0000 0.0000	</row2>
						<row3>	0.2031 1.1226 1.6416 1.0000	</row3>
					</transform>
				</node>
				<node>
					<identifier>	MP_BM600_Sky_lookout_INDEX_1	</identifier>
					<transform>
						<row0>	-1.0000 0.0000 0.0000 0.0000	</row0>
						<row1>	0.0000 1.0000 0.0000 0.0000	</row1>
						<row2>	0.0000 0.0000 -1.0000 0.0000	</row2>
						<row3>	0.2031 1.1226 1.7979 1.0000	</row3>
					</transform>
				</node>
				<node>
					<identifier>	MP_BM600_Sky_lookout_INDEX_2	</identifier>
					<transform>
						<row0>	-1.0000 0.0000 0.0000 0.0000	</row0>
						<row1>	0.0000 1.0000 0.0000 0.0000	</row1>
						<row2>	0.0000 0.0000 -1.0000 0.0000	</row2>
						<row3>	0.2031 1.1226 1.7191 1.0000	</row3>
					</transform>
				</node>
				<node>
					<identifier>	MP_BM600_Sky_lookout_INDEX_3	</identifier>
					<transform>
						<row0>	1.0000 0.0000 0.0000 0.0000	</row0>
						<row1>	0.0000 1.0000 0.0000 0.0000	</row1>
						<row2>	0.0000 0.0000 1.0000 0.0000	</row2>
						<row3>	-0.2034 1.1226 1.7979 1.0000	</row3>
					</transform>
				</node>
				<node>
					<identifier>	MP_BM600_Sky_lookout_INDEX_4	</identifier>
					<transform>
						<row0>	1.0000 0.0000 0.0000 0.0000	</row0>
						<row1>	0.0000 1.0000 0.0000 0.0000	</row1>
						<row2>	0.0000 0.0000 1.0000 0.0000	</row2>
						<row3>	-0.2034 1.1226 1.7191 1.0000	</row3>
					</transform>
				</node>
				<node>
					<identifier>	MP_BM600_Sky_lookout_INDEX_5	</identifier>
					<transform>
						<row0>	1.0000 0.0000 0.0000 0.0000	</row0>
						<row1>	0.0000 1.0000 0.0000 0.0000	</row1>
						<row2>	0.0000 0.0000 1.0000 0.0000	</row2>
						<row3>	-0.2034 1.1226 1.6416 1.0000	</row3>
					</transform>
				</node>
				<node>
					<identifier>	MP_BM602_Pelorus	</identifier>
					<transform>
						<row0>	1.0000 0.0000 0.0000 0.0000	</row0>
						<row1>	0.0000 1.0000 0.0000 0.0000	</row1>
						<row2>	0.0000 0.0000 1.0000 0.0000	</row2>
						<row3>	-0.0001 1.1145 2.4390 1.0000	</row3>
					</transform>
				</node>
				<node>
					<identifier>	MP_BM605_Captain_sight	</identifier>
					<transform>
						<row0>	0.0000 0.0000 -1.0000 0.0000	</row0>
						<row1>	0.0000 1.0000 0.0000 0.0000	</row1>
						<row2>	1.0000 0.0000 0.0000 0.0000	</row2>
						<row3>	0.0925 1.1057 2.2175 1.0000	</row3>
					</transform>
				</node>
				<node>
					<identifier>	MP_BM605_Captain_sight_INDEX_1	</identifier>
					<transform>
						<row0>	0.0000 0.0000 1.0000 0.0000	</row0>
						<row1>	0.0000 1.0000 0.0000 0.0000	</row1>
						<row2>	-1.0000 0.0000 0.0000 0.0000	</row2>
						<row3>	-0.0925 1.1057 2.2175 1.0000	</row3>
					</transform>
				</node>
				<node>
					<identifier>	MP_BM606_Searchlight_sight	</identifier>
					<transform>
						<row0>	0.0000 0.0000 -1.0000 0.0000	</row0>
						<row1>	0.0000 1.0000 0.0000 0.0000	</row1>
						<row2>	1.0000 0.0000 0.0000 0.0000	</row2>
						<row3>	0.1467 1.1236 1.5492 1.0000	</row3>
					</transform>
				</node>
				<node>
					<identifier>	MP_BM606_Searchlight_sight_INDEX_1	</identifier>
					<transform>
						<row0>	0.0000 0.0000 1.0000 0.0000	</row0>
						<row1>	0.0000 1.0000 0.0000 0.0000	</row1>
						<row2>	-1.0000 0.0000 0.0000 0.0000	</row2>
						<row3>	-0.1469 1.1236 1.5492 1.0000	</row3>
					</transform>
				</node>
				<node>
					<identifier>	MP_BM608_Compass_repeater	</identifier>
					<transform>
						<row0>	0.0000 0.0000 0.6700 0.0000	</row0>
						<row1>	0.0000 0.6700 0.0000 0.0000	</row1>
						<row2>	-0.6700 0.0000 0.0000 0.0000	</row2>
						<row3>	0.1793 1.1998 1.9207 1.0000	</row3>
					</transform>
				</node>
				<node>
					<identifier>	MP_BM608_Compass_repeater_INDEX_1	</identifier>
					<transform>
						<row0>	0.6700 0.0000 0.0000 0.0000	</row0>
						<row1>	0.0000 0.6700 0.0000 0.0000	</row1>
						<row2>	0.0000 0.0000 0.6700 0.0000	</row2>
						<row3>	0.2087 1.1982 1.5912 1.0000	</row3>
					</transform>
				</node>
				<node>
					<identifier>	MP_BM608_Compass_repeater_INDEX_2	</identifier>
					<transform>
						<row0>	0.0000 0.0000 -0.6700 0.0000	</row0>
						<row1>	0.0000 0.6700 0.0000 0.0000	</row1>
						<row2>	0.6700 0.0000 0.0000 0.0000	</row2>
						<row3>	-0.1793 1.1998 1.9207 1.0000	</row3>
					</transform>
				</node>
				<node>
					<identifier>	MP_BM608_Compass_repeater_INDEX_3	</identifier>
					<transform>
						<row0>	0.6700 0.0000 0.0000 0.0000	</row0>
						<row1>	0.0000 0.6700 0.0000 0.0000	</row1>
						<row2>	0.0000 0.0000 0.6700 0.0000	</row2>
						<row3>	-0.2055 1.1957 1.5912 1.0000	</row3>
					</transform>
				</node>
				<node>
					<identifier>	MP_BM611_Telephone	</identifier>
					<transform>
						<row0>	-1.0000 0.0000 0.0000 0.0000	</row0>
						<row1>	0.0000 1.0000 0.0000 0.0000	</row1>
						<row2>	0.0000 0.0000 -1.0000 0.0000	</row2>
						<row3>	-0.0001 1.9347 1.5518 1.0000	</row3>
					</transform>
				</node>
				<node>
					<identifier>	MP_BM611_Telephone_INDEX_1	</identifier>
					<transform>
						<row0>	0.9927 0.0000 -0.1207 0.0000	</row0>
						<row1>	0.0000 1.0000 0.0000 0.0000	</row1>
						<row2>	0.1207 0.0000 0.9927 0.0000	</row2>
						<row3>	0.0074 1.1584 2.4873 1.0000	</row3>
					</transform>
				</node>
				<node>
					<identifier>	MP_BM611_Telephone_INDEX_2	</identifier>
					<transform>
						<row0>	0.9413 0.0000 -0.3377 0.0000	</row0>
						<row1>	0.0000 1.0000 0.0000 0.0000	</row1>
						<row2>	0.3377 0.0000 0.9413 0.0000	</row2>
						<row3>	0.0369 1.1584 2.4814 1.0000	</row3>
					</transform>
				</node>
				<node>
					<identifier>	MP_BM611_Telephone_INDEX_3	</identifier>
					<transform>
						<row0>	0.0048 0.0000 1.0000 0.0000	</row0>
						<row1>	0.0000 1.0000 0.0000 0.0000	</row1>
						<row2>	-1.0000 0.0000 0.0048 0.0000	</row2>
						<row3>	-0.0644 0.9468 2.6118 1.0000	</row3>
					</transform>
				</node>
				<node>
					<identifier>	MP_BM612_Switch_Panel	</identifier>
					<transform>
						<row0>	0.9571 0.0000 0.2897 0.0000	</row0>
						<row1>	0.0000 1.0000 0.0000 0.0000	</row1>
						<row2>	-0.2897 0.0000 0.9571 0.0000	</row2>
						<row3>	-0.0328 1.1598 2.4826 1.0000	</row3>
					</transform>
				</node>
				<node>
					<identifier>	MP_BM613_Switch_Panel	</identifier>
					<transform>
						<row0>	0.7877 0.0000 -0.6161 0.0000	</row0>
						<row1>	0.0000 1.0000 0.0000 0.0000	</row1>
						<row2>	0.6161 0.0000 0.7877 0.0000	</row2>
						<row3>	0.0691 1.1601 2.4633 1.0000	</row3>
					</transform>
				</node>
				<node>
					<identifier>	MP_BM631_Universal_sight	</identifier>
					<transform>
						<row0>	0.0000 0.0000 1.0000 0.0000	</row0>
						<row1>	0.0000 1.0000 0.0000 0.0000	</row1>
						<row2>	-1.0000 0.0000 0.0000 0.0000	</row2>
						<row3>	0.1173 1.1221 1.7617 1.0000	</row3>
					</transform>
				</node>
				<node>
					<identifier>	MP_BM631_Universal_sight_INDEX_1	</identifier>
					<transform>
						<row0>	0.0000 0.0000 -1.0000 0.0000	</row0>
						<row1>	0.0000 1.0000 0.0000 0.0000	</row1>
						<row2>	1.0000 0.0000 0.0000 0.0000	</row2>
						<row3>	-0.1175 1.1221 1.7617 1.0000	</row3>
					</transform>
				</node>
				<node>
					<identifier>	MP_BM635_Torpedo_deflector_sight	</identifier>
					<transform>
						<row0>	0.0000 0.0000 1.0000 0.0000	</row0>
						<row1>	0.0000 1.0000 0.0000 0.0000	</row1>
						<row2>	-1.0000 0.0000 0.0000 0.0000	</row2>
						<row3>	0.1640 1.2037 1.9875 1.0000	</row3>
					</transform>
				</node>
				<node>
					<identifier>	MP_BM635_Torpedo_deflector_sight_INDEX_1	</identifier>
					<transform>
						<row0>	0.0000 0.0000 -1.0000 0.0000	</row0>
						<row1>	0.0000 1.0000 0.0000 0.0000	</row1>
						<row2>	1.0000 0.0000 0.0000 0.0000	</row2>
						<row3>	-0.1640 1.2037 1.9875 1.0000	</row3>
					</transform>
				</node>
				<node>
					<identifier>	MP_BM675_Antenna_MF_DF	</identifier>
					<transform>
						<row0>	1.0000 0.0000 0.0000 0.0000	</row0>
						<row1>	0.0000 1.0000 0.0000 0.0000	</row1>
						<row2>	0.0000 0.0000 1.0000 0.0000	</row2>
						<row3>	-0.0001 1.0164 0.6746 1.0000	</row3>
					</transform>
				</node>
				<node>
					<identifier>	MP_BM705_Ammunition_Box	</identifier>
					<transform>
						<row0>	0.8000 0.0000 0.0000 0.0000	</row0>
						<row1>	0.0000 0.8000 0.0000 0.0000	</row1>
						<row2>	0.0000 0.0000 0.8000 0.0000	</row2>
						<row3>	0.3139 0.8462 1.5180 1.0000	</row3>
					</transform>
				</node>
				<node>
					<identifier>	MP_BM705_Ammunition_Box_INDEX_1	</identifier>
					<transform>
						<row0>	0.8000 0.0000 0.0000 0.0000	</row0>
						<row1>	0.0000 0.8000 0.0000 0.0000	</row1>
						<row2>	0.0000 0.0000 0.8000 0.0000	</row2>
						<row3>	-0.3139 0.8462 1.5180 1.0000	</row3>
					</transform>
				</node>
				<node>
					<identifier>	MP_BM706_Ammunition_Box	</identifier>
					<transform>
						<row0>	0.0000 0.0000 0.5000 0.0000	</row0>
						<row1>	0.0000 0.5000 0.0000 0.0000	</row1>
						<row2>	-0.5000 0.0000 0.0000 0.0000	</row2>
						<row3>	0.3826 0.8457 1.3557 1.0000	</row3>
					</transform>
				</node>
				<node>
					<identifier>	MP_BM706_Ammunition_Box_INDEX_1	</identifier>
					<transform>
						<row0>	0.0000 0.0000 0.5000 0.0000	</row0>
						<row1>	0.0000 0.5000 0.0000 0.0000	</row1>
						<row2>	-0.5000 0.0000 0.0000 0.0000	</row2>
						<row3>	0.3823 0.8457 1.4348 1.0000	</row3>
					</transform>
				</node>
				<node>
					<identifier>	MP_BM706_Ammunition_Box_INDEX_2	</identifier>
					<transform>
						<row0>	0.0000 0.0000 0.5000 0.0000	</row0>
						<row1>	0.0000 0.5000 0.0000 0.0000	</row1>
						<row2>	-0.5000 0.0000 0.0000 0.0000	</row2>
						<row3>	0.3116 0.8457 1.4369 1.0000	</row3>
					</transform>
				</node>
				<node>
					<identifier>	MP_BM706_Ammunition_Box_INDEX_3	</identifier>
					<transform>
						<row0>	0.0000 0.0000 -0.5000 0.0000	</row0>
						<row1>	0.0000 0.5000 0.0000 0.0000	</row1>
						<row2>	0.5000 0.0000 0.0000 0.0000	</row2>
						<row3>	-0.3116 0.8457 1.4369 1.0000	</row3>
					</transform>
				</node>
				<node>
					<identifier>	MP_BM706_Ammunition_Box_INDEX_4	</identifier>
					<transform>
						<row0>	0.0000 0.0000 -0.5000 0.0000	</row0>
						<row1>	0.0000 0.5000 0.0000 0.0000	</row1>
						<row2>	0.5000 0.0000 0.0000 0.0000	</row2>
						<row3>	-0.3823 0.8457 1.4348 1.0000	</row3>
					</transform>
				</node>
				<node>
					<identifier>	MP_BM706_Ammunition_Box_INDEX_5	</identifier>
					<transform>
						<row0>	0.0000 0.0000 -0.5000 0.0000	</row0>
						<row1>	0.0000 0.5000 0.0000 0.0000	</row1>
						<row2>	0.5000 0.0000 0.0000 0.0000	</row2>
						<row3>	-0.3826 0.8457 1.3557 1.0000	</row3>
					</transform>
				</node>
				<node>
					<identifier>	MP_BM711_Flag_box	</identifier>
					<transform>
						<row0>	-1.0000 0.0000 0.0000 0.0000	</row0>
						<row1>	0.0000 1.0000 0.0000 0.0000	</row1>
						<row2>	0.0000 0.0000 -1.0000 0.0000	</row2>
						<row3>	-0.2407 0.9561 1.5368 1.0000	</row3>
					</transform>
				</node>
				<node>
					<identifier>	MP_BM711_Flag_box_INDEX_1	</identifier>
					<transform>
						<row0>	1.0000 0.0000 0.0000 0.0000	</row0>
						<row1>	0.0000 1.0000 0.0000 0.0000	</row1>
						<row2>	0.0000 0.0000 1.0000 0.0000	</row2>
						<row3>	0.0641 0.9561 1.3905 1.0000	</row3>
					</transform>
				</node>
				<node>
					<identifier>	MP_BM752_Deck_Hatch	</identifier>
					<transform>
						<row0>	-1.0000 0.0000 0.0000 0.0000	</row0>
						<row1>	0.0000 1.0000 0.0000 0.0000	</row1>
						<row2>	0.0000 0.0000 -1.0000 0.0000	</row2>
						<row3>	0.1502 0.4636 3.4281 1.0000	</row3>
					</transform>
				</node>
				<node>
					<identifier>	MP_BM752_Deck_Hatch_INDEX_1	</identifier>
					<transform>
						<row0>	1.0000 0.0000 0.0000 0.0000	</row0>
						<row1>	0.0000 1.0000 0.0000 0.0000	</row1>
						<row2>	0.0000 0.0000 1.0000 0.0000	</row2>
						<row3>	-0.1413 0.6150 2.5309 1.0000	</row3>
					</transform>
				</node>
				<node>
					<identifier>	MP_BM767_Deck_Hatch	</identifier>
					<transform>
						<row0>	-1.0000 0.0000 0.0000 0.0000	</row0>
						<row1>	0.0000 0.9994 -0.0342 0.0000	</row1>
						<row2>	0.0000 -0.0342 -0.9994 0.0000	</row2>
						<row3>	-0.0007 0.4808 4.1247 1.0000	</row3>
					</transform>
				</node>
				<node>
					<identifier>	MP_BM850_Signal_lamp_10in	</identifier>
					<transform>
						<row0>	0.0000 0.0000 1.0000 0.0000	</row0>
						<row1>	0.0000 1.0000 0.0000 0.0000	</row1>
						<row2>	-1.0000 0.0000 0.0000 0.0000	</row2>
						<row3>	0.4035 1.0386 1.4976 1.0000	</row3>
					</transform>
				</node>
				<node>
					<identifier>	MP_BM850_Signal_lamp_10in_INDEX_1	</identifier>
					<transform>
						<row0>	-0.9647 0.0000 0.2635 0.0000	</row0>
						<row1>	0.0000 1.0000 0.0000 0.0000	</row1>
						<row2>	-0.2635 0.0000 -0.9647 0.0000	</row2>
						<row3>	0.2168 1.0264 2.0437 1.0000	</row3>
					</transform>
				</node>
				<node>
					<identifier>	MP_BM850_Signal_lamp_10in_INDEX_2	</identifier>
					<transform>
						<row0>	0.0000 0.0000 -1.0000 0.0000	</row0>
						<row1>	0.0000 1.0000 0.0000 0.0000	</row1>
						<row2>	1.0000 0.0000 0.0000 0.0000	</row2>
						<row3>	-0.4035 1.0386 1.4976 1.0000	</row3>
					</transform>
				</node>
				<node>
					<identifier>	MP_BM850_Signal_lamp_10in_INDEX_3	</identifier>
					<transform>
						<row0>	-0.9647 0.0000 -0.2635 0.0000	</row0>
						<row1>	0.0000 1.0000 0.0000 0.0000	</row1>
						<row2>	0.2635 0.0000 -0.9647 0.0000	</row2>
						<row3>	-0.2168 1.0264 2.0437 1.0000	</row3>
					</transform>
				</node>
				<node>
					<identifier>	MP_BM851_Searchlight_20in	</identifier>
					<transform>
						<row0>	0.0000 0.0000 -1.0000 0.0000	</row0>
						<row1>	0.0000 1.0000 0.0000 0.0000	</row1>
						<row2>	1.0000 0.0000 0.0000 0.0000	</row2>
						<row3>	0.3726 0.9650 1.3592 1.0000	</row3>
					</transform>
				</node>
				<node>
					<identifier>	MP_BM851_Searchlight_20in_INDEX_1	</identifier>
					<transform>
						<row0>	0.0000 0.0000 1.0000 0.0000	</row0>
						<row1>	0.0000 1.0000 0.0000 0.0000	</row1>
						<row2>	-1.0000 0.0000 0.0000 0.0000	</row2>
						<row3>	-0.3759 0.9648 1.3657 1.0000	</row3>
					</transform>
				</node>
				<node>
					<identifier>	MP_BM851_Searchlight_20in_INDEX_2	</identifier>
					<transform>
						<row0>	0.0000 0.0000 -1.0000 0.0000	</row0>
						<row1>	0.0000 1.0000 0.0000 0.0000	</row1>
						<row2>	1.0000 0.0000 0.0000 0.0000	</row2>
						<row3>	0.2681 0.9550 1.9854 1.0000	</row3>
					</transform>
				</node>
				<node>
					<identifier>	MP_BM853_Visual_flashing_lantern	</identifier>
					<transform>
						<row0>	0.0000 0.0000 -0.9000 0.0000	</row0>
						<row1>	0.0000 0.9000 0.0000 0.0000	</row1>
						<row2>	0.9000 0.0000 0.0000 0.0000	</row2>
						<row3>	0.1021 1.6311 1.4688 1.0000	</row3>
					</transform>
				</node>
				<node>
					<identifier>	MP_BM853_Visual_flashing_lantern_INDEX_1	</identifier>
					<transform>
						<row0>	0.0000 0.0000 0.9000 0.0000	</row0>
						<row1>	0.0000 0.9000 0.0000 0.0000	</row1>
						<row2>	-0.9000 0.0000 0.0000 0.0000	</row2>
						<row3>	-0.1021 1.6311 1.4688 1.0000	</row3>
					</transform>
				</node>
				<node>
					<identifier>	MP_BM854_Running_Lights_R	</identifier>
					<transform>
						<row0>	1.0000 0.0000 0.0000 0.0000	</row0>
