<ASA007_Hornet_1942_MidFront_ep.skel_ext>
	<exported>	false	</exported>
	<node>
		<identifier>	EP_Death_1	</identifier>
		<parent>	Scene Root	</parent>
		<transform>
			<row0>	1.0000 0.0000 0.0000 0.0000	</row0>
			<row1>	0.0000 1.0000 0.0000 0.0000	</row1>
			<row2>	0.0000 0.0000 1.0000 0.0000	</row2>
			<row3>	0.0000 0.0000 4.3650 1.0000	</row3>
		</transform>
	</node>
	<node>
		<identifier>	EP_Death_2	</identifier>
		<parent>	Scene Root	</parent>
		<transform>
			<row0>	1.0000 0.0000 0.0000 0.0000	</row0>
			<row1>	0.0000 1.0000 0.0000 0.0000	</row1>
			<row2>	0.0000 0.0000 1.0000 0.0000	</row2>
			<row3>	0.0000 0.0000 -0.1074 1.0000	</row3>
		</transform>
	</node>
	<node>
		<identifier>	EP_Fire_2	</identifier>
		<parent>	Scene Root	</parent>
		<transform>
			<row0>	0.0110 0.0016 -0.9999 0.0000	</row0>
			<row1>	-0.1398 0.9902 0.0000 0.0000	</row1>
			<row2>	0.9901 0.1398 0.0111 0.0000	</row2>
			<row3>	-0.5775 1.0907 2.0702 1.0000	</row3>
		</transform>
	</node>
	<node>
		<identifier>	EP_Fire_2_side_1	</identifier>
		<parent>	Scene Root	</parent>
		<transform>
			<row0>	0.9013 -0.2617 0.3451 0.0000	</row0>
			<row1>	0.2788 0.9603 0.0000 0.0000	</row1>
			<row2>	-0.3314 0.0962 0.9386 0.0000	</row2>
			<row3>	0.9499 1.2901 2.5061 1.0000	</row3>
		</transform>
	</node>
	<node>
		<identifier>	EP_Fire_2_side_2	</identifier>
		<parent>	Scene Root	</parent>
		<transform>
			<row0>	1.0000 0.0000 0.0000 0.0000	</row0>
			<row1>	0.0000 1.0000 0.0000 0.0000	</row1>
			<row2>	0.0000 0.0000 1.0000 0.0000	</row2>
			<row3>	-0.0611 1.0990 0.3584 1.0000	</row3>
		</transform>
	</node>
	<node>
		<identifier>	EP_Flood_steam_1	</identifier>
		<parent>	Scene Root	</parent>
		<transform>
			<row0>	0.3633 -0.9317 0.0000 0.0000	</row0>
			<row1>	0.9317 0.3633 0.0000 0.0000	</row1>
			<row2>	0.0000 0.0000 1.0000 0.0000	</row2>
			<row3>	0.9095 2.0460 0.3048 1.0000	</row3>
		</transform>
	</node>
	<node>
		<identifier>	EP_Flood_steam_2	</identifier>
		<parent>	Scene Root	</parent>
		<transform>
			<row0>	0.2980 -0.9546 0.0000 0.0000	</row0>
			<row1>	0.9546 0.2980 0.0000 0.0000	</row1>
			<row2>	0.0000 0.0000 1.0000 0.0000	</row2>
			<row3>	0.9095 2.0460 -0.2481 1.0000	</row3>
		</transform>
	</node>
	<node>
		<identifier>	EP_Flood_steam_left	</identifier>
		<parent>	Scene Root	</parent>
		<transform>
			<row0>	-0.9863 0.0000 0.1648 0.0000	</row0>
			<row1>	0.0000 1.0000 0.0000 0.0000	</row1>
			<row2>	-0.1648 0.0000 -0.9863 0.0000	</row2>
			<row3>	-0.8833 0.6973 4.6061 1.0000	</row3>
		</transform>
	</node>
	<node>
		<identifier>	EP_Flood_water_left_3	</identifier>
		<parent>	Scene Root	</parent>
		<transform>
			<row0>	-0.9917 0.0000 0.1283 0.0000	</row0>
			<row1>	0.0000 1.0000 0.0000 0.0000	</row1>
			<row2>	-0.1283 0.0000 -0.9917 0.0000	</row2>
			<row3>	-0.5062 0.1012 4.2609 1.0000	</row3>
		</transform>
	</node>
	<node>
		<identifier>	EP_Flood_water_right_3	</identifier>
		<parent>	Scene Root	</parent>
		<transform>
			<row0>	0.9881 0.0000 0.1541 0.0000	</row0>
			<row1>	0.0000 1.0000 0.0000 0.0000	</row1>
			<row2>	-0.1541 0.0000 0.9881 0.0000	</row2>
			<row3>	0.5055 0.1011 4.2619 1.0000	</row3>
		</transform>
	</node>
	<node>
		<identifier>	EP_Smoke_1	</identifier>
		<parent>	Scene Root	</parent>
		<transform>
			<row0>	0.8171 -0.0705 0.5721 0.0000	</row0>
			<row1>	0.0578 0.9975 0.0404 0.0000	</row1>
			<row2>	-0.5736 0.0000 0.8192 0.0000	</row2>
			<row3>	0.7326 2.1249 0.3668 1.0000	</row3>
		</transform>
	</node>
	<node>
		<identifier>	EP_Smoke_2	</identifier>
		<parent>	Scene Root	</parent>
		<transform>
			<row0>	0.9976 0.0698 0.0000 0.0000	</row0>
			<row1>	-0.0698 0.9976 0.0000 0.0000	</row1>
			<row2>	0.0000 0.0000 1.0000 0.0000	</row2>
			<row3>	0.7317 2.1244 0.0376 1.0000	</row3>
		</transform>
	</node>
	<node>
		<identifier>	EP_Smoke_3	</identifier>
		<parent>	Scene Root	</parent>
		<transform>
			<row0>	0.8160 -0.0870 -0.5714 0.0000	</row0>
			<row1>	0.0713 0.9962 -0.0499 0.0000	</row1>
			<row2>	0.5736 0.0000 0.8192 0.0000	</row2>
			<row3>	0.7316 2.1249 -0.2929 1.0000	</row3>
		</transform>
	</node>
</ASA007_Hornet_1942_MidFront_ep.skel_ext>
