<ASA007_Hornet_1942_MidBack.skel_ext>
	<exported>	true	</exported>
	<node>
		<identifier>	MP_AM095_Motor_boat_40ft	</identifier>
		<parent>	Scene Root	</parent>
		<transform>
			<row0>	-1.0000 0.0000 0.0000 0.0000	</row0>
			<row1>	0.0000 1.0000 0.0061 0.0000	</row1>
			<row2>	0.0000 0.0061 -1.0000 0.0000	</row2>
			<row3>	-0.8624 0.6383 -4.2278 1.0000	</row3>
		</transform>
	</node>
	<node>
		<identifier>	MP_AM097_Motor_launch_50ft	</identifier>
		<parent>	Scene Root	</parent>
		<transform>
			<row0>	1.0000 0.0000 0.0000 0.0000	</row0>
			<row1>	0.0000 1.0000 0.0000 0.0000	</row1>
			<row2>	0.0000 0.0000 1.0000 0.0000	</row2>
			<row3>	0.8552 0.6213 -4.2158 1.0000	</row3>
		</transform>
	</node>
	<node>
		<identifier>	MP_AM135_Boat_9	</identifier>
		<parent>	Scene Root	</parent>
		<transform>
			<row0>	0.0000 -1.0000 0.0000 0.0000	</row0>
			<row1>	1.0000 0.0000 0.0000 0.0000	</row1>
			<row2>	0.0000 0.0000 1.0000 0.0000	</row2>
			<row3>	0.9347 0.8560 -2.3368 1.0000	</row3>
		</transform>
	</node>
	<node>
		<identifier>	MP_AM157_Telephone	</identifier>
		<parent>	Scene Root	</parent>
		<transform>
			<row0>	0.0772 0.0000 -0.9970 0.0000	</row0>
			<row1>	0.0000 1.0000 0.0000 0.0000	</row1>
			<row2>	0.9970 0.0000 0.0772 0.0000	</row2>
			<row3>	-0.9146 1.0403 -2.9766 1.0000	</row3>
		</transform>
	</node>
	<node>
		<identifier>	MP_AM157_Telephone_INDEX_1	</identifier>
		<parent>	Scene Root	</parent>
		<transform>
			<row0>	0.0000 0.0000 1.0000 0.0000	</row0>
			<row1>	0.0000 1.0000 0.0000 0.0000	</row1>
			<row2>	-1.0000 0.0000 0.0000 0.0000	</row2>
			<row3>	0.7753 1.0674 -3.5196 1.0000	</row3>
		</transform>
	</node>
	<node>
		<identifier>	MP_AM157_Telephone_INDEX_2	</identifier>
		<parent>	Scene Root	</parent>
		<transform>
			<row0>	0.0000 0.0000 1.0000 0.0000	</row0>
			<row1>	0.0000 1.0000 0.0000 0.0000	</row1>
			<row2>	-1.0000 0.0000 0.0000 0.0000	</row2>
			<row3>	0.7753 1.0548 -3.2320 1.0000	</row3>
		</transform>
	</node>
	<node>
		<identifier>	MP_AM157_Telephone_INDEX_3	</identifier>
		<parent>	Scene Root	</parent>
		<transform>
			<row0>	0.0772 0.0000 -0.9970 0.0000	</row0>
			<row1>	0.0000 1.0000 0.0000 0.0000	</row1>
			<row2>	0.9970 0.0000 0.0772 0.0000	</row2>
			<row3>	-0.8687 1.0526 -3.5695 1.0000	</row3>
		</transform>
	</node>
	<node>
		<identifier>	MP_AM157_Telephone_INDEX_4	</identifier>
		<parent>	Scene Root	</parent>
		<transform>
			<row0>	0.0000 0.0000 1.0000 0.0000	</row0>
			<row1>	0.0000 1.0000 0.0000 0.0000	</row1>
			<row2>	-1.0000 0.0000 0.0000 0.0000	</row2>
			<row3>	0.7754 1.0205 -2.5975 1.0000	</row3>
		</transform>
	</node>
	<node>
		<identifier>	MP_AM157_Telephone_INDEX_5	</identifier>
		<parent>	Scene Root	</parent>
		<transform>
			<row0>	0.0000 0.0000 1.0000 0.0000	</row0>
			<row1>	0.0000 1.0000 0.0000 0.0000	</row1>
			<row2>	-1.0000 0.0000 0.0000 0.0000	</row2>
			<row3>	0.7753 1.0674 -3.9670 1.0000	</row3>
		</transform>
	</node>
	<node>
		<identifier>	MP_AM209_Boat_Winch	</identifier>
		<parent>	Scene Root	</parent>
		<transform>
			<row0>	0.0000 0.0000 -1.0000 0.0000	</row0>
			<row1>	0.0000 1.0000 0.0000 0.0000	</row1>
			<row2>	1.0000 0.0000 0.0000 0.0000	</row2>
			<row3>	0.7913 0.5412 -4.8631 1.0000	</row3>
		</transform>
	</node>
	<node>
		<identifier>	MP_AM209_Boat_Winch_INDEX_1	</identifier>
		<parent>	Scene Root	</parent>
		<transform>
			<row0>	0.0000 0.0000 1.0000 0.0000	</row0>
			<row1>	0.0000 1.0000 0.0000 0.0000	</row1>
			<row2>	-1.0000 0.0000 0.0000 0.0000	</row2>
			<row3>	-0.7913 0.5412 -4.8631 1.0000	</row3>
		</transform>
	</node>
	<node>
		<identifier>	MP_AM341_Motor_boat_35ft	</identifier>
		<parent>	Scene Root	</parent>
		<transform>
			<row0>	1.0000 0.0000 0.0000 0.0000	</row0>
			<row1>	0.0000 1.0000 0.0000 0.0000	</row1>
			<row2>	0.0000 0.0000 1.0000 0.0000	</row2>
			<row3>	-0.8752 0.6139 -3.2291 1.0000	</row3>
		</transform>
	</node>
	<node>
		<identifier>	MP_AM484_Ammo_hoist	</identifier>
		<parent>	Scene Root	</parent>
		<transform>
			<row0>	1.0000 0.0000 0.0000 0.0000	</row0>
			<row1>	0.0000 1.0000 0.0000 0.0000	</row1>
			<row2>	0.0000 0.0000 1.0000 0.0000	</row2>
			<row3>	-0.7567 0.5412 -3.6080 1.0000	</row3>
		</transform>
	</node>
	<node>
		<identifier>	MP_AM527_Whaleboat_26ft	</identifier>
		<parent>	Scene Root	</parent>
		<transform>
			<row0>	1.0000 0.0000 0.0000 0.0000	</row0>
			<row1>	0.0000 1.0000 0.0000 0.0000	</row1>
			<row2>	0.0000 0.0000 1.0000 0.0000	</row2>
			<row3>	0.8599 0.6964 -4.0717 1.0000	</row3>
		</transform>
	</node>
	<node>
		<identifier>	MP_AM559_Alarm_Tool	</identifier>
		<parent>	Scene Root	</parent>
		<transform>
			<row0>	0.0000 0.0000 -1.0000 0.0000	</row0>
			<row1>	0.0000 1.0000 0.0000 0.0000	</row1>
			<row2>	1.0000 0.0000 0.0000 0.0000	</row2>
			<row3>	0.7770 1.0395 -3.0308 1.0000	</row3>
		</transform>
	</node>
	<node>
		<identifier>	MP_AM559_Alarm_Tool_INDEX_1	</identifier>
		<parent>	Scene Root	</parent>
		<transform>
			<row0>	0.0000 0.0000 -1.0000 0.0000	</row0>
			<row1>	0.0000 1.0000 0.0000 0.0000	</row1>
			<row2>	1.0000 0.0000 0.0000 0.0000	</row2>
			<row3>	0.7770 1.0526 -5.0590 1.0000	</row3>
		</transform>
	</node>
	<node>
		<identifier>	MP_AM559_Alarm_Tool_INDEX_2	</identifier>
		<parent>	Scene Root	</parent>
		<transform>
			<row0>	-0.0728 0.0000 0.9973 0.0000	</row0>
			<row1>	0.0000 1.0000 0.0000 0.0000	</row1>
			<row2>	-0.9973 0.0000 -0.0728 0.0000	</row2>
			<row3>	-0.8634 1.0442 -3.6587 1.0000	</row3>
		</transform>
	</node>
	<node>
		<identifier>	MP_AM720_Helmets_Rack	</identifier>
		<parent>	Scene Root	</parent>
		<transform>
			<row0>	0.0000 0.0000 -1.0000 0.0000	</row0>
			<row1>	0.0000 1.0000 0.0000 0.0000	</row1>
			<row2>	1.0000 0.0000 0.0000 0.0000	</row2>
			<row3>	0.7762 1.0230 -3.6506 1.0000	</row3>
		</transform>
	</node>
	<node>
		<identifier>	MP_AM720_Helmets_Rack_INDEX_1	</identifier>
		<parent>	Scene Root	</parent>
		<transform>
			<row0>	0.0000 0.0000 -1.0000 0.0000	</row0>
			<row1>	0.0000 1.0000 0.0000 0.0000	</row1>
			<row2>	1.0000 0.0000 0.0000 0.0000	</row2>
			<row3>	0.7762 1.0230 -3.5481 1.0000	</row3>
		</transform>
	</node>
	<node>
		<identifier>	MP_AM720_Helmets_Rack_INDEX_2	</identifier>
		<parent>	Scene Root	</parent>
		<transform>
			<row0>	0.0000 0.0000 -1.0000 0.0000	</row0>
			<row1>	0.0000 1.0000 0.0000 0.0000	</row1>
			<row2>	1.0000 0.0000 0.0000 0.0000	</row2>
			<row3>	0.7762 0.9986 -3.1294 1.0000	</row3>
		</transform>
	</node>
	<node>
		<identifier>	MP_AM720_Helmets_Rack_INDEX_3	</identifier>
		<parent>	Scene Root	</parent>
		<transform>
			<row0>	0.0000 0.0000 -1.0000 0.0000	</row0>
			<row1>	0.0000 1.0000 0.0000 0.0000	</row1>
			<row2>	1.0000 0.0000 0.0000 0.0000	</row2>
			<row3>	0.7762 1.0230 -5.0109 1.0000	</row3>
		</transform>
	</node>
	<node>
		<identifier>	MP_AM723_Ammobox	</identifier>
		<parent>	Scene Root	</parent>
		<transform>
			<row0>	0.0000 0.0000 1.0000 0.0000	</row0>
			<row1>	0.0000 1.0000 0.0000 0.0000	</row1>
			<row2>	-1.0000 0.0000 0.0000 0.0000	</row2>
			<row3>	0.7981 1.0092 -4.0203 1.0000	</row3>
		</transform>
	</node>
	<node>
		<identifier>	MP_AM723_Ammobox_INDEX_1	</identifier>
		<parent>	Scene Root	</parent>
		<transform>
			<row0>	0.0000 0.0000 1.0000 0.0000	</row0>
			<row1>	0.0000 1.0000 0.0000 0.0000	</row1>
			<row2>	-1.0000 0.0000 0.0000 0.0000	</row2>
			<row3>	0.8009 0.9686 -3.0253 1.0000	</row3>
		</transform>
	</node>
	<node>
		<identifier>	MP_AM723_Ammobox_INDEX_2	</identifier>
		<parent>	Scene Root	</parent>
		<transform>
			<row0>	0.0444 0.0000 -0.9990 0.0000	</row0>
			<row1>	0.0000 1.0000 0.0000 0.0000	</row1>
			<row2>	0.9990 0.0000 0.0444 0.0000	</row2>
			<row3>	-0.9308 1.0092 -3.6688 1.0000	</row3>
		</transform>
	</node>
	<node>
		<identifier>	MP_AM723_Ammobox_INDEX_3	</identifier>
		<parent>	Scene Root	</parent>
		<transform>
			<row0>	0.0444 0.0000 -0.9990 0.0000	</row0>
			<row1>	0.0000 1.0000 0.0000 0.0000	</row1>
			<row2>	0.9990 0.0000 0.0444 0.0000	</row2>
			<row3>	-0.9420 1.0092 -3.4157 1.0000	</row3>
		</transform>
	</node>
	<node>
		<identifier>	MP_AM723_Ammobox_INDEX_4	</identifier>
		<parent>	Scene Root	</parent>
		<transform>
			<row0>	0.0444 0.0000 -0.9990 0.0000	</row0>
			<row1>	0.0000 1.0000 0.0000 0.0000	</row1>
			<row2>	0.9990 0.0000 0.0444 0.0000	</row2>
			<row3>	-0.9531 1.0092 -3.1909 1.0000	</row3>
		</transform>
	</node>
	<node>
		<identifier>	MP_AM723_Ammobox_INDEX_5	</identifier>
		<parent>	Scene Root	</parent>
		<transform>
			<row0>	0.0000 0.0000 1.0000 0.0000	</row0>
			<row1>	0.0000 1.0000 0.0000 0.0000	</row1>
			<row2>	-1.0000 0.0000 0.0000 0.0000	</row2>
			<row3>	0.7981 1.0092 -3.3402 1.0000	</row3>
		</transform>
	</node>
	<node>
		<identifier>	MP_AM723_Ammobox_INDEX_6	</identifier>
		<parent>	Scene Root	</parent>
		<transform>
			<row0>	0.0444 0.0000 -0.9990 0.0000	</row0>
			<row1>	0.0000 1.0000 0.0000 0.0000	</row1>
			<row2>	0.9990 0.0000 0.0444 0.0000	</row2>
			<row3>	-0.9197 1.0092 -3.9180 1.0000	</row3>
		</transform>
	</node>
	<node>
		<identifier>	MP_AM723_Ammobox_INDEX_7	</identifier>
		<parent>	Scene Root	</parent>
		<transform>
			<row0>	0.0000 0.0000 1.0000 0.0000	</row0>
			<row1>	0.0000 1.0000 0.0000 0.0000	</row1>
			<row2>	-1.0000 0.0000 0.0000 0.0000	</row2>
			<row3>	0.7981 1.0092 -4.9548 1.0000	</row3>
		</transform>
	</node>
	<node>
		<identifier>	MP_AM723_Ammobox_INDEX_8	</identifier>
		<parent>	Scene Root	</parent>
		<transform>
			<row0>	0.0444 0.0000 -0.9990 0.0000	</row0>
			<row1>	0.0000 1.0000 0.0000 0.0000	</row1>
			<row2>	0.9990 0.0000 0.0444 0.0000	</row2>
			<row3>	-0.9667 1.0092 -2.8829 1.0000	</row3>
		</transform>
	</node>
	<node>
		<identifier>	MP_AM723_Ammobox_INDEX_9	</identifier>
		<parent>	Scene Root	</parent>
		<transform>
			<row0>	0.0000 0.0000 1.0000 0.0000	</row0>
			<row1>	0.0000 1.0000 0.0000 0.0000	</row1>
			<row2>	-1.0000 0.0000 0.0000 0.0000	</row2>
			<row3>	0.7981 1.0092 -3.7738 1.0000	</row3>
		</transform>
	</node>
	<node>
		<identifier>	MP_CM011_Fire_Fighting_Gear	</identifier>
		<parent>	Scene Root	</parent>
		<transform>
			<row0>	1.0000 0.0000 0.0000 0.0000	</row0>
			<row1>	0.0000 1.0000 0.0000 0.0000	</row1>
			<row2>	0.0000 0.0000 1.0000 0.0000	</row2>
			<row3>	-0.8336 0.5434 -3.7406 1.0000	</row3>
		</transform>
	</node>
	<node>
		<identifier>	MP_CM011_Fire_Fighting_Gear_INDEX_1	</identifier>
		<parent>	Scene Root	</parent>
		<transform>
			<row0>	1.0000 0.0000 0.0000 0.0000	</row0>
			<row1>	0.0000 1.0000 0.0000 0.0000	</row1>
			<row2>	0.0000 0.0000 1.0000 0.0000	</row2>
			<row3>	0.8781 0.5422 -3.6922 1.0000	</row3>
		</transform>
	</node>
	<node>
		<identifier>	MP_CM012_Fire_Hose_Rack_1	</identifier>
		<parent>	Scene Root	</parent>
		<transform>
			<row0>	0.9971 0.0000 0.0765 0.0000	</row0>
			<row1>	0.0000 1.0000 0.0000 0.0000	</row1>
			<row2>	-0.0765 0.0000 0.9971 0.0000	</row2>
			<row3>	-0.7153 0.6091 -3.7692 1.0000	</row3>
		</transform>
	</node>
	<node>
		<identifier>	MP_CM012_Fire_Hose_Rack_1_INDEX_1	</identifier>
		<parent>	Scene Root	</parent>
		<transform>
			<row0>	0.0000 0.0000 1.0000 0.0000	</row0>
			<row1>	0.0000 1.0000 0.0000 0.0000	</row1>
			<row2>	-1.0000 0.0000 0.0000 0.0000	</row2>
			<row3>	0.8464 0.6144 -3.6857 1.0000	</row3>
		</transform>
	</node>
	<node>
		<identifier>	MP_CM029_Emergency_Box	</identifier>
		<parent>	Scene Root	</parent>
		<transform>
			<row0>	0.0685 0.0000 -0.9977 0.0000	</row0>
			<row1>	0.0000 1.0000 0.0000 0.0000	</row1>
			<row2>	0.9977 0.0000 0.0685 0.0000	</row2>
			<row3>	-0.9007 1.0259 -3.2354 1.0000	</row3>
		</transform>
	</node>
	<node>
		<identifier>	MP_CM029_Emergency_Box_INDEX_1	</identifier>
		<parent>	Scene Root	</parent>
		<transform>
			<row0>	0.0000 0.0000 1.0000 0.0000	</row0>
			<row1>	0.0000 1.0000 0.0000 0.0000	</row1>
			<row2>	-1.0000 0.0000 0.0000 0.0000	</row2>
			<row3>	0.7818 1.0663 -3.0978 1.0000	</row3>
		</transform>
	</node>
	<node>
		<identifier>	MP_CM029_Emergency_Box_INDEX_2	</identifier>
		<parent>	Scene Root	</parent>
		<transform>
			<row0>	0.0000 0.0000 1.0000 0.0000	</row0>
			<row1>	0.0000 1.0000 0.0000 0.0000	</row1>
			<row2>	-1.0000 0.0000 0.0000 0.0000	</row2>
			<row3>	0.7818 1.0663 -3.9004 1.0000	</row3>
		</transform>
	</node>
	<node>
		<identifier>	MP_CM029_Emergency_Box_INDEX_3	</identifier>
		<parent>	Scene Root	</parent>
		<transform>
			<row0>	0.0754 0.0000 -0.9972 0.0000	</row0>
			<row1>	0.0000 1.0000 0.0000 0.0000	</row1>
			<row2>	0.9972 0.0000 0.0754 0.0000	</row2>
			<row3>	-0.7840 1.0259 -4.7474 1.0000	</row3>
		</transform>
	</node>
	<node>
		<identifier>	MP_CM029_Emergency_Box_INDEX_4	</identifier>
		<parent>	Scene Root	</parent>
		<transform>
			<row0>	0.0685 0.0000 -0.9977 0.0000	</row0>
			<row1>	0.0000 1.0000 0.0000 0.0000	</row1>
			<row2>	0.9977 0.0000 0.0685 0.0000	</row2>
			<row3>	-0.8567 1.0259 -3.8098 1.0000	</row3>
		</transform>
	</node>
	<node>
		<identifier>	MP_CM126_Cleat	</identifier>
		<parent>	Scene Root	</parent>
		<transform>
			<row0>	0.9979 0.0000 0.0645 0.0000	</row0>
			<row1>	0.0000 1.0000 0.0000 0.0000	</row1>
			<row2>	-0.0645 0.0000 0.9979 0.0000	</row2>
			<row3>	-0.7990 0.5419 -3.4247 1.0000	</row3>
		</transform>
	</node>
	<node>
		<identifier>	SP_YMS011_YHWL_M_1_INDEX_1	</identifier>
		<parent>	Scene Root	</parent>
		<transform>
			<row0>	0.9999 0.0154 0.0041 0.0000	</row0>
			<row1>	-0.0154 0.9999 -0.0028 0.0000	</row1>
			<row2>	-0.0042 0.0027 1.0000 0.0000	</row2>
			<row3>	-0.8488 0.0000 -2.4989 1.0000	</row3>
		</transform>
	</node>
	<node>
		<identifier>	SP_YMS011_YHWL_M_1_INDEX_2	</identifier>
		<parent>	Scene Root	</parent>
		<transform>
			<row0>	0.9869 0.1607 0.0159 0.0000	</row0>
			<row1>	-0.1606 0.9870 -0.0050 0.0000	</row1>
			<row2>	-0.0164 0.0023 0.9999 0.0000	</row2>
			<row3>	-0.8295 -0.0006 -3.3443 1.0000	</row3>
		</transform>
	</node>
	<node>
		<identifier>	SP_YMS011_YHWL_M_1_INDEX_9	</identifier>
		<parent>	Scene Root	</parent>
		<transform>
			<row0>	0.9576 0.2867 0.0282 0.0000	</row0>
			<row1>	-0.2866 0.9580 -0.0102 0.0000	</row1>
			<row2>	-0.0299 0.0017 0.9996 0.0000	</row2>
			<row3>	-0.8039 -0.0025 -4.1875 1.0000	</row3>
		</transform>
	</node>
	<node>
		<identifier>	SP_YMS012_YHWR_M_1_INDEX_10	</identifier>
		<parent>	Scene Root	</parent>
		<transform>
			<row0>	0.9999 -0.0154 -0.0041 0.0000	</row0>
			<row1>	0.0154 0.9999 -0.0028 0.0000	</row1>
			<row2>	0.0042 0.0027 1.0000 0.0000	</row2>
			<row3>	0.8488 0.0000 -2.4989 1.0000	</row3>
		</transform>
	</node>
	<node>
		<identifier>	SP_YMS012_YHWR_M_1_INDEX_13	</identifier>
		<parent>	Scene Root	</parent>
		<transform>
			<row0>	0.9869 -0.1607 -0.0159 0.0000	</row0>
			<row1>	0.1606 0.9870 -0.0050 0.0000	</row1>
			<row2>	0.0164 0.0023 0.9999 0.0000	</row2>
			<row3>	0.8295 -0.0006 -3.3443 1.0000	</row3>
		</transform>
	</node>
	<node>
		<identifier>	SP_YMS012_YHWR_M_1_INDEX_7	</identifier>
		<parent>	Scene Root	</parent>
		<transform>
			<row0>	0.9576 -0.2867 -0.0282 0.0000	</row0>
			<row1>	0.2866 0.9580 -0.0102 0.0000	</row1>
			<row2>	0.0299 0.0017 0.9996 0.0000	</row2>
			<row3>	0.8039 -0.0025 -4.1875 1.0000	</row3>
		</transform>
	</node>
	<node>
		<identifier>	SP_YMS041_YHCS_M_1_INDEX_1	</identifier>
		<parent>	Scene Root	</parent>
		<transform>
			<row0>	1.3046 0.0000 0.0000 0.0000	</row0>
			<row1>	0.0000 1.3046 0.0000 0.0000	</row1>
			<row2>	0.0000 0.0000 1.3046 0.0000	</row2>
			<row3>	-0.8765 0.6806 -3.2518 1.0000	</row3>
		</transform>
	</node>
	<node>
		<identifier>	SP_YMS041_YHCS_M_1_INDEX_3	</identifier>
		<parent>	Scene Root	</parent>
		<transform>
			<row0>	1.2641 0.0000 0.0000 0.0000	</row0>
			<row1>	0.0000 1.2641 0.0000 0.0000	</row1>
			<row2>	0.0000 0.0000 1.2641 0.0000	</row2>
			<row3>	-0.8605 0.6739 -4.2171 1.0000	</row3>
		</transform>
	</node>
	<node>
		<identifier>	SP_YMS041_YHCS_M_1_INDEX_4	</identifier>
		<parent>	Scene Root	</parent>
		<transform>
			<row0>	1.6739 0.0000 0.0000 0.0000	</row0>
			<row1>	0.0000 1.6739 0.0000 0.0000	</row1>
			<row2>	0.0000 0.0000 1.6739 0.0000	</row2>
			<row3>	0.8552 0.6600 -4.2692 1.0000	</row3>
		</transform>
	</node>
	<node>
		<identifier>	SP_YMS057_YHDH_M_1	</identifier>
		<parent>	Scene Root	</parent>
		<transform>
			<row0>	1.1108 0.0000 0.0000 0.0000	</row0>
			<row1>	0.0000 1.1108 0.0000 0.0000	</row1>
			<row2>	0.0000 0.0000 1.2137 0.0000	</row2>
			<row3>	0.1570 1.0990 -1.9561 1.0000	</row3>
		</transform>
	</node>
	<node>
		<identifier>	SP_YMS061_YHGH_S_1_INDEX_4	</identifier>
		<parent>	Scene Root	</parent>
		<transform>
			<row0>	0.0000 0.0000 0.8427 0.0000	</row0>
			<row1>	0.0000 0.8427 0.0000 0.0000	</row1>
			<row2>	-0.8427 0.0000 0.0000 0.0000	</row2>
			<row3>	0.9520 1.0400 -3.1204 1.0000	</row3>
		</transform>
	</node>
	<node>
		<identifier>	SP_YMS061_YHGH_S_1_INDEX_7	</identifier>
		<parent>	Scene Root	</parent>
		<transform>
			<row0>	-0.1422 0.0000 0.6012 0.0000	</row0>
			<row1>	0.0000 0.6178 0.0000 0.0000	</row1>
			<row2>	-0.6012 0.0000 -0.1422 0.0000	</row2>
			<row3>	0.9131 1.0806 -4.8552 1.0000	</row3>
		</transform>
	</node>
	<node>
		<identifier>	SP_YMS063_YHGQ_S_1_INDEX_1	</identifier>
		<parent>	Scene Root	</parent>
		<transform>
			<row0>	0.0020 0.0000 -0.5236 0.0000	</row0>
			<row1>	0.0000 0.5236 0.0000 0.0000	</row1>
			<row2>	0.5236 0.0000 0.0020 0.0000	</row2>
			<row3>	-1.0357 1.0859 -4.0194 1.0000	</row3>
		</transform>
	</node>
	<node>
		<identifier>	SP_YMS063_YHGQ_S_1_INDEX_11	</identifier>
		<parent>	Scene Root	</parent>
		<transform>
			<row0>	0.0000 0.0000 -0.6561 0.0000	</row0>
			<row1>	0.0000 0.6561 0.0000 0.0000	</row1>
			<row2>	0.6561 0.0000 0.0000 0.0000	</row2>
			<row3>	-1.0439 1.0872 -3.2999 1.0000	</row3>
		</transform>
	</node>
	<node>
		<identifier>	SP_YMS063_YHGQ_S_1_INDEX_13	</identifier>
		<parent>	Scene Root	</parent>
		<transform>
			<row0>	0.0000 0.0000 -0.6561 0.0000	</row0>
			<row1>	0.0000 0.6561 0.0000 0.0000	</row1>
			<row2>	0.6561 0.0000 0.0000 0.0000	</row2>
			<row3>	-1.0252 1.0872 -3.7754 1.0000	</row3>
		</transform>
	</node>
	<node>
		<identifier>	SP_YMS063_YHGQ_S_1_INDEX_2	</identifier>
		<parent>	Scene Root	</parent>
		<transform>
			<row0>	0.0000 0.0000 -0.6561 0.0000	</row0>
			<row1>	0.0000 0.6561 0.0000 0.0000	</row1>
			<row2>	0.6561 0.0000 0.0000 0.0000	</row2>
			<row3>	-1.0586 1.0872 -3.0609 1.0000	</row3>
		</transform>
	</node>
	<node>
		<identifier>	SP_YMS063_YHGQ_S_1_INDEX_21	</identifier>
		<parent>	Scene Root	</parent>
		<transform>
			<row0>	0.0000 0.0000 0.6730 0.0000	</row0>
			<row1>	0.0000 0.6730 0.0000 0.0000	</row1>
			<row2>	-0.6730 0.0000 0.0000 0.0000	</row2>
			<row3>	0.9041 1.0859 -3.4748 1.0000	</row3>
		</transform>
	</node>
	<node>
		<identifier>	SP_YMS063_YHGQ_S_1_INDEX_25	</identifier>
		<parent>	Scene Root	</parent>
		<transform>
			<row0>	0.0000 0.0000 0.6317 0.0000	</row0>
			<row1>	0.0000 0.6317 0.0000 0.0000	</row1>
			<row2>	-0.6317 0.0000 0.0000 0.0000	</row2>
			<row3>	0.9134 1.0872 -3.9627 1.0000	</row3>
		</transform>
	</node>
	<node>
		<identifier>	SP_YMS063_YHGQ_S_1_INDEX_3	</identifier>
		<parent>	Scene Root	</parent>
		<transform>
			<row0>	0.0000 0.0000 -0.6561 0.0000	</row0>
			<row1>	0.0000 0.6561 0.0000 0.0000	</row1>
			<row2>	0.6561 0.0000 0.0000 0.0000	</row2>
			<row3>	-1.0332 1.0872 -3.5367 1.0000	</row3>
		</transform>
	</node>
	<node>
		<identifier>	SP_YMS063_YHGQ_S_1_INDEX_31	</identifier>
		<parent>	Scene Root	</parent>
		<transform>
			<row0>	0.0953 0.0000 0.5181 0.0000	</row0>
			<row1>	0.0000 0.5268 0.0000 0.0000	</row1>
			<row2>	-0.5181 0.0000 0.0953 0.0000	</row2>
			<row3>	0.9203 1.0411 -2.7812 1.0000	</row3>
		</transform>
	</node>
	<node>
		<identifier>	SP_YMS063_YHGQ_S_1_INDEX_4	</identifier>
		<parent>	Scene Root	</parent>
		<transform>
			<row0>	0.0000 0.0000 0.6317 0.0000	</row0>
			<row1>	0.0000 0.6317 0.0000 0.0000	</row1>
			<row2>	-0.6317 0.0000 0.0000 0.0000	</row2>
			<row3>	0.9134 1.0872 -3.7185 1.0000	</row3>
		</transform>
	</node>
	<node>
		<identifier>	SP_YMS072_YHHC_M_1	</identifier>
		<parent>	Scene Root	</parent>
		<transform>
			<row0>	0.0019 0.0000 -1.0000 0.0000	</row0>
			<row1>	-0.2477 0.9688 -0.0005 0.0000	</row1>
			<row2>	0.9688 0.2477 0.0018 0.0000	</row2>
			<row3>	-0.8163 0.2173 1.1708 1.0000	</row3>
		</transform>
	</node>
	<node>
		<identifier>	SP_YMS072_YHHC_M_1_INDEX_5	</identifier>
		<parent>	Scene Root	</parent>
		<transform>
			<row0>	0.0019 0.0000 -1.0000 0.0000	</row0>
			<row1>	-0.1569 0.9876 -0.0003 0.0000	</row1>
			<row2>	0.9876 0.1569 0.0019 0.0000	</row2>
			<row3>	-0.8276 0.2134 0.6375 1.0000	</row3>
		</transform>
	</node>
	<node>
		<identifier>	SP_YMS073_YHHC_M_2_INDEX_3	</identifier>
		<parent>	Scene Root	</parent>
		<transform>
			<row0>	-0.0067 -0.0016 -1.0000 0.0000	</row0>
			<row1>	-0.1804 0.9836 -0.0003 0.0000	</row1>
			<row2>	0.9836 0.1804 -0.0068 0.0000	</row2>
			<row3>	-0.8291 0.2134 0.9041 1.0000	</row3>
		</transform>
	</node>
	<node>
		<identifier>	SP_YMS080_YHSL_M_1_INDEX_1	</identifier>
		<parent>	Scene Root	</parent>
		<transform>
			<row0>	0.9769 0.2130 0.0154 0.0000	</row0>
			<row1>	-0.2130 0.9770 0.0000 0.0000	</row1>
			<row2>	-0.0150 -0.0033 0.9999 0.0000	</row2>
			<row3>	-0.8543 0.2444 -4.3027 1.0000	</row3>
		</transform>
	</node>
	<node>
		<identifier>	SP_YMS081_YHSR_M_1_INDEX_4	</identifier>
		<parent>	Scene Root	</parent>
		<transform>
			<row0>	0.9769 -0.2130 -0.0154 0.0000	</row0>
			<row1>	0.2130 0.9770 0.0000 0.0000	</row1>
			<row2>	0.0150 -0.0033 0.9999 0.0000	</row2>
			<row3>	0.8543 0.2444 -4.3027 1.0000	</row3>
		</transform>
	</node>
	<node>
		<identifier>	SP_YMS083_YHSC_L_1	</identifier>
		<parent>	Scene Root	</parent>
		<transform>
			<row0>	0.0074 0.0014 1.3350 0.0000	</row0>
			<row1>	0.3602 1.2855 -0.0034 0.0000	</row1>
			<row2>	-1.2855 0.3602 0.0068 0.0000	</row2>
			<row3>	0.9286 0.5560 -3.5127 1.0000	</row3>
		</transform>
	</node>
	<node>
		<identifier>	SP_YMS083_YHSC_L_1_INDEX_3	</identifier>
		<parent>	Scene Root	</parent>
		<transform>
			<row0>	0.0074 -0.0014 -1.3350 0.0000	</row0>
			<row1>	-0.3844 1.2785 -0.0035 0.0000	</row1>
			<row2>	1.2784 0.3844 0.0067 0.0000	</row2>
			<row3>	-0.9289 0.5411 -3.2876 1.0000	</row3>
		</transform>
	</node>
	<node>
		<identifier>	SP_YMS084_YHSC_L_2_INDEX_2	</identifier>
		<parent>	Scene Root	</parent>
		<transform>
			<row0>	-0.0023 -0.0012 1.3350 0.0000	</row0>
			<row1>	0.3749 1.2813 0.0018 0.0000	</row1>
			<row2>	-1.2813 0.3749 -0.0019 0.0000	</row2>
			<row3>	0.9401 0.5518 -2.3527 1.0000	</row3>
		</transform>
	</node>
</ASA007_Hornet_1942_MidBack.skel_ext>
