<GSC302_Hildebrand_1945_MidFront_ports.visual>
	<skeleton>
		<node>
			<identifier>	Scene Root	</identifier>
			<transform>
				<row0>	1.0000 0.0000 0.0000 0.0000	</row0>
				<row1>	0.0000 1.0000 0.0000 0.0000	</row1>
				<row2>	0.0000 0.0000 1.0000 0.0000	</row2>
				<row3>	0.0000 0.0000 0.0000 1.0000	</row3>
			</transform>
			<node>
				<identifier>	MidFront_ports	</identifier>
				<transform>
					<row0>	1.0000 0.0000 0.0000 0.0000	</row0>
					<row1>	0.0000 1.0000 0.0000 0.0000	</row1>
					<row2>	0.0000 0.0000 1.0000 0.0000	</row2>
					<row3>	0.0000 0.0000 0.0000 1.0000	</row3>
				</transform>
				<node>
					<identifier>	HP_DeckStart	</identifier>
					<transform>
						<row0>	1.0000 0.0000 0.0000 0.0000	</row0>
						<row1>	0.0000 1.0000 0.0000 0.0000	</row1>
						<row2>	0.0000 0.0000 1.0000 0.0000	</row2>
						<row3>	0.0000 0.9566 1.0280 1.0000	</row3>
					</transform>
				</node>
				<node>
					<identifier>	HP_FX_Death_1	</identifier>
					<transform>
						<row0>	1.0000 0.0000 0.0000 0.0000	</row0>
						<row1>	0.0000 1.0000 0.0000 0.0000	</row1>
						<row2>	0.0000 0.0000 1.0000 0.0000	</row2>
						<row3>	0.0000 0.0000 5.3285 1.0000	</row3>
					</transform>
				</node>
				<node>
					<identifier>	HP_FX_Death_2	</identifier>
					<transform>
						<row0>	1.0000 0.0000 0.0000 0.0000	</row0>
						<row1>	0.0000 1.0000 0.0000 0.0000	</row1>
						<row2>	0.0000 0.0000 1.0000 0.0000	</row2>
						<row3>	0.0000 0.0000 -0.4415 1.0000	</row3>
					</transform>
				</node>
				<node>
					<identifier>	HP_FX_Fire_2	</identifier>
					<transform>
						<row0>	1.0000 0.0000 0.0000 0.0000	</row0>
						<row1>	0.0000 1.0000 0.0000 0.0000	</row1>
						<row2>	0.0000 0.0000 1.0000 0.0000	</row2>
						<row3>	0.0000 0.9960 0.9987 1.0000	</row3>
					</transform>
				</node>
				<node>
					<identifier>	HP_FX_Fire_2_side_1	</identifier>
					<transform>
						<row0>	1.0000 0.0000 0.0000 0.0000	</row0>
						<row1>	0.0000 1.0000 0.0000 0.0000	</row1>
						<row2>	0.0000 0.0000 1.0000 0.0000	</row2>
						<row3>	-0.7041 0.6812 2.0582 1.0000	</row3>
					</transform>
				</node>
				<node>
					<identifier>	HP_FX_Fire_2_side_2	</identifier>
					<transform>
						<row0>	1.0000 0.0000 0.0000 0.0000	</row0>
						<row1>	0.0000 1.0000 0.0000 0.0000	</row1>
						<row2>	0.0000 0.0000 1.0000 0.0000	</row2>
						<row3>	0.7449 0.6900 1.6404 1.0000	</row3>
					</transform>
				</node>
				<node>
					<identifier>	HP_FX_FloodLight_left_1	</identifier>
					<transform>
						<row0>	-1.0000 0.0000 0.0000 0.0000	</row0>
						<row1>	0.0000 1.0000 0.0000 0.0000	</row1>
						<row2>	0.0000 0.0000 -1.0000 0.0000	</row2>
						<row3>	-0.6107 0.5754 0.3046 1.0000	</row3>
					</transform>
				</node>
				<node>
					<identifier>	HP_FX_FloodLight_right_1	</identifier>
					<transform>
						<row0>	1.0000 0.0000 0.0000 0.0000	</row0>
						<row1>	0.0000 1.0000 0.0000 0.0000	</row1>
						<row2>	0.0000 0.0000 1.0000 0.0000	</row2>
						<row3>	0.6112 0.5737 0.3053 1.0000	</row3>
					</transform>
				</node>
				<node>
					<identifier>	HP_FX_Flood_water_left_4	</identifier>
					<transform>
						<row0>	-0.9999 0.0000 -0.0124 0.0000	</row0>
						<row1>	0.0000 1.0000 0.0000 0.0000	</row1>
						<row2>	0.0124 0.0000 -0.9999 0.0000	</row2>
						<row3>	-1.0025 0.1197 0.4259 1.0000	</row3>
					</transform>
				</node>
				<node>
					<identifier>	HP_FX_Flood_water_right_4	</identifier>
					<transform>
						<row0>	0.9990 0.0000 0.0442 0.0000	</row0>
						<row1>	0.0000 1.0000 0.0000 0.0000	</row1>
						<row2>	-0.0442 0.0000 0.9990 0.0000	</row2>
						<row3>	1.0025 0.1310 0.4258 1.0000	</row3>
					</transform>
				</node>
				<node>
					<identifier>	HP_FX_RepairLight_left_1	</identifier>
					<transform>
						<row0>	0.0921 0.0000 0.9957 0.0000	</row0>
						<row1>	0.0000 1.0000 0.0000 0.0000	</row1>
						<row2>	-0.9957 0.0000 0.0921 0.0000	</row2>
						<row3>	-0.8571 0.4531 4.1563 1.0000	</row3>
					</transform>
				</node>
				<node>
					<identifier>	HP_FX_RepairLight_right_1	</identifier>
					<transform>
						<row0>	0.0619 0.0000 -0.9981 0.0000	</row0>
						<row1>	0.0000 1.0000 0.0000 0.0000	</row1>
						<row2>	0.9981 0.0000 0.0619 0.0000	</row2>
						<row3>	0.8920 0.4422 3.6788 1.0000	</row3>
					</transform>
				</node>
				<node>
					<identifier>	HP_GF_1	</identifier>
					<transform>
						<row0>	0.9659 0.0000 0.2588 0.0000	</row0>
						<row1>	0.0000 1.0000 0.0000 0.0000	</row1>
						<row2>	-0.2588 0.0000 0.9659 0.0000	</row2>
						<row3>	-0.7671 0.7962 0.6346 1.0000	</row3>
					</transform>
				</node>
				<node>
					<identifier>	HP_GF_2	</identifier>
					<transform>
						<row0>	0.9659 0.0000 -0.2588 0.0000	</row0>
						<row1>	0.0000 1.0000 0.0000 0.0000	</row1>
						<row2>	0.2588 0.0000 0.9659 0.0000	</row2>
						<row3>	0.7671 0.7962 0.6346 1.0000	</row3>
					</transform>
				</node>
				<node>
					<identifier>	HP_GGA_1	</identifier>
					<transform>
						<row0>	1.0000 0.0000 0.0000 0.0000	</row0>
						<row1>	0.0000 1.0000 0.0000 0.0000	</row1>
						<row2>	0.0000 0.0000 1.0000 0.0000	</row2>
						<row3>	-0.4639 0.5198 5.2286 1.0000	</row3>
					</transform>
				</node>
				<node>
					<identifier>	HP_GGA_2	</identifier>
					<transform>
						<row0>	1.0000 0.0000 0.0000 0.0000	</row0>
						<row1>	0.0000 1.0000 0.0000 0.0000	</row1>
						<row2>	0.0000 0.0000 1.0000 0.0000	</row2>
						<row3>	0.4639 0.5198 5.2286 1.0000	</row3>
					</transform>
				</node>
				<node>
					<identifier>	HP_GGA_3	</identifier>
					<transform>
						<row0>	0.7071 0.0000 0.7071 0.0000	</row0>
						<row1>	0.0000 1.0000 0.0000 0.0000	</row1>
						<row2>	-0.7071 0.0000 0.7071 0.0000	</row2>
						<row3>	-0.5784 0.4697 3.3529 1.0000	</row3>
					</transform>
				</node>
				<node>
					<identifier>	HP_GGA_4	</identifier>
					<transform>
						<row0>	0.7071 0.0000 -0.7071 0.0000	</row0>
						<row1>	0.0000 1.0000 0.0000 0.0000	</row1>
						<row2>	0.7071 0.0000 0.7071 0.0000	</row2>
						<row3>	0.5784 0.4697 3.3529 1.0000	</row3>
					</transform>
				</node>
				<node>
					<identifier>	HP_GGA_5	</identifier>
					<transform>
						<row0>	0.7071 0.0000 0.7071 0.0000	</row0>
						<row1>	0.0000 1.0000 0.0000 0.0000	</row1>
						<row2>	-0.7071 0.0000 0.7071 0.0000	</row2>
						<row3>	-0.4360 0.5960 2.0889 1.0000	</row3>
					</transform>
				</node>
				<node>
					<identifier>	HP_GGA_6	</identifier>
					<transform>
						<row0>	0.7071 0.0000 -0.7071 0.0000	</row0>
						<row1>	0.0000 1.0000 0.0000 0.0000	</row1>
						<row2>	0.7071 0.0000 0.7071 0.0000	</row2>
						<row3>	0.4360 0.5960 2.0889 1.0000	</row3>
					</transform>
				</node>
				<node>
					<identifier>	HP_GGA_7	</identifier>
					<transform>
						<row0>	0.7071 0.0000 0.7071 0.0000	</row0>
						<row1>	0.0000 1.0000 0.0000 0.0000	</row1>
						<row2>	-0.7071 0.0000 0.7071 0.0000	</row2>
						<row3>	-0.5442 0.5935 1.8124 1.0000	</row3>
					</transform>
				</node>
				<node>
					<identifier>	HP_GGA_8	</identifier>
					<transform>
						<row0>	0.7071 0.0000 -0.7071 0.0000	</row0>
						<row1>	0.0000 1.0000 0.0000 0.0000	</row1>
						<row2>	0.7071 0.0000 0.7071 0.0000	</row2>
						<row3>	0.5442 0.5935 1.8124 1.0000	</row3>
					</transform>
				</node>
				<node>
					<identifier>	HP_GGM_1	</identifier>
					<transform>
						<row0>	1.0000 0.0000 0.0000 0.0000	</row0>
						<row1>	0.0000 1.0000 0.0000 0.0000	</row1>
						<row2>	0.0000 0.0000 1.0000 0.0000	</row2>
						<row3>	0.0000 0.5169 3.9055 1.0000	</row3>
					</transform>
				</node>
				<node>
					<identifier>	HP_GGM_2	</identifier>
					<transform>
						<row0>	1.0000 0.0000 0.0000 0.0000	</row0>
						<row1>	0.0000 1.0000 0.0000 0.0000	</row1>
						<row2>	0.0000 0.0000 1.0000 0.0000	</row2>
						<row3>	0.0000 0.6867 2.6715 1.0000	</row3>
					</transform>
				</node>
				<node>
					<identifier>	HP_GGS_1	</identifier>
					<transform>
						<row0>	0.9945 0.0000 0.1045 0.0000	</row0>
						<row1>	0.0000 1.0000 0.0000 0.0000	</row1>
						<row2>	-0.1045 0.0000 0.9945 0.0000	</row2>
						<row3>	-0.6389 0.4544 2.2701 1.0000	</row3>
					</transform>
				</node>
				<node>
					<identifier>	HP_GGS_2	</identifier>
					<transform>
						<row0>	0.9945 0.0000 -0.1045 0.0000	</row0>
						<row1>	0.0000 1.0000 0.0000 0.0000	</row1>
						<row2>	0.1045 0.0000 0.9945 0.0000	</row2>
						<row3>	0.6389 0.4544 2.2701 1.0000	</row3>
					</transform>
				</node>
				<node>
					<identifier>	HP_GGS_3	</identifier>
					<transform>
						<row0>	0.9744 0.0000 0.2250 0.0000	</row0>
						<row1>	0.0000 1.0000 0.0000 0.0000	</row1>
						<row2>	-0.2250 0.0000 0.9744 0.0000	</row2>
						<row3>	-0.7286 0.4480 1.6042 1.0000	</row3>
					</transform>
				</node>
				<node>
					<identifier>	HP_GGS_4	</identifier>
					<transform>
						<row0>	0.9744 0.0000 -0.2250 0.0000	</row0>
						<row1>	0.0000 1.0000 0.0000 0.0000	</row1>
						<row2>	0.2250 0.0000 0.9744 0.0000	</row2>
						<row3>	0.7286 0.4480 1.6042 1.0000	</row3>
					</transform>
				</node>
				<node>
					<identifier>	HP_GGS_5	</identifier>
					<transform>
						<row0>	0.9659 0.0000 0.2588 0.0000	</row0>
						<row1>	0.0000 1.0000 0.0000 0.0000	</row1>
						<row2>	-0.2588 0.0000 0.9659 0.0000	</row2>
						<row3>	-0.8527 0.4221 0.9402 1.0000	</row3>
					</transform>
				</node>
				<node>
					<identifier>	HP_GGS_6	</identifier>
					<transform>
						<row0>	0.9659 0.0000 -0.2588 0.0000	</row0>
						<row1>	0.0000 1.0000 0.0000 0.0000	</row1>
						<row2>	0.2588 0.0000 0.9659 0.0000	</row2>
						<row3>	0.8527 0.4221 0.9402 1.0000	</row3>
					</transform>
				</node>
				<node>
					<identifier>	HP_GGS_7	</identifier>
					<transform>
						<row0>	0.9659 0.0000 0.2588 0.0000	</row0>
						<row1>	0.0000 1.0000 0.0000 0.0000	</row1>
						<row2>	-0.2588 0.0000 0.9659 0.0000	</row2>
						<row3>	-0.8569 0.4164 0.3394 1.0000	</row3>
					</transform>
				</node>
				<node>
					<identifier>	HP_GGS_8	</identifier>
					<transform>
						<row0>	0.9659 0.0000 -0.2588 0.0000	</row0>
						<row1>	0.0000 1.0000 0.0000 0.0000	</row1>
						<row2>	0.2588 0.0000 0.9659 0.0000	</row2>
						<row3>	0.8569 0.4164 0.3394 1.0000	</row3>
					</transform>
				</node>
				<node>
					<identifier>	HP_LiftOffPoint	</identifier>
					<transform>
						<row0>	1.0000 0.0000 0.0000 0.0000	</row0>
						<row1>	0.0000 1.0000 0.0000 0.0000	</row1>
						<row2>	0.0000 0.0000 1.0000 0.0000	</row2>
						<row3>	0.0000 0.9566 1.7917 1.0000	</row3>
					</transform>
				</node>
				<node>
					<identifier>	HP_Ship_death_2	</identifier>
					<transform>
						<row0>	1.0000 0.0000 0.0000 0.0000	</row0>
						<row1>	0.0000 1.0000 0.0000 0.0000	</row1>
						<row2>	0.0000 0.0000 1.0000 0.0000	</row2>
						<row3>	0.0000 0.0000 -0.6155 1.0000	</row3>
					</transform>
				</node>
				<node>
					<identifier>	MP_CM011_Fire_Fighting_Gear	</identifier>
					<transform>
						<row0>	0.0000 0.0000 1.0000 0.0000	</row0>
						<row1>	0.0000 1.0000 0.0000 0.0000	</row1>
						<row2>	-1.0000 0.0000 0.0000 0.0000	</row2>
						<row3>	0.6075 0.4199 0.4012 1.0000	</row3>
					</transform>
				</node>
				<node>
					<identifier>	MP_CM011_Fire_Fighting_Gear_INDEX_1	</identifier>
					<transform>
						<row0>	1.0000 0.0000 0.0000 0.0000	</row0>
						<row1>	0.0000 1.0000 0.0000 0.0000	</row1>
						<row2>	0.0000 0.0000 1.0000 0.0000	</row2>
						<row3>	0.8282 0.4297 1.2600 1.0000	</row3>
					</transform>
				</node>
				<node>
					<identifier>	MP_CM011_Fire_Fighting_Gear_INDEX_2	</identifier>
					<transform>
						<row0>	0.0000 0.0000 1.0000 0.0000	</row0>
						<row1>	0.0000 1.0000 0.0000 0.0000	</row1>
						<row2>	-1.0000 0.0000 0.0000 0.0000	</row2>
						<row3>	0.6075 0.5860 1.4246 1.0000	</row3>
					</transform>
				</node>
				<node>
					<identifier>	MP_CM011_Fire_Fighting_Gear_INDEX_3	</identifier>
					<transform>
						<row0>	0.0000 0.0000 -1.0000 0.0000	</row0>
						<row1>	0.0000 1.0000 0.0000 0.0000	</row1>
						<row2>	1.0000 0.0000 0.0000 0.0000	</row2>
						<row3>	-0.6075 0.5857 1.4246 1.0000	</row3>
					</transform>
				</node>
				<node>
					<identifier>	MP_CM011_Fire_Fighting_Gear_INDEX_4	</identifier>
					<transform>
						<row0>	0.0000 0.0000 -1.0000 0.0000	</row0>
						<row1>	0.0000 1.0000 0.0000 0.0000	</row1>
						<row2>	1.0000 0.0000 0.0000 0.0000	</row2>
						<row3>	-0.6075 0.4201 0.3806 1.0000	</row3>
					</transform>
				</node>
				<node>
					<identifier>	MP_CM011_Fire_Fighting_Gear_INDEX_5	</identifier>
					<transform>
						<row0>	1.0000 0.0000 0.0000 0.0000	</row0>
						<row1>	0.0000 1.0000 0.0000 0.0000	</row1>
						<row2>	0.0000 0.0000 1.0000 0.0000	</row2>
						<row3>	-0.8259 0.4297 1.2600 1.0000	</row3>
					</transform>
				</node>
				<node>
					<identifier>	MP_CM014_Fuel_Oil_Hose	</identifier>
					<transform>
						<row0>	-0.8468 0.0000 -0.5318 0.0000	</row0>
						<row1>	0.0000 1.0000 0.0000 0.0000	</row1>
						<row2>	0.5318 0.0000 -0.8468 0.0000	</row2>
						<row3>	0.4600 0.5093 2.8755 1.0000	</row3>
					</transform>
				</node>
				<node>
					<identifier>	MP_CM014_Fuel_Oil_Hose_INDEX_1	</identifier>
					<transform>
						<row0>	-0.8468 0.0000 -0.5318 0.0000	</row0>
						<row1>	0.0000 1.0000 0.0000 0.0000	</row1>
						<row2>	0.5318 0.0000 -0.8468 0.0000	</row2>
						<row3>	0.4535 0.5347 2.8858 1.0000	</row3>
					</transform>
				</node>
				<node>
					<identifier>	MP_CM014_Fuel_Oil_Hose_INDEX_2	</identifier>
					<transform>
						<row0>	-0.9784 0.0000 0.2066 0.0000	</row0>
						<row1>	0.0000 -1.0000 0.0000 0.0000	</row1>
						<row2>	0.2066 0.0000 0.9784 0.0000	</row2>
						<row3>	0.7474 0.5325 1.9634 1.0000	</row3>
					</transform>
				</node>
				<node>
					<identifier>	MP_CM014_Fuel_Oil_Hose_INDEX_3	</identifier>
					<transform>
						<row0>	-0.9784 0.0000 0.2066 0.0000	</row0>
						<row1>	0.0000 -1.0000 0.0000 0.0000	</row1>
						<row2>	0.2066 0.0000 0.9784 0.0000	</row2>
						<row3>	0.7265 0.5052 1.8646 1.0000	</row3>
					</transform>
				</node>
				<node>
					<identifier>	MP_CM014_Fuel_Oil_Hose_INDEX_4	</identifier>
					<transform>
						<row0>	0.9783 0.0175 0.2066 0.0000	</row0>
						<row1>	-0.0171 0.9998 -0.0036 0.0000	</row1>
						<row2>	-0.2066 0.0000 0.9784 0.0000	</row2>
						<row3>	-0.7474 0.5325 1.9634 1.0000	</row3>
					</transform>
				</node>
				<node>
					<identifier>	MP_CM014_Fuel_Oil_Hose_INDEX_5	</identifier>
					<transform>
						<row0>	0.9784 -0.0059 0.2066 0.0000	</row0>
						<row1>	0.0058 1.0000 0.0012 0.0000	</row1>
						<row2>	-0.2066 0.0000 0.9784 0.0000	</row2>
						<row3>	-0.7265 0.5052 1.8646 1.0000	</row3>
					</transform>
				</node>
				<node>
					<identifier>	MP_CM014_Fuel_Oil_Hose_INDEX_6	</identifier>
					<transform>
						<row0>	0.8468 0.0000 -0.5318 0.0000	</row0>
						<row1>	0.0000 -1.0000 0.0000 0.0000	</row1>
						<row2>	-0.5318 0.0000 -0.8468 0.0000	</row2>
						<row3>	-0.4535 0.5347 2.8858 1.0000	</row3>
					</transform>
				</node>
				<node>
					<identifier>	MP_CM014_Fuel_Oil_Hose_INDEX_7	</identifier>
					<transform>
						<row0>	0.8468 0.0000 -0.5318 0.0000	</row0>
						<row1>	0.0000 -1.0000 0.0000 0.0000	</row1>
						<row2>	-0.5318 0.0000 -0.8468 0.0000	</row2>
						<row3>	-0.4600 0.5093 2.8755 1.0000	</row3>
					</transform>
				</node>
				<node>
					<identifier>	MP_CM029_Emergency_Box	</identifier>
					<transform>
						<row0>	0.0000 0.0000 1.0000 0.0000	</row0>
						<row1>	0.0000 1.0000 0.0000 0.0000	</row1>
						<row2>	-1.0000 0.0000 0.0000 0.0000	</row2>
						<row3>	-0.7118 0.5056 3.4037 1.0000	</row3>
					</transform>
				</node>
				<node>
					<identifier>	MP_CM029_Emergency_Box_INDEX_1	</identifier>
					<transform>
						<row0>	0.2588 0.0000 0.9659 0.0000	</row0>
						<row1>	0.0000 1.0000 0.0000 0.0000	</row1>
						<row2>	-0.9659 0.0000 0.2588 0.0000	</row2>
						<row3>	-0.6819 0.6328 1.8609 1.0000	</row3>
					</transform>
				</node>
				<node>
					<identifier>	MP_CM029_Emergency_Box_INDEX_2	</identifier>
					<transform>
						<row0>	0.0000 0.0000 1.0000 0.0000	</row0>
						<row1>	0.0000 1.0000 0.0000 0.0000	</row1>
						<row2>	-1.0000 0.0000 0.0000 0.0000	</row2>
						<row3>	0.1141 0.5637 5.1953 1.0000	</row3>
					</transform>
				</node>
				<node>
					<identifier>	MP_CM029_Emergency_Box_INDEX_3	</identifier>
					<transform>
						<row0>	0.0000 0.0000 -1.0000 0.0000	</row0>
						<row1>	0.0000 1.0000 0.0000 0.0000	</row1>
						<row2>	1.0000 0.0000 0.0000 0.0000	</row2>
						<row3>	0.7118 0.5056 3.4037 1.0000	</row3>
					</transform>
				</node>
				<node>
					<identifier>	MP_CM029_Emergency_Box_INDEX_4	</identifier>
					<transform>
						<row0>	0.2588 0.0000 -0.9659 0.0000	</row0>
						<row1>	0.0000 1.0000 0.0000 0.0000	</row1>
						<row2>	0.9659 0.0000 0.2588 0.0000	</row2>
						<row3>	0.6819 0.6328 1.8609 1.0000	</row3>
					</transform>
				</node>
				<node>
					<identifier>	MP_CM051_Fire_Fighting_Gear	</identifier>
					<transform>
						<row0>	1.0000 0.0000 0.0000 0.0000	</row0>
						<row1>	0.0000 0.0000 -1.0000 0.0000	</row1>
						<row2>	0.0000 1.0000 0.0000 0.0000	</row2>
						<row3>	0.5991 0.8076 0.7116 1.0000	</row3>
					</transform>
				</node>
				<node>
					<identifier>	MP_CM051_Fire_Fighting_Gear_INDEX_1	</identifier>
					<transform>
						<row0>	-1.0000 0.0000 0.0000 0.0000	</row0>
						<row1>	0.0000 0.0000 1.0000 0.0000	</row1>
						<row2>	0.0000 1.0000 0.0000 0.0000	</row2>
						<row3>	-0.5991 0.8076 0.7116 1.0000	</row3>
					</transform>
				</node>
				<node>
					<identifier>	MP_CM052_Fender	</identifier>
					<transform>
						<row0>	-1.0000 0.0000 0.0000 0.0000	</row0>
						<row1>	0.0000 1.0000 0.0000 0.0000	</row1>
						<row2>	0.0000 0.0000 -1.0000 0.0000	</row2>
						<row3>	0.7828 0.4292 1.2419 1.0000	</row3>
					</transform>
				</node>
				<node>
					<identifier>	MP_CM052_Fender_INDEX_1	</identifier>
					<transform>
						<row0>	0.4334 0.0000 -0.7199 0.0000	</row0>
						<row1>	0.0000 0.8403 0.0000 0.0000	</row1>
						<row2>	0.7199 0.0000 0.4334 0.0000	</row2>
						<row3>	0.3315 0.4638 3.1257 1.0000	</row3>
					</transform>
				</node>
				<node>
					<identifier>	MP_CM052_Fender_INDEX_2	</identifier>
					<transform>
						<row0>	0.4334 0.0000 0.7199 0.0000	</row0>
						<row1>	0.0000 0.8403 0.0000 0.0000	</row1>
						<row2>	-0.7199 0.0000 0.4334 0.0000	</row2>
						<row3>	-0.3315 0.4638 3.1257 1.0000	</row3>
					</transform>
				</node>
				<node>
					<identifier>	MP_CM052_Fender_INDEX_3	</identifier>
					<transform>
						<row0>	-1.0000 0.0000 0.0000 0.0000	</row0>
						<row1>	0.0000 1.0000 0.0000 0.0000	</row1>
						<row2>	0.0000 0.0000 -1.0000 0.0000	</row2>
						<row3>	-0.7828 0.4292 1.2419 1.0000	</row3>
					</transform>
				</node>
				<node>
					<identifier>	MP_CM097_Stairway	</identifier>
					<transform>
						<row0>	0.8992 0.0000 0.0379 0.0000	</row0>
						<row1>	0.0008 0.8998 -0.0180 0.0000	</row1>
						<row2>	-0.0379 0.0180 0.8990 0.0000	</row2>
						<row3>	0.8608 0.4624 2.6924 1.0000	</row3>
					</transform>
				</node>
				<node>
					<identifier>	MP_CM097_Stairway_INDEX_1	</identifier>
					<transform>
						<row0>	0.8992 0.0000 -0.0379 0.0000	</row0>
						<row1>	-0.0008 0.8998 -0.0180 0.0000	</row1>
						<row2>	0.0379 0.0180 0.8990 0.0000	</row2>
						<row3>	-0.8608 0.4624 2.6924 1.0000	</row3>
					</transform>
				</node>
				<node>
					<identifier>	MP_CM109_Leadsman_Platform	</identifier>
					<transform>
						<row0>	-0.9990 -0.0017 -0.0442 0.0000	</row0>
						<row1>	0.0008 -0.9998 0.0217 0.0000	</row1>
						<row2>	-0.0442 0.0217 0.9988 0.0000	</row2>
						<row3>	0.8209 0.4627 2.8218 1.0000	</row3>
					</transform>
				</node>
				<node>
					<identifier>	MP_CM109_Leadsman_Platform_INDEX_1	</identifier>
					<transform>
						<row0>	0.9990 -0.0001 -0.0442 0.0000	</row0>
						<row1>	0.0008 -0.9998 0.0201 0.0000	</row1>
						<row2>	-0.0442 -0.0201 -0.9988 0.0000	</row2>
						<row3>	-0.8209 0.4627 2.8218 1.0000	</row3>
					</transform>
				</node>
				<node>
					<identifier>	MP_GM001_Paravane	</identifier>
					<transform>
						<row0>	-1.0000 0.0000 0.0000 0.0000	</row0>
						<row1>	0.0000 -1.0000 0.0000 0.0000	</row1>
						<row2>	0.0000 0.0000 1.0000 0.0000	</row2>
						<row3>	0.6451 0.6225 2.2915 1.0000	</row3>
					</transform>
				</node>
				<node>
					<identifier>	MP_GM001_Paravane_INDEX_1	</identifier>
					<transform>
						<row0>	-1.0000 0.0000 0.0000 0.0000	</row0>
						<row1>	0.0000 -1.0000 0.0000 0.0000	</row1>
						<row2>	0.0000 0.0000 1.0000 0.0000	</row2>
						<row3>	-0.6451 0.6225 2.2915 1.0000	</row3>
					</transform>
				</node>
				<node>
					<identifier>	MP_GM001_Paravane_INDEX_2	</identifier>
					<transform>
						<row0>	0.0000 1.0000 0.0000 0.0000	</row0>
						<row1>	-0.0798 0.0000 -0.9968 0.0000	</row1>
						<row2>	-0.9968 0.0000 0.0798 0.0000	</row2>
						<row3>	0.1493 0.5235 3.2255 1.0000	</row3>
					</transform>
				</node>
				<node>
					<identifier>	MP_GM001_Paravane_INDEX_3	</identifier>
					<transform>
						<row0>	0.0000 -1.0000 0.0000 0.0000	</row0>
						<row1>	0.0798 0.0000 -0.9968 0.0000	</row1>
						<row2>	0.9968 0.0000 0.0798 0.0000	</row2>
						<row3>	-0.1493 0.5235 3.2255 1.0000	</row3>
					</transform>
				</node>
				<node>
					<identifier>	MP_GM008_Loudspeaker	</identifier>
					<transform>
						<row0>	1.0000 0.0000 0.0000 0.0000	</row0>
						<row1>	0.0000 1.0000 0.0000 0.0000	</row1>
						<row2>	0.0000 0.0000 1.0000 0.0000	</row2>
						<row3>	0.5977 0.5819 0.2287 1.0000	</row3>
					</transform>
				</node>
				<node>
					<identifier>	MP_GM008_Loudspeaker_INDEX_1	</identifier>
					<transform>
						<row0>	-1.0000 0.0000 0.0000 0.0000	</row0>
						<row1>	0.0000 1.0000 0.0000 0.0000	</row1>
						<row2>	0.0000 0.0000 -1.0000 0.0000	</row2>
						<row3>	0.0418 0.5825 5.1968 1.0000	</row3>
					</transform>
				</node>
				<node>
					<identifier>	MP_GM008_Loudspeaker_INDEX_2	</identifier>
					<transform>
						<row0>	-1.0000 0.0000 0.0000 0.0000	</row0>
						<row1>	0.0000 1.0000 0.0000 0.0000	</row1>
						<row2>	0.0000 0.0000 -1.0000 0.0000	</row2>
						<row3>	-0.5977 0.5819 0.2287 1.0000	</row3>
					</transform>
				</node>
				<node>
					<identifier>	MP_GM008_Loudspeaker_INDEX_3	</identifier>
					<transform>
						<row0>	0.0000 0.0000 1.0000 0.0000	</row0>
						<row1>	0.0000 1.0000 0.0000 0.0000	</row1>
						<row2>	-1.0000 0.0000 0.0000 0.0000	</row2>
						<row3>	-0.0258 0.5825 3.2038 1.0000	</row3>
					</transform>
				</node>
				<node>
					<identifier>	MP_GM010_Binocular	</identifier>
					<transform>
						<row0>	1.0000 0.0000 0.0000 0.0000	</row0>
						<row1>	0.0000 1.0000 0.0000 0.0000	</row1>
						<row2>	0.0000 0.0000 1.0000 0.0000	</row2>
						<row3>	-0.6693 0.9568 0.1837 1.0000	</row3>
					</transform>
				</node>
				<node>
					<identifier>	MP_GM010_Binocular_INDEX_1	</identifier>
					<transform>
						<row0>	-1.0000 0.0000 0.0000 0.0000	</row0>
						<row1>	0.0000 1.0000 0.0000 0.0000	</row1>
						<row2>	0.0000 0.0000 -1.0000 0.0000	</row2>
						<row3>	-0.8142 0.9568 0.2255 1.0000	</row3>
					</transform>
				</node>
				<node>
					<identifier>	MP_GM012_Reels_5	</identifier>
					<transform>
						<row0>	0.0000 0.0000 0.8000 0.0000	</row0>
						<row1>	0.0000 0.8000 0.0000 0.0000	</row1>
						<row2>	-0.8000 0.0000 0.0000 0.0000	</row2>
						<row3>	0.8730 0.4258 0.6378 1.0000	</row3>
					</transform>
				</node>
				<node>
					<identifier>	MP_GM012_Reels_5_INDEX_1	</identifier>
					<transform>
						<row0>	-0.6989 0.0000 0.0386 0.0000	</row0>
						<row1>	0.0000 0.7000 0.0000 0.0000	</row1>
						<row2>	-0.0386 0.0000 -0.6989 0.0000	</row2>
						<row3>	0.0735 0.5941 2.0475 1.0000	</row3>
					</transform>
				</node>
				<node>
					<identifier>	MP_GM012_Reels_5_INDEX_2	</identifier>
					<transform>
						<row0>	0.0000 0.0000 -0.8000 0.0000	</row0>
						<row1>	0.0000 0.8000 0.0000 0.0000	</row1>
						<row2>	0.8000 0.0000 0.0000 0.0000	</row2>
						<row3>	-0.6487 0.4662 3.0383 1.0000	</row3>
					</transform>
				</node>
				<node>
					<identifier>	MP_GM012_Reels_5_INDEX_3	</identifier>
					<transform>
						<row0>	0.0000 0.0000 -0.8000 0.0000	</row0>
						<row1>	0.0000 0.8000 0.0000 0.0000	</row1>
						<row2>	0.8000 0.0000 0.0000 0.0000	</row2>
						<row3>	-0.8730 0.4258 0.6378 1.0000	</row3>
					</transform>
				</node>
				<node>
					<identifier>	MP_GM012_Reels_5_INDEX_4	</identifier>
					<transform>
						<row0>	-0.6989 0.0000 -0.0386 0.0000	</row0>
						<row1>	0.0000 0.7000 0.0000 0.0000	</row1>
						<row2>	0.0386 0.0000 -0.6989 0.0000	</row2>
						<row3>	-0.0735 0.5941 2.0475 1.0000	</row3>
					</transform>
				</node>
				<node>
					<identifier>	MP_GM012_Reels_5_INDEX_5	</identifier>
					<transform>
						<row0>	0.0000 0.0000 0.8000 0.0000	</row0>
						<row1>	0.0000 0.8000 0.0000 0.0000	</row1>
						<row2>	-0.8000 0.0000 0.0000 0.0000	</row2>
						<row3>	0.6487 0.4662 3.0383 1.0000	</row3>
					</transform>
				</node>
				<node>
					<identifier>	MP_GM015_Clock	</identifier>
					<transform>
						<row0>	0.5235 0.0000 0.8520 0.0000	</row0>
						<row1>	0.0000 1.0000 0.0000 0.0000	</row1>
						<row2>	-0.8520 0.0000 0.5235 0.0000	</row2>
						<row3>	-0.5786 0.5729 2.6811 1.0000	</row3>
					</transform>
				</node>
				<node>
					<identifier>	MP_GM015_Clock_INDEX_1	</identifier>
					<transform>
						<row0>	0.5235 0.0000 -0.8520 0.0000	</row0>
						<row1>	0.0000 1.0000 0.0000 0.0000	</row1>
						<row2>	0.8520 0.0000 0.5235 0.0000	</row2>
						<row3>	0.5786 0.5729 2.6811 1.0000	</row3>
					</transform>
				</node>
				<node>
					<identifier>	MP_GM016_Sleeve	</identifier>
					<transform>
						<row0>	0.0032 0.0000 -1.0000 0.0000	</row0>
						<row1>	0.0000 1.0000 0.0000 0.0000	</row1>
						<row2>	1.0000 0.0000 0.0032 0.0000	</row2>
						<row3>	0.6000 0.4853 0.3616 1.0000	</row3>
					</transform>
				</node>
				<node>
					<identifier>	MP_GM016_Sleeve_INDEX_1	</identifier>
					<transform>
						<row0>	-1.0000 0.0000 0.0000 0.0000	</row0>
						<row1>	0.0000 1.0000 0.0000 0.0000	</row1>
						<row2>	0.0000 0.0000 -1.0000 0.0000	</row2>
						<row3>	0.7176 0.4853 1.2716 1.0000	</row3>
					</transform>
				</node>
				<node>
					<identifier>	MP_GM016_Sleeve_INDEX_2	</identifier>
					<transform>
						<row0>	0.0000 0.0000 -1.0000 0.0000	</row0>
						<row1>	0.0000 1.0000 0.0000 0.0000	</row1>
						<row2>	1.0000 0.0000 0.0000 0.0000	</row2>
						<row3>	0.5999 0.8628 0.6804 1.0000	</row3>
					</transform>
				</node>
				<node>
					<identifier>	MP_GM016_Sleeve_INDEX_3	</identifier>
					<transform>
						<row0>	0.0000 0.0000 1.0000 0.0000	</row0>
						<row1>	0.0000 1.0000 0.0000 0.0000	</row1>
						<row2>	-1.0000 0.0000 0.0000 0.0000	</row2>
						<row3>	-0.5999 0.8628 0.6804 1.0000	</row3>
					</transform>
				</node>
				<node>
					<identifier>	MP_GM016_Sleeve_INDEX_4	</identifier>
					<transform>
						<row0>	0.0032 0.0000 1.0000 0.0000	</row0>
						<row1>	0.0000 1.0000 0.0000 0.0000	</row1>
						<row2>	-1.0000 0.0000 0.0032 0.0000	</row2>
						<row3>	-0.6000 0.4853 0.3616 1.0000	</row3>
					</transform>
				</node>
				<node>
					<identifier>	MP_GM016_Sleeve_INDEX_5	</identifier>
					<transform>
						<row0>	0.5552 0.0000 -0.8317 0.0000	</row0>
						<row1>	0.0000 1.0000 0.0000 0.0000	</row1>
						<row2>	0.8317 0.0000 0.5552 0.0000	</row2>
						<row3>	0.5712 0.6538 1.4805 1.0000	</row3>
					</transform>
				</node>
				<node>
					<identifier>	MP_GM016_Sleeve_INDEX_6	</identifier>
					<transform>
						<row0>	0.5659 0.0000 0.8245 0.0000	</row0>
						<row1>	0.0000 1.0000 0.0000 0.0000	</row1>
						<row2>	-0.8245 0.0000 0.5659 0.0000	</row2>
						<row3>	-0.5718 0.6538 1.4807 1.0000	</row3>
					</transform>
				</node>
				<node>
					<identifier>	MP_GM016_Sleeve_INDEX_7	</identifier>
					<transform>
						<row0>	-1.0000 0.0000 0.0000 0.0000	</row0>
						<row1>	0.0000 1.0000 0.0000 0.0000	</row1>
						<row2>	0.0000 0.0000 -1.0000 0.0000	</row2>
						<row3>	-0.7060 0.4853 1.2716 1.0000	</row3>
					</transform>
				</node>
				<node>
					<identifier>	MP_GM018_Siren	</identifier>
					<transform>
						<row0>	0.9803 0.0000 0.1976 0.0000	</row0>
						<row1>	0.0000 1.0000 0.0000 0.0000	</row1>
						<row2>	-0.1976 0.0000 0.9803 0.0000	</row2>
						<row3>	-0.2049 0.7054 1.9836 1.0000	</row3>
					</transform>
				</node>
				<node>
					<identifier>	MP_GM018_Siren_INDEX_1	</identifier>
					<transform>
						<row0>	0.0856 0.0000 -0.9963 0.0000	</row0>
						<row1>	0.0000 1.0000 0.0000 0.0000	</row1>
						<row2>	0.9963 0.0000 0.0856 0.0000	</row2>
						<row3>	0.5993 0.6877 1.4128 1.0000	</row3>
					</transform>
				</node>
				<node>
					<identifier>	MP_GM018_Siren_INDEX_2	</identifier>
					<transform>
						<row0>	0.9797 0.0000 -0.2003 0.0000	</row0>
						<row1>	0.0000 1.0000 0.0000 0.0000	</row1>
						<row2>	0.2003 0.0000 0.9797 0.0000	</row2>
						<row3>	0.2049 0.7054 1.9836 1.0000	</row3>
					</transform>
				</node>
				<node>
					<identifier>	MP_GM018_Siren_INDEX_3	</identifier>
					<transform>
						<row0>	0.9940 0.0000 0.1093 0.0000	</row0>
						<row1>	0.0000 1.0000 0.0000 0.0000	</row1>
						<row2>	-0.1093 0.0000 0.9940 0.0000	</row2>
						<row3>	-0.2259 0.5866 3.1910 1.0000	</row3>
					</transform>
				</node>
				<node>
					<identifier>	MP_GM018_Siren_INDEX_4	</identifier>
					<transform>
						<row0>	0.1040 0.0000 0.9946 0.0000	</row0>
						<row1>	0.0000 1.0000 0.0000 0.0000	</row1>
						<row2>	-0.9946 0.0000 0.1040 0.0000	</row2>
						<row3>	-0.5993 0.6877 1.4128 1.0000	</row3>
					</transform>
				</node>
				<node>
					<identifier>	MP_GM018_Siren_INDEX_5	</identifier>
					<transform>
						<row0>	0.9940 0.0000 -0.1093 0.0000	</row0>
						<row1>	0.0000 1.0000 0.0000 0.0000	</row1>
						<row2>	0.1093 0.0000 0.9940 0.0000	</row2>
						<row3>	0.2259 0.5866 3.1910 1.0000	</row3>
					</transform>
				</node>
				<node>
					<identifier>	MP_GM034_Turtles_box	</identifier>
					<transform>
						<row0>	-0.9999 0.0000 0.0121 0.0000	</row0>
						<row1>	0.0000 1.0000 0.0000 0.0000	</row1>
						<row2>	-0.0121 0.0000 -0.9999 0.0000	</row2>
						<row3>	0.7670 0.4721 0.5874 1.0000	</row3>
					</transform>
				</node>
				<node>
					<identifier>	MP_GM034_Turtles_box_INDEX_1	</identifier>
					<transform>
						<row0>	-0.9999 0.0000 -0.0121 0.0000	</row0>
						<row1>	0.0000 1.0000 0.0000 0.0000	</row1>
						<row2>	0.0121 0.0000 -0.9999 0.0000	</row2>
						<row3>	-0.7670 0.4721 0.5874 1.0000	</row3>
					</transform>
				</node>
				<node>
					<identifier>	MP_GM034_Turtles_box_INDEX_2	</identifier>
					<transform>
						<row0>	0.7071 0.0000 0.7071 0.0000	</row0>
						<row1>	0.0000 1.0000 0.0000 0.0000	</row1>
						<row2>	-0.7071 0.0000 0.7071 0.0000	</row2>
						<row3>	0.5676 0.5199 5.1207 1.0000	</row3>
					</transform>
				</node>
				<node>
					<identifier>	MP_GM034_Turtles_box_INDEX_3	</identifier>
					<transform>
						<row0>	0.5000 0.0000 -0.8660 0.0000	</row0>
						<row1>	0.0000 1.0000 0.0000 0.0000	</row1>
						<row2>	0.8660 0.0000 0.5000 0.0000	</row2>
						<row3>	0.2731 0.4923 3.1725 1.0000	</row3>
					</transform>
				</node>
				<node>
					<identifier>	MP_GM034_Turtles_box_INDEX_4	</identifier>
					<transform>
						<row0>	0.5000 0.0000 0.8660 0.0000	</row0>
						<row1>	0.0000 1.0000 0.0000 0.0000	</row1>
						<row2>	-0.8660 0.0000 0.5000 0.0000	</row2>
						<row3>	-0.2731 0.4923 3.1725 1.0000	</row3>
					</transform>
				</node>
				<node>
					<identifier>	MP_GM034_Turtles_box_INDEX_5	</identifier>
					<transform>
						<row0>	0.7071 0.0000 -0.7071 0.0000	</row0>
						<row1>	0.0000 1.0000 0.0000 0.0000	</row1>
						<row2>	0.7071 0.0000 0.7071 0.0000	</row2>
						<row3>	-0.5676 0.5199 5.1207 1.0000	</row3>
					</transform>
				</node>
				<node>
					<identifier>	MP_GM034_Turtles_box_INDEX_6	</identifier>
					<transform>
						<row0>	0.5639 0.0000 -0.8258 0.0000	</row0>
						<row1>	0.0000 1.0000 0.0000 0.0000	</row1>
						<row2>	0.8258 0.0000 0.5639 0.0000	</row2>
						<row3>	0.4471 0.6351 1.6618 1.0000	</row3>
					</transform>
				</node>
				<node>
					<identifier>	MP_GM034_Turtles_box_INDEX_7	</identifier>
					<transform>
						<row0>	0.5639 0.0000 0.8258 0.0000	</row0>
						<row1>	0.0000 1.0000 0.0000 0.0000	</row1>
						<row2>	-0.8258 0.0000 0.5639 0.0000	</row2>
						<row3>	-0.4471 0.6351 1.6618 1.0000	</row3>
					</transform>
				</node>
				<node>
					<identifier>	MP_GM035_LifeBuoy_Mount	</identifier>
					<transform>
						<row0>	-0.9972 0.0000 0.0754 0.0000	</row0>
						<row1>	0.0000 1.0000 0.0000 0.0000	</row1>
						<row2>	-0.0754 0.0000 -0.9972 0.0000	</row2>
						<row3>	0.8406 0.5048 1.3267 1.0000	</row3>
					</transform>
				</node>
				<node>
					<identifier>	MP_GM035_LifeBuoy_Mount_INDEX_1	</identifier>
					<transform>
						<row0>	0.9972 0.0000 0.0754 0.0000	</row0>
						<row1>	0.0000 1.0000 0.0000 0.0000	</row1>
						<row2>	-0.0754 0.0000 0.9972 0.0000	</row2>
						<row3>	-0.8406 0.5048 1.3267 1.0000	</row3>
					</transform>
				</node>
				<node>
					<identifier>	MP_GM035_LifeBuoy_Mount_INDEX_2	</identifier>
					<transform>
						<row0>	-1.0000 0.0000 0.0002 0.0000	</row0>
						<row1>	0.0000 1.0000 0.0000 0.0000	</row1>
						<row2>	-0.0002 0.0000 -1.0000 0.0000	</row2>
						<row3>	0.5938 0.5028 2.4181 1.0000	</row3>
					</transform>
				</node>
				<node>
					<identifier>	MP_GM035_LifeBuoy_Mount_INDEX_3	</identifier>
					<transform>
						<row0>	1.0000 0.0000 0.0002 0.0000	</row0>
						<row1>	0.0000 1.0000 0.0000 0.0000	</row1>
						<row2>	-0.0002 0.0000 1.0000 0.0000	</row2>
						<row3>	-0.5938 0.5028 2.4181 1.0000	</row3>
					</transform>
				</node>
				<node>
					<identifier>	MP_GM536_Life_Boat_3	</identifier>
					<transform>
						<row0>	0.9972 0.0000 -0.0743 0.0000	</row0>
						<row1>	0.0000 1.0000 0.0000 0.0000	</row1>
						<row2>	0.0743 0.0000 0.9972 0.0000	</row2>
						<row3>	0.7800 0.5849 1.3526 1.0000	</row3>
					</transform>
				</node>
				<node>
					<identifier>	MP_GM536_Life_Boat_3_INDEX_1	</identifier>
					<transform>
						<row0>	0.9790 0.0000 -0.2038 0.0000	</row0>
						<row1>	0.0000 1.0000 0.0000 0.0000	</row1>
						<row2>	0.2038 0.0000 0.9790 0.0000	</row2>
						<row3>	0.7051 0.5916 2.0577 1.0000	</row3>
					</transform>
				</node>
				<node>
					<identifier>	MP_GM536_Life_Boat_3_INDEX_2	</identifier>
					<transform>
						<row0>	0.9790 0.0000 0.2038 0.0000	</row0>
						<row1>	0.0000 1.0000 0.0000 0.0000	</row1>
						<row2>	-0.2038 0.0000 0.9790 0.0000	</row2>
						<row3>	-0.7051 0.5915 2.0577 1.0000	</row3>
					</transform>
				</node>
				<node>
					<identifier>	MP_GM536_Life_Boat_3_INDEX_3	</identifier>
					<transform>
						<row0>	0.9972 0.0000 0.0743 0.0000	</row0>
						<row1>	0.0000 1.0000 0.0000 0.0000	</row1>
						<row2>	-0.0743 0.0000 0.9972 0.0000	</row2>
						<row3>	-0.7800 0.5849 1.3526 1.0000	</row3>
					</transform>
				</node>
				<node>
					<identifier>	MP_GM536_Life_Boat_3_INDEX_4	</identifier>
					<transform>
						<row0>	0.8408 0.0000 -0.5413 0.0000	</row0>
						<row1>	0.0000 1.0000 0.0000 0.0000	</row1>
						<row2>	0.5413 0.0000 0.8408 0.0000	</row2>
						<row3>	0.7484 0.5892 1.6420 1.0000	</row3>
					</transform>
				</node>
				<node>
					<identifier>	MP_GM536_Life_Boat_3_INDEX_5	</identifier>
					<transform>
						<row0>	0.8408 0.0000 -0.5413 0.0000	</row0>
						<row1>	0.0000 1.0000 0.0000 0.0000	</row1>
						<row2>	0.5413 0.0000 0.8408 0.0000	</row2>
						<row3>	0.7159 0.5892 1.5325 1.0000	</row3>
					</transform>
				</node>
				<node>
					<identifier>	MP_GM536_Life_Boat_3_INDEX_6	</identifier>
					<transform>
						<row0>	0.8408 0.0000 0.5413 0.0000	</row0>
						<row1>	0.0000 1.0000 0.0000 0.0000	</row1>
						<row2>	-0.5413 0.0000 0.8408 0.0000	</row2>
						<row3>	-0.7484 0.5892 1.6420 1.0000	</row3>
					</transform>
				</node>
				<node>
					<identifier>	MP_GM536_Life_Boat_3_INDEX_7	</identifier>
					<transform>
						<row0>	0.8408 0.0000 0.5413 0.0000	</row0>
						<row1>	0.0000 1.0000 0.0000 0.0000	</row1>
						<row2>	-0.5413 0.0000 0.8408 0.0000	</row2>
						<row3>	-0.7159 0.5892 1.5325 1.0000	</row3>
					</transform>
				</node>
				<node>
					<identifier>	MP_GM601_Switch_Box_2	</identifier>
					<transform>
						<row0>	-1.0000 0.0000 -0.0029 0.0000	</row0>
						<row1>	0.0000 1.0000 0.0000 0.0000	</row1>
						<row2>	0.0029 0.0000 -1.0000 0.0000	</row2>
						<row3>	-0.7536 1.0140 0.3389 1.0000	</row3>
					</transform>
				</node>
				<node>
					<identifier>	MP_GM605_Indicator	</identifier>
					<transform>
						<row0>	-1.0000 0.0000 -0.0029 0.0000	</row0>
						<row1>	0.0000 1.0000 0.0000 0.0000	</row1>
						<row2>	0.0029 0.0000 -1.0000 0.0000	</row2>
						<row3>	-0.7536 0.9958 0.3389 1.0000	</row3>
					</transform>
				</node>
				<node>
					<identifier>	MP_GM606_MC_Box	</identifier>
					<transform>
						<row0>	-1.0000 0.0000 -0.0029 0.0000	</row0>
						<row1>	0.0000 1.0000 0.0000 0.0000	</row1>
						<row2>	0.0029 0.0000 -1.0000 0.0000	</row2>
						<row3>	-0.7158 1.0074 0.3388 1.0000	</row3>
					</transform>
				</node>
				<node>
					<identifier>	MP_GM607_Manometer	</identifier>
					<transform>
						<row0>	-1.0000 0.0000 -0.0029 0.0000	</row0>
						<row1>	0.0000 1.0000 0.0000 0.0000	</row1>
						<row2>	0.0029 0.0000 -1.0000 0.0000	</row2>
						<row3>	-0.7709 1.0151 0.3389 1.0000	</row3>
					</transform>
				</node>
				<node>
					<identifier>	MP_GM607_Manometer_INDEX_1	</identifier>
					<transform>
						<row0>	-1.0000 0.0000 -0.0029 0.0000	</row0>
						<row1>	0.0000 1.0000 0.0000 0.0000	</row1>
						<row2>	0.0029 0.0000 -1.0000 0.0000	</row2>
						<row3>	-0.7709 0.9996 0.3389 1.0000	</row3>
					</transform>
				</node>
				<node>
					<identifier>	MP_GM608_Bell	</identifier>
					<transform>
						<row0>	0.0000 0.0000 -1.0000 0.0000	</row0>
						<row1>	0.0000 1.0000 0.0000 0.0000	</row1>
						<row2>	1.0000 0.0000 0.0000 0.0000	</row2>
						<row3>	0.5997 0.5737 0.2494 1.0000	</row3>
					</transform>
				</node>
				<node>
					<identifier>	MP_GM608_Bell_INDEX_1	</identifier>
					<transform>
						<row0>	1.0000 0.0000 0.0000 0.0000	</row0>
						<row1>	0.0000 1.0000 0.0000 0.0000	</row1>
						<row2>	0.0000 0.0000 1.0000 0.0000	</row2>
						<row3>	0.0093 0.5399 3.2050 1.0000	</row3>
					</transform>
				</node>
				<node>
					<identifier>	MP_GM608_Bell_INDEX_2	</identifier>
					<transform>
						<row0>	0.0000 0.0000 1.0000 0.0000	</row0>
						<row1>	0.0000 1.0000 0.0000 0.0000	</row1>
						<row2>	-1.0000 0.0000 0.0000 0.0000	</row2>
						<row3>	-0.5977 0.5737 0.2494 1.0000	</row3>
					</transform>
				</node>
				<node>
					<identifier>	MP_GM608_Bell_INDEX_3	</identifier>
					<transform>
						<row0>	-1.0000 0.0000 -0.0029 0.0000	</row0>
						<row1>	0.0000 1.0000 0.0000 0.0000	</row1>
						<row2>	0.0029 0.0000 -1.0000 0.0000	</row2>
						<row3>	-0.7391 1.0077 0.3389 1.0000	</row3>
					</transform>
				</node>
				<node>
					<identifier>	MP_GM700_AmmoBox	</identifier>
					<transform>
						<row0>	-0.5094 0.0000 -0.6169 0.0000	</row0>
						<row1>	0.0000 0.8000 0.0000 0.0000	</row1>
						<row2>	0.6169 0.0000 -0.5094 0.0000	</row2>
						<row3>	0.6004 0.5116 5.1140 1.0000	</row3>
					</transform>
				</node>
				<node>
					<identifier>	MP_GM700_AmmoBox_INDEX_1	</identifier>
					<transform>
						<row0>	0.4000 0.0000 -0.6928 0.0000	</row0>
						<row1>	0.0000 0.8000 0.0000 0.0000	</row1>
						<row2>	0.6928 0.0000 0.4000 0.0000	</row2>
						<row3>	0.3019 0.5128 5.1524 1.0000	</row3>
					</transform>
				</node>
				<node>
					<identifier>	MP_GM700_AmmoBox_INDEX_10	</identifier>
					<transform>
						<row0>	0.4000 0.0000 0.6928 0.0000	</row0>
						<row1>	0.0000 0.8000 0.0000 0.0000	</row1>
						<row2>	-0.6928 0.0000 0.4000 0.0000	</row2>
