<ISB304_Marcantonio_Colonna_1941_Stern.skel_ext>
	<exported>	true	</exported>
	<node>
		<identifier>	MP_CM011_Fire_Fighting_Gear	</identifier>
		<parent>	Scene Root	</parent>
		<transform>
			<row0>	1.0000 0.0000 0.0000 0.0000	</row0>
			<row1>	0.0000 1.0000 0.0000 0.0000	</row1>
			<row2>	0.0000 0.0000 1.0000 0.0000	</row2>
			<row3>	-0.3578 0.2784 -5.2946 1.0000	</row3>
		</transform>
	</node>
	<node>
		<identifier>	MP_CM011_Fire_Fighting_Gear_INDEX_1	</identifier>
		<parent>	Scene Root	</parent>
		<transform>
			<row0>	1.0000 0.0000 0.0000 0.0000	</row0>
			<row1>	0.0000 1.0000 0.0000 0.0000	</row1>
			<row2>	0.0000 0.0000 1.0000 0.0000	</row2>
			<row3>	-0.1408 0.2786 -6.5654 1.0000	</row3>
		</transform>
	</node>
	<node>
		<identifier>	MP_CM011_Fire_Fighting_Gear_INDEX_2	</identifier>
		<parent>	Scene Root	</parent>
		<transform>
			<row0>	1.0000 0.0000 0.0000 0.0000	</row0>
			<row1>	0.0000 1.0000 0.0000 0.0000	</row1>
			<row2>	0.0000 0.0000 1.0000 0.0000	</row2>
			<row3>	0.3578 0.2784 -5.2946 1.0000	</row3>
		</transform>
	</node>
	<node>
		<identifier>	MP_CM011_Fire_Fighting_Gear_INDEX_3	</identifier>
		<parent>	Scene Root	</parent>
		<transform>
			<row0>	1.0000 0.0000 0.0000 0.0000	</row0>
			<row1>	0.0000 1.0000 0.0000 0.0000	</row1>
			<row2>	0.0000 0.0000 1.0000 0.0000	</row2>
			<row3>	0.1408 0.2786 -6.5654 1.0000	</row3>
		</transform>
	</node>
	<node>
		<identifier>	MP_CM126_Cleat	</identifier>
		<parent>	Scene Root	</parent>
		<transform>
			<row0>	0.9886 0.0000 0.1503 0.0000	</row0>
			<row1>	0.0000 1.0000 0.0000 0.0000	</row1>
			<row2>	-0.1503 0.0000 0.9886 0.0000	</row2>
			<row3>	-0.6510 0.2759 -4.9640 1.0000	</row3>
		</transform>
	</node>
	<node>
		<identifier>	MP_CM126_Cleat_INDEX_1	</identifier>
		<parent>	Scene Root	</parent>
		<transform>
			<row0>	0.9825 0.0000 -0.1863 0.0000	</row0>
			<row1>	0.0000 1.0000 0.0000 0.0000	</row1>
			<row2>	0.1863 0.0000 0.9825 0.0000	</row2>
			<row3>	0.5332 0.2761 -5.6961 1.0000	</row3>
		</transform>
	</node>
	<node>
		<identifier>	MP_CM126_Cleat_INDEX_2	</identifier>
		<parent>	Scene Root	</parent>
		<transform>
			<row0>	0.9825 0.0000 0.1863 0.0000	</row0>
			<row1>	0.0000 1.0000 0.0000 0.0000	</row1>
			<row2>	-0.1863 0.0000 0.9825 0.0000	</row2>
			<row3>	-0.5332 0.2761 -5.6961 1.0000	</row3>
		</transform>
	</node>
	<node>
		<identifier>	MP_CM126_Cleat_INDEX_3	</identifier>
		<parent>	Scene Root	</parent>
		<transform>
			<row0>	0.9886 0.0000 -0.1503 0.0000	</row0>
			<row1>	0.0000 1.0000 0.0000 0.0000	</row1>
			<row2>	0.1503 0.0000 0.9886 0.0000	</row2>
			<row3>	0.6510 0.2759 -4.9640 1.0000	</row3>
		</transform>
	</node>
	<node>
		<identifier>	MP_CM161_Propeller_4_8m_BB_R	</identifier>
		<parent>	Scene Root	</parent>
		<transform>
			<row0>	1.0000 0.0000 0.0000 0.0000	</row0>
			<row1>	0.0000 0.9994 -0.0349 0.0000	</row1>
			<row2>	0.0000 0.0349 0.9994 0.0000	</row2>
			<row3>	0.3184 -0.3721 -6.0880 1.0000	</row3>
		</transform>
	</node>
	<node>
		<identifier>	MP_CM161_Propeller_4_8m_BB_R_INDEX_1	</identifier>
		<parent>	Scene Root	</parent>
		<transform>
			<row0>	0.9962 0.0003 0.0872 0.0000	</row0>
			<row1>	0.0012 0.9998 -0.0174 0.0000	</row1>
			<row2>	-0.0872 0.0174 0.9960 0.0000	</row2>
			<row3>	0.6160 -0.3762 -5.3175 1.0000	</row3>
		</transform>
	</node>
	<node>
		<identifier>	MP_CM162_Propeller_4_8m_BB_L	</identifier>
		<parent>	Scene Root	</parent>
		<transform>
			<row0>	0.9962 -0.0023 -0.0871 0.0000	</row0>
			<row1>	0.0008 0.9998 -0.0175 0.0000	</row1>
			<row2>	0.0872 0.0174 0.9960 0.0000	</row2>
			<row3>	-0.6160 -0.3762 -5.3175 1.0000	</row3>
		</transform>
	</node>
	<node>
		<identifier>	MP_CM162_Propeller_4_8m_BB_L_INDEX_1	</identifier>
		<parent>	Scene Root	</parent>
		<transform>
			<row0>	1.0000 0.0000 0.0000 0.0000	</row0>
			<row1>	0.0000 0.9994 -0.0349 0.0000	</row1>
			<row2>	0.0000 0.0349 0.9994 0.0000	</row2>
			<row3>	-0.3184 -0.3721 -6.0880 1.0000	</row3>
		</transform>
	</node>
	<node>
		<identifier>	MP_IM003_Crown	</identifier>
		<parent>	Scene Root	</parent>
		<transform>
			<row0>	1.0000 0.0000 0.0000 0.0000	</row0>
			<row1>	0.0000 0.9856 0.1689 0.0000	</row1>
			<row2>	0.0000 -0.3431 2.0016 0.0000	</row2>
			<row3>	0.0000 0.2421 -7.1315 1.0000	</row3>
		</transform>
	</node>
	<node>
		<identifier>	MP_IM019_Life_Buoy	</identifier>
		<parent>	Scene Root	</parent>
		<transform>
			<row0>	-0.2663 -0.0003 -0.9639 0.0000	</row0>
			<row1>	0.0655 0.9977 -0.0184 0.0000	</row1>
			<row2>	0.9617 -0.0680 -0.2656 0.0000	</row2>
			<row3>	0.3645 0.1974 -6.5419 1.0000	</row3>
		</transform>
	</node>
	<node>
		<identifier>	MP_IM019_Life_Buoy_INDEX_1	</identifier>
		<parent>	Scene Root	</parent>
		<transform>
			<row0>	-0.2663 0.0003 0.9639 0.0000	</row0>
			<row1>	-0.0655 0.9977 -0.0184 0.0000	</row1>
			<row2>	-0.9617 -0.0680 -0.2656 0.0000	</row2>
			<row3>	-0.3645 0.1974 -6.5419 1.0000	</row3>
		</transform>
	</node>
	<node>
		<identifier>	MP_IM026_Reels	</identifier>
		<parent>	Scene Root	</parent>
		<transform>
			<row0>	0.8561 0.0000 -0.5168 0.0000	</row0>
			<row1>	0.0000 1.0000 0.0000 0.0000	</row1>
			<row2>	0.5168 0.0000 0.8561 0.0000	</row2>
			<row3>	-0.2283 0.2758 -5.4655 1.0000	</row3>
		</transform>
	</node>
	<node>
		<identifier>	MP_IM026_Reels_INDEX_1	</identifier>
		<parent>	Scene Root	</parent>
		<transform>
			<row0>	0.8561 0.0000 0.5168 0.0000	</row0>
			<row1>	0.0000 1.0000 0.0000 0.0000	</row1>
			<row2>	-0.5168 0.0000 0.8561 0.0000	</row2>
			<row3>	0.2283 0.2758 -5.4655 1.0000	</row3>
		</transform>
	</node>
	<node>
		<identifier>	MP_IM032_Fire_Hose	</identifier>
		<parent>	Scene Root	</parent>
		<transform>
			<row0>	-0.6367 0.0000 0.7711 0.0000	</row0>
			<row1>	0.0000 1.0000 0.0000 0.0000	</row1>
			<row2>	-0.7711 0.0000 -0.6367 0.0000	</row2>
			<row3>	-0.3129 0.3213 -5.3436 1.0000	</row3>
		</transform>
	</node>
	<node>
		<identifier>	MP_IM032_Fire_Hose_INDEX_1	</identifier>
		<parent>	Scene Root	</parent>
		<transform>
			<row0>	-0.6367 0.0000 -0.7711 0.0000	</row0>
			<row1>	0.0000 1.0000 0.0000 0.0000	</row1>
			<row2>	0.7711 0.0000 -0.6367 0.0000	</row2>
			<row3>	0.3130 0.3213 -5.3436 1.0000	</row3>
		</transform>
	</node>
	<node>
		<identifier>	MP_IM033_Life_Buoy	</identifier>
		<parent>	Scene Root	</parent>
		<transform>
			<row0>	0.1377 0.0000 -0.9905 0.0000	</row0>
			<row1>	0.0000 1.0000 0.0000 0.0000	</row1>
			<row2>	0.9905 0.0000 0.1377 0.0000	</row2>
			<row3>	-0.6841 0.3551 -4.9477 1.0000	</row3>
		</transform>
	</node>
	<node>
		<identifier>	MP_IM033_Life_Buoy_INDEX_1	</identifier>
		<parent>	Scene Root	</parent>
		<transform>
			<row0>	0.1377 0.0000 0.9905 0.0000	</row0>
			<row1>	0.0000 1.0000 0.0000 0.0000	</row1>
			<row2>	-0.9905 0.0000 0.1377 0.0000	</row2>
			<row3>	0.6841 0.3551 -4.9479 1.0000	</row3>
		</transform>
	</node>
	<node>
		<identifier>	MP_IM033_Life_Buoy_INDEX_2	</identifier>
		<parent>	Scene Root	</parent>
		<transform>
			<row0>	0.2554 0.0000 -0.9668 0.0000	</row0>
			<row1>	0.0000 1.0000 0.0000 0.0000	</row1>
			<row2>	0.9668 0.0000 0.2554 0.0000	</row2>
			<row3>	-0.3360 0.3551 -6.6485 1.0000	</row3>
		</transform>
	</node>
	<node>
		<identifier>	MP_IM033_Life_Buoy_INDEX_3	</identifier>
		<parent>	Scene Root	</parent>
		<transform>
			<row0>	0.2554 0.0000 0.9668 0.0000	</row0>
			<row1>	0.0000 1.0000 0.0000 0.0000	</row1>
			<row2>	-0.9668 0.0000 0.2554 0.0000	</row2>
			<row3>	0.3360 0.3551 -6.6485 1.0000	</row3>
		</transform>
	</node>
	<node>
		<identifier>	MP_IM5011_Marcantonio_Colonna_Name	</identifier>
		<parent>	Scene Root	</parent>
		<transform>
			<row0>	1.0000 0.0000 0.0000 0.0000	</row0>
			<row1>	0.0000 1.0000 0.0000 0.0000	</row1>
			<row2>	0.0000 0.0000 1.0000 0.0000	</row2>
			<row3>	0.0000 0.0000 -6.0000 1.0000	</row3>
		</transform>
	</node>
	<node>
		<identifier>	MP_IM800_Ventilation	</identifier>
		<parent>	Scene Root	</parent>
		<transform>
			<row0>	1.0000 0.0000 0.0000 0.0000	</row0>
			<row1>	0.0000 1.0000 0.0000 0.0000	</row1>
			<row2>	0.0000 0.0000 1.0000 0.0000	</row2>
			<row3>	0.3144 0.2759 -4.4703 1.0000	</row3>
		</transform>
	</node>
	<node>
		<identifier>	MP_IM800_Ventilation_INDEX_1	</identifier>
		<parent>	Scene Root	</parent>
		<transform>
			<row0>	1.0000 0.0000 0.0000 0.0000	</row0>
			<row1>	0.0000 1.0000 0.0000 0.0000	</row1>
			<row2>	0.0000 0.0000 1.0000 0.0000	</row2>
			<row3>	-0.3144 0.2759 -4.4703 1.0000	</row3>
		</transform>
	</node>
	<node>
		<identifier>	MP_IM800_Ventilation_INDEX_2	</identifier>
		<parent>	Scene Root	</parent>
		<transform>
			<row0>	1.0000 0.0000 0.0000 0.0000	</row0>
			<row1>	0.0000 1.0000 0.0000 0.0000	</row1>
			<row2>	0.0000 0.0000 1.0000 0.0000	</row2>
			<row3>	-0.4481 0.2762 -5.1122 1.0000	</row3>
		</transform>
	</node>
	<node>
		<identifier>	MP_IM800_Ventilation_INDEX_3	</identifier>
		<parent>	Scene Root	</parent>
		<transform>
			<row0>	1.0000 0.0000 0.0000 0.0000	</row0>
			<row1>	0.0000 1.0000 0.0000 0.0000	</row1>
			<row2>	0.0000 0.0000 1.0000 0.0000	</row2>
			<row3>	0.4481 0.2762 -5.1122 1.0000	</row3>
		</transform>
	</node>
	<node>
		<identifier>	MP_IM800_Ventilation_INDEX_4	</identifier>
		<parent>	Scene Root	</parent>
		<transform>
			<row0>	1.0000 0.0000 0.0000 0.0000	</row0>
			<row1>	0.0000 1.0000 0.0000 0.0000	</row1>
			<row2>	0.0000 0.0000 1.0000 0.0000	</row2>
			<row3>	-0.2100 0.2767 -6.1904 1.0000	</row3>
		</transform>
	</node>
	<node>
		<identifier>	MP_IM800_Ventilation_INDEX_5	</identifier>
		<parent>	Scene Root	</parent>
		<transform>
			<row0>	1.0000 0.0000 0.0000 0.0000	</row0>
			<row1>	0.0000 1.0000 0.0000 0.0000	</row1>
			<row2>	0.0000 0.0000 1.0000 0.0000	</row2>
			<row3>	0.2062 0.2767 -6.1904 1.0000	</row3>
		</transform>
	</node>
	<node>
		<identifier>	SP_YMS011_YHWL_M_1	</identifier>
		<parent>	Scene Root	</parent>
		<transform>
			<row0>	1.0749 0.5082 0.1758 0.0000	</row0>
			<row1>	-0.5023 1.0891 -0.0773 0.0000	</row1>
			<row2>	-0.1920 -0.0043 1.1864 0.0000	</row2>
			<row3>	-0.6491 0.0207 -4.9005 1.0000	</row3>
		</transform>
	</node>
	<node>
		<identifier>	SP_YMS011_YHWL_M_1_INDEX_4	</identifier>
		<parent>	Scene Root	</parent>
		<transform>
			<row0>	1.1045 0.4293 0.2005 0.0000	</row0>
			<row1>	-0.4248 1.1225 -0.0635 0.0000	</row1>
			<row2>	-0.2100 -0.0125 1.1833 0.0000	</row2>
			<row3>	-0.4677 0.0334 -5.8976 1.0000	</row3>
		</transform>
	</node>
	<node>
		<identifier>	SP_YMS012_YHWR_M_1_INDEX_3	</identifier>
		<parent>	Scene Root	</parent>
		<transform>
			<row0>	1.0749 -0.5082 -0.1758 0.0000	</row0>
			<row1>	0.5023 1.0891 -0.0773 0.0000	</row1>
			<row2>	0.1920 -0.0043 1.1864 0.0000	</row2>
			<row3>	0.6491 0.0207 -4.9005 1.0000	</row3>
		</transform>
	</node>
	<node>
		<identifier>	SP_YMS012_YHWR_M_1_INDEX_6	</identifier>
		<parent>	Scene Root	</parent>
		<transform>
			<row0>	1.1045 -0.4293 -0.2005 0.0000	</row0>
			<row1>	0.4248 1.1225 -0.0635 0.0000	</row1>
			<row2>	0.2100 -0.0125 1.1833 0.0000	</row2>
			<row3>	0.4677 0.0334 -5.8976 1.0000	</row3>
		</transform>
	</node>
	<node>
		<identifier>	SP_YMS023_YHUC_L_1	</identifier>
		<parent>	Scene Root	</parent>
		<transform>
			<row0>	0.9457 0.0000 0.0000 0.0000	</row0>
			<row1>	0.0000 0.9453 -0.0275 0.0000	</row1>
			<row2>	0.0000 0.0275 0.9453 0.0000	</row2>
			<row3>	0.3184 -0.3721 -6.1644 1.0000	</row3>
		</transform>
	</node>
	<node>
		<identifier>	SP_YMS023_YHUC_L_1_INDEX_1	</identifier>
		<parent>	Scene Root	</parent>
		<transform>
			<row0>	0.9420 0.0028 0.0841 0.0000	</row0>
			<row1>	-0.0023 0.9457 -0.0063 0.0000	</row1>
			<row2>	-0.0841 0.0061 0.9419 0.0000	</row2>
			<row3>	0.6221 -0.3791 -5.3881 1.0000	</row3>
		</transform>
	</node>
	<node>
		<identifier>	SP_YMS023_YHUC_L_1_INDEX_2	</identifier>
		<parent>	Scene Root	</parent>
		<transform>
			<row0>	0.9457 0.0000 0.0000 0.0000	</row0>
			<row1>	0.0000 0.9453 -0.0275 0.0000	</row1>
			<row2>	0.0000 0.0275 0.9453 0.0000	</row2>
			<row3>	-0.3184 -0.3721 -6.1644 1.0000	</row3>
		</transform>
	</node>
	<node>
		<identifier>	SP_YMS023_YHUC_L_1_INDEX_3	</identifier>
		<parent>	Scene Root	</parent>
		<transform>
			<row0>	0.9420 -0.0028 -0.0841 0.0000	</row0>
			<row1>	0.0023 0.9457 -0.0063 0.0000	</row1>
			<row2>	0.0841 0.0061 0.9419 0.0000	</row2>
			<row3>	-0.6221 -0.3791 -5.3881 1.0000	</row3>
		</transform>
	</node>
	<node>
		<identifier>	SP_YMS030_YHAM_M_1	</identifier>
		<parent>	Scene Root	</parent>
		<transform>
			<row0>	1.0000 0.0000 0.0000 0.0000	</row0>
			<row1>	0.0000 1.0000 0.0000 0.0000	</row1>
			<row2>	0.0000 0.0000 1.0000 0.0000	</row2>
			<row3>	0.0000 0.1121 -7.1523 1.0000	</row3>
		</transform>
	</node>
	<node>
		<identifier>	SP_YMS031_YHAL_M_1	</identifier>
		<parent>	Scene Root	</parent>
		<transform>
			<row0>	0.9139 0.3707 0.1656 0.0000	</row0>
			<row1>	-0.3665 0.9287 -0.0562 0.0000	</row1>
			<row2>	-0.1746 -0.0093 0.9846 0.0000	</row2>
			<row3>	-0.2690 0.0072 -6.7745 1.0000	</row3>
		</transform>
	</node>
	<node>
		<identifier>	SP_YMS032_YHAR_M_1	</identifier>
		<parent>	Scene Root	</parent>
		<transform>
			<row0>	0.9139 -0.3707 -0.1656 0.0000	</row0>
			<row1>	0.3665 0.9287 -0.0562 0.0000	</row1>
			<row2>	0.1746 -0.0093 0.9846 0.0000	</row2>
			<row3>	0.2690 0.0072 -6.7745 1.0000	</row3>
		</transform>
	</node>
	<node>
		<identifier>	SP_YMS072_YHHC_M_1_INDEX_4	</identifier>
		<parent>	Scene Root	</parent>
		<transform>
			<row0>	0.1141 -0.0088 0.5586 0.0000	</row0>
			<row1>	0.1288 0.5552 -0.0176 0.0000	</row1>
			<row2>	-0.5436 0.1297 0.1131 0.0000	</row2>
			<row3>	0.4806 0.2168 -6.0293 1.0000	</row3>
		</transform>
	</node>
	<node>
		<identifier>	SP_YMS072_YHHC_M_1_INDEX_6	</identifier>
		<parent>	Scene Root	</parent>
		<transform>
			<row0>	0.1141 0.0088 -0.5586 0.0000	</row0>
			<row1>	-0.1288 0.5552 -0.0176 0.0000	</row1>
			<row2>	0.5436 0.1297 0.1131 0.0000	</row2>
			<row3>	-0.4806 0.2168 -6.0293 1.0000	</row3>
		</transform>
	</node>
	<node>
		<identifier>	SP_YMS082_YHSC_M_1_INDEX_1	</identifier>
		<parent>	Scene Root	</parent>
		<transform>
			<row0>	0.1050 0.0003 0.7767 0.0000	</row0>
			<row1>	0.2064 0.7556 -0.0282 0.0000	</row1>
			<row2>	-0.7488 0.2083 0.1011 0.0000	</row2>
			<row3>	0.6990 0.2198 -4.7846 1.0000	</row3>
		</transform>
	</node>
	<node>
		<identifier>	SP_YMS082_YHSC_M_1_INDEX_8	</identifier>
		<parent>	Scene Root	</parent>
		<transform>
			<row0>	0.1050 -0.0003 -0.7767 0.0000	</row0>
			<row1>	-0.2064 0.7556 -0.0282 0.0000	</row1>
			<row2>	0.7488 0.2083 0.1011 0.0000	</row2>
			<row3>	-0.6990 0.2198 -4.7846 1.0000	</row3>
		</transform>
	</node>
</ISB304_Marcantonio_Colonna_1941_Stern.skel_ext>
