<ISB010_Conte_di_Cavour_1916_MidBack_ep.skel_ext>
	<exported>	false	</exported>
	<node>
		<identifier>	EP_Fire_3	</identifier>
		<parent>	Scene Root	</parent>
		<transform>
			<row0>	1.0000 0.0000 0.0000 0.0000	</row0>
			<row1>	0.0000 1.0000 0.0000 0.0000	</row1>
			<row2>	0.0000 0.0000 1.0000 0.0000	</row2>
			<row3>	0.0000 0.4342 -1.8455 1.0000	</row3>
		</transform>
	</node>
	<node>
		<identifier>	EP_Fire_3_side_1	</identifier>
		<parent>	Scene Root	</parent>
		<transform>
			<row0>	0.9981 0.0000 -0.0623 0.0000	</row0>
			<row1>	0.0000 1.0000 0.0000 0.0000	</row1>
			<row2>	0.0623 0.0000 0.9981 0.0000	</row2>
			<row3>	-0.7686 0.2989 -1.2434 1.0000	</row3>
		</transform>
	</node>
	<node>
		<identifier>	EP_Fire_3_side_2	</identifier>
		<parent>	Scene Root	</parent>
		<transform>
			<row0>	0.9981 0.0000 0.0623 0.0000	</row0>
			<row1>	0.0000 1.0000 0.0000 0.0000	</row1>
			<row2>	-0.0623 0.0000 0.9981 0.0000	</row2>
			<row3>	0.7126 0.2819 -2.2849 1.0000	</row3>
		</transform>
	</node>
	<node>
		<identifier>	EP_Fire_5_2	</identifier>
		<parent>	Scene Root	</parent>
		<transform>
			<row0>	1.0000 0.0000 0.0000 0.0000	</row0>
			<row1>	0.0000 1.0000 0.0000 0.0000	</row1>
			<row2>	0.0000 0.0000 1.0000 0.0000	</row2>
			<row3>	-0.1367 0.4110 -0.7102 1.0000	</row3>
		</transform>
	</node>
	<node>
		<identifier>	EP_FloodLight_left_1	</identifier>
		<parent>	Scene Root	</parent>
		<transform>
			<row0>	-1.0000 0.0000 0.0000 0.0000	</row0>
			<row1>	0.0000 1.0000 0.0000 0.0000	</row1>
			<row2>	0.0000 0.0000 -1.0000 0.0000	</row2>
			<row3>	-0.1421 1.3848 -1.4170 1.0000	</row3>
		</transform>
	</node>
	<node>
		<identifier>	EP_FloodLight_right_1	</identifier>
		<parent>	Scene Root	</parent>
		<transform>
			<row0>	1.0000 0.0000 0.0000 0.0000	</row0>
			<row1>	0.0000 1.0000 0.0000 0.0000	</row1>
			<row2>	0.0000 0.0000 1.0000 0.0000	</row2>
			<row3>	0.1444 1.3848 -1.4170 1.0000	</row3>
		</transform>
	</node>
	<node>
		<identifier>	EP_Flood_steam_2	</identifier>
		<parent>	Scene Root	</parent>
		<transform>
			<row0>	1.0000 0.0000 0.0000 0.0000	</row0>
			<row1>	0.0000 0.9569 -0.2904 0.0000	</row1>
			<row2>	0.0000 0.2904 0.9569 0.0000	</row2>
			<row3>	0.0000 1.5442 -1.4263 1.0000	</row3>
		</transform>
	</node>
	<node>
		<identifier>	EP_Flood_steam_exhaust_2	</identifier>
		<parent>	Scene Root	</parent>
		<transform>
			<row0>	1.0000 0.0000 0.0000 0.0000	</row0>
			<row1>	0.0000 0.9571 -0.2898 0.0000	</row1>
			<row2>	0.0000 0.2898 0.9571 0.0000	</row2>
			<row3>	0.0000 1.5442 -1.4263 1.0000	</row3>
		</transform>
	</node>
	<node>
		<identifier>	EP_Smoke_2	</identifier>
		<parent>	Scene Root	</parent>
		<transform>
			<row0>	1.0000 0.0000 0.0000 0.0000	</row0>
			<row1>	0.0000 0.9989 -0.0457 0.0000	</row1>
			<row2>	0.0000 0.0457 0.9989 0.0000	</row2>
			<row3>	0.0000 1.4726 -1.4060 1.0000	</row3>
		</transform>
	</node>
</ISB010_Conte_di_Cavour_1916_MidBack_ep.skel_ext>
