<ASB066_Kearsarge_1944_Stern.skel_ext>
	<exported>	true	</exported>
	<node>
		<identifier>	MP_AM001_Bollard_2	</identifier>
		<parent>	Scene Root	</parent>
		<transform>
			<row0>	1.6000 0.0000 0.0000 0.0000	</row0>
			<row1>	0.0000 1.6000 0.0000 0.0000	</row1>
			<row2>	0.0000 0.0000 1.6000 0.0000	</row2>
			<row3>	0.1673 0.4488 -9.4295 1.0000	</row3>
		</transform>
	</node>
	<node>
		<identifier>	MP_AM001_Bollard_2_INDEX_1	</identifier>
		<parent>	Scene Root	</parent>
		<transform>
			<row0>	1.5922 0.0000 0.1580 0.0000	</row0>
			<row1>	0.0000 1.6000 0.0000 0.0000	</row1>
			<row2>	-0.1580 0.0000 1.5922 0.0000	</row2>
			<row3>	-0.8242 0.4448 -7.6963 1.0000	</row3>
		</transform>
	</node>
	<node>
		<identifier>	MP_AM001_Bollard_2_INDEX_2	</identifier>
		<parent>	Scene Root	</parent>
		<transform>
			<row0>	1.5911 0.0000 -0.1685 0.0000	</row0>
			<row1>	0.0000 1.6000 0.0000 0.0000	</row1>
			<row2>	0.1685 0.0000 1.5911 0.0000	</row2>
			<row3>	0.8242 0.4448 -7.6963 1.0000	</row3>
		</transform>
	</node>
	<node>
		<identifier>	MP_AM001_Bollard_2_INDEX_3	</identifier>
		<parent>	Scene Root	</parent>
		<transform>
			<row0>	1.6000 0.0000 0.0000 0.0000	</row0>
			<row1>	0.0000 1.6000 0.0000 0.0000	</row1>
			<row2>	0.0000 0.0000 1.6000 0.0000	</row2>
			<row3>	-0.1673 0.4488 -9.4295 1.0000	</row3>
		</transform>
	</node>
	<node>
		<identifier>	MP_AM046_Running_Lights_B	</identifier>
		<parent>	Scene Root	</parent>
		<transform>
			<row0>	-1.0000 0.0000 0.0000 0.0000	</row0>
			<row1>	0.0000 1.0000 0.0000 0.0000	</row1>
			<row2>	0.0000 0.0000 -1.0000 0.0000	</row2>
			<row3>	0.0000 0.5459 -10.1218 1.0000	</row3>
		</transform>
	</node>
	<node>
		<identifier>	MP_AM071_Signal_Lamp_2	</identifier>
		<parent>	Scene Root	</parent>
		<transform>
			<row0>	0.0000 0.0000 -1.0000 0.0000	</row0>
			<row1>	0.0000 1.0000 0.0000 0.0000	</row1>
			<row2>	1.0000 0.0000 0.0000 0.0000	</row2>
			<row3>	0.0000 0.8216 -10.1563 1.0000	</row3>
		</transform>
	</node>
	<node>
		<identifier>	MP_AM078_Crane_Control_Wheel	</identifier>
		<parent>	Scene Root	</parent>
		<transform>
			<row0>	0.6516 0.0000 0.7585 0.0000	</row0>
			<row1>	0.0000 1.0000 0.0000 0.0000	</row1>
			<row2>	-0.7585 0.0000 0.6516 0.0000	</row2>
			<row3>	0.2225 0.4495 -9.5568 1.0000	</row3>
		</transform>
	</node>
	<node>
		<identifier>	MP_AM442_Multipole_Switch	</identifier>
		<parent>	Scene Root	</parent>
		<transform>
			<row0>	0.3824 0.0000 0.9240 0.0000	</row0>
			<row1>	0.0000 1.0000 0.0000 0.0000	</row1>
			<row2>	-0.9240 0.0000 0.3824 0.0000	</row2>
			<row3>	0.2328 0.4965 -9.7282 1.0000	</row3>
		</transform>
	</node>
	<node>
		<identifier>	MP_AM442_Multipole_Switch_INDEX_1	</identifier>
		<parent>	Scene Root	</parent>
		<transform>
			<row0>	0.3824 0.0000 -0.9240 0.0000	</row0>
			<row1>	0.0000 1.0000 0.0000 0.0000	</row1>
			<row2>	0.9240 0.0000 0.3824 0.0000	</row2>
			<row3>	-0.2328 0.4965 -9.7282 1.0000	</row3>
		</transform>
	</node>
	<node>
		<identifier>	MP_AM550_Aircraft_Crane	</identifier>
		<parent>	Scene Root	</parent>
		<transform>
			<row0>	-1.0000 0.0000 0.0000 0.0000	</row0>
			<row1>	0.0000 1.0000 0.0000 0.0000	</row1>
			<row2>	0.0000 0.0000 -1.0000 0.0000	</row2>
			<row3>	0.0000 0.4531 -9.8007 1.0000	</row3>
		</transform>
	</node>
	<node>
		<identifier>	MP_AM608_Wake_Light	</identifier>
		<parent>	Scene Root	</parent>
		<transform>
			<row0>	-1.0000 0.0000 0.0000 0.0000	</row0>
			<row1>	0.0000 0.9722 0.2343 0.0000	</row1>
			<row2>	0.0000 0.2343 -0.9722 0.0000	</row2>
			<row3>	0.0000 0.4471 -10.1203 1.0000	</row3>
		</transform>
	</node>
	<node>
		<identifier>	MP_AM720_Helmets_Rack	</identifier>
		<parent>	Scene Root	</parent>
		<transform>
			<row0>	-0.6508 0.0000 0.7593 0.0000	</row0>
			<row1>	0.0000 1.0000 0.0000 0.0000	</row1>
			<row2>	-0.7593 0.0000 -0.6508 0.0000	</row2>
			<row3>	0.2413 0.4740 -9.6249 1.0000	</row3>
		</transform>
	</node>
	<node>
		<identifier>	MP_AM720_Helmets_Rack_INDEX_1	</identifier>
		<parent>	Scene Root	</parent>
		<transform>
			<row0>	-0.1886 0.0000 -0.9821 0.0000	</row0>
			<row1>	0.0000 1.0000 0.0000 0.0000	</row1>
			<row2>	0.9821 0.0000 -0.1886 0.0000	</row2>
			<row3>	-0.2296 0.4740 -9.6026 1.0000	</row3>
		</transform>
	</node>
	<node>
		<identifier>	MP_AM721_Talker_Helmets_Rack	</identifier>
		<parent>	Scene Root	</parent>
		<transform>
			<row0>	0.9893 0.0000 -0.1457 0.0000	</row0>
			<row1>	0.0000 1.0000 0.0000 0.0000	</row1>
			<row2>	0.1457 0.0000 0.9893 0.0000	</row2>
			<row3>	-0.3843 0.4758 -9.6167 1.0000	</row3>
		</transform>
	</node>
	<node>
		<identifier>	MP_AM721_Talker_Helmets_Rack_INDEX_1	</identifier>
		<parent>	Scene Root	</parent>
		<transform>
			<row0>	0.9916 0.0000 -0.1297 0.0000	</row0>
			<row1>	0.0000 1.0000 0.0000 0.0000	</row1>
			<row2>	0.1297 0.0000 0.9916 0.0000	</row2>
			<row3>	0.4461 0.4828 -9.6173 1.0000	</row3>
		</transform>
	</node>
	<node>
		<identifier>	MP_CM011_Fire_Fighting_Gear	</identifier>
		<parent>	Scene Root	</parent>
		<transform>
			<row0>	-0.9908 0.0000 -0.1353 0.0000	</row0>
			<row1>	0.0000 1.0000 0.0000 0.0000	</row1>
			<row2>	0.1353 0.0000 -0.9908 0.0000	</row2>
			<row3>	0.4244 0.4502 -9.6090 1.0000	</row3>
		</transform>
	</node>
	<node>
		<identifier>	MP_CM012_Fire_Hose_Rack_1	</identifier>
		<parent>	Scene Root	</parent>
		<transform>
			<row0>	0.1353 0.0000 -0.9908 0.0000	</row0>
			<row1>	0.0000 1.0000 0.0000 0.0000	</row1>
			<row2>	0.9908 0.0000 0.1353 0.0000	</row2>
			<row3>	0.3843 0.4941 -9.6163 1.0000	</row3>
		</transform>
	</node>
	<node>
		<identifier>	MP_CM094_Propeller3_L	</identifier>
		<parent>	Scene Root	</parent>
		<transform>
			<row0>	1.0366 -0.0019 -0.0269 0.0000	</row0>
			<row1>	0.0013 1.0366 -0.0260 0.0000	</row1>
			<row2>	0.0270 0.0259 1.0363 0.0000	</row2>
			<row3>	-0.2149 -0.4753 -8.8980 1.0000	</row3>
		</transform>
	</node>
	<node>
		<identifier>	MP_CM095_Propeller3_R	</identifier>
		<parent>	Scene Root	</parent>
		<transform>
			<row0>	1.0366 0.0019 0.0269 0.0000	</row0>
			<row1>	-0.0013 1.0366 -0.0260 0.0000	</row1>
			<row2>	-0.0270 0.0259 1.0363 0.0000	</row2>
			<row3>	0.2151 -0.4753 -8.8980 1.0000	</row3>
		</transform>
	</node>
	<node>
		<identifier>	SP_YMS023_YHUC_L_1_INDEX_1	</identifier>
		<parent>	Scene Root	</parent>
		<transform>
			<row0>	0.8814 -0.0017 -0.0229 0.0000	</row0>
			<row1>	0.0011 0.8814 -0.0221 0.0000	</row1>
			<row2>	0.0229 0.0220 0.8811 0.0000	</row2>
			<row3>	-0.2149 -0.4753 -8.8980 1.0000	</row3>
		</transform>
	</node>
	<node>
		<identifier>	SP_YMS023_YHUC_L_1_INDEX_3	</identifier>
		<parent>	Scene Root	</parent>
		<transform>
			<row0>	0.8814 0.0017 0.0229 0.0000	</row0>
			<row1>	-0.0011 0.8814 -0.0221 0.0000	</row1>
			<row2>	-0.0229 0.0220 0.8811 0.0000	</row2>
			<row3>	0.2149 -0.4753 -8.8980 1.0000	</row3>
		</transform>
	</node>
	<node>
		<identifier>	SP_YMS031_YHAL_M_1	</identifier>
		<parent>	Scene Root	</parent>
		<transform>
			<row0>	0.9422 0.3176 0.1072 0.0000	</row0>
			<row1>	-0.3194 0.9476 0.0000 0.0000	</row1>
			<row2>	-0.1016 -0.0343 0.9942 0.0000	</row2>
			<row3>	-0.6129 0.1284 -9.2170 1.0000	</row3>
		</transform>
	</node>
	<node>
		<identifier>	SP_YMS032_YHAR_M_1	</identifier>
		<parent>	Scene Root	</parent>
		<transform>
			<row0>	0.9422 -0.3176 -0.1072 0.0000	</row0>
			<row1>	0.3194 0.9476 0.0000 0.0000	</row1>
			<row2>	0.1016 -0.0343 0.9942 0.0000	</row2>
			<row3>	0.6129 0.1284 -9.2170 1.0000	</row3>
		</transform>
	</node>
	<node>
		<identifier>	SP_YMS033_YHAM_S_1	</identifier>
		<parent>	Scene Root	</parent>
		<transform>
			<row0>	1.0000 0.0000 0.0000 0.0000	</row0>
			<row1>	0.0000 1.0000 0.0000 0.0000	</row1>
			<row2>	0.0000 0.0000 1.0000 0.0000	</row2>
			<row3>	0.0000 0.2198 -10.0998 1.0000	</row3>
		</transform>
	</node>
	<node>
		<identifier>	SP_YMS053_YHDC_S_1	</identifier>
		<parent>	Scene Root	</parent>
		<transform>
			<row0>	1.0000 0.0000 0.0000 0.0000	</row0>
			<row1>	0.0000 1.0000 0.0000 0.0000	</row1>
			<row2>	0.0000 0.0000 1.0000 0.0000	</row2>
			<row3>	0.0000 0.4701 -8.8659 1.0000	</row3>
		</transform>
	</node>
	<node>
		<identifier>	SP_YMS053_YHDC_S_1_INDEX_7	</identifier>
		<parent>	Scene Root	</parent>
		<transform>
			<row0>	1.0000 0.0000 0.0000 0.0000	</row0>
			<row1>	0.0000 1.0000 0.0000 0.0000	</row1>
			<row2>	0.0000 0.0000 1.0000 0.0000	</row2>
			<row3>	0.0000 0.4701 -7.9182 1.0000	</row3>
		</transform>
	</node>
	<node>
		<identifier>	SP_YMS061_YHGH_S_1	</identifier>
		<parent>	Scene Root	</parent>
		<transform>
			<row0>	0.6533 0.0000 -1.0296 0.0000	</row0>
			<row1>	0.0000 1.2194 0.0000 0.0000	</row1>
			<row2>	1.0296 0.0000 0.6533 0.0000	</row2>
			<row3>	-0.4100 0.5290 -9.8101 1.0000	</row3>
		</transform>
	</node>
	<node>
		<identifier>	SP_YMS061_YHGH_S_1_INDEX_1	</identifier>
		<parent>	Scene Root	</parent>
		<transform>
			<row0>	0.6533 0.0000 1.0296 0.0000	</row0>
			<row1>	0.0000 1.2194 0.0000 0.0000	</row1>
			<row2>	-1.0296 0.0000 0.6533 0.0000	</row2>
			<row3>	0.4100 0.5290 -9.8101 1.0000	</row3>
		</transform>
	</node>
	<node>
		<identifier>	SP_YMS080_YHSL_M_1	</identifier>
		<parent>	Scene Root	</parent>
		<transform>
			<row0>	0.9649 0.1748 0.1959 0.0000	</row0>
			<row1>	-0.1684 0.9845 -0.0489 0.0000	</row1>
			<row2>	-0.2014 0.0142 0.9794 0.0000	</row2>
			<row3>	-0.7531 0.3233 -8.5476 1.0000	</row3>
		</transform>
	</node>
	<node>
		<identifier>	SP_YMS081_YHSR_M_1_INDEX_1	</identifier>
		<parent>	Scene Root	</parent>
		<transform>
			<row0>	0.9649 -0.1748 -0.1959 0.0000	</row0>
			<row1>	0.1684 0.9845 -0.0489 0.0000	</row1>
			<row2>	0.2014 0.0142 0.9794 0.0000	</row2>
			<row3>	0.7531 0.3233 -8.5476 1.0000	</row3>
		</transform>
	</node>
</ASB066_Kearsarge_1944_Stern.skel_ext>
