<BSB005_Iron_Duke_1936_MidFront.skel_ext>
	<exported>	true	</exported>
	<node>
		<identifier>	MP_BM001_Paravane	</identifier>
		<parent>	Scene Root	</parent>
		<transform>
			<row0>	0.0000 -1.0000 0.0000 0.0000	</row0>
			<row1>	0.8584 0.0000 0.5130 0.0000	</row1>
			<row2>	-0.5130 0.0000 0.8584 0.0000	</row2>
			<row3>	0.3036 0.6774 1.1790 1.0000	</row3>
		</transform>
	</node>
	<node>
		<identifier>	MP_BM001_Paravane_INDEX_1	</identifier>
		<parent>	Scene Root	</parent>
		<transform>
			<row0>	0.0000 0.0000 -1.0000 0.0000	</row0>
			<row1>	0.0000 1.0000 0.0000 0.0000	</row1>
			<row2>	1.0000 0.0000 0.0000 0.0000	</row2>
			<row3>	0.3743 0.4968 2.3599 1.0000	</row3>
		</transform>
	</node>
	<node>
		<identifier>	MP_BM001_Paravane_INDEX_2	</identifier>
		<parent>	Scene Root	</parent>
		<transform>
			<row0>	0.0000 1.0000 0.0000 0.0000	</row0>
			<row1>	-0.8584 0.0000 0.5130 0.0000	</row1>
			<row2>	0.5130 0.0000 0.8584 0.0000	</row2>
			<row3>	-0.3036 0.6774 1.1790 1.0000	</row3>
		</transform>
	</node>
	<node>
		<identifier>	MP_BM001_Paravane_INDEX_3	</identifier>
		<parent>	Scene Root	</parent>
		<transform>
			<row0>	0.0000 0.0000 1.0000 0.0000	</row0>
			<row1>	0.0000 1.0000 0.0000 0.0000	</row1>
			<row2>	-1.0000 0.0000 0.0000 0.0000	</row2>
			<row3>	-0.3743 0.4968 2.3599 1.0000	</row3>
		</transform>
	</node>
	<node>
		<identifier>	MP_BM004_Reels	</identifier>
		<parent>	Scene Root	</parent>
		<transform>
			<row0>	-1.0000 0.0000 0.0000 0.0000	</row0>
			<row1>	0.0000 1.0000 0.0000 0.0000	</row1>
			<row2>	0.0000 0.0000 -1.0000 0.0000	</row2>
			<row3>	0.2215 0.4580 3.5067 1.0000	</row3>
		</transform>
	</node>
	<node>
		<identifier>	MP_BM004_Reels_INDEX_1	</identifier>
		<parent>	Scene Root	</parent>
		<transform>
			<row0>	-1.0000 0.0000 0.0000 0.0000	</row0>
			<row1>	0.0000 1.0000 0.0000 0.0000	</row1>
			<row2>	0.0000 0.0000 -1.0000 0.0000	</row2>
			<row3>	-0.1937 0.4580 3.5067 1.0000	</row3>
		</transform>
	</node>
	<node>
		<identifier>	MP_BM004_Reels_INDEX_2	</identifier>
		<parent>	Scene Root	</parent>
		<transform>
			<row0>	-0.4947 0.0000 0.8690 0.0000	</row0>
			<row1>	0.0000 1.0000 0.0000 0.0000	</row1>
			<row2>	-0.8690 0.0000 -0.4947 0.0000	</row2>
			<row3>	-0.1943 0.4582 -0.5858 1.0000	</row3>
		</transform>
	</node>
	<node>
		<identifier>	MP_BM004_Reels_INDEX_3	</identifier>
		<parent>	Scene Root	</parent>
		<transform>
			<row0>	-1.0000 0.0000 0.0000 0.0000	</row0>
			<row1>	0.0000 1.0000 0.0000 0.0000	</row1>
			<row2>	0.0000 0.0000 -1.0000 0.0000	</row2>
			<row3>	0.0789 0.4580 3.5067 1.0000	</row3>
		</transform>
	</node>
	<node>
		<identifier>	MP_BM004_Reels_INDEX_4	</identifier>
		<parent>	Scene Root	</parent>
		<transform>
			<row0>	-1.0000 0.0000 0.0000 0.0000	</row0>
			<row1>	0.0000 1.0000 0.0000 0.0000	</row1>
			<row2>	0.0000 0.0000 -1.0000 0.0000	</row2>
			<row3>	-0.0690 0.4580 3.5067 1.0000	</row3>
		</transform>
	</node>
	<node>
		<identifier>	MP_BM004_Reels_INDEX_5	</identifier>
		<parent>	Scene Root	</parent>
		<transform>
			<row0>	-0.4947 0.0000 -0.8690 0.0000	</row0>
			<row1>	0.0000 1.0000 0.0000 0.0000	</row1>
			<row2>	0.8690 0.0000 -0.4947 0.0000	</row2>
			<row3>	0.1943 0.4582 -0.5858 1.0000	</row3>
		</transform>
	</node>
	<node>
		<identifier>	MP_BM004_Reels_INDEX_6	</identifier>
		<parent>	Scene Root	</parent>
		<transform>
			<row0>	-0.1138 0.0000 -0.9935 0.0000	</row0>
			<row1>	0.0000 1.0000 0.0000 0.0000	</row1>
			<row2>	0.9935 0.0000 -0.1138 0.0000	</row2>
			<row3>	0.3220 0.4572 2.8483 1.0000	</row3>
		</transform>
	</node>
	<node>
		<identifier>	MP_BM017_Loading_Machine	</identifier>
		<parent>	Scene Root	</parent>
		<transform>
			<row0>	-0.9998 0.0000 0.0174 0.0000	</row0>
			<row1>	0.0000 1.0000 0.0000 0.0000	</row1>
			<row2>	-0.0174 0.0000 -0.9998 0.0000	</row2>
			<row3>	-0.4678 0.5932 1.2638 1.0000	</row3>
		</transform>
	</node>
	<node>
		<identifier>	MP_BM022_Flotanet	</identifier>
		<parent>	Scene Root	</parent>
		<transform>
			<row0>	0.0000 1.0000 0.0000 0.0000	</row0>
			<row1>	0.0000 0.0000 -1.0000 0.0000	</row1>
			<row2>	-1.0000 0.0000 0.0000 0.0000	</row2>
			<row3>	-0.3205 0.4995 0.7061 1.0000	</row3>
		</transform>
	</node>
	<node>
		<identifier>	MP_BM022_Flotanet_INDEX_1	</identifier>
		<parent>	Scene Root	</parent>
		<transform>
			<row0>	0.0000 1.0000 0.0000 0.0000	</row0>
			<row1>	0.0000 0.0000 -1.0000 0.0000	</row1>
			<row2>	-1.0000 0.0000 0.0000 0.0000	</row2>
			<row3>	-0.3196 0.5346 0.7061 1.0000	</row3>
		</transform>
	</node>
	<node>
		<identifier>	MP_BM022_Flotanet_INDEX_2	</identifier>
		<parent>	Scene Root	</parent>
		<transform>
			<row0>	0.0000 1.0000 0.0000 0.0000	</row0>
			<row1>	-0.9247 0.0000 -0.3806 0.0000	</row1>
			<row2>	-0.3806 0.0000 0.9247 0.0000	</row2>
			<row3>	-0.2162 0.5242 0.1099 1.0000	</row3>
		</transform>
	</node>
	<node>
		<identifier>	MP_BM022_Flotanet_INDEX_3	</identifier>
		<parent>	Scene Root	</parent>
		<transform>
			<row0>	0.0000 1.0000 0.0000 0.0000	</row0>
			<row1>	-0.9247 0.0000 -0.3806 0.0000	</row1>
			<row2>	-0.3806 0.0000 0.9247 0.0000	</row2>
			<row3>	-0.2162 0.5608 0.1099 1.0000	</row3>
		</transform>
	</node>
	<node>
		<identifier>	MP_BM026_Reels	</identifier>
		<parent>	Scene Root	</parent>
		<transform>
			<row0>	0.9335 0.0000 0.3586 0.0000	</row0>
			<row1>	0.0000 1.0000 0.0000 0.0000	</row1>
			<row2>	-0.3586 0.0000 0.9335 0.0000	</row2>
			<row3>	-0.4117 0.4604 0.5785 1.0000	</row3>
		</transform>
	</node>
	<node>
		<identifier>	MP_BM030_Range_concentration2	</identifier>
		<parent>	Scene Root	</parent>
		<transform>
			<row0>	1.0000 0.0000 0.0000 0.0000	</row0>
			<row1>	0.0000 1.0000 0.0000 0.0000	</row1>
			<row2>	0.0000 0.0000 1.0000 0.0000	</row2>
			<row3>	0.0000 1.8438 1.0508 1.0000	</row3>
		</transform>
	</node>
	<node>
		<identifier>	MP_BM037_Sounding_Machine	</identifier>
		<parent>	Scene Root	</parent>
		<transform>
			<row0>	-0.8846 0.0000 0.4663 0.0000	</row0>
			<row1>	0.0000 1.0000 0.0000 0.0000	</row1>
			<row2>	-0.4663 0.0000 -0.8846 0.0000	</row2>
			<row3>	-0.2665 0.7932 0.9715 1.0000	</row3>
		</transform>
	</node>
	<node>
		<identifier>	MP_BM037_Sounding_Machine_INDEX_1	</identifier>
		<parent>	Scene Root	</parent>
		<transform>
			<row0>	-0.8846 0.0000 -0.4663 0.0000	</row0>
			<row1>	0.0000 1.0000 0.0000 0.0000	</row1>
			<row2>	0.4663 0.0000 -0.8846 0.0000	</row2>
			<row3>	0.2665 0.7932 0.9715 1.0000	</row3>
		</transform>
	</node>
	<node>
		<identifier>	MP_BM038_Helmets	</identifier>
		<parent>	Scene Root	</parent>
		<transform>
			<row0>	0.0000 0.0000 -1.0000 0.0000	</row0>
			<row1>	0.0000 1.0000 0.0000 0.0000	</row1>
			<row2>	1.0000 0.0000 0.0000 0.0000	</row2>
			<row3>	0.1547 1.1546 0.9027 1.0000	</row3>
		</transform>
	</node>
	<node>
		<identifier>	MP_BM038_Helmets_INDEX_1	</identifier>
		<parent>	Scene Root	</parent>
		<transform>
			<row0>	0.4987 0.0000 -0.8668 0.0000	</row0>
			<row1>	0.0000 1.0000 0.0000 0.0000	</row1>
			<row2>	0.8668 0.0000 0.4987 0.0000	</row2>
			<row3>	0.4458 0.6506 0.8927 1.0000	</row3>
		</transform>
	</node>
	<node>
		<identifier>	MP_BM038_Helmets_INDEX_2	</identifier>
		<parent>	Scene Root	</parent>
		<transform>
			<row0>	0.4987 0.0000 0.8668 0.0000	</row0>
			<row1>	0.0000 1.0000 0.0000 0.0000	</row1>
			<row2>	-0.8668 0.0000 0.4987 0.0000	</row2>
			<row3>	-0.6424 0.4986 1.4252 1.0000	</row3>
		</transform>
	</node>
	<node>
		<identifier>	MP_BM038_Helmets_INDEX_3	</identifier>
		<parent>	Scene Root	</parent>
		<transform>
			<row0>	-0.5162 0.0000 -0.8565 0.0000	</row0>
			<row1>	0.0000 1.0000 0.0000 0.0000	</row1>
			<row2>	0.8565 0.0000 -0.5162 0.0000	</row2>
			<row3>	-0.5685 0.4929 0.6630 1.0000	</row3>
		</transform>
	</node>
	<node>
		<identifier>	MP_BM038_Helmets_INDEX_4	</identifier>
		<parent>	Scene Root	</parent>
		<transform>
			<row0>	0.0000 0.0000 1.0000 0.0000	</row0>
			<row1>	0.0000 1.0000 0.0000 0.0000	</row1>
			<row2>	-1.0000 0.0000 0.0000 0.0000	</row2>
			<row3>	-0.1547 1.1546 0.9027 1.0000	</row3>
		</transform>
	</node>
	<node>
		<identifier>	MP_BM038_Helmets_INDEX_5	</identifier>
		<parent>	Scene Root	</parent>
		<transform>
			<row0>	0.4987 0.0000 -0.8668 0.0000	</row0>
			<row1>	0.0000 1.0000 0.0000 0.0000	</row1>
			<row2>	0.8668 0.0000 0.4987 0.0000	</row2>
			<row3>	0.6424 0.4986 1.4252 1.0000	</row3>
		</transform>
	</node>
	<node>
		<identifier>	MP_BM038_Helmets_INDEX_6	</identifier>
		<parent>	Scene Root	</parent>
		<transform>
			<row0>	-0.5162 0.0000 0.8565 0.0000	</row0>
			<row1>	0.0000 1.0000 0.0000 0.0000	</row1>
			<row2>	-0.8565 0.0000 -0.5162 0.0000	</row2>
			<row3>	0.5685 0.4929 0.6630 1.0000	</row3>
		</transform>
	</node>
	<node>
		<identifier>	MP_BM038_Helmets_INDEX_7	</identifier>
		<parent>	Scene Root	</parent>
		<transform>
			<row0>	0.4987 0.0000 0.8668 0.0000	</row0>
			<row1>	0.0000 1.0000 0.0000 0.0000	</row1>
			<row2>	-0.8668 0.0000 0.4987 0.0000	</row2>
			<row3>	-0.4458 0.6506 0.8927 1.0000	</row3>
		</transform>
	</node>
	<node>
		<identifier>	MP_BM500_GIG_30ft	</identifier>
		<parent>	Scene Root	</parent>
		<transform>
			<row0>	0.8688 0.0000 0.4952 0.0000	</row0>
			<row1>	0.0000 1.0000 0.0000 0.0000	</row1>
			<row2>	-0.4952 0.0000 0.8688 0.0000	</row2>
			<row3>	-0.3460 0.4697 -0.5707 1.0000	</row3>
		</transform>
	</node>
	<node>
		<identifier>	MP_BM500_GIG_30ft_INDEX_1	</identifier>
		<parent>	Scene Root	</parent>
		<transform>
			<row0>	0.8688 0.0000 -0.4952 0.0000	</row0>
			<row1>	0.0000 1.0000 0.0000 0.0000	</row1>
			<row2>	0.4952 0.0000 0.8688 0.0000	</row2>
			<row3>	0.3460 0.4697 -0.5707 1.0000	</row3>
		</transform>
	</node>
	<node>
		<identifier>	MP_BM501_Cutter_32ft	</identifier>
		<parent>	Scene Root	</parent>
		<transform>
			<row0>	0.9913 0.0000 0.1316 0.0000	</row0>
			<row1>	0.0000 1.0000 0.0000 0.0000	</row1>
			<row2>	-0.1316 0.0000 0.9913 0.0000	</row2>
			<row3>	-0.3974 0.4667 0.0696 1.0000	</row3>
		</transform>
	</node>
	<node>
		<identifier>	MP_BM505_Rubber_Boat	</identifier>
		<parent>	Scene Root	</parent>
		<transform>
			<row0>	0.9445 0.0000 -0.3284 0.0000	</row0>
			<row1>	-0.3284 0.0000 -0.9445 0.0000	</row1>
			<row2>	0.0000 1.0000 0.0000 0.0000	</row2>
			<row3>	-0.0701 0.7699 0.0040 1.0000	</row3>
		</transform>
	</node>
	<node>
		<identifier>	MP_BM505_Rubber_Boat_INDEX_1	</identifier>
		<parent>	Scene Root	</parent>
		<transform>
			<row0>	0.9445 0.0000 0.3284 0.0000	</row0>
			<row1>	0.3284 0.0000 -0.9445 0.0000	</row1>
			<row2>	0.0000 1.0000 0.0000 0.0000	</row2>
			<row3>	0.0701 0.7699 0.0040 1.0000	</row3>
		</transform>
	</node>
	<node>
		<identifier>	MP_BM505_Rubber_Boat_INDEX_2	</identifier>
		<parent>	Scene Root	</parent>
		<transform>
			<row0>	0.4944 0.0000 0.8692 0.0000	</row0>
			<row1>	0.8692 0.0000 -0.4944 0.0000	</row1>
			<row2>	0.0000 1.0000 0.0000 0.0000	</row2>
			<row3>	0.1751 0.7699 0.0914 1.0000	</row3>
		</transform>
	</node>
	<node>
		<identifier>	MP_BM505_Rubber_Boat_INDEX_3	</identifier>
		<parent>	Scene Root	</parent>
		<transform>
			<row0>	0.0612 0.0000 0.9981 0.0000	</row0>
			<row1>	0.9981 0.0000 -0.0612 0.0000	</row1>
			<row2>	0.0000 1.0000 0.0000 0.0000	</row2>
			<row3>	0.2093 0.7699 0.2269 1.0000	</row3>
		</transform>
	</node>
	<node>
		<identifier>	MP_BM505_Rubber_Boat_INDEX_4	</identifier>
		<parent>	Scene Root	</parent>
		<transform>
			<row0>	-0.0002 -1.0000 0.0001 0.0000	</row0>
			<row1>	-0.8125 0.0002 0.5830 0.0000	</row1>
			<row2>	-0.5830 0.0000 -0.8125 0.0000	</row2>
			<row3>	-0.1884 0.7238 1.3830 1.0000	</row3>
		</transform>
	</node>
	<node>
		<identifier>	MP_BM505_Rubber_Boat_INDEX_5	</identifier>
		<parent>	Scene Root	</parent>
		<transform>
			<row0>	0.4944 0.0000 -0.8692 0.0000	</row0>
			<row1>	-0.8692 0.0000 -0.4944 0.0000	</row1>
			<row2>	0.0000 1.0000 0.0000 0.0000	</row2>
			<row3>	-0.1751 0.7699 0.0914 1.0000	</row3>
		</transform>
	</node>
	<node>
		<identifier>	MP_BM505_Rubber_Boat_INDEX_6	</identifier>
		<parent>	Scene Root	</parent>
		<transform>
			<row0>	-0.0002 1.0000 -0.0001 0.0000	</row0>
			<row1>	0.8125 0.0002 0.5830 0.0000	</row1>
			<row2>	0.5830 0.0000 -0.8125 0.0000	</row2>
			<row3>	0.1884 0.7238 1.3830 1.0000	</row3>
		</transform>
	</node>
	<node>
		<identifier>	MP_BM505_Rubber_Boat_INDEX_7	</identifier>
		<parent>	Scene Root	</parent>
		<transform>
			<row0>	0.0612 0.0000 -0.9981 0.0000	</row0>
			<row1>	-0.9981 0.0000 -0.0612 0.0000	</row1>
			<row2>	0.0000 1.0000 0.0000 0.0000	</row2>
			<row3>	-0.2093 0.7699 0.2269 1.0000	</row3>
		</transform>
	</node>
	<node>
		<identifier>	MP_BM507_Whaler_27ft	</identifier>
		<parent>	Scene Root	</parent>
		<transform>
			<row0>	0.9913 0.0000 0.1316 0.0000	</row0>
			<row1>	0.0000 1.0000 0.0000 0.0000	</row1>
			<row2>	-0.1316 0.0000 0.9913 0.0000	</row2>
			<row3>	-0.4002 0.5631 0.1158 1.0000	</row3>
		</transform>
	</node>
	<node>
		<identifier>	MP_BM507_Whaler_27ft_INDEX_1	</identifier>
		<parent>	Scene Root	</parent>
		<transform>
			<row0>	0.8688 0.0000 0.4952 0.0000	</row0>
			<row1>	0.0000 1.0000 0.0000 0.0000	</row1>
			<row2>	-0.4952 0.0000 0.8688 0.0000	</row2>
			<row3>	-0.6574 0.4899 -0.0275 1.0000	</row3>
		</transform>
	</node>
	<node>
		<identifier>	MP_BM507_Whaler_27ft_INDEX_2	</identifier>
		<parent>	Scene Root	</parent>
		<transform>
			<row0>	0.8688 0.0000 -0.4952 0.0000	</row0>
			<row1>	0.0000 1.0000 0.0000 0.0000	</row1>
			<row2>	0.4952 0.0000 0.8688 0.0000	</row2>
			<row3>	0.6574 0.4899 -0.0275 1.0000	</row3>
		</transform>
	</node>
	<node>
		<identifier>	MP_BM513_Motor_Boat_25ft	</identifier>
		<parent>	Scene Root	</parent>
		<transform>
			<row0>	0.8742 0.0000 -0.4856 0.0000	</row0>
			<row1>	0.0000 1.0000 0.0000 0.0000	</row1>
			<row2>	0.4856 0.0000 0.8742 0.0000	</row2>
			<row3>	0.4634 0.5175 -0.0055 1.0000	</row3>
		</transform>
	</node>
	<node>
		<identifier>	MP_BM522_Motor_Cutter_25ft	</identifier>
		<parent>	Scene Root	</parent>
		<transform>
			<row0>	0.8990 0.0000 -0.4379 0.0000	</row0>
			<row1>	0.0000 1.0000 0.0000 0.0000	</row1>
			<row2>	0.4379 0.0000 0.8990 0.0000	</row2>
			<row3>	0.3131 0.4716 0.1120 1.0000	</row3>
		</transform>
	</node>
	<node>
		<identifier>	MP_BM600_Sky_lookout	</identifier>
		<parent>	Scene Root	</parent>
		<transform>
			<row0>	0.8090 0.0000 -0.5878 0.0000	</row0>
			<row1>	0.0000 1.0000 0.0000 0.0000	</row1>
			<row2>	0.5878 0.0000 0.8090 0.0000	</row2>
			<row3>	-0.2715 0.7925 1.1300 1.0000	</row3>
		</transform>
	</node>
	<node>
		<identifier>	MP_BM600_Sky_lookout_INDEX_1	</identifier>
		<parent>	Scene Root	</parent>
		<transform>
			<row0>	-0.8090 0.0000 -0.5878 0.0000	</row0>
			<row1>	0.0000 1.0000 0.0000 0.0000	</row1>
			<row2>	0.5878 0.0000 -0.8090 0.0000	</row2>
			<row3>	0.2715 0.7925 1.1300 1.0000	</row3>
		</transform>
	</node>
	<node>
		<identifier>	MP_BM602_Pelorus	</identifier>
		<parent>	Scene Root	</parent>
		<transform>
			<row0>	1.0000 0.0000 0.0000 0.0000	</row0>
			<row1>	0.0000 1.0000 0.0000 0.0000	</row1>
			<row2>	0.0000 0.0000 1.0000 0.0000	</row2>
			<row3>	-0.1647 1.3485 1.0949 1.0000	</row3>
		</transform>
	</node>
	<node>
		<identifier>	MP_BM602_Pelorus_INDEX_1	</identifier>
		<parent>	Scene Root	</parent>
		<transform>
			<row0>	1.0000 0.0000 0.0000 0.0000	</row0>
			<row1>	0.0000 1.0000 0.0000 0.0000	</row1>
			<row2>	0.0000 0.0000 1.0000 0.0000	</row2>
			<row3>	0.1647 1.3485 1.0949 1.0000	</row3>
		</transform>
	</node>
	<node>
		<identifier>	MP_BM602_Pelorus_INDEX_2	</identifier>
		<parent>	Scene Root	</parent>
		<transform>
			<row0>	1.0000 0.0000 0.0000 0.0000	</row0>
			<row1>	0.0000 1.0000 0.0000 0.0000	</row1>
			<row2>	0.0000 0.0000 1.0000 0.0000	</row2>
			<row3>	-0.0993 0.8293 1.3503 1.0000	</row3>
		</transform>
	</node>
	<node>
		<identifier>	MP_BM602_Pelorus_INDEX_3	</identifier>
		<parent>	Scene Root	</parent>
		<transform>
			<row0>	1.0000 0.0000 0.0000 0.0000	</row0>
			<row1>	0.0000 1.0000 0.0000 0.0000	</row1>
			<row2>	0.0000 0.0000 1.0000 0.0000	</row2>
			<row3>	0.0993 0.8293 1.3503 1.0000	</row3>
		</transform>
	</node>
	<node>
		<identifier>	MP_BM603_Compass_Binnacle	</identifier>
		<parent>	Scene Root	</parent>
		<transform>
			<row0>	1.0000 0.0000 0.0000 0.0000	</row0>
			<row1>	0.0000 1.0000 0.0000 0.0000	</row1>
			<row2>	0.0000 0.0000 1.0000 0.0000	</row2>
			<row3>	0.0000 0.8064 1.4500 1.0000	</row3>
		</transform>
	</node>
	<node>
		<identifier>	MP_BM603_Compass_Binnacle_INDEX_1	</identifier>
		<parent>	Scene Root	</parent>
		<transform>
			<row0>	1.0000 0.0000 0.0000 0.0000	</row0>
			<row1>	0.0000 1.0000 0.0000 0.0000	</row1>
			<row2>	0.0000 0.0000 1.0000 0.0000	</row2>
			<row3>	0.0000 1.3453 1.1679 1.0000	</row3>
		</transform>
	</node>
	<node>
		<identifier>	MP_BM604_Voice_Tube	</identifier>
		<parent>	Scene Root	</parent>
		<transform>
			<row0>	-1.0000 0.0000 0.0000 0.0000	</row0>
			<row1>	0.0000 1.0000 0.0000 0.0000	</row1>
			<row2>	0.0000 0.0000 -1.0000 0.0000	</row2>
			<row3>	-0.1247 2.0667 0.6785 1.0000	</row3>
		</transform>
	</node>
	<node>
		<identifier>	MP_BM604_Voice_Tube_INDEX_1	</identifier>
		<parent>	Scene Root	</parent>
		<transform>
			<row0>	-1.0000 0.0000 0.0000 0.0000	</row0>
			<row1>	0.0000 1.0000 0.0000 0.0000	</row1>
			<row2>	0.0000 0.0000 -1.0000 0.0000	</row2>
			<row3>	-0.1413 2.0667 0.6785 1.0000	</row3>
		</transform>
	</node>
	<node>
		<identifier>	MP_BM604_Voice_Tube_INDEX_2	</identifier>
		<parent>	Scene Root	</parent>
		<transform>
			<row0>	1.0000 0.0000 0.0000 0.0000	</row0>
			<row1>	0.0000 1.0000 0.0000 0.0000	</row1>
			<row2>	0.0000 0.0000 1.0000 0.0000	</row2>
			<row3>	-0.0384 2.0667 1.1543 1.0000	</row3>
		</transform>
	</node>
	<node>
		<identifier>	MP_BM604_Voice_Tube_INDEX_3	</identifier>
		<parent>	Scene Root	</parent>
		<transform>
			<row0>	-1.0000 0.0000 0.0000 0.0000	</row0>
			<row1>	0.0000 1.0000 0.0000 0.0000	</row1>
			<row2>	0.0000 0.0000 -1.0000 0.0000	</row2>
			<row3>	0.1247 2.0667 0.6785 1.0000	</row3>
		</transform>
	</node>
	<node>
		<identifier>	MP_BM604_Voice_Tube_INDEX_4	</identifier>
		<parent>	Scene Root	</parent>
		<transform>
			<row0>	-1.0000 0.0000 0.0000 0.0000	</row0>
			<row1>	0.0000 1.0000 0.0000 0.0000	</row1>
			<row2>	0.0000 0.0000 -1.0000 0.0000	</row2>
			<row3>	0.1073 2.0667 0.6785 1.0000	</row3>
		</transform>
	</node>
	<node>
		<identifier>	MP_BM604_Voice_Tube_INDEX_5	</identifier>
		<parent>	Scene Root	</parent>
		<transform>
			<row0>	-1.0000 0.0000 0.0000 0.0000	</row0>
			<row1>	0.0000 1.0000 0.0000 0.0000	</row1>
			<row2>	0.0000 0.0000 -1.0000 0.0000	</row2>
			<row3>	0.1413 2.0667 0.6785 1.0000	</row3>
		</transform>
	</node>
	<node>
		<identifier>	MP_BM604_Voice_Tube_INDEX_6	</identifier>
		<parent>	Scene Root	</parent>
		<transform>
			<row0>	1.0000 0.0000 0.0000 0.0000	</row0>
			<row1>	0.0000 1.0000 0.0000 0.0000	</row1>
			<row2>	0.0000 0.0000 1.0000 0.0000	</row2>
			<row3>	-0.0280 2.0667 1.1543 1.0000	</row3>
		</transform>
	</node>
	<node>
		<identifier>	MP_BM606_Searchlight_sight	</identifier>
		<parent>	Scene Root	</parent>
		<transform>
			<row0>	0.5334 0.0000 -0.8459 0.0000	</row0>
			<row1>	0.0000 1.0000 0.0000 0.0000	</row1>
			<row2>	0.8459 0.0000 0.5334 0.0000	</row2>
			<row3>	0.2352 0.7921 1.1738 1.0000	</row3>
		</transform>
	</node>
	<node>
		<identifier>	MP_BM606_Searchlight_sight_INDEX_1	</identifier>
		<parent>	Scene Root	</parent>
		<transform>
			<row0>	0.5334 0.0000 0.8459 0.0000	</row0>
			<row1>	0.0000 1.0000 0.0000 0.0000	</row1>
			<row2>	-0.8459 0.0000 0.5334 0.0000	</row2>
			<row3>	-0.2352 0.7921 1.1738 1.0000	</row3>
		</transform>
	</node>
	<node>
		<identifier>	MP_BM607_Telegraph_Engine_R	</identifier>
		<parent>	Scene Root	</parent>
		<transform>
			<row0>	1.0000 0.0000 0.0000 0.0000	</row0>
			<row1>	0.0000 1.0000 0.0000 0.0000	</row1>
			<row2>	0.0000 0.0000 1.0000 0.0000	</row2>
			<row3>	0.0625 1.3453 1.1679 1.0000	</row3>
		</transform>
	</node>
	<node>
		<identifier>	MP_BM609_Speaker	</identifier>
		<parent>	Scene Root	</parent>
		<transform>
			<row0>	1.0000 0.0000 0.0000 0.0000	</row0>
			<row1>	0.0000 1.0000 0.0000 0.0000	</row1>
			<row2>	0.0000 0.0000 1.0000 0.0000	</row2>
			<row3>	0.0542 1.4696 0.9989 1.0000	</row3>
		</transform>
	</node>
	<node>
		<identifier>	MP_BM610_Speaker_2	</identifier>
		<parent>	Scene Root	</parent>
		<transform>
			<row0>	1.0000 0.0000 0.0000 0.0000	</row0>
			<row1>	0.0000 1.0000 0.0000 0.0000	</row1>
			<row2>	0.0000 0.0000 1.0000 0.0000	</row2>
			<row3>	0.0154 1.4696 0.9989 1.0000	</row3>
		</transform>
	</node>
	<node>
		<identifier>	MP_BM611_Telephone	</identifier>
		<parent>	Scene Root	</parent>
		<transform>
			<row0>	0.5074 0.0000 0.8617 0.0000	</row0>
			<row1>	0.0000 1.0000 0.0000 0.0000	</row1>
			<row2>	-0.8617 0.0000 0.5074 0.0000	</row2>
			<row3>	-0.3321 0.8428 1.0762 1.0000	</row3>
		</transform>
	</node>
	<node>
		<identifier>	MP_BM611_Telephone_INDEX_1	</identifier>
		<parent>	Scene Root	</parent>
		<transform>
			<row0>	0.3169 0.0000 -0.9485 0.0000	</row0>
			<row1>	0.0000 1.0000 0.0000 0.0000	</row1>
			<row2>	0.9485 0.0000 0.3169 0.0000	</row2>
			<row3>	0.1812 1.4188 1.1107 1.0000	</row3>
		</transform>
	</node>
	<node>
		<identifier>	MP_BM611_Telephone_INDEX_2	</identifier>
		<parent>	Scene Root	</parent>
		<transform>
			<row0>	0.3169 0.0000 -0.9485 0.0000	</row0>
			<row1>	0.0000 1.0000 0.0000 0.0000	</row1>
			<row2>	0.9485 0.0000 0.3169 0.0000	</row2>
			<row3>	0.1733 1.4188 1.1342 1.0000	</row3>
		</transform>
	</node>
	<node>
		<identifier>	MP_BM611_Telephone_INDEX_3	</identifier>
		<parent>	Scene Root	</parent>
		<transform>
			<row0>	0.5074 0.0000 -0.8617 0.0000	</row0>
			<row1>	0.0000 1.0000 0.0000 0.0000	</row1>
			<row2>	0.8617 0.0000 0.5074 0.0000	</row2>
			<row3>	0.3321 0.8428 1.0762 1.0000	</row3>
		</transform>
	</node>
	<node>
		<identifier>	MP_BM612_Switch_Panel	</identifier>
		<parent>	Scene Root	</parent>
		<transform>
			<row0>	0.3169 0.0000 -0.9485 0.0000	</row0>
			<row1>	0.0000 1.0000 0.0000 0.0000	</row1>
			<row2>	0.9485 0.0000 0.3169 0.0000	</row2>
			<row3>	0.1917 1.4187 1.0793 1.0000	</row3>
		</transform>
	</node>
	<node>
		<identifier>	MP_BM612_Switch_Panel_INDEX_1	</identifier>
		<parent>	Scene Root	</parent>
		<transform>
			<row0>	1.0000 0.0000 0.0000 0.0000	</row0>
			<row1>	0.0000 1.0000 0.0000 0.0000	</row1>
			<row2>	0.0000 0.0000 1.0000 0.0000	</row2>
			<row3>	0.0373 1.8898 1.0119 1.0000	</row3>
		</transform>
	</node>
	<node>
		<identifier>	MP_BM612_Switch_Panel_INDEX_2	</identifier>
		<parent>	Scene Root	</parent>
		<transform>
			<row0>	1.0000 0.0000 0.0000 0.0000	</row0>
			<row1>	0.0000 1.0000 0.0000 0.0000	</row1>
			<row2>	0.0000 0.0000 1.0000 0.0000	</row2>
			<row3>	-0.0626 1.4186 1.2047 1.0000	</row3>
		</transform>
	</node>
	<node>
		<identifier>	MP_BM612_Switch_Panel_INDEX_3	</identifier>
		<parent>	Scene Root	</parent>
		<transform>
			<row0>	0.5074 0.0000 -0.8617 0.0000	</row0>
			<row1>	0.0000 1.0000 0.0000 0.0000	</row1>
			<row2>	0.8617 0.0000 0.5074 0.0000	</row2>
			<row3>	0.3904 0.8428 0.9771 1.0000	</row3>
		</transform>
	</node>
	<node>
		<identifier>	MP_BM612_Switch_Panel_INDEX_4	</identifier>
		<parent>	Scene Root	</parent>
		<transform>
			<row0>	0.5074 0.0000 0.8617 0.0000	</row0>
			<row1>	0.0000 1.0000 0.0000 0.0000	</row1>
			<row2>	-0.8617 0.0000 0.5074 0.0000	</row2>
			<row3>	-0.3904 0.8428 0.9771 1.0000	</row3>
		</transform>
	</node>
	<node>
		<identifier>	MP_BM613_Switch_Panel	</identifier>
		<parent>	Scene Root	</parent>
		<transform>
			<row0>	0.3169 0.0000 -0.9485 0.0000	</row0>
			<row1>	0.0000 1.0000 0.0000 0.0000	</row1>
			<row2>	0.9485 0.0000 0.3169 0.0000	</row2>
			<row3>	0.2054 1.4187 1.0384 1.0000	</row3>
		</transform>
	</node>
	<node>
		<identifier>	MP_BM613_Switch_Panel_INDEX_1	</identifier>
		<parent>	Scene Root	</parent>
		<transform>
			<row0>	1.0000 0.0000 0.0000 0.0000	</row0>
			<row1>	0.0000 1.0000 0.0000 0.0000	</row1>
			<row2>	0.0000 0.0000 1.0000 0.0000	</row2>
			<row3>	0.1112 1.4186 1.2047 1.0000	</row3>
		</transform>
	</node>
	<node>
		<identifier>	MP_BM613_Switch_Panel_INDEX_2	</identifier>
		<parent>	Scene Root	</parent>
		<transform>
			<row0>	1.0000 0.0000 0.0000 0.0000	</row0>
			<row1>	0.0000 1.0000 0.0000 0.0000	</row1>
			<row2>	0.0000 0.0000 1.0000 0.0000	</row2>
			<row3>	-0.0002 1.8898 1.0119 1.0000	</row3>
		</transform>
	</node>
	<node>
		<identifier>	MP_BM614_Switch_box	</identifier>
		<parent>	Scene Root	</parent>
		<transform>
			<row0>	0.0000 0.0000 -1.0000 0.0000	</row0>
			<row1>	0.0000 1.0000 0.0000 0.0000	</row1>
			<row2>	1.0000 0.0000 0.0000 0.0000	</row2>
			<row3>	-0.0691 1.8912 0.9301 1.0000	</row3>
		</transform>
	</node>
	<node>
		<identifier>	MP_BM614_Switch_box_INDEX_1	</identifier>
		<parent>	Scene Root	</parent>
		<transform>
			<row0>	0.0000 0.0000 1.0000 0.0000	</row0>
			<row1>	0.0000 1.0000 0.0000 0.0000	</row1>
			<row2>	-1.0000 0.0000 0.0000 0.0000	</row2>
			<row3>	0.0691 1.8912 0.9301 1.0000	</row3>
		</transform>
	</node>
	<node>
		<identifier>	MP_BM614_Switch_box_INDEX_2	</identifier>
		<parent>	Scene Root	</parent>
		<transform>
			<row0>	-0.3073 0.0000 -0.9516 0.0000	</row0>
			<row1>	0.0000 1.0000 0.0000 0.0000	</row1>
			<row2>	0.9516 0.0000 -0.3073 0.0000	</row2>
			<row3>	-0.2011 1.4187 1.0490 1.0000	</row3>
		</transform>
	</node>
	<node>
		<identifier>	MP_BM615_Director_Station	</identifier>
		<parent>	Scene Root	</parent>
		<transform>
			<row0>	0.5074 0.0000 0.8617 0.0000	</row0>
			<row1>	0.0000 1.0000 0.0000 0.0000	</row1>
			<row2>	-0.8617 0.0000 0.5074 0.0000	</row2>
			<row3>	-0.3577 0.8259 1.0327 1.0000	</row3>
		</transform>
	</node>
	<node>
		<identifier>	MP_BM615_Director_Station_INDEX_1	</identifier>
		<parent>	Scene Root	</parent>
		<transform>
			<row0>	1.0000 0.0000 0.0000 0.0000	</row0>
			<row1>	0.0000 1.0000 0.0000 0.0000	</row1>
			<row2>	0.0000 0.0000 1.0000 0.0000	</row2>
			<row3>	0.0438 1.3989 1.2047 1.0000	</row3>
		</transform>
	</node>
	<node>
		<identifier>	MP_BM615_Director_Station_INDEX_2	</identifier>
		<parent>	Scene Root	</parent>
		<transform>
			<row0>	1.0000 0.0000 0.0000 0.0000	</row0>
			<row1>	0.0000 1.0000 0.0000 0.0000	</row1>
			<row2>	0.0000 0.0000 1.0000 0.0000	</row2>
			<row3>	-0.1154 1.3989 1.2047 1.0000	</row3>
		</transform>
	</node>
	<node>
		<identifier>	MP_BM615_Director_Station_INDEX_3	</identifier>
		<parent>	Scene Root	</parent>
		<transform>
			<row0>	0.0000 0.0000 -1.0000 0.0000	</row0>
			<row1>	0.0000 1.0000 0.0000 0.0000	</row1>
			<row2>	1.0000 0.0000 0.0000 0.0000	</row2>
			<row3>	0.0684 1.8655 0.9777 1.0000	</row3>
		</transform>
	</node>
	<node>
		<identifier>	MP_BM615_Director_Station_INDEX_4	</identifier>
		<parent>	Scene Root	</parent>
		<transform>
			<row0>	0.3169 0.0000 -0.9485 0.0000	</row0>
			<row1>	0.0000 1.0000 0.0000 0.0000	</row1>
			<row2>	0.9485 0.0000 0.3169 0.0000	</row2>
			<row3>	0.1602 1.3984 1.1736 1.0000	</row3>
		</transform>
	</node>
	<node>
		<identifier>	MP_BM615_Director_Station_INDEX_5	</identifier>
		<parent>	Scene Root	</parent>
		<transform>
			<row0>	0.0000 0.0000 1.0000 0.0000	</row0>
			<row1>	0.0000 1.0000 0.0000 0.0000	</row1>
			<row2>	-1.0000 0.0000 0.0000 0.0000	</row2>
			<row3>	-0.0684 1.8655 0.9777 1.0000	</row3>
		</transform>
	</node>
	<node>
		<identifier>	MP_BM615_Director_Station_INDEX_6	</identifier>
		<parent>	Scene Root	</parent>
		<transform>
			<row0>	0.5074 0.0000 -0.8617 0.0000	</row0>
			<row1>	0.0000 1.0000 0.0000 0.0000	</row1>
			<row2>	0.8617 0.0000 0.5074 0.0000	</row2>
			<row3>	0.3577 0.8259 1.0327 1.0000	</row3>
		</transform>
	</node>
	<node>
		<identifier>	MP_BM616_Alarm_Tool	</identifier>
		<parent>	Scene Root	</parent>
		<transform>
			<row0>	0.5014 0.0000 0.8652 0.0000	</row0>
			<row1>	0.0000 1.0000 0.0000 0.0000	</row1>
			<row2>	-0.8652 0.0000 0.5014 0.0000	</row2>
			<row3>	-0.4507 0.7479 0.8870 1.0000	</row3>
		</transform>
	</node>
	<node>
		<identifier>	MP_BM616_Alarm_Tool_INDEX_1	</identifier>
		<parent>	Scene Root	</parent>
		<transform>
			<row0>	0.5014 0.0000 -0.8652 0.0000	</row0>
			<row1>	0.0000 1.0000 0.0000 0.0000	</row1>
			<row2>	0.8652 0.0000 0.5014 0.0000	</row2>
			<row3>	0.4507 0.7479 0.8870 1.0000	</row3>
		</transform>
	</node>
	<node>
		<identifier>	MP_BM616_Alarm_Tool_INDEX_2	</identifier>
		<parent>	Scene Root	</parent>
		<transform>
			<row0>	-1.0000 0.0000 0.0000 0.0000	</row0>
			<row1>	0.0000 1.0000 0.0000 0.0000	</row1>
			<row2>	0.0000 0.0000 -1.0000 0.0000	</row2>
			<row3>	-0.0013 1.2585 0.8227 1.0000	</row3>
		</transform>
	</node>
	<node>
		<identifier>	MP_BM618_Rev_Ind	</identifier>
		<parent>	Scene Root	</parent>
		<transform>
			<row0>	1.0000 0.0000 0.0000 0.0000	</row0>
			<row1>	0.0000 1.0000 0.0000 0.0000	</row1>
			<row2>	0.0000 0.0000 1.0000 0.0000	</row2>
			<row3>	-0.0699 1.3453 1.1679 1.0000	</row3>
		</transform>
	</node>
	<node>
		<identifier>	MP_BM620_Voice_Tube	</identifier>
		<parent>	Scene Root	</parent>
		<transform>
			<row0>	-1.0000 0.0000 0.0000 0.0000	</row0>
			<row1>	0.0000 1.0000 0.0000 0.0000	</row1>
			<row2>	0.0000 0.0000 -1.0000 0.0000	</row2>
			<row3>	0.0042 1.3447 1.0127 1.0000	</row3>
		</transform>
	</node>
	<node>
		<identifier>	MP_BM620_Voice_Tube_INDEX_1	</identifier>
		<parent>	Scene Root	</parent>
		<transform>
			<row0>	0.3957 0.0000 0.9184 0.0000	</row0>
			<row1>	0.0000 1.0000 0.0000 0.0000	</row1>
			<row2>	-0.9184 0.0000 0.3957 0.0000	</row2>
			<row3>	-0.3074 0.7929 1.1016 1.0000	</row3>
		</transform>
	</node>
	<node>
		<identifier>	MP_BM620_Voice_Tube_INDEX_10	</identifier>
		<parent>	Scene Root	</parent>
		<transform>
			<row0>	0.9071 0.0000 0.4209 0.0000	</row0>
			<row1>	0.0000 1.0000 0.0000 0.0000	</row1>
			<row2>	-0.4209 0.0000 0.9071 0.0000	</row2>
			<row3>	-0.2594 1.1173 0.9315 1.0000	</row3>
		</transform>
	</node>
	<node>
		<identifier>	MP_BM620_Voice_Tube_INDEX_11	</identifier>
		<parent>	Scene Root	</parent>
		<transform>
			<row0>	-0.7972 0.0000 0.6037 0.0000	</row0>
			<row1>	0.0000 1.0000 0.0000 0.0000	</row1>
			<row2>	-0.6037 0.0000 -0.7972 0.0000	</row2>
			<row3>	0.2265 0.9470 0.2751 1.0000	</row3>
		</transform>
	</node>
	<node>
		<identifier>	MP_BM620_Voice_Tube_INDEX_12	</identifier>
		<parent>	Scene Root	</parent>
		<transform>
			<row0>	0.3957 0.0000 -0.9184 0.0000	</row0>
			<row1>	0.0000 1.0000 0.0000 0.0000	</row1>
			<row2>	0.9184 0.0000 0.3957 0.0000	</row2>
			<row3>	0.3074 0.7929 1.1016 1.0000	</row3>
		</transform>
	</node>
	<node>
		<identifier>	MP_BM620_Voice_Tube_INDEX_13	</identifier>
		<parent>	Scene Root	</parent>
		<transform>
			<row0>	-0.7972 0.0000 -0.6037 0.0000	</row0>
			<row1>	0.0000 1.0000 0.0000 0.0000	</row1>
			<row2>	0.6037 0.0000 -0.7972 0.0000	</row2>
			<row3>	-0.2265 0.9470 0.2751 1.0000	</row3>
		</transform>
	</node>
	<node>
		<identifier>	MP_BM620_Voice_Tube_INDEX_14	</identifier>
		<parent>	Scene Root	</parent>
		<transform>
			<row0>	-1.0000 0.0000 0.0000 0.0000	</row0>
			<row1>	0.0000 1.0000 0.0000 0.0000	</row1>
			<row2>	0.0000 0.0000 -1.0000 0.0000	</row2>
			<row3>	0.0506 1.3447 1.0127 1.0000	</row3>
		</transform>
	</node>
	<node>
		<identifier>	MP_BM620_Voice_Tube_INDEX_15	</identifier>
		<parent>	Scene Root	</parent>
		<transform>
			<row0>	0.9071 0.0000 -0.4209 0.0000	</row0>
			<row1>	0.0000 1.0000 0.0000 0.0000	</row1>
			<row2>	0.4209 0.0000 0.9071 0.0000	</row2>
			<row3>	0.2594 1.1173 0.9315 1.0000	</row3>
		</transform>
	</node>
	<node>
		<identifier>	MP_BM620_Voice_Tube_INDEX_2	</identifier>
		<parent>	Scene Root	</parent>
		<transform>
			<row0>	-1.0000 0.0000 0.0000 0.0000	</row0>
			<row1>	0.0000 1.0000 0.0000 0.0000	</row1>
			<row2>	0.0000 0.0000 -1.0000 0.0000	</row2>
			<row3>	0.0198 1.3447 1.0127 1.0000	</row3>
		</transform>
	</node>
	<node>
		<identifier>	MP_BM620_Voice_Tube_INDEX_3	</identifier>
		<parent>	Scene Root	</parent>
		<transform>
			<row0>	0.3957 0.0000 0.9184 0.0000	</row0>
			<row1>	0.0000 1.0000 0.0000 0.0000	</row1>
			<row2>	-0.9184 0.0000 0.3957 0.0000	</row2>
			<row3>	-0.3949 0.7929 0.9528 1.0000	</row3>
		</transform>
	</node>
	<node>
		<identifier>	MP_BM620_Voice_Tube_INDEX_4	</identifier>
		<parent>	Scene Root	</parent>
		<transform>
			<row0>	0.3259 0.0000 -0.9454 0.0000	</row0>
			<row1>	0.0000 1.0000 0.0000 0.0000	</row1>
			<row2>	0.9454 0.0000 0.3259 0.0000	</row2>
			<row3>	-0.1857 0.7929 1.1576 1.0000	</row3>
		</transform>
	</node>
	<node>
		<identifier>	MP_BM620_Voice_Tube_INDEX_5	</identifier>
		<parent>	Scene Root	</parent>
		<transform>
			<row0>	0.3957 0.0000 -0.9184 0.0000	</row0>
			<row1>	0.0000 1.0000 0.0000 0.0000	</row1>
			<row2>	0.9184 0.0000 0.3957 0.0000	</row2>
			<row3>	0.3949 0.7929 0.9528 1.0000	</row3>
		</transform>
	</node>
	<node>
		<identifier>	MP_BM620_Voice_Tube_INDEX_6	</identifier>
		<parent>	Scene Root	</parent>
		<transform>
			<row0>	0.9071 0.0000 0.4209 0.0000	</row0>
			<row1>	0.0000 1.0000 0.0000 0.0000	</row1>
			<row2>	-0.4209 0.0000 0.9071 0.0000	</row2>
			<row3>	-0.2435 1.1173 0.9385 1.0000	</row3>
		</transform>
	</node>
	<node>
		<identifier>	MP_BM620_Voice_Tube_INDEX_7	</identifier>
		<parent>	Scene Root	</parent>
		<transform>
			<row0>	0.3259 0.0000 0.9454 0.0000	</row0>
			<row1>	0.0000 1.0000 0.0000 0.0000	</row1>
			<row2>	-0.9454 0.0000 0.3259 0.0000	</row2>
			<row3>	0.1857 0.7929 1.1576 1.0000	</row3>
		</transform>
	</node>
	<node>
		<identifier>	MP_BM620_Voice_Tube_INDEX_8	</identifier>
		<parent>	Scene Root	</parent>
		<transform>
			<row0>	0.9071 0.0000 -0.4209 0.0000	</row0>
			<row1>	0.0000 1.0000 0.0000 0.0000	</row1>
			<row2>	0.4209 0.0000 0.9071 0.0000	</row2>
			<row3>	0.2435 1.1173 0.9385 1.0000	</row3>
		</transform>
	</node>
	<node>
		<identifier>	MP_BM620_Voice_Tube_INDEX_9	</identifier>
		<parent>	Scene Root	</parent>
		<transform>
			<row0>	-1.0000 0.0000 0.0000 0.0000	</row0>
			<row1>	0.0000 1.0000 0.0000 0.0000	</row1>
			<row2>	0.0000 0.0000 -1.0000 0.0000	</row2>
			<row3>	0.0360 1.3447 1.0127 1.0000	</row3>
		</transform>
	</node>
	<node>
		<identifier>	MP_BM622_Speed_Light_Ctrl	</identifier>
		<parent>	Scene Root	</parent>
		<transform>
			<row0>	0.3073 0.0000 0.9516 0.0000	</row0>
			<row1>	0.0000 1.0000 0.0000 0.0000	</row1>
			<row2>	-0.9516 0.0000 0.3073 0.0000	</row2>
			<row3>	-0.1445 1.3453 1.1602 1.0000	</row3>
		</transform>
	</node>
	<node>
		<identifier>	MP_BM623_Telephone	</identifier>
		<parent>	Scene Root	</parent>
		<transform>
			<row0>	0.9071 0.0000 0.4209 0.0000	</row0>
			<row1>	0.0000 1.0000 0.0000 0.0000	</row1>
			<row2>	-0.4209 0.0000 0.9071 0.0000	</row2>
			<row3>	-0.2260 1.1173 0.9507 1.0000	</row3>
		</transform>
	</node>
	<node>
		<identifier>	MP_BM623_Telephone_INDEX_1	</identifier>
		<parent>	Scene Root	</parent>
		<transform>
			<row0>	1.0000 0.0000 0.0000 0.0000	</row0>
			<row1>	0.0000 1.0000 0.0000 0.0000	</row1>
			<row2>	0.0000 0.0000 1.0000 0.0000	</row2>
			<row3>	-0.0423 1.3447 1.0127 1.0000	</row3>
		</transform>
	</node>
	<node>
		<identifier>	MP_BM623_Telephone_INDEX_10	</identifier>
		<parent>	Scene Root	</parent>
		<transform>
			<row0>	0.0337 0.0000 0.9994 0.0000	</row0>
			<row1>	0.0000 1.0000 0.0000 0.0000	</row1>
			<row2>	-0.9994 0.0000 0.0337 0.0000	</row2>
			<row3>	0.2196 1.1839 0.1823 1.0000	</row3>
		</transform>
	</node>
	<node>
		<identifier>	MP_BM623_Telephone_INDEX_2	</identifier>
		<parent>	Scene Root	</parent>
		<transform>
			<row0>	1.0000 0.0000 0.0000 0.0000	</row0>
			<row1>	0.0000 1.0000 0.0000 0.0000	</row1>
			<row2>	0.0000 0.0000 1.0000 0.0000	</row2>
			<row3>	-0.0185 1.3447 1.0127 1.0000	</row3>
		</transform>
	</node>
	<node>
		<identifier>	MP_BM623_Telephone_INDEX_3	</identifier>
		<parent>	Scene Root	</parent>
		<transform>
			<row0>	0.0000 0.0000 1.0000 0.0000	</row0>
			<row1>	0.0000 1.0000 0.0000 0.0000	</row1>
			<row2>	-1.0000 0.0000 0.0000 0.0000	</row2>
			<row3>	0.1097 1.2996 0.8384 1.0000	</row3>
		</transform>
	</node>
	<node>
		<identifier>	MP_BM623_Telephone_INDEX_4	</identifier>
		<parent>	Scene Root	</parent>
		<transform>
			<row0>	0.9071 0.0000 -0.4209 0.0000	</row0>
			<row1>	0.0000 1.0000 0.0000 0.0000	</row1>
			<row2>	0.4209 0.0000 0.9071 0.0000	</row2>
			<row3>	0.2260 1.1173 0.9507 1.0000	</row3>
		</transform>
	</node>
	<node>
		<identifier>	MP_BM623_Telephone_INDEX_5	</identifier>
		<parent>	Scene Root	</parent>
		<transform>
			<row0>	0.0000 0.0000 -1.0000 0.0000	</row0>
			<row1>	0.0000 1.0000 0.0000 0.0000	</row1>
			<row2>	1.0000 0.0000 0.0000 0.0000	</row2>
			<row3>	-0.1636 0.7928 0.8758 1.0000	</row3>
		</transform>
	</node>
	<node>
		<identifier>	MP_BM623_Telephone_INDEX_6	</identifier>
		<parent>	Scene Root	</parent>
		<transform>
			<row0>	0.0337 0.0000 -0.9994 0.0000	</row0>
			<row1>	0.0000 1.0000 0.0000 0.0000	</row1>
			<row2>	0.9994 0.0000 0.0337 0.0000	</row2>
			<row3>	-0.2196 1.1839 0.1823 1.0000	</row3>
		</transform>
	</node>
	<node>
		<identifier>	MP_BM623_Telephone_INDEX_7	</identifier>
		<parent>	Scene Root	</parent>
		<transform>
			<row0>	0.0000 0.0000 -1.0000 0.0000	</row0>
			<row1>	0.0000 1.0000 0.0000 0.0000	</row1>
			<row2>	1.0000 0.0000 0.0000 0.0000	</row2>
			<row3>	-0.1097 1.2996 0.8384 1.0000	</row3>
		</transform>
	</node>
	<node>
		<identifier>	MP_BM623_Telephone_INDEX_8	</identifier>
		<parent>	Scene Root	</parent>
		<transform>
			<row0>	-0.5313 0.0000 -0.8472 0.0000	</row0>
			<row1>	0.0000 1.0000 0.0000 0.0000	</row1>
			<row2>	0.8472 0.0000 -0.5313 0.0000	</row2>
			<row3>	-0.0332 1.5654 0.8838 1.0000	</row3>
		</transform>
	</node>
	<node>
		<identifier>	MP_BM623_Telephone_INDEX_9	</identifier>
		<parent>	Scene Root	</parent>
		<transform>
			<row0>	0.0000 0.0000 1.0000 0.0000	</row0>
			<row1>	0.0000 1.0000 0.0000 0.0000	</row1>
			<row2>	-1.0000 0.0000 0.0000 0.0000	</row2>
			<row3>	0.1636 0.7928 0.8758 1.0000	</row3>
		</transform>
	</node>
	<node>
		<identifier>	MP_BM625_Telephone	</identifier>
		<parent>	Scene Root	</parent>
		<transform>
			<row0>	1.0000 0.0000 0.0000 0.0000	</row0>
			<row1>	0.0000 1.0000 0.0000 0.0000	</row1>
			<row2>	0.0000 0.0000 1.0000 0.0000	</row2>
			<row3>	-0.0156 2.1213 1.1629 1.0000	</row3>
		</transform>
	</node>
	<node>
		<identifier>	MP_BM625_Telephone_INDEX_1	</identifier>
		<parent>	Scene Root	</parent>
		<transform>
			<row0>	1.0000 0.0000 0.0000 0.0000	</row0>
			<row1>	0.0000 1.0000 0.0000 0.0000	</row1>
			<row2>	0.0000 0.0000 1.0000 0.0000	</row2>
			<row3>	-0.0047 2.1213 1.1629 1.0000	</row3>
		</transform>
	</node>
	<node>
		<identifier>	MP_BM625_Telephone_INDEX_2	</identifier>
		<parent>	Scene Root	</parent>
		<transform>
			<row0>	1.0000 0.0000 0.0000 0.0000	</row0>
			<row1>	0.0000 1.0000 0.0000 0.0000	</row1>
			<row2>	0.0000 0.0000 1.0000 0.0000	</row2>
			<row3>	-0.0276 1.8898 1.0119 1.0000	</row3>
		</transform>
	</node>
	<node>
		<identifier>	MP_BM625_Telephone_INDEX_3	</identifier>
		<parent>	Scene Root	</parent>
		<transform>
			<row0>	-0.4943 0.0000 0.8693 0.0000	</row0>
			<row1>	0.0000 1.0000 0.0000 0.0000	</row1>
			<row2>	-0.8693 0.0000 -0.4943 0.0000	</row2>
			<row3>	0.4634 0.6803 0.8626 1.0000	</row3>
		</transform>
	</node>
	<node>
		<identifier>	MP_BM625_Telephone_INDEX_4	</identifier>
		<parent>	Scene Root	</parent>
		<transform>
			<row0>	1.0000 0.0000 0.0000 0.0000	</row0>
			<row1>	0.0000 1.0000 0.0000 0.0000	</row1>
			<row2>	0.0000 0.0000 1.0000 0.0000	</row2>
			<row3>	-0.0392 1.8898 1.0119 1.0000	</row3>
		</transform>
	</node>
	<node>
		<identifier>	MP_BM625_Telephone_INDEX_5	</identifier>
		<parent>	Scene Root	</parent>
		<transform>
			<row0>	-0.4943 0.0000 -0.8693 0.0000	</row0>
			<row1>	0.0000 1.0000 0.0000 0.0000	</row1>
			<row2>	0.8693 0.0000 -0.4943 0.0000	</row2>
			<row3>	-0.4634 0.6803 0.8626 1.0000	</row3>
		</transform>
	</node>
	<node>
		<identifier>	MP_BM625_Telephone_INDEX_6	</identifier>
		<parent>	Scene Root	</parent>
		<transform>
			<row0>	1.0000 0.0000 0.0000 0.0000	</row0>
			<row1>	0.0000 1.0000 0.0000 0.0000	</row1>
			<row2>	0.0000 0.0000 1.0000 0.0000	</row2>
			<row3>	-0.0517 1.8898 1.0119 1.0000	</row3>
		</transform>
	</node>
	<node>
