<BSC302_Aberdeen_1963_Stern.skel_ext>
	<exported>	true	</exported>
	<node>
		<identifier>	MP_BM021_Crown	</identifier>
		<parent>	Scene Root	</parent>
		<transform>
			<row0>	1.0000 0.0000 0.0000 0.0000	</row0>
			<row1>	0.0000 0.9851 -0.1719 0.0000	</row1>
			<row2>	0.0000 0.1719 0.9851 0.0000	</row2>
			<row3>	0.0180 0.7847 -6.2049 1.0000	</row3>
		</transform>
	</node>
	<node>
		<identifier>	MP_BM5024_Aberdeen_Plate	</identifier>
		<parent>	Scene Root	</parent>
		<transform>
			<row0>	1.0000 0.0000 0.0000 0.0000	</row0>
			<row1>	0.0000 1.0000 0.0000 0.0000	</row1>
			<row2>	0.0000 0.0000 1.0000 0.0000	</row2>
			<row3>	0.0000 0.2483 -5.9535 1.0000	</row3>
		</transform>
	</node>
	<node>
		<identifier>	MP_BM753_Deck_Hatch	</identifier>
		<parent>	Scene Root	</parent>
		<transform>
			<row0>	0.0000 0.0000 -1.0000 0.0000	</row0>
			<row1>	0.0000 1.0000 0.0000 0.0000	</row1>
			<row2>	1.0000 0.0000 0.0000 0.0000	</row2>
			<row3>	0.0000 0.2438 -5.0056 1.0000	</row3>
		</transform>
	</node>
	<node>
		<identifier>	MP_BM753_Deck_Hatch_INDEX_1	</identifier>
		<parent>	Scene Root	</parent>
		<transform>
			<row0>	0.0000 0.0000 -1.0000 0.0000	</row0>
			<row1>	0.0000 1.0000 0.0000 0.0000	</row1>
			<row2>	1.0000 0.0000 0.0000 0.0000	</row2>
			<row3>	0.0000 0.2358 -4.5244 1.0000	</row3>
		</transform>
	</node>
	<node>
		<identifier>	MP_BM754_Deck_Hatch	</identifier>
		<parent>	Scene Root	</parent>
		<transform>
			<row0>	0.0000 0.0000 -1.0000 0.0000	</row0>
			<row1>	0.0000 1.0000 0.0000 0.0000	</row1>
			<row2>	1.0000 0.0000 0.0000 0.0000	</row2>
			<row3>	0.0079 0.2661 -5.8038 1.0000	</row3>
		</transform>
	</node>
	<node>
		<identifier>	MP_BM800_Ventilators_mushroom	</identifier>
		<parent>	Scene Root	</parent>
		<transform>
			<row0>	-0.7999 0.0000 -0.0132 0.0000	</row0>
			<row1>	0.0000 1.0000 0.0000 0.0000	</row1>
			<row2>	0.0132 0.0000 -0.7999 0.0000	</row2>
			<row3>	0.0007 0.2398 -5.0554 1.0000	</row3>
		</transform>
	</node>
	<node>
		<identifier>	MP_BM800_Ventilators_mushroom_INDEX_1	</identifier>
		<parent>	Scene Root	</parent>
		<transform>
			<row0>	-0.7949 0.0000 0.0903 0.0000	</row0>
			<row1>	0.0000 1.0000 0.0000 0.0000	</row1>
			<row2>	-0.0903 0.0000 -0.7949 0.0000	</row2>
			<row3>	-0.0351 0.2398 -5.0553 1.0000	</row3>
		</transform>
	</node>
	<node>
		<identifier>	MP_BM800_Ventilators_mushroom_INDEX_2	</identifier>
		<parent>	Scene Root	</parent>
		<transform>
			<row0>	-0.5998 0.0000 0.0148 0.0000	</row0>
			<row1>	0.0000 1.0000 0.0000 0.0000	</row1>
			<row2>	-0.0148 0.0000 -0.5998 0.0000	</row2>
			<row3>	0.0373 0.2398 -5.0553 1.0000	</row3>
		</transform>
	</node>
	<node>
		<identifier>	MP_BM800_Ventilators_mushroom_INDEX_3	</identifier>
		<parent>	Scene Root	</parent>
		<transform>
			<row0>	-0.4186 0.0000 0.2821 0.0000	</row0>
			<row1>	0.0000 0.8413 0.0000 0.0000	</row1>
			<row2>	-0.2821 0.0000 -0.4186 0.0000	</row2>
			<row3>	0.3599 0.2361 -5.1254 1.0000	</row3>
		</transform>
	</node>
	<node>
		<identifier>	MP_BM800_Ventilators_mushroom_INDEX_4	</identifier>
		<parent>	Scene Root	</parent>
		<transform>
			<row0>	-0.7608 0.0000 0.2472 0.0000	</row0>
			<row1>	0.0000 1.0000 0.0000 0.0000	</row1>
			<row2>	-0.2472 0.0000 -0.7608 0.0000	</row2>
			<row3>	-0.0436 0.2371 -4.9531 1.0000	</row3>
		</transform>
	</node>
	<node>
		<identifier>	MP_BM800_Ventilators_mushroom_INDEX_5	</identifier>
		<parent>	Scene Root	</parent>
		<transform>
			<row0>	-0.7970 0.0000 -0.0692 0.0000	</row0>
			<row1>	0.0000 1.0000 0.0000 0.0000	</row1>
			<row2>	0.0692 0.0000 -0.7970 0.0000	</row2>
			<row3>	0.0371 0.2310 -4.4677 1.0000	</row3>
		</transform>
	</node>
	<node>
		<identifier>	MP_BM803_Ventilation_box	</identifier>
		<parent>	Scene Root	</parent>
		<transform>
			<row0>	-0.0009 0.0000 1.0000 0.0000	</row0>
			<row1>	0.0000 1.0000 0.0000 0.0000	</row1>
			<row2>	-0.8000 0.0000 -0.0007 0.0000	</row2>
			<row3>	0.0371 0.2383 -4.9426 1.0000	</row3>
		</transform>
	</node>
	<node>
		<identifier>	MP_BM857_Fog_Light	</identifier>
		<parent>	Scene Root	</parent>
		<transform>
			<row0>	-1.0000 0.0000 0.0000 0.0000	</row0>
			<row1>	0.0000 1.0000 0.0000 0.0000	</row1>
			<row2>	0.0000 0.0000 -1.0000 0.0000	</row2>
			<row3>	0.0000 0.3401 -6.1328 1.0000	</row3>
		</transform>
	</node>
	<node>
		<identifier>	MP_BM868_Screened_speed_light	</identifier>
		<parent>	Scene Root	</parent>
		<transform>
			<row0>	0.5000 0.0000 0.0000 0.0000	</row0>
			<row1>	0.0000 0.5000 0.0000 0.0000	</row1>
			<row2>	0.0000 0.0000 0.5000 0.0000	</row2>
			<row3>	0.0000 0.3757 -6.1434 1.0000	</row3>
		</transform>
	</node>
	<node>
		<identifier>	MP_BM872_Running_Lights_B	</identifier>
		<parent>	Scene Root	</parent>
		<transform>
			<row0>	-1.0000 0.0000 0.0000 0.0000	</row0>
			<row1>	0.0000 1.0000 0.0000 0.0000	</row1>
			<row2>	0.0000 0.0000 -1.0000 0.0000	</row2>
			<row3>	0.0003 0.5664 -6.1992 1.0000	</row3>
		</transform>
	</node>
	<node>
		<identifier>	MP_BM905_Crane_for_Ladder_L	</identifier>
		<parent>	Scene Root	</parent>
		<transform>
			<row0>	0.9955 0.0000 0.0950 0.0000	</row0>
			<row1>	0.0000 1.0000 0.0000 0.0000	</row1>
			<row2>	-0.0950 0.0000 0.9955 0.0000	</row2>
			<row3>	-0.5063 0.2330 -4.1806 1.0000	</row3>
		</transform>
	</node>
	<node>
		<identifier>	MP_BM905_Crane_for_Ladder_L_INDEX_1	</identifier>
		<parent>	Scene Root	</parent>
		<transform>
			<row0>	0.9916 0.0000 0.1295 0.0000	</row0>
			<row1>	0.0000 1.0000 0.0000 0.0000	</row1>
			<row2>	-0.1295 0.0000 0.9916 0.0000	</row2>
			<row3>	-0.4485 0.2415 -4.6989 1.0000	</row3>
		</transform>
	</node>
	<node>
		<identifier>	MP_BM906_Crane_for_Ladder_R	</identifier>
		<parent>	Scene Root	</parent>
		<transform>
			<row0>	0.9955 0.0000 -0.0950 0.0000	</row0>
			<row1>	0.0000 1.0000 0.0000 0.0000	</row1>
			<row2>	0.0950 0.0000 0.9955 0.0000	</row2>
			<row3>	0.5063 0.2330 -4.1806 1.0000	</row3>
		</transform>
	</node>
	<node>
		<identifier>	MP_BM906_Crane_for_Ladder_R_INDEX_1	</identifier>
		<parent>	Scene Root	</parent>
		<transform>
			<row0>	0.9916 0.0000 -0.1295 0.0000	</row0>
			<row1>	0.0000 1.0000 0.0000 0.0000	</row1>
			<row2>	0.1295 0.0000 0.9916 0.0000	</row2>
			<row3>	0.4485 0.2415 -4.6989 1.0000	</row3>
		</transform>
	</node>
	<node>
		<identifier>	MP_BM952_Bollard	</identifier>
		<parent>	Scene Root	</parent>
		<transform>
			<row0>	0.9914 0.0000 -0.1309 0.0000	</row0>
			<row1>	0.0018 0.9999 0.0140 0.0000	</row1>
			<row2>	0.1309 -0.0141 0.9913 0.0000	</row2>
			<row3>	0.3948 0.2336 -4.7735 1.0000	</row3>
		</transform>
	</node>
	<node>
		<identifier>	MP_BM952_Bollard_INDEX_1	</identifier>
		<parent>	Scene Root	</parent>
		<transform>
			<row0>	0.9914 0.0000 0.1309 0.0000	</row0>
			<row1>	-0.0018 0.9999 0.0140 0.0000	</row1>
			<row2>	-0.1309 -0.0141 0.9913 0.0000	</row2>
			<row3>	-0.3948 0.2336 -4.7735 1.0000	</row3>
		</transform>
	</node>
	<node>
		<identifier>	MP_BM963_Anchor_Capstan_Stern	</identifier>
		<parent>	Scene Root	</parent>
		<transform>
			<row0>	1.0000 0.0000 0.0000 0.0000	</row0>
			<row1>	0.0000 1.0000 0.0000 0.0000	</row1>
			<row2>	0.0000 0.0000 1.0000 0.0000	</row2>
			<row3>	0.0000 0.2372 -4.7581 1.0000	</row3>
		</transform>
	</node>
	<node>
		<identifier>	MP_CM001_Propeller3_L	</identifier>
		<parent>	Scene Root	</parent>
		<transform>
			<row0>	1.0000 0.0040 -0.0002 0.0000	</row0>
			<row1>	-0.0040 0.9981 -0.0608 0.0000	</row1>
			<row2>	0.0000 0.0608 0.9982 0.0000	</row2>
			<row3>	-0.2084 -0.3392 -5.1523 1.0000	</row3>
		</transform>
	</node>
	<node>
		<identifier>	MP_CM001_Propeller3_L_INDEX_1	</identifier>
		<parent>	Scene Root	</parent>
		<transform>
			<row0>	0.9994 -0.0013 -0.0354 0.0000	</row0>
			<row1>	-0.0002 0.9992 -0.0402 0.0000	</row1>
			<row2>	0.0354 0.0402 0.9986 0.0000	</row2>
			<row3>	-0.4346 -0.3265 -4.2413 1.0000	</row3>
		</transform>
	</node>
	<node>
		<identifier>	MP_CM032_Propeller3_R	</identifier>
		<parent>	Scene Root	</parent>
		<transform>
			<row0>	1.0000 -0.0040 0.0002 0.0000	</row0>
			<row1>	0.0040 0.9981 -0.0608 0.0000	</row1>
			<row2>	0.0000 0.0608 0.9982 0.0000	</row2>
			<row3>	0.2084 -0.3392 -5.1523 1.0000	</row3>
		</transform>
	</node>
	<node>
		<identifier>	MP_CM032_Propeller3_R_INDEX_1	</identifier>
		<parent>	Scene Root	</parent>
		<transform>
			<row0>	0.9994 0.0013 0.0354 0.0000	</row0>
			<row1>	0.0002 0.9992 -0.0402 0.0000	</row1>
			<row2>	-0.0354 0.0402 0.9986 0.0000	</row2>
			<row3>	0.4346 -0.3265 -4.2413 1.0000	</row3>
		</transform>
	</node>
	<node>
		<identifier>	MP_CM104_Life_Buoy	</identifier>
		<parent>	Scene Root	</parent>
		<transform>
			<row0>	0.6350 0.0000 -0.7725 0.0000	</row0>
			<row1>	0.0000 1.0000 0.0000 0.0000	</row1>
			<row2>	0.7725 0.0000 0.6350 0.0000	</row2>
			<row3>	-0.0976 0.3399 -6.0525 1.0000	</row3>
		</transform>
	</node>
	<node>
		<identifier>	MP_CM104_Life_Buoy_INDEX_1	</identifier>
		<parent>	Scene Root	</parent>
		<transform>
			<row0>	0.6350 0.0000 0.7725 0.0000	</row0>
			<row1>	0.0000 1.0000 0.0000 0.0000	</row1>
			<row2>	-0.7725 0.0000 0.6350 0.0000	</row2>
			<row3>	0.0976 0.3399 -6.0525 1.0000	</row3>
		</transform>
	</node>
	<node>
		<identifier>	SP_YMS011_YHWL_M_1_INDEX_6	</identifier>
		<parent>	Scene Root	</parent>
		<transform>
			<row0>	0.9839 0.0972 0.1503 0.0000	</row0>
			<row1>	-0.0971 0.9952 -0.0082 0.0000	</row1>
			<row2>	-0.1503 -0.0065 0.9886 0.0000	</row2>
			<row3>	-0.4225 -0.0072 -4.6106 1.0000	</row3>
		</transform>
	</node>
	<node>
		<identifier>	SP_YMS012_YHWR_M_1_INDEX_4	</identifier>
		<parent>	Scene Root	</parent>
		<transform>
			<row0>	0.9839 -0.0972 -0.1503 0.0000	</row0>
			<row1>	0.0971 0.9952 -0.0082 0.0000	</row1>
			<row2>	0.1503 -0.0065 0.9886 0.0000	</row2>
			<row3>	0.4225 -0.0072 -4.6106 1.0000	</row3>
		</transform>
	</node>
	<node>
		<identifier>	SP_YMS023_YHUC_L_1	</identifier>
		<parent>	Scene Root	</parent>
		<transform>
			<row0>	0.7170 0.0028 -0.0002 0.0000	</row0>
			<row1>	-0.0028 0.7157 -0.0436 0.0000	</row1>
			<row2>	0.0000 0.0436 0.7157 0.0000	</row2>
			<row3>	-0.2084 -0.3422 -5.2004 1.0000	</row3>
		</transform>
	</node>
	<node>
		<identifier>	SP_YMS023_YHUC_L_1_INDEX_3	</identifier>
		<parent>	Scene Root	</parent>
		<transform>
			<row0>	0.7170 -0.0028 0.0002 0.0000	</row0>
			<row1>	0.0028 0.7157 -0.0436 0.0000	</row1>
			<row2>	0.0000 0.0436 0.7157 0.0000	</row2>
			<row3>	0.2084 -0.3422 -5.2004 1.0000	</row3>
		</transform>
	</node>
	<node>
		<identifier>	SP_YMS031_YHAL_M_1	</identifier>
		<parent>	Scene Root	</parent>
		<transform>
			<row0>	0.9611 0.0000 0.2763 0.0000	</row0>
			<row1>	0.0000 1.0000 0.0000 0.0000	</row1>
			<row2>	-0.2763 0.0000 0.9611 0.0000	</row2>
			<row3>	-0.2572 0.1458 -5.8326 1.0000	</row3>
		</transform>
	</node>
	<node>
		<identifier>	SP_YMS032_YHAR_M_1	</identifier>
		<parent>	Scene Root	</parent>
		<transform>
			<row0>	0.9611 0.0000 -0.2763 0.0000	</row0>
			<row1>	0.0000 1.0000 0.0000 0.0000	</row1>
			<row2>	0.2763 0.0000 0.9611 0.0000	</row2>
			<row3>	0.2572 0.1458 -5.8326 1.0000	</row3>
		</transform>
	</node>
	<node>
		<identifier>	SP_YMS033_YHAM_S_1	</identifier>
		<parent>	Scene Root	</parent>
		<transform>
			<row0>	0.7159 0.0000 0.0000 0.0000	</row0>
			<row1>	0.0000 0.7159 0.0000 0.0000	</row1>
			<row2>	0.0000 0.0000 0.7159 0.0000	</row2>
			<row3>	0.0000 0.1693 -6.1768 1.0000	</row3>
		</transform>
	</node>
	<node>
		<identifier>	SP_YMS053_YHDC_S_1	</identifier>
		<parent>	Scene Root	</parent>
		<transform>
			<row0>	1.0000 0.0000 0.0000 0.0000	</row0>
			<row1>	0.0000 1.0000 0.0000 0.0000	</row1>
			<row2>	0.0000 0.0000 1.0000 0.0000	</row2>
			<row3>	-0.1493 0.2668 -5.4672 1.0000	</row3>
		</transform>
	</node>
	<node>
		<identifier>	SP_YMS053_YHDC_S_1_INDEX_3	</identifier>
		<parent>	Scene Root	</parent>
		<transform>
			<row0>	1.0000 0.0000 0.0000 0.0000	</row0>
			<row1>	0.0000 1.0000 0.0000 0.0000	</row1>
			<row2>	0.0000 0.0000 1.0000 0.0000	</row2>
			<row3>	0.1493 0.2668 -5.4672 1.0000	</row3>
		</transform>
	</node>
	<node>
		<identifier>	SP_YMS053_YHDC_S_1_INDEX_6	</identifier>
		<parent>	Scene Root	</parent>
		<transform>
			<row0>	1.0000 0.0000 0.0000 0.0000	</row0>
			<row1>	0.0000 1.0000 0.0000 0.0000	</row1>
			<row2>	0.0000 0.0000 1.0000 0.0000	</row2>
			<row3>	0.2204 0.2566 -4.9799 1.0000	</row3>
		</transform>
	</node>
	<node>
		<identifier>	SP_YMS053_YHDC_S_1_INDEX_9	</identifier>
		<parent>	Scene Root	</parent>
		<transform>
			<row0>	1.0000 0.0000 0.0000 0.0000	</row0>
			<row1>	0.0000 1.0000 0.0000 0.0000	</row1>
			<row2>	0.0000 0.0000 1.0000 0.0000	</row2>
			<row3>	-0.2204 0.2566 -4.9799 1.0000	</row3>
		</transform>
	</node>
	<node>
		<identifier>	SP_YMS072_YHHC_M_1_INDEX_1	</identifier>
		<parent>	Scene Root	</parent>
		<transform>
			<row0>	0.1555 -0.0025 -0.7071 0.0000	</row0>
			<row1>	-0.0806 0.7192 -0.0202 0.0000	</row1>
			<row2>	0.7024 0.0831 0.1542 0.0000	</row2>
			<row3>	-0.3004 0.1184 -5.4852 1.0000	</row3>
		</transform>
	</node>
	<node>
		<identifier>	SP_YMS072_YHHC_M_1_INDEX_4	</identifier>
		<parent>	Scene Root	</parent>
		<transform>
			<row0>	0.1555 0.0025 0.7071 0.0000	</row0>
			<row1>	0.0806 0.7192 -0.0202 0.0000	</row1>
			<row2>	-0.7024 0.0831 0.1542 0.0000	</row2>
			<row3>	0.3004 0.1184 -5.4852 1.0000	</row3>
		</transform>
	</node>
	<node>
		<identifier>	SP_YMS082_YHSC_M_1_INDEX_4	</identifier>
		<parent>	Scene Root	</parent>
		<transform>
			<row0>	0.1378 0.0074 -0.9904 0.0000	</row0>
			<row1>	-0.1201 0.9927 -0.0093 0.0000	</row1>
			<row2>	0.9831 0.1203 0.1377 0.0000	</row2>
			<row3>	-0.4079 0.1292 -4.9173 1.0000	</row3>
		</transform>
	</node>
	<node>
		<identifier>	SP_YMS082_YHSC_M_1_INDEX_7	</identifier>
		<parent>	Scene Root	</parent>
		<transform>
			<row0>	0.1378 -0.0074 0.9904 0.0000	</row0>
			<row1>	0.1201 0.9927 -0.0093 0.0000	</row1>
			<row2>	-0.9831 0.1203 0.1377 0.0000	</row2>
			<row3>	0.4079 0.1292 -4.9173 1.0000	</row3>
		</transform>
	</node>
</BSC302_Aberdeen_1963_Stern.skel_ext>
