<IGM106_320mm44_4_barrels_M1935.skel_ext>
	<exported>	true	</exported>
	<node>
		<identifier>	MP_IM2000_Gun_deck	</identifier>
		<parent>	Rotate_Y	</parent>
		<transform>
			<row0>	1.0000 0.0000 0.0000 0.0000	</row0>
			<row1>	0.0000 1.0000 0.0000 0.0000	</row1>
			<row2>	0.0000 0.0000 1.0000 0.0000	</row2>
			<row3>	0.0000 0.0000 0.0000 1.0000	</row3>
		</transform>
	</node>
	<node>
		<identifier>	MP_IM405_RM2_Galileo	</identifier>
		<parent>	Rotate_Y	</parent>
		<transform>
			<row0>	1.0000 0.0000 0.0000 0.0000	</row0>
			<row1>	0.0000 1.0000 0.0000 0.0000	</row1>
			<row2>	0.0000 0.0000 1.0000 0.0000	</row2>
			<row3>	0.4810 0.1695 -0.5009 1.0000	</row3>
		</transform>
	</node>
	<node>
		<identifier>	MP_IM500_Life_Boat	</identifier>
		<parent>	Rotate_Y	</parent>
		<transform>
			<row0>	0.0000 -0.1690 0.9856 0.0000	</row0>
			<row1>	0.0000 0.9856 0.1690 0.0000	</row1>
			<row2>	-1.0000 0.0000 0.0000 0.0000	</row2>
			<row3>	0.1839 0.1700 -0.0725 1.0000	</row3>
		</transform>
	</node>
	<node>
		<identifier>	MP_IM500_Life_Boat_INDEX_1	</identifier>
		<parent>	Rotate_Y	</parent>
		<transform>
			<row0>	0.0000 0.0000 1.0000 0.0000	</row0>
			<row1>	0.0000 1.0000 0.0000 0.0000	</row1>
			<row2>	-1.0000 0.0000 0.0000 0.0000	</row2>
			<row3>	0.1837 0.1823 -0.2263 1.0000	</row3>
		</transform>
	</node>
	<node>
		<identifier>	MP_IM500_Life_Boat_INDEX_2	</identifier>
		<parent>	Rotate_Y	</parent>
		<transform>
			<row0>	0.0000 0.0000 1.0000 0.0000	</row0>
			<row1>	0.0000 1.0000 0.0000 0.0000	</row1>
			<row2>	-1.0000 0.0000 0.0000 0.0000	</row2>
			<row3>	-0.1837 0.1824 -0.2276 1.0000	</row3>
		</transform>
	</node>
	<node>
		<identifier>	MP_IM500_Life_Boat_INDEX_3	</identifier>
		<parent>	Rotate_Y	</parent>
		<transform>
			<row0>	0.0000 -0.1690 0.9856 0.0000	</row0>
			<row1>	0.0000 0.9856 0.1690 0.0000	</row1>
			<row2>	-1.0000 0.0000 0.0000 0.0000	</row2>
			<row3>	0.1839 0.1422 0.0882 1.0000	</row3>
		</transform>
	</node>
	<node>
		<identifier>	MP_IM500_Life_Boat_INDEX_4	</identifier>
		<parent>	Rotate_Y	</parent>
		<transform>
			<row0>	0.0000 -0.1690 0.9856 0.0000	</row0>
			<row1>	0.0000 0.9856 0.1690 0.0000	</row1>
			<row2>	-1.0000 0.0000 0.0000 0.0000	</row2>
			<row3>	-0.1839 0.1422 0.0882 1.0000	</row3>
		</transform>
	</node>
	<node>
		<identifier>	MP_IM500_Life_Boat_INDEX_5	</identifier>
		<parent>	Rotate_Y	</parent>
		<transform>
			<row0>	0.0000 -0.1690 0.9856 0.0000	</row0>
			<row1>	0.0000 0.9856 0.1690 0.0000	</row1>
			<row2>	-1.0000 0.0000 0.0000 0.0000	</row2>
			<row3>	-0.1839 0.1700 -0.0725 1.0000	</row3>
		</transform>
	</node>
	<node>
		<identifier>	MP_IM610_Dir_AA	</identifier>
		<parent>	Rotate_Y	</parent>
		<transform>
			<row0>	1.0000 0.0000 0.0000 0.0000	</row0>
			<row1>	0.0000 1.0000 0.0000 0.0000	</row1>
			<row2>	0.0000 0.0000 1.0000 0.0000	</row2>
			<row3>	0.0000 0.1926 -0.5728 1.0000	</row3>
		</transform>
	</node>
	<node>
		<identifier>	MP_IM700_Ammunition_Box_37mm	</identifier>
		<parent>	Rotate_Y	</parent>
		<transform>
			<row0>	0.2981 0.0000 0.9545 0.0000	</row0>
			<row1>	0.0000 1.0000 0.0000 0.0000	</row1>
			<row2>	-0.9545 0.0000 0.2981 0.0000	</row2>
			<row3>	0.3195 0.1927 -0.5743 1.0000	</row3>
		</transform>
	</node>
	<node>
		<identifier>	MP_IM700_Ammunition_Box_37mm_INDEX_1	</identifier>
		<parent>	Rotate_Y	</parent>
		<transform>
			<row0>	0.9920 0.0000 0.1260 0.0000	</row0>
			<row1>	0.0000 1.0000 0.0000 0.0000	</row1>
			<row2>	-0.1260 0.0000 0.9920 0.0000	</row2>
			<row3>	0.0966 0.1927 -0.7004 1.0000	</row3>
		</transform>
	</node>
	<node>
		<identifier>	MP_IM700_Ammunition_Box_37mm_INDEX_2	</identifier>
		<parent>	Rotate_Y	</parent>
		<transform>
			<row0>	0.9796 0.0000 0.2008 0.0000	</row0>
			<row1>	0.0000 1.0000 0.0000 0.0000	</row1>
			<row2>	-0.2008 0.0000 0.9796 0.0000	</row2>
			<row3>	0.1379 0.1927 -0.6932 1.0000	</row3>
		</transform>
	</node>
	<node>
		<identifier>	MP_IM700_Ammunition_Box_37mm_INDEX_3	</identifier>
		<parent>	Rotate_Y	</parent>
		<transform>
			<row0>	0.9796 0.0000 -0.2008 0.0000	</row0>
			<row1>	0.0000 1.0000 0.0000 0.0000	</row1>
			<row2>	0.2008 0.0000 0.9796 0.0000	</row2>
			<row3>	-0.1386 0.1927 -0.6931 1.0000	</row3>
		</transform>
	</node>
	<node>
		<identifier>	MP_IM700_Ammunition_Box_37mm_INDEX_4	</identifier>
		<parent>	Rotate_Y	</parent>
		<transform>
			<row0>	0.8002 0.0000 0.5997 0.0000	</row0>
			<row1>	0.0000 1.0000 0.0000 0.0000	</row1>
			<row2>	-0.5997 0.0000 0.8002 0.0000	</row2>
			<row3>	0.2705 0.1927 -0.6439 1.0000	</row3>
		</transform>
	</node>
	<node>
		<identifier>	MP_IM700_Ammunition_Box_37mm_INDEX_5	</identifier>
		<parent>	Rotate_Y	</parent>
		<transform>
			<row0>	0.8002 0.0000 -0.5997 0.0000	</row0>
			<row1>	0.0000 1.0000 0.0000 0.0000	</row1>
			<row2>	0.5997 0.0000 0.8002 0.0000	</row2>
			<row3>	-0.2708 0.1927 -0.6433 1.0000	</row3>
		</transform>
	</node>
	<node>
		<identifier>	MP_IM700_Ammunition_Box_37mm_INDEX_6	</identifier>
		<parent>	Rotate_Y	</parent>
		<transform>
			<row0>	0.9980 0.0000 -0.0635 0.0000	</row0>
			<row1>	0.0000 1.0000 0.0000 0.0000	</row1>
			<row2>	0.0635 0.0000 0.9980 0.0000	</row2>
			<row3>	-0.0578 0.1927 -0.7042 1.0000	</row3>
		</transform>
	</node>
	<node>
		<identifier>	MP_IM700_Ammunition_Box_37mm_INDEX_7	</identifier>
		<parent>	Rotate_Y	</parent>
		<transform>
			<row0>	0.2981 0.0000 -0.9545 0.0000	</row0>
			<row1>	0.0000 1.0000 0.0000 0.0000	</row1>
			<row2>	0.9545 0.0000 0.2981 0.0000	</row2>
			<row3>	-0.3204 0.1927 -0.5740 1.0000	</row3>
		</transform>
	</node>
	<node>
		<identifier>	MP_IM700_Ammunition_Box_37mm_INDEX_8	</identifier>
		<parent>	Rotate_Y	</parent>
		<transform>
			<row0>	0.9920 0.0000 -0.1260 0.0000	</row0>
			<row1>	0.0000 1.0000 0.0000 0.0000	</row1>
			<row2>	0.1260 0.0000 0.9920 0.0000	</row2>
			<row3>	-0.0966 0.1927 -0.7000 1.0000	</row3>
		</transform>
	</node>
	<node>
		<identifier>	MP_IM700_Ammunition_Box_37mm_INDEX_9	</identifier>
		<parent>	Rotate_Y	</parent>
		<transform>
			<row0>	0.9980 0.0000 0.0635 0.0000	</row0>
			<row1>	0.0000 1.0000 0.0000 0.0000	</row1>
			<row2>	-0.0635 0.0000 0.9980 0.0000	</row2>
			<row3>	0.0578 0.1927 -0.7042 1.0000	</row3>
		</transform>
	</node>
	<node>
		<identifier>	SP_YMS100_YGBS_M_1	</identifier>
		<parent>	Rotate_Y	</parent>
		<transform>
			<row0>	0.7483 0.0000 0.0000 0.0000	</row0>
			<row1>	0.0000 0.7483 0.0000 0.0000	</row1>
			<row2>	0.0000 0.0000 0.7483 0.0000	</row2>
			<row3>	-0.2544 0.0676 0.2631 1.0000	</row3>
		</transform>
	</node>
	<node>
		<identifier>	SP_YMS100_YGBS_M_1_INDEX_1	</identifier>
		<parent>	Rotate_Y	</parent>
		<transform>
			<row0>	0.7483 0.0000 0.0000 0.0000	</row0>
			<row1>	0.0000 0.7483 0.0000 0.0000	</row1>
			<row2>	0.0000 0.0000 0.7483 0.0000	</row2>
			<row3>	-0.1132 0.0676 0.2631 1.0000	</row3>
		</transform>
	</node>
	<node>
		<identifier>	SP_YMS100_YGBS_M_1_INDEX_2	</identifier>
		<parent>	Rotate_Y	</parent>
		<transform>
			<row0>	0.7483 0.0000 0.0000 0.0000	</row0>
			<row1>	0.0000 0.7483 0.0000 0.0000	</row1>
			<row2>	0.0000 0.0000 0.7483 0.0000	</row2>
			<row3>	0.1132 0.0676 0.2631 1.0000	</row3>
		</transform>
	</node>
	<node>
		<identifier>	SP_YMS100_YGBS_M_1_INDEX_3	</identifier>
		<parent>	Rotate_Y	</parent>
		<transform>
			<row0>	0.7483 0.0000 0.0000 0.0000	</row0>
			<row1>	0.0000 0.7483 0.0000 0.0000	</row1>
			<row2>	0.0000 0.0000 0.7483 0.0000	</row2>
			<row3>	0.2544 0.0676 0.2631 1.0000	</row3>
		</transform>
	</node>
	<node>
		<identifier>	SP_YMS101_YGCS_M_1	</identifier>
		<parent>	Rotate_X	</parent>
		<transform>
			<row0>	0.6449 0.0000 0.0000 0.0000	</row0>
			<row1>	0.0000 0.6449 0.0000 0.0000	</row1>
			<row2>	0.0000 0.0000 0.6449 0.0000	</row2>
			<row3>	-0.2544 -0.0428 0.2037 1.0000	</row3>
		</transform>
	</node>
	<node>
		<identifier>	SP_YMS101_YGCS_M_1_INDEX_1	</identifier>
		<parent>	Rotate_X	</parent>
		<transform>
			<row0>	0.6449 0.0000 0.0000 0.0000	</row0>
			<row1>	0.0000 0.6449 0.0000 0.0000	</row1>
			<row2>	0.0000 0.0000 0.6449 0.0000	</row2>
			<row3>	-0.1132 -0.0428 0.2037 1.0000	</row3>
		</transform>
	</node>
	<node>
		<identifier>	SP_YMS101_YGCS_M_1_INDEX_2	</identifier>
		<parent>	Rotate_X	</parent>
		<transform>
			<row0>	0.6449 0.0000 0.0000 0.0000	</row0>
			<row1>	0.0000 0.6449 0.0000 0.0000	</row1>
			<row2>	0.0000 0.0000 0.6449 0.0000	</row2>
			<row3>	0.1132 -0.0428 0.2037 1.0000	</row3>
		</transform>
	</node>
	<node>
		<identifier>	SP_YMS101_YGCS_M_1_INDEX_3	</identifier>
		<parent>	Rotate_X	</parent>
		<transform>
			<row0>	0.6449 0.0000 0.0000 0.0000	</row0>
			<row1>	0.0000 0.6449 0.0000 0.0000	</row1>
			<row2>	0.0000 0.0000 0.6449 0.0000	</row2>
			<row3>	0.2544 -0.0428 0.2037 1.0000	</row3>
		</transform>
	</node>
	<node>
		<identifier>	SP_YMS104_YGRS_M_1	</identifier>
		<parent>	Roll_Back1	</parent>
		<transform>
			<row0>	0.7483 0.0000 0.0000 0.0000	</row0>
			<row1>	0.0000 0.7483 0.0000 0.0000	</row1>
			<row2>	0.0000 0.0000 0.7483 0.0000	</row2>
			<row3>	-0.2544 0.0000 -0.0080 1.0000	</row3>
		</transform>
	</node>
	<node>
		<identifier>	SP_YMS104_YGRS_M_1_INDEX_1	</identifier>
		<parent>	Roll_Back1	</parent>
		<transform>
			<row0>	0.7483 0.0000 0.0000 0.0000	</row0>
			<row1>	0.0000 0.7483 0.0000 0.0000	</row1>
			<row2>	0.0000 0.0000 0.7483 0.0000	</row2>
			<row3>	-0.1132 0.0000 -0.0080 1.0000	</row3>
		</transform>
	</node>
	<node>
		<identifier>	SP_YMS104_YGRS_M_1_INDEX_2	</identifier>
		<parent>	Roll_Back1	</parent>
		<transform>
			<row0>	0.7483 0.0000 0.0000 0.0000	</row0>
			<row1>	0.0000 0.7483 0.0000 0.0000	</row1>
			<row2>	0.0000 0.0000 0.7483 0.0000	</row2>
			<row3>	0.1132 0.0000 -0.0080 1.0000	</row3>
		</transform>
	</node>
	<node>
		<identifier>	SP_YMS104_YGRS_M_1_INDEX_3	</identifier>
		<parent>	Roll_Back1	</parent>
		<transform>
			<row0>	0.7483 0.0000 0.0000 0.0000	</row0>
			<row1>	0.0000 0.7483 0.0000 0.0000	</row1>
			<row2>	0.0000 0.0000 0.7483 0.0000	</row2>
			<row3>	0.2544 0.0000 -0.0080 1.0000	</row3>
		</transform>
	</node>
</IGM106_320mm44_4_barrels_M1935.skel_ext>
