<USC308_Auckland_1944_Stern.skel_ext>
	<exported>	true	</exported>
	<node>
		<identifier>	MP_BM021_Crown	</identifier>
		<parent>	Scene Root	</parent>
		<transform>
			<row0>	1.0000 0.0000 0.0000 0.0000	</row0>
			<row1>	0.0000 0.9892 -0.1468 0.0000	</row1>
			<row2>	0.0000 0.1468 0.9892 0.0000	</row2>
			<row3>	0.0180 1.0233 -6.6852 1.0000	</row3>
		</transform>
	</node>
	<node>
		<identifier>	MP_BM509_Liferaft_type_20_10ft	</identifier>
		<parent>	Scene Root	</parent>
		<transform>
			<row0>	0.9998 0.0207 0.0000 0.0000	</row0>
			<row1>	-0.0207 0.9998 0.0000 0.0000	</row1>
			<row2>	0.0000 0.0000 1.0000 0.0000	</row2>
			<row3>	-0.2261 0.4880 -5.2320 1.0000	</row3>
		</transform>
	</node>
	<node>
		<identifier>	MP_BM509_Liferaft_type_20_10ft_INDEX_1	</identifier>
		<parent>	Scene Root	</parent>
		<transform>
			<row0>	0.9998 -0.0207 0.0000 0.0000	</row0>
			<row1>	0.0207 0.9998 0.0000 0.0000	</row1>
			<row2>	0.0000 0.0000 1.0000 0.0000	</row2>
			<row3>	0.2261 0.4880 -5.2320 1.0000	</row3>
		</transform>
	</node>
	<node>
		<identifier>	MP_BM625_Telephone	</identifier>
		<parent>	Scene Root	</parent>
		<transform>
			<row0>	-0.3814 0.0000 -0.9244 0.0000	</row0>
			<row1>	0.0000 1.0000 0.0000 0.0000	</row1>
			<row2>	0.9244 0.0000 -0.3814 0.0000	</row2>
			<row3>	0.4476 0.5366 -5.6190 1.0000	</row3>
		</transform>
	</node>
	<node>
		<identifier>	MP_BM625_Telephone_INDEX_1	</identifier>
		<parent>	Scene Root	</parent>
		<transform>
			<row0>	-0.3814 0.0000 0.9244 0.0000	</row0>
			<row1>	0.0000 1.0000 0.0000 0.0000	</row1>
			<row2>	-0.9244 0.0000 -0.3814 0.0000	</row2>
			<row3>	-0.4476 0.5366 -5.6190 1.0000	</row3>
		</transform>
	</node>
	<node>
		<identifier>	MP_BM625_Telephone_INDEX_2	</identifier>
		<parent>	Scene Root	</parent>
		<transform>
			<row0>	-0.3814 0.0000 0.9244 0.0000	</row0>
			<row1>	0.0000 1.0000 0.0000 0.0000	</row1>
			<row2>	-0.9244 0.0000 -0.3814 0.0000	</row2>
			<row3>	-0.3037 0.5526 -6.5162 1.0000	</row3>
		</transform>
	</node>
	<node>
		<identifier>	MP_BM625_Telephone_INDEX_3	</identifier>
		<parent>	Scene Root	</parent>
		<transform>
			<row0>	-0.3814 0.0000 -0.9244 0.0000	</row0>
			<row1>	0.0000 1.0000 0.0000 0.0000	</row1>
			<row2>	0.9244 0.0000 -0.3814 0.0000	</row2>
			<row3>	0.3037 0.5526 -6.5160 1.0000	</row3>
		</transform>
	</node>
	<node>
		<identifier>	MP_BM704_Locker	</identifier>
		<parent>	Scene Root	</parent>
		<transform>
			<row0>	0.9999 0.0124 0.0007 0.0000	</row0>
			<row1>	-0.0124 0.9997 0.0188 0.0000	</row1>
			<row2>	-0.0005 -0.0188 0.9998 0.0000	</row2>
			<row3>	-0.1967 0.4994 -6.2960 1.0000	</row3>
		</transform>
	</node>
	<node>
		<identifier>	MP_BM704_Locker_INDEX_1	</identifier>
		<parent>	Scene Root	</parent>
		<transform>
			<row0>	0.9978 -0.0665 0.0000 0.0000	</row0>
			<row1>	0.0665 0.9978 0.0044 0.0000	</row1>
			<row2>	-0.0002 -0.0044 1.0000 0.0000	</row2>
			<row3>	0.3930 0.4807 -5.4164 1.0000	</row3>
		</transform>
	</node>
	<node>
		<identifier>	MP_BM704_Locker_INDEX_2	</identifier>
		<parent>	Scene Root	</parent>
		<transform>
			<row0>	0.9988 -0.0480 0.0000 0.0000	</row0>
			<row1>	0.0480 0.9988 0.0044 0.0000	</row1>
			<row2>	-0.0002 -0.0044 1.0000 0.0000	</row2>
			<row3>	0.3323 0.4841 -5.4164 1.0000	</row3>
		</transform>
	</node>
	<node>
		<identifier>	MP_BM704_Locker_INDEX_3	</identifier>
		<parent>	Scene Root	</parent>
		<transform>
			<row0>	0.9978 0.0665 0.0000 0.0000	</row0>
			<row1>	-0.0665 0.9978 0.0044 0.0000	</row1>
			<row2>	0.0002 -0.0044 1.0000 0.0000	</row2>
			<row3>	-0.3930 0.4807 -5.4164 1.0000	</row3>
		</transform>
	</node>
	<node>
		<identifier>	MP_BM704_Locker_INDEX_4	</identifier>
		<parent>	Scene Root	</parent>
		<transform>
			<row0>	0.9999 -0.0124 -0.0007 0.0000	</row0>
			<row1>	0.0124 0.9997 0.0188 0.0000	</row1>
			<row2>	0.0005 -0.0188 0.9998 0.0000	</row2>
			<row3>	0.1967 0.4994 -6.2960 1.0000	</row3>
		</transform>
	</node>
	<node>
		<identifier>	MP_BM704_Locker_INDEX_5	</identifier>
		<parent>	Scene Root	</parent>
		<transform>
			<row0>	0.9988 0.0480 0.0000 0.0000	</row0>
			<row1>	-0.0480 0.9988 0.0044 0.0000	</row1>
			<row2>	0.0002 -0.0044 1.0000 0.0000	</row2>
			<row3>	-0.3323 0.4841 -5.4164 1.0000	</row3>
		</transform>
	</node>
	<node>
		<identifier>	MP_BM704_Locker_INDEX_6	</identifier>
		<parent>	Scene Root	</parent>
		<transform>
			<row0>	0.9999 -0.0124 -0.0007 0.0000	</row0>
			<row1>	0.0124 0.9997 0.0188 0.0000	</row1>
			<row2>	0.0005 -0.0188 0.9998 0.0000	</row2>
			<row3>	0.2544 0.4987 -6.2960 1.0000	</row3>
		</transform>
	</node>
	<node>
		<identifier>	MP_BM704_Locker_INDEX_7	</identifier>
		<parent>	Scene Root	</parent>
		<transform>
			<row0>	0.9999 0.0124 0.0007 0.0000	</row0>
			<row1>	-0.0124 0.9997 0.0188 0.0000	</row1>
			<row2>	-0.0005 -0.0188 0.9998 0.0000	</row2>
			<row3>	-0.2544 0.4987 -6.2960 1.0000	</row3>
		</transform>
	</node>
	<node>
		<identifier>	MP_BM754_Deck_Hatch	</identifier>
		<parent>	Scene Root	</parent>
		<transform>
			<row0>	1.0000 0.0000 0.0000 0.0000	</row0>
			<row1>	0.0000 1.0000 0.0000 0.0000	</row1>
			<row2>	0.0000 0.0000 1.0000 0.0000	</row2>
			<row3>	-0.2033 0.4907 -4.9985 1.0000	</row3>
		</transform>
	</node>
	<node>
		<identifier>	MP_BM754_Deck_Hatch_INDEX_1	</identifier>
		<parent>	Scene Root	</parent>
		<transform>
			<row0>	0.0000 0.0000 -1.0000 0.0000	</row0>
			<row1>	0.0000 1.0000 0.0000 0.0000	</row1>
			<row2>	1.0000 0.0000 0.0000 0.0000	</row2>
			<row3>	0.0000 0.5052 -6.3579 1.0000	</row3>
		</transform>
	</node>
	<node>
		<identifier>	MP_BM754_Deck_Hatch_INDEX_2	</identifier>
		<parent>	Scene Root	</parent>
		<transform>
			<row0>	1.0000 0.0000 0.0000 0.0000	</row0>
			<row1>	0.0000 1.0000 0.0000 0.0000	</row1>
			<row2>	0.0000 0.0000 1.0000 0.0000	</row2>
			<row3>	-0.0421 0.4950 -5.6866 1.0000	</row3>
		</transform>
	</node>
	<node>
		<identifier>	MP_BM800_Ventilators_mushroom	</identifier>
		<parent>	Scene Root	</parent>
		<transform>
			<row0>	-0.8000 0.0000 0.0000 0.0000	</row0>
			<row1>	0.0000 0.8000 0.0000 0.0000	</row1>
			<row2>	0.0000 0.0000 -0.8000 0.0000	</row2>
			<row3>	-0.0568 0.4803 -4.8905 1.0000	</row3>
		</transform>
	</node>
	<node>
		<identifier>	MP_BM800_Ventilators_mushroom_INDEX_1	</identifier>
		<parent>	Scene Root	</parent>
		<transform>
			<row0>	-1.2000 0.0000 0.0000 0.0000	</row0>
			<row1>	0.0000 1.2000 0.0000 0.0000	</row1>
			<row2>	0.0000 0.0000 -1.2000 0.0000	</row2>
			<row3>	0.1005 0.4756 -5.2462 1.0000	</row3>
		</transform>
	</node>
	<node>
		<identifier>	MP_BM800_Ventilators_mushroom_INDEX_2	</identifier>
		<parent>	Scene Root	</parent>
		<transform>
			<row0>	-1.2000 0.0000 0.0000 0.0000	</row0>
			<row1>	0.0000 1.2000 0.0000 0.0000	</row1>
			<row2>	0.0000 0.0000 -1.2000 0.0000	</row2>
			<row3>	-0.1005 0.4756 -5.2462 1.0000	</row3>
		</transform>
	</node>
	<node>
		<identifier>	MP_BM800_Ventilators_mushroom_INDEX_3	</identifier>
		<parent>	Scene Root	</parent>
		<transform>
			<row0>	-0.8000 0.0000 0.0000 0.0000	</row0>
			<row1>	0.0000 0.8000 0.0000 0.0000	</row1>
			<row2>	0.0000 0.0000 -0.8000 0.0000	</row2>
			<row3>	0.0361 0.4979 -6.4125 1.0000	</row3>
		</transform>
	</node>
	<node>
		<identifier>	MP_BM800_Ventilators_mushroom_INDEX_4	</identifier>
		<parent>	Scene Root	</parent>
		<transform>
			<row0>	-0.8000 0.0000 0.0000 0.0000	</row0>
			<row1>	0.0000 0.8000 0.0000 0.0000	</row1>
			<row2>	0.0000 0.0000 -0.8000 0.0000	</row2>
			<row3>	0.0353 0.4842 -5.4924 1.0000	</row3>
		</transform>
	</node>
	<node>
		<identifier>	MP_BM857_Fog_Light	</identifier>
		<parent>	Scene Root	</parent>
		<transform>
			<row0>	-1.0000 0.0000 0.0000 0.0000	</row0>
			<row1>	0.0000 1.0000 0.0000 0.0000	</row1>
			<row2>	0.0000 0.0000 -1.0000 0.0000	</row2>
			<row3>	0.0000 0.5914 -6.6269 1.0000	</row3>
		</transform>
	</node>
	<node>
		<identifier>	MP_BM868_Screened_speed_light	</identifier>
		<parent>	Scene Root	</parent>
		<transform>
			<row0>	0.5000 0.0000 0.0000 0.0000	</row0>
			<row1>	0.0000 0.5000 0.0000 0.0000	</row1>
			<row2>	0.0000 0.0000 0.5000 0.0000	</row2>
			<row3>	0.0184 0.7251 -6.6529 1.0000	</row3>
		</transform>
	</node>
	<node>
		<identifier>	MP_BM872_Running_Lights_B	</identifier>
		<parent>	Scene Root	</parent>
		<transform>
			<row0>	-1.0000 0.0000 0.0000 0.0000	</row0>
			<row1>	0.0000 1.0000 0.0000 0.0000	</row1>
			<row2>	0.0000 0.0000 -1.0000 0.0000	</row2>
			<row3>	0.0000 0.7632 -6.6577 1.0000	</row3>
		</transform>
	</node>
	<node>
		<identifier>	MP_BM952_Bollard	</identifier>
		<parent>	Scene Root	</parent>
		<transform>
			<row0>	0.8883 0.0317 0.1409 0.0000	</row0>
			<row1>	-0.0340 0.8993 0.0123 0.0000	</row1>
			<row2>	-0.1404 -0.0174 0.8888 0.0000	</row2>
			<row3>	-0.3872 0.4888 -5.8882 1.0000	</row3>
		</transform>
	</node>
	<node>
		<identifier>	MP_BM952_Bollard_INDEX_1	</identifier>
		<parent>	Scene Root	</parent>
		<transform>
			<row0>	0.8942 0.0557 0.0856 0.0000	</row0>
			<row1>	-0.0564 0.8982 0.0044 0.0000	</row1>
			<row2>	-0.0851 -0.0097 0.8959 0.0000	</row2>
			<row3>	-0.4554 0.4789 -5.2510 1.0000	</row3>
		</transform>
	</node>
	<node>
		<identifier>	MP_BM952_Bollard_INDEX_2	</identifier>
		<parent>	Scene Root	</parent>
		<transform>
			<row0>	0.8883 -0.0317 -0.1409 0.0000	</row0>
			<row1>	0.0340 0.8993 0.0123 0.0000	</row1>
			<row2>	0.1404 -0.0174 0.8888 0.0000	</row2>
			<row3>	0.3872 0.4888 -5.8882 1.0000	</row3>
		</transform>
	</node>
	<node>
		<identifier>	MP_BM952_Bollard_INDEX_3	</identifier>
		<parent>	Scene Root	</parent>
		<transform>
			<row0>	0.8942 -0.0557 -0.0856 0.0000	</row0>
			<row1>	0.0564 0.8982 0.0044 0.0000	</row1>
			<row2>	0.0851 -0.0097 0.8959 0.0000	</row2>
			<row3>	0.4554 0.4789 -5.2510 1.0000	</row3>
		</transform>
	</node>
	<node>
		<identifier>	MP_BM954_hawse	</identifier>
		<parent>	Scene Root	</parent>
		<transform>
			<row0>	0.1144 -0.0330 0.6898 0.0000	</row0>
			<row1>	0.0107 0.6992 0.0317 0.0000	</row1>
			<row2>	-0.6905 0.0053 0.1148 0.0000	</row2>
			<row3>	0.3459 0.5013 -6.4412 1.0000	</row3>
		</transform>
	</node>
	<node>
		<identifier>	MP_BM954_hawse_INDEX_1	</identifier>
		<parent>	Scene Root	</parent>
		<transform>
			<row0>	0.1144 0.0330 -0.6898 0.0000	</row0>
			<row1>	-0.0107 0.6992 0.0317 0.0000	</row1>
			<row2>	0.6905 0.0053 0.1148 0.0000	</row2>
			<row3>	-0.3459 0.5013 -6.4412 1.0000	</row3>
		</transform>
	</node>
	<node>
		<identifier>	MP_CM002_Propeller4_L	</identifier>
		<parent>	Scene Root	</parent>
		<transform>
			<row0>	0.9470 0.0000 0.0021 0.0000	</row0>
			<row1>	0.0000 0.9467 -0.0231 0.0000	</row1>
			<row2>	-0.0021 0.0231 0.9467 0.0000	</row2>
			<row3>	-0.2574 -0.2850 -5.6112 1.0000	</row3>
		</transform>
	</node>
	<node>
		<identifier>	MP_CM011_Fire_Fighting_Gear	</identifier>
		<parent>	Scene Root	</parent>
		<transform>
			<row0>	-1.0000 0.0000 0.0000 0.0000	</row0>
			<row1>	0.0000 1.0000 0.0000 0.0000	</row1>
			<row2>	0.0000 0.0000 -1.0000 0.0000	</row2>
			<row3>	0.0486 0.4959 -5.9182 1.0000	</row3>
		</transform>
	</node>
	<node>
		<identifier>	MP_CM013_Fire_Hose_Rack_2	</identifier>
		<parent>	Scene Root	</parent>
		<transform>
			<row0>	0.4998 0.0000 0.8661 0.0000	</row0>
			<row1>	0.0000 1.0000 0.0000 0.0000	</row1>
			<row2>	-0.8661 0.0000 0.4998 0.0000	</row2>
			<row3>	0.2750 0.5242 -5.6793 1.0000	</row3>
		</transform>
	</node>
	<node>
		<identifier>	MP_CM033_Propeller4_R	</identifier>
		<parent>	Scene Root	</parent>
		<transform>
			<row0>	0.9470 0.0000 -0.0009 0.0000	</row0>
			<row1>	0.0000 0.9467 -0.0231 0.0000	</row1>
			<row2>	0.0009 0.0231 0.9467 0.0000	</row2>
			<row3>	0.2574 -0.2850 -5.6112 1.0000	</row3>
		</transform>
	</node>
	<node>
		<identifier>	MP_CM104_Life_Buoy	</identifier>
		<parent>	Scene Root	</parent>
		<transform>
			<row0>	0.1389 0.0000 -0.9903 0.0000	</row0>
			<row1>	0.0000 1.0000 0.0000 0.0000	</row1>
			<row2>	0.9903 0.0000 0.1389 0.0000	</row2>
			<row3>	-0.4118 0.5474 -6.1049 1.0000	</row3>
		</transform>
	</node>
	<node>
		<identifier>	MP_CM104_Life_Buoy_INDEX_1	</identifier>
		<parent>	Scene Root	</parent>
		<transform>
			<row0>	0.1389 0.0000 0.9903 0.0000	</row0>
			<row1>	0.0000 1.0000 0.0000 0.0000	</row1>
			<row2>	-0.9903 0.0000 0.1389 0.0000	</row2>
			<row3>	0.4118 0.5474 -6.1049 1.0000	</row3>
		</transform>
	</node>
	<node>
		<identifier>	SP_YMS011_YHWL_M_1_INDEX_13	</identifier>
		<parent>	Scene Root	</parent>
		<transform>
			<row0>	0.8901 0.4329 0.1426 0.0000	</row0>
			<row1>	-0.4270 0.9014 -0.0715 0.0000	</row1>
			<row2>	-0.1595 0.0027 0.9872 0.0000	</row2>
			<row3>	-0.4338 0.0000 -5.6518 1.0000	</row3>
		</transform>
	</node>
	<node>
		<identifier>	SP_YMS012_YHWR_M_1_INDEX_13	</identifier>
		<parent>	Scene Root	</parent>
		<transform>
			<row0>	0.8901 -0.4329 -0.1426 0.0000	</row0>
			<row1>	0.4270 0.9014 -0.0715 0.0000	</row1>
			<row2>	0.1595 0.0027 0.9872 0.0000	</row2>
			<row3>	0.4338 0.0000 -5.6518 1.0000	</row3>
		</transform>
	</node>
	<node>
		<identifier>	SP_YMS023_YHUC_L_1_INDEX_2	</identifier>
		<parent>	Scene Root	</parent>
		<transform>
			<row0>	0.5454 0.0000 0.0012 0.0000	</row0>
			<row1>	0.0000 0.5453 -0.0133 0.0000	</row1>
			<row2>	-0.0012 0.0133 0.5453 0.0000	</row2>
			<row3>	-0.2574 -0.2850 -5.6112 1.0000	</row3>
		</transform>
	</node>
	<node>
		<identifier>	SP_YMS023_YHUC_L_1_INDEX_3	</identifier>
		<parent>	Scene Root	</parent>
		<transform>
			<row0>	0.5454 0.0000 -0.0012 0.0000	</row0>
			<row1>	0.0000 0.5453 -0.0133 0.0000	</row1>
			<row2>	0.0012 0.0133 0.5453 0.0000	</row2>
			<row3>	0.2574 -0.2850 -5.6112 1.0000	</row3>
		</transform>
	</node>
	<node>
		<identifier>	SP_YMS030_YHAM_M_1	</identifier>
		<parent>	Scene Root	</parent>
		<transform>
			<row0>	0.7930 0.0000 0.0000 0.0000	</row0>
			<row1>	0.0000 0.7930 0.0000 0.0000	</row1>
			<row2>	0.0000 0.0000 0.7930 0.0000	</row2>
			<row3>	0.0000 0.2621 -6.7380 1.0000	</row3>
		</transform>
	</node>
	<node>
		<identifier>	SP_YMS031_YHAL_M_1	</identifier>
		<parent>	Scene Root	</parent>
		<transform>
			<row0>	0.9909 0.0000 0.1346 0.0000	</row0>
			<row1>	0.0000 1.0000 0.0000 0.0000	</row1>
			<row2>	-0.1346 0.0000 0.9909 0.0000	</row2>
			<row3>	-0.3993 0.2621 -6.3907 1.0000	</row3>
		</transform>
	</node>
	<node>
		<identifier>	SP_YMS032_YHAR_M_1	</identifier>
		<parent>	Scene Root	</parent>
		<transform>
			<row0>	0.9909 0.0000 -0.1346 0.0000	</row0>
			<row1>	0.0000 1.0000 0.0000 0.0000	</row1>
			<row2>	0.1346 0.0000 0.9909 0.0000	</row2>
			<row3>	0.3993 0.2621 -6.3907 1.0000	</row3>
		</transform>
	</node>
	<node>
		<identifier>	SP_YMS053_YHDC_S_1_INDEX_6	</identifier>
		<parent>	Scene Root	</parent>
		<transform>
			<row0>	1.0000 0.0000 0.0000 0.0000	</row0>
			<row1>	0.0000 1.0000 0.0000 0.0000	</row1>
			<row2>	0.0000 0.0000 1.0000 0.0000	</row2>
			<row3>	-0.2562 0.5043 -6.0040 1.0000	</row3>
		</transform>
	</node>
	<node>
		<identifier>	SP_YMS053_YHDC_S_1_INDEX_7	</identifier>
		<parent>	Scene Root	</parent>
		<transform>
			<row0>	1.0000 0.0000 0.0000 0.0000	</row0>
			<row1>	0.0000 1.0000 0.0000 0.0000	</row1>
			<row2>	0.0000 0.0000 1.0000 0.0000	</row2>
			<row3>	0.2562 0.5043 -6.0040 1.0000	</row3>
		</transform>
	</node>
	<node>
		<identifier>	SP_YMS080_YHSL_M_1_INDEX_2	</identifier>
		<parent>	Scene Root	</parent>
		<transform>
			<row0>	0.7606 0.0282 0.0856 0.0000	</row0>
			<row1>	-0.0281 0.7654 -0.0020 0.0000	</row1>
			<row2>	-0.0856 -0.0011 0.7611 0.0000	</row2>
			<row3>	-0.5127 0.2496 -5.2191 1.0000	</row3>
		</transform>
	</node>
	<node>
		<identifier>	SP_YMS081_YHSR_M_1_INDEX_2	</identifier>
		<parent>	Scene Root	</parent>
		<transform>
			<row0>	0.7606 -0.0282 -0.0856 0.0000	</row0>
			<row1>	0.0281 0.7654 -0.0020 0.0000	</row1>
			<row2>	0.0856 -0.0011 0.7611 0.0000	</row2>
			<row3>	0.5148 0.2496 -5.2191 1.0000	</row3>
		</transform>
	</node>
</USC308_Auckland_1944_Stern.skel_ext>
