<ISC008_Nino_Bixio_1920_MidBack.skel_ext>
	<exported>	true	</exported>
	<node>
		<identifier>	MP_CM010_Fire_Hose_Reel	</identifier>
		<parent>	Scene Root	</parent>
		<transform>
			<row0>	0.9998 0.0000 0.0198 0.0000	</row0>
			<row1>	0.0000 1.0000 0.0000 0.0000	</row1>
			<row2>	-0.0198 0.0000 0.9998 0.0000	</row2>
			<row3>	-0.2079 0.3411 -2.0948 1.0000	</row3>
		</transform>
	</node>
	<node>
		<identifier>	MP_CM010_Fire_Hose_Reel_INDEX_1	</identifier>
		<parent>	Scene Root	</parent>
		<transform>
			<row0>	-0.9999 0.0000 0.0150 0.0000	</row0>
			<row1>	0.0000 1.0000 0.0000 0.0000	</row1>
			<row2>	-0.0150 0.0000 -0.9999 0.0000	</row2>
			<row3>	0.2079 0.3411 -2.0948 1.0000	</row3>
		</transform>
	</node>
	<node>
		<identifier>	MP_CM011_Fire_Fighting_Gear	</identifier>
		<parent>	Scene Root	</parent>
		<transform>
			<row0>	-0.5000 0.0000 -0.8660 0.0000	</row0>
			<row1>	0.0000 1.0000 0.0000 0.0000	</row1>
			<row2>	0.8660 0.0000 -0.5000 0.0000	</row2>
			<row3>	-0.0414 0.3046 -1.5589 1.0000	</row3>
		</transform>
	</node>
	<node>
		<identifier>	MP_CM011_Fire_Fighting_Gear_INDEX_1	</identifier>
		<parent>	Scene Root	</parent>
		<transform>
			<row0>	0.0000 0.0000 1.0000 0.0000	</row0>
			<row1>	0.0000 1.0000 0.0000 0.0000	</row1>
			<row2>	-1.0000 0.0000 0.0000 0.0000	</row2>
			<row3>	0.0190 0.4613 -1.9417 1.0000	</row3>
		</transform>
	</node>
	<node>
		<identifier>	MP_CM011_Fire_Fighting_Gear_INDEX_2	</identifier>
		<parent>	Scene Root	</parent>
		<transform>
			<row0>	0.0000 0.0000 1.0000 0.0000	</row0>
			<row1>	0.0000 1.0000 0.0000 0.0000	</row1>
			<row2>	-1.0000 0.0000 0.0000 0.0000	</row2>
			<row3>	0.2398 0.3008 -1.4266 1.0000	</row3>
		</transform>
	</node>
	<node>
		<identifier>	MP_CM013_Fire_Hose_Rack_2	</identifier>
		<parent>	Scene Root	</parent>
		<transform>
			<row0>	-0.9995 0.0000 0.0310 0.0000	</row0>
			<row1>	0.0000 1.0000 0.0000 0.0000	</row1>
			<row2>	-0.0310 0.0000 -0.9995 0.0000	</row2>
			<row3>	0.2309 0.3452 -1.4530 1.0000	</row3>
		</transform>
	</node>
	<node>
		<identifier>	MP_CM013_Fire_Hose_Rack_2_INDEX_1	</identifier>
		<parent>	Scene Root	</parent>
		<transform>
			<row0>	0.8661 0.0000 -0.4999 0.0000	</row0>
			<row1>	0.0000 1.0000 0.0000 0.0000	</row1>
			<row2>	0.4999 0.0000 0.8661 0.0000	</row2>
			<row3>	-0.0526 0.3452 -1.5904 1.0000	</row3>
		</transform>
	</node>
	<node>
		<identifier>	MP_CM013_Fire_Hose_Rack_2_INDEX_2	</identifier>
		<parent>	Scene Root	</parent>
		<transform>
			<row0>	-0.6066 0.2238 0.7629 0.0000	</row0>
			<row1>	0.1393 0.9746 -0.1751 0.0000	</row1>
			<row2>	-0.7827 0.0000 -0.6224 0.0000	</row2>
			<row3>	0.0511 0.5156 -1.8035 1.0000	</row3>
		</transform>
	</node>
	<node>
		<identifier>	MP_CM029_Emergency_Box	</identifier>
		<parent>	Scene Root	</parent>
		<transform>
			<row0>	0.0287 0.0000 -0.9996 0.0000	</row0>
			<row1>	0.0000 1.0000 0.0000 0.0000	</row1>
			<row2>	0.9996 0.0000 0.0287 0.0000	</row2>
			<row3>	-0.2187 0.3850 -2.0457 1.0000	</row3>
		</transform>
	</node>
	<node>
		<identifier>	MP_CM029_Emergency_Box_INDEX_1	</identifier>
		<parent>	Scene Root	</parent>
		<transform>
			<row0>	0.0287 0.0000 0.9996 0.0000	</row0>
			<row1>	0.0000 1.0000 0.0000 0.0000	</row1>
			<row2>	-0.9996 0.0000 0.0287 0.0000	</row2>
			<row3>	0.2190 0.3850 -2.0457 1.0000	</row3>
		</transform>
	</node>
	<node>
		<identifier>	MP_CM030_Swab_Rack_2	</identifier>
		<parent>	Scene Root	</parent>
		<transform>
			<row0>	0.5010 0.0000 0.8654 0.0000	</row0>
			<row1>	0.0000 1.0000 0.0000 0.0000	</row1>
			<row2>	-0.8654 0.0000 0.5010 0.0000	</row2>
			<row3>	-0.0876 0.3011 -1.6509 1.0000	</row3>
		</transform>
	</node>
	<node>
		<identifier>	MP_CM030_Swab_Rack_2_INDEX_1	</identifier>
		<parent>	Scene Root	</parent>
		<transform>
			<row0>	-0.3472 0.0000 0.9378 0.0000	</row0>
			<row1>	0.0000 1.0000 0.0000 0.0000	</row1>
			<row2>	-0.9378 0.0000 -0.3472 0.0000	</row2>
			<row3>	-0.1245 0.3024 -2.5573 1.0000	</row3>
		</transform>
	</node>
	<node>
		<identifier>	MP_CM030_Swab_Rack_2_INDEX_2	</identifier>
		<parent>	Scene Root	</parent>
		<transform>
			<row0>	-0.3472 0.0000 -0.9378 0.0000	</row0>
			<row1>	0.0000 1.0000 0.0000 0.0000	</row1>
			<row2>	0.9378 0.0000 -0.3472 0.0000	</row2>
			<row3>	0.1245 0.3024 -2.5573 1.0000	</row3>
		</transform>
	</node>
	<node>
		<identifier>	MP_CM052_Fender	</identifier>
		<parent>	Scene Root	</parent>
		<transform>
			<row0>	-0.0172 0.0000 -0.6998 0.0000	</row0>
			<row1>	0.0000 0.7000 0.0000 0.0000	</row1>
			<row2>	0.6998 0.0000 -0.0172 0.0000	</row2>
			<row3>	0.2431 0.3011 -1.8012 1.0000	</row3>
		</transform>
	</node>
	<node>
		<identifier>	MP_CM052_Fender_INDEX_1	</identifier>
		<parent>	Scene Root	</parent>
		<transform>
			<row0>	0.3196 0.0000 0.6228 0.0000	</row0>
			<row1>	0.0000 0.7000 0.0000 0.0000	</row1>
			<row2>	-0.6228 0.0000 0.3196 0.0000	</row2>
			<row3>	-0.2267 0.3016 -1.8462 1.0000	</row3>
		</transform>
	</node>
	<node>
		<identifier>	MP_CM126_Cleat	</identifier>
		<parent>	Scene Root	</parent>
		<transform>
			<row0>	1.0000 0.0000 0.0000 0.0000	</row0>
			<row1>	0.0000 1.0000 0.0000 0.0000	</row1>
			<row2>	0.0000 0.0000 1.0000 0.0000	</row2>
			<row3>	0.2024 0.4538 -2.0016 1.0000	</row3>
		</transform>
	</node>
	<node>
		<identifier>	MP_CM126_Cleat_INDEX_1	</identifier>
		<parent>	Scene Root	</parent>
		<transform>
			<row0>	0.9446 0.0000 0.3281 0.0000	</row0>
			<row1>	0.0000 1.0000 0.0000 0.0000	</row1>
			<row2>	-0.3281 0.0000 0.9446 0.0000	</row2>
			<row3>	-0.1397 0.4533 -2.5017 1.0000	</row3>
		</transform>
	</node>
	<node>
		<identifier>	MP_CM126_Cleat_INDEX_2	</identifier>
		<parent>	Scene Root	</parent>
		<transform>
			<row0>	1.0000 0.0000 0.0000 0.0000	</row0>
			<row1>	0.0000 1.0000 0.0000 0.0000	</row1>
			<row2>	0.0000 0.0000 1.0000 0.0000	</row2>
			<row3>	-0.2024 0.4538 -2.0016 1.0000	</row3>
		</transform>
	</node>
	<node>
		<identifier>	MP_CM126_Cleat_INDEX_3	</identifier>
		<parent>	Scene Root	</parent>
		<transform>
			<row0>	0.9446 0.0000 -0.3281 0.0000	</row0>
			<row1>	0.0000 1.0000 0.0000 0.0000	</row1>
			<row2>	0.3281 0.0000 0.9446 0.0000	</row2>
			<row3>	0.1405 0.4533 -2.5029 1.0000	</row3>
		</transform>
	</node>
	<node>
		<identifier>	MP_IM026_Reels	</identifier>
		<parent>	Scene Root	</parent>
		<transform>
			<row0>	-0.0265 0.0000 -0.5067 0.0000	</row0>
			<row1>	0.0000 0.5074 0.0000 0.0000	</row1>
			<row2>	0.5067 0.0000 -0.0265 0.0000	</row2>
			<row3>	0.1109 0.3029 -2.7299 1.0000	</row3>
		</transform>
	</node>
	<node>
		<identifier>	MP_IM026_Reels_INDEX_1	</identifier>
		<parent>	Scene Root	</parent>
		<transform>
			<row0>	0.1599 0.0000 0.4816 0.0000	</row0>
			<row1>	0.0000 0.5074 0.0000 0.0000	</row1>
			<row2>	-0.4816 0.0000 0.1599 0.0000	</row2>
			<row3>	-0.1233 0.3029 -2.7299 1.0000	</row3>
		</transform>
	</node>
	<node>
		<identifier>	MP_IM028_Boat_Crane	</identifier>
		<parent>	Scene Root	</parent>
		<transform>
			<row0>	-0.9967 -0.0032 -0.0816 0.0000	</row0>
			<row1>	-0.0816 -0.0028 0.9967 0.0000	</row1>
			<row2>	-0.0034 1.0000 0.0025 0.0000	</row2>
			<row3>	-0.3300 0.2726 -2.7402 1.0000	</row3>
		</transform>
	</node>
	<node>
		<identifier>	MP_IM028_Boat_Crane_INDEX_1	</identifier>
		<parent>	Scene Root	</parent>
		<transform>
			<row0>	-0.9967 0.0032 0.0816 0.0000	</row0>
			<row1>	0.0816 -0.0028 0.9967 0.0000	</row1>
			<row2>	0.0034 1.0000 0.0025 0.0000	</row2>
			<row3>	0.3300 0.2726 -2.7402 1.0000	</row3>
		</transform>
	</node>
	<node>
		<identifier>	MP_IM028_Boat_Crane_INDEX_2	</identifier>
		<parent>	Scene Root	</parent>
		<transform>
			<row0>	-0.9983 0.0424 -0.0411 0.0000	</row0>
			<row1>	-0.0411 0.0016 0.9992 0.0000	</row1>
			<row2>	0.0424 0.9991 0.0001 0.0000	</row2>
			<row3>	-0.4010 0.2724 -1.5742 1.0000	</row3>
		</transform>
	</node>
	<node>
		<identifier>	MP_IM028_Boat_Crane_INDEX_3	</identifier>
		<parent>	Scene Root	</parent>
		<transform>
			<row0>	-0.9984 -0.0396 0.0407 0.0000	</row0>
			<row1>	0.0411 -0.0091 0.9991 0.0000	</row1>
			<row2>	-0.0392 0.9992 0.0107 0.0000	</row2>
			<row3>	0.4008 0.2727 -1.5704 1.0000	</row3>
		</transform>
	</node>
	<node>
		<identifier>	MP_IM033_Life_Buoy	</identifier>
		<parent>	Scene Root	</parent>
		<transform>
			<row0>	-0.0003 0.0000 -1.0000 0.0000	</row0>
			<row1>	0.0000 1.0000 0.0000 0.0000	</row1>
			<row2>	1.0000 0.0000 -0.0003 0.0000	</row2>
			<row3>	-0.3783 0.3642 -1.7476 1.0000	</row3>
		</transform>
	</node>
	<node>
		<identifier>	MP_IM033_Life_Buoy_INDEX_1	</identifier>
		<parent>	Scene Root	</parent>
		<transform>
			<row0>	0.0751 0.0000 -0.9972 0.0000	</row0>
			<row1>	0.0000 1.0000 0.0000 0.0000	</row1>
			<row2>	0.9972 0.0000 0.0751 0.0000	</row2>
			<row3>	-0.3097 0.3642 -2.8626 1.0000	</row3>
		</transform>
	</node>
	<node>
		<identifier>	MP_IM033_Life_Buoy_INDEX_2	</identifier>
		<parent>	Scene Root	</parent>
		<transform>
			<row0>	-0.0003 0.0000 1.0000 0.0000	</row0>
			<row1>	0.0000 1.0000 0.0000 0.0000	</row1>
			<row2>	-1.0000 0.0000 -0.0003 0.0000	</row2>
			<row3>	0.2110 0.5154 -2.1525 1.0000	</row3>
		</transform>
	</node>
	<node>
		<identifier>	MP_IM033_Life_Buoy_INDEX_3	</identifier>
		<parent>	Scene Root	</parent>
		<transform>
			<row0>	-0.0003 0.0000 -1.0000 0.0000	</row0>
			<row1>	0.0000 1.0000 0.0000 0.0000	</row1>
			<row2>	1.0000 0.0000 -0.0003 0.0000	</row2>
			<row3>	-0.2106 0.5154 -2.1522 1.0000	</row3>
		</transform>
	</node>
	<node>
		<identifier>	MP_IM033_Life_Buoy_INDEX_4	</identifier>
		<parent>	Scene Root	</parent>
		<transform>
			<row0>	0.0751 0.0000 0.9972 0.0000	</row0>
			<row1>	0.0000 1.0000 0.0000 0.0000	</row1>
			<row2>	-0.9972 0.0000 0.0751 0.0000	</row2>
			<row3>	0.3107 0.3642 -2.8626 1.0000	</row3>
		</transform>
	</node>
	<node>
		<identifier>	MP_IM033_Life_Buoy_INDEX_5	</identifier>
		<parent>	Scene Root	</parent>
		<transform>
			<row0>	-0.0003 0.0000 1.0000 0.0000	</row0>
			<row1>	0.0000 1.0000 0.0000 0.0000	</row1>
			<row2>	-1.0000 0.0000 -0.0003 0.0000	</row2>
			<row3>	0.3783 0.3642 -1.7476 1.0000	</row3>
		</transform>
	</node>
	<node>
		<identifier>	MP_IM960_Loading_Winch_Single	</identifier>
		<parent>	Scene Root	</parent>
		<transform>
			<row0>	-1.0000 0.0000 0.0000 0.0000	</row0>
			<row1>	0.0000 1.0000 0.0000 0.0000	</row1>
			<row2>	0.0000 0.0000 -1.0000 0.0000	</row2>
			<row3>	0.0000 0.3037 -2.7835 1.0000	</row3>
		</transform>
	</node>
</ISC008_Nino_Bixio_1920_MidBack.skel_ext>
