<BSB302_Royal_Sovereign_1944_Bow_ports.visual>
	<skeleton>
		<node>
			<identifier>	Scene Root	</identifier>
			<transform>
				<row0>	1.0000 0.0000 0.0000 0.0000	</row0>
				<row1>	0.0000 1.0000 0.0000 0.0000	</row1>
				<row2>	0.0000 0.0000 1.0000 0.0000	</row2>
				<row3>	0.0000 0.0000 0.0000 1.0000	</row3>
			</transform>
			<node>
				<identifier>	Bow_ports	</identifier>
				<transform>
					<row0>	1.0000 0.0000 0.0000 0.0000	</row0>
					<row1>	0.0000 1.0000 0.0000 0.0000	</row1>
					<row2>	0.0000 0.0000 1.0000 0.0000	</row2>
					<row3>	0.0000 0.0000 0.0000 1.0000	</row3>
				</transform>
				<node>
					<identifier>	HP_FX_Death_1	</identifier>
					<transform>
						<row0>	1.0000 0.0000 0.0000 0.0000	</row0>
						<row1>	0.0000 1.0000 0.0000 0.0000	</row1>
						<row2>	0.0000 0.0000 1.0000 0.0000	</row2>
						<row3>	0.0000 0.0000 4.3317 1.0000	</row3>
					</transform>
				</node>
				<node>
					<identifier>	HP_FX_Fire_1	</identifier>
					<transform>
						<row0>	1.0000 0.0000 0.0000 0.0000	</row0>
						<row1>	0.0000 1.0000 0.0000 0.0000	</row1>
						<row2>	0.0000 0.0000 1.0000 0.0000	</row2>
						<row3>	-0.0152 0.4444 5.1857 1.0000	</row3>
					</transform>
				</node>
				<node>
					<identifier>	HP_FX_Fire_2_side_1	</identifier>
					<transform>
						<row0>	0.9986 0.0000 -0.0531 0.0000	</row0>
						<row1>	0.0000 1.0000 0.0000 0.0000	</row1>
						<row2>	0.0531 0.0000 0.9986 0.0000	</row2>
						<row3>	-0.5100 0.4427 3.9380 1.0000	</row3>
					</transform>
				</node>
				<node>
					<identifier>	HP_FX_Flood_steam_left	</identifier>
					<transform>
						<row0>	-1.0000 0.0000 0.0000 0.0000	</row0>
						<row1>	0.0000 1.0000 0.0000 0.0000	</row1>
						<row2>	0.0000 0.0000 -1.0000 0.0000	</row2>
						<row3>	-0.6141 0.3636 3.7028 1.0000	</row3>
					</transform>
				</node>
				<node>
					<identifier>	HP_FX_Flood_water_left	</identifier>
					<transform>
						<row0>	-0.9802 0.0000 0.1979 0.0000	</row0>
						<row1>	0.0000 1.0000 0.0000 0.0000	</row1>
						<row2>	-0.1979 0.0000 -0.9802 0.0000	</row2>
						<row3>	-0.4511 0.0988 4.1387 1.0000	</row3>
					</transform>
				</node>
				<node>
					<identifier>	HP_FX_Flood_water_left_2	</identifier>
					<transform>
						<row0>	-0.9795 0.0000 0.2013 0.0000	</row0>
						<row1>	0.0000 1.0000 0.0000 0.0000	</row1>
						<row2>	-0.2013 0.0000 -0.9795 0.0000	</row2>
						<row3>	-0.2417 0.1030 5.1343 1.0000	</row3>
					</transform>
				</node>
				<node>
					<identifier>	HP_FX_Flood_water_right	</identifier>
					<transform>
						<row0>	0.9735 0.0000 0.2288 0.0000	</row0>
						<row1>	0.0000 1.0000 0.0000 0.0000	</row1>
						<row2>	-0.2288 0.0000 0.9735 0.0000	</row2>
						<row3>	0.4524 0.0983 4.1378 1.0000	</row3>
					</transform>
				</node>
				<node>
					<identifier>	HP_FX_RepairLight_left_1	</identifier>
					<transform>
						<row0>	0.1045 0.0000 0.9945 0.0000	</row0>
						<row1>	-0.4118 0.9102 0.0433 0.0000	</row1>
						<row2>	-0.9053 -0.4141 0.0952 0.0000	</row2>
						<row3>	-0.6923 0.4103 3.0520 1.0000	</row3>
					</transform>
				</node>
				<node>
					<identifier>	HP_FX_RepairLight_right_1	</identifier>
					<transform>
						<row0>	0.1045 0.0000 -0.9945 0.0000	</row0>
						<row1>	0.4118 0.9102 0.0433 0.0000	</row1>
						<row2>	0.9053 -0.4141 0.0952 0.0000	</row2>
						<row3>	0.6171 0.4176 3.9054 1.0000	</row3>
					</transform>
				</node>
				<node>
					<identifier>	HP_FX_WakeTrace	</identifier>
					<transform>
						<row0>	1.0000 0.0000 0.0000 0.0000	</row0>
						<row1>	0.0000 1.0000 0.0000 0.0000	</row1>
						<row2>	0.0000 0.0000 1.0000 0.0000	</row2>
						<row3>	0.0000 0.0000 6.2381 1.0000	</row3>
					</transform>
				</node>
				<node>
					<identifier>	HP_Ship_death_1	</identifier>
					<transform>
						<row0>	1.0000 0.0000 0.0000 0.0000	</row0>
						<row1>	0.0000 1.0000 0.0000 0.0000	</row1>
						<row2>	0.0000 0.0000 1.0000 0.0000	</row2>
						<row3>	0.0000 0.0000 3.0056 1.0000	</row3>
					</transform>
				</node>
				<node>
					<identifier>	MP_BM021_Crown	</identifier>
					<transform>
						<row0>	-0.8463 0.0000 0.0000 0.0000	</row0>
						<row1>	0.0000 0.8463 0.0000 0.0000	</row1>
						<row2>	0.0000 0.0000 -0.8463 0.0000	</row2>
						<row3>	-0.0182 0.9278 6.1696 1.0000	</row3>
					</transform>
				</node>
				<node>
					<identifier>	MP_BM715_Locker	</identifier>
					<transform>
						<row0>	-0.5905 0.0028 -0.8071 0.0000	</row0>
						<row1>	0.0226 0.9997 -0.0131 0.0000	</row1>
						<row2>	0.8067 -0.0260 -0.5903 0.0000	</row2>
						<row3>	0.2982 0.4255 4.0656 1.0000	</row3>
					</transform>
				</node>
				<node>
					<identifier>	MP_BM715_Locker_INDEX_1	</identifier>
					<transform>
						<row0>	0.5905 0.0028 -0.8071 0.0000	</row0>
						<row1>	-0.0217 0.9997 -0.0124 0.0000	</row1>
						<row2>	0.8068 0.0249 0.5903 0.0000	</row2>
						<row3>	-0.2982 0.4255 4.0656 1.0000	</row3>
					</transform>
				</node>
				<node>
					<identifier>	MP_BM750_Deck_Hatch	</identifier>
					<transform>
						<row0>	-1.0000 0.0000 0.0000 0.0000	</row0>
						<row1>	0.0000 1.0000 0.0000 0.0000	</row1>
						<row2>	0.0000 0.0000 -1.0000 0.0000	</row2>
						<row3>	0.3687 0.4203 3.1138 1.0000	</row3>
					</transform>
				</node>
				<node>
					<identifier>	MP_BM767_Deck_Hatch	</identifier>
					<transform>
						<row0>	1.0689 0.0000 0.0000 0.0000	</row0>
						<row1>	0.0000 1.0689 0.0000 0.0000	</row1>
						<row2>	0.0000 0.0000 1.0689 0.0000	</row2>
						<row3>	0.0000 0.4376 5.2400 1.0000	</row3>
					</transform>
				</node>
				<node>
					<identifier>	MP_BM767_Deck_Hatch_INDEX_1	</identifier>
					<transform>
						<row0>	0.0000 0.0000 1.0000 0.0000	</row0>
						<row1>	0.0000 1.0000 0.0000 0.0000	</row1>
						<row2>	-1.0000 0.0000 0.0000 0.0000	</row2>
						<row3>	0.0000 0.4313 4.4394 1.0000	</row3>
					</transform>
				</node>
				<node>
					<identifier>	MP_BM872_Running_Lights_B	</identifier>
					<transform>
						<row0>	-1.0000 0.0000 0.0000 0.0000	</row0>
						<row1>	0.0000 1.0000 0.0000 0.0000	</row1>
						<row2>	0.0000 0.0000 -1.0000 0.0000	</row2>
						<row3>	0.0000 0.6361 6.1618 1.0000	</row3>
					</transform>
				</node>
				<node>
					<identifier>	MP_BM950_Anchor_top	</identifier>
					<transform>
						<row0>	0.3330 1.4509 0.6507 0.0000	</row0>
						<row1>	-0.2895 0.7090 -1.4328 0.0000	</row1>
						<row2>	-1.5636 0.1777 0.4038 0.0000	</row2>
						<row3>	0.1745 0.3498 5.9033 1.0000	</row3>
					</transform>
				</node>
				<node>
					<identifier>	MP_BM950_Anchor_top_INDEX_1	</identifier>
					<transform>
						<row0>	0.3330 -1.4509 -0.6507 0.0000	</row0>
						<row1>	0.2895 0.7090 -1.4328 0.0000	</row1>
						<row2>	1.5636 0.1777 0.4038 0.0000	</row2>
						<row3>	-0.1745 0.3498 5.9033 1.0000	</row3>
					</transform>
				</node>
				<node>
					<identifier>	MP_BM950_Anchor_top_INDEX_2	</identifier>
					<transform>
						<row0>	0.6488 1.3891 0.5374 0.0000	</row0>
						<row1>	-0.3405 0.7090 -1.4216 0.0000	</row1>
						<row2>	-1.4500 0.4551 0.5743 0.0000	</row2>
						<row3>	0.2655 0.3487 5.6733 1.0000	</row3>
					</transform>
				</node>
				<node>
					<identifier>	MP_BM951_Anchor_down	</identifier>
					<transform>
						<row0>	0.3330 -1.4509 -0.6507 0.0000	</row0>
						<row1>	-0.4745 0.5439 -1.4555 0.0000	</row1>
						<row2>	1.5177 0.4884 -0.3123 0.0000	</row2>
						<row3>	-0.1745 0.3498 5.9033 1.0000	</row3>
					</transform>
				</node>
				<node>
					<identifier>	MP_BM951_Anchor_down_INDEX_1	</identifier>
					<transform>
						<row0>	0.3330 1.4509 0.6507 0.0000	</row0>
						<row1>	0.4745 0.5439 -1.4555 0.0000	</row1>
						<row2>	-1.5177 0.4884 -0.3123 0.0000	</row2>
						<row3>	0.1745 0.3498 5.9033 1.0000	</row3>
					</transform>
				</node>
				<node>
					<identifier>	MP_BM951_Anchor_down_INDEX_2	</identifier>
					<transform>
						<row0>	0.6488 1.3891 0.5374 0.0000	</row0>
						<row1>	0.3323 0.4364 -1.5293 0.0000	</row1>
						<row2>	-1.4519 0.7207 -0.1099 0.0000	</row2>
						<row3>	0.2655 0.3487 5.6733 1.0000	</row3>
					</transform>
				</node>
				<node>
					<identifier>	MP_BM957_Anchor_Capstan_big	</identifier>
					<transform>
						<row0>	0.8940 0.0000 0.0000 0.0000	</row0>
						<row1>	0.0000 0.8940 0.0000 0.0000	</row1>
						<row2>	0.0000 0.0000 0.8940 0.0000	</row2>
						<row3>	0.0000 0.4369 4.8343 1.0000	</row3>
					</transform>
				</node>
				<node>
					<identifier>	MP_CM011_Fire_Fighting_Gear	</identifier>
					<transform>
						<row0>	1.0000 0.0000 0.0000 0.0000	</row0>
						<row1>	0.0000 1.0000 0.0000 0.0000	</row1>
						<row2>	0.0000 0.0000 1.0000 0.0000	</row2>
						<row3>	-0.0193 0.4383 5.1604 1.0000	</row3>
					</transform>
				</node>
				<node>
					<identifier>	MP_CM011_Fire_Fighting_Gear_INDEX_1	</identifier>
					<transform>
						<row0>	1.0000 0.0000 0.0000 0.0000	</row0>
						<row1>	0.0000 1.0000 0.0000 0.0000	</row1>
						<row2>	0.0000 0.0000 1.0000 0.0000	</row2>
						<row3>	0.0193 0.4383 5.1604 1.0000	</row3>
					</transform>
				</node>
				<node>
					<identifier>	SP_YMS001_YHBM_M_1	</identifier>
					<transform>
						<row0>	0.9500 0.0000 0.0000 0.0000	</row0>
						<row1>	0.0000 0.9500 0.0000 0.0000	</row1>
						<row2>	0.0000 0.0000 0.9500 0.0000	</row2>
						<row3>	0.0000 0.4551 6.2864 1.0000	</row3>
					</transform>
				</node>
				<node>
					<identifier>	SP_YMS002_YHBL_M_1	</identifier>
					<transform>
						<row0>	0.8964 -0.0010 -0.1973 0.0000	</row0>
						<row1>	-0.0084 0.9168 -0.0426 0.0000	</row1>
						<row2>	0.1972 0.0434 0.8953 0.0000	</row2>
						<row3>	0.0000 0.4584 6.1809 1.0000	</row3>
					</transform>
				</node>
				<node>
					<identifier>	SP_YMS003_YHBR_M_1	</identifier>
					<transform>
						<row0>	0.8965 0.0010 0.1974 0.0000	</row0>
						<row1>	0.0084 0.9170 -0.0426 0.0000	</row1>
						<row2>	-0.1972 0.0434 0.8955 0.0000	</row2>
						<row3>	0.0000 0.4584 6.1809 1.0000	</row3>
					</transform>
				</node>
				<node>
					<identifier>	SP_YMS010_YHWM_L_1	</identifier>
					<transform>
						<row0>	0.7000 0.0000 0.0000 0.0000	</row0>
						<row1>	0.0000 0.7000 0.0000 0.0000	</row1>
						<row2>	0.0000 0.0000 0.7000 0.0000	</row2>
						<row3>	0.0000 0.0000 6.3772 1.0000	</row3>
					</transform>
				</node>
				<node>
					<identifier>	SP_YMS011_YHWL_M_1_INDEX_11	</identifier>
					<transform>
						<row0>	0.9433 -0.2705 -0.1923 0.0000	</row0>
						<row1>	0.2650 0.9627 -0.0540 0.0000	</row1>
						<row2>	0.1997 0.0000 0.9798 0.0000	</row2>
						<row3>	-0.6271 0.0031 3.3736 1.0000	</row3>
					</transform>
				</node>
				<node>
					<identifier>	SP_YMS011_YHWL_M_1_INDEX_5	</identifier>
					<transform>
						<row0>	0.9716 -0.0857 -0.2204 0.0000	</row0>
						<row1>	0.0836 0.9963 -0.0190 0.0000	</row1>
						<row2>	0.2212 0.0000 0.9752 0.0000	</row2>
						<row3>	-0.2560 0.0000 5.0325 1.0000	</row3>
					</transform>
				</node>
				<node>
					<identifier>	SP_YMS011_YHWL_M_1_INDEX_6	</identifier>
					<transform>
						<row0>	0.9498 -0.2172 -0.2253 0.0000	</row0>
						<row1>	0.2113 0.9761 -0.0501 0.0000	</row1>
						<row2>	0.2308 0.0000 0.9730 0.0000	</row2>
						<row3>	-0.4463 0.0000 4.2044 1.0000	</row3>
					</transform>
				</node>
				<node>
					<identifier>	SP_YMS012_YHWR_M_1	</identifier>
					<transform>
						<row0>	0.9433 0.2705 0.1923 0.0000	</row0>
						<row1>	-0.2650 0.9627 -0.0540 0.0000	</row1>
						<row2>	-0.1997 0.0000 0.9798 0.0000	</row2>
						<row3>	0.6271 0.0031 3.3736 1.0000	</row3>
					</transform>
				</node>
				<node>
					<identifier>	SP_YMS012_YHWR_M_1_INDEX_11	</identifier>
					<transform>
						<row0>	0.9716 0.0857 0.2204 0.0000	</row0>
						<row1>	-0.0836 0.9963 -0.0190 0.0000	</row1>
						<row2>	-0.2212 0.0000 0.9752 0.0000	</row2>
						<row3>	0.2560 0.0000 5.0325 1.0000	</row3>
					</transform>
				</node>
				<node>
					<identifier>	SP_YMS012_YHWR_M_1_INDEX_8	</identifier>
					<transform>
						<row0>	0.9498 0.2172 0.2253 0.0000	</row0>
						<row1>	-0.2113 0.9761 -0.0501 0.0000	</row1>
						<row2>	-0.2308 0.0000 0.9730 0.0000	</row2>
						<row3>	0.4463 0.0000 4.2044 1.0000	</row3>
					</transform>
				</node>
				<node>
					<identifier>	SP_YMS020_YHBU_M_1	</identifier>
					<transform>
						<row0>	1.3073 0.0000 0.0000 0.0000	</row0>
						<row1>	0.0000 1.3073 0.0000 0.0000	</row1>
						<row2>	0.0000 0.0000 1.3073 0.0000	</row2>
						<row3>	0.0000 -0.1244 6.2095 1.0000	</row3>
					</transform>
				</node>
				<node>
					<identifier>	SP_YMS022_YHUS_L_1_INDEX_1	</identifier>
					<transform>
						<row0>	-0.2075 0.0000 0.9782 0.0000	</row0>
						<row1>	0.0000 1.0000 0.0000 0.0000	</row1>
						<row2>	-0.9782 0.0000 -0.2075 0.0000	</row2>
						<row3>	0.6493 -0.3851 3.3311 1.0000	</row3>
					</transform>
				</node>
				<node>
					<identifier>	SP_YMS022_YHUS_L_1_INDEX_4	</identifier>
					<transform>
						<row0>	-0.2075 0.0000 -0.9782 0.0000	</row0>
						<row1>	0.0000 1.0000 0.0000 0.0000	</row1>
						<row2>	0.9782 0.0000 -0.2075 0.0000	</row2>
						<row3>	-0.6493 -0.3851 3.3311 1.0000	</row3>
					</transform>
				</node>
				<node>
					<identifier>	SP_YMS051_YHDL_L_1	</identifier>
					<transform>
						<row0>	0.9963 0.0000 -0.0863 0.0000	</row0>
						<row1>	0.0000 1.0000 0.0000 0.0000	</row1>
						<row2>	0.0863 0.0000 0.9963 0.0000	</row2>
						<row3>	-0.6778 0.4160 3.2039 1.0000	</row3>
					</transform>
				</node>
				<node>
					<identifier>	SP_YMS052_YHDR_L_1	</identifier>
					<transform>
						<row0>	0.9963 0.0000 0.0863 0.0000	</row0>
						<row1>	0.0000 1.0000 0.0000 0.0000	</row1>
						<row2>	-0.0863 0.0000 0.9963 0.0000	</row2>
						<row3>	0.6778 0.4160 3.2039 1.0000	</row3>
					</transform>
				</node>
				<node>
					<identifier>	SP_YMS053_YHDC_S_1_INDEX_1	</identifier>
					<transform>
						<row0>	0.9994 0.0357 0.0000 0.0000	</row0>
						<row1>	-0.0357 0.9993 -0.0053 0.0000	</row1>
						<row2>	0.0000 0.0053 1.0000 0.0000	</row2>
						<row3>	-0.3705 0.4340 4.3307 1.0000	</row3>
					</transform>
				</node>
				<node>
					<identifier>	SP_YMS053_YHDC_S_1_INDEX_5	</identifier>
					<transform>
						<row0>	0.9994 -0.0357 0.0000 0.0000	</row0>
						<row1>	0.0357 0.9993 -0.0053 0.0000	</row1>
						<row2>	0.0000 0.0053 1.0000 0.0000	</row2>
						<row3>	0.3705 0.4340 4.3307 1.0000	</row3>
					</transform>
				</node>
				<node>
					<identifier>	SP_YMS053_YHDC_S_1_INDEX_8	</identifier>
					<transform>
						<row0>	0.0000 -0.0015 1.0000 0.0000	</row0>
						<row1>	0.0350 0.9994 0.0015 0.0000	</row1>
						<row2>	-0.9994 0.0350 0.0000 0.0000	</row2>
						<row3>	0.4753 0.4291 3.0147 1.0000	</row3>
					</transform>
				</node>
				<node>
					<identifier>	SP_YMS072_YHHC_M_1_INDEX_4	</identifier>
					<transform>
						<row0>	-0.0978 -0.0213 -0.6703 0.0000	</row0>
						<row1>	-0.1441 0.6622 0.0000 0.0000	</row1>
						<row2>	0.6549 0.1425 -0.1000 0.0000	</row2>
						<row3>	-0.6029 0.2090 3.4574 1.0000	</row3>
					</transform>
				</node>
				<node>
					<identifier>	SP_YMS072_YHHC_M_1_INDEX_5	</identifier>
					<transform>
						<row0>	-0.0978 0.0213 0.6703 0.0000	</row0>
						<row1>	0.1441 0.6622 0.0000 0.0000	</row1>
						<row2>	-0.6549 0.1425 -0.1000 0.0000	</row2>
						<row3>	0.6029 0.2090 3.4574 1.0000	</row3>
					</transform>
				</node>
				<node>
					<identifier>	SP_YMS083_YHSC_L_1	</identifier>
					<transform>
						<row0>	-0.1778 -0.0352 -0.9834 0.0000	</row0>
						<row1>	-0.5539 0.8296 0.0705 0.0000	</row1>
						<row2>	0.8134 0.5572 -0.1669 0.0000	</row2>
						<row3>	-0.5172 0.4226 4.7670 1.0000	</row3>
					</transform>
				</node>
				<node>
					<identifier>	SP_YMS083_YHSC_L_1_INDEX_1	</identifier>
					<transform>
						<row0>	-0.1778 0.0352 0.9834 0.0000	</row0>
						<row1>	0.5539 0.8296 0.0705 0.0000	</row1>
						<row2>	-0.8134 0.5572 -0.1669 0.0000	</row2>
						<row3>	0.5172 0.4226 4.7670 1.0000	</row3>
					</transform>
				</node>
				<node>
					<identifier>	SP_YMS084_YHSC_L_2	</identifier>
					<transform>
						<row0>	-0.1084 0.0000 0.9941 0.0000	</row0>
						<row1>	0.3995 0.9157 0.0435 0.0000	</row1>
						<row2>	-0.9103 0.4019 -0.0992 0.0000	</row2>
						<row3>	0.6024 0.4162 4.0417 1.0000	</row3>
					</transform>
				</node>
				<node>
					<identifier>	SP_YMS084_YHSC_L_2_INDEX_1	</identifier>
					<transform>
						<row0>	-0.1084 0.0000 -0.9941 0.0000	</row0>
						<row1>	-0.3995 0.9157 0.0435 0.0000	</row1>
						<row2>	0.9103 0.4019 -0.0992 0.0000	</row2>
						<row3>	-0.6024 0.4162 4.0417 1.0000	</row3>
					</transform>
				</node>
			</node>
		</node>
	</skeleton>
	<properties>
		<underwaterModel>	false	</underwaterModel>
		<abovewaterModel>	true	</abovewaterModel>
	</properties>
	<boundingBox>
		<min>	-0.0667 -0.0667 -0.0667	</min>
		<max>	0.0667 0.0667 0.0667	</max>
	</boundingBox>
	<renderSets />
	<lods>
		<lod>
			<extent>	200.0000	</extent>
			<castsShadow>	true	</castsShadow>
			<renderSets />
		</lod>
	</lods>
</BSB302_Royal_Sovereign_1944_Bow_ports.visual>
