<BSB034_Agincourt_1916_MidBack.skel_ext>
	<exported>	true	</exported>
	<node>
		<identifier>	MP_BM099_Battle_Honours_Agincourt	</identifier>
		<parent>	Scene Root	</parent>
		<transform>
			<row0>	-0.4216 0.0000 -0.9068 0.0000	</row0>
			<row1>	0.0000 1.0000 0.0000 0.0000	</row1>
			<row2>	0.9068 0.0000 -0.4216 0.0000	</row2>
			<row3>	0.2023 0.3983 -2.1896 1.0000	</row3>
		</transform>
	</node>
	<node>
		<identifier>	MP_BM512_Liferaft_type_18_14ft	</identifier>
		<parent>	Scene Root	</parent>
		<transform>
			<row0>	0.0000 0.9340 0.0000 0.0000	</row0>
			<row1>	0.0000 0.0000 -1.0000 0.0000	</row1>
			<row2>	-1.0000 0.0000 0.0000 0.0000	</row2>
			<row3>	0.0000 0.6859 -2.2885 1.0000	</row3>
		</transform>
	</node>
	<node>
		<identifier>	MP_BM512_Liferaft_type_18_14ft_INDEX_1	</identifier>
		<parent>	Scene Root	</parent>
		<transform>
			<row0>	0.0000 1.0000 0.0000 0.0000	</row0>
			<row1>	0.0000 0.0000 1.0000 0.0000	</row1>
			<row2>	1.0000 0.0000 0.0000 0.0000	</row2>
			<row3>	0.0000 0.7897 0.2734 1.0000	</row3>
		</transform>
	</node>
	<node>
		<identifier>	MP_BM604_Voice_Tube	</identifier>
		<parent>	Scene Root	</parent>
		<transform>
			<row0>	0.0000 0.0000 1.0000 0.0000	</row0>
			<row1>	0.0000 1.0000 0.0000 0.0000	</row1>
			<row2>	-1.0000 0.0000 0.0000 0.0000	</row2>
			<row3>	0.0507 1.3111 0.1966 1.0000	</row3>
		</transform>
	</node>
	<node>
		<identifier>	MP_BM604_Voice_Tube_INDEX_1	</identifier>
		<parent>	Scene Root	</parent>
		<transform>
			<row0>	0.0000 0.0000 -1.0000 0.0000	</row0>
			<row1>	0.0000 1.0000 0.0000 0.0000	</row1>
			<row2>	1.0000 0.0000 0.0000 0.0000	</row2>
			<row3>	0.0829 0.9629 -2.0930 1.0000	</row3>
		</transform>
	</node>
	<node>
		<identifier>	MP_BM604_Voice_Tube_INDEX_2	</identifier>
		<parent>	Scene Root	</parent>
		<transform>
			<row0>	0.0000 0.0000 1.0000 0.0000	</row0>
			<row1>	0.0000 1.0000 0.0000 0.0000	</row1>
			<row2>	-1.0000 0.0000 0.0000 0.0000	</row2>
			<row3>	0.0512 1.4982 0.2173 1.0000	</row3>
		</transform>
	</node>
	<node>
		<identifier>	MP_BM604_Voice_Tube_INDEX_3	</identifier>
		<parent>	Scene Root	</parent>
		<transform>
			<row0>	0.6281 0.0000 -0.7781 0.0000	</row0>
			<row1>	0.0000 1.0000 0.0000 0.0000	</row1>
			<row2>	0.7781 0.0000 0.6281 0.0000	</row2>
			<row3>	-0.0361 2.0043 -1.9226 1.0000	</row3>
		</transform>
	</node>
	<node>
		<identifier>	MP_BM604_Voice_Tube_INDEX_4	</identifier>
		<parent>	Scene Root	</parent>
		<transform>
			<row0>	-1.0000 0.0000 0.0000 0.0000	</row0>
			<row1>	0.0000 1.0000 0.0000 0.0000	</row1>
			<row2>	0.0000 0.0000 -1.0000 0.0000	</row2>
			<row3>	-0.0859 2.2130 -1.9209 1.0000	</row3>
		</transform>
	</node>
	<node>
		<identifier>	MP_BM604_Voice_Tube_INDEX_5	</identifier>
		<parent>	Scene Root	</parent>
		<transform>
			<row0>	0.0000 0.0000 -1.0000 0.0000	</row0>
			<row1>	0.0000 1.0000 0.0000 0.0000	</row1>
			<row2>	1.0000 0.0000 0.0000 0.0000	</row2>
			<row3>	-0.0507 1.3111 0.1966 1.0000	</row3>
		</transform>
	</node>
	<node>
		<identifier>	MP_BM604_Voice_Tube_INDEX_6	</identifier>
		<parent>	Scene Root	</parent>
		<transform>
			<row0>	-1.0000 0.0000 0.0000 0.0000	</row0>
			<row1>	0.0000 1.0000 0.0000 0.0000	</row1>
			<row2>	0.0000 0.0000 -1.0000 0.0000	</row2>
			<row3>	0.0677 1.1259 -2.3325 1.0000	</row3>
		</transform>
	</node>
	<node>
		<identifier>	MP_BM604_Voice_Tube_INDEX_7	</identifier>
		<parent>	Scene Root	</parent>
		<transform>
			<row0>	0.0000 0.0000 -1.0000 0.0000	</row0>
			<row1>	0.0000 1.0000 0.0000 0.0000	</row1>
			<row2>	1.0000 0.0000 0.0000 0.0000	</row2>
			<row3>	-0.0512 1.4982 0.2173 1.0000	</row3>
		</transform>
	</node>
	<node>
		<identifier>	MP_BM604_Voice_Tube_INDEX_8	</identifier>
		<parent>	Scene Root	</parent>
		<transform>
			<row0>	-1.0000 0.0000 0.0000 0.0000	</row0>
			<row1>	0.0000 1.0000 0.0000 0.0000	</row1>
			<row2>	0.0000 0.0000 -1.0000 0.0000	</row2>
			<row3>	0.0859 2.2130 -1.9209 1.0000	</row3>
		</transform>
	</node>
	<node>
		<identifier>	MP_BM628_Dumaresq	</identifier>
		<parent>	Scene Root	</parent>
		<transform>
			<row0>	0.0000 0.0000 1.0000 0.0000	</row0>
			<row1>	0.0000 1.0000 0.0000 0.0000	</row1>
			<row2>	-1.0000 0.0000 0.0000 0.0000	</row2>
			<row3>	-0.0806 2.2834 -1.9563 1.0000	</row3>
		</transform>
	</node>
	<node>
		<identifier>	MP_BM628_Dumaresq_INDEX_1	</identifier>
		<parent>	Scene Root	</parent>
		<transform>
			<row0>	0.0000 0.0000 -1.0000 0.0000	</row0>
			<row1>	0.0000 1.0000 0.0000 0.0000	</row1>
			<row2>	1.0000 0.0000 0.0000 0.0000	</row2>
			<row3>	0.0806 2.2834 -1.9563 1.0000	</row3>
		</transform>
	</node>
	<node>
		<identifier>	MP_BM706_Ammunition_Box	</identifier>
		<parent>	Scene Root	</parent>
		<transform>
			<row0>	0.4794 0.0000 -0.8776 0.0000	</row0>
			<row1>	0.0000 1.0000 0.0000 0.0000	</row1>
			<row2>	0.8776 0.0000 0.4794 0.0000	</row2>
			<row3>	0.4234 0.7801 -1.4068 1.0000	</row3>
		</transform>
	</node>
	<node>
		<identifier>	MP_BM706_Ammunition_Box_INDEX_1	</identifier>
		<parent>	Scene Root	</parent>
		<transform>
			<row0>	0.4794 0.0000 0.8776 0.0000	</row0>
			<row1>	0.0000 1.0000 0.0000 0.0000	</row1>
			<row2>	-0.8776 0.0000 0.4794 0.0000	</row2>
			<row3>	-0.4208 0.7801 -1.4508 1.0000	</row3>
		</transform>
	</node>
	<node>
		<identifier>	MP_BM862_Signal_Lamp	</identifier>
		<parent>	Scene Root	</parent>
		<transform>
			<row0>	1.0000 0.0000 0.0000 0.0000	</row0>
			<row1>	0.0000 1.0000 0.0000 0.0000	</row1>
			<row2>	0.0000 0.0000 1.0000 0.0000	</row2>
			<row3>	0.0000 2.3851 -1.7865 1.0000	</row3>
		</transform>
	</node>
	<node>
		<identifier>	MP_BM871_Running_Lights_F	</identifier>
		<parent>	Scene Root	</parent>
		<transform>
			<row0>	1.0000 0.0000 0.0000 0.0000	</row0>
			<row1>	0.0000 1.0000 0.0000 0.0000	</row1>
			<row2>	0.0000 0.0000 1.0000 0.0000	</row2>
			<row3>	0.0000 2.3494 -1.7687 1.0000	</row3>
		</transform>
	</node>
	<node>
		<identifier>	MP_BM872_Running_Lights_B	</identifier>
		<parent>	Scene Root	</parent>
		<transform>
			<row0>	1.0000 0.0000 0.0000 0.0000	</row0>
			<row1>	0.0000 1.0000 0.0000 0.0000	</row1>
			<row2>	0.0000 0.0000 1.0000 0.0000	</row2>
			<row3>	0.0000 2.2341 -2.0704 1.0000	</row3>
		</transform>
	</node>
	<node>
		<identifier>	MP_BM882_Searchlight_36in	</identifier>
		<parent>	Scene Root	</parent>
		<transform>
			<row0>	0.0000 0.0000 -1.0000 0.0000	</row0>
			<row1>	0.0000 1.0000 0.0000 0.0000	</row1>
			<row2>	1.0000 0.0000 0.0000 0.0000	</row2>
			<row3>	0.1609 0.9649 -2.1884 1.0000	</row3>
		</transform>
	</node>
	<node>
		<identifier>	MP_BM882_Searchlight_36in_INDEX_1	</identifier>
		<parent>	Scene Root	</parent>
		<transform>
			<row0>	0.0000 0.0000 1.0000 0.0000	</row0>
			<row1>	0.0000 1.0000 0.0000 0.0000	</row1>
			<row2>	-1.0000 0.0000 0.0000 0.0000	</row2>
			<row3>	-0.1609 0.9649 -2.1884 1.0000	</row3>
		</transform>
	</node>
	<node>
		<identifier>	MP_BM882_Searchlight_36in_INDEX_2	</identifier>
		<parent>	Scene Root	</parent>
		<transform>
			<row0>	-1.0000 0.0000 0.0000 0.0000	</row0>
			<row1>	0.0000 1.0000 0.0000 0.0000	</row1>
			<row2>	0.0000 0.0000 -1.0000 0.0000	</row2>
			<row3>	0.0000 2.0056 -2.0710 1.0000	</row3>
		</transform>
	</node>
	<node>
		<identifier>	MP_BM882_Searchlight_36in_INDEX_3	</identifier>
		<parent>	Scene Root	</parent>
		<transform>
			<row0>	0.0000 0.0000 1.0000 0.0000	</row0>
			<row1>	0.0000 1.0000 0.0000 0.0000	</row1>
			<row2>	-1.0000 0.0000 0.0000 0.0000	</row2>
			<row3>	-0.1314 0.9649 -1.9105 1.0000	</row3>
		</transform>
	</node>
	<node>
		<identifier>	MP_BM882_Searchlight_36in_INDEX_4	</identifier>
		<parent>	Scene Root	</parent>
		<transform>
			<row0>	0.0000 0.0000 -1.0000 0.0000	</row0>
			<row1>	0.0000 1.0000 0.0000 0.0000	</row1>
			<row2>	1.0000 0.0000 0.0000 0.0000	</row2>
			<row3>	0.1314 0.9649 -1.9105 1.0000	</row3>
		</transform>
	</node>
	<node>
		<identifier>	MP_CM056_Ships_bell	</identifier>
		<parent>	Scene Root	</parent>
		<transform>
			<row0>	0.0000 0.0000 0.8270 0.0000	</row0>
			<row1>	0.0000 0.8270 0.0000 0.0000	</row1>
			<row2>	-0.8270 0.0000 0.0000 0.0000	</row2>
			<row3>	0.0000 0.4720 -2.3071 1.0000	</row3>
		</transform>
	</node>
	<node>
		<identifier>	MP_CM104_Life_Buoy	</identifier>
		<parent>	Scene Root	</parent>
		<transform>
			<row0>	0.0553 0.0000 -0.9985 0.0000	</row0>
			<row1>	0.0000 1.0000 0.0000 0.0000	</row1>
			<row2>	0.9985 0.0000 0.0553 0.0000	</row2>
			<row3>	-0.8208 0.3580 -3.0989 1.0000	</row3>
		</transform>
	</node>
	<node>
		<identifier>	MP_CM104_Life_Buoy_INDEX_1	</identifier>
		<parent>	Scene Root	</parent>
		<transform>
			<row0>	0.0018 0.0000 -1.0000 0.0000	</row0>
			<row1>	0.0000 1.0000 0.0000 0.0000	</row1>
			<row2>	1.0000 0.0000 0.0018 0.0000	</row2>
			<row3>	-0.8928 0.5052 -0.0975 1.0000	</row3>
		</transform>
	</node>
	<node>
		<identifier>	MP_CM104_Life_Buoy_INDEX_2	</identifier>
		<parent>	Scene Root	</parent>
		<transform>
			<row0>	0.0553 0.0000 0.9985 0.0000	</row0>
			<row1>	0.0000 1.0000 0.0000 0.0000	</row1>
			<row2>	-0.9985 0.0000 0.0553 0.0000	</row2>
			<row3>	0.8208 0.3580 -3.0989 1.0000	</row3>
		</transform>
	</node>
	<node>
		<identifier>	MP_CM104_Life_Buoy_INDEX_3	</identifier>
		<parent>	Scene Root	</parent>
		<transform>
			<row0>	0.0145 0.0000 0.9999 0.0000	</row0>
			<row1>	0.0000 1.0000 0.0000 0.0000	</row1>
			<row2>	-0.9999 0.0000 0.0145 0.0000	</row2>
			<row3>	0.8631 0.3580 -1.8745 1.0000	</row3>
		</transform>
	</node>
	<node>
		<identifier>	MP_CM104_Life_Buoy_INDEX_4	</identifier>
		<parent>	Scene Root	</parent>
		<transform>
			<row0>	0.0018 0.0000 1.0000 0.0000	</row0>
			<row1>	0.0000 1.0000 0.0000 0.0000	</row1>
			<row2>	-1.0000 0.0000 0.0018 0.0000	</row2>
			<row3>	0.8928 0.5052 -0.0975 1.0000	</row3>
		</transform>
	</node>
	<node>
		<identifier>	MP_CM104_Life_Buoy_INDEX_5	</identifier>
		<parent>	Scene Root	</parent>
		<transform>
			<row0>	0.0145 0.0000 -0.9999 0.0000	</row0>
			<row1>	0.0000 1.0000 0.0000 0.0000	</row1>
			<row2>	0.9999 0.0000 0.0145 0.0000	</row2>
			<row3>	-0.8631 0.3580 -1.8745 1.0000	</row3>
		</transform>
	</node>
	<node>
		<identifier>	MP_CM126_Cleat	</identifier>
		<parent>	Scene Root	</parent>
		<transform>
			<row0>	0.0000 -0.4401 0.4401 0.0000	</row0>
			<row1>	0.6224 0.0000 0.0000 0.0000	</row1>
			<row2>	0.0000 0.4401 0.4401 0.0000	</row2>
			<row3>	-0.1956 1.0295 -2.0743 1.0000	</row3>
		</transform>
	</node>
	<node>
		<identifier>	MP_CM126_Cleat_INDEX_1	</identifier>
		<parent>	Scene Root	</parent>
		<transform>
			<row0>	0.0000 -0.4401 0.4401 0.0000	</row0>
			<row1>	0.6224 0.0000 0.0000 0.0000	</row1>
			<row2>	0.0000 0.4401 0.4401 0.0000	</row2>
			<row3>	-0.1956 1.0295 -2.0415 1.0000	</row3>
		</transform>
	</node>
	<node>
		<identifier>	MP_CM126_Cleat_INDEX_10	</identifier>
		<parent>	Scene Root	</parent>
		<transform>
			<row0>	0.0000 0.4401 -0.4401 0.0000	</row0>
			<row1>	-0.6224 0.0000 0.0000 0.0000	</row1>
			<row2>	0.0000 0.4401 0.4401 0.0000	</row2>
			<row3>	0.1956 1.0295 -2.0042 1.0000	</row3>
		</transform>
	</node>
	<node>
		<identifier>	MP_CM126_Cleat_INDEX_11	</identifier>
		<parent>	Scene Root	</parent>
		<transform>
			<row0>	0.0000 0.4401 -0.4401 0.0000	</row0>
			<row1>	-0.6224 0.0000 0.0000 0.0000	</row1>
			<row2>	0.0000 0.4401 0.4401 0.0000	</row2>
			<row3>	0.1956 1.0295 -1.9701 1.0000	</row3>
		</transform>
	</node>
	<node>
		<identifier>	MP_CM126_Cleat_INDEX_12	</identifier>
		<parent>	Scene Root	</parent>
		<transform>
			<row0>	0.8857 0.4283 0.1791 0.0000	</row0>
			<row1>	-0.4160 0.9035 -0.1033 0.0000	</row1>
			<row2>	-0.2061 0.0170 0.9784 0.0000	</row2>
			<row3>	-0.0937 0.8389 -1.4730 1.0000	</row3>
		</transform>
	</node>
	<node>
		<identifier>	MP_CM126_Cleat_INDEX_13	</identifier>
		<parent>	Scene Root	</parent>
		<transform>
			<row0>	0.5323 -0.4283 -0.7302 0.0000	</row0>
			<row1>	0.2370 0.9035 -0.3571 0.0000	</row1>
			<row2>	0.8127 0.0170 0.5824 0.0000	</row2>
			<row3>	0.0513 0.8384 -1.5563 1.0000	</row3>
		</transform>
	</node>
	<node>
		<identifier>	MP_CM126_Cleat_INDEX_14	</identifier>
		<parent>	Scene Root	</parent>
		<transform>
			<row0>	0.0000 -0.4401 0.4401 0.0000	</row0>
			<row1>	0.6224 0.0000 0.0000 0.0000	</row1>
			<row2>	0.0000 0.4401 0.4401 0.0000	</row2>
			<row3>	-0.1956 1.0295 -2.0042 1.0000	</row3>
		</transform>
	</node>
	<node>
		<identifier>	MP_CM126_Cleat_INDEX_15	</identifier>
		<parent>	Scene Root	</parent>
		<transform>
			<row0>	0.4706 -0.4283 0.7715 0.0000	</row0>
			<row1>	0.2390 0.9035 0.3558 0.0000	</row1>
			<row2>	-0.8494 0.0170 0.5275 0.0000	</row2>
			<row3>	0.0458 0.8389 -1.2082 1.0000	</row3>
		</transform>
	</node>
	<node>
		<identifier>	MP_CM126_Cleat_INDEX_16	</identifier>
		<parent>	Scene Root	</parent>
		<transform>
			<row0>	0.0000 -0.4401 0.4401 0.0000	</row0>
			<row1>	0.6224 0.0000 0.0000 0.0000	</row1>
			<row2>	0.0000 0.4401 0.4401 0.0000	</row2>
			<row3>	-0.1956 1.0295 -1.9701 1.0000	</row3>
		</transform>
	</node>
	<node>
		<identifier>	MP_CM126_Cleat_INDEX_17	</identifier>
		<parent>	Scene Root	</parent>
		<transform>
			<row0>	0.4706 0.4283 -0.7715 0.0000	</row0>
			<row1>	-0.2390 0.9035 0.3558 0.0000	</row1>
			<row2>	0.8494 0.0170 0.5275 0.0000	</row2>
			<row3>	-0.0458 0.8389 -1.2082 1.0000	</row3>
		</transform>
	</node>
	<node>
		<identifier>	MP_CM126_Cleat_INDEX_18	</identifier>
		<parent>	Scene Root	</parent>
		<transform>
			<row0>	0.0000 0.4401 -0.4401 0.0000	</row0>
			<row1>	-0.6224 0.0000 0.0000 0.0000	</row1>
			<row2>	0.0000 0.4401 0.4401 0.0000	</row2>
			<row3>	0.1956 1.0295 -2.0415 1.0000	</row3>
		</transform>
	</node>
	<node>
		<identifier>	MP_CM126_Cleat_INDEX_2	</identifier>
		<parent>	Scene Root	</parent>
		<transform>
			<row0>	0.8663 0.4366 -0.2427 0.0000	</row0>
			<row1>	-0.4237 0.8996 0.1059 0.0000	</row1>
			<row2>	0.2646 0.0111 0.9643 0.0000	</row2>
			<row3>	-0.0940 0.8381 -1.2867 1.0000	</row3>
		</transform>
	</node>
	<node>
		<identifier>	MP_CM126_Cleat_INDEX_3	</identifier>
		<parent>	Scene Root	</parent>
		<transform>
			<row0>	0.0000 0.4401 -0.4401 0.0000	</row0>
			<row1>	-0.6224 0.0000 0.0000 0.0000	</row1>
			<row2>	0.0000 0.4401 0.4401 0.0000	</row2>
			<row3>	0.1956 1.0295 -2.0743 1.0000	</row3>
		</transform>
	</node>
	<node>
		<identifier>	MP_CM126_Cleat_INDEX_4	</identifier>
		<parent>	Scene Root	</parent>
		<transform>
			<row0>	0.6198 0.0000 0.0000 0.0000	</row0>
			<row1>	0.0000 0.0000 -0.6198 0.0000	</row1>
			<row2>	0.0000 0.6198 0.0000 0.0000	</row2>
			<row3>	0.0000 1.1999 -2.4203 1.0000	</row3>
		</transform>
	</node>
	<node>
		<identifier>	MP_CM126_Cleat_INDEX_5	</identifier>
		<parent>	Scene Root	</parent>
		<transform>
			<row0>	0.8939 -0.4481 0.0150 0.0000	</row0>
			<row1>	0.4481 0.8940 0.0048 0.0000	</row1>
			<row2>	-0.0155 0.0024 0.9999 0.0000	</row2>
			<row3>	0.1038 0.8393 -1.3794 1.0000	</row3>
		</transform>
	</node>
	<node>
		<identifier>	MP_CM126_Cleat_INDEX_6	</identifier>
		<parent>	Scene Root	</parent>
		<transform>
			<row0>	0.8663 -0.4366 0.2427 0.0000	</row0>
			<row1>	0.4237 0.8996 0.1059 0.0000	</row1>
			<row2>	-0.2646 0.0111 0.9643 0.0000	</row2>
			<row3>	0.0940 0.8381 -1.2867 1.0000	</row3>
		</transform>
	</node>
	<node>
		<identifier>	MP_CM126_Cleat_INDEX_7	</identifier>
		<parent>	Scene Root	</parent>
		<transform>
			<row0>	0.5323 0.4283 0.7302 0.0000	</row0>
			<row1>	-0.2370 0.9035 -0.3571 0.0000	</row1>
			<row2>	-0.8127 0.0170 0.5824 0.0000	</row2>
			<row3>	-0.0513 0.8384 -1.5563 1.0000	</row3>
		</transform>
	</node>
	<node>
		<identifier>	MP_CM126_Cleat_INDEX_8	</identifier>
		<parent>	Scene Root	</parent>
		<transform>
			<row0>	0.8939 0.4481 -0.0150 0.0000	</row0>
			<row1>	-0.4481 0.8940 0.0048 0.0000	</row1>
			<row2>	0.0155 0.0024 0.9999 0.0000	</row2>
			<row3>	-0.1038 0.8393 -1.3794 1.0000	</row3>
		</transform>
	</node>
	<node>
		<identifier>	MP_CM126_Cleat_INDEX_9	</identifier>
		<parent>	Scene Root	</parent>
		<transform>
			<row0>	0.8857 -0.4283 -0.1791 0.0000	</row0>
			<row1>	0.4160 0.9035 -0.1033 0.0000	</row1>
			<row2>	0.2061 0.0170 0.9784 0.0000	</row2>
			<row3>	0.0937 0.8389 -1.4730 1.0000	</row3>
		</transform>
	</node>
	<node>
		<identifier>	MP_CM150_Compass	</identifier>
		<parent>	Scene Root	</parent>
		<transform>
			<row0>	1.0000 0.0000 0.0000 0.0000	</row0>
			<row1>	0.0000 1.0000 0.0000 0.0000	</row1>
			<row2>	0.0000 0.0000 1.0000 0.0000	</row2>
			<row3>	0.0000 1.1250 -2.3427 1.0000	</row3>
		</transform>
	</node>
</BSB034_Agincourt_1916_MidBack.skel_ext>
