<ISC301_Ferrante_Gonzaga_1944_MidFront_ports.visual>
	<skeleton>
		<node>
			<identifier>	Scene Root	</identifier>
			<transform>
				<row0>	1.0000 0.0000 0.0000 0.0000	</row0>
				<row1>	0.0000 1.0000 0.0000 0.0000	</row1>
				<row2>	0.0000 0.0000 1.0000 0.0000	</row2>
				<row3>	0.0000 0.0000 0.0000 1.0000	</row3>
			</transform>
			<node>
				<identifier>	MidFront_ports	</identifier>
				<transform>
					<row0>	1.0000 0.0000 0.0000 0.0000	</row0>
					<row1>	0.0000 1.0000 0.0000 0.0000	</row1>
					<row2>	0.0000 0.0000 1.0000 0.0000	</row2>
					<row3>	0.0000 0.0000 0.0000 1.0000	</row3>
				</transform>
				<node>
					<identifier>	HP_FX_Death_2	</identifier>
					<transform>
						<row0>	1.0000 0.0000 0.0000 0.0000	</row0>
						<row1>	0.0000 1.0000 0.0000 0.0000	</row1>
						<row2>	0.0000 0.0000 1.0000 0.0000	</row2>
						<row3>	0.0000 0.0000 0.0000 1.0000	</row3>
					</transform>
				</node>
				<node>
					<identifier>	HP_FX_Fire_2	</identifier>
					<transform>
						<row0>	1.0000 0.0000 0.0000 0.0000	</row0>
						<row1>	0.0000 1.0000 0.0000 0.0000	</row1>
						<row2>	0.0000 0.0000 1.0000 0.0000	</row2>
						<row3>	0.0000 0.8411 1.2569 1.0000	</row3>
					</transform>
				</node>
				<node>
					<identifier>	HP_FX_Fire_2_side_1	</identifier>
					<transform>
						<row0>	1.0000 0.0000 0.0000 0.0000	</row0>
						<row1>	0.0000 1.0000 0.0000 0.0000	</row1>
						<row2>	0.0000 0.0000 1.0000 0.0000	</row2>
						<row3>	-0.4315 0.4663 1.4503 1.0000	</row3>
					</transform>
				</node>
				<node>
					<identifier>	HP_FX_Fire_2_side_2	</identifier>
					<transform>
						<row0>	1.0000 0.0000 0.0000 0.0000	</row0>
						<row1>	0.0000 1.0000 0.0000 0.0000	</row1>
						<row2>	0.0000 0.0000 1.0000 0.0000	</row2>
						<row3>	0.4113 0.4737 2.1383 1.0000	</row3>
					</transform>
				</node>
				<node>
					<identifier>	HP_FX_FloodLight_left_1	</identifier>
					<transform>
						<row0>	-1.0000 0.0000 0.0000 0.0000	</row0>
						<row1>	0.0000 1.0000 0.0000 0.0000	</row1>
						<row2>	0.0000 0.0000 -1.0000 0.0000	</row2>
						<row3>	-0.2447 0.5917 2.0342 1.0000	</row3>
					</transform>
				</node>
				<node>
					<identifier>	HP_FX_FloodLight_right_1	</identifier>
					<transform>
						<row0>	1.0000 0.0000 0.0000 0.0000	</row0>
						<row1>	0.0000 1.0000 0.0000 0.0000	</row1>
						<row2>	0.0000 0.0000 1.0000 0.0000	</row2>
						<row3>	0.2463 0.5916 2.0235 1.0000	</row3>
					</transform>
				</node>
				<node>
					<identifier>	HP_FX_Flood_steam_1	</identifier>
					<transform>
						<row0>	0.9067 -0.4218 0.0000 0.0000	</row0>
						<row1>	0.4218 0.9067 0.0000 0.0000	</row1>
						<row2>	0.0000 0.0000 1.0000 0.0000	</row2>
						<row3>	0.1198 1.0941 0.5816 1.0000	</row3>
					</transform>
				</node>
				<node>
					<identifier>	HP_FX_Flood_steam_3	</identifier>
					<transform>
						<row0>	0.8474 0.5310 0.0000 0.0000	</row0>
						<row1>	-0.5310 0.8474 0.0000 0.0000	</row1>
						<row2>	0.0000 0.0000 1.0000 0.0000	</row2>
						<row3>	-0.1191 1.0948 0.5814 1.0000	</row3>
					</transform>
				</node>
				<node>
					<identifier>	HP_FX_Flood_steam_left	</identifier>
					<transform>
						<row0>	-0.9960 0.0000 0.0891 0.0000	</row0>
						<row1>	0.0000 1.0000 0.0000 0.0000	</row1>
						<row2>	-0.0891 0.0000 -0.9960 0.0000	</row2>
						<row3>	-0.5178 0.4162 3.0577 1.0000	</row3>
					</transform>
				</node>
				<node>
					<identifier>	HP_FX_Flood_water_left_2	</identifier>
					<transform>
						<row0>	-0.9937 0.0000 0.1117 0.0000	</row0>
						<row1>	0.0000 1.0000 0.0000 0.0000	</row1>
						<row2>	-0.1117 0.0000 -0.9937 0.0000	</row2>
						<row3>	-0.3962 0.0362 3.1088 1.0000	</row3>
					</transform>
				</node>
				<node>
					<identifier>	HP_FX_Flood_water_right_2	</identifier>
					<transform>
						<row0>	0.9916 0.0000 0.1289 0.0000	</row0>
						<row1>	0.0000 1.0000 0.0000 0.0000	</row1>
						<row2>	-0.1289 0.0000 0.9916 0.0000	</row2>
						<row3>	0.3949 0.0367 3.1087 1.0000	</row3>
					</transform>
				</node>
				<node>
					<identifier>	HP_FX_RepairLight_left_1	</identifier>
					<transform>
						<row0>	0.0605 0.0000 0.9982 0.0000	</row0>
						<row1>	-0.4197 0.9073 0.0255 0.0000	</row1>
						<row2>	-0.9056 -0.4205 0.0549 0.0000	</row2>
						<row3>	-0.5232 0.4787 3.2457 1.0000	</row3>
					</transform>
				</node>
				<node>
					<identifier>	HP_FX_RepairLight_right_2	</identifier>
					<transform>
						<row0>	0.0554 0.0000 -0.9984 0.0000	</row0>
						<row1>	0.6343 0.7723 0.0352 0.0000	</row1>
						<row2>	0.7711 -0.6353 0.0428 0.0000	</row2>
						<row3>	0.5586 0.4660 2.4795 1.0000	</row3>
					</transform>
				</node>
				<node>
					<identifier>	HP_FX_Smoke_1	</identifier>
					<transform>
						<row0>	1.0000 0.0000 0.0000 0.0000	</row0>
						<row1>	0.0000 0.9919 -0.1269 0.0000	</row1>
						<row2>	0.0000 0.1269 0.9919 0.0000	</row2>
						<row3>	0.0000 1.1061 0.5506 1.0000	</row3>
					</transform>
				</node>
				<node>
					<identifier>	HP_ID_1	</identifier>
					<transform>
						<row0>	1.0000 0.0000 0.0000 0.0000	</row0>
						<row1>	0.0000 1.0000 0.0000 0.0000	</row1>
						<row2>	0.0000 0.0000 1.0000 0.0000	</row2>
						<row3>	0.0000 1.2618 1.6868 1.0000	</row3>
					</transform>
				</node>
				<node>
					<identifier>	HP_ID_2	</identifier>
					<transform>
						<row0>	0.0000 0.0000 -1.0000 0.0000	</row0>
						<row1>	0.0000 1.0000 0.0000 0.0000	</row1>
						<row2>	1.0000 0.0000 0.0000 0.0000	</row2>
						<row3>	-0.2533 0.7788 1.3853 1.0000	</row3>
					</transform>
				</node>
				<node>
					<identifier>	HP_ID_3	</identifier>
					<transform>
						<row0>	0.0000 0.0000 1.0000 0.0000	</row0>
						<row1>	0.0000 1.0000 0.0000 0.0000	</row1>
						<row2>	-1.0000 0.0000 0.0000 0.0000	</row2>
						<row3>	0.2533 0.7788 1.3853 1.0000	</row3>
					</transform>
				</node>
				<node>
					<identifier>	HP_ID_4	</identifier>
					<transform>
						<row0>	0.0000 0.0000 1.0000 0.0000	</row0>
						<row1>	0.0000 1.0000 0.0000 0.0000	</row1>
						<row2>	-1.0000 0.0000 0.0000 0.0000	</row2>
						<row3>	-0.4595 0.7344 0.7438 1.0000	</row3>
					</transform>
				</node>
				<node>
					<identifier>	HP_ID_5	</identifier>
					<transform>
						<row0>	0.0000 0.0000 -1.0000 0.0000	</row0>
						<row1>	0.0000 1.0000 0.0000 0.0000	</row1>
						<row2>	1.0000 0.0000 0.0000 0.0000	</row2>
						<row3>	0.4595 0.7344 0.7438 1.0000	</row3>
					</transform>
				</node>
				<node>
					<identifier>	HP_IGA_1	</identifier>
					<transform>
						<row0>	0.0000 0.0000 1.0000 0.0000	</row0>
						<row1>	0.0000 1.0000 0.0000 0.0000	</row1>
						<row2>	-1.0000 0.0000 0.0000 0.0000	</row2>
						<row3>	-0.4667 0.4726 1.6710 1.0000	</row3>
					</transform>
				</node>
				<node>
					<identifier>	HP_IGA_10	</identifier>
					<transform>
						<row0>	0.0000 0.0000 -1.0000 0.0000	</row0>
						<row1>	0.0000 1.0000 0.0000 0.0000	</row1>
						<row2>	1.0000 0.0000 0.0000 0.0000	</row2>
						<row3>	0.2176 0.4750 0.0176 1.0000	</row3>
					</transform>
				</node>
				<node>
					<identifier>	HP_IGA_2	</identifier>
					<transform>
						<row0>	0.0000 0.0000 -1.0000 0.0000	</row0>
						<row1>	0.0000 1.0000 0.0000 0.0000	</row1>
						<row2>	1.0000 0.0000 0.0000 0.0000	</row2>
						<row3>	0.4667 0.4726 1.6710 1.0000	</row3>
					</transform>
				</node>
				<node>
					<identifier>	HP_IGA_3	</identifier>
					<transform>
						<row0>	0.0000 0.0000 1.0000 0.0000	</row0>
						<row1>	0.0000 1.0000 0.0000 0.0000	</row1>
						<row2>	-1.0000 0.0000 0.0000 0.0000	</row2>
						<row3>	-0.4911 0.4661 1.1850 1.0000	</row3>
					</transform>
				</node>
				<node>
					<identifier>	HP_IGA_4	</identifier>
					<transform>
						<row0>	0.0000 0.0000 -1.0000 0.0000	</row0>
						<row1>	0.0000 1.0000 0.0000 0.0000	</row1>
						<row2>	1.0000 0.0000 0.0000 0.0000	</row2>
						<row3>	0.4911 0.4661 1.1850 1.0000	</row3>
					</transform>
				</node>
				<node>
					<identifier>	HP_IGA_5	</identifier>
					<transform>
						<row0>	0.0000 0.0000 1.0000 0.0000	</row0>
						<row1>	0.0000 1.0000 0.0000 0.0000	</row1>
						<row2>	-1.0000 0.0000 0.0000 0.0000	</row2>
						<row3>	-0.2093 0.8728 1.0704 1.0000	</row3>
					</transform>
				</node>
				<node>
					<identifier>	HP_IGA_6	</identifier>
					<transform>
						<row0>	0.0000 0.0000 -1.0000 0.0000	</row0>
						<row1>	0.0000 1.0000 0.0000 0.0000	</row1>
						<row2>	1.0000 0.0000 0.0000 0.0000	</row2>
						<row3>	0.2093 0.8728 1.0704 1.0000	</row3>
					</transform>
				</node>
				<node>
					<identifier>	HP_IGA_7	</identifier>
					<transform>
						<row0>	0.0000 0.0000 1.0000 0.0000	</row0>
						<row1>	0.0000 1.0000 0.0000 0.0000	</row1>
						<row2>	-1.0000 0.0000 0.0000 0.0000	</row2>
						<row3>	-0.2339 0.8782 0.5723 1.0000	</row3>
					</transform>
				</node>
				<node>
					<identifier>	HP_IGA_8	</identifier>
					<transform>
						<row0>	0.0000 0.0000 -1.0000 0.0000	</row0>
						<row1>	0.0000 1.0000 0.0000 0.0000	</row1>
						<row2>	1.0000 0.0000 0.0000 0.0000	</row2>
						<row3>	0.2339 0.8782 0.5723 1.0000	</row3>
					</transform>
				</node>
				<node>
					<identifier>	HP_IGA_9	</identifier>
					<transform>
						<row0>	0.0000 0.0000 1.0000 0.0000	</row0>
						<row1>	0.0000 1.0000 0.0000 0.0000	</row1>
						<row2>	-1.0000 0.0000 0.0000 0.0000	</row2>
						<row3>	-0.2176 0.4750 0.0176 1.0000	</row3>
					</transform>
				</node>
				<node>
					<identifier>	HP_IGM_1	</identifier>
					<transform>
						<row0>	1.0000 0.0000 0.0000 0.0000	</row0>
						<row1>	0.0000 1.0000 0.0000 0.0000	</row1>
						<row2>	0.0000 0.0000 1.0000 0.0000	</row2>
						<row3>	0.0000 0.5030 2.9968 1.0000	</row3>
					</transform>
				</node>
				<node>
					<identifier>	HP_IGM_2	</identifier>
					<transform>
						<row0>	1.0000 0.0000 0.0000 0.0000	</row0>
						<row1>	0.0000 1.0000 0.0000 0.0000	</row1>
						<row2>	0.0000 0.0000 1.0000 0.0000	</row2>
						<row3>	0.0000 0.6530 2.3570 1.0000	</row3>
					</transform>
				</node>
				<node>
					<identifier>	HP_IGT_1	</identifier>
					<transform>
						<row0>	1.0000 0.0000 0.0000 0.0000	</row0>
						<row1>	0.0000 1.0000 0.0000 0.0000	</row1>
						<row2>	0.0000 0.0000 1.0000 0.0000	</row2>
						<row3>	-0.5249 0.2946 0.2359 1.0000	</row3>
					</transform>
				</node>
				<node>
					<identifier>	HP_IGT_2	</identifier>
					<transform>
						<row0>	1.0000 0.0000 0.0000 0.0000	</row0>
						<row1>	0.0000 1.0000 0.0000 0.0000	</row1>
						<row2>	0.0000 0.0000 1.0000 0.0000	</row2>
						<row3>	0.5249 0.2946 0.2359 1.0000	</row3>
					</transform>
				</node>
				<node>
					<identifier>	HP_IRS_1	</identifier>
					<transform>
						<row0>	1.0000 0.0000 0.0000 0.0000	</row0>
						<row1>	0.0000 1.0000 0.0000 0.0000	</row1>
						<row2>	0.0000 0.0000 1.0000 0.0000	</row2>
						<row3>	-0.2646 1.0451 1.6863 1.0000	</row3>
					</transform>
				</node>
				<node>
					<identifier>	HP_IRS_2	</identifier>
					<transform>
						<row0>	1.0000 0.0000 0.0000 0.0000	</row0>
						<row1>	0.0000 1.0000 0.0000 0.0000	</row1>
						<row2>	0.0000 0.0000 1.0000 0.0000	</row2>
						<row3>	0.2646 1.0451 1.6863 1.0000	</row3>
					</transform>
				</node>
				<node>
					<identifier>	HP_IRS_3	</identifier>
					<transform>
						<row0>	1.0000 0.0000 0.0000 0.0000	</row0>
						<row1>	0.0000 1.0000 0.0000 0.0000	</row1>
						<row2>	0.0000 0.0000 1.0000 0.0000	</row2>
						<row3>	0.0000 1.5379 1.3858 1.0000	</row3>
					</transform>
				</node>
				<node>
					<identifier>	HP_flag_rank	</identifier>
					<transform>
						<row0>	1.0000 0.0000 0.0000 0.0000	</row0>
						<row1>	0.0000 1.0000 0.0000 0.0000	</row1>
						<row2>	0.0000 0.0000 1.0000 0.0000	</row2>
						<row3>	0.0000 1.9634 1.1658 1.0000	</row3>
					</transform>
				</node>
				<node>
					<identifier>	MP_CM011_Fire_Fighting_Gear	</identifier>
					<transform>
						<row0>	0.0000 0.0000 -1.0000 0.0000	</row0>
						<row1>	0.0000 1.0000 0.0000 0.0000	</row1>
						<row2>	1.0000 0.0000 0.0000 0.0000	</row2>
						<row3>	-0.2448 0.4656 1.1681 1.0000	</row3>
					</transform>
				</node>
				<node>
					<identifier>	MP_CM011_Fire_Fighting_Gear_INDEX_1	</identifier>
					<transform>
						<row0>	0.0000 0.0000 1.0000 0.0000	</row0>
						<row1>	0.0000 1.0000 0.0000 0.0000	</row1>
						<row2>	-1.0000 0.0000 0.0000 0.0000	</row2>
						<row3>	0.3184 0.4621 0.9995 1.0000	</row3>
					</transform>
				</node>
				<node>
					<identifier>	MP_CM011_Fire_Fighting_Gear_INDEX_2	</identifier>
					<transform>
						<row0>	0.0000 0.0000 1.0000 0.0000	</row0>
						<row1>	0.0000 1.0000 0.0000 0.0000	</row1>
						<row2>	-1.0000 0.0000 0.0000 0.0000	</row2>
						<row3>	0.2477 0.4747 1.9780 1.0000	</row3>
					</transform>
				</node>
				<node>
					<identifier>	MP_CM011_Fire_Fighting_Gear_INDEX_3	</identifier>
					<transform>
						<row0>	0.0000 0.0000 1.0000 0.0000	</row0>
						<row1>	0.0000 1.0000 0.0000 0.0000	</row1>
						<row2>	-1.0000 0.0000 0.0000 0.0000	</row2>
						<row3>	0.1642 0.6334 1.6099 1.0000	</row3>
					</transform>
				</node>
				<node>
					<identifier>	MP_CM011_Fire_Fighting_Gear_INDEX_4	</identifier>
					<transform>
						<row0>	0.0000 0.0000 -1.0000 0.0000	</row0>
						<row1>	0.0000 1.0000 0.0000 0.0000	</row1>
						<row2>	1.0000 0.0000 0.0000 0.0000	</row2>
						<row3>	-0.1642 0.6334 1.6099 1.0000	</row3>
					</transform>
				</node>
				<node>
					<identifier>	MP_CM011_Fire_Fighting_Gear_INDEX_5	</identifier>
					<transform>
						<row0>	0.0000 0.0000 -1.0000 0.0000	</row0>
						<row1>	0.0000 1.0000 0.0000 0.0000	</row1>
						<row2>	1.0000 0.0000 0.0000 0.0000	</row2>
						<row3>	-0.3184 0.4621 0.9985 1.0000	</row3>
					</transform>
				</node>
				<node>
					<identifier>	MP_CM011_Fire_Fighting_Gear_INDEX_6	</identifier>
					<transform>
						<row0>	0.0000 0.0000 -1.0000 0.0000	</row0>
						<row1>	0.0000 1.0000 0.0000 0.0000	</row1>
						<row2>	1.0000 0.0000 0.0000 0.0000	</row2>
						<row3>	-0.2477 0.4747 1.9780 1.0000	</row3>
					</transform>
				</node>
				<node>
					<identifier>	MP_CM011_Fire_Fighting_Gear_INDEX_7	</identifier>
					<transform>
						<row0>	0.0000 0.0000 1.0000 0.0000	</row0>
						<row1>	0.0000 1.0000 0.0000 0.0000	</row1>
						<row2>	-1.0000 0.0000 0.0000 0.0000	</row2>
						<row3>	0.2465 0.4656 1.1690 1.0000	</row3>
					</transform>
				</node>
				<node>
					<identifier>	MP_CM014_Fuel_Oil_Hose	</identifier>
					<transform>
						<row0>	1.0000 0.0000 0.0000 0.0000	</row0>
						<row1>	0.0000 1.0000 0.0000 0.0000	</row1>
						<row2>	0.0000 0.0000 1.0000 0.0000	</row2>
						<row3>	-0.3119 0.5086 0.9495 1.0000	</row3>
					</transform>
				</node>
				<node>
					<identifier>	MP_CM014_Fuel_Oil_Hose_INDEX_1	</identifier>
					<transform>
						<row0>	-1.0000 0.0000 0.0000 0.0000	</row0>
						<row1>	0.0000 -1.0000 0.0000 0.0000	</row1>
						<row2>	0.0000 0.0000 1.0000 0.0000	</row2>
						<row3>	0.3119 0.5086 0.9495 1.0000	</row3>
					</transform>
				</node>
				<node>
					<identifier>	MP_CM029_Emergency_Box	</identifier>
					<transform>
						<row0>	0.9505 0.0000 0.3108 0.0000	</row0>
						<row1>	0.0000 1.0000 0.0000 0.0000	</row1>
						<row2>	-0.3108 0.0000 0.9505 0.0000	</row2>
						<row3>	0.0601 0.8511 1.5194 1.0000	</row3>
					</transform>
				</node>
				<node>
					<identifier>	MP_CM029_Emergency_Box_INDEX_1	</identifier>
					<transform>
						<row0>	0.0000 0.0000 -1.0000 0.0000	</row0>
						<row1>	0.0000 1.0000 0.0000 0.0000	</row1>
						<row2>	1.0000 0.0000 0.0000 0.0000	</row2>
						<row3>	-0.2424 0.5350 1.4300 1.0000	</row3>
					</transform>
				</node>
				<node>
					<identifier>	MP_CM029_Emergency_Box_INDEX_10	</identifier>
					<transform>
						<row0>	0.0000 0.0000 1.0000 0.0000	</row0>
						<row1>	0.0000 1.0000 0.0000 0.0000	</row1>
						<row2>	-1.0000 0.0000 0.0000 0.0000	</row2>
						<row3>	0.3183 0.3636 0.7781 1.0000	</row3>
					</transform>
				</node>
				<node>
					<identifier>	MP_CM029_Emergency_Box_INDEX_11	</identifier>
					<transform>
						<row0>	-0.5686 0.0000 -0.8226 0.0000	</row0>
						<row1>	0.0000 1.0000 0.0000 0.0000	</row1>
						<row2>	0.8226 0.0000 -0.5686 0.0000	</row2>
						<row3>	-0.1443 0.8511 1.7904 1.0000	</row3>
					</transform>
				</node>
				<node>
					<identifier>	MP_CM029_Emergency_Box_INDEX_12	</identifier>
					<transform>
						<row0>	-0.7656 0.0000 -0.6433 0.0000	</row0>
						<row1>	0.0000 1.0000 0.0000 0.0000	</row1>
						<row2>	0.6433 0.0000 -0.7656 0.0000	</row2>
						<row3>	-0.1537 0.7007 0.7189 1.0000	</row3>
					</transform>
				</node>
				<node>
					<identifier>	MP_CM029_Emergency_Box_INDEX_13	</identifier>
					<transform>
						<row0>	-0.5686 0.0000 0.8226 0.0000	</row0>
						<row1>	0.0000 1.0000 0.0000 0.0000	</row1>
						<row2>	-0.8226 0.0000 -0.5686 0.0000	</row2>
						<row3>	0.1443 0.8511 1.7904 1.0000	</row3>
					</transform>
				</node>
				<node>
					<identifier>	MP_CM029_Emergency_Box_INDEX_14	</identifier>
					<transform>
						<row0>	0.0000 0.0000 -1.0000 0.0000	</row0>
						<row1>	0.0000 1.0000 0.0000 0.0000	</row1>
						<row2>	1.0000 0.0000 0.0000 0.0000	</row2>
						<row3>	-0.1654 0.7007 1.3321 1.0000	</row3>
					</transform>
				</node>
				<node>
					<identifier>	MP_CM029_Emergency_Box_INDEX_15	</identifier>
					<transform>
						<row0>	0.5243 -0.0349 0.8508 0.0000	</row0>
						<row1>	-0.1291 0.9844 0.1199 0.0000	</row1>
						<row2>	-0.8417 -0.1727 0.5116 0.0000	</row2>
						<row3>	0.1314 1.0656 1.6050 1.0000	</row3>
					</transform>
				</node>
				<node>
					<identifier>	MP_CM029_Emergency_Box_INDEX_16	</identifier>
					<transform>
						<row0>	0.0000 0.0000 -1.0000 0.0000	</row0>
						<row1>	0.0000 1.0000 0.0000 0.0000	</row1>
						<row2>	1.0000 0.0000 0.0000 0.0000	</row2>
						<row3>	-0.2424 0.5350 1.9081 1.0000	</row3>
					</transform>
				</node>
				<node>
					<identifier>	MP_CM029_Emergency_Box_INDEX_17	</identifier>
					<transform>
						<row0>	0.0000 0.0000 1.0000 0.0000	</row0>
						<row1>	0.0000 1.0000 0.0000 0.0000	</row1>
						<row2>	-1.0000 0.0000 0.0000 0.0000	</row2>
						<row3>	0.2424 0.5350 1.9081 1.0000	</row3>
					</transform>
				</node>
				<node>
					<identifier>	MP_CM029_Emergency_Box_INDEX_18	</identifier>
					<transform>
						<row0>	0.0000 0.0000 1.0000 0.0000	</row0>
						<row1>	0.0000 1.0000 0.0000 0.0000	</row1>
						<row2>	-1.0000 0.0000 0.0000 0.0000	</row2>
						<row3>	0.3141 0.5350 1.0046 1.0000	</row3>
					</transform>
				</node>
				<node>
					<identifier>	MP_CM029_Emergency_Box_INDEX_19	</identifier>
					<transform>
						<row0>	0.0000 0.0000 1.0000 0.0000	</row0>
						<row1>	0.0000 1.0000 0.0000 0.0000	</row1>
						<row2>	-1.0000 0.0000 0.0000 0.0000	</row2>
						<row3>	0.2424 0.5350 1.4300 1.0000	</row3>
					</transform>
				</node>
				<node>
					<identifier>	MP_CM029_Emergency_Box_INDEX_2	</identifier>
					<transform>
						<row0>	0.0000 0.0000 1.0000 0.0000	</row0>
						<row1>	0.0000 1.0000 0.0000 0.0000	</row1>
						<row2>	-1.0000 0.0000 0.0000 0.0000	</row2>
						<row3>	0.3153 0.5377 0.4981 1.0000	</row3>
					</transform>
				</node>
				<node>
					<identifier>	MP_CM029_Emergency_Box_INDEX_3	</identifier>
					<transform>
						<row0>	0.0000 0.0000 -1.0000 0.0000	</row0>
						<row1>	0.0000 1.0000 0.0000 0.0000	</row1>
						<row2>	1.0000 0.0000 0.0000 0.0000	</row2>
						<row3>	-0.3141 0.5350 1.0046 1.0000	</row3>
					</transform>
				</node>
				<node>
					<identifier>	MP_CM029_Emergency_Box_INDEX_4	</identifier>
					<transform>
						<row0>	-0.7656 0.0000 0.6433 0.0000	</row0>
						<row1>	0.0000 1.0000 0.0000 0.0000	</row1>
						<row2>	-0.6433 0.0000 -0.7656 0.0000	</row2>
						<row3>	0.1546 0.7007 0.7200 1.0000	</row3>
					</transform>
				</node>
				<node>
					<identifier>	MP_CM029_Emergency_Box_INDEX_5	</identifier>
					<transform>
						<row0>	0.9936 -0.0345 -0.1074 0.0000	</row0>
						<row1>	0.0511 0.9864 0.1564 0.0000	</row1>
						<row2>	0.1006 -0.1609 0.9818 0.0000	</row2>
						<row3>	-0.0185 1.0641 1.5316 1.0000	</row3>
					</transform>
				</node>
				<node>
					<identifier>	MP_CM029_Emergency_Box_INDEX_6	</identifier>
					<transform>
						<row0>	0.9505 0.0000 -0.3108 0.0000	</row0>
						<row1>	0.0000 1.0000 0.0000 0.0000	</row1>
						<row2>	0.3108 0.0000 0.9505 0.0000	</row2>
						<row3>	-0.0601 0.8511 1.5194 1.0000	</row3>
					</transform>
				</node>
				<node>
					<identifier>	MP_CM029_Emergency_Box_INDEX_7	</identifier>
					<transform>
						<row0>	0.0000 0.0000 -1.0000 0.0000	</row0>
						<row1>	0.0000 1.0000 0.0000 0.0000	</row1>
						<row2>	1.0000 0.0000 0.0000 0.0000	</row2>
						<row3>	-0.3153 0.5377 0.4981 1.0000	</row3>
					</transform>
				</node>
				<node>
					<identifier>	MP_CM029_Emergency_Box_INDEX_8	</identifier>
					<transform>
						<row0>	0.0000 0.0000 -1.0000 0.0000	</row0>
						<row1>	0.0000 1.0000 0.0000 0.0000	</row1>
						<row2>	1.0000 0.0000 0.0000 0.0000	</row2>
						<row3>	-0.3183 0.3636 0.7781 1.0000	</row3>
					</transform>
				</node>
				<node>
					<identifier>	MP_CM029_Emergency_Box_INDEX_9	</identifier>
					<transform>
						<row0>	0.0000 0.0000 1.0000 0.0000	</row0>
						<row1>	0.0000 1.0000 0.0000 0.0000	</row1>
						<row2>	-1.0000 0.0000 0.0000 0.0000	</row2>
						<row3>	0.1654 0.7007 1.3321 1.0000	</row3>
					</transform>
				</node>
				<node>
					<identifier>	MP_CM051_Fire_Fighting_Gear	</identifier>
					<transform>
						<row0>	0.7071 0.0000 -0.7071 0.0000	</row0>
						<row1>	0.0000 1.0000 0.0000 0.0000	</row1>
						<row2>	0.7071 0.0000 0.7071 0.0000	</row2>
						<row3>	0.1139 1.0515 1.5866 1.0000	</row3>
					</transform>
				</node>
				<node>
					<identifier>	MP_CM051_Fire_Fighting_Gear_INDEX_1	</identifier>
					<transform>
						<row0>	0.7071 0.0000 -0.7071 0.0000	</row0>
						<row1>	0.0000 -1.0000 0.0000 0.0000	</row1>
						<row2>	-0.7071 0.0000 -0.7071 0.0000	</row2>
						<row3>	0.1045 0.8210 1.5496 1.0000	</row3>
					</transform>
				</node>
				<node>
					<identifier>	MP_CM051_Fire_Fighting_Gear_INDEX_2	</identifier>
					<transform>
						<row0>	0.8660 0.0000 0.5000 0.0000	</row0>
						<row1>	0.0000 -1.0000 0.0000 0.0000	</row1>
						<row2>	0.5000 0.0000 -0.8660 0.0000	</row2>
						<row3>	0.1447 0.8210 1.7802 1.0000	</row3>
					</transform>
				</node>
				<node>
					<identifier>	MP_CM051_Fire_Fighting_Gear_INDEX_3	</identifier>
					<transform>
						<row0>	-0.5000 0.0000 -0.8660 0.0000	</row0>
						<row1>	0.0000 1.0000 0.0000 0.0000	</row1>
						<row2>	0.8660 0.0000 -0.5000 0.0000	</row2>
						<row3>	-0.0860 0.8210 1.5419 1.0000	</row3>
					</transform>
				</node>
				<node>
					<identifier>	MP_CM051_Fire_Fighting_Gear_INDEX_4	</identifier>
					<transform>
						<row0>	-0.8660 0.0000 0.5000 0.0000	</row0>
						<row1>	0.0000 1.0000 0.0000 0.0000	</row1>
						<row2>	-0.5000 0.0000 -0.8660 0.0000	</row2>
						<row3>	-0.1447 0.8210 1.7802 1.0000	</row3>
					</transform>
				</node>
				<node>
					<identifier>	MP_CM051_Fire_Fighting_Gear_INDEX_5	</identifier>
					<transform>
						<row0>	-0.6901 0.0000 -0.7237 0.0000	</row0>
						<row1>	0.0000 1.0000 0.0000 0.0000	</row1>
						<row2>	0.7237 0.0000 -0.6901 0.0000	</row2>
						<row3>	-0.1192 1.0515 1.5909 1.0000	</row3>
					</transform>
				</node>
				<node>
					<identifier>	MP_CM052_Fender	</identifier>
					<transform>
						<row0>	-0.5000 0.0000 0.0000 0.0000	</row0>
						<row1>	0.0000 0.5000 0.0000 0.0000	</row1>
						<row2>	0.0000 0.0000 -0.5000 0.0000	</row2>
						<row3>	0.5356 0.4489 0.6015 1.0000	</row3>
					</transform>
				</node>
				<node>
					<identifier>	MP_CM052_Fender_INDEX_1	</identifier>
					<transform>
						<row0>	-0.5000 0.0000 0.0000 0.0000	</row0>
						<row1>	0.0000 0.5000 0.0000 0.0000	</row1>
						<row2>	0.0000 0.0000 -0.5000 0.0000	</row2>
						<row3>	-0.5356 0.4489 0.6015 1.0000	</row3>
					</transform>
				</node>
				<node>
					<identifier>	MP_CM052_Fender_INDEX_2	</identifier>
					<transform>
						<row0>	0.0000 0.0000 0.5000 0.0000	</row0>
						<row1>	0.0000 0.5000 0.0000 0.0000	</row1>
						<row2>	-0.5000 0.0000 0.0000 0.0000	</row2>
						<row3>	-0.2536 0.4721 1.8139 1.0000	</row3>
					</transform>
				</node>
				<node>
					<identifier>	MP_CM052_Fender_INDEX_3	</identifier>
					<transform>
						<row0>	0.0000 0.0000 -0.5000 0.0000	</row0>
						<row1>	0.0000 0.5000 0.0000 0.0000	</row1>
						<row2>	0.5000 0.0000 0.0000 0.0000	</row2>
						<row3>	0.2536 0.4721 1.8139 1.0000	</row3>
					</transform>
				</node>
				<node>
					<identifier>	MP_CM056_Ships_bell	</identifier>
					<transform>
						<row0>	1.0000 0.0000 0.0000 0.0000	</row0>
						<row1>	0.0000 1.0000 0.0000 0.0000	</row1>
						<row2>	0.0000 0.0000 1.0000 0.0000	</row2>
						<row3>	0.0000 0.8148 0.9850 1.0000	</row3>
					</transform>
				</node>
				<node>
					<identifier>	MP_CM144_Bollard	</identifier>
					<transform>
						<row0>	0.6257 0.0376 -0.0820 0.0000	</row0>
						<row1>	-0.0393 0.6308 -0.0101 0.0000	</row1>
						<row2>	0.0813 0.0151 0.6267 0.0000	</row2>
						<row3>	-0.5493 0.4498 1.4029 1.0000	</row3>
					</transform>
				</node>
				<node>
					<identifier>	MP_CM144_Bollard_INDEX_1	</identifier>
					<transform>
						<row0>	0.6257 -0.0376 0.0820 0.0000	</row0>
						<row1>	0.0393 0.6308 -0.0101 0.0000	</row1>
						<row2>	-0.0813 0.0151 0.6267 0.0000	</row2>
						<row3>	0.5493 0.4498 1.4029 1.0000	</row3>
					</transform>
				</node>
				<node>
					<identifier>	MP_IM001_Paramine_Tipo_C	</identifier>
					<transform>
						<row0>	0.0000 -1.0000 0.0000 0.0000	</row0>
						<row1>	-0.9879 0.0000 -0.1551 0.0000	</row1>
						<row2>	0.1551 0.0000 -0.9879 0.0000	</row2>
						<row3>	0.2577 0.6088 2.2931 1.0000	</row3>
					</transform>
				</node>
				<node>
					<identifier>	MP_IM001_Paramine_Tipo_C_INDEX_1	</identifier>
					<transform>
						<row0>	0.0000 -0.5824 0.8129 0.0000	</row0>
						<row1>	0.0000 0.8129 0.5824 0.0000	</row1>
						<row2>	-1.0000 0.0000 0.0000 0.0000	</row2>
						<row3>	0.0000 0.6753 0.8656 1.0000	</row3>
					</transform>
				</node>
				<node>
					<identifier>	MP_IM001_Paramine_Tipo_C_INDEX_2	</identifier>
					<transform>
						<row0>	0.0000 1.0000 0.0000 0.0000	</row0>
						<row1>	0.9879 0.0000 -0.1551 0.0000	</row1>
						<row2>	-0.1551 0.0000 -0.9879 0.0000	</row2>
						<row3>	-0.2577 0.6088 2.2931 1.0000	</row3>
					</transform>
				</node>
				<node>
					<identifier>	MP_IM010_Life_Jacket	</identifier>
					<transform>
						<row0>	0.0000 0.0000 -1.0000 0.0000	</row0>
						<row1>	0.0000 1.0000 0.0000 0.0000	</row1>
						<row2>	1.0000 0.0000 0.0000 0.0000	</row2>
						<row3>	-0.3321 0.9478 0.3404 1.0000	</row3>
					</transform>
				</node>
				<node>
					<identifier>	MP_IM010_Life_Jacket_INDEX_1	</identifier>
					<transform>
						<row0>	0.7632 0.0000 -0.6462 0.0000	</row0>
						<row1>	0.0000 1.0000 0.0000 0.0000	</row1>
						<row2>	0.6462 0.0000 0.7632 0.0000	</row2>
						<row3>	-0.1321 0.9483 0.7441 1.0000	</row3>
					</transform>
				</node>
				<node>
					<identifier>	MP_IM010_Life_Jacket_INDEX_10	</identifier>
					<transform>
						<row0>	0.0000 0.0000 1.0000 0.0000	</row0>
						<row1>	0.0000 1.0000 0.0000 0.0000	</row1>
						<row2>	-1.0000 0.0000 0.0000 0.0000	</row2>
						<row3>	0.1134 0.9361 1.1517 1.0000	</row3>
					</transform>
				</node>
				<node>
					<identifier>	MP_IM010_Life_Jacket_INDEX_11	</identifier>
					<transform>
						<row0>	0.0000 0.0000 1.0000 0.0000	</row0>
						<row1>	0.0000 1.0000 0.0000 0.0000	</row1>
						<row2>	-1.0000 0.0000 0.0000 0.0000	</row2>
						<row3>	0.1094 0.9361 1.0271 1.0000	</row3>
					</transform>
				</node>
				<node>
					<identifier>	MP_IM010_Life_Jacket_INDEX_12	</identifier>
					<transform>
						<row0>	0.4220 0.0000 -0.9066 0.0000	</row0>
						<row1>	0.0000 1.0000 0.0000 0.0000	</row1>
						<row2>	0.9066 0.0000 0.4220 0.0000	</row2>
						<row3>	-0.1919 0.9361 0.9430 1.0000	</row3>
					</transform>
				</node>
				<node>
					<identifier>	MP_IM010_Life_Jacket_INDEX_13	</identifier>
					<transform>
						<row0>	0.0000 0.0000 -1.0000 0.0000	</row0>
						<row1>	0.0000 1.0000 0.0000 0.0000	</row1>
						<row2>	1.0000 0.0000 0.0000 0.0000	</row2>
						<row3>	-0.1125 0.9263 0.3404 1.0000	</row3>
					</transform>
				</node>
				<node>
					<identifier>	MP_IM010_Life_Jacket_INDEX_14	</identifier>
					<transform>
						<row0>	1.0000 0.0000 0.0000 0.0000	</row0>
						<row1>	0.0000 1.0000 0.0000 0.0000	</row1>
						<row2>	0.0000 0.0000 1.0000 0.0000	</row2>
						<row3>	-0.2548 0.9361 0.8269 1.0000	</row3>
					</transform>
				</node>
				<node>
					<identifier>	MP_IM010_Life_Jacket_INDEX_15	</identifier>
					<transform>
						<row0>	1.0000 0.0000 0.0000 0.0000	</row0>
						<row1>	0.0000 1.0000 0.0000 0.0000	</row1>
						<row2>	0.0000 0.0000 1.0000 0.0000	</row2>
						<row3>	-0.2345 0.6913 1.5387 1.0000	</row3>
					</transform>
				</node>
				<node>
					<identifier>	MP_IM010_Life_Jacket_INDEX_16	</identifier>
					<transform>
						<row0>	0.9390 0.0117 0.3438 0.0000	</row0>
						<row1>	-0.0220 0.9994 0.0261 0.0000	</row1>
						<row2>	-0.3433 -0.0321 0.9387 0.0000	</row2>
						<row3>	-0.3841 0.5372 0.3552 1.0000	</row3>
					</transform>
				</node>
				<node>
					<identifier>	MP_IM010_Life_Jacket_INDEX_17	</identifier>
					<transform>
						<row0>	1.0000 0.0000 0.0000 0.0000	</row0>
						<row1>	0.0000 1.0000 0.0000 0.0000	</row1>
						<row2>	0.0000 0.0000 1.0000 0.0000	</row2>
						<row3>	-0.2089 0.9361 0.8261 1.0000	</row3>
					</transform>
				</node>
				<node>
					<identifier>	MP_IM010_Life_Jacket_INDEX_18	</identifier>
					<transform>
						<row0>	-0.5929 0.0000 -0.8053 0.0000	</row0>
						<row1>	0.0000 1.0000 0.0000 0.0000	</row1>
						<row2>	0.8053 0.0000 -0.5929 0.0000	</row2>
						<row3>	-0.0386 0.9483 0.2480 1.0000	</row3>
					</transform>
				</node>
				<node>
					<identifier>	MP_IM010_Life_Jacket_INDEX_19	</identifier>
					<transform>
						<row0>	0.9961 0.0197 0.0860 0.0000	</row0>
						<row1>	-0.0220 0.9994 0.0261 0.0000	</row1>
						<row2>	-0.0854 -0.0279 0.9960 0.0000	</row2>
						<row3>	-0.3646 0.5361 0.2702 1.0000	</row3>
					</transform>
				</node>
				<node>
					<identifier>	MP_IM010_Life_Jacket_INDEX_2	</identifier>
					<transform>
						<row0>	1.0000 0.0000 0.0000 0.0000	</row0>
						<row1>	0.0000 1.0000 0.0000 0.0000	</row1>
						<row2>	0.0000 0.0000 1.0000 0.0000	</row2>
						<row3>	-0.2354 0.6913 1.2631 1.0000	</row3>
					</transform>
				</node>
				<node>
					<identifier>	MP_IM010_Life_Jacket_INDEX_20	</identifier>
					<transform>
						<row0>	0.7978 -0.0018 -0.6029 0.0000	</row0>
						<row1>	0.0220 0.9994 0.0261 0.0000	</row1>
						<row2>	0.6025 -0.0341 0.7974 0.0000	</row2>
						<row3>	0.4322 0.5340 0.4389 1.0000	</row3>
					</transform>
				</node>
				<node>
					<identifier>	MP_IM010_Life_Jacket_INDEX_21	</identifier>
					<transform>
						<row0>	1.0000 0.0000 0.0000 0.0000	</row0>
						<row1>	0.0000 1.0000 0.0000 0.0000	</row1>
						<row2>	0.0000 0.0000 1.0000 0.0000	</row2>
						<row3>	-0.2354 0.6913 1.2380 1.0000	</row3>
					</transform>
				</node>
				<node>
					<identifier>	MP_IM010_Life_Jacket_INDEX_22	</identifier>
					<transform>
						<row0>	0.9075 0.0000 -0.4200 0.0000	</row0>
						<row1>	0.0000 1.0000 0.0000 0.0000	</row1>
						<row2>	0.4200 0.0000 0.9075 0.0000	</row2>
						<row3>	-0.1474 0.9361 0.9967 1.0000	</row3>
					</transform>
				</node>
				<node>
					<identifier>	MP_IM010_Life_Jacket_INDEX_23	</identifier>
					<transform>
						<row0>	0.7298 0.0000 -0.6837 0.0000	</row0>
						<row1>	0.0000 1.0000 0.0000 0.0000	</row1>
						<row2>	0.6837 0.0000 0.7298 0.0000	</row2>
						<row3>	-0.1681 0.9361 0.9610 1.0000	</row3>
					</transform>
				</node>
				<node>
					<identifier>	MP_IM010_Life_Jacket_INDEX_24	</identifier>
					<transform>
						<row0>	1.0000 0.0000 0.0000 0.0000	</row0>
						<row1>	0.0000 1.0000 0.0000 0.0000	</row1>
						<row2>	0.0000 0.0000 1.0000 0.0000	</row2>
						<row3>	0.2354 0.6913 1.2131 1.0000	</row3>
					</transform>
				</node>
				<node>
					<identifier>	MP_IM010_Life_Jacket_INDEX_25	</identifier>
					<transform>
						<row0>	0.0000 0.0000 1.0000 0.0000	</row0>
						<row1>	0.0000 1.0000 0.0000 0.0000	</row1>
						<row2>	-1.0000 0.0000 0.0000 0.0000	</row2>
						<row3>	0.0660 0.9361 1.0271 1.0000	</row3>
					</transform>
				</node>
				<node>
					<identifier>	MP_IM010_Life_Jacket_INDEX_26	</identifier>
					<transform>
						<row0>	0.0000 0.0000 -1.0000 0.0000	</row0>
						<row1>	0.0000 1.0000 0.0000 0.0000	</row1>
						<row2>	1.0000 0.0000 0.0000 0.0000	</row2>
						<row3>	-0.0135 0.9139 1.1517 1.0000	</row3>
					</transform>
				</node>
				<node>
					<identifier>	MP_IM010_Life_Jacket_INDEX_27	</identifier>
					<transform>
						<row0>	1.0000 0.0000 0.0000 0.0000	</row0>
						<row1>	0.0000 1.0000 0.0000 0.0000	</row1>
						<row2>	0.0000 0.0000 1.0000 0.0000	</row2>
						<row3>	0.2548 0.9361 0.7758 1.0000	</row3>
					</transform>
				</node>
				<node>
					<identifier>	MP_IM010_Life_Jacket_INDEX_28	</identifier>
					<transform>
						<row0>	1.0000 0.0000 0.0000 0.0000	</row0>
						<row1>	0.0000 1.0000 0.0000 0.0000	</row1>
						<row2>	0.0000 0.0000 1.0000 0.0000	</row2>
						<row3>	0.2354 0.6913 1.2877 1.0000	</row3>
					</transform>
				</node>
				<node>
					<identifier>	MP_IM010_Life_Jacket_INDEX_29	</identifier>
					<transform>
						<row0>	0.7314 0.0000 -0.6819 0.0000	</row0>
						<row1>	0.0000 1.0000 0.0000 0.0000	</row1>
						<row2>	0.6819 0.0000 0.7314 0.0000	</row2>
						<row3>	-0.0712 0.9483 0.8055 1.0000	</row3>
					</transform>
				</node>
				<node>
					<identifier>	MP_IM010_Life_Jacket_INDEX_3	</identifier>
					<transform>
						<row0>	1.0000 0.0000 0.0000 0.0000	</row0>
						<row1>	0.0000 1.0000 0.0000 0.0000	</row1>
						<row2>	0.0000 0.0000 1.0000 0.0000	</row2>
						<row3>	0.2548 0.9142 0.8028 1.0000	</row3>
					</transform>
				</node>
				<node>
					<identifier>	MP_IM010_Life_Jacket_INDEX_30	</identifier>
					<transform>
						<row0>	-0.9538 0.0000 0.3004 0.0000	</row0>
						<row1>	0.0000 1.0000 0.0000 0.0000	</row1>
						<row2>	-0.3004 0.0000 -0.9538 0.0000	</row2>
						<row3>	0.0596 0.9483 0.2802 1.0000	</row3>
					</transform>
				</node>
				<node>
					<identifier>	MP_IM010_Life_Jacket_INDEX_31	</identifier>
					<transform>
						<row0>	1.0000 0.0000 0.0000 0.0000	</row0>
						<row1>	0.0000 1.0000 0.0000 0.0000	</row1>
						<row2>	0.0000 0.0000 1.0000 0.0000	</row2>
						<row3>	-0.2089 0.9361 0.8020 1.0000	</row3>
					</transform>
				</node>
				<node>
					<identifier>	MP_IM010_Life_Jacket_INDEX_32	</identifier>
					<transform>
						<row0>	1.0000 0.0000 0.0000 0.0000	</row0>
						<row1>	0.0000 1.0000 0.0000 0.0000	</row1>
						<row2>	0.0000 0.0000 1.0000 0.0000	</row2>
						<row3>	-0.2345 0.6913 1.4864 1.0000	</row3>
					</transform>
				</node>
				<node>
					<identifier>	MP_IM010_Life_Jacket_INDEX_33	</identifier>
					<transform>
						<row0>	1.0000 0.0000 0.0000 0.0000	</row0>
						<row1>	0.0000 1.0000 0.0000 0.0000	</row1>
						<row2>	0.0000 0.0000 1.0000 0.0000	</row2>
						<row3>	0.2548 0.9361 0.8682 1.0000	</row3>
					</transform>
				</node>
				<node>
					<identifier>	MP_IM010_Life_Jacket_INDEX_34	</identifier>
					<transform>
						<row0>	1.0000 0.0000 0.0000 0.0000	</row0>
						<row1>	0.0000 1.0000 0.0000 0.0000	</row1>
						<row2>	0.0000 0.0000 1.0000 0.0000	</row2>
						<row3>	0.2089 0.9361 0.8020 1.0000	</row3>
					</transform>
				</node>
				<node>
					<identifier>	MP_IM010_Life_Jacket_INDEX_35	</identifier>
					<transform>
						<row0>	1.0000 0.0000 0.0000 0.0000	</row0>
						<row1>	0.0000 1.0000 0.0000 0.0000	</row1>
						<row2>	0.0000 0.0000 1.0000 0.0000	</row2>
						<row3>	-0.2089 0.9361 0.7311 1.0000	</row3>
					</transform>
				</node>
				<node>
					<identifier>	MP_IM010_Life_Jacket_INDEX_36	</identifier>
					<transform>
						<row0>	1.0000 0.0000 0.0000 0.0000	</row0>
						<row1>	0.0000 1.0000 0.0000 0.0000	</row1>
						<row2>	0.0000 0.0000 1.0000 0.0000	</row2>
						<row3>	-0.1006 0.8418 1.1790 1.0000	</row3>
					</transform>
				</node>
				<node>
					<identifier>	MP_IM010_Life_Jacket_INDEX_37	</identifier>
					<transform>
						<row0>	1.0000 0.0000 0.0000 0.0000	</row0>
						<row1>	0.0000 1.0000 0.0000 0.0000	</row1>
						<row2>	0.0000 0.0000 1.0000 0.0000	</row2>
						<row3>	0.2345 0.6913 1.4245 1.0000	</row3>
					</transform>
				</node>
				<node>
					<identifier>	MP_IM010_Life_Jacket_INDEX_38	</identifier>
					<transform>
						<row0>	0.2776 0.0000 0.9607 0.0000	</row0>
						<row1>	0.0000 1.0000 0.0000 0.0000	</row1>
						<row2>	-0.9607 0.0000 0.2776 0.0000	</row2>
						<row3>	0.0292 0.9483 0.8301 1.0000	</row3>
					</transform>
				</node>
				<node>
					<identifier>	MP_IM010_Life_Jacket_INDEX_39	</identifier>
					<transform>
						<row0>	0.9390 -0.0117 -0.3438 0.0000	</row0>
						<row1>	0.0220 0.9994 0.0261 0.0000	</row1>
						<row2>	0.3433 -0.0321 0.9387 0.0000	</row2>
						<row3>	0.3841 0.5372 0.3552 1.0000	</row3>
					</transform>
				</node>
				<node>
					<identifier>	MP_IM010_Life_Jacket_INDEX_4	</identifier>
					<transform>
						<row0>	1.0000 0.0000 0.0000 0.0000	</row0>
						<row1>	0.0000 1.0000 0.0000 0.0000	</row1>
						<row2>	0.0000 0.0000 1.0000 0.0000	</row2>
						<row3>	-0.2354 0.6913 1.2877 1.0000	</row3>
					</transform>
				</node>
				<node>
					<identifier>	MP_IM010_Life_Jacket_INDEX_40	</identifier>
					<transform>
						<row0>	1.0000 0.0000 0.0000 0.0000	</row0>
						<row1>	0.0000 1.0000 0.0000 0.0000	</row1>
						<row2>	0.0000 0.0000 1.0000 0.0000	</row2>
						<row3>	-0.2089 0.9361 0.7535 1.0000	</row3>
					</transform>
				</node>
				<node>
					<identifier>	MP_IM010_Life_Jacket_INDEX_41	</identifier>
					<transform>
						<row0>	0.0000 0.0000 -1.0000 0.0000	</row0>
						<row1>	0.0000 1.0000 0.0000 0.0000	</row1>
						<row2>	1.0000 0.0000 0.0000 0.0000	</row2>
						<row3>	-0.0365 0.9361 1.0271 1.0000	</row3>
					</transform>
				</node>
				<node>
					<identifier>	MP_IM010_Life_Jacket_INDEX_42	</identifier>
					<transform>
						<row0>	1.0000 0.0000 0.0000 0.0000	</row0>
						<row1>	0.0000 1.0000 0.0000 0.0000	</row1>
						<row2>	0.0000 0.0000 1.0000 0.0000	</row2>
						<row3>	0.2089 0.9361 0.8761 1.0000	</row3>
					</transform>
				</node>
				<node>
					<identifier>	MP_IM010_Life_Jacket_INDEX_43	</identifier>
					<transform>
						<row0>	1.0000 0.0000 0.0000 0.0000	</row0>
						<row1>	0.0000 1.0000 0.0000 0.0000	</row1>
						<row2>	0.0000 0.0000 1.0000 0.0000	</row2>
						<row3>	0.2548 0.9361 0.9125 1.0000	</row3>
					</transform>
				</node>
				<node>
					<identifier>	MP_IM010_Life_Jacket_INDEX_44	</identifier>
					<transform>
						<row0>	1.0000 0.0000 0.0000 0.0000	</row0>
						<row1>	0.0000 1.0000 0.0000 0.0000	</row1>
						<row2>	0.0000 0.0000 1.0000 0.0000	</row2>
						<row3>	-0.2345 0.6913 1.4615 1.0000	</row3>
					</transform>
				</node>
				<node>
					<identifier>	MP_IM010_Life_Jacket_INDEX_45	</identifier>
					<transform>
						<row0>	1.0000 0.0000 0.0000 0.0000	</row0>
						<row1>	0.0000 1.0000 0.0000 0.0000	</row1>
						<row2>	0.0000 0.0000 1.0000 0.0000	</row2>
						<row3>	0.2548 0.9361 0.8904 1.0000	</row3>
					</transform>
				</node>
				<node>
					<identifier>	MP_IM010_Life_Jacket_INDEX_46	</identifier>
					<transform>
						<row0>	0.7650 0.0000 0.6440 0.0000	</row0>
						<row1>	-0.0220 0.9994 0.0261 0.0000	</row1>
						<row2>	-0.6437 -0.0341 0.7646 0.0000	</row2>
						<row3>	-0.4465 0.5332 0.4567 1.0000	</row3>
					</transform>
				</node>
				<node>
					<identifier>	MP_IM010_Life_Jacket_INDEX_47	</identifier>
					<transform>
						<row0>	0.6558 0.0000 0.7550 0.0000	</row0>
						<row1>	0.0000 1.0000 0.0000 0.0000	</row1>
						<row2>	-0.7550 0.0000 0.6558 0.0000	</row2>
