<ISC035_Francesco_Ferruccio_1943_MidBack.skel_ext>
	<exported>	true	</exported>
	<node>
		<identifier>	MP_CM014_Fuel_Oil_Hose	</identifier>
		<parent>	Scene Root	</parent>
		<transform>
			<row0>	0.0000 -1.0000 0.0000 0.0000	</row0>
			<row1>	1.0000 0.0000 0.0000 0.0000	</row1>
			<row2>	0.0000 0.0000 1.0000 0.0000	</row2>
			<row3>	-0.2178 0.6095 -1.2839 1.0000	</row3>
		</transform>
	</node>
	<node>
		<identifier>	MP_CM014_Fuel_Oil_Hose_INDEX_1	</identifier>
		<parent>	Scene Root	</parent>
		<transform>
			<row0>	0.0000 -1.0000 0.0000 0.0000	</row0>
			<row1>	1.0000 0.0000 0.0000 0.0000	</row1>
			<row2>	0.0000 0.0000 1.0000 0.0000	</row2>
			<row3>	-0.2178 0.6095 -1.1261 1.0000	</row3>
		</transform>
	</node>
	<node>
		<identifier>	MP_CM014_Fuel_Oil_Hose_INDEX_2	</identifier>
		<parent>	Scene Root	</parent>
		<transform>
			<row0>	0.0000 -1.0000 0.0000 0.0000	</row0>
			<row1>	1.0000 0.0000 0.0000 0.0000	</row1>
			<row2>	0.0000 0.0000 1.0000 0.0000	</row2>
			<row3>	-0.1885 0.6095 -1.2839 1.0000	</row3>
		</transform>
	</node>
	<node>
		<identifier>	MP_CM014_Fuel_Oil_Hose_INDEX_3	</identifier>
		<parent>	Scene Root	</parent>
		<transform>
			<row0>	0.0000 -1.0000 0.0000 0.0000	</row0>
			<row1>	1.0000 0.0000 0.0000 0.0000	</row1>
			<row2>	0.0000 0.0000 1.0000 0.0000	</row2>
			<row3>	0.1885 0.6095 -1.2839 1.0000	</row3>
		</transform>
	</node>
	<node>
		<identifier>	MP_CM014_Fuel_Oil_Hose_INDEX_4	</identifier>
		<parent>	Scene Root	</parent>
		<transform>
			<row0>	0.0000 -1.0000 0.0000 0.0000	</row0>
			<row1>	1.0000 0.0000 0.0000 0.0000	</row1>
			<row2>	0.0000 0.0000 1.0000 0.0000	</row2>
			<row3>	0.1885 0.6095 -1.1261 1.0000	</row3>
		</transform>
	</node>
	<node>
		<identifier>	MP_CM014_Fuel_Oil_Hose_INDEX_5	</identifier>
		<parent>	Scene Root	</parent>
		<transform>
			<row0>	0.0000 -1.0000 0.0000 0.0000	</row0>
			<row1>	1.0000 0.0000 0.0000 0.0000	</row1>
			<row2>	0.0000 0.0000 1.0000 0.0000	</row2>
			<row3>	0.2178 0.6095 -1.2839 1.0000	</row3>
		</transform>
	</node>
	<node>
		<identifier>	MP_CM014_Fuel_Oil_Hose_INDEX_6	</identifier>
		<parent>	Scene Root	</parent>
		<transform>
			<row0>	0.0000 -1.0000 0.0000 0.0000	</row0>
			<row1>	1.0000 0.0000 0.0000 0.0000	</row1>
			<row2>	0.0000 0.0000 1.0000 0.0000	</row2>
			<row3>	0.2178 0.6095 -1.1261 1.0000	</row3>
		</transform>
	</node>
	<node>
		<identifier>	MP_CM014_Fuel_Oil_Hose_INDEX_7	</identifier>
		<parent>	Scene Root	</parent>
		<transform>
			<row0>	0.0000 -1.0000 0.0000 0.0000	</row0>
			<row1>	1.0000 0.0000 0.0000 0.0000	</row1>
			<row2>	0.0000 0.0000 1.0000 0.0000	</row2>
			<row3>	-0.1885 0.6095 -1.1261 1.0000	</row3>
		</transform>
	</node>
	<node>
		<identifier>	MP_CM029_Emergency_Box	</identifier>
		<parent>	Scene Root	</parent>
		<transform>
			<row0>	-0.9600 0.0000 0.2800 0.0000	</row0>
			<row1>	0.0000 1.0000 0.0000 0.0000	</row1>
			<row2>	-0.2800 0.0000 -0.9600 0.0000	</row2>
			<row3>	0.0778 0.6673 -1.5454 1.0000	</row3>
		</transform>
	</node>
	<node>
		<identifier>	MP_CM029_Emergency_Box_INDEX_1	</identifier>
		<parent>	Scene Root	</parent>
		<transform>
			<row0>	0.0000 0.0000 1.0000 0.0000	</row0>
			<row1>	0.0000 1.0000 0.0000 0.0000	</row1>
			<row2>	-1.0000 0.0000 0.0000 0.0000	</row2>
			<row3>	0.2452 0.3774 -3.0502 1.0000	</row3>
		</transform>
	</node>
	<node>
		<identifier>	MP_CM029_Emergency_Box_INDEX_2	</identifier>
		<parent>	Scene Root	</parent>
		<transform>
			<row0>	0.9613 0.0000 0.2756 0.0000	</row0>
			<row1>	0.0000 1.0000 0.0000 0.0000	</row1>
			<row2>	-0.2756 0.0000 0.9613 0.0000	</row2>
			<row3>	-0.0624 0.8070 -1.5543 1.0000	</row3>
		</transform>
	</node>
	<node>
		<identifier>	MP_CM029_Emergency_Box_INDEX_3	</identifier>
		<parent>	Scene Root	</parent>
		<transform>
			<row0>	0.0000 0.0000 -1.0000 0.0000	</row0>
			<row1>	0.0000 1.0000 0.0000 0.0000	</row1>
			<row2>	1.0000 0.0000 0.0000 0.0000	</row2>
			<row3>	-0.1526 0.5551 -1.9111 1.0000	</row3>
		</transform>
	</node>
	<node>
		<identifier>	MP_CM029_Emergency_Box_INDEX_4	</identifier>
		<parent>	Scene Root	</parent>
		<transform>
			<row0>	0.0000 0.0000 -1.0000 0.0000	</row0>
			<row1>	0.0000 1.0000 0.0000 0.0000	</row1>
			<row2>	1.0000 0.0000 0.0000 0.0000	</row2>
			<row3>	-0.2452 0.3774 -3.0502 1.0000	</row3>
		</transform>
	</node>
	<node>
		<identifier>	MP_CM029_Emergency_Box_INDEX_5	</identifier>
		<parent>	Scene Root	</parent>
		<transform>
			<row0>	1.0000 0.0000 0.0000 0.0000	</row0>
			<row1>	0.0000 1.0000 0.0000 0.0000	</row1>
			<row2>	0.0000 0.0000 1.0000 0.0000	</row2>
			<row3>	0.2041 0.3771 -2.0527 1.0000	</row3>
		</transform>
	</node>
	<node>
		<identifier>	MP_CM029_Emergency_Box_INDEX_6	</identifier>
		<parent>	Scene Root	</parent>
		<transform>
			<row0>	0.0000 0.0000 1.0000 0.0000	</row0>
			<row1>	0.0000 1.0000 0.0000 0.0000	</row1>
			<row2>	-1.0000 0.0000 0.0000 0.0000	</row2>
			<row3>	0.1526 0.5551 -1.9111 1.0000	</row3>
		</transform>
	</node>
	<node>
		<identifier>	MP_CM052_Fender	</identifier>
		<parent>	Scene Root	</parent>
		<transform>
			<row0>	-0.1876 0.0056 -0.9822 0.0000	</row0>
			<row1>	0.0000 1.0000 0.0057 0.0000	</row1>
			<row2>	0.9823 0.0011 -0.1876 0.0000	</row2>
			<row3>	0.2636 0.3133 -3.2905 1.0000	</row3>
		</transform>
	</node>
	<node>
		<identifier>	MP_CM052_Fender_INDEX_1	</identifier>
		<parent>	Scene Root	</parent>
		<transform>
			<row0>	-0.1876 -0.0056 0.9822 0.0000	</row0>
			<row1>	0.0000 1.0000 0.0057 0.0000	</row1>
			<row2>	-0.9823 0.0011 -0.1876 0.0000	</row2>
			<row3>	-0.2636 0.3133 -3.2905 1.0000	</row3>
		</transform>
	</node>
	<node>
		<identifier>	MP_CM056_Ships_bell	</identifier>
		<parent>	Scene Root	</parent>
		<transform>
			<row0>	0.0000 0.0000 -0.5557 0.0000	</row0>
			<row1>	0.0000 0.5557 0.0000 0.0000	</row1>
			<row2>	0.5557 0.0000 0.0000 0.0000	</row2>
			<row3>	0.0000 0.5977 -2.2834 1.0000	</row3>
		</transform>
	</node>
	<node>
		<identifier>	MP_CM082_Rope	</identifier>
		<parent>	Scene Root	</parent>
		<transform>
			<row0>	-0.6197 0.0000 -0.3351 0.0000	</row0>
			<row1>	0.0000 0.7045 0.0000 0.0000	</row1>
			<row2>	0.3351 0.0000 -0.6197 0.0000	</row2>
			<row3>	-0.2315 0.8095 -1.9393 1.0000	</row3>
		</transform>
	</node>
	<node>
		<identifier>	MP_CM082_Rope_INDEX_1	</identifier>
		<parent>	Scene Root	</parent>
		<transform>
			<row0>	-0.6228 0.0000 0.3293 0.0000	</row0>
			<row1>	0.0000 0.7045 0.0000 0.0000	</row1>
			<row2>	-0.3293 0.0000 -0.6228 0.0000	</row2>
			<row3>	0.2212 0.8093 -1.9565 1.0000	</row3>
		</transform>
	</node>
	<node>
		<identifier>	MP_CM082_Rope_INDEX_2	</identifier>
		<parent>	Scene Root	</parent>
		<transform>
			<row0>	-0.6180 0.0000 0.3382 0.0000	</row0>
			<row1>	0.0000 0.7045 0.0000 0.0000	</row1>
			<row2>	-0.3382 0.0000 -0.6180 0.0000	</row2>
			<row3>	0.2383 0.8091 -1.9274 1.0000	</row3>
		</transform>
	</node>
	<node>
		<identifier>	MP_CM082_Rope_INDEX_3	</identifier>
		<parent>	Scene Root	</parent>
		<transform>
			<row0>	0.0000 0.0000 -0.7045 0.0000	</row0>
			<row1>	0.0000 0.7045 0.0000 0.0000	</row1>
			<row2>	0.7045 0.0000 0.0000 0.0000	</row2>
			<row3>	0.0000 0.7931 -1.5853 1.0000	</row3>
		</transform>
	</node>
	<node>
		<identifier>	MP_CM082_Rope_INDEX_4	</identifier>
		<parent>	Scene Root	</parent>
		<transform>
			<row0>	-0.6180 0.0000 -0.3382 0.0000	</row0>
			<row1>	0.0000 0.7045 0.0000 0.0000	</row1>
			<row2>	0.3382 0.0000 -0.6180 0.0000	</row2>
			<row3>	-0.2383 0.8091 -1.9274 1.0000	</row3>
		</transform>
	</node>
	<node>
		<identifier>	MP_CM082_Rope_INDEX_5	</identifier>
		<parent>	Scene Root	</parent>
		<transform>
			<row0>	-0.6197 0.0000 0.3351 0.0000	</row0>
			<row1>	0.0000 0.7045 0.0000 0.0000	</row1>
			<row2>	-0.3351 0.0000 -0.6197 0.0000	</row2>
			<row3>	0.2315 0.8095 -1.9393 1.0000	</row3>
		</transform>
	</node>
	<node>
		<identifier>	MP_CM082_Rope_INDEX_6	</identifier>
		<parent>	Scene Root	</parent>
		<transform>
			<row0>	-0.6228 0.0000 -0.3293 0.0000	</row0>
			<row1>	0.0000 0.7045 0.0000 0.0000	</row1>
			<row2>	0.3293 0.0000 -0.6228 0.0000	</row2>
			<row3>	-0.2212 0.8093 -1.9565 1.0000	</row3>
		</transform>
	</node>
	<node>
		<identifier>	MP_CM082_Rope_INDEX_7	</identifier>
		<parent>	Scene Root	</parent>
		<transform>
			<row0>	-0.6074 0.0000 0.3569 0.0000	</row0>
			<row1>	0.0000 0.7045 0.0000 0.0000	</row1>
			<row2>	-0.3569 0.0000 -0.6074 0.0000	</row2>
			<row3>	0.2108 0.8091 -1.9759 1.0000	</row3>
		</transform>
	</node>
	<node>
		<identifier>	MP_CM082_Rope_INDEX_8	</identifier>
		<parent>	Scene Root	</parent>
		<transform>
			<row0>	-0.6074 0.0000 -0.3569 0.0000	</row0>
			<row1>	0.0000 0.7045 0.0000 0.0000	</row1>
			<row2>	0.3569 0.0000 -0.6074 0.0000	</row2>
			<row3>	-0.2108 0.8091 -1.9759 1.0000	</row3>
		</transform>
	</node>
	<node>
		<identifier>	MP_CM126_Cleat	</identifier>
		<parent>	Scene Root	</parent>
		<transform>
			<row0>	0.2620 -0.0041 0.6491 0.0000	</row0>
			<row1>	-0.6491 0.0000 0.2620 0.0000	</row1>
			<row2>	-0.0015 -0.7000 -0.0038 0.0000	</row2>
			<row3>	0.4624 0.3662 -3.5146 1.0000	</row3>
		</transform>
	</node>
	<node>
		<identifier>	MP_CM126_Cleat_INDEX_1	</identifier>
		<parent>	Scene Root	</parent>
		<transform>
			<row0>	0.2620 0.0041 -0.6491 0.0000	</row0>
			<row1>	0.6491 0.0000 0.2620 0.0000	</row1>
			<row2>	0.0015 -0.7000 -0.0038 0.0000	</row2>
			<row3>	-0.4641 0.3645 -3.5153 1.0000	</row3>
		</transform>
	</node>
	<node>
		<identifier>	MP_IM001_Paramine_Tipo_C	</identifier>
		<parent>	Scene Root	</parent>
		<transform>
			<row0>	-0.0103 0.9997 0.0225 0.0000	</row0>
			<row1>	0.5484 0.0244 -0.8358 0.0000	</row1>
			<row2>	-0.8361 0.0038 -0.5485 0.0000	</row2>
			<row3>	0.1126 0.4044 -3.4699 1.0000	</row3>
		</transform>
	</node>
	<node>
		<identifier>	MP_IM001_Paramine_Tipo_C_INDEX_1	</identifier>
		<parent>	Scene Root	</parent>
		<transform>
			<row0>	-0.0103 -0.9997 -0.0225 0.0000	</row0>
			<row1>	-0.5484 0.0244 -0.8358 0.0000	</row1>
			<row2>	0.8361 0.0038 -0.5485 0.0000	</row2>
			<row3>	-0.1126 0.4044 -3.4699 1.0000	</row3>
		</transform>
	</node>
	<node>
		<identifier>	MP_IM018_Torpedo_Cart	</identifier>
		<parent>	Scene Root	</parent>
		<transform>
			<row0>	0.9970 0.0000 -0.0773 0.0000	</row0>
			<row1>	0.0000 1.0000 0.0000 0.0000	</row1>
			<row2>	0.0773 0.0000 0.9970 0.0000	</row2>
			<row3>	0.3718 0.3198 -2.9891 1.0000	</row3>
		</transform>
	</node>
	<node>
		<identifier>	MP_IM018_Torpedo_Cart_INDEX_1	</identifier>
		<parent>	Scene Root	</parent>
		<transform>
			<row0>	0.9970 0.0000 0.0773 0.0000	</row0>
			<row1>	0.0000 1.0000 0.0000 0.0000	</row1>
			<row2>	-0.0773 0.0000 0.9970 0.0000	</row2>
			<row3>	-0.3718 0.3198 -2.9891 1.0000	</row3>
		</transform>
	</node>
	<node>
		<identifier>	MP_IM019_Life_Buoy	</identifier>
		<parent>	Scene Root	</parent>
		<transform>
			<row0>	-0.0821 0.0000 -0.9966 0.0000	</row0>
			<row1>	0.0483 0.9988 -0.0040 0.0000	</row1>
			<row2>	0.9955 -0.0484 -0.0820 0.0000	</row2>
			<row3>	0.3844 0.2288 -4.3966 1.0000	</row3>
		</transform>
	</node>
	<node>
		<identifier>	MP_IM019_Life_Buoy_INDEX_1	</identifier>
		<parent>	Scene Root	</parent>
		<transform>
			<row0>	-0.0821 0.0000 0.9966 0.0000	</row0>
			<row1>	-0.0483 0.9988 -0.0040 0.0000	</row1>
			<row2>	-0.9955 -0.0484 -0.0820 0.0000	</row2>
			<row3>	-0.3844 0.2288 -4.3966 1.0000	</row3>
		</transform>
	</node>
	<node>
		<identifier>	MP_IM021_Turtle	</identifier>
		<parent>	Scene Root	</parent>
		<transform>
			<row0>	-0.9232 0.0000 0.3842 0.0000	</row0>
			<row1>	0.0000 1.0000 0.0000 0.0000	</row1>
			<row2>	-0.3842 0.0000 -0.9232 0.0000	</row2>
			<row3>	-0.0480 0.5617 -2.2362 1.0000	</row3>
		</transform>
	</node>
	<node>
		<identifier>	MP_IM021_Turtle_INDEX_1	</identifier>
		<parent>	Scene Root	</parent>
		<transform>
			<row0>	-1.0000 0.0000 0.0000 0.0000	</row0>
			<row1>	0.0000 1.0000 0.0000 0.0000	</row1>
			<row2>	0.0000 0.0000 -1.0000 0.0000	</row2>
			<row3>	0.1708 0.3842 -2.0462 1.0000	</row3>
		</transform>
	</node>
	<node>
		<identifier>	MP_IM021_Turtle_INDEX_10	</identifier>
		<parent>	Scene Root	</parent>
		<transform>
			<row0>	0.5194 0.0000 0.8546 0.0000	</row0>
			<row1>	0.0000 1.0000 0.0000 0.0000	</row1>
			<row2>	-0.8546 0.0000 0.5194 0.0000	</row2>
			<row3>	-0.1009 0.8542 -1.9349 1.0000	</row3>
		</transform>
	</node>
	<node>
		<identifier>	MP_IM021_Turtle_INDEX_11	</identifier>
		<parent>	Scene Root	</parent>
		<transform>
			<row0>	0.2046 0.0000 0.9788 0.0000	</row0>
			<row1>	0.0000 1.0000 0.0000 0.0000	</row1>
			<row2>	-0.9788 0.0000 0.2046 0.0000	</row2>
			<row3>	-0.1146 0.8542 -1.9663 1.0000	</row3>
		</transform>
	</node>
	<node>
		<identifier>	MP_IM021_Turtle_INDEX_12	</identifier>
		<parent>	Scene Root	</parent>
		<transform>
			<row0>	-0.9232 0.0000 -0.3842 0.0000	</row0>
			<row1>	0.0000 1.0000 0.0000 0.0000	</row1>
			<row2>	0.3842 0.0000 -0.9232 0.0000	</row2>
			<row3>	0.0651 0.5617 -2.2291 1.0000	</row3>
		</transform>
	</node>
	<node>
		<identifier>	MP_IM021_Turtle_INDEX_13	</identifier>
		<parent>	Scene Root	</parent>
		<transform>
			<row0>	0.3916 0.0000 -0.9201 0.0000	</row0>
			<row1>	0.0000 1.0000 0.0000 0.0000	</row1>
			<row2>	0.9201 0.0000 0.3916 0.0000	</row2>
			<row3>	0.1098 0.8542 -1.9501 1.0000	</row3>
		</transform>
	</node>
	<node>
		<identifier>	MP_IM021_Turtle_INDEX_14	</identifier>
		<parent>	Scene Root	</parent>
		<transform>
			<row0>	-0.7992 0.0000 -0.6010 0.0000	</row0>
			<row1>	0.0000 1.0000 0.0000 0.0000	</row1>
			<row2>	0.6010 0.0000 -0.7992 0.0000	</row2>
			<row3>	0.0924 0.5617 -2.2108 1.0000	</row3>
		</transform>
	</node>
	<node>
		<identifier>	MP_IM021_Turtle_INDEX_15	</identifier>
		<parent>	Scene Root	</parent>
		<transform>
			<row0>	0.6113 0.0000 -0.7914 0.0000	</row0>
			<row1>	0.0000 1.0000 0.0000 0.0000	</row1>
			<row2>	0.7914 0.0000 0.6113 0.0000	</row2>
			<row3>	0.0914 0.8542 -1.9207 1.0000	</row3>
		</transform>
	</node>
	<node>
		<identifier>	MP_IM021_Turtle_INDEX_16	</identifier>
		<parent>	Scene Root	</parent>
		<transform>
			<row0>	-0.9232 0.0000 0.3842 0.0000	</row0>
			<row1>	0.0000 1.0000 0.0000 0.0000	</row1>
			<row2>	-0.3842 0.0000 -0.9232 0.0000	</row2>
			<row3>	-0.0651 0.5617 -2.2291 1.0000	</row3>
		</transform>
	</node>
	<node>
		<identifier>	MP_IM021_Turtle_INDEX_17	</identifier>
		<parent>	Scene Root	</parent>
		<transform>
			<row0>	-1.0000 0.0000 0.0000 0.0000	</row0>
			<row1>	0.0000 1.0000 0.0000 0.0000	</row1>
			<row2>	0.0000 0.0000 -1.0000 0.0000	</row2>
			<row3>	0.1169 0.3842 -2.0462 1.0000	</row3>
		</transform>
	</node>
	<node>
		<identifier>	MP_IM021_Turtle_INDEX_18	</identifier>
		<parent>	Scene Root	</parent>
		<transform>
			<row0>	-0.7992 0.0000 -0.6010 0.0000	</row0>
			<row1>	0.0000 1.0000 0.0000 0.0000	</row1>
			<row2>	0.6010 0.0000 -0.7992 0.0000	</row2>
			<row3>	0.0799 0.5617 -2.2205 1.0000	</row3>
		</transform>
	</node>
	<node>
		<identifier>	MP_IM021_Turtle_INDEX_19	</identifier>
		<parent>	Scene Root	</parent>
		<transform>
			<row0>	0.6113 0.0000 0.7914 0.0000	</row0>
			<row1>	0.0000 1.0000 0.0000 0.0000	</row1>
			<row2>	-0.7914 0.0000 0.6113 0.0000	</row2>
			<row3>	-0.0914 0.8542 -1.9207 1.0000	</row3>
		</transform>
	</node>
	<node>
		<identifier>	MP_IM021_Turtle_INDEX_2	</identifier>
		<parent>	Scene Root	</parent>
		<transform>
			<row0>	-1.0000 0.0000 0.0000 0.0000	</row0>
			<row1>	0.0000 1.0000 0.0000 0.0000	</row1>
			<row2>	0.0000 0.0000 -1.0000 0.0000	</row2>
			<row3>	0.1538 0.3842 -2.0462 1.0000	</row3>
		</transform>
	</node>
	<node>
		<identifier>	MP_IM021_Turtle_INDEX_3	</identifier>
		<parent>	Scene Root	</parent>
		<transform>
			<row0>	-1.0000 0.0000 0.0000 0.0000	</row0>
			<row1>	0.0000 1.0000 0.0000 0.0000	</row1>
			<row2>	0.0000 0.0000 -1.0000 0.0000	</row2>
			<row3>	0.1350 0.3842 -2.0462 1.0000	</row3>
		</transform>
	</node>
	<node>
		<identifier>	MP_IM021_Turtle_INDEX_4	</identifier>
		<parent>	Scene Root	</parent>
		<transform>
			<row0>	-0.7992 0.0000 0.6010 0.0000	</row0>
			<row1>	0.0000 1.0000 0.0000 0.0000	</row1>
			<row2>	-0.6010 0.0000 -0.7992 0.0000	</row2>
			<row3>	-0.0924 0.5617 -2.2108 1.0000	</row3>
		</transform>
	</node>
	<node>
		<identifier>	MP_IM021_Turtle_INDEX_5	</identifier>
		<parent>	Scene Root	</parent>
		<transform>
			<row0>	0.5194 0.0000 -0.8546 0.0000	</row0>
			<row1>	0.0000 1.0000 0.0000 0.0000	</row1>
			<row2>	0.8546 0.0000 0.5194 0.0000	</row2>
			<row3>	0.1009 0.8542 -1.9349 1.0000	</row3>
		</transform>
	</node>
	<node>
		<identifier>	MP_IM021_Turtle_INDEX_6	</identifier>
		<parent>	Scene Root	</parent>
		<transform>
			<row0>	-0.7992 0.0000 0.6010 0.0000	</row0>
			<row1>	0.0000 1.0000 0.0000 0.0000	</row1>
			<row2>	-0.6010 0.0000 -0.7992 0.0000	</row2>
			<row3>	-0.0799 0.5617 -2.2205 1.0000	</row3>
		</transform>
	</node>
	<node>
		<identifier>	MP_IM021_Turtle_INDEX_7	</identifier>
		<parent>	Scene Root	</parent>
		<transform>
			<row0>	0.3916 0.0000 0.9201 0.0000	</row0>
			<row1>	0.0000 1.0000 0.0000 0.0000	</row1>
			<row2>	-0.9201 0.0000 0.3916 0.0000	</row2>
			<row3>	-0.1098 0.8542 -1.9501 1.0000	</row3>
		</transform>
	</node>
	<node>
		<identifier>	MP_IM021_Turtle_INDEX_8	</identifier>
		<parent>	Scene Root	</parent>
		<transform>
			<row0>	0.2046 0.0000 -0.9788 0.0000	</row0>
			<row1>	0.0000 1.0000 0.0000 0.0000	</row1>
			<row2>	0.9788 0.0000 0.2046 0.0000	</row2>
			<row3>	0.1146 0.8542 -1.9663 1.0000	</row3>
		</transform>
	</node>
	<node>
		<identifier>	MP_IM021_Turtle_INDEX_9	</identifier>
		<parent>	Scene Root	</parent>
		<transform>
			<row0>	-0.9232 0.0000 -0.3842 0.0000	</row0>
			<row1>	0.0000 1.0000 0.0000 0.0000	</row1>
			<row2>	0.3842 0.0000 -0.9232 0.0000	</row2>
			<row3>	0.0480 0.5617 -2.2362 1.0000	</row3>
		</transform>
	</node>
	<node>
		<identifier>	MP_IM026_Reels	</identifier>
		<parent>	Scene Root	</parent>
		<transform>
			<row0>	1.0000 0.0000 0.0000 0.0000	</row0>
			<row1>	0.0000 1.0000 0.0000 0.0000	</row1>
			<row2>	0.0000 0.0000 1.0000 0.0000	</row2>
			<row3>	0.0935 0.3154 -3.9693 1.0000	</row3>
		</transform>
	</node>
	<node>
		<identifier>	MP_IM026_Reels_INDEX_1	</identifier>
		<parent>	Scene Root	</parent>
		<transform>
			<row0>	1.0000 0.0000 0.0000 0.0000	</row0>
			<row1>	0.0000 1.0000 0.0000 0.0000	</row1>
			<row2>	0.0000 0.0000 1.0000 0.0000	</row2>
			<row3>	-0.0935 0.3154 -3.9693 1.0000	</row3>
		</transform>
	</node>
	<node>
		<identifier>	MP_IM030_Depth_Charge_Double	</identifier>
		<parent>	Scene Root	</parent>
		<transform>
			<row0>	0.9983 0.0000 0.0578 0.0000	</row0>
			<row1>	0.0000 1.0000 0.0000 0.0000	</row1>
			<row2>	-0.0578 0.0000 0.9983 0.0000	</row2>
			<row3>	-0.3838 0.3166 -3.9761 1.0000	</row3>
		</transform>
	</node>
	<node>
		<identifier>	MP_IM030_Depth_Charge_Double_INDEX_1	</identifier>
		<parent>	Scene Root	</parent>
		<transform>
			<row0>	0.9983 0.0000 -0.0578 0.0000	</row0>
			<row1>	0.0000 1.0000 0.0000 0.0000	</row1>
			<row2>	0.0578 0.0000 0.9983 0.0000	</row2>
			<row3>	0.3645 0.3188 -4.2120 1.0000	</row3>
		</transform>
	</node>
	<node>
		<identifier>	MP_IM030_Depth_Charge_Double_INDEX_2	</identifier>
		<parent>	Scene Root	</parent>
		<transform>
			<row0>	0.9983 0.0000 0.0578 0.0000	</row0>
			<row1>	0.0000 1.0000 0.0000 0.0000	</row1>
			<row2>	-0.0578 0.0000 0.9983 0.0000	</row2>
			<row3>	-0.4042 0.3140 -3.6936 1.0000	</row3>
		</transform>
	</node>
	<node>
		<identifier>	MP_IM030_Depth_Charge_Double_INDEX_3	</identifier>
		<parent>	Scene Root	</parent>
		<transform>
			<row0>	0.9983 0.0000 0.0578 0.0000	</row0>
			<row1>	0.0000 1.0000 0.0000 0.0000	</row1>
			<row2>	-0.0578 0.0000 0.9983 0.0000	</row2>
			<row3>	-0.3893 0.3158 -3.8965 1.0000	</row3>
		</transform>
	</node>
	<node>
		<identifier>	MP_IM030_Depth_Charge_Double_INDEX_4	</identifier>
		<parent>	Scene Root	</parent>
		<transform>
			<row0>	0.9983 0.0000 0.0578 0.0000	</row0>
			<row1>	0.0000 1.0000 0.0000 0.0000	</row1>
			<row2>	-0.0578 0.0000 0.9983 0.0000	</row2>
			<row3>	-0.3984 0.3141 -3.7698 1.0000	</row3>
		</transform>
	</node>
	<node>
		<identifier>	MP_IM030_Depth_Charge_Double_INDEX_5	</identifier>
		<parent>	Scene Root	</parent>
		<transform>
			<row0>	0.9983 0.0000 -0.0578 0.0000	</row0>
			<row1>	0.0000 1.0000 0.0000 0.0000	</row1>
			<row2>	0.0578 0.0000 0.9983 0.0000	</row2>
			<row3>	0.3896 0.3158 -3.8965 1.0000	</row3>
		</transform>
	</node>
	<node>
		<identifier>	MP_IM030_Depth_Charge_Double_INDEX_6	</identifier>
		<parent>	Scene Root	</parent>
		<transform>
			<row0>	0.9983 0.0000 -0.0578 0.0000	</row0>
			<row1>	0.0000 1.0000 0.0000 0.0000	</row1>
			<row2>	0.0578 0.0000 0.9983 0.0000	</row2>
			<row3>	0.3846 0.3166 -3.9761 1.0000	</row3>
		</transform>
	</node>
	<node>
		<identifier>	MP_IM030_Depth_Charge_Double_INDEX_7	</identifier>
		<parent>	Scene Root	</parent>
		<transform>
			<row0>	0.9983 0.0000 -0.0578 0.0000	</row0>
			<row1>	0.0000 1.0000 0.0000 0.0000	</row1>
			<row2>	0.0578 0.0000 0.9983 0.0000	</row2>
			<row3>	0.3583 0.3194 -4.2883 1.0000	</row3>
		</transform>
	</node>
	<node>
		<identifier>	MP_IM031_Fire_Fighting	</identifier>
		<parent>	Scene Root	</parent>
		<transform>
			<row0>	1.0000 0.0000 0.0000 0.0000	</row0>
			<row1>	0.0000 1.0000 0.0000 0.0000	</row1>
			<row2>	0.0000 0.0000 1.0000 0.0000	</row2>
			<row3>	0.0000 0.3160 -3.9970 1.0000	</row3>
		</transform>
	</node>
	<node>
		<identifier>	MP_IM031_Fire_Fighting_INDEX_1	</identifier>
		<parent>	Scene Root	</parent>
		<transform>
			<row0>	0.0000 0.0000 -1.0000 0.0000	</row0>
			<row1>	0.0000 1.0000 0.0000 0.0000	</row1>
			<row2>	1.0000 0.0000 0.0000 0.0000	</row2>
			<row3>	0.2502 0.3105 -3.0837 1.0000	</row3>
		</transform>
	</node>
	<node>
		<identifier>	MP_IM031_Fire_Fighting_INDEX_2	</identifier>
		<parent>	Scene Root	</parent>
		<transform>
			<row0>	1.0000 0.0000 0.0000 0.0000	</row0>
			<row1>	0.0000 1.0000 0.0000 0.0000	</row1>
			<row2>	0.0000 0.0000 1.0000 0.0000	</row2>
			<row3>	-0.5072 0.3067 -1.8096 1.0000	</row3>
		</transform>
	</node>
	<node>
		<identifier>	MP_IM031_Fire_Fighting_INDEX_3	</identifier>
		<parent>	Scene Root	</parent>
		<transform>
			<row0>	0.0000 0.0000 1.0000 0.0000	</row0>
			<row1>	0.0000 1.0000 0.0000 0.0000	</row1>
			<row2>	-1.0000 0.0000 0.0000 0.0000	</row2>
			<row3>	-0.2502 0.3105 -3.0837 1.0000	</row3>
		</transform>
	</node>
	<node>
		<identifier>	MP_IM031_Fire_Fighting_INDEX_4	</identifier>
		<parent>	Scene Root	</parent>
		<transform>
			<row0>	0.0000 0.0000 -1.0000 0.0000	</row0>
			<row1>	0.0000 1.0000 0.0000 0.0000	</row1>
			<row2>	1.0000 0.0000 0.0000 0.0000	</row2>
			<row3>	-0.2553 0.4599 -1.1621 1.0000	</row3>
		</transform>
	</node>
	<node>
		<identifier>	MP_IM031_Fire_Fighting_INDEX_5	</identifier>
		<parent>	Scene Root	</parent>
		<transform>
			<row0>	0.0000 0.0000 1.0000 0.0000	</row0>
			<row1>	0.0000 1.0000 0.0000 0.0000	</row1>
			<row2>	-1.0000 0.0000 0.0000 0.0000	</row2>
			<row3>	0.2553 0.4599 -1.1621 1.0000	</row3>
		</transform>
	</node>
	<node>
		<identifier>	MP_IM031_Fire_Fighting_INDEX_6	</identifier>
		<parent>	Scene Root	</parent>
		<transform>
			<row0>	1.0000 0.0000 0.0000 0.0000	</row0>
			<row1>	0.0000 1.0000 0.0000 0.0000	</row1>
			<row2>	0.0000 0.0000 1.0000 0.0000	</row2>
			<row3>	0.4155 0.3066 -1.8096 1.0000	</row3>
		</transform>
	</node>
	<node>
		<identifier>	MP_IM032_Fire_Hose	</identifier>
		<parent>	Scene Root	</parent>
		<transform>
			<row0>	0.0000 0.0000 -1.0000 0.0000	</row0>
			<row1>	0.0000 1.0000 0.0000 0.0000	</row1>
			<row2>	1.0000 0.0000 0.0000 0.0000	</row2>
			<row3>	0.2414 0.3811 -3.1315 1.0000	</row3>
		</transform>
	</node>
	<node>
		<identifier>	MP_IM032_Fire_Hose_INDEX_1	</identifier>
		<parent>	Scene Root	</parent>
		<transform>
			<row0>	0.0000 0.0000 -1.0000 0.0000	</row0>
			<row1>	0.0000 1.0000 0.0000 0.0000	</row1>
			<row2>	1.0000 0.0000 0.0000 0.0000	</row2>
			<row3>	0.2403 0.5564 -1.1718 1.0000	</row3>
		</transform>
	</node>
	<node>
		<identifier>	MP_IM032_Fire_Hose_INDEX_2	</identifier>
		<parent>	Scene Root	</parent>
		<transform>
			<row0>	0.0000 0.0000 1.0000 0.0000	</row0>
			<row1>	0.0000 1.0000 0.0000 0.0000	</row1>
			<row2>	-1.0000 0.0000 0.0000 0.0000	</row2>
			<row3>	-0.2414 0.3811 -3.1315 1.0000	</row3>
		</transform>
	</node>
	<node>
		<identifier>	MP_IM032_Fire_Hose_INDEX_3	</identifier>
		<parent>	Scene Root	</parent>
		<transform>
			<row0>	0.0000 0.0000 1.0000 0.0000	</row0>
			<row1>	0.0000 1.0000 0.0000 0.0000	</row1>
			<row2>	-1.0000 0.0000 0.0000 0.0000	</row2>
			<row3>	-0.2403 0.5564 -1.1718 1.0000	</row3>
		</transform>
	</node>
	<node>
		<identifier>	MP_IM046_Credo_Text	</identifier>
		<parent>	Scene Root	</parent>
		<transform>
			<row0>	-0.8351 0.0000 0.7773 0.0000	</row0>
			<row1>	0.0000 1.1409 0.0000 0.0000	</row1>
			<row2>	-0.7773 0.0000 -0.8351 0.0000	</row2>
			<row3>	-0.1534 0.4411 -3.3971 1.0000	</row3>
		</transform>
	</node>
	<node>
		<identifier>	MP_IM046_Credo_Text_INDEX_1	</identifier>
		<parent>	Scene Root	</parent>
		<transform>
			<row0>	-0.7718 0.0000 -0.8402 0.0000	</row0>
			<row1>	0.0000 1.1409 0.0000 0.0000	</row1>
			<row2>	0.8402 0.0000 -0.7718 0.0000	</row2>
			<row3>	0.1606 0.4411 -3.3896 1.0000	</row3>
		</transform>
	</node>
	<node>
		<identifier>	MP_IM500_Life_Boat	</identifier>
		<parent>	Scene Root	</parent>
		<transform>
			<row0>	1.0000 0.0000 0.0000 0.0000	</row0>
			<row1>	0.0000 1.0000 0.0000 0.0000	</row1>
			<row2>	0.0000 0.0000 1.0000 0.0000	</row2>
			<row3>	-0.0001 0.6407 -1.2368 1.0000	</row3>
		</transform>
	</node>
	<node>
		<identifier>	MP_IM500_Life_Boat_INDEX_1	</identifier>
		<parent>	Scene Root	</parent>
		<transform>
			<row0>	0.0000 0.0000 -1.0000 0.0000	</row0>
			<row1>	0.0000 1.0000 0.0000 0.0000	</row1>
			<row2>	1.0000 0.0000 0.0000 0.0000	</row2>
			<row3>	-0.0289 0.5080 -2.4928 1.0000	</row3>
		</transform>
	</node>
	<node>
		<identifier>	MP_IM500_Life_Boat_INDEX_2	</identifier>
		<parent>	Scene Root	</parent>
		<transform>
			<row0>	1.0000 0.0000 0.0000 0.0000	</row0>
			<row1>	0.0000 1.0000 0.0000 0.0000	</row1>
			<row2>	0.0000 0.0000 1.0000 0.0000	</row2>
			<row3>	-0.0001 0.6084 -1.2368 1.0000	</row3>
		</transform>
	</node>
	<node>
		<identifier>	MP_IM500_Life_Boat_INDEX_3	</identifier>
		<parent>	Scene Root	</parent>
		<transform>
			<row0>	0.0000 0.0000 -1.0000 0.0000	</row0>
			<row1>	0.0000 1.0000 0.0000 0.0000	</row1>
			<row2>	1.0000 0.0000 0.0000 0.0000	</row2>
			<row3>	-0.0289 0.4757 -2.4928 1.0000	</row3>
		</transform>
	</node>
	<node>
		<identifier>	MP_IM601_Compass	</identifier>
		<parent>	Scene Root	</parent>
		<transform>
			<row0>	-0.4975 -0.0103 -0.8674 0.0000	</row0>
			<row1>	0.0115 0.9998 -0.0185 0.0000	</row1>
			<row2>	0.8674 -0.0192 -0.4972 0.0000	</row2>
			<row3>	0.1573 0.8302 -2.1084 1.0000	</row3>
		</transform>
	</node>
	<node>
		<identifier>	MP_IM601_Compass_INDEX_1	</identifier>
		<parent>	Scene Root	</parent>
		<transform>
			<row0>	-0.4975 0.0103 0.8674 0.0000	</row0>
			<row1>	-0.0115 0.9998 -0.0185 0.0000	</row1>
			<row2>	-0.8674 -0.0192 -0.4972 0.0000	</row2>
			<row3>	-0.1573 0.8302 -2.1084 1.0000	</row3>
		</transform>
	</node>
	<node>
		<identifier>	MP_IM602_Binocular	</identifier>
		<parent>	Scene Root	</parent>
		<transform>
			<row0>	-0.5000 0.0000 0.8660 0.0000	</row0>
			<row1>	0.0000 1.0000 0.0000 0.0000	</row1>
			<row2>	-0.8660 0.0000 -0.5000 0.0000	</row2>
			<row3>	-0.2034 0.8197 -2.0315 1.0000	</row3>
		</transform>
	</node>
	<node>
		<identifier>	MP_IM602_Binocular_INDEX_1	</identifier>
		<parent>	Scene Root	</parent>
		<transform>
			<row0>	0.9414 0.0000 -0.3373 0.0000	</row0>
			<row1>	0.0000 1.0000 0.0000 0.0000	</row1>
			<row2>	0.3373 0.0000 0.9414 0.0000	</row2>
			<row3>	0.1293 0.8197 -1.5692 1.0000	</row3>
		</transform>
	</node>
	<node>
		<identifier>	MP_IM602_Binocular_INDEX_2	</identifier>
		<parent>	Scene Root	</parent>
		<transform>
			<row0>	-0.5000 0.0000 -0.8660 0.0000	</row0>
			<row1>	0.0000 1.0000 0.0000 0.0000	</row1>
			<row2>	0.8660 0.0000 -0.5000 0.0000	</row2>
			<row3>	0.2034 0.8197 -2.0315 1.0000	</row3>
		</transform>
	</node>
	<node>
		<identifier>	MP_IM602_Binocular_INDEX_3	</identifier>
		<parent>	Scene Root	</parent>
		<transform>
			<row0>	0.9414 0.0000 0.3373 0.0000	</row0>
			<row1>	0.0000 1.0000 0.0000 0.0000	</row1>
			<row2>	-0.3373 0.0000 0.9414 0.0000	</row2>
			<row3>	-0.1297 0.8197 -1.5694 1.0000	</row3>
		</transform>
	</node>
	<node>
		<identifier>	MP_IM609_VCU	</identifier>
		<parent>	Scene Root	</parent>
		<transform>
			<row0>	-1.0000 0.0000 0.0000 0.0000	</row0>
			<row1>	0.0000 1.0000 0.0000 0.0000	</row1>
			<row2>	0.0000 0.0000 -1.0000 0.0000	</row2>
			<row3>	0.0000 0.7550 -2.1999 1.0000	</row3>
		</transform>
	</node>
	<node>
		<identifier>	MP_IM613_Anemometer	</identifier>
		<parent>	Scene Root	</parent>
		<transform>
			<row0>	1.0000 0.0000 0.0000 0.0000	</row0>
			<row1>	0.0000 1.0000 0.0000 0.0000	</row1>
			<row2>	0.0000 0.0000 1.0000 0.0000	</row2>
			<row3>	0.0000 1.5615 -1.5403 1.0000	</row3>
		</transform>
	</node>
	<node>
		<identifier>	MP_IM622_Telephone	</identifier>
		<parent>	Scene Root	</parent>
		<transform>
			<row0>	0.0000 0.0000 1.0000 0.0000	</row0>
			<row1>	0.0000 1.0000 0.0000 0.0000	</row1>
			<row2>	-1.0000 0.0000 0.0000 0.0000	</row2>
			<row3>	0.1502 0.5654 -1.9652 1.0000	</row3>
		</transform>
	</node>
	<node>
		<identifier>	MP_IM622_Telephone_INDEX_1	</identifier>
		<parent>	Scene Root	</parent>
		<transform>
			<row0>	-0.9404 0.0000 0.3400 0.0000	</row0>
			<row1>	0.0000 1.0000 0.0000 0.0000	</row1>
			<row2>	-0.3400 0.0000 -0.9404 0.0000	</row2>
			<row3>	0.1143 0.6782 -1.5597 1.0000	</row3>
		</transform>
	</node>
	<node>
		<identifier>	MP_IM622_Telephone_INDEX_2	</identifier>
		<parent>	Scene Root	</parent>
		<transform>
			<row0>	0.0000 0.0000 -1.0000 0.0000	</row0>
			<row1>	0.0000 1.0000 0.0000 0.0000	</row1>
			<row2>	1.0000 0.0000 0.0000 0.0000	</row2>
			<row3>	-0.1502 0.5654 -1.9652 1.0000	</row3>
		</transform>
	</node>
	<node>
		<identifier>	MP_IM622_Telephone_INDEX_3	</identifier>
		<parent>	Scene Root	</parent>
		<transform>
			<row0>	-0.7026 0.0000 0.7115 0.0000	</row0>
			<row1>	0.0000 1.0000 0.0000 0.0000	</row1>
			<row2>	-0.7115 0.0000 -0.7026 0.0000	</row2>
			<row3>	0.2215 0.3868 -2.8862 1.0000	</row3>
		</transform>
	</node>
	<node>
		<identifier>	MP_IM622_Telephone_INDEX_4	</identifier>
		<parent>	Scene Root	</parent>
		<transform>
			<row0>	1.0000 0.0000 0.0000 0.0000	</row0>
			<row1>	0.0000 1.0000 0.0000 0.0000	</row1>
			<row2>	0.0000 0.0000 1.0000 0.0000	</row2>
			<row3>	0.0000 0.8225 -2.1218 1.0000	</row3>
		</transform>
	</node>
	<node>
		<identifier>	MP_IM622_Telephone_INDEX_5	</identifier>
		<parent>	Scene Root	</parent>
		<transform>
			<row0>	0.9634 0.0000 -0.2682 0.0000	</row0>
			<row1>	0.0000 1.0000 0.0000 0.0000	</row1>
			<row2>	0.2682 0.0000 0.9634 0.0000	</row2>
			<row3>	0.0675 0.8201 -1.5529 1.0000	</row3>
		</transform>
	</node>
	<node>
		<identifier>	MP_IM622_Telephone_INDEX_6	</identifier>
		<parent>	Scene Root	</parent>
		<transform>
			<row0>	0.0000 0.0000 -1.0000 0.0000	</row0>
			<row1>	0.0000 1.0000 0.0000 0.0000	</row1>
			<row2>	1.0000 0.0000 0.0000 0.0000	</row2>
			<row3>	-0.2426 0.3868 -2.9978 1.0000	</row3>
		</transform>
	</node>
	<node>
		<identifier>	MP_IM623_Voice_Tube	</identifier>
		<parent>	Scene Root	</parent>
		<transform>
			<row0>	-0.4732 0.0000 -0.8810 0.0000	</row0>
			<row1>	0.0000 1.0000 0.0000 0.0000	</row1>
			<row2>	0.8810 0.0000 -0.4732 0.0000	</row2>
			<row3>	0.1674 0.7560 -2.0616 1.0000	</row3>
		</transform>
	</node>
	<node>
		<identifier>	MP_IM623_Voice_Tube_INDEX_1	</identifier>
		<parent>	Scene Root	</parent>
		<transform>
			<row0>	-0.4732 0.0000 0.8810 0.0000	</row0>
			<row1>	0.0000 1.0000 0.0000 0.0000	</row1>
			<row2>	-0.8810 0.0000 -0.4732 0.0000	</row2>
			<row3>	-0.1674 0.7560 -2.0616 1.0000	</row3>
		</transform>
	</node>
	<node>
		<identifier>	MP_IM700_Ammunition_Box_37mm	</identifier>
		<parent>	Scene Root	</parent>
		<transform>
			<row0>	0.0000 0.0000 -1.0000 0.0000	</row0>
			<row1>	0.0000 1.0000 0.0000 0.0000	</row1>
			<row2>	1.0000 0.0000 0.0000 0.0000	</row2>
			<row3>	0.1584 0.4757 -2.0497 1.0000	</row3>
		</transform>
	</node>
	<node>
		<identifier>	MP_IM700_Ammunition_Box_37mm_INDEX_1	</identifier>
		<parent>	Scene Root	</parent>
		<transform>
			<row0>	0.0000 0.0000 -1.0000 0.0000	</row0>
			<row1>	0.0000 1.0000 0.0000 0.0000	</row1>
			<row2>	1.0000 0.0000 0.0000 0.0000	</row2>
			<row3>	-0.2245 0.4757 -2.4542 1.0000	</row3>
		</transform>
	</node>
	<node>
		<identifier>	MP_IM700_Ammunition_Box_37mm_INDEX_10	</identifier>
		<parent>	Scene Root	</parent>
		<transform>
			<row0>	0.0000 0.0000 -1.0000 0.0000	</row0>
			<row1>	0.0000 1.0000 0.0000 0.0000	</row1>
			<row2>	1.0000 0.0000 0.0000 0.0000	</row2>
			<row3>	-0.2245 0.4757 -2.4211 1.0000	</row3>
		</transform>
	</node>
	<node>
		<identifier>	MP_IM700_Ammunition_Box_37mm_INDEX_11	</identifier>
		<parent>	Scene Root	</parent>
		<transform>
			<row0>	0.0000 0.0000 1.0000 0.0000	</row0>
			<row1>	0.0000 1.0000 0.0000 0.0000	</row1>
			<row2>	-1.0000 0.0000 0.0000 0.0000	</row2>
			<row3>	0.2245 0.4757 -2.3519 1.0000	</row3>
		</transform>
	</node>
	<node>
		<identifier>	MP_IM700_Ammunition_Box_37mm_INDEX_2	</identifier>
		<parent>	Scene Root	</parent>
		<transform>
			<row0>	0.0000 0.0000 1.0000 0.0000	</row0>
			<row1>	0.0000 1.0000 0.0000 0.0000	</row1>
			<row2>	-1.0000 0.0000 0.0000 0.0000	</row2>
			<row3>	-0.1584 0.4757 -2.0827 1.0000	</row3>
		</transform>
	</node>
	<node>
		<identifier>	MP_IM700_Ammunition_Box_37mm_INDEX_3	</identifier>
		<parent>	Scene Root	</parent>
		<transform>
			<row0>	0.0000 0.0000 1.0000 0.0000	</row0>
			<row1>	0.0000 1.0000 0.0000 0.0000	</row1>
			<row2>	-1.0000 0.0000 0.0000 0.0000	</row2>
			<row3>	0.2245 0.4757 -2.6866 1.0000	</row3>
		</transform>
	</node>
	<node>
		<identifier>	MP_IM700_Ammunition_Box_37mm_INDEX_4	</identifier>
		<parent>	Scene Root	</parent>
		<transform>
			<row0>	0.0000 0.0000 1.0000 0.0000	</row0>
			<row1>	0.0000 1.0000 0.0000 0.0000	</row1>
			<row2>	-1.0000 0.0000 0.0000 0.0000	</row2>
			<row3>	0.2245 0.4757 -2.3189 1.0000	</row3>
		</transform>
	</node>
	<node>
		<identifier>	MP_IM700_Ammunition_Box_37mm_INDEX_5	</identifier>
		<parent>	Scene Root	</parent>
		<transform>
			<row0>	0.0000 0.0000 -1.0000 0.0000	</row0>
			<row1>	0.0000 1.0000 0.0000 0.0000	</row1>
			<row2>	1.0000 0.0000 0.0000 0.0000	</row2>
			<row3>	-0.2245 0.4757 -2.4864 1.0000	</row3>
		</transform>
	</node>
	<node>
		<identifier>	MP_IM700_Ammunition_Box_37mm_INDEX_6	</identifier>
		<parent>	Scene Root	</parent>
		<transform>
			<row0>	0.0000 0.0000 -1.0000 0.0000	</row0>
			<row1>	0.0000 1.0000 0.0000 0.0000	</row1>
			<row2>	1.0000 0.0000 0.0000 0.0000	</row2>
			<row3>	0.1584 0.4757 -2.0827 1.0000	</row3>
		</transform>
	</node>
	<node>
		<identifier>	MP_IM700_Ammunition_Box_37mm_INDEX_7	</identifier>
		<parent>	Scene Root	</parent>
		<transform>
			<row0>	0.0000 0.0000 1.0000 0.0000	</row0>
			<row1>	0.0000 1.0000 0.0000 0.0000	</row1>
			<row2>	-1.0000 0.0000 0.0000 0.0000	</row2>
			<row3>	0.2245 0.4757 -2.6536 1.0000	</row3>
		</transform>
	</node>
	<node>
		<identifier>	MP_IM700_Ammunition_Box_37mm_INDEX_8	</identifier>
		<parent>	Scene Root	</parent>
		<transform>
			<row0>	0.0000 0.0000 -1.0000 0.0000	</row0>
			<row1>	0.0000 1.0000 0.0000 0.0000	</row1>
			<row2>	1.0000 0.0000 0.0000 0.0000	</row2>
			<row3>	-0.2245 0.4757 -2.5195 1.0000	</row3>
		</transform>
	</node>
	<node>
		<identifier>	MP_IM700_Ammunition_Box_37mm_INDEX_9	</identifier>
		<parent>	Scene Root	</parent>
		<transform>
			<row0>	0.0000 0.0000 1.0000 0.0000	</row0>
			<row1>	0.0000 1.0000 0.0000 0.0000	</row1>
			<row2>	-1.0000 0.0000 0.0000 0.0000	</row2>
			<row3>	-0.1584 0.4757 -2.0497 1.0000	</row3>
		</transform>
	</node>
	<node>
		<identifier>	MP_IM800_Ventilation	</identifier>
		<parent>	Scene Root	</parent>
		<transform>
			<row0>	-1.0000 0.0000 0.0000 0.0000	</row0>
			<row1>	0.0000 1.0000 0.0000 0.0000	</row1>
			<row2>	0.0000 0.0000 -1.0000 0.0000	</row2>
			<row3>	0.3630 0.3201 -4.3558 1.0000	</row3>
		</transform>
	</node>
	<node>
		<identifier>	MP_IM800_Ventilation_INDEX_1	</identifier>
		<parent>	Scene Root	</parent>
		<transform>
			<row0>	0.0000 0.0000 -1.0000 0.0000	</row0>
			<row1>	0.0000 1.0000 0.0000 0.0000	</row1>
			<row2>	1.0000 0.0000 0.0000 0.0000	</row2>
			<row3>	0.2655 0.4594 -1.2105 1.0000	</row3>
		</transform>
	</node>
	<node>
		<identifier>	MP_IM800_Ventilation_INDEX_2	</identifier>
		<parent>	Scene Root	</parent>
		<transform>
			<row0>	-1.0000 0.0000 0.0000 0.0000	</row0>
			<row1>	0.0000 1.0000 0.0000 0.0000	</row1>
			<row2>	0.0000 0.0000 -1.0000 0.0000	</row2>
			<row3>	-0.3630 0.3201 -4.3558 1.0000	</row3>
		</transform>
	</node>
	<node>
		<identifier>	MP_IM800_Ventilation_INDEX_3	</identifier>
		<parent>	Scene Root	</parent>
		<transform>
			<row0>	-1.0000 0.0000 0.0000 0.0000	</row0>
			<row1>	0.0000 1.0000 0.0000 0.0000	</row1>
			<row2>	0.0000 0.0000 -1.0000 0.0000	</row2>
			<row3>	0.0236 0.3141 -3.4975 1.0000	</row3>
		</transform>
	</node>
	<node>
		<identifier>	MP_IM800_Ventilation_INDEX_4	</identifier>
		<parent>	Scene Root	</parent>
		<transform>
			<row0>	-1.0000 0.0000 0.0000 0.0000	</row0>
			<row1>	0.0000 1.0000 0.0000 0.0000	</row1>
			<row2>	0.0000 0.0000 -1.0000 0.0000	</row2>
			<row3>	-0.0236 0.3141 -3.4975 1.0000	</row3>
		</transform>
	</node>
	<node>
		<identifier>	MP_IM800_Ventilation_INDEX_5	</identifier>
		<parent>	Scene Root	</parent>
		<transform>
			<row0>	0.0000 0.0000 1.0000 0.0000	</row0>
			<row1>	0.0000 1.0000 0.0000 0.0000	</row1>
			<row2>	-1.0000 0.0000 0.0000 0.0000	</row2>
			<row3>	-0.2655 0.4594 -1.2105 1.0000	</row3>
		</transform>
	</node>
	<node>
		<identifier>	MP_IM907_Torpedo_crane	</identifier>
		<parent>	Scene Root	</parent>
		<transform>
			<row0>	-0.9977 0.0000 -0.0683 0.0000	</row0>
			<row1>	0.0000 1.0000 0.0000 0.0000	</row1>
			<row2>	0.0683 0.0000 -0.9977 0.0000	</row2>
			<row3>	-0.4589 0.3155 -3.6687 1.0000	</row3>
		</transform>
	</node>
	<node>
		<identifier>	MP_IM907_Torpedo_crane_INDEX_1	</identifier>
		<parent>	Scene Root	</parent>
		<transform>
			<row0>	-0.9977 0.0000 0.0683 0.0000	</row0>
			<row1>	0.0000 1.0000 0.0000 0.0000	</row1>
			<row2>	-0.0683 0.0000 -0.9977 0.0000	</row2>
			<row3>	0.4587 0.3152 -3.6688 1.0000	</row3>
		</transform>
	</node>
</ISC035_Francesco_Ferruccio_1943_MidBack.skel_ext>
