<WSD001_Blyskawica_1938_Stern.skel_ext>
	<exported>	true	</exported>
	<node>
		<identifier>	MP_CM001_Propeller3_L	</identifier>
		<parent>	Scene Root	</parent>
		<transform>
			<row0>	0.6490 0.0000 0.0000 0.0000	</row0>
			<row1>	0.0000 0.6461 -0.0614 0.0000	</row1>
			<row2>	0.0000 0.0614 0.6461 0.0000	</row2>
			<row3>	-0.1655 -0.1955 -3.3373 1.0000	</row3>
		</transform>
	</node>
	<node>
		<identifier>	MP_CM022_Anchor_3	</identifier>
		<parent>	Scene Root	</parent>
		<transform>
			<row0>	0.9824 0.1421 0.1212 0.0000	</row0>
			<row1>	-0.0855 0.9192 -0.3845 0.0000	</row1>
			<row2>	-0.1660 0.3674 0.9151 0.0000	</row2>
			<row3>	-0.2735 0.1552 -3.3005 1.0000	</row3>
		</transform>
	</node>
	<node>
		<identifier>	MP_CM022_Anchor_3_INDEX_1	</identifier>
		<parent>	Scene Root	</parent>
		<transform>
			<row0>	-0.9841 0.1383 0.1119 0.0000	</row0>
			<row1>	0.0855 0.9192 -0.3845 0.0000	</row1>
			<row2>	-0.1560 -0.3688 -0.9163 0.0000	</row2>
			<row3>	0.2735 0.1552 -3.3005 1.0000	</row3>
		</transform>
	</node>
	<node>
		<identifier>	MP_CM032_Propeller3_R	</identifier>
		<parent>	Scene Root	</parent>
		<transform>
			<row0>	0.6490 0.0000 0.0000 0.0000	</row0>
			<row1>	0.0000 0.6461 -0.0614 0.0000	</row1>
			<row2>	0.0000 0.0614 0.6461 0.0000	</row2>
			<row3>	0.1655 -0.1955 -3.3373 1.0000	</row3>
		</transform>
	</node>
	<node>
		<identifier>	MP_WM004_Life_buoy	</identifier>
		<parent>	Scene Root	</parent>
		<transform>
			<row0>	0.0755 0.0000 -0.9971 0.0000	</row0>
			<row1>	0.0000 1.0000 0.0000 0.0000	</row1>
			<row2>	0.9971 0.0000 0.0755 0.0000	</row2>
			<row3>	-0.2813 0.2672 -3.0847 1.0000	</row3>
		</transform>
	</node>
	<node>
		<identifier>	MP_WM004_Life_buoy_INDEX_1	</identifier>
		<parent>	Scene Root	</parent>
		<transform>
			<row0>	0.0755 0.0000 0.9971 0.0000	</row0>
			<row1>	0.0000 1.0000 0.0000 0.0000	</row1>
			<row2>	-0.9971 0.0000 0.0755 0.0000	</row2>
			<row3>	0.2820 0.2672 -3.0847 1.0000	</row3>
		</transform>
	</node>
	<node>
		<identifier>	MP_WM009_Train_machine	</identifier>
		<parent>	Scene Root	</parent>
		<transform>
			<row0>	1.0000 0.0000 0.0000 0.0000	</row0>
			<row1>	0.0000 1.0000 0.0000 0.0000	</row1>
			<row2>	0.0000 0.0000 1.0000 0.0000	</row2>
			<row3>	0.0000 0.2007 -2.8078 1.0000	</row3>
		</transform>
	</node>
	<node>
		<identifier>	MP_WM051_Crest_Poland	</identifier>
		<parent>	Scene Root	</parent>
		<transform>
			<row0>	1.0000 0.0000 0.0000 0.0000	</row0>
			<row1>	0.0000 1.0000 0.0000 0.0000	</row1>
			<row2>	0.0000 0.0000 1.0000 0.0000	</row2>
			<row3>	0.0000 0.1624 -3.7008 1.0000	</row3>
		</transform>
	</node>
</WSD001_Blyskawica_1938_Stern.skel_ext>
