<ASB035_Arizona_1941_Stern.skel_ext>
	<exported>	true	</exported>
	<node>
		<identifier>	MP_AM023_Hatch_1	</identifier>
		<parent>	Scene Root	</parent>
		<transform>
			<row0>	1.0000 0.0000 0.0000 0.0000	</row0>
			<row1>	0.0000 1.0000 0.0000 0.0000	</row1>
			<row2>	0.0000 0.0000 1.0000 0.0000	</row2>
			<row3>	-0.0924 0.3239 -4.3239 1.0000	</row3>
		</transform>
	</node>
	<node>
		<identifier>	MP_AM026_Break_Handwheel_1	</identifier>
		<parent>	Scene Root	</parent>
		<transform>
			<row0>	1.0000 0.0000 0.0000 0.0000	</row0>
			<row1>	0.0000 1.0000 0.0000 0.0000	</row1>
			<row2>	0.0000 0.0000 1.0000 0.0000	</row2>
			<row3>	-0.0963 0.3267 -5.7946 1.0000	</row3>
		</transform>
	</node>
	<node>
		<identifier>	MP_AM026_Break_Handwheel_1_INDEX_1	</identifier>
		<parent>	Scene Root	</parent>
		<transform>
			<row0>	1.0000 0.0000 0.0000 0.0000	</row0>
			<row1>	0.0000 1.0000 0.0000 0.0000	</row1>
			<row2>	0.0000 0.0000 1.0000 0.0000	</row2>
			<row3>	0.0963 0.3267 -5.7946 1.0000	</row3>
		</transform>
	</node>
	<node>
		<identifier>	MP_AM046_Running_Lights_B	</identifier>
		<parent>	Scene Root	</parent>
		<transform>
			<row0>	-1.0000 0.0000 0.0000 0.0000	</row0>
			<row1>	0.0000 1.0000 0.0000 0.0000	</row1>
			<row2>	0.0000 0.0000 -1.0000 0.0000	</row2>
			<row3>	0.0000 0.4922 -6.0540 1.0000	</row3>
		</transform>
	</node>
	<node>
		<identifier>	MP_AM076_Aircfaft_Crane_1	</identifier>
		<parent>	Scene Root	</parent>
		<transform>
			<row0>	1.0000 0.0000 0.0000 0.0000	</row0>
			<row1>	0.0000 1.0000 0.0000 0.0000	</row1>
			<row2>	0.0000 0.0000 1.0000 0.0000	</row2>
			<row3>	-0.0114 0.3239 -5.7400 1.0000	</row3>
		</transform>
	</node>
	<node>
		<identifier>	MP_AM078_Crane_Control_Wheel	</identifier>
		<parent>	Scene Root	</parent>
		<transform>
			<row0>	-1.0000 0.0000 0.0000 0.0000	</row0>
			<row1>	0.0000 1.0000 0.0000 0.0000	</row1>
			<row2>	0.0000 0.0000 -1.0000 0.0000	</row2>
			<row3>	0.1114 0.3251 -5.7287 1.0000	</row3>
		</transform>
	</node>
	<node>
		<identifier>	MP_AM088_Capstan_1	</identifier>
		<parent>	Scene Root	</parent>
		<transform>
			<row0>	1.0000 0.0000 0.0000 0.0000	</row0>
			<row1>	0.0000 1.0000 0.0000 0.0000	</row1>
			<row2>	0.0000 0.0000 1.0000 0.0000	</row2>
			<row3>	-0.0114 0.3239 -4.0209 1.0000	</row3>
		</transform>
	</node>
	<node>
		<identifier>	MP_AM217_Hatch	</identifier>
		<parent>	Scene Root	</parent>
		<transform>
			<row0>	1.0000 0.0000 0.0000 0.0000	</row0>
			<row1>	0.0000 1.0000 0.0000 0.0000	</row1>
			<row2>	0.0000 0.0000 1.0000 0.0000	</row2>
			<row3>	0.4426 0.3239 -3.6016 1.0000	</row3>
		</transform>
	</node>
	<node>
		<identifier>	MP_AM217_Hatch_INDEX_1	</identifier>
		<parent>	Scene Root	</parent>
		<transform>
			<row0>	1.0000 0.0000 0.0000 0.0000	</row0>
			<row1>	0.0000 1.0000 0.0000 0.0000	</row1>
			<row2>	0.0000 0.0000 1.0000 0.0000	</row2>
			<row3>	-0.4426 0.3239 -3.6016 1.0000	</row3>
		</transform>
	</node>
	<node>
		<identifier>	MP_AM218_Hatch	</identifier>
		<parent>	Scene Root	</parent>
		<transform>
			<row0>	1.0000 0.0000 0.0000 0.0000	</row0>
			<row1>	0.0000 1.0000 0.0000 0.0000	</row1>
			<row2>	0.0000 0.0000 1.0000 0.0000	</row2>
			<row3>	-0.3587 0.3269 -3.9726 1.0000	</row3>
		</transform>
	</node>
	<node>
		<identifier>	MP_AM218_Hatch_INDEX_1	</identifier>
		<parent>	Scene Root	</parent>
		<transform>
			<row0>	1.0000 0.0000 0.0000 0.0000	</row0>
			<row1>	0.0000 1.0000 0.0000 0.0000	</row1>
			<row2>	0.0000 0.0000 1.0000 0.0000	</row2>
			<row3>	0.3593 0.3269 -3.9726 1.0000	</row3>
		</transform>
	</node>
	<node>
		<identifier>	MP_AM218_Hatch_INDEX_2	</identifier>
		<parent>	Scene Root	</parent>
		<transform>
			<row0>	1.0000 0.0000 0.0000 0.0000	</row0>
			<row1>	0.0000 1.0000 0.0000 0.0000	</row1>
			<row2>	0.0000 0.0000 1.0000 0.0000	</row2>
			<row3>	0.1719 0.3269 -4.1539 1.0000	</row3>
		</transform>
	</node>
	<node>
		<identifier>	MP_AM219_Bollard	</identifier>
		<parent>	Scene Root	</parent>
		<transform>
			<row0>	0.9989 0.0000 -0.0472 0.0000	</row0>
			<row1>	0.0000 1.0000 0.0000 0.0000	</row1>
			<row2>	0.0472 0.0000 0.9989 0.0000	</row2>
			<row3>	0.5881 0.3239 -4.2788 1.0000	</row3>
		</transform>
	</node>
	<node>
		<identifier>	MP_AM219_Bollard_INDEX_1	</identifier>
		<parent>	Scene Root	</parent>
		<transform>
			<row0>	0.9989 0.0000 0.0472 0.0000	</row0>
			<row1>	0.0000 1.0000 0.0000 0.0000	</row1>
			<row2>	-0.0472 0.0000 0.9989 0.0000	</row2>
			<row3>	-0.5830 0.3239 -4.2791 1.0000	</row3>
		</transform>
	</node>
	<node>
		<identifier>	MP_AM219_Bollard_INDEX_2	</identifier>
		<parent>	Scene Root	</parent>
		<transform>
			<row0>	0.9962 0.0000 -0.0876 0.0000	</row0>
			<row1>	0.0000 1.0000 0.0000 0.0000	</row1>
			<row2>	0.0876 0.0000 0.9962 0.0000	</row2>
			<row3>	0.8107 0.3239 -3.1557 1.0000	</row3>
		</transform>
	</node>
	<node>
		<identifier>	MP_AM219_Bollard_INDEX_3	</identifier>
		<parent>	Scene Root	</parent>
		<transform>
			<row0>	0.9962 0.0000 0.0876 0.0000	</row0>
			<row1>	0.0000 1.0000 0.0000 0.0000	</row1>
			<row2>	-0.0876 0.0000 0.9962 0.0000	</row2>
			<row3>	-0.8107 0.3239 -3.1557 1.0000	</row3>
		</transform>
	</node>
	<node>
		<identifier>	MP_AM220_Fairlead	</identifier>
		<parent>	Scene Root	</parent>
		<transform>
			<row0>	0.9986 0.0000 -0.0534 0.0000	</row0>
			<row1>	0.0000 1.0000 0.0000 0.0000	</row1>
			<row2>	0.0534 0.0000 0.9986 0.0000	</row2>
			<row3>	0.6244 0.3267 -4.5050 1.0000	</row3>
		</transform>
	</node>
	<node>
		<identifier>	MP_AM220_Fairlead_INDEX_1	</identifier>
		<parent>	Scene Root	</parent>
		<transform>
			<row0>	0.9986 0.0000 0.0534 0.0000	</row0>
			<row1>	0.0000 1.0000 0.0000 0.0000	</row1>
			<row2>	-0.0534 0.0000 0.9986 0.0000	</row2>
			<row3>	-0.6244 0.3267 -4.5050 1.0000	</row3>
		</transform>
	</node>
	<node>
		<identifier>	MP_AM220_Fairlead_INDEX_2	</identifier>
		<parent>	Scene Root	</parent>
		<transform>
			<row0>	0.9919 0.0000 0.1271 0.0000	</row0>
			<row1>	0.0000 1.0000 0.0000 0.0000	</row1>
			<row2>	-0.1271 0.0000 0.9919 0.0000	</row2>
			<row3>	-0.8254 0.3267 -3.4189 1.0000	</row3>
		</transform>
	</node>
	<node>
		<identifier>	MP_AM220_Fairlead_INDEX_3	</identifier>
		<parent>	Scene Root	</parent>
		<transform>
			<row0>	0.9919 0.0000 -0.1271 0.0000	</row0>
			<row1>	0.0000 1.0000 0.0000 0.0000	</row1>
			<row2>	0.1271 0.0000 0.9919 0.0000	</row2>
			<row3>	0.8254 0.3267 -3.4189 1.0000	</row3>
		</transform>
	</node>
	<node>
		<identifier>	MP_AM319_Hatch	</identifier>
		<parent>	Scene Root	</parent>
		<transform>
			<row0>	1.0000 0.0000 0.0000 0.0000	</row0>
			<row1>	0.0000 1.0000 0.0000 0.0000	</row1>
			<row2>	0.0000 0.0000 1.0000 0.0000	</row2>
			<row3>	0.0899 0.3239 -3.8615 1.0000	</row3>
		</transform>
	</node>
	<node>
		<identifier>	MP_AM319_Hatch_INDEX_1	</identifier>
		<parent>	Scene Root	</parent>
		<transform>
			<row0>	1.0000 0.0000 0.0000 0.0000	</row0>
			<row1>	0.0000 1.0000 0.0000 0.0000	</row1>
			<row2>	0.0000 0.0000 1.0000 0.0000	</row2>
			<row3>	-0.0899 0.3239 -3.8615 1.0000	</row3>
		</transform>
	</node>
	<node>
		<identifier>	MP_AM580_Signal_Lamp	</identifier>
		<parent>	Scene Root	</parent>
		<transform>
			<row0>	-1.0000 0.0000 0.0000 0.0000	</row0>
			<row1>	0.0000 1.0000 0.0000 0.0000	</row1>
			<row2>	0.0000 0.0000 -1.0000 0.0000	</row2>
			<row3>	0.0000 0.5608 -6.0726 1.0000	</row3>
		</transform>
	</node>
	<node>
		<identifier>	MP_AM607_Steern_Light	</identifier>
		<parent>	Scene Root	</parent>
		<transform>
			<row0>	-1.0000 0.0000 0.0000 0.0000	</row0>
			<row1>	0.0000 1.0000 0.0000 0.0000	</row1>
			<row2>	0.0000 0.0000 -1.0000 0.0000	</row2>
			<row3>	0.0000 0.4536 -6.0421 1.0000	</row3>
		</transform>
	</node>
	<node>
		<identifier>	MP_AM608_Wake_Light	</identifier>
		<parent>	Scene Root	</parent>
		<transform>
			<row0>	-1.0000 0.0000 0.0000 0.0000	</row0>
			<row1>	0.0000 1.0000 0.0000 0.0000	</row1>
			<row2>	0.0000 0.0000 -1.0000 0.0000	</row2>
			<row3>	0.0000 0.3540 -6.0405 1.0000	</row3>
		</transform>
	</node>
	<node>
		<identifier>	MP_CM001_Propeller3_L	</identifier>
		<parent>	Scene Root	</parent>
		<transform>
			<row0>	1.0700 0.0000 0.0000 0.0000	</row0>
			<row1>	0.0000 1.0700 0.0000 0.0000	</row1>
			<row2>	0.0000 0.0000 1.0700 0.0000	</row2>
			<row3>	-0.5122 -0.4091 -4.5341 1.0000	</row3>
		</transform>
	</node>
	<node>
		<identifier>	MP_CM001_Propeller3_L_INDEX_1	</identifier>
		<parent>	Scene Root	</parent>
		<transform>
			<row0>	1.0700 0.0000 0.0000 0.0000	</row0>
			<row1>	0.0000 1.0700 0.0000 0.0000	</row1>
			<row2>	0.0000 0.0000 1.0700 0.0000	</row2>
			<row3>	-0.1883 -0.4402 -5.1072 1.0000	</row3>
		</transform>
	</node>
	<node>
		<identifier>	MP_CM011_Fire_Fighting_Gear	</identifier>
		<parent>	Scene Root	</parent>
		<transform>
			<row0>	-0.3311 0.0000 0.9436 0.0000	</row0>
			<row1>	0.0000 1.0000 0.0000 0.0000	</row1>
			<row2>	-0.9436 0.0000 -0.3311 0.0000	</row2>
			<row3>	0.2916 0.3259 -3.3167 1.0000	</row3>
		</transform>
	</node>
	<node>
		<identifier>	MP_CM011_Fire_Fighting_Gear_INDEX_1	</identifier>
		<parent>	Scene Root	</parent>
		<transform>
			<row0>	-0.3311 0.0000 -0.9436 0.0000	</row0>
			<row1>	0.0000 1.0000 0.0000 0.0000	</row1>
			<row2>	0.9436 0.0000 -0.3311 0.0000	</row2>
			<row3>	-0.2916 0.3259 -3.3167 1.0000	</row3>
		</transform>
	</node>
	<node>
		<identifier>	MP_CM013_Fire_Hose_Rack_2	</identifier>
		<parent>	Scene Root	</parent>
		<transform>
			<row0>	-0.9098 0.0000 -0.4151 0.0000	</row0>
			<row1>	0.0000 1.0000 0.0000 0.0000	</row1>
			<row2>	0.4151 0.0000 -0.9098 0.0000	</row2>
			<row3>	0.2965 0.3897 -3.3487 1.0000	</row3>
		</transform>
	</node>
	<node>
		<identifier>	MP_CM013_Fire_Hose_Rack_2_INDEX_1	</identifier>
		<parent>	Scene Root	</parent>
		<transform>
			<row0>	0.9415 0.0000 -0.3370 0.0000	</row0>
			<row1>	0.0000 1.0000 0.0000 0.0000	</row1>
			<row2>	0.3370 0.0000 0.9415 0.0000	</row2>
			<row3>	-0.2965 0.3894 -3.3487 1.0000	</row3>
		</transform>
	</node>
	<node>
		<identifier>	MP_CM032_Propeller3_R	</identifier>
		<parent>	Scene Root	</parent>
		<transform>
			<row0>	1.0700 0.0000 0.0000 0.0000	</row0>
			<row1>	0.0000 1.0700 0.0000 0.0000	</row1>
			<row2>	0.0000 0.0000 1.0700 0.0000	</row2>
			<row3>	0.1883 -0.4402 -5.1072 1.0000	</row3>
		</transform>
	</node>
	<node>
		<identifier>	MP_CM032_Propeller3_R_INDEX_1	</identifier>
		<parent>	Scene Root	</parent>
		<transform>
			<row0>	1.0700 0.0000 0.0000 0.0000	</row0>
			<row1>	0.0000 1.0700 0.0000 0.0000	</row1>
			<row2>	0.0000 0.0000 1.0700 0.0000	</row2>
			<row3>	0.5122 -0.4091 -4.5341 1.0000	</row3>
		</transform>
	</node>
</ASB035_Arizona_1941_Stern.skel_ext>
