<ASB035_Arizona_1941_Bow.skel_ext>
	<exported>	true	</exported>
	<node>
		<identifier>	MP_AM049_Signal_Lamp_1	</identifier>
		<parent>	Scene Root	</parent>
		<transform>
			<row0>	1.0000 0.0000 0.0000 0.0000	</row0>
			<row1>	0.0000 1.0000 0.0000 0.0000	</row1>
			<row2>	0.0000 0.0000 1.0000 0.0000	</row2>
			<row3>	0.0000 1.0696 6.0610 1.0000	</row3>
		</transform>
	</node>
	<node>
		<identifier>	MP_AM116_Boat_Winch_2	</identifier>
		<parent>	Scene Root	</parent>
		<transform>
			<row0>	0.0000 0.0000 -1.0000 0.0000	</row0>
			<row1>	0.0000 1.0000 0.0000 0.0000	</row1>
			<row2>	1.0000 0.0000 0.0000 0.0000	</row2>
			<row3>	-0.2862 0.4831 3.8505 1.0000	</row3>
		</transform>
	</node>
	<node>
		<identifier>	MP_AM148_Hatch_8	</identifier>
		<parent>	Scene Root	</parent>
		<transform>
			<row0>	1.0000 0.0000 0.0000 0.0000	</row0>
			<row1>	0.0000 1.0000 0.0000 0.0000	</row1>
			<row2>	0.0000 0.0000 1.0000 0.0000	</row2>
			<row3>	0.0203 0.4839 5.7080 1.0000	</row3>
		</transform>
	</node>
	<node>
		<identifier>	MP_AM217_Hatch	</identifier>
		<parent>	Scene Root	</parent>
		<transform>
			<row0>	1.0000 0.0000 0.0000 0.0000	</row0>
			<row1>	0.0000 1.0000 0.0000 0.0000	</row1>
			<row2>	0.0000 0.0000 1.0000 0.0000	</row2>
			<row3>	0.2487 0.4837 3.6244 1.0000	</row3>
		</transform>
	</node>
	<node>
		<identifier>	MP_AM217_Hatch_INDEX_1	</identifier>
		<parent>	Scene Root	</parent>
		<transform>
			<row0>	1.0000 0.0000 0.0000 0.0000	</row0>
			<row1>	0.0000 1.0000 0.0000 0.0000	</row1>
			<row2>	0.0000 0.0000 1.0000 0.0000	</row2>
			<row3>	-0.2478 0.4837 3.6246 1.0000	</row3>
		</transform>
	</node>
	<node>
		<identifier>	MP_AM217_Hatch_INDEX_2	</identifier>
		<parent>	Scene Root	</parent>
		<transform>
			<row0>	1.0000 0.0000 0.0000 0.0000	</row0>
			<row1>	0.0000 1.0000 0.0000 0.0000	</row1>
			<row2>	0.0000 0.0000 1.0000 0.0000	</row2>
			<row3>	0.1839 0.4837 4.4145 1.0000	</row3>
		</transform>
	</node>
	<node>
		<identifier>	MP_AM217_Hatch_INDEX_3	</identifier>
		<parent>	Scene Root	</parent>
		<transform>
			<row0>	1.0000 0.0000 0.0000 0.0000	</row0>
			<row1>	0.0000 1.0000 0.0000 0.0000	</row1>
			<row2>	0.0000 0.0000 1.0000 0.0000	</row2>
			<row3>	0.0000 0.4837 5.3803 1.0000	</row3>
		</transform>
	</node>
	<node>
		<identifier>	MP_AM217_Hatch_INDEX_4	</identifier>
		<parent>	Scene Root	</parent>
		<transform>
			<row0>	1.0000 0.0000 0.0000 0.0000	</row0>
			<row1>	0.0000 1.0000 0.0000 0.0000	</row1>
			<row2>	0.0000 0.0000 1.0000 0.0000	</row2>
			<row3>	0.0000 0.4837 4.9985 1.0000	</row3>
		</transform>
	</node>
	<node>
		<identifier>	MP_AM218_Hatch	</identifier>
		<parent>	Scene Root	</parent>
		<transform>
			<row0>	1.0000 0.0000 0.0000 0.0000	</row0>
			<row1>	0.0000 1.0000 0.0000 0.0000	</row1>
			<row2>	0.0000 0.0000 1.0000 0.0000	</row2>
			<row3>	0.1557 0.4841 3.9702 1.0000	</row3>
		</transform>
	</node>
	<node>
		<identifier>	MP_AM218_Hatch_INDEX_1	</identifier>
		<parent>	Scene Root	</parent>
		<transform>
			<row0>	1.0000 0.0000 0.0000 0.0000	</row0>
			<row1>	0.0000 1.0000 0.0000 0.0000	</row1>
			<row2>	0.0000 0.0000 1.0000 0.0000	</row2>
			<row3>	-0.1557 0.4841 3.9702 1.0000	</row3>
		</transform>
	</node>
	<node>
		<identifier>	MP_AM219_Bollard	</identifier>
		<parent>	Scene Root	</parent>
		<transform>
			<row0>	0.9921 0.0000 -0.1253 0.0000	</row0>
			<row1>	0.0000 1.0000 0.0000 0.0000	</row1>
			<row2>	0.1253 0.0000 0.9921 0.0000	</row2>
			<row3>	-0.7629 0.4803 3.1000 1.0000	</row3>
		</transform>
	</node>
	<node>
		<identifier>	MP_AM219_Bollard_INDEX_1	</identifier>
		<parent>	Scene Root	</parent>
		<transform>
			<row0>	0.9989 0.0000 0.0466 0.0000	</row0>
			<row1>	0.0000 1.0000 0.0000 0.0000	</row1>
			<row2>	-0.0466 0.0000 0.9989 0.0000	</row2>
			<row3>	0.3348 0.4803 5.1281 1.0000	</row3>
		</transform>
	</node>
	<node>
		<identifier>	MP_AM219_Bollard_INDEX_2	</identifier>
		<parent>	Scene Root	</parent>
		<transform>
			<row0>	0.9985 0.0000 -0.0556 0.0000	</row0>
			<row1>	0.0000 1.0000 0.0000 0.0000	</row1>
			<row2>	0.0556 0.0000 0.9985 0.0000	</row2>
			<row3>	-0.5848 0.4803 3.7469 1.0000	</row3>
		</transform>
	</node>
	<node>
		<identifier>	MP_AM219_Bollard_INDEX_3	</identifier>
		<parent>	Scene Root	</parent>
		<transform>
			<row0>	0.9985 0.0000 0.0556 0.0000	</row0>
			<row1>	0.0000 1.0000 0.0000 0.0000	</row1>
			<row2>	-0.0556 0.0000 0.9985 0.0000	</row2>
			<row3>	0.5848 0.4803 3.7469 1.0000	</row3>
		</transform>
	</node>
	<node>
		<identifier>	MP_AM219_Bollard_INDEX_4	</identifier>
		<parent>	Scene Root	</parent>
		<transform>
			<row0>	0.9921 0.0000 0.1253 0.0000	</row0>
			<row1>	0.0000 1.0000 0.0000 0.0000	</row1>
			<row2>	-0.1253 0.0000 0.9921 0.0000	</row2>
			<row3>	0.7629 0.4803 3.1000 1.0000	</row3>
		</transform>
	</node>
	<node>
		<identifier>	MP_AM219_Bollard_INDEX_5	</identifier>
		<parent>	Scene Root	</parent>
		<transform>
			<row0>	0.9989 0.0000 -0.0466 0.0000	</row0>
			<row1>	0.0000 1.0000 0.0000 0.0000	</row1>
			<row2>	0.0466 0.0000 0.9989 0.0000	</row2>
			<row3>	-0.3348 0.4803 5.1281 1.0000	</row3>
		</transform>
	</node>
	<node>
		<identifier>	MP_AM220_Fairlead	</identifier>
		<parent>	Scene Root	</parent>
		<transform>
			<row0>	0.9987 0.0000 -0.0519 0.0000	</row0>
			<row1>	0.0000 1.0000 0.0000 0.0000	</row1>
			<row2>	0.0519 0.0000 0.9987 0.0000	</row2>
			<row3>	-0.3745 0.4842 5.3645 1.0000	</row3>
		</transform>
	</node>
	<node>
		<identifier>	MP_AM220_Fairlead_INDEX_1	</identifier>
		<parent>	Scene Root	</parent>
		<transform>
			<row0>	0.9984 0.0000 0.0562 0.0000	</row0>
			<row1>	0.0000 1.0000 0.0000 0.0000	</row1>
			<row2>	-0.0562 0.0000 0.9984 0.0000	</row2>
			<row3>	0.6184 0.4842 4.0385 1.0000	</row3>
		</transform>
	</node>
	<node>
		<identifier>	MP_AM220_Fairlead_INDEX_2	</identifier>
		<parent>	Scene Root	</parent>
		<transform>
			<row0>	0.9989 0.0000 0.0466 0.0000	</row0>
			<row1>	0.0000 1.0000 0.0000 0.0000	</row1>
			<row2>	-0.0466 0.0000 0.9989 0.0000	</row2>
			<row3>	0.3991 0.4842 4.8682 1.0000	</row3>
		</transform>
	</node>
	<node>
		<identifier>	MP_AM220_Fairlead_INDEX_3	</identifier>
		<parent>	Scene Root	</parent>
		<transform>
			<row0>	0.9987 0.0000 0.0519 0.0000	</row0>
			<row1>	0.0000 1.0000 0.0000 0.0000	</row1>
			<row2>	-0.0519 0.0000 0.9987 0.0000	</row2>
			<row3>	0.3745 0.4842 5.3645 1.0000	</row3>
		</transform>
	</node>
	<node>
		<identifier>	MP_AM220_Fairlead_INDEX_4	</identifier>
		<parent>	Scene Root	</parent>
		<transform>
			<row0>	0.9989 0.0000 -0.0466 0.0000	</row0>
			<row1>	0.0000 1.0000 0.0000 0.0000	</row1>
			<row2>	0.0466 0.0000 0.9989 0.0000	</row2>
			<row3>	-0.3991 0.4842 4.8682 1.0000	</row3>
		</transform>
	</node>
	<node>
		<identifier>	MP_AM220_Fairlead_INDEX_5	</identifier>
		<parent>	Scene Root	</parent>
		<transform>
			<row0>	0.9758 0.0000 0.2185 0.0000	</row0>
			<row1>	0.0000 1.0000 0.0000 0.0000	</row1>
			<row2>	-0.2185 0.0000 0.9758 0.0000	</row2>
			<row3>	0.7551 0.4842 3.4680 1.0000	</row3>
		</transform>
	</node>
	<node>
		<identifier>	MP_AM220_Fairlead_INDEX_6	</identifier>
		<parent>	Scene Root	</parent>
		<transform>
			<row0>	0.9758 0.0000 -0.2185 0.0000	</row0>
			<row1>	0.0000 1.0000 0.0000 0.0000	</row1>
			<row2>	0.2185 0.0000 0.9758 0.0000	</row2>
			<row3>	-0.7551 0.4842 3.4680 1.0000	</row3>
		</transform>
	</node>
	<node>
		<identifier>	MP_AM220_Fairlead_INDEX_7	</identifier>
		<parent>	Scene Root	</parent>
		<transform>
			<row0>	0.9984 0.0000 -0.0562 0.0000	</row0>
			<row1>	0.0000 1.0000 0.0000 0.0000	</row1>
			<row2>	0.0562 0.0000 0.9984 0.0000	</row2>
			<row3>	-0.6184 0.4842 4.0385 1.0000	</row3>
		</transform>
	</node>
	<node>
		<identifier>	MP_AM304_Paravane_Gear_Fairlead	</identifier>
		<parent>	Scene Root	</parent>
		<transform>
			<row0>	0.7202 0.0000 -0.6938 0.0000	</row0>
			<row1>	0.0000 0.7000 0.0000 0.0000	</row1>
			<row2>	0.4163 0.0000 0.4321 0.0000	</row2>
			<row3>	0.2326 0.4818 5.5527 1.0000	</row3>
		</transform>
	</node>
	<node>
		<identifier>	MP_AM304_Paravane_Gear_Fairlead_INDEX_1	</identifier>
		<parent>	Scene Root	</parent>
		<transform>
			<row0>	0.7202 0.0000 0.6938 0.0000	</row0>
			<row1>	0.0000 0.7000 0.0000 0.0000	</row1>
			<row2>	-0.4163 0.0000 0.4321 0.0000	</row2>
			<row3>	-0.2326 0.4818 5.5527 1.0000	</row3>
		</transform>
	</node>
	<node>
		<identifier>	MP_AM659_Boat_Winch	</identifier>
		<parent>	Scene Root	</parent>
		<transform>
			<row0>	0.0000 0.0000 -1.0000 0.0000	</row0>
			<row1>	0.0000 1.0000 0.0000 0.0000	</row1>
			<row2>	1.0000 0.0000 0.0000 0.0000	</row2>
			<row3>	0.2862 0.4831 3.8505 1.0000	</row3>
		</transform>
	</node>
	<node>
		<identifier>	MP_CM011_Fire_Fighting_Gear	</identifier>
		<parent>	Scene Root	</parent>
		<transform>
			<row0>	0.0000 0.0000 -1.0000 0.0000	</row0>
			<row1>	0.0000 1.0000 0.0000 0.0000	</row1>
			<row2>	1.0000 0.0000 0.0000 0.0000	</row2>
			<row3>	-0.0089 0.4839 5.0346 1.0000	</row3>
		</transform>
	</node>
	<node>
		<identifier>	MP_CM011_Fire_Fighting_Gear_INDEX_1	</identifier>
		<parent>	Scene Root	</parent>
		<transform>
			<row0>	0.0000 0.0000 1.0000 0.0000	</row0>
			<row1>	0.0000 1.0000 0.0000 0.0000	</row1>
			<row2>	-1.0000 0.0000 0.0000 0.0000	</row2>
			<row3>	0.0089 0.4839 5.0346 1.0000	</row3>
		</transform>
	</node>
</ASB035_Arizona_1941_Bow.skel_ext>
