<AGM156_16in45_Mk1.skel_ext>
	<exported>	true	</exported>
	<node>
		<identifier>	MP_AM133_Boat_7	</identifier>
		<parent>	Rotate_Y	</parent>
		<transform>
			<row0>	-0.4553 -0.8742 0.1687 0.0000	</row0>
			<row1>	-0.8197 0.4855 0.3038 0.0000	</row1>
			<row2>	-0.3475 0.0000 -0.9377 0.0000	</row2>
			<row3>	-0.2811 0.0306 0.0307 1.0000	</row3>
		</transform>
	</node>
	<node>
		<identifier>	MP_AM133_Boat_7_INDEX_1	</identifier>
		<parent>	Rotate_Y	</parent>
		<transform>
			<row0>	0.2872 -0.0179 -0.7464 0.0000	</row0>
			<row1>	0.6558 0.3884 0.2430 0.0000	</row1>
			<row2>	0.3570 -0.6991 0.1541 0.0000	</row2>
			<row3>	0.2586 0.0523 0.0569 1.0000	</row3>
		</transform>
	</node>
	<node>
		<identifier>	MP_AM133_Boat_7_INDEX_2	</identifier>
		<parent>	Rotate_Y	</parent>
		<transform>
			<row0>	0.2534 0.9646 0.0730 0.0000	</row0>
			<row1>	-0.9293 0.2637 -0.2588 0.0000	</row1>
			<row2>	-0.2689 -0.0022 0.9632 0.0000	</row2>
			<row3>	-0.2503 0.0379 -0.3574 1.0000	</row3>
		</transform>
	</node>
	<node>
		<identifier>	MP_AM133_Boat_7_INDEX_3	</identifier>
		<parent>	Rotate_Y	</parent>
		<transform>
			<row0>	0.2534 -0.9646 -0.0730 0.0000	</row0>
			<row1>	0.9293 0.2637 -0.2588 0.0000	</row1>
			<row2>	0.2689 -0.0022 0.9632 0.0000	</row2>
			<row3>	0.2503 0.0379 -0.3574 1.0000	</row3>
		</transform>
	</node>
	<node>
		<identifier>	MP_AM133_Boat_7_INDEX_4	</identifier>
		<parent>	Rotate_Y	</parent>
		<transform>
			<row0>	0.2872 0.0179 0.7464 0.0000	</row0>
			<row1>	-0.6558 0.3884 0.2430 0.0000	</row1>
			<row2>	-0.3570 -0.6991 0.1541 0.0000	</row2>
			<row3>	-0.2248 0.0514 0.1494 1.0000	</row3>
		</transform>
	</node>
	<node>
		<identifier>	MP_AM133_Boat_7_INDEX_5	</identifier>
		<parent>	Rotate_Y	</parent>
		<transform>
			<row0>	0.2872 -0.0179 -0.7464 0.0000	</row0>
			<row1>	0.6558 0.3884 0.2430 0.0000	</row1>
			<row2>	0.3570 -0.6991 0.1541 0.0000	</row2>
			<row3>	0.2248 0.0514 0.1494 1.0000	</row3>
		</transform>
	</node>
	<node>
		<identifier>	MP_AM133_Boat_7_INDEX_6	</identifier>
		<parent>	Rotate_Y	</parent>
		<transform>
			<row0>	-0.4553 0.8742 -0.1687 0.0000	</row0>
			<row1>	0.8197 0.4855 0.3038 0.0000	</row1>
			<row2>	0.3475 0.0000 -0.9377 0.0000	</row2>
			<row3>	0.2811 0.0306 0.0307 1.0000	</row3>
		</transform>
	</node>
	<node>
		<identifier>	MP_AM133_Boat_7_INDEX_7	</identifier>
		<parent>	Rotate_Y	</parent>
		<transform>
			<row0>	0.2872 0.0179 0.7464 0.0000	</row0>
			<row1>	-0.6558 0.3884 0.2430 0.0000	</row1>
			<row2>	-0.3570 -0.6991 0.1541 0.0000	</row2>
			<row3>	-0.2586 0.0523 0.0569 1.0000	</row3>
		</transform>
	</node>
	<node>
		<identifier>	MP_AM431_Turret_Housing	</identifier>
		<parent>	Rotate_Y	</parent>
		<transform>
			<row0>	1.0000 0.0000 0.0000 0.0000	</row0>
			<row1>	0.0000 1.0000 0.0000 0.0000	</row1>
			<row2>	0.0000 0.0000 1.0000 0.0000	</row2>
			<row3>	0.0000 -0.0333 0.0000 1.0000	</row3>
		</transform>
	</node>
	<node>
		<identifier>	MP_AM669_Ladder	</identifier>
		<parent>	Rotate_Y	</parent>
		<transform>
			<row0>	0.9627 -0.0013 0.2706 0.0000	</row0>
			<row1>	-0.0012 1.0000 0.0088 0.0000	</row1>
			<row2>	-0.2706 -0.0088 0.9627 0.0000	</row2>
			<row3>	-0.2674 0.1567 -0.1699 1.0000	</row3>
		</transform>
	</node>
	<node>
		<identifier>	MP_AM669_Ladder_INDEX_1	</identifier>
		<parent>	Rotate_Y	</parent>
		<transform>
			<row0>	0.9610 -0.0134 0.2763 0.0000	</row0>
			<row1>	0.0129 0.9999 0.0037 0.0000	</row1>
			<row2>	-0.2763 0.0000 0.9611 0.0000	</row2>
			<row3>	-0.1813 0.1580 -0.4723 1.0000	</row3>
		</transform>
	</node>
	<node>
		<identifier>	MP_AM786_Catapult_for_AGM059	</identifier>
		<parent>	Rotate_Y	</parent>
		<transform>
			<row0>	1.0000 0.0000 0.0000 0.0000	</row0>
			<row1>	0.0000 1.0000 0.0000 0.0000	</row1>
			<row2>	0.0000 0.0000 1.0000 0.0000	</row2>
			<row3>	0.0000 -0.0333 0.0000 1.0000	</row3>
		</transform>
	</node>
	<node>
		<identifier>	SP_YMS100_YGBS_M_1_INDEX_2	</identifier>
		<parent>	Rotate_X	</parent>
		<transform>
			<row0>	1.4000 0.0000 0.0000 0.0000	</row0>
			<row1>	0.0000 1.4000 0.0000 0.0000	</row1>
			<row2>	0.0000 0.0000 1.4000 0.0000	</row2>
			<row3>	0.0693 0.0000 -0.0582 1.0000	</row3>
		</transform>
	</node>
	<node>
		<identifier>	SP_YMS100_YGBS_M_1_INDEX_3	</identifier>
		<parent>	Rotate_X	</parent>
		<transform>
			<row0>	1.4000 0.0000 0.0000 0.0000	</row0>
			<row1>	0.0000 1.4000 0.0000 0.0000	</row1>
			<row2>	0.0000 0.0000 1.4000 0.0000	</row2>
			<row3>	-0.0693 0.0000 -0.0582 1.0000	</row3>
		</transform>
	</node>
	<node>
		<identifier>	SP_YMS104_YGRS_M_1_INDEX_2	</identifier>
		<parent>	Roll_Back1	</parent>
		<transform>
			<row0>	1.3000 0.0000 0.0000 0.0000	</row0>
			<row1>	0.0000 1.3000 0.0000 0.0000	</row1>
			<row2>	0.0000 0.0000 1.3000 0.0000	</row2>
			<row3>	0.0000 0.0000 0.0000 1.0000	</row3>
		</transform>
	</node>
	<node>
		<identifier>	SP_YMS104_YGRS_M_1_INDEX_3	</identifier>
		<parent>	Roll_Back2	</parent>
		<transform>
			<row0>	1.3000 0.0000 0.0000 0.0000	</row0>
			<row1>	0.0000 1.3000 0.0000 0.0000	</row1>
			<row2>	0.0000 0.0000 1.3000 0.0000	</row2>
			<row3>	-0.0004 0.0000 0.0000 1.0000	</row3>
		</transform>
	</node>
	<node>
		<identifier>	SP_YMS105_YGLC_M_1	</identifier>
		<parent>	Rotate_Y	</parent>
		<transform>
			<row0>	0.3000 0.0000 0.0000 0.0000	</row0>
			<row1>	0.0000 0.2974 0.0393 0.0000	</row1>
			<row2>	0.0000 -0.0393 0.2974 0.0000	</row2>
			<row3>	0.0000 0.1461 -0.0374 1.0000	</row3>
		</transform>
	</node>
	<node>
		<identifier>	SP_YMS106_YGLL_M_1	</identifier>
		<parent>	Rotate_Y	</parent>
		<transform>
			<row0>	0.9297 -0.2594 0.2614 0.0000	</row0>
			<row1>	0.2495 0.9658 0.0711 0.0000	</row1>
			<row2>	-0.2709 -0.0009 0.9626 0.0000	</row2>
			<row3>	-0.2956 0.0355 -0.1936 1.0000	</row3>
		</transform>
	</node>
	<node>
		<identifier>	SP_YMS107_YGLR_M_1	</identifier>
		<parent>	Rotate_Y	</parent>
		<transform>
			<row0>	0.9297 0.2594 -0.2614 0.0000	</row0>
			<row1>	-0.2495 0.9658 0.0711 0.0000	</row1>
			<row2>	0.2709 -0.0009 0.9626 0.0000	</row2>
			<row3>	0.2956 0.0355 -0.1936 1.0000	</row3>
		</transform>
	</node>
</AGM156_16in45_Mk1.skel_ext>
