<RGA066_45mm_SM_20_Zif.visual>
	<skeleton>
		<node>
			<identifier>	Scene Root	</identifier>
			<transform>
				<row0>	1.0000 0.0000 0.0000 0.0000	</row0>
				<row1>	0.0000 1.0000 0.0000 0.0000	</row1>
				<row2>	0.0000 0.0000 1.0000 0.0000	</row2>
				<row3>	0.0000 0.0000 0.0000 1.0000	</row3>
			</transform>
			<node>
				<identifier>	Turret	</identifier>
				<transform>
					<row0>	1.0000 0.0000 0.0000 0.0000	</row0>
					<row1>	0.0000 1.0000 0.0000 0.0000	</row1>
					<row2>	0.0000 0.0000 1.0000 0.0000	</row2>
					<row3>	0.0000 0.0000 0.0000 1.0000	</row3>
				</transform>
				<node>
					<identifier>	HP_gunFire1	</identifier>
					<transform>
						<row0>	1.0000 0.0000 0.0000 0.0000	</row0>
						<row1>	0.0000 0.8660 -0.5000 0.0000	</row1>
						<row2>	0.0000 0.5000 0.8660 0.0000	</row2>
						<row3>	-0.0233 0.2859 0.1542 1.0000	</row3>
					</transform>
				</node>
				<node>
					<identifier>	HP_gunFire2	</identifier>
					<transform>
						<row0>	1.0000 0.0000 0.0000 0.0000	</row0>
						<row1>	0.0000 0.8660 -0.5000 0.0000	</row1>
						<row2>	0.0000 0.5000 0.8660 0.0000	</row2>
						<row3>	0.0233 0.2859 0.1542 1.0000	</row3>
					</transform>
				</node>
				<node>
					<identifier>	HP_gunFire3	</identifier>
					<transform>
						<row0>	1.0000 0.0000 0.0000 0.0000	</row0>
						<row1>	0.0000 0.8660 -0.5000 0.0000	</row1>
						<row2>	0.0000 0.5000 0.8660 0.0000	</row2>
						<row3>	-0.0233 0.2451 0.1777 1.0000	</row3>
					</transform>
				</node>
				<node>
					<identifier>	HP_gunFire4	</identifier>
					<transform>
						<row0>	1.0000 0.0000 0.0000 0.0000	</row0>
						<row1>	0.0000 0.8660 -0.5000 0.0000	</row1>
						<row2>	0.0000 0.5000 0.8660 0.0000	</row2>
						<row3>	0.0233 0.2451 0.1777 1.0000	</row3>
					</transform>
				</node>
			</node>
		</node>
	</skeleton>
	<properties>
		<underwaterModel>	false	</underwaterModel>
		<abovewaterModel>	true	</abovewaterModel>
	</properties>
	<boundingBox>
		<min>	-0.1649 0.0000 -0.1777	</min>
		<max>	0.1649 0.3769 0.2688	</max>
	</boundingBox>
	<renderSets>
		<renderSet>
			<name>	TurretShape	</name>
			<treatAsWorldSpaceObject>	false	</treatAsWorldSpaceObject>
			<nodes>
				<node>	Turret	</node>
			</nodes>
			<material>
				<identifier>	TL2_SHIPMAT_PBS_Gun	</identifier>
				<mfm>	PnFMods/ModsSDK.zip/RSB710_Sibir/gun/RGA066_45mm_SM_20_Zif.mfm	</mfm>
			</material>
		</renderSet>
		<renderSet>
			<name>	Turret_lod1Shape	</name>
			<treatAsWorldSpaceObject>	false	</treatAsWorldSpaceObject>
			<nodes>
				<node>	Turret	</node>
			</nodes>
			<material>
				<identifier>	TL2_SHIPMAT_PBS_Gun	</identifier>
				<mfm>	PnFMods/ModsSDK.zip/RSB710_Sibir/gun/RGA066_45mm_SM_20_Zif.mfm	</mfm>
			</material>
		</renderSet>
		<renderSet>
			<name>	Turret_lod2Shape	</name>
			<treatAsWorldSpaceObject>	false	</treatAsWorldSpaceObject>
			<nodes>
				<node>	Turret	</node>
			</nodes>
			<material>
				<identifier>	TL2_SHIPMAT_PBS_Gun	</identifier>
				<mfm>	PnFMods/ModsSDK.zip/RSB710_Sibir/gun/RGA066_45mm_SM_20_Zif.mfm	</mfm>
			</material>
		</renderSet>
		<renderSet>
			<name>	Turret_lod3Shape	</name>
			<treatAsWorldSpaceObject>	false	</treatAsWorldSpaceObject>
			<nodes>
				<node>	Turret	</node>
			</nodes>
			<material>
				<identifier>	TL2_SHIPMAT_PBS_Gun	</identifier>
				<mfm>	PnFMods/ModsSDK.zip/RSB710_Sibir/gun/RGA066_45mm_SM_20_Zif.mfm	</mfm>
			</material>
		</renderSet>
	</renderSets>
	<lods>
		<lod>
			<extent>	4.0000	</extent>
			<castsShadow>	true	</castsShadow>
			<renderSets>
				<renderSet>	TurretShape	</renderSet>
			</renderSets>
		</lod>
		<lod>
			<extent>	12.0000	</extent>
			<castsShadow>	true	</castsShadow>
			<renderSets>
				<renderSet>	Turret_lod1Shape	</renderSet>
			</renderSets>
		</lod>
		<lod>
			<extent>	35.0000	</extent>
			<castsShadow>	true	</castsShadow>
			<renderSets>
				<renderSet>	Turret_lod2Shape	</renderSet>
			</renderSets>
		</lod>
		<lod>
			<extent>	100.0000	</extent>
			<castsShadow>	false	</castsShadow>
			<renderSets>
				<renderSet>	Turret_lod3Shape	</renderSet>
			</renderSets>
		</lod>
	</lods>
</RGA066_45mm_SM_20_Zif.visual>
