<ASA026_Yorktown_1945_MidFront_ep.skel_ext>
	<exported>	false	</exported>
	<node>
		<identifier>	EP_Death_2	</identifier>
		<parent>	Scene Root	</parent>
		<transform>
			<row0>	1.0000 0.0000 0.0000 0.0000	</row0>
			<row1>	0.0000 1.0000 0.0000 0.0000	</row1>
			<row2>	0.0000 0.0000 1.0000 0.0000	</row2>
			<row3>	0.0000 0.0000 -0.1074 1.0000	</row3>
		</transform>
	</node>
	<node>
		<identifier>	EP_Fire_2	</identifier>
		<parent>	Scene Root	</parent>
		<transform>
			<row0>	0.0110 0.0016 -0.9999 0.0000	</row0>
			<row1>	-0.1398 0.9902 0.0000 0.0000	</row1>
			<row2>	0.9901 0.1398 0.0111 0.0000	</row2>
			<row3>	-0.5965 1.0373 2.0757 1.0000	</row3>
		</transform>
	</node>
	<node>
		<identifier>	EP_Fire_2_side_1	</identifier>
		<parent>	Scene Root	</parent>
		<transform>
			<row0>	0.9013 -0.2617 0.3451 0.0000	</row0>
			<row1>	0.2788 0.9603 0.0000 0.0000	</row1>
			<row2>	-0.3314 0.0962 0.9386 0.0000	</row2>
			<row3>	0.9519 1.2143 2.5645 1.0000	</row3>
		</transform>
	</node>
	<node>
		<identifier>	EP_Fire_2_side_2	</identifier>
		<parent>	Scene Root	</parent>
		<transform>
			<row0>	1.0000 0.0000 0.0000 0.0000	</row0>
			<row1>	0.0000 1.0000 0.0000 0.0000	</row1>
			<row2>	0.0000 0.0000 1.0000 0.0000	</row2>
			<row3>	-0.0437 1.0580 0.3413 1.0000	</row3>
		</transform>
	</node>
	<node>
		<identifier>	EP_Flood_steam_1	</identifier>
		<parent>	Scene Root	</parent>
		<transform>
			<row0>	0.3633 -0.9317 0.0000 0.0000	</row0>
			<row1>	0.9317 0.3633 0.0000 0.0000	</row1>
			<row2>	0.0000 0.0000 1.0000 0.0000	</row2>
			<row3>	0.9085 1.9650 0.3658 1.0000	</row3>
		</transform>
	</node>
	<node>
		<identifier>	EP_Flood_steam_2	</identifier>
		<parent>	Scene Root	</parent>
		<transform>
			<row0>	0.2980 -0.9546 0.0000 0.0000	</row0>
			<row1>	0.9546 0.2980 0.0000 0.0000	</row1>
			<row2>	0.0000 0.0000 1.0000 0.0000	</row2>
			<row3>	0.9085 1.9650 -0.3449 1.0000	</row3>
		</transform>
	</node>
	<node>
		<identifier>	EP_Smoke_1	</identifier>
		<parent>	Scene Root	</parent>
		<transform>
			<row0>	0.8171 -0.0705 0.5721 0.0000	</row0>
			<row1>	0.0578 0.9975 0.0404 0.0000	</row1>
			<row2>	-0.5736 0.0000 0.8192 0.0000	</row2>
			<row3>	0.7326 2.0239 0.4273 1.0000	</row3>
		</transform>
	</node>
	<node>
		<identifier>	EP_Smoke_2	</identifier>
		<parent>	Scene Root	</parent>
		<transform>
			<row0>	0.9976 0.0698 0.0000 0.0000	</row0>
			<row1>	-0.0698 0.9976 0.0000 0.0000	</row1>
			<row2>	0.0000 0.0000 1.0000 0.0000	</row2>
			<row3>	0.7317 2.0234 0.0981 1.0000	</row3>
		</transform>
	</node>
	<node>
		<identifier>	EP_Smoke_3	</identifier>
		<parent>	Scene Root	</parent>
		<transform>
			<row0>	0.8160 -0.0870 -0.5714 0.0000	</row0>
			<row1>	0.0713 0.9962 -0.0499 0.0000	</row1>
			<row2>	0.5736 0.0000 0.8192 0.0000	</row2>
			<row3>	0.7316 2.0239 -0.2170 1.0000	</row3>
		</transform>
	</node>
</ASA026_Yorktown_1945_MidFront_ep.skel_ext>
