<BSB041_Indefatigable_1916_Stern.skel_ext>
	<exported>	true	</exported>
	<node>
		<identifier>	MP_BM003_Night_lifebuoy	</identifier>
		<parent>	Scene Root	</parent>
		<transform>
			<row0>	0.7478 0.6139 -0.2529 0.0000	</row0>
			<row1>	-0.5815 0.7894 0.1966 0.0000	</row1>
			<row2>	0.3203 0.0000 0.9473 0.0000	</row2>
			<row3>	0.2477 0.3427 -5.3640 1.0000	</row3>
		</transform>
	</node>
	<node>
		<identifier>	MP_BM003_Night_lifebuoy_INDEX_1	</identifier>
		<parent>	Scene Root	</parent>
		<transform>
			<row0>	-0.7478 0.6139 -0.2529 0.0000	</row0>
			<row1>	0.5815 0.7894 0.1966 0.0000	</row1>
			<row2>	0.3203 0.0000 -0.9473 0.0000	</row2>
			<row3>	-0.2477 0.3427 -5.3640 1.0000	</row3>
		</transform>
	</node>
	<node>
		<identifier>	MP_BM021_Crown	</identifier>
		<parent>	Scene Root	</parent>
		<transform>
			<row0>	0.9239 0.0000 0.3827 0.0000	</row0>
			<row1>	0.0000 1.0000 0.0000 0.0000	</row1>
			<row2>	-0.3827 0.0000 0.9239 0.0000	</row2>
			<row3>	-0.0131 0.8803 -5.9363 1.0000	</row3>
		</transform>
	</node>
	<node>
		<identifier>	MP_BM877_Running_Lights_B	</identifier>
		<parent>	Scene Root	</parent>
		<transform>
			<row0>	0.7500 0.0000 0.0000 0.0000	</row0>
			<row1>	0.0000 0.7500 0.0000 0.0000	</row1>
			<row2>	0.0000 0.0000 0.7500 0.0000	</row2>
			<row3>	-0.0130 0.4710 -5.9568 1.0000	</row3>
		</transform>
	</node>
	<node>
		<identifier>	MP_BM963_Anchor_Capstan_Stern	</identifier>
		<parent>	Scene Root	</parent>
		<transform>
			<row0>	1.0000 0.0000 0.0000 0.0000	</row0>
			<row1>	0.0000 1.0000 0.0000 0.0000	</row1>
			<row2>	0.0000 0.0000 1.0000 0.0000	</row2>
			<row3>	0.0000 0.2700 -4.5184 1.0000	</row3>
		</transform>
	</node>
	<node>
		<identifier>	MP_CM001_Propeller3_L	</identifier>
		<parent>	Scene Root	</parent>
		<transform>
			<row0>	0.9842 -0.1122 0.0501 0.0000	</row0>
			<row1>	0.1137 0.9849 -0.0273 0.0000	</row1>
			<row2>	-0.0435 0.0307 0.9235 0.0000	</row2>
			<row3>	-0.3216 -0.3998 -4.5927 1.0000	</row3>
		</transform>
	</node>
	<node>
		<identifier>	MP_CM001_Propeller3_L_INDEX_1	</identifier>
		<parent>	Scene Root	</parent>
		<transform>
			<row0>	0.9917 0.0000 0.0121 0.0000	</row0>
			<row1>	0.0005 0.9910 -0.0388 0.0000	</row1>
			<row2>	-0.0113 0.0362 0.9242 0.0000	</row2>
			<row3>	-0.1401 -0.4524 -5.0040 1.0000	</row3>
		</transform>
	</node>
	<node>
		<identifier>	MP_CM011_Fire_Fighting_Gear	</identifier>
		<parent>	Scene Root	</parent>
		<transform>
			<row0>	1.0000 0.0000 0.0000 0.0000	</row0>
			<row1>	0.0000 1.0000 0.0000 0.0000	</row1>
			<row2>	0.0000 0.0000 1.0000 0.0000	</row2>
			<row3>	0.0000 0.2708 -5.0617 1.0000	</row3>
		</transform>
	</node>
	<node>
		<identifier>	MP_CM011_Fire_Fighting_Gear_INDEX_1	</identifier>
		<parent>	Scene Root	</parent>
		<transform>
			<row0>	-0.2164 0.0000 -0.9763 0.0000	</row0>
			<row1>	0.0000 1.0000 0.0000 0.0000	</row1>
			<row2>	0.9763 0.0000 -0.2164 0.0000	</row2>
			<row3>	-0.2884 0.2593 -3.8434 1.0000	</row3>
		</transform>
	</node>
	<node>
		<identifier>	MP_CM011_Fire_Fighting_Gear_INDEX_2	</identifier>
		<parent>	Scene Root	</parent>
		<transform>
			<row0>	-0.2164 0.0000 0.9763 0.0000	</row0>
			<row1>	0.0000 1.0000 0.0000 0.0000	</row1>
			<row2>	-0.9763 0.0000 -0.2164 0.0000	</row2>
			<row3>	0.2884 0.2593 -3.8434 1.0000	</row3>
		</transform>
	</node>
	<node>
		<identifier>	MP_CM013_Fire_Hose_Rack_2	</identifier>
		<parent>	Scene Root	</parent>
		<transform>
			<row0>	-0.9239 0.0000 -0.3827 0.0000	</row0>
			<row1>	0.0000 1.0000 0.0000 0.0000	</row1>
			<row2>	0.3827 0.0000 -0.9239 0.0000	</row2>
			<row3>	0.2612 0.2820 -3.7920 1.0000	</row3>
		</transform>
	</node>
	<node>
		<identifier>	MP_CM013_Fire_Hose_Rack_2_INDEX_1	</identifier>
		<parent>	Scene Root	</parent>
		<transform>
			<row0>	0.0000 0.0000 1.0000 0.0000	</row0>
			<row1>	0.0000 1.0000 0.0000 0.0000	</row1>
			<row2>	-1.0000 0.0000 0.0000 0.0000	</row2>
			<row3>	0.0000 0.2834 -4.1827 1.0000	</row3>
		</transform>
	</node>
	<node>
		<identifier>	MP_CM013_Fire_Hose_Rack_2_INDEX_2	</identifier>
		<parent>	Scene Root	</parent>
		<transform>
			<row0>	1.0000 0.0000 0.0000 0.0000	</row0>
			<row1>	0.0000 1.0000 0.0000 0.0000	</row1>
			<row2>	0.0000 0.0000 1.0000 0.0000	</row2>
			<row3>	-0.2827 0.2820 -3.9002 1.0000	</row3>
		</transform>
	</node>
	<node>
		<identifier>	MP_CM032_Propeller3_R	</identifier>
		<parent>	Scene Root	</parent>
		<transform>
			<row0>	0.9842 0.1122 -0.0501 0.0000	</row0>
			<row1>	-0.1137 0.9849 -0.0273 0.0000	</row1>
			<row2>	0.0435 0.0307 0.9235 0.0000	</row2>
			<row3>	0.3216 -0.3998 -4.5927 1.0000	</row3>
		</transform>
	</node>
	<node>
		<identifier>	MP_CM032_Propeller3_R_INDEX_1	</identifier>
		<parent>	Scene Root	</parent>
		<transform>
			<row0>	0.9917 0.0000 -0.0121 0.0000	</row0>
			<row1>	-0.0005 0.9910 -0.0388 0.0000	</row1>
			<row2>	0.0113 0.0362 0.9242 0.0000	</row2>
			<row3>	0.1401 -0.4524 -5.0040 1.0000	</row3>
		</transform>
	</node>
	<node>
		<identifier>	MP_CM104_Life_Buoy	</identifier>
		<parent>	Scene Root	</parent>
		<transform>
			<row0>	0.1305 0.0000 -0.9914 0.0000	</row0>
			<row1>	0.0000 1.0000 0.0000 0.0000	</row1>
			<row2>	0.9914 0.0000 0.1305 0.0000	</row2>
			<row3>	-0.5210 0.3154 -4.0262 1.0000	</row3>
		</transform>
	</node>
	<node>
		<identifier>	MP_CM104_Life_Buoy_INDEX_1	</identifier>
		<parent>	Scene Root	</parent>
		<transform>
			<row0>	0.1305 0.0000 0.9914 0.0000	</row0>
			<row1>	0.0000 1.0000 0.0000 0.0000	</row1>
			<row2>	-0.9914 0.0000 0.1305 0.0000	</row2>
			<row3>	0.5210 0.3154 -4.0262 1.0000	</row3>
		</transform>
	</node>
</BSB041_Indefatigable_1916_Stern.skel_ext>
