<ISC011_Raimondo_Montecuccoli_1943_Stern.skel_ext>
	<exported>	true	</exported>
	<node>
		<identifier>	MP_CM001_Propeller3_L	</identifier>
		<parent>	Scene Root	</parent>
		<transform>
			<row0>	-0.6034 -0.7967 0.0347 0.0000	</row0>
			<row1>	0.7973 -0.6035 0.0109 0.0000	</row1>
			<row2>	0.0122 0.0343 0.9993 0.0000	</row2>
			<row3>	-0.2117 -0.3219 -4.8737 1.0000	</row3>
		</transform>
	</node>
	<node>
		<identifier>	MP_CM032_Propeller3_R	</identifier>
		<parent>	Scene Root	</parent>
		<transform>
			<row0>	-0.6012 0.7983 -0.0347 0.0000	</row0>
			<row1>	-0.7990 -0.6012 0.0108 0.0000	</row1>
			<row2>	-0.0122 0.0343 0.9993 0.0000	</row2>
			<row3>	0.2117 -0.3219 -4.8737 1.0000	</row3>
		</transform>
	</node>
	<node>
		<identifier>	MP_IM005_Life_Buoy	</identifier>
		<parent>	Scene Root	</parent>
		<transform>
			<row0>	-0.0957 0.0112 -0.9954 0.0000	</row0>
			<row1>	0.0006 0.9999 0.0112 0.0000	</row1>
			<row2>	0.9954 0.0005 -0.0957 0.0000	</row2>
			<row3>	0.3220 0.2969 -4.5636 1.0000	</row3>
		</transform>
	</node>
	<node>
		<identifier>	MP_IM005_Life_Buoy_INDEX_1	</identifier>
		<parent>	Scene Root	</parent>
		<transform>
			<row0>	-0.0957 -0.0112 0.9954 0.0000	</row0>
			<row1>	-0.0006 0.9999 0.0112 0.0000	</row1>
			<row2>	-0.9954 0.0005 -0.0957 0.0000	</row2>
			<row3>	-0.3220 0.2969 -4.5636 1.0000	</row3>
		</transform>
	</node>
	<node>
		<identifier>	MP_IM026_Reels	</identifier>
		<parent>	Scene Root	</parent>
		<transform>
			<row0>	0.8591 0.0000 0.2681 0.0000	</row0>
			<row1>	0.0000 0.9000 0.0000 0.0000	</row1>
			<row2>	-0.2681 0.0000 0.8591 0.0000	</row2>
			<row3>	-0.0703 0.2736 -2.9867 1.0000	</row3>
		</transform>
	</node>
	<node>
		<identifier>	MP_IM026_Reels_INDEX_1	</identifier>
		<parent>	Scene Root	</parent>
		<transform>
			<row0>	0.8591 0.0000 -0.2681 0.0000	</row0>
			<row1>	0.0000 0.9000 0.0000 0.0000	</row1>
			<row2>	0.2681 0.0000 0.8591 0.0000	</row2>
			<row3>	0.0703 0.2736 -2.9867 1.0000	</row3>
		</transform>
	</node>
	<node>
		<identifier>	MP_IM033_Life_Buoy	</identifier>
		<parent>	Scene Root	</parent>
		<transform>
			<row0>	0.0335 0.0000 0.9994 0.0000	</row0>
			<row1>	0.0000 1.0000 0.0000 0.0000	</row1>
			<row2>	-0.9994 0.0000 0.0335 0.0000	</row2>
			<row3>	0.4346 0.3431 -3.1859 1.0000	</row3>
		</transform>
	</node>
	<node>
		<identifier>	MP_IM033_Life_Buoy_INDEX_1	</identifier>
		<parent>	Scene Root	</parent>
		<transform>
			<row0>	0.0335 0.0000 -0.9994 0.0000	</row0>
			<row1>	0.0000 1.0000 0.0000 0.0000	</row1>
			<row2>	0.9994 0.0000 0.0335 0.0000	</row2>
			<row3>	-0.4346 0.3431 -3.1859 1.0000	</row3>
		</transform>
	</node>
	<node>
		<identifier>	MP_IM951_Anchor_up	</identifier>
		<parent>	Scene Root	</parent>
		<transform>
			<row0>	0.0000 -0.4487 0.4703 0.0000	</row0>
			<row1>	0.0000 0.4703 0.4487 0.0000	</row1>
			<row2>	-0.6500 0.0000 0.0000 0.0000	</row2>
			<row3>	0.0000 0.1844 -6.0420 1.0000	</row3>
		</transform>
	</node>
	<node>
		<identifier>	MP_IM952_Anchor_Bottom	</identifier>
		<parent>	Scene Root	</parent>
		<transform>
			<row0>	0.0000 -0.1508 0.6323 0.0000	</row0>
			<row1>	0.0000 0.6323 0.1508 0.0000	</row1>
			<row2>	-0.6500 0.0000 0.0000 0.0000	</row2>
			<row3>	0.0000 0.1845 -6.0418 1.0000	</row3>
		</transform>
	</node>
</ISC011_Raimondo_Montecuccoli_1943_Stern.skel_ext>
