<ZSD001_Anshan_Stern.skel_ext>
	<exported>	true	</exported>
	<node>
		<identifier>	MP_CM001_Propeller3_L	</identifier>
		<parent>	Scene Root	</parent>
		<transform>
			<row0>	0.7631 -0.0028 -0.0377 0.0000	</row0>
			<row1>	-0.0002 0.7616 -0.0605 0.0000	</row1>
			<row2>	0.0378 0.0604 0.7607 0.0000	</row2>
			<row3>	-0.1555 -0.2065 -3.3037 1.0000	</row3>
		</transform>
	</node>
	<node>
		<identifier>	MP_CM032_Propeller3_R	</identifier>
		<parent>	Scene Root	</parent>
		<transform>
			<row0>	0.7631 0.0028 0.0377 0.0000	</row0>
			<row1>	0.0002 0.7616 -0.0605 0.0000	</row1>
			<row2>	-0.0378 0.0604 0.7607 0.0000	</row2>
			<row3>	0.1555 -0.2065 -3.3037 1.0000	</row3>
		</transform>
	</node>
	<node>
		<identifier>	MP_ZM002_Reel	</identifier>
		<parent>	Scene Root	</parent>
		<transform>
			<row0>	0.0000 0.0000 -1.3000 0.0000	</row0>
			<row1>	-0.0182 -1.2999 0.0000 0.0000	</row1>
			<row2>	-0.9999 0.0140 0.0000 0.0000	</row2>
			<row3>	0.0477 0.1503 -2.9420 1.0000	</row3>
		</transform>
	</node>
	<node>
		<identifier>	MP_ZM002_Reel_INDEX_1	</identifier>
		<parent>	Scene Root	</parent>
		<transform>
			<row0>	0.0000 0.0000 1.3000 0.0000	</row0>
			<row1>	0.0182 -1.2999 0.0000 0.0000	</row1>
			<row2>	0.9999 0.0140 0.0000 0.0000	</row2>
			<row3>	-0.0477 0.1503 -2.9420 1.0000	</row3>
		</transform>
	</node>
	<node>
		<identifier>	MP_ZM004_Basket_Rope	</identifier>
		<parent>	Scene Root	</parent>
		<transform>
			<row0>	1.0000 0.0000 0.0000 0.0000	</row0>
			<row1>	0.0000 1.0000 0.0000 0.0000	</row1>
			<row2>	0.0000 0.0000 1.0000 0.0000	</row2>
			<row3>	-0.0244 0.1518 -2.8098 1.0000	</row3>
		</transform>
	</node>
	<node>
		<identifier>	MP_ZM009_Coat_of_Arms_China	</identifier>
		<parent>	Scene Root	</parent>
		<transform>
			<row0>	-1.0000 0.0000 0.0000 0.0000	</row0>
			<row1>	0.0000 0.9745 -0.2243 0.0000	</row1>
			<row2>	0.0000 -0.2243 -0.9745 0.0000	</row2>
			<row3>	0.0000 0.0834 -3.7305 1.0000	</row3>
		</transform>
	</node>
	<node>
		<identifier>	MP_ZM014_Screen_Smoke_DA2	</identifier>
		<parent>	Scene Root	</parent>
		<transform>
			<row0>	-0.1111 0.0000 0.9938 0.0000	</row0>
			<row1>	-0.0176 0.9998 -0.0020 0.0000	</row1>
			<row2>	-0.9936 -0.0177 -0.1111 0.0000	</row2>
			<row3>	-0.1538 0.1458 -3.5913 1.0000	</row3>
		</transform>
	</node>
	<node>
		<identifier>	MP_ZM014_Screen_Smoke_DA2_INDEX_1	</identifier>
		<parent>	Scene Root	</parent>
		<transform>
			<row0>	-0.1111 0.0000 -0.9938 0.0000	</row0>
			<row1>	0.0176 0.9998 -0.0020 0.0000	</row1>
			<row2>	0.9936 -0.0177 -0.1111 0.0000	</row2>
			<row3>	0.1538 0.1455 -3.5913 1.0000	</row3>
		</transform>
	</node>
	<node>
		<identifier>	MP_ZM024_Life_Buoy	</identifier>
		<parent>	Scene Root	</parent>
		<transform>
			<row0>	0.0809 0.0000 0.9967 0.0000	</row0>
			<row1>	0.0000 1.0000 0.0000 0.0000	</row1>
			<row2>	-0.9967 0.0000 0.0809 0.0000	</row2>
			<row3>	0.2279 0.2142 -3.0182 1.0000	</row3>
		</transform>
	</node>
	<node>
		<identifier>	MP_ZM024_Life_Buoy_INDEX_1	</identifier>
		<parent>	Scene Root	</parent>
		<transform>
			<row0>	0.0809 0.0000 -0.9967 0.0000	</row0>
			<row1>	0.0000 1.0000 0.0000 0.0000	</row1>
			<row2>	0.9967 0.0000 0.0809 0.0000	</row2>
			<row3>	-0.2279 0.2142 -3.0182 1.0000	</row3>
		</transform>
	</node>
	<node>
		<identifier>	MP_ZM751_Hatch	</identifier>
		<parent>	Scene Root	</parent>
		<transform>
			<row0>	1.0000 0.0000 0.0000 0.0000	</row0>
			<row1>	0.0000 1.0000 0.0000 0.0000	</row1>
			<row2>	0.0000 0.0000 1.0000 0.0000	</row2>
			<row3>	0.0674 0.1486 -3.1777 1.0000	</row3>
		</transform>
	</node>
	<node>
		<identifier>	MP_ZM751_Hatch_INDEX_1	</identifier>
		<parent>	Scene Root	</parent>
		<transform>
			<row0>	1.0000 0.0000 0.0000 0.0000	</row0>
			<row1>	0.0000 1.0000 0.0000 0.0000	</row1>
			<row2>	0.0000 0.0000 1.0000 0.0000	</row2>
			<row3>	0.0498 0.1524 -2.5907 1.0000	</row3>
		</transform>
	</node>
	<node>
		<identifier>	MP_ZM800_Ventilation_Mushroom	</identifier>
		<parent>	Scene Root	</parent>
		<transform>
			<row0>	1.0000 0.0000 0.0000 0.0000	</row0>
			<row1>	0.0000 1.0000 0.0000 0.0000	</row1>
			<row2>	0.0000 0.0000 1.0000 0.0000	</row2>
			<row3>	0.0833 0.1512 -2.7958 1.0000	</row3>
		</transform>
	</node>
	<node>
		<identifier>	MP_ZM800_Ventilation_Mushroom_INDEX_1	</identifier>
		<parent>	Scene Root	</parent>
		<transform>
			<row0>	1.0000 0.0000 0.0000 0.0000	</row0>
			<row1>	0.0000 1.0000 0.0000 0.0000	</row1>
			<row2>	0.0000 0.0000 1.0000 0.0000	</row2>
			<row3>	-0.2435 0.1460 -2.6251 1.0000	</row3>
		</transform>
	</node>
	<node>
		<identifier>	MP_ZM800_Ventilation_Mushroom_INDEX_2	</identifier>
		<parent>	Scene Root	</parent>
		<transform>
			<row0>	1.0000 0.0000 0.0000 0.0000	</row0>
			<row1>	0.0000 1.0000 0.0000 0.0000	</row1>
			<row2>	0.0000 0.0000 1.0000 0.0000	</row2>
			<row3>	0.1872 0.1455 -3.3132 1.0000	</row3>
		</transform>
	</node>
	<node>
		<identifier>	MP_ZM852_Running_Lights_B	</identifier>
		<parent>	Scene Root	</parent>
		<transform>
			<row0>	-1.0000 0.0000 0.0000 0.0000	</row0>
			<row1>	0.0000 1.0000 0.0000 0.0000	</row1>
			<row2>	0.0000 0.0000 -1.0000 0.0000	</row2>
			<row3>	0.0000 0.1843 -3.7229 1.0000	</row3>
		</transform>
	</node>
	<node>
		<identifier>	MP_ZM857_Signal_Lamp	</identifier>
		<parent>	Scene Root	</parent>
		<transform>
			<row0>	-0.8000 0.0000 0.0000 0.0000	</row0>
			<row1>	0.0000 0.8000 0.0000 0.0000	</row1>
			<row2>	0.0000 0.0000 -0.8000 0.0000	</row2>
			<row3>	0.0000 0.4042 -3.7699 1.0000	</row3>
		</transform>
	</node>
	<node>
		<identifier>	MP_ZM950_Bollard	</identifier>
		<parent>	Scene Root	</parent>
		<transform>
			<row0>	0.9949 0.0424 0.0911 0.0000	</row0>
			<row1>	-0.0422 0.9991 -0.0039 0.0000	</row1>
			<row2>	-0.0912 0.0000 0.9958 0.0000	</row2>
			<row3>	-0.2084 0.1449 -3.0828 1.0000	</row3>
		</transform>
	</node>
	<node>
		<identifier>	MP_ZM950_Bollard_INDEX_1	</identifier>
		<parent>	Scene Root	</parent>
		<transform>
			<row0>	0.9949 -0.0424 -0.0911 0.0000	</row0>
			<row1>	0.0422 0.9991 -0.0039 0.0000	</row1>
			<row2>	0.0912 0.0000 0.9958 0.0000	</row2>
			<row3>	0.2084 0.1449 -3.0828 1.0000	</row3>
		</transform>
	</node>
	<node>
		<identifier>	MP_ZM951_Fairlead	</identifier>
		<parent>	Scene Root	</parent>
		<transform>
			<row0>	0.9939 0.0471 0.0996 0.0000	</row0>
			<row1>	-0.0473 0.9989 -0.0005 0.0000	</row1>
			<row2>	-0.0995 -0.0042 0.9950 0.0000	</row2>
			<row3>	-0.1961 0.1484 -3.2294 1.0000	</row3>
		</transform>
	</node>
	<node>
		<identifier>	MP_ZM951_Fairlead_INDEX_1	</identifier>
		<parent>	Scene Root	</parent>
		<transform>
			<row0>	0.9939 -0.0471 -0.0996 0.0000	</row0>
			<row1>	0.0473 0.9989 -0.0005 0.0000	</row1>
			<row2>	0.0995 -0.0042 0.9950 0.0000	</row2>
			<row3>	0.1961 0.1484 -3.2294 1.0000	</row3>
		</transform>
	</node>
	<node>
		<identifier>	MP_ZM951_Fairlead_INDEX_2	</identifier>
		<parent>	Scene Root	</parent>
		<transform>
			<row0>	0.9962 -0.0472 -0.0738 0.0000	</row0>
			<row1>	0.0473 0.9989 -0.0005 0.0000	</row1>
			<row2>	0.0737 -0.0030 0.9973 0.0000	</row2>
			<row3>	0.2343 0.1486 -2.7925 1.0000	</row3>
		</transform>
	</node>
	<node>
		<identifier>	MP_ZM951_Fairlead_INDEX_3	</identifier>
		<parent>	Scene Root	</parent>
		<transform>
			<row0>	0.9962 0.0472 0.0738 0.0000	</row0>
			<row1>	-0.0473 0.9989 -0.0005 0.0000	</row1>
			<row2>	-0.0737 -0.0030 0.9973 0.0000	</row2>
			<row3>	-0.2343 0.1486 -2.7925 1.0000	</row3>
		</transform>
	</node>
	<node>
		<identifier>	MP_ZM955_Anchor_Capstan_Stern	</identifier>
		<parent>	Scene Root	</parent>
		<transform>
			<row0>	1.0000 0.0000 0.0000 0.0000	</row0>
			<row1>	0.0000 1.0000 0.0000 0.0000	</row1>
			<row2>	0.0000 0.0000 1.0000 0.0000	</row2>
			<row3>	0.0000 0.1504 -3.1165 1.0000	</row3>
		</transform>
	</node>
	<node>
		<identifier>	MP_ZM957_Anchor_Detector	</identifier>
		<parent>	Scene Root	</parent>
		<transform>
			<row0>	-1.0000 0.0000 0.0000 0.0000	</row0>
			<row1>	0.0000 1.0000 0.0000 0.0000	</row1>
			<row2>	0.0000 0.0000 -1.0000 0.0000	</row2>
			<row3>	0.0336 0.1531 -2.7312 1.0000	</row3>
		</transform>
	</node>
</ZSD001_Anshan_Stern.skel_ext>
