<JSB011_Mikasa_1905_Stern.skel_ext>
	<exported>	true	</exported>
	<node>
		<identifier>	MP_CM002_Propeller4_L	</identifier>
		<parent>	Scene Root	</parent>
		<transform>
			<row0>	0.9999 0.0000 -0.0112 0.0000	</row0>
			<row1>	0.0002 0.9999 0.0142 0.0000	</row1>
			<row2>	0.0112 -0.0142 0.9998 0.0000	</row2>
			<row3>	-0.2780 -0.3673 -3.7923 1.0000	</row3>
		</transform>
	</node>
	<node>
		<identifier>	MP_CM033_Propeller4_R	</identifier>
		<parent>	Scene Root	</parent>
		<transform>
			<row0>	0.9999 0.0000 0.0112 0.0000	</row0>
			<row1>	-0.0002 0.9999 0.0142 0.0000	</row1>
			<row2>	-0.0112 -0.0142 0.9998 0.0000	</row2>
			<row3>	0.2780 -0.3673 -3.7923 1.0000	</row3>
		</transform>
	</node>
	<node>
		<identifier>	MP_CM081_Life_Buoy	</identifier>
		<parent>	Scene Root	</parent>
		<transform>
			<row0>	0.5869 0.0000 -0.8097 0.0000	</row0>
			<row1>	0.0000 1.0000 0.0000 0.0000	</row1>
			<row2>	0.8097 0.0000 0.5869 0.0000	</row2>
			<row3>	-0.2455 0.4376 -4.0874 1.0000	</row3>
		</transform>
	</node>
	<node>
		<identifier>	MP_CM081_Life_Buoy_INDEX_1	</identifier>
		<parent>	Scene Root	</parent>
		<transform>
			<row0>	0.5869 0.0000 0.8097 0.0000	</row0>
			<row1>	0.0000 1.0000 0.0000 0.0000	</row1>
			<row2>	-0.8097 0.0000 0.5869 0.0000	</row2>
			<row3>	0.2455 0.4376 -4.0874 1.0000	</row3>
		</transform>
	</node>
	<node>
		<identifier>	MP_JM325_Ventilation_White	</identifier>
		<parent>	Scene Root	</parent>
		<transform>
			<row0>	0.0000 0.0000 1.0000 0.0000	</row0>
			<row1>	0.0000 1.0000 0.0000 0.0000	</row1>
			<row2>	-1.0000 0.0000 0.0000 0.0000	</row2>
			<row3>	0.0940 0.3504 -3.0622 1.0000	</row3>
		</transform>
	</node>
	<node>
		<identifier>	MP_JM325_Ventilation_White_INDEX_1	</identifier>
		<parent>	Scene Root	</parent>
		<transform>
			<row0>	0.0000 0.0000 1.0000 0.0000	</row0>
			<row1>	0.0000 1.0000 0.0000 0.0000	</row1>
			<row2>	-1.0000 0.0000 0.0000 0.0000	</row2>
			<row3>	0.2326 0.3510 -3.1231 1.0000	</row3>
		</transform>
	</node>
	<node>
		<identifier>	MP_JM328_Deck_Hatch_White	</identifier>
		<parent>	Scene Root	</parent>
		<transform>
			<row0>	0.0000 0.0000 -0.7590 0.0000	</row0>
			<row1>	0.0000 0.7590 0.0000 0.0000	</row1>
			<row2>	0.7590 0.0000 0.0000 0.0000	</row2>
			<row3>	0.0000 0.3654 -4.1923 1.0000	</row3>
		</transform>
	</node>
	<node>
		<identifier>	MP_JM328_Deck_Hatch_White_INDEX_1	</identifier>
		<parent>	Scene Root	</parent>
		<transform>
			<row0>	0.0000 0.0000 -0.7588 0.0000	</row0>
			<row1>	0.0000 0.7588 0.0000 0.0000	</row1>
			<row2>	0.7588 0.0000 0.0000 0.0000	</row2>
			<row3>	0.0000 0.3606 -3.8542 1.0000	</row3>
		</transform>
	</node>
	<node>
		<identifier>	MP_JM330_Deck_Hatch_White	</identifier>
		<parent>	Scene Root	</parent>
		<transform>
			<row0>	-1.0000 0.0000 0.0000 0.0000	</row0>
			<row1>	0.0000 1.0000 0.0000 0.0000	</row1>
			<row2>	0.0000 0.0000 -1.0000 0.0000	</row2>
			<row3>	0.0000 0.3435 -3.2480 1.0000	</row3>
		</transform>
	</node>
	<node>
		<identifier>	MP_JM330_Deck_Hatch_White_INDEX_1	</identifier>
		<parent>	Scene Root	</parent>
		<transform>
			<row0>	1.0000 0.0000 0.0000 0.0000	</row0>
			<row1>	0.0000 1.0000 0.0000 0.0000	</row1>
			<row2>	0.0000 0.0000 1.0000 0.0000	</row2>
			<row3>	0.0000 0.3435 -3.1751 1.0000	</row3>
		</transform>
	</node>
</JSB011_Mikasa_1905_Stern.skel_ext>
