<GSC302_Hildebrand_1945_Stern_ports.visual>
	<skeleton>
		<node>
			<identifier>	Scene Root	</identifier>
			<transform>
				<row0>	1.0000 0.0000 0.0000 0.0000	</row0>
				<row1>	0.0000 1.0000 0.0000 0.0000	</row1>
				<row2>	0.0000 0.0000 1.0000 0.0000	</row2>
				<row3>	0.0000 0.0000 0.0000 1.0000	</row3>
			</transform>
			<node>
				<identifier>	Stern_ports	</identifier>
				<transform>
					<row0>	1.0000 0.0000 0.0000 0.0000	</row0>
					<row1>	0.0000 1.0000 0.0000 0.0000	</row1>
					<row2>	0.0000 0.0000 1.0000 0.0000	</row2>
					<row3>	0.0000 0.0000 0.0000 1.0000	</row3>
				</transform>
				<node>
					<identifier>	HP_DeckLand	</identifier>
					<transform>
						<row0>	1.0000 0.0000 0.0000 0.0000	</row0>
						<row1>	0.0000 1.0000 0.0000 0.0000	</row1>
						<row2>	0.0000 0.0000 1.0000 0.0000	</row2>
						<row3>	0.0000 1.3505 -8.7524 1.0000	</row3>
					</transform>
				</node>
				<node>
					<identifier>	HP_Deck_00	</identifier>
					<transform>
						<row0>	1.0000 0.0000 0.0000 0.0000	</row0>
						<row1>	0.0000 1.0000 0.0000 0.0000	</row1>
						<row2>	0.0000 0.0000 1.0000 0.0000	</row2>
						<row3>	0.0000 0.9571 -6.9227 1.0000	</row3>
					</transform>
				</node>
				<node>
					<identifier>	HP_Deck_01	</identifier>
					<transform>
						<row0>	0.9659 0.0000 -0.2588 0.0000	</row0>
						<row1>	0.0000 1.0000 0.0000 0.0000	</row1>
						<row2>	0.2588 0.0000 0.9659 0.0000	</row2>
						<row3>	-0.1107 0.9566 -6.1014 1.0000	</row3>
					</transform>
				</node>
				<node>
					<identifier>	HP_Deck_02	</identifier>
					<transform>
						<row0>	0.9659 0.0000 0.2588 0.0000	</row0>
						<row1>	0.0000 1.0000 0.0000 0.0000	</row1>
						<row2>	-0.2588 0.0000 0.9659 0.0000	</row2>
						<row3>	0.2276 0.9566 -5.4489 1.0000	</row3>
					</transform>
				</node>
				<node>
					<identifier>	HP_Deck_03	</identifier>
					<transform>
						<row0>	0.9659 0.0000 -0.2588 0.0000	</row0>
						<row1>	0.0000 1.0000 0.0000 0.0000	</row1>
						<row2>	0.2588 0.0000 0.9659 0.0000	</row2>
						<row3>	-0.2471 0.9566 -4.8563 1.0000	</row3>
					</transform>
				</node>
				<node>
					<identifier>	HP_Deck_04	</identifier>
					<transform>
						<row0>	0.9659 0.0000 0.2588 0.0000	</row0>
						<row1>	0.0000 1.0000 0.0000 0.0000	</row1>
						<row2>	-0.2588 0.0000 0.9659 0.0000	</row2>
						<row3>	0.2062 0.9566 -4.2650 1.0000	</row3>
					</transform>
				</node>
				<node>
					<identifier>	HP_Deck_05	</identifier>
					<transform>
						<row0>	1.0000 0.0000 0.0000 0.0000	</row0>
						<row1>	0.0000 1.0000 0.0000 0.0000	</row1>
						<row2>	0.0000 0.0000 1.0000 0.0000	</row2>
						<row3>	0.0477 0.9566 -3.3755 1.0000	</row3>
					</transform>
				</node>
				<node>
					<identifier>	HP_DisappearPoint	</identifier>
					<transform>
						<row0>	1.0000 0.0000 0.0000 0.0000	</row0>
						<row1>	0.0000 1.0000 0.0000 0.0000	</row1>
						<row2>	0.0000 0.0000 1.0000 0.0000	</row2>
						<row3>	0.0000 1.1517 -7.9737 1.0000	</row3>
					</transform>
				</node>
				<node>
					<identifier>	HP_FX_Death_3	</identifier>
					<transform>
						<row0>	1.0000 0.0000 0.0000 0.0000	</row0>
						<row1>	0.0000 1.0000 0.0000 0.0000	</row1>
						<row2>	0.0000 0.0000 1.0000 0.0000	</row2>
						<row3>	0.0000 0.0000 -5.6551 1.0000	</row3>
					</transform>
				</node>
				<node>
					<identifier>	HP_FX_Fire_4	</identifier>
					<transform>
						<row0>	1.0000 0.0000 0.0000 0.0000	</row0>
						<row1>	0.0000 1.0000 0.0000 0.0000	</row1>
						<row2>	0.0000 0.0000 1.0000 0.0000	</row2>
						<row3>	0.0000 1.0712 -6.5595 1.0000	</row3>
					</transform>
				</node>
				<node>
					<identifier>	HP_FX_Fire_4_side_1	</identifier>
					<transform>
						<row0>	1.0000 0.0000 0.0000 0.0000	</row0>
						<row1>	0.0000 1.0000 0.0000 0.0000	</row1>
						<row2>	0.0000 0.0000 1.0000 0.0000	</row2>
						<row3>	0.6154 0.9756 -5.7253 1.0000	</row3>
					</transform>
				</node>
				<node>
					<identifier>	HP_FX_Fire_4_side_2	</identifier>
					<transform>
						<row0>	1.0000 0.0000 0.0000 0.0000	</row0>
						<row1>	0.0000 1.0000 0.0000 0.0000	</row1>
						<row2>	0.0000 0.0000 1.0000 0.0000	</row2>
						<row3>	-0.3863 0.9809 -7.3471 1.0000	</row3>
					</transform>
				</node>
				<node>
					<identifier>	HP_FX_Flood_water_left_1	</identifier>
					<transform>
						<row0>	-0.9772 0.0000 -0.2125 0.0000	</row0>
						<row1>	0.0000 1.0000 0.0000 0.0000	</row1>
						<row2>	0.2125 0.0000 -0.9772 0.0000	</row2>
						<row3>	-0.4069 0.0688 -7.1116 1.0000	</row3>
					</transform>
				</node>
				<node>
					<identifier>	HP_FX_Flood_water_right_1	</identifier>
					<transform>
						<row0>	0.9856 0.0000 -0.1692 0.0000	</row0>
						<row1>	0.0000 1.0000 0.0000 0.0000	</row1>
						<row2>	0.1692 0.0000 0.9856 0.0000	</row2>
						<row3>	0.4086 0.0675 -7.1020 1.0000	</row3>
					</transform>
				</node>
				<node>
					<identifier>	HP_FX_RepairLight_left_2	</identifier>
					<transform>
						<row0>	-0.1027 0.0000 0.9947 0.0000	</row0>
						<row1>	0.0000 1.0000 0.0000 0.0000	</row1>
						<row2>	-0.9947 0.0000 -0.1027 0.0000	</row2>
						<row3>	-0.6566 0.4110 -6.0795 1.0000	</row3>
					</transform>
				</node>
				<node>
					<identifier>	HP_FX_WakeTraceBack	</identifier>
					<transform>
						<row0>	1.0000 0.0000 0.0000 0.0000	</row0>
						<row1>	0.0000 1.0000 0.0000 0.0000	</row1>
						<row2>	0.0000 0.0000 1.0000 0.0000	</row2>
						<row3>	0.0000 0.0000 -8.2140 1.0000	</row3>
					</transform>
				</node>
				<node>
					<identifier>	HP_FX_WakeTrace_screw_1	</identifier>
					<transform>
						<row0>	1.0000 0.0000 0.0000 0.0000	</row0>
						<row1>	0.0000 1.0000 0.0000 0.0000	</row1>
						<row2>	0.0000 0.0000 1.0000 0.0000	</row2>
						<row3>	-0.3976 -0.3935 -6.4652 1.0000	</row3>
					</transform>
				</node>
				<node>
					<identifier>	HP_FX_WakeTrace_screw_2	</identifier>
					<transform>
						<row0>	1.0000 0.0000 0.0000 0.0000	</row0>
						<row1>	0.0000 1.0000 0.0000 0.0000	</row1>
						<row2>	0.0000 0.0000 1.0000 0.0000	</row2>
						<row3>	0.0000 -0.3955 -7.0885 1.0000	</row3>
					</transform>
				</node>
				<node>
					<identifier>	HP_FX_WakeTrace_screw_3	</identifier>
					<transform>
						<row0>	1.0000 0.0000 0.0000 0.0000	</row0>
						<row1>	0.0000 1.0000 0.0000 0.0000	</row1>
						<row2>	0.0000 0.0000 1.0000 0.0000	</row2>
						<row3>	0.3976 -0.3935 -6.4652 1.0000	</row3>
					</transform>
				</node>
				<node>
					<identifier>	HP_GF_6	</identifier>
					<transform>
						<row0>	-0.9563 0.0000 0.2924 0.0000	</row0>
						<row1>	0.0000 1.0000 0.0000 0.0000	</row1>
						<row2>	-0.2924 0.0000 -0.9563 0.0000	</row2>
						<row3>	-0.7252 0.7962 -3.7131 1.0000	</row3>
					</transform>
				</node>
				<node>
					<identifier>	HP_GF_7	</identifier>
					<transform>
						<row0>	-0.9563 0.0000 -0.2924 0.0000	</row0>
						<row1>	0.0000 1.0000 0.0000 0.0000	</row1>
						<row2>	0.2924 0.0000 -0.9563 0.0000	</row2>
						<row3>	0.7252 0.7962 -3.7131 1.0000	</row3>
					</transform>
				</node>
				<node>
					<identifier>	HP_GGA_13	</identifier>
					<transform>
						<row0>	0.0000 0.0000 -1.0000 0.0000	</row0>
						<row1>	0.0000 1.0000 0.0000 0.0000	</row1>
						<row2>	1.0000 0.0000 0.0000 0.0000	</row2>
						<row3>	0.8674 0.6423 -2.6128 1.0000	</row3>
					</transform>
				</node>
				<node>
					<identifier>	HP_GGA_14	</identifier>
					<transform>
						<row0>	0.0000 0.0000 1.0000 0.0000	</row0>
						<row1>	0.0000 1.0000 0.0000 0.0000	</row1>
						<row2>	-1.0000 0.0000 0.0000 0.0000	</row2>
						<row3>	-0.8297 0.5882 -2.8923 1.0000	</row3>
					</transform>
				</node>
				<node>
					<identifier>	HP_GGA_15	</identifier>
					<transform>
						<row0>	-1.0000 0.0000 0.0000 0.0000	</row0>
						<row1>	0.0000 1.0000 0.0000 0.0000	</row1>
						<row2>	0.0000 0.0000 -1.0000 0.0000	</row2>
						<row3>	-0.2622 0.5679 -7.9645 1.0000	</row3>
					</transform>
				</node>
				<node>
					<identifier>	HP_GGA_16	</identifier>
					<transform>
						<row0>	-1.0000 0.0000 0.0000 0.0000	</row0>
						<row1>	0.0000 1.0000 0.0000 0.0000	</row1>
						<row2>	0.0000 0.0000 -1.0000 0.0000	</row2>
						<row3>	0.2622 0.5679 -7.9645 1.0000	</row3>
					</transform>
				</node>
				<node>
					<identifier>	HP_GGS_10	</identifier>
					<transform>
						<row0>	-0.9563 0.0000 -0.2924 0.0000	</row0>
						<row1>	0.0000 1.0000 0.0000 0.0000	</row1>
						<row2>	0.2924 0.0000 -0.9563 0.0000	</row2>
						<row3>	0.8308 0.4086 -3.4301 1.0000	</row3>
					</transform>
				</node>
				<node>
					<identifier>	HP_GGS_11	</identifier>
					<transform>
						<row0>	-0.9563 0.0000 0.2924 0.0000	</row0>
						<row1>	0.0000 1.0000 0.0000 0.0000	</row1>
						<row2>	-0.2924 0.0000 -0.9563 0.0000	</row2>
						<row3>	-0.7911 0.4086 -4.0376 1.0000	</row3>
					</transform>
				</node>
				<node>
					<identifier>	HP_GGS_12	</identifier>
					<transform>
						<row0>	-0.9563 0.0000 -0.2924 0.0000	</row0>
						<row1>	0.0000 1.0000 0.0000 0.0000	</row1>
						<row2>	0.2924 0.0000 -0.9563 0.0000	</row2>
						<row3>	0.7911 0.4086 -4.0376 1.0000	</row3>
					</transform>
				</node>
				<node>
					<identifier>	HP_GGS_13	</identifier>
					<transform>
						<row0>	-0.9781 0.0000 0.2079 0.0000	</row0>
						<row1>	0.0000 1.0000 0.0000 0.0000	</row1>
						<row2>	-0.2079 0.0000 -0.9781 0.0000	</row2>
						<row3>	-0.8056 0.4409 -4.6960 1.0000	</row3>
					</transform>
				</node>
				<node>
					<identifier>	HP_GGS_14	</identifier>
					<transform>
						<row0>	-0.9781 0.0000 -0.2079 0.0000	</row0>
						<row1>	0.0000 1.0000 0.0000 0.0000	</row1>
						<row2>	0.2079 0.0000 -0.9781 0.0000	</row2>
						<row3>	0.8056 0.4409 -4.6960 1.0000	</row3>
					</transform>
				</node>
				<node>
					<identifier>	HP_GGS_15	</identifier>
					<transform>
						<row0>	-1.0000 0.0000 0.0000 0.0000	</row0>
						<row1>	0.0000 1.0000 0.0000 0.0000	</row1>
						<row2>	0.0000 0.0000 -1.0000 0.0000	</row2>
						<row3>	-0.7397 0.4409 -5.3642 1.0000	</row3>
					</transform>
				</node>
				<node>
					<identifier>	HP_GGS_16	</identifier>
					<transform>
						<row0>	-1.0000 0.0000 0.0000 0.0000	</row0>
						<row1>	0.0000 1.0000 0.0000 0.0000	</row1>
						<row2>	0.0000 0.0000 -1.0000 0.0000	</row2>
						<row3>	0.7397 0.4409 -5.3642 1.0000	</row3>
					</transform>
				</node>
				<node>
					<identifier>	HP_GGS_9	</identifier>
					<transform>
						<row0>	-0.9563 0.0000 0.2924 0.0000	</row0>
						<row1>	0.0000 1.0000 0.0000 0.0000	</row1>
						<row2>	-0.2924 0.0000 -0.9563 0.0000	</row2>
						<row3>	-0.8308 0.4086 -3.4301 1.0000	</row3>
					</transform>
				</node>
				<node>
					<identifier>	HP_Ship_death_3	</identifier>
					<transform>
						<row0>	1.0000 0.0000 0.0000 0.0000	</row0>
						<row1>	0.0000 1.0000 0.0000 0.0000	</row1>
						<row2>	0.0000 0.0000 1.0000 0.0000	</row2>
						<row3>	0.0000 0.0000 -5.2833 1.0000	</row3>
					</transform>
				</node>
				<node>
					<identifier>	MP_CM011_Fire_Fighting_Gear	</identifier>
					<transform>
						<row0>	1.0000 0.0000 0.0000 0.0000	</row0>
						<row1>	0.0000 1.0000 0.0000 0.0000	</row1>
						<row2>	0.0000 0.0000 1.0000 0.0000	</row2>
						<row3>	0.1208 0.4143 -5.6381 1.0000	</row3>
					</transform>
				</node>
				<node>
					<identifier>	MP_CM011_Fire_Fighting_Gear_INDEX_1	</identifier>
					<transform>
						<row0>	0.0000 0.0000 -1.0000 0.0000	</row0>
						<row1>	0.0000 1.0000 0.0000 0.0000	</row1>
						<row2>	1.0000 0.0000 0.0000 0.0000	</row2>
						<row3>	0.6724 0.5847 -5.4823 1.0000	</row3>
					</transform>
				</node>
				<node>
					<identifier>	MP_CM011_Fire_Fighting_Gear_INDEX_2	</identifier>
					<transform>
						<row0>	1.0000 0.0000 0.0000 0.0000	</row0>
						<row1>	0.0000 1.0000 0.0000 0.0000	</row1>
						<row2>	0.0000 0.0000 1.0000 0.0000	</row2>
						<row3>	0.8105 0.5834 -4.3884 1.0000	</row3>
					</transform>
				</node>
				<node>
					<identifier>	MP_CM011_Fire_Fighting_Gear_INDEX_3	</identifier>
					<transform>
						<row0>	0.1305 0.0000 0.9914 0.0000	</row0>
						<row1>	0.0000 1.0000 0.0000 0.0000	</row1>
						<row2>	-0.9914 0.0000 0.1305 0.0000	</row2>
						<row3>	0.5325 0.4114 -4.1015 1.0000	</row3>
					</transform>
				</node>
				<node>
					<identifier>	MP_CM011_Fire_Fighting_Gear_INDEX_4	</identifier>
					<transform>
						<row0>	0.0000 0.0000 1.0000 0.0000	</row0>
						<row1>	0.0000 1.0000 0.0000 0.0000	</row1>
						<row2>	-1.0000 0.0000 0.0000 0.0000	</row2>
						<row3>	0.6804 0.4066 -2.4725 1.0000	</row3>
					</transform>
				</node>
				<node>
					<identifier>	MP_CM011_Fire_Fighting_Gear_INDEX_5	</identifier>
					<transform>
						<row0>	1.0000 0.0000 0.0000 0.0000	</row0>
						<row1>	0.0000 1.0000 0.0000 0.0000	</row1>
						<row2>	0.0000 0.0000 1.0000 0.0000	</row2>
						<row3>	-0.1208 0.4143 -5.6381 1.0000	</row3>
					</transform>
				</node>
				<node>
					<identifier>	MP_CM011_Fire_Fighting_Gear_INDEX_6	</identifier>
					<transform>
						<row0>	1.0000 0.0000 0.0000 0.0000	</row0>
						<row1>	0.0000 1.0000 0.0000 0.0000	</row1>
						<row2>	0.0000 0.0000 1.0000 0.0000	</row2>
						<row3>	-0.8105 0.5834 -4.3884 1.0000	</row3>
					</transform>
				</node>
				<node>
					<identifier>	MP_CM011_Fire_Fighting_Gear_INDEX_7	</identifier>
					<transform>
						<row0>	0.0000 0.0000 1.0000 0.0000	</row0>
						<row1>	0.0000 1.0000 0.0000 0.0000	</row1>
						<row2>	-1.0000 0.0000 0.0000 0.0000	</row2>
						<row3>	-0.6717 0.5847 -5.4782 1.0000	</row3>
					</transform>
				</node>
				<node>
					<identifier>	MP_CM011_Fire_Fighting_Gear_INDEX_8	</identifier>
					<transform>
						<row0>	0.1305 0.0000 -0.9914 0.0000	</row0>
						<row1>	0.0000 1.0000 0.0000 0.0000	</row1>
						<row2>	0.9914 0.0000 0.1305 0.0000	</row2>
						<row3>	-0.5325 0.4111 -4.1015 1.0000	</row3>
					</transform>
				</node>
				<node>
					<identifier>	MP_CM011_Fire_Fighting_Gear_INDEX_9	</identifier>
					<transform>
						<row0>	0.0000 0.0000 -1.0000 0.0000	</row0>
						<row1>	0.0000 1.0000 0.0000 0.0000	</row1>
						<row2>	1.0000 0.0000 0.0000 0.0000	</row2>
						<row3>	-0.6446 0.5838 -2.9828 1.0000	</row3>
					</transform>
				</node>
				<node>
					<identifier>	MP_CM014_Fuel_Oil_Hose	</identifier>
					<transform>
						<row0>	0.0000 0.0000 1.0000 0.0000	</row0>
						<row1>	0.0000 1.0000 0.0000 0.0000	</row1>
						<row2>	-1.0000 0.0000 0.0000 0.0000	</row2>
						<row3>	0.5776 0.4599 -5.6301 1.0000	</row3>
					</transform>
				</node>
				<node>
					<identifier>	MP_CM014_Fuel_Oil_Hose_INDEX_1	</identifier>
					<transform>
						<row0>	0.0000 -0.1305 -0.9914 0.0000	</row0>
						<row1>	0.0000 -0.9914 0.1305 0.0000	</row1>
						<row2>	-1.0000 0.0000 0.0000 0.0000	</row2>
						<row3>	0.7030 0.4565 -4.3598 1.0000	</row3>
					</transform>
				</node>
				<node>
					<identifier>	MP_CM014_Fuel_Oil_Hose_INDEX_2	</identifier>
					<transform>
						<row0>	0.0000 0.0000 -1.0000 0.0000	</row0>
						<row1>	0.0000 -1.0000 0.0000 0.0000	</row1>
						<row2>	-1.0000 0.0000 0.0000 0.0000	</row2>
						<row3>	0.6699 0.4807 -4.3598 1.0000	</row3>
					</transform>
				</node>
				<node>
					<identifier>	MP_CM014_Fuel_Oil_Hose_INDEX_3	</identifier>
					<transform>
						<row0>	0.0000 0.0000 1.0000 0.0000	</row0>
						<row1>	0.0000 -1.0000 0.0000 0.0000	</row1>
						<row2>	1.0000 0.0000 0.0000 0.0000	</row2>
						<row3>	-0.5776 0.4599 -5.6301 1.0000	</row3>
					</transform>
				</node>
				<node>
					<identifier>	MP_CM014_Fuel_Oil_Hose_INDEX_4	</identifier>
					<transform>
						<row0>	0.0000 0.0000 1.0000 0.0000	</row0>
						<row1>	0.0000 -1.0000 0.0000 0.0000	</row1>
						<row2>	1.0000 0.0000 0.0000 0.0000	</row2>
						<row3>	-0.5525 0.4858 -5.6301 1.0000	</row3>
					</transform>
				</node>
				<node>
					<identifier>	MP_CM014_Fuel_Oil_Hose_INDEX_5	</identifier>
					<transform>
						<row0>	0.0000 0.0000 -1.0000 0.0000	</row0>
						<row1>	0.0000 1.0000 0.0000 0.0000	</row1>
						<row2>	1.0000 0.0000 0.0000 0.0000	</row2>
						<row3>	-0.7030 0.4565 -4.3598 1.0000	</row3>
					</transform>
				</node>
				<node>
					<identifier>	MP_CM014_Fuel_Oil_Hose_INDEX_6	</identifier>
					<transform>
						<row0>	0.0000 0.0000 -1.0000 0.0000	</row0>
						<row1>	0.0000 1.0000 0.0000 0.0000	</row1>
						<row2>	1.0000 0.0000 0.0000 0.0000	</row2>
						<row3>	-0.6699 0.4807 -4.3598 1.0000	</row3>
					</transform>
				</node>
				<node>
					<identifier>	MP_CM014_Fuel_Oil_Hose_INDEX_7	</identifier>
					<transform>
						<row0>	0.0000 0.0000 1.0000 0.0000	</row0>
						<row1>	0.0000 1.0000 0.0000 0.0000	</row1>
						<row2>	-1.0000 0.0000 0.0000 0.0000	</row2>
						<row3>	0.5525 0.4858 -5.6301 1.0000	</row3>
					</transform>
				</node>
				<node>
					<identifier>	MP_CM029_Emergency_Box	</identifier>
					<transform>
						<row0>	0.0808 0.0000 0.9967 0.0000	</row0>
						<row1>	0.0000 1.0000 0.0000 0.0000	</row1>
						<row2>	-0.9967 0.0000 0.0808 0.0000	</row2>
						<row3>	0.1775 0.6061 -7.6888 1.0000	</row3>
					</transform>
				</node>
				<node>
					<identifier>	MP_CM029_Emergency_Box_INDEX_1	</identifier>
					<transform>
						<row0>	0.0808 0.0000 -0.9967 0.0000	</row0>
						<row1>	0.0000 1.0000 0.0000 0.0000	</row1>
						<row2>	0.9967 0.0000 0.0808 0.0000	</row2>
						<row3>	-0.1775 0.6061 -7.6888 1.0000	</row3>
					</transform>
				</node>
				<node>
					<identifier>	MP_CM029_Emergency_Box_INDEX_2	</identifier>
					<transform>
						<row0>	0.0000 0.0000 1.0000 0.0000	</row0>
						<row1>	0.0000 1.0000 0.0000 0.0000	</row1>
						<row2>	-1.0000 0.0000 0.0000 0.0000	</row2>
						<row3>	0.5607 0.6489 -5.1631 1.0000	</row3>
					</transform>
				</node>
				<node>
					<identifier>	MP_CM029_Emergency_Box_INDEX_3	</identifier>
					<transform>
						<row0>	0.1021 0.0000 0.9948 0.0000	</row0>
						<row1>	0.0000 1.0000 0.0000 0.0000	</row1>
						<row2>	-0.9948 0.0000 0.1021 0.0000	</row2>
						<row3>	0.5814 0.6489 -4.8313 1.0000	</row3>
					</transform>
				</node>
				<node>
					<identifier>	MP_CM029_Emergency_Box_INDEX_4	</identifier>
					<transform>
						<row0>	0.1182 0.0000 -0.9930 0.0000	</row0>
						<row1>	0.0000 1.0000 0.0000 0.0000	</row1>
						<row2>	0.9930 0.0000 0.1182 0.0000	</row2>
						<row3>	-0.5812 0.6489 -4.8313 1.0000	</row3>
					</transform>
				</node>
				<node>
					<identifier>	MP_CM029_Emergency_Box_INDEX_5	</identifier>
					<transform>
						<row0>	0.0000 0.0000 -1.0000 0.0000	</row0>
						<row1>	0.0000 1.0000 0.0000 0.0000	</row1>
						<row2>	1.0000 0.0000 0.0000 0.0000	</row2>
						<row3>	-0.5604 0.6489 -5.1631 1.0000	</row3>
					</transform>
				</node>
				<node>
					<identifier>	MP_CM029_Emergency_Box_INDEX_6	</identifier>
					<transform>
						<row0>	0.0888 0.0000 0.9961 0.0000	</row0>
						<row1>	0.0000 1.0000 0.0000 0.0000	</row1>
						<row2>	-0.9961 0.0000 0.0888 0.0000	</row2>
						<row3>	0.6033 0.4804 -3.3997 1.0000	</row3>
					</transform>
				</node>
				<node>
					<identifier>	MP_CM029_Emergency_Box_INDEX_7	</identifier>
					<transform>
						<row0>	0.0869 0.0000 -0.9962 0.0000	</row0>
						<row1>	0.0000 1.0000 0.0000 0.0000	</row1>
						<row2>	0.9962 0.0000 0.0869 0.0000	</row2>
						<row3>	-0.6022 0.4804 -3.3997 1.0000	</row3>
					</transform>
				</node>
				<node>
					<identifier>	MP_CM029_Emergency_Box_INDEX_8	</identifier>
					<transform>
						<row0>	0.8325 0.0000 -0.5540 0.0000	</row0>
						<row1>	0.0000 1.0000 0.0000 0.0000	</row1>
						<row2>	0.5540 0.0000 0.8325 0.0000	</row2>
						<row3>	-0.8716 0.6535 -2.7547 1.0000	</row3>
					</transform>
				</node>
				<node>
					<identifier>	MP_CM029_Emergency_Box_INDEX_9	</identifier>
					<transform>
						<row0>	0.0385 0.0000 0.9993 0.0000	</row0>
						<row1>	0.0000 1.0000 0.0000 0.0000	</row1>
						<row2>	-0.9993 0.0000 0.0385 0.0000	</row2>
						<row3>	0.6706 0.7146 -2.5308 1.0000	</row3>
					</transform>
				</node>
				<node>
					<identifier>	MP_CM030_Swab_Rack_2	</identifier>
					<transform>
						<row0>	1.0000 0.0000 0.0000 0.0000	</row0>
						<row1>	0.0000 1.0000 0.0000 0.0000	</row1>
						<row2>	0.0000 0.0000 1.0000 0.0000	</row2>
						<row3>	-0.5480 0.4099 -4.3635 1.0000	</row3>
					</transform>
				</node>
				<node>
					<identifier>	MP_CM030_Swab_Rack_2_INDEX_1	</identifier>
					<transform>
						<row0>	1.0000 0.0000 0.0000 0.0000	</row0>
						<row1>	0.0000 1.0000 0.0000 0.0000	</row1>
						<row2>	0.0000 0.0000 1.0000 0.0000	</row2>
						<row3>	0.5480 0.4099 -4.3635 1.0000	</row3>
					</transform>
				</node>
				<node>
					<identifier>	MP_CM051_Fire_Fighting_Gear	</identifier>
					<transform>
						<row0>	0.9914 0.0000 -0.1305 0.0000	</row0>
						<row1>	-0.1305 0.0000 -0.9914 0.0000	</row1>
						<row2>	0.0000 1.0000 0.0000 0.0000	</row2>
						<row3>	0.7827 0.8858 -5.6122 1.0000	</row3>
					</transform>
				</node>
				<node>
					<identifier>	MP_CM051_Fire_Fighting_Gear_INDEX_1	</identifier>
					<transform>
						<row0>	1.0000 0.0000 0.0000 0.0000	</row0>
						<row1>	0.0000 0.0000 -1.0000 0.0000	</row1>
						<row2>	0.0000 1.0000 0.0000 0.0000	</row2>
						<row3>	0.5618 0.8077 -3.7560 1.0000	</row3>
					</transform>
				</node>
				<node>
					<identifier>	MP_CM051_Fire_Fighting_Gear_INDEX_2	</identifier>
					<transform>
						<row0>	0.9983 0.0000 -0.0582 0.0000	</row0>
						<row1>	-0.0582 0.0000 -0.9983 0.0000	</row1>
						<row2>	0.0000 1.0000 0.0000 0.0000	</row2>
						<row3>	0.6407 0.6527 -2.9192 1.0000	</row3>
					</transform>
				</node>
				<node>
					<identifier>	MP_CM051_Fire_Fighting_Gear_INDEX_3	</identifier>
					<transform>
						<row0>	1.0000 0.0000 0.0000 0.0000	</row0>
						<row1>	0.0000 0.0000 -1.0000 0.0000	</row1>
						<row2>	0.0000 1.0000 0.0000 0.0000	</row2>
						<row3>	0.8346 0.8873 -4.8262 1.0000	</row3>
					</transform>
				</node>
				<node>
					<identifier>	MP_CM051_Fire_Fighting_Gear_INDEX_4	</identifier>
					<transform>
						<row0>	-1.0000 0.0000 0.0000 0.0000	</row0>
						<row1>	0.0000 0.0000 1.0000 0.0000	</row1>
						<row2>	0.0000 1.0000 0.0000 0.0000	</row2>
						<row3>	-0.8346 0.8873 -4.8262 1.0000	</row3>
					</transform>
				</node>
				<node>
					<identifier>	MP_CM051_Fire_Fighting_Gear_INDEX_5	</identifier>
					<transform>
						<row0>	-0.9914 0.0000 -0.1305 0.0000	</row0>
						<row1>	-0.1305 0.0000 0.9914 0.0000	</row1>
						<row2>	0.0000 1.0000 0.0000 0.0000	</row2>
						<row3>	-0.7827 0.8919 -5.6122 1.0000	</row3>
					</transform>
				</node>
				<node>
					<identifier>	MP_CM051_Fire_Fighting_Gear_INDEX_6	</identifier>
					<transform>
						<row0>	-0.9914 0.0000 -0.1305 0.0000	</row0>
						<row1>	-0.1305 0.0000 0.9914 0.0000	</row1>
						<row2>	0.0000 1.0000 0.0000 0.0000	</row2>
						<row3>	-0.5618 0.8077 -3.7560 1.0000	</row3>
					</transform>
				</node>
				<node>
					<identifier>	MP_CM052_Fender	</identifier>
					<transform>
						<row0>	-1.0000 0.0000 0.0000 0.0000	</row0>
						<row1>	0.0000 1.0000 0.0000 0.0000	</row1>
						<row2>	0.0000 0.0000 -1.0000 0.0000	</row2>
						<row3>	0.2337 0.4142 -5.6634 1.0000	</row3>
					</transform>
				</node>
				<node>
					<identifier>	MP_CM052_Fender_INDEX_1	</identifier>
					<transform>
						<row0>	-1.0000 0.0000 0.0000 0.0000	</row0>
						<row1>	0.0000 1.0000 0.0000 0.0000	</row1>
						<row2>	0.0000 0.0000 -1.0000 0.0000	</row2>
						<row3>	0.1664 0.4142 -5.6634 1.0000	</row3>
					</transform>
				</node>
				<node>
					<identifier>	MP_CM052_Fender_INDEX_2	</identifier>
					<transform>
						<row0>	-1.0000 0.0000 0.0000 0.0000	</row0>
						<row1>	0.0000 1.0000 0.0000 0.0000	</row1>
						<row2>	0.0000 0.0000 -1.0000 0.0000	</row2>
						<row3>	-0.2337 0.4142 -5.6634 1.0000	</row3>
					</transform>
				</node>
				<node>
					<identifier>	MP_CM052_Fender_INDEX_3	</identifier>
					<transform>
						<row0>	-1.0000 0.0000 0.0000 0.0000	</row0>
						<row1>	0.0000 1.0000 0.0000 0.0000	</row1>
						<row2>	0.0000 0.0000 -1.0000 0.0000	</row2>
						<row3>	-0.1664 0.4142 -5.6634 1.0000	</row3>
					</transform>
				</node>
				<node>
					<identifier>	MP_CM056_Ships_bell	</identifier>
					<transform>
						<row0>	1.0000 0.0000 0.0000 0.0000	</row0>
						<row1>	0.0000 1.0000 0.0000 0.0000	</row1>
						<row2>	0.0000 0.0000 1.0000 0.0000	</row2>
						<row3>	-0.7471 1.1057 -2.7270 1.0000	</row3>
					</transform>
				</node>
				<node>
					<identifier>	MP_CM094_Propeller3_L	</identifier>
					<transform>
						<row0>	1.1000 0.0000 0.0000 0.0000	</row0>
						<row1>	0.0000 1.1000 0.0000 0.0000	</row1>
						<row2>	0.0000 0.0000 1.1000 0.0000	</row2>
						<row3>	-0.3976 -0.3935 -6.4652 1.0000	</row3>
					</transform>
				</node>
				<node>
					<identifier>	MP_CM094_Propeller3_L_INDEX_1	</identifier>
					<transform>
						<row0>	1.1000 0.0000 0.0000 0.0000	</row0>
						<row1>	0.0000 1.1000 0.0000 0.0000	</row1>
						<row2>	0.0000 0.0000 1.1000 0.0000	</row2>
						<row3>	0.0000 -0.3955 -7.0885 1.0000	</row3>
					</transform>
				</node>
				<node>
					<identifier>	MP_CM095_Propeller3_R	</identifier>
					<transform>
						<row0>	1.1000 0.0000 0.0000 0.0000	</row0>
						<row1>	0.0000 1.1000 0.0000 0.0000	</row1>
						<row2>	0.0000 0.0000 1.1000 0.0000	</row2>
						<row3>	0.3976 -0.3935 -6.4652 1.0000	</row3>
					</transform>
				</node>
				<node>
					<identifier>	MP_CM126_Cleat	</identifier>
					<transform>
						<row0>	0.7932 0.0000 -0.1044 0.0000	</row0>
						<row1>	0.0000 0.8000 0.0000 0.0000	</row1>
						<row2>	0.1044 0.0000 0.7932 0.0000	</row2>
						<row3>	0.5664 0.9627 -7.3621 1.0000	</row3>
					</transform>
				</node>
				<node>
					<identifier>	MP_CM126_Cleat_INDEX_1	</identifier>
					<transform>
						<row0>	0.7932 0.0000 0.1044 0.0000	</row0>
						<row1>	0.0000 0.8000 0.0000 0.0000	</row1>
						<row2>	-0.1044 0.0000 0.7932 0.0000	</row2>
						<row3>	-0.5666 0.9632 -7.3621 1.0000	</row3>
					</transform>
				</node>
				<node>
					<identifier>	MP_CM126_Cleat_INDEX_10	</identifier>
					<transform>
						<row0>	0.8645 0.0000 -0.5025 0.0000	</row0>
						<row1>	0.0000 1.0000 0.0000 0.0000	</row1>
						<row2>	0.5025 0.0000 0.8645 0.0000	</row2>
						<row3>	0.7066 0.9623 -3.4860 1.0000	</row3>
					</transform>
				</node>
				<node>
					<identifier>	MP_CM126_Cleat_INDEX_11	</identifier>
					<transform>
						<row0>	0.9999 0.0000 0.0107 0.0000	</row0>
						<row1>	0.0000 1.0000 0.0000 0.0000	</row1>
						<row2>	-0.0107 0.0000 0.9999 0.0000	</row2>
						<row3>	0.8336 0.9623 -2.5821 1.0000	</row3>
					</transform>
				</node>
				<node>
					<identifier>	MP_CM126_Cleat_INDEX_12	</identifier>
					<transform>
						<row0>	0.8645 0.0000 0.5025 0.0000	</row0>
						<row1>	0.0000 1.0000 0.0000 0.0000	</row1>
						<row2>	-0.5025 0.0000 0.8645 0.0000	</row2>
						<row3>	-0.7066 0.9623 -3.4860 1.0000	</row3>
					</transform>
				</node>
				<node>
					<identifier>	MP_CM126_Cleat_INDEX_13	</identifier>
					<transform>
						<row0>	1.0000 0.0000 -0.0032 0.0000	</row0>
						<row1>	0.0000 1.0000 0.0000 0.0000	</row1>
						<row2>	0.0032 0.0000 1.0000 0.0000	</row2>
						<row3>	-0.8341 0.9623 -4.6607 1.0000	</row3>
					</transform>
				</node>
				<node>
					<identifier>	MP_CM126_Cleat_INDEX_14	</identifier>
					<transform>
						<row0>	0.0000 1.0000 -0.0032 0.0000	</row0>
						<row1>	-1.0000 0.0000 0.0000 0.0000	</row1>
						<row2>	0.0000 0.0032 1.0000 0.0000	</row2>
						<row3>	-0.8346 0.7920 -3.8473 1.0000	</row3>
					</transform>
				</node>
				<node>
					<identifier>	MP_CM126_Cleat_INDEX_2	</identifier>
					<transform>
						<row0>	0.7932 0.0000 -0.1044 0.0000	</row0>
						<row1>	0.0000 0.8000 0.0000 0.0000	</row1>
						<row2>	0.1044 0.0000 0.7932 0.0000	</row2>
						<row3>	0.7526 0.9631 -5.8588 1.0000	</row3>
					</transform>
				</node>
				<node>
					<identifier>	MP_CM126_Cleat_INDEX_3	</identifier>
					<transform>
						<row0>	0.0007 -0.8000 0.0000 0.0000	</row0>
						<row1>	0.7982 0.0007 -0.0543 0.0000	</row1>
						<row2>	0.0543 0.0000 0.7982 0.0000	</row2>
						<row3>	0.8564 0.8731 -5.4218 1.0000	</row3>
					</transform>
				</node>
				<node>
					<identifier>	MP_CM126_Cleat_INDEX_4	</identifier>
					<transform>
						<row0>	0.0007 -0.8000 0.0000 0.0000	</row0>
						<row1>	0.7982 0.0007 -0.0543 0.0000	</row1>
						<row2>	0.0543 0.0000 0.7982 0.0000	</row2>
						<row3>	0.8745 0.8731 -5.1611 1.0000	</row3>
					</transform>
				</node>
				<node>
					<identifier>	MP_CM126_Cleat_INDEX_5	</identifier>
					<transform>
						<row0>	0.7932 0.0000 0.1044 0.0000	</row0>
						<row1>	0.0000 0.8000 0.0000 0.0000	</row1>
						<row2>	-0.1044 0.0000 0.7932 0.0000	</row2>
						<row3>	-0.7528 0.9630 -5.8588 1.0000	</row3>
					</transform>
				</node>
				<node>
					<identifier>	MP_CM126_Cleat_INDEX_6	</identifier>
					<transform>
						<row0>	0.0007 0.8000 0.0000 0.0000	</row0>
						<row1>	-0.7982 0.0007 -0.0543 0.0000	</row1>
						<row2>	-0.0543 0.0000 0.7982 0.0000	</row2>
						<row3>	-0.8564 0.8731 -5.4218 1.0000	</row3>
					</transform>
				</node>
				<node>
					<identifier>	MP_CM126_Cleat_INDEX_7	</identifier>
					<transform>
						<row0>	0.0007 0.8000 0.0000 0.0000	</row0>
						<row1>	-0.7982 0.0007 -0.0543 0.0000	</row1>
						<row2>	-0.0543 0.0000 0.7982 0.0000	</row2>
						<row3>	-0.8745 0.8731 -5.1611 1.0000	</row3>
					</transform>
				</node>
				<node>
					<identifier>	MP_CM126_Cleat_INDEX_8	</identifier>
					<transform>
						<row0>	1.0000 0.0000 0.0032 0.0000	</row0>
						<row1>	0.0000 1.0000 0.0000 0.0000	</row1>
						<row2>	-0.0032 0.0000 1.0000 0.0000	</row2>
						<row3>	0.8341 0.9623 -4.6607 1.0000	</row3>
					</transform>
				</node>
				<node>
					<identifier>	MP_CM126_Cleat_INDEX_9	</identifier>
					<transform>
						<row0>	0.0000 -1.0000 0.0032 0.0000	</row0>
						<row1>	1.0000 0.0000 0.0000 0.0000	</row1>
						<row2>	0.0000 0.0032 1.0000 0.0000	</row2>
						<row3>	0.8346 0.7920 -3.8473 1.0000	</row3>
					</transform>
				</node>
				<node>
					<identifier>	MP_GM003_Reels_1	</identifier>
					<transform>
						<row0>	0.0000 0.0000 -0.6000 0.0000	</row0>
						<row1>	-0.6000 0.0000 0.0000 0.0000	</row1>
						<row2>	0.0000 0.6000 0.0000 0.0000	</row2>
						<row3>	-0.8346 0.9392 -4.8753 1.0000	</row3>
					</transform>
				</node>
				<node>
					<identifier>	MP_GM003_Reels_1_INDEX_1	</identifier>
					<transform>
						<row0>	0.0000 0.0000 -0.6000 0.0000	</row0>
						<row1>	-0.6000 0.0000 0.0000 0.0000	</row1>
						<row2>	0.0000 0.6000 0.0000 0.0000	</row2>
						<row3>	-0.8346 0.9392 -4.8350 1.0000	</row3>
					</transform>
				</node>
				<node>
					<identifier>	MP_GM003_Reels_1_INDEX_2	</identifier>
					<transform>
						<row0>	0.0000 0.0000 0.6000 0.0000	</row0>
						<row1>	0.6000 0.0000 0.0000 0.0000	</row1>
						<row2>	0.0000 0.6000 0.0000 0.0000	</row2>
						<row3>	0.8346 0.9392 -4.8753 1.0000	</row3>
					</transform>
				</node>
				<node>
					<identifier>	MP_GM003_Reels_1_INDEX_3	</identifier>
					<transform>
						<row0>	0.0000 0.0000 0.6000 0.0000	</row0>
						<row1>	0.6000 0.0000 0.0000 0.0000	</row1>
						<row2>	0.0000 0.6000 0.0000 0.0000	</row2>
						<row3>	0.8346 0.9392 -4.8350 1.0000	</row3>
					</transform>
				</node>
				<node>
					<identifier>	MP_GM008_Loudspeaker	</identifier>
					<transform>
						<row0>	0.0000 0.0000 -1.0000 0.0000	</row0>
						<row1>	0.0000 1.0000 0.0000 0.0000	</row1>
						<row2>	1.0000 0.0000 0.0000 0.0000	</row2>
						<row3>	0.0000 0.5825 -5.6270 1.0000	</row3>
					</transform>
				</node>
				<node>
					<identifier>	MP_GM012_Reels_5	</identifier>
					<transform>
						<row0>	0.0000 0.0000 1.0000 0.0000	</row0>
						<row1>	0.0000 0.8000 0.0000 0.0000	</row1>
						<row2>	-0.8000 0.0000 0.0000 0.0000	</row2>
						<row3>	0.3022 0.4194 -7.5583 1.0000	</row3>
					</transform>
				</node>
				<node>
					<identifier>	MP_GM012_Reels_5_INDEX_1	</identifier>
					<transform>
						<row0>	0.0000 0.0000 1.0000 0.0000	</row0>
						<row1>	0.0000 0.8000 0.0000 0.0000	</row1>
						<row2>	-0.8000 0.0000 0.0000 0.0000	</row2>
						<row3>	0.2201 0.4210 -6.3952 1.0000	</row3>
					</transform>
				</node>
				<node>
					<identifier>	MP_GM012_Reels_5_INDEX_2	</identifier>
					<transform>
						<row0>	0.0000 0.0000 1.0000 0.0000	</row0>
						<row1>	0.0000 0.8000 0.0000 0.0000	</row1>
						<row2>	-0.8000 0.0000 0.0000 0.0000	</row2>
						<row3>	0.8191 0.4124 -3.7117 1.0000	</row3>
					</transform>
				</node>
				<node>
					<identifier>	MP_GM012_Reels_5_INDEX_3	</identifier>
					<transform>
						<row0>	0.0000 0.0000 -1.0000 0.0000	</row0>
						<row1>	0.0000 0.8000 0.0000 0.0000	</row1>
						<row2>	0.8000 0.0000 0.0000 0.0000	</row2>
						<row3>	-0.3022 0.4194 -7.5583 1.0000	</row3>
					</transform>
				</node>
				<node>
					<identifier>	MP_GM012_Reels_5_INDEX_4	</identifier>
					<transform>
						<row0>	0.0000 0.0000 -1.0000 0.0000	</row0>
						<row1>	0.0000 0.8000 0.0000 0.0000	</row1>
						<row2>	0.8000 0.0000 0.0000 0.0000	</row2>
						<row3>	-0.2201 0.4210 -6.3952 1.0000	</row3>
					</transform>
				</node>
				<node>
					<identifier>	MP_GM012_Reels_5_INDEX_5	</identifier>
					<transform>
						<row0>	0.0000 0.0000 -1.0000 0.0000	</row0>
						<row1>	0.0000 0.8000 0.0000 0.0000	</row1>
						<row2>	0.8000 0.0000 0.0000 0.0000	</row2>
						<row3>	-0.8191 0.4124 -3.7117 1.0000	</row3>
					</transform>
				</node>
				<node>
					<identifier>	MP_GM015_Clock	</identifier>
					<transform>
						<row0>	-0.1138 0.0000 0.9935 0.0000	</row0>
						<row1>	0.0000 1.0000 0.0000 0.0000	</row1>
						<row2>	-0.9935 0.0000 -0.1138 0.0000	</row2>
						<row3>	-0.5098 0.5423 -4.2057 1.0000	</row3>
					</transform>
				</node>
				<node>
					<identifier>	MP_GM015_Clock_INDEX_1	</identifier>
					<transform>
						<row0>	-0.1305 0.0000 -0.9914 0.0000	</row0>
						<row1>	0.0000 1.0000 0.0000 0.0000	</row1>
						<row2>	0.9914 0.0000 -0.1305 0.0000	</row2>
						<row3>	0.5085 0.5423 -4.2057 1.0000	</row3>
					</transform>
				</node>
				<node>
					<identifier>	MP_GM015_Clock_INDEX_2	</identifier>
					<transform>
						<row0>	-1.0000 0.0000 0.0000 0.0000	</row0>
						<row1>	0.0000 1.0000 0.0000 0.0000	</row1>
						<row2>	0.0000 0.0000 -1.0000 0.0000	</row2>
						<row3>	0.0000 0.5544 -5.6280 1.0000	</row3>
					</transform>
				</node>
				<node>
					<identifier>	MP_GM016_Sleeve	</identifier>
					<transform>
						<row0>	-0.0822 0.0000 0.9966 0.0000	</row0>
						<row1>	0.0000 1.0000 0.0000 0.0000	</row1>
						<row2>	-0.9966 0.0000 -0.0822 0.0000	</row2>
						<row3>	-0.6345 0.6520 -2.9568 1.0000	</row3>
					</transform>
				</node>
				<node>
					<identifier>	MP_GM016_Sleeve_INDEX_1	</identifier>
					<transform>
						<row0>	-0.1037 0.0000 -0.9946 0.0000	</row0>
						<row1>	0.0000 1.0000 0.0000 0.0000	</row1>
						<row2>	0.9946 0.0000 -0.1037 0.0000	</row2>
						<row3>	0.6003 0.6439 -4.5957 1.0000	</row3>
					</transform>
				</node>
				<node>
					<identifier>	MP_GM016_Sleeve_INDEX_10	</identifier>
					<transform>
						<row0>	-1.0000 0.0000 0.0000 0.0000	</row0>
						<row1>	0.0000 1.0000 0.0000 0.0000	</row1>
						<row2>	0.0000 0.0000 -1.0000 0.0000	</row2>
						<row3>	-0.3802 0.4924 -5.6287 1.0000	</row3>
					</transform>
				</node>
				<node>
					<identifier>	MP_GM016_Sleeve_INDEX_11	</identifier>
					<transform>
						<row0>	-0.1491 0.0000 -0.9888 0.0000	</row0>
						<row1>	0.0000 1.0000 0.0000 0.0000	</row1>
						<row2>	0.9888 0.0000 -0.1491 0.0000	</row2>
						<row3>	0.5602 0.8695 -3.7822 1.0000	</row3>
					</transform>
				</node>
				<node>
					<identifier>	MP_GM016_Sleeve_INDEX_12	</identifier>
					<transform>
						<row0>	-0.1180 0.0000 0.9930 0.0000	</row0>
						<row1>	0.0000 1.0000 0.0000 0.0000	</row1>
						<row2>	-0.9930 0.0000 -0.1180 0.0000	</row2>
						<row3>	-0.7871 0.9242 -5.5803 1.0000	</row3>
					</transform>
				</node>
				<node>
					<identifier>	MP_GM016_Sleeve_INDEX_13	</identifier>
					<transform>
						<row0>	-0.1050 0.0000 0.9945 0.0000	</row0>
						<row1>	0.0000 1.0000 0.0000 0.0000	</row1>
						<row2>	-0.9945 0.0000 -0.1050 0.0000	</row2>
						<row3>	-0.6009 0.6439 -4.5872 1.0000	</row3>
					</transform>
				</node>
				<node>
					<identifier>	MP_GM016_Sleeve_INDEX_14	</identifier>
					<transform>
						<row0>	-0.0006 0.0000 1.0000 0.0000	</row0>
						<row1>	0.0000 1.0000 0.0000 0.0000	</row1>
						<row2>	-1.0000 0.0000 -0.0006 0.0000	</row2>
						<row3>	-0.5541 0.6538 -5.2283 1.0000	</row3>
					</transform>
				</node>
				<node>
					<identifier>	MP_GM016_Sleeve_INDEX_2	</identifier>
					<transform>
						<row0>	-0.1263 0.0000 -0.9920 0.0000	</row0>
						<row1>	0.0000 1.0000 0.0000 0.0000	</row1>
						<row2>	0.9920 0.0000 -0.1263 0.0000	</row2>
						<row3>	0.5254 0.4771 -4.0745 1.0000	</row3>
					</transform>
				</node>
				<node>
					<identifier>	MP_GM016_Sleeve_INDEX_3	</identifier>
					<transform>
						<row0>	-0.1209 0.0000 -0.9927 0.0000	</row0>
						<row1>	0.0000 1.0000 0.0000 0.0000	</row1>
						<row2>	0.9927 0.0000 -0.1209 0.0000	</row2>
						<row3>	0.7868 0.9242 -5.5803 1.0000	</row3>
					</transform>
				</node>
				<node>
					<identifier>	MP_GM016_Sleeve_INDEX_4	</identifier>
					<transform>
						<row0>	-1.0000 0.0000 0.0000 0.0000	</row0>
						<row1>	0.0000 1.0000 0.0000 0.0000	</row1>
						<row2>	0.0000 0.0000 -1.0000 0.0000	</row2>
						<row3>	0.3802 0.4924 -5.6286 1.0000	</row3>
					</transform>
				</node>
				<node>
					<identifier>	MP_GM016_Sleeve_INDEX_5	</identifier>
					<transform>
						<row0>	-0.0475 0.0000 -0.9989 0.0000	</row0>
						<row1>	0.0000 1.0000 0.0000 0.0000	</row1>
						<row2>	0.9989 0.0000 -0.0475 0.0000	</row2>
						<row3>	0.6654 0.4771 -2.4830 1.0000	</row3>
					</transform>
				</node>
				<node>
					<identifier>	MP_GM016_Sleeve_INDEX_6	</identifier>
					<transform>
						<row0>	-0.0910 0.0000 -0.9958 0.0000	</row0>
						<row1>	0.0000 1.0000 0.0000 0.0000	</row1>
						<row2>	0.9958 0.0000 -0.0910 0.0000	</row2>
						<row3>	0.6380 0.6979 -2.9478 1.0000	</row3>
					</transform>
				</node>
				<node>
					<identifier>	MP_GM016_Sleeve_INDEX_7	</identifier>
					<transform>
						<row0>	-0.0953 0.0000 0.9955 0.0000	</row0>
						<row1>	0.0000 1.0000 0.0000 0.0000	</row1>
						<row2>	-0.9955 0.0000 -0.0953 0.0000	</row2>
						<row3>	-0.5252 0.4771 -4.0745 1.0000	</row3>
					</transform>
				</node>
				<node>
					<identifier>	MP_GM016_Sleeve_INDEX_8	</identifier>
					<transform>
						<row0>	-0.0006 0.0000 -1.0000 0.0000	</row0>
						<row1>	0.0000 1.0000 0.0000 0.0000	</row1>
						<row2>	1.0000 0.0000 -0.0006 0.0000	</row2>
						<row3>	0.5541 0.6538 -5.2307 1.0000	</row3>
					</transform>
				</node>
				<node>
					<identifier>	MP_GM016_Sleeve_INDEX_9	</identifier>
					<transform>
						<row0>	-0.0947 0.0000 0.9955 0.0000	</row0>
						<row1>	0.0000 1.0000 0.0000 0.0000	</row1>
						<row2>	-0.9955 0.0000 -0.0947 0.0000	</row2>
						<row3>	-0.5602 0.8695 -3.7822 1.0000	</row3>
					</transform>
				</node>
				<node>
					<identifier>	MP_GM018_Siren	</identifier>
					<transform>
						<row0>	-0.0871 0.0000 0.9962 0.0000	</row0>
						<row1>	0.0000 1.0000 0.0000 0.0000	</row1>
						<row2>	-0.9962 0.0000 -0.0871 0.0000	</row2>
						<row3>	-0.6033 0.5517 -3.3143 1.0000	</row3>
					</transform>
				</node>
				<node>
					<identifier>	MP_GM018_Siren_INDEX_1	</identifier>
					<transform>
						<row0>	-0.0900 0.0000 -0.9959 0.0000	</row0>
						<row1>	0.0000 1.0000 0.0000 0.0000	</row1>
						<row2>	0.9959 0.0000 -0.0900 0.0000	</row2>
						<row3>	0.6047 0.5490 -3.3146 1.0000	</row3>
					</transform>
				</node>
				<node>
					<identifier>	MP_GM018_Siren_INDEX_2	</identifier>
					<transform>
						<row0>	-1.0000 0.0000 0.0000 0.0000	</row0>
						<row1>	0.0000 1.0000 0.0000 0.0000	</row1>
						<row2>	0.0000 0.0000 -1.0000 0.0000	</row2>
						<row3>	-0.4306 0.5490 -5.6286 1.0000	</row3>
					</transform>
				</node>
				<node>
