<ASB304_Indiana_1945_MidFront.skel_ext>
	<exported>	true	</exported>
	<node>
		<identifier>	MP_AM019_Ventilators_1	</identifier>
		<parent>	Scene Root	</parent>
		<transform>
			<row0>	0.6000 0.0000 0.0000 0.0000	</row0>
			<row1>	0.0000 0.6000 0.0000 0.0000	</row1>
			<row2>	0.0000 0.0000 0.6000 0.0000	</row2>
			<row3>	-0.1147 0.5114 2.5657 1.0000	</row3>
		</transform>
	</node>
	<node>
		<identifier>	MP_AM020_Ventilators_2	</identifier>
		<parent>	Scene Root	</parent>
		<transform>
			<row0>	0.6000 0.0000 0.0000 0.0000	</row0>
			<row1>	0.0000 0.5980 -0.0488 0.0000	</row1>
			<row2>	0.0000 0.0488 0.5980 0.0000	</row2>
			<row3>	-0.0312 0.4890 6.0876 1.0000	</row3>
		</transform>
	</node>
	<node>
		<identifier>	MP_AM026_Break_Handwheel_1	</identifier>
		<parent>	Scene Root	</parent>
		<transform>
			<row0>	1.1183 0.0000 0.0000 0.0000	</row0>
			<row1>	0.0000 1.1183 0.0000 0.0000	</row1>
			<row2>	0.0000 0.0000 1.1183 0.0000	</row2>
			<row3>	0.2475 0.3820 4.2661 1.0000	</row3>
		</transform>
	</node>
	<node>
		<identifier>	MP_AM026_Break_Handwheel_1_INDEX_1	</identifier>
		<parent>	Scene Root	</parent>
		<transform>
			<row0>	1.1183 0.0000 0.0000 0.0000	</row0>
			<row1>	0.0000 1.1183 0.0000 0.0000	</row1>
			<row2>	0.0000 0.0000 1.1183 0.0000	</row2>
			<row3>	-0.2475 0.3820 4.2661 1.0000	</row3>
		</transform>
	</node>
	<node>
		<identifier>	MP_AM049_Signal_Lamp_1	</identifier>
		<parent>	Scene Root	</parent>
		<transform>
			<row0>	1.0000 0.0000 0.0000 0.0000	</row0>
			<row1>	0.0000 1.0000 0.0000 0.0000	</row1>
			<row2>	0.0000 0.0000 1.0000 0.0000	</row2>
			<row3>	0.0000 0.8788 6.8939 1.0000	</row3>
		</transform>
	</node>
	<node>
		<identifier>	MP_AM077_Paravane	</identifier>
		<parent>	Scene Root	</parent>
		<transform>
			<row0>	-0.5736 0.0000 -0.8192 0.0000	</row0>
			<row1>	0.0000 1.0000 0.0000 0.0000	</row1>
			<row2>	0.8192 0.0000 -0.5736 0.0000	</row2>
			<row3>	0.4215 0.3864 3.8932 1.0000	</row3>
		</transform>
	</node>
	<node>
		<identifier>	MP_AM077_Paravane_INDEX_1	</identifier>
		<parent>	Scene Root	</parent>
		<transform>
			<row0>	-0.5736 0.0000 0.8192 0.0000	</row0>
			<row1>	0.0000 1.0000 0.0000 0.0000	</row1>
			<row2>	-0.8192 0.0000 -0.5736 0.0000	</row2>
			<row3>	-0.4218 0.3864 3.8928 1.0000	</row3>
		</transform>
	</node>
	<node>
		<identifier>	MP_AM077_Paravane_INDEX_2	</identifier>
		<parent>	Scene Root	</parent>
		<transform>
			<row0>	-0.0236 0.9997 -0.0115 0.0000	</row0>
			<row1>	-0.8658 -0.0262 -0.4997 0.0000	</row1>
			<row2>	-0.4998 -0.0019 0.8661 0.0000	</row2>
			<row3>	0.3607 0.4162 2.3147 1.0000	</row3>
		</transform>
	</node>
	<node>
		<identifier>	MP_AM077_Paravane_INDEX_3	</identifier>
		<parent>	Scene Root	</parent>
		<transform>
			<row0>	-0.0004 -1.0000 -0.0072 0.0000	</row0>
			<row1>	0.8660 0.0032 -0.5000 0.0000	</row1>
			<row2>	0.5000 -0.0064 0.8660 0.0000	</row2>
			<row3>	-0.3597 0.4147 2.3163 1.0000	</row3>
		</transform>
	</node>
	<node>
		<identifier>	MP_AM108_Reels_4	</identifier>
		<parent>	Scene Root	</parent>
		<transform>
			<row0>	-0.5174 0.0000 -0.8557 0.0000	</row0>
			<row1>	0.0000 1.0000 0.0000 0.0000	</row1>
			<row2>	0.8557 0.0000 -0.5174 0.0000	</row2>
			<row3>	-0.8310 0.3458 1.5834 1.0000	</row3>
		</transform>
	</node>
	<node>
		<identifier>	MP_AM161_Anchor_top	</identifier>
		<parent>	Scene Root	</parent>
		<transform>
			<row0>	-0.8902 0.1992 0.4098 0.0000	</row0>
			<row1>	-0.2644 0.5560 -0.8447 0.0000	</row1>
			<row2>	-0.3789 -0.8230 -0.4231 0.0000	</row2>
			<row3>	0.2662 0.3703 6.3876 1.0000	</row3>
		</transform>
	</node>
	<node>
		<identifier>	MP_AM161_Anchor_top_INDEX_1	</identifier>
		<parent>	Scene Root	</parent>
		<transform>
			<row0>	-0.8902 -0.1992 -0.4098 0.0000	</row0>
			<row1>	0.2644 0.5560 -0.8447 0.0000	</row1>
			<row2>	0.3789 -0.8230 -0.4231 0.0000	</row2>
			<row3>	-0.2662 0.3703 6.3876 1.0000	</row3>
		</transform>
	</node>
	<node>
		<identifier>	MP_AM162_Anchor_down	</identifier>
		<parent>	Scene Root	</parent>
		<transform>
			<row0>	-0.8952 -0.4739 0.1200 0.0000	</row0>
			<row1>	-0.2993 0.3333 -0.9164 0.0000	</row1>
			<row2>	0.3865 -0.8395 -0.4316 0.0000	</row2>
			<row3>	-0.2623 0.3782 6.3754 1.0000	</row3>
		</transform>
	</node>
	<node>
		<identifier>	MP_AM162_Anchor_down_INDEX_1	</identifier>
		<parent>	Scene Root	</parent>
		<transform>
			<row0>	-0.8952 0.4739 -0.1200 0.0000	</row0>
			<row1>	0.2993 0.3333 -0.9164 0.0000	</row1>
			<row2>	-0.3865 -0.8395 -0.4316 0.0000	</row2>
			<row3>	0.2624 0.3783 6.3755 1.0000	</row3>
		</transform>
	</node>
	<node>
		<identifier>	MP_AM548_Break_Handwheel	</identifier>
		<parent>	Scene Root	</parent>
		<transform>
			<row0>	1.1183 0.0000 0.0000 0.0000	</row0>
			<row1>	0.0000 1.1183 0.0000 0.0000	</row1>
			<row2>	0.0000 0.0000 1.1183 0.0000	</row2>
			<row3>	0.1253 0.3812 4.2591 1.0000	</row3>
		</transform>
	</node>
	<node>
		<identifier>	MP_AM548_Break_Handwheel_INDEX_1	</identifier>
		<parent>	Scene Root	</parent>
		<transform>
			<row0>	1.1183 0.0000 0.0000 0.0000	</row0>
			<row1>	0.0000 1.1183 0.0000 0.0000	</row1>
			<row2>	0.0000 0.0000 1.1183 0.0000	</row2>
			<row3>	-0.1253 0.3814 4.2589 1.0000	</row3>
		</transform>
	</node>
	<node>
		<identifier>	MP_AM549_Life_Buoy	</identifier>
		<parent>	Scene Root	</parent>
		<transform>
			<row0>	0.9877 0.0000 0.1563 0.0000	</row0>
			<row1>	0.0000 1.0000 0.0000 0.0000	</row1>
			<row2>	-0.1563 0.0000 0.9877 0.0000	</row2>
			<row3>	0.6776 0.4098 3.8081 1.0000	</row3>
		</transform>
	</node>
	<node>
		<identifier>	MP_AM549_Life_Buoy_INDEX_1	</identifier>
		<parent>	Scene Root	</parent>
		<transform>
			<row0>	0.9937 0.0000 0.1121 0.0000	</row0>
			<row1>	0.0000 1.0000 0.0000 0.0000	</row1>
			<row2>	-0.1121 0.0000 0.9937 0.0000	</row2>
			<row3>	0.4629 0.4797 5.3349 1.0000	</row3>
		</transform>
	</node>
	<node>
		<identifier>	MP_AM549_Life_Buoy_INDEX_2	</identifier>
		<parent>	Scene Root	</parent>
		<transform>
			<row0>	0.9888 0.0000 0.1492 0.0000	</row0>
			<row1>	0.0000 1.0000 0.0000 0.0000	</row1>
			<row2>	-0.1492 0.0000 0.9888 0.0000	</row2>
			<row3>	0.3939 0.5125 5.8562 1.0000	</row3>
		</transform>
	</node>
	<node>
		<identifier>	MP_AM549_Life_Buoy_INDEX_3	</identifier>
		<parent>	Scene Root	</parent>
		<transform>
			<row0>	-0.9887 0.0000 0.1500 0.0000	</row0>
			<row1>	0.0000 1.0000 0.0000 0.0000	</row1>
			<row2>	-0.1500 0.0000 -0.9887 0.0000	</row2>
			<row3>	-0.4142 0.5079 5.7200 1.0000	</row3>
		</transform>
	</node>
	<node>
		<identifier>	MP_AM549_Life_Buoy_INDEX_4	</identifier>
		<parent>	Scene Root	</parent>
		<transform>
			<row0>	0.9937 0.0000 -0.1121 0.0000	</row0>
			<row1>	0.0000 1.0000 0.0000 0.0000	</row1>
			<row2>	0.1121 0.0000 0.9937 0.0000	</row2>
			<row3>	-0.4699 0.4797 5.3354 1.0000	</row3>
		</transform>
	</node>
	<node>
		<identifier>	MP_AM549_Life_Buoy_INDEX_5	</identifier>
		<parent>	Scene Root	</parent>
		<transform>
			<row0>	-0.9905 0.0000 0.1373 0.0000	</row0>
			<row1>	0.0000 1.0000 0.0000 0.0000	</row1>
			<row2>	-0.1373 0.0000 -0.9905 0.0000	</row2>
			<row3>	-0.6777 0.4098 3.8081 1.0000	</row3>
		</transform>
	</node>
	<node>
		<identifier>	MP_AM720_Helmets_Rack	</identifier>
		<parent>	Scene Root	</parent>
		<transform>
			<row0>	0.4990 0.0000 -0.8666 0.0000	</row0>
			<row1>	0.0000 1.0000 0.0000 0.0000	</row1>
			<row2>	0.8666 0.0000 0.4990 0.0000	</row2>
			<row3>	0.5561 0.3836 1.9312 1.0000	</row3>
		</transform>
	</node>
	<node>
		<identifier>	MP_AM720_Helmets_Rack_INDEX_1	</identifier>
		<parent>	Scene Root	</parent>
		<transform>
			<row0>	1.0000 0.0000 0.0000 0.0000	</row0>
			<row1>	0.0000 1.0000 0.0000 0.0000	</row1>
			<row2>	0.0000 0.0000 1.0000 0.0000	</row2>
			<row3>	0.4120 0.4151 4.6137 1.0000	</row3>
		</transform>
	</node>
	<node>
		<identifier>	MP_AM720_Helmets_Rack_INDEX_2	</identifier>
		<parent>	Scene Root	</parent>
		<transform>
			<row0>	0.4967 0.0000 0.8679 0.0000	</row0>
			<row1>	0.0000 1.0000 0.0000 0.0000	</row1>
			<row2>	-0.8679 0.0000 0.4967 0.0000	</row2>
			<row3>	-0.5566 0.3836 1.9296 1.0000	</row3>
		</transform>
	</node>
	<node>
		<identifier>	MP_AM720_Helmets_Rack_INDEX_3	</identifier>
		<parent>	Scene Root	</parent>
		<transform>
			<row0>	1.0000 0.0000 0.0000 0.0000	</row0>
			<row1>	0.0000 1.0000 0.0000 0.0000	</row1>
			<row2>	0.0000 0.0000 1.0000 0.0000	</row2>
			<row3>	-0.4120 0.4151 4.6137 1.0000	</row3>
		</transform>
	</node>
	<node>
		<identifier>	MP_AM721_Talker_Helmets_Rack	</identifier>
		<parent>	Scene Root	</parent>
		<transform>
			<row0>	-0.3242 0.0000 -0.9460 0.0000	</row0>
			<row1>	0.0000 1.0000 0.0000 0.0000	</row1>
			<row2>	0.9460 0.0000 -0.3242 0.0000	</row2>
			<row3>	-0.2770 0.5534 6.4598 1.0000	</row3>
		</transform>
	</node>
	<node>
		<identifier>	MP_AM721_Talker_Helmets_Rack_INDEX_1	</identifier>
		<parent>	Scene Root	</parent>
		<transform>
			<row0>	-0.3242 0.0000 0.9460 0.0000	</row0>
			<row1>	0.0000 1.0000 0.0000 0.0000	</row1>
			<row2>	-0.9460 0.0000 -0.3242 0.0000	</row2>
			<row3>	0.2770 0.5534 6.4598 1.0000	</row3>
		</transform>
	</node>
	<node>
		<identifier>	MP_AM724_Ammobox_big	</identifier>
		<parent>	Scene Root	</parent>
		<transform>
			<row0>	0.5108 0.0000 -0.8597 0.0000	</row0>
			<row1>	0.0000 1.0000 0.0000 0.0000	</row1>
			<row2>	0.8597 0.0000 0.5108 0.0000	</row2>
			<row3>	0.7153 0.3447 2.1541 1.0000	</row3>
		</transform>
	</node>
	<node>
		<identifier>	MP_AM724_Ammobox_big_INDEX_1	</identifier>
		<parent>	Scene Root	</parent>
		<transform>
			<row0>	0.5108 0.0000 0.8597 0.0000	</row0>
			<row1>	0.0000 1.0000 0.0000 0.0000	</row1>
			<row2>	-0.8597 0.0000 0.5108 0.0000	</row2>
			<row3>	-0.7153 0.3444 2.1541 1.0000	</row3>
		</transform>
	</node>
	<node>
		<identifier>	MP_AM724_Ammobox_big_INDEX_10	</identifier>
		<parent>	Scene Root	</parent>
		<transform>
			<row0>	0.5108 0.0000 -0.8597 0.0000	</row0>
			<row1>	0.0000 1.0000 0.0000 0.0000	</row1>
			<row2>	0.8597 0.0000 0.5108 0.0000	</row2>
			<row3>	0.5125 0.3443 2.1260 1.0000	</row3>
		</transform>
	</node>
	<node>
		<identifier>	MP_AM724_Ammobox_big_INDEX_11	</identifier>
		<parent>	Scene Root	</parent>
		<transform>
			<row0>	0.5108 0.0000 0.8597 0.0000	</row0>
			<row1>	0.0000 1.0000 0.0000 0.0000	</row1>
			<row2>	-0.8597 0.0000 0.5108 0.0000	</row2>
			<row3>	-0.5125 0.3438 2.1260 1.0000	</row3>
		</transform>
	</node>
	<node>
		<identifier>	MP_AM724_Ammobox_big_INDEX_12	</identifier>
		<parent>	Scene Root	</parent>
		<transform>
			<row0>	0.0000 -0.0625 -0.9980 0.0000	</row0>
			<row1>	0.0000 0.9980 -0.0625 0.0000	</row1>
			<row2>	1.0000 0.0000 0.0000 0.0000	</row2>
			<row3>	-0.0729 0.4766 5.8930 1.0000	</row3>
		</transform>
	</node>
	<node>
		<identifier>	MP_AM724_Ammobox_big_INDEX_13	</identifier>
		<parent>	Scene Root	</parent>
		<transform>
			<row0>	0.0000 -0.0625 -0.9980 0.0000	</row0>
			<row1>	0.0000 0.9980 -0.0625 0.0000	</row1>
			<row2>	1.0000 0.0000 0.0000 0.0000	</row2>
			<row3>	-0.0729 0.4686 5.7725 1.0000	</row3>
		</transform>
	</node>
	<node>
		<identifier>	MP_AM724_Ammobox_big_INDEX_14	</identifier>
		<parent>	Scene Root	</parent>
		<transform>
			<row0>	0.0000 0.0625 0.9980 0.0000	</row0>
			<row1>	0.0000 0.9980 -0.0625 0.0000	</row1>
			<row2>	-1.0000 0.0000 0.0000 0.0000	</row2>
			<row3>	-0.0270 0.4686 5.7725 1.0000	</row3>
		</transform>
	</node>
	<node>
		<identifier>	MP_AM724_Ammobox_big_INDEX_15	</identifier>
		<parent>	Scene Root	</parent>
		<transform>
			<row0>	0.0000 0.0625 0.9980 0.0000	</row0>
			<row1>	0.0000 0.9980 -0.0625 0.0000	</row1>
			<row2>	-1.0000 0.0000 0.0000 0.0000	</row2>
			<row3>	-0.0270 0.4766 5.8930 1.0000	</row3>
		</transform>
	</node>
	<node>
		<identifier>	MP_AM724_Ammobox_big_INDEX_2	</identifier>
		<parent>	Scene Root	</parent>
		<transform>
			<row0>	0.0000 -0.0625 -0.9980 0.0000	</row0>
			<row1>	0.0000 0.9980 -0.0625 0.0000	</row1>
			<row2>	1.0000 0.0000 0.0000 0.0000	</row2>
			<row3>	0.3785 0.4418 5.3322 1.0000	</row3>
		</transform>
	</node>
	<node>
		<identifier>	MP_AM724_Ammobox_big_INDEX_3	</identifier>
		<parent>	Scene Root	</parent>
		<transform>
			<row0>	1.0000 0.0000 0.0000 0.0000	</row0>
			<row1>	0.0000 1.0000 0.0000 0.0000	</row1>
			<row2>	0.0000 0.0000 1.0000 0.0000	</row2>
			<row3>	0.3798 0.4250 5.0626 1.0000	</row3>
		</transform>
	</node>
	<node>
		<identifier>	MP_AM724_Ammobox_big_INDEX_4	</identifier>
		<parent>	Scene Root	</parent>
		<transform>
			<row0>	1.0000 0.0000 0.0000 0.0000	</row0>
			<row1>	0.0000 1.0000 0.0000 0.0000	</row1>
			<row2>	0.0000 0.0000 1.0000 0.0000	</row2>
			<row3>	0.4121 0.4108 4.8402 1.0000	</row3>
		</transform>
	</node>
	<node>
		<identifier>	MP_AM724_Ammobox_big_INDEX_5	</identifier>
		<parent>	Scene Root	</parent>
		<transform>
			<row0>	1.0000 0.0000 0.0000 0.0000	</row0>
			<row1>	0.0000 1.0000 0.0000 0.0000	</row1>
			<row2>	0.0000 0.0000 1.0000 0.0000	</row2>
			<row3>	-0.4121 0.4108 4.8402 1.0000	</row3>
		</transform>
	</node>
	<node>
		<identifier>	MP_AM724_Ammobox_big_INDEX_6	</identifier>
		<parent>	Scene Root	</parent>
		<transform>
			<row0>	1.0000 0.0000 0.0000 0.0000	</row0>
			<row1>	0.0000 1.0000 0.0000 0.0000	</row1>
			<row2>	0.0000 0.0000 1.0000 0.0000	</row2>
			<row3>	-0.3798 0.4250 5.0626 1.0000	</row3>
		</transform>
	</node>
	<node>
		<identifier>	MP_AM724_Ammobox_big_INDEX_7	</identifier>
		<parent>	Scene Root	</parent>
		<transform>
			<row0>	0.0000 0.0625 0.9980 0.0000	</row0>
			<row1>	0.0000 0.9980 -0.0625 0.0000	</row1>
			<row2>	-1.0000 0.0000 0.0000 0.0000	</row2>
			<row3>	-0.3785 0.4418 5.3322 1.0000	</row3>
		</transform>
	</node>
	<node>
		<identifier>	MP_AM724_Ammobox_big_INDEX_8	</identifier>
		<parent>	Scene Root	</parent>
		<transform>
			<row0>	0.3269 -0.0566 -0.9434 0.0000	</row0>
			<row1>	0.0000 0.9982 -0.0599 0.0000	</row1>
			<row2>	0.9451 0.0196 0.3263 0.0000	</row2>
			<row3>	0.2285 0.5195 6.5275 1.0000	</row3>
		</transform>
	</node>
	<node>
		<identifier>	MP_AM724_Ammobox_big_INDEX_9	</identifier>
		<parent>	Scene Root	</parent>
		<transform>
			<row0>	0.3269 0.0566 0.9434 0.0000	</row0>
			<row1>	0.0000 0.9982 -0.0599 0.0000	</row1>
			<row2>	-0.9451 0.0196 0.3263 0.0000	</row2>
			<row3>	-0.2285 0.5195 6.5276 1.0000	</row3>
		</transform>
	</node>
	<node>
		<identifier>	MP_CM011_Fire_Fighting_Gear	</identifier>
		<parent>	Scene Root	</parent>
		<transform>
			<row0>	-0.5372 0.0000 -0.8435 0.0000	</row0>
			<row1>	0.0000 1.0000 0.0000 0.0000	</row1>
			<row2>	0.8435 0.0000 -0.5372 0.0000	</row2>
			<row3>	-0.8680 0.3461 1.4083 1.0000	</row3>
		</transform>
	</node>
	<node>
		<identifier>	MP_CM011_Fire_Fighting_Gear_INDEX_1	</identifier>
		<parent>	Scene Root	</parent>
		<transform>
			<row0>	-0.5000 0.0000 0.8660 0.0000	</row0>
			<row1>	0.0000 1.0000 0.0000 0.0000	</row1>
			<row2>	-0.8660 0.0000 -0.5000 0.0000	</row2>
			<row3>	0.8757 0.3456 1.3935 1.0000	</row3>
		</transform>
	</node>
	<node>
		<identifier>	MP_CM011_Fire_Fighting_Gear_INDEX_2	</identifier>
		<parent>	Scene Root	</parent>
		<transform>
			<row0>	0.0000 0.0000 1.0000 0.0000	</row0>
			<row1>	0.0000 1.0000 0.0000 0.0000	</row1>
			<row2>	-1.0000 0.0000 0.0000 0.0000	</row2>
			<row3>	0.0293 0.3454 2.6998 1.0000	</row3>
		</transform>
	</node>
	<node>
		<identifier>	MP_CM011_Fire_Fighting_Gear_INDEX_3	</identifier>
		<parent>	Scene Root	</parent>
		<transform>
			<row0>	1.0000 0.0000 0.0000 0.0000	</row0>
			<row1>	0.0000 1.0000 0.0000 0.0000	</row1>
			<row2>	0.0000 0.0000 1.0000 0.0000	</row2>
			<row3>	-0.0888 0.4841 5.9884 1.0000	</row3>
		</transform>
	</node>
	<node>
		<identifier>	MP_CM011_Fire_Fighting_Gear_INDEX_4	</identifier>
		<parent>	Scene Root	</parent>
		<transform>
			<row0>	-1.0000 0.0000 0.0000 0.0000	</row0>
			<row1>	0.0000 1.0000 0.0000 0.0000	</row1>
			<row2>	0.0000 0.0000 -1.0000 0.0000	</row2>
			<row3>	0.3564 0.3820 4.2104 1.0000	</row3>
		</transform>
	</node>
	<node>
		<identifier>	MP_CM011_Fire_Fighting_Gear_INDEX_5	</identifier>
		<parent>	Scene Root	</parent>
		<transform>
			<row0>	-1.0000 0.0000 0.0000 0.0000	</row0>
			<row1>	0.0000 1.0000 0.0000 0.0000	</row1>
			<row2>	0.0000 0.0000 -1.0000 0.0000	</row2>
			<row3>	-0.3564 0.3820 4.2104 1.0000	</row3>
		</transform>
	</node>
	<node>
		<identifier>	MP_CM012_Fire_Hose_Rack_1	</identifier>
		<parent>	Scene Root	</parent>
		<transform>
			<row0>	0.0000 0.0000 -1.0000 0.0000	</row0>
			<row1>	0.0000 1.0000 0.0000 0.0000	</row1>
			<row2>	1.0000 0.0000 0.0000 0.0000	</row2>
			<row3>	-0.0647 0.4291 2.6914 1.0000	</row3>
		</transform>
	</node>
	<node>
		<identifier>	MP_CM029_Emergency_Box	</identifier>
		<parent>	Scene Root	</parent>
		<transform>
			<row0>	0.5044 0.0000 -0.8635 0.0000	</row0>
			<row1>	0.0000 1.0000 0.0000 0.0000	</row1>
			<row2>	0.8635 0.0000 0.5044 0.0000	</row2>
			<row3>	0.6743 0.3818 2.2514 1.0000	</row3>
		</transform>
	</node>
	<node>
		<identifier>	MP_CM029_Emergency_Box_INDEX_1	</identifier>
		<parent>	Scene Root	</parent>
		<transform>
			<row0>	0.5044 0.0000 0.8635 0.0000	</row0>
			<row1>	0.0000 1.0000 0.0000 0.0000	</row1>
			<row2>	-0.8635 0.0000 0.5044 0.0000	</row2>
			<row3>	-0.6743 0.3818 2.2514 1.0000	</row3>
		</transform>
	</node>
	<node>
		<identifier>	MP_CM029_Emergency_Box_INDEX_2	</identifier>
		<parent>	Scene Root	</parent>
		<transform>
			<row0>	1.0000 0.0000 0.0000 0.0000	</row0>
			<row1>	0.0000 1.0000 0.0000 0.0000	</row1>
			<row2>	0.0000 0.0000 1.0000 0.0000	</row2>
			<row3>	0.3742 0.4646 5.2518 1.0000	</row3>
		</transform>
	</node>
	<node>
		<identifier>	MP_CM029_Emergency_Box_INDEX_3	</identifier>
		<parent>	Scene Root	</parent>
		<transform>
			<row0>	1.0000 0.0000 0.0000 0.0000	</row0>
			<row1>	0.0000 1.0000 0.0000 0.0000	</row1>
			<row2>	0.0000 0.0000 1.0000 0.0000	</row2>
			<row3>	-0.3742 0.4646 5.2518 1.0000	</row3>
		</transform>
	</node>
	<node>
		<identifier>	MP_CM029_Emergency_Box_INDEX_4	</identifier>
		<parent>	Scene Root	</parent>
		<transform>
			<row0>	0.3275 0.0000 -0.9449 0.0000	</row0>
			<row1>	0.0000 1.0000 0.0000 0.0000	</row1>
			<row2>	0.9449 0.0000 0.3275 0.0000	</row2>
			<row3>	0.2187 0.5666 6.6078 1.0000	</row3>
		</transform>
	</node>
	<node>
		<identifier>	MP_CM029_Emergency_Box_INDEX_5	</identifier>
		<parent>	Scene Root	</parent>
		<transform>
			<row0>	0.3275 0.0000 0.9449 0.0000	</row0>
			<row1>	0.0000 1.0000 0.0000 0.0000	</row1>
			<row2>	-0.9449 0.0000 0.3275 0.0000	</row2>
			<row3>	-0.2187 0.5666 6.6078 1.0000	</row3>
		</transform>
	</node>
	<node>
		<identifier>	SP_YMS001_YHBM_M_1	</identifier>
		<parent>	Scene Root	</parent>
		<transform>
			<row0>	1.1511 0.0000 0.0000 0.0000	</row0>
			<row1>	0.0000 1.1511 0.0000 0.0000	</row1>
			<row2>	0.0000 0.0000 1.1511 0.0000	</row2>
			<row3>	0.0000 0.5273 6.9189 1.0000	</row3>
		</transform>
	</node>
	<node>
		<identifier>	SP_YMS002_YHBL_M_1	</identifier>
		<parent>	Scene Root	</parent>
		<transform>
			<row0>	1.1251 -0.0062 -0.1245 0.0000	</row0>
			<row1>	-0.0035 1.1286 -0.0870 0.0000	</row1>
			<row2>	0.1246 0.0869 1.1218 0.0000	</row2>
			<row3>	0.0014 0.5403 6.9470 1.0000	</row3>
		</transform>
	</node>
	<node>
		<identifier>	SP_YMS003_YHBR_M_1	</identifier>
		<parent>	Scene Root	</parent>
		<transform>
			<row0>	1.1251 0.0062 0.1245 0.0000	</row0>
			<row1>	0.0035 1.1286 -0.0870 0.0000	</row1>
			<row2>	-0.1246 0.0869 1.1218 0.0000	</row2>
			<row3>	-0.0014 0.5403 6.9470 1.0000	</row3>
		</transform>
	</node>
	<node>
		<identifier>	SP_YMS004_YHXL_L_1	</identifier>
		<parent>	Scene Root	</parent>
		<transform>
			<row0>	0.5989 1.0028 -0.2011 0.0000	</row0>
			<row1>	-0.9919 0.6263 0.1691 0.0000	</row1>
			<row2>	0.2494 0.0829 1.1557 0.0000	</row2>
			<row3>	-0.1839 0.4106 6.3959 1.0000	</row3>
		</transform>
	</node>
	<node>
		<identifier>	SP_YMS005_YHXR_L_1	</identifier>
		<parent>	Scene Root	</parent>
		<transform>
			<row0>	0.5989 -1.0028 0.2011 0.0000	</row0>
			<row1>	0.9919 0.6263 0.1691 0.0000	</row1>
			<row2>	-0.2494 0.0829 1.1557 0.0000	</row2>
			<row3>	0.1839 0.4106 6.3959 1.0000	</row3>
		</transform>
	</node>
	<node>
		<identifier>	SP_YMS010_YHWM_L_1	</identifier>
		<parent>	Scene Root	</parent>
		<transform>
			<row0>	0.7150 0.0000 0.0000 0.0000	</row0>
			<row1>	0.0000 0.8308 0.0000 0.0000	</row1>
			<row2>	0.0000 0.0000 0.8308 0.0000	</row2>
			<row3>	0.0000 0.0000 6.8168 1.0000	</row3>
		</transform>
	</node>
	<node>
		<identifier>	SP_YMS011_YHWL_M_1_INDEX_1	</identifier>
		<parent>	Scene Root	</parent>
		<transform>
			<row0>	0.9964 0.0000 -0.0854 0.0000	</row0>
			<row1>	0.0000 1.0000 0.0000 0.0000	</row1>
			<row2>	0.0854 0.0000 0.9964 0.0000	</row2>
			<row3>	-1.0603 0.0000 1.3523 1.0000	</row3>
		</transform>
	</node>
	<node>
		<identifier>	SP_YMS011_YHWL_M_1_INDEX_10	</identifier>
		<parent>	Scene Root	</parent>
		<transform>
			<row0>	0.9602 0.0450 -0.2194 0.0000	</row0>
			<row1>	-0.0438 0.9850 0.0100 0.0000	</row1>
			<row2>	0.2196 0.0000 0.9612 0.0000	</row2>
			<row3>	-0.6195 0.0000 3.8179 1.0000	</row3>
		</transform>
	</node>
	<node>
		<identifier>	SP_YMS011_YHWL_M_1_INDEX_13	</identifier>
		<parent>	Scene Root	</parent>
		<transform>
			<row0>	0.9759 0.0723 -0.2058 0.0000	</row0>
			<row1>	-0.0707 0.9974 0.0149 0.0000	</row1>
			<row2>	0.2063 0.0000 0.9785 0.0000	</row2>
			<row3>	-0.8012 -0.0015 2.9980 1.0000	</row3>
		</transform>
	</node>
	<node>
		<identifier>	SP_YMS011_YHWL_M_1_INDEX_3	</identifier>
		<parent>	Scene Root	</parent>
		<transform>
			<row0>	0.9793 0.0406 -0.1984 0.0000	</row0>
			<row1>	-0.0398 0.9992 0.0081 0.0000	</row1>
			<row2>	0.1986 0.0000 0.9801 0.0000	</row2>
			<row3>	-0.2638 -0.0007 5.4462 1.0000	</row3>
		</transform>
	</node>
	<node>
		<identifier>	SP_YMS011_YHWL_M_1_INDEX_4	</identifier>
		<parent>	Scene Root	</parent>
		<transform>
			<row0>	0.9846 0.0621 -0.1634 0.0000	</row0>
			<row1>	-0.0613 0.9981 0.0102 0.0000	</row1>
			<row2>	0.1637 0.0000 0.9865 0.0000	</row2>
			<row3>	-0.9563 -0.0011 2.1806 1.0000	</row3>
		</transform>
	</node>
	<node>
		<identifier>	SP_YMS011_YHWL_M_1_INDEX_6	</identifier>
		<parent>	Scene Root	</parent>
		<transform>
			<row0>	0.9465 0.0677 -0.2077 0.0000	</row0>
			<row1>	-0.0661 0.9690 0.0145 0.0000	</row1>
			<row2>	0.2082 0.0000 0.9488 0.0000	</row2>
			<row3>	-0.4362 0.0003 4.6277 1.0000	</row3>
		</transform>
	</node>
	<node>
		<identifier>	SP_YMS012_YHWR_M_1	</identifier>
		<parent>	Scene Root	</parent>
		<transform>
			<row0>	0.9846 -0.0621 0.1634 0.0000	</row0>
			<row1>	0.0613 0.9981 0.0102 0.0000	</row1>
			<row2>	-0.1637 0.0000 0.9865 0.0000	</row2>
			<row3>	0.9563 -0.0011 2.1806 1.0000	</row3>
		</transform>
	</node>
	<node>
		<identifier>	SP_YMS012_YHWR_M_1_INDEX_1	</identifier>
		<parent>	Scene Root	</parent>
		<transform>
			<row0>	0.9759 -0.0723 0.2058 0.0000	</row0>
			<row1>	0.0707 0.9974 0.0149 0.0000	</row1>
			<row2>	-0.2063 0.0000 0.9785 0.0000	</row2>
			<row3>	0.8012 -0.0015 2.9980 1.0000	</row3>
		</transform>
	</node>
	<node>
		<identifier>	SP_YMS012_YHWR_M_1_INDEX_3	</identifier>
		<parent>	Scene Root	</parent>
		<transform>
			<row0>	0.9602 -0.0450 0.2194 0.0000	</row0>
			<row1>	0.0438 0.9850 0.0100 0.0000	</row1>
			<row2>	-0.2196 0.0000 0.9612 0.0000	</row2>
			<row3>	0.6195 0.0000 3.8179 1.0000	</row3>
		</transform>
	</node>
	<node>
		<identifier>	SP_YMS012_YHWR_M_1_INDEX_6	</identifier>
		<parent>	Scene Root	</parent>
		<transform>
			<row0>	0.9465 -0.0677 0.2077 0.0000	</row0>
			<row1>	0.0661 0.9690 0.0145 0.0000	</row1>
			<row2>	-0.2082 0.0000 0.9488 0.0000	</row2>
			<row3>	0.4362 0.0003 4.6277 1.0000	</row3>
		</transform>
	</node>
	<node>
		<identifier>	SP_YMS012_YHWR_M_1_INDEX_7	</identifier>
		<parent>	Scene Root	</parent>
		<transform>
			<row0>	0.9793 -0.0406 0.1984 0.0000	</row0>
			<row1>	0.0398 0.9992 0.0081 0.0000	</row1>
			<row2>	-0.1986 0.0000 0.9801 0.0000	</row2>
			<row3>	0.2638 -0.0007 5.4462 1.0000	</row3>
		</transform>
	</node>
	<node>
		<identifier>	SP_YMS012_YHWR_M_1_INDEX_9	</identifier>
		<parent>	Scene Root	</parent>
		<transform>
			<row0>	0.9964 0.0000 0.0854 0.0000	</row0>
			<row1>	0.0000 1.0000 0.0000 0.0000	</row1>
			<row2>	-0.0854 0.0000 0.9964 0.0000	</row2>
			<row3>	1.0603 0.0000 1.3523 1.0000	</row3>
		</transform>
	</node>
	<node>
		<identifier>	SP_YMS020_YHBU_M_1	</identifier>
		<parent>	Scene Root	</parent>
		<transform>
			<row0>	1.4707 0.0000 0.0000 0.0000	</row0>
			<row1>	0.0000 1.4707 0.0000 0.0000	</row1>
			<row2>	0.0000 0.0000 1.4707 0.0000	</row2>
			<row3>	0.0000 -0.1517 6.6429 1.0000	</row3>
		</transform>
	</node>
	<node>
		<identifier>	SP_YMS022_YHUS_L_1	</identifier>
		<parent>	Scene Root	</parent>
		<transform>
			<row0>	-0.2134 0.0000 -0.9770 0.0000	</row0>
			<row1>	-0.0510 0.9986 0.0111 0.0000	</row1>
			<row2>	0.9756 0.0522 -0.2131 0.0000	</row2>
			<row3>	-0.6463 -0.4517 3.3468 1.0000	</row3>
		</transform>
	</node>
	<node>
		<identifier>	SP_YMS022_YHUS_L_1_INDEX_1	</identifier>
		<parent>	Scene Root	</parent>
		<transform>
			<row0>	-0.2134 0.0000 0.9770 0.0000	</row0>
			<row1>	0.0510 0.9986 0.0111 0.0000	</row1>
			<row2>	-0.9756 0.0522 -0.2131 0.0000	</row2>
			<row3>	0.6463 -0.4517 3.3468 1.0000	</row3>
		</transform>
	</node>
	<node>
		<identifier>	SP_YMS022_YHUS_L_1_INDEX_2	</identifier>
		<parent>	Scene Root	</parent>
		<transform>
			<row0>	-0.1670 0.0025 -0.9860 0.0000	</row0>
			<row1>	-0.0510 0.9986 0.0111 0.0000	</row1>
			<row2>	0.9846 0.0521 -0.1666 0.0000	</row2>
			<row3>	-0.8972 -0.4506 2.1000 1.0000	</row3>
		</transform>
	</node>
	<node>
		<identifier>	SP_YMS022_YHUS_L_1_INDEX_3	</identifier>
		<parent>	Scene Root	</parent>
		<transform>
			<row0>	-0.1670 -0.0025 0.9860 0.0000	</row0>
			<row1>	0.0510 0.9986 0.0111 0.0000	</row1>
			<row2>	-0.9846 0.0521 -0.1666 0.0000	</row2>
			<row3>	0.8972 -0.4506 2.1000 1.0000	</row3>
		</transform>
	</node>
	<node>
		<identifier>	SP_YMS053_YHDC_S_1	</identifier>
		<parent>	Scene Root	</parent>
		<transform>
			<row0>	1.0000 0.0000 0.0000 0.0000	</row0>
			<row1>	0.0000 0.9980 -0.0632 0.0000	</row1>
			<row2>	0.0000 0.0632 0.9980 0.0000	</row2>
			<row3>	0.0000 0.4742 5.5834 1.0000	</row3>
		</transform>
	</node>
	<node>
		<identifier>	SP_YMS053_YHDC_S_1_INDEX_1	</identifier>
		<parent>	Scene Root	</parent>
		<transform>
			<row0>	1.0000 0.0000 0.0000 0.0000	</row0>
			<row1>	0.0000 0.9985 -0.0547 0.0000	</row1>
			<row2>	0.0000 0.0547 0.9985 0.0000	</row2>
			<row3>	-0.3230 0.4024 4.3910 1.0000	</row3>
		</transform>
	</node>
	<node>
		<identifier>	SP_YMS053_YHDC_S_1_INDEX_2	</identifier>
		<parent>	Scene Root	</parent>
		<transform>
			<row0>	1.0000 0.0000 0.0000 0.0000	</row0>
			<row1>	0.0000 0.9985 -0.0547 0.0000	</row1>
			<row2>	0.0000 0.0547 0.9985 0.0000	</row2>
			<row3>	0.3230 0.4024 4.3910 1.0000	</row3>
		</transform>
	</node>
	<node>
		<identifier>	SP_YMS053_YHDC_S_1_INDEX_3	</identifier>
		<parent>	Scene Root	</parent>
		<transform>
			<row0>	1.0000 0.0000 0.0000 0.0000	</row0>
			<row1>	0.0000 0.9999 -0.0116 0.0000	</row1>
			<row2>	0.0000 0.0116 0.9999 0.0000	</row2>
			<row3>	-0.5665 0.3710 3.4066 1.0000	</row3>
		</transform>
	</node>
	<node>
		<identifier>	SP_YMS053_YHDC_S_1_INDEX_4	</identifier>
		<parent>	Scene Root	</parent>
		<transform>
			<row0>	1.0000 0.0000 0.0000 0.0000	</row0>
			<row1>	0.0000 0.9999 -0.0116 0.0000	</row1>
			<row2>	0.0000 0.0116 0.9999 0.0000	</row2>
			<row3>	0.5665 0.3710 3.4066 1.0000	</row3>
		</transform>
	</node>
	<node>
		<identifier>	SP_YMS053_YHDC_S_1_INDEX_5	</identifier>
		<parent>	Scene Root	</parent>
		<transform>
			<row0>	1.0000 0.0000 0.0000 0.0000	</row0>
			<row1>	0.0000 1.0000 -0.0098 0.0000	</row1>
			<row2>	0.0000 0.0098 1.0000 0.0000	</row2>
			<row3>	-0.7790 0.3574 2.4123 1.0000	</row3>
		</transform>
	</node>
	<node>
		<identifier>	SP_YMS053_YHDC_S_1_INDEX_6	</identifier>
		<parent>	Scene Root	</parent>
		<transform>
			<row0>	1.0000 0.0000 0.0000 0.0000	</row0>
			<row1>	0.0000 1.0000 -0.0098 0.0000	</row1>
			<row2>	0.0000 0.0098 1.0000 0.0000	</row2>
			<row3>	0.7790 0.3574 2.4123 1.0000	</row3>
		</transform>
	</node>
	<node>
		<identifier>	SP_YMS053_YHDC_S_1_INDEX_7	</identifier>
		<parent>	Scene Root	</parent>
		<transform>
			<row0>	1.0000 0.0000 0.0000 0.0000	</row0>
			<row1>	0.0000 1.0000 0.0000 0.0000	</row1>
			<row2>	0.0000 0.0000 1.0000 0.0000	</row2>
			<row3>	-0.6111 0.5187 1.5850 1.0000	</row3>
		</transform>
	</node>
	<node>
		<identifier>	SP_YMS053_YHDC_S_1_INDEX_8	</identifier>
		<parent>	Scene Root	</parent>
		<transform>
			<row0>	1.0000 0.0000 0.0000 0.0000	</row0>
			<row1>	0.0000 1.0000 0.0000 0.0000	</row1>
			<row2>	0.0000 0.0000 1.0000 0.0000	</row2>
			<row3>	0.6111 0.5187 1.5850 1.0000	</row3>
		</transform>
	</node>
	<node>
		<identifier>	SP_YMS080_YHSL_M_1	</identifier>
		<parent>	Scene Root	</parent>
		<transform>
			<row0>	0.6876 0.1742 -0.1500 0.0000	</row0>
			<row1>	-0.1711 0.7038 0.0330 0.0000	</row1>
			<row2>	0.1535 0.0041 0.7086 0.0000	</row2>
			<row3>	-0.3327 0.2229 4.9973 1.0000	</row3>
		</transform>
	</node>
	<node>
		<identifier>	SP_YMS080_YHSL_M_1_INDEX_1	</identifier>
		<parent>	Scene Root	</parent>
		<transform>
			<row0>	0.6459 0.3016 -0.1322 0.0000	</row0>
			<row1>	-0.2986 0.6591 0.0453 0.0000	</row1>
			<row2>	0.1391 0.0141 0.7114 0.0000	</row2>
			<row3>	-0.5441 0.3016 4.2202 1.0000	</row3>
		</transform>
	</node>
	<node>
		<identifier>	SP_YMS081_YHSR_M_1	</identifier>
		<parent>	Scene Root	</parent>
		<transform>
			<row0>	0.6876 -0.1742 0.1500 0.0000	</row0>
			<row1>	0.1711 0.7038 0.0330 0.0000	</row1>
			<row2>	-0.1535 0.0041 0.7086 0.0000	</row2>
			<row3>	0.3327 0.2229 4.9973 1.0000	</row3>
		</transform>
	</node>
	<node>
		<identifier>	SP_YMS081_YHSR_M_1_INDEX_1	</identifier>
		<parent>	Scene Root	</parent>
		<transform>
			<row0>	0.6459 -0.3016 0.1322 0.0000	</row0>
			<row1>	0.2986 0.6591 0.0453 0.0000	</row1>
			<row2>	-0.1391 0.0141 0.7114 0.0000	</row2>
			<row3>	0.5441 0.3016 4.2202 1.0000	</row3>
		</transform>
	</node>
</ASB304_Indiana_1945_MidFront.skel_ext>
