<RSC301_Kozma_Minin_1950_MidBack.skel_ext>
	<exported>	true	</exported>
	<node>
		<identifier>	MP_CM011_Fire_Fighting_Gear	</identifier>
		<parent>	Scene Root	</parent>
		<transform>
			<row0>	0.0000 0.0000 1.0000 0.0000	</row0>
			<row1>	0.0000 1.0000 0.0000 0.0000	</row1>
			<row2>	-1.0000 0.0000 0.0000 0.0000	</row2>
			<row3>	0.4090 0.4547 -2.1231 1.0000	</row3>
		</transform>
	</node>
	<node>
		<identifier>	MP_CM011_Fire_Fighting_Gear_INDEX_1	</identifier>
		<parent>	Scene Root	</parent>
		<transform>
			<row0>	0.0000 0.0000 -1.0000 0.0000	</row0>
			<row1>	-0.0478 0.9989 0.0000 0.0000	</row1>
			<row2>	0.9989 0.0478 0.0000 0.0000	</row2>
			<row3>	-0.4174 0.2655 -2.6337 1.0000	</row3>
		</transform>
	</node>
	<node>
		<identifier>	MP_CM011_Fire_Fighting_Gear_INDEX_2	</identifier>
		<parent>	Scene Root	</parent>
		<transform>
			<row0>	0.6131 0.0351 -0.7893 0.0000	</row0>
			<row1>	-0.0571 0.9984 0.0000 0.0000	</row1>
			<row2>	0.7880 0.0451 0.6141 0.0000	</row2>
			<row3>	-0.2848 0.4506 -2.8758 1.0000	</row3>
		</transform>
	</node>
	<node>
		<identifier>	MP_CM011_Fire_Fighting_Gear_INDEX_3	</identifier>
		<parent>	Scene Root	</parent>
		<transform>
			<row0>	0.0000 0.0000 -1.0000 0.0000	</row0>
			<row1>	-0.0478 0.9989 0.0000 0.0000	</row1>
			<row2>	0.9989 0.0478 0.0000 0.0000	</row2>
			<row3>	-0.4118 0.2667 -0.6678 1.0000	</row3>
		</transform>
	</node>
	<node>
		<identifier>	MP_CM011_Fire_Fighting_Gear_INDEX_4	</identifier>
		<parent>	Scene Root	</parent>
		<transform>
			<row0>	0.0000 0.0000 1.0000 0.0000	</row0>
			<row1>	0.0571 0.9984 0.0000 0.0000	</row1>
			<row2>	-0.9984 0.0571 0.0000 0.0000	</row2>
			<row3>	0.2187 0.2741 -3.8673 1.0000	</row3>
		</transform>
	</node>
	<node>
		<identifier>	MP_CM011_Fire_Fighting_Gear_INDEX_5	</identifier>
		<parent>	Scene Root	</parent>
		<transform>
			<row0>	0.0000 0.0000 1.0000 0.0000	</row0>
			<row1>	0.0478 0.9989 0.0000 0.0000	</row1>
			<row2>	-0.9989 0.0478 0.0000 0.0000	</row2>
			<row3>	0.4118 0.2667 -0.6678 1.0000	</row3>
		</transform>
	</node>
	<node>
		<identifier>	MP_CM011_Fire_Fighting_Gear_INDEX_6	</identifier>
		<parent>	Scene Root	</parent>
		<transform>
			<row0>	0.0000 0.0000 1.0000 0.0000	</row0>
			<row1>	0.0478 0.9989 0.0000 0.0000	</row1>
			<row2>	-0.9989 0.0478 0.0000 0.0000	</row2>
			<row3>	0.4174 0.2655 -2.6337 1.0000	</row3>
		</transform>
	</node>
	<node>
		<identifier>	MP_CM011_Fire_Fighting_Gear_INDEX_7	</identifier>
		<parent>	Scene Root	</parent>
		<transform>
			<row0>	0.0000 0.0000 -1.0000 0.0000	</row0>
			<row1>	-0.0571 0.9984 0.0000 0.0000	</row1>
			<row2>	0.9984 0.0571 0.0000 0.0000	</row2>
			<row3>	-0.1118 0.2794 -3.9672 1.0000	</row3>
		</transform>
	</node>
	<node>
		<identifier>	MP_CM011_Fire_Fighting_Gear_INDEX_8	</identifier>
		<parent>	Scene Root	</parent>
		<transform>
			<row0>	0.0000 0.0000 -1.0000 0.0000	</row0>
			<row1>	0.0000 1.0000 0.0000 0.0000	</row1>
			<row2>	1.0000 0.0000 0.0000 0.0000	</row2>
			<row3>	-0.4089 0.4554 -2.1211 1.0000	</row3>
		</transform>
	</node>
	<node>
		<identifier>	MP_CM014_Fuel_Oil_Hose	</identifier>
		<parent>	Scene Root	</parent>
		<transform>
			<row0>	-0.9792 0.0000 0.2031 0.0000	</row0>
			<row1>	0.0000 1.0000 0.0000 0.0000	</row1>
			<row2>	-0.2031 0.0000 -0.9792 0.0000	</row2>
			<row3>	0.3796 0.3374 -3.1674 1.0000	</row3>
		</transform>
	</node>
	<node>
		<identifier>	MP_CM014_Fuel_Oil_Hose_INDEX_1	</identifier>
		<parent>	Scene Root	</parent>
		<transform>
			<row0>	0.9789 0.0000 0.2044 0.0000	</row0>
			<row1>	0.0000 1.0000 0.0000 0.0000	</row1>
			<row2>	-0.2044 0.0000 0.9789 0.0000	</row2>
			<row3>	-0.3783 0.3374 -3.1738 1.0000	</row3>
		</transform>
	</node>
	<node>
		<identifier>	MP_CM014_Fuel_Oil_Hose_INDEX_2	</identifier>
		<parent>	Scene Root	</parent>
		<transform>
			<row0>	0.0000 1.0000 0.0000 0.0000	</row0>
			<row1>	1.0000 0.0000 0.0000 0.0000	</row1>
			<row2>	0.0000 0.0000 -1.0000 0.0000	</row2>
			<row3>	0.4654 0.4343 -0.6953 1.0000	</row3>
		</transform>
	</node>
	<node>
		<identifier>	MP_CM014_Fuel_Oil_Hose_INDEX_3	</identifier>
		<parent>	Scene Root	</parent>
		<transform>
			<row0>	0.0000 1.0000 0.0000 0.0000	</row0>
			<row1>	1.0000 0.0000 0.0000 0.0000	</row1>
			<row2>	0.0000 0.0000 -1.0000 0.0000	</row2>
			<row3>	-0.4675 0.4341 -0.6953 1.0000	</row3>
		</transform>
	</node>
	<node>
		<identifier>	MP_CM015_Bundle_1	</identifier>
		<parent>	Scene Root	</parent>
		<transform>
			<row0>	0.0000 0.0000 1.0000 0.0000	</row0>
			<row1>	0.0437 0.9990 0.0000 0.0000	</row1>
			<row2>	-0.9990 0.0437 0.0000 0.0000	</row2>
			<row3>	0.4382 0.2627 -2.8940 1.0000	</row3>
		</transform>
	</node>
	<node>
		<identifier>	MP_CM029_Emergency_Box	</identifier>
		<parent>	Scene Root	</parent>
		<transform>
			<row0>	0.0000 0.0000 -1.0000 0.0000	</row0>
			<row1>	0.0000 1.0000 0.0000 0.0000	</row1>
			<row2>	1.0000 0.0000 0.0000 0.0000	</row2>
			<row3>	-0.1396 0.8320 -1.4548 1.0000	</row3>
		</transform>
	</node>
	<node>
		<identifier>	MP_CM029_Emergency_Box_INDEX_1	</identifier>
		<parent>	Scene Root	</parent>
		<transform>
			<row0>	0.0000 0.0000 1.0000 0.0000	</row0>
			<row1>	0.0000 1.0000 0.0000 0.0000	</row1>
			<row2>	-1.0000 0.0000 0.0000 0.0000	</row2>
			<row3>	0.1403 0.8302 -1.4605 1.0000	</row3>
		</transform>
	</node>
	<node>
		<identifier>	MP_CM029_Emergency_Box_INDEX_2	</identifier>
		<parent>	Scene Root	</parent>
		<transform>
			<row0>	-0.2072 0.0000 0.9783 0.0000	</row0>
			<row1>	0.0000 1.0000 0.0000 0.0000	</row1>
			<row2>	-0.9783 0.0000 -0.2072 0.0000	</row2>
			<row3>	0.2834 0.5137 -1.7733 1.0000	</row3>
		</transform>
	</node>
	<node>
		<identifier>	MP_CM029_Emergency_Box_INDEX_3	</identifier>
		<parent>	Scene Root	</parent>
		<transform>
			<row0>	1.0000 0.0000 0.0000 0.0000	</row0>
			<row1>	0.0000 1.0000 0.0000 0.0000	</row1>
			<row2>	0.0000 0.0000 1.0000 0.0000	</row2>
			<row3>	0.0000 0.6791 -2.5997 1.0000	</row3>
		</transform>
	</node>
	<node>
		<identifier>	MP_CM029_Emergency_Box_INDEX_4	</identifier>
		<parent>	Scene Root	</parent>
		<transform>
			<row0>	-0.0890 0.0000 -0.9960 0.0000	</row0>
			<row1>	0.0000 1.0000 0.0000 0.0000	</row1>
			<row2>	0.9960 0.0000 -0.0890 0.0000	</row2>
			<row3>	-0.2730 0.5137 -1.7239 1.0000	</row3>
		</transform>
	</node>
	<node>
		<identifier>	MP_CM030_Swab_Rack_2	</identifier>
		<parent>	Scene Root	</parent>
		<transform>
			<row0>	0.0000 0.0000 1.0000 0.0000	</row0>
			<row1>	0.0000 1.0000 0.0000 0.0000	</row1>
			<row2>	-1.0000 0.0000 0.0000 0.0000	</row2>
			<row3>	-0.3748 0.2658 -1.6964 1.0000	</row3>
		</transform>
	</node>
	<node>
		<identifier>	MP_CM030_Swab_Rack_2_INDEX_1	</identifier>
		<parent>	Scene Root	</parent>
		<transform>
			<row0>	0.0000 0.0000 -1.0000 0.0000	</row0>
			<row1>	0.0000 1.0000 0.0000 0.0000	</row1>
			<row2>	1.0000 0.0000 0.0000 0.0000	</row2>
			<row3>	0.3750 0.2658 -1.6964 1.0000	</row3>
		</transform>
	</node>
	<node>
		<identifier>	MP_CM051_Fire_Fighting_Gear	</identifier>
		<parent>	Scene Root	</parent>
		<transform>
			<row0>	0.7995 0.0000 -0.6006 0.0000	</row0>
			<row1>	-0.6006 0.0000 -0.7995 0.0000	</row1>
			<row2>	0.0000 1.0000 0.0000 0.0000	</row2>
			<row3>	0.2758 0.4761 -2.8711 1.0000	</row3>
		</transform>
	</node>
	<node>
		<identifier>	MP_CM051_Fire_Fighting_Gear_INDEX_1	</identifier>
		<parent>	Scene Root	</parent>
		<transform>
			<row0>	0.0000 0.0000 -1.0000 0.0000	</row0>
			<row1>	-1.0000 0.0000 0.0000 0.0000	</row1>
			<row2>	0.0000 1.0000 0.0000 0.0000	</row2>
			<row3>	-0.3500 0.4620 -0.5940 1.0000	</row3>
		</transform>
	</node>
	<node>
		<identifier>	MP_CM051_Fire_Fighting_Gear_INDEX_2	</identifier>
		<parent>	Scene Root	</parent>
		<transform>
			<row0>	0.0000 0.0000 -1.0000 0.0000	</row0>
			<row1>	-1.0000 0.0000 0.0000 0.0000	</row1>
			<row2>	0.0000 1.0000 0.0000 0.0000	</row2>
			<row3>	0.3481 0.4620 -0.5946 1.0000	</row3>
		</transform>
	</node>
	<node>
		<identifier>	MP_CM052_Fender	</identifier>
		<parent>	Scene Root	</parent>
		<transform>
			<row0>	1.0000 0.0000 0.0000 0.0000	</row0>
			<row1>	0.0000 1.0000 0.0000 0.0000	</row1>
			<row2>	0.0000 0.0000 1.0000 0.0000	</row2>
			<row3>	0.6023 0.2658 -1.5685 1.0000	</row3>
		</transform>
	</node>
	<node>
		<identifier>	MP_CM052_Fender_INDEX_1	</identifier>
		<parent>	Scene Root	</parent>
		<transform>
			<row0>	-1.0000 0.0000 0.0000 0.0000	</row0>
			<row1>	0.0000 1.0000 0.0000 0.0000	</row1>
			<row2>	0.0000 0.0000 -1.0000 0.0000	</row2>
			<row3>	0.6023 0.2658 -1.8303 1.0000	</row3>
		</transform>
	</node>
	<node>
		<identifier>	MP_CM052_Fender_INDEX_2	</identifier>
		<parent>	Scene Root	</parent>
		<transform>
			<row0>	-1.0000 0.0000 0.0000 0.0000	</row0>
			<row1>	0.0000 1.0000 0.0000 0.0000	</row1>
			<row2>	0.0000 0.0000 -1.0000 0.0000	</row2>
			<row3>	-0.6023 0.2658 -1.8303 1.0000	</row3>
		</transform>
	</node>
	<node>
		<identifier>	MP_CM052_Fender_INDEX_3	</identifier>
		<parent>	Scene Root	</parent>
		<transform>
			<row0>	1.0000 0.0000 0.0000 0.0000	</row0>
			<row1>	0.0000 1.0000 0.0000 0.0000	</row1>
			<row2>	0.0000 0.0000 1.0000 0.0000	</row2>
			<row3>	-0.6023 0.2658 -1.5685 1.0000	</row3>
		</transform>
	</node>
	<node>
		<identifier>	MP_CM082_Rope	</identifier>
		<parent>	Scene Root	</parent>
		<transform>
			<row0>	0.1535 0.0103 1.1901 0.0000	</row0>
			<row1>	-0.0432 1.1992 -0.0048 0.0000	</row1>
			<row2>	-0.4956 -0.0176 0.0641 0.0000	</row2>
			<row3>	0.4038 0.3555 -2.8867 1.0000	</row3>
		</transform>
	</node>
	<node>
		<identifier>	MP_CM082_Rope_INDEX_1	</identifier>
		<parent>	Scene Root	</parent>
		<transform>
			<row0>	0.2848 -0.0103 -1.1657 0.0000	</row0>
			<row1>	0.0434 1.1992 0.0000 0.0000	</row1>
			<row2>	0.4854 -0.0176 0.1188 0.0000	</row2>
			<row3>	-0.2618 0.3566 -3.7013 1.0000	</row3>
		</transform>
	</node>
	<node>
		<identifier>	MP_CM082_Rope_INDEX_2	</identifier>
		<parent>	Scene Root	</parent>
		<transform>
			<row0>	0.2848 0.0103 1.1657 0.0000	</row0>
			<row1>	-0.0434 1.1992 0.0000 0.0000	</row1>
			<row2>	-0.4854 -0.0176 0.1188 0.0000	</row2>
			<row3>	0.2622 0.3566 -3.6997 1.0000	</row3>
		</transform>
	</node>
	<node>
		<identifier>	MP_CM082_Rope_INDEX_3	</identifier>
		<parent>	Scene Root	</parent>
		<transform>
			<row0>	0.1535 -0.0103 -1.1901 0.0000	</row0>
			<row1>	0.0432 1.1992 -0.0048 0.0000	</row1>
			<row2>	0.4956 -0.0176 0.0641 0.0000	</row2>
			<row3>	-0.4036 0.3555 -2.8877 1.0000	</row3>
		</transform>
	</node>
	<node>
		<identifier>	MP_CM112_Fire_Extinguisher	</identifier>
		<parent>	Scene Root	</parent>
		<transform>
			<row0>	-1.0000 0.0000 0.0000 0.0000	</row0>
			<row1>	0.0000 1.0000 0.0000 0.0000	</row1>
			<row2>	0.0000 0.0000 -1.0000 0.0000	</row2>
			<row3>	0.1910 0.6784 -0.9062 1.0000	</row3>
		</transform>
	</node>
	<node>
		<identifier>	MP_CM112_Fire_Extinguisher_INDEX_1	</identifier>
		<parent>	Scene Root	</parent>
		<transform>
			<row0>	1.0000 0.0000 0.0000 0.0000	</row0>
			<row1>	0.0000 1.0000 0.0000 0.0000	</row1>
			<row2>	0.0000 0.0000 1.0000 0.0000	</row2>
			<row3>	-0.1391 0.8382 -1.7725 1.0000	</row3>
		</transform>
	</node>
	<node>
		<identifier>	MP_CM112_Fire_Extinguisher_INDEX_2	</identifier>
		<parent>	Scene Root	</parent>
		<transform>
			<row0>	-0.9706 0.0000 -0.2406 0.0000	</row0>
			<row1>	0.0000 1.0000 0.0000 0.0000	</row1>
			<row2>	0.2406 0.0000 -0.9706 0.0000	</row2>
			<row3>	0.3068 0.3089 -0.3101 1.0000	</row3>
		</transform>
	</node>
	<node>
		<identifier>	MP_CM112_Fire_Extinguisher_INDEX_3	</identifier>
		<parent>	Scene Root	</parent>
		<transform>
			<row0>	0.9706 0.0000 -0.2406 0.0000	</row0>
			<row1>	0.0000 1.0000 0.0000 0.0000	</row1>
			<row2>	0.2406 0.0000 0.9706 0.0000	</row2>
			<row3>	-0.3069 0.3089 -0.3100 1.0000	</row3>
		</transform>
	</node>
	<node>
		<identifier>	MP_CM112_Fire_Extinguisher_INDEX_4	</identifier>
		<parent>	Scene Root	</parent>
		<transform>
			<row0>	0.8135 0.0000 0.5815 0.0000	</row0>
			<row1>	0.0000 1.0000 0.0000 0.0000	</row1>
			<row2>	-0.5815 0.0000 0.8135 0.0000	</row2>
			<row3>	-0.1642 0.6939 -2.3589 1.0000	</row3>
		</transform>
	</node>
	<node>
		<identifier>	MP_CM112_Fire_Extinguisher_INDEX_5	</identifier>
		<parent>	Scene Root	</parent>
		<transform>
			<row0>	-0.8849 0.0000 0.4658 0.0000	</row0>
			<row1>	0.0000 1.0000 0.0000 0.0000	</row1>
			<row2>	-0.4658 0.0000 -0.8849 0.0000	</row2>
			<row3>	0.1642 0.6939 -2.3589 1.0000	</row3>
		</transform>
	</node>
	<node>
		<identifier>	MP_CM112_Fire_Extinguisher_INDEX_6	</identifier>
		<parent>	Scene Root	</parent>
		<transform>
			<row0>	1.0000 0.0000 0.0000 0.0000	</row0>
			<row1>	0.0000 1.0000 0.0000 0.0000	</row1>
			<row2>	0.0000 0.0000 1.0000 0.0000	</row2>
			<row3>	-0.1914 0.6784 -0.9062 1.0000	</row3>
		</transform>
	</node>
	<node>
		<identifier>	MP_CM112_Fire_Extinguisher_INDEX_7	</identifier>
		<parent>	Scene Root	</parent>
		<transform>
			<row0>	-1.0000 0.0000 0.0000 0.0000	</row0>
			<row1>	0.0000 1.0000 0.0000 0.0000	</row1>
			<row2>	0.0000 0.0000 -1.0000 0.0000	</row2>
			<row3>	0.1391 0.8382 -1.7725 1.0000	</row3>
		</transform>
	</node>
	<node>
		<identifier>	MP_RM003_Yawl_20ft	</identifier>
		<parent>	Scene Root	</parent>
		<transform>
			<row0>	0.9994 0.0000 0.0334 0.0000	</row0>
			<row1>	0.0000 1.0000 0.0000 0.0000	</row1>
			<row2>	-0.0334 0.0000 0.9994 0.0000	</row2>
			<row3>	-0.6366 0.2889 -2.6707 1.0000	</row3>
		</transform>
	</node>
	<node>
		<identifier>	MP_RM003_Yawl_20ft_INDEX_1	</identifier>
		<parent>	Scene Root	</parent>
		<transform>
			<row0>	0.9994 0.0000 -0.0334 0.0000	</row0>
			<row1>	0.0000 1.0000 0.0000 0.0000	</row1>
			<row2>	0.0334 0.0000 0.9994 0.0000	</row2>
			<row3>	0.6366 0.2888 -2.6707 1.0000	</row3>
		</transform>
	</node>
	<node>
		<identifier>	MP_RM008_Voice_Tube	</identifier>
		<parent>	Scene Root	</parent>
		<transform>
			<row0>	-0.2277 0.0000 0.9737 0.0000	</row0>
			<row1>	0.0000 1.0000 0.0000 0.0000	</row1>
			<row2>	-0.9737 0.0000 -0.2277 0.0000	</row2>
			<row3>	-0.4968 0.6133 -2.5427 1.0000	</row3>
		</transform>
	</node>
	<node>
		<identifier>	MP_RM008_Voice_Tube_INDEX_1	</identifier>
		<parent>	Scene Root	</parent>
		<transform>
			<row0>	0.0000 0.0000 -1.0000 0.0000	</row0>
			<row1>	0.0000 1.0000 0.0000 0.0000	</row1>
			<row2>	1.0000 0.0000 0.0000 0.0000	</row2>
			<row3>	0.2445 0.9662 -2.0602 1.0000	</row3>
		</transform>
	</node>
	<node>
		<identifier>	MP_RM008_Voice_Tube_INDEX_2	</identifier>
		<parent>	Scene Root	</parent>
		<transform>
			<row0>	0.0000 0.0000 1.0000 0.0000	</row0>
			<row1>	0.0000 1.0000 0.0000 0.0000	</row1>
			<row2>	-1.0000 0.0000 0.0000 0.0000	</row2>
			<row3>	-0.2445 0.9662 -2.0602 1.0000	</row3>
		</transform>
	</node>
	<node>
		<identifier>	MP_RM008_Voice_Tube_INDEX_3	</identifier>
		<parent>	Scene Root	</parent>
		<transform>
			<row0>	-0.3125 0.0000 0.9499 0.0000	</row0>
			<row1>	0.0000 1.0000 0.0000 0.0000	</row1>
			<row2>	-0.9499 0.0000 -0.3125 0.0000	</row2>
			<row3>	0.3041 0.4493 -1.8273 1.0000	</row3>
		</transform>
	</node>
	<node>
		<identifier>	MP_RM008_Voice_Tube_INDEX_4	</identifier>
		<parent>	Scene Root	</parent>
		<transform>
			<row0>	0.4306 0.0000 0.9025 0.0000	</row0>
			<row1>	0.0000 1.0000 0.0000 0.0000	</row1>
			<row2>	-0.9025 0.0000 0.4306 0.0000	</row2>
			<row3>	0.1645 0.7697 -1.4088 1.0000	</row3>
		</transform>
	</node>
	<node>
		<identifier>	MP_RM008_Voice_Tube_INDEX_5	</identifier>
		<parent>	Scene Root	</parent>
		<transform>
			<row0>	0.4306 0.0000 -0.9025 0.0000	</row0>
			<row1>	0.0000 1.0000 0.0000 0.0000	</row1>
			<row2>	0.9025 0.0000 0.4306 0.0000	</row2>
			<row3>	-0.1654 0.7697 -1.4083 1.0000	</row3>
		</transform>
	</node>
	<node>
		<identifier>	MP_RM008_Voice_Tube_INDEX_6	</identifier>
		<parent>	Scene Root	</parent>
		<transform>
			<row0>	-0.2277 0.0000 -0.9737 0.0000	</row0>
			<row1>	0.0000 1.0000 0.0000 0.0000	</row1>
			<row2>	0.9737 0.0000 -0.2277 0.0000	</row2>
			<row3>	0.4968 0.6133 -2.5427 1.0000	</row3>
		</transform>
	</node>
	<node>
		<identifier>	MP_RM008_Voice_Tube_INDEX_7	</identifier>
		<parent>	Scene Root	</parent>
		<transform>
			<row0>	-0.3125 0.0000 -0.9499 0.0000	</row0>
			<row1>	0.0000 1.0000 0.0000 0.0000	</row1>
			<row2>	0.9499 0.0000 -0.3125 0.0000	</row2>
			<row3>	-0.3041 0.4493 -1.8273 1.0000	</row3>
		</transform>
	</node>
	<node>
		<identifier>	MP_RM011_Insulator_2	</identifier>
		<parent>	Scene Root	</parent>
		<transform>
			<row0>	2.0000 0.0000 0.0000 0.0000	</row0>
			<row1>	0.0000 2.0000 0.0000 0.0000	</row1>
			<row2>	0.0000 0.0000 2.0000 0.0000	</row2>
			<row3>	0.0970 1.0718 -1.5596 1.0000	</row3>
		</transform>
	</node>
	<node>
		<identifier>	MP_RM011_Insulator_2_INDEX_1	</identifier>
		<parent>	Scene Root	</parent>
		<transform>
			<row0>	2.0000 0.0000 0.0000 0.0000	</row0>
			<row1>	0.0000 2.0000 0.0000 0.0000	</row1>
			<row2>	0.0000 0.0000 2.0000 0.0000	</row2>
			<row3>	-0.0970 1.0718 -1.5596 1.0000	</row3>
		</transform>
	</node>
	<node>
		<identifier>	MP_RM017_Fairlead	</identifier>
		<parent>	Scene Root	</parent>
		<transform>
			<row0>	0.7000 0.0000 0.0000 0.0000	</row0>
			<row1>	0.0000 0.7000 0.0000 0.0000	</row1>
			<row2>	0.0000 0.0000 0.7000 0.0000	</row2>
			<row3>	0.7218 0.2602 -0.6899 1.0000	</row3>
		</transform>
	</node>
	<node>
		<identifier>	MP_RM017_Fairlead_INDEX_1	</identifier>
		<parent>	Scene Root	</parent>
		<transform>
			<row0>	0.7000 0.0000 0.0000 0.0000	</row0>
			<row1>	0.0000 0.7000 0.0000 0.0000	</row1>
			<row2>	0.0000 0.0000 0.7000 0.0000	</row2>
			<row3>	-0.7218 0.2602 -0.6899 1.0000	</row3>
		</transform>
	</node>
	<node>
		<identifier>	MP_RM017_Fairlead_INDEX_2	</identifier>
		<parent>	Scene Root	</parent>
		<transform>
			<row0>	0.6998 0.0000 -0.0181 0.0000	</row0>
			<row1>	0.0000 0.7000 -0.0009 0.0000	</row1>
			<row2>	0.0181 0.0009 0.6998 0.0000	</row2>
			<row3>	0.7081 0.2603 -2.1188 1.0000	</row3>
		</transform>
	</node>
	<node>
		<identifier>	MP_RM017_Fairlead_INDEX_3	</identifier>
		<parent>	Scene Root	</parent>
		<transform>
			<row0>	0.6998 0.0000 0.0181 0.0000	</row0>
			<row1>	0.0000 0.7000 -0.0009 0.0000	</row1>
			<row2>	-0.0181 0.0009 0.6998 0.0000	</row2>
			<row3>	-0.7081 0.2603 -2.1188 1.0000	</row3>
		</transform>
	</node>
	<node>
		<identifier>	MP_RM020_Speaker	</identifier>
		<parent>	Scene Root	</parent>
		<transform>
			<row0>	-0.9529 0.0000 -0.3032 0.0000	</row0>
			<row1>	0.0000 1.0000 0.0000 0.0000	</row1>
			<row2>	0.3032 0.0000 -0.9529 0.0000	</row2>
			<row3>	0.1884 0.9855 -1.1690 1.0000	</row3>
		</transform>
	</node>
	<node>
		<identifier>	MP_RM020_Speaker_INDEX_1	</identifier>
		<parent>	Scene Root	</parent>
		<transform>
			<row0>	0.9528 0.0145 0.3032 0.0000	</row0>
			<row1>	-0.0222 0.9995 0.0221 0.0000	</row1>
			<row2>	-0.3027 -0.0278 0.9527 0.0000	</row2>
			<row3>	-0.1897 0.9855 -1.1463 1.0000	</row3>
		</transform>
	</node>
	<node>
		<identifier>	MP_RM020_Speaker_INDEX_2	</identifier>
		<parent>	Scene Root	</parent>
		<transform>
			<row0>	-0.9529 0.0000 0.3032 0.0000	</row0>
			<row1>	0.0000 1.0000 0.0000 0.0000	</row1>
			<row2>	-0.3032 0.0000 -0.9529 0.0000	</row2>
			<row3>	-0.1897 0.9855 -1.1686 1.0000	</row3>
		</transform>
	</node>
	<node>
		<identifier>	MP_RM020_Speaker_INDEX_3	</identifier>
		<parent>	Scene Root	</parent>
		<transform>
			<row0>	0.9528 -0.0145 -0.3032 0.0000	</row0>
			<row1>	0.0222 0.9995 0.0221 0.0000	</row1>
			<row2>	0.3027 -0.0278 0.9527 0.0000	</row2>
			<row3>	0.1889 0.9855 -1.1460 1.0000	</row3>
		</transform>
	</node>
	<node>
		<identifier>	MP_RM028_Signal_Lamp	</identifier>
		<parent>	Scene Root	</parent>
		<transform>
			<row0>	1.0000 0.0000 0.0000 0.0000	</row0>
			<row1>	0.0000 1.0000 0.0000 0.0000	</row1>
			<row2>	0.0000 0.0000 1.0000 0.0000	</row2>
			<row3>	0.0000 2.4993 -1.9110 1.0000	</row3>
		</transform>
	</node>
	<node>
		<identifier>	MP_RM067_Ammunition_Box	</identifier>
		<parent>	Scene Root	</parent>
		<transform>
			<row0>	-0.8602 0.0000 -0.5100 0.0000	</row0>
			<row1>	0.0000 1.0000 0.0000 0.0000	</row1>
			<row2>	0.5100 0.0000 -0.8602 0.0000	</row2>
			<row3>	-0.1066 0.6135 -2.5550 1.0000	</row3>
		</transform>
	</node>
	<node>
		<identifier>	MP_RM067_Ammunition_Box_INDEX_1	</identifier>
		<parent>	Scene Root	</parent>
		<transform>
			<row0>	-0.8602 0.0000 0.5100 0.0000	</row0>
			<row1>	0.0000 1.0000 0.0000 0.0000	</row1>
			<row2>	-0.5100 0.0000 -0.8602 0.0000	</row2>
			<row3>	0.1066 0.6135 -2.5550 1.0000	</row3>
		</transform>
	</node>
	<node>
		<identifier>	MP_RM067_Ammunition_Box_INDEX_2	</identifier>
		<parent>	Scene Root	</parent>
		<transform>
			<row0>	0.0000 0.0000 1.0000 0.0000	</row0>
			<row1>	0.0000 1.0000 0.0000 0.0000	</row1>
			<row2>	-1.0000 0.0000 0.0000 0.0000	</row2>
			<row3>	0.0854 0.7681 -2.2222 1.0000	</row3>
		</transform>
	</node>
	<node>
		<identifier>	MP_RM067_Ammunition_Box_INDEX_3	</identifier>
		<parent>	Scene Root	</parent>
		<transform>
			<row0>	0.0000 0.0000 1.0000 0.0000	</row0>
			<row1>	0.0000 1.0000 0.0000 0.0000	</row1>
			<row2>	-1.0000 0.0000 0.0000 0.0000	</row2>
			<row3>	-0.0879 0.7681 -2.2222 1.0000	</row3>
		</transform>
	</node>
	<node>
		<identifier>	MP_RM077_Reel	</identifier>
		<parent>	Scene Root	</parent>
		<transform>
			<row0>	0.0000 -1.0000 0.0000 0.0000	</row0>
			<row1>	0.6160 0.0000 -0.7877 0.0000	</row1>
			<row2>	0.7877 0.0000 0.6160 0.0000	</row2>
			<row3>	0.1679 0.4972 -3.5907 1.0000	</row3>
		</transform>
	</node>
	<node>
		<identifier>	MP_RM077_Reel_INDEX_1	</identifier>
		<parent>	Scene Root	</parent>
		<transform>
			<row0>	0.0000 1.0000 0.0000 0.0000	</row0>
			<row1>	-0.6160 0.0000 -0.7877 0.0000	</row1>
			<row2>	-0.7877 0.0000 0.6160 0.0000	</row2>
			<row3>	-0.1679 0.4972 -3.5907 1.0000	</row3>
		</transform>
	</node>
	<node>
		<identifier>	MP_RM093_Wind_Intensity	</identifier>
		<parent>	Scene Root	</parent>
		<transform>
			<row0>	1.0000 0.0000 0.0000 0.0000	</row0>
			<row1>	0.0000 1.0000 0.0000 0.0000	</row1>
			<row2>	0.0000 0.0000 1.0000 0.0000	</row2>
			<row3>	0.3333 2.0605 -1.6103 1.0000	</row3>
		</transform>
	</node>
	<node>
		<identifier>	MP_RM096_Paravane	</identifier>
		<parent>	Scene Root	</parent>
		<transform>
			<row0>	0.0344 -0.9994 0.0000 0.0000	</row0>
			<row1>	0.9994 0.0344 0.0000 0.0000	</row1>
			<row2>	0.0000 0.0000 1.0000 0.0000	</row2>
			<row3>	-0.4648 0.3407 -2.2872 1.0000	</row3>
		</transform>
	</node>
	<node>
		<identifier>	MP_RM096_Paravane_INDEX_1	</identifier>
		<parent>	Scene Root	</parent>
		<transform>
			<row0>	0.0344 0.9994 0.0000 0.0000	</row0>
			<row1>	-0.9994 0.0344 0.0000 0.0000	</row1>
			<row2>	0.0000 0.0000 1.0000 0.0000	</row2>
			<row3>	0.4648 0.3407 -2.2872 1.0000	</row3>
		</transform>
	</node>
	<node>
		<identifier>	MP_RM096_Paravane_INDEX_2	</identifier>
		<parent>	Scene Root	</parent>
		<transform>
			<row0>	0.0000 1.0000 0.0000 0.0000	</row0>
			<row1>	0.0000 0.0000 -1.0000 0.0000	</row1>
			<row2>	-1.0000 0.0000 0.0000 0.0000	</row2>
			<row3>	-0.0007 0.3605 -3.9820 1.0000	</row3>
		</transform>
	</node>
	<node>
		<identifier>	MP_RM104_Telephone	</identifier>
		<parent>	Scene Root	</parent>
		<transform>
			<row0>	-0.2188 0.0000 0.9758 0.0000	</row0>
			<row1>	0.0000 1.0000 0.0000 0.0000	</row1>
			<row2>	-0.9758 0.0000 -0.2188 0.0000	</row2>
			<row3>	-0.4987 0.6707 -2.5660 1.0000	</row3>
		</transform>
	</node>
	<node>
		<identifier>	MP_RM104_Telephone_INDEX_1	</identifier>
		<parent>	Scene Root	</parent>
		<transform>
			<row0>	0.1673 0.0000 0.9859 0.0000	</row0>
			<row1>	0.0000 1.0000 0.0000 0.0000	</row1>
			<row2>	-0.9859 0.0000 0.1673 0.0000	</row2>
			<row3>	0.1818 0.8565 -1.3302 1.0000	</row3>
		</transform>
	</node>
	<node>
		<identifier>	MP_RM104_Telephone_INDEX_2	</identifier>
		<parent>	Scene Root	</parent>
		<transform>
			<row0>	-0.2188 0.0000 -0.9758 0.0000	</row0>
			<row1>	0.0000 1.0000 0.0000 0.0000	</row1>
			<row2>	0.9758 0.0000 -0.2188 0.0000	</row2>
			<row3>	0.4987 0.6707 -2.5660 1.0000	</row3>
		</transform>
	</node>
	<node>
		<identifier>	MP_RM104_Telephone_INDEX_3	</identifier>
		<parent>	Scene Root	</parent>
		<transform>
			<row0>	0.1673 0.0000 -0.9859 0.0000	</row0>
			<row1>	0.0000 1.0000 0.0000 0.0000	</row1>
			<row2>	0.9859 0.0000 0.1673 0.0000	</row2>
			<row3>	-0.1818 0.8565 -1.3302 1.0000	</row3>
		</transform>
	</node>
	<node>
		<identifier>	MP_RM173_Signal_lanp_450mm_MSPl452	</identifier>
		<parent>	Scene Root	</parent>
		<transform>
			<row0>	0.0000 0.0000 1.0000 0.0000	</row0>
			<row1>	0.0000 1.0000 0.0000 0.0000	</row1>
			<row2>	-1.0000 0.0000 0.0000 0.0000	</row2>
			<row3>	-0.2400 0.9662 -2.0995 1.0000	</row3>
		</transform>
	</node>
	<node>
		<identifier>	MP_RM173_Signal_lanp_450mm_MSPl452_INDEX_1	</identifier>
		<parent>	Scene Root	</parent>
		<transform>
			<row0>	0.0000 0.0000 -1.0000 0.0000	</row0>
			<row1>	0.0000 1.0000 0.0000 0.0000	</row1>
			<row2>	1.0000 0.0000 0.0000 0.0000	</row2>
			<row3>	0.2400 0.9662 -2.0995 1.0000	</row3>
		</transform>
	</node>
	<node>
		<identifier>	MP_RM185_Fakel_MO	</identifier>
		<parent>	Scene Root	</parent>
		<transform>
			<row0>	1.0000 0.0000 0.0000 0.0000	</row0>
			<row1>	0.0000 1.0000 0.0000 0.0000	</row1>
			<row2>	0.0000 0.0000 1.0000 0.0000	</row2>
			<row3>	0.0000 2.8386 -1.8576 1.0000	</row3>
		</transform>
	</node>
	<node>
		<identifier>	MP_RM196_Pelorus	</identifier>
		<parent>	Scene Root	</parent>
		<transform>
			<row0>	0.0000 0.0000 1.0000 0.0000	</row0>
			<row1>	0.0000 1.0000 0.0000 0.0000	</row1>
			<row2>	-1.0000 0.0000 0.0000 0.0000	</row2>
			<row3>	-0.2400 0.9666 -1.9758 1.0000	</row3>
		</transform>
	</node>
	<node>
		<identifier>	MP_RM196_Pelorus_INDEX_1	</identifier>
		<parent>	Scene Root	</parent>
		<transform>
			<row0>	0.0000 0.0000 1.0000 0.0000	</row0>
			<row1>	0.0000 1.0000 0.0000 0.0000	</row1>
			<row2>	-1.0000 0.0000 0.0000 0.0000	</row2>
			<row3>	0.2400 0.9666 -1.9758 1.0000	</row3>
		</transform>
	</node>
	<node>
		<identifier>	MP_RM199_Running_Lights_F	</identifier>
		<parent>	Scene Root	</parent>
		<transform>
			<row0>	1.0000 0.0000 0.0000 0.0000	</row0>
			<row1>	0.0000 1.0000 0.0000 0.0000	</row1>
			<row2>	0.0000 0.0000 1.0000 0.0000	</row2>
			<row3>	0.0000 2.4979 -1.5550 1.0000	</row3>
		</transform>
	</node>
	<node>
		<identifier>	MP_RM199_Running_Lights_F_INDEX_1	</identifier>
		<parent>	Scene Root	</parent>
		<transform>
			<row0>	1.0000 0.0000 0.0000 0.0000	</row0>
			<row1>	0.0000 1.0000 0.0000 0.0000	</row1>
			<row2>	0.0000 0.0000 1.0000 0.0000	</row2>
			<row3>	0.0000 2.3216 -1.5961 1.0000	</row3>
		</transform>
	</node>
	<node>
		<identifier>	MP_RM208_Flag_Box	</identifier>
		<parent>	Scene Root	</parent>
		<transform>
			<row0>	-1.0000 0.0000 0.0000 0.0000	</row0>
			<row1>	0.0000 1.0000 0.0000 0.0000	</row1>
			<row2>	0.0000 0.0000 -1.0000 0.0000	</row2>
			<row3>	-0.0846 0.9230 -1.7900 1.0000	</row3>
		</transform>
	</node>
	<node>
		<identifier>	MP_RM208_Flag_Box_INDEX_1	</identifier>
		<parent>	Scene Root	</parent>
		<transform>
			<row0>	-1.0000 0.0000 0.0000 0.0000	</row0>
			<row1>	0.0000 1.0000 0.0000 0.0000	</row1>
			<row2>	0.0000 0.0000 -1.0000 0.0000	</row2>
			<row3>	0.0875 0.9230 -1.7900 1.0000	</row3>
		</transform>
	</node>
	<node>
		<identifier>	MP_RM214_Life_Buoy	</identifier>
		<parent>	Scene Root	</parent>
		<transform>
			<row0>	0.0000 0.0000 1.0000 0.0000	</row0>
			<row1>	0.0000 1.0000 0.0000 0.0000	</row1>
			<row2>	-1.0000 0.0000 0.0000 0.0000	</row2>
			<row3>	0.2654 0.5439 -0.9806 1.0000	</row3>
		</transform>
	</node>
	<node>
		<identifier>	MP_RM214_Life_Buoy_INDEX_1	</identifier>
		<parent>	Scene Root	</parent>
		<transform>
			<row0>	0.5852 0.0000 -0.8109 0.0000	</row0>
			<row1>	0.0000 1.0000 0.0000 0.0000	</row1>
			<row2>	0.8109 0.0000 0.5852 0.0000	</row2>
			<row3>	-0.3687 0.5470 -2.7425 1.0000	</row3>
		</transform>
	</node>
	<node>
		<identifier>	MP_RM214_Life_Buoy_INDEX_2	</identifier>
		<parent>	Scene Root	</parent>
		<transform>
			<row0>	0.5800 0.0000 -0.8146 0.0000	</row0>
			<row1>	0.0000 1.0000 0.0000 0.0000	</row1>
			<row2>	0.8146 0.0000 0.5800 0.0000	</row2>
			<row3>	-0.1828 0.3766 -3.8184 1.0000	</row3>
		</transform>
	</node>
	<node>
		<identifier>	MP_RM214_Life_Buoy_INDEX_3	</identifier>
		<parent>	Scene Root	</parent>
		<transform>
			<row0>	0.5852 0.0000 0.8109 0.0000	</row0>
			<row1>	0.0000 1.0000 0.0000 0.0000	</row1>
			<row2>	-0.8109 0.0000 0.5852 0.0000	</row2>
			<row3>	0.3687 0.5470 -2.7425 1.0000	</row3>
		</transform>
	</node>
	<node>
		<identifier>	MP_RM214_Life_Buoy_INDEX_4	</identifier>
		<parent>	Scene Root	</parent>
		<transform>
			<row0>	0.0000 0.0000 -1.0000 0.0000	</row0>
			<row1>	0.0000 1.0000 0.0000 0.0000	</row1>
			<row2>	1.0000 0.0000 0.0000 0.0000	</row2>
			<row3>	-0.2654 0.5439 -0.9787 1.0000	</row3>
		</transform>
	</node>
	<node>
		<identifier>	MP_RM225_Alarm	</identifier>
		<parent>	Scene Root	</parent>
		<transform>
			<row0>	0.0000 0.0000 -1.0000 0.0000	</row0>
			<row1>	0.0000 1.0000 0.0000 0.0000	</row1>
			<row2>	1.0000 0.0000 0.0000 0.0000	</row2>
			<row3>	0.1848 0.9488 -1.1591 1.0000	</row3>
		</transform>
	</node>
	<node>
		<identifier>	MP_RM225_Alarm_INDEX_1	</identifier>
		<parent>	Scene Root	</parent>
		<transform>
			<row0>	-0.3986 0.0000 0.9171 0.0000	</row0>
			<row1>	0.0000 1.0000 0.0000 0.0000	</row1>
			<row2>	-0.9171 0.0000 -0.3986 0.0000	</row2>
			<row3>	-0.1773 0.7456 -2.3142 1.0000	</row3>
		</transform>
	</node>
	<node>
		<identifier>	MP_RM225_Alarm_INDEX_2	</identifier>
		<parent>	Scene Root	</parent>
		<transform>
			<row0>	-0.3986 0.0000 -0.9171 0.0000	</row0>
			<row1>	0.0000 1.0000 0.0000 0.0000	</row1>
			<row2>	0.9171 0.0000 -0.3986 0.0000	</row2>
			<row3>	0.1773 0.7456 -2.3142 1.0000	</row3>
		</transform>
	</node>
	<node>
		<identifier>	MP_RM225_Alarm_INDEX_3	</identifier>
		<parent>	Scene Root	</parent>
		<transform>
			<row0>	0.0000 0.0000 1.0000 0.0000	</row0>
			<row1>	0.0000 1.0000 0.0000 0.0000	</row1>
			<row2>	-1.0000 0.0000 0.0000 0.0000	</row2>
			<row3>	-0.1848 0.9488 -1.1591 1.0000	</row3>
		</transform>
	</node>
	<node>
		<identifier>	MP_RM236_Telephone	</identifier>
		<parent>	Scene Root	</parent>
		<transform>
			<row0>	0.0000 0.0000 1.0000 0.0000	</row0>
			<row1>	0.0000 1.0000 0.0000 0.0000	</row1>
			<row2>	-1.0000 0.0000 0.0000 0.0000	</row2>
			<row3>	-0.1829 1.0375 -2.1297 1.0000	</row3>
		</transform>
	</node>
	<node>
		<identifier>	MP_RM236_Telephone_INDEX_1	</identifier>
		<parent>	Scene Root	</parent>
		<transform>
			<row0>	0.0580 0.0000 -0.9983 0.0000	</row0>
			<row1>	0.0000 1.0000 0.0000 0.0000	</row1>
			<row2>	0.9983 0.0000 0.0580 0.0000	</row2>
			<row3>	0.2727 0.5297 -1.7459 1.0000	</row3>
		</transform>
	</node>
	<node>
		<identifier>	MP_RM236_Telephone_INDEX_2	</identifier>
		<parent>	Scene Root	</parent>
		<transform>
			<row0>	0.0000 0.0000 -1.0000 0.0000	</row0>
			<row1>	0.0000 1.0000 0.0000 0.0000	</row1>
			<row2>	1.0000 0.0000 0.0000 0.0000	</row2>
			<row3>	-0.3320 0.8192 -2.0888 1.0000	</row3>
		</transform>
	</node>
	<node>
		<identifier>	MP_RM236_Telephone_INDEX_3	</identifier>
		<parent>	Scene Root	</parent>
		<transform>
			<row0>	0.1074 0.0000 0.9942 0.0000	</row0>
			<row1>	0.0000 1.0000 0.0000 0.0000	</row1>
			<row2>	-0.9942 0.0000 0.1074 0.0000	</row2>
			<row3>	-0.2710 0.5297 -1.7604 1.0000	</row3>
		</transform>
	</node>
	<node>
		<identifier>	MP_RM236_Telephone_INDEX_4	</identifier>
		<parent>	Scene Root	</parent>
		<transform>
			<row0>	0.0000 0.0000 1.0000 0.0000	</row0>
			<row1>	0.0000 1.0000 0.0000 0.0000	</row1>
			<row2>	-1.0000 0.0000 0.0000 0.0000	</row2>
			<row3>	0.3320 0.8192 -2.0888 1.0000	</row3>
		</transform>
	</node>
	<node>
		<identifier>	MP_RM236_Telephone_INDEX_5	</identifier>
		<parent>	Scene Root	</parent>
		<transform>
			<row0>	0.0000 0.0000 -1.0000 0.0000	</row0>
			<row1>	0.0000 1.0000 0.0000 0.0000	</row1>
			<row2>	1.0000 0.0000 0.0000 0.0000	</row2>
			<row3>	0.1829 1.0375 -2.1297 1.0000	</row3>
		</transform>
	</node>
	<node>
		<identifier>	MP_RM252_Belomor	</identifier>
		<parent>	Scene Root	</parent>
		<transform>
			<row0>	0.0000 0.0000 -1.0000 0.0000	</row0>
			<row1>	0.0473 0.9989 0.0000 0.0000	</row1>
			<row2>	0.9989 -0.0473 0.0000 0.0000	</row2>
			<row3>	0.1165 0.2791 -0.2114 1.0000	</row3>
		</transform>
	</node>
	<node>
		<identifier>	MP_RM263_Motor_Launch_pr386_8m	</identifier>
		<parent>	Scene Root	</parent>
		<transform>
			<row0>	1.0000 0.0000 0.0000 0.0000	</row0>
			<row1>	0.0000 1.0000 0.0000 0.0000	</row1>
			<row2>	0.0000 0.0000 1.0000 0.0000	</row2>
			<row3>	0.6108 0.4459 -2.2527 1.0000	</row3>
		</transform>
	</node>
	<node>
		<identifier>	MP_RM263_Motor_Launch_pr386_8m_INDEX_1	</identifier>
		<parent>	Scene Root	</parent>
		<transform>
			<row0>	1.0000 0.0000 0.0000 0.0000	</row0>
			<row1>	0.0000 1.0000 0.0000 0.0000	</row1>
			<row2>	0.0000 0.0000 1.0000 0.0000	</row2>
			<row3>	-0.6108 0.4459 -2.2527 1.0000	</row3>
		</transform>
	</node>
	<node>
		<identifier>	MP_RM271_Lifeboat_SPS18	</identifier>
		<parent>	Scene Root	</parent>
		<transform>
			<row0>	0.9785 0.0000 0.2062 0.0000	</row0>
			<row1>	0.0000 1.0000 0.0000 0.0000	</row1>
			<row2>	-0.2062 0.0000 0.9785 0.0000	</row2>
			<row3>	-0.3141 0.4483 -3.1298 1.0000	</row3>
		</transform>
	</node>
	<node>
		<identifier>	MP_RM271_Lifeboat_SPS18_INDEX_1	</identifier>
		<parent>	Scene Root	</parent>
		<transform>
			<row0>	1.0000 0.0000 0.0000 0.0000	</row0>
			<row1>	0.0000 1.0000 0.0000 0.0000	</row1>
			<row2>	0.0000 0.0000 1.0000 0.0000	</row2>
			<row3>	-0.4665 0.4814 -0.7159 1.0000	</row3>
		</transform>
	</node>
	<node>
		<identifier>	MP_RM271_Lifeboat_SPS18_INDEX_10	</identifier>
		<parent>	Scene Root	</parent>
		<transform>
			<row0>	1.0000 0.0000 0.0000 0.0000	</row0>
			<row1>	0.0000 1.0000 0.0000 0.0000	</row1>
			<row2>	0.0000 0.0000 1.0000 0.0000	</row2>
			<row3>	0.4665 0.4814 -0.9109 1.0000	</row3>
		</transform>
	</node>
	<node>
		<identifier>	MP_RM271_Lifeboat_SPS18_INDEX_11	</identifier>
		<parent>	Scene Root	</parent>
		<transform>
			<row0>	0.9785 0.0000 -0.2062 0.0000	</row0>
			<row1>	0.0000 1.0000 0.0000 0.0000	</row1>
			<row2>	0.2062 0.0000 0.9785 0.0000	</row2>
			<row3>	0.2813 0.4814 -3.2841 1.0000	</row3>
		</transform>
	</node>
	<node>
		<identifier>	MP_RM271_Lifeboat_SPS18_INDEX_12	</identifier>
		<parent>	Scene Root	</parent>
		<transform>
			<row0>	1.0000 0.0000 0.0000 0.0000	</row0>
			<row1>	0.0000 1.0000 0.0000 0.0000	</row1>
			<row2>	0.0000 0.0000 1.0000 0.0000	</row2>
			<row3>	-0.4665 0.4814 -1.0725 1.0000	</row3>
		</transform>
	</node>
	<node>
		<identifier>	MP_RM271_Lifeboat_SPS18_INDEX_13	</identifier>
		<parent>	Scene Root	</parent>
		<transform>
			<row0>	1.0000 0.0000 0.0000 0.0000	</row0>
			<row1>	0.0000 1.0000 0.0000 0.0000	</row1>
			<row2>	0.0000 0.0000 1.0000 0.0000	</row2>
			<row3>	0.4665 0.4814 -0.7159 1.0000	</row3>
		</transform>
	</node>
	<node>
		<identifier>	MP_RM271_Lifeboat_SPS18_INDEX_14	</identifier>
		<parent>	Scene Root	</parent>
		<transform>
			<row0>	1.0000 0.0000 0.0000 0.0000	</row0>
			<row1>	0.0000 1.0000 0.0000 0.0000	</row1>
			<row2>	0.0000 0.0000 1.0000 0.0000	</row2>
			<row3>	-0.4669 0.4483 -0.7159 1.0000	</row3>
		</transform>
	</node>
	<node>
		<identifier>	MP_RM271_Lifeboat_SPS18_INDEX_15	</identifier>
		<parent>	Scene Root	</parent>
		<transform>
			<row0>	0.9785 0.0000 -0.2062 0.0000	</row0>
			<row1>	0.0000 1.0000 0.0000 0.0000	</row1>
			<row2>	0.2062 0.0000 0.9785 0.0000	</row2>
			<row3>	0.2816 0.4483 -3.2841 1.0000	</row3>
		</transform>
	</node>
	<node>
		<identifier>	MP_RM271_Lifeboat_SPS18_INDEX_16	</identifier>
		<parent>	Scene Root	</parent>
		<transform>
			<row0>	1.0000 0.0000 0.0000 0.0000	</row0>
			<row1>	0.0000 1.0000 0.0000 0.0000	</row1>
			<row2>	0.0000 0.0000 1.0000 0.0000	</row2>
			<row3>	0.4669 0.4483 -0.7159 1.0000	</row3>
		</transform>
	</node>
	<node>
		<identifier>	MP_RM271_Lifeboat_SPS18_INDEX_17	</identifier>
		<parent>	Scene Root	</parent>
		<transform>
			<row0>	1.0000 0.0000 0.0000 0.0000	</row0>
			<row1>	0.0000 1.0000 0.0000 0.0000	</row1>
			<row2>	0.0000 0.0000 1.0000 0.0000	</row2>
			<row3>	0.4669 0.4483 -1.0725 1.0000	</row3>
		</transform>
	</node>
	<node>
		<identifier>	MP_RM271_Lifeboat_SPS18_INDEX_18	</identifier>
		<parent>	Scene Root	</parent>
		<transform>
			<row0>	0.9785 0.0000 -0.2062 0.0000	</row0>
			<row1>	0.0000 1.0000 0.0000 0.0000	</row1>
			<row2>	0.2062 0.0000 0.9785 0.0000	</row2>
			<row3>	0.3141 0.4483 -3.1298 1.0000	</row3>
		</transform>
	</node>
	<node>
		<identifier>	MP_RM271_Lifeboat_SPS18_INDEX_19	</identifier>
		<parent>	Scene Root	</parent>
		<transform>
			<row0>	0.9785 0.0000 0.2062 0.0000	</row0>
			<row1>	0.0000 1.0000 0.0000 0.0000	</row1>
			<row2>	-0.2062 0.0000 0.9785 0.0000	</row2>
			<row3>	-0.2816 0.4483 -3.2841 1.0000	</row3>
		</transform>
	</node>
	<node>
		<identifier>	MP_RM271_Lifeboat_SPS18_INDEX_2	</identifier>
		<parent>	Scene Root	</parent>
		<transform>
			<row0>	1.0000 0.0000 0.0000 0.0000	</row0>
			<row1>	0.0000 1.0000 0.0000 0.0000	</row1>
			<row2>	0.0000 0.0000 1.0000 0.0000	</row2>
			<row3>	0.4669 0.4483 -0.9109 1.0000	</row3>
		</transform>
	</node>
	<node>
		<identifier>	MP_RM271_Lifeboat_SPS18_INDEX_3	</identifier>
		<parent>	Scene Root	</parent>
		<transform>
			<row0>	0.9785 0.0000 0.2062 0.0000	</row0>
			<row1>	0.0000 1.0000 0.0000 0.0000	</row1>
			<row2>	-0.2062 0.0000 0.9785 0.0000	</row2>
			<row3>	-0.3138 0.4814 -3.1298 1.0000	</row3>
		</transform>
	</node>
	<node>
		<identifier>	MP_RM271_Lifeboat_SPS18_INDEX_4	</identifier>
		<parent>	Scene Root	</parent>
		<transform>
			<row0>	0.9785 0.0000 -0.2062 0.0000	</row0>
			<row1>	0.0000 1.0000 0.0000 0.0000	</row1>
			<row2>	0.2062 0.0000 0.9785 0.0000	</row2>
			<row3>	0.3138 0.4814 -3.1298 1.0000	</row3>
		</transform>
	</node>
	<node>
		<identifier>	MP_RM271_Lifeboat_SPS18_INDEX_5	</identifier>
		<parent>	Scene Root	</parent>
		<transform>
			<row0>	1.0000 0.0000 0.0000 0.0000	</row0>
			<row1>	0.0000 1.0000 0.0000 0.0000	</row1>
			<row2>	0.0000 0.0000 1.0000 0.0000	</row2>
			<row3>	0.4665 0.4814 -1.0725 1.0000	</row3>
		</transform>
	</node>
	<node>
		<identifier>	MP_RM271_Lifeboat_SPS18_INDEX_6	</identifier>
		<parent>	Scene Root	</parent>
		<transform>
			<row0>	0.9785 0.0000 0.2062 0.0000	</row0>
			<row1>	0.0000 1.0000 0.0000 0.0000	</row1>
			<row2>	-0.2062 0.0000 0.9785 0.0000	</row2>
			<row3>	-0.2813 0.4814 -3.2841 1.0000	</row3>
		</transform>
	</node>
	<node>
		<identifier>	MP_RM271_Lifeboat_SPS18_INDEX_7	</identifier>
		<parent>	Scene Root	</parent>
		<transform>
			<row0>	1.0000 0.0000 0.0000 0.0000	</row0>
			<row1>	0.0000 1.0000 0.0000 0.0000	</row1>
			<row2>	0.0000 0.0000 1.0000 0.0000	</row2>
			<row3>	-0.4669 0.4483 -1.0725 1.0000	</row3>
		</transform>
	</node>
	<node>
		<identifier>	MP_RM271_Lifeboat_SPS18_INDEX_8	</identifier>
		<parent>	Scene Root	</parent>
		<transform>
			<row0>	1.0000 0.0000 0.0000 0.0000	</row0>
			<row1>	0.0000 1.0000 0.0000 0.0000	</row1>
			<row2>	0.0000 0.0000 1.0000 0.0000	</row2>
			<row3>	-0.4669 0.4483 -0.9109 1.0000	</row3>
		</transform>
	</node>
	<node>
		<identifier>	MP_RM271_Lifeboat_SPS18_INDEX_9	</identifier>
		<parent>	Scene Root	</parent>
		<transform>
			<row0>	1.0000 0.0000 0.0000 0.0000	</row0>
			<row1>	0.0000 1.0000 0.0000 0.0000	</row1>
			<row2>	0.0000 0.0000 1.0000 0.0000	</row2>
			<row3>	-0.4665 0.4814 -0.9109 1.0000	</row3>
		</transform>
	</node>
	<node>
		<identifier>	MP_RM273_Fire_Hose_Rack_box	</identifier>
		<parent>	Scene Root	</parent>
		<transform>
			<row0>	0.0000 0.0000 -1.0000 0.0000	</row0>
			<row1>	0.0000 1.0000 0.0000 0.0000	</row1>
			<row2>	1.0000 0.0000 0.0000 0.0000	</row2>
			<row3>	0.4001 0.5119 -2.0925 1.0000	</row3>
		</transform>
	</node>
	<node>
		<identifier>	MP_RM273_Fire_Hose_Rack_box_INDEX_1	</identifier>
		<parent>	Scene Root	</parent>
		<transform>
			<row0>	0.0000 0.0000 -1.0000 0.0000	</row0>
			<row1>	0.0000 1.0000 0.0000 0.0000	</row1>
			<row2>	1.0000 0.0000 0.0000 0.0000	</row2>
			<row3>	0.2684 0.5119 -0.6215 1.0000	</row3>
		</transform>
	</node>
	<node>
