<ASB008_Colorado_1945_Stern_ep.skel_ext>
	<exported>	false	</exported>
	<node>
		<identifier>	EP_Fire_4	</identifier>
		<parent>	Scene Root	</parent>
		<transform>
			<row0>	1.0000 0.0000 0.0000 0.0000	</row0>
			<row1>	0.0000 1.0000 0.0000 0.0000	</row1>
			<row2>	0.0000 0.0000 1.0000 0.0000	</row2>
			<row3>	0.0000 0.3080 -4.8866 1.0000	</row3>
		</transform>
	</node>
	<node>
		<identifier>	EP_Flood_water_left	</identifier>
		<parent>	Scene Root	</parent>
		<transform>
			<row0>	-0.8314 -0.5153 -0.2080 0.0000	</row0>
			<row1>	-0.4999 0.8570 -0.1251 0.0000	</row1>
			<row2>	0.2428 0.0000 -0.9701 0.0000	</row2>
			<row3>	-0.6857 0.2189 -4.4588 1.0000	</row3>
		</transform>
	</node>
	<node>
		<identifier>	EP_Flood_water_right	</identifier>
		<parent>	Scene Root	</parent>
		<transform>
			<row0>	0.8339 -0.5153 -0.1978 0.0000	</row0>
			<row1>	0.5014 0.8570 -0.1189 0.0000	</row1>
			<row2>	0.2308 0.0000 0.9730 0.0000	</row2>
			<row3>	0.6867 0.2189 -4.4588 1.0000	</row3>
		</transform>
	</node>
	<node>
		<identifier>	EP_RepairLight_right_2	</identifier>
		<parent>	Scene Root	</parent>
		<transform>
			<row0>	-0.1181 0.0000 -0.9930 0.0000	</row0>
			<row1>	0.0172 0.9999 -0.0020 0.0000	</row1>
			<row2>	0.9928 -0.0173 -0.1181 0.0000	</row2>
			<row3>	0.6072 0.3132 -4.6621 1.0000	</row3>
		</transform>
	</node>
	<node>
		<identifier>	EP_WakeTraceBack	</identifier>
		<parent>	Scene Root	</parent>
		<transform>
			<row0>	1.0000 0.0000 0.0000 0.0000	</row0>
			<row1>	0.0000 1.0000 0.0000 0.0000	</row1>
			<row2>	0.0000 0.0000 1.0000 0.0000	</row2>
			<row3>	0.0000 0.0000 -6.0811 1.0000	</row3>
		</transform>
	</node>
	<node>
		<identifier>	EP_WakeTrace_screw_1	</identifier>
		<parent>	Scene Root	</parent>
		<transform>
			<row0>	1.0000 0.0000 0.0000 0.0000	</row0>
			<row1>	0.0000 1.0000 0.0000 0.0000	</row1>
			<row2>	0.0000 0.0000 1.0000 0.0000	</row2>
			<row3>	-0.1916 -0.4995 -5.2440 1.0000	</row3>
		</transform>
	</node>
	<node>
		<identifier>	EP_WakeTrace_screw_2	</identifier>
		<parent>	Scene Root	</parent>
		<transform>
			<row0>	1.0000 0.0000 0.0000 0.0000	</row0>
			<row1>	0.0000 1.0000 0.0000 0.0000	</row1>
			<row2>	0.0000 0.0000 1.0000 0.0000	</row2>
			<row3>	-0.4920 -0.4916 -4.5103 1.0000	</row3>
		</transform>
	</node>
	<node>
		<identifier>	EP_WakeTrace_screw_3	</identifier>
		<parent>	Scene Root	</parent>
		<transform>
			<row0>	1.0000 0.0000 0.0000 0.0000	</row0>
			<row1>	0.0000 1.0000 0.0000 0.0000	</row1>
			<row2>	0.0000 0.0000 1.0000 0.0000	</row2>
			<row3>	0.4921 -0.4917 -4.5102 1.0000	</row3>
		</transform>
	</node>
	<node>
		<identifier>	EP_WakeTrace_screw_4	</identifier>
		<parent>	Scene Root	</parent>
		<transform>
			<row0>	1.0000 0.0000 0.0000 0.0000	</row0>
			<row1>	0.0000 1.0000 0.0000 0.0000	</row1>
			<row2>	0.0000 0.0000 1.0000 0.0000	</row2>
			<row3>	0.1916 -0.4987 -5.2440 1.0000	</row3>
		</transform>
	</node>
</ASB008_Colorado_1945_Stern_ep.skel_ext>
