<ISD004_Sauro_1928_MidBack.skel_ext>
	<exported>	true	</exported>
	<node>
		<identifier>	MP_CM011_Fire_Fighting_Gear	</identifier>
		<parent>	Scene Root	</parent>
		<transform>
			<row0>	0.0000 0.0000 1.0000 0.0000	</row0>
			<row1>	0.0000 1.0000 0.0000 0.0000	</row1>
			<row2>	-1.0000 0.0000 0.0000 0.0000	</row2>
			<row3>	0.1190 0.1200 -1.8724 1.0000	</row3>
		</transform>
	</node>
	<node>
		<identifier>	MP_CM011_Fire_Fighting_Gear_INDEX_1	</identifier>
		<parent>	Scene Root	</parent>
		<transform>
			<row0>	0.0000 0.0000 1.0000 0.0000	</row0>
			<row1>	0.0000 1.0000 0.0000 0.0000	</row1>
			<row2>	-1.0000 0.0000 0.0000 0.0000	</row2>
			<row3>	0.0397 0.1446 -0.8431 1.0000	</row3>
		</transform>
	</node>
	<node>
		<identifier>	MP_CM011_Fire_Fighting_Gear_INDEX_2	</identifier>
		<parent>	Scene Root	</parent>
		<transform>
			<row0>	-0.0291 0.0000 -0.9996 0.0000	</row0>
			<row1>	0.0000 1.0000 0.0000 0.0000	</row1>
			<row2>	0.9996 0.0000 -0.0291 0.0000	</row2>
			<row3>	-0.1138 0.1211 -1.6859 1.0000	</row3>
		</transform>
	</node>
	<node>
		<identifier>	MP_CM013_Fire_Hose_Rack_2	</identifier>
		<parent>	Scene Root	</parent>
		<transform>
			<row0>	-0.9984 -0.0569 -0.0007 0.0000	</row0>
			<row1>	-0.0569 0.9984 0.0000 0.0000	</row1>
			<row2>	0.0007 0.0000 -1.0000 0.0000	</row2>
			<row3>	0.0258 0.2118 -0.8431 1.0000	</row3>
		</transform>
	</node>
	<node>
		<identifier>	MP_CM013_Fire_Hose_Rack_2_INDEX_1	</identifier>
		<parent>	Scene Root	</parent>
		<transform>
			<row0>	0.9750 0.0000 0.2221 0.0000	</row0>
			<row1>	0.0000 1.0000 0.0000 0.0000	</row1>
			<row2>	-0.2221 0.0000 0.9750 0.0000	</row2>
			<row3>	-0.1017 0.1871 -2.0071 1.0000	</row3>
		</transform>
	</node>
	<node>
		<identifier>	MP_CM013_Fire_Hose_Rack_2_INDEX_2	</identifier>
		<parent>	Scene Root	</parent>
		<transform>
			<row0>	-1.0000 0.0000 0.0000 0.0000	</row0>
			<row1>	0.0000 1.0000 0.0000 0.0000	</row1>
			<row2>	0.0000 0.0000 -1.0000 0.0000	</row2>
			<row3>	0.1054 0.1871 -1.8724 1.0000	</row3>
		</transform>
	</node>
	<node>
		<identifier>	MP_CM029_Emergency_Box	</identifier>
		<parent>	Scene Root	</parent>
		<transform>
			<row0>	-1.0000 0.0000 0.0000 0.0000	</row0>
			<row1>	0.0000 1.0000 0.0000 0.0000	</row1>
			<row2>	0.0000 0.0000 -1.0000 0.0000	</row2>
			<row3>	-0.0176 0.1844 -1.7171 1.0000	</row3>
		</transform>
	</node>
	<node>
		<identifier>	MP_CM040_Steering_Wheel	</identifier>
		<parent>	Scene Root	</parent>
		<transform>
			<row0>	0.6345 0.0000 0.0000 0.0000	</row0>
			<row1>	0.0000 0.6345 0.0000 0.0000	</row1>
			<row2>	0.0000 0.0000 0.6345 0.0000	</row2>
			<row3>	-0.0586 0.2577 -1.5989 1.0000	</row3>
		</transform>
	</node>
	<node>
		<identifier>	MP_CM126_Cleat	</identifier>
		<parent>	Scene Root	</parent>
		<transform>
			<row0>	0.7000 0.0000 0.0000 0.0000	</row0>
			<row1>	0.0000 -0.1037 -0.6923 0.0000	</row1>
			<row2>	0.0000 0.6923 -0.1037 0.0000	</row2>
			<row3>	0.0518 0.3403 -1.6541 1.0000	</row3>
		</transform>
	</node>
	<node>
		<identifier>	MP_CM127_Jacobs_ladder	</identifier>
		<parent>	Scene Root	</parent>
		<transform>
			<row0>	0.9014 0.0457 0.0535 0.0000	</row0>
			<row1>	-0.0456 0.9030 -0.0040 0.0000	</row1>
			<row2>	-0.0537 0.0013 0.9025 0.0000	</row2>
			<row3>	-0.2281 0.1260 -1.8295 1.0000	</row3>
		</transform>
	</node>
	<node>
		<identifier>	MP_CM161_Propeller_4_8m_BB_R	</identifier>
		<parent>	Scene Root	</parent>
		<transform>
			<row0>	0.6730 0.0000 -0.0005 0.0000	</row0>
			<row1>	0.0000 0.6724 -0.0274 0.0000	</row1>
			<row2>	0.0005 0.0274 0.6724 0.0000	</row2>
			<row3>	0.1096 -0.1904 -2.6940 1.0000	</row3>
		</transform>
	</node>
	<node>
		<identifier>	MP_CM162_Propeller_4_8m_BB_L	</identifier>
		<parent>	Scene Root	</parent>
		<transform>
			<row0>	0.6730 0.0000 0.0005 0.0000	</row0>
			<row1>	0.0000 0.6724 -0.0274 0.0000	</row1>
			<row2>	-0.0005 0.0274 0.6724 0.0000	</row2>
			<row3>	-0.1096 -0.1904 -2.6940 1.0000	</row3>
		</transform>
	</node>
	<node>
		<identifier>	MP_IM003_Crown	</identifier>
		<parent>	Scene Root	</parent>
		<transform>
			<row0>	0.4163 0.0000 0.0000 0.0000	</row0>
			<row1>	0.0000 0.3946 0.1327 0.0000	</row1>
			<row2>	0.0000 -0.1327 0.3946 0.0000	</row2>
			<row3>	0.0000 0.0924 -2.9641 1.0000	</row3>
		</transform>
	</node>
	<node>
		<identifier>	MP_IM010_Life_Jacket	</identifier>
		<parent>	Scene Root	</parent>
		<transform>
			<row0>	0.8726 0.0000 0.4884 0.0000	</row0>
			<row1>	0.0000 1.0000 0.0000 0.0000	</row1>
			<row2>	-0.4884 0.0000 0.8726 0.0000	</row2>
			<row3>	-0.1450 0.3133 -2.0663 1.0000	</row3>
		</transform>
	</node>
	<node>
		<identifier>	MP_IM010_Life_Jacket_INDEX_1	</identifier>
		<parent>	Scene Root	</parent>
		<transform>
			<row0>	0.6555 0.0000 0.7552 0.0000	</row0>
			<row1>	0.0000 1.0000 0.0000 0.0000	</row1>
			<row2>	-0.7552 0.0000 0.6555 0.0000	</row2>
			<row3>	0.1399 0.3141 -1.7687 1.0000	</row3>
		</transform>
	</node>
	<node>
		<identifier>	MP_IM010_Life_Jacket_INDEX_10	</identifier>
		<parent>	Scene Root	</parent>
		<transform>
			<row0>	1.0000 0.0000 0.0000 0.0000	</row0>
			<row1>	0.0000 1.0000 0.0000 0.0000	</row1>
			<row2>	0.0000 0.0000 1.0000 0.0000	</row2>
			<row3>	-0.1996 0.3125 -1.9307 1.0000	</row3>
		</transform>
	</node>
	<node>
		<identifier>	MP_IM010_Life_Jacket_INDEX_11	</identifier>
		<parent>	Scene Root	</parent>
		<transform>
			<row0>	0.5219 0.0385 0.8522 0.0000	</row0>
			<row1>	-0.0308 0.9992 -0.0263 0.0000	</row1>
			<row2>	-0.8525 -0.0125 0.5226 0.0000	</row2>
			<row3>	-0.1059 0.3131 -2.0989 1.0000	</row3>
		</transform>
	</node>
	<node>
		<identifier>	MP_IM010_Life_Jacket_INDEX_12	</identifier>
		<parent>	Scene Root	</parent>
		<transform>
			<row0>	1.0000 0.0000 0.0000 0.0000	</row0>
			<row1>	0.0000 1.0000 0.0000 0.0000	</row1>
			<row2>	0.0000 0.0000 1.0000 0.0000	</row2>
			<row3>	0.1996 0.3125 -1.8846 1.0000	</row3>
		</transform>
	</node>
	<node>
		<identifier>	MP_IM010_Life_Jacket_INDEX_13	</identifier>
		<parent>	Scene Root	</parent>
		<transform>
			<row0>	0.9273 0.0000 0.3744 0.0000	</row0>
			<row1>	0.0000 1.0000 0.0000 0.0000	</row1>
			<row2>	-0.3744 0.0000 0.9273 0.0000	</row2>
			<row3>	0.1925 0.3136 -1.8545 1.0000	</row3>
		</transform>
	</node>
	<node>
		<identifier>	MP_IM010_Life_Jacket_INDEX_14	</identifier>
		<parent>	Scene Root	</parent>
		<transform>
			<row0>	1.0000 0.0000 0.0000 0.0000	</row0>
			<row1>	0.0000 1.0000 0.0000 0.0000	</row1>
			<row2>	0.0000 0.0000 1.0000 0.0000	</row2>
			<row3>	-0.1996 0.3125 -1.9077 1.0000	</row3>
		</transform>
	</node>
	<node>
		<identifier>	MP_IM010_Life_Jacket_INDEX_15	</identifier>
		<parent>	Scene Root	</parent>
		<transform>
			<row0>	0.9418 0.0000 -0.3361 0.0000	</row0>
			<row1>	0.0000 1.0000 0.0000 0.0000	</row1>
			<row2>	0.3361 0.0000 0.9418 0.0000	</row2>
			<row3>	0.1869 0.3131 -1.9791 1.0000	</row3>
		</transform>
	</node>
	<node>
		<identifier>	MP_IM010_Life_Jacket_INDEX_16	</identifier>
		<parent>	Scene Root	</parent>
		<transform>
			<row0>	0.8726 0.0000 0.4884 0.0000	</row0>
			<row1>	0.0000 1.0000 0.0000 0.0000	</row1>
			<row2>	-0.4884 0.0000 0.8726 0.0000	</row2>
			<row3>	-0.1676 0.3133 -2.0259 1.0000	</row3>
		</transform>
	</node>
	<node>
		<identifier>	MP_IM010_Life_Jacket_INDEX_17	</identifier>
		<parent>	Scene Root	</parent>
		<transform>
			<row0>	0.9418 0.0000 0.3361 0.0000	</row0>
			<row1>	0.0000 1.0000 0.0000 0.0000	</row1>
			<row2>	-0.3361 0.0000 0.9418 0.0000	</row2>
			<row3>	-0.1869 0.3131 -1.9791 1.0000	</row3>
		</transform>
	</node>
	<node>
		<identifier>	MP_IM010_Life_Jacket_INDEX_18	</identifier>
		<parent>	Scene Root	</parent>
		<transform>
			<row0>	0.8726 0.0000 -0.4884 0.0000	</row0>
			<row1>	0.0000 1.0000 0.0000 0.0000	</row1>
			<row2>	0.4884 0.0000 0.8726 0.0000	</row2>
			<row3>	0.1450 0.3133 -2.0663 1.0000	</row3>
		</transform>
	</node>
	<node>
		<identifier>	MP_IM010_Life_Jacket_INDEX_19	</identifier>
		<parent>	Scene Root	</parent>
		<transform>
			<row0>	0.5219 -0.0385 -0.8522 0.0000	</row0>
			<row1>	0.0308 0.9992 -0.0263 0.0000	</row1>
			<row2>	0.8525 -0.0125 0.5226 0.0000	</row2>
			<row3>	0.1266 0.3128 -2.0862 1.0000	</row3>
		</transform>
	</node>
	<node>
		<identifier>	MP_IM010_Life_Jacket_INDEX_2	</identifier>
		<parent>	Scene Root	</parent>
		<transform>
			<row0>	0.6555 0.0000 -0.7552 0.0000	</row0>
			<row1>	0.0000 1.0000 0.0000 0.0000	</row1>
			<row2>	0.7552 0.0000 0.6555 0.0000	</row2>
			<row3>	-0.1571 0.3142 -1.7837 1.0000	</row3>
		</transform>
	</node>
	<node>
		<identifier>	MP_IM010_Life_Jacket_INDEX_20	</identifier>
		<parent>	Scene Root	</parent>
		<transform>
			<row0>	1.0000 0.0000 0.0000 0.0000	</row0>
			<row1>	0.0000 1.0000 0.0000 0.0000	</row1>
			<row2>	0.0000 0.0000 1.0000 0.0000	</row2>
			<row3>	-0.1996 0.3125 -1.8846 1.0000	</row3>
		</transform>
	</node>
	<node>
		<identifier>	MP_IM010_Life_Jacket_INDEX_21	</identifier>
		<parent>	Scene Root	</parent>
		<transform>
			<row0>	0.9273 0.0000 -0.3744 0.0000	</row0>
			<row1>	0.0000 1.0000 0.0000 0.0000	</row1>
			<row2>	0.3744 0.0000 0.9273 0.0000	</row2>
			<row3>	-0.1925 0.3136 -1.8545 1.0000	</row3>
		</transform>
	</node>
	<node>
		<identifier>	MP_IM010_Life_Jacket_INDEX_22	</identifier>
		<parent>	Scene Root	</parent>
		<transform>
			<row0>	0.6555 0.0000 0.7552 0.0000	</row0>
			<row1>	0.0000 1.0000 0.0000 0.0000	</row1>
			<row2>	-0.7552 0.0000 0.6555 0.0000	</row2>
			<row3>	0.1228 0.3147 -1.7539 1.0000	</row3>
		</transform>
	</node>
	<node>
		<identifier>	MP_IM010_Life_Jacket_INDEX_23	</identifier>
		<parent>	Scene Root	</parent>
		<transform>
			<row0>	0.9273 0.0000 -0.3744 0.0000	</row0>
			<row1>	0.0000 1.0000 0.0000 0.0000	</row1>
			<row2>	0.3744 0.0000 0.9273 0.0000	</row2>
			<row3>	-0.1830 0.3138 -1.8310 1.0000	</row3>
		</transform>
	</node>
	<node>
		<identifier>	MP_IM010_Life_Jacket_INDEX_24	</identifier>
		<parent>	Scene Root	</parent>
		<transform>
			<row0>	0.9418 0.0000 -0.3361 0.0000	</row0>
			<row1>	0.0000 1.0000 0.0000 0.0000	</row1>
			<row2>	0.3361 0.0000 0.9418 0.0000	</row2>
			<row3>	0.1791 0.3131 -2.0008 1.0000	</row3>
		</transform>
	</node>
	<node>
		<identifier>	MP_IM010_Life_Jacket_INDEX_25	</identifier>
		<parent>	Scene Root	</parent>
		<transform>
			<row0>	0.6555 0.0000 0.7552 0.0000	</row0>
			<row1>	0.0000 1.0000 0.0000 0.0000	</row1>
			<row2>	-0.7552 0.0000 0.6555 0.0000	</row2>
			<row3>	0.1571 0.3142 -1.7837 1.0000	</row3>
		</transform>
	</node>
	<node>
		<identifier>	MP_IM010_Life_Jacket_INDEX_26	</identifier>
		<parent>	Scene Root	</parent>
		<transform>
			<row0>	0.8726 0.0000 -0.4884 0.0000	</row0>
			<row1>	0.0000 1.0000 0.0000 0.0000	</row1>
			<row2>	0.4884 0.0000 0.8726 0.0000	</row2>
			<row3>	0.1563 0.3133 -2.0462 1.0000	</row3>
		</transform>
	</node>
	<node>
		<identifier>	MP_IM010_Life_Jacket_INDEX_27	</identifier>
		<parent>	Scene Root	</parent>
		<transform>
			<row0>	0.8726 0.0000 -0.4884 0.0000	</row0>
			<row1>	0.0000 1.0000 0.0000 0.0000	</row1>
			<row2>	0.4884 0.0000 0.8726 0.0000	</row2>
			<row3>	0.1676 0.3133 -2.0259 1.0000	</row3>
		</transform>
	</node>
	<node>
		<identifier>	MP_IM010_Life_Jacket_INDEX_28	</identifier>
		<parent>	Scene Root	</parent>
		<transform>
			<row0>	0.6555 0.0000 -0.7552 0.0000	</row0>
			<row1>	0.0000 1.0000 0.0000 0.0000	</row1>
			<row2>	0.7552 0.0000 0.6555 0.0000	</row2>
			<row3>	-0.1228 0.3147 -1.7539 1.0000	</row3>
		</transform>
	</node>
	<node>
		<identifier>	MP_IM010_Life_Jacket_INDEX_29	</identifier>
		<parent>	Scene Root	</parent>
		<transform>
			<row0>	1.0000 0.0000 0.0000 0.0000	</row0>
			<row1>	0.0000 1.0000 0.0000 0.0000	</row1>
			<row2>	0.0000 0.0000 1.0000 0.0000	</row2>
			<row3>	0.1996 0.3125 -1.9307 1.0000	</row3>
		</transform>
	</node>
	<node>
		<identifier>	MP_IM010_Life_Jacket_INDEX_3	</identifier>
		<parent>	Scene Root	</parent>
		<transform>
			<row0>	0.9273 0.0000 -0.3744 0.0000	</row0>
			<row1>	0.0000 1.0000 0.0000 0.0000	</row1>
			<row2>	0.3744 0.0000 0.9273 0.0000	</row2>
			<row3>	-0.1736 0.3140 -1.8077 1.0000	</row3>
		</transform>
	</node>
	<node>
		<identifier>	MP_IM010_Life_Jacket_INDEX_30	</identifier>
		<parent>	Scene Root	</parent>
		<transform>
			<row0>	0.5219 -0.0385 -0.8522 0.0000	</row0>
			<row1>	0.0308 0.9992 -0.0263 0.0000	</row1>
			<row2>	0.8525 -0.0125 0.5226 0.0000	</row2>
			<row3>	0.1059 0.3131 -2.0989 1.0000	</row3>
		</transform>
	</node>
	<node>
		<identifier>	MP_IM010_Life_Jacket_INDEX_31	</identifier>
		<parent>	Scene Root	</parent>
		<transform>
			<row0>	0.5219 0.0385 0.8522 0.0000	</row0>
			<row1>	-0.0308 0.9992 -0.0263 0.0000	</row1>
			<row2>	-0.8525 -0.0125 0.5226 0.0000	</row2>
			<row3>	-0.1266 0.3133 -2.0862 1.0000	</row3>
		</transform>
	</node>
	<node>
		<identifier>	MP_IM010_Life_Jacket_INDEX_32	</identifier>
		<parent>	Scene Root	</parent>
		<transform>
			<row0>	0.9273 0.0000 0.3744 0.0000	</row0>
			<row1>	0.0000 1.0000 0.0000 0.0000	</row1>
			<row2>	-0.3744 0.0000 0.9273 0.0000	</row2>
			<row3>	0.1736 0.3140 -1.8077 1.0000	</row3>
		</transform>
	</node>
	<node>
		<identifier>	MP_IM010_Life_Jacket_INDEX_33	</identifier>
		<parent>	Scene Root	</parent>
		<transform>
			<row0>	0.9273 0.0000 0.3744 0.0000	</row0>
			<row1>	0.0000 1.0000 0.0000 0.0000	</row1>
			<row2>	-0.3744 0.0000 0.9273 0.0000	</row2>
			<row3>	0.1830 0.3138 -1.8310 1.0000	</row3>
		</transform>
	</node>
	<node>
		<identifier>	MP_IM010_Life_Jacket_INDEX_4	</identifier>
		<parent>	Scene Root	</parent>
		<transform>
			<row0>	0.9418 0.0000 0.3361 0.0000	</row0>
			<row1>	0.0000 1.0000 0.0000 0.0000	</row1>
			<row2>	-0.3361 0.0000 0.9418 0.0000	</row2>
			<row3>	-0.1791 0.3131 -2.0008 1.0000	</row3>
		</transform>
	</node>
	<node>
		<identifier>	MP_IM010_Life_Jacket_INDEX_5	</identifier>
		<parent>	Scene Root	</parent>
		<transform>
			<row0>	0.8726 0.0000 0.4884 0.0000	</row0>
			<row1>	0.0000 1.0000 0.0000 0.0000	</row1>
			<row2>	-0.4884 0.0000 0.8726 0.0000	</row2>
			<row3>	-0.1563 0.3133 -2.0462 1.0000	</row3>
		</transform>
	</node>
	<node>
		<identifier>	MP_IM010_Life_Jacket_INDEX_6	</identifier>
		<parent>	Scene Root	</parent>
		<transform>
			<row0>	0.6555 0.0000 -0.7552 0.0000	</row0>
			<row1>	0.0000 1.0000 0.0000 0.0000	</row1>
			<row2>	0.7552 0.0000 0.6555 0.0000	</row2>
			<row3>	-0.1399 0.3141 -1.7687 1.0000	</row3>
		</transform>
	</node>
	<node>
		<identifier>	MP_IM010_Life_Jacket_INDEX_7	</identifier>
		<parent>	Scene Root	</parent>
		<transform>
			<row0>	1.0000 0.0000 0.0000 0.0000	</row0>
			<row1>	0.0000 1.0000 0.0000 0.0000	</row1>
			<row2>	0.0000 0.0000 1.0000 0.0000	</row2>
			<row3>	0.1996 0.3125 -1.9077 1.0000	</row3>
		</transform>
	</node>
	<node>
		<identifier>	MP_IM010_Life_Jacket_INDEX_8	</identifier>
		<parent>	Scene Root	</parent>
		<transform>
			<row0>	0.9418 0.0000 -0.3361 0.0000	</row0>
			<row1>	0.0000 1.0000 0.0000 0.0000	</row1>
			<row2>	0.3361 0.0000 0.9418 0.0000	</row2>
			<row3>	0.1947 0.3131 -1.9572 1.0000	</row3>
		</transform>
	</node>
	<node>
		<identifier>	MP_IM010_Life_Jacket_INDEX_9	</identifier>
		<parent>	Scene Root	</parent>
		<transform>
			<row0>	0.9418 0.0000 0.3361 0.0000	</row0>
			<row1>	0.0000 1.0000 0.0000 0.0000	</row1>
			<row2>	-0.3361 0.0000 0.9418 0.0000	</row2>
			<row3>	-0.1947 0.3131 -1.9572 1.0000	</row3>
		</transform>
	</node>
	<node>
		<identifier>	MP_IM030_Depth_Charge_Double	</identifier>
		<parent>	Scene Root	</parent>
		<transform>
			<row0>	0.0000 0.0000 0.6890 0.0000	</row0>
			<row1>	0.0000 0.6890 0.0000 0.0000	</row1>
			<row2>	-0.6890 0.0000 0.0000 0.0000	</row2>
			<row3>	-0.0565 0.1182 -2.1004 1.0000	</row3>
		</transform>
	</node>
	<node>
		<identifier>	MP_IM030_Depth_Charge_Double_INDEX_1	</identifier>
		<parent>	Scene Root	</parent>
		<transform>
			<row0>	0.6692 0.0000 0.1643 0.0000	</row0>
			<row1>	0.0000 0.6890 0.0000 0.0000	</row1>
			<row2>	-0.1643 0.0000 0.6692 0.0000	</row2>
			<row3>	-0.1023 0.1174 -2.0649 1.0000	</row3>
		</transform>
	</node>
	<node>
		<identifier>	MP_IM030_Depth_Charge_Double_INDEX_2	</identifier>
		<parent>	Scene Root	</parent>
		<transform>
			<row0>	0.0000 0.0000 -0.6890 0.0000	</row0>
			<row1>	0.0000 0.6890 0.0000 0.0000	</row1>
			<row2>	0.6890 0.0000 0.0000 0.0000	</row2>
			<row3>	0.0793 0.1184 -1.7071 1.0000	</row3>
		</transform>
	</node>
	<node>
		<identifier>	MP_IM030_Depth_Charge_Double_INDEX_3	</identifier>
		<parent>	Scene Root	</parent>
		<transform>
			<row0>	0.6890 0.0000 0.0000 0.0000	</row0>
			<row1>	0.0000 0.6890 0.0000 0.0000	</row1>
			<row2>	0.0000 0.0000 0.6890 0.0000	</row2>
			<row3>	-0.0922 0.1182 -1.6855 1.0000	</row3>
		</transform>
	</node>
	<node>
		<identifier>	MP_IM030_Depth_Charge_Double_INDEX_4	</identifier>
		<parent>	Scene Root	</parent>
		<transform>
			<row0>	0.0000 0.0000 -0.6890 0.0000	</row0>
			<row1>	0.0000 0.6890 0.0000 0.0000	</row1>
			<row2>	0.6890 0.0000 0.0000 0.0000	</row2>
			<row3>	0.0195 0.1195 -1.6666 1.0000	</row3>
		</transform>
	</node>
	<node>
		<identifier>	MP_IM030_Depth_Charge_Double_INDEX_5	</identifier>
		<parent>	Scene Root	</parent>
		<transform>
			<row0>	0.0000 0.0000 0.6890 0.0000	</row0>
			<row1>	0.0000 0.6890 0.0000 0.0000	</row1>
			<row2>	-0.6890 0.0000 0.0000 0.0000	</row2>
			<row3>	0.0595 0.1182 -2.1004 1.0000	</row3>
		</transform>
	</node>
	<node>
		<identifier>	MP_IM033_Life_Buoy	</identifier>
		<parent>	Scene Root	</parent>
		<transform>
			<row0>	0.0811 0.0000 0.9967 0.0000	</row0>
			<row1>	0.0000 1.0000 0.0000 0.0000	</row1>
			<row2>	-0.9967 0.0000 0.0811 0.0000	</row2>
			<row3>	0.2158 0.1758 -2.2391 1.0000	</row3>
		</transform>
	</node>
	<node>
		<identifier>	MP_IM033_Life_Buoy_INDEX_1	</identifier>
		<parent>	Scene Root	</parent>
		<transform>
			<row0>	0.0811 0.0000 -0.9967 0.0000	</row0>
			<row1>	0.0000 1.0000 0.0000 0.0000	</row1>
			<row2>	0.9967 0.0000 0.0811 0.0000	</row2>
			<row3>	-0.2158 0.1758 -2.2391 1.0000	</row3>
		</transform>
	</node>
	<node>
		<identifier>	MP_IM620_Telegraph_Engine_L	</identifier>
		<parent>	Scene Root	</parent>
		<transform>
			<row0>	0.0000 0.0000 -0.6755 0.0000	</row0>
			<row1>	0.0000 0.6755 0.0000 0.0000	</row1>
			<row2>	0.6755 0.0000 0.0000 0.0000	</row2>
			<row3>	-0.0793 0.2561 -1.5596 1.0000	</row3>
		</transform>
	</node>
	<node>
		<identifier>	MP_IM621_Telegraph_Engine_R	</identifier>
		<parent>	Scene Root	</parent>
		<transform>
			<row0>	0.0000 0.0000 0.6760 0.0000	</row0>
			<row1>	0.0000 0.6760 0.0000 0.0000	</row1>
			<row2>	-0.6760 0.0000 0.0000 0.0000	</row2>
			<row3>	0.0792 0.2561 -1.5596 1.0000	</row3>
		</transform>
	</node>
	<node>
		<identifier>	MP_IM623_Voice_Tube	</identifier>
		<parent>	Scene Root	</parent>
		<transform>
			<row0>	1.0000 0.0000 0.0000 0.0000	</row0>
			<row1>	0.0000 1.0000 0.0000 0.0000	</row1>
			<row2>	0.0000 0.0000 1.0000 0.0000	</row2>
			<row3>	0.0562 0.2588 -1.5595 1.0000	</row3>
		</transform>
	</node>
	<node>
		<identifier>	MP_IM623_Voice_Tube_INDEX_1	</identifier>
		<parent>	Scene Root	</parent>
		<transform>
			<row0>	1.0000 0.0000 0.0000 0.0000	</row0>
			<row1>	0.0000 1.0000 0.0000 0.0000	</row1>
			<row2>	0.0000 0.0000 1.0000 0.0000	</row2>
			<row3>	-0.0560 0.2588 -1.5595 1.0000	</row3>
		</transform>
	</node>
	<node>
		<identifier>	MP_IM626_Compass_Binnacle	</identifier>
		<parent>	Scene Root	</parent>
		<transform>
			<row0>	1.0000 0.0000 0.0000 0.0000	</row0>
			<row1>	0.0000 1.0000 0.0000 0.0000	</row1>
			<row2>	0.0000 0.0000 1.0000 0.0000	</row2>
			<row3>	-0.0293 0.2575 -1.5801 1.0000	</row3>
		</transform>
	</node>
	<node>
		<identifier>	MP_IM702_Ammunition_Box	</identifier>
		<parent>	Scene Root	</parent>
		<transform>
			<row0>	-0.8947 0.0000 -0.0063 0.0000	</row0>
			<row1>	0.0000 0.8947 0.0000 0.0000	</row1>
			<row2>	0.0063 0.0000 -0.8947 0.0000	</row2>
			<row3>	-0.1263 0.1164 -1.8728 1.0000	</row3>
		</transform>
	</node>
	<node>
		<identifier>	MP_IM750_hatch	</identifier>
		<parent>	Scene Root	</parent>
		<transform>
			<row0>	1.0000 0.0000 0.0000 0.0000	</row0>
			<row1>	0.0000 1.0000 0.0000 0.0000	</row1>
			<row2>	0.0000 0.0000 1.0000 0.0000	</row2>
			<row3>	-0.0798 0.1410 -0.9319 1.0000	</row3>
		</transform>
	</node>
	<node>
		<identifier>	MP_IM750_hatch_INDEX_1	</identifier>
		<parent>	Scene Root	</parent>
		<transform>
			<row0>	1.0000 0.0000 0.0000 0.0000	</row0>
			<row1>	0.0000 1.0000 0.0000 0.0000	</row1>
			<row2>	0.0000 0.0000 1.0000 0.0000	</row2>
			<row3>	-0.0798 0.1390 -1.3923 1.0000	</row3>
		</transform>
	</node>
	<node>
		<identifier>	MP_IM750_hatch_INDEX_2	</identifier>
		<parent>	Scene Root	</parent>
		<transform>
			<row0>	1.0000 0.0000 0.0000 0.0000	</row0>
			<row1>	0.0000 1.0000 0.0000 0.0000	</row1>
			<row2>	0.0000 0.0000 1.0000 0.0000	</row2>
			<row3>	0.0808 0.1417 -0.8099 1.0000	</row3>
		</transform>
	</node>
	<node>
		<identifier>	MP_IM750_hatch_INDEX_3	</identifier>
		<parent>	Scene Root	</parent>
		<transform>
			<row0>	1.0000 0.0000 0.0000 0.0000	</row0>
			<row1>	0.0000 1.0000 0.0000 0.0000	</row1>
			<row2>	0.0000 0.0000 1.0000 0.0000	</row2>
			<row3>	0.0817 0.1410 -0.9319 1.0000	</row3>
		</transform>
	</node>
	<node>
		<identifier>	MP_IM750_hatch_INDEX_4	</identifier>
		<parent>	Scene Root	</parent>
		<transform>
			<row0>	1.0000 0.0000 0.0000 0.0000	</row0>
			<row1>	0.0000 1.0000 0.0000 0.0000	</row1>
			<row2>	0.0000 0.0000 1.0000 0.0000	</row2>
			<row3>	0.0534 0.1165 -2.6273 1.0000	</row3>
		</transform>
	</node>
	<node>
		<identifier>	MP_IM750_hatch_INDEX_5	</identifier>
		<parent>	Scene Root	</parent>
		<transform>
			<row0>	1.0000 0.0000 0.0000 0.0000	</row0>
			<row1>	0.0000 1.0000 0.0000 0.0000	</row1>
			<row2>	0.0000 0.0000 1.0000 0.0000	</row2>
			<row3>	0.0808 0.1417 -0.6006 1.0000	</row3>
		</transform>
	</node>
	<node>
		<identifier>	MP_IM751_hatch	</identifier>
		<parent>	Scene Root	</parent>
		<transform>
			<row0>	0.9995 0.0328 0.0000 0.0000	</row0>
			<row1>	-0.0328 0.9995 -0.0038 0.0000	</row1>
			<row2>	-0.0001 0.0038 1.0000 0.0000	</row2>
			<row3>	-0.0712 0.1403 -1.3167 1.0000	</row3>
		</transform>
	</node>
	<node>
		<identifier>	MP_IM751_hatch_INDEX_1	</identifier>
		<parent>	Scene Root	</parent>
		<transform>
			<row0>	0.9993 -0.0369 0.0000 0.0000	</row0>
			<row1>	0.0369 0.9993 0.0000 0.0000	</row1>
			<row2>	0.0000 0.0000 1.0000 0.0000	</row2>
			<row3>	0.0733 0.1431 -0.3688 1.0000	</row3>
		</transform>
	</node>
	<node>
		<identifier>	MP_IM751_hatch_INDEX_10	</identifier>
		<parent>	Scene Root	</parent>
		<transform>
			<row0>	0.9993 -0.0382 0.0000 0.0000	</row0>
			<row1>	0.0382 0.9993 0.0000 0.0000	</row1>
			<row2>	0.0000 0.0000 1.0000 0.0000	</row2>
			<row3>	0.0733 0.1398 -1.3925 1.0000	</row3>
		</transform>
	</node>
	<node>
		<identifier>	MP_IM751_hatch_INDEX_11	</identifier>
		<parent>	Scene Root	</parent>
		<transform>
			<row0>	0.9995 0.0312 0.0000 0.0000	</row0>
			<row1>	-0.0312 0.9995 0.0000 0.0000	</row1>
			<row2>	0.0000 0.0000 1.0000 0.0000	</row2>
			<row3>	-0.0712 0.1420 -0.6611 1.0000	</row3>
		</transform>
	</node>
	<node>
		<identifier>	MP_IM751_hatch_INDEX_12	</identifier>
		<parent>	Scene Root	</parent>
		<transform>
			<row0>	0.9993 0.0369 0.0000 0.0000	</row0>
			<row1>	-0.0369 0.9993 0.0000 0.0000	</row1>
			<row2>	0.0000 0.0000 1.0000 0.0000	</row2>
			<row3>	-0.0712 0.1432 -0.3688 1.0000	</row3>
		</transform>
	</node>
	<node>
		<identifier>	MP_IM751_hatch_INDEX_13	</identifier>
		<parent>	Scene Root	</parent>
		<transform>
			<row0>	0.9994 -0.0339 0.0000 0.0000	</row0>
			<row1>	0.0339 0.9994 0.0000 0.0000	</row1>
			<row2>	0.0000 0.0000 1.0000 0.0000	</row2>
			<row3>	0.0733 0.1410 -1.0301 1.0000	</row3>
		</transform>
	</node>
	<node>
		<identifier>	MP_IM751_hatch_INDEX_14	</identifier>
		<parent>	Scene Root	</parent>
		<transform>
			<row0>	0.9996 0.0294 0.0000 0.0000	</row0>
			<row1>	-0.0294 0.9996 0.0000 0.0000	</row1>
			<row2>	0.0000 0.0000 1.0000 0.0000	</row2>
			<row3>	-0.0712 0.1415 -0.8712 1.0000	</row3>
		</transform>
	</node>
	<node>
		<identifier>	MP_IM751_hatch_INDEX_2	</identifier>
		<parent>	Scene Root	</parent>
		<transform>
			<row0>	0.9996 0.0294 0.0000 0.0000	</row0>
			<row1>	-0.0294 0.9996 0.0000 0.0000	</row1>
			<row2>	0.0000 0.0000 1.0000 0.0000	</row2>
			<row3>	-0.0712 0.1432 -0.2262 1.0000	</row3>
		</transform>
	</node>
	<node>
		<identifier>	MP_IM751_hatch_INDEX_3	</identifier>
		<parent>	Scene Root	</parent>
		<transform>
			<row0>	0.9995 -0.0312 0.0000 0.0000	</row0>
			<row1>	0.0312 0.9995 0.0000 0.0000	</row1>
			<row2>	0.0000 0.0000 1.0000 0.0000	</row2>
			<row3>	0.0733 0.1420 -0.6611 1.0000	</row3>
		</transform>
	</node>
	<node>
		<identifier>	MP_IM751_hatch_INDEX_4	</identifier>
		<parent>	Scene Root	</parent>
		<transform>
			<row0>	0.9994 -0.0346 0.0000 0.0000	</row0>
			<row1>	0.0346 0.9994 0.0002 0.0000	</row1>
			<row2>	0.0000 -0.0002 1.0000 0.0000	</row2>
			<row3>	0.0733 0.1401 -1.3167 1.0000	</row3>
		</transform>
	</node>
	<node>
		<identifier>	MP_IM751_hatch_INDEX_5	</identifier>
		<parent>	Scene Root	</parent>
		<transform>
			<row0>	0.9994 0.0339 0.0000 0.0000	</row0>
			<row1>	-0.0339 0.9994 0.0000 0.0000	</row1>
			<row2>	0.0000 0.0000 1.0000 0.0000	</row2>
			<row3>	-0.0712 0.1410 -1.0301 1.0000	</row3>
		</transform>
	</node>
	<node>
		<identifier>	MP_IM751_hatch_INDEX_6	</identifier>
		<parent>	Scene Root	</parent>
		<transform>
			<row0>	0.9996 -0.0294 0.0000 0.0000	</row0>
			<row1>	0.0294 0.9996 0.0000 0.0000	</row1>
			<row2>	0.0000 0.0000 1.0000 0.0000	</row2>
			<row3>	0.0733 0.1433 -0.2966 1.0000	</row3>
		</transform>
	</node>
	<node>
		<identifier>	MP_IM751_hatch_INDEX_7	</identifier>
		<parent>	Scene Root	</parent>
		<transform>
			<row0>	0.9996 -0.0294 0.0000 0.0000	</row0>
			<row1>	0.0294 0.9996 0.0000 0.0000	</row1>
			<row2>	0.0000 0.0000 1.0000 0.0000	</row2>
			<row3>	0.0733 0.1415 -0.8712 1.0000	</row3>
		</transform>
	</node>
	<node>
		<identifier>	MP_IM751_hatch_INDEX_8	</identifier>
		<parent>	Scene Root	</parent>
		<transform>
			<row0>	0.8796 0.0000 0.0000 0.0000	</row0>
			<row1>	0.0000 0.8796 0.0000 0.0000	</row1>
			<row2>	0.0000 0.0000 0.8796 0.0000	</row2>
			<row3>	0.0002 0.1186 -2.1789 1.0000	</row3>
		</transform>
	</node>
	<node>
		<identifier>	MP_IM751_hatch_INDEX_9	</identifier>
		<parent>	Scene Root	</parent>
		<transform>
			<row0>	0.9996 0.0294 0.0000 0.0000	</row0>
			<row1>	-0.0294 0.9996 0.0000 0.0000	</row1>
			<row2>	0.0000 0.0000 1.0000 0.0000	</row2>
			<row3>	-0.0712 0.1432 -0.2966 1.0000	</row3>
		</transform>
	</node>
	<node>
		<identifier>	MP_IM864_Stern_Light	</identifier>
		<parent>	Scene Root	</parent>
		<transform>
			<row0>	1.0000 0.0000 0.0000 0.0000	</row0>
			<row1>	0.0000 1.0000 0.0000 0.0000	</row1>
			<row2>	0.0000 0.0000 1.0000 0.0000	</row2>
			<row3>	0.0000 0.1375 -2.9579 1.0000	</row3>
		</transform>
	</node>
	<node>
		<identifier>	MP_IM864_Stern_Light_INDEX_1	</identifier>
		<parent>	Scene Root	</parent>
		<transform>
			<row0>	1.0000 0.0000 0.0000 0.0000	</row0>
			<row1>	0.0000 1.0000 0.0000 0.0000	</row1>
			<row2>	0.0000 0.0000 1.0000 0.0000	</row2>
			<row3>	0.0000 0.1750 -2.9596 1.0000	</row3>
		</transform>
	</node>
</ISD004_Sauro_1928_MidBack.skel_ext>
