<BSB032_Repulse_1941_MidFront.skel_ext>
	<exported>	true	</exported>
	<node>
		<identifier>	MP_BM001_Paravane	</identifier>
		<parent>	Scene Root	</parent>
		<transform>
			<row0>	-0.9992 0.0388 0.0000 0.0000	</row0>
			<row1>	0.0388 0.9992 0.0000 0.0000	</row1>
			<row2>	0.0000 0.0000 -1.0000 0.0000	</row2>
			<row3>	-0.6732 0.5937 0.6320 1.0000	</row3>
		</transform>
	</node>
	<node>
		<identifier>	MP_BM001_Paravane_INDEX_1	</identifier>
		<parent>	Scene Root	</parent>
		<transform>
			<row0>	0.3332 0.0000 0.9429 0.0000	</row0>
			<row1>	0.0000 1.0000 0.0000 0.0000	</row1>
			<row2>	-0.9429 0.0000 0.3332 0.0000	</row2>
			<row3>	0.6497 0.5138 0.7041 1.0000	</row3>
		</transform>
	</node>
	<node>
		<identifier>	MP_BM001_Paravane_INDEX_2	</identifier>
		<parent>	Scene Root	</parent>
		<transform>
			<row0>	0.0000 1.0000 0.0000 0.0000	</row0>
			<row1>	0.9306 0.0000 -0.3661 0.0000	</row1>
			<row2>	-0.3661 0.0000 -0.9306 0.0000	</row2>
			<row3>	0.3248 0.4470 3.9999 1.0000	</row3>
		</transform>
	</node>
	<node>
		<identifier>	MP_BM001_Paravane_INDEX_3	</identifier>
		<parent>	Scene Root	</parent>
		<transform>
			<row0>	0.9807 0.0000 0.1954 0.0000	</row0>
			<row1>	-0.0009 1.0000 0.0046 0.0000	</row1>
			<row2>	-0.1954 -0.0047 0.9807 0.0000	</row2>
			<row3>	0.5217 0.5173 0.6154 1.0000	</row3>
		</transform>
	</node>
	<node>
		<identifier>	MP_BM001_Paravane_INDEX_4	</identifier>
		<parent>	Scene Root	</parent>
		<transform>
			<row0>	0.8935 0.0000 -0.4490 0.0000	</row0>
			<row1>	0.0000 1.0000 0.0000 0.0000	</row1>
			<row2>	0.4490 0.0000 0.8935 0.0000	</row2>
			<row3>	-0.6843 0.5132 0.6668 1.0000	</row3>
		</transform>
	</node>
	<node>
		<identifier>	MP_BM004_Reels	</identifier>
		<parent>	Scene Root	</parent>
		<transform>
			<row0>	0.0000 0.0000 0.8775 0.0000	</row0>
			<row1>	0.0000 0.8775 0.0000 0.0000	</row1>
			<row2>	-0.8775 0.0000 0.0000 0.0000	</row2>
			<row3>	0.6257 0.5782 -0.0468 1.0000	</row3>
		</transform>
	</node>
	<node>
		<identifier>	MP_BM004_Reels_INDEX_1	</identifier>
		<parent>	Scene Root	</parent>
		<transform>
			<row0>	0.0000 0.0000 -0.7196 0.0000	</row0>
			<row1>	-0.0368 0.7187 0.0000 0.0000	</row1>
			<row2>	0.7187 0.0368 0.0000 0.0000	</row2>
			<row3>	-0.4869 0.3681 0.0264 1.0000	</row3>
		</transform>
	</node>
	<node>
		<identifier>	MP_BM004_Reels_INDEX_10	</identifier>
		<parent>	Scene Root	</parent>
		<transform>
			<row0>	0.0000 0.0000 0.8775 0.0000	</row0>
			<row1>	0.0000 0.8775 0.0000 0.0000	</row1>
			<row2>	-0.8775 0.0000 0.0000 0.0000	</row2>
			<row3>	-0.5163 0.5763 0.6325 1.0000	</row3>
		</transform>
	</node>
	<node>
		<identifier>	MP_BM004_Reels_INDEX_11	</identifier>
		<parent>	Scene Root	</parent>
		<transform>
			<row0>	0.0000 0.0000 0.8775 0.0000	</row0>
			<row1>	0.0000 0.8775 0.0000 0.0000	</row1>
			<row2>	-0.8775 0.0000 0.0000 0.0000	</row2>
			<row3>	0.6296 0.5781 0.5263 1.0000	</row3>
		</transform>
	</node>
	<node>
		<identifier>	MP_BM004_Reels_INDEX_2	</identifier>
		<parent>	Scene Root	</parent>
		<transform>
			<row0>	1.2173 0.0000 0.8512 0.0000	</row0>
			<row1>	0.0279 1.4845 -0.0398 0.0000	</row1>
			<row2>	-0.8507 0.0486 1.2166 0.0000	</row2>
			<row3>	0.1911 0.3809 3.7863 1.0000	</row3>
		</transform>
	</node>
	<node>
		<identifier>	MP_BM004_Reels_INDEX_3	</identifier>
		<parent>	Scene Root	</parent>
		<transform>
			<row0>	0.0000 0.0000 -1.0000 0.0000	</row0>
			<row1>	-0.0512 0.9987 0.0000 0.0000	</row1>
			<row2>	0.9987 0.0512 0.0000 0.0000	</row2>
			<row3>	-0.6445 0.3600 0.6125 1.0000	</row3>
		</transform>
	</node>
	<node>
		<identifier>	MP_BM004_Reels_INDEX_4	</identifier>
		<parent>	Scene Root	</parent>
		<transform>
			<row0>	0.0000 0.0000 -0.8775 0.0000	</row0>
			<row1>	0.0000 0.8775 0.0000 0.0000	</row1>
			<row2>	0.8775 0.0000 0.0000 0.0000	</row2>
			<row3>	-0.5801 0.5781 0.0030 1.0000	</row3>
		</transform>
	</node>
	<node>
		<identifier>	MP_BM004_Reels_INDEX_5	</identifier>
		<parent>	Scene Root	</parent>
		<transform>
			<row0>	-0.4819 0.0000 -1.0297 0.0000	</row0>
			<row1>	0.0000 1.1369 0.0000 0.0000	</row1>
			<row2>	1.0297 0.0000 -0.4819 0.0000	</row2>
			<row3>	-0.4860 0.5763 1.7937 1.0000	</row3>
		</transform>
	</node>
	<node>
		<identifier>	MP_BM004_Reels_INDEX_6	</identifier>
		<parent>	Scene Root	</parent>
		<transform>
			<row0>	0.0000 0.0000 0.8775 0.0000	</row0>
			<row1>	0.0000 0.8775 0.0000 0.0000	</row1>
			<row2>	-0.8775 0.0000 0.0000 0.0000	</row2>
			<row3>	0.2757 0.5763 0.3833 1.0000	</row3>
		</transform>
	</node>
	<node>
		<identifier>	MP_BM004_Reels_INDEX_7	</identifier>
		<parent>	Scene Root	</parent>
		<transform>
			<row0>	0.0000 0.0000 1.0000 0.0000	</row0>
			<row1>	0.0512 0.9987 0.0000 0.0000	</row1>
			<row2>	-0.9987 0.0512 0.0000 0.0000	</row2>
			<row3>	0.4877 0.3687 0.7328 1.0000	</row3>
		</transform>
	</node>
	<node>
		<identifier>	MP_BM004_Reels_INDEX_8	</identifier>
		<parent>	Scene Root	</parent>
		<transform>
			<row0>	0.0000 0.0000 1.1369 0.0000	</row0>
			<row1>	0.0000 1.1369 0.0000 0.0000	</row1>
			<row2>	-1.1369 0.0000 0.0000 0.0000	</row2>
			<row3>	0.5492 0.5763 1.7005 1.0000	</row3>
		</transform>
	</node>
	<node>
		<identifier>	MP_BM004_Reels_INDEX_9	</identifier>
		<parent>	Scene Root	</parent>
		<transform>
			<row0>	0.8907 0.0000 -1.1882 0.0000	</row0>
			<row1>	-0.0236 1.4847 -0.0177 0.0000	</row1>
			<row2>	1.1880 0.0295 0.8905 0.0000	</row2>
			<row3>	-0.2779 0.3812 3.8471 1.0000	</row3>
		</transform>
	</node>
	<node>
		<identifier>	MP_BM012_Telpher	</identifier>
		<parent>	Scene Root	</parent>
		<transform>
			<row0>	0.8039 0.0000 -0.5948 0.0000	</row0>
			<row1>	0.0000 1.0000 0.0000 0.0000	</row1>
			<row2>	0.5948 0.0000 0.8039 0.0000	</row2>
			<row3>	0.3469 0.9835 0.9172 1.0000	</row3>
		</transform>
	</node>
	<node>
		<identifier>	MP_BM012_Telpher_INDEX_1	</identifier>
		<parent>	Scene Root	</parent>
		<transform>
			<row0>	0.8039 0.0000 0.5948 0.0000	</row0>
			<row1>	0.0000 1.0000 0.0000 0.0000	</row1>
			<row2>	-0.5948 0.0000 0.8039 0.0000	</row2>
			<row3>	-0.3469 0.9835 0.9172 1.0000	</row3>
		</transform>
	</node>
	<node>
		<identifier>	MP_BM017_Loading_Machine	</identifier>
		<parent>	Scene Root	</parent>
		<transform>
			<row0>	0.8994 0.0000 -0.4371 0.0000	</row0>
			<row1>	0.0000 1.0000 0.0000 0.0000	</row1>
			<row2>	0.4371 0.0000 0.8994 0.0000	</row2>
			<row3>	-0.3436 0.5767 2.0836 1.0000	</row3>
		</transform>
	</node>
	<node>
		<identifier>	MP_BM037_Sounding_Machine	</identifier>
		<parent>	Scene Root	</parent>
		<transform>
			<row0>	1.0000 0.0000 0.0000 0.0000	</row0>
			<row1>	0.0000 1.0000 0.0000 0.0000	</row1>
			<row2>	0.0000 0.0000 1.0000 0.0000	</row2>
			<row3>	-0.5631 0.5783 1.0380 1.0000	</row3>
		</transform>
	</node>
	<node>
		<identifier>	MP_BM037_Sounding_Machine_INDEX_1	</identifier>
		<parent>	Scene Root	</parent>
		<transform>
			<row0>	1.0000 0.0000 0.0000 0.0000	</row0>
			<row1>	0.0000 1.0000 0.0000 0.0000	</row1>
			<row2>	0.0000 0.0000 1.0000 0.0000	</row2>
			<row3>	0.5631 0.5783 1.0380 1.0000	</row3>
		</transform>
	</node>
	<node>
		<identifier>	MP_BM038_Helmets	</identifier>
		<parent>	Scene Root	</parent>
		<transform>
			<row0>	0.5780 0.0000 -0.8161 0.0000	</row0>
			<row1>	0.0000 1.0000 0.0000 0.0000	</row1>
			<row2>	0.8161 0.0000 0.5780 0.0000	</row2>
			<row3>	0.1385 0.8590 -0.1994 1.0000	</row3>
		</transform>
	</node>
	<node>
		<identifier>	MP_BM038_Helmets_INDEX_1	</identifier>
		<parent>	Scene Root	</parent>
		<transform>
			<row0>	-1.0000 0.0000 0.0000 0.0000	</row0>
			<row1>	0.0000 1.0000 0.0000 0.0000	</row1>
			<row2>	0.0000 0.0000 -1.0000 0.0000	</row2>
			<row3>	-0.1265 1.0734 1.2489 1.0000	</row3>
		</transform>
	</node>
	<node>
		<identifier>	MP_BM038_Helmets_INDEX_10	</identifier>
		<parent>	Scene Root	</parent>
		<transform>
			<row0>	1.0000 0.0000 0.0000 0.0000	</row0>
			<row1>	0.0000 1.0000 0.0000 0.0000	</row1>
			<row2>	0.0000 0.0000 1.0000 0.0000	</row2>
			<row3>	0.5679 0.8497 0.4788 1.0000	</row3>
		</transform>
	</node>
	<node>
		<identifier>	MP_BM038_Helmets_INDEX_11	</identifier>
		<parent>	Scene Root	</parent>
		<transform>
			<row0>	0.4245 0.0000 -0.9054 0.0000	</row0>
			<row1>	0.0000 1.0000 0.0000 0.0000	</row1>
			<row2>	0.9054 0.0000 0.4245 0.0000	</row2>
			<row3>	0.1864 0.6016 2.2647 1.0000	</row3>
		</transform>
	</node>
	<node>
		<identifier>	MP_BM038_Helmets_INDEX_12	</identifier>
		<parent>	Scene Root	</parent>
		<transform>
			<row0>	0.0000 0.0000 1.0000 0.0000	</row0>
			<row1>	0.0000 1.0000 0.0000 0.0000	</row1>
			<row2>	-1.0000 0.0000 0.0000 0.0000	</row2>
			<row3>	-0.3585 0.8938 1.2972 1.0000	</row3>
		</transform>
	</node>
	<node>
		<identifier>	MP_BM038_Helmets_INDEX_13	</identifier>
		<parent>	Scene Root	</parent>
		<transform>
			<row0>	-0.8916 0.0000 0.4529 0.0000	</row0>
			<row1>	0.0000 1.0000 0.0000 0.0000	</row1>
			<row2>	-0.4529 0.0000 -0.8916 0.0000	</row2>
			<row3>	0.8637 0.3928 1.0953 1.0000	</row3>
		</transform>
	</node>
	<node>
		<identifier>	MP_BM038_Helmets_INDEX_2	</identifier>
		<parent>	Scene Root	</parent>
		<transform>
			<row0>	0.5632 0.0000 -0.8263 0.0000	</row0>
			<row1>	0.0000 1.0000 0.0000 0.0000	</row1>
			<row2>	0.8263 0.0000 0.5632 0.0000	</row2>
			<row3>	0.3397 0.8938 1.5389 1.0000	</row3>
		</transform>
	</node>
	<node>
		<identifier>	MP_BM038_Helmets_INDEX_3	</identifier>
		<parent>	Scene Root	</parent>
		<transform>
			<row0>	0.5780 0.0000 0.8161 0.0000	</row0>
			<row1>	0.0000 1.0000 0.0000 0.0000	</row1>
			<row2>	-0.8161 0.0000 0.5780 0.0000	</row2>
			<row3>	-0.1385 0.8590 -0.1994 1.0000	</row3>
		</transform>
	</node>
	<node>
		<identifier>	MP_BM038_Helmets_INDEX_4	</identifier>
		<parent>	Scene Root	</parent>
		<transform>
			<row0>	0.5632 0.0000 0.8263 0.0000	</row0>
			<row1>	0.0000 1.0000 0.0000 0.0000	</row1>
			<row2>	-0.8263 0.0000 0.5632 0.0000	</row2>
			<row3>	-0.3329 0.8938 1.5343 1.0000	</row3>
		</transform>
	</node>
	<node>
		<identifier>	MP_BM038_Helmets_INDEX_5	</identifier>
		<parent>	Scene Root	</parent>
		<transform>
			<row0>	0.0000 0.0000 -1.0000 0.0000	</row0>
			<row1>	0.0000 1.0000 0.0000 0.0000	</row1>
			<row2>	1.0000 0.0000 0.0000 0.0000	</row2>
			<row3>	0.3585 0.8938 1.2972 1.0000	</row3>
		</transform>
	</node>
	<node>
		<identifier>	MP_BM038_Helmets_INDEX_6	</identifier>
		<parent>	Scene Root	</parent>
		<transform>
			<row0>	-1.0000 0.0000 0.0000 0.0000	</row0>
			<row1>	0.0000 1.0000 0.0000 0.0000	</row1>
			<row2>	0.0000 0.0000 -1.0000 0.0000	</row2>
			<row3>	-0.0844 1.0734 1.2489 1.0000	</row3>
		</transform>
	</node>
	<node>
		<identifier>	MP_BM038_Helmets_INDEX_7	</identifier>
		<parent>	Scene Root	</parent>
		<transform>
			<row0>	1.0000 0.0000 0.0000 0.0000	</row0>
			<row1>	0.0000 1.0000 0.0000 0.0000	</row1>
			<row2>	0.0000 0.0000 1.0000 0.0000	</row2>
			<row3>	-0.5679 0.8497 0.4788 1.0000	</row3>
		</transform>
	</node>
	<node>
		<identifier>	MP_BM038_Helmets_INDEX_8	</identifier>
		<parent>	Scene Root	</parent>
		<transform>
			<row0>	0.4245 0.0000 0.9054 0.0000	</row0>
			<row1>	0.0000 1.0000 0.0000 0.0000	</row1>
			<row2>	-0.9054 0.0000 0.4245 0.0000	</row2>
			<row3>	-0.1611 0.6016 2.3187 1.0000	</row3>
		</transform>
	</node>
	<node>
		<identifier>	MP_BM038_Helmets_INDEX_9	</identifier>
		<parent>	Scene Root	</parent>
		<transform>
			<row0>	-0.8916 0.0000 -0.4529 0.0000	</row0>
			<row1>	0.0000 1.0000 0.0000 0.0000	</row1>
			<row2>	0.4529 0.0000 -0.8916 0.0000	</row2>
			<row3>	-0.8637 0.3928 1.0953 1.0000	</row3>
		</transform>
	</node>
	<node>
		<identifier>	MP_BM118_Bench	</identifier>
		<parent>	Scene Root	</parent>
		<transform>
			<row0>	-0.2545 0.0000 0.9671 0.0000	</row0>
			<row1>	0.0000 1.0000 0.0000 0.0000	</row1>
			<row2>	-0.9671 0.0000 -0.2545 0.0000	</row2>
			<row3>	0.0678 0.5783 2.6985 1.0000	</row3>
		</transform>
	</node>
	<node>
		<identifier>	MP_BM118_Bench_INDEX_1	</identifier>
		<parent>	Scene Root	</parent>
		<transform>
			<row0>	0.8811 0.0000 0.4730 0.0000	</row0>
			<row1>	0.0000 1.0000 0.0000 0.0000	</row1>
			<row2>	-0.4730 0.0000 0.8811 0.0000	</row2>
			<row3>	-0.2907 0.5783 2.6143 1.0000	</row3>
		</transform>
	</node>
	<node>
		<identifier>	MP_BM118_Bench_INDEX_2	</identifier>
		<parent>	Scene Root	</parent>
		<transform>
			<row0>	-0.8392 0.0000 -0.5438 0.0000	</row0>
			<row1>	0.0000 1.0000 0.0000 0.0000	</row1>
			<row2>	0.5438 0.0000 -0.8392 0.0000	</row2>
			<row3>	0.4855 0.5783 2.5779 1.0000	</row3>
		</transform>
	</node>
	<node>
		<identifier>	MP_BM118_Bench_INDEX_3	</identifier>
		<parent>	Scene Root	</parent>
		<transform>
			<row0>	-1.0000 0.0000 -0.0062 0.0000	</row0>
			<row1>	0.0000 1.0000 0.0000 0.0000	</row1>
			<row2>	0.0062 0.0000 -1.0000 0.0000	</row2>
			<row3>	-0.5041 0.5783 1.0627 1.0000	</row3>
		</transform>
	</node>
	<node>
		<identifier>	MP_BM118_Bench_INDEX_4	</identifier>
		<parent>	Scene Root	</parent>
		<transform>
			<row0>	-0.9245 0.0000 -0.3813 0.0000	</row0>
			<row1>	0.0000 1.0000 0.0000 0.0000	</row1>
			<row2>	0.3813 0.0000 -0.9245 0.0000	</row2>
			<row3>	0.1995 0.5783 1.9928 1.0000	</row3>
		</transform>
	</node>
	<node>
		<identifier>	MP_BM118_Bench_INDEX_5	</identifier>
		<parent>	Scene Root	</parent>
		<transform>
			<row0>	0.8081 0.0000 0.5890 0.0000	</row0>
			<row1>	0.0000 1.0000 0.0000 0.0000	</row1>
			<row2>	-0.5890 0.0000 0.8081 0.0000	</row2>
			<row3>	-0.3007 0.5783 2.8346 1.0000	</row3>
		</transform>
	</node>
	<node>
		<identifier>	MP_BM118_Bench_INDEX_6	</identifier>
		<parent>	Scene Root	</parent>
		<transform>
			<row0>	-0.9466 0.0000 0.3224 0.0000	</row0>
			<row1>	0.0000 1.0000 0.0000 0.0000	</row1>
			<row2>	-0.3224 0.0000 -0.9466 0.0000	</row2>
			<row3>	0.1886 0.5783 2.5847 1.0000	</row3>
		</transform>
	</node>
	<node>
		<identifier>	MP_BM118_Bench_INDEX_7	</identifier>
		<parent>	Scene Root	</parent>
		<transform>
			<row0>	-0.8990 0.0000 -0.4380 0.0000	</row0>
			<row1>	0.0000 1.0000 0.0000 0.0000	</row1>
			<row2>	0.4380 0.0000 -0.8990 0.0000	</row2>
			<row3>	0.4114 0.5783 1.6059 1.0000	</row3>
		</transform>
	</node>
	<node>
		<identifier>	MP_BM118_Bench_INDEX_8	</identifier>
		<parent>	Scene Root	</parent>
		<transform>
			<row0>	0.9115 0.0000 -0.4113 0.0000	</row0>
			<row1>	0.0000 1.0000 0.0000 0.0000	</row1>
			<row2>	0.4113 0.0000 0.9115 0.0000	</row2>
			<row3>	-0.4823 0.5783 2.5383 1.0000	</row3>
		</transform>
	</node>
	<node>
		<identifier>	MP_BM121_Crest_Repulse	</identifier>
		<parent>	Scene Root	</parent>
		<transform>
			<row0>	1.0000 0.0000 0.0000 0.0000	</row0>
			<row1>	0.0000 1.0000 0.0000 0.0000	</row1>
			<row2>	0.0000 0.0000 1.0000 0.0000	</row2>
			<row3>	0.0000 1.3834 1.9092 1.0000	</row3>
		</transform>
	</node>
	<node>
		<identifier>	MP_BM500_GIG_30ft	</identifier>
		<parent>	Scene Root	</parent>
		<transform>
			<row0>	0.9962 0.0000 -0.0873 0.0000	</row0>
			<row1>	0.0000 1.0000 0.0000 0.0000	</row1>
			<row2>	0.0873 0.0000 0.9962 0.0000	</row2>
			<row3>	0.2130 0.9902 -0.8769 1.0000	</row3>
		</transform>
	</node>
	<node>
		<identifier>	MP_BM500_GIG_30ft_INDEX_1	</identifier>
		<parent>	Scene Root	</parent>
		<transform>
			<row0>	1.0000 0.0000 0.0000 0.0000	</row0>
			<row1>	0.0000 1.0000 0.0000 0.0000	</row1>
			<row2>	0.0000 0.0000 1.0000 0.0000	</row2>
			<row3>	-0.8179 0.5949 -0.6383 1.0000	</row3>
		</transform>
	</node>
	<node>
		<identifier>	MP_BM500_GIG_30ft_INDEX_2	</identifier>
		<parent>	Scene Root	</parent>
		<transform>
			<row0>	1.0000 0.0000 0.0000 0.0000	</row0>
			<row1>	0.0000 1.0000 0.0000 0.0000	</row1>
			<row2>	0.0000 0.0000 1.0000 0.0000	</row2>
			<row3>	0.8179 0.5949 -0.6383 1.0000	</row3>
		</transform>
	</node>
	<node>
		<identifier>	MP_BM500_GIG_30ft_INDEX_3	</identifier>
		<parent>	Scene Root	</parent>
		<transform>
			<row0>	1.0000 0.0000 0.0000 0.0000	</row0>
			<row1>	0.0000 1.0000 0.0000 0.0000	</row1>
			<row2>	0.0000 0.0000 1.0000 0.0000	</row2>
			<row3>	0.8166 0.4552 0.2227 1.0000	</row3>
		</transform>
	</node>
	<node>
		<identifier>	MP_BM500_GIG_30ft_INDEX_4	</identifier>
		<parent>	Scene Root	</parent>
		<transform>
			<row0>	1.0000 0.0000 0.0000 0.0000	</row0>
			<row1>	0.0000 1.0000 0.0000 0.0000	</row1>
			<row2>	0.0000 0.0000 1.0000 0.0000	</row2>
			<row3>	-0.8166 0.4552 0.2227 1.0000	</row3>
		</transform>
	</node>
	<node>
		<identifier>	MP_BM502_Pinnace_45ft	</identifier>
		<parent>	Scene Root	</parent>
		<transform>
			<row0>	0.9962 0.0000 -0.0873 0.0000	</row0>
			<row1>	0.0000 1.0000 0.0000 0.0000	</row1>
			<row2>	0.0873 0.0000 0.9962 0.0000	</row2>
			<row3>	0.2130 0.8830 -0.8769 1.0000	</row3>
		</transform>
	</node>
	<node>
		<identifier>	MP_BM504_Motor_Boat_45ft	</identifier>
		<parent>	Scene Root	</parent>
		<transform>
			<row0>	0.9979 0.0000 -0.0652 0.0000	</row0>
			<row1>	0.0000 1.0000 0.0000 0.0000	</row1>
			<row2>	0.0652 0.0000 0.9979 0.0000	</row2>
			<row3>	-0.4755 0.8134 -0.6530 1.0000	</row3>
		</transform>
	</node>
	<node>
		<identifier>	MP_BM504_Motor_Boat_45ft_INDEX_1	</identifier>
		<parent>	Scene Root	</parent>
		<transform>
			<row0>	0.9982 0.0000 0.0597 0.0000	</row0>
			<row1>	0.0000 1.0000 0.0000 0.0000	</row1>
			<row2>	-0.0597 0.0000 0.9982 0.0000	</row2>
			<row3>	-0.2385 0.8801 -0.8544 1.0000	</row3>
		</transform>
	</node>
	<node>
		<identifier>	MP_BM504_Motor_Boat_45ft_INDEX_2	</identifier>
		<parent>	Scene Root	</parent>
		<transform>
			<row0>	0.9979 0.0000 0.0652 0.0000	</row0>
			<row1>	0.0000 1.0000 0.0000 0.0000	</row1>
			<row2>	-0.0652 0.0000 0.9979 0.0000	</row2>
			<row3>	0.4755 0.8134 -0.6530 1.0000	</row3>
		</transform>
	</node>
	<node>
		<identifier>	MP_BM512_Liferaft_type_18_14ft	</identifier>
		<parent>	Scene Root	</parent>
		<transform>
			<row0>	0.0000 -0.8500 0.0000 0.0000	</row0>
			<row1>	-0.3952 0.0000 -0.7525 0.0000	</row1>
			<row2>	0.7525 0.0000 -0.3952 0.0000	</row2>
			<row3>	-0.7161 0.6532 0.5302 1.0000	</row3>
		</transform>
	</node>
	<node>
		<identifier>	MP_BM512_Liferaft_type_18_14ft_INDEX_1	</identifier>
		<parent>	Scene Root	</parent>
		<transform>
			<row0>	-0.3569 0.0000 -0.7714 0.0000	</row0>
			<row1>	-0.7714 0.0000 0.3569 0.0000	</row1>
			<row2>	0.0000 0.8500 0.0000 0.0000	</row2>
			<row3>	-0.5717 0.7679 1.4330 1.0000	</row3>
		</transform>
	</node>
	<node>
		<identifier>	MP_BM512_Liferaft_type_18_14ft_INDEX_2	</identifier>
		<parent>	Scene Root	</parent>
		<transform>
			<row0>	0.0000 0.8500 0.0000 0.0000	</row0>
			<row1>	0.3952 0.0000 -0.7525 0.0000	</row1>
			<row2>	-0.7525 0.0000 -0.3952 0.0000	</row2>
			<row3>	0.7160 0.6532 0.5304 1.0000	</row3>
		</transform>
	</node>
	<node>
		<identifier>	MP_BM512_Liferaft_type_18_14ft_INDEX_3	</identifier>
		<parent>	Scene Root	</parent>
		<transform>
			<row0>	0.0000 -0.8500 0.0000 0.0000	</row0>
			<row1>	0.8500 0.0000 0.0000 0.0000	</row1>
			<row2>	0.0000 0.0000 0.8500 0.0000	</row2>
			<row3>	0.6062 0.6725 0.8765 1.0000	</row3>
		</transform>
	</node>
	<node>
		<identifier>	MP_BM512_Liferaft_type_18_14ft_INDEX_4	</identifier>
		<parent>	Scene Root	</parent>
		<transform>
			<row0>	-0.0993 -0.8429 -0.0461 0.0000	</row0>
			<row1>	0.7642 -0.1094 0.3558 0.0000	</row1>
			<row2>	-0.3587 0.0001 0.7706 0.0000	</row2>
			<row3>	0.4117 0.7866 1.7973 1.0000	</row3>
		</transform>
	</node>
	<node>
		<identifier>	MP_BM512_Liferaft_type_18_14ft_INDEX_5	</identifier>
		<parent>	Scene Root	</parent>
		<transform>
			<row0>	-0.3569 0.0000 0.7714 0.0000	</row0>
			<row1>	0.7714 0.0000 0.3569 0.0000	</row1>
			<row2>	0.0000 0.8500 0.0000 0.0000	</row2>
			<row3>	0.5717 0.7679 1.4330 1.0000	</row3>
		</transform>
	</node>
	<node>
		<identifier>	MP_BM512_Liferaft_type_18_14ft_INDEX_6	</identifier>
		<parent>	Scene Root	</parent>
		<transform>
			<row0>	0.0000 0.8500 0.0000 0.0000	</row0>
			<row1>	-0.8500 0.0000 0.0000 0.0000	</row1>
			<row2>	0.0000 0.0000 0.8500 0.0000	</row2>
			<row3>	-0.6062 0.6725 0.8765 1.0000	</row3>
		</transform>
	</node>
	<node>
		<identifier>	MP_BM512_Liferaft_type_18_14ft_INDEX_7	</identifier>
		<parent>	Scene Root	</parent>
		<transform>
			<row0>	-0.0993 0.8429 0.0461 0.0000	</row0>
			<row1>	-0.7642 -0.1094 0.3558 0.0000	</row1>
			<row2>	0.3587 0.0001 0.7706 0.0000	</row2>
			<row3>	-0.4117 0.7866 1.7973 1.0000	</row3>
		</transform>
	</node>
	<node>
		<identifier>	MP_BM519_Motor_Whaler_27ft	</identifier>
		<parent>	Scene Root	</parent>
		<transform>
			<row0>	1.0000 0.0000 0.0000 0.0000	</row0>
			<row1>	0.0000 1.0000 0.0000 0.0000	</row1>
			<row2>	0.0000 0.0000 1.0000 0.0000	</row2>
			<row3>	-0.8179 0.6505 -0.6060 1.0000	</row3>
		</transform>
	</node>
	<node>
		<identifier>	MP_BM519_Motor_Whaler_27ft_INDEX_1	</identifier>
		<parent>	Scene Root	</parent>
		<transform>
			<row0>	1.0000 0.0000 0.0000 0.0000	</row0>
			<row1>	0.0000 1.0000 0.0000 0.0000	</row1>
			<row2>	0.0000 0.0000 1.0000 0.0000	</row2>
			<row3>	0.8179 0.6505 -0.6060 1.0000	</row3>
		</transform>
	</node>
	<node>
		<identifier>	MP_BM521_Motor_Cutter_35ft	</identifier>
		<parent>	Scene Root	</parent>
		<transform>
			<row0>	1.0000 0.0000 0.0000 0.0000	</row0>
			<row1>	0.0000 1.0000 0.0000 0.0000	</row1>
			<row2>	0.0000 0.0000 1.0000 0.0000	</row2>
			<row3>	-0.0221 0.8067 -1.0161 1.0000	</row3>
		</transform>
	</node>
	<node>
		<identifier>	MP_BM528_Dinghy_16ft	</identifier>
		<parent>	Scene Root	</parent>
		<transform>
			<row0>	0.9962 0.0000 -0.0873 0.0000	</row0>
			<row1>	0.0000 1.0000 0.0000 0.0000	</row1>
			<row2>	0.0873 0.0000 0.9962 0.0000	</row2>
			<row3>	0.2130 1.0408 -0.8769 1.0000	</row3>
		</transform>
	</node>
	<node>
		<identifier>	MP_BM528_Dinghy_16ft_INDEX_1	</identifier>
		<parent>	Scene Root	</parent>
		<transform>
			<row0>	-0.5776 0.0000 -0.8163 0.0000	</row0>
			<row1>	0.0000 1.0000 0.0000 0.0000	</row1>
			<row2>	0.8163 0.0000 -0.5776 0.0000	</row2>
			<row3>	0.4921 0.8101 0.0942 1.0000	</row3>
		</transform>
	</node>
	<node>
		<identifier>	MP_BM600_Sky_lookout	</identifier>
		<parent>	Scene Root	</parent>
		<transform>
			<row0>	-1.0000 0.0000 0.0000 0.0000	</row0>
			<row1>	0.0000 1.0000 0.0000 0.0000	</row1>
			<row2>	0.0000 0.0000 -1.0000 0.0000	</row2>
			<row3>	0.1147 2.3081 1.6765 1.0000	</row3>
		</transform>
	</node>
	<node>
		<identifier>	MP_BM600_Sky_lookout_INDEX_1	</identifier>
		<parent>	Scene Root	</parent>
		<transform>
			<row0>	0.0000 0.0000 -1.0000 0.0000	</row0>
			<row1>	0.0000 1.0000 0.0000 0.0000	</row1>
			<row2>	1.0000 0.0000 0.0000 0.0000	</row2>
			<row3>	0.0461 2.3081 1.7800 1.0000	</row3>
		</transform>
	</node>
	<node>
		<identifier>	MP_BM600_Sky_lookout_INDEX_2	</identifier>
		<parent>	Scene Root	</parent>
		<transform>
			<row0>	1.0000 0.0000 0.0000 0.0000	</row0>
			<row1>	0.0000 1.0000 0.0000 0.0000	</row1>
			<row2>	0.0000 0.0000 1.0000 0.0000	</row2>
			<row3>	-0.1147 2.3081 1.5946 1.0000	</row3>
		</transform>
	</node>
	<node>
		<identifier>	MP_BM600_Sky_lookout_INDEX_3	</identifier>
		<parent>	Scene Root	</parent>
		<transform>
			<row0>	0.0000 0.0000 -1.0000 0.0000	</row0>
			<row1>	0.0000 1.0000 0.0000 0.0000	</row1>
			<row2>	1.0000 0.0000 0.0000 0.0000	</row2>
			<row3>	-0.0461 2.3081 1.7800 1.0000	</row3>
		</transform>
	</node>
	<node>
		<identifier>	MP_BM600_Sky_lookout_INDEX_4	</identifier>
		<parent>	Scene Root	</parent>
		<transform>
			<row0>	0.0000 0.0000 1.0000 0.0000	</row0>
			<row1>	0.0000 1.0000 0.0000 0.0000	</row1>
			<row2>	-1.0000 0.0000 0.0000 0.0000	</row2>
			<row3>	0.0539 2.3081 1.4867 1.0000	</row3>
		</transform>
	</node>
	<node>
		<identifier>	MP_BM600_Sky_lookout_INDEX_5	</identifier>
		<parent>	Scene Root	</parent>
		<transform>
			<row0>	0.0000 0.0000 1.0000 0.0000	</row0>
			<row1>	0.0000 1.0000 0.0000 0.0000	</row1>
			<row2>	-1.0000 0.0000 0.0000 0.0000	</row2>
			<row3>	-0.0539 2.3081 1.4867 1.0000	</row3>
		</transform>
	</node>
	<node>
		<identifier>	MP_BM600_Sky_lookout_INDEX_6	</identifier>
		<parent>	Scene Root	</parent>
		<transform>
			<row0>	-1.0000 0.0000 0.0000 0.0000	</row0>
			<row1>	0.0000 1.0000 0.0000 0.0000	</row1>
			<row2>	0.0000 0.0000 -1.0000 0.0000	</row2>
			<row3>	0.1147 2.3081 1.5946 1.0000	</row3>
		</transform>
	</node>
	<node>
		<identifier>	MP_BM600_Sky_lookout_INDEX_7	</identifier>
		<parent>	Scene Root	</parent>
		<transform>
			<row0>	1.0000 0.0000 0.0000 0.0000	</row0>
			<row1>	0.0000 1.0000 0.0000 0.0000	</row1>
			<row2>	0.0000 0.0000 1.0000 0.0000	</row2>
			<row3>	-0.1147 2.3081 1.6765 1.0000	</row3>
		</transform>
	</node>
	<node>
		<identifier>	MP_BM602_Pelorus	</identifier>
		<parent>	Scene Root	</parent>
		<transform>
			<row0>	1.0000 0.0000 0.0000 0.0000	</row0>
			<row1>	0.0000 1.0000 0.0000 0.0000	</row1>
			<row2>	0.0000 0.0000 1.0000 0.0000	</row2>
			<row3>	0.0000 1.3910 1.8557 1.0000	</row3>
		</transform>
	</node>
	<node>
		<identifier>	MP_BM603_Compass_Binnacle	</identifier>
		<parent>	Scene Root	</parent>
		<transform>
			<row0>	1.0000 0.0000 0.0000 0.0000	</row0>
			<row1>	0.0000 1.0000 0.0000 0.0000	</row1>
			<row2>	0.0000 0.0000 1.0000 0.0000	</row2>
			<row3>	0.0000 1.4763 1.3718 1.0000	</row3>
		</transform>
	</node>
	<node>
		<identifier>	MP_BM603_Compass_Binnacle_INDEX_1	</identifier>
		<parent>	Scene Root	</parent>
		<transform>
			<row0>	1.0000 0.0000 0.0000 0.0000	</row0>
			<row1>	0.0000 1.0000 0.0000 0.0000	</row1>
			<row2>	0.0000 0.0000 1.0000 0.0000	</row2>
			<row3>	0.0000 1.3897 1.8027 1.0000	</row3>
		</transform>
	</node>
	<node>
		<identifier>	MP_BM605_Captain_sight	</identifier>
		<parent>	Scene Root	</parent>
		<transform>
			<row0>	0.4943 0.0000 0.8693 0.0000	</row0>
			<row1>	0.0000 1.0000 0.0000 0.0000	</row1>
			<row2>	-0.8693 0.0000 0.4943 0.0000	</row2>
			<row3>	-0.1276 1.3779 1.6988 1.0000	</row3>
		</transform>
	</node>
	<node>
		<identifier>	MP_BM605_Captain_sight_INDEX_1	</identifier>
		<parent>	Scene Root	</parent>
		<transform>
			<row0>	0.4943 0.0000 -0.8693 0.0000	</row0>
			<row1>	0.0000 1.0000 0.0000 0.0000	</row1>
			<row2>	0.8693 0.0000 0.4943 0.0000	</row2>
			<row3>	0.1276 1.3779 1.6988 1.0000	</row3>
		</transform>
	</node>
	<node>
		<identifier>	MP_BM606_Searchlight_sight	</identifier>
		<parent>	Scene Root	</parent>
		<transform>
			<row0>	0.0000 0.0000 -1.0000 0.0000	</row0>
			<row1>	0.0000 1.0000 0.0000 0.0000	</row1>
			<row2>	1.0000 0.0000 0.0000 0.0000	</row2>
			<row3>	0.3041 1.3324 1.4683 1.0000	</row3>
		</transform>
	</node>
	<node>
		<identifier>	MP_BM606_Searchlight_sight_INDEX_1	</identifier>
		<parent>	Scene Root	</parent>
		<transform>
			<row0>	0.0000 0.0000 1.0000 0.0000	</row0>
			<row1>	0.0000 1.0000 0.0000 0.0000	</row1>
			<row2>	-1.0000 0.0000 0.0000 0.0000	</row2>
			<row3>	-0.3458 1.3323 1.3470 1.0000	</row3>
		</transform>
	</node>
	<node>
		<identifier>	MP_BM606_Searchlight_sight_INDEX_2	</identifier>
		<parent>	Scene Root	</parent>
		<transform>
			<row0>	0.0000 0.0000 1.0000 0.0000	</row0>
			<row1>	0.0000 1.0000 0.0000 0.0000	</row1>
			<row2>	-1.0000 0.0000 0.0000 0.0000	</row2>
			<row3>	-0.3041 1.3323 1.4683 1.0000	</row3>
		</transform>
	</node>
	<node>
		<identifier>	MP_BM606_Searchlight_sight_INDEX_3	</identifier>
		<parent>	Scene Root	</parent>
		<transform>
			<row0>	0.0000 0.0000 -1.0000 0.0000	</row0>
			<row1>	0.0000 1.0000 0.0000 0.0000	</row1>
			<row2>	1.0000 0.0000 0.0000 0.0000	</row2>
			<row3>	0.3458 1.3320 1.3470 1.0000	</row3>
		</transform>
	</node>
	<node>
		<identifier>	MP_BM608_Compass_repeater	</identifier>
		<parent>	Scene Root	</parent>
		<transform>
			<row0>	0.0000 0.0000 1.0000 0.0000	</row0>
			<row1>	0.0000 1.0000 0.0000 0.0000	</row1>
			<row2>	-1.0000 0.0000 0.0000 0.0000	</row2>
			<row3>	0.1135 2.2227 1.5929 1.0000	</row3>
		</transform>
	</node>
	<node>
		<identifier>	MP_BM608_Compass_repeater_INDEX_1	</identifier>
		<parent>	Scene Root	</parent>
		<transform>
			<row0>	-0.5540 0.0000 0.8325 0.0000	</row0>
			<row1>	0.0000 1.0000 0.0000 0.0000	</row1>
			<row2>	-0.8325 0.0000 -0.5540 0.0000	</row2>
			<row3>	0.1212 1.4745 1.7712 1.0000	</row3>
		</transform>
	</node>
	<node>
		<identifier>	MP_BM608_Compass_repeater_INDEX_2	</identifier>
		<parent>	Scene Root	</parent>
		<transform>
			<row0>	-0.5540 0.0000 -0.8325 0.0000	</row0>
			<row1>	0.0000 1.0000 0.0000 0.0000	</row1>
			<row2>	0.8325 0.0000 -0.5540 0.0000	</row2>
			<row3>	-0.1212 1.4745 1.7712 1.0000	</row3>
		</transform>
	</node>
	<node>
		<identifier>	MP_BM608_Compass_repeater_INDEX_3	</identifier>
		<parent>	Scene Root	</parent>
		<transform>
			<row0>	0.0000 0.0000 -1.0000 0.0000	</row0>
			<row1>	0.0000 1.0000 0.0000 0.0000	</row1>
			<row2>	1.0000 0.0000 0.0000 0.0000	</row2>
			<row3>	-0.1135 2.2227 1.5354 1.0000	</row3>
		</transform>
	</node>
	<node>
		<identifier>	MP_BM608_Compass_repeater_INDEX_4	</identifier>
		<parent>	Scene Root	</parent>
		<transform>
			<row0>	0.0000 0.0000 -1.0000 0.0000	</row0>
			<row1>	0.0000 1.0000 0.0000 0.0000	</row1>
			<row2>	1.0000 0.0000 0.0000 0.0000	</row2>
			<row3>	-0.1135 2.2227 1.5929 1.0000	</row3>
		</transform>
	</node>
	<node>
		<identifier>	MP_BM608_Compass_repeater_INDEX_5	</identifier>
		<parent>	Scene Root	</parent>
		<transform>
			<row0>	0.0000 0.0000 1.0000 0.0000	</row0>
			<row1>	0.0000 1.0000 0.0000 0.0000	</row1>
			<row2>	-1.0000 0.0000 0.0000 0.0000	</row2>
			<row3>	0.1135 2.2227 1.5354 1.0000	</row3>
		</transform>
	</node>
	<node>
		<identifier>	MP_BM611_Telephone	</identifier>
		<parent>	Scene Root	</parent>
		<transform>
			<row0>	0.5239 0.0000 0.8518 0.0000	</row0>
			<row1>	0.0000 1.0000 0.0000 0.0000	</row1>
			<row2>	-0.8518 0.0000 0.5239 0.0000	</row2>
			<row3>	-0.1090 1.4642 1.7905 1.0000	</row3>
		</transform>
	</node>
	<node>
		<identifier>	MP_BM611_Telephone_INDEX_1	</identifier>
		<parent>	Scene Root	</parent>
		<transform>
			<row0>	1.0000 0.0000 0.0000 0.0000	</row0>
			<row1>	0.0000 1.0000 0.0000 0.0000	</row1>
			<row2>	0.0000 0.0000 1.0000 0.0000	</row2>
			<row3>	0.0227 2.2204 1.7757 1.0000	</row3>
		</transform>
	</node>
	<node>
		<identifier>	MP_BM611_Telephone_INDEX_2	</identifier>
		<parent>	Scene Root	</parent>
		<transform>
			<row0>	0.5239 0.0000 -0.8518 0.0000	</row0>
			<row1>	0.0000 1.0000 0.0000 0.0000	</row1>
			<row2>	0.8518 0.0000 0.5239 0.0000	</row2>
			<row3>	0.1090 1.4642 1.7905 1.0000	</row3>
		</transform>
	</node>
	<node>
		<identifier>	MP_BM611_Telephone_INDEX_3	</identifier>
		<parent>	Scene Root	</parent>
		<transform>
			<row0>	0.4540 0.0000 0.8910 0.0000	</row0>
			<row1>	0.0000 1.0000 0.0000 0.0000	</row1>
			<row2>	-0.8910 0.0000 0.4540 0.0000	</row2>
			<row3>	0.1344 0.9466 2.1075 1.0000	</row3>
		</transform>
	</node>
	<node>
		<identifier>	MP_BM611_Telephone_INDEX_4	</identifier>
		<parent>	Scene Root	</parent>
		<transform>
			<row0>	1.0000 0.0000 0.0000 0.0000	</row0>
			<row1>	0.0000 1.0000 0.0000 0.0000	</row1>
			<row2>	0.0000 0.0000 1.0000 0.0000	</row2>
			<row3>	-0.0289 2.2204 1.7757 1.0000	</row3>
		</transform>
	</node>
	<node>
		<identifier>	MP_BM611_Telephone_INDEX_5	</identifier>
		<parent>	Scene Root	</parent>
		<transform>
			<row0>	0.4540 0.0000 -0.8910 0.0000	</row0>
			<row1>	0.0000 1.0000 0.0000 0.0000	</row1>
			<row2>	0.8910 0.0000 0.4540 0.0000	</row2>
			<row3>	-0.1349 0.9466 2.1068 1.0000	</row3>
		</transform>
	</node>
	<node>
		<identifier>	MP_BM612_Switch_Panel	</identifier>
		<parent>	Scene Root	</parent>
		<transform>
			<row0>	0.7099 0.0000 0.7043 0.0000	</row0>
			<row1>	0.0000 1.0000 0.0000 0.0000	</row1>
			<row2>	-0.7043 0.0000 0.7099 0.0000	</row2>
			<row3>	0.1139 0.9438 2.0803 1.0000	</row3>
		</transform>
	</node>
	<node>
		<identifier>	MP_BM612_Switch_Panel_INDEX_1	</identifier>
		<parent>	Scene Root	</parent>
		<transform>
			<row0>	0.7099 0.0000 -0.7043 0.0000	</row0>
			<row1>	0.0000 1.0000 0.0000 0.0000	</row1>
			<row2>	0.7043 0.0000 0.7099 0.0000	</row2>
			<row3>	-0.1139 0.9438 2.0803 1.0000	</row3>
		</transform>
	</node>
	<node>
		<identifier>	MP_BM628_Dumaresq	</identifier>
		<parent>	Scene Root	</parent>
		<transform>
			<row0>	0.0000 0.0000 -1.0000 0.0000	</row0>
			<row1>	0.0000 1.0000 0.0000 0.0000	</row1>
			<row2>	1.0000 0.0000 0.0000 0.0000	</row2>
			<row3>	0.0978 2.2313 1.6727 1.0000	</row3>
		</transform>
	</node>
	<node>
		<identifier>	MP_BM628_Dumaresq_INDEX_1	</identifier>
		<parent>	Scene Root	</parent>
		<transform>
			<row0>	0.0000 0.0000 1.0000 0.0000	</row0>
			<row1>	0.0000 1.0000 0.0000 0.0000	</row1>
			<row2>	-1.0000 0.0000 0.0000 0.0000	</row2>
			<row3>	-0.0978 2.2313 1.6727 1.0000	</row3>
		</transform>
	</node>
	<node>
		<identifier>	MP_BM633_Smoke_generator	</identifier>
		<parent>	Scene Root	</parent>
		<transform>
			<row0>	0.8057 -0.0319 -0.5915 0.0000	</row0>
			<row1>	0.0426 0.9991 0.0041 0.0000	</row1>
			<row2>	0.5908 -0.0285 0.8063 0.0000	</row2>
			<row3>	0.6596 0.3610 -0.1914 1.0000	</row3>
		</transform>
	</node>
	<node>
		<identifier>	MP_BM635_Torpedo_deflector_sight	</identifier>
		<parent>	Scene Root	</parent>
		<transform>
			<row0>	0.0000 0.0000 -1.0000 0.0000	</row0>
			<row1>	0.0000 1.0000 0.0000 0.0000	</row1>
			<row2>	1.0000 0.0000 0.0000 0.0000	</row2>
			<row3>	-0.3632 1.4276 1.2686 1.0000	</row3>
		</transform>
	</node>
	<node>
		<identifier>	MP_BM635_Torpedo_deflector_sight_INDEX_1	</identifier>
		<parent>	Scene Root	</parent>
		<transform>
			<row0>	0.0000 0.0000 1.0000 0.0000	</row0>
			<row1>	0.0000 1.0000 0.0000 0.0000	</row1>
			<row2>	-1.0000 0.0000 0.0000 0.0000	</row2>
			<row3>	0.3632 1.4276 1.2686 1.0000	</row3>
		</transform>
	</node>
	<node>
		<identifier>	MP_BM702_Flag_box	</identifier>
		<parent>	Scene Root	</parent>
		<transform>
			<row0>	-1.0000 0.0000 0.0000 0.0000	</row0>
			<row1>	0.0000 1.0000 0.0000 0.0000	</row1>
			<row2>	0.0000 0.0000 -1.0000 0.0000	</row2>
			<row3>	-0.2986 1.0286 1.1189 1.0000	</row3>
		</transform>
	</node>
	<node>
		<identifier>	MP_BM702_Flag_box_INDEX_1	</identifier>
		<parent>	Scene Root	</parent>
		<transform>
			<row0>	-1.0000 0.0000 0.0000 0.0000	</row0>
			<row1>	0.0000 1.0000 0.0000 0.0000	</row1>
			<row2>	0.0000 0.0000 -1.0000 0.0000	</row2>
			<row3>	0.2986 1.0286 1.1189 1.0000	</row3>
		</transform>
	</node>
	<node>
		<identifier>	MP_BM702_Flag_box_INDEX_2	</identifier>
		<parent>	Scene Root	</parent>
		<transform>
			<row0>	0.0000 0.0000 -1.0000 0.0000	</row0>
			<row1>	0.0000 1.0000 0.0000 0.0000	</row1>
			<row2>	1.0000 0.0000 0.0000 0.0000	</row2>
			<row3>	0.2053 1.0286 0.8888 1.0000	</row3>
		</transform>
	</node>
	<node>
		<identifier>	MP_BM702_Flag_box_INDEX_3	</identifier>
		<parent>	Scene Root	</parent>
		<transform>
			<row0>	0.0000 0.0000 1.0000 0.0000	</row0>
			<row1>	0.0000 1.0000 0.0000 0.0000	</row1>
			<row2>	-1.0000 0.0000 0.0000 0.0000	</row2>
			<row3>	-0.2053 1.0286 0.8888 1.0000	</row3>
		</transform>
	</node>
	<node>
		<identifier>	MP_BM703_Locker	</identifier>
		<parent>	Scene Root	</parent>
		<transform>
			<row0>	1.0000 0.0000 0.0000 0.0000	</row0>
			<row1>	0.0000 1.0000 0.0000 0.0000	</row1>
			<row2>	0.0000 0.0000 1.0000 0.0000	</row2>
			<row3>	0.2210 1.0262 0.6752 1.0000	</row3>
		</transform>
	</node>
	<node>
		<identifier>	MP_BM703_Locker_INDEX_1	</identifier>
		<parent>	Scene Root	</parent>
		<transform>
			<row0>	0.0000 0.0000 1.0000 0.0000	</row0>
			<row1>	0.0000 1.0000 0.0000 0.0000	</row1>
			<row2>	-1.0000 0.0000 0.0000 0.0000	</row2>
			<row3>	0.1879 0.8439 1.7316 1.0000	</row3>
		</transform>
	</node>
	<node>
		<identifier>	MP_BM703_Locker_INDEX_10	</identifier>
		<parent>	Scene Root	</parent>
		<transform>
			<row0>	0.0000 0.0000 -1.0000 0.0000	</row0>
			<row1>	0.0000 1.0000 0.0000 0.0000	</row1>
			<row2>	1.0000 0.0000 0.0000 0.0000	</row2>
			<row3>	0.2767 0.5779 -0.3373 1.0000	</row3>
		</transform>
	</node>
	<node>
		<identifier>	MP_BM703_Locker_INDEX_11	</identifier>
		<parent>	Scene Root	</parent>
		<transform>
			<row0>	1.0000 0.0000 0.0000 0.0000	</row0>
			<row1>	0.0000 1.0000 0.0000 0.0000	</row1>
			<row2>	0.0000 0.0000 1.0000 0.0000	</row2>
			<row3>	0.4034 0.5783 2.2211 1.0000	</row3>
		</transform>
	</node>
	<node>
		<identifier>	MP_BM703_Locker_INDEX_12	</identifier>
		<parent>	Scene Root	</parent>
		<transform>
			<row0>	0.0000 0.0000 -1.0000 0.0000	</row0>
			<row1>	0.0000 1.0000 0.0000 0.0000	</row1>
			<row2>	1.0000 0.0000 0.0000 0.0000	</row2>
			<row3>	0.5350 0.8432 0.6752 1.0000	</row3>
		</transform>
	</node>
	<node>
		<identifier>	MP_BM703_Locker_INDEX_13	</identifier>
		<parent>	Scene Root	</parent>
		<transform>
			<row0>	1.0000 0.0000 0.0000 0.0000	</row0>
			<row1>	0.0000 1.0000 0.0000 0.0000	</row1>
			<row2>	0.0000 0.0000 1.0000 0.0000	</row2>
			<row3>	0.3353 1.0262 0.6752 1.0000	</row3>
		</transform>
	</node>
	<node>
		<identifier>	MP_BM703_Locker_INDEX_14	</identifier>
		<parent>	Scene Root	</parent>
		<transform>
			<row0>	0.5000 0.0000 -0.8660 0.0000	</row0>
			<row1>	0.0000 1.0000 0.0000 0.0000	</row1>
			<row2>	0.8660 0.0000 0.5000 0.0000	</row2>
			<row3>	0.2830 0.5783 2.2894 1.0000	</row3>
		</transform>
	</node>
	<node>
		<identifier>	MP_BM703_Locker_INDEX_15	</identifier>
		<parent>	Scene Root	</parent>
		<transform>
			<row0>	0.8660 0.0000 -0.5000 0.0000	</row0>
			<row1>	0.0000 1.0000 0.0000 0.0000	</row1>
			<row2>	0.5000 0.0000 0.8660 0.0000	</row2>
			<row3>	-0.3343 0.5783 2.4787 1.0000	</row3>
		</transform>
	</node>
	<node>
		<identifier>	MP_BM703_Locker_INDEX_16	</identifier>
		<parent>	Scene Root	</parent>
		<transform>
			<row0>	0.8660 0.0000 0.5000 0.0000	</row0>
			<row1>	0.0000 1.0000 0.0000 0.0000	</row1>
			<row2>	-0.5000 0.0000 0.8660 0.0000	</row2>
			<row3>	-0.3345 0.5783 2.2397 1.0000	</row3>
		</transform>
	</node>
	<node>
		<identifier>	MP_BM703_Locker_INDEX_17	</identifier>
		<parent>	Scene Root	</parent>
		<transform>
			<row0>	0.0000 0.0000 1.0000 0.0000	</row0>
			<row1>	0.0000 1.0000 0.0000 0.0000	</row1>
			<row2>	-1.0000 0.0000 0.0000 0.0000	</row2>
			<row3>	0.1879 0.8439 1.6047 1.0000	</row3>
		</transform>
	</node>
	<node>
		<identifier>	MP_BM703_Locker_INDEX_18	</identifier>
		<parent>	Scene Root	</parent>
		<transform>
			<row0>	0.0000 0.0000 1.0000 0.0000	</row0>
			<row1>	0.0000 1.0000 0.0000 0.0000	</row1>
			<row2>	-1.0000 0.0000 0.0000 0.0000	</row2>
			<row3>	-0.5350 0.8432 0.6752 1.0000	</row3>
		</transform>
	</node>
	<node>
		<identifier>	MP_BM703_Locker_INDEX_19	</identifier>
		<parent>	Scene Root	</parent>
		<transform>
			<row0>	0.0000 0.0000 -1.0000 0.0000	</row0>
			<row1>	0.0000 1.0000 0.0000 0.0000	</row1>
			<row2>	1.0000 0.0000 0.0000 0.0000	</row2>
			<row3>	-0.3085 0.8439 1.2130 1.0000	</row3>
		</transform>
	</node>
	<node>
		<identifier>	MP_BM703_Locker_INDEX_2	</identifier>
		<parent>	Scene Root	</parent>
		<transform>
			<row0>	0.0000 0.0000 -1.0000 0.0000	</row0>
			<row1>	0.0000 1.0000 0.0000 0.0000	</row1>
			<row2>	1.0000 0.0000 0.0000 0.0000	</row2>
			<row3>	0.5744 0.5783 -0.2411 1.0000	</row3>
		</transform>
	</node>
	<node>
		<identifier>	MP_BM703_Locker_INDEX_20	</identifier>
		<parent>	Scene Root	</parent>
		<transform>
			<row0>	0.0000 0.0000 -1.0000 0.0000	</row0>
			<row1>	0.0000 1.0000 0.0000 0.0000	</row1>
			<row2>	1.0000 0.0000 0.0000 0.0000	</row2>
			<row3>	0.2767 0.5779 -0.4074 1.0000	</row3>
		</transform>
	</node>
	<node>
		<identifier>	MP_BM703_Locker_INDEX_21	</identifier>
		<parent>	Scene Root	</parent>
		<transform>
			<row0>	0.5000 0.0000 0.8660 0.0000	</row0>
			<row1>	0.0000 1.0000 0.0000 0.0000	</row1>
			<row2>	-0.8660 0.0000 0.5000 0.0000	</row2>
			<row3>	-0.2830 0.5783 2.2894 1.0000	</row3>
		</transform>
	</node>
	<node>
		<identifier>	MP_BM703_Locker_INDEX_22	</identifier>
		<parent>	Scene Root	</parent>
		<transform>
			<row0>	0.0000 0.0000 -1.0000 0.0000	</row0>
			<row1>	0.0000 1.0000 0.0000 0.0000	</row1>
			<row2>	1.0000 0.0000 0.0000 0.0000	</row2>
			<row3>	-0.1879 0.8439 1.6047 1.0000	</row3>
		</transform>
	</node>
	<node>
		<identifier>	MP_BM703_Locker_INDEX_23	</identifier>
		<parent>	Scene Root	</parent>
		<transform>
			<row0>	0.0000 0.0000 -1.0000 0.0000	</row0>
			<row1>	0.0000 1.0000 0.0000 0.0000	</row1>
			<row2>	1.0000 0.0000 0.0000 0.0000	</row2>
			<row3>	0.0069 0.5783 2.5200 1.0000	</row3>
		</transform>
	</node>
	<node>
