<IGM076_320mm_44_3barrels_M1936.skel_ext>
	<exported>	true	</exported>
	<node>
		<identifier>	MP_IM500_Life_Boat	</identifier>
		<parent>	Rotate_Y	</parent>
		<transform>
			<row0>	0.9900 0.1381 0.0279 0.0000	</row0>
			<row1>	-0.1408 0.9742 0.1762 0.0000	</row1>
			<row2>	-0.0029 -0.1783 0.9840 0.0000	</row2>
			<row3>	-0.1867 0.1342 -0.0067 1.0000	</row3>
		</transform>
	</node>
	<node>
		<identifier>	MP_IM500_Life_Boat_INDEX_1	</identifier>
		<parent>	Rotate_Y	</parent>
		<transform>
			<row0>	0.9897 0.1430 0.0000 0.0000	</row0>
			<row1>	-0.1430 0.9897 0.0000 0.0000	</row1>
			<row2>	0.0000 0.0000 1.0000 0.0000	</row2>
			<row3>	-0.1333 0.1666 -0.2800 1.0000	</row3>
		</transform>
	</node>
	<node>
		<identifier>	MP_IM500_Life_Boat_INDEX_2	</identifier>
		<parent>	Rotate_Y	</parent>
		<transform>
			<row0>	0.9897 -0.1430 0.0000 0.0000	</row0>
			<row1>	0.1430 0.9897 0.0000 0.0000	</row1>
			<row2>	0.0000 0.0000 1.0000 0.0000	</row2>
			<row3>	0.1333 0.1666 -0.2800 1.0000	</row3>
		</transform>
	</node>
	<node>
		<identifier>	MP_IM500_Life_Boat_INDEX_3	</identifier>
		<parent>	Rotate_Y	</parent>
		<transform>
			<row0>	0.9900 -0.1381 -0.0279 0.0000	</row0>
			<row1>	0.1408 0.9742 0.1762 0.0000	</row1>
			<row2>	0.0029 -0.1783 0.9840 0.0000	</row2>
			<row3>	0.1867 0.1342 -0.0067 1.0000	</row3>
		</transform>
	</node>
</IGM076_320mm_44_3barrels_M1936.skel_ext>
