<FSD308_Chateaurenault_1954_MidFront.skel_ext>
	<exported>	true	</exported>
	<node>
		<identifier>	MP_CM012_Fire_Hose_Rack_1	</identifier>
		<parent>	Scene Root	</parent>
		<transform>
			<row0>	0.9974 0.0000 -0.0721 0.0000	</row0>
			<row1>	0.0000 1.0000 0.0000 0.0000	</row1>
			<row2>	0.0721 0.0000 0.9974 0.0000	</row2>
			<row3>	-0.1516 0.3754 2.5740 1.0000	</row3>
		</transform>
	</node>
	<node>
		<identifier>	MP_CM012_Fire_Hose_Rack_1_INDEX_1	</identifier>
		<parent>	Scene Root	</parent>
		<transform>
			<row0>	-0.4924 0.0000 -0.8704 0.0000	</row0>
			<row1>	0.0000 1.0000 0.0000 0.0000	</row1>
			<row2>	0.8704 0.0000 -0.4924 0.0000	</row2>
			<row3>	0.1725 0.5467 2.9633 1.0000	</row3>
		</transform>
	</node>
	<node>
		<identifier>	MP_CM012_Fire_Hose_Rack_1_INDEX_10	</identifier>
		<parent>	Scene Root	</parent>
		<transform>
			<row0>	-0.9987 0.0000 -0.0519 0.0000	</row0>
			<row1>	0.0000 1.0000 0.0000 0.0000	</row1>
			<row2>	0.0519 0.0000 -0.9987 0.0000	</row2>
			<row3>	0.1570 0.8115 2.1153 1.0000	</row3>
		</transform>
	</node>
	<node>
		<identifier>	MP_CM012_Fire_Hose_Rack_1_INDEX_11	</identifier>
		<parent>	Scene Root	</parent>
		<transform>
			<row0>	0.0000 0.0000 -1.0000 0.0000	</row0>
			<row1>	0.0000 1.0000 0.0000 0.0000	</row1>
			<row2>	1.0000 0.0000 0.0000 0.0000	</row2>
			<row3>	-0.1737 0.3144 0.5745 1.0000	</row3>
		</transform>
	</node>
	<node>
		<identifier>	MP_CM012_Fire_Hose_Rack_1_INDEX_12	</identifier>
		<parent>	Scene Root	</parent>
		<transform>
			<row0>	-0.9974 0.0000 -0.0721 0.0000	</row0>
			<row1>	0.0000 1.0000 0.0000 0.0000	</row1>
			<row2>	0.0721 0.0000 -0.9974 0.0000	</row2>
			<row3>	0.1516 0.3754 2.5740 1.0000	</row3>
		</transform>
	</node>
	<node>
		<identifier>	MP_CM012_Fire_Hose_Rack_1_INDEX_13	</identifier>
		<parent>	Scene Root	</parent>
		<transform>
			<row0>	1.0000 0.0000 0.0000 0.0000	</row0>
			<row1>	0.0000 1.0000 0.0000 0.0000	</row1>
			<row2>	0.0000 0.0000 1.0000 0.0000	</row2>
			<row3>	-0.1060 0.4125 3.2309 1.0000	</row3>
		</transform>
	</node>
	<node>
		<identifier>	MP_CM012_Fire_Hose_Rack_1_INDEX_2	</identifier>
		<parent>	Scene Root	</parent>
		<transform>
			<row0>	0.0000 0.0000 -1.0000 0.0000	</row0>
			<row1>	0.0000 1.0000 0.0000 0.0000	</row1>
			<row2>	1.0000 0.0000 0.0000 0.0000	</row2>
			<row3>	-0.1737 0.4500 -0.6708 1.0000	</row3>
		</transform>
	</node>
	<node>
		<identifier>	MP_CM012_Fire_Hose_Rack_1_INDEX_3	</identifier>
		<parent>	Scene Root	</parent>
		<transform>
			<row0>	0.9987 0.0000 -0.0519 0.0000	</row0>
			<row1>	0.0000 1.0000 0.0000 0.0000	</row1>
			<row2>	0.0519 0.0000 0.9987 0.0000	</row2>
			<row3>	-0.1570 0.8115 2.1153 1.0000	</row3>
		</transform>
	</node>
	<node>
		<identifier>	MP_CM012_Fire_Hose_Rack_1_INDEX_4	</identifier>
		<parent>	Scene Root	</parent>
		<transform>
			<row0>	0.4924 0.0000 -0.8704 0.0000	</row0>
			<row1>	0.0000 1.0000 0.0000 0.0000	</row1>
			<row2>	0.8704 0.0000 0.4924 0.0000	</row2>
			<row3>	-0.1725 0.5467 2.9633 1.0000	</row3>
		</transform>
	</node>
	<node>
		<identifier>	MP_CM012_Fire_Hose_Rack_1_INDEX_5	</identifier>
		<parent>	Scene Root	</parent>
		<transform>
			<row0>	-1.0000 0.0000 0.0000 0.0000	</row0>
			<row1>	0.0000 1.0000 0.0000 0.0000	</row1>
			<row2>	0.0000 0.0000 -1.0000 0.0000	</row2>
			<row3>	0.3554 0.2846 -1.3215 1.0000	</row3>
		</transform>
	</node>
	<node>
		<identifier>	MP_CM012_Fire_Hose_Rack_1_INDEX_6	</identifier>
		<parent>	Scene Root	</parent>
		<transform>
			<row0>	0.0000 0.0000 -1.0000 0.0000	</row0>
			<row1>	0.0000 1.0000 0.0000 0.0000	</row1>
			<row2>	1.0000 0.0000 0.0000 0.0000	</row2>
			<row3>	0.1737 0.4500 -0.6708 1.0000	</row3>
		</transform>
	</node>
	<node>
		<identifier>	MP_CM012_Fire_Hose_Rack_1_INDEX_7	</identifier>
		<parent>	Scene Root	</parent>
		<transform>
			<row0>	0.0000 0.0000 -1.0000 0.0000	</row0>
			<row1>	0.0000 1.0000 0.0000 0.0000	</row1>
			<row2>	1.0000 0.0000 0.0000 0.0000	</row2>
			<row3>	0.1737 0.3144 0.5745 1.0000	</row3>
		</transform>
	</node>
	<node>
		<identifier>	MP_CM012_Fire_Hose_Rack_1_INDEX_8	</identifier>
		<parent>	Scene Root	</parent>
		<transform>
			<row0>	-1.0000 0.0000 0.0000 0.0000	</row0>
			<row1>	0.0000 1.0000 0.0000 0.0000	</row1>
			<row2>	0.0000 0.0000 -1.0000 0.0000	</row2>
			<row3>	0.1060 0.4125 3.2309 1.0000	</row3>
		</transform>
	</node>
	<node>
		<identifier>	MP_CM012_Fire_Hose_Rack_1_INDEX_9	</identifier>
		<parent>	Scene Root	</parent>
		<transform>
			<row0>	1.0000 0.0000 0.0000 0.0000	</row0>
			<row1>	0.0000 1.0000 0.0000 0.0000	</row1>
			<row2>	0.0000 0.0000 1.0000 0.0000	</row2>
			<row3>	-0.3554 0.2846 -1.3215 1.0000	</row3>
		</transform>
	</node>
	<node>
		<identifier>	MP_CM029_Emergency_Box	</identifier>
		<parent>	Scene Root	</parent>
		<transform>
			<row0>	-1.0000 0.0000 0.0000 0.0000	</row0>
			<row1>	0.0000 1.0000 0.0000 0.0000	</row1>
			<row2>	0.0000 0.0000 -1.0000 0.0000	</row2>
			<row3>	0.1600 0.3472 0.5811 1.0000	</row3>
		</transform>
	</node>
	<node>
		<identifier>	MP_CM029_Emergency_Box_INDEX_1	</identifier>
		<parent>	Scene Root	</parent>
		<transform>
			<row0>	0.0000 0.0000 1.0000 0.0000	</row0>
			<row1>	0.0000 1.0000 0.0000 0.0000	</row1>
			<row2>	-1.0000 0.0000 0.0000 0.0000	</row2>
			<row3>	0.1368 0.3295 -1.5305 1.0000	</row3>
		</transform>
	</node>
	<node>
		<identifier>	MP_CM029_Emergency_Box_INDEX_2	</identifier>
		<parent>	Scene Root	</parent>
		<transform>
			<row0>	0.0539 0.0000 -0.9985 0.0000	</row0>
			<row1>	0.0000 1.0000 0.0000 0.0000	</row1>
			<row2>	0.9985 0.0000 0.0539 0.0000	</row2>
			<row3>	0.1432 0.8736 2.2000 1.0000	</row3>
		</transform>
	</node>
	<node>
		<identifier>	MP_CM029_Emergency_Box_INDEX_3	</identifier>
		<parent>	Scene Root	</parent>
		<transform>
			<row0>	0.0000 0.0000 1.0000 0.0000	</row0>
			<row1>	0.0000 1.0000 0.0000 0.0000	</row1>
			<row2>	-1.0000 0.0000 0.0000 0.0000	</row2>
			<row3>	0.3640 0.3132 -0.9145 1.0000	</row3>
		</transform>
	</node>
	<node>
		<identifier>	MP_CM029_Emergency_Box_INDEX_4	</identifier>
		<parent>	Scene Root	</parent>
		<transform>
			<row0>	-1.0000 0.0000 0.0000 0.0000	</row0>
			<row1>	0.0000 1.0000 0.0000 0.0000	</row1>
			<row2>	0.0000 0.0000 -1.0000 0.0000	</row2>
			<row3>	0.0985 0.3472 0.1301 1.0000	</row3>
		</transform>
	</node>
	<node>
		<identifier>	MP_CM029_Emergency_Box_INDEX_5	</identifier>
		<parent>	Scene Root	</parent>
		<transform>
			<row0>	-1.0000 0.0000 0.0000 0.0000	</row0>
			<row1>	0.0000 1.0000 0.0000 0.0000	</row1>
			<row2>	0.0000 0.0000 -1.0000 0.0000	</row2>
			<row3>	-0.1600 0.3472 0.5811 1.0000	</row3>
		</transform>
	</node>
	<node>
		<identifier>	MP_CM029_Emergency_Box_INDEX_6	</identifier>
		<parent>	Scene Root	</parent>
		<transform>
			<row0>	0.0000 0.0000 -1.0000 0.0000	</row0>
			<row1>	0.0000 1.0000 0.0000 0.0000	</row1>
			<row2>	1.0000 0.0000 0.0000 0.0000	</row2>
			<row3>	-0.3640 0.3132 -0.9145 1.0000	</row3>
		</transform>
	</node>
	<node>
		<identifier>	MP_CM030_Swab_Rack_2	</identifier>
		<parent>	Scene Root	</parent>
		<transform>
			<row0>	0.0000 0.0000 1.0000 0.0000	</row0>
			<row1>	0.0000 1.0000 0.0000 0.0000	</row1>
			<row2>	-1.0000 0.0000 0.0000 0.0000	</row2>
			<row3>	-0.1328 0.2719 0.6520 1.0000	</row3>
		</transform>
	</node>
	<node>
		<identifier>	MP_CM030_Swab_Rack_2_INDEX_1	</identifier>
		<parent>	Scene Root	</parent>
		<transform>
			<row0>	0.0000 0.0000 -1.0000 0.0000	</row0>
			<row1>	0.0000 1.0000 0.0000 0.0000	</row1>
			<row2>	1.0000 0.0000 0.0000 0.0000	</row2>
			<row3>	0.1138 0.4030 -0.6309 1.0000	</row3>
		</transform>
	</node>
	<node>
		<identifier>	MP_CM030_Swab_Rack_2_INDEX_2	</identifier>
		<parent>	Scene Root	</parent>
		<transform>
			<row0>	0.0703 0.0000 -0.9975 0.0000	</row0>
			<row1>	0.0000 1.0000 0.0000 0.0000	</row1>
			<row2>	0.9975 0.0000 0.0703 0.0000	</row2>
			<row3>	0.1480 0.3362 2.6176 1.0000	</row3>
		</transform>
	</node>
	<node>
		<identifier>	MP_CM030_Swab_Rack_2_INDEX_3	</identifier>
		<parent>	Scene Root	</parent>
		<transform>
			<row0>	0.0703 0.0000 0.9975 0.0000	</row0>
			<row1>	0.0000 1.0000 0.0000 0.0000	</row1>
			<row2>	-0.9975 0.0000 0.0703 0.0000	</row2>
			<row3>	-0.1480 0.3362 2.6176 1.0000	</row3>
		</transform>
	</node>
	<node>
		<identifier>	MP_CM030_Swab_Rack_2_INDEX_4	</identifier>
		<parent>	Scene Root	</parent>
		<transform>
			<row0>	0.0000 0.0000 -1.0000 0.0000	</row0>
			<row1>	0.0000 1.0000 0.0000 0.0000	</row1>
			<row2>	1.0000 0.0000 0.0000 0.0000	</row2>
			<row3>	0.1328 0.2719 0.6520 1.0000	</row3>
		</transform>
	</node>
	<node>
		<identifier>	MP_CM082_Rope	</identifier>
		<parent>	Scene Root	</parent>
		<transform>
			<row0>	0.0000 0.0000 -0.8000 0.0000	</row0>
			<row1>	0.0000 0.8000 0.0000 0.0000	</row1>
			<row2>	0.8000 0.0000 0.0000 0.0000	</row2>
			<row3>	-0.2199 0.8354 1.3444 1.0000	</row3>
		</transform>
	</node>
	<node>
		<identifier>	MP_CM082_Rope_INDEX_1	</identifier>
		<parent>	Scene Root	</parent>
		<transform>
			<row0>	0.5406 0.0000 0.5897 0.0000	</row0>
			<row1>	0.0000 0.8000 0.0000 0.0000	</row1>
			<row2>	-0.5897 0.0000 0.5406 0.0000	</row2>
			<row3>	-0.0542 1.5042 1.3836 1.0000	</row3>
		</transform>
	</node>
	<node>
		<identifier>	MP_CM082_Rope_INDEX_10	</identifier>
		<parent>	Scene Root	</parent>
		<transform>
			<row0>	0.7833 0.0000 0.1625 0.0000	</row0>
			<row1>	0.0000 0.8000 0.0000 0.0000	</row1>
			<row2>	-0.1625 0.0000 0.7833 0.0000	</row2>
			<row3>	-0.0684 1.5032 1.4204 1.0000	</row3>
		</transform>
	</node>
	<node>
		<identifier>	MP_CM082_Rope_INDEX_11	</identifier>
		<parent>	Scene Root	</parent>
		<transform>
			<row0>	0.0000 0.0000 -0.8000 0.0000	</row0>
			<row1>	0.0000 0.8000 0.0000 0.0000	</row1>
			<row2>	0.8000 0.0000 0.0000 0.0000	</row2>
			<row3>	-0.1564 0.9876 1.4240 1.0000	</row3>
		</transform>
	</node>
	<node>
		<identifier>	MP_CM082_Rope_INDEX_2	</identifier>
		<parent>	Scene Root	</parent>
		<transform>
			<row0>	0.5406 0.0000 -0.5897 0.0000	</row0>
			<row1>	0.0000 0.8000 0.0000 0.0000	</row1>
			<row2>	0.5897 0.0000 0.5406 0.0000	</row2>
			<row3>	0.0542 1.5042 1.3836 1.0000	</row3>
		</transform>
	</node>
	<node>
		<identifier>	MP_CM082_Rope_INDEX_3	</identifier>
		<parent>	Scene Root	</parent>
		<transform>
			<row0>	0.0000 0.0000 0.8000 0.0000	</row0>
			<row1>	0.0000 0.8000 0.0000 0.0000	</row1>
			<row2>	-0.8000 0.0000 0.0000 0.0000	</row2>
			<row3>	0.1564 0.9876 1.4240 1.0000	</row3>
		</transform>
	</node>
	<node>
		<identifier>	MP_CM082_Rope_INDEX_4	</identifier>
		<parent>	Scene Root	</parent>
		<transform>
			<row0>	0.0000 0.0000 0.8000 0.0000	</row0>
			<row1>	0.0000 0.8000 0.0000 0.0000	</row1>
			<row2>	-0.8000 0.0000 0.0000 0.0000	</row2>
			<row3>	0.2387 0.8354 1.3444 1.0000	</row3>
		</transform>
	</node>
	<node>
		<identifier>	MP_CM082_Rope_INDEX_5	</identifier>
		<parent>	Scene Root	</parent>
		<transform>
			<row0>	0.0000 0.0000 -0.8000 0.0000	</row0>
			<row1>	0.0000 0.8000 0.0000 0.0000	</row1>
			<row2>	0.8000 0.0000 0.0000 0.0000	</row2>
			<row3>	-0.2787 0.8354 1.3444 1.0000	</row3>
		</transform>
	</node>
	<node>
		<identifier>	MP_CM082_Rope_INDEX_6	</identifier>
		<parent>	Scene Root	</parent>
		<transform>
			<row0>	0.0000 0.0000 0.8000 0.0000	</row0>
			<row1>	0.0000 0.8000 0.0000 0.0000	</row1>
			<row2>	-0.8000 0.0000 0.0000 0.0000	</row2>
			<row3>	0.2199 0.8354 1.3444 1.0000	</row3>
		</transform>
	</node>
	<node>
		<identifier>	MP_CM082_Rope_INDEX_7	</identifier>
		<parent>	Scene Root	</parent>
		<transform>
			<row0>	0.7833 0.0000 -0.1625 0.0000	</row0>
			<row1>	0.0000 0.8000 0.0000 0.0000	</row1>
			<row2>	0.1625 0.0000 0.7833 0.0000	</row2>
			<row3>	0.0684 1.5032 1.4204 1.0000	</row3>
		</transform>
	</node>
	<node>
		<identifier>	MP_CM082_Rope_INDEX_8	</identifier>
		<parent>	Scene Root	</parent>
		<transform>
			<row0>	0.0000 0.0000 0.8000 0.0000	</row0>
			<row1>	0.0000 0.8000 0.0000 0.0000	</row1>
			<row2>	-0.8000 0.0000 0.0000 0.0000	</row2>
			<row3>	0.2787 0.8354 1.3444 1.0000	</row3>
		</transform>
	</node>
	<node>
		<identifier>	MP_CM082_Rope_INDEX_9	</identifier>
		<parent>	Scene Root	</parent>
		<transform>
			<row0>	0.0000 0.0000 -0.8000 0.0000	</row0>
			<row1>	0.0000 0.8000 0.0000 0.0000	</row1>
			<row2>	0.8000 0.0000 0.0000 0.0000	</row2>
			<row3>	-0.2387 0.8354 1.3444 1.0000	</row3>
		</transform>
	</node>
	<node>
		<identifier>	MP_FM002_Binoculars	</identifier>
		<parent>	Scene Root	</parent>
		<transform>
			<row0>	0.6505 0.0000 -0.7595 0.0000	</row0>
			<row1>	0.0000 1.0000 0.0000 0.0000	</row1>
			<row2>	0.7595 0.0000 0.6505 0.0000	</row2>
			<row3>	0.3117 0.7969 2.2120 1.0000	</row3>
		</transform>
	</node>
	<node>
		<identifier>	MP_FM002_Binoculars_INDEX_1	</identifier>
		<parent>	Scene Root	</parent>
		<transform>
			<row0>	0.6505 0.0000 0.7595 0.0000	</row0>
			<row1>	0.0000 1.0000 0.0000 0.0000	</row1>
			<row2>	-0.7595 0.0000 0.6505 0.0000	</row2>
			<row3>	-0.3121 0.7969 2.2123 1.0000	</row3>
		</transform>
	</node>
	<node>
		<identifier>	MP_FM011_Reels	</identifier>
		<parent>	Scene Root	</parent>
		<transform>
			<row0>	-0.9283 0.0452 0.3691 0.0000	</row0>
			<row1>	0.0318 0.9986 -0.0424 0.0000	</row1>
			<row2>	-0.3705 -0.0277 -0.9284 0.0000	</row2>
			<row3>	0.3625 0.4649 2.3726 1.0000	</row3>
		</transform>
	</node>
	<node>
		<identifier>	MP_FM011_Reels_INDEX_1	</identifier>
		<parent>	Scene Root	</parent>
		<transform>
			<row0>	-0.9283 -0.0452 -0.3691 0.0000	</row0>
			<row1>	-0.0318 0.9986 -0.0424 0.0000	</row1>
			<row2>	0.3705 -0.0277 -0.9284 0.0000	</row2>
			<row3>	-0.3625 0.4649 2.3726 1.0000	</row3>
		</transform>
	</node>
	<node>
		<identifier>	MP_FM014_Telephone	</identifier>
		<parent>	Scene Root	</parent>
		<transform>
			<row0>	0.0568 0.0000 -0.9984 0.0000	</row0>
			<row1>	0.0000 1.0000 0.0000 0.0000	</row1>
			<row2>	0.9984 0.0000 0.0568 0.0000	</row2>
			<row3>	0.1505 0.8491 2.1915 1.0000	</row3>
		</transform>
	</node>
	<node>
		<identifier>	MP_FM015_Life_Buoy	</identifier>
		<parent>	Scene Root	</parent>
		<transform>
			<row0>	-0.0306 0.0000 0.9995 0.0000	</row0>
			<row1>	0.0000 1.0000 0.0000 0.0000	</row1>
			<row2>	-0.9995 0.0000 -0.0306 0.0000	</row2>
			<row3>	0.4456 0.4985 1.5907 1.0000	</row3>
		</transform>
	</node>
	<node>
		<identifier>	MP_FM015_Life_Buoy_INDEX_1	</identifier>
		<parent>	Scene Root	</parent>
		<transform>
			<row0>	-0.0306 0.0000 -0.9995 0.0000	</row0>
			<row1>	0.0000 1.0000 0.0000 0.0000	</row1>
			<row2>	0.9995 0.0000 -0.0306 0.0000	</row2>
			<row3>	-0.4503 0.4926 1.4140 1.0000	</row3>
		</transform>
	</node>
	<node>
		<identifier>	MP_FM015_Life_Buoy_INDEX_2	</identifier>
		<parent>	Scene Root	</parent>
		<transform>
			<row0>	-0.0306 0.0000 0.9995 0.0000	</row0>
			<row1>	0.0000 1.0000 0.0000 0.0000	</row1>
			<row2>	-0.9995 0.0000 -0.0306 0.0000	</row2>
			<row3>	0.4503 0.4926 1.4140 1.0000	</row3>
		</transform>
	</node>
	<node>
		<identifier>	MP_FM015_Life_Buoy_INDEX_3	</identifier>
		<parent>	Scene Root	</parent>
		<transform>
			<row0>	0.0162 0.0000 0.9999 0.0000	</row0>
			<row1>	0.0000 1.0000 0.0000 0.0000	</row1>
			<row2>	-0.9999 0.0000 0.0162 0.0000	</row2>
			<row3>	0.4721 0.2997 -1.3826 1.0000	</row3>
		</transform>
	</node>
	<node>
		<identifier>	MP_FM015_Life_Buoy_INDEX_4	</identifier>
		<parent>	Scene Root	</parent>
		<transform>
			<row0>	0.0162 0.0000 -0.9999 0.0000	</row0>
			<row1>	0.0000 1.0000 0.0000 0.0000	</row1>
			<row2>	0.9999 0.0000 0.0162 0.0000	</row2>
			<row3>	-0.4721 0.2997 -1.3826 1.0000	</row3>
		</transform>
	</node>
	<node>
		<identifier>	MP_FM015_Life_Buoy_INDEX_5	</identifier>
		<parent>	Scene Root	</parent>
		<transform>
			<row0>	0.0000 0.0000 1.0000 0.0000	</row0>
			<row1>	0.0000 1.0000 0.0000 0.0000	</row1>
			<row2>	-1.0000 0.0000 0.0000 0.0000	</row2>
			<row3>	0.1474 0.5395 -0.3090 1.0000	</row3>
		</transform>
	</node>
	<node>
		<identifier>	MP_FM015_Life_Buoy_INDEX_6	</identifier>
		<parent>	Scene Root	</parent>
		<transform>
			<row0>	0.0000 0.0000 -1.0000 0.0000	</row0>
			<row1>	0.0000 1.0000 0.0000 0.0000	</row1>
			<row2>	1.0000 0.0000 0.0000 0.0000	</row2>
			<row3>	-0.1474 0.5395 -0.3090 1.0000	</row3>
		</transform>
	</node>
	<node>
		<identifier>	MP_FM015_Life_Buoy_INDEX_7	</identifier>
		<parent>	Scene Root	</parent>
		<transform>
			<row0>	0.0000 0.0000 1.0000 0.0000	</row0>
			<row1>	0.0000 1.0000 0.0000 0.0000	</row1>
			<row2>	-1.0000 0.0000 0.0000 0.0000	</row2>
			<row3>	0.2588 0.8303 1.8764 1.0000	</row3>
		</transform>
	</node>
	<node>
		<identifier>	MP_FM015_Life_Buoy_INDEX_8	</identifier>
		<parent>	Scene Root	</parent>
		<transform>
			<row0>	-0.0306 0.0000 -0.9995 0.0000	</row0>
			<row1>	0.0000 1.0000 0.0000 0.0000	</row1>
			<row2>	0.9995 0.0000 -0.0306 0.0000	</row2>
			<row3>	-0.4456 0.4985 1.5907 1.0000	</row3>
		</transform>
	</node>
	<node>
		<identifier>	MP_FM015_Life_Buoy_INDEX_9	</identifier>
		<parent>	Scene Root	</parent>
		<transform>
			<row0>	0.0000 0.0000 -1.0000 0.0000	</row0>
			<row1>	0.0000 1.0000 0.0000 0.0000	</row1>
			<row2>	1.0000 0.0000 0.0000 0.0000	</row2>
			<row3>	-0.2588 0.8303 1.8764 1.0000	</row3>
		</transform>
	</node>
	<node>
		<identifier>	MP_FM016_Reels	</identifier>
		<parent>	Scene Root	</parent>
		<transform>
			<row0>	0.9992 -0.0410 0.0018 0.0000	</row0>
			<row1>	0.0411 0.9975 -0.0570 0.0000	</row1>
			<row2>	0.0005 0.0570 0.9984 0.0000	</row2>
			<row3>	0.2518 0.3874 3.5783 1.0000	</row3>
		</transform>
	</node>
	<node>
		<identifier>	MP_FM016_Reels_INDEX_1	</identifier>
		<parent>	Scene Root	</parent>
		<transform>
			<row0>	0.9995 -0.0331 0.0010 0.0000	</row0>
			<row1>	0.0331 0.9988 -0.0357 0.0000	</row1>
			<row2>	0.0001 0.0357 0.9994 0.0000	</row2>
			<row3>	0.3050 0.4480 1.7917 1.0000	</row3>
		</transform>
	</node>
	<node>
		<identifier>	MP_FM016_Reels_INDEX_2	</identifier>
		<parent>	Scene Root	</parent>
		<transform>
			<row0>	0.9996 0.0280 -0.0009 0.0000	</row0>
			<row1>	-0.0280 0.9993 -0.0259 0.0000	</row1>
			<row2>	0.0002 0.0259 0.9997 0.0000	</row2>
			<row3>	-0.3243 0.4461 1.7343 1.0000	</row3>
		</transform>
	</node>
	<node>
		<identifier>	MP_FM016_Reels_INDEX_3	</identifier>
		<parent>	Scene Root	</parent>
		<transform>
			<row0>	0.9992 0.0410 -0.0018 0.0000	</row0>
			<row1>	-0.0411 0.9975 -0.0570 0.0000	</row1>
			<row2>	-0.0005 0.0570 0.9984 0.0000	</row2>
			<row3>	-0.2518 0.3874 3.5783 1.0000	</row3>
		</transform>
	</node>
	<node>
		<identifier>	MP_FM016_Reels_INDEX_4	</identifier>
		<parent>	Scene Root	</parent>
		<transform>
			<row0>	1.0000 -0.0001 -0.0005 0.0000	</row0>
			<row1>	0.0000 0.9984 -0.0570 0.0000	</row1>
			<row2>	0.0005 0.0570 0.9984 0.0000	</row2>
			<row3>	0.0517 0.3890 3.5249 1.0000	</row3>
		</transform>
	</node>
	<node>
		<identifier>	MP_FM016_Reels_INDEX_5	</identifier>
		<parent>	Scene Root	</parent>
		<transform>
			<row0>	0.9995 -0.0331 0.0010 0.0000	</row0>
			<row1>	0.0331 0.9988 -0.0357 0.0000	</row1>
			<row2>	0.0001 0.0357 0.9994 0.0000	</row2>
			<row3>	0.3032 0.4439 1.6214 1.0000	</row3>
		</transform>
	</node>
	<node>
		<identifier>	MP_FM016_Reels_INDEX_6	</identifier>
		<parent>	Scene Root	</parent>
		<transform>
			<row0>	0.9995 -0.0331 0.0010 0.0000	</row0>
			<row1>	0.0331 0.9993 -0.0199 0.0000	</row1>
			<row2>	-0.0004 0.0200 0.9998 0.0000	</row2>
			<row3>	0.3384 0.4308 1.1182 1.0000	</row3>
		</transform>
	</node>
	<node>
		<identifier>	MP_FM016_Reels_INDEX_7	</identifier>
		<parent>	Scene Root	</parent>
		<transform>
			<row0>	0.9995 0.0331 -0.0010 0.0000	</row0>
			<row1>	-0.0331 0.9993 -0.0199 0.0000	</row1>
			<row2>	0.0004 0.0200 0.9998 0.0000	</row2>
			<row3>	-0.3384 0.4308 1.1182 1.0000	</row3>
		</transform>
	</node>
	<node>
		<identifier>	MP_FM5000_Winch	</identifier>
		<parent>	Scene Root	</parent>
		<transform>
			<row0>	-0.9997 0.0240 -0.0002 0.0000	</row0>
			<row1>	0.0240 0.9997 0.0000 0.0000	</row1>
			<row2>	0.0002 0.0000 -1.0000 0.0000	</row2>
			<row3>	0.1903 0.4028 -0.5141 1.0000	</row3>
		</transform>
	</node>
	<node>
		<identifier>	MP_FM5000_Winch_INDEX_1	</identifier>
		<parent>	Scene Root	</parent>
		<transform>
			<row0>	-0.9997 -0.0240 0.0002 0.0000	</row0>
			<row1>	-0.0240 0.9997 0.0000 0.0000	</row1>
			<row2>	-0.0002 0.0000 -1.0000 0.0000	</row2>
			<row3>	-0.1903 0.4028 -0.5141 1.0000	</row3>
		</transform>
	</node>
	<node>
		<identifier>	MP_FM5007_Pelorus	</identifier>
		<parent>	Scene Root	</parent>
		<transform>
			<row0>	0.0000 0.0000 -1.0000 0.0000	</row0>
			<row1>	0.0000 1.0000 0.0000 0.0000	</row1>
			<row2>	1.0000 0.0000 0.0000 0.0000	</row2>
			<row3>	0.3479 0.7690 2.1374 1.0000	</row3>
		</transform>
	</node>
	<node>
		<identifier>	MP_FM5007_Pelorus_INDEX_1	</identifier>
		<parent>	Scene Root	</parent>
		<transform>
			<row0>	0.0000 0.0000 1.0000 0.0000	</row0>
			<row1>	0.0000 1.0000 0.0000 0.0000	</row1>
			<row2>	-1.0000 0.0000 0.0000 0.0000	</row2>
			<row3>	-0.3479 0.7690 2.1374 1.0000	</row3>
		</transform>
	</node>
	<node>
		<identifier>	MP_FM5030_Crane	</identifier>
		<parent>	Scene Root	</parent>
		<transform>
			<row0>	1.0000 0.0000 0.0000 0.0000	</row0>
			<row1>	0.0000 1.0000 0.0000 0.0000	</row1>
			<row2>	0.0000 0.0000 1.0000 0.0000	</row2>
			<row3>	0.0062 0.4551 0.1155 1.0000	</row3>
		</transform>
	</node>
	<node>
		<identifier>	MP_FM5035_MC_Box	</identifier>
		<parent>	Scene Root	</parent>
		<transform>
			<row0>	-1.2000 0.0000 0.0000 0.0000	</row0>
			<row1>	0.0000 1.2000 0.0000 0.0000	</row1>
			<row2>	0.0000 0.0000 -1.2000 0.0000	</row2>
			<row3>	-0.0543 0.8457 2.4657 1.0000	</row3>
		</transform>
	</node>
	<node>
		<identifier>	MP_FM5043_Indicator	</identifier>
		<parent>	Scene Root	</parent>
		<transform>
			<row0>	-1.2000 0.0000 0.0000 0.0000	</row0>
			<row1>	0.0000 1.2000 0.0000 0.0000	</row1>
			<row2>	0.0000 0.0000 -1.2000 0.0000	</row2>
			<row3>	0.0298 0.8494 2.4650 1.0000	</row3>
		</transform>
	</node>
	<node>
		<identifier>	MP_FM526_Raft	</identifier>
		<parent>	Scene Root	</parent>
		<transform>
			<row0>	0.0000 0.9998 -0.0210 0.0000	</row0>
			<row1>	0.9997 0.0005 0.0259 0.0000	</row1>
			<row2>	0.0259 -0.0210 -0.9994 0.0000	</row2>
			<row3>	0.4344 0.4661 1.2372 1.0000	</row3>
		</transform>
	</node>
	<node>
		<identifier>	MP_FM526_Raft_INDEX_1	</identifier>
		<parent>	Scene Root	</parent>
		<transform>
			<row0>	0.0001 -0.9996 0.0294 0.0000	</row0>
			<row1>	-0.9995 0.0008 0.0309 0.0000	</row1>
			<row2>	-0.0309 -0.0294 -0.9991 0.0000	</row2>
			<row3>	-0.4199 0.4804 1.7619 1.0000	</row3>
		</transform>
	</node>
	<node>
		<identifier>	MP_FM526_Raft_INDEX_10	</identifier>
		<parent>	Scene Root	</parent>
		<transform>
			<row0>	0.0000 1.0000 0.0000 0.0000	</row0>
			<row1>	0.9995 0.0000 -0.0324 0.0000	</row1>
			<row2>	-0.0324 0.0000 -0.9995 0.0000	</row2>
			<row3>	0.4374 0.2760 -1.9689 1.0000	</row3>
		</transform>
	</node>
	<node>
		<identifier>	MP_FM526_Raft_INDEX_11	</identifier>
		<parent>	Scene Root	</parent>
		<transform>
			<row0>	-0.9998 -0.0218 0.0002 0.0000	</row0>
			<row1>	-0.0218 0.9997 -0.0069 0.0000	</row1>
			<row2>	0.0000 -0.0069 -1.0000 0.0000	</row2>
			<row3>	-0.3102 0.4444 0.0512 1.0000	</row3>
		</transform>
	</node>
	<node>
		<identifier>	MP_FM526_Raft_INDEX_12	</identifier>
		<parent>	Scene Root	</parent>
		<transform>
			<row0>	0.0000 -1.0000 0.0000 0.0000	</row0>
			<row1>	-0.9995 0.0000 -0.0324 0.0000	</row1>
			<row2>	0.0324 0.0000 -0.9995 0.0000	</row2>
			<row3>	-0.4374 0.2760 -1.9689 1.0000	</row3>
		</transform>
	</node>
	<node>
		<identifier>	MP_FM526_Raft_INDEX_13	</identifier>
		<parent>	Scene Root	</parent>
		<transform>
			<row0>	-0.9998 -0.0218 0.0002 0.0000	</row0>
			<row1>	-0.0218 0.9997 -0.0069 0.0000	</row1>
			<row2>	0.0000 -0.0069 -1.0000 0.0000	</row2>
			<row3>	-0.3093 0.4044 0.0515 1.0000	</row3>
		</transform>
	</node>
	<node>
		<identifier>	MP_FM526_Raft_INDEX_14	</identifier>
		<parent>	Scene Root	</parent>
		<transform>
			<row0>	0.0000 -1.0000 0.0000 0.0000	</row0>
			<row1>	-0.9997 0.0000 -0.0238 0.0000	</row1>
			<row2>	0.0238 0.0000 -0.9997 0.0000	</row2>
			<row3>	-0.4456 0.2763 -1.6663 1.0000	</row3>
		</transform>
	</node>
	<node>
		<identifier>	MP_FM526_Raft_INDEX_15	</identifier>
		<parent>	Scene Root	</parent>
		<transform>
			<row0>	-0.9998 -0.0218 0.0002 0.0000	</row0>
			<row1>	-0.0218 0.9997 -0.0069 0.0000	</row1>
			<row2>	0.0000 -0.0069 -1.0000 0.0000	</row2>
			<row3>	-0.3939 0.4026 0.0515 1.0000	</row3>
		</transform>
	</node>
	<node>
		<identifier>	MP_FM526_Raft_INDEX_16	</identifier>
		<parent>	Scene Root	</parent>
		<transform>
			<row0>	0.0000 -0.9998 0.0210 0.0000	</row0>
			<row1>	-0.9997 0.0005 0.0259 0.0000	</row1>
			<row2>	-0.0259 -0.0210 -0.9994 0.0000	</row2>
			<row3>	-0.4344 0.4661 1.2372 1.0000	</row3>
		</transform>
	</node>
	<node>
		<identifier>	MP_FM526_Raft_INDEX_17	</identifier>
		<parent>	Scene Root	</parent>
		<transform>
			<row0>	0.0001 -0.9996 0.0294 0.0000	</row0>
			<row1>	-0.9995 0.0008 0.0309 0.0000	</row1>
			<row2>	-0.0309 -0.0294 -0.9991 0.0000	</row2>
			<row3>	-0.4144 0.4857 1.9351 1.0000	</row3>
		</transform>
	</node>
	<node>
		<identifier>	MP_FM526_Raft_INDEX_18	</identifier>
		<parent>	Scene Root	</parent>
		<transform>
			<row0>	0.0000 -1.0000 0.0000 0.0000	</row0>
			<row1>	-0.9997 0.0000 -0.0237 0.0000	</row1>
			<row2>	0.0237 0.0000 -0.9997 0.0000	</row2>
			<row3>	-0.4488 0.2763 -1.5351 1.0000	</row3>
		</transform>
	</node>
	<node>
		<identifier>	MP_FM526_Raft_INDEX_19	</identifier>
		<parent>	Scene Root	</parent>
		<transform>
			<row0>	-0.9998 -0.0218 0.0002 0.0000	</row0>
			<row1>	-0.0218 0.9997 -0.0069 0.0000	</row1>
			<row2>	0.0000 -0.0069 -1.0000 0.0000	</row2>
			<row3>	-0.3098 0.4244 0.0514 1.0000	</row3>
		</transform>
	</node>
	<node>
		<identifier>	MP_FM526_Raft_INDEX_2	</identifier>
		<parent>	Scene Root	</parent>
		<transform>
			<row0>	0.0001 0.9996 -0.0294 0.0000	</row0>
			<row1>	0.9995 0.0008 0.0309 0.0000	</row1>
			<row2>	0.0309 -0.0294 -0.9991 0.0000	</row2>
			<row3>	0.4144 0.4857 1.9351 1.0000	</row3>
		</transform>
	</node>
	<node>
		<identifier>	MP_FM526_Raft_INDEX_3	</identifier>
		<parent>	Scene Root	</parent>
		<transform>
			<row0>	0.0000 1.0000 0.0000 0.0000	</row0>
			<row1>	0.9997 0.0000 -0.0237 0.0000	</row1>
			<row2>	-0.0237 0.0000 -0.9997 0.0000	</row2>
			<row3>	0.4488 0.2763 -1.5351 1.0000	</row3>
		</transform>
	</node>
	<node>
		<identifier>	MP_FM526_Raft_INDEX_4	</identifier>
		<parent>	Scene Root	</parent>
		<transform>
			<row0>	0.0000 1.0000 0.0000 0.0000	</row0>
			<row1>	0.9997 0.0000 -0.0238 0.0000	</row1>
			<row2>	-0.0238 0.0000 -0.9997 0.0000	</row2>
			<row3>	0.4456 0.2763 -1.6663 1.0000	</row3>
		</transform>
	</node>
	<node>
		<identifier>	MP_FM526_Raft_INDEX_5	</identifier>
		<parent>	Scene Root	</parent>
		<transform>
			<row0>	-0.9998 -0.0218 0.0002 0.0000	</row0>
			<row1>	-0.0218 0.9997 -0.0069 0.0000	</row1>
			<row2>	0.0000 -0.0069 -1.0000 0.0000	</row2>
			<row3>	-0.3947 0.4426 0.0512 1.0000	</row3>
		</transform>
	</node>
	<node>
		<identifier>	MP_FM526_Raft_INDEX_6	</identifier>
		<parent>	Scene Root	</parent>
		<transform>
			<row0>	0.0001 0.9996 -0.0294 0.0000	</row0>
			<row1>	0.9995 0.0008 0.0309 0.0000	</row1>
			<row2>	0.0309 -0.0294 -0.9991 0.0000	</row2>
			<row3>	0.4199 0.4804 1.7619 1.0000	</row3>
		</transform>
	</node>
	<node>
		<identifier>	MP_FM526_Raft_INDEX_7	</identifier>
		<parent>	Scene Root	</parent>
		<transform>
			<row0>	-0.9998 -0.0218 0.0002 0.0000	</row0>
			<row1>	-0.0218 0.9997 -0.0069 0.0000	</row1>
			<row2>	0.0000 -0.0069 -1.0000 0.0000	</row2>
			<row3>	-0.3943 0.4226 0.0514 1.0000	</row3>
		</transform>
	</node>
	<node>
		<identifier>	MP_FM526_Raft_INDEX_8	</identifier>
		<parent>	Scene Root	</parent>
		<transform>
			<row0>	0.0000 -1.0000 0.0000 0.0000	</row0>
			<row1>	-0.9999 0.0000 -0.0168 0.0000	</row1>
			<row2>	0.0168 0.0000 -0.9999 0.0000	</row2>
			<row3>	-0.4543 0.2774 -1.2291 1.0000	</row3>
		</transform>
	</node>
	<node>
		<identifier>	MP_FM526_Raft_INDEX_9	</identifier>
		<parent>	Scene Root	</parent>
		<transform>
			<row0>	0.0000 1.0000 0.0000 0.0000	</row0>
			<row1>	0.9999 0.0000 -0.0168 0.0000	</row1>
			<row2>	-0.0168 0.0000 -0.9999 0.0000	</row2>
			<row3>	0.4543 0.2774 -1.2291 1.0000	</row3>
		</transform>
	</node>
	<node>
		<identifier>	MP_FM532_Whaleboat_7m	</identifier>
		<parent>	Scene Root	</parent>
		<transform>
			<row0>	0.9999 0.0108 -0.0002 0.0000	</row0>
			<row1>	-0.0108 0.9998 -0.0154 0.0000	</row1>
			<row2>	0.0000 0.0154 0.9999 0.0000	</row2>
			<row3>	0.4154 0.3103 0.4090 1.0000	</row3>
		</transform>
	</node>
	<node>
		<identifier>	MP_FM534_Motorboat_7m	</identifier>
		<parent>	Scene Root	</parent>
		<transform>
			<row0>	1.0000 0.0021 0.0002 0.0000	</row0>
			<row1>	-0.0022 0.9970 0.0774 0.0000	</row1>
			<row2>	0.0000 -0.0774 0.9970 0.0000	</row2>
			<row3>	-0.1499 0.4843 0.5732 1.0000	</row3>
		</transform>
	</node>
	<node>
		<identifier>	MP_FM534_Motorboat_7m_INDEX_1	</identifier>
		<parent>	Scene Root	</parent>
		<transform>
			<row0>	0.9992 0.0396 -0.0007 0.0000	</row0>
			<row1>	-0.0395 0.9981 0.0469 0.0000	</row1>
			<row2>	0.0025 -0.0468 0.9989 0.0000	</row2>
			<row3>	-0.3994 0.2813 0.4290 1.0000	</row3>
		</transform>
	</node>
	<node>
		<identifier>	MP_FM535_Launch_8m	</identifier>
		<parent>	Scene Root	</parent>
		<transform>
			<row0>	1.0000 0.0000 0.0000 0.0000	</row0>
			<row1>	0.0000 1.0000 0.0000 0.0000	</row1>
			<row2>	0.0000 0.0000 1.0000 0.0000	</row2>
			<row3>	0.1593 0.4769 0.6105 1.0000	</row3>
		</transform>
	</node>
	<node>
		<identifier>	MP_FM604_Magnetic_Compass	</identifier>
		<parent>	Scene Root	</parent>
		<transform>
			<row0>	1.0000 0.0000 0.0000 0.0000	</row0>
			<row1>	0.0000 1.0000 0.0000 0.0000	</row1>
			<row2>	0.0000 0.0000 1.0000 0.0000	</row2>
			<row3>	0.0000 0.6080 -1.4266 1.0000	</row3>
		</transform>
	</node>
	<node>
		<identifier>	MP_FM607_Voice_Tube	</identifier>
		<parent>	Scene Root	</parent>
		<transform>
			<row0>	1.0000 0.0000 0.0000 0.0000	</row0>
			<row1>	0.0000 1.0000 0.0000 0.0000	</row1>
			<row2>	0.0000 0.0000 1.0000 0.0000	</row2>
			<row3>	0.0000 0.6342 -1.2621 1.0000	</row3>
		</transform>
	</node>
	<node>
		<identifier>	MP_FM607_Voice_Tube_INDEX_1	</identifier>
		<parent>	Scene Root	</parent>
		<transform>
			<row0>	0.7071 0.0000 -0.7071 0.0000	</row0>
			<row1>	0.0000 1.0000 0.0000 0.0000	</row1>
			<row2>	0.7071 0.0000 0.7071 0.0000	</row2>
			<row3>	0.2321 0.7688 2.3358 1.0000	</row3>
		</transform>
	</node>
	<node>
		<identifier>	MP_FM607_Voice_Tube_INDEX_2	</identifier>
		<parent>	Scene Root	</parent>
		<transform>
			<row0>	0.7071 0.0000 0.7071 0.0000	</row0>
			<row1>	0.0000 1.0000 0.0000 0.0000	</row1>
			<row2>	-0.7071 0.0000 0.7071 0.0000	</row2>
			<row3>	-0.2321 0.7688 2.3358 1.0000	</row3>
		</transform>
	</node>
	<node>
		<identifier>	MP_FM607_Voice_Tube_INDEX_3	</identifier>
		<parent>	Scene Root	</parent>
		<transform>
			<row0>	1.0000 0.0000 0.0000 0.0000	</row0>
			<row1>	0.0000 1.0000 0.0000 0.0000	</row1>
			<row2>	0.0000 0.0000 1.0000 0.0000	</row2>
			<row3>	0.0461 0.7688 2.2297 1.0000	</row3>
		</transform>
	</node>
	<node>
		<identifier>	MP_FM610_Speakerphone	</identifier>
		<parent>	Scene Root	</parent>
		<transform>
			<row0>	1.0000 0.0000 0.0000 0.0000	</row0>
			<row1>	0.0000 1.0000 0.0000 0.0000	</row1>
			<row2>	0.0000 0.0000 1.0000 0.0000	</row2>
			<row3>	-0.0463 0.8421 2.2990 1.0000	</row3>
		</transform>
	</node>
	<node>
		<identifier>	MP_FM610_Speakerphone_INDEX_1	</identifier>
		<parent>	Scene Root	</parent>
		<transform>
			<row0>	1.0000 0.0000 0.0000 0.0000	</row0>
			<row1>	0.0000 1.0000 0.0000 0.0000	</row1>
			<row2>	0.0000 0.0000 1.0000 0.0000	</row2>
			<row3>	0.0879 0.8421 2.2990 1.0000	</row3>
		</transform>
	</node>
	<node>
		<identifier>	MP_FM613_Gyro_Repeater	</identifier>
		<parent>	Scene Root	</parent>
		<transform>
			<row0>	1.0000 0.0000 0.0000 0.0000	</row0>
			<row1>	0.0000 1.0000 0.0000 0.0000	</row1>
			<row2>	0.0000 0.0000 1.0000 0.0000	</row2>
			<row3>	-0.0011 0.7674 2.4497 1.0000	</row3>
		</transform>
	</node>
	<node>
		<identifier>	MP_FM866_Signal_lamp	</identifier>
		<parent>	Scene Root	</parent>
		<transform>
			<row0>	0.0000 0.0000 1.0000 0.0000	</row0>
			<row1>	0.0000 1.0000 0.0000 0.0000	</row1>
			<row2>	-1.0000 0.0000 0.0000 0.0000	</row2>
			<row3>	-0.2606 0.7962 2.0890 1.0000	</row3>
		</transform>
	</node>
	<node>
		<identifier>	MP_FM866_Signal_lamp_INDEX_1	</identifier>
		<parent>	Scene Root	</parent>
		<transform>
			<row0>	0.0000 0.0000 -1.0000 0.0000	</row0>
			<row1>	0.0000 1.0000 0.0000 0.0000	</row1>
			<row2>	1.0000 0.0000 0.0000 0.0000	</row2>
			<row3>	0.2606 0.7962 2.0890 1.0000	</row3>
		</transform>
	</node>
	<node>
		<identifier>	MP_IM951_Anchor_up	</identifier>
		<parent>	Scene Root	</parent>
		<transform>
			<row0>	0.6423 -0.0922 -0.0382 0.0000	</row0>
			<row1>	-0.0031 0.2297 -0.6081 0.0000	</row1>
			<row2>	0.0998 0.6010 0.2265 0.0000	</row2>
			<row3>	0.1627 0.3981 4.5007 1.0000	</row3>
		</transform>
	</node>
	<node>
		<identifier>	MP_IM951_Anchor_up_INDEX_1	</identifier>
		<parent>	Scene Root	</parent>
		<transform>
			<row0>	0.6423 0.0922 0.0382 0.0000	</row0>
			<row1>	0.0031 0.2297 -0.6081 0.0000	</row1>
			<row2>	-0.0998 0.6010 0.2265 0.0000	</row2>
			<row3>	-0.1627 0.3981 4.5007 1.0000	</row3>
		</transform>
	</node>
	<node>
		<identifier>	MP_IM952_Anchor_Bottom	</identifier>
		<parent>	Scene Root	</parent>
		<transform>
			<row0>	0.5668 -0.1902 0.2551 0.0000	</row0>
			<row1>	0.3021 0.1584 -0.5533 0.0000	</row1>
			<row2>	0.0998 0.6010 0.2265 0.0000	</row2>
			<row3>	0.1627 0.3981 4.5007 1.0000	</row3>
		</transform>
	</node>
	<node>
		<identifier>	MP_IM952_Anchor_Bottom_INDEX_1	</identifier>
		<parent>	Scene Root	</parent>
		<transform>
			<row0>	0.5668 0.1902 -0.2551 0.0000	</row0>
			<row1>	-0.3021 0.1584 -0.5533 0.0000	</row1>
			<row2>	-0.0998 0.6010 0.2265 0.0000	</row2>
			<row3>	-0.1627 0.3981 4.5007 1.0000	</row3>
		</transform>
	</node>
	<node>
		<identifier>	SP_YMS001_YHBM_M_1	</identifier>
		<parent>	Scene Root	</parent>
		<transform>
			<row0>	0.8872 0.0000 0.0000 0.0000	</row0>
			<row1>	0.0000 0.8872 0.0000 0.0000	</row1>
			<row2>	0.0000 0.0000 0.8872 0.0000	</row2>
			<row3>	0.0000 0.4779 4.7639 1.0000	</row3>
		</transform>
	</node>
	<node>
		<identifier>	SP_YMS002_YHBL_M_1	</identifier>
		<parent>	Scene Root	</parent>
		<transform>
			<row0>	1.0000 0.0000 0.0000 0.0000	</row0>
			<row1>	0.0000 0.9940 -0.1097 0.0000	</row1>
			<row2>	0.0000 0.1097 0.9940 0.0000	</row2>
			<row3>	0.0000 0.4779 4.7639 1.0000	</row3>
		</transform>
	</node>
	<node>
		<identifier>	SP_YMS003_YHBR_M_1	</identifier>
		<parent>	Scene Root	</parent>
		<transform>
			<row0>	1.0000 0.0000 0.0000 0.0000	</row0>
			<row1>	0.0000 0.9940 -0.1097 0.0000	</row1>
			<row2>	0.0000 0.1097 0.9940 0.0000	</row2>
			<row3>	0.0000 0.4779 4.7639 1.0000	</row3>
		</transform>
	</node>
	<node>
		<identifier>	SP_YMS004_YHXL_L_1	</identifier>
		<parent>	Scene Root	</parent>
		<transform>
			<row0>	0.8596 0.4252 -0.2834 0.0000	</row0>
			<row1>	-0.4434 0.8963 0.0000 0.0000	</row1>
			<row2>	0.2540 0.1257 0.9590 0.0000	</row2>
			<row3>	-0.1210 0.3124 4.3924 1.0000	</row3>
		</transform>
	</node>
	<node>
		<identifier>	SP_YMS005_YHXR_L_1	</identifier>
		<parent>	Scene Root	</parent>
		<transform>
			<row0>	0.8596 -0.4252 0.2834 0.0000	</row0>
			<row1>	0.4434 0.8963 0.0000 0.0000	</row1>
			<row2>	-0.2540 0.1257 0.9590 0.0000	</row2>
			<row3>	0.1210 0.3124 4.3924 1.0000	</row3>
		</transform>
	</node>
	<node>
		<identifier>	SP_YMS010_YHWM_L_1	</identifier>
		<parent>	Scene Root	</parent>
		<transform>
			<row0>	0.6228 0.0000 0.0000 0.0000	</row0>
			<row1>	0.0000 0.6228 0.0000 0.0000	</row1>
			<row2>	0.0000 0.0000 0.6228 0.0000	</row2>
			<row3>	0.0000 0.0259 4.7553 1.0000	</row3>
		</transform>
	</node>
	<node>
		<identifier>	SP_YMS011_YHWL_M_1	</identifier>
		<parent>	Scene Root	</parent>
		<transform>
			<row0>	1.0000 0.0000 0.0000 0.0000	</row0>
			<row1>	0.0000 1.0000 0.0000 0.0000	</row1>
			<row2>	0.0000 0.0000 1.0000 0.0000	</row2>
			<row3>	-0.4919 0.0000 -0.4701 1.0000	</row3>
		</transform>
	</node>
	<node>
		<identifier>	SP_YMS011_YHWL_M_1_INDEX_1	</identifier>
		<parent>	Scene Root	</parent>
		<transform>
			<row0>	0.9966 0.0775 -0.0271 0.0000	</row0>
			<row1>	-0.0776 0.9970 -0.0010 0.0000	</row1>
			<row2>	0.0269 0.0031 0.9996 0.0000	</row2>
			<row3>	-0.4784 0.0000 0.3731 1.0000	</row3>
		</transform>
	</node>
	<node>
		<identifier>	SP_YMS011_YHWL_M_1_INDEX_2	</identifier>
		<parent>	Scene Root	</parent>
		<transform>
			<row0>	0.9995 0.0256 0.0185 0.0000	</row0>
			<row1>	-0.0256 0.9997 -0.0005 0.0000	</row1>
			<row2>	-0.0185 0.0000 0.9998 0.0000	</row2>
			<row3>	-0.4841 0.0000 -1.3162 1.0000	</row3>
		</transform>
	</node>
	<node>
		<identifier>	SP_YMS011_YHWL_M_1_INDEX_3	</identifier>
		<parent>	Scene Root	</parent>
		<transform>
			<row0>	0.9548 0.2709 -0.1223 0.0000	</row0>
			<row1>	-0.2692 0.9626 0.0310 0.0000	</row1>
			<row2>	0.1261 0.0034 0.9920 0.0000	</row2>
			<row3>	-0.2784 0.0023 2.9059 1.0000	</row3>
		</transform>
	</node>
	<node>
		<identifier>	SP_YMS011_YHWL_M_1_INDEX_4	</identifier>
		<parent>	Scene Root	</parent>
		<transform>
			<row0>	0.9892 0.1322 -0.0633 0.0000	</row0>
			<row1>	-0.1321 0.9912 0.0049 0.0000	</row1>
			<row2>	0.0634 0.0035 0.9980 0.0000	</row2>
			<row3>	-0.4387 0.0017 1.2180 1.0000	</row3>
		</transform>
	</node>
	<node>
		<identifier>	SP_YMS011_YHWL_M_1_INDEX_7	</identifier>
		<parent>	Scene Root	</parent>
		<transform>
			<row0>	0.9734 0.2094 -0.0932 0.0000	</row0>
			<row1>	-0.2084 0.9778 0.0200 0.0000	</row1>
			<row2>	0.0953 0.0000 0.9954 0.0000	</row2>
			<row3>	-0.3722 0.0030 2.0630 1.0000	</row3>
		</transform>
	</node>
	<node>
		<identifier>	SP_YMS012_YHWR_M_1	</identifier>
		<parent>	Scene Root	</parent>
		<transform>
			<row0>	0.9548 -0.2709 0.1223 0.0000	</row0>
			<row1>	0.2692 0.9626 0.0310 0.0000	</row1>
			<row2>	-0.1261 0.0034 0.9920 0.0000	</row2>
			<row3>	0.2784 0.0023 2.9059 1.0000	</row3>
		</transform>
	</node>
	<node>
		<identifier>	SP_YMS012_YHWR_M_1_INDEX_1	</identifier>
		<parent>	Scene Root	</parent>
		<transform>
			<row0>	1.0000 0.0000 0.0000 0.0000	</row0>
			<row1>	0.0000 1.0000 0.0000 0.0000	</row1>
			<row2>	0.0000 0.0000 1.0000 0.0000	</row2>
			<row3>	0.4919 0.0000 -0.4701 1.0000	</row3>
		</transform>
	</node>
	<node>
		<identifier>	SP_YMS012_YHWR_M_1_INDEX_3	</identifier>
		<parent>	Scene Root	</parent>
		<transform>
			<row0>	0.9734 -0.2094 0.0932 0.0000	</row0>
			<row1>	0.2084 0.9778 0.0200 0.0000	</row1>
			<row2>	-0.0953 0.0000 0.9954 0.0000	</row2>
			<row3>	0.3722 0.0030 2.0630 1.0000	</row3>
		</transform>
	</node>
	<node>
		<identifier>	SP_YMS012_YHWR_M_1_INDEX_5	</identifier>
		<parent>	Scene Root	</parent>
		<transform>
			<row0>	0.9995 -0.0256 -0.0185 0.0000	</row0>
			<row1>	0.0256 0.9997 -0.0005 0.0000	</row1>
			<row2>	0.0185 0.0000 0.9998 0.0000	</row2>
			<row3>	0.4841 0.0000 -1.3162 1.0000	</row3>
		</transform>
	</node>
	<node>
		<identifier>	SP_YMS012_YHWR_M_1_INDEX_6	</identifier>
		<parent>	Scene Root	</parent>
		<transform>
			<row0>	0.9892 -0.1322 0.0633 0.0000	</row0>
			<row1>	0.1321 0.9912 0.0049 0.0000	</row1>
			<row2>	-0.0634 0.0035 0.9980 0.0000	</row2>
			<row3>	0.4387 0.0017 1.2180 1.0000	</row3>
		</transform>
	</node>
	<node>
		<identifier>	SP_YMS012_YHWR_M_1_INDEX_7	</identifier>
		<parent>	Scene Root	</parent>
		<transform>
			<row0>	0.9966 -0.0775 0.0271 0.0000	</row0>
			<row1>	0.0776 0.9970 -0.0010 0.0000	</row1>
			<row2>	-0.0269 0.0031 0.9996 0.0000	</row2>
			<row3>	0.4784 0.0000 0.3731 1.0000	</row3>
		</transform>
	</node>
	<node>
		<identifier>	SP_YMS020_YHBU_M_1	</identifier>
		<parent>	Scene Root	</parent>
		<transform>
			<row0>	1.0000 0.0000 0.0000 0.0000	</row0>
			<row1>	0.0000 1.0000 0.0000 0.0000	</row1>
			<row2>	0.0000 0.0000 1.0000 0.0000	</row2>
			<row3>	0.0000 0.0000 4.5771 1.0000	</row3>
		</transform>
	</node>
	<node>
		<identifier>	SP_YMS021_YHUC_S_1	</identifier>
		<parent>	Scene Root	</parent>
		<transform>
