<FSB003_Richelieu_1944_MidFront.skel_ext>
	<exported>	true	</exported>
	<node>
		<identifier>	MP_CM011_Fire_Fighting_Gear	</identifier>
		<parent>	Scene Root	</parent>
		<transform>
			<row0>	-1.0000 0.0000 0.0000 0.0000	</row0>
			<row1>	0.0000 1.0000 0.0000 0.0000	</row1>
			<row2>	0.0000 0.0000 -1.0000 0.0000	</row2>
			<row3>	0.0975 1.2494 -0.0509 1.0000	</row3>
		</transform>
	</node>
	<node>
		<identifier>	MP_CM011_Fire_Fighting_Gear_INDEX_1	</identifier>
		<parent>	Scene Root	</parent>
		<transform>
			<row0>	0.0000 0.0000 1.0000 0.0000	</row0>
			<row1>	0.0000 1.0000 0.0000 0.0000	</row1>
			<row2>	-1.0000 0.0000 0.0000 0.0000	</row2>
			<row3>	0.1325 1.1068 0.0360 1.0000	</row3>
		</transform>
	</node>
	<node>
		<identifier>	MP_CM011_Fire_Fighting_Gear_INDEX_10	</identifier>
		<parent>	Scene Root	</parent>
		<transform>
			<row0>	0.0000 0.0000 -1.0000 0.0000	</row0>
			<row1>	0.0000 1.0000 0.0000 0.0000	</row1>
			<row2>	1.0000 0.0000 0.0000 0.0000	</row2>
			<row3>	-0.5713 0.5532 -0.7243 1.0000	</row3>
		</transform>
	</node>
	<node>
		<identifier>	MP_CM011_Fire_Fighting_Gear_INDEX_11	</identifier>
		<parent>	Scene Root	</parent>
		<transform>
			<row0>	-0.5000 0.0000 0.8660 0.0000	</row0>
			<row1>	0.0000 1.0000 0.0000 0.0000	</row1>
			<row2>	-0.8660 0.0000 -0.5000 0.0000	</row2>
			<row3>	0.4252 0.3894 1.5214 1.0000	</row3>
		</transform>
	</node>
	<node>
		<identifier>	MP_CM011_Fire_Fighting_Gear_INDEX_12	</identifier>
		<parent>	Scene Root	</parent>
		<transform>
			<row0>	0.0000 0.0000 -1.0000 0.0000	</row0>
			<row1>	0.0000 1.0000 0.0000 0.0000	</row1>
			<row2>	1.0000 0.0000 0.0000 0.0000	</row2>
			<row3>	-0.1325 1.1068 0.0360 1.0000	</row3>
		</transform>
	</node>
	<node>
		<identifier>	MP_CM011_Fire_Fighting_Gear_INDEX_13	</identifier>
		<parent>	Scene Root	</parent>
		<transform>
			<row0>	-0.4569 0.0000 -0.8895 0.0000	</row0>
			<row1>	0.0000 1.0000 0.0000 0.0000	</row1>
			<row2>	0.8895 0.0000 -0.4569 0.0000	</row2>
			<row3>	-0.4056 0.4121 3.7224 1.0000	</row3>
		</transform>
	</node>
	<node>
		<identifier>	MP_CM011_Fire_Fighting_Gear_INDEX_14	</identifier>
		<parent>	Scene Root	</parent>
		<transform>
			<row0>	0.6428 0.0000 0.7660 0.0000	</row0>
			<row1>	0.0000 1.0000 0.0000 0.0000	</row1>
			<row2>	-0.7660 0.0000 0.6428 0.0000	</row2>
			<row3>	0.3427 0.5527 0.9766 1.0000	</row3>
		</transform>
	</node>
	<node>
		<identifier>	MP_CM011_Fire_Fighting_Gear_INDEX_2	</identifier>
		<parent>	Scene Root	</parent>
		<transform>
			<row0>	0.6428 0.0000 -0.7660 0.0000	</row0>
			<row1>	0.0000 1.0000 0.0000 0.0000	</row1>
			<row2>	0.7660 0.0000 0.6428 0.0000	</row2>
			<row3>	-0.3427 0.5527 0.9766 1.0000	</row3>
		</transform>
	</node>
	<node>
		<identifier>	MP_CM011_Fire_Fighting_Gear_INDEX_3	</identifier>
		<parent>	Scene Root	</parent>
		<transform>
			<row0>	1.0000 0.0000 0.0000 0.0000	</row0>
			<row1>	0.0000 1.0000 0.0000 0.0000	</row1>
			<row2>	0.0000 0.0000 1.0000 0.0000	</row2>
			<row3>	-0.0083 0.7168 -0.7696 1.0000	</row3>
		</transform>
	</node>
	<node>
		<identifier>	MP_CM011_Fire_Fighting_Gear_INDEX_4	</identifier>
		<parent>	Scene Root	</parent>
		<transform>
			<row0>	-0.5000 0.0000 -0.8660 0.0000	</row0>
			<row1>	0.0000 1.0000 0.0000 0.0000	</row1>
			<row2>	0.8660 0.0000 -0.5000 0.0000	</row2>
			<row3>	-0.4252 0.3894 1.5214 1.0000	</row3>
		</transform>
	</node>
	<node>
		<identifier>	MP_CM011_Fire_Fighting_Gear_INDEX_5	</identifier>
		<parent>	Scene Root	</parent>
		<transform>
			<row0>	0.0000 0.0000 -1.0000 0.0000	</row0>
			<row1>	0.0000 1.0000 0.0000 0.0000	</row1>
			<row2>	1.0000 0.0000 0.0000 0.0000	</row2>
			<row3>	-0.2582 0.7171 -0.3697 1.0000	</row3>
		</transform>
	</node>
	<node>
		<identifier>	MP_CM011_Fire_Fighting_Gear_INDEX_6	</identifier>
		<parent>	Scene Root	</parent>
		<transform>
			<row0>	0.0000 0.0000 1.0000 0.0000	</row0>
			<row1>	0.0000 1.0000 0.0000 0.0000	</row1>
			<row2>	-1.0000 0.0000 0.0000 0.0000	</row2>
			<row3>	0.2582 0.7171 -0.3697 1.0000	</row3>
		</transform>
	</node>
	<node>
		<identifier>	MP_CM011_Fire_Fighting_Gear_INDEX_7	</identifier>
		<parent>	Scene Root	</parent>
		<transform>
			<row0>	-0.4569 0.0000 0.8895 0.0000	</row0>
			<row1>	0.0000 1.0000 0.0000 0.0000	</row1>
			<row2>	-0.8895 0.0000 -0.4569 0.0000	</row2>
			<row3>	0.4056 0.4121 3.7224 1.0000	</row3>
		</transform>
	</node>
	<node>
		<identifier>	MP_CM011_Fire_Fighting_Gear_INDEX_8	</identifier>
		<parent>	Scene Root	</parent>
		<transform>
			<row0>	0.0000 0.0000 1.0000 0.0000	</row0>
			<row1>	0.0000 1.0000 0.0000 0.0000	</row1>
			<row2>	-1.0000 0.0000 0.0000 0.0000	</row2>
			<row3>	0.5713 0.5532 -0.7243 1.0000	</row3>
		</transform>
	</node>
	<node>
		<identifier>	MP_CM011_Fire_Fighting_Gear_INDEX_9	</identifier>
		<parent>	Scene Root	</parent>
		<transform>
			<row0>	-1.0000 0.0000 0.0000 0.0000	</row0>
			<row1>	0.0000 1.0000 0.0000 0.0000	</row1>
			<row2>	0.0000 0.0000 -1.0000 0.0000	</row2>
			<row3>	-0.0975 1.2494 -0.0509 1.0000	</row3>
		</transform>
	</node>
	<node>
		<identifier>	MP_CM012_Fire_Hose_Rack_1	</identifier>
		<parent>	Scene Root	</parent>
		<transform>
			<row0>	-0.8780 0.0000 -0.4787 0.0000	</row0>
			<row1>	0.0000 1.0000 0.0000 0.0000	</row1>
			<row2>	0.4787 0.0000 -0.8780 0.0000	</row2>
			<row3>	0.4136 0.4587 3.6948 1.0000	</row3>
		</transform>
	</node>
	<node>
		<identifier>	MP_CM012_Fire_Hose_Rack_1_INDEX_1	</identifier>
		<parent>	Scene Root	</parent>
		<transform>
			<row0>	0.7730 0.0000 0.6344 0.0000	</row0>
			<row1>	0.0000 1.0000 0.0000 0.0000	</row1>
			<row2>	-0.6344 0.0000 0.7730 0.0000	</row2>
			<row3>	-0.3660 0.5886 1.0137 1.0000	</row3>
		</transform>
	</node>
	<node>
		<identifier>	MP_CM012_Fire_Hose_Rack_1_INDEX_10	</identifier>
		<parent>	Scene Root	</parent>
		<transform>
			<row0>	0.9569 0.0000 -0.2903 0.0000	</row0>
			<row1>	0.0000 1.0000 0.0000 0.0000	</row1>
			<row2>	0.2903 0.0000 0.9569 0.0000	</row2>
			<row3>	-0.4449 0.4476 1.4565 1.0000	</row3>
		</transform>
	</node>
	<node>
		<identifier>	MP_CM012_Fire_Hose_Rack_1_INDEX_11	</identifier>
		<parent>	Scene Root	</parent>
		<transform>
			<row0>	-1.0000 0.0000 0.0000 0.0000	</row0>
			<row1>	0.0000 1.0000 0.0000 0.0000	</row1>
			<row2>	0.0000 0.0000 -1.0000 0.0000	</row2>
			<row3>	0.2529 0.7782 -0.4179 1.0000	</row3>
		</transform>
	</node>
	<node>
		<identifier>	MP_CM012_Fire_Hose_Rack_1_INDEX_12	</identifier>
		<parent>	Scene Root	</parent>
		<transform>
			<row0>	-0.9032 0.0000 -0.4292 0.0000	</row0>
			<row1>	0.0000 1.0000 0.0000 0.0000	</row1>
			<row2>	0.4292 0.0000 -0.9032 0.0000	</row2>
			<row3>	0.1732 1.1698 -0.1207 1.0000	</row3>
		</transform>
	</node>
	<node>
		<identifier>	MP_CM012_Fire_Hose_Rack_1_INDEX_13	</identifier>
		<parent>	Scene Root	</parent>
		<transform>
			<row0>	1.0000 0.0000 0.0000 0.0000	</row0>
			<row1>	0.0000 1.0000 0.0000 0.0000	</row1>
			<row2>	0.0000 0.0000 1.0000 0.0000	</row2>
			<row3>	-0.2529 0.7782 -0.4179 1.0000	</row3>
		</transform>
	</node>
	<node>
		<identifier>	MP_CM012_Fire_Hose_Rack_1_INDEX_14	</identifier>
		<parent>	Scene Root	</parent>
		<transform>
			<row0>	-1.0000 0.0000 0.0000 0.0000	</row0>
			<row1>	0.0000 1.0000 0.0000 0.0000	</row1>
			<row2>	0.0000 0.0000 -1.0000 0.0000	</row2>
			<row3>	0.5660 0.6012 -0.7018 1.0000	</row3>
		</transform>
	</node>
	<node>
		<identifier>	MP_CM012_Fire_Hose_Rack_1_INDEX_15	</identifier>
		<parent>	Scene Root	</parent>
		<transform>
			<row0>	-0.7730 0.0000 0.6344 0.0000	</row0>
			<row1>	0.0000 1.0000 0.0000 0.0000	</row1>
			<row2>	-0.6344 0.0000 -0.7730 0.0000	</row2>
			<row3>	0.3660 0.5886 1.0137 1.0000	</row3>
		</transform>
	</node>
	<node>
		<identifier>	MP_CM012_Fire_Hose_Rack_1_INDEX_16	</identifier>
		<parent>	Scene Root	</parent>
		<transform>
			<row0>	1.0000 0.0000 0.0000 0.0000	</row0>
			<row1>	0.0000 1.0000 0.0000 0.0000	</row1>
			<row2>	0.0000 0.0000 1.0000 0.0000	</row2>
			<row3>	-0.5660 0.6012 -0.7018 1.0000	</row3>
		</transform>
	</node>
	<node>
		<identifier>	MP_CM012_Fire_Hose_Rack_1_INDEX_17	</identifier>
		<parent>	Scene Root	</parent>
		<transform>
			<row0>	0.8780 0.0000 -0.4787 0.0000	</row0>
			<row1>	0.0000 1.0000 0.0000 0.0000	</row1>
			<row2>	0.4787 0.0000 0.8780 0.0000	</row2>
			<row3>	-0.4136 0.4587 3.6948 1.0000	</row3>
		</transform>
	</node>
	<node>
		<identifier>	MP_CM012_Fire_Hose_Rack_1_INDEX_18	</identifier>
		<parent>	Scene Root	</parent>
		<transform>
			<row0>	-1.0000 0.0000 0.0000 0.0000	</row0>
			<row1>	0.0000 1.0000 0.0000 0.0000	</row1>
			<row2>	0.0000 0.0000 -1.0000 0.0000	</row2>
			<row3>	0.2528 1.4692 -0.4259 1.0000	</row3>
		</transform>
	</node>
	<node>
		<identifier>	MP_CM012_Fire_Hose_Rack_1_INDEX_19	</identifier>
		<parent>	Scene Root	</parent>
		<transform>
			<row0>	0.9032 0.0000 -0.4292 0.0000	</row0>
			<row1>	0.0000 1.0000 0.0000 0.0000	</row1>
			<row2>	0.4292 0.0000 0.9032 0.0000	</row2>
			<row3>	-0.2401 1.8057 -0.2608 1.0000	</row3>
		</transform>
	</node>
	<node>
		<identifier>	MP_CM012_Fire_Hose_Rack_1_INDEX_2	</identifier>
		<parent>	Scene Root	</parent>
		<transform>
			<row0>	0.9032 0.0000 -0.4292 0.0000	</row0>
			<row1>	0.0000 1.0000 0.0000 0.0000	</row1>
			<row2>	0.4292 0.0000 0.9032 0.0000	</row2>
			<row3>	-0.1732 1.3015 -0.1207 1.0000	</row3>
		</transform>
	</node>
	<node>
		<identifier>	MP_CM012_Fire_Hose_Rack_1_INDEX_20	</identifier>
		<parent>	Scene Root	</parent>
		<transform>
			<row0>	-0.9032 0.0000 -0.4292 0.0000	</row0>
			<row1>	0.0000 1.0000 0.0000 0.0000	</row1>
			<row2>	0.4292 0.0000 -0.9032 0.0000	</row2>
			<row3>	0.2346 0.9877 -0.2494 1.0000	</row3>
		</transform>
	</node>
	<node>
		<identifier>	MP_CM012_Fire_Hose_Rack_1_INDEX_3	</identifier>
		<parent>	Scene Root	</parent>
		<transform>
			<row0>	-0.9032 0.0000 -0.4292 0.0000	</row0>
			<row1>	0.0000 1.0000 0.0000 0.0000	</row1>
			<row2>	0.4292 0.0000 -0.9032 0.0000	</row2>
			<row3>	0.1732 1.3015 -0.1207 1.0000	</row3>
		</transform>
	</node>
	<node>
		<identifier>	MP_CM012_Fire_Hose_Rack_1_INDEX_4	</identifier>
		<parent>	Scene Root	</parent>
		<transform>
			<row0>	0.9032 0.0000 -0.4292 0.0000	</row0>
			<row1>	0.0000 1.0000 0.0000 0.0000	</row1>
			<row2>	0.4292 0.0000 0.9032 0.0000	</row2>
			<row3>	-0.1732 1.1698 -0.1207 1.0000	</row3>
		</transform>
	</node>
	<node>
		<identifier>	MP_CM012_Fire_Hose_Rack_1_INDEX_5	</identifier>
		<parent>	Scene Root	</parent>
		<transform>
			<row0>	1.0000 0.0000 0.0000 0.0000	</row0>
			<row1>	0.0000 1.0000 0.0000 0.0000	</row1>
			<row2>	0.0000 0.0000 1.0000 0.0000	</row2>
			<row3>	-0.2528 1.4692 -0.4259 1.0000	</row3>
		</transform>
	</node>
	<node>
		<identifier>	MP_CM012_Fire_Hose_Rack_1_INDEX_6	</identifier>
		<parent>	Scene Root	</parent>
		<transform>
			<row0>	-0.9032 0.0000 -0.4292 0.0000	</row0>
			<row1>	0.0000 1.0000 0.0000 0.0000	</row1>
			<row2>	0.4292 0.0000 -0.9032 0.0000	</row2>
			<row3>	0.2401 1.8057 -0.2608 1.0000	</row3>
		</transform>
	</node>
	<node>
		<identifier>	MP_CM012_Fire_Hose_Rack_1_INDEX_7	</identifier>
		<parent>	Scene Root	</parent>
		<transform>
			<row0>	0.0000 0.0000 1.0000 0.0000	</row0>
			<row1>	0.0000 1.0000 0.0000 0.0000	</row1>
			<row2>	-1.0000 0.0000 0.0000 0.0000	</row2>
			<row3>	0.1086 0.7852 -0.7768 1.0000	</row3>
		</transform>
	</node>
	<node>
		<identifier>	MP_CM012_Fire_Hose_Rack_1_INDEX_8	</identifier>
		<parent>	Scene Root	</parent>
		<transform>
			<row0>	-0.9569 0.0000 -0.2903 0.0000	</row0>
			<row1>	0.0000 1.0000 0.0000 0.0000	</row1>
			<row2>	0.2903 0.0000 -0.9569 0.0000	</row2>
			<row3>	0.4448 0.4476 1.4586 1.0000	</row3>
		</transform>
	</node>
	<node>
		<identifier>	MP_CM012_Fire_Hose_Rack_1_INDEX_9	</identifier>
		<parent>	Scene Root	</parent>
		<transform>
			<row0>	0.9032 0.0000 -0.4292 0.0000	</row0>
			<row1>	0.0000 1.0000 0.0000 0.0000	</row1>
			<row2>	0.4292 0.0000 0.9032 0.0000	</row2>
			<row3>	-0.2346 0.9877 -0.2494 1.0000	</row3>
		</transform>
	</node>
	<node>
		<identifier>	MP_CM030_Swab_Rack_2	</identifier>
		<parent>	Scene Root	</parent>
		<transform>
			<row0>	-1.0000 0.0000 0.0000 0.0000	</row0>
			<row1>	0.0000 1.0000 0.0000 0.0000	</row1>
			<row2>	0.0000 0.0000 -1.0000 0.0000	</row2>
			<row3>	0.0321 0.7166 -0.7760 1.0000	</row3>
		</transform>
	</node>
	<node>
		<identifier>	MP_CM040_Steering_Wheel	</identifier>
		<parent>	Scene Root	</parent>
		<transform>
			<row0>	1.0000 0.0000 0.0000 0.0000	</row0>
			<row1>	0.0000 1.0000 0.0000 0.0000	</row1>
			<row2>	0.0000 0.0000 1.0000 0.0000	</row2>
			<row3>	-0.0159 1.1071 0.5473 1.0000	</row3>
		</transform>
	</node>
	<node>
		<identifier>	MP_CM051_Fire_Fighting_Gear	</identifier>
		<parent>	Scene Root	</parent>
		<transform>
			<row0>	1.0000 0.0000 0.0000 0.0000	</row0>
			<row1>	0.0000 0.0000 -1.0000 0.0000	</row1>
			<row2>	0.0000 1.0000 0.0000 0.0000	</row2>
			<row3>	0.2519 1.4067 -0.2951 1.0000	</row3>
		</transform>
	</node>
	<node>
		<identifier>	MP_CM051_Fire_Fighting_Gear_INDEX_1	</identifier>
		<parent>	Scene Root	</parent>
		<transform>
			<row0>	0.9081 0.0000 0.4188 0.0000	</row0>
			<row1>	0.4188 0.0000 -0.9081 0.0000	</row1>
			<row2>	0.0000 1.0000 0.0000 0.0000	</row2>
			<row3>	0.2434 1.7351 -0.2698 1.0000	</row3>
		</transform>
	</node>
	<node>
		<identifier>	MP_CM051_Fire_Fighting_Gear_INDEX_2	</identifier>
		<parent>	Scene Root	</parent>
		<transform>
			<row0>	-1.0000 0.0000 0.0000 0.0000	</row0>
			<row1>	0.0000 0.0000 1.0000 0.0000	</row1>
			<row2>	0.0000 1.0000 0.0000 0.0000	</row2>
			<row3>	-0.2519 1.4067 -0.2951 1.0000	</row3>
		</transform>
	</node>
	<node>
		<identifier>	MP_CM051_Fire_Fighting_Gear_INDEX_3	</identifier>
		<parent>	Scene Root	</parent>
		<transform>
			<row0>	-1.0000 0.0000 0.0000 0.0000	</row0>
			<row1>	0.0000 0.0000 1.0000 0.0000	</row1>
			<row2>	0.0000 1.0000 0.0000 0.0000	</row2>
			<row3>	-0.2530 0.9099 -0.3136 1.0000	</row3>
		</transform>
	</node>
	<node>
		<identifier>	MP_CM051_Fire_Fighting_Gear_INDEX_4	</identifier>
		<parent>	Scene Root	</parent>
		<transform>
			<row0>	-0.9081 0.0000 0.4188 0.0000	</row0>
			<row1>	0.4188 0.0000 0.9081 0.0000	</row1>
			<row2>	0.0000 1.0000 0.0000 0.0000	</row2>
			<row3>	-0.2432 1.7351 -0.2699 1.0000	</row3>
		</transform>
	</node>
	<node>
		<identifier>	MP_CM051_Fire_Fighting_Gear_INDEX_5	</identifier>
		<parent>	Scene Root	</parent>
		<transform>
			<row0>	1.0000 0.0000 0.0000 0.0000	</row0>
			<row1>	0.0000 0.0000 -1.0000 0.0000	</row1>
			<row2>	0.0000 1.0000 0.0000 0.0000	</row2>
			<row3>	0.2530 0.9099 -0.3136 1.0000	</row3>
		</transform>
	</node>
	<node>
		<identifier>	MP_CM052_Fender	</identifier>
		<parent>	Scene Root	</parent>
		<transform>
			<row0>	0.0883 0.0000 0.8957 0.0000	</row0>
			<row1>	0.0000 0.9000 0.0000 0.0000	</row1>
			<row2>	-0.8957 0.0000 0.0883 0.0000	</row2>
			<row3>	-0.4935 0.3926 1.3549 1.0000	</row3>
		</transform>
	</node>
	<node>
		<identifier>	MP_CM052_Fender_INDEX_1	</identifier>
		<parent>	Scene Root	</parent>
		<transform>
			<row0>	0.0883 0.0000 -0.8957 0.0000	</row0>
			<row1>	0.0000 0.9000 0.0000 0.0000	</row1>
			<row2>	0.8957 0.0000 0.0883 0.0000	</row2>
			<row3>	0.4935 0.3926 1.3549 1.0000	</row3>
		</transform>
	</node>
	<node>
		<identifier>	MP_CM052_Fender_INDEX_2	</identifier>
		<parent>	Scene Root	</parent>
		<transform>
			<row0>	0.6202 0.0000 0.0000 0.0000	</row0>
			<row1>	0.0000 0.6202 0.0000 0.0000	</row1>
			<row2>	0.0000 0.0000 0.6202 0.0000	</row2>
			<row3>	-0.0836 0.4026 2.1674 1.0000	</row3>
		</transform>
	</node>
	<node>
		<identifier>	MP_CM052_Fender_INDEX_3	</identifier>
		<parent>	Scene Root	</parent>
		<transform>
			<row0>	0.6202 0.0000 0.0000 0.0000	</row0>
			<row1>	0.0000 0.6202 0.0000 0.0000	</row1>
			<row2>	0.0000 0.0000 0.6202 0.0000	</row2>
			<row3>	0.0836 0.4026 2.1674 1.0000	</row3>
		</transform>
	</node>
	<node>
		<identifier>	MP_CM053_Telegraph	</identifier>
		<parent>	Scene Root	</parent>
		<transform>
			<row0>	0.8660 0.0000 0.5000 0.0000	</row0>
			<row1>	0.0000 1.0000 0.0000 0.0000	</row1>
			<row2>	-0.5000 0.0000 0.8660 0.0000	</row2>
			<row3>	-0.1062 1.1066 0.5276 1.0000	</row3>
		</transform>
	</node>
	<node>
		<identifier>	MP_CM053_Telegraph_INDEX_1	</identifier>
		<parent>	Scene Root	</parent>
		<transform>
			<row0>	0.8660 0.0000 -0.5000 0.0000	</row0>
			<row1>	0.0000 1.0000 0.0000 0.0000	</row1>
			<row2>	0.5000 0.0000 0.8660 0.0000	</row2>
			<row3>	0.1062 1.1066 0.5276 1.0000	</row3>
		</transform>
	</node>
	<node>
		<identifier>	MP_CM053_Telegraph_INDEX_2	</identifier>
		<parent>	Scene Root	</parent>
		<transform>
			<row0>	0.8660 0.0000 -0.5000 0.0000	</row0>
			<row1>	0.0000 1.0000 0.0000 0.0000	</row1>
			<row2>	0.5000 0.0000 0.8660 0.0000	</row2>
			<row3>	0.0799 1.1066 0.5428 1.0000	</row3>
		</transform>
	</node>
	<node>
		<identifier>	MP_CM053_Telegraph_INDEX_3	</identifier>
		<parent>	Scene Root	</parent>
		<transform>
			<row0>	0.8660 0.0000 0.5000 0.0000	</row0>
			<row1>	0.0000 1.0000 0.0000 0.0000	</row1>
			<row2>	-0.5000 0.0000 0.8660 0.0000	</row2>
			<row3>	-0.0799 1.1066 0.5428 1.0000	</row3>
		</transform>
	</node>
	<node>
		<identifier>	MP_CM056_Ships_bell	</identifier>
		<parent>	Scene Root	</parent>
		<transform>
			<row0>	0.2842 0.0000 0.4922 0.0000	</row0>
			<row1>	0.0000 0.5684 0.0000 0.0000	</row1>
			<row2>	-0.4922 0.0000 0.2842 0.0000	</row2>
			<row3>	0.1938 1.2298 -0.6165 1.0000	</row3>
		</transform>
	</node>
	<node>
		<identifier>	MP_CM079_Fender	</identifier>
		<parent>	Scene Root	</parent>
		<transform>
			<row0>	0.5902 0.0000 1.1230 0.0000	</row0>
			<row1>	1.1230 0.0000 -0.5902 0.0000	</row1>
			<row2>	0.0000 1.2686 0.0000 0.0000	</row2>
			<row3>	-0.8122 0.5524 0.7029 1.0000	</row3>
		</transform>
	</node>
	<node>
		<identifier>	MP_CM079_Fender_INDEX_1	</identifier>
		<parent>	Scene Root	</parent>
		<transform>
			<row0>	0.5902 0.0000 -1.1230 0.0000	</row0>
			<row1>	-1.1230 0.0000 -0.5902 0.0000	</row1>
			<row2>	0.0000 1.2686 0.0000 0.0000	</row2>
			<row3>	0.8122 0.5524 0.7029 1.0000	</row3>
		</transform>
	</node>
	<node>
		<identifier>	MP_CM082_Rope	</identifier>
		<parent>	Scene Root	</parent>
		<transform>
			<row0>	0.5882 0.0000 0.0000 0.0000	</row0>
			<row1>	0.0000 0.4619 0.0000 0.0000	</row1>
			<row2>	0.0000 0.0000 0.4040 0.0000	</row2>
			<row3>	-0.3878 1.1734 -0.5554 1.0000	</row3>
		</transform>
	</node>
	<node>
		<identifier>	MP_CM082_Rope_INDEX_1	</identifier>
		<parent>	Scene Root	</parent>
		<transform>
			<row0>	0.6576 0.0000 0.0000 0.0000	</row0>
			<row1>	0.0000 0.5164 0.0000 0.0000	</row1>
			<row2>	0.0000 0.0000 0.5219 0.0000	</row2>
			<row3>	-0.3878 1.1734 -0.5838 1.0000	</row3>
		</transform>
	</node>
	<node>
		<identifier>	MP_CM082_Rope_INDEX_10	</identifier>
		<parent>	Scene Root	</parent>
		<transform>
			<row0>	-0.4320 0.0000 0.0000 0.0000	</row0>
			<row1>	0.0000 0.3392 0.0000 0.0000	</row1>
			<row2>	0.0000 0.0000 -0.2966 0.0000	</row2>
			<row3>	-0.3876 1.1734 -0.5280 1.0000	</row3>
		</transform>
	</node>
	<node>
		<identifier>	MP_CM082_Rope_INDEX_2	</identifier>
		<parent>	Scene Root	</parent>
		<transform>
			<row0>	0.0000 0.0000 0.5465 0.0000	</row0>
			<row1>	0.0000 0.4002 0.0000 0.0000	</row1>
			<row2>	-0.3753 0.0000 0.0000 0.0000	</row2>
			<row3>	0.0352 1.1730 -0.7528 1.0000	</row3>
		</transform>
	</node>
	<node>
		<identifier>	MP_CM082_Rope_INDEX_3	</identifier>
		<parent>	Scene Root	</parent>
		<transform>
			<row0>	-0.4320 0.0000 0.0000 0.0000	</row0>
			<row1>	0.0000 0.3392 0.0000 0.0000	</row1>
			<row2>	0.0000 0.0000 -0.2966 0.0000	</row2>
			<row3>	0.3876 1.1734 -0.5280 1.0000	</row3>
		</transform>
	</node>
	<node>
		<identifier>	MP_CM082_Rope_INDEX_4	</identifier>
		<parent>	Scene Root	</parent>
		<transform>
			<row0>	-0.5465 0.0000 0.0000 0.0000	</row0>
			<row1>	0.0000 0.4002 0.0000 0.0000	</row1>
			<row2>	0.0000 0.0000 -0.3753 0.0000	</row2>
			<row3>	-0.3876 1.1734 -0.5001 1.0000	</row3>
		</transform>
	</node>
	<node>
		<identifier>	MP_CM082_Rope_INDEX_5	</identifier>
		<parent>	Scene Root	</parent>
		<transform>
			<row0>	0.6576 0.0000 0.0000 0.0000	</row0>
			<row1>	0.0000 0.5164 0.0000 0.0000	</row1>
			<row2>	0.0000 0.0000 0.5219 0.0000	</row2>
			<row3>	0.3878 1.1734 -0.5838 1.0000	</row3>
		</transform>
	</node>
	<node>
		<identifier>	MP_CM082_Rope_INDEX_6	</identifier>
		<parent>	Scene Root	</parent>
		<transform>
			<row0>	0.0000 0.0000 -0.5882 0.0000	</row0>
			<row1>	0.0000 0.4619 0.0000 0.0000	</row1>
			<row2>	0.4040 0.0000 0.0000 0.0000	</row2>
			<row3>	-0.0351 1.1730 -0.7530 1.0000	</row3>
		</transform>
	</node>
	<node>
		<identifier>	MP_CM082_Rope_INDEX_7	</identifier>
		<parent>	Scene Root	</parent>
		<transform>
			<row0>	-0.5465 0.0000 0.0000 0.0000	</row0>
			<row1>	0.0000 0.4002 0.0000 0.0000	</row1>
			<row2>	0.0000 0.0000 -0.3753 0.0000	</row2>
			<row3>	0.3876 1.1734 -0.5001 1.0000	</row3>
		</transform>
	</node>
	<node>
		<identifier>	MP_CM082_Rope_INDEX_8	</identifier>
		<parent>	Scene Root	</parent>
		<transform>
			<row0>	0.0000 0.0000 0.4320 0.0000	</row0>
			<row1>	0.0000 0.3392 0.0000 0.0000	</row1>
			<row2>	-0.2966 0.0000 0.0000 0.0000	</row2>
			<row3>	0.0003 1.1730 -0.7528 1.0000	</row3>
		</transform>
	</node>
	<node>
		<identifier>	MP_CM082_Rope_INDEX_9	</identifier>
		<parent>	Scene Root	</parent>
		<transform>
			<row0>	0.5882 0.0000 0.0000 0.0000	</row0>
			<row1>	0.0000 0.4619 0.0000 0.0000	</row1>
			<row2>	0.0000 0.0000 0.4040 0.0000	</row2>
			<row3>	0.3878 1.1734 -0.5554 1.0000	</row3>
		</transform>
	</node>
	<node>
		<identifier>	MP_CM090_Accommodation_Ladder	</identifier>
		<parent>	Scene Root	</parent>
		<transform>
			<row0>	0.0000 1.0000 0.0000 0.0000	</row0>
			<row1>	-0.9992 0.0000 -0.0390 0.0000	</row1>
			<row2>	-0.0390 0.0000 0.9992 0.0000	</row2>
			<row3>	1.0805 0.4406 0.7727 1.0000	</row3>
		</transform>
	</node>
	<node>
		<identifier>	MP_CM090_Accommodation_Ladder_INDEX_1	</identifier>
		<parent>	Scene Root	</parent>
		<transform>
			<row0>	0.0000 -1.0000 0.0000 0.0000	</row0>
			<row1>	0.9992 0.0000 -0.0390 0.0000	</row1>
			<row2>	0.0390 0.0000 0.9992 0.0000	</row2>
			<row3>	-1.0805 0.4409 0.7727 1.0000	</row3>
		</transform>
	</node>
	<node>
		<identifier>	MP_FM002_Binoculars	</identifier>
		<parent>	Scene Root	</parent>
		<transform>
			<row0>	0.5000 0.0000 0.8660 0.0000	</row0>
			<row1>	0.0000 1.0000 0.0000 0.0000	</row1>
			<row2>	-0.8660 0.0000 0.5000 0.0000	</row2>
			<row3>	-0.2397 1.1079 0.3013 1.0000	</row3>
		</transform>
	</node>
	<node>
		<identifier>	MP_FM002_Binoculars_INDEX_1	</identifier>
		<parent>	Scene Root	</parent>
		<transform>
			<row0>	-0.7071 0.0000 -0.7071 0.0000	</row0>
			<row1>	0.0000 1.0000 0.0000 0.0000	</row1>
			<row2>	0.7071 0.0000 -0.7071 0.0000	</row2>
			<row3>	0.5551 0.9038 -0.4356 1.0000	</row3>
		</transform>
	</node>
	<node>
		<identifier>	MP_FM002_Binoculars_INDEX_2	</identifier>
		<parent>	Scene Root	</parent>
		<transform>
			<row0>	0.7071 0.0000 -0.7071 0.0000	</row0>
			<row1>	0.0000 1.0000 0.0000 0.0000	</row1>
			<row2>	0.7071 0.0000 0.7071 0.0000	</row2>
			<row3>	0.5551 0.9038 -0.3253 1.0000	</row3>
		</transform>
	</node>
	<node>
		<identifier>	MP_FM002_Binoculars_INDEX_3	</identifier>
		<parent>	Scene Root	</parent>
		<transform>
			<row0>	0.5000 0.0000 -0.8660 0.0000	</row0>
			<row1>	0.0000 1.0000 0.0000 0.0000	</row1>
			<row2>	0.8660 0.0000 0.5000 0.0000	</row2>
			<row3>	0.2397 1.1079 0.3013 1.0000	</row3>
		</transform>
	</node>
	<node>
		<identifier>	MP_FM002_Binoculars_INDEX_4	</identifier>
		<parent>	Scene Root	</parent>
		<transform>
			<row0>	0.7071 0.0000 0.7071 0.0000	</row0>
			<row1>	0.0000 1.0000 0.0000 0.0000	</row1>
			<row2>	-0.7071 0.0000 0.7071 0.0000	</row2>
			<row3>	-0.5551 0.9038 -0.3253 1.0000	</row3>
		</transform>
	</node>
	<node>
		<identifier>	MP_FM002_Binoculars_INDEX_5	</identifier>
		<parent>	Scene Root	</parent>
		<transform>
			<row0>	-0.7071 0.0000 0.7071 0.0000	</row0>
			<row1>	0.0000 1.0000 0.0000 0.0000	</row1>
			<row2>	-0.7071 0.0000 -0.7071 0.0000	</row2>
			<row3>	-0.5551 0.9038 -0.4356 1.0000	</row3>
		</transform>
	</node>
	<node>
		<identifier>	MP_FM010_Paravane	</identifier>
		<parent>	Scene Root	</parent>
		<transform>
			<row0>	1.0000 0.0000 0.0000 0.0000	</row0>
			<row1>	0.0000 -1.0000 0.0068 0.0000	</row1>
			<row2>	0.0000 -0.0068 -1.0000 0.0000	</row2>
			<row3>	0.3387 0.4236 2.5619 1.0000	</row3>
		</transform>
	</node>
	<node>
		<identifier>	MP_FM010_Paravane_INDEX_1	</identifier>
		<parent>	Scene Root	</parent>
		<transform>
			<row0>	-0.0872 0.0000 0.9962 0.0000	</row0>
			<row1>	0.0000 -1.0000 0.0000 0.0000	</row1>
			<row2>	0.9962 0.0000 0.0872 0.0000	</row2>
			<row3>	0.3289 0.4187 1.8567 1.0000	</row3>
		</transform>
	</node>
	<node>
		<identifier>	MP_FM010_Paravane_INDEX_2	</identifier>
		<parent>	Scene Root	</parent>
		<transform>
			<row0>	1.0000 0.0000 0.0000 0.0000	</row0>
			<row1>	0.0000 -1.0000 0.0068 0.0000	</row1>
			<row2>	0.0000 -0.0068 -1.0000 0.0000	</row2>
			<row3>	-0.3387 0.4236 2.5619 1.0000	</row3>
		</transform>
	</node>
	<node>
		<identifier>	MP_FM010_Paravane_INDEX_3	</identifier>
		<parent>	Scene Root	</parent>
		<transform>
			<row0>	-0.0872 0.0000 -0.9962 0.0000	</row0>
			<row1>	0.0000 -1.0000 0.0000 0.0000	</row1>
			<row2>	-0.9962 0.0000 0.0872 0.0000	</row2>
			<row3>	-0.3288 0.4187 1.8575 1.0000	</row3>
		</transform>
	</node>
	<node>
		<identifier>	MP_FM016_Reels	</identifier>
		<parent>	Scene Root	</parent>
		<transform>
			<row0>	0.5768 0.0000 0.5230 0.0000	</row0>
			<row1>	0.0000 0.7786 0.0000 0.0000	</row1>
			<row2>	-0.5230 0.0000 0.5768 0.0000	</row2>
			<row3>	-0.3370 0.4176 4.0350 1.0000	</row3>
		</transform>
	</node>
	<node>
		<identifier>	MP_FM016_Reels_INDEX_1	</identifier>
		<parent>	Scene Root	</parent>
		<transform>
			<row0>	0.0000 0.0000 0.7517 0.0000	</row0>
			<row1>	0.0000 0.7517 0.0000 0.0000	</row1>
			<row2>	-0.7517 0.0000 0.0000 0.0000	</row2>
			<row3>	0.6298 0.5530 -0.4597 1.0000	</row3>
		</transform>
	</node>
	<node>
		<identifier>	MP_FM016_Reels_INDEX_2	</identifier>
		<parent>	Scene Root	</parent>
		<transform>
			<row0>	0.0000 0.0000 -0.7517 0.0000	</row0>
			<row1>	0.0000 0.7517 0.0000 0.0000	</row1>
			<row2>	0.7517 0.0000 0.0000 0.0000	</row2>
			<row3>	-0.6298 0.5530 -0.4597 1.0000	</row3>
		</transform>
	</node>
	<node>
		<identifier>	MP_FM016_Reels_INDEX_3	</identifier>
		<parent>	Scene Root	</parent>
		<transform>
			<row0>	0.5768 0.0000 -0.5230 0.0000	</row0>
			<row1>	0.0000 0.7786 0.0000 0.0000	</row1>
			<row2>	0.5230 0.0000 0.5768 0.0000	</row2>
			<row3>	0.3370 0.4176 4.0350 1.0000	</row3>
		</transform>
	</node>
	<node>
		<identifier>	MP_FM018_TBS_Antenna	</identifier>
		<parent>	Scene Root	</parent>
		<transform>
			<row0>	0.4123 0.0000 -0.5657 0.0000	</row0>
			<row1>	0.0000 0.7000 0.0000 0.0000	</row1>
			<row2>	0.5657 0.0000 0.4123 0.0000	</row2>
			<row3>	-0.7981 1.8297 -0.9511 1.0000	</row3>
		</transform>
	</node>
	<node>
		<identifier>	MP_FM018_TBS_Antenna_INDEX_1	</identifier>
		<parent>	Scene Root	</parent>
		<transform>
			<row0>	0.4123 0.0000 0.5657 0.0000	</row0>
			<row1>	0.0000 0.7000 0.0000 0.0000	</row1>
			<row2>	-0.5657 0.0000 0.4123 0.0000	</row2>
			<row3>	0.7981 1.8297 -0.9511 1.0000	</row3>
		</transform>
	</node>
	<node>
		<identifier>	MP_FM021_Reels	</identifier>
		<parent>	Scene Root	</parent>
		<transform>
			<row0>	-1.3409 0.0000 0.0000 0.0000	</row0>
			<row1>	0.0000 1.3409 0.0000 0.0000	</row1>
			<row2>	0.0000 0.0000 -1.3409 0.0000	</row2>
			<row3>	-0.0902 0.7170 -0.7508 1.0000	</row3>
		</transform>
	</node>
	<node>
		<identifier>	MP_FM024_Fairlead_3	</identifier>
		<parent>	Scene Root	</parent>
		<transform>
			<row0>	0.2152 0.0000 2.3379 0.0000	</row0>
			<row1>	0.0000 2.3478 0.0000 0.0000	</row1>
			<row2>	-2.3379 0.0000 0.2152 0.0000	</row2>
			<row3>	-1.0037 0.3897 1.6716 1.0000	</row3>
		</transform>
	</node>
	<node>
		<identifier>	MP_FM024_Fairlead_3_INDEX_1	</identifier>
		<parent>	Scene Root	</parent>
		<transform>
			<row0>	-0.2152 0.0000 2.3379 0.0000	</row0>
			<row1>	0.0000 2.3478 0.0000 0.0000	</row1>
			<row2>	-2.3379 0.0000 -0.2152 0.0000	</row2>
			<row3>	1.0037 0.3897 1.6716 1.0000	</row3>
		</transform>
	</node>
	<node>
		<identifier>	MP_FM028_Motto_Valeur	</identifier>
		<parent>	Scene Root	</parent>
		<transform>
			<row0>	-1.0379 0.0000 1.9398 0.0000	</row0>
			<row1>	0.0000 2.2000 0.0000 0.0000	</row1>
			<row2>	-1.9398 0.0000 -1.0379 0.0000	</row2>
			<row3>	0.4539 0.8221 -0.0739 1.0000	</row3>
		</transform>
	</node>
	<node>
		<identifier>	MP_FM029_Motto_Discipline	</identifier>
		<parent>	Scene Root	</parent>
		<transform>
			<row0>	-1.0379 0.0000 -1.9398 0.0000	</row0>
			<row1>	0.0000 2.2000 0.0000 0.0000	</row1>
			<row2>	1.9398 0.0000 -1.0379 0.0000	</row2>
			<row3>	-0.4539 0.8221 -0.0739 1.0000	</row3>
		</transform>
	</node>
	<node>
		<identifier>	MP_FM502_Rafts_5in	</identifier>
		<parent>	Scene Root	</parent>
		<transform>
			<row0>	0.8192 0.0000 -0.5736 0.0000	</row0>
			<row1>	0.0000 1.0000 0.0000 0.0000	</row1>
			<row2>	0.5736 0.0000 0.8192 0.0000	</row2>
			<row3>	0.6821 0.5519 0.5185 1.0000	</row3>
		</transform>
	</node>
	<node>
		<identifier>	MP_FM502_Rafts_5in_INDEX_1	</identifier>
		<parent>	Scene Root	</parent>
		<transform>
			<row0>	0.0000 0.0000 1.0000 0.0000	</row0>
			<row1>	0.0000 1.0000 0.0000 0.0000	</row1>
			<row2>	-1.0000 0.0000 0.0000 0.0000	</row2>
			<row3>	-0.9554 0.5519 0.1195 1.0000	</row3>
		</transform>
	</node>
	<node>
		<identifier>	MP_FM502_Rafts_5in_INDEX_2	</identifier>
		<parent>	Scene Root	</parent>
		<transform>
			<row0>	1.0000 0.0000 0.0000 0.0000	</row0>
			<row1>	0.0000 1.0000 0.0000 0.0000	</row1>
			<row2>	0.0000 0.0000 1.0000 0.0000	</row2>
			<row3>	-0.1056 0.5526 1.9056 1.0000	</row3>
		</transform>
	</node>
	<node>
		<identifier>	MP_FM502_Rafts_5in_INDEX_3	</identifier>
		<parent>	Scene Root	</parent>
		<transform>
			<row0>	0.0000 0.0000 -1.0000 0.0000	</row0>
			<row1>	0.0000 1.0000 0.0000 0.0000	</row1>
			<row2>	1.0000 0.0000 0.0000 0.0000	</row2>
			<row3>	0.9554 0.5519 0.1195 1.0000	</row3>
		</transform>
	</node>
	<node>
		<identifier>	MP_FM502_Rafts_5in_INDEX_4	</identifier>
		<parent>	Scene Root	</parent>
		<transform>
			<row0>	1.0000 0.0000 0.0000 0.0000	</row0>
			<row1>	0.0000 1.0000 0.0000 0.0000	</row1>
			<row2>	0.0000 0.0000 1.0000 0.0000	</row2>
			<row3>	0.0000 0.5526 1.9056 1.0000	</row3>
		</transform>
	</node>
	<node>
		<identifier>	MP_FM502_Rafts_5in_INDEX_5	</identifier>
		<parent>	Scene Root	</parent>
		<transform>
			<row0>	0.8192 0.0000 0.5736 0.0000	</row0>
			<row1>	0.0000 1.0000 0.0000 0.0000	</row1>
			<row2>	-0.5736 0.0000 0.8192 0.0000	</row2>
			<row3>	-0.6821 0.5519 0.5185 1.0000	</row3>
		</transform>
	</node>
	<node>
		<identifier>	MP_FM502_Rafts_5in_INDEX_6	</identifier>
		<parent>	Scene Root	</parent>
		<transform>
			<row0>	1.0000 0.0000 0.0000 0.0000	</row0>
			<row1>	0.0000 1.0000 0.0000 0.0000	</row1>
			<row2>	0.0000 0.0000 1.0000 0.0000	</row2>
			<row3>	0.1056 0.5526 1.9056 1.0000	</row3>
		</transform>
	</node>
	<node>
		<identifier>	MP_FM502_Rafts_5in_INDEX_7	</identifier>
		<parent>	Scene Root	</parent>
		<transform>
			<row0>	0.9063 0.0000 0.4226 0.0000	</row0>
			<row1>	0.0000 1.0000 0.0000 0.0000	</row1>
			<row2>	-0.4226 0.0000 0.9063 0.0000	</row2>
			<row3>	0.5902 0.5519 1.1330 1.0000	</row3>
		</transform>
	</node>
	<node>
		<identifier>	MP_FM502_Rafts_5in_INDEX_8	</identifier>
		<parent>	Scene Root	</parent>
		<transform>
			<row0>	0.9063 0.0000 -0.4226 0.0000	</row0>
			<row1>	0.0000 1.0000 0.0000 0.0000	</row1>
			<row2>	0.4226 0.0000 0.9063 0.0000	</row2>
			<row3>	-0.5902 0.5519 1.1330 1.0000	</row3>
		</transform>
	</node>
	<node>
		<identifier>	MP_FM526_Raft	</identifier>
		<parent>	Scene Root	</parent>
		<transform>
			<row0>	0.4721 0.0000 0.8815 0.0000	</row0>
			<row1>	-0.8815 0.0000 0.4721 0.0000	</row1>
			<row2>	0.0000 -1.0000 0.0000 0.0000	</row2>
			<row3>	-0.4932 0.6628 -0.1472 1.0000	</row3>
		</transform>
	</node>
	<node>
		<identifier>	MP_FM526_Raft_INDEX_1	</identifier>
		<parent>	Scene Root	</parent>
		<transform>
			<row0>	0.4721 0.0000 -0.8815 0.0000	</row0>
			<row1>	0.8815 0.0000 0.4721 0.0000	</row1>
			<row2>	0.0000 -1.0000 0.0000 0.0000	</row2>
			<row3>	0.4932 0.6628 -0.1472 1.0000	</row3>
		</transform>
	</node>
	<node>
		<identifier>	MP_FM601_Multipole_Switch	</identifier>
		<parent>	Scene Root	</parent>
		<transform>
			<row0>	0.9930 0.0000 -0.1179 0.0000	</row0>
			<row1>	0.0000 1.0000 0.0000 0.0000	</row1>
			<row2>	0.1179 0.0000 0.9930 0.0000	</row2>
			<row3>	-0.3582 1.1609 -0.0315 1.0000	</row3>
		</transform>
	</node>
	<node>
		<identifier>	MP_FM601_Multipole_Switch_INDEX_1	</identifier>
		<parent>	Scene Root	</parent>
		<transform>
			<row0>	-0.7052 0.0000 0.7090 0.0000	</row0>
			<row1>	0.0000 1.0000 0.0000 0.0000	</row1>
			<row2>	-0.7090 0.0000 -0.7052 0.0000	</row2>
			<row3>	0.5244 0.5623 1.7131 1.0000	</row3>
		</transform>
	</node>
	<node>
		<identifier>	MP_FM601_Multipole_Switch_INDEX_10	</identifier>
		<parent>	Scene Root	</parent>
		<transform>
			<row0>	-0.1749 0.0000 -0.9846 0.0000	</row0>
			<row1>	0.0000 1.0000 0.0000 0.0000	</row1>
			<row2>	0.9846 0.0000 -0.1749 0.0000	</row2>
			<row3>	0.5747 0.4696 1.9350 1.0000	</row3>
		</transform>
	</node>
	<node>
		<identifier>	MP_FM601_Multipole_Switch_INDEX_11	</identifier>
		<parent>	Scene Root	</parent>
		<transform>
			<row0>	0.9063 0.0000 -0.4226 0.0000	</row0>
			<row1>	0.0000 1.0000 0.0000 0.0000	</row1>
			<row2>	0.4226 0.0000 0.9063 0.0000	</row2>
			<row3>	-0.5753 0.7962 -0.4566 1.0000	</row3>
		</transform>
	</node>
	<node>
		<identifier>	MP_FM601_Multipole_Switch_INDEX_2	</identifier>
		<parent>	Scene Root	</parent>
		<transform>
			<row0>	-0.1432 0.0000 -0.9897 0.0000	</row0>
			<row1>	0.0000 1.0000 0.0000 0.0000	</row1>
			<row2>	0.9897 0.0000 -0.1432 0.0000	</row2>
			<row3>	0.7060 0.6317 0.3819 1.0000	</row3>
		</transform>
	</node>
	<node>
		<identifier>	MP_FM601_Multipole_Switch_INDEX_3	</identifier>
		<parent>	Scene Root	</parent>
		<transform>
			<row0>	0.9897 0.0000 -0.1432 0.0000	</row0>
			<row1>	0.0000 1.0000 0.0000 0.0000	</row1>
			<row2>	0.1432 0.0000 0.9897 0.0000	</row2>
			<row3>	0.3927 0.9552 -0.2692 1.0000	</row3>
		</transform>
	</node>
	<node>
		<identifier>	MP_FM601_Multipole_Switch_INDEX_4	</identifier>
		<parent>	Scene Root	</parent>
		<transform>
			<row0>	-0.1432 0.0000 0.9897 0.0000	</row0>
			<row1>	0.0000 1.0000 0.0000 0.0000	</row1>
			<row2>	-0.9897 0.0000 -0.1432 0.0000	</row2>
			<row3>	-0.7060 0.6317 0.3819 1.0000	</row3>
		</transform>
	</node>
	<node>
		<identifier>	MP_FM601_Multipole_Switch_INDEX_5	</identifier>
		<parent>	Scene Root	</parent>
		<transform>
			<row0>	0.9063 0.0000 0.4226 0.0000	</row0>
			<row1>	0.0000 1.0000 0.0000 0.0000	</row1>
			<row2>	-0.4226 0.0000 0.9063 0.0000	</row2>
			<row3>	0.5753 0.7962 -0.4566 1.0000	</row3>
		</transform>
	</node>
	<node>
		<identifier>	MP_FM601_Multipole_Switch_INDEX_6	</identifier>
		<parent>	Scene Root	</parent>
		<transform>
			<row0>	-0.7052 0.0000 -0.7090 0.0000	</row0>
			<row1>	0.0000 1.0000 0.0000 0.0000	</row1>
			<row2>	0.7090 0.0000 -0.7052 0.0000	</row2>
			<row3>	-0.5244 0.5623 1.7131 1.0000	</row3>
		</transform>
	</node>
	<node>
		<identifier>	MP_FM601_Multipole_Switch_INDEX_7	</identifier>
		<parent>	Scene Root	</parent>
		<transform>
			<row0>	0.9897 0.0000 0.1432 0.0000	</row0>
			<row1>	0.0000 1.0000 0.0000 0.0000	</row1>
			<row2>	-0.1432 0.0000 0.9897 0.0000	</row2>
			<row3>	-0.3927 0.9552 -0.2692 1.0000	</row3>
		</transform>
	</node>
	<node>
		<identifier>	MP_FM601_Multipole_Switch_INDEX_8	</identifier>
		<parent>	Scene Root	</parent>
		<transform>
			<row0>	-0.1749 0.0000 0.9846 0.0000	</row0>
			<row1>	0.0000 1.0000 0.0000 0.0000	</row1>
			<row2>	-0.9846 0.0000 -0.1749 0.0000	</row2>
			<row3>	-0.5747 0.4696 1.9350 1.0000	</row3>
		</transform>
	</node>
	<node>
		<identifier>	MP_FM601_Multipole_Switch_INDEX_9	</identifier>
		<parent>	Scene Root	</parent>
		<transform>
			<row0>	0.9930 0.0000 0.1179 0.0000	</row0>
			<row1>	0.0000 1.0000 0.0000 0.0000	</row1>
			<row2>	-0.1179 0.0000 0.9930 0.0000	</row2>
			<row3>	0.3582 1.1609 -0.0315 1.0000	</row3>
		</transform>
	</node>
	<node>
		<identifier>	MP_FM604_Magnetic_Compass	</identifier>
		<parent>	Scene Root	</parent>
		<transform>
			<row0>	1.0000 0.0000 0.0000 0.0000	</row0>
			<row1>	0.0000 1.0000 0.0000 0.0000	</row1>
			<row2>	0.0000 0.0000 1.0000 0.0000	</row2>
			<row3>	0.0329 1.1065 0.5473 1.0000	</row3>
		</transform>
	</node>
	<node>
		<identifier>	MP_FM606_Sky_Lookout	</identifier>
		<parent>	Scene Root	</parent>
		<transform>
			<row0>	0.6428 0.0000 -0.7660 0.0000	</row0>
			<row1>	0.0000 1.0000 0.0000 0.0000	</row1>
			<row2>	0.7660 0.0000 0.6428 0.0000	</row2>
			<row3>	0.2835 1.9041 -0.1827 1.0000	</row3>
		</transform>
	</node>
	<node>
		<identifier>	MP_FM606_Sky_Lookout_INDEX_1	</identifier>
		<parent>	Scene Root	</parent>
		<transform>
			<row0>	0.6428 0.0000 0.7660 0.0000	</row0>
			<row1>	0.0000 1.0000 0.0000 0.0000	</row1>
			<row2>	-0.7660 0.0000 0.6428 0.0000	</row2>
			<row3>	-0.1722 1.9041 -0.0502 1.0000	</row3>
		</transform>
	</node>
	<node>
		<identifier>	MP_FM606_Sky_Lookout_INDEX_2	</identifier>
		<parent>	Scene Root	</parent>
		<transform>
			<row0>	0.6428 0.0000 0.7660 0.0000	</row0>
			<row1>	0.0000 1.0000 0.0000 0.0000	</row1>
			<row2>	-0.7660 0.0000 0.6428 0.0000	</row2>
			<row3>	-0.2835 1.9041 -0.1827 1.0000	</row3>
		</transform>
	</node>
	<node>
		<identifier>	MP_FM606_Sky_Lookout_INDEX_3	</identifier>
		<parent>	Scene Root	</parent>
		<transform>
			<row0>	0.6428 0.0000 -0.7660 0.0000	</row0>
			<row1>	0.0000 1.0000 0.0000 0.0000	</row1>
			<row2>	0.7660 0.0000 0.6428 0.0000	</row2>
			<row3>	0.1722 1.9041 -0.0502 1.0000	</row3>
		</transform>
	</node>
	<node>
		<identifier>	MP_FM609_Compass	</identifier>
		<parent>	Scene Root	</parent>
		<transform>
			<row0>	1.0000 0.0000 0.0000 0.0000	</row0>
			<row1>	0.0000 1.0000 0.0000 0.0000	</row1>
			<row2>	0.0000 0.0000 1.0000 0.0000	</row2>
			<row3>	0.0000 1.4185 -0.6901 1.0000	</row3>
		</transform>
	</node>
	<node>
		<identifier>	MP_FM703_Ammunition_Box	</identifier>
		<parent>	Scene Root	</parent>
		<transform>
			<row0>	-0.7201 0.0000 0.0000 0.0000	</row0>
			<row1>	0.0000 0.8856 0.0000 0.0000	</row1>
			<row2>	0.0000 0.0000 -0.6107 0.0000	</row2>
			<row3>	0.2634 1.2491 -0.6720 1.0000	</row3>
		</transform>
	</node>
	<node>
		<identifier>	MP_FM703_Ammunition_Box_INDEX_1	</identifier>
		<parent>	Scene Root	</parent>
		<transform>
			<row0>	-0.7201 0.0000 0.0000 0.0000	</row0>
			<row1>	0.0000 0.8856 0.0000 0.0000	</row1>
			<row2>	0.0000 0.0000 -0.6107 0.0000	</row2>
			<row3>	-0.2634 1.2491 -0.6720 1.0000	</row3>
		</transform>
	</node>
	<node>
		<identifier>	MP_FM704_Floater_Net_Basket	</identifier>
		<parent>	Scene Root	</parent>
		<transform>
			<row0>	1.3000 0.0000 0.0000 0.0000	</row0>
			<row1>	0.0000 1.3000 0.0000 0.0000	</row1>
			<row2>	0.0000 0.0000 1.6000 0.0000	</row2>
			<row3>	0.0000 0.5535 2.0947 1.0000	</row3>
		</transform>
	</node>
	<node>
		<identifier>	MP_FM705_Flag_box	</identifier>
		<parent>	Scene Root	</parent>
		<transform>
			<row0>	1.0000 0.0000 0.0000 0.0000	</row0>
			<row1>	0.0000 1.0000 0.0000 0.0000	</row1>
			<row2>	0.0000 0.0000 1.0000 0.0000	</row2>
			<row3>	-0.2015 1.2517 -0.6760 1.0000	</row3>
		</transform>
	</node>
	<node>
		<identifier>	MP_FM705_Flag_box_INDEX_1	</identifier>
		<parent>	Scene Root	</parent>
		<transform>
			<row0>	-1.0000 0.0000 0.0000 0.0000	</row0>
			<row1>	0.0000 1.0000 0.0000 0.0000	</row1>
			<row2>	0.0000 0.0000 -1.0000 0.0000	</row2>
			<row3>	-0.1188 1.1090 -0.6253 1.0000	</row3>
		</transform>
	</node>
	<node>
		<identifier>	MP_FM705_Flag_box_INDEX_2	</identifier>
		<parent>	Scene Root	</parent>
		<transform>
			<row0>	-1.0000 0.0000 0.0000 0.0000	</row0>
			<row1>	0.0000 1.0000 0.0000 0.0000	</row1>
			<row2>	0.0000 0.0000 -1.0000 0.0000	</row2>
			<row3>	0.1188 1.1090 -0.6253 1.0000	</row3>
		</transform>
