<RSA001_Chkalov_1945_Stern.visual>
	<skeleton>
		<node>
			<identifier>	Scene Root	</identifier>
			<transform>
				<row0>	1.0000 0.0000 0.0000 0.0000	</row0>
				<row1>	0.0000 1.0000 0.0000 0.0000	</row1>
				<row2>	0.0000 0.0000 1.0000 0.0000	</row2>
				<row3>	0.0000 0.0000 0.0000 1.0000	</row3>
			</transform>
			<node>
				<identifier>	Stern	</identifier>
				<transform>
					<row0>	1.0000 0.0000 0.0000 0.0000	</row0>
					<row1>	0.0000 1.0000 0.0000 0.0000	</row1>
					<row2>	0.0000 0.0000 1.0000 0.0000	</row2>
					<row3>	0.0000 0.0000 0.0000 1.0000	</row3>
				</transform>
				<node>
					<identifier>	HP_DeckLand	</identifier>
					<transform>
						<row0>	1.0000 0.0000 0.0000 0.0000	</row0>
						<row1>	0.0000 1.0000 0.0000 0.0000	</row1>
						<row2>	0.0000 0.0000 1.0000 0.0000	</row2>
						<row3>	0.0000 1.3258 -9.5527 1.0000	</row3>
					</transform>
				</node>
				<node>
					<identifier>	HP_Deck_00	</identifier>
					<transform>
						<row0>	0.8660 0.0000 0.5000 0.0000	</row0>
						<row1>	0.0000 1.0000 0.0000 0.0000	</row1>
						<row2>	-0.5000 0.0000 0.8660 0.0000	</row2>
						<row3>	0.5525 0.9338 -7.4091 1.0000	</row3>
					</transform>
				</node>
				<node>
					<identifier>	HP_Deck_01	</identifier>
					<transform>
						<row0>	0.8660 0.0000 -0.5000 0.0000	</row0>
						<row1>	0.0000 1.0000 0.0000 0.0000	</row1>
						<row2>	0.5000 0.0000 0.8660 0.0000	</row2>
						<row3>	-0.4763 0.9328 -7.2262 1.0000	</row3>
					</transform>
				</node>
				<node>
					<identifier>	HP_Deck_02	</identifier>
					<transform>
						<row0>	0.8660 0.0000 0.5000 0.0000	</row0>
						<row1>	0.0000 1.0000 0.0000 0.0000	</row1>
						<row2>	-0.5000 0.0000 0.8660 0.0000	</row2>
						<row3>	0.5373 0.9337 -6.6697 1.0000	</row3>
					</transform>
				</node>
				<node>
					<identifier>	HP_Deck_03	</identifier>
					<transform>
						<row0>	0.8660 0.0000 -0.5000 0.0000	</row0>
						<row1>	0.0000 1.0000 0.0000 0.0000	</row1>
						<row2>	0.5000 0.0000 0.8660 0.0000	</row2>
						<row3>	-0.4587 0.9335 -6.5022 1.0000	</row3>
					</transform>
				</node>
				<node>
					<identifier>	HP_Deck_04	</identifier>
					<transform>
						<row0>	0.8660 0.0000 0.5000 0.0000	</row0>
						<row1>	0.0000 1.0000 0.0000 0.0000	</row1>
						<row2>	-0.5000 0.0000 0.8660 0.0000	</row2>
						<row3>	0.5358 0.9329 -5.9201 1.0000	</row3>
					</transform>
				</node>
				<node>
					<identifier>	HP_Deck_05	</identifier>
					<transform>
						<row0>	0.8660 0.0000 -0.5000 0.0000	</row0>
						<row1>	0.0000 1.0000 0.0000 0.0000	</row1>
						<row2>	0.5000 0.0000 0.8660 0.0000	</row2>
						<row3>	-0.4579 0.9336 -5.7337 1.0000	</row3>
					</transform>
				</node>
				<node>
					<identifier>	HP_Deck_06	</identifier>
					<transform>
						<row0>	0.8660 0.0000 0.5000 0.0000	</row0>
						<row1>	0.0000 1.0000 0.0000 0.0000	</row1>
						<row2>	-0.5000 0.0000 0.8660 0.0000	</row2>
						<row3>	0.5357 0.9337 -5.2170 1.0000	</row3>
					</transform>
				</node>
				<node>
					<identifier>	HP_Deck_07	</identifier>
					<transform>
						<row0>	0.8660 0.0000 -0.5000 0.0000	</row0>
						<row1>	0.0000 1.0000 0.0000 0.0000	</row1>
						<row2>	0.5000 0.0000 0.8660 0.0000	</row2>
						<row3>	-0.4567 0.9329 -5.0920 1.0000	</row3>
					</transform>
				</node>
				<node>
					<identifier>	HP_DisappearPoint	</identifier>
					<transform>
						<row0>	1.0000 0.0000 0.0000 0.0000	</row0>
						<row1>	0.0000 1.0000 0.0000 0.0000	</row1>
						<row2>	0.0000 0.0000 1.0000 0.0000	</row2>
						<row3>	0.0000 0.9235 -8.3457 1.0000	</row3>
					</transform>
				</node>
				<node>
					<identifier>	HP_RGA_17	</identifier>
					<transform>
						<row0>	-0.7071 0.0000 0.7071 0.0000	</row0>
						<row1>	0.0000 1.0000 0.0000 0.0000	</row1>
						<row2>	-0.7071 0.0000 -0.7071 0.0000	</row2>
						<row3>	-0.9435 0.7694 -6.0202 1.0000	</row3>
					</transform>
				</node>
				<node>
					<identifier>	HP_RGA_18	</identifier>
					<transform>
						<row0>	-0.7071 0.0000 -0.7071 0.0000	</row0>
						<row1>	0.0000 1.0000 0.0000 0.0000	</row1>
						<row2>	0.7071 0.0000 -0.7071 0.0000	</row2>
						<row3>	0.9435 0.7694 -6.0202 1.0000	</row3>
					</transform>
				</node>
				<node>
					<identifier>	HP_RGA_19	</identifier>
					<transform>
						<row0>	-0.7071 0.0000 0.7071 0.0000	</row0>
						<row1>	0.0000 1.0000 0.0000 0.0000	</row1>
						<row2>	-0.7071 0.0000 -0.7071 0.0000	</row2>
						<row3>	-0.9435 0.7694 -6.2285 1.0000	</row3>
					</transform>
				</node>
				<node>
					<identifier>	HP_RGA_20	</identifier>
					<transform>
						<row0>	-0.7071 0.0000 -0.7071 0.0000	</row0>
						<row1>	0.0000 1.0000 0.0000 0.0000	</row1>
						<row2>	0.7071 0.0000 -0.7071 0.0000	</row2>
						<row3>	0.9435 0.7694 -6.2285 1.0000	</row3>
					</transform>
				</node>
				<node>
					<identifier>	HP_RGA_21	</identifier>
					<transform>
						<row0>	-0.7071 0.0000 0.7071 0.0000	</row0>
						<row1>	0.0000 1.0000 0.0000 0.0000	</row1>
						<row2>	-0.7071 0.0000 -0.7071 0.0000	</row2>
						<row3>	-0.9435 0.7694 -6.4368 1.0000	</row3>
					</transform>
				</node>
				<node>
					<identifier>	HP_RGA_22	</identifier>
					<transform>
						<row0>	-0.7071 0.0000 -0.7071 0.0000	</row0>
						<row1>	0.0000 1.0000 0.0000 0.0000	</row1>
						<row2>	0.7071 0.0000 -0.7071 0.0000	</row2>
						<row3>	0.9435 0.7694 -6.4368 1.0000	</row3>
					</transform>
				</node>
				<node>
					<identifier>	HP_RGA_23	</identifier>
					<transform>
						<row0>	-0.7071 0.0000 0.7071 0.0000	</row0>
						<row1>	0.0000 1.0000 0.0000 0.0000	</row1>
						<row2>	-0.7071 0.0000 -0.7071 0.0000	</row2>
						<row3>	-0.9435 0.7694 -6.6452 1.0000	</row3>
					</transform>
				</node>
				<node>
					<identifier>	HP_RGA_24	</identifier>
					<transform>
						<row0>	-0.7071 0.0000 -0.7071 0.0000	</row0>
						<row1>	0.0000 1.0000 0.0000 0.0000	</row1>
						<row2>	0.7071 0.0000 -0.7071 0.0000	</row2>
						<row3>	0.9435 0.7694 -6.6452 1.0000	</row3>
					</transform>
				</node>
				<node>
					<identifier>	HP_Ship_death_3	</identifier>
					<transform>
						<row0>	1.0000 0.0000 0.0000 0.0000	</row0>
						<row1>	0.0000 1.0000 0.0000 0.0000	</row1>
						<row2>	0.0000 0.0000 1.0000 0.0000	</row2>
						<row3>	0.0000 0.0000 -5.3146 1.0000	</row3>
					</transform>
				</node>
				<node>
					<identifier>	Stern_crack_MidBack	</identifier>
					<transform>
						<row0>	1.0000 0.0000 0.0000 0.0000	</row0>
						<row1>	0.0000 1.0000 0.0000 0.0000	</row1>
						<row2>	0.0000 0.0000 1.0000 0.0000	</row2>
						<row3>	0.0000 0.0000 0.0000 1.0000	</row3>
					</transform>
					<node>
						<identifier>	Stern_crack_MidBack_in	</identifier>
						<transform>
							<row0>	1.0000 0.0000 0.0000 0.0000	</row0>
							<row1>	0.0000 1.0000 0.0000 0.0000	</row1>
							<row2>	0.0000 0.0000 1.0000 0.0000	</row2>
							<row3>	0.0000 0.0000 0.0000 1.0000	</row3>
						</transform>
					</node>
				</node>
			</node>
		</node>
	</skeleton>
	<properties>
		<underwaterModel>	false	</underwaterModel>
		<abovewaterModel>	true	</abovewaterModel>
	</properties>
	<boundingBox>
		<min>	-0.0033 -0.0033 -0.0033	</min>
		<max>	0.0033 0.0033 0.0033	</max>
	</boundingBox>
	<renderSets>
		<renderSet>
			<name>	SternShape	</name>
			<treatAsWorldSpaceObject>	false	</treatAsWorldSpaceObject>
			<nodes>
				<node>	Stern	</node>
			</nodes>
			<material>
				<identifier>	TL2_SHIPMAT_PBS_Hull	</identifier>
				<mfm>	PnFMods/ModsSDK.zip/RSA508_Chkalov/ship/RSA001_Chkalov_1945.mfm	</mfm>
			</material>
		</renderSet>
		<renderSet>
			<name>	Stern_crack_MidBackShape	</name>
			<treatAsWorldSpaceObject>	false	</treatAsWorldSpaceObject>
			<nodes>
				<node>	Stern_crack_MidBack	</node>
			</nodes>
			<material>
				<identifier>	TL2_SHIPMAT_PBS_Hull	</identifier>
				<mfm>	PnFMods/ModsSDK.zip/RSA508_Chkalov/ship/RSA001_Chkalov_1945.mfm	</mfm>
			</material>
		</renderSet>
		<renderSet>
			<name>	Stern_crack_MidBack_inShape	</name>
			<treatAsWorldSpaceObject>	false	</treatAsWorldSpaceObject>
			<nodes>
				<node>	Stern_crack_MidBack_in	</node>
			</nodes>
			<material>
				<identifier>	SHIPMAT_PBS_Crack	</identifier>
				<mfm>	PnFMods/ModsSDK.zip/RSA508_Chkalov/ship/C002_Razlom.mfm	</mfm>
			</material>
		</renderSet>
		<renderSet>
			<name>	Stern_crack_MidBack_in_lod1Shape	</name>
			<treatAsWorldSpaceObject>	false	</treatAsWorldSpaceObject>
			<nodes>
				<node>	Stern_crack_MidBack_in	</node>
			</nodes>
			<material>
				<identifier>	SHIPMAT_PBS_Crack	</identifier>
				<mfm>	PnFMods/ModsSDK.zip/RSA508_Chkalov/ship/C002_Razlom.mfm	</mfm>
			</material>
		</renderSet>
		<renderSet>
			<name>	Stern_crack_MidBack_in_lod2Shape	</name>
			<treatAsWorldSpaceObject>	false	</treatAsWorldSpaceObject>
			<nodes>
				<node>	Stern_crack_MidBack_in	</node>
			</nodes>
			<material>
				<identifier>	SHIPMAT_PBS_Crack	</identifier>
				<mfm>	PnFMods/ModsSDK.zip/RSA508_Chkalov/ship/C002_Razlom.mfm	</mfm>
			</material>
		</renderSet>
		<renderSet>
			<name>	Stern_crack_MidBack_in_lod3Shape	</name>
			<treatAsWorldSpaceObject>	false	</treatAsWorldSpaceObject>
			<nodes>
				<node>	Stern_crack_MidBack_in	</node>
			</nodes>
			<material>
				<identifier>	SHIPMAT_PBS_Crack	</identifier>
				<mfm>	PnFMods/ModsSDK.zip/RSA508_Chkalov/ship/C002_Razlom.mfm	</mfm>
			</material>
		</renderSet>
		<renderSet>
			<name>	Stern_crack_MidBack_lod1Shape	</name>
			<treatAsWorldSpaceObject>	false	</treatAsWorldSpaceObject>
			<nodes>
				<node>	Stern_crack_MidBack	</node>
			</nodes>
			<material>
				<identifier>	TL2_SHIPMAT_PBS_Hull	</identifier>
				<mfm>	PnFMods/ModsSDK.zip/RSA508_Chkalov/ship/RSA001_Chkalov_1945.mfm	</mfm>
			</material>
		</renderSet>
		<renderSet>
			<name>	Stern_crack_MidBack_lod2Shape	</name>
			<treatAsWorldSpaceObject>	false	</treatAsWorldSpaceObject>
			<nodes>
				<node>	Stern_crack_MidBack	</node>
			</nodes>
			<material>
				<identifier>	TL2_SHIPMAT_PBS_Hull	</identifier>
				<mfm>	PnFMods/ModsSDK.zip/RSA508_Chkalov/ship/RSA001_Chkalov_1945.mfm	</mfm>
			</material>
		</renderSet>
		<renderSet>
			<name>	Stern_crack_MidBack_lod3Shape	</name>
			<treatAsWorldSpaceObject>	false	</treatAsWorldSpaceObject>
			<nodes>
				<node>	Stern_crack_MidBack	</node>
			</nodes>
			<material>
				<identifier>	TL2_SHIPMAT_PBS_Hull	</identifier>
				<mfm>	PnFMods/ModsSDK.zip/RSA508_Chkalov/ship/RSA001_Chkalov_1945.mfm	</mfm>
			</material>
		</renderSet>
		<renderSet>
			<name>	Stern_lod1Shape	</name>
			<treatAsWorldSpaceObject>	false	</treatAsWorldSpaceObject>
			<nodes>
				<node>	Stern	</node>
			</nodes>
			<material>
				<identifier>	TL2_SHIPMAT_PBS_Hull	</identifier>
				<mfm>	PnFMods/ModsSDK.zip/RSA508_Chkalov/ship/RSA001_Chkalov_1945.mfm	</mfm>
			</material>
		</renderSet>
		<renderSet>
			<name>	Stern_lod2Shape	</name>
			<treatAsWorldSpaceObject>	false	</treatAsWorldSpaceObject>
			<nodes>
				<node>	Stern	</node>
			</nodes>
			<material>
				<identifier>	TL2_SHIPMAT_PBS_Hull	</identifier>
				<mfm>	PnFMods/ModsSDK.zip/RSA508_Chkalov/ship/RSA001_Chkalov_1945.mfm	</mfm>
			</material>
		</renderSet>
		<renderSet>
			<name>	Stern_lod3Shape	</name>
			<treatAsWorldSpaceObject>	false	</treatAsWorldSpaceObject>
			<nodes>
				<node>	Stern	</node>
			</nodes>
			<material>
				<identifier>	TL2_SHIPMAT_PBS_Hull	</identifier>
				<mfm>	PnFMods/ModsSDK.zip/RSA508_Chkalov/ship/RSA001_Chkalov_1945.mfm	</mfm>
			</material>
		</renderSet>
	</renderSets>
	<lods>
		<lod>
			<extent>	17.0000	</extent>
			<castsShadow>	true	</castsShadow>
			<renderSets>
				<renderSet>	SternShape	</renderSet>
				<renderSet>	Stern_crack_MidBackShape	</renderSet>
				<renderSet>	Stern_crack_MidBack_inShape	</renderSet>
			</renderSets>
		</lod>
		<lod>
			<extent>	32.0000	</extent>
			<castsShadow>	true	</castsShadow>
			<renderSets>
				<renderSet>	Stern_crack_MidBack_in_lod1Shape	</renderSet>
				<renderSet>	Stern_crack_MidBack_lod1Shape	</renderSet>
				<renderSet>	Stern_lod1Shape	</renderSet>
			</renderSets>
		</lod>
		<lod>
			<extent>	45.0000	</extent>
			<castsShadow>	true	</castsShadow>
			<renderSets>
				<renderSet>	Stern_crack_MidBack_in_lod2Shape	</renderSet>
				<renderSet>	Stern_crack_MidBack_lod2Shape	</renderSet>
				<renderSet>	Stern_lod2Shape	</renderSet>
			</renderSets>
		</lod>
		<lod>
			<extent>	400.0000	</extent>
			<castsShadow>	false	</castsShadow>
			<renderSets>
				<renderSet>	Stern_crack_MidBack_in_lod3Shape	</renderSet>
				<renderSet>	Stern_crack_MidBack_lod3Shape	</renderSet>
				<renderSet>	Stern_lod3Shape	</renderSet>
			</renderSets>
		</lod>
	</lods>
</RSA001_Chkalov_1945_Stern.visual>
