<JSC008_Myoko_1945_MidBack.skel_ext>
	<exported>	true	</exported>
	<node>
		<identifier>	MP_CM004_Barbette_Out	</identifier>
		<parent>	Scene Root	</parent>
		<transform>
			<row0>	1.6567 0.0000 0.0000 0.0000	</row0>
			<row1>	0.0000 1.6567 0.0000 0.0000	</row1>
			<row2>	0.0000 0.0000 1.6567 0.0000	</row2>
			<row3>	-0.0006 0.5166 -3.1000 1.0000	</row3>
		</transform>
	</node>
	<node>
		<identifier>	MP_CM009_Life_Buoy_2	</identifier>
		<parent>	Scene Root	</parent>
		<transform>
			<row0>	0.6567 0.0000 -0.7542 0.0000	</row0>
			<row1>	0.0000 1.0000 0.0000 0.0000	</row1>
			<row2>	0.7542 0.0000 0.6567 0.0000	</row2>
			<row3>	-0.5714 0.3718 -2.5269 1.0000	</row3>
		</transform>
	</node>
	<node>
		<identifier>	MP_CM009_Life_Buoy_2_INDEX_1	</identifier>
		<parent>	Scene Root	</parent>
		<transform>
			<row0>	0.6625 0.0000 0.7491 0.0000	</row0>
			<row1>	0.0000 1.0000 0.0000 0.0000	</row1>
			<row2>	-0.7491 0.0000 0.6625 0.0000	</row2>
			<row3>	0.5714 0.3718 -2.5269 1.0000	</row3>
		</transform>
	</node>
	<node>
		<identifier>	MP_CM009_Life_Buoy_2_INDEX_2	</identifier>
		<parent>	Scene Root	</parent>
		<transform>
			<row0>	-0.9659 0.0000 -0.2588 0.0000	</row0>
			<row1>	0.0000 1.0000 0.0000 0.0000	</row1>
			<row2>	0.2588 0.0000 -0.9659 0.0000	</row2>
			<row3>	-0.5961 0.3507 -0.0060 1.0000	</row3>
		</transform>
	</node>
	<node>
		<identifier>	MP_CM009_Life_Buoy_2_INDEX_3	</identifier>
		<parent>	Scene Root	</parent>
		<transform>
			<row0>	-0.9656 0.0000 0.2602 0.0000	</row0>
			<row1>	0.0000 1.0000 0.0000 0.0000	</row1>
			<row2>	-0.2602 0.0000 -0.9656 0.0000	</row2>
			<row3>	0.5936 0.3520 -0.0051 1.0000	</row3>
		</transform>
	</node>
	<node>
		<identifier>	MP_CM011_Fire_Fighting_Gear	</identifier>
		<parent>	Scene Root	</parent>
		<transform>
			<row0>	-1.0000 0.0000 0.0000 0.0000	</row0>
			<row1>	0.0000 1.0000 0.0000 0.0000	</row1>
			<row2>	0.0000 0.0000 -1.0000 0.0000	</row2>
			<row3>	-0.5563 0.3044 0.0139 1.0000	</row3>
		</transform>
	</node>
	<node>
		<identifier>	MP_CM011_Fire_Fighting_Gear_INDEX_1	</identifier>
		<parent>	Scene Root	</parent>
		<transform>
			<row0>	0.6428 0.0000 -0.7660 0.0000	</row0>
			<row1>	0.0000 1.0000 0.0000 0.0000	</row1>
			<row2>	0.7660 0.0000 0.6428 0.0000	</row2>
			<row3>	-0.1663 0.4805 -1.3548 1.0000	</row3>
		</transform>
	</node>
	<node>
		<identifier>	MP_CM011_Fire_Fighting_Gear_INDEX_2	</identifier>
		<parent>	Scene Root	</parent>
		<transform>
			<row0>	0.6428 0.0000 0.7660 0.0000	</row0>
			<row1>	0.0000 1.0000 0.0000 0.0000	</row1>
			<row2>	-0.7660 0.0000 0.6428 0.0000	</row2>
			<row3>	0.1663 0.4805 -1.3548 1.0000	</row3>
		</transform>
	</node>
	<node>
		<identifier>	MP_CM011_Fire_Fighting_Gear_INDEX_3	</identifier>
		<parent>	Scene Root	</parent>
		<transform>
			<row0>	1.0000 0.0000 0.0000 0.0000	</row0>
			<row1>	0.0000 1.0000 0.0000 0.0000	</row1>
			<row2>	0.0000 0.0000 1.0000 0.0000	</row2>
			<row3>	0.5356 0.3107 -2.5814 1.0000	</row3>
		</transform>
	</node>
	<node>
		<identifier>	MP_CM011_Fire_Fighting_Gear_INDEX_4	</identifier>
		<parent>	Scene Root	</parent>
		<transform>
			<row0>	0.8660 0.0000 -0.5000 0.0000	</row0>
			<row1>	0.0000 1.0000 0.0000 0.0000	</row1>
			<row2>	0.5000 0.0000 0.8660 0.0000	</row2>
			<row3>	-0.5356 0.3107 -2.5814 1.0000	</row3>
		</transform>
	</node>
	<node>
		<identifier>	MP_CM011_Fire_Fighting_Gear_INDEX_5	</identifier>
		<parent>	Scene Root	</parent>
		<transform>
			<row0>	-1.0000 0.0000 0.0000 0.0000	</row0>
			<row1>	0.0000 1.0000 0.0000 0.0000	</row1>
			<row2>	0.0000 0.0000 -1.0000 0.0000	</row2>
			<row3>	0.5537 0.3044 0.0156 1.0000	</row3>
		</transform>
	</node>
	<node>
		<identifier>	MP_CM012_Fire_Hose_Rack_1	</identifier>
		<parent>	Scene Root	</parent>
		<transform>
			<row0>	-0.2447 0.0000 -0.9696 0.0000	</row0>
			<row1>	0.0000 1.0000 0.0000 0.0000	</row1>
			<row2>	0.9696 0.0000 -0.2447 0.0000	</row2>
			<row3>	0.5482 0.3659 0.0064 1.0000	</row3>
		</transform>
	</node>
	<node>
		<identifier>	MP_CM012_Fire_Hose_Rack_1_INDEX_1	</identifier>
		<parent>	Scene Root	</parent>
		<transform>
			<row0>	-0.7071 0.0000 0.7071 0.0000	</row0>
			<row1>	0.0000 1.0000 0.0000 0.0000	</row1>
			<row2>	-0.7071 0.0000 -0.7071 0.0000	</row2>
			<row3>	0.5384 0.3723 -2.5636 1.0000	</row3>
		</transform>
	</node>
	<node>
		<identifier>	MP_CM012_Fire_Hose_Rack_1_INDEX_2	</identifier>
		<parent>	Scene Root	</parent>
		<transform>
			<row0>	0.7660 0.0000 0.6428 0.0000	</row0>
			<row1>	0.0000 1.0000 0.0000 0.0000	</row1>
			<row2>	-0.6428 0.0000 0.7660 0.0000	</row2>
			<row3>	-0.1704 0.5442 -1.3370 1.0000	</row3>
		</transform>
	</node>
	<node>
		<identifier>	MP_CM012_Fire_Hose_Rack_1_INDEX_3	</identifier>
		<parent>	Scene Root	</parent>
		<transform>
			<row0>	-0.7660 0.0000 0.6428 0.0000	</row0>
			<row1>	0.0000 1.0000 0.0000 0.0000	</row1>
			<row2>	-0.6428 0.0000 -0.7660 0.0000	</row2>
			<row3>	0.1704 0.5442 -1.3370 1.0000	</row3>
		</transform>
	</node>
	<node>
		<identifier>	MP_CM012_Fire_Hose_Rack_1_INDEX_4	</identifier>
		<parent>	Scene Root	</parent>
		<transform>
			<row0>	0.2371 0.0000 -0.9715 0.0000	</row0>
			<row1>	0.0000 1.0000 0.0000 0.0000	</row1>
			<row2>	0.9715 0.0000 0.2371 0.0000	</row2>
			<row3>	-0.5529 0.3659 0.0060 1.0000	</row3>
		</transform>
	</node>
	<node>
		<identifier>	MP_CM012_Fire_Hose_Rack_1_INDEX_5	</identifier>
		<parent>	Scene Root	</parent>
		<transform>
			<row0>	0.7071 0.0000 0.7071 0.0000	</row0>
			<row1>	0.0000 1.0000 0.0000 0.0000	</row1>
			<row2>	-0.7071 0.0000 0.7071 0.0000	</row2>
			<row3>	-0.5384 0.3723 -2.5636 1.0000	</row3>
		</transform>
	</node>
	<node>
		<identifier>	MP_CM014_Fuel_Oil_Hose	</identifier>
		<parent>	Scene Root	</parent>
		<transform>
			<row0>	0.8242 0.0000 0.5663 0.0000	</row0>
			<row1>	0.0000 1.0000 0.0000 0.0000	</row1>
			<row2>	-0.5663 0.0000 0.8242 0.0000	</row2>
			<row3>	-0.2649 0.3806 -3.0019 1.0000	</row3>
		</transform>
	</node>
	<node>
		<identifier>	MP_CM014_Fuel_Oil_Hose_INDEX_1	</identifier>
		<parent>	Scene Root	</parent>
		<transform>
			<row0>	0.7567 0.0000 0.6537 0.0000	</row0>
			<row1>	0.0000 1.0000 0.0000 0.0000	</row1>
			<row2>	-0.6537 0.0000 0.7567 0.0000	</row2>
			<row3>	-0.4758 0.3806 -2.6371 1.0000	</row3>
		</transform>
	</node>
	<node>
		<identifier>	MP_CM014_Fuel_Oil_Hose_INDEX_2	</identifier>
		<parent>	Scene Root	</parent>
		<transform>
			<row0>	-0.7567 0.0000 0.6537 0.0000	</row0>
			<row1>	0.0000 1.0000 0.0000 0.0000	</row1>
			<row2>	-0.6537 0.0000 -0.7567 0.0000	</row2>
			<row3>	0.4758 0.3806 -2.6371 1.0000	</row3>
		</transform>
	</node>
	<node>
		<identifier>	MP_CM014_Fuel_Oil_Hose_INDEX_3	</identifier>
		<parent>	Scene Root	</parent>
		<transform>
			<row0>	-0.8242 0.0000 0.5663 0.0000	</row0>
			<row1>	0.0000 1.0000 0.0000 0.0000	</row1>
			<row2>	-0.5663 0.0000 -0.8242 0.0000	</row2>
			<row3>	0.2649 0.3806 -3.0019 1.0000	</row3>
		</transform>
	</node>
	<node>
		<identifier>	MP_CM017_Boat_Stowage_3	</identifier>
		<parent>	Scene Root	</parent>
		<transform>
			<row0>	0.9964 0.0000 -0.0849 0.0000	</row0>
			<row1>	0.0000 1.0000 0.0000 0.0000	</row1>
			<row2>	0.0849 0.0000 0.9964 0.0000	</row2>
			<row3>	0.5423 0.4804 -1.3741 1.0000	</row3>
		</transform>
	</node>
	<node>
		<identifier>	MP_CM017_Boat_Stowage_3_INDEX_1	</identifier>
		<parent>	Scene Root	</parent>
		<transform>
			<row0>	-0.9890 0.0000 -0.1477 0.0000	</row0>
			<row1>	0.0000 1.0000 0.0000 0.0000	</row1>
			<row2>	0.1477 0.0000 -0.9890 0.0000	</row2>
			<row3>	-0.5244 0.4804 -1.3703 1.0000	</row3>
		</transform>
	</node>
	<node>
		<identifier>	MP_CM017_Boat_Stowage_3_INDEX_10	</identifier>
		<parent>	Scene Root	</parent>
		<transform>
			<row0>	-0.9871 0.0000 -0.1604 0.0000	</row0>
			<row1>	0.0000 1.0000 0.0000 0.0000	</row1>
			<row2>	0.1604 0.0000 -0.9871 0.0000	</row2>
			<row3>	-0.4020 0.4788 -0.7089 1.0000	</row3>
		</transform>
	</node>
	<node>
		<identifier>	MP_CM017_Boat_Stowage_3_INDEX_11	</identifier>
		<parent>	Scene Root	</parent>
		<transform>
			<row0>	-0.9961 0.0000 -0.0877 0.0000	</row0>
			<row1>	0.0000 1.0000 0.0000 0.0000	</row1>
			<row2>	0.0877 0.0000 -0.9961 0.0000	</row2>
			<row3>	-0.5692 0.4804 -0.9112 1.0000	</row3>
		</transform>
	</node>
	<node>
		<identifier>	MP_CM017_Boat_Stowage_3_INDEX_2	</identifier>
		<parent>	Scene Root	</parent>
		<transform>
			<row0>	0.9871 0.0000 -0.1604 0.0000	</row0>
			<row1>	0.0000 1.0000 0.0000 0.0000	</row1>
			<row2>	0.1604 0.0000 0.9871 0.0000	</row2>
			<row3>	0.3576 0.4811 -1.0173 1.0000	</row3>
		</transform>
	</node>
	<node>
		<identifier>	MP_CM017_Boat_Stowage_3_INDEX_3	</identifier>
		<parent>	Scene Root	</parent>
		<transform>
			<row0>	0.9871 0.0000 -0.1604 0.0000	</row0>
			<row1>	0.0000 1.0000 0.0000 0.0000	</row1>
			<row2>	0.1604 0.0000 0.9871 0.0000	</row2>
			<row3>	0.3819 0.4787 -0.8675 1.0000	</row3>
		</transform>
	</node>
	<node>
		<identifier>	MP_CM017_Boat_Stowage_3_INDEX_4	</identifier>
		<parent>	Scene Root	</parent>
		<transform>
			<row0>	-0.9953 0.0000 -0.0970 0.0000	</row0>
			<row1>	0.0000 1.0000 0.0000 0.0000	</row1>
			<row2>	0.0970 0.0000 -0.9953 0.0000	</row2>
			<row3>	-0.5494 0.4804 -1.1204 1.0000	</row3>
		</transform>
	</node>
	<node>
		<identifier>	MP_CM017_Boat_Stowage_3_INDEX_5	</identifier>
		<parent>	Scene Root	</parent>
		<transform>
			<row0>	0.9969 0.0000 -0.0787 0.0000	</row0>
			<row1>	0.0000 1.0000 0.0000 0.0000	</row1>
			<row2>	0.0787 0.0000 0.9969 0.0000	</row2>
			<row3>	0.5684 0.4804 -0.9098 1.0000	</row3>
		</transform>
	</node>
	<node>
		<identifier>	MP_CM017_Boat_Stowage_3_INDEX_6	</identifier>
		<parent>	Scene Root	</parent>
		<transform>
			<row0>	0.9871 0.0000 -0.1604 0.0000	</row0>
			<row1>	0.0000 1.0000 0.0000 0.0000	</row1>
			<row2>	0.1604 0.0000 0.9871 0.0000	</row2>
			<row3>	0.4079 0.4783 -0.7089 1.0000	</row3>
		</transform>
	</node>
	<node>
		<identifier>	MP_CM017_Boat_Stowage_3_INDEX_7	</identifier>
		<parent>	Scene Root	</parent>
		<transform>
			<row0>	-0.9871 0.0000 -0.1604 0.0000	</row0>
			<row1>	0.0000 1.0000 0.0000 0.0000	</row1>
			<row2>	0.1604 0.0000 -0.9871 0.0000	</row2>
			<row3>	-0.3762 0.4803 -0.8675 1.0000	</row3>
		</transform>
	</node>
	<node>
		<identifier>	MP_CM017_Boat_Stowage_3_INDEX_8	</identifier>
		<parent>	Scene Root	</parent>
		<transform>
			<row0>	0.9977 0.0000 -0.0676 0.0000	</row0>
			<row1>	0.0000 1.0000 0.0000 0.0000	</row1>
			<row2>	0.0676 0.0000 0.9977 0.0000	</row2>
			<row3>	0.5571 0.4804 -1.1217 1.0000	</row3>
		</transform>
	</node>
	<node>
		<identifier>	MP_CM017_Boat_Stowage_3_INDEX_9	</identifier>
		<parent>	Scene Root	</parent>
		<transform>
			<row0>	-0.9871 0.0000 -0.1604 0.0000	</row0>
			<row1>	0.0000 1.0000 0.0000 0.0000	</row1>
			<row2>	0.1604 0.0000 -0.9871 0.0000	</row2>
			<row3>	-0.3519 0.4812 -1.0173 1.0000	</row3>
		</transform>
	</node>
	<node>
		<identifier>	MP_CM019_Wood_Box_2	</identifier>
		<parent>	Scene Root	</parent>
		<transform>
			<row0>	2.2594 0.0000 0.0000 0.0000	</row0>
			<row1>	0.0000 2.2594 0.0000 0.0000	</row1>
			<row2>	0.0000 0.0000 2.2594 0.0000	</row2>
			<row3>	-0.3287 0.4965 0.2767 1.0000	</row3>
		</transform>
	</node>
	<node>
		<identifier>	MP_CM019_Wood_Box_2_INDEX_1	</identifier>
		<parent>	Scene Root	</parent>
		<transform>
			<row0>	2.2594 0.0000 0.0000 0.0000	</row0>
			<row1>	0.0000 2.2594 0.0000 0.0000	</row1>
			<row2>	0.0000 0.0000 2.2594 0.0000	</row2>
			<row3>	0.3326 0.4965 0.2767 1.0000	</row3>
		</transform>
	</node>
	<node>
		<identifier>	MP_CM019_Wood_Box_2_INDEX_2	</identifier>
		<parent>	Scene Root	</parent>
		<transform>
			<row0>	2.2594 0.0000 0.0000 0.0000	</row0>
			<row1>	0.0000 2.2594 0.0000 0.0000	</row1>
			<row2>	0.0000 0.0000 2.2594 0.0000	</row2>
			<row3>	-0.2966 0.5208 0.2767 1.0000	</row3>
		</transform>
	</node>
	<node>
		<identifier>	MP_CM019_Wood_Box_2_INDEX_3	</identifier>
		<parent>	Scene Root	</parent>
		<transform>
			<row0>	2.2594 0.0000 0.0000 0.0000	</row0>
			<row1>	0.0000 2.2594 0.0000 0.0000	</row1>
			<row2>	0.0000 0.0000 2.2594 0.0000	</row2>
			<row3>	-0.2700 0.4965 0.2767 1.0000	</row3>
		</transform>
	</node>
	<node>
		<identifier>	MP_CM019_Wood_Box_2_INDEX_4	</identifier>
		<parent>	Scene Root	</parent>
		<transform>
			<row0>	2.2594 0.0000 0.0000 0.0000	</row0>
			<row1>	0.0000 2.2594 0.0000 0.0000	</row1>
			<row2>	0.0000 0.0000 2.2594 0.0000	</row2>
			<row3>	0.2698 0.4965 0.2767 1.0000	</row3>
		</transform>
	</node>
	<node>
		<identifier>	MP_CM029_Emergency_Box	</identifier>
		<parent>	Scene Root	</parent>
		<transform>
			<row0>	0.6428 0.0000 0.7660 0.0000	</row0>
			<row1>	0.0000 1.0000 0.0000 0.0000	</row1>
			<row2>	-0.7660 0.0000 0.6428 0.0000	</row2>
			<row3>	0.1530 0.5252 -1.3676 1.0000	</row3>
		</transform>
	</node>
	<node>
		<identifier>	MP_CM029_Emergency_Box_INDEX_1	</identifier>
		<parent>	Scene Root	</parent>
		<transform>
			<row0>	0.0000 0.0000 -1.0000 0.0000	</row0>
			<row1>	0.0000 1.0000 0.0000 0.0000	</row1>
			<row2>	1.0000 0.0000 0.0000 0.0000	</row2>
			<row3>	-0.3485 0.3698 0.0293 1.0000	</row3>
		</transform>
	</node>
	<node>
		<identifier>	MP_CM029_Emergency_Box_INDEX_2	</identifier>
		<parent>	Scene Root	</parent>
		<transform>
			<row0>	0.0000 0.0000 1.0000 0.0000	</row0>
			<row1>	0.0000 1.0000 0.0000 0.0000	</row1>
			<row2>	-1.0000 0.0000 0.0000 0.0000	</row2>
			<row3>	0.3487 0.3707 0.0294 1.0000	</row3>
		</transform>
	</node>
	<node>
		<identifier>	MP_CM029_Emergency_Box_INDEX_3	</identifier>
		<parent>	Scene Root	</parent>
		<transform>
			<row0>	0.6593 0.0000 0.7519 0.0000	</row0>
			<row1>	0.0000 1.0000 0.0000 0.0000	</row1>
			<row2>	-0.7519 0.0000 0.6593 0.0000	</row2>
			<row3>	0.3305 0.3698 -2.8077 1.0000	</row3>
		</transform>
	</node>
	<node>
		<identifier>	MP_CM029_Emergency_Box_INDEX_4	</identifier>
		<parent>	Scene Root	</parent>
		<transform>
			<row0>	0.6564 0.0000 -0.7544 0.0000	</row0>
			<row1>	0.0000 1.0000 0.0000 0.0000	</row1>
			<row2>	0.7544 0.0000 0.6564 0.0000	</row2>
			<row3>	-0.3316 0.3698 -2.8085 1.0000	</row3>
		</transform>
	</node>
	<node>
		<identifier>	MP_CM029_Emergency_Box_INDEX_5	</identifier>
		<parent>	Scene Root	</parent>
		<transform>
			<row0>	0.6428 0.0000 -0.7660 0.0000	</row0>
			<row1>	0.0000 1.0000 0.0000 0.0000	</row1>
			<row2>	0.7660 0.0000 0.6428 0.0000	</row2>
			<row3>	-0.1530 0.5252 -1.3676 1.0000	</row3>
		</transform>
	</node>
	<node>
		<identifier>	MP_CM030_Swab_Rack_2	</identifier>
		<parent>	Scene Root	</parent>
		<transform>
			<row0>	0.0000 0.0000 -1.0000 0.0000	</row0>
			<row1>	0.0000 1.0000 0.0000 0.0000	</row1>
			<row2>	1.0000 0.0000 0.0000 0.0000	</row2>
			<row3>	0.2306 0.4802 -0.0434 1.0000	</row3>
		</transform>
	</node>
	<node>
		<identifier>	MP_CM030_Swab_Rack_2_INDEX_1	</identifier>
		<parent>	Scene Root	</parent>
		<transform>
			<row0>	0.0000 0.0000 1.0000 0.0000	</row0>
			<row1>	0.0000 1.0000 0.0000 0.0000	</row1>
			<row2>	-1.0000 0.0000 0.0000 0.0000	</row2>
			<row3>	-0.2309 0.4795 -0.0402 1.0000	</row3>
		</transform>
	</node>
	<node>
		<identifier>	MP_CM030_Swab_Rack_2_INDEX_2	</identifier>
		<parent>	Scene Root	</parent>
		<transform>
			<row0>	-1.0000 0.0000 0.0000 0.0000	</row0>
			<row1>	0.0000 1.0000 0.0000 0.0000	</row1>
			<row2>	0.0000 0.0000 -1.0000 0.0000	</row2>
			<row3>	0.1698 0.3106 -3.0834 1.0000	</row3>
		</transform>
	</node>
	<node>
		<identifier>	MP_CM030_Swab_Rack_2_INDEX_3	</identifier>
		<parent>	Scene Root	</parent>
		<transform>
			<row0>	-1.0000 0.0000 0.0000 0.0000	</row0>
			<row1>	0.0000 1.0000 0.0000 0.0000	</row1>
			<row2>	0.0000 0.0000 -1.0000 0.0000	</row2>
			<row3>	-0.1753 0.3106 -3.0834 1.0000	</row3>
		</transform>
	</node>
	<node>
		<identifier>	MP_JM009_Signal_Lamp	</identifier>
		<parent>	Scene Root	</parent>
		<transform>
			<row0>	0.0000 0.0000 -1.9687 0.0000	</row0>
			<row1>	0.0000 1.9687 0.0000 0.0000	</row1>
			<row2>	1.9687 0.0000 0.0000 0.0000	</row2>
			<row3>	0.1133 0.7346 0.2538 1.0000	</row3>
		</transform>
	</node>
	<node>
		<identifier>	MP_JM009_Signal_Lamp_INDEX_1	</identifier>
		<parent>	Scene Root	</parent>
		<transform>
			<row0>	0.0000 0.0000 1.9687 0.0000	</row0>
			<row1>	0.0000 1.9687 0.0000 0.0000	</row1>
			<row2>	-1.9690 0.0000 0.0000 0.0000	</row2>
			<row3>	-0.0888 0.7346 0.2556 1.0000	</row3>
		</transform>
	</node>
	<node>
		<identifier>	MP_JM011_Day_Light	</identifier>
		<parent>	Scene Root	</parent>
		<transform>
			<row0>	1.0000 0.0000 0.0000 0.0000	</row0>
			<row1>	0.0000 1.0000 0.0000 0.0000	</row1>
			<row2>	0.0000 0.0000 1.0000 0.0000	</row2>
			<row3>	0.0000 1.5842 -0.8920 1.0000	</row3>
		</transform>
	</node>
	<node>
		<identifier>	MP_JM014_Reels_2	</identifier>
		<parent>	Scene Root	</parent>
		<transform>
			<row0>	0.7000 0.0000 1.2124 0.0000	</row0>
			<row1>	0.0000 1.2000 0.0000 0.0000	</row1>
			<row2>	-1.0392 0.0000 0.6000 0.0000	</row2>
			<row3>	0.1954 0.3045 -3.2835 1.0000	</row3>
		</transform>
	</node>
	<node>
		<identifier>	MP_JM017_Ventilators_1	</identifier>
		<parent>	Scene Root	</parent>
		<transform>
			<row0>	0.7471 0.0000 0.0000 0.0000	</row0>
			<row1>	0.0000 0.7471 0.0000 0.0000	</row1>
			<row2>	0.0000 0.0000 0.7471 0.0000	</row2>
			<row3>	0.2794 0.3017 -3.1462 1.0000	</row3>
		</transform>
	</node>
	<node>
		<identifier>	MP_JM019_Ventilators_3	</identifier>
		<parent>	Scene Root	</parent>
		<transform>
			<row0>	1.0000 0.0000 0.0000 0.0000	</row0>
			<row1>	0.0000 1.0000 0.0000 0.0000	</row1>
			<row2>	0.0000 0.0000 1.0000 0.0000	</row2>
			<row3>	-0.2244 0.2908 -3.1464 1.0000	</row3>
		</transform>
	</node>
	<node>
		<identifier>	MP_JM026_Bollards	</identifier>
		<parent>	Scene Root	</parent>
		<transform>
			<row0>	0.0470 0.0009 1.2007 0.0000	</row0>
			<row1>	-0.0085 1.2016 -0.0006 0.0000	</row1>
			<row2>	-1.2006 -0.0084 0.0470 0.0000	</row2>
			<row3>	0.5539 0.2921 -2.7851 1.0000	</row3>
		</transform>
	</node>
	<node>
		<identifier>	MP_JM026_Bollards_INDEX_1	</identifier>
		<parent>	Scene Root	</parent>
		<transform>
			<row0>	-0.0470 0.0009 1.2007 0.0000	</row0>
			<row1>	0.0085 1.2016 -0.0006 0.0000	</row1>
			<row2>	-1.2010 0.0084 -0.0470 0.0000	</row2>
			<row3>	-0.5539 0.2921 -2.7851 1.0000	</row3>
		</transform>
	</node>
	<node>
		<identifier>	MP_JM027_Fairlead_2	</identifier>
		<parent>	Scene Root	</parent>
		<transform>
			<row0>	0.9994 0.0000 -0.0352 0.0000	</row0>
			<row1>	0.0000 1.0000 0.0002 0.0000	</row1>
			<row2>	0.0352 -0.0002 0.9994 0.0000	</row2>
			<row3>	0.5663 0.3188 -3.2684 1.0000	</row3>
		</transform>
	</node>
	<node>
		<identifier>	MP_JM027_Fairlead_2_INDEX_1	</identifier>
		<parent>	Scene Root	</parent>
		<transform>
			<row0>	-0.9994 0.0000 -0.0352 0.0000	</row0>
			<row1>	0.0000 1.0000 0.0002 0.0000	</row1>
			<row2>	0.0352 0.0002 -0.9994 0.0000	</row2>
			<row3>	-0.5663 0.3188 -3.2684 1.0000	</row3>
		</transform>
	</node>
	<node>
		<identifier>	MP_JM032_Electric_Deck_Winch	</identifier>
		<parent>	Scene Root	</parent>
		<transform>
			<row0>	0.5000 0.0000 -0.8660 0.0000	</row0>
			<row1>	0.0000 1.0000 0.0000 0.0000	</row1>
			<row2>	0.8660 0.0000 0.5000 0.0000	</row2>
			<row3>	-0.2705 0.3087 -3.1649 1.0000	</row3>
		</transform>
	</node>
	<node>
		<identifier>	MP_JM039_Motor_Launch_12m	</identifier>
		<parent>	Scene Root	</parent>
		<transform>
			<row0>	-0.0993 -0.0135 0.9950 0.0000	</row0>
			<row1>	-0.0013 0.9999 0.0135 0.0000	</row1>
			<row2>	-0.9951 0.0000 -0.0993 0.0000	</row2>
			<row3>	-0.5465 0.4895 -1.1417 1.0000	</row3>
		</transform>
	</node>
	<node>
		<identifier>	MP_JM039_Motor_Launch_12m_INDEX_1	</identifier>
		<parent>	Scene Root	</parent>
		<transform>
			<row0>	0.0606 -0.0135 0.9981 0.0000	</row0>
			<row1>	0.0008 0.9999 0.0135 0.0000	</row1>
			<row2>	-0.9982 0.0000 0.0606 0.0000	</row2>
			<row3>	0.5543 0.4895 -1.1430 1.0000	</row3>
		</transform>
	</node>
	<node>
		<identifier>	MP_JM058_Deck_Hatch_7	</identifier>
		<parent>	Scene Root	</parent>
		<transform>
			<row0>	0.0000 0.0000 1.0000 0.0000	</row0>
			<row1>	0.0000 1.0000 0.0000 0.0000	</row1>
			<row2>	-1.0000 0.0000 0.0000 0.0000	</row2>
			<row3>	0.1624 0.6737 -0.6588 1.0000	</row3>
		</transform>
	</node>
	<node>
		<identifier>	MP_JM058_Deck_Hatch_7_INDEX_1	</identifier>
		<parent>	Scene Root	</parent>
		<transform>
			<row0>	0.0000 0.0000 1.0000 0.0000	</row0>
			<row1>	0.0000 1.0000 0.0000 0.0000	</row1>
			<row2>	-1.0000 0.0000 0.0000 0.0000	</row2>
			<row3>	0.1624 0.6737 -0.5334 1.0000	</row3>
		</transform>
	</node>
	<node>
		<identifier>	MP_JM058_Deck_Hatch_7_INDEX_2	</identifier>
		<parent>	Scene Root	</parent>
		<transform>
			<row0>	0.0000 0.0000 -1.0000 0.0000	</row0>
			<row1>	0.0000 1.0000 0.0000 0.0000	</row1>
			<row2>	1.0000 0.0000 0.0000 0.0000	</row2>
			<row3>	-0.1691 0.6737 -0.5965 1.0000	</row3>
		</transform>
	</node>
	<node>
		<identifier>	MP_JM058_Deck_Hatch_7_INDEX_3	</identifier>
		<parent>	Scene Root	</parent>
		<transform>
			<row0>	0.0000 0.0000 -1.0000 0.0000	</row0>
			<row1>	0.0000 1.0000 0.0000 0.0000	</row1>
			<row2>	1.0000 0.0000 0.0000 0.0000	</row2>
			<row3>	-0.1691 0.6737 -0.6588 1.0000	</row3>
		</transform>
	</node>
	<node>
		<identifier>	MP_JM058_Deck_Hatch_7_INDEX_4	</identifier>
		<parent>	Scene Root	</parent>
		<transform>
			<row0>	0.0000 0.0000 -1.0000 0.0000	</row0>
			<row1>	0.0000 1.0000 0.0000 0.0000	</row1>
			<row2>	1.0000 0.0000 0.0000 0.0000	</row2>
			<row3>	-0.1691 0.6737 -0.5334 1.0000	</row3>
		</transform>
	</node>
	<node>
		<identifier>	MP_JM058_Deck_Hatch_7_INDEX_5	</identifier>
		<parent>	Scene Root	</parent>
		<transform>
			<row0>	0.0000 0.0000 1.0000 0.0000	</row0>
			<row1>	0.0000 1.0000 0.0000 0.0000	</row1>
			<row2>	-1.0000 0.0000 0.0000 0.0000	</row2>
			<row3>	0.1624 0.6737 -0.5965 1.0000	</row3>
		</transform>
	</node>
	<node>
		<identifier>	MP_JM058_Deck_Hatch_7_INDEX_6	</identifier>
		<parent>	Scene Root	</parent>
		<transform>
			<row0>	0.0000 0.0000 1.0000 0.0000	</row0>
			<row1>	0.0000 1.0000 0.0000 0.0000	</row1>
			<row2>	-1.0000 0.0000 0.0000 0.0000	</row2>
			<row3>	0.1943 0.4777 -2.6129 1.0000	</row3>
		</transform>
	</node>
	<node>
		<identifier>	MP_JM058_Deck_Hatch_7_INDEX_7	</identifier>
		<parent>	Scene Root	</parent>
		<transform>
			<row0>	0.0000 0.0000 -1.0000 0.0000	</row0>
			<row1>	0.0000 1.0000 0.0000 0.0000	</row1>
			<row2>	1.0000 0.0000 0.0000 0.0000	</row2>
			<row3>	-0.1943 0.4777 -2.6129 1.0000	</row3>
		</transform>
	</node>
	<node>
		<identifier>	MP_JM060_Deck_Hatch_9	</identifier>
		<parent>	Scene Root	</parent>
		<transform>
			<row0>	0.0000 0.0000 -1.0000 0.0000	</row0>
			<row1>	0.0000 1.0000 0.0000 0.0000	</row1>
			<row2>	1.0000 0.0000 0.0000 0.0000	</row2>
			<row3>	-0.3118 0.4799 -0.2673 1.0000	</row3>
		</transform>
	</node>
	<node>
		<identifier>	MP_JM060_Deck_Hatch_9_INDEX_1	</identifier>
		<parent>	Scene Root	</parent>
		<transform>
			<row0>	0.0000 0.0000 1.0000 0.0000	</row0>
			<row1>	0.0000 1.0000 0.0000 0.0000	</row1>
			<row2>	-1.0000 0.0000 0.0000 0.0000	</row2>
			<row3>	0.3118 0.4799 -0.2673 1.0000	</row3>
		</transform>
	</node>
	<node>
		<identifier>	MP_JM062_Deck_Hatch_11	</identifier>
		<parent>	Scene Root	</parent>
		<transform>
			<row0>	0.7071 0.0000 -0.7071 0.0000	</row0>
			<row1>	0.0000 1.0000 0.0000 0.0000	</row1>
			<row2>	0.7071 0.0000 0.7071 0.0000	</row2>
			<row3>	-0.1358 0.5106 -1.5043 1.0000	</row3>
		</transform>
	</node>
	<node>
		<identifier>	MP_JM062_Deck_Hatch_11_INDEX_1	</identifier>
		<parent>	Scene Root	</parent>
		<transform>
			<row0>	1.0000 0.0000 0.0000 0.0000	</row0>
			<row1>	0.0000 1.0000 0.0000 0.0000	</row1>
			<row2>	0.0000 0.0000 1.0000 0.0000	</row2>
			<row3>	0.1166 0.5110 -1.4598 1.0000	</row3>
		</transform>
	</node>
	<node>
		<identifier>	MP_JM066_Aircraft_Deck_Rails	</identifier>
		<parent>	Scene Root	</parent>
		<transform>
			<row0>	0.0000 0.0000 1.0911 0.0000	</row0>
			<row1>	0.0000 1.0911 0.0000 0.0000	</row1>
			<row2>	-0.9377 0.0000 0.0000 0.0000	</row2>
			<row3>	0.4214 0.4935 -2.4502 1.0000	</row3>
		</transform>
	</node>
	<node>
		<identifier>	MP_JM066_Aircraft_Deck_Rails_INDEX_1	</identifier>
		<parent>	Scene Root	</parent>
		<transform>
			<row0>	0.0000 0.0000 -1.0911 0.0000	</row0>
			<row1>	0.0000 1.0911 0.0000 0.0000	</row1>
			<row2>	0.9377 0.0000 0.0000 0.0000	</row2>
			<row3>	-0.4188 0.4935 -2.4502 1.0000	</row3>
		</transform>
	</node>
	<node>
		<identifier>	MP_JM099_Signal_Lamp_1	</identifier>
		<parent>	Scene Root	</parent>
		<transform>
			<row0>	1.4954 0.0000 0.0000 0.0000	</row0>
			<row1>	0.0000 1.4954 0.0000 0.0000	</row1>
			<row2>	0.0000 0.0000 1.4954 0.0000	</row2>
			<row3>	0.0000 1.9376 -0.8229 1.0000	</row3>
		</transform>
	</node>
	<node>
		<identifier>	MP_JM125_Signal_Lamp_3	</identifier>
		<parent>	Scene Root	</parent>
		<transform>
			<row0>	1.0000 0.0000 0.0000 0.0000	</row0>
			<row1>	0.0000 1.0000 0.0000 0.0000	</row1>
			<row2>	0.0000 0.0000 1.0000 0.0000	</row2>
			<row3>	0.0000 2.1883 -0.8826 1.0000	</row3>
		</transform>
	</node>
	<node>
		<identifier>	MP_JM150_Runway_Light_R	</identifier>
		<parent>	Scene Root	</parent>
		<transform>
			<row0>	1.0000 0.0000 0.0000 0.0000	</row0>
			<row1>	0.0000 1.0000 0.0000 0.0000	</row1>
			<row2>	0.0000 0.0000 1.0000 0.0000	</row2>
			<row3>	0.1434 1.0810 -0.8227 1.0000	</row3>
		</transform>
	</node>
	<node>
		<identifier>	MP_JM150_Runway_Light_R_INDEX_1	</identifier>
		<parent>	Scene Root	</parent>
		<transform>
			<row0>	1.0000 0.0000 0.0000 0.0000	</row0>
			<row1>	0.0000 1.0000 0.0000 0.0000	</row1>
			<row2>	0.0000 0.0000 1.0000 0.0000	</row2>
			<row3>	0.1434 0.9337 -0.8266 1.0000	</row3>
		</transform>
	</node>
	<node>
		<identifier>	MP_JM151_Runway_Light_G	</identifier>
		<parent>	Scene Root	</parent>
		<transform>
			<row0>	1.0000 0.0000 0.0000 0.0000	</row0>
			<row1>	0.0000 1.0000 0.0000 0.0000	</row1>
			<row2>	0.0000 0.0000 1.0000 0.0000	</row2>
			<row3>	0.2025 1.0090 -0.8228 1.0000	</row3>
		</transform>
	</node>
	<node>
		<identifier>	MP_JM151_Runway_Light_G_INDEX_1	</identifier>
		<parent>	Scene Root	</parent>
		<transform>
			<row0>	1.0000 0.0000 0.0000 0.0000	</row0>
			<row1>	0.0000 1.0000 0.0000 0.0000	</row1>
			<row2>	0.0000 0.0000 1.0000 0.0000	</row2>
			<row3>	0.1431 1.1605 -0.8207 1.0000	</row3>
		</transform>
	</node>
	<node>
		<identifier>	MP_JM151_Runway_Light_G_INDEX_2	</identifier>
		<parent>	Scene Root	</parent>
		<transform>
			<row0>	1.0000 0.0000 0.0000 0.0000	</row0>
			<row1>	0.0000 1.0000 0.0000 0.0000	</row1>
			<row2>	0.0000 0.0000 1.0000 0.0000	</row2>
			<row3>	0.0893 1.0090 -0.8254 1.0000	</row3>
		</transform>
	</node>
	<node>
		<identifier>	MP_JM152_Runway_Light_W	</identifier>
		<parent>	Scene Root	</parent>
		<transform>
			<row0>	1.0000 0.0000 0.0000 0.0000	</row0>
			<row1>	0.0000 1.0000 0.0000 0.0000	</row1>
			<row2>	0.0000 0.0000 1.0000 0.0000	</row2>
			<row3>	0.1432 1.0085 -0.8242 1.0000	</row3>
		</transform>
	</node>
	<node>
		<identifier>	MP_JM181_Motor_Boats_11m	</identifier>
		<parent>	Scene Root	</parent>
		<transform>
			<row0>	0.9865 0.0000 0.1635 0.0000	</row0>
			<row1>	-0.0038 0.9997 0.0231 0.0000	</row1>
			<row2>	-0.1634 -0.0234 0.9863 0.0000	</row2>
			<row3>	-0.3616 0.4862 -0.9608 1.0000	</row3>
		</transform>
	</node>
	<node>
		<identifier>	MP_JM181_Motor_Boats_11m_INDEX_1	</identifier>
		<parent>	Scene Root	</parent>
		<transform>
			<row0>	0.9866 0.0000 -0.1633 0.0000	</row0>
			<row1>	0.0048 0.9996 0.0288 0.0000	</row1>
			<row2>	0.1632 -0.0292 0.9862 0.0000	</row2>
			<row3>	0.3668 0.4861 -0.9607 1.0000	</row3>
		</transform>
	</node>
	<node>
		<identifier>	MP_JM191_SanBox	</identifier>
		<parent>	Scene Root	</parent>
		<transform>
			<row0>	-0.6702 0.0000 0.7422 0.0000	</row0>
			<row1>	0.0000 1.0000 0.0000 0.0000	</row1>
			<row2>	-0.7422 0.0000 -0.6702 0.0000	</row2>
			<row3>	-0.4908 0.3100 -2.6439 1.0000	</row3>
		</transform>
	</node>
	<node>
		<identifier>	MP_JM191_SanBox_INDEX_1	</identifier>
		<parent>	Scene Root	</parent>
		<transform>
			<row0>	-0.6409 0.0000 -0.7676 0.0000	</row0>
			<row1>	0.0000 1.0000 0.0000 0.0000	</row1>
			<row2>	0.7676 0.0000 -0.6409 0.0000	</row2>
			<row3>	0.4771 0.3098 -2.6587 1.0000	</row3>
		</transform>
	</node>
	<node>
		<identifier>	MP_JM202_Fender	</identifier>
		<parent>	Scene Root	</parent>
		<transform>
			<row0>	-0.8660 0.0000 -0.5000 0.0000	</row0>
			<row1>	0.0000 1.0000 0.0000 0.0000	</row1>
			<row2>	0.5000 0.0000 -0.8660 0.0000	</row2>
			<row3>	-0.3295 0.3050 -2.9671 1.0000	</row3>
		</transform>
	</node>
	<node>
		<identifier>	MP_JM202_Fender_INDEX_1	</identifier>
		<parent>	Scene Root	</parent>
		<transform>
			<row0>	0.8660 0.0000 -0.5000 0.0000	</row0>
			<row1>	0.0000 1.0000 0.0000 0.0000	</row1>
			<row2>	0.5000 0.0000 0.8660 0.0000	</row2>
			<row3>	0.3295 0.3050 -2.9671 1.0000	</row3>
		</transform>
	</node>
	<node>
		<identifier>	MP_JM217_Turntable_for_aircraft	</identifier>
		<parent>	Scene Root	</parent>
		<transform>
			<row0>	1.0391 0.0000 0.0000 0.0000	</row0>
			<row1>	0.0000 1.0000 0.0000 0.0000	</row1>
			<row2>	0.0000 0.0000 1.0391 0.0000	</row2>
			<row3>	0.4211 0.4802 -2.5069 1.0000	</row3>
		</transform>
	</node>
	<node>
		<identifier>	MP_JM217_Turntable_for_aircraft_INDEX_1	</identifier>
		<parent>	Scene Root	</parent>
		<transform>
			<row0>	1.0391 0.0000 0.0000 0.0000	</row0>
			<row1>	0.0000 1.0000 0.0000 0.0000	</row1>
			<row2>	0.0000 0.0000 1.0391 0.0000	</row2>
			<row3>	-0.4211 0.4802 -2.5069 1.0000	</row3>
		</transform>
	</node>
	<node>
		<identifier>	MP_JM217_Turntable_for_aircraft_INDEX_2	</identifier>
		<parent>	Scene Root	</parent>
		<transform>
			<row0>	1.0391 0.0000 0.0000 0.0000	</row0>
			<row1>	0.0000 1.0000 0.0000 0.0000	</row1>
			<row2>	0.0000 0.0000 1.0391 0.0000	</row2>
			<row3>	0.0034 0.4802 -2.2112 1.0000	</row3>
		</transform>
	</node>
	<node>
		<identifier>	MP_JM217_Turntable_for_aircraft_INDEX_3	</identifier>
		<parent>	Scene Root	</parent>
		<transform>
			<row0>	1.0391 0.0000 0.0000 0.0000	</row0>
			<row1>	0.0000 1.0000 0.0000 0.0000	</row1>
			<row2>	0.0000 0.0000 1.0391 0.0000	</row2>
			<row3>	0.4211 0.4802 -1.9277 1.0000	</row3>
		</transform>
	</node>
	<node>
		<identifier>	MP_JM217_Turntable_for_aircraft_INDEX_4	</identifier>
		<parent>	Scene Root	</parent>
		<transform>
			<row0>	1.0391 0.0000 0.0000 0.0000	</row0>
			<row1>	0.0000 1.0000 0.0000 0.0000	</row1>
			<row2>	0.0000 0.0000 1.0391 0.0000	</row2>
			<row3>	-0.4211 0.4802 -1.9277 1.0000	</row3>
		</transform>
	</node>
	<node>
		<identifier>	MP_JM219_Barbette_TA	</identifier>
		<parent>	Scene Root	</parent>
		<transform>
			<row0>	-1.0000 0.0000 0.0000 0.0000	</row0>
			<row1>	0.0000 1.0000 0.0000 0.0000	</row1>
			<row2>	0.0000 0.0000 -1.0000 0.0000	</row2>
			<row3>	-0.4557 0.2950 -1.0102 1.0000	</row3>
		</transform>
	</node>
	<node>
		<identifier>	MP_JM219_Barbette_TA_INDEX_1	</identifier>
		<parent>	Scene Root	</parent>
		<transform>
			<row0>	-1.0000 0.0000 0.0000 0.0000	</row0>
			<row1>	0.0000 1.0000 0.0000 0.0000	</row1>
			<row2>	0.0000 0.0000 -1.0000 0.0000	</row2>
			<row3>	-0.4123 0.2995 -2.0991 1.0000	</row3>
		</transform>
	</node>
	<node>
		<identifier>	MP_JM219_Barbette_TA_INDEX_2	</identifier>
		<parent>	Scene Root	</parent>
		<transform>
			<row0>	-1.0000 0.0000 0.0000 0.0000	</row0>
			<row1>	0.0000 1.0000 0.0000 0.0000	</row1>
			<row2>	0.0000 0.0000 -1.0000 0.0000	</row2>
			<row3>	0.4557 0.2950 -1.0102 1.0000	</row3>
		</transform>
	</node>
	<node>
		<identifier>	MP_JM219_Barbette_TA_INDEX_3	</identifier>
		<parent>	Scene Root	</parent>
		<transform>
			<row0>	-1.0000 0.0000 0.0000 0.0000	</row0>
			<row1>	0.0000 1.0000 0.0000 0.0000	</row1>
			<row2>	0.0000 0.0000 -1.0000 0.0000	</row2>
			<row3>	0.4123 0.2995 -2.0991 1.0000	</row3>
		</transform>
	</node>
</JSC008_Myoko_1945_MidBack.skel_ext>
