<FSC303_Amiral_Lartigue_1955_MidBack_ep.skel_ext>
	<exported>	false	</exported>
	<node>
		<identifier>	EP_Fire_3	</identifier>
		<parent>	Scene Root	</parent>
		<transform>
			<row0>	1.0000 0.0000 0.0000 0.0000	</row0>
			<row1>	0.0000 1.0000 0.0000 0.0000	</row1>
			<row2>	0.0000 0.0000 1.0000 0.0000	</row2>
			<row3>	0.0000 0.9570 -2.7722 1.0000	</row3>
		</transform>
	</node>
	<node>
		<identifier>	EP_Fire_3_side_1	</identifier>
		<parent>	Scene Root	</parent>
		<transform>
			<row0>	1.0000 0.0000 0.0000 0.0000	</row0>
			<row1>	0.0000 1.0000 0.0000 0.0000	</row1>
			<row2>	0.0000 0.0000 1.0000 0.0000	</row2>
			<row3>	0.7197 1.0587 -1.5502 1.0000	</row3>
		</transform>
	</node>
	<node>
		<identifier>	EP_Fire_3_side_2	</identifier>
		<parent>	Scene Root	</parent>
		<transform>
			<row0>	1.0000 0.0000 0.0000 0.0000	</row0>
			<row1>	0.0000 1.0000 0.0000 0.0000	</row1>
			<row2>	0.0000 0.0000 1.0000 0.0000	</row2>
			<row3>	-1.0368 0.9371 -0.6219 1.0000	</row3>
		</transform>
	</node>
	<node>
		<identifier>	EP_FloodLight_left_2	</identifier>
		<parent>	Scene Root	</parent>
		<transform>
			<row0>	-1.0000 0.0000 0.0000 0.0000	</row0>
			<row1>	0.0000 1.0000 0.0000 0.0000	</row1>
			<row2>	0.0000 0.0000 -1.0000 0.0000	</row2>
			<row3>	-0.8400 1.9240 -0.6490 1.0000	</row3>
		</transform>
	</node>
	<node>
		<identifier>	EP_FloodLight_right_2	</identifier>
		<parent>	Scene Root	</parent>
		<transform>
			<row0>	1.0000 0.0000 0.0000 0.0000	</row0>
			<row1>	0.0000 1.0000 0.0000 0.0000	</row1>
			<row2>	0.0000 0.0000 1.0000 0.0000	</row2>
			<row3>	-0.5960 1.9240 -0.6490 1.0000	</row3>
		</transform>
	</node>
	<node>
		<identifier>	EP_Flood_water_left	</identifier>
		<parent>	Scene Root	</parent>
		<transform>
			<row0>	-0.2039 -0.9790 0.0026 0.0000	</row0>
			<row1>	-0.9789 0.2039 0.0116 0.0000	</row1>
			<row2>	-0.0119 -0.0002 -0.9999 0.0000	</row2>
			<row3>	-1.0110 0.1104 -1.5053 1.0000	</row3>
		</transform>
	</node>
	<node>
		<identifier>	EP_Flood_water_left_4	</identifier>
		<parent>	Scene Root	</parent>
		<transform>
			<row0>	-0.3066 -0.9518 0.0000 0.0000	</row0>
			<row1>	-0.9518 0.3066 0.0000 0.0000	</row1>
			<row2>	0.0000 0.0000 -1.0000 0.0000	</row2>
			<row3>	-0.9997 0.1053 -1.4834 1.0000	</row3>
		</transform>
	</node>
	<node>
		<identifier>	EP_Flood_water_left_5	</identifier>
		<parent>	Scene Root	</parent>
		<transform>
			<row0>	0.0038 -0.9995 -0.0325 0.0000	</row0>
			<row1>	-0.9998 -0.0045 0.0189 0.0000	</row1>
			<row2>	-0.0190 0.0324 -0.9993 0.0000	</row2>
			<row3>	-1.0110 0.1129 -1.5276 1.0000	</row3>
		</transform>
	</node>
	<node>
		<identifier>	EP_Flood_water_left_6	</identifier>
		<parent>	Scene Root	</parent>
		<transform>
			<row0>	0.0038 -0.9995 -0.0325 0.0000	</row0>
			<row1>	-0.9998 -0.0045 0.0189 0.0000	</row1>
			<row2>	-0.0190 0.0324 -0.9993 0.0000	</row2>
			<row3>	-1.0110 0.1101 -1.5546 1.0000	</row3>
		</transform>
	</node>
	<node>
		<identifier>	EP_Smoke_1	</identifier>
		<parent>	Scene Root	</parent>
		<transform>
			<row0>	1.0000 0.0000 0.0000 0.0000	</row0>
			<row1>	0.0000 0.8874 -0.4611 0.0000	</row1>
			<row2>	0.0000 0.4611 0.8874 0.0000	</row2>
			<row3>	-0.9346 1.8335 -2.2708 1.0000	</row3>
		</transform>
	</node>
</FSC303_Amiral_Lartigue_1955_MidBack_ep.skel_ext>
