<WSC302_Regele_Carol_I_1940_MidBack.skel_ext>
	<exported>	true	</exported>
	<node>
		<identifier>	MP_CM011_Fire_Fighting_Gear	</identifier>
		<parent>	Scene Root	</parent>
		<transform>
			<row0>	0.0000 0.0000 1.0000 0.0000	</row0>
			<row1>	0.0000 1.0000 0.0000 0.0000	</row1>
			<row2>	-1.0000 0.0000 0.0000 0.0000	</row2>
			<row3>	0.3174 0.3407 -3.5095 1.0000	</row3>
		</transform>
	</node>
	<node>
		<identifier>	MP_CM011_Fire_Fighting_Gear.001	</identifier>
		<parent>	Scene Root	</parent>
		<transform>
			<row0>	0.0000 0.0000 1.0000 0.0000	</row0>
			<row1>	0.0000 1.0000 0.0000 0.0000	</row1>
			<row2>	-1.0000 0.0000 0.0000 0.0000	</row2>
			<row3>	0.2514 0.3401 -2.4224 1.0000	</row3>
		</transform>
	</node>
	<node>
		<identifier>	MP_CM011_Fire_Fighting_Gear.002	</identifier>
		<parent>	Scene Root	</parent>
		<transform>
			<row0>	0.0000 0.0000 -1.0000 0.0000	</row0>
			<row1>	0.0000 1.0000 0.0000 0.0000	</row1>
			<row2>	1.0000 0.0000 0.0000 0.0000	</row2>
			<row3>	-0.3174 0.3407 -3.5095 1.0000	</row3>
		</transform>
	</node>
	<node>
		<identifier>	MP_CM013_Fire_Hose_Rack_2	</identifier>
		<parent>	Scene Root	</parent>
		<transform>
			<row0>	-1.0000 0.0000 0.0000 0.0000	</row0>
			<row1>	0.0000 1.0000 0.0000 0.0000	</row1>
			<row2>	0.0000 0.0000 -1.0000 0.0000	</row2>
			<row3>	0.3093 0.4297 -3.4510 1.0000	</row3>
		</transform>
	</node>
	<node>
		<identifier>	MP_CM013_Fire_Hose_Rack_2.001	</identifier>
		<parent>	Scene Root	</parent>
		<transform>
			<row0>	-1.0000 0.0000 0.0000 0.0000	</row0>
			<row1>	0.0000 1.0000 0.0000 0.0000	</row1>
			<row2>	0.0000 0.0000 -1.0000 0.0000	</row2>
			<row3>	0.2448 0.4297 -2.4671 1.0000	</row3>
		</transform>
	</node>
	<node>
		<identifier>	MP_CM013_Fire_Hose_Rack_2.002	</identifier>
		<parent>	Scene Root	</parent>
		<transform>
			<row0>	1.0000 0.0000 0.0000 0.0000	</row0>
			<row1>	0.0000 1.0000 0.0000 0.0000	</row1>
			<row2>	0.0000 0.0000 1.0000 0.0000	</row2>
			<row3>	-0.3091 0.4297 -3.4510 1.0000	</row3>
		</transform>
	</node>
	<node>
		<identifier>	MP_CM013_Fire_Hose_Rack_2.003	</identifier>
		<parent>	Scene Root	</parent>
		<transform>
			<row0>	1.0000 0.0000 0.0000 0.0000	</row0>
			<row1>	0.0000 1.0000 0.0000 0.0000	</row1>
			<row2>	0.0000 0.0000 1.0000 0.0000	</row2>
			<row3>	-0.2448 0.4297 -2.4671 1.0000	</row3>
		</transform>
	</node>
	<node>
		<identifier>	MP_CM014_Fuel_Oil_Hose	</identifier>
		<parent>	Scene Root	</parent>
		<transform>
			<row0>	-0.9991 0.0000 0.0423 0.0000	</row0>
			<row1>	0.0000 1.0000 0.0000 0.0000	</row1>
			<row2>	-0.0423 0.0000 -0.9991 0.0000	</row2>
			<row3>	0.3260 0.3684 -3.2989 1.0000	</row3>
		</transform>
	</node>
	<node>
		<identifier>	MP_CM014_Fuel_Oil_Hose.001	</identifier>
		<parent>	Scene Root	</parent>
		<transform>
			<row0>	0.9991 0.0000 0.0423 0.0000	</row0>
			<row1>	0.0000 1.0000 0.0000 0.0000	</row1>
			<row2>	-0.0423 0.0000 0.9991 0.0000	</row2>
			<row3>	-0.3260 0.3684 -3.2989 1.0000	</row3>
		</transform>
	</node>
	<node>
		<identifier>	MP_CM029_Emergency_Box	</identifier>
		<parent>	Scene Root	</parent>
		<transform>
			<row0>	0.0351 0.0000 -0.9994 0.0000	</row0>
			<row1>	0.0000 1.0000 0.0000 0.0000	</row1>
			<row2>	0.9994 0.0000 0.0351 0.0000	</row2>
			<row3>	-0.3220 0.4297 -3.2680 1.0000	</row3>
		</transform>
	</node>
	<node>
		<identifier>	MP_CM029_Emergency_Box.001	</identifier>
		<parent>	Scene Root	</parent>
		<transform>
			<row0>	0.0351 0.0000 0.9994 0.0000	</row0>
			<row1>	0.0000 1.0000 0.0000 0.0000	</row1>
			<row2>	-0.9994 0.0000 0.0351 0.0000	</row2>
			<row3>	0.3220 0.4297 -3.2680 1.0000	</row3>
		</transform>
	</node>
	<node>
		<identifier>	MP_CM052_Fender	</identifier>
		<parent>	Scene Root	</parent>
		<transform>
			<row0>	0.0000 0.0000 -1.0000 0.0000	</row0>
			<row1>	0.0000 1.0000 0.0000 0.0000	</row1>
			<row2>	1.0000 0.0000 0.0000 0.0000	</row2>
			<row3>	0.3352 0.3478 -3.6482 1.0000	</row3>
		</transform>
	</node>
	<node>
		<identifier>	MP_CM052_Fender.001	</identifier>
		<parent>	Scene Root	</parent>
		<transform>
			<row0>	0.0000 0.0000 1.0000 0.0000	</row0>
			<row1>	0.0000 1.0000 0.0000 0.0000	</row1>
			<row2>	-1.0000 0.0000 0.0000 0.0000	</row2>
			<row3>	-0.3352 0.3478 -3.6780 1.0000	</row3>
		</transform>
	</node>
	<node>
		<identifier>	MP_CM112_Fire_Extinguisher	</identifier>
		<parent>	Scene Root	</parent>
		<transform>
			<row0>	-1.0000 0.0000 0.0000 0.0000	</row0>
			<row1>	0.0000 1.0000 0.0000 0.0000	</row1>
			<row2>	0.0000 0.0000 -1.0000 0.0000	</row2>
			<row3>	0.2521 0.3534 -2.4888 1.0000	</row3>
		</transform>
	</node>
	<node>
		<identifier>	MP_CM112_Fire_Extinguisher.001	</identifier>
		<parent>	Scene Root	</parent>
		<transform>
			<row0>	1.0000 0.0000 0.0000 0.0000	</row0>
			<row1>	0.0000 1.0000 0.0000 0.0000	</row1>
			<row2>	0.0000 0.0000 1.0000 0.0000	</row2>
			<row3>	-0.2506 0.3529 -2.4865 1.0000	</row3>
		</transform>
	</node>
	<node>
		<identifier>	MP_WM5173_Boat_Crane	</identifier>
		<parent>	Scene Root	</parent>
		<transform>
			<row0>	0.0200 0.9997 0.0101 0.0000	</row0>
			<row1>	0.0490 0.0091 -0.9988 0.0000	</row1>
			<row2>	-0.9986 0.0205 -0.0488 0.0000	</row2>
			<row3>	-0.3641 0.3455 -4.2409 1.0000	</row3>
		</transform>
	</node>
	<node>
		<identifier>	MP_WM5173_Boat_Crane.001	</identifier>
		<parent>	Scene Root	</parent>
		<transform>
			<row0>	0.0200 -0.9997 -0.0101 0.0000	</row0>
			<row1>	-0.0490 0.0091 -0.9988 0.0000	</row1>
			<row2>	0.9986 0.0205 -0.0488 0.0000	</row2>
			<row3>	0.3619 0.3454 -4.2408 1.0000	</row3>
		</transform>
	</node>
	<node>
		<identifier>	MP_WM5183_Life_Boat	</identifier>
		<parent>	Scene Root	</parent>
		<transform>
			<row0>	0.0007 -1.0000 -0.0014 0.0000	</row0>
			<row1>	0.9993 0.0008 -0.0383 0.0000	</row1>
			<row2>	0.0383 -0.0013 0.9993 0.0000	</row2>
			<row3>	0.3311 0.4117 -2.8585 1.0000	</row3>
		</transform>
	</node>
	<node>
		<identifier>	MP_WM5183_Life_Boat.001	</identifier>
		<parent>	Scene Root	</parent>
		<transform>
			<row0>	-0.0007 -1.0000 -0.0014 0.0000	</row0>
			<row1>	-0.9993 0.0008 -0.0383 0.0000	</row1>
			<row2>	0.0383 0.0013 -0.9993 0.0000	</row2>
			<row3>	-0.3323 0.4090 -2.8585 1.0000	</row3>
		</transform>
	</node>
	<node>
		<identifier>	MP_WM5183_Life_Boat.002	</identifier>
		<parent>	Scene Root	</parent>
		<transform>
			<row0>	0.0007 -1.0000 -0.0014 0.0000	</row0>
			<row1>	0.9993 0.0008 -0.0383 0.0000	</row1>
			<row2>	0.0383 -0.0013 0.9993 0.0000	</row2>
			<row3>	0.3226 0.4117 -3.0972 1.0000	</row3>
		</transform>
	</node>
	<node>
		<identifier>	MP_WM5183_Life_Boat.003	</identifier>
		<parent>	Scene Root	</parent>
		<transform>
			<row0>	-0.0007 -1.0000 -0.0014 0.0000	</row0>
			<row1>	-0.9993 0.0008 -0.0383 0.0000	</row1>
			<row2>	0.0383 0.0013 -0.9993 0.0000	</row2>
			<row3>	-0.3231 0.4119 -3.0972 1.0000	</row3>
		</transform>
	</node>
	<node>
		<identifier>	MP_WM5193_Boat_8_6m	</identifier>
		<parent>	Scene Root	</parent>
		<transform>
			<row0>	1.0000 0.0000 0.0000 0.0000	</row0>
			<row1>	0.0000 1.0000 0.0000 0.0000	</row1>
			<row2>	0.0000 0.0000 1.0000 0.0000	</row2>
			<row3>	-0.5226 0.3585 -3.0014 1.0000	</row3>
		</transform>
	</node>
	<node>
		<identifier>	MP_WM5193_Boat_8_6m.001	</identifier>
		<parent>	Scene Root	</parent>
		<transform>
			<row0>	1.0000 0.0000 0.0000 0.0000	</row0>
			<row1>	0.0000 1.0000 0.0000 0.0000	</row1>
			<row2>	0.0000 0.0000 1.0000 0.0000	</row2>
			<row3>	0.5226 0.3585 -3.0014 1.0000	</row3>
		</transform>
	</node>
	<node>
		<identifier>	MP_WM5195_Ladder_Cruiser	</identifier>
		<parent>	Scene Root	</parent>
		<transform>
			<row0>	0.9968 0.0000 0.0799 0.0000	</row0>
			<row1>	0.0000 1.0000 0.0000 0.0000	</row1>
			<row2>	-0.0799 0.0000 0.9968 0.0000	</row2>
			<row3>	-0.5900 0.3286 -3.5628 1.0000	</row3>
		</transform>
	</node>
	<node>
		<identifier>	MP_WM5195_Ladder_Cruiser.001	</identifier>
		<parent>	Scene Root	</parent>
		<transform>
			<row0>	0.9968 0.0000 -0.0799 0.0000	</row0>
			<row1>	0.0000 1.0000 0.0000 0.0000	</row1>
			<row2>	0.0799 0.0000 0.9968 0.0000	</row2>
			<row3>	0.5752 0.3286 -3.5616 1.0000	</row3>
		</transform>
	</node>
	<node>
		<identifier>	SP_YMS011_YHWL_M_1	</identifier>
		<parent>	Scene Root	</parent>
		<transform>
			<row0>	0.9956 0.0000 0.0942 0.0000	</row0>
			<row1>	0.0000 1.0000 0.0000 0.0000	</row1>
			<row2>	-0.0942 0.0000 0.9956 0.0000	</row2>
			<row3>	-0.5768 0.0000 -2.9432 1.0000	</row3>
		</transform>
	</node>
	<node>
		<identifier>	SP_YMS011_YHWL_M_1.001	</identifier>
		<parent>	Scene Root	</parent>
		<transform>
			<row0>	0.9931 0.0000 0.1170 0.0000	</row0>
			<row1>	0.0000 1.0000 0.0000 0.0000	</row1>
			<row2>	-0.1170 0.0000 0.9931 0.0000	</row2>
			<row3>	-0.4885 0.0000 -3.7934 1.0000	</row3>
		</transform>
	</node>
	<node>
		<identifier>	SP_YMS012_YHWR_M_1	</identifier>
		<parent>	Scene Root	</parent>
		<transform>
			<row0>	0.9956 0.0000 -0.0942 0.0000	</row0>
			<row1>	0.0000 1.0000 0.0000 0.0000	</row1>
			<row2>	0.0942 0.0000 0.9956 0.0000	</row2>
			<row3>	0.5768 0.0000 -2.9432 1.0000	</row3>
		</transform>
	</node>
	<node>
		<identifier>	SP_YMS012_YHWR_M_1.001	</identifier>
		<parent>	Scene Root	</parent>
		<transform>
			<row0>	0.9931 0.0000 -0.1170 0.0000	</row0>
			<row1>	0.0000 1.0000 0.0000 0.0000	</row1>
			<row2>	0.1170 0.0000 0.9931 0.0000	</row2>
			<row3>	0.4885 0.0000 -3.7934 1.0000	</row3>
		</transform>
	</node>
	<node>
		<identifier>	SP_YMS041_YHCS_M_1	</identifier>
		<parent>	Scene Root	</parent>
		<transform>
			<row0>	-1.2464 0.0000 0.0000 0.0000	</row0>
			<row1>	0.0000 1.2464 0.0000 0.0000	</row1>
			<row2>	0.0000 0.0000 -1.2464 0.0000	</row2>
			<row3>	-0.5226 0.4182 -3.0244 1.0000	</row3>
		</transform>
	</node>
	<node>
		<identifier>	SP_YMS041_YHCS_M_1.001	</identifier>
		<parent>	Scene Root	</parent>
		<transform>
			<row0>	-1.2464 0.0000 0.0000 0.0000	</row0>
			<row1>	0.0000 1.2464 0.0000 0.0000	</row1>
			<row2>	0.0000 0.0000 -1.2464 0.0000	</row2>
			<row3>	0.5226 0.4182 -3.0244 1.0000	</row3>
		</transform>
	</node>
	<node>
		<identifier>	SP_YMS050_YHDC_M_1	</identifier>
		<parent>	Scene Root	</parent>
		<transform>
			<row0>	-0.2016 0.0000 0.6703 0.0000	</row0>
			<row1>	0.0000 0.7000 0.0000 0.0000	</row1>
			<row2>	-0.6703 0.0000 -0.2016 0.0000	</row2>
			<row3>	0.3060 0.3391 -2.6271 1.0000	</row3>
		</transform>
	</node>
	<node>
		<identifier>	SP_YMS050_YHDC_M_1.001	</identifier>
		<parent>	Scene Root	</parent>
		<transform>
			<row0>	-0.2016 0.0000 -0.6703 0.0000	</row0>
			<row1>	0.0000 0.7000 0.0000 0.0000	</row1>
			<row2>	0.6703 0.0000 -0.2016 0.0000	</row2>
			<row3>	-0.3060 0.3391 -2.6271 1.0000	</row3>
		</transform>
	</node>
	<node>
		<identifier>	SP_YMS080_YHSL_M_1	</identifier>
		<parent>	Scene Root	</parent>
		<transform>
			<row0>	0.7864 0.1285 0.0715 0.0000	</row0>
			<row1>	-0.1283 0.7896 -0.0083 0.0000	</row1>
			<row2>	-0.0719 -0.0034 0.7968 0.0000	</row2>
			<row3>	-0.5515 0.2204 -3.7493 1.0000	</row3>
		</transform>
	</node>
	<node>
		<identifier>	SP_YMS081_YHSR_M_1	</identifier>
		<parent>	Scene Root	</parent>
		<transform>
			<row0>	0.7864 -0.1285 -0.0715 0.0000	</row0>
			<row1>	0.1283 0.7896 -0.0083 0.0000	</row1>
			<row2>	0.0719 -0.0034 0.7968 0.0000	</row2>
			<row3>	0.5515 0.2204 -3.7493 1.0000	</row3>
		</transform>
	</node>
	<node>
		<identifier>	SP_YMS083_YHSC_L_1	</identifier>
		<parent>	Scene Root	</parent>
		<transform>
			<row0>	0.0508 -0.0075 0.7609 0.0000	</row0>
			<row1>	0.0909 0.7572 0.0014 0.0000	</row1>
			<row2>	-0.7555 0.0906 0.0513 0.0000	</row2>
			<row3>	0.6094 0.3403 -3.0490 1.0000	</row3>
		</transform>
	</node>
	<node>
		<identifier>	SP_YMS083_YHSC_L_1.001	</identifier>
		<parent>	Scene Root	</parent>
		<transform>
			<row0>	0.0508 0.0075 -0.7609 0.0000	</row0>
			<row1>	-0.0909 0.7572 0.0014 0.0000	</row1>
			<row2>	0.7555 0.0906 0.0513 0.0000	</row2>
			<row3>	-0.6094 0.3403 -3.0490 1.0000	</row3>
		</transform>
	</node>
</WSC302_Regele_Carol_I_1940_MidBack.skel_ext>
