<FSB031_Flandre_1952_MidFront_ep.skel_ext>
	<exported>	false	</exported>
	<node>
		<identifier>	EP_Death_1	</identifier>
		<parent>	Scene Root	</parent>
		<transform>
			<row0>	1.0000 0.0000 0.0000 0.0000	</row0>
			<row1>	0.0000 1.0000 0.0000 0.0000	</row1>
			<row2>	0.0000 0.0000 1.0000 0.0000	</row2>
			<row3>	0.0000 0.0000 4.7789 1.0000	</row3>
		</transform>
	</node>
	<node>
		<identifier>	EP_Death_2	</identifier>
		<parent>	Scene Root	</parent>
		<transform>
			<row0>	1.0000 0.0000 0.0000 0.0000	</row0>
			<row1>	0.0000 1.0000 0.0000 0.0000	</row1>
			<row2>	0.0000 0.0000 1.0000 0.0000	</row2>
			<row3>	0.0000 0.0000 0.4306 1.0000	</row3>
		</transform>
	</node>
	<node>
		<identifier>	EP_Fire_2	</identifier>
		<parent>	Scene Root	</parent>
		<transform>
			<row0>	1.0000 0.0000 0.0000 0.0000	</row0>
			<row1>	0.0000 1.0000 0.0000 0.0000	</row1>
			<row2>	0.0000 0.0000 1.0000 0.0000	</row2>
			<row3>	0.0391 1.4140 0.4345 1.0000	</row3>
		</transform>
	</node>
	<node>
		<identifier>	EP_Fire_2_side_1	</identifier>
		<parent>	Scene Root	</parent>
		<transform>
			<row0>	1.0000 0.0000 0.0000 0.0000	</row0>
			<row1>	0.0000 1.0000 0.0000 0.0000	</row1>
			<row2>	0.0000 0.0000 1.0000 0.0000	</row2>
			<row3>	0.8165 0.4006 3.1698 1.0000	</row3>
		</transform>
	</node>
	<node>
		<identifier>	EP_Fire_2_side_2	</identifier>
		<parent>	Scene Root	</parent>
		<transform>
			<row0>	1.0000 0.0000 0.0000 0.0000	</row0>
			<row1>	0.0000 1.0000 0.0000 0.0000	</row1>
			<row2>	0.0000 0.0000 1.0000 0.0000	</row2>
			<row3>	-0.6791 0.5522 1.4938 1.0000	</row3>
		</transform>
	</node>
	<node>
		<identifier>	EP_Fire_2_side_3	</identifier>
		<parent>	Scene Root	</parent>
		<transform>
			<row0>	1.0000 0.0000 0.0000 0.0000	</row0>
			<row1>	0.0000 1.0000 0.0000 0.0000	</row1>
			<row2>	0.0000 0.0000 1.0000 0.0000	</row2>
			<row3>	0.5108 0.9249 -0.1581 1.0000	</row3>
		</transform>
	</node>
	<node>
		<identifier>	EP_Fire_5	</identifier>
		<parent>	Scene Root	</parent>
		<transform>
			<row0>	1.0000 0.0000 0.0000 0.0000	</row0>
			<row1>	0.0000 1.0000 0.0000 0.0000	</row1>
			<row2>	0.0000 0.0000 1.0000 0.0000	</row2>
			<row3>	0.0391 0.7038 -0.5940 1.0000	</row3>
		</transform>
	</node>
	<node>
		<identifier>	EP_FloodLight_left_1	</identifier>
		<parent>	Scene Root	</parent>
		<transform>
			<row0>	-0.8729 0.0000 0.4879 0.0000	</row0>
			<row1>	0.0000 1.0000 0.0000 0.0000	</row1>
			<row2>	-0.4879 0.0000 -0.8729 0.0000	</row2>
			<row3>	-0.5117 0.7006 0.8206 1.0000	</row3>
		</transform>
	</node>
	<node>
		<identifier>	EP_FloodLight_right_1	</identifier>
		<parent>	Scene Root	</parent>
		<transform>
			<row0>	0.8678 0.0000 0.4969 0.0000	</row0>
			<row1>	0.0000 1.0000 0.0000 0.0000	</row1>
			<row2>	-0.4969 0.0000 0.8678 0.0000	</row2>
			<row3>	0.5101 0.7006 0.8281 1.0000	</row3>
		</transform>
	</node>
	<node>
		<identifier>	EP_Flood_steam_left	</identifier>
		<parent>	Scene Root	</parent>
		<transform>
			<row0>	-1.0000 0.0000 0.0000 0.0000	</row0>
			<row1>	0.0000 1.0000 0.0000 0.0000	</row1>
			<row2>	0.0000 0.0000 -1.0000 0.0000	</row2>
			<row3>	-1.0860 0.2906 2.3353 1.0000	</row3>
		</transform>
	</node>
	<node>
		<identifier>	EP_Flood_water_left_3	</identifier>
		<parent>	Scene Root	</parent>
		<transform>
			<row0>	-1.0000 0.0000 0.0000 0.0000	</row0>
			<row1>	0.0000 1.0000 0.0000 0.0000	</row1>
			<row2>	0.0000 0.0000 -1.0000 0.0000	</row2>
			<row3>	-1.1812 0.0453 -0.5796 1.0000	</row3>
		</transform>
	</node>
	<node>
		<identifier>	EP_Flood_water_left_4	</identifier>
		<parent>	Scene Root	</parent>
		<transform>
			<row0>	-0.9868 0.0000 0.1619 0.0000	</row0>
			<row1>	0.0000 1.0000 0.0000 0.0000	</row1>
			<row2>	-0.1619 0.0000 -0.9868 0.0000	</row2>
			<row3>	-0.8603 0.0515 4.0255 1.0000	</row3>
		</transform>
	</node>
	<node>
		<identifier>	EP_Flood_water_right_3	</identifier>
		<parent>	Scene Root	</parent>
		<transform>
			<row0>	1.0000 0.0000 0.0000 0.0000	</row0>
			<row1>	0.0000 1.0000 0.0000 0.0000	</row1>
			<row2>	0.0000 0.0000 1.0000 0.0000	</row2>
			<row3>	1.1940 0.0494 -0.5784 1.0000	</row3>
		</transform>
	</node>
	<node>
		<identifier>	EP_Flood_water_right_4	</identifier>
		<parent>	Scene Root	</parent>
		<transform>
			<row0>	0.9814 0.0000 0.1919 0.0000	</row0>
			<row1>	0.0000 1.0000 0.0000 0.0000	</row1>
			<row2>	-0.1919 0.0000 0.9814 0.0000	</row2>
			<row3>	0.8581 0.0510 4.0375 1.0000	</row3>
		</transform>
	</node>
	<node>
		<identifier>	EP_RepairLight_left_1	</identifier>
		<parent>	Scene Root	</parent>
		<transform>
			<row0>	0.0999 0.0000 0.9950 0.0000	</row0>
			<row1>	-0.0193 0.9998 0.0019 0.0000	</row1>
			<row2>	-0.9948 -0.0194 0.0999 0.0000	</row2>
			<row3>	-0.9744 0.4112 3.4254 1.0000	</row3>
		</transform>
	</node>
	<node>
		<identifier>	EP_RepairLight_right_2	</identifier>
		<parent>	Scene Root	</parent>
		<transform>
			<row0>	0.0571 0.0000 -0.9984 0.0000	</row0>
			<row1>	0.0015 1.0000 0.0000 0.0000	</row1>
			<row2>	0.9984 -0.0015 0.0571 0.0000	</row2>
			<row3>	1.1175 0.4040 1.6162 1.0000	</row3>
		</transform>
	</node>
</FSB031_Flandre_1952_MidFront_ep.skel_ext>
