<WSD020_Muavenet_1943_MidBack.skel_ext>
	<exported>	true	</exported>
	<node>
		<identifier>	MP_BM009_Depth_Charge	</identifier>
		<parent>	Scene Root	</parent>
		<transform>
			<row0>	-0.9982 0.0000 -0.0607 0.0000	</row0>
			<row1>	-0.0607 0.0000 0.9982 0.0000	</row1>
			<row2>	0.0000 1.0000 0.0000 0.0000	</row2>
			<row3>	-0.1573 0.2225 -2.7775 1.0000	</row3>
		</transform>
	</node>
	<node>
		<identifier>	MP_BM009_Depth_Charge_INDEX_1	</identifier>
		<parent>	Scene Root	</parent>
		<transform>
			<row0>	0.9979 0.0000 -0.0648 0.0000	</row0>
			<row1>	-0.0648 0.0000 -0.9979 0.0000	</row1>
			<row2>	0.0000 1.0000 0.0000 0.0000	</row2>
			<row3>	0.1863 0.2304 -2.9065 1.0000	</row3>
		</transform>
	</node>
	<node>
		<identifier>	MP_BM009_Depth_Charge_INDEX_10	</identifier>
		<parent>	Scene Root	</parent>
		<transform>
			<row0>	-0.9982 0.0000 -0.0607 0.0000	</row0>
			<row1>	-0.0607 0.0000 0.9982 0.0000	</row1>
			<row2>	0.0000 1.0000 0.0000 0.0000	</row2>
			<row3>	-0.2368 0.2278 -2.7804 1.0000	</row3>
		</transform>
	</node>
	<node>
		<identifier>	MP_BM009_Depth_Charge_INDEX_11	</identifier>
		<parent>	Scene Root	</parent>
		<transform>
			<row0>	-0.9982 0.0000 0.0607 0.0000	</row0>
			<row1>	0.0607 0.0000 0.9982 0.0000	</row1>
			<row2>	0.0000 1.0000 0.0000 0.0000	</row2>
			<row3>	0.1989 0.2249 -2.7632 1.0000	</row3>
		</transform>
	</node>
	<node>
		<identifier>	MP_BM009_Depth_Charge_INDEX_12	</identifier>
		<parent>	Scene Root	</parent>
		<transform>
			<row0>	0.0000 0.0000 1.0000 0.0000	</row0>
			<row1>	1.0000 0.0000 0.0000 0.0000	</row1>
			<row2>	0.0000 1.0000 0.0000 0.0000	</row2>
			<row3>	-0.0394 0.1941 -1.8657 1.0000	</row3>
		</transform>
	</node>
	<node>
		<identifier>	MP_BM009_Depth_Charge_INDEX_2	</identifier>
		<parent>	Scene Root	</parent>
		<transform>
			<row0>	0.9979 0.0000 0.0648 0.0000	</row0>
			<row1>	0.0648 0.0000 -0.9979 0.0000	</row1>
			<row2>	0.0000 1.0000 0.0000 0.0000	</row2>
			<row3>	-0.1485 0.2332 -2.8892 1.0000	</row3>
		</transform>
	</node>
	<node>
		<identifier>	MP_BM009_Depth_Charge_INDEX_3	</identifier>
		<parent>	Scene Root	</parent>
		<transform>
			<row0>	-0.9982 0.0000 0.0607 0.0000	</row0>
			<row1>	0.0607 0.0000 0.9982 0.0000	</row1>
			<row2>	0.0000 1.0000 0.0000 0.0000	</row2>
			<row3>	0.2368 0.2278 -2.7804 1.0000	</row3>
		</transform>
	</node>
	<node>
		<identifier>	MP_BM009_Depth_Charge_INDEX_4	</identifier>
		<parent>	Scene Root	</parent>
		<transform>
			<row0>	0.9979 0.0000 0.0648 0.0000	</row0>
			<row1>	0.0648 0.0000 -0.9979 0.0000	</row1>
			<row2>	0.0000 1.0000 0.0000 0.0000	</row2>
			<row3>	-0.2280 0.2279 -2.8924 1.0000	</row3>
		</transform>
	</node>
	<node>
		<identifier>	MP_BM009_Depth_Charge_INDEX_5	</identifier>
		<parent>	Scene Root	</parent>
		<transform>
			<row0>	-0.9982 0.0000 -0.0607 0.0000	</row0>
			<row1>	-0.0607 0.0000 0.9982 0.0000	</row1>
			<row2>	0.0000 1.0000 0.0000 0.0000	</row2>
			<row3>	-0.1989 0.2249 -2.7632 1.0000	</row3>
		</transform>
	</node>
	<node>
		<identifier>	MP_BM009_Depth_Charge_INDEX_6	</identifier>
		<parent>	Scene Root	</parent>
		<transform>
			<row0>	0.9979 0.0000 0.0648 0.0000	</row0>
			<row1>	0.0648 0.0000 -0.9979 0.0000	</row1>
			<row2>	0.0000 1.0000 0.0000 0.0000	</row2>
			<row3>	-0.1863 0.2304 -2.9065 1.0000	</row3>
		</transform>
	</node>
	<node>
		<identifier>	MP_BM009_Depth_Charge_INDEX_7	</identifier>
		<parent>	Scene Root	</parent>
		<transform>
			<row0>	0.9979 0.0000 -0.0648 0.0000	</row0>
			<row1>	-0.0648 0.0000 -0.9979 0.0000	</row1>
			<row2>	0.0000 1.0000 0.0000 0.0000	</row2>
			<row3>	0.1485 0.2332 -2.8892 1.0000	</row3>
		</transform>
	</node>
	<node>
		<identifier>	MP_BM009_Depth_Charge_INDEX_8	</identifier>
		<parent>	Scene Root	</parent>
		<transform>
			<row0>	0.9979 0.0000 -0.0648 0.0000	</row0>
			<row1>	-0.0648 0.0000 -0.9979 0.0000	</row1>
			<row2>	0.0000 1.0000 0.0000 0.0000	</row2>
			<row3>	0.2280 0.2279 -2.8924 1.0000	</row3>
		</transform>
	</node>
	<node>
		<identifier>	MP_BM009_Depth_Charge_INDEX_9	</identifier>
		<parent>	Scene Root	</parent>
		<transform>
			<row0>	-0.9982 0.0000 0.0607 0.0000	</row0>
			<row1>	0.0607 0.0000 0.9982 0.0000	</row1>
			<row2>	0.0000 1.0000 0.0000 0.0000	</row2>
			<row3>	0.1573 0.2225 -2.7775 1.0000	</row3>
		</transform>
	</node>
	<node>
		<identifier>	MP_BM022_Flotanet	</identifier>
		<parent>	Scene Root	</parent>
		<transform>
			<row0>	0.9740 -0.0089 0.2262 0.0000	</row0>
			<row1>	-0.0367 0.9798 0.1965 0.0000	</row1>
			<row2>	-0.2234 -0.1998 0.9540 0.0000	</row2>
			<row3>	-0.0919 0.3642 -2.5025 1.0000	</row3>
		</transform>
	</node>
	<node>
		<identifier>	MP_BM022_Flotanet_INDEX_1	</identifier>
		<parent>	Scene Root	</parent>
		<transform>
			<row0>	0.9273 -0.0018 -0.3743 0.0000	</row0>
			<row1>	-0.0020 1.0000 -0.0098 0.0000	</row1>
			<row2>	0.3743 0.0098 0.9272 0.0000	</row2>
			<row3>	-0.2237 0.3323 -2.1249 1.0000	</row3>
		</transform>
	</node>
	<node>
		<identifier>	MP_BM038_Helmets	</identifier>
		<parent>	Scene Root	</parent>
		<transform>
			<row0>	-1.0000 0.0000 0.0000 0.0000	</row0>
			<row1>	0.0000 1.0000 0.0000 0.0000	</row1>
			<row2>	0.0000 0.0000 -1.0000 0.0000	</row2>
			<row3>	0.0139 0.2292 -2.4231 1.0000	</row3>
		</transform>
	</node>
	<node>
		<identifier>	MP_BM045_Smoke_Apparatus	</identifier>
		<parent>	Scene Root	</parent>
		<transform>
			<row0>	1.0000 0.0000 0.0000 0.0000	</row0>
			<row1>	0.0000 1.0000 0.0000 0.0000	</row1>
			<row2>	0.0000 0.0000 1.0000 0.0000	</row2>
			<row3>	-0.0530 0.1891 -2.8524 1.0000	</row3>
		</transform>
	</node>
	<node>
		<identifier>	MP_CM011_Fire_Fighting_Gear	</identifier>
		<parent>	Scene Root	</parent>
		<transform>
			<row0>	0.0000 0.0000 1.0000 0.0000	</row0>
			<row1>	0.0000 1.0000 0.0000 0.0000	</row1>
			<row2>	-1.0000 0.0000 0.0000 0.0000	</row2>
			<row3>	0.1366 0.1836 -2.3429 1.0000	</row3>
		</transform>
	</node>
	<node>
		<identifier>	MP_CM011_Fire_Fighting_Gear_INDEX_1	</identifier>
		<parent>	Scene Root	</parent>
		<transform>
			<row0>	0.0000 0.0000 -1.0000 0.0000	</row0>
			<row1>	0.0000 1.0000 0.0000 0.0000	</row1>
			<row2>	1.0000 0.0000 0.0000 0.0000	</row2>
			<row3>	-0.1366 0.1836 -2.3429 1.0000	</row3>
		</transform>
	</node>
	<node>
		<identifier>	MP_CM012_Fire_Hose_Rack_1	</identifier>
		<parent>	Scene Root	</parent>
		<transform>
			<row0>	-1.0000 0.0000 0.0000 0.0000	</row0>
			<row1>	0.0000 1.0000 0.0000 0.0000	</row1>
			<row2>	0.0000 0.0000 -1.0000 0.0000	</row2>
			<row3>	0.1303 0.2530 -2.3401 1.0000	</row3>
		</transform>
	</node>
	<node>
		<identifier>	MP_CM012_Fire_Hose_Rack_1_INDEX_1	</identifier>
		<parent>	Scene Root	</parent>
		<transform>
			<row0>	1.0000 0.0000 0.0000 0.0000	</row0>
			<row1>	0.0000 1.0000 0.0000 0.0000	</row1>
			<row2>	0.0000 0.0000 1.0000 0.0000	</row2>
			<row3>	-0.1303 0.2530 -2.3418 1.0000	</row3>
		</transform>
	</node>
	<node>
		<identifier>	MP_CM029_Emergency_Box	</identifier>
		<parent>	Scene Root	</parent>
		<transform>
			<row0>	1.0000 0.0000 0.0000 0.0000	</row0>
			<row1>	0.0000 1.0000 0.0000 0.0000	</row1>
			<row2>	0.0000 0.0000 1.0000 0.0000	</row2>
			<row3>	-0.0221 0.2442 -2.4295 1.0000	</row3>
		</transform>
	</node>
	<node>
		<identifier>	MP_CM052_Fender	</identifier>
		<parent>	Scene Root	</parent>
		<transform>
			<row0>	0.0000 0.0000 -0.5169 0.0000	</row0>
			<row1>	0.0000 0.5169 0.0000 0.0000	</row1>
			<row2>	0.5169 0.0000 0.0000 0.0000	</row2>
			<row3>	-0.0794 0.1863 -1.7737 1.0000	</row3>
		</transform>
	</node>
	<node>
		<identifier>	MP_CM052_Fender_INDEX_1	</identifier>
		<parent>	Scene Root	</parent>
		<transform>
			<row0>	0.0000 0.0000 0.5169 0.0000	</row0>
			<row1>	0.0000 0.5169 0.0000 0.0000	</row1>
			<row2>	-0.5169 0.0000 0.0000 0.0000	</row2>
			<row3>	0.0794 0.1863 -1.7737 1.0000	</row3>
		</transform>
	</node>
	<node>
		<identifier>	MP_CM056_Ships_bell	</identifier>
		<parent>	Scene Root	</parent>
		<transform>
			<row0>	0.7000 0.0000 0.0000 0.0000	</row0>
			<row1>	0.0000 0.7000 0.0000 0.0000	</row1>
			<row2>	0.0000 0.0000 0.7000 0.0000	</row2>
			<row3>	-0.0533 0.3278 -1.8629 1.0000	</row3>
		</transform>
	</node>
	<node>
		<identifier>	MP_CM057_Accommodation_Ladder_Closed	</identifier>
		<parent>	Scene Root	</parent>
		<transform>
			<row0>	0.5759 0.0000 0.0000 0.0000	</row0>
			<row1>	0.0000 0.5759 0.0000 0.0000	</row1>
			<row2>	0.0000 0.0000 0.5759 0.0000	</row2>
			<row3>	-0.1357 0.1896 -1.3041 1.0000	</row3>
		</transform>
	</node>
	<node>
		<identifier>	MP_CM109_Leadsman_Platform	</identifier>
		<parent>	Scene Root	</parent>
		<transform>
			<row0>	-0.9275 -0.0602 -0.0396 0.0000	</row0>
			<row1>	-0.0603 0.9284 0.0000 0.0000	</row1>
			<row2>	0.0395 0.0025 -0.9295 0.0000	</row2>
			<row3>	-0.2930 0.1735 -2.3456 1.0000	</row3>
		</transform>
	</node>
	<node>
		<identifier>	MP_CM112_Fire_Extinguisher	</identifier>
		<parent>	Scene Root	</parent>
		<transform>
			<row0>	0.0000 0.0000 -1.0000 0.0000	</row0>
			<row1>	0.0000 1.0000 0.0000 0.0000	</row1>
			<row2>	1.0000 0.0000 0.0000 0.0000	</row2>
			<row3>	0.0082 0.2009 -2.4282 1.0000	</row3>
		</transform>
	</node>
	<node>
		<identifier>	MP_CM161_Propeller_4_8m_BB_R	</identifier>
		<parent>	Scene Root	</parent>
		<transform>
			<row0>	0.6469 -0.0004 -0.0122 0.0000	</row0>
			<row1>	-0.0004 0.6454 -0.0453 0.0000	</row1>
			<row2>	0.0122 0.0453 0.6453 0.0000	</row2>
			<row3>	0.1296 -0.1881 -2.9480 1.0000	</row3>
		</transform>
	</node>
	<node>
		<identifier>	MP_CM162_Propeller_4_8m_BB_L	</identifier>
		<parent>	Scene Root	</parent>
		<transform>
			<row0>	0.6469 0.0004 0.0122 0.0000	</row0>
			<row1>	0.0004 0.6454 -0.0453 0.0000	</row1>
			<row2>	-0.0122 0.0453 0.6453 0.0000	</row2>
			<row3>	-0.1296 -0.1881 -2.9480 1.0000	</row3>
		</transform>
	</node>
	<node>
		<identifier>	MP_WM047_Smoke_floats	</identifier>
		<parent>	Scene Root	</parent>
		<transform>
			<row0>	0.8204 0.0000 0.0000 0.0000	</row0>
			<row1>	0.0000 0.8204 0.0000 0.0000	</row1>
			<row2>	0.0000 0.0000 0.8204 0.0000	</row2>
			<row3>	0.0177 0.3641 -2.4323 1.0000	</row3>
		</transform>
	</node>
	<node>
		<identifier>	MP_WM047_Smoke_floats_INDEX_1	</identifier>
		<parent>	Scene Root	</parent>
		<transform>
			<row0>	0.8204 0.0000 0.0000 0.0000	</row0>
			<row1>	0.0000 0.8204 0.0000 0.0000	</row1>
			<row2>	0.0000 0.0000 0.8204 0.0000	</row2>
			<row3>	-0.0177 0.3641 -2.4323 1.0000	</row3>
		</transform>
	</node>
	<node>
		<identifier>	MP_WM424_Muavenet_HullA_misc2	</identifier>
		<parent>	Scene Root	</parent>
		<transform>
			<row0>	1.0000 0.0000 0.0000 0.0000	</row0>
			<row1>	0.0000 1.0000 0.0000 0.0000	</row1>
			<row2>	0.0000 0.0000 1.0000 0.0000	</row2>
			<row3>	0.0000 0.3426 -1.7502 1.0000	</row3>
		</transform>
	</node>
	<node>
		<identifier>	MP_WM516_Liferaft_type_20_10ft	</identifier>
		<parent>	Scene Root	</parent>
		<transform>
			<row0>	0.0000 0.0000 -1.0000 0.0000	</row0>
			<row1>	0.0000 1.0000 0.0000 0.0000	</row1>
			<row2>	1.0000 0.0000 0.0000 0.0000	</row2>
			<row3>	0.0000 0.1923 -1.3901 1.0000	</row3>
		</transform>
	</node>
	<node>
		<identifier>	MP_WM531_Denton_raft	</identifier>
		<parent>	Scene Root	</parent>
		<transform>
			<row0>	0.0000 0.0000 -1.0000 0.0000	</row0>
			<row1>	0.0000 1.0000 0.0000 0.0000	</row1>
			<row2>	1.0000 0.0000 0.0000 0.0000	</row2>
			<row3>	0.1314 0.1889 -2.2839 1.0000	</row3>
		</transform>
	</node>
	<node>
		<identifier>	MP_WM531_Denton_raft_INDEX_1	</identifier>
		<parent>	Scene Root	</parent>
		<transform>
			<row0>	0.0000 0.0000 1.0000 0.0000	</row0>
			<row1>	0.0000 1.0000 0.0000 0.0000	</row1>
			<row2>	-1.0000 0.0000 0.0000 0.0000	</row2>
			<row3>	-0.1314 0.1889 -2.2840 1.0000	</row3>
		</transform>
	</node>
	<node>
		<identifier>	MP_WM620_Antenna_HF_DF	</identifier>
		<parent>	Scene Root	</parent>
		<transform>
			<row0>	0.7164 0.0000 0.0000 0.0000	</row0>
			<row1>	0.0000 0.7164 0.0000 0.0000	</row1>
			<row2>	0.0000 0.0000 0.7164 0.0000	</row2>
			<row3>	0.0000 0.8171 -1.9556 1.0000	</row3>
		</transform>
	</node>
	<node>
		<identifier>	MP_WM860_Running_Lights_F	</identifier>
		<parent>	Scene Root	</parent>
		<transform>
			<row0>	-1.0000 0.0000 0.0000 0.0000	</row0>
			<row1>	0.0000 1.0000 0.0000 0.0000	</row1>
			<row2>	0.0000 0.0000 -1.0000 0.0000	</row2>
			<row3>	0.0000 0.4024 -2.6335 1.0000	</row3>
		</transform>
	</node>
</WSD020_Muavenet_1943_MidBack.skel_ext>
