<GSB012_Kaiser_1936_MidBack.skel_ext>
	<exported>	true	</exported>
	<node>
		<identifier>	MP_CM011_Fire_Fighting_Gear	</identifier>
		<parent>	Scene Root	</parent>
		<transform>
			<row0>	0.0000 0.0000 1.0000 0.0000	</row0>
			<row1>	0.0000 1.0000 0.0000 0.0000	</row1>
			<row2>	-1.0000 0.0000 0.0000 0.0000	</row2>
			<row3>	0.4392 0.3753 -1.1610 1.0000	</row3>
		</transform>
	</node>
	<node>
		<identifier>	MP_CM011_Fire_Fighting_Gear_INDEX_1	</identifier>
		<parent>	Scene Root	</parent>
		<transform>
			<row0>	0.0000 0.0000 1.0000 0.0000	</row0>
			<row1>	0.0000 1.0000 0.0000 0.0000	</row1>
			<row2>	-1.0000 0.0000 0.0000 0.0000	</row2>
			<row3>	0.2430 0.5357 -1.3222 1.0000	</row3>
		</transform>
	</node>
	<node>
		<identifier>	MP_CM011_Fire_Fighting_Gear_INDEX_2	</identifier>
		<parent>	Scene Root	</parent>
		<transform>
			<row0>	0.0000 0.0000 -1.0000 0.0000	</row0>
			<row1>	0.0000 1.0000 0.0000 0.0000	</row1>
			<row2>	1.0000 0.0000 0.0000 0.0000	</row2>
			<row3>	-0.0543 0.5380 -1.2120 1.0000	</row3>
		</transform>
	</node>
	<node>
		<identifier>	MP_CM011_Fire_Fighting_Gear_INDEX_3	</identifier>
		<parent>	Scene Root	</parent>
		<transform>
			<row0>	0.6428 0.0000 -0.7660 0.0000	</row0>
			<row1>	0.0000 1.0000 0.0000 0.0000	</row1>
			<row2>	0.7660 0.0000 0.6428 0.0000	</row2>
			<row3>	-0.2569 0.2228 -2.3960 1.0000	</row3>
		</transform>
	</node>
	<node>
		<identifier>	MP_CM011_Fire_Fighting_Gear_INDEX_4	</identifier>
		<parent>	Scene Root	</parent>
		<transform>
			<row0>	-1.0000 0.0000 0.0000 0.0000	</row0>
			<row1>	0.0000 1.0000 0.0000 0.0000	</row1>
			<row2>	0.0000 0.0000 -1.0000 0.0000	</row2>
			<row3>	0.0098 0.3747 -0.4816 1.0000	</row3>
		</transform>
	</node>
	<node>
		<identifier>	MP_CM011_Fire_Fighting_Gear_INDEX_5	</identifier>
		<parent>	Scene Root	</parent>
		<transform>
			<row0>	0.5209 0.0000 -0.8536 0.0000	</row0>
			<row1>	0.0000 1.0000 0.0000 0.0000	</row1>
			<row2>	0.8536 0.0000 0.5209 0.0000	</row2>
			<row3>	-0.3883 0.3754 -1.3638 1.0000	</row3>
		</transform>
	</node>
	<node>
		<identifier>	MP_CM011_Fire_Fighting_Gear_INDEX_6	</identifier>
		<parent>	Scene Root	</parent>
		<transform>
			<row0>	0.0000 0.0000 -1.0000 0.0000	</row0>
			<row1>	0.0000 1.0000 0.0000 0.0000	</row1>
			<row2>	1.0000 0.0000 0.0000 0.0000	</row2>
			<row3>	-0.1087 0.7086 -0.8709 1.0000	</row3>
		</transform>
	</node>
	<node>
		<identifier>	MP_CM011_Fire_Fighting_Gear_INDEX_7	</identifier>
		<parent>	Scene Root	</parent>
		<transform>
			<row0>	0.6428 0.0000 0.7660 0.0000	</row0>
			<row1>	0.0000 1.0000 0.0000 0.0000	</row1>
			<row2>	-0.7660 0.0000 0.6428 0.0000	</row2>
			<row3>	0.2569 0.2228 -2.3960 1.0000	</row3>
		</transform>
	</node>
	<node>
		<identifier>	MP_CM014_Fuel_Oil_Hose	</identifier>
		<parent>	Scene Root	</parent>
		<transform>
			<row0>	-0.9834 0.0000 0.1817 0.0000	</row0>
			<row1>	0.0000 1.0000 0.0000 0.0000	</row1>
			<row2>	-0.1817 0.0000 -0.9834 0.0000	</row2>
			<row3>	0.7010 0.2459 -1.5092 1.0000	</row3>
		</transform>
	</node>
	<node>
		<identifier>	MP_CM014_Fuel_Oil_Hose_INDEX_1	</identifier>
		<parent>	Scene Root	</parent>
		<transform>
			<row0>	1.0000 0.0000 0.0056 0.0000	</row0>
			<row1>	0.0000 1.0000 0.0000 0.0000	</row1>
			<row2>	-0.0056 0.0000 1.0000 0.0000	</row2>
			<row3>	-0.8178 0.2555 0.3024 1.0000	</row3>
		</transform>
	</node>
	<node>
		<identifier>	MP_CM014_Fuel_Oil_Hose_INDEX_2	</identifier>
		<parent>	Scene Root	</parent>
		<transform>
			<row0>	0.9935 0.0000 0.1142 0.0000	</row0>
			<row1>	0.0000 1.0000 0.0000 0.0000	</row1>
			<row2>	-0.1142 0.0000 0.9935 0.0000	</row2>
			<row3>	-0.6922 0.2439 -1.4962 1.0000	</row3>
		</transform>
	</node>
	<node>
		<identifier>	MP_CM029_Emergency_Box	</identifier>
		<parent>	Scene Root	</parent>
		<transform>
			<row0>	0.0000 0.0000 1.0000 0.0000	</row0>
			<row1>	0.0000 1.0000 0.0000 0.0000	</row1>
			<row2>	-1.0000 0.0000 0.0000 0.0000	</row2>
			<row3>	0.2397 0.6008 -1.3392 1.0000	</row3>
		</transform>
	</node>
	<node>
		<identifier>	MP_CM029_Emergency_Box_INDEX_1	</identifier>
		<parent>	Scene Root	</parent>
		<transform>
			<row0>	0.0000 0.0000 -1.0000 0.0000	</row0>
			<row1>	0.0000 1.0000 0.0000 0.0000	</row1>
			<row2>	1.0000 0.0000 0.0000 0.0000	</row2>
			<row3>	-0.1076 0.7636 -1.0985 1.0000	</row3>
		</transform>
	</node>
	<node>
		<identifier>	MP_CM029_Emergency_Box_INDEX_2	</identifier>
		<parent>	Scene Root	</parent>
		<transform>
			<row0>	0.5205 0.0000 0.8538 0.0000	</row0>
			<row1>	0.0000 1.0000 0.0000 0.0000	</row1>
			<row2>	-0.8538 0.0000 0.5205 0.0000	</row2>
			<row3>	0.4193 0.4453 -1.3066 1.0000	</row3>
		</transform>
	</node>
	<node>
		<identifier>	MP_CM029_Emergency_Box_INDEX_3	</identifier>
		<parent>	Scene Root	</parent>
		<transform>
			<row0>	0.0000 0.0000 1.0000 0.0000	</row0>
			<row1>	0.0000 1.0000 0.0000 0.0000	</row1>
			<row2>	-1.0000 0.0000 0.0000 0.0000	</row2>
			<row3>	0.1076 0.7779 -0.8972 1.0000	</row3>
		</transform>
	</node>
	<node>
		<identifier>	MP_CM030_Swab_Rack_2	</identifier>
		<parent>	Scene Root	</parent>
		<transform>
			<row0>	0.8786 0.0000 -0.4776 0.0000	</row0>
			<row1>	0.0000 1.0000 0.0000 0.0000	</row1>
			<row2>	0.4776 0.0000 0.8786 0.0000	</row2>
			<row3>	0.0414 0.3736 -0.4989 1.0000	</row3>
		</transform>
	</node>
	<node>
		<identifier>	MP_CM030_Swab_Rack_2_INDEX_1	</identifier>
		<parent>	Scene Root	</parent>
		<transform>
			<row0>	-0.5182 0.0000 0.8552 0.0000	</row0>
			<row1>	0.0000 1.0000 0.0000 0.0000	</row1>
			<row2>	-0.8552 0.0000 -0.5182 0.0000	</row2>
			<row3>	-0.3405 0.3728 -1.4257 1.0000	</row3>
		</transform>
	</node>
	<node>
		<identifier>	MP_CM051_Fire_Fighting_Gear	</identifier>
		<parent>	Scene Root	</parent>
		<transform>
			<row0>	1.0000 0.0000 0.0000 0.0000	</row0>
			<row1>	0.0000 0.0000 -1.0000 0.0000	</row1>
			<row2>	0.0000 1.0000 0.0000 0.0000	</row2>
			<row3>	0.1009 0.7162 -0.8864 1.0000	</row3>
		</transform>
	</node>
	<node>
		<identifier>	MP_CM052_Fender	</identifier>
		<parent>	Scene Root	</parent>
		<transform>
			<row0>	-0.9901 0.0000 -0.1402 0.0000	</row0>
			<row1>	-0.0006 1.0000 0.0043 0.0000	</row1>
			<row2>	0.1402 0.0043 -0.9901 0.0000	</row2>
			<row3>	0.0617 0.2263 -2.5525 1.0000	</row3>
		</transform>
	</node>
	<node>
		<identifier>	MP_CM052_Fender_INDEX_1	</identifier>
		<parent>	Scene Root	</parent>
		<transform>
			<row0>	-0.9930 0.0000 0.1182 0.0000	</row0>
			<row1>	0.0006 1.0000 0.0043 0.0000	</row1>
			<row2>	-0.1182 0.0043 -0.9930 0.0000	</row2>
			<row3>	-0.0621 0.2264 -2.5526 1.0000	</row3>
		</transform>
	</node>
	<node>
		<identifier>	MP_CM076_Fender	</identifier>
		<parent>	Scene Root	</parent>
		<transform>
			<row0>	0.0103 0.6999 0.0023 0.0000	</row0>
			<row1>	0.2627 -0.0060 0.6488 0.0000	</row1>
			<row2>	0.6488 -0.0087 -0.2627 0.0000	</row2>
			<row3>	0.7829 0.2533 0.0425 1.0000	</row3>
		</transform>
	</node>
	<node>
		<identifier>	MP_CM076_Fender_INDEX_1	</identifier>
		<parent>	Scene Root	</parent>
		<transform>
			<row0>	0.0103 0.6999 0.0024 0.0000	</row0>
			<row1>	0.2529 -0.0060 0.6527 0.0000	</row1>
			<row2>	0.6526 -0.0087 -0.2530 0.0000	</row2>
			<row3>	0.7994 0.2559 -0.5013 1.0000	</row3>
		</transform>
	</node>
	<node>
		<identifier>	MP_CM092_Siren	</identifier>
		<parent>	Scene Root	</parent>
		<transform>
			<row0>	1.0000 0.0000 0.0000 0.0000	</row0>
			<row1>	0.0000 1.0000 0.0000 0.0000	</row1>
			<row2>	0.0000 0.0000 1.0000 0.0000	</row2>
			<row3>	0.1163 1.3433 -0.7712 1.0000	</row3>
		</transform>
	</node>
	<node>
		<identifier>	MP_CM097_Stairway	</identifier>
		<parent>	Scene Root	</parent>
		<transform>
			<row0>	0.0000 1.0000 0.0000 0.0000	</row0>
			<row1>	-0.7863 0.0000 -0.6179 0.0000	</row1>
			<row2>	-0.6179 0.0000 0.7863 0.0000	</row2>
			<row3>	-0.4261 0.2524 -2.0875 1.0000	</row3>
		</transform>
	</node>
	<node>
		<identifier>	MP_CM097_Stairway_INDEX_1	</identifier>
		<parent>	Scene Root	</parent>
		<transform>
			<row0>	0.0000 -1.0000 0.0000 0.0000	</row0>
			<row1>	0.7863 0.0000 -0.6179 0.0000	</row1>
			<row2>	0.6179 0.0000 0.7863 0.0000	</row2>
			<row3>	0.4261 0.2524 -2.0875 1.0000	</row3>
		</transform>
	</node>
	<node>
		<identifier>	MP_CM109_Leadsman_Platform	</identifier>
		<parent>	Scene Root	</parent>
		<transform>
			<row0>	0.0000 1.0000 0.0000 0.0000	</row0>
			<row1>	0.7863 0.0000 0.6179 0.0000	</row1>
			<row2>	0.6179 0.0000 -0.7863 0.0000	</row2>
			<row3>	-0.3768 0.2895 -2.1507 1.0000	</row3>
		</transform>
	</node>
	<node>
		<identifier>	MP_CM109_Leadsman_Platform_INDEX_1	</identifier>
		<parent>	Scene Root	</parent>
		<transform>
			<row0>	0.0000 1.0000 0.0000 0.0000	</row0>
			<row1>	-0.7863 0.0000 0.6179 0.0000	</row1>
			<row2>	0.6179 0.0000 0.7863 0.0000	</row2>
			<row3>	0.3768 0.2895 -2.1507 1.0000	</row3>
		</transform>
	</node>
	<node>
		<identifier>	MP_GM003_Reels_1	</identifier>
		<parent>	Scene Root	</parent>
		<transform>
			<row0>	-1.3000 0.0000 0.0000 0.0000	</row0>
			<row1>	0.0000 1.3000 0.0000 0.0000	</row1>
			<row2>	0.0000 0.0000 -1.3000 0.0000	</row2>
			<row3>	-0.2721 0.3727 -0.4912 1.0000	</row3>
		</transform>
	</node>
	<node>
		<identifier>	MP_GM003_Reels_1_INDEX_1	</identifier>
		<parent>	Scene Root	</parent>
		<transform>
			<row0>	0.0000 0.0000 1.0000 0.0000	</row0>
			<row1>	0.0000 1.0000 0.0000 0.0000	</row1>
			<row2>	-1.0000 0.0000 0.0000 0.0000	</row2>
			<row3>	0.4598 0.3733 -1.1173 1.0000	</row3>
		</transform>
	</node>
	<node>
		<identifier>	MP_GM003_Reels_1_INDEX_2	</identifier>
		<parent>	Scene Root	</parent>
		<transform>
			<row0>	0.7154 0.0000 -0.9634 0.0000	</row0>
			<row1>	0.0000 1.2000 0.0000 0.0000	</row1>
			<row2>	0.9634 0.0000 0.7154 0.0000	</row2>
			<row3>	-0.2674 0.2222 -3.2409 1.0000	</row3>
		</transform>
	</node>
	<node>
		<identifier>	MP_GM003_Reels_1_INDEX_3	</identifier>
		<parent>	Scene Root	</parent>
		<transform>
			<row0>	0.7154 0.0000 0.9634 0.0000	</row0>
			<row1>	0.0000 1.2000 0.0000 0.0000	</row1>
			<row2>	-0.9634 0.0000 0.7154 0.0000	</row2>
			<row3>	0.2674 0.2222 -3.2409 1.0000	</row3>
		</transform>
	</node>
	<node>
		<identifier>	MP_GM005_Reels_3	</identifier>
		<parent>	Scene Root	</parent>
		<transform>
			<row0>	0.0000 0.0000 1.0000 0.0000	</row0>
			<row1>	0.0000 1.0000 0.0000 0.0000	</row1>
			<row2>	-1.0000 0.0000 0.0000 0.0000	</row2>
			<row3>	0.1792 0.3812 -0.3273 1.0000	</row3>
		</transform>
	</node>
	<node>
		<identifier>	MP_GM007_LifeBuoy	</identifier>
		<parent>	Scene Root	</parent>
		<transform>
			<row0>	0.9929 0.0000 -0.1186 0.0000	</row0>
			<row1>	-0.1186 0.0013 -0.9929 0.0000	</row1>
			<row2>	0.0001 1.0000 0.0012 0.0000	</row2>
			<row3>	0.7641 0.2662 -3.1813 1.0000	</row3>
		</transform>
	</node>
	<node>
		<identifier>	MP_GM007_LifeBuoy_INDEX_1	</identifier>
		<parent>	Scene Root	</parent>
		<transform>
			<row0>	0.9929 0.0000 0.1186 0.0000	</row0>
			<row1>	0.1186 0.0013 -0.9929 0.0000	</row1>
			<row2>	-0.0001 1.0000 0.0012 0.0000	</row2>
			<row3>	-0.7637 0.2662 -3.1813 1.0000	</row3>
		</transform>
	</node>
	<node>
		<identifier>	MP_GM008_Loudspeaker	</identifier>
		<parent>	Scene Root	</parent>
		<transform>
			<row0>	1.0000 0.0000 0.0000 0.0000	</row0>
			<row1>	0.0000 1.0000 0.0000 0.0000	</row1>
			<row2>	0.0000 0.0000 1.0000 0.0000	</row2>
			<row3>	0.1008 0.8750 -1.1069 1.0000	</row3>
		</transform>
	</node>
	<node>
		<identifier>	MP_GM008_Loudspeaker_INDEX_1	</identifier>
		<parent>	Scene Root	</parent>
		<transform>
			<row0>	-1.0000 0.0000 0.0000 0.0000	</row0>
			<row1>	0.0000 1.0000 0.0000 0.0000	</row1>
			<row2>	0.0000 0.0000 -1.0000 0.0000	</row2>
			<row3>	-0.1008 0.8750 -1.1444 1.0000	</row3>
		</transform>
	</node>
	<node>
		<identifier>	MP_GM010_Binocular	</identifier>
		<parent>	Scene Root	</parent>
		<transform>
			<row0>	1.0000 0.0000 0.0000 0.0000	</row0>
			<row1>	0.0000 1.0000 0.0000 0.0000	</row1>
			<row2>	0.0000 0.0000 1.0000 0.0000	</row2>
			<row3>	0.2139 0.7062 -0.7580 1.0000	</row3>
		</transform>
	</node>
	<node>
		<identifier>	MP_GM011_Pelorus	</identifier>
		<parent>	Scene Root	</parent>
		<transform>
			<row0>	1.0000 0.0000 0.0000 0.0000	</row0>
			<row1>	0.0000 1.0000 0.0000 0.0000	</row1>
			<row2>	0.0000 0.0000 1.0000 0.0000	</row2>
			<row3>	-0.1612 0.7062 -0.5105 1.0000	</row3>
		</transform>
	</node>
	<node>
		<identifier>	MP_GM011_Pelorus_INDEX_1	</identifier>
		<parent>	Scene Root	</parent>
		<transform>
			<row0>	0.0000 0.0000 1.0000 0.0000	</row0>
			<row1>	0.0000 1.0000 0.0000 0.0000	</row1>
			<row2>	-1.0000 0.0000 0.0000 0.0000	</row2>
			<row3>	0.2078 0.7062 -0.6874 1.0000	</row3>
		</transform>
	</node>
	<node>
		<identifier>	MP_GM014_Sleeve	</identifier>
		<parent>	Scene Root	</parent>
		<transform>
			<row0>	1.0000 0.0000 0.0000 0.0000	</row0>
			<row1>	0.0000 1.0000 0.0000 0.0000	</row1>
			<row2>	0.0000 0.0000 1.0000 0.0000	</row2>
			<row3>	-0.0076 0.4412 -0.4873 1.0000	</row3>
		</transform>
	</node>
	<node>
		<identifier>	MP_GM014_Sleeve_INDEX_1	</identifier>
		<parent>	Scene Root	</parent>
		<transform>
			<row0>	-0.6188 0.0000 0.7856 0.0000	</row0>
			<row1>	0.0000 1.0000 0.0000 0.0000	</row1>
			<row2>	-0.7856 0.0000 -0.6188 0.0000	</row2>
			<row3>	-0.3234 0.3159 -2.2053 1.0000	</row3>
		</transform>
	</node>
	<node>
		<identifier>	MP_GM014_Sleeve_INDEX_2	</identifier>
		<parent>	Scene Root	</parent>
		<transform>
			<row0>	-0.6188 0.0000 -0.7856 0.0000	</row0>
			<row1>	0.0000 1.0000 0.0000 0.0000	</row1>
			<row2>	0.7856 0.0000 -0.6188 0.0000	</row2>
			<row3>	0.3268 0.3159 -2.2055 1.0000	</row3>
		</transform>
	</node>
	<node>
		<identifier>	MP_GM016_Sleeve	</identifier>
		<parent>	Scene Root	</parent>
		<transform>
			<row0>	0.0000 0.0000 -1.0000 0.0000	</row0>
			<row1>	0.0000 1.0000 0.0000 0.0000	</row1>
			<row2>	1.0000 0.0000 0.0000 0.0000	</row2>
			<row3>	0.4274 0.4298 -1.1963 1.0000	</row3>
		</transform>
	</node>
	<node>
		<identifier>	MP_GM016_Sleeve_INDEX_1	</identifier>
		<parent>	Scene Root	</parent>
		<transform>
			<row0>	0.0000 0.0000 -1.0000 0.0000	</row0>
			<row1>	0.0000 1.0000 0.0000 0.0000	</row1>
			<row2>	1.0000 0.0000 0.0000 0.0000	</row2>
			<row3>	0.1008 0.7750 -0.9375 1.0000	</row3>
		</transform>
	</node>
	<node>
		<identifier>	MP_GM016_Sleeve_INDEX_2	</identifier>
		<parent>	Scene Root	</parent>
		<transform>
			<row0>	0.0000 0.0000 1.0000 0.0000	</row0>
			<row1>	0.0000 1.0000 0.0000 0.0000	</row1>
			<row2>	-1.0000 0.0000 0.0000 0.0000	</row2>
			<row3>	-0.1017 0.7747 -0.8986 1.0000	</row3>
		</transform>
	</node>
	<node>
		<identifier>	MP_GM016_Sleeve_INDEX_3	</identifier>
		<parent>	Scene Root	</parent>
		<transform>
			<row0>	0.9659 0.0000 0.2588 0.0000	</row0>
			<row1>	0.0000 1.0000 0.0000 0.0000	</row1>
			<row2>	-0.2588 0.0000 0.9659 0.0000	</row2>
			<row3>	-0.1200 0.5918 -1.4007 1.0000	</row3>
		</transform>
	</node>
	<node>
		<identifier>	MP_GM016_Sleeve_INDEX_4	</identifier>
		<parent>	Scene Root	</parent>
		<transform>
			<row0>	0.8434 0.0000 -0.5373 0.0000	</row0>
			<row1>	0.0000 1.0000 0.0000 0.0000	</row1>
			<row2>	0.5373 0.0000 0.8434 0.0000	</row2>
			<row3>	0.1903 0.5832 -1.2884 1.0000	</row3>
		</transform>
	</node>
	<node>
		<identifier>	MP_GM016_Sleeve_INDEX_5	</identifier>
		<parent>	Scene Root	</parent>
		<transform>
			<row0>	-0.5209 0.0000 0.8536 0.0000	</row0>
			<row1>	0.0000 1.0000 0.0000 0.0000	</row1>
			<row2>	-0.8536 0.0000 -0.5209 0.0000	</row2>
			<row3>	-0.3634 0.4293 -1.3884 1.0000	</row3>
		</transform>
	</node>
	<node>
		<identifier>	MP_GM017_Siren	</identifier>
		<parent>	Scene Root	</parent>
		<transform>
			<row0>	1.0000 0.0000 0.0000 0.0000	</row0>
			<row1>	0.0000 1.0000 0.0000 0.0000	</row1>
			<row2>	0.0000 0.0000 1.0000 0.0000	</row2>
			<row3>	-0.0529 0.7608 -1.7473 1.0000	</row3>
		</transform>
	</node>
	<node>
		<identifier>	MP_GM018_Siren	</identifier>
		<parent>	Scene Root	</parent>
		<transform>
			<row0>	-1.0000 0.0000 0.0000 0.0000	</row0>
			<row1>	0.0000 1.0000 0.0000 0.0000	</row1>
			<row2>	0.0000 0.0000 -1.0000 0.0000	</row2>
			<row3>	-0.0766 1.0314 -1.1941 1.0000	</row3>
		</transform>
	</node>
	<node>
		<identifier>	MP_GM018_Siren_INDEX_1	</identifier>
		<parent>	Scene Root	</parent>
		<transform>
			<row0>	0.0000 0.0000 -1.0000 0.0000	</row0>
			<row1>	0.0000 1.0000 0.0000 0.0000	</row1>
			<row2>	1.0000 0.0000 0.0000 0.0000	</row2>
			<row3>	0.1010 0.6339 -1.1254 1.0000	</row3>
		</transform>
	</node>
	<node>
		<identifier>	MP_GM018_Siren_INDEX_2	</identifier>
		<parent>	Scene Root	</parent>
		<transform>
			<row0>	0.0000 0.0000 -1.0000 0.0000	</row0>
			<row1>	0.0000 1.0000 0.0000 0.0000	</row1>
			<row2>	1.0000 0.0000 0.0000 0.0000	</row2>
			<row3>	0.4276 0.4807 -0.9462 1.0000	</row3>
		</transform>
	</node>
	<node>
		<identifier>	MP_GM018_Siren_INDEX_3	</identifier>
		<parent>	Scene Root	</parent>
		<transform>
			<row0>	0.0872 0.0000 0.9962 0.0000	</row0>
			<row1>	0.0000 1.0000 0.0000 0.0000	</row1>
			<row2>	-0.9962 0.0000 0.0872 0.0000	</row2>
			<row3>	-0.3754 0.4784 -0.8250 1.0000	</row3>
		</transform>
	</node>
	<node>
		<identifier>	MP_GM018_Siren_INDEX_4	</identifier>
		<parent>	Scene Root	</parent>
		<transform>
			<row0>	0.0000 0.0000 1.0000 0.0000	</row0>
			<row1>	0.0000 1.0000 0.0000 0.0000	</row1>
			<row2>	-1.0000 0.0000 0.0000 0.0000	</row2>
			<row3>	-0.0468 0.6451 -1.1429 1.0000	</row3>
		</transform>
	</node>
	<node>
		<identifier>	MP_GM024_Night_Indicator	</identifier>
		<parent>	Scene Root	</parent>
		<transform>
			<row0>	-1.0000 0.0000 0.0000 0.0000	</row0>
			<row1>	0.0000 1.0000 0.0000 0.0000	</row1>
			<row2>	0.0000 0.0000 -1.0000 0.0000	</row2>
			<row3>	0.0000 1.3239 -1.0139 1.0000	</row3>
		</transform>
	</node>
	<node>
		<identifier>	MP_GM025_Cooling_tube	</identifier>
		<parent>	Scene Root	</parent>
		<transform>
			<row0>	0.0000 0.5736 0.8192 0.0000	</row0>
			<row1>	0.0000 0.8192 -0.5736 0.0000	</row1>
			<row2>	-1.0000 0.0000 0.0000 0.0000	</row2>
			<row3>	-0.0987 0.7177 -1.2634 1.0000	</row3>
		</transform>
	</node>
	<node>
		<identifier>	MP_GM025_Cooling_tube_INDEX_1	</identifier>
		<parent>	Scene Root	</parent>
		<transform>
			<row0>	0.0000 0.9294 -0.3690 0.0000	</row0>
			<row1>	0.0000 0.3690 0.9294 0.0000	</row1>
			<row2>	1.0000 0.0000 0.0000 0.0000	</row2>
			<row3>	0.4263 0.4148 -1.0876 1.0000	</row3>
		</transform>
	</node>
	<node>
		<identifier>	MP_GM025_Cooling_tube_INDEX_2	</identifier>
		<parent>	Scene Root	</parent>
		<transform>
			<row0>	0.0000 0.9294 -0.3690 0.0000	</row0>
			<row1>	0.0000 0.3690 0.9294 0.0000	</row1>
			<row2>	1.0000 0.0000 0.0000 0.0000	</row2>
			<row3>	0.4263 0.4389 -1.0876 1.0000	</row3>
		</transform>
	</node>
	<node>
		<identifier>	MP_GM025_Cooling_tube_INDEX_3	</identifier>
		<parent>	Scene Root	</parent>
		<transform>
			<row0>	0.0000 0.5736 0.8192 0.0000	</row0>
			<row1>	0.0000 0.8192 -0.5736 0.0000	</row1>
			<row2>	-1.0000 0.0000 0.0000 0.0000	</row2>
			<row3>	-0.0987 0.7177 -1.2902 1.0000	</row3>
		</transform>
	</node>
	<node>
		<identifier>	MP_GM035_LifeBuoy_Mount	</identifier>
		<parent>	Scene Root	</parent>
		<transform>
			<row0>	0.9932 0.0056 0.1163 0.0000	</row0>
			<row1>	-0.0056 1.0000 -0.0003 0.0000	</row1>
			<row2>	-0.1163 -0.0003 0.9932 0.0000	</row2>
			<row3>	-0.6871 0.2873 -1.5338 1.0000	</row3>
		</transform>
	</node>
	<node>
		<identifier>	MP_GM035_LifeBuoy_Mount_INDEX_1	</identifier>
		<parent>	Scene Root	</parent>
		<transform>
			<row0>	-1.0000 0.0000 0.0000 0.0000	</row0>
			<row1>	0.0000 1.0000 0.0000 0.0000	</row1>
			<row2>	0.0000 0.0000 -1.0000 0.0000	</row2>
			<row3>	0.8287 0.2904 -0.3209 1.0000	</row3>
		</transform>
	</node>
	<node>
		<identifier>	MP_GM035_LifeBuoy_Mount_INDEX_2	</identifier>
		<parent>	Scene Root	</parent>
		<transform>
			<row0>	-0.8544 0.0000 0.5197 0.0000	</row0>
			<row1>	0.0003 1.0000 0.0005 0.0000	</row1>
			<row2>	-0.5197 0.0005 -0.8544 0.0000	</row2>
			<row3>	0.2006 0.7457 -1.6573 1.0000	</row3>
		</transform>
	</node>
	<node>
		<identifier>	MP_GM035_LifeBuoy_Mount_INDEX_3	</identifier>
		<parent>	Scene Root	</parent>
		<transform>
			<row0>	1.0000 0.0000 0.0056 0.0000	</row0>
			<row1>	0.0000 1.0000 0.0000 0.0000	</row1>
			<row2>	-0.0056 0.0000 1.0000 0.0000	</row2>
			<row3>	-0.8157 0.2950 0.1216 1.0000	</row3>
		</transform>
	</node>
	<node>
		<identifier>	MP_GM035_LifeBuoy_Mount_INDEX_4	</identifier>
		<parent>	Scene Root	</parent>
		<transform>
			<row0>	-0.9825 0.0115 0.1857 0.0000	</row0>
			<row1>	0.0116 0.9999 -0.0006 0.0000	</row1>
			<row2>	-0.1857 0.0016 -0.9826 0.0000	</row2>
			<row3>	0.6967 0.2878 -1.5296 1.0000	</row3>
		</transform>
	</node>
	<node>
		<identifier>	MP_GM035_LifeBuoy_Mount_INDEX_5	</identifier>
		<parent>	Scene Root	</parent>
		<transform>
			<row0>	0.8544 0.0000 0.5197 0.0000	</row0>
			<row1>	0.0003 1.0000 -0.0005 0.0000	</row1>
			<row2>	-0.5197 0.0005 0.8544 0.0000	</row2>
			<row3>	-0.2003 0.7457 -1.6579 1.0000	</row3>
		</transform>
	</node>
	<node>
		<identifier>	MP_GM065_Firelead	</identifier>
		<parent>	Scene Root	</parent>
		<transform>
			<row0>	0.7996 0.0000 0.0265 0.0000	</row0>
			<row1>	0.0000 0.8000 0.0012 0.0000	</row1>
			<row2>	-0.0265 -0.0012 0.7996 0.0000	</row2>
			<row3>	-0.8803 0.2241 -1.3695 1.0000	</row3>
		</transform>
	</node>
	<node>
		<identifier>	MP_GM065_Firelead_INDEX_1	</identifier>
		<parent>	Scene Root	</parent>
		<transform>
			<row0>	0.7980 0.0000 -0.0559 0.0000	</row0>
			<row1>	0.0001 0.8000 0.0017 0.0000	</row1>
			<row2>	0.0559 -0.0017 0.7980 0.0000	</row2>
			<row3>	0.8266 0.2248 -2.4197 1.0000	</row3>
		</transform>
	</node>
	<node>
		<identifier>	MP_GM065_Firelead_INDEX_2	</identifier>
		<parent>	Scene Root	</parent>
		<transform>
			<row0>	0.7980 0.0000 0.0559 0.0000	</row0>
			<row1>	-0.0001 0.8000 0.0017 0.0000	</row1>
			<row2>	-0.0559 -0.0017 0.7980 0.0000	</row2>
			<row3>	-0.8266 0.2248 -2.4197 1.0000	</row3>
		</transform>
	</node>
	<node>
		<identifier>	MP_GM065_Firelead_INDEX_3	</identifier>
		<parent>	Scene Root	</parent>
		<transform>
			<row0>	0.7996 0.0000 -0.0265 0.0000	</row0>
			<row1>	0.0000 0.8000 0.0012 0.0000	</row1>
			<row2>	0.0265 -0.0012 0.7996 0.0000	</row2>
			<row3>	0.8802 0.2241 -1.3697 1.0000	</row3>
		</transform>
	</node>
	<node>
		<identifier>	MP_GM066_Whinch	</identifier>
		<parent>	Scene Root	</parent>
		<transform>
			<row0>	1.0000 0.0000 0.0000 0.0000	</row0>
			<row1>	0.0000 1.0000 0.0000 0.0000	</row1>
			<row2>	0.0000 0.0000 1.0000 0.0000	</row2>
			<row3>	0.4833 0.3762 -0.6560 1.0000	</row3>
		</transform>
	</node>
	<node>
		<identifier>	MP_GM066_Whinch_INDEX_1	</identifier>
		<parent>	Scene Root	</parent>
		<transform>
			<row0>	1.0000 0.0000 0.0000 0.0000	</row0>
			<row1>	0.0000 1.0000 0.0000 0.0000	</row1>
			<row2>	0.0000 0.0000 1.0000 0.0000	</row2>
			<row3>	0.4003 0.3762 -0.3078 1.0000	</row3>
		</transform>
	</node>
	<node>
		<identifier>	MP_GM066_Whinch_INDEX_2	</identifier>
		<parent>	Scene Root	</parent>
		<transform>
			<row0>	-1.0000 0.0000 0.0000 0.0000	</row0>
			<row1>	0.0000 1.0000 0.0000 0.0000	</row1>
			<row2>	0.0000 0.0000 -1.0000 0.0000	</row2>
			<row3>	-0.6043 0.3762 -0.5838 1.0000	</row3>
		</transform>
	</node>
	<node>
		<identifier>	MP_GM066_Whinch_INDEX_3	</identifier>
		<parent>	Scene Root	</parent>
		<transform>
			<row0>	-1.0000 0.0000 0.0000 0.0000	</row0>
			<row1>	0.0000 1.0000 0.0000 0.0000	</row1>
			<row2>	0.0000 0.0000 -1.0000 0.0000	</row2>
			<row3>	-0.6082 0.3762 -1.3337 1.0000	</row3>
		</transform>
	</node>
	<node>
		<identifier>	MP_GM507_Boat	</identifier>
		<parent>	Scene Root	</parent>
		<transform>
			<row0>	0.8557 -0.0013 -0.5175 0.0000	</row0>
			<row1>	0.0011 1.0000 -0.0006 0.0000	</row1>
			<row2>	0.5175 0.0000 0.8557 0.0000	</row2>
			<row3>	0.3167 0.3802 -1.4652 1.0000	</row3>
		</transform>
	</node>
	<node>
		<identifier>	MP_GM507_Boat_INDEX_1	</identifier>
		<parent>	Scene Root	</parent>
		<transform>
			<row0>	0.4782 0.0000 0.8782 0.0000	</row0>
			<row1>	0.0000 1.0000 0.0000 0.0000	</row1>
			<row2>	-0.8782 0.0000 0.4782 0.0000	</row2>
			<row3>	0.1251 0.3797 -0.5437 1.0000	</row3>
		</transform>
	</node>
	<node>
		<identifier>	MP_GM508_Boats	</identifier>
		<parent>	Scene Root	</parent>
		<transform>
			<row0>	0.0000 0.0000 1.0000 0.0000	</row0>
			<row1>	0.0000 1.0000 0.0000 0.0000	</row1>
			<row2>	-1.0000 0.0000 0.0000 0.0000	</row2>
			<row3>	0.4001 0.3733 0.1132 1.0000	</row3>
		</transform>
	</node>
	<node>
		<identifier>	MP_GM508_Boats_INDEX_1	</identifier>
		<parent>	Scene Root	</parent>
		<transform>
			<row0>	0.0000 0.0000 -1.0000 0.0000	</row0>
			<row1>	0.0000 1.0000 0.0000 0.0000	</row1>
			<row2>	1.0000 0.0000 0.0000 0.0000	</row2>
			<row3>	0.4001 0.3733 -0.1669 1.0000	</row3>
		</transform>
	</node>
	<node>
		<identifier>	MP_GM508_Boats_INDEX_2	</identifier>
		<parent>	Scene Root	</parent>
		<transform>
			<row0>	0.0000 0.0000 1.0000 0.0000	</row0>
			<row1>	0.0000 1.0000 0.0000 0.0000	</row1>
			<row2>	-1.0000 0.0000 0.0000 0.0000	</row2>
			<row3>	0.4001 0.3733 -0.0272 1.0000	</row3>
		</transform>
	</node>
	<node>
		<identifier>	MP_GM518_Motorboot_7_6m	</identifier>
		<parent>	Scene Root	</parent>
		<transform>
			<row0>	0.9999 0.0000 0.0152 0.0000	</row0>
			<row1>	0.0000 1.0000 0.0000 0.0000	</row1>
			<row2>	-0.0152 0.0000 0.9999 0.0000	</row2>
			<row3>	-0.9351 0.2981 -0.8291 1.0000	</row3>
		</transform>
	</node>
	<node>
		<identifier>	MP_GM518_Motorboot_7_6m_INDEX_1	</identifier>
		<parent>	Scene Root	</parent>
		<transform>
			<row0>	1.0000 0.0000 0.0000 0.0000	</row0>
			<row1>	0.0000 1.0000 0.0000 0.0000	</row1>
			<row2>	0.0000 0.0000 1.0000 0.0000	</row2>
			<row3>	-0.9371 0.2981 -0.1893 1.0000	</row3>
		</transform>
	</node>
	<node>
		<identifier>	MP_GM519_Cutter_8_5m	</identifier>
		<parent>	Scene Root	</parent>
		<transform>
			<row0>	1.0000 0.0000 0.0000 0.0000	</row0>
			<row1>	0.0000 1.0000 0.0000 0.0000	</row1>
			<row2>	0.0000 0.0000 1.0000 0.0000	</row2>
			<row3>	0.0999 0.4376 -0.0007 1.0000	</row3>
		</transform>
	</node>
	<node>
		<identifier>	MP_GM519_Cutter_8_5m_INDEX_1	</identifier>
		<parent>	Scene Root	</parent>
		<transform>
			<row0>	1.0000 0.0000 0.0000 0.0000	</row0>
			<row1>	0.0000 1.0000 0.0000 0.0000	</row1>
			<row2>	0.0000 0.0000 1.0000 0.0000	</row2>
			<row3>	0.2620 0.4376 -0.0007 1.0000	</row3>
		</transform>
	</node>
	<node>
		<identifier>	MP_GM600_Switch_Box_1	</identifier>
		<parent>	Scene Root	</parent>
		<transform>
			<row0>	1.0000 0.0000 0.0000 0.0000	</row0>
			<row1>	0.0000 1.0000 0.0000 0.0000	</row1>
			<row2>	0.0000 0.0000 1.0000 0.0000	</row2>
			<row3>	-0.1225 0.7636 -1.7472 1.0000	</row3>
		</transform>
	</node>
	<node>
		<identifier>	MP_GM601_Switch_Box_2	</identifier>
		<parent>	Scene Root	</parent>
		<transform>
			<row0>	1.0000 0.0000 0.0000 0.0000	</row0>
			<row1>	0.0000 1.0000 0.0000 0.0000	</row1>
			<row2>	0.0000 0.0000 1.0000 0.0000	</row2>
			<row3>	0.1215 0.7636 -1.7472 1.0000	</row3>
		</transform>
	</node>
	<node>
		<identifier>	MP_GM602_Switch_Box_3	</identifier>
		<parent>	Scene Root	</parent>
		<transform>
			<row0>	0.0000 0.0000 1.0000 0.0000	</row0>
			<row1>	0.0000 1.0000 0.0000 0.0000	</row1>
			<row2>	-1.0000 0.0000 0.0000 0.0000	</row2>
			<row3>	-0.1013 0.7894 -1.0667 1.0000	</row3>
		</transform>
	</node>
	<node>
		<identifier>	MP_GM603_Switch_Box_4	</identifier>
		<parent>	Scene Root	</parent>
		<transform>
			<row0>	0.0000 0.0000 -1.0000 0.0000	</row0>
			<row1>	0.0000 1.0000 0.0000 0.0000	</row1>
			<row2>	1.0000 0.0000 0.0000 0.0000	</row2>
			<row3>	0.4272 0.4126 -0.9463 1.0000	</row3>
		</transform>
	</node>
	<node>
		<identifier>	MP_GM604_Switch_Box_5	</identifier>
		<parent>	Scene Root	</parent>
		<transform>
			<row0>	-0.8287 0.0000 0.0000 0.0000	</row0>
			<row1>	0.0000 0.8287 0.0000 0.0000	</row1>
			<row2>	0.0000 0.0000 -0.8287 0.0000	</row2>
			<row3>	0.0154 0.9474 -1.1935 1.0000	</row3>
		</transform>
	</node>
	<node>
		<identifier>	MP_GM604_Switch_Box_5_INDEX_1	</identifier>
		<parent>	Scene Root	</parent>
		<transform>
			<row0>	-0.8287 0.0000 0.0000 0.0000	</row0>
			<row1>	0.0000 0.8287 0.0000 0.0000	</row1>
			<row2>	0.0000 0.0000 -0.8287 0.0000	</row2>
			<row3>	0.0154 0.9256 -1.1935 1.0000	</row3>
		</transform>
	</node>
	<node>
		<identifier>	MP_GM605_Indicator	</identifier>
		<parent>	Scene Root	</parent>
		<transform>
			<row0>	1.0000 0.0000 0.0000 0.0000	</row0>
			<row1>	0.0000 1.0000 0.0000 0.0000	</row1>
			<row2>	0.0000 0.0000 1.0000 0.0000	</row2>
			<row3>	0.0869 0.7636 -1.7472 1.0000	</row3>
		</transform>
	</node>
	<node>
		<identifier>	MP_GM605_Indicator_INDEX_1	</identifier>
		<parent>	Scene Root	</parent>
		<transform>
			<row0>	1.0000 0.0000 0.0000 0.0000	</row0>
			<row1>	0.0000 1.0000 0.0000 0.0000	</row1>
			<row2>	0.0000 0.0000 1.0000 0.0000	</row2>
			<row3>	-0.0695 0.7636 -1.7472 1.0000	</row3>
		</transform>
	</node>
	<node>
		<identifier>	MP_GM605_Indicator_INDEX_2	</identifier>
		<parent>	Scene Root	</parent>
		<transform>
			<row0>	1.0000 0.0000 0.0000 0.0000	</row0>
			<row1>	0.0000 1.0000 0.0000 0.0000	</row1>
			<row2>	0.0000 0.0000 1.0000 0.0000	</row2>
			<row3>	0.0695 0.7636 -1.7472 1.0000	</row3>
		</transform>
	</node>
	<node>
		<identifier>	MP_GM605_Indicator_INDEX_3	</identifier>
		<parent>	Scene Root	</parent>
		<transform>
			<row0>	1.0000 0.0000 0.0000 0.0000	</row0>
			<row1>	0.0000 1.0000 0.0000 0.0000	</row1>
			<row2>	0.0000 0.0000 1.0000 0.0000	</row2>
			<row3>	0.0004 1.0680 -1.1879 1.0000	</row3>
		</transform>
	</node>
	<node>
		<identifier>	MP_GM605_Indicator_INDEX_4	</identifier>
		<parent>	Scene Root	</parent>
		<transform>
			<row0>	1.0000 0.0000 0.0000 0.0000	</row0>
			<row1>	0.0000 1.0000 0.0000 0.0000	</row1>
			<row2>	0.0000 0.0000 1.0000 0.0000	</row2>
			<row3>	-0.0869 0.7636 -1.7472 1.0000	</row3>
		</transform>
	</node>
	<node>
		<identifier>	MP_GM606_MC_Box	</identifier>
		<parent>	Scene Root	</parent>
		<transform>
			<row0>	1.0000 0.0000 0.0000 0.0000	</row0>
			<row1>	0.0000 1.0000 0.0000 0.0000	</row1>
			<row2>	0.0000 0.0000 1.0000 0.0000	</row2>
			<row3>	-0.0792 0.7335 -1.7472 1.0000	</row3>
		</transform>
	</node>
	<node>
		<identifier>	MP_GM606_MC_Box_INDEX_1	</identifier>
		<parent>	Scene Root	</parent>
		<transform>
			<row0>	1.0000 0.0000 0.0000 0.0000	</row0>
			<row1>	0.0000 1.0000 0.0000 0.0000	</row1>
			<row2>	0.0000 0.0000 1.0000 0.0000	</row2>
			<row3>	0.0792 0.7335 -1.7472 1.0000	</row3>
		</transform>
	</node>
	<node>
		<identifier>	MP_GM606_MC_Box_INDEX_2	</identifier>
		<parent>	Scene Root	</parent>
		<transform>
			<row0>	0.0000 0.0000 -1.0000 0.0000	</row0>
			<row1>	0.0000 1.0000 0.0000 0.0000	</row1>
			<row2>	1.0000 0.0000 0.0000 0.0000	</row2>
			<row3>	-0.0959 1.0391 -1.0579 1.0000	</row3>
		</transform>
	</node>
	<node>
		<identifier>	MP_GM607_Manometer	</identifier>
		<parent>	Scene Root	</parent>
		<transform>
			<row0>	1.0000 0.0000 0.0000 0.0000	</row0>
			<row1>	0.0000 1.0000 0.0000 0.0000	</row1>
			<row2>	0.0000 0.0000 1.0000 0.0000	</row2>
			<row3>	-0.0680 1.0706 -1.1908 1.0000	</row3>
		</transform>
	</node>
	<node>
		<identifier>	MP_GM607_Manometer_INDEX_1	</identifier>
		<parent>	Scene Root	</parent>
		<transform>
			<row0>	1.0000 0.0000 0.0000 0.0000	</row0>
			<row1>	0.0000 1.0000 0.0000 0.0000	</row1>
			<row2>	0.0000 0.0000 1.0000 0.0000	</row2>
			<row3>	0.3918 0.4462 -0.9159 1.0000	</row3>
		</transform>
	</node>
	<node>
		<identifier>	MP_GM607_Manometer_INDEX_2	</identifier>
		<parent>	Scene Root	</parent>
		<transform>
			<row0>	-1.0000 0.0000 0.0000 0.0000	</row0>
			<row1>	0.0000 -1.0000 0.0000 0.0000	</row1>
			<row2>	0.0000 0.0000 1.0000 0.0000	</row2>
			<row3>	0.3767 0.4462 -0.9159 1.0000	</row3>
		</transform>
	</node>
	<node>
		<identifier>	MP_GM608_Bell	</identifier>
		<parent>	Scene Root	</parent>
		<transform>
			<row0>	1.0000 0.0000 0.0000 0.0000	</row0>
			<row1>	0.0000 1.0000 0.0000 0.0000	</row1>
			<row2>	0.0000 0.0000 1.0000 0.0000	</row2>
			<row3>	0.3845 0.4594 -0.9146 1.0000	</row3>
		</transform>
	</node>
	<node>
		<identifier>	MP_GM608_Bell_INDEX_1	</identifier>
		<parent>	Scene Root	</parent>
		<transform>
			<row0>	-1.0000 0.0000 0.0000 0.0000	</row0>
			<row1>	0.0000 1.0000 0.0000 0.0000	</row1>
			<row2>	0.0000 0.0000 -1.0000 0.0000	</row2>
			<row3>	0.0193 0.9735 -1.1941 1.0000	</row3>
		</transform>
	</node>
	<node>
		<identifier>	MP_GM610_Switch_Box_6	</identifier>
		<parent>	Scene Root	</parent>
		<transform>
			<row0>	-0.5175 0.0000 -0.8557 0.0000	</row0>
			<row1>	0.0011 1.0000 -0.0007 0.0000	</row1>
			<row2>	0.8557 -0.0013 -0.5175 0.0000	</row2>
			<row3>	0.3854 0.4129 -1.3486 1.0000	</row3>
		</transform>
	</node>
	<node>
		<identifier>	MP_GM611_Headlights_straightener	</identifier>
		<parent>	Scene Root	</parent>
		<transform>
			<row0>	0.9063 0.0000 -0.4226 0.0000	</row0>
			<row1>	0.0000 1.0000 0.0000 0.0000	</row1>
			<row2>	0.4226 0.0000 0.9063 0.0000	</row2>
			<row3>	0.1729 0.7071 -0.5931 1.0000	</row3>
		</transform>
	</node>
	<node>
		<identifier>	MP_GM611_Headlights_straightener_INDEX_1	</identifier>
		<parent>	Scene Root	</parent>
		<transform>
			<row0>	-1.0000 0.0000 0.0000 0.0000	</row0>
			<row1>	0.0000 1.0000 0.0000 0.0000	</row1>
			<row2>	0.0000 0.0000 -1.0000 0.0000	</row2>
			<row3>	0.4108 0.3741 -0.8988 1.0000	</row3>
		</transform>
	</node>
	<node>
		<identifier>	MP_GM612_Target_Giver	</identifier>
		<parent>	Scene Root	</parent>
		<transform>
			<row0>	0.0000 0.0000 -1.0000 0.0000	</row0>
			<row1>	0.0000 1.0000 0.0000 0.0000	</row1>
			<row2>	1.0000 0.0000 0.0000 0.0000	</row2>
			<row3>	0.1722 0.7077 -1.4752 1.0000	</row3>
		</transform>
	</node>
	<node>
		<identifier>	MP_GM612_Target_Giver_INDEX_1	</identifier>
		<parent>	Scene Root	</parent>
		<transform>
			<row0>	0.0000 0.0000 1.0000 0.0000	</row0>
			<row1>	0.0000 1.0000 0.0000 0.0000	</row1>
			<row2>	-1.0000 0.0000 0.0000 0.0000	</row2>
			<row3>	-0.1726 0.7077 -1.5060 1.0000	</row3>
		</transform>
	</node>
	<node>
		<identifier>	MP_GM630_Headlights_Straightener	</identifier>
		<parent>	Scene Root	</parent>
		<transform>
			<row0>	0.0000 0.0000 -1.0000 0.0000	</row0>
			<row1>	0.0000 1.0000 0.0000 0.0000	</row1>
			<row2>	1.0000 0.0000 0.0000 0.0000	</row2>
			<row3>	0.1865 0.7077 -1.3468 1.0000	</row3>
		</transform>
	</node>
	<node>
		<identifier>	MP_GM700_AmmoBox	</identifier>
		<parent>	Scene Root	</parent>
		<transform>
			<row0>	0.1932 0.0000 -0.9812 0.0000	</row0>
			<row1>	0.0000 1.0000 0.0000 0.0000	</row1>
			<row2>	0.9812 0.0000 0.1932 0.0000	</row2>
			<row3>	0.7506 0.3733 -0.7213 1.0000	</row3>
		</transform>
	</node>
	<node>
		<identifier>	MP_GM700_AmmoBox_INDEX_1	</identifier>
		<parent>	Scene Root	</parent>
		<transform>
			<row0>	0.0000 0.0000 -1.0000 0.0000	</row0>
			<row1>	0.0000 1.0000 0.0000 0.0000	</row1>
			<row2>	1.0000 0.0000 0.0000 0.0000	</row2>
			<row3>	0.7641 0.3736 -0.9438 1.0000	</row3>
		</transform>
	</node>
	<node>
		<identifier>	MP_GM700_AmmoBox_INDEX_2	</identifier>
		<parent>	Scene Root	</parent>
		<transform>
			<row0>	-1.0000 0.0000 0.0000 0.0000	</row0>
			<row1>	0.0000 1.0000 0.0000 0.0000	</row1>
			<row2>	0.0000 0.0000 -1.0000 0.0000	</row2>
			<row3>	0.1374 0.5340 -1.2376 1.0000	</row3>
		</transform>
	</node>
	<node>
		<identifier>	MP_GM700_AmmoBox_INDEX_3	</identifier>
		<parent>	Scene Root	</parent>
		<transform>
			<row0>	0.0000 0.0000 -1.0000 0.0000	</row0>
			<row1>	0.0000 1.0000 0.0000 0.0000	</row1>
			<row2>	1.0000 0.0000 0.0000 0.0000	</row2>
			<row3>	0.1911 0.7063 -1.5700 1.0000	</row3>
		</transform>
	</node>
	<node>
		<identifier>	MP_GM700_AmmoBox_INDEX_4	</identifier>
		<parent>	Scene Root	</parent>
		<transform>
			<row0>	1.0000 0.0000 0.0000 0.0000	</row0>
			<row1>	0.0000 1.0000 0.0000 0.0000	</row1>
			<row2>	0.0000 0.0000 1.0000 0.0000	</row2>
			<row3>	-0.1674 0.7063 -1.5972 1.0000	</row3>
		</transform>
	</node>
	<node>
		<identifier>	MP_GM701_AmmoBox	</identifier>
		<parent>	Scene Root	</parent>
		<transform>
			<row0>	1.0000 0.0000 0.0000 0.0000	</row0>
			<row1>	0.0000 1.0000 0.0000 0.0000	</row1>
			<row2>	0.0000 0.0000 1.0000 0.0000	</row2>
			<row3>	-0.0966 0.5328 -0.9619 1.0000	</row3>
		</transform>
	</node>
	<node>
		<identifier>	MP_GM702_AmmoBox	</identifier>
		<parent>	Scene Root	</parent>
		<transform>
			<row0>	0.0000 0.0000 -1.0000 0.0000	</row0>
			<row1>	0.0000 1.0000 0.0000 0.0000	</row1>
			<row2>	1.0000 0.0000 0.0000 0.0000	</row2>
			<row3>	0.7815 0.3733 -0.3152 1.0000	</row3>
		</transform>
	</node>
	<node>
		<identifier>	MP_GM702_AmmoBox_INDEX_1	</identifier>
		<parent>	Scene Root	</parent>
		<transform>
			<row0>	-0.1736 0.0000 -0.9848 0.0000	</row0>
			<row1>	0.0000 1.0000 0.0000 0.0000	</row1>
			<row2>	0.9848 0.0000 -0.1736 0.0000	</row2>
			<row3>	0.6357 0.3733 -1.5852 1.0000	</row3>
		</transform>
	</node>
	<node>
		<identifier>	MP_GM702_AmmoBox_INDEX_2	</identifier>
		<parent>	Scene Root	</parent>
		<transform>
			<row0>	-0.3623 0.0000 -0.9321 0.0000	</row0>
			<row1>	0.0000 1.0000 0.0000 0.0000	</row1>
			<row2>	0.9321 0.0000 -0.3623 0.0000	</row2>
			<row3>	0.7541 0.3733 -0.4600 1.0000	</row3>
		</transform>
	</node>
	<node>
		<identifier>	MP_GM702_AmmoBox_INDEX_3	</identifier>
		<parent>	Scene Root	</parent>
		<transform>
			<row0>	-0.5287 0.0000 0.8488 0.0000	</row0>
			<row1>	0.0000 1.0000 0.0000 0.0000	</row1>
			<row2>	-0.8488 0.0000 -0.5287 0.0000	</row2>
			<row3>	-0.5929 0.3733 -1.6796 1.0000	</row3>
		</transform>
	</node>
	<node>
		<identifier>	MP_GM702_AmmoBox_INDEX_4	</identifier>
		<parent>	Scene Root	</parent>
		<transform>
			<row0>	-0.1736 0.0000 -0.9848 0.0000	</row0>
			<row1>	0.0000 1.0000 0.0000 0.0000	</row1>
			<row2>	0.9848 0.0000 -0.1736 0.0000	</row2>
			<row3>	0.6549 0.3733 -1.4840 1.0000	</row3>
		</transform>
	</node>
	<node>
		<identifier>	MP_GM702_AmmoBox_INDEX_5	</identifier>
		<parent>	Scene Root	</parent>
		<transform>
			<row0>	-0.3852 0.0000 -0.9228 0.0000	</row0>
			<row1>	0.0000 1.0000 0.0000 0.0000	</row1>
			<row2>	0.9228 0.0000 -0.3852 0.0000	</row2>
			<row3>	0.7581 0.3733 0.1336 1.0000	</row3>
		</transform>
	</node>
	<node>
		<identifier>	MP_GM702_AmmoBox_INDEX_6	</identifier>
		<parent>	Scene Root	</parent>
		<transform>
			<row0>	-0.1205 0.0000 0.9927 0.0000	</row0>
			<row1>	0.0000 1.0000 0.0000 0.0000	</row1>
			<row2>	-0.9927 0.0000 -0.1205 0.0000	</row2>
			<row3>	-0.6379 0.3733 -1.4820 1.0000	</row3>
		</transform>
	</node>
	<node>
		<identifier>	MP_GM853_Signal_Lamp	</identifier>
		<parent>	Scene Root	</parent>
		<transform>
			<row0>	0.0000 0.0000 -1.0000 0.0000	</row0>
			<row1>	0.0000 1.0000 0.0000 0.0000	</row1>
			<row2>	1.0000 0.0000 0.0000 0.0000	</row2>
			<row3>	-0.2642 0.7561 -0.8169 1.0000	</row3>
		</transform>
	</node>
	<node>
		<identifier>	MP_GM853_Signal_Lamp_INDEX_1	</identifier>
		<parent>	Scene Root	</parent>
		<transform>
			<row0>	0.0000 0.0000 1.0000 0.0000	</row0>
			<row1>	0.0000 1.0000 0.0000 0.0000	</row1>
			<row2>	-1.0000 0.0000 0.0000 0.0000	</row2>
			<row3>	0.2640 0.7561 -0.6451 1.0000	</row3>
		</transform>
	</node>
	<node>
		<identifier>	MP_GM856_Mastheadlight	</identifier>
		<parent>	Scene Root	</parent>
		<transform>
			<row0>	-0.7000 0.0000 0.0000 0.0000	</row0>
			<row1>	0.0000 0.7000 0.0000 0.0000	</row1>
			<row2>	0.0000 0.0000 -0.7000 0.0000	</row2>
			<row3>	0.0000 0.9089 -1.5006 1.0000	</row3>
		</transform>
	</node>
	<node>
		<identifier>	MP_GM860_Searchlight_1_4m	</identifier>
		<parent>	Scene Root	</parent>
		<transform>
			<row0>	0.0000 0.0000 -1.0000 0.0000	</row0>
			<row1>	0.0000 1.0000 0.0000 0.0000	</row1>
			<row2>	1.0000 0.0000 0.0000 0.0000	</row2>
			<row3>	0.3312 1.0297 -0.8661 1.0000	</row3>
		</transform>
	</node>
</GSB012_Kaiser_1936_MidBack.skel_ext>
