<GSB043_Preussen_1945_Bow_ep.skel_ext>
	<exported>	false	</exported>
	<node>
		<identifier>	EP_Death_1	</identifier>
		<parent>	Scene Root	</parent>
		<transform>
			<row0>	1.0000 0.0000 0.0000 0.0000	</row0>
			<row1>	0.0000 1.0000 0.0000 0.0000	</row1>
			<row2>	0.0000 0.0000 1.0000 0.0000	</row2>
			<row3>	0.0000 0.0000 6.0296 1.0000	</row3>
		</transform>
	</node>
	<node>
		<identifier>	EP_Fire_1	</identifier>
		<parent>	Scene Root	</parent>
		<transform>
			<row0>	1.0000 0.0000 0.0000 0.0000	</row0>
			<row1>	0.0000 1.0000 0.0000 0.0000	</row1>
			<row2>	0.0000 0.0000 1.0000 0.0000	</row2>
			<row3>	0.0000 0.4337 7.1690 1.0000	</row3>
		</transform>
	</node>
	<node>
		<identifier>	EP_Flood_water_left	</identifier>
		<parent>	Scene Root	</parent>
		<transform>
			<row0>	-0.9854 0.0000 0.1703 0.0000	</row0>
			<row1>	0.0000 1.0000 0.0000 0.0000	</row1>
			<row2>	-0.1703 0.0000 -0.9854 0.0000	</row2>
			<row3>	-0.4635 0.0494 7.7220 1.0000	</row3>
		</transform>
	</node>
	<node>
		<identifier>	EP_Flood_water_left_1	</identifier>
		<parent>	Scene Root	</parent>
		<transform>
			<row0>	-0.9852 0.0000 0.1714 0.0000	</row0>
			<row1>	0.0000 1.0000 0.0000 0.0000	</row1>
			<row2>	-0.1714 0.0000 -0.9852 0.0000	</row2>
			<row3>	-0.7960 0.0523 6.0600 1.0000	</row3>
		</transform>
	</node>
	<node>
		<identifier>	EP_Flood_water_right	</identifier>
		<parent>	Scene Root	</parent>
		<transform>
			<row0>	0.9791 0.0000 0.2033 0.0000	</row0>
			<row1>	0.0000 1.0000 0.0000 0.0000	</row1>
			<row2>	-0.2033 0.0000 0.9791 0.0000	</row2>
			<row3>	0.4675 0.0487 7.7231 1.0000	</row3>
		</transform>
	</node>
	<node>
		<identifier>	EP_Flood_water_right_1	</identifier>
		<parent>	Scene Root	</parent>
		<transform>
			<row0>	0.9896 0.0000 0.1436 0.0000	</row0>
			<row1>	0.0000 1.0000 0.0000 0.0000	</row1>
			<row2>	-0.1436 0.0000 0.9896 0.0000	</row2>
			<row3>	0.7988 0.0505 6.0602 1.0000	</row3>
		</transform>
	</node>
	<node>
		<identifier>	EP_RepairLight_right_1	</identifier>
		<parent>	Scene Root	</parent>
		<transform>
			<row0>	0.0904 0.0000 -0.9959 0.0000	</row0>
			<row1>	-0.0010 1.0000 0.0000 0.0000	</row1>
			<row2>	0.9959 0.0010 0.0904 0.0000	</row2>
			<row3>	1.1664 0.3834 5.0353 1.0000	</row3>
		</transform>
	</node>
	<node>
		<identifier>	EP_WakeTrace	</identifier>
		<parent>	Scene Root	</parent>
		<transform>
			<row0>	1.0000 0.0000 0.0000 0.0000	</row0>
			<row1>	0.0000 1.0000 0.0000 0.0000	</row1>
			<row2>	0.0000 0.0000 1.0000 0.0000	</row2>
			<row3>	0.0000 0.0000 9.9640 1.0000	</row3>
		</transform>
	</node>
</GSB043_Preussen_1945_Bow_ep.skel_ext>
