<FSB012_Gascoigne_1941_MidBack.skel_ext>
	<exported>	true	</exported>
	<node>
		<identifier>	MP_CM011_Fire_Fighting_Gear	</identifier>
		<parent>	Scene Root	</parent>
		<transform>
			<row0>	0.7071 0.0000 0.7071 0.0000	</row0>
			<row1>	0.0000 1.0000 0.0000 0.0000	</row1>
			<row2>	-0.7071 0.0000 0.7071 0.0000	</row2>
			<row3>	0.6359 0.3859 -2.5513 1.0000	</row3>
		</transform>
	</node>
	<node>
		<identifier>	MP_CM011_Fire_Fighting_Gear_INDEX_1	</identifier>
		<parent>	Scene Root	</parent>
		<transform>
			<row0>	-0.5000 0.0000 0.8660 0.0000	</row0>
			<row1>	0.0000 1.0000 0.0000 0.0000	</row1>
			<row2>	-0.8660 0.0000 -0.5000 0.0000	</row2>
			<row3>	0.4365 0.3859 -3.8477 1.0000	</row3>
		</transform>
	</node>
	<node>
		<identifier>	MP_CM011_Fire_Fighting_Gear_INDEX_2	</identifier>
		<parent>	Scene Root	</parent>
		<transform>
			<row0>	-0.5000 0.0000 -0.8660 0.0000	</row0>
			<row1>	0.0000 1.0000 0.0000 0.0000	</row1>
			<row2>	0.8660 0.0000 -0.5000 0.0000	</row2>
			<row3>	-0.4365 0.3859 -3.8477 1.0000	</row3>
		</transform>
	</node>
	<node>
		<identifier>	MP_CM011_Fire_Fighting_Gear_INDEX_3	</identifier>
		<parent>	Scene Root	</parent>
		<transform>
			<row0>	0.7071 0.0000 -0.7071 0.0000	</row0>
			<row1>	0.0000 1.0000 0.0000 0.0000	</row1>
			<row2>	0.7071 0.0000 0.7071 0.0000	</row2>
			<row3>	-0.6359 0.3859 -2.5513 1.0000	</row3>
		</transform>
	</node>
	<node>
		<identifier>	MP_CM012_Fire_Hose_Rack_1	</identifier>
		<parent>	Scene Root	</parent>
		<transform>
			<row0>	0.7071 0.0000 0.7071 0.0000	</row0>
			<row1>	0.0000 1.0000 0.0000 0.0000	</row1>
			<row2>	-0.7071 0.0000 0.7071 0.0000	</row2>
			<row3>	-0.6385 0.4617 -2.5396 1.0000	</row3>
		</transform>
	</node>
	<node>
		<identifier>	MP_CM012_Fire_Hose_Rack_1_INDEX_1	</identifier>
		<parent>	Scene Root	</parent>
		<transform>
			<row0>	0.8674 0.0000 -0.4976 0.0000	</row0>
			<row1>	0.0000 1.0000 0.0000 0.0000	</row1>
			<row2>	0.4976 0.0000 0.8674 0.0000	</row2>
			<row3>	-0.4156 0.4367 -3.8200 1.0000	</row3>
		</transform>
	</node>
	<node>
		<identifier>	MP_CM012_Fire_Hose_Rack_1_INDEX_2	</identifier>
		<parent>	Scene Root	</parent>
		<transform>
			<row0>	-0.8674 0.0000 -0.4976 0.0000	</row0>
			<row1>	0.0000 1.0000 0.0000 0.0000	</row1>
			<row2>	0.4976 0.0000 -0.8674 0.0000	</row2>
			<row3>	0.4156 0.4367 -3.8200 1.0000	</row3>
		</transform>
	</node>
	<node>
		<identifier>	MP_CM012_Fire_Hose_Rack_1_INDEX_3	</identifier>
		<parent>	Scene Root	</parent>
		<transform>
			<row0>	-0.7071 0.0000 0.7071 0.0000	</row0>
			<row1>	0.0000 1.0000 0.0000 0.0000	</row1>
			<row2>	-0.7071 0.0000 -0.7071 0.0000	</row2>
			<row3>	0.6385 0.4617 -2.5396 1.0000	</row3>
		</transform>
	</node>
	<node>
		<identifier>	MP_CM014_Fuel_Oil_Hose	</identifier>
		<parent>	Scene Root	</parent>
		<transform>
			<row0>	-0.7167 0.0000 0.6974 0.0000	</row0>
			<row1>	0.0000 1.0000 0.0000 0.0000	</row1>
			<row2>	-0.6974 0.0000 -0.7167 0.0000	</row2>
			<row3>	0.9521 0.4076 -2.2196 1.0000	</row3>
		</transform>
	</node>
	<node>
		<identifier>	MP_CM014_Fuel_Oil_Hose_INDEX_1	</identifier>
		<parent>	Scene Root	</parent>
		<transform>
			<row0>	0.7167 0.0000 0.6974 0.0000	</row0>
			<row1>	0.0001 1.0000 0.0000 0.0000	</row1>
			<row2>	-0.6974 0.0001 0.7167 0.0000	</row2>
			<row3>	-0.8409 0.4356 -2.3339 1.0000	</row3>
		</transform>
	</node>
	<node>
		<identifier>	MP_CM014_Fuel_Oil_Hose_INDEX_2	</identifier>
		<parent>	Scene Root	</parent>
		<transform>
			<row0>	0.7167 0.0000 0.6974 0.0000	</row0>
			<row1>	0.0001 1.0000 0.0000 0.0000	</row1>
			<row2>	-0.6974 0.0001 0.7167 0.0000	</row2>
			<row3>	-0.9521 0.4076 -2.2196 1.0000	</row3>
		</transform>
	</node>
	<node>
		<identifier>	MP_CM014_Fuel_Oil_Hose_INDEX_3	</identifier>
		<parent>	Scene Root	</parent>
		<transform>
			<row0>	0.7167 0.0000 0.6974 0.0000	</row0>
			<row1>	0.0001 1.0000 0.0000 0.0000	</row1>
			<row2>	-0.6974 0.0001 0.7167 0.0000	</row2>
			<row3>	-0.8409 0.4076 -2.3339 1.0000	</row3>
		</transform>
	</node>
	<node>
		<identifier>	MP_CM014_Fuel_Oil_Hose_INDEX_4	</identifier>
		<parent>	Scene Root	</parent>
		<transform>
			<row0>	0.7167 0.0000 0.6974 0.0000	</row0>
			<row1>	0.0001 1.0000 0.0000 0.0000	</row1>
			<row2>	-0.6974 0.0001 0.7167 0.0000	</row2>
			<row3>	-0.9521 0.4356 -2.2196 1.0000	</row3>
		</transform>
	</node>
	<node>
		<identifier>	MP_CM014_Fuel_Oil_Hose_INDEX_5	</identifier>
		<parent>	Scene Root	</parent>
		<transform>
			<row0>	-0.7167 0.0000 0.6974 0.0000	</row0>
			<row1>	0.0000 1.0000 0.0000 0.0000	</row1>
			<row2>	-0.6974 0.0000 -0.7167 0.0000	</row2>
			<row3>	0.8409 0.4356 -2.3339 1.0000	</row3>
		</transform>
	</node>
	<node>
		<identifier>	MP_CM014_Fuel_Oil_Hose_INDEX_6	</identifier>
		<parent>	Scene Root	</parent>
		<transform>
			<row0>	-0.7167 0.0000 0.6974 0.0000	</row0>
			<row1>	0.0000 1.0000 0.0000 0.0000	</row1>
			<row2>	-0.6974 0.0000 -0.7167 0.0000	</row2>
			<row3>	0.9521 0.4356 -2.2196 1.0000	</row3>
		</transform>
	</node>
	<node>
		<identifier>	MP_CM014_Fuel_Oil_Hose_INDEX_7	</identifier>
		<parent>	Scene Root	</parent>
		<transform>
			<row0>	-0.7167 0.0000 0.6974 0.0000	</row0>
			<row1>	0.0000 1.0000 0.0000 0.0000	</row1>
			<row2>	-0.6974 0.0000 -0.7167 0.0000	</row2>
			<row3>	0.8409 0.4076 -2.3339 1.0000	</row3>
		</transform>
	</node>
	<node>
		<identifier>	MP_CM030_Swab_Rack_2	</identifier>
		<parent>	Scene Root	</parent>
		<transform>
			<row0>	0.0000 0.0000 1.0000 0.0000	</row0>
			<row1>	0.0000 1.0000 0.0000 0.0000	</row1>
			<row2>	-1.0000 0.0000 0.0000 0.0000	</row2>
			<row3>	-0.5368 0.5523 -2.3317 1.0000	</row3>
		</transform>
	</node>
	<node>
		<identifier>	MP_CM030_Swab_Rack_2_INDEX_1	</identifier>
		<parent>	Scene Root	</parent>
		<transform>
			<row0>	0.0000 0.0000 -1.0000 0.0000	</row0>
			<row1>	0.0000 1.0000 0.0000 0.0000	</row1>
			<row2>	1.0000 0.0000 0.0000 0.0000	</row2>
			<row3>	0.5368 0.5523 -2.3317 1.0000	</row3>
		</transform>
	</node>
	<node>
		<identifier>	MP_CM052_Fender	</identifier>
		<parent>	Scene Root	</parent>
		<transform>
			<row0>	-0.9201 0.0000 -0.3810 0.0000	</row0>
			<row1>	0.0000 0.9959 0.0000 0.0000	</row1>
			<row2>	0.3810 0.0000 -0.9201 0.0000	</row2>
			<row3>	0.1045 0.3853 -3.1680 1.0000	</row3>
		</transform>
	</node>
	<node>
		<identifier>	MP_CM052_Fender_INDEX_1	</identifier>
		<parent>	Scene Root	</parent>
		<transform>
			<row0>	-0.9201 0.0000 0.3810 0.0000	</row0>
			<row1>	0.0000 0.9959 0.0000 0.0000	</row1>
			<row2>	-0.3810 0.0000 -0.9201 0.0000	</row2>
			<row3>	-0.1045 0.3853 -3.1680 1.0000	</row3>
		</transform>
	</node>
	<node>
		<identifier>	MP_CM079_Fender	</identifier>
		<parent>	Scene Root	</parent>
		<transform>
			<row0>	0.5898 0.0000 -1.1232 0.0000	</row0>
			<row1>	-1.1232 0.0000 -0.5898 0.0000	</row1>
			<row2>	0.0000 1.2686 0.0000 0.0000	</row2>
			<row3>	-0.4445 0.3849 -4.2865 1.0000	</row3>
		</transform>
	</node>
	<node>
		<identifier>	MP_CM079_Fender_INDEX_1	</identifier>
		<parent>	Scene Root	</parent>
		<transform>
			<row0>	0.1525 0.0000 -1.2594 0.0000	</row0>
			<row1>	-1.2594 0.0000 -0.1525 0.0000	</row1>
			<row2>	0.0000 1.2686 0.0000 0.0000	</row2>
			<row3>	-0.7307 0.3850 -4.3757 1.0000	</row3>
		</transform>
	</node>
	<node>
		<identifier>	MP_CM079_Fender_INDEX_2	</identifier>
		<parent>	Scene Root	</parent>
		<transform>
			<row0>	0.1525 0.0000 1.2594 0.0000	</row0>
			<row1>	1.2594 0.0000 -0.1525 0.0000	</row1>
			<row2>	0.0000 1.2686 0.0000 0.0000	</row2>
			<row3>	0.7505 0.3850 -4.2137 1.0000	</row3>
		</transform>
	</node>
	<node>
		<identifier>	MP_CM079_Fender_INDEX_3	</identifier>
		<parent>	Scene Root	</parent>
		<transform>
			<row0>	0.1525 0.0000 1.2594 0.0000	</row0>
			<row1>	1.2594 0.0000 -0.1525 0.0000	</row1>
			<row2>	0.0000 1.2686 0.0000 0.0000	</row2>
			<row3>	0.7307 0.3850 -4.3757 1.0000	</row3>
		</transform>
	</node>
	<node>
		<identifier>	MP_CM079_Fender_INDEX_4	</identifier>
		<parent>	Scene Root	</parent>
		<transform>
			<row0>	1.1146 0.0000 0.6059 0.0000	</row0>
			<row1>	0.6059 0.0000 -1.1146 0.0000	</row1>
			<row2>	0.0000 1.2686 0.0000 0.0000	</row2>
			<row3>	0.2457 0.3851 -4.4892 1.0000	</row3>
		</transform>
	</node>
	<node>
		<identifier>	MP_CM079_Fender_INDEX_5	</identifier>
		<parent>	Scene Root	</parent>
		<transform>
			<row0>	1.1146 0.0000 -0.6059 0.0000	</row0>
			<row1>	-0.6059 0.0000 -1.1146 0.0000	</row1>
			<row2>	0.0000 1.2686 0.0000 0.0000	</row2>
			<row3>	-0.2457 0.3851 -4.4892 1.0000	</row3>
		</transform>
	</node>
	<node>
		<identifier>	MP_CM079_Fender_INDEX_6	</identifier>
		<parent>	Scene Root	</parent>
		<transform>
			<row0>	0.5898 0.0000 1.1232 0.0000	</row0>
			<row1>	1.1232 0.0000 -0.5898 0.0000	</row1>
			<row2>	0.0000 1.2686 0.0000 0.0000	</row2>
			<row3>	0.4445 0.3849 -4.2865 1.0000	</row3>
		</transform>
	</node>
	<node>
		<identifier>	MP_CM079_Fender_INDEX_7	</identifier>
		<parent>	Scene Root	</parent>
		<transform>
			<row0>	0.1525 0.0000 -1.2594 0.0000	</row0>
			<row1>	-1.2594 0.0000 -0.1525 0.0000	</row1>
			<row2>	0.0000 1.2686 0.0000 0.0000	</row2>
			<row3>	-0.7505 0.3850 -4.2137 1.0000	</row3>
		</transform>
	</node>
	<node>
		<identifier>	MP_CM109_Leadsman_Platform	</identifier>
		<parent>	Scene Root	</parent>
		<transform>
			<row0>	0.0000 -1.2996 0.0000 0.0000	</row0>
			<row1>	1.2986 0.0000 -0.0520 0.0000	</row1>
			<row2>	0.0520 0.0000 1.2986 0.0000	</row2>
			<row3>	1.0859 0.5632 -1.5445 1.0000	</row3>
		</transform>
	</node>
	<node>
		<identifier>	MP_CM109_Leadsman_Platform_INDEX_1	</identifier>
		<parent>	Scene Root	</parent>
		<transform>
			<row0>	-0.0068 -1.2996 0.0006 0.0000	</row0>
			<row1>	1.2947 -0.0068 -0.1129 0.0000	</row1>
			<row2>	0.1129 0.0000 1.2947 0.0000	</row2>
			<row3>	0.9213 0.3953 -3.9502 1.0000	</row3>
		</transform>
	</node>
	<node>
		<identifier>	MP_CM109_Leadsman_Platform_INDEX_2	</identifier>
		<parent>	Scene Root	</parent>
		<transform>
			<row0>	-0.0616 0.0000 1.2981 0.0000	</row0>
			<row1>	1.2981 0.0000 0.0616 0.0000	</row1>
			<row2>	0.0000 1.3000 0.0000 0.0000	</row2>
			<row3>	-1.0639 0.6074 -2.0517 1.0000	</row3>
		</transform>
	</node>
	<node>
		<identifier>	MP_CM109_Leadsman_Platform_INDEX_3	</identifier>
		<parent>	Scene Root	</parent>
		<transform>
			<row0>	0.1848 -0.0004 1.2864 0.0000	</row0>
			<row1>	-1.2864 0.0068 0.1848 0.0000	</row1>
			<row2>	-0.0068 -1.3048 0.0006 0.0000	</row2>
			<row3>	0.8878 0.4394 -4.3546 1.0000	</row3>
		</transform>
	</node>
	<node>
		<identifier>	MP_CM109_Leadsman_Platform_INDEX_4	</identifier>
		<parent>	Scene Root	</parent>
		<transform>
			<row0>	0.0616 0.0000 1.2981 0.0000	</row0>
			<row1>	-1.2981 0.0000 0.0616 0.0000	</row1>
			<row2>	0.0000 -1.3048 0.0000 0.0000	</row2>
			<row3>	1.0639 0.6074 -2.0517 1.0000	</row3>
		</transform>
	</node>
	<node>
		<identifier>	MP_CM109_Leadsman_Platform_INDEX_5	</identifier>
		<parent>	Scene Root	</parent>
		<transform>
			<row0>	0.0000 -1.2996 0.0000 0.0000	</row0>
			<row1>	-1.2986 0.0000 -0.0520 0.0000	</row1>
			<row2>	0.0520 0.0000 -1.2990 0.0000	</row2>
			<row3>	-1.0859 0.5632 -1.5445 1.0000	</row3>
		</transform>
	</node>
	<node>
		<identifier>	MP_CM109_Leadsman_Platform_INDEX_6	</identifier>
		<parent>	Scene Root	</parent>
		<transform>
			<row0>	-0.1848 -0.0004 1.2864 0.0000	</row0>
			<row1>	1.2864 0.0068 0.1848 0.0000	</row1>
			<row2>	-0.0068 1.3000 -0.0006 0.0000	</row2>
			<row3>	-0.8878 0.4394 -4.3546 1.0000	</row3>
		</transform>
	</node>
	<node>
		<identifier>	MP_CM109_Leadsman_Platform_INDEX_7	</identifier>
		<parent>	Scene Root	</parent>
		<transform>
			<row0>	0.0068 -1.2996 0.0006 0.0000	</row0>
			<row1>	-1.2947 -0.0068 -0.1129 0.0000	</row1>
			<row2>	0.1130 0.0000 -1.2951 0.0000	</row2>
			<row3>	-0.9213 0.3953 -3.9502 1.0000	</row3>
		</transform>
	</node>
	<node>
		<identifier>	MP_FM015_Life_Buoy	</identifier>
		<parent>	Scene Root	</parent>
		<transform>
			<row0>	0.0670 0.0000 -0.9978 0.0000	</row0>
			<row1>	0.0000 1.0000 0.0000 0.0000	</row1>
			<row2>	0.9978 0.0000 0.0670 0.0000	</row2>
			<row3>	-0.9261 0.4526 -3.7996 1.0000	</row3>
		</transform>
	</node>
	<node>
		<identifier>	MP_FM015_Life_Buoy_INDEX_1	</identifier>
		<parent>	Scene Root	</parent>
		<transform>
			<row0>	0.0670 0.0000 0.9978 0.0000	</row0>
			<row1>	0.0000 1.0000 0.0000 0.0000	</row1>
			<row2>	-0.9978 0.0000 0.0670 0.0000	</row2>
			<row3>	0.9261 0.4526 -3.7996 1.0000	</row3>
		</transform>
	</node>
	<node>
		<identifier>	MP_FM026_Motto_Honneur	</identifier>
		<parent>	Scene Root	</parent>
		<transform>
			<row0>	1.6040 0.0000 -1.6484 0.0000	</row0>
			<row1>	0.0001 2.3000 0.0000 0.0000	</row1>
			<row2>	1.6484 -0.0001 1.6040 0.0000	</row2>
			<row3>	-0.4555 0.6839 -2.7281 1.0000	</row3>
		</transform>
	</node>
	<node>
		<identifier>	MP_FM027_Motto_Patrie	</identifier>
		<parent>	Scene Root	</parent>
		<transform>
			<row0>	1.6040 0.0000 1.6484 0.0000	</row0>
			<row1>	-0.0001 2.3000 0.0000 0.0000	</row1>
			<row2>	-1.6484 -0.0001 1.6040 0.0000	</row2>
			<row3>	0.4555 0.6839 -2.7281 1.0000	</row3>
		</transform>
	</node>
	<node>
		<identifier>	MP_FM502_Rafts_5in	</identifier>
		<parent>	Scene Root	</parent>
		<transform>
			<row0>	1.0000 0.0000 0.0000 0.0000	</row0>
			<row1>	0.0000 1.0000 0.0000 0.0000	</row1>
			<row2>	0.0000 0.0000 1.0000 0.0000	</row2>
			<row3>	-0.4857 0.7195 -2.1526 1.0000	</row3>
		</transform>
	</node>
	<node>
		<identifier>	MP_FM502_Rafts_5in_INDEX_1	</identifier>
		<parent>	Scene Root	</parent>
		<transform>
			<row0>	1.0000 0.0000 0.0000 0.0000	</row0>
			<row1>	0.0000 1.0000 0.0000 0.0000	</row1>
			<row2>	0.0000 0.0000 1.0000 0.0000	</row2>
			<row3>	0.4857 0.7195 -2.1526 1.0000	</row3>
		</transform>
	</node>
	<node>
		<identifier>	MP_FM530_Rafts_3	</identifier>
		<parent>	Scene Root	</parent>
		<transform>
			<row0>	1.0000 0.0000 0.0000 0.0000	</row0>
			<row1>	0.0000 1.0000 0.0000 0.0000	</row1>
			<row2>	0.0000 0.0000 1.0000 0.0000	</row2>
			<row3>	-0.7308 0.3850 -3.4412 1.0000	</row3>
		</transform>
	</node>
	<node>
		<identifier>	MP_FM530_Rafts_3_INDEX_1	</identifier>
		<parent>	Scene Root	</parent>
		<transform>
			<row0>	1.0000 0.0000 0.0000 0.0000	</row0>
			<row1>	0.0000 1.0000 0.0000 0.0000	</row1>
			<row2>	0.0000 0.0000 1.0000 0.0000	</row2>
			<row3>	0.4857 0.7195 -2.5469 1.0000	</row3>
		</transform>
	</node>
	<node>
		<identifier>	MP_FM530_Rafts_3_INDEX_2	</identifier>
		<parent>	Scene Root	</parent>
		<transform>
			<row0>	1.0000 0.0000 0.0000 0.0000	</row0>
			<row1>	0.0000 1.0000 0.0000 0.0000	</row1>
			<row2>	0.0000 0.0000 1.0000 0.0000	</row2>
			<row3>	0.7308 0.3850 -3.4412 1.0000	</row3>
		</transform>
	</node>
	<node>
		<identifier>	MP_FM530_Rafts_3_INDEX_3	</identifier>
		<parent>	Scene Root	</parent>
		<transform>
			<row0>	1.0000 0.0000 0.0000 0.0000	</row0>
			<row1>	0.0000 1.0000 0.0000 0.0000	</row1>
			<row2>	0.0000 0.0000 1.0000 0.0000	</row2>
			<row3>	-0.4857 0.7195 -2.5469 1.0000	</row3>
		</transform>
	</node>
	<node>
		<identifier>	MP_FM530_Rafts_3_INDEX_4	</identifier>
		<parent>	Scene Root	</parent>
		<transform>
			<row0>	1.0000 0.0000 0.0000 0.0000	</row0>
			<row1>	0.0000 1.0000 0.0000 0.0000	</row1>
			<row2>	0.0000 0.0000 1.0000 0.0000	</row2>
			<row3>	0.8191 0.3850 -3.3035 1.0000	</row3>
		</transform>
	</node>
	<node>
		<identifier>	MP_FM530_Rafts_3_INDEX_5	</identifier>
		<parent>	Scene Root	</parent>
		<transform>
			<row0>	1.0000 0.0000 0.0000 0.0000	</row0>
			<row1>	0.0000 1.0000 0.0000 0.0000	</row1>
			<row2>	0.0000 0.0000 1.0000 0.0000	</row2>
			<row3>	0.7308 0.3850 -3.3035 1.0000	</row3>
		</transform>
	</node>
	<node>
		<identifier>	MP_FM530_Rafts_3_INDEX_6	</identifier>
		<parent>	Scene Root	</parent>
		<transform>
			<row0>	1.0000 0.0000 0.0000 0.0000	</row0>
			<row1>	0.0000 1.0000 0.0000 0.0000	</row1>
			<row2>	0.0000 0.0000 1.0000 0.0000	</row2>
			<row3>	-0.8191 0.3850 -3.3035 1.0000	</row3>
		</transform>
	</node>
	<node>
		<identifier>	MP_FM530_Rafts_3_INDEX_7	</identifier>
		<parent>	Scene Root	</parent>
		<transform>
			<row0>	1.0000 0.0000 0.0000 0.0000	</row0>
			<row1>	0.0000 1.0000 0.0000 0.0000	</row1>
			<row2>	0.0000 0.0000 1.0000 0.0000	</row2>
			<row3>	-0.7308 0.3850 -3.3035 1.0000	</row3>
		</transform>
	</node>
	<node>
		<identifier>	MP_FM701_Ammunition_Box	</identifier>
		<parent>	Scene Root	</parent>
		<transform>
			<row0>	0.4992 0.0000 0.5082 0.0000	</row0>
			<row1>	0.0000 0.8570 0.0000 0.0000	</row1>
			<row2>	-0.5082 0.0000 0.4992 0.0000	</row2>
			<row3>	0.7533 0.3851 -2.7362 1.0000	</row3>
		</transform>
	</node>
	<node>
		<identifier>	MP_FM701_Ammunition_Box_INDEX_1	</identifier>
		<parent>	Scene Root	</parent>
		<transform>
			<row0>	0.4992 0.0000 -0.5082 0.0000	</row0>
			<row1>	0.0000 0.8570 0.0000 0.0000	</row1>
			<row2>	0.5082 0.0000 0.4992 0.0000	</row2>
			<row3>	-0.7533 0.3851 -2.7362 1.0000	</row3>
		</transform>
	</node>
	<node>
		<identifier>	MP_FM701_Ammunition_Box_INDEX_2	</identifier>
		<parent>	Scene Root	</parent>
		<transform>
			<row0>	0.4086 0.0000 -0.5836 0.0000	</row0>
			<row1>	0.0000 0.8570 0.0000 0.0000	</row1>
			<row2>	0.5836 0.0000 0.4086 0.0000	</row2>
			<row3>	0.7157 0.3851 -2.9198 1.0000	</row3>
		</transform>
	</node>
	<node>
		<identifier>	MP_FM701_Ammunition_Box_INDEX_3	</identifier>
		<parent>	Scene Root	</parent>
		<transform>
			<row0>	0.4086 0.0000 0.5836 0.0000	</row0>
			<row1>	0.0000 0.8570 0.0000 0.0000	</row1>
			<row2>	-0.5836 0.0000 0.4086 0.0000	</row2>
			<row3>	-0.7157 0.3851 -2.9198 1.0000	</row3>
		</transform>
	</node>
	<node>
		<identifier>	MP_FM701_Ammunition_Box_INDEX_4	</identifier>
		<parent>	Scene Root	</parent>
		<transform>
			<row0>	0.4086 0.0000 -0.5836 0.0000	</row0>
			<row1>	0.0000 0.8570 0.0000 0.0000	</row1>
			<row2>	0.5836 0.0000 0.4086 0.0000	</row2>
			<row3>	-0.7157 0.3851 -2.7215 1.0000	</row3>
		</transform>
	</node>
	<node>
		<identifier>	MP_FM701_Ammunition_Box_INDEX_5	</identifier>
		<parent>	Scene Root	</parent>
		<transform>
			<row0>	0.4086 0.0000 0.5836 0.0000	</row0>
			<row1>	0.0000 0.8570 0.0000 0.0000	</row1>
			<row2>	-0.5836 0.0000 0.4086 0.0000	</row2>
			<row3>	0.7157 0.3851 -2.7215 1.0000	</row3>
		</transform>
	</node>
	<node>
		<identifier>	MP_FM707_Locker	</identifier>
		<parent>	Scene Root	</parent>
		<transform>
			<row0>	0.0000 0.0000 -1.0000 0.0000	</row0>
			<row1>	0.0000 1.0000 0.0000 0.0000	</row1>
			<row2>	1.0000 0.0000 0.0000 0.0000	</row2>
			<row3>	0.1438 0.8892 -1.7303 1.0000	</row3>
		</transform>
	</node>
	<node>
		<identifier>	MP_FM707_Locker_INDEX_1	</identifier>
		<parent>	Scene Root	</parent>
		<transform>
			<row0>	0.0000 0.0000 1.0000 0.0000	</row0>
			<row1>	0.0000 1.0000 0.0000 0.0000	</row1>
			<row2>	-1.0000 0.0000 0.0000 0.0000	</row2>
			<row3>	-0.1438 0.8892 -1.6435 1.0000	</row3>
		</transform>
	</node>
	<node>
		<identifier>	MP_FM707_Locker_INDEX_2	</identifier>
		<parent>	Scene Root	</parent>
		<transform>
			<row0>	0.0000 0.0000 1.0000 0.0000	</row0>
			<row1>	0.0000 1.0000 0.0000 0.0000	</row1>
			<row2>	-1.0000 0.0000 0.0000 0.0000	</row2>
			<row3>	-0.1438 0.8892 -1.7303 1.0000	</row3>
		</transform>
	</node>
	<node>
		<identifier>	MP_FM707_Locker_INDEX_3	</identifier>
		<parent>	Scene Root	</parent>
		<transform>
			<row0>	0.0000 0.0000 -1.0000 0.0000	</row0>
			<row1>	0.0000 1.0000 0.0000 0.0000	</row1>
			<row2>	1.0000 0.0000 0.0000 0.0000	</row2>
			<row3>	0.1438 0.8892 -1.6435 1.0000	</row3>
		</transform>
	</node>
	<node>
		<identifier>	MP_FM955_Bollard	</identifier>
		<parent>	Scene Root	</parent>
		<transform>
			<row0>	1.1917 0.0000 0.0000 0.0000	</row0>
			<row1>	0.0000 1.1917 0.0000 0.0000	</row1>
			<row2>	0.0000 0.0000 1.1917 0.0000	</row2>
			<row3>	0.7684 0.3838 -4.9130 1.0000	</row3>
		</transform>
	</node>
	<node>
		<identifier>	MP_FM955_Bollard_INDEX_1	</identifier>
		<parent>	Scene Root	</parent>
		<transform>
			<row0>	1.1917 0.0000 0.0000 0.0000	</row0>
			<row1>	0.0000 1.1917 0.0000 0.0000	</row1>
			<row2>	0.0000 0.0000 1.1917 0.0000	</row2>
			<row3>	-0.7684 0.3838 -4.9130 1.0000	</row3>
		</transform>
	</node>
	<node>
		<identifier>	SP_YMS011_YHWL_M_1_INDEX_10	</identifier>
		<parent>	Scene Root	</parent>
		<transform>
			<row0>	0.9989 0.0126 0.0453 0.0000	</row0>
			<row1>	-0.0126 0.9999 -0.0010 0.0000	</row1>
			<row2>	-0.0453 0.0004 0.9990 0.0000	</row2>
			<row3>	-1.0786 0.0000 -1.8160 1.0000	</row3>
		</transform>
	</node>
	<node>
		<identifier>	SP_YMS011_YHWL_M_1_INDEX_11	</identifier>
		<parent>	Scene Root	</parent>
		<transform>
			<row0>	0.9975 0.0126 0.0689 0.0000	</row0>
			<row1>	-0.0126 0.9999 -0.0013 0.0000	</row1>
			<row2>	-0.0689 0.0004 0.9976 0.0000	</row2>
			<row3>	-1.0303 0.0000 -2.6574 1.0000	</row3>
		</transform>
	</node>
	<node>
		<identifier>	SP_YMS011_YHWL_M_1_INDEX_12	</identifier>
		<parent>	Scene Root	</parent>
		<transform>
			<row0>	0.9942 0.0540 0.0931 0.0000	</row0>
			<row1>	-0.0538 0.9985 -0.0039 0.0000	</row1>
			<row2>	-0.0932 -0.0011 0.9957 0.0000	</row2>
			<row3>	-0.9606 0.0000 -3.4959 1.0000	</row3>
		</transform>
	</node>
	<node>
		<identifier>	SP_YMS011_YHWL_M_1_INDEX_13	</identifier>
		<parent>	Scene Root	</parent>
		<transform>
			<row0>	0.9871 0.1086 0.1173 0.0000	</row0>
			<row1>	-0.1079 0.9941 -0.0123 0.0000	</row1>
			<row2>	-0.1179 -0.0005 0.9930 0.0000	</row2>
			<row3>	-0.8721 0.0000 -4.3312 1.0000	</row3>
		</transform>
	</node>
	<node>
		<identifier>	SP_YMS011_YHWL_M_1_INDEX_14	</identifier>
		<parent>	Scene Root	</parent>
		<transform>
			<row0>	0.9645 0.2332 0.1236 0.0000	</row0>
			<row1>	-0.2314 0.9724 -0.0291 0.0000	</row1>
			<row2>	-0.1270 -0.0005 0.9919 0.0000	</row2>
			<row3>	-0.7579 0.0000 -5.1555 1.0000	</row3>
		</transform>
	</node>
	<node>
		<identifier>	SP_YMS012_YHWR_M_1_INDEX_10	</identifier>
		<parent>	Scene Root	</parent>
		<transform>
			<row0>	0.9989 -0.0126 -0.0453 0.0000	</row0>
			<row1>	0.0126 0.9999 -0.0010 0.0000	</row1>
			<row2>	0.0453 0.0004 0.9990 0.0000	</row2>
			<row3>	1.0786 0.0000 -1.8160 1.0000	</row3>
		</transform>
	</node>
	<node>
		<identifier>	SP_YMS012_YHWR_M_1_INDEX_11	</identifier>
		<parent>	Scene Root	</parent>
		<transform>
			<row0>	0.9975 -0.0126 -0.0689 0.0000	</row0>
			<row1>	0.0126 0.9999 -0.0013 0.0000	</row1>
			<row2>	0.0689 0.0004 0.9976 0.0000	</row2>
			<row3>	1.0303 0.0000 -2.6574 1.0000	</row3>
		</transform>
	</node>
	<node>
		<identifier>	SP_YMS012_YHWR_M_1_INDEX_12	</identifier>
		<parent>	Scene Root	</parent>
		<transform>
			<row0>	0.9942 -0.0540 -0.0931 0.0000	</row0>
			<row1>	0.0538 0.9985 -0.0039 0.0000	</row1>
			<row2>	0.0932 -0.0011 0.9957 0.0000	</row2>
			<row3>	0.9606 0.0000 -3.4959 1.0000	</row3>
		</transform>
	</node>
	<node>
		<identifier>	SP_YMS012_YHWR_M_1_INDEX_13	</identifier>
		<parent>	Scene Root	</parent>
		<transform>
			<row0>	0.9871 -0.1086 -0.1173 0.0000	</row0>
			<row1>	0.1079 0.9941 -0.0123 0.0000	</row1>
			<row2>	0.1179 -0.0005 0.9930 0.0000	</row2>
			<row3>	0.8721 0.0000 -4.3312 1.0000	</row3>
		</transform>
	</node>
	<node>
		<identifier>	SP_YMS012_YHWR_M_1_INDEX_14	</identifier>
		<parent>	Scene Root	</parent>
		<transform>
			<row0>	0.9645 -0.2332 -0.1236 0.0000	</row0>
			<row1>	0.2314 0.9724 -0.0291 0.0000	</row1>
			<row2>	0.1270 -0.0005 0.9919 0.0000	</row2>
			<row3>	0.7579 0.0000 -5.1555 1.0000	</row3>
		</transform>
	</node>
	<node>
		<identifier>	SP_YMS021_YHUC_S_1_INDEX_6	</identifier>
		<parent>	Scene Root	</parent>
		<transform>
			<row0>	-0.2304 0.9731 -0.0073 0.0000	</row0>
			<row1>	-0.9678 -0.2299 -0.1023 0.0000	</row1>
			<row2>	-0.1012 -0.0165 0.9947 0.0000	</row2>
			<row3>	-1.0003 -0.2182 -2.8932 1.0000	</row3>
		</transform>
	</node>
	<node>
		<identifier>	SP_YMS021_YHUC_S_1_INDEX_7	</identifier>
		<parent>	Scene Root	</parent>
		<transform>
			<row0>	-0.2304 -0.9731 0.0073 0.0000	</row0>
			<row1>	0.9678 -0.2299 -0.1023 0.0000	</row1>
			<row2>	0.1012 -0.0165 0.9947 0.0000	</row2>
			<row3>	1.0003 -0.2182 -2.8932 1.0000	</row3>
		</transform>
	</node>
	<node>
		<identifier>	SP_YMS022_YHUS_L_1_INDEX_2	</identifier>
		<parent>	Scene Root	</parent>
		<transform>
			<row0>	0.1189 0.0016 -0.7911 0.0000	</row0>
			<row1>	-0.3073 0.7373 -0.0447 0.0000	</row1>
			<row2>	0.7290 0.3105 0.1102 0.0000	</row2>
			<row3>	-0.7682 -0.3130 -4.0574 1.0000	</row3>
		</transform>
	</node>
	<node>
		<identifier>	SP_YMS022_YHUS_L_1_INDEX_3	</identifier>
		<parent>	Scene Root	</parent>
		<transform>
			<row0>	0.1189 -0.0016 0.7911 0.0000	</row0>
			<row1>	0.3073 0.7373 -0.0447 0.0000	</row1>
			<row2>	-0.7290 0.3105 0.1102 0.0000	</row2>
			<row3>	0.7682 -0.3130 -4.0574 1.0000	</row3>
		</transform>
	</node>
	<node>
		<identifier>	SP_YMS053_YHDC_S_1_INDEX_3	</identifier>
		<parent>	Scene Root	</parent>
		<transform>
			<row0>	1.0000 0.0000 0.0000 0.0000	</row0>
			<row1>	0.0000 1.0000 0.0000 0.0000	</row1>
			<row2>	0.0000 0.0000 1.0000 0.0000	</row2>
			<row3>	-0.3447 0.7353 -2.5624 1.0000	</row3>
		</transform>
	</node>
	<node>
		<identifier>	SP_YMS053_YHDC_S_1_INDEX_4	</identifier>
		<parent>	Scene Root	</parent>
		<transform>
			<row0>	1.0000 0.0000 0.0000 0.0000	</row0>
			<row1>	0.0000 1.0000 0.0000 0.0000	</row1>
			<row2>	0.0000 0.0000 1.0000 0.0000	</row2>
			<row3>	0.3447 0.7353 -2.2094 1.0000	</row3>
		</transform>
	</node>
	<node>
		<identifier>	SP_YMS060_YHGF_S_1_INDEX_5	</identifier>
		<parent>	Scene Root	</parent>
		<transform>
			<row0>	-0.8512 0.0000 0.0644 0.0000	</row0>
			<row1>	0.0000 0.8537 0.0000 0.0000	</row1>
			<row2>	-0.0644 0.0000 -0.8512 0.0000	</row2>
			<row3>	-0.8397 0.4820 -2.8204 1.0000	</row3>
		</transform>
	</node>
	<node>
		<identifier>	SP_YMS060_YHGF_S_1_INDEX_6	</identifier>
		<parent>	Scene Root	</parent>
		<transform>
			<row0>	-0.8512 0.0000 0.0644 0.0000	</row0>
			<row1>	0.0000 0.8537 0.0000 0.0000	</row1>
			<row2>	-0.0644 0.0000 -0.8512 0.0000	</row2>
			<row3>	0.8397 0.4765 -2.8204 1.0000	</row3>
		</transform>
	</node>
	<node>
		<identifier>	SP_YMS061_YHGH_S_1_INDEX_5	</identifier>
		<parent>	Scene Root	</parent>
		<transform>
			<row0>	1.5561 0.0000 0.0000 0.0000	</row0>
			<row1>	0.0000 1.5561 0.0000 0.0000	</row1>
			<row2>	0.0000 0.0000 1.5561 0.0000	</row2>
			<row3>	0.0000 0.7600 -2.9049 1.0000	</row3>
		</transform>
	</node>
	<node>
		<identifier>	SP_YMS071_YHHC_S_1_INDEX_3	</identifier>
		<parent>	Scene Root	</parent>
		<transform>
			<row0>	0.1166 0.0011 -0.9932 0.0000	</row0>
			<row1>	-0.9894 -0.0866 -0.1163 0.0000	</row1>
			<row2>	-0.0862 0.9962 -0.0090 0.0000	</row2>
			<row3>	-0.8122 0.1718 -5.0337 1.0000	</row3>
		</transform>
	</node>
	<node>
		<identifier>	SP_YMS071_YHHC_S_1_INDEX_4	</identifier>
		<parent>	Scene Root	</parent>
		<transform>
			<row0>	0.1166 -0.0011 0.9932 0.0000	</row0>
			<row1>	0.9894 -0.0866 -0.1163 0.0000	</row1>
			<row2>	0.0862 0.9962 -0.0090 0.0000	</row2>
			<row3>	0.8122 0.1718 -5.0337 1.0000	</row3>
		</transform>
	</node>
	<node>
		<identifier>	SP_YMS083_YHSC_L_1_INDEX_2	</identifier>
		<parent>	Scene Root	</parent>
		<transform>
			<row0>	0.0440 0.0000 -0.9990 0.0000	</row0>
			<row1>	0.0000 1.0000 0.0000 0.0000	</row1>
			<row2>	0.9990 0.0000 0.0440 0.0000	</row2>
			<row3>	-1.0693 0.5322 -1.7883 1.0000	</row3>
		</transform>
	</node>
	<node>
		<identifier>	SP_YMS083_YHSC_L_1_INDEX_3	</identifier>
		<parent>	Scene Root	</parent>
		<transform>
			<row0>	0.0440 0.0000 0.9990 0.0000	</row0>
			<row1>	0.0000 1.0000 0.0000 0.0000	</row1>
			<row2>	-0.9990 0.0000 0.0440 0.0000	</row2>
			<row3>	1.0693 0.5322 -1.7883 1.0000	</row3>
		</transform>
	</node>
	<node>
		<identifier>	SP_YMS085_YHSC_S_1_INDEX_2	</identifier>
		<parent>	Scene Root	</parent>
		<transform>
			<row0>	0.0477 0.0000 -0.5159 0.0000	</row0>
			<row1>	0.0000 0.5181 0.0000 0.0000	</row1>
			<row2>	0.5159 0.0000 0.0477 0.0000	</row2>
			<row3>	-0.9160 0.3724 -4.0890 1.0000	</row3>
		</transform>
	</node>
	<node>
		<identifier>	SP_YMS085_YHSC_S_1_INDEX_3	</identifier>
		<parent>	Scene Root	</parent>
		<transform>
			<row0>	0.0477 0.0000 0.5159 0.0000	</row0>
			<row1>	0.0000 0.5181 0.0000 0.0000	</row1>
			<row2>	-0.5159 0.0000 0.0477 0.0000	</row2>
			<row3>	0.9160 0.3724 -4.0890 1.0000	</row3>
		</transform>
	</node>
	<node>
		<identifier>	SP_YMS085_YHSC_S_1_INDEX_4	</identifier>
		<parent>	Scene Root	</parent>
		<transform>
			<row0>	0.0399 0.0000 -0.5166 0.0000	</row0>
			<row1>	0.0000 0.5181 0.0000 0.0000	</row1>
			<row2>	0.5166 0.0000 0.0399 0.0000	</row2>
			<row3>	-1.0167 0.3724 -2.8322 1.0000	</row3>
		</transform>
	</node>
	<node>
		<identifier>	SP_YMS085_YHSC_S_1_INDEX_5	</identifier>
		<parent>	Scene Root	</parent>
		<transform>
			<row0>	0.0399 0.0000 0.5166 0.0000	</row0>
			<row1>	0.0000 0.5181 0.0000 0.0000	</row1>
			<row2>	-0.5166 0.0000 0.0399 0.0000	</row2>
			<row3>	1.0167 0.3724 -2.8322 1.0000	</row3>
		</transform>
	</node>
</FSB012_Gascoigne_1941_MidBack.skel_ext>
