<HSC002_Gelderland_1939_Stern.skel_ext>
	<exported>	true	</exported>
	<node>
		<identifier>	MP_CM089_Anchor	</identifier>
		<parent>	Scene Root	</parent>
		<transform>
			<row0>	-0.9013 0.0551 0.4296 0.0000	</row0>
			<row1>	0.0512 0.9985 -0.0207 0.0000	</row1>
			<row2>	-0.4301 0.0033 -0.9028 0.0000	</row2>
			<row3>	0.1375 0.3273 -2.9774 1.0000	</row3>
		</transform>
	</node>
	<node>
		<identifier>	MP_CM110_Propeller4_L	</identifier>
		<parent>	Scene Root	</parent>
		<transform>
			<row0>	0.9699 0.0001 -0.0124 0.0000	</row0>
			<row1>	0.0000 0.9700 0.0072 0.0000	</row1>
			<row2>	0.0124 -0.0072 0.9699 0.0000	</row2>
			<row3>	-0.1744 -0.2153 -2.7767 1.0000	</row3>
		</transform>
	</node>
	<node>
		<identifier>	MP_CM111_Propeller4_R	</identifier>
		<parent>	Scene Root	</parent>
		<transform>
			<row0>	0.9699 -0.0001 0.0124 0.0000	</row0>
			<row1>	0.0000 0.9700 0.0072 0.0000	</row1>
			<row2>	-0.0124 -0.0072 0.9699 0.0000	</row2>
			<row3>	0.1744 -0.2153 -2.7767 1.0000	</row3>
		</transform>
	</node>
	<node>
		<identifier>	MP_CM126_Cleat	</identifier>
		<parent>	Scene Root	</parent>
		<transform>
			<row0>	0.9963 0.0000 -0.0854 0.0000	</row0>
			<row1>	0.0000 1.0000 0.0000 0.0000	</row1>
			<row2>	0.0854 0.0000 0.9963 0.0000	</row2>
			<row3>	0.2124 0.3713 -2.2913 1.0000	</row3>
		</transform>
	</node>
	<node>
		<identifier>	MP_CM126_Cleat_INDEX_1	</identifier>
		<parent>	Scene Root	</parent>
		<transform>
			<row0>	0.9963 0.0000 0.0854 0.0000	</row0>
			<row1>	0.0000 1.0000 0.0000 0.0000	</row1>
			<row2>	-0.0854 0.0000 0.9963 0.0000	</row2>
			<row3>	-0.2138 0.3712 -2.2778 1.0000	</row3>
		</transform>
	</node>
	<node>
		<identifier>	MP_HM007_Lifebuoy	</identifier>
		<parent>	Scene Root	</parent>
		<transform>
			<row0>	0.0000 0.0000 1.0000 0.0000	</row0>
			<row1>	0.0000 1.0000 0.0000 0.0000	</row1>
			<row2>	-1.0000 0.0000 0.0000 0.0000	</row2>
			<row3>	0.0305 0.4177 -3.0963 1.0000	</row3>
		</transform>
	</node>
	<node>
		<identifier>	MP_HM521_Vlet_E_20ft_6_05m	</identifier>
		<parent>	Scene Root	</parent>
		<transform>
			<row0>	0.9894 0.0017 0.1450 0.0000	</row0>
			<row1>	-0.0086 0.9989 0.0471 0.0000	</row1>
			<row2>	-0.1447 -0.0479 0.9883 0.0000	</row2>
			<row3>	-0.3761 0.2984 -2.1952 1.0000	</row3>
		</transform>
	</node>
	<node>
		<identifier>	MP_HM521_Vlet_E_20ft_6_05m_INDEX_1	</identifier>
		<parent>	Scene Root	</parent>
		<transform>
			<row0>	0.9894 -0.0017 -0.1450 0.0000	</row0>
			<row1>	0.0086 0.9989 0.0471 0.0000	</row1>
			<row2>	0.1447 -0.0479 0.9883 0.0000	</row2>
			<row3>	0.3761 0.2984 -2.1952 1.0000	</row3>
		</transform>
	</node>
</HSC002_Gelderland_1939_Stern.skel_ext>
