<GSB301_Bismarck_41_1941_MidBack.skel_ext>
	<exported>	true	</exported>
	<node>
		<identifier>	MP_CM004_Barbette_Out	</identifier>
		<parent>	Scene Root	</parent>
		<transform>
			<row0>	1.8246 0.0000 0.0000 0.0000	</row0>
			<row1>	0.0000 0.8135 0.0000 0.0000	</row1>
			<row2>	0.0000 0.0000 1.8246 0.0000	</row2>
			<row3>	-0.9406 0.3774 -1.5337 1.0000	</row3>
		</transform>
	</node>
	<node>
		<identifier>	MP_CM004_Barbette_Out.001	</identifier>
		<parent>	Scene Root	</parent>
		<transform>
			<row0>	4.1226 0.0000 0.0000 0.0000	</row0>
			<row1>	0.0000 1.6183 0.0000 0.0000	</row1>
			<row2>	0.0000 0.0000 4.1226 0.0000	</row2>
			<row3>	0.0000 0.6194 -3.7592 1.0000	</row3>
		</transform>
	</node>
	<node>
		<identifier>	MP_CM004_Barbette_Out.002	</identifier>
		<parent>	Scene Root	</parent>
		<transform>
			<row0>	1.8246 0.0000 0.0000 0.0000	</row0>
			<row1>	0.0000 0.8135 0.0000 0.0000	</row1>
			<row2>	0.0000 0.0000 1.8246 0.0000	</row2>
			<row3>	0.9406 0.3774 -1.5337 1.0000	</row3>
		</transform>
	</node>
	<node>
		<identifier>	MP_CM004_Barbette_Out.003	</identifier>
		<parent>	Scene Root	</parent>
		<transform>
			<row0>	0.8607 0.0000 0.0000 0.0000	</row0>
			<row1>	0.0000 0.3837 0.0000 0.0000	</row1>
			<row2>	0.0000 0.0000 0.8607 0.0000	</row2>
			<row3>	0.0000 0.9914 -2.3277 1.0000	</row3>
		</transform>
	</node>
	<node>
		<identifier>	MP_CM011_Fire_Fighting_Gear	</identifier>
		<parent>	Scene Root	</parent>
		<transform>
			<row0>	0.0174 -0.0160 0.9997 0.0000	</row0>
			<row1>	0.0129 0.9998 0.0158 0.0000	</row1>
			<row2>	-0.9998 0.0126 0.0176 0.0000	</row2>
			<row3>	0.6625 0.3397 -3.5531 1.0000	</row3>
		</transform>
	</node>
	<node>
		<identifier>	MP_CM011_Fire_Fighting_Gear.001	</identifier>
		<parent>	Scene Root	</parent>
		<transform>
			<row0>	-0.0118 0.0000 -0.9999 0.0000	</row0>
			<row1>	0.0000 1.0000 0.0000 0.0000	</row1>
			<row2>	0.9999 0.0000 -0.0118 0.0000	</row2>
			<row3>	-0.8925 0.3204 -0.7873 1.0000	</row3>
		</transform>
	</node>
	<node>
		<identifier>	MP_CM011_Fire_Fighting_Gear.002	</identifier>
		<parent>	Scene Root	</parent>
		<transform>
			<row0>	0.0905 0.0000 -0.9959 0.0000	</row0>
			<row1>	0.0000 1.0000 0.0000 0.0000	</row1>
			<row2>	0.9959 0.0000 0.0905 0.0000	</row2>
			<row3>	-0.6656 0.3395 -3.5188 1.0000	</row3>
		</transform>
	</node>
	<node>
		<identifier>	MP_CM011_Fire_Fighting_Gear.003	</identifier>
		<parent>	Scene Root	</parent>
		<transform>
			<row0>	0.1022 0.0000 -0.9948 0.0000	</row0>
			<row1>	0.0000 1.0000 0.0000 0.0000	</row1>
			<row2>	0.9948 0.0000 0.1022 0.0000	</row2>
			<row3>	-0.7459 0.3317 -2.5675 1.0000	</row3>
		</transform>
	</node>
	<node>
		<identifier>	MP_CM011_Fire_Fighting_Gear.004	</identifier>
		<parent>	Scene Root	</parent>
		<transform>
			<row0>	-0.0118 0.0000 0.9999 0.0000	</row0>
			<row1>	0.0000 1.0000 0.0000 0.0000	</row1>
			<row2>	-0.9999 0.0000 -0.0118 0.0000	</row2>
			<row3>	0.8925 0.3204 -0.7873 1.0000	</row3>
		</transform>
	</node>
	<node>
		<identifier>	MP_CM014_Fuel_Oil_Hose	</identifier>
		<parent>	Scene Root	</parent>
		<transform>
			<row0>	0.0000 1.0000 0.0000 0.0000	</row0>
			<row1>	-1.0000 0.0000 0.0000 0.0000	</row1>
			<row2>	0.0000 0.0000 1.0000 0.0000	</row2>
			<row3>	0.3984 0.6378 -1.7156 1.0000	</row3>
		</transform>
	</node>
	<node>
		<identifier>	MP_CM014_Fuel_Oil_Hose.001	</identifier>
		<parent>	Scene Root	</parent>
		<transform>
			<row0>	0.0000 1.0000 0.0000 0.0000	</row0>
			<row1>	-1.0000 0.0000 0.0000 0.0000	</row1>
			<row2>	0.0000 0.0000 1.0000 0.0000	</row2>
			<row3>	-0.3984 0.6378 -1.8781 1.0000	</row3>
		</transform>
	</node>
	<node>
		<identifier>	MP_CM014_Fuel_Oil_Hose.002	</identifier>
		<parent>	Scene Root	</parent>
		<transform>
			<row0>	0.0000 1.0000 0.0000 0.0000	</row0>
			<row1>	-1.0000 0.0000 0.0000 0.0000	</row1>
			<row2>	0.0000 0.0000 1.0000 0.0000	</row2>
			<row3>	0.3984 0.6378 -1.8781 1.0000	</row3>
		</transform>
	</node>
	<node>
		<identifier>	MP_CM014_Fuel_Oil_Hose.003	</identifier>
		<parent>	Scene Root	</parent>
		<transform>
			<row0>	0.0000 1.0000 0.0000 0.0000	</row0>
			<row1>	-1.0000 0.0000 0.0000 0.0000	</row1>
			<row2>	0.0000 0.0000 1.0000 0.0000	</row2>
			<row3>	-0.3984 0.6378 -1.7156 1.0000	</row3>
		</transform>
	</node>
	<node>
		<identifier>	MP_CM056_Ships_bell	</identifier>
		<parent>	Scene Root	</parent>
		<transform>
			<row0>	0.9130 0.0000 0.0000 0.0000	</row0>
			<row1>	0.0000 0.9130 0.0000 0.0000	</row1>
			<row2>	0.0000 0.0000 0.9130 0.0000	</row2>
			<row3>	0.0000 0.9546 -0.9817 1.0000	</row3>
		</transform>
	</node>
	<node>
		<identifier>	MP_CM096_Platform	</identifier>
		<parent>	Scene Root	</parent>
		<transform>
			<row0>	0.0000 -1.0000 0.0000 0.0000	</row0>
			<row1>	-0.9954 0.0000 -0.0961 0.0000	</row1>
			<row2>	0.0961 0.0000 -0.9954 0.0000	</row2>
			<row3>	-0.8003 0.3540 -1.8524 1.0000	</row3>
		</transform>
	</node>
	<node>
		<identifier>	MP_CM096_Platform.001	</identifier>
		<parent>	Scene Root	</parent>
		<transform>
			<row0>	0.0000 -1.0000 0.0000 0.0000	</row0>
			<row1>	0.9942 0.0000 -0.1075 0.0000	</row1>
			<row2>	0.1075 0.0000 0.9942 0.0000	</row2>
			<row3>	0.8004 0.3536 -1.8483 1.0000	</row3>
		</transform>
	</node>
	<node>
		<identifier>	MP_CM096_Platform.002	</identifier>
		<parent>	Scene Root	</parent>
		<transform>
			<row0>	0.0000 0.0000 1.0000 0.0000	</row0>
			<row1>	-1.0000 0.0000 0.0000 0.0000	</row1>
			<row2>	0.0000 -1.0000 0.0000 0.0000	</row2>
			<row3>	-0.5427 0.5198 -2.3281 1.0000	</row3>
		</transform>
	</node>
	<node>
		<identifier>	MP_CM097_Stairway	</identifier>
		<parent>	Scene Root	</parent>
		<transform>
			<row0>	0.0000 0.9999 0.0132 0.0000	</row0>
			<row1>	-0.9961 0.0012 -0.0878 0.0000	</row1>
			<row2>	-0.0878 -0.0131 0.9961 0.0000	</row2>
			<row3>	-0.7828 0.3585 -2.1542 1.0000	</row3>
		</transform>
	</node>
	<node>
		<identifier>	MP_CM097_Stairway.001	</identifier>
		<parent>	Scene Root	</parent>
		<transform>
			<row0>	0.0000 -0.9999 -0.0132 0.0000	</row0>
			<row1>	0.9961 0.0012 -0.0878 0.0000	</row1>
			<row2>	0.0878 -0.0131 0.9961 0.0000	</row2>
			<row3>	0.7823 0.3586 -2.1542 1.0000	</row3>
		</transform>
	</node>
	<node>
		<identifier>	MP_GM001_Paravane	</identifier>
		<parent>	Scene Root	</parent>
		<transform>
			<row0>	0.0000 -1.0000 0.0000 0.0000	</row0>
			<row1>	-0.9968 0.0000 0.0803 0.0000	</row1>
			<row2>	-0.0803 0.0000 -0.9968 0.0000	</row2>
			<row3>	0.7122 0.3947 -3.2034 1.0000	</row3>
		</transform>
	</node>
	<node>
		<identifier>	MP_GM001_Paravane.001	</identifier>
		<parent>	Scene Root	</parent>
		<transform>
			<row0>	0.0231 -0.9992 0.0330 0.0000	</row0>
			<row1>	0.8929 0.0355 0.4488 0.0000	</row1>
			<row2>	-0.4496 0.0191 0.8930 0.0000	</row2>
			<row3>	-0.6560 0.3997 -3.6227 1.0000	</row3>
		</transform>
	</node>
	<node>
		<identifier>	MP_GM001_Paravane.002	</identifier>
		<parent>	Scene Root	</parent>
		<transform>
			<row0>	0.0000 1.0000 -0.0046 0.0000	</row0>
			<row1>	-0.9931 0.0005 0.1174 0.0000	</row1>
			<row2>	0.1174 0.0046 0.9931 0.0000	</row2>
			<row3>	0.7394 0.3984 -2.8680 1.0000	</row3>
		</transform>
	</node>
	<node>
		<identifier>	MP_GM001_Paravane.003	</identifier>
		<parent>	Scene Root	</parent>
		<transform>
			<row0>	0.0008 1.0000 0.0000 0.0000	</row0>
			<row1>	0.9968 -0.0008 0.0803 0.0000	</row1>
			<row2>	0.0803 0.0000 -0.9968 0.0000	</row2>
			<row3>	-0.7112 0.3947 -3.2120 1.0000	</row3>
		</transform>
	</node>
	<node>
		<identifier>	MP_GM004_Reels_2	</identifier>
		<parent>	Scene Root	</parent>
		<transform>
			<row0>	1.0000 0.0000 0.0000 0.0000	</row0>
			<row1>	0.0000 1.0000 0.0000 0.0000	</row1>
			<row2>	0.0000 0.0000 1.0000 0.0000	</row2>
			<row3>	-0.3497 0.3604 -4.0908 1.0000	</row3>
		</transform>
	</node>
	<node>
		<identifier>	MP_GM004_Reels_2.001	</identifier>
		<parent>	Scene Root	</parent>
		<transform>
			<row0>	-0.9996 0.0000 -0.0286 0.0000	</row0>
			<row1>	0.0000 1.0000 0.0000 0.0000	</row1>
			<row2>	0.0286 0.0000 -0.9996 0.0000	</row2>
			<row3>	0.1695 0.6563 -3.0122 1.0000	</row3>
		</transform>
	</node>
	<node>
		<identifier>	MP_GM005_Reels_3	</identifier>
		<parent>	Scene Root	</parent>
		<transform>
			<row0>	0.8660 0.0000 0.5000 0.0000	</row0>
			<row1>	0.0000 1.0000 0.0000 0.0000	</row1>
			<row2>	-0.5000 0.0000 0.8660 0.0000	</row2>
			<row3>	-0.5732 0.3505 -3.8338 1.0000	</row3>
		</transform>
	</node>
	<node>
		<identifier>	MP_GM005_Reels_3.001	</identifier>
		<parent>	Scene Root	</parent>
		<transform>
			<row0>	0.8660 0.0000 -0.5000 0.0000	</row0>
			<row1>	0.0000 1.0000 0.0000 0.0000	</row1>
			<row2>	0.5000 0.0000 0.8660 0.0000	</row2>
			<row3>	0.5732 0.3505 -3.8338 1.0000	</row3>
		</transform>
	</node>
	<node>
		<identifier>	MP_GM006_Reels_4	</identifier>
		<parent>	Scene Root	</parent>
		<transform>
			<row0>	-1.0000 0.0000 0.0000 0.0000	</row0>
			<row1>	0.0000 1.0000 0.0000 0.0000	</row1>
			<row2>	0.0000 0.0000 -1.0000 0.0000	</row2>
			<row3>	0.3550 0.3504 -4.0888 1.0000	</row3>
		</transform>
	</node>
	<node>
		<identifier>	MP_GM007_LifeBuoy	</identifier>
		<parent>	Scene Root	</parent>
		<transform>
			<row0>	1.0000 0.0000 0.0000 0.0000	</row0>
			<row1>	0.0000 1.0000 0.0000 0.0000	</row1>
			<row2>	0.0000 0.0000 1.0000 0.0000	</row2>
			<row3>	-0.5447 0.5935 -2.2939 1.0000	</row3>
		</transform>
	</node>
	<node>
		<identifier>	MP_GM007_LifeBuoy.001	</identifier>
		<parent>	Scene Root	</parent>
		<transform>
			<row0>	0.9969 0.0000 -0.0789 0.0000	</row0>
			<row1>	0.0000 1.0000 0.0000 0.0000	</row1>
			<row2>	0.0789 0.0000 0.9969 0.0000	</row2>
			<row3>	0.6874 0.4281 -3.2589 1.0000	</row3>
		</transform>
	</node>
	<node>
		<identifier>	MP_GM007_LifeBuoy.002	</identifier>
		<parent>	Scene Root	</parent>
		<transform>
			<row0>	0.9963 0.0000 -0.0865 0.0000	</row0>
			<row1>	0.0000 1.0000 0.0000 0.0000	</row1>
			<row2>	0.0865 0.0000 0.9963 0.0000	</row2>
			<row3>	0.7664 0.4265 -2.3421 1.0000	</row3>
		</transform>
	</node>
	<node>
		<identifier>	MP_GM007_LifeBuoy.003	</identifier>
		<parent>	Scene Root	</parent>
		<transform>
			<row0>	0.9960 0.0000 0.0892 0.0000	</row0>
			<row1>	0.0000 1.0000 0.0000 0.0000	</row1>
			<row2>	-0.0892 0.0000 0.9960 0.0000	</row2>
			<row3>	-0.7201 0.4298 -2.8676 1.0000	</row3>
		</transform>
	</node>
	<node>
		<identifier>	MP_GM007_LifeBuoy.004	</identifier>
		<parent>	Scene Root	</parent>
		<transform>
			<row0>	1.0000 0.0000 0.0000 0.0000	</row0>
			<row1>	0.0000 1.0000 0.0000 0.0000	</row1>
			<row2>	0.0000 0.0000 1.0000 0.0000	</row2>
			<row3>	0.5445 0.5933 -2.3385 1.0000	</row3>
		</transform>
	</node>
	<node>
		<identifier>	MP_GM007_LifeBuoy.005	</identifier>
		<parent>	Scene Root	</parent>
		<transform>
			<row0>	0.9969 0.0000 0.0789 0.0000	</row0>
			<row1>	0.0000 1.0000 0.0000 0.0000	</row1>
			<row2>	-0.0789 0.0000 0.9969 0.0000	</row2>
			<row3>	-0.6747 0.4234 -3.4077 1.0000	</row3>
		</transform>
	</node>
	<node>
		<identifier>	MP_GM008_Loudspeaker	</identifier>
		<parent>	Scene Root	</parent>
		<transform>
			<row0>	0.9973 0.0000 -0.0740 0.0000	</row0>
			<row1>	0.0000 1.0000 0.0000 0.0000	</row1>
			<row2>	0.0740 0.0000 0.9973 0.0000	</row2>
			<row3>	0.6698 0.4905 -3.4009 1.0000	</row3>
		</transform>
	</node>
	<node>
		<identifier>	MP_GM008_Loudspeaker.001	</identifier>
		<parent>	Scene Root	</parent>
		<transform>
			<row0>	-0.9973 0.0000 -0.0740 0.0000	</row0>
			<row1>	0.0000 1.0000 0.0000 0.0000	</row1>
			<row2>	0.0740 0.0000 -0.9973 0.0000	</row2>
			<row3>	-0.6698 0.4905 -3.4010 1.0000	</row3>
		</transform>
	</node>
	<node>
		<identifier>	MP_GM008_Loudspeaker.002	</identifier>
		<parent>	Scene Root	</parent>
		<transform>
			<row0>	1.0000 0.0000 0.0000 0.0000	</row0>
			<row1>	0.0000 1.0000 0.0000 0.0000	</row1>
			<row2>	0.0000 0.0000 1.0000 0.0000	</row2>
			<row3>	0.3264 0.8336 -1.6812 1.0000	</row3>
		</transform>
	</node>
	<node>
		<identifier>	MP_GM008_Loudspeaker.003	</identifier>
		<parent>	Scene Root	</parent>
		<transform>
			<row0>	-1.0000 0.0000 0.0000 0.0000	</row0>
			<row1>	0.0000 1.0000 0.0000 0.0000	</row1>
			<row2>	0.0000 0.0000 -1.0000 0.0000	</row2>
			<row3>	-0.3264 0.8336 -1.6812 1.0000	</row3>
		</transform>
	</node>
	<node>
		<identifier>	MP_GM013_Siren	</identifier>
		<parent>	Scene Root	</parent>
		<transform>
			<row0>	-0.3891 0.0000 -0.9212 0.0000	</row0>
			<row1>	0.0000 1.0000 0.0000 0.0000	</row1>
			<row2>	0.9212 0.0000 -0.3891 0.0000	</row2>
			<row3>	0.0866 0.9927 -1.7257 1.0000	</row3>
		</transform>
	</node>
	<node>
		<identifier>	MP_GM013_Siren.001	</identifier>
		<parent>	Scene Root	</parent>
		<transform>
			<row0>	-0.9900 0.0000 0.1412 0.0000	</row0>
			<row1>	0.0000 1.0000 0.0000 0.0000	</row1>
			<row2>	-0.1412 0.0000 -0.9900 0.0000	</row2>
			<row3>	0.2427 0.8539 -2.1406 1.0000	</row3>
		</transform>
	</node>
	<node>
		<identifier>	MP_GM013_Siren.002	</identifier>
		<parent>	Scene Root	</parent>
		<transform>
			<row0>	-0.1399 0.0000 0.9902 0.0000	</row0>
			<row1>	0.0000 1.0000 0.0000 0.0000	</row1>
			<row2>	-0.9902 0.0000 -0.1399 0.0000	</row2>
			<row3>	-0.0952 0.9929 -1.7010 1.0000	</row3>
		</transform>
	</node>
	<node>
		<identifier>	MP_GM013_Siren.003	</identifier>
		<parent>	Scene Root	</parent>
		<transform>
			<row0>	-0.9900 0.0000 -0.1412 0.0000	</row0>
			<row1>	0.0000 1.0000 0.0000 0.0000	</row1>
			<row2>	0.1412 0.0000 -0.9900 0.0000	</row2>
			<row3>	-0.1437 0.8471 -2.1283 1.0000	</row3>
		</transform>
	</node>
	<node>
		<identifier>	MP_GM013_Siren.004	</identifier>
		<parent>	Scene Root	</parent>
		<transform>
			<row0>	1.0000 0.0000 0.0000 0.0000	</row0>
			<row1>	0.0000 1.0000 0.0000 0.0000	</row1>
			<row2>	0.0000 0.0000 1.0000 0.0000	</row2>
			<row3>	0.0669 1.2073 -1.3667 1.0000	</row3>
		</transform>
	</node>
	<node>
		<identifier>	MP_GM014_Sleeve	</identifier>
		<parent>	Scene Root	</parent>
		<transform>
			<row0>	1.0000 0.0000 0.0000 0.0000	</row0>
			<row1>	0.0000 1.0000 0.0000 0.0000	</row1>
			<row2>	0.0000 0.0000 1.0000 0.0000	</row2>
			<row3>	0.0000 0.9332 -1.5905 1.0000	</row3>
		</transform>
	</node>
	<node>
		<identifier>	MP_GM014_Sleeve.001	</identifier>
		<parent>	Scene Root	</parent>
		<transform>
			<row0>	-1.0000 0.0000 0.0000 0.0000	</row0>
			<row1>	0.0000 1.0000 0.0000 0.0000	</row1>
			<row2>	0.0000 0.0000 -1.0000 0.0000	</row2>
			<row3>	0.3835 0.5302 -1.5871 1.0000	</row3>
		</transform>
	</node>
	<node>
		<identifier>	MP_GM014_Sleeve.002	</identifier>
		<parent>	Scene Root	</parent>
		<transform>
			<row0>	0.0000 0.0000 -1.0000 0.0000	</row0>
			<row1>	0.0000 1.0000 0.0000 0.0000	</row1>
			<row2>	1.0000 0.0000 0.0000 0.0000	</row2>
			<row3>	0.5383 0.5302 -2.2734 1.0000	</row3>
		</transform>
	</node>
	<node>
		<identifier>	MP_GM014_Sleeve.003	</identifier>
		<parent>	Scene Root	</parent>
		<transform>
			<row0>	0.0000 0.0000 1.0000 0.0000	</row0>
			<row1>	0.0000 1.0000 0.0000 0.0000	</row1>
			<row2>	-1.0000 0.0000 0.0000 0.0000	</row2>
			<row3>	-0.5384 0.5302 -2.2734 1.0000	</row3>
		</transform>
	</node>
	<node>
		<identifier>	MP_GM015_Clock	</identifier>
		<parent>	Scene Root	</parent>
		<transform>
			<row0>	-0.4281 0.0007 0.9037 0.0000	</row0>
			<row1>	0.0007 1.0000 -0.0005 0.0000	</row1>
			<row2>	-0.9037 0.0004 -0.4281 0.0000	</row2>
			<row3>	-0.6425 0.4827 -3.5948 1.0000	</row3>
		</transform>
	</node>
	<node>
		<identifier>	MP_GM015_Clock.001	</identifier>
		<parent>	Scene Root	</parent>
		<transform>
			<row0>	1.0000 0.0000 -0.0023 0.0000	</row0>
			<row1>	0.0000 1.0000 0.0000 0.0000	</row1>
			<row2>	0.0023 0.0000 1.0000 0.0000	</row2>
			<row3>	0.0000 1.0020 -1.1895 1.0000	</row3>
		</transform>
	</node>
	<node>
		<identifier>	MP_GM015_Clock.002	</identifier>
		<parent>	Scene Root	</parent>
		<transform>
			<row0>	-0.0832 0.0000 -0.9965 0.0000	</row0>
			<row1>	0.0000 1.0000 0.0000 0.0000	</row1>
			<row2>	0.9965 0.0000 -0.0832 0.0000	</row2>
			<row3>	0.7272 0.4726 -2.7185 1.0000	</row3>
		</transform>
	</node>
	<node>
		<identifier>	MP_GM016_Sleeve	</identifier>
		<parent>	Scene Root	</parent>
		<transform>
			<row0>	-0.0179 0.0000 -0.9998 0.0000	</row0>
			<row1>	0.0000 1.0000 0.0000 0.0000	</row1>
			<row2>	0.9998 0.0000 -0.0179 0.0000	</row2>
			<row3>	0.8839 0.3563 -0.8154 1.0000	</row3>
		</transform>
	</node>
	<node>
		<identifier>	MP_GM016_Sleeve.001	</identifier>
		<parent>	Scene Root	</parent>
		<transform>
			<row0>	-0.0179 0.0000 0.9998 0.0000	</row0>
			<row1>	0.0000 1.0000 0.0000 0.0000	</row1>
			<row2>	-0.9998 0.0000 -0.0179 0.0000	</row2>
			<row3>	-0.8839 0.3563 -0.8154 1.0000	</row3>
		</transform>
	</node>
	<node>
		<identifier>	MP_GM016_Sleeve.002	</identifier>
		<parent>	Scene Root	</parent>
		<transform>
			<row0>	-0.4663 0.0000 0.8846 0.0000	</row0>
			<row1>	0.0000 1.0000 0.0000 0.0000	</row1>
			<row2>	-0.8846 0.0000 -0.4663 0.0000	</row2>
			<row3>	-0.6425 0.3788 -3.5923 1.0000	</row3>
		</transform>
	</node>
	<node>
		<identifier>	MP_GM016_Sleeve.003	</identifier>
		<parent>	Scene Root	</parent>
		<transform>
			<row0>	-0.4474 0.0000 -0.8943 0.0000	</row0>
			<row1>	0.0000 1.0000 0.0000 0.0000	</row1>
			<row2>	0.8943 0.0000 -0.4474 0.0000	</row2>
			<row3>	0.6419 0.3786 -3.5933 1.0000	</row3>
		</transform>
	</node>
	<node>
		<identifier>	MP_GM016_Sleeve.004	</identifier>
		<parent>	Scene Root	</parent>
		<transform>
			<row0>	0.0016 0.0000 1.0000 0.0000	</row0>
			<row1>	0.0000 1.0000 0.0000 0.0000	</row1>
			<row2>	-1.0000 0.0000 0.0016 0.0000	</row2>
			<row3>	-0.2791 0.6919 -3.0114 1.0000	</row3>
		</transform>
	</node>
	<node>
		<identifier>	MP_GM016_Sleeve.005	</identifier>
		<parent>	Scene Root	</parent>
		<transform>
			<row0>	-0.0934 0.0000 0.9956 0.0000	</row0>
			<row1>	0.0000 1.0000 0.0000 0.0000	</row1>
			<row2>	-0.9956 0.0000 -0.0934 0.0000	</row2>
			<row3>	-0.7422 0.3725 -2.5454 1.0000	</row3>
		</transform>
	</node>
	<node>
		<identifier>	MP_GM019_Loading_machine	</identifier>
		<parent>	Scene Root	</parent>
		<transform>
			<row0>	-1.0000 0.0000 0.0000 0.0000	</row0>
			<row1>	0.0000 1.0000 0.0000 0.0000	</row1>
			<row2>	0.0000 0.0000 -1.0000 0.0000	</row2>
			<row3>	-0.1981 0.3465 -4.2261 1.0000	</row3>
		</transform>
	</node>
	<node>
		<identifier>	MP_GM020_Loading_machine_2	</identifier>
		<parent>	Scene Root	</parent>
		<transform>
			<row0>	1.0000 0.0000 0.0000 0.0000	</row0>
			<row1>	0.0000 1.0000 0.0000 0.0000	</row1>
			<row2>	0.0000 0.0000 1.0000 0.0000	</row2>
			<row3>	0.1983 0.3465 -4.2264 1.0000	</row3>
		</transform>
	</node>
	<node>
		<identifier>	MP_GM024_Night_Indicator	</identifier>
		<parent>	Scene Root	</parent>
		<transform>
			<row0>	-1.0000 0.0000 0.0000 0.0000	</row0>
			<row1>	0.0000 1.0000 0.0000 0.0000	</row1>
			<row2>	0.0000 0.0000 -1.0000 0.0000	</row2>
			<row3>	-0.0009 2.0663 -1.3250 1.0000	</row3>
		</transform>
	</node>
	<node>
		<identifier>	MP_GM501_Lauch_11m	</identifier>
		<parent>	Scene Root	</parent>
		<transform>
			<row0>	1.0000 0.0000 0.0000 0.0000	</row0>
			<row1>	0.0000 1.0000 0.0000 0.0000	</row1>
			<row2>	0.0000 0.0000 1.0000 0.0000	</row2>
			<row3>	0.4574 0.7924 -1.3303 1.0000	</row3>
		</transform>
	</node>
	<node>
		<identifier>	MP_GM501_Lauch_11m.001	</identifier>
		<parent>	Scene Root	</parent>
		<transform>
			<row0>	0.9710 0.0000 0.2393 0.0000	</row0>
			<row1>	0.0000 1.0000 0.0000 0.0000	</row1>
			<row2>	-0.2393 0.0000 0.9710 0.0000	</row2>
			<row3>	-0.2030 0.9252 -1.1686 1.0000	</row3>
		</transform>
	</node>
	<node>
		<identifier>	MP_GM501_Lauch_11m.002	</identifier>
		<parent>	Scene Root	</parent>
		<transform>
			<row0>	1.0000 0.0000 0.0000 0.0000	</row0>
			<row1>	0.0000 1.0000 0.0000 0.0000	</row1>
			<row2>	0.0000 0.0000 1.0000 0.0000	</row2>
			<row3>	-0.4574 0.7924 -1.3303 1.0000	</row3>
		</transform>
	</node>
	<node>
		<identifier>	MP_GM501_Lauch_11m.003	</identifier>
		<parent>	Scene Root	</parent>
		<transform>
			<row0>	0.9710 0.0000 -0.2393 0.0000	</row0>
			<row1>	0.0000 1.0000 0.0000 0.0000	</row1>
			<row2>	0.2393 0.0000 0.9710 0.0000	</row2>
			<row3>	0.2030 0.9252 -1.1686 1.0000	</row3>
		</transform>
	</node>
	<node>
		<identifier>	MP_GM507_Boat	</identifier>
		<parent>	Scene Root	</parent>
		<transform>
			<row0>	0.0000 0.0000 -1.0000 0.0000	</row0>
			<row1>	0.0000 1.0000 0.0000 0.0000	</row1>
			<row2>	1.0000 0.0000 0.0000 0.0000	</row2>
			<row3>	-0.2166 0.9938 -1.5287 1.0000	</row3>
		</transform>
	</node>
	<node>
		<identifier>	MP_GM507_Boat.001	</identifier>
		<parent>	Scene Root	</parent>
		<transform>
			<row0>	0.0000 0.0000 -1.0000 0.0000	</row0>
			<row1>	0.0000 1.0000 0.0000 0.0000	</row1>
			<row2>	1.0000 0.0000 0.0000 0.0000	</row2>
			<row3>	0.2166 0.9938 -1.5287 1.0000	</row3>
		</transform>
	</node>
	<node>
		<identifier>	MP_GM508_Boats	</identifier>
		<parent>	Scene Root	</parent>
		<transform>
			<row0>	1.0000 0.0000 0.0000 0.0000	</row0>
			<row1>	0.0000 1.0000 0.0000 0.0000	</row1>
			<row2>	0.0000 0.0000 1.0000 0.0000	</row2>
			<row3>	-0.2046 0.8011 -2.0498 1.0000	</row3>
		</transform>
	</node>
	<node>
		<identifier>	MP_GM508_Boats.001	</identifier>
		<parent>	Scene Root	</parent>
		<transform>
			<row0>	0.0000 0.0000 -1.0000 0.0000	</row0>
			<row1>	0.0000 1.0000 0.0000 0.0000	</row1>
			<row2>	1.0000 0.0000 0.0000 0.0000	</row2>
			<row3>	-0.2047 0.8037 -2.4330 1.0000	</row3>
		</transform>
	</node>
	<node>
		<identifier>	MP_GM508_Boats.002	</identifier>
		<parent>	Scene Root	</parent>
		<transform>
			<row0>	0.0000 0.0000 1.0000 0.0000	</row0>
			<row1>	0.0000 1.0000 0.0000 0.0000	</row1>
			<row2>	-1.0000 0.0000 0.0000 0.0000	</row2>
			<row3>	0.2047 0.8037 -2.4330 1.0000	</row3>
		</transform>
	</node>
	<node>
		<identifier>	MP_GM600_Switch_Box_1	</identifier>
		<parent>	Scene Root	</parent>
		<transform>
			<row0>	-0.2730 0.0000 -1.7299 0.0000	</row0>
			<row1>	0.0000 1.7513 0.0000 0.0000	</row1>
			<row2>	1.7299 0.0000 -0.2730 0.0000	</row2>
			<row3>	0.0953 0.9174 -1.6991 1.0000	</row3>
		</transform>
	</node>
	<node>
		<identifier>	MP_GM600_Switch_Box_1.001	</identifier>
		<parent>	Scene Root	</parent>
		<transform>
			<row0>	-1.2964 0.0000 -0.0910 0.0000	</row0>
			<row1>	0.0000 1.2996 0.0000 0.0000	</row1>
			<row2>	0.0910 0.0000 -1.2964 0.0000	</row2>
			<row3>	-0.0871 0.8433 -2.1237 1.0000	</row3>
		</transform>
	</node>
	<node>
		<identifier>	MP_GM600_Switch_Box_1.002	</identifier>
		<parent>	Scene Root	</parent>
		<transform>
			<row0>	-1.2964 0.0000 -0.0910 0.0000	</row0>
			<row1>	0.0000 1.2996 0.0000 0.0000	</row1>
			<row2>	0.0910 0.0000 -1.2964 0.0000	</row2>
			<row3>	-0.0695 0.8433 -2.1225 1.0000	</row3>
		</transform>
	</node>
	<node>
		<identifier>	MP_GM600_Switch_Box_1.003	</identifier>
		<parent>	Scene Root	</parent>
		<transform>
			<row0>	-1.2964 0.0000 -0.0910 0.0000	</row0>
			<row1>	0.0000 1.2996 0.0000 0.0000	</row1>
			<row2>	0.0910 0.0000 -1.2964 0.0000	</row2>
			<row3>	-0.0871 0.8510 -2.1237 1.0000	</row3>
		</transform>
	</node>
	<node>
		<identifier>	MP_GM600_Switch_Box_1.004	</identifier>
		<parent>	Scene Root	</parent>
		<transform>
			<row0>	-0.9924 0.0000 -0.1234 0.0000	</row0>
			<row1>	0.0000 1.0000 0.0000 0.0000	</row1>
			<row2>	0.1234 0.0000 -0.9924 0.0000	</row2>
			<row3>	-0.1545 0.8672 -2.1297 1.0000	</row3>
		</transform>
	</node>
	<node>
		<identifier>	MP_GM600_Switch_Box_1.005	</identifier>
		<parent>	Scene Root	</parent>
		<transform>
			<row0>	-0.9924 0.0000 -0.1234 0.0000	</row0>
			<row1>	0.0000 1.0000 0.0000 0.0000	</row1>
			<row2>	0.1234 0.0000 -0.9924 0.0000	</row2>
			<row3>	-0.1437 0.8672 -2.1284 1.0000	</row3>
		</transform>
	</node>
	<node>
		<identifier>	MP_GM600_Switch_Box_1.006	</identifier>
		<parent>	Scene Root	</parent>
		<transform>
			<row0>	-1.2964 0.0000 -0.0910 0.0000	</row0>
			<row1>	0.0000 1.2996 0.0000 0.0000	</row1>
			<row2>	0.0910 0.0000 -1.2964 0.0000	</row2>
			<row3>	-0.0695 0.8510 -2.1225 1.0000	</row3>
		</transform>
	</node>
	<node>
		<identifier>	MP_GM600_Switch_Box_1.007	</identifier>
		<parent>	Scene Root	</parent>
		<transform>
			<row0>	0.2069 0.0000 1.7391 0.0000	</row0>
			<row1>	0.0000 1.7513 0.0000 0.0000	</row1>
			<row2>	-1.7391 0.0000 0.2069 0.0000	</row2>
			<row3>	-0.0957 0.9174 -1.6649 1.0000	</row3>
		</transform>
	</node>
	<node>
		<identifier>	MP_GM601_Switch_Box_2	</identifier>
		<parent>	Scene Root	</parent>
		<transform>
			<row0>	0.0000 1.2221 0.0000 0.0000	</row0>
			<row1>	0.3479 0.0000 1.1716 0.0000	</row1>
			<row2>	1.1716 0.0000 -0.3479 0.0000	</row2>
			<row3>	0.0934 0.9859 -1.7071 1.0000	</row3>
		</transform>
	</node>
	<node>
		<identifier>	MP_GM601_Switch_Box_2.001	</identifier>
		<parent>	Scene Root	</parent>
		<transform>
			<row0>	-0.9967 0.0000 0.0807 0.0000	</row0>
			<row1>	0.0000 1.0000 0.0000 0.0000	</row1>
			<row2>	-0.0807 0.0000 -0.9967 0.0000	</row2>
			<row3>	0.0362 0.8576 -2.1200 1.0000	</row3>
		</transform>
	</node>
	<node>
		<identifier>	MP_GM601_Switch_Box_2.002	</identifier>
		<parent>	Scene Root	</parent>
		<transform>
			<row0>	0.0000 -1.2221 0.0000 0.0000	</row0>
			<row1>	0.0071 0.0000 1.2221 0.0000	</row1>
			<row2>	-1.2221 0.0000 0.0071 0.0000	</row2>
			<row3>	-0.0970 0.9859 -1.6815 1.0000	</row3>
		</transform>
	</node>
	<node>
		<identifier>	MP_GM601_Switch_Box_2.003	</identifier>
		<parent>	Scene Root	</parent>
		<transform>
			<row0>	-0.9911 0.0000 -0.1332 0.0000	</row0>
			<row1>	0.0000 1.0000 0.0000 0.0000	</row1>
			<row2>	0.1332 0.0000 -0.9911 0.0000	</row2>
			<row3>	-0.1693 0.8362 -2.1312 1.0000	</row3>
		</transform>
	</node>
	<node>
		<identifier>	MP_GM601_Switch_Box_2.004	</identifier>
		<parent>	Scene Root	</parent>
		<transform>
			<row0>	0.0000 0.0000 -1.0000 0.0000	</row0>
			<row1>	0.0000 1.0000 0.0000 0.0000	</row1>
			<row2>	1.0000 0.0000 0.0000 0.0000	</row2>
			<row3>	-0.2936 0.8622 -2.3079 1.0000	</row3>
		</transform>
	</node>
	<node>
		<identifier>	MP_GM601_Switch_Box_2.005	</identifier>
		<parent>	Scene Root	</parent>
		<transform>
			<row0>	-0.9921 0.0000 0.1251 0.0000	</row0>
			<row1>	0.0000 1.0000 0.0000 0.0000	</row1>
			<row2>	-0.1251 0.0000 -0.9921 0.0000	</row2>
			<row3>	0.2242 0.8373 -2.1382 1.0000	</row3>
		</transform>
	</node>
	<node>
		<identifier>	MP_GM601_Switch_Box_2.006	</identifier>
		<parent>	Scene Root	</parent>
		<transform>
			<row0>	0.0000 0.0000 1.0000 0.0000	</row0>
			<row1>	0.0000 1.0000 0.0000 0.0000	</row1>
			<row2>	-1.0000 0.0000 0.0000 0.0000	</row2>
			<row3>	0.2936 0.8622 -2.3079 1.0000	</row3>
		</transform>
	</node>
	<node>
		<identifier>	MP_GM601_Switch_Box_2.007	</identifier>
		<parent>	Scene Root	</parent>
		<transform>
			<row0>	-0.9911 0.0000 -0.1332 0.0000	</row0>
			<row1>	0.0000 1.0000 0.0000 0.0000	</row1>
			<row2>	0.1332 0.0000 -0.9911 0.0000	</row2>
			<row3>	-0.1849 0.8362 -2.1334 1.0000	</row3>
		</transform>
	</node>
	<node>
		<identifier>	MP_GM602_Switch_Box_3	</identifier>
		<parent>	Scene Root	</parent>
		<transform>
			<row0>	-0.9967 0.0000 0.0807 0.0000	</row0>
			<row1>	0.0000 1.0000 0.0000 0.0000	</row1>
			<row2>	-0.0807 0.0000 -0.9967 0.0000	</row2>
			<row3>	0.0362 0.8690 -2.1200 1.0000	</row3>
		</transform>
	</node>
	<node>
		<identifier>	MP_GM602_Switch_Box_3.001	</identifier>
		<parent>	Scene Root	</parent>
		<transform>
			<row0>	-0.3589 0.0000 1.4168 0.0000	</row0>
			<row1>	0.0000 1.4616 0.0000 0.0000	</row1>
			<row2>	-1.4168 0.0000 -0.3589 0.0000	</row2>
			<row3>	-0.0952 0.9431 -1.6918 1.0000	</row3>
		</transform>
	</node>
	<node>
		<identifier>	MP_GM602_Switch_Box_3.002	</identifier>
		<parent>	Scene Root	</parent>
		<transform>
			<row0>	0.0000 0.0000 -1.0000 0.0000	</row0>
			<row1>	0.0000 1.0000 0.0000 0.0000	</row1>
			<row2>	1.0000 0.0000 0.0000 0.0000	</row2>
			<row3>	-0.2936 0.8622 -2.2918 1.0000	</row3>
		</transform>
	</node>
	<node>
		<identifier>	MP_GM602_Switch_Box_3.003	</identifier>
		<parent>	Scene Root	</parent>
		<transform>
			<row0>	0.0000 0.0000 1.0000 0.0000	</row0>
			<row1>	0.0000 1.0000 0.0000 0.0000	</row1>
			<row2>	-1.0000 0.0000 0.0000 0.0000	</row2>
			<row3>	0.2936 0.8622 -2.2918 1.0000	</row3>
		</transform>
	</node>
	<node>
		<identifier>	MP_GM602_Switch_Box_3.004	</identifier>
		<parent>	Scene Root	</parent>
		<transform>
			<row0>	-0.5478 0.0000 -1.3550 0.0000	</row0>
			<row1>	0.0000 1.4616 0.0000 0.0000	</row1>
			<row2>	1.3550 0.0000 -0.5478 0.0000	</row2>
			<row3>	0.0896 0.9431 -1.7196 1.0000	</row3>
		</transform>
	</node>
	<node>
		<identifier>	MP_GM602_Switch_Box_3.005	</identifier>
		<parent>	Scene Root	</parent>
		<transform>
			<row0>	0.1001 0.0000 0.7567 0.0000	</row0>
			<row1>	0.0000 0.7633 0.0000 0.0000	</row1>
			<row2>	-0.7567 0.0000 0.1001 0.0000	</row2>
			<row3>	-0.0962 0.9892 -1.6699 1.0000	</row3>
		</transform>
	</node>
	<node>
		<identifier>	MP_GM602_Switch_Box_3.006	</identifier>
		<parent>	Scene Root	</parent>
		<transform>
			<row0>	-0.0975 0.0000 -0.7570 0.0000	</row0>
			<row1>	0.0000 0.7633 0.0000 0.0000	</row1>
			<row2>	0.7570 0.0000 -0.0975 0.0000	</row2>
			<row3>	0.0958 0.9892 -1.6955 1.0000	</row3>
		</transform>
	</node>
	<node>
		<identifier>	MP_GM603_Switch_Box_4	</identifier>
		<parent>	Scene Root	</parent>
		<transform>
			<row0>	0.0000 0.0000 -0.8257 0.0000	</row0>
			<row1>	0.0000 0.8257 0.0000 0.0000	</row1>
			<row2>	0.8257 0.0000 0.0000 0.0000	</row2>
			<row3>	0.0977 0.9680 -1.6811 1.0000	</row3>
		</transform>
	</node>
	<node>
		<identifier>	MP_GM603_Switch_Box_4.001	</identifier>
		<parent>	Scene Root	</parent>
		<transform>
			<row0>	0.7465 0.0000 0.0000 0.0000	</row0>
			<row1>	0.0000 0.7465 0.0000 0.0000	</row1>
			<row2>	0.0000 0.0000 0.7465 0.0000	</row2>
			<row3>	-0.5112 0.5684 -1.0103 1.0000	</row3>
		</transform>
	</node>
	<node>
		<identifier>	MP_GM603_Switch_Box_4.002	</identifier>
		<parent>	Scene Root	</parent>
		<transform>
			<row0>	0.0000 0.0000 -0.9453 0.0000	</row0>
			<row1>	0.0000 0.9453 0.0000 0.0000	</row1>
			<row2>	0.9453 0.0000 0.0000 0.0000	</row2>
			<row3>	0.3513 0.5898 -1.6033 1.0000	</row3>
		</transform>
	</node>
	<node>
		<identifier>	MP_GM603_Switch_Box_4.003	</identifier>
		<parent>	Scene Root	</parent>
		<transform>
			<row0>	0.3919 0.0000 0.7268 0.0000	</row0>
			<row1>	0.0000 0.8257 0.0000 0.0000	</row1>
			<row2>	-0.7268 0.0000 0.3919 0.0000	</row2>
			<row3>	-0.0872 0.9693 -1.6369 1.0000	</row3>
		</transform>
	</node>
	<node>
		<identifier>	MP_GM603_Switch_Box_4.004	</identifier>
		<parent>	Scene Root	</parent>
		<transform>
			<row0>	0.1605 0.0000 -0.6880 0.0000	</row0>
			<row1>	0.0000 0.7065 0.0000 0.0000	</row1>
			<row2>	0.6880 0.0000 0.1605 0.0000	</row2>
			<row3>	0.0957 0.9718 -1.6606 1.0000	</row3>
		</transform>
	</node>
	<node>
		<identifier>	MP_GM603_Switch_Box_4.005	</identifier>
		<parent>	Scene Root	</parent>
		<transform>
			<row0>	1.0000 0.0000 0.0000 0.0000	</row0>
			<row1>	0.0000 1.0000 0.0000 0.0000	</row1>
			<row2>	0.0000 0.0000 1.0000 0.0000	</row2>
			<row3>	-0.4577 0.4040 -0.6423 1.0000	</row3>
		</transform>
	</node>
	<node>
		<identifier>	MP_GM603_Switch_Box_4.006	</identifier>
		<parent>	Scene Root	</parent>
		<transform>
			<row0>	1.0000 0.0000 0.0000 0.0000	</row0>
			<row1>	0.0000 1.0000 0.0000 0.0000	</row1>
			<row2>	0.0000 0.0000 1.0000 0.0000	</row2>
			<row3>	0.4618 0.4022 -0.5228 1.0000	</row3>
		</transform>
	</node>
	<node>
		<identifier>	MP_GM603_Switch_Box_4.007	</identifier>
		<parent>	Scene Root	</parent>
		<transform>
			<row0>	0.0000 0.0000 0.9453 0.0000	</row0>
			<row1>	0.0000 0.9453 0.0000 0.0000	</row1>
			<row2>	-0.9453 0.0000 0.0000 0.0000	</row2>
			<row3>	-0.3239 0.5898 -1.7621 1.0000	</row3>
		</transform>
	</node>
	<node>
		<identifier>	MP_GM603_Switch_Box_4.008	</identifier>
		<parent>	Scene Root	</parent>
		<transform>
			<row0>	0.1925 0.0000 0.8030 0.0000	</row0>
			<row1>	0.0000 0.8257 0.0000 0.0000	</row1>
			<row2>	-0.8030 0.0000 0.1925 0.0000	</row2>
			<row3>	-0.0946 0.9693 -1.6557 1.0000	</row3>
		</transform>
	</node>
	<node>
		<identifier>	MP_GM603_Switch_Box_4.009	</identifier>
		<parent>	Scene Root	</parent>
		<transform>
			<row0>	-0.7977 0.0000 0.0570 0.0000	</row0>
			<row1>	0.0000 0.7998 0.0000 0.0000	</row1>
			<row2>	-0.0570 0.0000 -0.7977 0.0000	</row2>
			<row3>	0.0655 0.8482 -2.1221 1.0000	</row3>
		</transform>
	</node>
	<node>
		<identifier>	MP_GM603_Switch_Box_4.010	</identifier>
		<parent>	Scene Root	</parent>
		<transform>
			<row0>	0.7401 0.0000 0.0000 0.0000	</row0>
			<row1>	0.0000 0.7401 0.0000 0.0000	</row1>
			<row2>	0.0000 0.0000 0.7401 0.0000	</row2>
			<row3>	0.2205 0.8576 -2.3698 1.0000	</row3>
		</transform>
	</node>
	<node>
		<identifier>	MP_GM603_Switch_Box_4.011	</identifier>
		<parent>	Scene Root	</parent>
		<transform>
			<row0>	0.0000 0.0000 -0.9453 0.0000	</row0>
			<row1>	0.0000 0.9453 0.0000 0.0000	</row1>
			<row2>	0.9453 0.0000 0.0000 0.0000	</row2>
			<row3>	0.3239 0.5898 -1.7679 1.0000	</row3>
		</transform>
	</node>
	<node>
		<identifier>	MP_GM603_Switch_Box_4.012	</identifier>
		<parent>	Scene Root	</parent>
		<transform>
			<row0>	0.7401 0.0000 0.0000 0.0000	</row0>
			<row1>	0.0000 0.7401 0.0000 0.0000	</row1>
			<row2>	0.0000 0.0000 0.7401 0.0000	</row2>
			<row3>	-0.2205 0.8576 -2.3698 1.0000	</row3>
		</transform>
	</node>
	<node>
		<identifier>	MP_GM603_Switch_Box_4.013	</identifier>
		<parent>	Scene Root	</parent>
		<transform>
			<row0>	0.7465 0.0000 0.0000 0.0000	</row0>
			<row1>	0.0000 0.7465 0.0000 0.0000	</row1>
			<row2>	0.0000 0.0000 0.7465 0.0000	</row2>
			<row3>	-0.4473 0.5684 -1.0103 1.0000	</row3>
		</transform>
	</node>
	<node>
		<identifier>	MP_GM604_Switch_Box_5	</identifier>
		<parent>	Scene Root	</parent>
		<transform>
			<row0>	-1.1431 0.0000 -0.0974 0.0000	</row0>
			<row1>	0.0000 1.1472 0.0000 0.0000	</row1>
			<row2>	0.0974 0.0000 -1.1431 0.0000	</row2>
			<row3>	-0.1218 0.8193 -2.1261 1.0000	</row3>
		</transform>
	</node>
	<node>
		<identifier>	MP_GM605_Indicator	</identifier>
		<parent>	Scene Root	</parent>
		<transform>
			<row0>	1.0000 0.0000 -0.0096 0.0000	</row0>
			<row1>	0.0000 1.0000 0.0000 0.0000	</row1>
			<row2>	0.0096 0.0000 1.0000 0.0000	</row2>
			<row3>	-0.1588 0.8753 -2.3701 1.0000	</row3>
		</transform>
	</node>
	<node>
		<identifier>	MP_GM605_Indicator.001	</identifier>
		<parent>	Scene Root	</parent>
		<transform>
			<row0>	1.0000 0.0000 0.0096 0.0000	</row0>
			<row1>	0.0000 1.0000 0.0000 0.0000	</row1>
			<row2>	-0.0096 0.0000 1.0000 0.0000	</row2>
			<row3>	0.1588 0.8753 -2.3701 1.0000	</row3>
		</transform>
	</node>
	<node>
		<identifier>	MP_GM606_MC_Box	</identifier>
		<parent>	Scene Root	</parent>
		<transform>
			<row0>	1.0000 0.0000 0.0033 0.0000	</row0>
			<row1>	0.0000 1.0000 0.0000 0.0000	</row1>
			<row2>	-0.0033 0.0000 1.0000 0.0000	</row2>
			<row3>	-0.2550 0.8508 -2.3701 1.0000	</row3>
		</transform>
	</node>
	<node>
		<identifier>	MP_GM606_MC_Box.001	</identifier>
		<parent>	Scene Root	</parent>
		<transform>
			<row0>	0.9999 0.0000 0.0125 0.0000	</row0>
			<row1>	0.0000 1.0000 0.0000 0.0000	</row1>
			<row2>	-0.0125 0.0000 0.9999 0.0000	</row2>
			<row3>	0.2529 0.8508 -2.3694 1.0000	</row3>
		</transform>
	</node>
	<node>
		<identifier>	MP_GM607_Manometer	</identifier>
		<parent>	Scene Root	</parent>
		<transform>
			<row0>	-1.4918 0.0000 0.1208 0.0000	</row0>
			<row1>	0.0000 1.4967 0.0000 0.0000	</row1>
			<row2>	-0.1208 0.0000 -1.4918 0.0000	</row2>
			<row3>	0.0122 0.8688 -2.1186 1.0000	</row3>
		</transform>
	</node>
	<node>
		<identifier>	MP_GM608_Bell	</identifier>
		<parent>	Scene Root	</parent>
		<transform>
			<row0>	-0.9967 0.0000 0.0807 0.0000	</row0>
			<row1>	0.0000 1.0000 0.0000 0.0000	</row1>
			<row2>	-0.0807 0.0000 -0.9967 0.0000	</row2>
			<row3>	0.0358 0.8358 -2.1200 1.0000	</row3>
		</transform>
	</node>
	<node>
		<identifier>	MP_GM608_Bell.001	</identifier>
		<parent>	Scene Root	</parent>
		<transform>
			<row0>	0.0055 0.0000 1.0000 0.0000	</row0>
			<row1>	0.0000 1.0000 0.0000 0.0000	</row1>
			<row2>	-1.0000 0.0000 0.0055 0.0000	</row2>
			<row3>	0.2934 0.8478 -2.2636 1.0000	</row3>
		</transform>
	</node>
	<node>
		<identifier>	MP_GM608_Bell.002	</identifier>
		<parent>	Scene Root	</parent>
		<transform>
			<row0>	0.0055 0.0000 -1.0000 0.0000	</row0>
			<row1>	0.0000 1.0000 0.0000 0.0000	</row1>
			<row2>	1.0000 0.0000 0.0055 0.0000	</row2>
			<row3>	-0.2934 0.8478 -2.2582 1.0000	</row3>
		</transform>
	</node>
	<node>
		<identifier>	MP_GM612_Target_Giver	</identifier>
		<parent>	Scene Root	</parent>
		<transform>
			<row0>	0.0000 0.0000 1.0000 0.0000	</row0>
			<row1>	0.0000 1.0000 0.0000 0.0000	</row1>
			<row2>	-1.0000 0.0000 0.0000 0.0000	</row2>
			<row3>	-0.2829 0.8198 -2.1952 1.0000	</row3>
		</transform>
	</node>
	<node>
		<identifier>	MP_GM612_Target_Giver.001	</identifier>
		<parent>	Scene Root	</parent>
		<transform>
			<row0>	0.0000 0.0000 -1.0000 0.0000	</row0>
			<row1>	0.0000 1.0000 0.0000 0.0000	</row1>
			<row2>	1.0000 0.0000 0.0000 0.0000	</row2>
			<row3>	0.2829 0.8198 -2.1952 1.0000	</row3>
		</transform>
	</node>
	<node>
		<identifier>	MP_GM700_AmmoBox	</identifier>
		<parent>	Scene Root	</parent>
		<transform>
			<row0>	0.8147 0.0000 0.5799 0.0000	</row0>
			<row1>	0.0000 1.0000 0.0000 0.0000	</row1>
			<row2>	-0.5799 0.0000 0.8147 0.0000	</row2>
			<row3>	0.3297 0.6533 -2.9677 1.0000	</row3>
		</transform>
	</node>
	<node>
		<identifier>	MP_GM700_AmmoBox.001	</identifier>
		<parent>	Scene Root	</parent>
		<transform>
			<row0>	0.0042 0.0000 -1.0000 0.0000	</row0>
			<row1>	0.0000 1.0000 0.0000 0.0000	</row1>
			<row2>	1.0000 0.0000 0.0042 0.0000	</row2>
			<row3>	-0.5652 0.4963 -2.7338 1.0000	</row3>
		</transform>
	</node>
	<node>
		<identifier>	MP_GM700_AmmoBox.002	</identifier>
		<parent>	Scene Root	</parent>
		<transform>
			<row0>	0.0042 0.0000 -1.0000 0.0000	</row0>
			<row1>	0.0000 1.0000 0.0000 0.0000	</row1>
			<row2>	1.0000 0.0000 0.0042 0.0000	</row2>
			<row3>	-0.5654 0.4963 -2.6604 1.0000	</row3>
		</transform>
	</node>
	<node>
		<identifier>	MP_GM700_AmmoBox.003	</identifier>
		<parent>	Scene Root	</parent>
		<transform>
			<row0>	0.8147 0.0000 -0.5799 0.0000	</row0>
			<row1>	0.0000 1.0000 0.0000 0.0000	</row1>
			<row2>	0.5799 0.0000 0.8147 0.0000	</row2>
			<row3>	-0.4513 0.6523 -2.8794 1.0000	</row3>
		</transform>
	</node>
	<node>
		<identifier>	MP_GM700_AmmoBox.004	</identifier>
		<parent>	Scene Root	</parent>
		<transform>
			<row0>	0.0042 0.0000 -1.0000 0.0000	</row0>
			<row1>	0.0000 1.0000 0.0000 0.0000	</row1>
			<row2>	1.0000 0.0000 0.0042 0.0000	</row2>
			<row3>	-0.3900 0.6533 -2.1118 1.0000	</row3>
		</transform>
	</node>
	<node>
		<identifier>	MP_GM700_AmmoBox.005	</identifier>
		<parent>	Scene Root	</parent>
		<transform>
			<row0>	0.8147 0.0000 -0.5799 0.0000	</row0>
			<row1>	0.0000 1.0000 0.0000 0.0000	</row1>
			<row2>	0.5799 0.0000 0.8147 0.0000	</row2>
			<row3>	-0.3297 0.6533 -2.9677 1.0000	</row3>
		</transform>
	</node>
	<node>
		<identifier>	MP_GM700_AmmoBox.006	</identifier>
		<parent>	Scene Root	</parent>
		<transform>
			<row0>	0.0042 0.0000 1.0000 0.0000	</row0>
			<row1>	0.0000 1.0000 0.0000 0.0000	</row1>
			<row2>	-1.0000 0.0000 0.0042 0.0000	</row2>
			<row3>	0.3900 0.6533 -2.1118 1.0000	</row3>
		</transform>
	</node>
	<node>
		<identifier>	MP_GM700_AmmoBox.007	</identifier>
		<parent>	Scene Root	</parent>
		<transform>
			<row0>	0.0042 0.0000 1.0000 0.0000	</row0>
			<row1>	0.0000 1.0000 0.0000 0.0000	</row1>
			<row2>	-1.0000 0.0000 0.0042 0.0000	</row2>
			<row3>	0.5654 0.4963 -2.6604 1.0000	</row3>
		</transform>
	</node>
	<node>
		<identifier>	MP_GM700_AmmoBox.008	</identifier>
		<parent>	Scene Root	</parent>
		<transform>
			<row0>	0.8147 0.0000 0.5799 0.0000	</row0>
			<row1>	0.0000 1.0000 0.0000 0.0000	</row1>
			<row2>	-0.5799 0.0000 0.8147 0.0000	</row2>
			<row3>	0.3906 0.6523 -2.9237 1.0000	</row3>
		</transform>
	</node>
	<node>
		<identifier>	MP_GM700_AmmoBox.009	</identifier>
		<parent>	Scene Root	</parent>
		<transform>
			<row0>	0.0042 0.0000 1.0000 0.0000	</row0>
			<row1>	0.0000 1.0000 0.0000 0.0000	</row1>
			<row2>	-1.0000 0.0000 0.0042 0.0000	</row2>
			<row3>	0.5647 0.4963 -2.8074 1.0000	</row3>
		</transform>
	</node>
	<node>
