<RSC028_Oleg_1905_Bow.skel_ext>
	<exported>	true	</exported>
	<node>
		<identifier>	MP_CM011_Fire_Fighting_Gear	</identifier>
		<parent>	Scene Root	</parent>
		<transform>
			<row0>	0.0000 0.0000 1.0000 0.0000	</row0>
			<row1>	0.0000 1.0000 0.0000 0.0000	</row1>
			<row2>	-1.0000 0.0000 0.0000 0.0000	</row2>
			<row3>	0.0519 0.4529 3.0825 1.0000	</row3>
		</transform>
	</node>
	<node>
		<identifier>	MP_CM126_Cleat	</identifier>
		<parent>	Scene Root	</parent>
		<transform>
			<row0>	0.9762 -0.0301 0.2146 0.0000	</row0>
			<row1>	0.0363 0.9990 -0.0251 0.0000	</row1>
			<row2>	-0.2136 0.0323 0.9764 0.0000	</row2>
			<row3>	0.2420 0.4602 3.4724 1.0000	</row3>
		</transform>
	</node>
	<node>
		<identifier>	MP_CM126_Cleat_INDEX_1	</identifier>
		<parent>	Scene Root	</parent>
		<transform>
			<row0>	0.9762 0.0301 -0.2146 0.0000	</row0>
			<row1>	-0.0363 0.9990 -0.0251 0.0000	</row1>
			<row2>	0.2136 0.0323 0.9764 0.0000	</row2>
			<row3>	-0.2420 0.4602 3.4724 1.0000	</row3>
		</transform>
	</node>
	<node>
		<identifier>	MP_RM028_Signal_Lamp	</identifier>
		<parent>	Scene Root	</parent>
		<transform>
			<row0>	0.0130 0.0134 0.9998 0.0000	</row0>
			<row1>	0.0000 0.9999 -0.0134 0.0000	</row1>
			<row2>	-0.9999 0.0002 0.0130 0.0000	</row2>
			<row3>	0.0000 0.7774 4.1644 1.0000	</row3>
		</transform>
	</node>
	<node>
		<identifier>	MP_RM214_Life_Buoy	</identifier>
		<parent>	Scene Root	</parent>
		<transform>
			<row0>	0.0130 0.0000 0.9999 0.0000	</row0>
			<row1>	0.0000 1.0000 0.0000 0.0000	</row1>
			<row2>	-0.9999 0.0000 0.0130 0.0000	</row2>
			<row3>	0.3277 0.5132 3.0679 1.0000	</row3>
		</transform>
	</node>
	<node>
		<identifier>	MP_RM214_Life_Buoy_INDEX_1	</identifier>
		<parent>	Scene Root	</parent>
		<transform>
			<row0>	0.0130 0.0000 -0.9999 0.0000	</row0>
			<row1>	0.0000 1.0000 0.0000 0.0000	</row1>
			<row2>	0.9999 0.0000 0.0130 0.0000	</row2>
			<row3>	-0.3277 0.5132 3.0679 1.0000	</row3>
		</transform>
	</node>
	<node>
		<identifier>	MP_RM219_Fairlead	</identifier>
		<parent>	Scene Root	</parent>
		<transform>
			<row0>	0.9660 -0.0002 0.2585 0.0000	</row0>
			<row1>	0.0101 0.9993 -0.0367 0.0000	</row1>
			<row2>	-0.2583 0.0381 0.9653 0.0000	</row2>
			<row3>	0.2880 0.4601 3.4149 1.0000	</row3>
		</transform>
	</node>
	<node>
		<identifier>	MP_RM219_Fairlead_INDEX_1	</identifier>
		<parent>	Scene Root	</parent>
		<transform>
			<row0>	0.9660 0.0002 -0.2585 0.0000	</row0>
			<row1>	-0.0101 0.9993 -0.0367 0.0000	</row1>
			<row2>	0.2583 0.0381 0.9653 0.0000	</row2>
			<row3>	-0.2880 0.4601 3.4149 1.0000	</row3>
		</transform>
	</node>
	<node>
		<identifier>	MP_RM255_Break_Handwheel	</identifier>
		<parent>	Scene Root	</parent>
		<transform>
			<row0>	1.0000 0.0000 0.0000 0.0000	</row0>
			<row1>	0.0000 1.0000 0.0000 0.0000	</row1>
			<row2>	0.0000 0.0000 1.0000 0.0000	</row2>
			<row3>	0.0000 0.4584 3.2574 1.0000	</row3>
		</transform>
	</node>
	<node>
		<identifier>	MP_RM273_Fire_Hose_Rack_box	</identifier>
		<parent>	Scene Root	</parent>
		<transform>
			<row0>	0.6011 -0.0095 0.7991 0.0000	</row0>
			<row1>	-0.1566 0.9791 0.1295 0.0000	</row1>
			<row2>	-0.7837 -0.2030 0.5871 0.0000	</row2>
			<row3>	-0.1752 0.4705 2.9833 1.0000	</row3>
		</transform>
	</node>
	<node>
		<identifier>	MP_RM273_Fire_Hose_Rack_box_INDEX_1	</identifier>
		<parent>	Scene Root	</parent>
		<transform>
			<row0>	0.6011 0.0095 -0.7991 0.0000	</row0>
			<row1>	0.1566 0.9791 0.1295 0.0000	</row1>
			<row2>	0.7837 -0.2030 0.5871 0.0000	</row2>
			<row3>	0.1752 0.4705 2.9833 1.0000	</row3>
		</transform>
	</node>
	<node>
		<identifier>	MP_RM322_Figurehead	</identifier>
		<parent>	Scene Root	</parent>
		<transform>
			<row0>	0.8033 0.0000 0.0000 0.0000	</row0>
			<row1>	0.0000 0.8026 0.0322 0.0000	</row1>
			<row2>	0.0000 -0.0322 0.8026 0.0000	</row2>
			<row3>	0.0000 0.3882 4.1673 1.0000	</row3>
		</transform>
	</node>
</RSC028_Oleg_1905_Bow.skel_ext>
