<GSB043_Preussen_1945_MidBack_ep.skel_ext>
	<exported>	false	</exported>
	<node>
		<identifier>	EP_Fire_3	</identifier>
		<parent>	Scene Root	</parent>
		<transform>
			<row0>	0.9958 0.0000 0.0916 0.0000	</row0>
			<row1>	0.0000 1.0000 0.0000 0.0000	</row1>
			<row2>	-0.0916 0.0000 0.9958 0.0000	</row2>
			<row3>	0.0000 0.8876 -2.6154 1.0000	</row3>
		</transform>
	</node>
	<node>
		<identifier>	EP_Fire_3_side_1	</identifier>
		<parent>	Scene Root	</parent>
		<transform>
			<row0>	0.8232 0.0000 0.5678 0.0000	</row0>
			<row1>	0.0000 1.0000 0.0000 0.0000	</row1>
			<row2>	-0.5678 0.0000 0.8232 0.0000	</row2>
			<row3>	1.2683 0.3839 -1.2220 1.0000	</row3>
		</transform>
	</node>
	<node>
		<identifier>	EP_Fire_3_side_2	</identifier>
		<parent>	Scene Root	</parent>
		<transform>
			<row0>	0.6800 0.0000 -0.7332 0.0000	</row0>
			<row1>	0.0000 1.0000 0.0000 0.0000	</row1>
			<row2>	0.7332 0.0000 0.6800 0.0000	</row2>
			<row3>	-1.1017 0.3740 -4.0526 1.0000	</row3>
		</transform>
	</node>
	<node>
		<identifier>	EP_Fire_5	</identifier>
		<parent>	Scene Root	</parent>
		<transform>
			<row0>	0.9552 0.0000 0.2958 0.0000	</row0>
			<row1>	0.0000 1.0000 0.0000 0.0000	</row1>
			<row2>	-0.2958 0.0000 0.9552 0.0000	</row2>
			<row3>	0.1759 0.5281 -1.1600 1.0000	</row3>
		</transform>
	</node>
	<node>
		<identifier>	EP_Fire_5_1	</identifier>
		<parent>	Scene Root	</parent>
		<transform>
			<row0>	0.9325 0.0000 -0.3612 0.0000	</row0>
			<row1>	0.0000 1.0000 0.0000 0.0000	</row1>
			<row2>	0.3612 0.0000 0.9325 0.0000	</row2>
			<row3>	-0.1544 0.8592 -2.2980 1.0000	</row3>
		</transform>
	</node>
	<node>
		<identifier>	EP_FloodLight_left_1	</identifier>
		<parent>	Scene Root	</parent>
		<transform>
			<row0>	-1.0000 0.0003 0.0000 0.0000	</row0>
			<row1>	0.0003 1.0000 0.0000 0.0000	</row1>
			<row2>	0.0000 0.0000 -1.0000 0.0000	</row2>
			<row3>	-0.8686 0.4988 -2.8846 1.0000	</row3>
		</transform>
	</node>
	<node>
		<identifier>	EP_FloodLight_right_1	</identifier>
		<parent>	Scene Root	</parent>
		<transform>
			<row0>	1.0000 0.0000 0.0000 0.0000	</row0>
			<row1>	0.0000 1.0000 0.0000 0.0000	</row1>
			<row2>	0.0000 0.0000 1.0000 0.0000	</row2>
			<row3>	0.8693 0.5007 -2.8856 1.0000	</row3>
		</transform>
	</node>
	<node>
		<identifier>	EP_Flood_steam_3	</identifier>
		<parent>	Scene Root	</parent>
		<transform>
			<row0>	0.4439 -0.8961 0.0000 0.0000	</row0>
			<row1>	0.8961 0.4439 0.0000 0.0000	</row1>
			<row2>	0.0000 0.0000 1.0000 0.0000	</row2>
			<row3>	0.1548 1.7247 -1.7743 1.0000	</row3>
		</transform>
	</node>
	<node>
		<identifier>	EP_Flood_steam_4	</identifier>
		<parent>	Scene Root	</parent>
		<transform>
			<row0>	0.4439 0.8961 0.0000 0.0000	</row0>
			<row1>	-0.8961 0.4439 0.0000 0.0000	</row1>
			<row2>	0.0000 0.0000 1.0000 0.0000	</row2>
			<row3>	-0.1559 1.7247 -1.7742 1.0000	</row3>
		</transform>
	</node>
	<node>
		<identifier>	EP_Flood_water_left_2	</identifier>
		<parent>	Scene Root	</parent>
		<transform>
			<row0>	-0.9987 0.0000 -0.0523 0.0000	</row0>
			<row1>	0.0000 1.0000 0.0000 0.0000	</row1>
			<row2>	0.0523 0.0000 -0.9987 0.0000	</row2>
			<row3>	-1.2835 0.0494 -3.2309 1.0000	</row3>
		</transform>
	</node>
	<node>
		<identifier>	EP_Flood_water_left_3	</identifier>
		<parent>	Scene Root	</parent>
		<transform>
			<row0>	-0.9777 0.0000 -0.2099 0.0000	</row0>
			<row1>	0.0000 1.0000 0.0000 0.0000	</row1>
			<row2>	0.2099 0.0000 -0.9777 0.0000	</row2>
			<row3>	-1.1464 0.0482 -4.9935 1.0000	</row3>
		</transform>
	</node>
	<node>
		<identifier>	EP_Flood_water_right_2	</identifier>
		<parent>	Scene Root	</parent>
		<transform>
			<row0>	0.9988 0.0000 -0.0480 0.0000	</row0>
			<row1>	0.0000 1.0000 0.0000 0.0000	</row1>
			<row2>	0.0480 0.0000 0.9988 0.0000	</row2>
			<row3>	1.2827 0.0485 -3.2314 1.0000	</row3>
		</transform>
	</node>
	<node>
		<identifier>	EP_Flood_water_right_3	</identifier>
		<parent>	Scene Root	</parent>
		<transform>
			<row0>	0.9749 0.0000 -0.2228 0.0000	</row0>
			<row1>	0.0000 1.0000 0.0000 0.0000	</row1>
			<row2>	0.2228 0.0000 0.9749 0.0000	</row2>
			<row3>	1.1479 0.0473 -4.9926 1.0000	</row3>
		</transform>
	</node>
	<node>
		<identifier>	EP_RepairLight_left_2	</identifier>
		<parent>	Scene Root	</parent>
		<transform>
			<row0>	-0.1007 0.0000 0.9949 0.0000	</row0>
			<row1>	-0.0657 0.9978 -0.0066 0.0000	</row1>
			<row2>	-0.9927 -0.0660 -0.1005 0.0000	</row2>
			<row3>	-1.1117 0.3714 -5.6504 1.0000	</row3>
		</transform>
	</node>
	<node>
		<identifier>	EP_RepairLight_right_2	</identifier>
		<parent>	Scene Root	</parent>
		<transform>
			<row0>	-0.1007 0.0000 -0.9949 0.0000	</row0>
			<row1>	0.0007 1.0000 0.0000 0.0000	</row1>
			<row2>	0.9949 -0.0007 -0.1007 0.0000	</row2>
			<row3>	1.1770 0.3770 -5.0070 1.0000	</row3>
		</transform>
	</node>
	<node>
		<identifier>	EP_Smoke_2	</identifier>
		<parent>	Scene Root	</parent>
		<transform>
			<row0>	0.9987 0.0514 0.0000 0.0000	</row0>
			<row1>	-0.0514 0.9987 0.0000 0.0000	</row1>
			<row2>	0.0000 0.0000 1.0000 0.0000	</row2>
			<row3>	0.0000 1.6766 -1.7496 1.0000	</row3>
		</transform>
	</node>
</GSB043_Preussen_1945_MidBack_ep.skel_ext>
