<VGM2013_15in42_MK1.skel_ext>
	<exported>	true	</exported>
	<node>
		<identifier>	MP_VM5043_Gun_Deck	</identifier>
		<parent>	Rotate_Y	</parent>
		<transform>
			<row0>	1.0000 0.0000 0.0000 0.0000	</row0>
			<row1>	0.0000 1.0000 0.0000 0.0000	</row1>
			<row2>	0.0000 0.0000 1.0000 0.0000	</row2>
			<row3>	0.0000 -0.0061 0.0000 1.0000	</row3>
		</transform>
	</node>
	<node>
		<identifier>	MP_VM536_Liferaft_type_20_10ft	</identifier>
		<parent>	Rotate_Y	</parent>
		<transform>
			<row0>	-0.9841 0.1161 0.1344 0.0000	</row0>
			<row1>	0.1307 0.9858 0.1052 0.0000	</row1>
			<row2>	-0.1203 0.1211 -0.9853 0.0000	</row2>
			<row3>	0.1656 0.1656 -0.1618 1.0000	</row3>
		</transform>
	</node>
	<node>
		<identifier>	MP_VM536_Liferaft_type_20_10ft_INDEX_1	</identifier>
		<parent>	Rotate_Y	</parent>
		<transform>
			<row0>	0.0202 0.1082 -0.9939 0.0000	</row0>
			<row1>	0.1209 0.9866 0.1099 0.0000	</row1>
			<row2>	0.9925 -0.1224 0.0069 0.0000	</row2>
			<row3>	0.1573 0.1487 0.0592 1.0000	</row3>
		</transform>
	</node>
	<node>
		<identifier>	MP_VM536_Liferaft_type_20_10ft_INDEX_2	</identifier>
		<parent>	Rotate_Y	</parent>
		<transform>
			<row0>	0.0202 -0.1082 0.9939 0.0000	</row0>
			<row1>	-0.1209 0.9866 0.1099 0.0000	</row1>
			<row2>	-0.9925 -0.1224 0.0069 0.0000	</row2>
			<row3>	-0.1570 0.1487 0.0588 1.0000	</row3>
		</transform>
	</node>
	<node>
		<identifier>	MP_VM536_Liferaft_type_20_10ft_INDEX_3	</identifier>
		<parent>	Rotate_Y	</parent>
		<transform>
			<row0>	-0.9841 -0.1161 -0.1344 0.0000	</row0>
			<row1>	-0.1307 0.9858 0.1052 0.0000	</row1>
			<row2>	0.1203 0.1211 -0.9853 0.0000	</row2>
			<row3>	-0.1657 0.1656 -0.1619 1.0000	</row3>
		</transform>
	</node>
	<node>
		<identifier>	MP_VM536_Liferaft_type_20_10ft_INDEX_4	</identifier>
		<parent>	Rotate_Y	</parent>
		<transform>
			<row0>	-0.9844 0.1139 0.1341 0.0000	</row0>
			<row1>	0.1282 0.9863 0.1034 0.0000	</row1>
			<row2>	-0.1205 0.1190 -0.9856 0.0000	</row2>
			<row3>	0.1520 0.1917 -0.1570 1.0000	</row3>
		</transform>
	</node>
	<node>
		<identifier>	MP_VM536_Liferaft_type_20_10ft_INDEX_5	</identifier>
		<parent>	Rotate_Y	</parent>
		<transform>
			<row0>	-0.9844 -0.1139 -0.1341 0.0000	</row0>
			<row1>	-0.1282 0.9863 0.1034 0.0000	</row1>
			<row2>	0.1205 0.1190 -0.9856 0.0000	</row2>
			<row3>	-0.1488 0.1675 -0.1596 1.0000	</row3>
		</transform>
	</node>
	<node>
		<identifier>	MP_VM536_Liferaft_type_20_10ft_INDEX_6	</identifier>
		<parent>	Rotate_Y	</parent>
		<transform>
			<row0>	-0.9844 -0.1139 -0.1341 0.0000	</row0>
			<row1>	-0.1282 0.9863 0.1034 0.0000	</row1>
			<row2>	0.1205 0.1190 -0.9856 0.0000	</row2>
			<row3>	-0.1520 0.1917 -0.1570 1.0000	</row3>
		</transform>
	</node>
	<node>
		<identifier>	MP_VM536_Liferaft_type_20_10ft_INDEX_7	</identifier>
		<parent>	Rotate_Y	</parent>
		<transform>
			<row0>	-0.9844 0.1139 0.1341 0.0000	</row0>
			<row1>	0.1282 0.9863 0.1034 0.0000	</row1>
			<row2>	-0.1205 0.1190 -0.9856 0.0000	</row2>
			<row3>	0.1488 0.1675 -0.1596 1.0000	</row3>
		</transform>
	</node>
	<node>
		<identifier>	SP_YMS101_YGCS_M_1_INDEX_1	</identifier>
		<parent>	Rotate_Y	</parent>
		<transform>
			<row0>	1.1587 0.0000 0.0000 0.0000	</row0>
			<row1>	0.0000 1.0985 -0.0117 0.0000	</row1>
			<row2>	0.0000 0.0071 0.6680 0.0000	</row2>
			<row3>	-0.0843 0.0032 0.3066 1.0000	</row3>
		</transform>
	</node>
	<node>
		<identifier>	SP_YMS101_YGCS_M_1_INDEX_3	</identifier>
		<parent>	Rotate_Y	</parent>
		<transform>
			<row0>	1.1587 0.0000 0.0000 0.0000	</row0>
			<row1>	0.0000 1.0985 -0.0117 0.0000	</row1>
			<row2>	0.0000 0.0071 0.6680 0.0000	</row2>
			<row3>	0.0843 0.0032 0.3066 1.0000	</row3>
		</transform>
	</node>
	<node>
		<identifier>	SP_YMS102_YGFL_M_1_INDEX_1	</identifier>
		<parent>	Rotate_Y	</parent>
		<transform>
			<row0>	0.9180 0.0000 0.0000 0.0000	</row0>
			<row1>	0.0000 0.9180 0.0000 0.0000	</row1>
			<row2>	0.0000 0.0000 0.9180 0.0000	</row2>
			<row3>	0.1961 0.2357 -0.3275 1.0000	</row3>
		</transform>
	</node>
	<node>
		<identifier>	SP_YMS103_YGFR_M_1_INDEX_1	</identifier>
		<parent>	Rotate_Y	</parent>
		<transform>
			<row0>	0.9180 0.0000 0.0000 0.0000	</row0>
			<row1>	0.0000 0.9180 0.0000 0.0000	</row1>
			<row2>	0.0000 0.0000 0.9180 0.0000	</row2>
			<row3>	-0.1961 0.2357 -0.3275 1.0000	</row3>
		</transform>
	</node>
	<node>
		<identifier>	SP_YMS104_YGRS_M_1_INDEX_1	</identifier>
		<parent>	Roll_Back1	</parent>
		<transform>
			<row0>	1.1466 0.0000 0.0000 0.0000	</row0>
			<row1>	0.0000 1.1466 0.0000 0.0000	</row1>
			<row2>	0.0000 0.0000 1.1466 0.0000	</row2>
			<row3>	-0.0843 0.0000 0.0000 1.0000	</row3>
		</transform>
	</node>
	<node>
		<identifier>	SP_YMS104_YGRS_M_1_INDEX_3	</identifier>
		<parent>	Roll_Back1	</parent>
		<transform>
			<row0>	1.1099 0.0000 0.0000 0.0000	</row0>
			<row1>	0.0000 1.1099 0.0000 0.0000	</row1>
			<row2>	0.0000 0.0000 1.1099 0.0000	</row2>
			<row3>	0.0843 0.0000 0.0000 1.0000	</row3>
		</transform>
	</node>
	<node>
		<identifier>	SP_YMS105_YGLC_M_1_INDEX_1	</identifier>
		<parent>	Rotate_Y	</parent>
		<transform>
			<row0>	0.3439 0.0000 0.0000 0.0000	</row0>
			<row1>	0.0000 0.3439 0.0000 0.0000	</row1>
			<row2>	0.0000 0.0000 0.3439 0.0000	</row2>
			<row3>	0.0000 0.2383 -0.3499 1.0000	</row3>
		</transform>
	</node>
	<node>
		<identifier>	SP_YMS106_YGLL_M_1_INDEX_1	</identifier>
		<parent>	Rotate_Y	</parent>
		<transform>
			<row0>	1.0287 -0.3376 0.1570 0.0000	</row0>
			<row1>	0.3321 1.0406 0.0611 0.0000	</row1>
			<row2>	-0.1682 -0.0097 1.0810 0.0000	</row2>
			<row3>	-0.2452 0.0714 -0.2681 1.0000	</row3>
		</transform>
	</node>
	<node>
		<identifier>	SP_YMS107_YGLR_M_1_INDEX_1	</identifier>
		<parent>	Rotate_Y	</parent>
		<transform>
			<row0>	1.0287 0.3376 -0.1570 0.0000	</row0>
			<row1>	-0.3321 1.0406 0.0611 0.0000	</row1>
			<row2>	0.1682 -0.0097 1.0810 0.0000	</row2>
			<row3>	0.2452 0.0714 -0.2681 1.0000	</row3>
		</transform>
	</node>
</VGM2013_15in42_MK1.skel_ext>
