<GSS006_U4501_1945_MidFront_ep.skel_ext>
	<exported>	false	</exported>
	<node>
		<identifier>	EP_Descent_3	</identifier>
		<parent>	Scene Root	</parent>
		<transform>
			<row0>	-0.3153 0.9490 0.0000 0.0000	</row0>
			<row1>	-0.9490 -0.3153 0.0000 0.0000	</row1>
			<row2>	0.0000 0.0000 1.0000 0.0000	</row2>
			<row3>	-0.1386 -0.2985 0.2171 1.0000	</row3>
		</transform>
	</node>
	<node>
		<identifier>	EP_Fire_1	</identifier>
		<parent>	Scene Root	</parent>
		<transform>
			<row0>	1.0000 0.0000 0.0000 0.0000	</row0>
			<row1>	0.0000 1.0000 0.0000 0.0000	</row1>
			<row2>	0.0000 0.0000 1.0000 0.0000	</row2>
			<row3>	0.0000 0.2883 0.2165 1.0000	</row3>
		</transform>
	</node>
	<node>
		<identifier>	EP_Flood_steam_1	</identifier>
		<parent>	Scene Root	</parent>
		<transform>
			<row0>	1.0000 0.0000 0.0000 0.0000	</row0>
			<row1>	0.0000 1.0000 0.0000 0.0000	</row1>
			<row2>	0.0000 0.0000 1.0000 0.0000	</row2>
			<row3>	-0.0078 0.1120 0.7496 1.0000	</row3>
		</transform>
	</node>
	<node>
		<identifier>	EP_RepairLight_left	</identifier>
		<parent>	Scene Root	</parent>
		<transform>
			<row0>	0.2066 0.0000 0.9784 0.0000	</row0>
			<row1>	0.1543 0.9875 -0.0326 0.0000	</row1>
			<row2>	-0.9662 0.1577 0.2040 0.0000	</row2>
			<row3>	-0.0601 0.2857 0.2633 1.0000	</row3>
		</transform>
	</node>
	<node>
		<identifier>	EP_Runoff_left_1	</identifier>
		<parent>	Scene Root	</parent>
		<transform>
			<row0>	-0.7419 0.6691 0.0442 0.0000	</row0>
			<row1>	0.6692 0.7429 -0.0132 0.0000	</row1>
			<row2>	-0.0416 0.0199 -0.9989 0.0000	</row2>
			<row3>	-0.0613 0.1018 0.6429 1.0000	</row3>
		</transform>
	</node>
	<node>
		<identifier>	EP_Runoff_right_1	</identifier>
		<parent>	Scene Root	</parent>
		<transform>
			<row0>	0.7420 0.6691 0.0418 0.0000	</row0>
			<row1>	-0.6693 0.7429 -0.0109 0.0000	</row1>
			<row2>	-0.0384 -0.0199 0.9991 0.0000	</row2>
			<row3>	0.0610 0.1019 0.6427 1.0000	</row3>
		</transform>
	</node>
	<node>
		<identifier>	EP_Runoff_up_left_1	</identifier>
		<parent>	Scene Root	</parent>
		<transform>
			<row0>	-0.9993 0.0355 0.0109 0.0000	</row0>
			<row1>	0.0354 0.9993 -0.0135 0.0000	</row1>
			<row2>	-0.0114 -0.0131 -0.9998 0.0000	</row2>
			<row3>	-0.0650 0.1170 0.3188 1.0000	</row3>
		</transform>
	</node>
	<node>
		<identifier>	EP_Runoff_up_left_2	</identifier>
		<parent>	Scene Root	</parent>
		<transform>
			<row0>	-0.9995 -0.0011 0.0317 0.0000	</row0>
			<row1>	-0.0003 0.9997 0.0230 0.0000	</row1>
			<row2>	-0.0317 0.0230 -0.9992 0.0000	</row2>
			<row3>	-0.0256 0.1054 0.9665 1.0000	</row3>
		</transform>
	</node>
	<node>
		<identifier>	EP_Runoff_up_right_1	</identifier>
		<parent>	Scene Root	</parent>
		<transform>
			<row0>	0.9993 0.0355 0.0117 0.0000	</row0>
			<row1>	-0.0353 0.9993 -0.0135 0.0000	</row1>
			<row2>	-0.0122 0.0131 0.9998 0.0000	</row2>
			<row3>	0.0650 0.1169 0.3188 1.0000	</row3>
		</transform>
	</node>
	<node>
		<identifier>	EP_Runoff_up_right_2	</identifier>
		<parent>	Scene Root	</parent>
		<transform>
			<row0>	0.9995 -0.0010 0.0331 0.0000	</row0>
			<row1>	0.0003 0.9997 0.0230 0.0000	</row1>
			<row2>	-0.0331 -0.0230 0.9992 0.0000	</row2>
			<row3>	0.0260 0.1049 0.9665 1.0000	</row3>
		</transform>
	</node>
	<node>
		<identifier>	EP_WakeTrace_periscope	</identifier>
		<parent>	Scene Root	</parent>
		<transform>
			<row0>	1.0000 0.0000 0.0000 0.0000	</row0>
			<row1>	0.0000 1.0000 0.0000 0.0000	</row1>
			<row2>	0.0000 0.0000 1.0000 0.0000	</row2>
			<row3>	0.0000 0.4514 0.1665 1.0000	</row3>
		</transform>
	</node>
	<node>
		<identifier>	EP_WakeTrace_tower	</identifier>
		<parent>	Scene Root	</parent>
		<transform>
			<row0>	1.0000 0.0000 0.0000 0.0000	</row0>
			<row1>	0.0000 1.0000 0.0000 0.0000	</row1>
			<row2>	0.0000 0.0000 1.0000 0.0000	</row2>
			<row3>	-0.0016 0.1190 0.3761 1.0000	</row3>
		</transform>
	</node>
</GSS006_U4501_1945_MidFront_ep.skel_ext>
