<BSD004_Acasta_1940_MidBack.skel_ext>
	<exported>	true	</exported>
	<node>
		<identifier>	MP_BM009_Depth_Charge	</identifier>
		<parent>	Scene Root	</parent>
		<transform>
			<row0>	1.0000 0.0000 0.0000 0.0000	</row0>
			<row1>	0.0000 0.0000 -1.0000 0.0000	</row1>
			<row2>	0.0000 1.0000 0.0000 0.0000	</row2>
			<row3>	-0.2688 0.1783 -1.9919 1.0000	</row3>
		</transform>
	</node>
	<node>
		<identifier>	MP_BM009_Depth_Charge_INDEX_1	</identifier>
		<parent>	Scene Root	</parent>
		<transform>
			<row0>	1.0000 0.0000 0.0000 0.0000	</row0>
			<row1>	0.0000 0.0000 -1.0000 0.0000	</row1>
			<row2>	0.0000 1.0000 0.0000 0.0000	</row2>
			<row3>	0.1848 0.2279 -1.7593 1.0000	</row3>
		</transform>
	</node>
	<node>
		<identifier>	MP_BM009_Depth_Charge_INDEX_2	</identifier>
		<parent>	Scene Root	</parent>
		<transform>
			<row0>	1.0000 0.0000 0.0000 0.0000	</row0>
			<row1>	0.0000 0.0000 -1.0000 0.0000	</row1>
			<row2>	0.0000 1.0000 0.0000 0.0000	</row2>
			<row3>	-0.2681 0.1783 -2.0424 1.0000	</row3>
		</transform>
	</node>
	<node>
		<identifier>	MP_BM009_Depth_Charge_INDEX_3	</identifier>
		<parent>	Scene Root	</parent>
		<transform>
			<row0>	1.0000 0.0000 0.0000 0.0000	</row0>
			<row1>	0.0000 0.0000 -1.0000 0.0000	</row1>
			<row2>	0.0000 1.0000 0.0000 0.0000	</row2>
			<row3>	-0.2582 0.2229 -1.7593 1.0000	</row3>
		</transform>
	</node>
	<node>
		<identifier>	MP_BM009_Depth_Charge_INDEX_4	</identifier>
		<parent>	Scene Root	</parent>
		<transform>
			<row0>	1.0000 0.0000 0.0000 0.0000	</row0>
			<row1>	0.0000 0.0000 -1.0000 0.0000	</row1>
			<row2>	0.0000 1.0000 0.0000 0.0000	</row2>
			<row3>	0.2582 0.2229 -1.7593 1.0000	</row3>
		</transform>
	</node>
	<node>
		<identifier>	MP_BM009_Depth_Charge_INDEX_5	</identifier>
		<parent>	Scene Root	</parent>
		<transform>
			<row0>	1.0000 0.0000 0.0000 0.0000	</row0>
			<row1>	0.0000 0.0000 -1.0000 0.0000	</row1>
			<row2>	0.0000 1.0000 0.0000 0.0000	</row2>
			<row3>	-0.1848 0.2279 -1.7593 1.0000	</row3>
		</transform>
	</node>
	<node>
		<identifier>	MP_BM009_Depth_Charge_INDEX_6	</identifier>
		<parent>	Scene Root	</parent>
		<transform>
			<row0>	1.0000 0.0000 0.0000 0.0000	</row0>
			<row1>	0.0000 0.0000 -1.0000 0.0000	</row1>
			<row2>	0.0000 1.0000 0.0000 0.0000	</row2>
			<row3>	0.2670 0.1783 -2.0424 1.0000	</row3>
		</transform>
	</node>
	<node>
		<identifier>	MP_BM009_Depth_Charge_INDEX_7	</identifier>
		<parent>	Scene Root	</parent>
		<transform>
			<row0>	1.0000 0.0000 0.0000 0.0000	</row0>
			<row1>	0.0000 0.0000 -1.0000 0.0000	</row1>
			<row2>	0.0000 1.0000 0.0000 0.0000	</row2>
			<row3>	0.2676 0.1783 -1.9919 1.0000	</row3>
		</transform>
	</node>
	<node>
		<identifier>	MP_BM039_Artillery_shell	</identifier>
		<parent>	Scene Root	</parent>
		<transform>
			<row0>	0.0000 0.0000 -1.0000 0.0000	</row0>
			<row1>	0.0000 1.0000 0.0000 0.0000	</row1>
			<row2>	1.0000 0.0000 0.0000 0.0000	</row2>
			<row3>	0.0246 0.3757 -2.5356 1.0000	</row3>
		</transform>
	</node>
	<node>
		<identifier>	MP_BM039_Artillery_shell_INDEX_1	</identifier>
		<parent>	Scene Root	</parent>
		<transform>
			<row0>	-0.9469 0.0000 -0.3215 0.0000	</row0>
			<row1>	0.0000 1.0000 0.0000 0.0000	</row1>
			<row2>	0.3215 0.0000 -0.9469 0.0000	</row2>
			<row3>	-0.2081 0.3264 -2.2312 1.0000	</row3>
		</transform>
	</node>
	<node>
		<identifier>	MP_BM039_Artillery_shell_INDEX_10	</identifier>
		<parent>	Scene Root	</parent>
		<transform>
			<row0>	-0.9987 0.0000 -0.0508 0.0000	</row0>
			<row1>	0.0000 1.0000 0.0000 0.0000	</row1>
			<row2>	0.0508 0.0000 -0.9987 0.0000	</row2>
			<row3>	-0.2652 0.1736 -2.3462 1.0000	</row3>
		</transform>
	</node>
	<node>
		<identifier>	MP_BM039_Artillery_shell_INDEX_11	</identifier>
		<parent>	Scene Root	</parent>
		<transform>
			<row0>	0.0000 0.0000 -1.0000 0.0000	</row0>
			<row1>	0.0000 1.0000 0.0000 0.0000	</row1>
			<row2>	1.0000 0.0000 0.0000 0.0000	</row2>
			<row3>	0.0112 0.3757 -2.5356 1.0000	</row3>
		</transform>
	</node>
	<node>
		<identifier>	MP_BM039_Artillery_shell_INDEX_12	</identifier>
		<parent>	Scene Root	</parent>
		<transform>
			<row0>	0.8715 0.0000 0.4904 0.0000	</row0>
			<row1>	0.0000 1.0000 0.0000 0.0000	</row1>
			<row2>	-0.4904 0.0000 0.8715 0.0000	</row2>
			<row3>	0.1858 0.3265 -2.0404 1.0000	</row3>
		</transform>
	</node>
	<node>
		<identifier>	MP_BM039_Artillery_shell_INDEX_13	</identifier>
		<parent>	Scene Root	</parent>
		<transform>
			<row0>	0.9919 0.0000 -0.1271 0.0000	</row0>
			<row1>	0.0000 1.0000 0.0000 0.0000	</row1>
			<row2>	0.1271 0.0000 0.9919 0.0000	</row2>
			<row3>	0.2197 0.3250 -2.1833 1.0000	</row3>
		</transform>
	</node>
	<node>
		<identifier>	MP_BM039_Artillery_shell_INDEX_14	</identifier>
		<parent>	Scene Root	</parent>
		<transform>
			<row0>	-0.7492 0.0000 -0.6624 0.0000	</row0>
			<row1>	0.0000 1.0000 0.0000 0.0000	</row1>
			<row2>	0.6624 0.0000 -0.7492 0.0000	</row2>
			<row3>	-0.1535 0.3293 -2.3076 1.0000	</row3>
		</transform>
	</node>
	<node>
		<identifier>	MP_BM039_Artillery_shell_INDEX_15	</identifier>
		<parent>	Scene Root	</parent>
		<transform>
			<row0>	0.9977 0.0000 -0.0673 0.0000	</row0>
			<row1>	0.0000 1.0000 0.0000 0.0000	</row1>
			<row2>	0.0673 0.0000 0.9977 0.0000	</row2>
			<row3>	0.2577 0.1743 -2.4465 1.0000	</row3>
		</transform>
	</node>
	<node>
		<identifier>	MP_BM039_Artillery_shell_INDEX_16	</identifier>
		<parent>	Scene Root	</parent>
		<transform>
			<row0>	-0.9981 0.0000 -0.0611 0.0000	</row0>
			<row1>	0.0000 1.0000 0.0000 0.0000	</row1>
			<row2>	0.0611 0.0000 -0.9981 0.0000	</row2>
			<row3>	-0.2577 0.1743 -2.4465 1.0000	</row3>
		</transform>
	</node>
	<node>
		<identifier>	MP_BM039_Artillery_shell_INDEX_17	</identifier>
		<parent>	Scene Root	</parent>
		<transform>
			<row0>	0.0000 0.0000 -1.0000 0.0000	</row0>
			<row1>	0.0000 1.0000 0.0000 0.0000	</row1>
			<row2>	1.0000 0.0000 0.0000 0.0000	</row2>
			<row3>	-0.0244 0.3757 -2.5356 1.0000	</row3>
		</transform>
	</node>
	<node>
		<identifier>	MP_BM039_Artillery_shell_INDEX_18	</identifier>
		<parent>	Scene Root	</parent>
		<transform>
			<row0>	-0.9991 0.0000 -0.0425 0.0000	</row0>
			<row1>	0.0000 1.0000 0.0000 0.0000	</row1>
			<row2>	0.0425 0.0000 -0.9991 0.0000	</row2>
			<row3>	-0.2197 0.3250 -2.1833 1.0000	</row3>
		</transform>
	</node>
	<node>
		<identifier>	MP_BM039_Artillery_shell_INDEX_19	</identifier>
		<parent>	Scene Root	</parent>
		<transform>
			<row0>	0.0000 0.0000 -1.0000 0.0000	</row0>
			<row1>	0.0000 1.0000 0.0000 0.0000	</row1>
			<row2>	1.0000 0.0000 0.0000 0.0000	</row2>
			<row3>	-0.0112 0.3757 -2.5356 1.0000	</row3>
		</transform>
	</node>
	<node>
		<identifier>	MP_BM039_Artillery_shell_INDEX_2	</identifier>
		<parent>	Scene Root	</parent>
		<transform>
			<row0>	0.7625 0.0000 -0.6469 0.0000	</row0>
			<row1>	0.0000 1.0000 0.0000 0.0000	</row1>
			<row2>	0.6469 0.0000 0.7625 0.0000	</row2>
			<row3>	0.1535 0.3293 -2.3076 1.0000	</row3>
		</transform>
	</node>
	<node>
		<identifier>	MP_BM039_Artillery_shell_INDEX_20	</identifier>
		<parent>	Scene Root	</parent>
		<transform>
			<row0>	-0.9988 0.0000 -0.0492 0.0000	</row0>
			<row1>	0.0000 1.0000 0.0000 0.0000	</row1>
			<row2>	0.0492 0.0000 -0.9988 0.0000	</row2>
			<row3>	-0.2611 0.1742 -2.3952 1.0000	</row3>
		</transform>
	</node>
	<node>
		<identifier>	MP_BM039_Artillery_shell_INDEX_21	</identifier>
		<parent>	Scene Root	</parent>
		<transform>
			<row0>	0.9162 0.0000 -0.4006 0.0000	</row0>
			<row1>	0.0000 1.0000 0.0000 0.0000	</row1>
			<row2>	0.4006 0.0000 0.9162 0.0000	</row2>
			<row3>	0.2100 0.3264 -2.2270 1.0000	</row3>
		</transform>
	</node>
	<node>
		<identifier>	MP_BM039_Artillery_shell_INDEX_22	</identifier>
		<parent>	Scene Root	</parent>
		<transform>
			<row0>	0.9341 0.0000 0.3571 0.0000	</row0>
			<row1>	0.0000 1.0000 0.0000 0.0000	</row1>
			<row2>	-0.3571 0.0000 0.9341 0.0000	</row2>
			<row3>	0.2082 0.3252 -2.0911 1.0000	</row3>
		</transform>
	</node>
	<node>
		<identifier>	MP_BM039_Artillery_shell_INDEX_23	</identifier>
		<parent>	Scene Root	</parent>
		<transform>
			<row0>	-0.9902 0.0000 0.1398 0.0000	</row0>
			<row1>	0.0000 1.0000 0.0000 0.0000	</row1>
			<row2>	-0.1398 0.0000 -0.9902 0.0000	</row2>
			<row3>	-0.2190 0.3246 -2.1348 1.0000	</row3>
		</transform>
	</node>
	<node>
		<identifier>	MP_BM039_Artillery_shell_INDEX_24	</identifier>
		<parent>	Scene Root	</parent>
		<transform>
			<row0>	0.9977 0.0000 -0.0673 0.0000	</row0>
			<row1>	0.0000 1.0000 0.0000 0.0000	</row1>
			<row2>	0.0673 0.0000 0.9977 0.0000	</row2>
			<row3>	0.2680 0.1727 -2.2965 1.0000	</row3>
		</transform>
	</node>
	<node>
		<identifier>	MP_BM039_Artillery_shell_INDEX_25	</identifier>
		<parent>	Scene Root	</parent>
		<transform>
			<row0>	-0.7455 0.0000 -0.6665 0.0000	</row0>
			<row1>	0.0000 1.0000 0.0000 0.0000	</row1>
			<row2>	0.6665 0.0000 -0.7455 0.0000	</row2>
			<row3>	-0.1869 0.3280 -2.2701 1.0000	</row3>
		</transform>
	</node>
	<node>
		<identifier>	MP_BM039_Artillery_shell_INDEX_26	</identifier>
		<parent>	Scene Root	</parent>
		<transform>
			<row0>	-0.7561 0.0000 0.6545 0.0000	</row0>
			<row1>	0.0000 1.0000 0.0000 0.0000	</row1>
			<row2>	-0.6545 0.0000 -0.7561 0.0000	</row2>
			<row3>	-0.1382 0.3291 -1.9806 1.0000	</row3>
		</transform>
	</node>
	<node>
		<identifier>	MP_BM039_Artillery_shell_INDEX_27	</identifier>
		<parent>	Scene Root	</parent>
		<transform>
			<row0>	-0.8337 0.0000 0.5522 0.0000	</row0>
			<row1>	0.0000 1.0000 0.0000 0.0000	</row1>
			<row2>	-0.5522 0.0000 -0.8337 0.0000	</row2>
			<row3>	-0.1860 0.3265 -2.0431 1.0000	</row3>
		</transform>
	</node>
	<node>
		<identifier>	MP_BM039_Artillery_shell_INDEX_28	</identifier>
		<parent>	Scene Root	</parent>
		<transform>
			<row0>	-0.9989 0.0000 -0.0461 0.0000	</row0>
			<row1>	0.0000 1.0000 0.0000 0.0000	</row1>
			<row2>	0.0461 0.0000 -0.9989 0.0000	</row2>
			<row3>	-0.2680 0.1727 -2.2965 1.0000	</row3>
		</transform>
	</node>
	<node>
		<identifier>	MP_BM039_Artillery_shell_INDEX_29	</identifier>
		<parent>	Scene Root	</parent>
		<transform>
			<row0>	0.7448 0.0000 -0.6673 0.0000	</row0>
			<row1>	0.0000 1.0000 0.0000 0.0000	</row1>
			<row2>	0.6673 0.0000 0.7448 0.0000	</row2>
			<row3>	0.1141 0.3316 -2.3517 1.0000	</row3>
		</transform>
	</node>
	<node>
		<identifier>	MP_BM039_Artillery_shell_INDEX_3	</identifier>
		<parent>	Scene Root	</parent>
		<transform>
			<row0>	0.9873 0.0000 0.1591 0.0000	</row0>
			<row1>	0.0000 1.0000 0.0000 0.0000	</row1>
			<row2>	-0.1591 0.0000 0.9873 0.0000	</row2>
			<row3>	0.2190 0.3246 -2.1348 1.0000	</row3>
		</transform>
	</node>
	<node>
		<identifier>	MP_BM039_Artillery_shell_INDEX_30	</identifier>
		<parent>	Scene Root	</parent>
		<transform>
			<row0>	0.9977 0.0000 -0.0673 0.0000	</row0>
			<row1>	0.0000 1.0000 0.0000 0.0000	</row1>
			<row2>	0.0673 0.0000 0.9977 0.0000	</row2>
			<row3>	0.2652 0.1736 -2.3462 1.0000	</row3>
		</transform>
	</node>
	<node>
		<identifier>	MP_BM039_Artillery_shell_INDEX_31	</identifier>
		<parent>	Scene Root	</parent>
		<transform>
			<row0>	0.7071 0.0000 0.7071 0.0000	</row0>
			<row1>	0.0000 1.0000 0.0000 0.0000	</row1>
			<row2>	-0.7071 0.0000 0.7071 0.0000	</row2>
			<row3>	0.1406 0.3291 -1.9839 1.0000	</row3>
		</transform>
	</node>
	<node>
		<identifier>	MP_BM039_Artillery_shell_INDEX_4	</identifier>
		<parent>	Scene Root	</parent>
		<transform>
			<row0>	-0.7344 0.0000 -0.6787 0.0000	</row0>
			<row1>	0.0000 1.0000 0.0000 0.0000	</row1>
			<row2>	0.6787 0.0000 -0.7344 0.0000	</row2>
			<row3>	-0.1150 0.3316 -2.3506 1.0000	</row3>
		</transform>
	</node>
	<node>
		<identifier>	MP_BM039_Artillery_shell_INDEX_5	</identifier>
		<parent>	Scene Root	</parent>
		<transform>
			<row0>	0.9977 0.0000 -0.0673 0.0000	</row0>
			<row1>	0.0000 1.0000 0.0000 0.0000	</row1>
			<row2>	0.0673 0.0000 0.9977 0.0000	</row2>
			<row3>	0.2611 0.1742 -2.3952 1.0000	</row3>
		</transform>
	</node>
	<node>
		<identifier>	MP_BM039_Artillery_shell_INDEX_6	</identifier>
		<parent>	Scene Root	</parent>
		<transform>
			<row0>	-0.6647 0.0000 0.7471 0.0000	</row0>
			<row1>	0.0000 1.0000 0.0000 0.0000	</row1>
			<row2>	-0.7471 0.0000 -0.6647 0.0000	</row2>
			<row3>	-0.0980 0.3318 -1.9351 1.0000	</row3>
		</transform>
	</node>
	<node>
		<identifier>	MP_BM039_Artillery_shell_INDEX_7	</identifier>
		<parent>	Scene Root	</parent>
		<transform>
			<row0>	-0.9461 0.0000 0.3237 0.0000	</row0>
			<row1>	0.0000 1.0000 0.0000 0.0000	</row1>
			<row2>	-0.3237 0.0000 -0.9461 0.0000	</row2>
			<row3>	-0.2082 0.3252 -2.0911 1.0000	</row3>
		</transform>
	</node>
	<node>
		<identifier>	MP_BM039_Artillery_shell_INDEX_8	</identifier>
		<parent>	Scene Root	</parent>
		<transform>
			<row0>	0.7071 0.0000 0.7071 0.0000	</row0>
			<row1>	0.0000 1.0000 0.0000 0.0000	</row1>
			<row2>	-0.7071 0.0000 0.7071 0.0000	</row2>
			<row3>	0.1004 0.3318 -1.9377 1.0000	</row3>
		</transform>
	</node>
	<node>
		<identifier>	MP_BM039_Artillery_shell_INDEX_9	</identifier>
		<parent>	Scene Root	</parent>
		<transform>
			<row0>	0.7313 0.0000 -0.6821 0.0000	</row0>
			<row1>	0.0000 1.0000 0.0000 0.0000	</row1>
			<row2>	0.6821 0.0000 0.7313 0.0000	</row2>
			<row3>	0.1869 0.3280 -2.2701 1.0000	</row3>
		</transform>
	</node>
	<node>
		<identifier>	MP_BM603_Compass_Binnacle	</identifier>
		<parent>	Scene Root	</parent>
		<transform>
			<row0>	1.0000 0.0000 0.0000 0.0000	</row0>
			<row1>	0.0000 1.0000 0.0000 0.0000	</row1>
			<row2>	0.0000 0.0000 1.0000 0.0000	</row2>
			<row3>	0.0000 0.1853 -1.7989 1.0000	</row3>
		</transform>
	</node>
	<node>
		<identifier>	MP_BM607_Telegraph_Engine_R	</identifier>
		<parent>	Scene Root	</parent>
		<transform>
			<row0>	0.0000 0.0000 1.0000 0.0000	</row0>
			<row1>	0.0000 1.0000 0.0000 0.0000	</row1>
			<row2>	-1.0000 0.0000 0.0000 0.0000	</row2>
			<row3>	0.0264 0.1830 -1.8241 1.0000	</row3>
		</transform>
	</node>
	<node>
		<identifier>	MP_BM629_Telegraph_Engine_L	</identifier>
		<parent>	Scene Root	</parent>
		<transform>
			<row0>	0.0000 0.0000 -1.0000 0.0000	</row0>
			<row1>	0.0000 1.0000 0.0000 0.0000	</row1>
			<row2>	1.0000 0.0000 0.0000 0.0000	</row2>
			<row3>	-0.0265 0.1830 -1.8241 1.0000	</row3>
		</transform>
	</node>
	<node>
		<identifier>	MP_BM717_Locker	</identifier>
		<parent>	Scene Root	</parent>
		<transform>
			<row0>	0.8660 0.0000 0.5000 0.0000	</row0>
			<row1>	0.0000 1.0000 0.0000 0.0000	</row1>
			<row2>	-0.5000 0.0000 0.8660 0.0000	</row2>
			<row3>	-0.0602 0.3356 -1.8555 1.0000	</row3>
		</transform>
	</node>
	<node>
		<identifier>	MP_BM717_Locker_INDEX_1	</identifier>
		<parent>	Scene Root	</parent>
		<transform>
			<row0>	0.8660 0.0000 -0.5000 0.0000	</row0>
			<row1>	0.0000 1.0000 0.0000 0.0000	</row1>
			<row2>	0.5000 0.0000 0.8660 0.0000	</row2>
			<row3>	0.0576 0.3356 -1.8551 1.0000	</row3>
		</transform>
	</node>
	<node>
		<identifier>	MP_BM717_Locker_INDEX_2	</identifier>
		<parent>	Scene Root	</parent>
		<transform>
			<row0>	1.0000 0.0000 0.0000 0.0000	</row0>
			<row1>	0.0000 1.0000 0.0000 0.0000	</row1>
			<row2>	0.0000 0.0000 1.0000 0.0000	</row2>
			<row3>	-0.2576 0.1692 -2.1234 1.0000	</row3>
		</transform>
	</node>
	<node>
		<identifier>	MP_BM717_Locker_INDEX_3	</identifier>
		<parent>	Scene Root	</parent>
		<transform>
			<row0>	1.0000 0.0000 0.0000 0.0000	</row0>
			<row1>	0.0000 1.0000 0.0000 0.0000	</row1>
			<row2>	0.0000 0.0000 1.0000 0.0000	</row2>
			<row3>	0.2576 0.1692 -2.1233 1.0000	</row3>
		</transform>
	</node>
	<node>
		<identifier>	MP_BM717_Locker_INDEX_4	</identifier>
		<parent>	Scene Root	</parent>
		<transform>
			<row0>	0.8660 0.0000 0.5000 0.0000	</row0>
			<row1>	0.0000 1.0000 0.0000 0.0000	</row1>
			<row2>	-0.5000 0.0000 0.8660 0.0000	</row2>
			<row3>	-0.1004 0.3356 -1.8793 1.0000	</row3>
		</transform>
	</node>
	<node>
		<identifier>	MP_BM857_Fog_Light	</identifier>
		<parent>	Scene Root	</parent>
		<transform>
			<row0>	-1.0000 0.0000 0.0000 0.0000	</row0>
			<row1>	0.0000 1.0000 0.0000 0.0000	</row1>
			<row2>	0.0000 0.0000 -1.0000 0.0000	</row2>
			<row3>	0.0000 0.3999 -2.5546 1.0000	</row3>
		</transform>
	</node>
	<node>
		<identifier>	MP_BM858_Signal_Lamp	</identifier>
		<parent>	Scene Root	</parent>
		<transform>
			<row0>	1.0000 0.0000 0.0000 0.0000	</row0>
			<row1>	0.0000 0.9936 -0.1131 0.0000	</row1>
			<row2>	0.0000 0.1131 0.9936 0.0000	</row2>
			<row3>	0.0000 1.4938 -1.8763 1.0000	</row3>
		</transform>
	</node>
	<node>
		<identifier>	MP_BM871_Running_Lights_F	</identifier>
		<parent>	Scene Root	</parent>
		<transform>
			<row0>	1.0000 0.0000 0.0000 0.0000	</row0>
			<row1>	0.0000 0.9921 -0.1251 0.0000	</row1>
			<row2>	0.0000 0.1251 0.9921 0.0000	</row2>
			<row3>	0.0000 1.3097 -1.8246 1.0000	</row3>
		</transform>
	</node>
	<node>
		<identifier>	MP_BM879_Searchlight_24in	</identifier>
		<parent>	Scene Root	</parent>
		<transform>
			<row0>	1.0000 0.0000 0.0000 0.0000	</row0>
			<row1>	0.0000 1.0000 0.0000 0.0000	</row1>
			<row2>	0.0000 0.0000 1.0000 0.0000	</row2>
			<row3>	0.0000 0.4251 -1.0786 1.0000	</row3>
		</transform>
	</node>
	<node>
		<identifier>	MP_BM909_Crane	</identifier>
		<parent>	Scene Root	</parent>
		<transform>
			<row0>	1.0000 0.0000 0.0000 0.0000	</row0>
			<row1>	0.0000 1.0000 0.0000 0.0000	</row1>
			<row2>	0.0000 0.0000 1.0000 0.0000	</row2>
			<row3>	0.2731 0.1739 -1.1343 1.0000	</row3>
		</transform>
	</node>
	<node>
		<identifier>	MP_CM011_Fire_Fighting_Gear	</identifier>
		<parent>	Scene Root	</parent>
		<transform>
			<row0>	0.1680 0.0000 0.9858 0.0000	</row0>
			<row1>	0.0000 1.0000 0.0000 0.0000	</row1>
			<row2>	-0.9858 0.0000 0.1680 0.0000	</row2>
			<row3>	0.1400 0.1836 -2.3149 1.0000	</row3>
		</transform>
	</node>
	<node>
		<identifier>	MP_CM011_Fire_Fighting_Gear_INDEX_1	</identifier>
		<parent>	Scene Root	</parent>
		<transform>
			<row0>	-1.0000 0.0000 0.0000 0.0000	</row0>
			<row1>	0.0000 1.0000 0.0000 0.0000	</row1>
			<row2>	0.0000 0.0000 -1.0000 0.0000	</row2>
			<row3>	0.0864 0.1836 -1.8974 1.0000	</row3>
		</transform>
	</node>
	<node>
		<identifier>	MP_CM011_Fire_Fighting_Gear_INDEX_2	</identifier>
		<parent>	Scene Root	</parent>
		<transform>
			<row0>	1.0000 0.0000 0.0000 0.0000	</row0>
			<row1>	0.0000 1.0000 0.0000 0.0000	</row1>
			<row2>	0.0000 0.0000 1.0000 0.0000	</row2>
			<row3>	0.0864 0.1836 -1.1336 1.0000	</row3>
		</transform>
	</node>
	<node>
		<identifier>	MP_CM011_Fire_Fighting_Gear_INDEX_3	</identifier>
		<parent>	Scene Root	</parent>
		<transform>
			<row0>	1.0000 0.0000 0.0000 0.0000	</row0>
			<row1>	0.0000 1.0000 0.0000 0.0000	</row1>
			<row2>	0.0000 0.0000 1.0000 0.0000	</row2>
			<row3>	-0.0926 0.1836 -1.1082 1.0000	</row3>
		</transform>
	</node>
	<node>
		<identifier>	MP_CM011_Fire_Fighting_Gear_INDEX_4	</identifier>
		<parent>	Scene Root	</parent>
		<transform>
			<row0>	-1.0000 0.0000 0.0000 0.0000	</row0>
			<row1>	0.0000 1.0000 0.0000 0.0000	</row1>
			<row2>	0.0000 0.0000 -1.0000 0.0000	</row2>
			<row3>	-0.0864 0.1836 -1.8974 1.0000	</row3>
		</transform>
	</node>
	<node>
		<identifier>	MP_CM011_Fire_Fighting_Gear_INDEX_5	</identifier>
		<parent>	Scene Root	</parent>
		<transform>
			<row0>	0.1680 0.0000 -0.9858 0.0000	</row0>
			<row1>	0.0000 1.0000 0.0000 0.0000	</row1>
			<row2>	0.9858 0.0000 0.1680 0.0000	</row2>
			<row3>	-0.1400 0.1836 -2.3149 1.0000	</row3>
		</transform>
	</node>
	<node>
		<identifier>	MP_CM012_Fire_Hose_Rack_1	</identifier>
		<parent>	Scene Root	</parent>
		<transform>
			<row0>	0.4261 0.0000 -0.9047 0.0000	</row0>
			<row1>	0.0000 1.0000 0.0000 0.0000	</row1>
			<row2>	0.9047 0.0000 0.4261 0.0000	</row2>
			<row3>	-0.0552 0.2430 -1.8893 1.0000	</row3>
		</transform>
	</node>
	<node>
		<identifier>	MP_CM012_Fire_Hose_Rack_1_INDEX_1	</identifier>
		<parent>	Scene Root	</parent>
		<transform>
			<row0>	0.9865 0.0000 0.1637 0.0000	</row0>
			<row1>	0.0000 1.0000 0.0000 0.0000	</row1>
			<row2>	-0.1637 0.0000 0.9865 0.0000	</row2>
			<row3>	-0.1360 0.2430 -2.2856 1.0000	</row3>
		</transform>
	</node>
	<node>
		<identifier>	MP_CM012_Fire_Hose_Rack_1_INDEX_2	</identifier>
		<parent>	Scene Root	</parent>
		<transform>
			<row0>	1.0000 0.0000 0.0000 0.0000	</row0>
			<row1>	0.0000 1.0000 0.0000 0.0000	</row1>
			<row2>	0.0000 0.0000 1.0000 0.0000	</row2>
			<row3>	-0.0806 0.2430 -1.1001 1.0000	</row3>
		</transform>
	</node>
	<node>
		<identifier>	MP_CM012_Fire_Hose_Rack_1_INDEX_3	</identifier>
		<parent>	Scene Root	</parent>
		<transform>
			<row0>	-0.4619 0.0000 -0.8869 0.0000	</row0>
			<row1>	0.0000 1.0000 0.0000 0.0000	</row1>
			<row2>	0.8869 0.0000 -0.4619 0.0000	</row2>
			<row3>	0.0552 0.2430 -1.8893 1.0000	</row3>
		</transform>
	</node>
	<node>
		<identifier>	MP_CM012_Fire_Hose_Rack_1_INDEX_4	</identifier>
		<parent>	Scene Root	</parent>
		<transform>
			<row0>	-1.0000 0.0000 0.0000 0.0000	</row0>
			<row1>	0.0000 1.0000 0.0000 0.0000	</row1>
			<row2>	0.0000 0.0000 -1.0000 0.0000	</row2>
			<row3>	0.0806 0.2430 -1.1001 1.0000	</row3>
		</transform>
	</node>
	<node>
		<identifier>	MP_CM012_Fire_Hose_Rack_1_INDEX_5	</identifier>
		<parent>	Scene Root	</parent>
		<transform>
			<row0>	-0.9893 0.0000 0.1460 0.0000	</row0>
			<row1>	0.0000 1.0000 0.0000 0.0000	</row1>
			<row2>	-0.1460 0.0000 -0.9893 0.0000	</row2>
			<row3>	0.1360 0.2430 -2.2856 1.0000	</row3>
		</transform>
	</node>
	<node>
		<identifier>	MP_CM029_Emergency_Box	</identifier>
		<parent>	Scene Root	</parent>
		<transform>
			<row0>	-0.4052 0.0000 -0.9142 0.0000	</row0>
			<row1>	0.0000 1.0000 0.0000 0.0000	</row1>
			<row2>	0.9142 0.0000 -0.4052 0.0000	</row2>
			<row3>	-0.1440 0.2508 -1.9913 1.0000	</row3>
		</transform>
	</node>
	<node>
		<identifier>	MP_CM029_Emergency_Box_INDEX_1	</identifier>
		<parent>	Scene Root	</parent>
		<transform>
			<row0>	0.1851 0.0000 0.9827 0.0000	</row0>
			<row1>	0.0000 1.0000 0.0000 0.0000	</row1>
			<row2>	-0.9827 0.0000 0.1851 0.0000	</row2>
			<row3>	0.1344 0.2508 -2.3335 1.0000	</row3>
		</transform>
	</node>
	<node>
		<identifier>	MP_CM029_Emergency_Box_INDEX_2	</identifier>
		<parent>	Scene Root	</parent>
		<transform>
			<row0>	0.1851 0.0000 -0.9827 0.0000	</row0>
			<row1>	0.0000 1.0000 0.0000 0.0000	</row1>
			<row2>	0.9827 0.0000 0.1851 0.0000	</row2>
			<row3>	-0.1344 0.2508 -2.3335 1.0000	</row3>
		</transform>
	</node>
	<node>
		<identifier>	MP_CM029_Emergency_Box_INDEX_3	</identifier>
		<parent>	Scene Root	</parent>
		<transform>
			<row0>	-0.4052 0.0000 0.9142 0.0000	</row0>
			<row1>	0.0000 1.0000 0.0000 0.0000	</row1>
			<row2>	-0.9142 0.0000 -0.4052 0.0000	</row2>
			<row3>	0.1440 0.2508 -1.9913 1.0000	</row3>
		</transform>
	</node>
	<node>
		<identifier>	MP_CM040_Steering_Wheel	</identifier>
		<parent>	Scene Root	</parent>
		<transform>
			<row0>	0.7781 0.0000 0.0000 0.0000	</row0>
			<row1>	0.0000 0.7781 0.0000 0.0000	</row1>
			<row2>	0.0000 0.0000 0.7781 0.0000	</row2>
			<row3>	0.0000 0.1865 -1.8311 1.0000	</row3>
		</transform>
	</node>
	<node>
		<identifier>	MP_CM052_Fender	</identifier>
		<parent>	Scene Root	</parent>
		<transform>
			<row0>	0.3500 0.0000 -0.6062 0.0000	</row0>
			<row1>	0.0000 0.7000 0.0000 0.0000	</row1>
			<row2>	0.6062 0.0000 0.3500 0.0000	</row2>
			<row3>	0.1733 0.1819 -2.0303 1.0000	</row3>
		</transform>
	</node>
	<node>
		<identifier>	MP_CM052_Fender_INDEX_1	</identifier>
		<parent>	Scene Root	</parent>
		<transform>
			<row0>	0.1023 0.0000 -0.6925 0.0000	</row0>
			<row1>	0.0000 0.7000 0.0000 0.0000	</row1>
			<row2>	0.6925 0.0000 0.1023 0.0000	</row2>
			<row3>	0.1811 0.1810 -2.0811 1.0000	</row3>
		</transform>
	</node>
	<node>
		<identifier>	MP_CM052_Fender_INDEX_2	</identifier>
		<parent>	Scene Root	</parent>
		<transform>
			<row0>	0.1023 0.0000 0.6925 0.0000	</row0>
			<row1>	0.0000 0.7000 0.0000 0.0000	</row1>
			<row2>	-0.6925 0.0000 0.1023 0.0000	</row2>
			<row3>	-0.1811 0.1810 -2.0811 1.0000	</row3>
		</transform>
	</node>
	<node>
		<identifier>	MP_CM052_Fender_INDEX_3	</identifier>
		<parent>	Scene Root	</parent>
		<transform>
			<row0>	0.3500 0.0000 0.6062 0.0000	</row0>
			<row1>	0.0000 0.7000 0.0000 0.0000	</row1>
			<row2>	-0.6062 0.0000 0.3500 0.0000	</row2>
			<row3>	-0.1733 0.1819 -2.0302 1.0000	</row3>
		</transform>
	</node>
	<node>
		<identifier>	MP_CM056_Ships_bell	</identifier>
		<parent>	Scene Root	</parent>
		<transform>
			<row0>	0.8165 0.0000 0.0000 0.0000	</row0>
			<row1>	0.0000 0.8165 0.0000 0.0000	</row1>
			<row2>	0.0000 0.0000 0.8165 0.0000	</row2>
			<row3>	0.0564 0.3332 -1.8153 1.0000	</row3>
		</transform>
	</node>
	<node>
		<identifier>	MP_CM081_Life_Buoy	</identifier>
		<parent>	Scene Root	</parent>
		<transform>
			<row0>	0.0693 0.0000 0.9976 0.0000	</row0>
			<row1>	0.0000 1.0000 0.0000 0.0000	</row1>
			<row2>	-0.9976 0.0000 0.0693 0.0000	</row2>
			<row3>	0.2743 0.2504 -2.4380 1.0000	</row3>
		</transform>
	</node>
	<node>
		<identifier>	MP_CM081_Life_Buoy_INDEX_1	</identifier>
		<parent>	Scene Root	</parent>
		<transform>
			<row0>	0.0653 0.0000 -0.9979 0.0000	</row0>
			<row1>	0.0000 1.0000 0.0000 0.0000	</row1>
			<row2>	0.9979 0.0000 0.0653 0.0000	</row2>
			<row3>	-0.2744 0.2504 -2.4381 1.0000	</row3>
		</transform>
	</node>
</BSD004_Acasta_1940_MidBack.skel_ext>
