<ASS301_Archerfish_1944_MidFront_ports.visual>
	<skeleton>
		<node>
			<identifier>	Scene Root	</identifier>
			<transform>
				<row0>	1.0000 0.0000 0.0000 0.0000	</row0>
				<row1>	0.0000 1.0000 0.0000 0.0000	</row1>
				<row2>	0.0000 0.0000 1.0000 0.0000	</row2>
				<row3>	0.0000 0.0000 0.0000 1.0000	</row3>
			</transform>
			<node>
				<identifier>	MidFront_ports	</identifier>
				<transform>
					<row0>	1.0000 0.0000 0.0000 0.0000	</row0>
					<row1>	0.0000 1.0000 0.0000 0.0000	</row1>
					<row2>	0.0000 0.0000 1.0000 0.0000	</row2>
					<row3>	0.0000 0.0000 0.0000 1.0000	</row3>
				</transform>
				<node>
					<identifier>	HP_FX_Death_1	</identifier>
					<transform>
						<row0>	1.0000 0.0000 0.0000 0.0000	</row0>
						<row1>	0.0000 1.0000 0.0000 0.0000	</row1>
						<row2>	0.0000 0.0000 1.0000 0.0000	</row2>
						<row3>	0.0000 0.0000 1.8322 1.0000	</row3>
					</transform>
				</node>
				<node>
					<identifier>	HP_FX_Descent_1	</identifier>
					<transform>
						<row0>	0.4946 -0.8691 0.0000 0.0000	</row0>
						<row1>	0.8691 0.4946 0.0000 0.0000	</row1>
						<row2>	0.0000 0.0000 1.0000 0.0000	</row2>
						<row3>	0.1263 0.0710 2.1729 1.0000	</row3>
					</transform>
				</node>
				<node>
					<identifier>	HP_FX_Descent_3	</identifier>
					<transform>
						<row0>	-0.4946 -0.8691 0.0000 0.0000	</row0>
						<row1>	-0.8691 0.4946 0.0000 0.0000	</row1>
						<row2>	0.0000 0.0000 -1.0000 0.0000	</row2>
						<row3>	-0.1458 0.0685 1.9749 1.0000	</row3>
					</transform>
				</node>
				<node>
					<identifier>	HP_FX_Fire_1	</identifier>
					<transform>
						<row0>	1.0000 0.0000 0.0000 0.0000	</row0>
						<row1>	0.0000 1.0000 0.0000 0.0000	</row1>
						<row2>	0.0000 0.0000 1.0000 0.0000	</row2>
						<row3>	0.0000 0.3027 0.9624 1.0000	</row3>
					</transform>
				</node>
				<node>
					<identifier>	HP_FX_Fire_2	</identifier>
					<transform>
						<row0>	1.0000 0.0000 0.0000 0.0000	</row0>
						<row1>	0.0000 1.0000 0.0000 0.0000	</row1>
						<row2>	0.0000 0.0000 1.0000 0.0000	</row2>
						<row3>	0.0000 0.1580 0.1690 1.0000	</row3>
					</transform>
				</node>
				<node>
					<identifier>	HP_FX_FloodLight_left_1	</identifier>
					<transform>
						<row0>	-1.0000 0.0000 0.0000 0.0000	</row0>
						<row1>	0.0000 1.0000 0.0000 0.0000	</row1>
						<row2>	0.0000 0.0000 -1.0000 0.0000	</row2>
						<row3>	-0.0934 0.2573 0.5933 1.0000	</row3>
					</transform>
				</node>
				<node>
					<identifier>	HP_FX_FloodLight_right_1	</identifier>
					<transform>
						<row0>	1.0000 0.0000 0.0000 0.0000	</row0>
						<row1>	0.0000 1.0000 0.0000 0.0000	</row1>
						<row2>	0.0000 0.0000 1.0000 0.0000	</row2>
						<row3>	0.0906 0.2558 0.5934 1.0000	</row3>
					</transform>
				</node>
				<node>
					<identifier>	HP_FX_Flood_water_right_2	</identifier>
					<transform>
						<row0>	1.0000 0.0000 0.0000 0.0000	</row0>
						<row1>	0.0000 1.0000 0.0000 0.0000	</row1>
						<row2>	0.0000 0.0000 1.0000 0.0000	</row2>
						<row3>	0.1625 0.0666 1.2964 1.0000	</row3>
					</transform>
				</node>
				<node>
					<identifier>	HP_FX_Runoff_deluge_left	</identifier>
					<transform>
						<row0>	-0.9909 0.0526 0.1234 0.0000	</row0>
						<row1>	0.0547 0.9984 0.0140 0.0000	</row1>
						<row2>	-0.1224 0.0206 -0.9923 0.0000	</row2>
						<row3>	-0.1420 0.0650 1.9732 1.0000	</row3>
					</transform>
				</node>
				<node>
					<identifier>	HP_FX_Runoff_deluge_left_1	</identifier>
					<transform>
						<row0>	-0.9960 0.0526 0.0717 0.0000	</row0>
						<row1>	0.0539 0.9984 0.0168 0.0000	</row1>
						<row2>	-0.0707 0.0206 -0.9973 0.0000	</row2>
						<row3>	-0.1602 0.0845 1.7304 1.0000	</row3>
					</transform>
				</node>
				<node>
					<identifier>	HP_FX_Runoff_deluge_left_2	</identifier>
					<transform>
						<row0>	-0.9934 -0.1144 0.0034 0.0000	</row0>
						<row1>	-0.1144 0.9934 0.0004 0.0000	</row1>
						<row2>	-0.0034 0.0000 -1.0000 0.0000	</row2>
						<row3>	-0.1604 0.0845 0.7845 1.0000	</row3>
					</transform>
				</node>
				<node>
					<identifier>	HP_FX_Runoff_deluge_left_3	</identifier>
					<transform>
						<row0>	-0.9934 -0.1144 0.0011 0.0000	</row0>
						<row1>	-0.1144 0.9932 0.0206 0.0000	</row1>
						<row2>	-0.0034 0.0203 -0.9998 0.0000	</row2>
						<row3>	-0.1579 0.0857 0.4336 1.0000	</row3>
					</transform>
				</node>
				<node>
					<identifier>	HP_FX_Runoff_deluge_right	</identifier>
					<transform>
						<row0>	0.9910 0.0526 0.1228 0.0000	</row0>
						<row1>	-0.0547 0.9984 0.0140 0.0000	</row1>
						<row2>	-0.1218 -0.0206 0.9923 0.0000	</row2>
						<row3>	0.1419 0.0650 1.9730 1.0000	</row3>
					</transform>
				</node>
				<node>
					<identifier>	HP_FX_Runoff_deluge_right_1	</identifier>
					<transform>
						<row0>	0.9961 0.0526 0.0707 0.0000	</row0>
						<row1>	-0.0539 0.9984 0.0168 0.0000	</row1>
						<row2>	-0.0697 -0.0206 0.9974 0.0000	</row2>
						<row3>	0.1599 0.0850 1.7301 1.0000	</row3>
					</transform>
				</node>
				<node>
					<identifier>	HP_FX_Runoff_deluge_right_2	</identifier>
					<transform>
						<row0>	0.9934 -0.1144 0.0035 0.0000	</row0>
						<row1>	0.1144 0.9934 0.0004 0.0000	</row1>
						<row2>	-0.0035 0.0000 1.0000 0.0000	</row2>
						<row3>	0.1609 0.0850 0.7846 1.0000	</row3>
					</transform>
				</node>
				<node>
					<identifier>	HP_FX_Runoff_deluge_right_3	</identifier>
					<transform>
						<row0>	0.9934 -0.1144 0.0011 0.0000	</row0>
						<row1>	0.1144 0.9932 0.0206 0.0000	</row1>
						<row2>	-0.0035 -0.0203 0.9998 0.0000	</row2>
						<row3>	0.1579 0.0860 0.4338 1.0000	</row3>
					</transform>
				</node>
				<node>
					<identifier>	HP_FX_Runoff_left	</identifier>
					<transform>
						<row0>	-0.9998 -0.0167 -0.0018 0.0000	</row0>
						<row1>	-0.0167 0.9996 -0.0206 0.0000	</row1>
						<row2>	0.0021 -0.0205 -0.9997 0.0000	</row2>
						<row3>	-0.1660 0.1676 1.5849 1.0000	</row3>
					</transform>
				</node>
				<node>
					<identifier>	HP_FX_Runoff_left_1	</identifier>
					<transform>
						<row0>	-0.9998 -0.0167 -0.0018 0.0000	</row0>
						<row1>	-0.0167 0.9996 -0.0206 0.0000	</row1>
						<row2>	0.0021 -0.0205 -0.9997 0.0000	</row2>
						<row3>	-0.1660 0.1556 0.7974 1.0000	</row3>
					</transform>
				</node>
				<node>
					<identifier>	HP_FX_Runoff_right	</identifier>
					<transform>
						<row0>	0.9999 -0.0167 -0.0020 0.0000	</row0>
						<row1>	0.0167 0.9997 -0.0205 0.0000	</row1>
						<row2>	0.0023 0.0205 0.9998 0.0000	</row2>
						<row3>	0.1659 0.1679 1.5852 1.0000	</row3>
					</transform>
				</node>
				<node>
					<identifier>	HP_FX_Runoff_right_1	</identifier>
					<transform>
						<row0>	0.9999 -0.0167 -0.0014 0.0000	</row0>
						<row1>	0.0167 0.9997 -0.0205 0.0000	</row1>
						<row2>	0.0017 0.0205 0.9998 0.0000	</row2>
						<row3>	0.1659 0.1559 0.7976 1.0000	</row3>
					</transform>
				</node>
				<node>
					<identifier>	HP_FX_Runoff_tower_left_1	</identifier>
					<transform>
						<row0>	-0.8066 0.0000 -0.5913 0.0000	</row0>
						<row1>	0.0000 1.0000 0.0000 0.0000	</row1>
						<row2>	0.5913 0.0000 -0.8066 0.0000	</row2>
						<row3>	-0.0705 0.2836 0.3633 1.0000	</row3>
					</transform>
				</node>
				<node>
					<identifier>	HP_FX_Runoff_tower_left_2	</identifier>
					<transform>
						<row0>	-0.8497 0.0000 0.5271 0.0000	</row0>
						<row1>	0.0000 1.0000 0.0000 0.0000	</row1>
						<row2>	-0.5271 0.0000 -0.8497 0.0000	</row2>
						<row3>	-0.0730 0.2751 1.0293 1.0000	</row3>
					</transform>
				</node>
				<node>
					<identifier>	HP_FX_Runoff_tower_left_3	</identifier>
					<transform>
						<row0>	-0.9998 0.0000 -0.0150 0.0000	</row0>
						<row1>	0.0000 1.0000 0.0000 0.0000	</row1>
						<row2>	0.0150 0.0000 -0.9998 0.0000	</row2>
						<row3>	-0.1261 0.3409 0.7594 1.0000	</row3>
					</transform>
				</node>
				<node>
					<identifier>	HP_FX_Runoff_tower_right_1	</identifier>
					<transform>
						<row0>	-0.8817 0.0000 0.4719 0.0000	</row0>
						<row1>	0.0000 1.0000 0.0000 0.0000	</row1>
						<row2>	-0.4719 0.0000 -0.8817 0.0000	</row2>
						<row3>	0.0727 0.2839 0.3677 1.0000	</row3>
					</transform>
				</node>
				<node>
					<identifier>	HP_FX_Runoff_tower_right_2	</identifier>
					<transform>
						<row0>	-0.8427 0.0000 -0.5385 0.0000	</row0>
						<row1>	0.0000 1.0000 0.0000 0.0000	</row1>
						<row2>	0.5385 0.0000 -0.8427 0.0000	</row2>
						<row3>	0.0698 0.2766 1.0264 1.0000	</row3>
					</transform>
				</node>
				<node>
					<identifier>	HP_FX_Runoff_tower_right_3	</identifier>
					<transform>
						<row0>	-1.0000 0.0000 -0.0072 0.0000	</row0>
						<row1>	0.0000 1.0000 0.0000 0.0000	</row1>
						<row2>	0.0072 0.0000 -1.0000 0.0000	</row2>
						<row3>	0.1244 0.3403 0.7580 1.0000	</row3>
					</transform>
				</node>
				<node>
					<identifier>	HP_FX_Runoff_up_left	</identifier>
					<transform>
						<row0>	-0.9995 0.0026 0.0312 0.0000	</row0>
						<row1>	0.0016 0.9995 -0.0324 0.0000	</row1>
						<row2>	-0.0313 -0.0323 -0.9990 0.0000	</row2>
						<row3>	-0.1140 0.2033 2.0930 1.0000	</row3>
					</transform>
				</node>
				<node>
					<identifier>	HP_FX_Runoff_up_left_2	</identifier>
					<transform>
						<row0>	-1.0000 0.0002 -0.0060 0.0000	</row0>
						<row1>	0.0003 0.9999 -0.0187 0.0000	</row1>
						<row2>	0.0060 -0.0187 -0.9998 0.0000	</row2>
						<row3>	-0.1338 0.1716 0.9459 1.0000	</row3>
					</transform>
				</node>
				<node>
					<identifier>	HP_FX_Runoff_up_right	</identifier>
					<transform>
						<row0>	0.9995 0.0026 0.0313 0.0000	</row0>
						<row1>	-0.0016 0.9995 -0.0324 0.0000	</row1>
						<row2>	-0.0314 0.0323 0.9990 0.0000	</row2>
						<row3>	0.1139 0.2029 2.0930 1.0000	</row3>
					</transform>
				</node>
				<node>
					<identifier>	HP_FX_Runoff_up_right_2	</identifier>
					<transform>
						<row0>	1.0000 0.0000 -0.0061 0.0000	</row0>
						<row1>	-0.0001 0.9998 -0.0187 0.0000	</row1>
						<row2>	0.0061 0.0187 0.9998 0.0000	</row2>
						<row3>	0.1339 0.1719 0.9455 1.0000	</row3>
					</transform>
				</node>
				<node>
					<identifier>	HP_FX_WakeTraceBack_tower	</identifier>
					<transform>
						<row0>	1.0000 0.0000 0.0000 0.0000	</row0>
						<row1>	0.0000 1.0000 0.0000 0.0000	</row1>
						<row2>	0.0000 0.0000 1.0000 0.0000	</row2>
						<row3>	0.0012 0.1414 0.2394 1.0000	</row3>
					</transform>
				</node>
				<node>
					<identifier>	HP_FX_WakeTraceBack_tower_2	</identifier>
					<transform>
						<row0>	1.0000 0.0000 0.0000 0.0000	</row0>
						<row1>	0.0000 1.0000 0.0000 0.0000	</row1>
						<row2>	0.0000 0.0000 1.0000 0.0000	</row2>
						<row3>	0.0048 0.4203 0.2968 1.0000	</row3>
					</transform>
				</node>
				<node>
					<identifier>	HP_FX_WakeTrace_periscope	</identifier>
					<transform>
						<row0>	1.0000 0.0000 0.0000 0.0000	</row0>
						<row1>	0.0000 1.0000 0.0000 0.0000	</row1>
						<row2>	0.0000 0.0000 1.0000 0.0000	</row2>
						<row3>	0.0000 0.6694 0.5200 1.0000	</row3>
					</transform>
				</node>
				<node>
					<identifier>	HP_FX_WakeTrace_tower	</identifier>
					<transform>
						<row0>	1.0000 0.0000 0.0000 0.0000	</row0>
						<row1>	0.0000 1.0000 0.0000 0.0000	</row1>
						<row2>	0.0000 0.0000 1.0000 0.0000	</row2>
						<row3>	-0.0016 0.1710 1.0672 1.0000	</row3>
					</transform>
				</node>
				<node>
					<identifier>	HP_FX_WakeTrace_tower_2	</identifier>
					<transform>
						<row0>	1.0000 0.0000 0.0000 0.0000	</row0>
						<row1>	0.0000 1.0000 0.0000 0.0000	</row1>
						<row2>	0.0000 0.0000 1.0000 0.0000	</row2>
						<row3>	-0.0037 0.4216 0.7970 1.0000	</row3>
					</transform>
				</node>
				<node>
					<identifier>	HP_Flagpole	</identifier>
					<transform>
						<row0>	0.4042 0.0000 0.0000 0.0000	</row0>
						<row1>	0.0000 0.4042 0.0000 0.0000	</row1>
						<row2>	0.0000 0.0000 0.4042 0.0000	</row2>
						<row3>	0.0000 0.5612 0.5403 1.0000	</row3>
					</transform>
				</node>
				<node>
					<identifier>	HP_Flagpole1	</identifier>
					<transform>
						<row0>	0.4042 0.0000 0.0000 0.0000	</row0>
						<row1>	0.0000 0.4042 0.0000 0.0000	</row1>
						<row2>	0.0000 0.0000 0.4042 0.0000	</row2>
						<row3>	0.0000 0.5612 0.5403 1.0000	</row3>
					</transform>
				</node>
				<node>
					<identifier>	HP_flag_1	</identifier>
					<transform>
						<row0>	0.9973 0.0729 0.0014 0.0000	</row0>
						<row1>	-0.0729 0.9966 0.0392 0.0000	</row1>
						<row2>	0.0014 -0.0392 0.9992 0.0000	</row2>
						<row3>	-0.0370 0.4443 0.1531 1.0000	</row3>
					</transform>
				</node>
				<node>
					<identifier>	HP_flag_2	</identifier>
					<transform>
						<row0>	0.9973 -0.0729 -0.0014 0.0000	</row0>
						<row1>	0.0729 0.9966 0.0392 0.0000	</row1>
						<row2>	-0.0014 -0.0392 0.9992 0.0000	</row2>
						<row3>	0.0380 0.4443 0.1537 1.0000	</row3>
					</transform>
				</node>
				<node>
					<identifier>	HP_flag_3	</identifier>
					<transform>
						<row0>	0.9990 0.0441 0.0009 0.0000	</row0>
						<row1>	-0.0441 0.9983 0.0392 0.0000	</row1>
						<row2>	0.0009 -0.0392 0.9992 0.0000	</row2>
						<row3>	-0.0192 0.4444 0.1531 1.0000	</row3>
					</transform>
				</node>
				<node>
					<identifier>	HP_flag_4	</identifier>
					<transform>
						<row0>	0.9990 -0.0441 -0.0009 0.0000	</row0>
						<row1>	0.0441 0.9983 0.0392 0.0000	</row1>
						<row2>	-0.0009 -0.0392 0.9992 0.0000	</row2>
						<row3>	0.0202 0.4444 0.1537 1.0000	</row3>
					</transform>
				</node>
				<node>
					<identifier>	HP_flag_courtesy	</identifier>
					<transform>
						<row0>	0.9951 -0.0985 -0.0019 0.0000	</row0>
						<row1>	0.0985 0.9944 0.0392 0.0000	</row1>
						<row2>	-0.0019 -0.0392 0.9992 0.0000	</row2>
						<row3>	0.0553 0.4443 0.1537 1.0000	</row3>
					</transform>
				</node>
				<node>
					<identifier>	HP_flag_house	</identifier>
					<transform>
						<row0>	0.9951 0.0985 0.0019 0.0000	</row0>
						<row1>	-0.0985 0.9944 0.0392 0.0000	</row1>
						<row2>	0.0019 -0.0392 0.9992 0.0000	</row2>
						<row3>	-0.0553 0.4443 0.1537 1.0000	</row3>
					</transform>
				</node>
				<node>
					<identifier>	HP_flag_nation	</identifier>
					<transform>
						<row0>	0.9946 -0.1026 0.0128 0.0000	</row0>
						<row1>	0.1026 0.9641 -0.2449 0.0000	</row1>
						<row2>	0.0128 0.2449 0.9695 0.0000	</row2>
						<row3>	0.0465 0.4151 0.3061 1.0000	</row3>
					</transform>
				</node>
			</node>
		</node>
	</skeleton>
	<properties>
		<underwaterModel>	false	</underwaterModel>
		<abovewaterModel>	true	</abovewaterModel>
	</properties>
	<boundingBox>
		<min>	-0.0667 -0.0667 -0.0667	</min>
		<max>	0.0667 0.0667 0.0667	</max>
	</boundingBox>
	<renderSets />
	<lods>
		<lod>
			<extent>	200.0000	</extent>
			<castsShadow>	true	</castsShadow>
			<renderSets />
		</lod>
	</lods>
</ASS301_Archerfish_1944_MidFront_ports.visual>
