<FSD009_Vauquelin_1940_Stern.skel_ext>
	<exported>	true	</exported>
	<node>
		<identifier>	MP_FM011_Reels	</identifier>
		<parent>	Scene Root	</parent>
		<transform>
			<row0>	-1.0000 0.0000 0.0000 0.0000	</row0>
			<row1>	0.0000 1.0000 0.0000 0.0000	</row1>
			<row2>	0.0000 0.0000 -1.0000 0.0000	</row2>
			<row3>	0.0876 0.2249 -3.3680 1.0000	</row3>
		</transform>
	</node>
	<node>
		<identifier>	MP_FM015_Life_Buoy	</identifier>
		<parent>	Scene Root	</parent>
		<transform>
			<row0>	0.2164 0.0000 0.9763 0.0000	</row0>
			<row1>	0.0000 1.0000 0.0000 0.0000	</row1>
			<row2>	-0.9763 0.0000 0.2164 0.0000	</row2>
			<row3>	0.2616 0.2846 -3.8396 1.0000	</row3>
		</transform>
	</node>
	<node>
		<identifier>	MP_FM015_Life_Buoy_INDEX_1	</identifier>
		<parent>	Scene Root	</parent>
		<transform>
			<row0>	0.2164 0.0000 -0.9763 0.0000	</row0>
			<row1>	0.0000 1.0000 0.0000 0.0000	</row1>
			<row2>	0.9763 0.0000 0.2164 0.0000	</row2>
			<row3>	-0.2616 0.2846 -3.8396 1.0000	</row3>
		</transform>
	</node>
	<node>
		<identifier>	MP_FM701_Ammunition_Box	</identifier>
		<parent>	Scene Root	</parent>
		<transform>
			<row0>	0.0000 0.0000 -0.8200 0.0000	</row0>
			<row1>	0.0000 0.8200 0.0000 0.0000	</row1>
			<row2>	0.8200 0.0000 0.0000 0.0000	</row2>
			<row3>	0.1481 0.2234 -3.5828 1.0000	</row3>
		</transform>
	</node>
	<node>
		<identifier>	MP_FM701_Ammunition_Box_INDEX_1	</identifier>
		<parent>	Scene Root	</parent>
		<transform>
			<row0>	0.0000 0.0000 0.8200 0.0000	</row0>
			<row1>	0.0000 0.8200 0.0000 0.0000	</row1>
			<row2>	-0.8200 0.0000 0.0000 0.0000	</row2>
			<row3>	-0.1481 0.2234 -3.5828 1.0000	</row3>
		</transform>
	</node>
	<node>
		<identifier>	MP_FM955_Bollard	</identifier>
		<parent>	Scene Root	</parent>
		<transform>
			<row0>	0.9882 -0.0513 -0.1444 0.0000	</row0>
			<row1>	0.0509 0.9987 -0.0061 0.0000	</row1>
			<row2>	0.1446 -0.0013 0.9895 0.0000	</row2>
			<row3>	0.2214 0.2195 -3.8398 1.0000	</row3>
		</transform>
	</node>
	<node>
		<identifier>	MP_FM955_Bollard_INDEX_1	</identifier>
		<parent>	Scene Root	</parent>
		<transform>
			<row0>	0.9964 0.0661 0.0534 0.0000	</row0>
			<row1>	-0.0662 0.9978 0.0000 0.0000	</row1>
			<row2>	-0.0532 -0.0036 0.9986 0.0000	</row2>
			<row3>	-0.2612 0.2169 -3.4195 1.0000	</row3>
		</transform>
	</node>
	<node>
		<identifier>	MP_FM955_Bollard_INDEX_2	</identifier>
		<parent>	Scene Root	</parent>
		<transform>
			<row0>	0.9964 -0.0661 -0.0534 0.0000	</row0>
			<row1>	0.0662 0.9978 0.0000 0.0000	</row1>
			<row2>	0.0532 -0.0036 0.9986 0.0000	</row2>
			<row3>	0.2612 0.2163 -3.4195 1.0000	</row3>
		</transform>
	</node>
	<node>
		<identifier>	MP_FM955_Bollard_INDEX_3	</identifier>
		<parent>	Scene Root	</parent>
		<transform>
			<row0>	0.9882 0.0513 0.1444 0.0000	</row0>
			<row1>	-0.0509 0.9987 -0.0061 0.0000	</row1>
			<row2>	-0.1446 -0.0013 0.9895 0.0000	</row2>
			<row3>	-0.2212 0.2191 -3.8397 1.0000	</row3>
		</transform>
	</node>
	<node>
		<identifier>	MP_FM969_Winch	</identifier>
		<parent>	Scene Root	</parent>
		<transform>
			<row0>	1.0000 0.0000 0.0000 0.0000	</row0>
			<row1>	0.0000 1.0000 0.0000 0.0000	</row1>
			<row2>	0.0000 0.0000 1.0000 0.0000	</row2>
			<row3>	0.0000 0.2250 -3.6604 1.0000	</row3>
		</transform>
	</node>
</FSD009_Vauquelin_1940_Stern.skel_ext>
