<GSA003_Weser_1943_MidFront.skel_ext>
	<exported>	true	</exported>
	<node>
		<identifier>	MP_GM035_LifeBuoy_Mount	</identifier>
		<parent>	Scene Root	</parent>
		<transform>
			<row0>	-1.0000 0.0000 0.0000 0.0000	</row0>
			<row1>	0.0000 1.0000 0.0000 0.0000	</row1>
			<row2>	0.0000 0.0000 -1.0000 0.0000	</row2>
			<row3>	0.5569 0.3838 1.6135 1.0000	</row3>
		</transform>
	</node>
	<node>
		<identifier>	MP_GM035_LifeBuoy_Mount_INDEX_1	</identifier>
		<parent>	Scene Root	</parent>
		<transform>
			<row0>	-0.9692 0.0000 0.2463 0.0000	</row0>
			<row1>	0.0000 1.0000 0.0000 0.0000	</row1>
			<row2>	-0.2463 0.0000 -0.9692 0.0000	</row2>
			<row3>	0.2962 0.3869 -6.5797 1.0000	</row3>
		</transform>
	</node>
	<node>
		<identifier>	MP_GM035_LifeBuoy_Mount_INDEX_10	</identifier>
		<parent>	Scene Root	</parent>
		<transform>
			<row0>	0.9788 0.0000 -0.2048 0.0000	</row0>
			<row1>	0.0000 1.0000 0.0000 0.0000	</row1>
			<row2>	0.2048 0.0000 0.9788 0.0000	</row2>
			<row3>	-0.2652 0.4478 6.2190 1.0000	</row3>
		</transform>
	</node>
	<node>
		<identifier>	MP_GM035_LifeBuoy_Mount_INDEX_11	</identifier>
		<parent>	Scene Root	</parent>
		<transform>
			<row0>	-0.9998 0.0000 -0.0214 0.0000	</row0>
			<row1>	0.0000 1.0000 0.0000 0.0000	</row1>
			<row2>	0.0214 0.0000 -0.9998 0.0000	</row2>
			<row3>	0.9746 1.2605 2.0261 1.0000	</row3>
		</transform>
	</node>
	<node>
		<identifier>	MP_GM035_LifeBuoy_Mount_INDEX_12	</identifier>
		<parent>	Scene Root	</parent>
		<transform>
			<row0>	-0.9788 0.0000 -0.2048 0.0000	</row0>
			<row1>	0.0000 1.0000 0.0000 0.0000	</row1>
			<row2>	0.2048 0.0000 -0.9788 0.0000	</row2>
			<row3>	0.2652 0.4478 6.2190 1.0000	</row3>
		</transform>
	</node>
	<node>
		<identifier>	MP_GM035_LifeBuoy_Mount_INDEX_13	</identifier>
		<parent>	Scene Root	</parent>
		<transform>
			<row0>	0.9692 0.0000 0.2463 0.0000	</row0>
			<row1>	0.0000 1.0000 0.0000 0.0000	</row1>
			<row2>	-0.2463 0.0000 0.9692 0.0000	</row2>
			<row3>	-0.2962 0.3869 -6.5797 1.0000	</row3>
		</transform>
	</node>
	<node>
		<identifier>	MP_GM035_LifeBuoy_Mount_INDEX_2	</identifier>
		<parent>	Scene Root	</parent>
		<transform>
			<row0>	-1.0000 0.0000 0.0000 0.0000	</row0>
			<row1>	0.0000 1.0000 0.0000 0.0000	</row1>
			<row2>	0.0000 0.0000 -1.0000 0.0000	</row2>
			<row3>	0.5526 0.3838 -2.2938 1.0000	</row3>
		</transform>
	</node>
	<node>
		<identifier>	MP_GM035_LifeBuoy_Mount_INDEX_3	</identifier>
		<parent>	Scene Root	</parent>
		<transform>
			<row0>	-0.9999 0.0000 -0.0100 0.0000	</row0>
			<row1>	0.0000 1.0000 0.0000 0.0000	</row1>
			<row2>	0.0100 0.0000 -0.9999 0.0000	</row2>
			<row3>	1.0701 0.9306 -0.3192 1.0000	</row3>
		</transform>
	</node>
	<node>
		<identifier>	MP_GM035_LifeBuoy_Mount_INDEX_4	</identifier>
		<parent>	Scene Root	</parent>
		<transform>
			<row0>	0.9941 0.0000 0.1081 0.0000	</row0>
			<row1>	0.0000 1.0000 0.0000 0.0000	</row1>
			<row2>	-0.1081 0.0000 0.9941 0.0000	</row2>
			<row3>	-0.5253 0.3712 -5.0871 1.0000	</row3>
		</transform>
	</node>
	<node>
		<identifier>	MP_GM035_LifeBuoy_Mount_INDEX_5	</identifier>
		<parent>	Scene Root	</parent>
		<transform>
			<row0>	-0.9941 0.0000 0.1081 0.0000	</row0>
			<row1>	0.0000 1.0000 0.0000 0.0000	</row1>
			<row2>	-0.1081 0.0000 -0.9941 0.0000	</row2>
			<row3>	0.5253 0.3712 -5.0871 1.0000	</row3>
		</transform>
	</node>
	<node>
		<identifier>	MP_GM035_LifeBuoy_Mount_INDEX_6	</identifier>
		<parent>	Scene Root	</parent>
		<transform>
			<row0>	0.9988 0.0000 0.0497 0.0000	</row0>
			<row1>	0.0000 1.0000 0.0000 0.0000	</row1>
			<row2>	-0.0497 0.0000 0.9988 0.0000	</row2>
			<row3>	-0.9693 0.6931 -4.0084 1.0000	</row3>
		</transform>
	</node>
	<node>
		<identifier>	MP_GM035_LifeBuoy_Mount_INDEX_7	</identifier>
		<parent>	Scene Root	</parent>
		<transform>
			<row0>	0.9996 0.0000 -0.0291 0.0000	</row0>
			<row1>	0.0000 1.0000 0.0000 0.0000	</row1>
			<row2>	0.0291 0.0000 0.9996 0.0000	</row2>
			<row3>	-0.9891 0.6892 2.7188 1.0000	</row3>
		</transform>
	</node>
	<node>
		<identifier>	MP_GM035_LifeBuoy_Mount_INDEX_8	</identifier>
		<parent>	Scene Root	</parent>
		<transform>
			<row0>	1.0000 0.0000 0.0000 0.0000	</row0>
			<row1>	0.0000 1.0000 0.0000 0.0000	</row1>
			<row2>	0.0000 0.0000 1.0000 0.0000	</row2>
			<row3>	-0.5526 0.3838 -2.2938 1.0000	</row3>
		</transform>
	</node>
	<node>
		<identifier>	MP_GM035_LifeBuoy_Mount_INDEX_9	</identifier>
		<parent>	Scene Root	</parent>
		<transform>
			<row0>	-0.9988 0.0000 0.0497 0.0000	</row0>
			<row1>	0.0000 1.0000 0.0000 0.0000	</row1>
			<row2>	-0.0497 0.0000 -0.9988 0.0000	</row2>
			<row3>	0.9693 0.6931 -4.0084 1.0000	</row3>
		</transform>
	</node>
	<node>
		<identifier>	MP_GM053_Monogramm_Hipper	</identifier>
		<parent>	Scene Root	</parent>
		<transform>
			<row0>	0.6094 0.0000 0.0000 0.0000	</row0>
			<row1>	0.0000 0.6073 0.0503 0.0000	</row1>
			<row2>	0.0000 -0.0293 0.3539 0.0000	</row2>
			<row3>	0.0000 0.3093 -7.0012 1.0000	</row3>
		</transform>
	</node>
	<node>
		<identifier>	SP_YMS055_YHDB_M_1	</identifier>
		<parent>	Scene Root	</parent>
		<transform>
			<row0>	0.5370 0.0000 0.0000 0.0000	</row0>
			<row1>	0.0000 0.5370 0.0000 0.0000	</row1>
			<row2>	0.0000 0.0000 0.5370 0.0000	</row2>
			<row3>	0.0000 0.7441 4.5648 1.0000	</row3>
		</transform>
	</node>
	<node>
		<identifier>	SP_YMS057_YHDH_M_1	</identifier>
		<parent>	Scene Root	</parent>
		<transform>
			<row0>	0.9255 0.0000 0.0000 0.0000	</row0>
			<row1>	0.0000 0.9255 0.0000 0.0000	</row1>
			<row2>	0.0000 0.0000 0.9255 0.0000	</row2>
			<row3>	0.0000 0.7441 2.7282 1.0000	</row3>
		</transform>
	</node>
</GSA003_Weser_1943_MidFront.skel_ext>
