<ASA013_Essex_1945_MidBack.skel_ext>
	<exported>	true	</exported>
	<node>
		<identifier>	MP_AM001_Bollard_2	</identifier>
		<parent>	Scene Root	</parent>
		<transform>
			<row0>	1.0000 0.0000 0.0000 0.0000	</row0>
			<row1>	0.0000 1.0000 0.0000 0.0000	</row1>
			<row2>	0.0000 0.0000 1.0000 0.0000	</row2>
			<row3>	0.8752 0.6103 -4.0396 1.0000	</row3>
		</transform>
	</node>
	<node>
		<identifier>	MP_AM004_Fairlead_2	</identifier>
		<parent>	Scene Root	</parent>
		<transform>
			<row0>	0.0000 0.0000 -1.7000 0.0000	</row0>
			<row1>	0.0000 1.7000 0.0000 0.0000	</row1>
			<row2>	1.7000 0.0000 0.0000 0.0000	</row2>
			<row3>	0.9721 0.6105 -4.3768 1.0000	</row3>
		</transform>
	</node>
	<node>
		<identifier>	MP_AM054_Boat_6	</identifier>
		<parent>	Scene Root	</parent>
		<transform>
			<row0>	0.9731 -0.2302 0.0000 0.0000	</row0>
			<row1>	0.2302 0.9731 0.0000 0.0000	</row1>
			<row2>	0.0000 0.0000 1.0000 0.0000	</row2>
			<row3>	-1.4273 1.0617 -4.1603 1.0000	</row3>
		</transform>
	</node>
	<node>
		<identifier>	MP_AM054_Boat_6_INDEX_1	</identifier>
		<parent>	Scene Root	</parent>
		<transform>
			<row0>	0.9797 0.2007 0.0000 0.0000	</row0>
			<row1>	-0.2007 0.9797 0.0000 0.0000	</row1>
			<row2>	0.0000 0.0000 1.0000 0.0000	</row2>
			<row3>	1.1096 1.0663 -4.4434 1.0000	</row3>
		</transform>
	</node>
	<node>
		<identifier>	MP_AM054_Boat_6_INDEX_10	</identifier>
		<parent>	Scene Root	</parent>
		<transform>
			<row0>	0.9797 0.2007 0.0000 0.0000	</row0>
			<row1>	-0.2007 0.9797 0.0000 0.0000	</row1>
			<row2>	0.0000 0.0000 1.0000 0.0000	</row2>
			<row3>	1.0574 1.1468 -2.4110 1.0000	</row3>
		</transform>
	</node>
	<node>
		<identifier>	MP_AM054_Boat_6_INDEX_11	</identifier>
		<parent>	Scene Root	</parent>
		<transform>
			<row0>	0.9797 0.2007 0.0000 0.0000	</row0>
			<row1>	-0.2007 0.9797 0.0000 0.0000	</row1>
			<row2>	0.0000 0.0000 1.0000 0.0000	</row2>
			<row3>	1.0574 1.2658 -1.8511 1.0000	</row3>
		</transform>
	</node>
	<node>
		<identifier>	MP_AM054_Boat_6_INDEX_2	</identifier>
		<parent>	Scene Root	</parent>
		<transform>
			<row0>	0.9731 -0.2302 0.0000 0.0000	</row0>
			<row1>	0.2302 0.9731 0.0000 0.0000	</row1>
			<row2>	0.0000 0.0000 1.0000 0.0000	</row2>
			<row3>	-1.4273 1.0617 -4.4107 1.0000	</row3>
		</transform>
	</node>
	<node>
		<identifier>	MP_AM054_Boat_6_INDEX_3	</identifier>
		<parent>	Scene Root	</parent>
		<transform>
			<row0>	0.9731 -0.2302 0.0000 0.0000	</row0>
			<row1>	0.2302 0.9731 0.0000 0.0000	</row1>
			<row2>	0.0000 0.0000 1.0000 0.0000	</row2>
			<row3>	-1.4274 1.0619 -1.4111 1.0000	</row3>
		</transform>
	</node>
	<node>
		<identifier>	MP_AM054_Boat_6_INDEX_4	</identifier>
		<parent>	Scene Root	</parent>
		<transform>
			<row0>	0.9731 -0.2302 0.0000 0.0000	</row0>
			<row1>	0.2302 0.9731 0.0000 0.0000	</row1>
			<row2>	0.0000 0.0000 1.0000 0.0000	</row2>
			<row3>	-1.4273 1.0617 -3.9104 1.0000	</row3>
		</transform>
	</node>
	<node>
		<identifier>	MP_AM054_Boat_6_INDEX_5	</identifier>
		<parent>	Scene Root	</parent>
		<transform>
			<row0>	0.9797 0.2007 0.0000 0.0000	</row0>
			<row1>	-0.2007 0.9797 0.0000 0.0000	</row1>
			<row2>	0.0000 0.0000 1.0000 0.0000	</row2>
			<row3>	1.1096 1.0663 -4.6676 1.0000	</row3>
		</transform>
	</node>
	<node>
		<identifier>	MP_AM054_Boat_6_INDEX_6	</identifier>
		<parent>	Scene Root	</parent>
		<transform>
			<row0>	0.9797 0.2007 0.0000 0.0000	</row0>
			<row1>	-0.2007 0.9797 0.0000 0.0000	</row1>
			<row2>	0.0000 0.0000 1.0000 0.0000	</row2>
			<row3>	1.1096 1.0663 -4.8894 1.0000	</row3>
		</transform>
	</node>
	<node>
		<identifier>	MP_AM054_Boat_6_INDEX_7	</identifier>
		<parent>	Scene Root	</parent>
		<transform>
			<row0>	0.9797 0.2007 0.0000 0.0000	</row0>
			<row1>	-0.2007 0.9797 0.0000 0.0000	</row1>
			<row2>	0.0000 0.0000 1.0000 0.0000	</row2>
			<row3>	1.1096 1.0663 -4.2202 1.0000	</row3>
		</transform>
	</node>
	<node>
		<identifier>	MP_AM054_Boat_6_INDEX_8	</identifier>
		<parent>	Scene Root	</parent>
		<transform>
			<row0>	0.9731 -0.2302 0.0000 0.0000	</row0>
			<row1>	0.2302 0.9731 0.0000 0.0000	</row1>
			<row2>	0.0000 0.0000 1.0000 0.0000	</row2>
			<row3>	-1.4273 1.0617 -4.6655 1.0000	</row3>
		</transform>
	</node>
	<node>
		<identifier>	MP_AM054_Boat_6_INDEX_9	</identifier>
		<parent>	Scene Root	</parent>
		<transform>
			<row0>	0.9797 0.2007 0.0000 0.0000	</row0>
			<row1>	-0.2007 0.9797 0.0000 0.0000	</row1>
			<row2>	0.0000 0.0000 1.0000 0.0000	</row2>
			<row3>	1.1096 1.0663 -3.9967 1.0000	</row3>
		</transform>
	</node>
	<node>
		<identifier>	MP_AM073_Floater_Net_Basket_1	</identifier>
		<parent>	Scene Root	</parent>
		<transform>
			<row0>	0.0000 0.0000 1.0000 0.0000	</row0>
			<row1>	0.0000 1.0000 0.0000 0.0000	</row1>
			<row2>	-1.0000 0.0000 0.0000 0.0000	</row2>
			<row3>	-1.3807 1.1136 -2.1637 1.0000	</row3>
		</transform>
	</node>
	<node>
		<identifier>	MP_AM073_Floater_Net_Basket_1_INDEX_1	</identifier>
		<parent>	Scene Root	</parent>
		<transform>
			<row0>	0.0000 0.0000 -1.0000 0.0000	</row0>
			<row1>	0.0000 1.0000 0.0000 0.0000	</row1>
			<row2>	1.0000 0.0000 0.0000 0.0000	</row2>
			<row3>	1.0353 1.1308 -5.6003 1.0000	</row3>
		</transform>
	</node>
	<node>
		<identifier>	MP_AM074_Floater_Net_Basket_2	</identifier>
		<parent>	Scene Root	</parent>
		<transform>
			<row0>	0.0000 0.0000 1.0000 0.0000	</row0>
			<row1>	0.0000 1.0000 0.0000 0.0000	</row1>
			<row2>	-1.0000 0.0000 0.0000 0.0000	</row2>
			<row3>	-1.3807 1.1136 -1.9173 1.0000	</row3>
		</transform>
	</node>
	<node>
		<identifier>	MP_AM074_Floater_Net_Basket_2_INDEX_1	</identifier>
		<parent>	Scene Root	</parent>
		<transform>
			<row0>	0.0000 0.0000 -1.0000 0.0000	</row0>
			<row1>	0.0000 1.0000 0.0000 0.0000	</row1>
			<row2>	1.0000 0.0000 0.0000 0.0000	</row2>
			<row3>	1.0631 1.1136 -2.9868 1.0000	</row3>
		</transform>
	</node>
	<node>
		<identifier>	MP_AM074_Floater_Net_Basket_2_INDEX_2	</identifier>
		<parent>	Scene Root	</parent>
		<transform>
			<row0>	0.0000 0.0000 -1.0000 0.0000	</row0>
			<row1>	0.0000 1.0000 0.0000 0.0000	</row1>
			<row2>	1.0000 0.0000 0.0000 0.0000	</row2>
			<row3>	1.0353 1.1308 -5.8728 1.0000	</row3>
		</transform>
	</node>
	<node>
		<identifier>	MP_AM074_Floater_Net_Basket_2_INDEX_3	</identifier>
		<parent>	Scene Root	</parent>
		<transform>
			<row0>	0.0000 0.0000 1.0000 0.0000	</row0>
			<row1>	0.0000 1.0000 0.0000 0.0000	</row1>
			<row2>	-1.0000 0.0000 0.0000 0.0000	</row2>
			<row3>	-1.3807 1.1136 -2.4082 1.0000	</row3>
		</transform>
	</node>
	<node>
		<identifier>	MP_AM074_Floater_Net_Basket_2_INDEX_4	</identifier>
		<parent>	Scene Root	</parent>
		<transform>
			<row0>	0.0000 0.0000 -1.0000 0.0000	</row0>
			<row1>	0.0000 1.0000 0.0000 0.0000	</row1>
			<row2>	1.0000 0.0000 0.0000 0.0000	</row2>
			<row3>	1.0631 1.1136 -3.5652 1.0000	</row3>
		</transform>
	</node>
	<node>
		<identifier>	MP_AM074_Floater_Net_Basket_2_INDEX_5	</identifier>
		<parent>	Scene Root	</parent>
		<transform>
			<row0>	0.0000 0.0000 1.0000 0.0000	</row0>
			<row1>	0.0000 1.0000 0.0000 0.0000	</row1>
			<row2>	-1.0000 0.0000 0.0000 0.0000	</row2>
			<row3>	-1.3818 1.1136 -3.6342 1.0000	</row3>
		</transform>
	</node>
	<node>
		<identifier>	MP_AM074_Floater_Net_Basket_2_INDEX_6	</identifier>
		<parent>	Scene Root	</parent>
		<transform>
			<row0>	0.0000 0.0000 1.0000 0.0000	</row0>
			<row1>	0.0000 1.0000 0.0000 0.0000	</row1>
			<row2>	-1.0000 0.0000 0.0000 0.0000	</row2>
			<row3>	-1.3807 1.1136 -1.6692 1.0000	</row3>
		</transform>
	</node>
	<node>
		<identifier>	MP_AM074_Floater_Net_Basket_2_INDEX_7	</identifier>
		<parent>	Scene Root	</parent>
		<transform>
			<row0>	0.0000 0.0000 1.0000 0.0000	</row0>
			<row1>	0.0000 1.0000 0.0000 0.0000	</row1>
			<row2>	-1.0000 0.0000 0.0000 0.0000	</row2>
			<row3>	-1.3818 1.1136 -3.3678 1.0000	</row3>
		</transform>
	</node>
	<node>
		<identifier>	MP_AM074_Floater_Net_Basket_2_INDEX_8	</identifier>
		<parent>	Scene Root	</parent>
		<transform>
			<row0>	0.0000 0.0000 -1.0000 0.0000	</row0>
			<row1>	0.0000 1.0000 0.0000 0.0000	</row1>
			<row2>	1.0000 0.0000 0.0000 0.0000	</row2>
			<row3>	1.0631 1.1136 -3.3124 1.0000	</row3>
		</transform>
	</node>
	<node>
		<identifier>	MP_AM091_Whaleboat_26ft	</identifier>
		<parent>	Scene Root	</parent>
		<transform>
			<row0>	1.0000 0.0000 0.0000 0.0000	</row0>
			<row1>	0.0000 1.0000 0.0000 0.0000	</row1>
			<row2>	0.0000 0.0000 1.0000 0.0000	</row2>
			<row3>	0.8519 0.6734 -5.5842 1.0000	</row3>
		</transform>
	</node>
	<node>
		<identifier>	MP_AM291_AirCraft_Crane	</identifier>
		<parent>	Scene Root	</parent>
		<transform>
			<row0>	0.9955 0.0000 0.0000 0.0000	</row0>
			<row1>	0.0000 0.9955 0.0000 0.0000	</row1>
			<row2>	0.0000 0.0000 0.9955 0.0000	</row2>
			<row3>	0.8895 0.6090 -6.0851 1.0000	</row3>
		</transform>
	</node>
	<node>
		<identifier>	MP_AM549_Life_Buoy	</identifier>
		<parent>	Scene Root	</parent>
		<transform>
			<row0>	0.0000 0.0000 1.0000 0.0000	</row0>
			<row1>	0.0000 1.0000 0.0000 0.0000	</row1>
			<row2>	-1.0000 0.0000 0.0000 0.0000	</row2>
			<row3>	0.8489 0.6714 -5.0479 1.0000	</row3>
		</transform>
	</node>
	<node>
		<identifier>	MP_AM549_Life_Buoy_INDEX_1	</identifier>
		<parent>	Scene Root	</parent>
		<transform>
			<row0>	1.0000 0.0000 0.0000 0.0000	</row0>
			<row1>	0.0000 1.0000 0.0000 0.0000	</row1>
			<row2>	0.0000 0.0000 1.0000 0.0000	</row2>
			<row3>	0.9809 1.2531 -2.6902 1.0000	</row3>
		</transform>
	</node>
	<node>
		<identifier>	MP_CM002_Propeller4_L	</identifier>
		<parent>	Scene Root	</parent>
		<transform>
			<row0>	1.2000 0.0000 0.0000 0.0000	</row0>
			<row1>	0.0000 1.1988 -0.0533 0.0000	</row1>
			<row2>	0.0000 0.0533 1.1988 0.0000	</row2>
			<row3>	-0.5978 -0.4927 -5.3892 1.0000	</row3>
		</transform>
	</node>
	<node>
		<identifier>	MP_CM025_Stairway_Big_R	</identifier>
		<parent>	Scene Root	</parent>
		<transform>
			<row0>	1.0000 0.0000 0.0000 0.0000	</row0>
			<row1>	0.0000 1.0000 0.0000 0.0000	</row1>
			<row2>	0.0000 0.0000 1.0000 0.0000	</row2>
			<row3>	1.0171 0.6100 -3.6876 1.0000	</row3>
		</transform>
	</node>
	<node>
		<identifier>	MP_CM033_Propeller4_R	</identifier>
		<parent>	Scene Root	</parent>
		<transform>
			<row0>	1.2000 0.0000 0.0000 0.0000	</row0>
			<row1>	0.0000 1.1988 -0.0533 0.0000	</row1>
			<row2>	0.0000 0.0533 1.1988 0.0000	</row2>
			<row3>	0.5978 -0.4927 -5.3892 1.0000	</row3>
		</transform>
	</node>
	<node>
		<identifier>	SP_YMS011_YHWL_M_1	</identifier>
		<parent>	Scene Root	</parent>
		<transform>
			<row0>	0.8945 0.4442 0.0492 0.0000	</row0>
			<row1>	-0.4426 0.8958 -0.0411 0.0000	</row1>
			<row2>	-0.0624 0.0150 0.9979 0.0000	</row2>
			<row3>	-0.8726 0.0160 -5.0350 1.0000	</row3>
		</transform>
	</node>
	<node>
		<identifier>	SP_YMS011_YHWL_M_1_INDEX_10	</identifier>
		<parent>	Scene Root	</parent>
		<transform>
			<row0>	0.8949 0.4449 0.0343 0.0000	</row0>
			<row1>	-0.4447 0.8956 -0.0153 0.0000	</row1>
			<row2>	-0.0375 -0.0015 0.9993 0.0000	</row2>
			<row3>	-0.9103 0.0143 -4.1878 1.0000	</row3>
		</transform>
	</node>
	<node>
		<identifier>	SP_YMS011_YHWL_M_1_INDEX_11	</identifier>
		<parent>	Scene Root	</parent>
		<transform>
			<row0>	0.9741 0.2250 0.0229 0.0000	</row0>
			<row1>	-0.2249 0.9744 -0.0050 0.0000	</row1>
			<row2>	-0.0235 -0.0002 0.9997 0.0000	</row2>
			<row3>	-0.9712 0.0100 -2.5214 1.0000	</row3>
		</transform>
	</node>
	<node>
		<identifier>	SP_YMS011_YHWL_M_1_INDEX_12	</identifier>
		<parent>	Scene Root	</parent>
		<transform>
			<row0>	0.9984 0.0494 0.0275 0.0000	</row0>
			<row1>	-0.0493 0.9988 -0.0011 0.0000	</row1>
			<row2>	-0.0276 -0.0003 0.9996 0.0000	</row2>
			<row3>	-0.9988 0.0092 -1.6790 1.0000	</row3>
		</transform>
	</node>
	<node>
		<identifier>	SP_YMS011_YHWL_M_1_INDEX_7	</identifier>
		<parent>	Scene Root	</parent>
		<transform>
			<row0>	0.9655 0.2587 0.0315 0.0000	</row0>
			<row1>	-0.2585 0.9660 -0.0093 0.0000	</row1>
			<row2>	-0.0328 0.0009 0.9995 0.0000	</row2>
			<row3>	-0.9462 0.0125 -3.3530 1.0000	</row3>
		</transform>
	</node>
	<node>
		<identifier>	SP_YMS012_YHWR_M_1_INDEX_16	</identifier>
		<parent>	Scene Root	</parent>
		<transform>
			<row0>	0.9064 -0.4223 -0.0126 0.0000	</row0>
			<row1>	0.4222 0.9064 -0.0146 0.0000	</row1>
			<row2>	0.0176 0.0080 0.9998 0.0000	</row2>
			<row3>	0.9359 0.0100 -3.3531 1.0000	</row3>
		</transform>
	</node>
	<node>
		<identifier>	SP_YMS012_YHWR_M_1_INDEX_2	</identifier>
		<parent>	Scene Root	</parent>
		<transform>
			<row0>	0.9743 -0.2249 0.0092 0.0000	</row0>
			<row1>	0.2249 0.9744 -0.0050 0.0000	</row1>
			<row2>	-0.0078 0.0070 0.9999 0.0000	</row2>
			<row3>	0.9687 0.0067 -2.5178 1.0000	</row3>
		</transform>
	</node>
	<node>
		<identifier>	SP_YMS012_YHWR_M_1_INDEX_5	</identifier>
		<parent>	Scene Root	</parent>
		<transform>
			<row0>	0.9984 -0.0494 -0.0275 0.0000	</row0>
			<row1>	0.0493 0.9988 -0.0011 0.0000	</row1>
			<row2>	0.0276 -0.0003 0.9996 0.0000	</row2>
			<row3>	0.9905 0.0097 -1.6767 1.0000	</row3>
		</transform>
	</node>
	<node>
		<identifier>	SP_YMS012_YHWR_M_1_INDEX_7	</identifier>
		<parent>	Scene Root	</parent>
		<transform>
			<row0>	0.8949 -0.4449 -0.0343 0.0000	</row0>
			<row1>	0.4447 0.8956 -0.0153 0.0000	</row1>
			<row2>	0.0375 -0.0015 0.9993 0.0000	</row2>
			<row3>	0.9104 0.0097 -4.1881 1.0000	</row3>
		</transform>
	</node>
	<node>
		<identifier>	SP_YMS012_YHWR_M_1_INDEX_8	</identifier>
		<parent>	Scene Root	</parent>
		<transform>
			<row0>	0.8924 -0.4445 -0.0775 0.0000	</row0>
			<row1>	0.4426 0.8958 -0.0411 0.0000	</row1>
			<row2>	0.0877 0.0024 0.9961 0.0000	</row2>
			<row3>	0.8842 0.0134 -5.0360 1.0000	</row3>
		</transform>
	</node>
	<node>
		<identifier>	SP_YMS021_YHUC_S_1_INDEX_5	</identifier>
		<parent>	Scene Root	</parent>
		<transform>
			<row0>	-0.7695 -2.1164 0.0506 0.0000	</row0>
			<row1>	2.1077 -0.7710 -0.1926 0.0000	</row1>
			<row2>	0.1983 -0.0185 2.2437 0.0000	</row2>
			<row3>	0.9354 -0.3373 -1.6675 1.0000	</row3>
		</transform>
	</node>
	<node>
		<identifier>	SP_YMS021_YHUC_S_1_INDEX_8	</identifier>
		<parent>	Scene Root	</parent>
		<transform>
			<row0>	-0.7695 2.1164 -0.0506 0.0000	</row0>
			<row1>	-2.1077 -0.7710 -0.1926 0.0000	</row1>
			<row2>	-0.1983 -0.0185 2.2437 0.0000	</row2>
			<row3>	-0.9354 -0.3373 -1.6675 1.0000	</row3>
		</transform>
	</node>
	<node>
		<identifier>	SP_YMS023_YHUC_L_1_INDEX_2	</identifier>
		<parent>	Scene Root	</parent>
		<transform>
			<row0>	1.0297 -0.0005 -0.1131 0.0000	</row0>
			<row1>	-0.0046 1.0349 -0.0464 0.0000	</row1>
			<row2>	0.1130 0.0466 1.0287 0.0000	</row2>
			<row3>	-0.5976 -0.4925 -5.3886 1.0000	</row3>
		</transform>
	</node>
	<node>
		<identifier>	SP_YMS023_YHUC_L_1_INDEX_3	</identifier>
		<parent>	Scene Root	</parent>
		<transform>
			<row0>	1.0297 0.0005 0.1131 0.0000	</row0>
			<row1>	0.0046 1.0349 -0.0464 0.0000	</row1>
			<row2>	-0.1130 0.0466 1.0287 0.0000	</row2>
			<row3>	0.5978 -0.4927 -5.3892 1.0000	</row3>
		</transform>
	</node>
	<node>
		<identifier>	SP_YMS041_YHCS_M_1_INDEX_2	</identifier>
		<parent>	Scene Root	</parent>
		<transform>
			<row0>	1.0000 0.0000 0.0000 0.0000	</row0>
			<row1>	0.0000 1.0000 0.0000 0.0000	</row1>
			<row2>	0.0000 0.0000 1.0000 0.0000	</row2>
			<row3>	0.8519 0.6551 -5.5842 1.0000	</row3>
		</transform>
	</node>
	<node>
		<identifier>	SP_YMS057_YHDH_M_1_INDEX_1	</identifier>
		<parent>	Scene Root	</parent>
		<transform>
			<row0>	1.2289 0.0000 0.0000 0.0000	</row0>
			<row1>	0.0000 0.8800 0.0000 0.0000	</row1>
			<row2>	0.0000 0.0000 1.2289 0.0000	</row2>
			<row3>	0.0880 1.2047 -2.8964 1.0000	</row3>
		</transform>
	</node>
	<node>
		<identifier>	SP_YMS063_YHGQ_S_1	</identifier>
		<parent>	Scene Root	</parent>
		<transform>
			<row0>	0.4596 0.0000 0.3857 0.0000	</row0>
			<row1>	0.0000 0.6000 0.0000 0.0000	</row1>
			<row2>	-0.3857 0.0000 0.4596 0.0000	</row2>
			<row3>	1.0624 1.1847 -4.9171 1.0000	</row3>
		</transform>
	</node>
	<node>
		<identifier>	SP_YMS063_YHGQ_S_1_INDEX_3	</identifier>
		<parent>	Scene Root	</parent>
		<transform>
			<row0>	-0.4500 0.0000 0.5362 0.0000	</row0>
			<row1>	0.0000 0.7000 0.0000 0.0000	</row1>
			<row2>	-0.5362 0.0000 -0.4500 0.0000	</row2>
			<row3>	1.0485 1.1847 -3.9761 1.0000	</row3>
		</transform>
	</node>
	<node>
		<identifier>	SP_YMS063_YHGQ_S_1_INDEX_6	</identifier>
		<parent>	Scene Root	</parent>
		<transform>
			<row0>	0.0994 0.0000 1.1363 0.0000	</row0>
			<row1>	0.0000 1.1407 0.0000 0.0000	</row1>
			<row2>	-1.1363 0.0000 0.0994 0.0000	</row2>
			<row3>	0.8433 1.5593 -1.4197 1.0000	</row3>
		</transform>
	</node>
	<node>
		<identifier>	SP_YMS063_YHGQ_S_1_INDEX_9	</identifier>
		<parent>	Scene Root	</parent>
		<transform>
			<row0>	0.0000 0.0000 -1.1347 0.0000	</row0>
			<row1>	0.0000 1.1347 0.0000 0.0000	</row1>
			<row2>	1.1347 0.0000 0.0000 0.0000	</row2>
			<row3>	0.8443 1.5576 -1.4191 1.0000	</row3>
		</transform>
	</node>
	<node>
		<identifier>	SP_YMS072_YHHC_M_1_INDEX_1	</identifier>
		<parent>	Scene Root	</parent>
		<transform>
			<row0>	0.0000 0.0000 -1.4500 0.0000	</row0>
			<row1>	0.0000 1.4500 0.0000 0.0000	</row1>
			<row2>	1.4500 0.0000 0.0000 0.0000	</row2>
			<row3>	-0.9740 0.3003 -1.3678 1.0000	</row3>
		</transform>
	</node>
	<node>
		<identifier>	SP_YMS072_YHHC_M_1_INDEX_2	</identifier>
		<parent>	Scene Root	</parent>
		<transform>
			<row0>	0.0000 0.0000 1.4500 0.0000	</row0>
			<row1>	0.0000 1.4500 0.0000 0.0000	</row1>
			<row2>	-1.4500 0.0000 0.0000 0.0000	</row2>
			<row3>	0.9828 0.3205 -1.3678 1.0000	</row3>
		</transform>
	</node>
	<node>
		<identifier>	SP_YMS073_YHHC_M_2_INDEX_2	</identifier>
		<parent>	Scene Root	</parent>
		<transform>
			<row0>	0.0000 0.0000 1.4500 0.0000	</row0>
			<row1>	0.0000 1.4500 0.0000 0.0000	</row1>
			<row2>	-1.4500 0.0000 0.0000 0.0000	</row2>
			<row3>	0.9714 0.3575 -3.6193 1.0000	</row3>
		</transform>
	</node>
	<node>
		<identifier>	SP_YMS073_YHHC_M_2_INDEX_3	</identifier>
		<parent>	Scene Root	</parent>
		<transform>
			<row0>	0.0000 0.0000 -1.4500 0.0000	</row0>
			<row1>	0.0000 1.4500 0.0000 0.0000	</row1>
			<row2>	1.4500 0.0000 0.0000 0.0000	</row2>
			<row3>	-0.9714 0.3575 -3.6193 1.0000	</row3>
		</transform>
	</node>
	<node>
		<identifier>	SP_YMS080_YHSL_M_1	</identifier>
		<parent>	Scene Root	</parent>
		<transform>
			<row0>	1.4440 0.1263 -0.0367 0.0000	</row0>
			<row1>	-0.1258 1.4444 0.0196 0.0000	</row1>
			<row2>	0.0382 -0.0163 1.4494 0.0000	</row2>
			<row3>	-0.9772 0.4062 -5.0258 1.0000	</row3>
		</transform>
	</node>
	<node>
		<identifier>	SP_YMS081_YHSR_M_1	</identifier>
		<parent>	Scene Root	</parent>
		<transform>
			<row0>	1.4445 -0.1259 0.0000 0.0000	</row0>
			<row1>	0.1258 1.4444 0.0196 0.0000	</row1>
			<row2>	-0.0017 -0.0195 1.4499 0.0000	</row2>
			<row3>	0.9850 0.4095 -5.3215 1.0000	</row3>
		</transform>
	</node>
	<node>
		<identifier>	SP_YMS083_YHSC_L_1_INDEX_2	</identifier>
		<parent>	Scene Root	</parent>
		<transform>
			<row0>	0.0000 0.0000 -1.6000 0.0000	</row0>
			<row1>	0.0000 1.6000 0.0000 0.0000	</row1>
			<row2>	1.6000 0.0000 0.0000 0.0000	</row2>
			<row3>	-0.9814 0.6107 -2.8111 1.0000	</row3>
		</transform>
	</node>
	<node>
		<identifier>	SP_YMS083_YHSC_L_1_INDEX_3	</identifier>
		<parent>	Scene Root	</parent>
		<transform>
			<row0>	0.0000 0.0000 1.6000 0.0000	</row0>
			<row1>	0.0000 1.6000 0.0000 0.0000	</row1>
			<row2>	-1.6000 0.0000 0.0000 0.0000	</row2>
			<row3>	0.9814 0.6107 -2.8111 1.0000	</row3>
		</transform>
	</node>
	<node>
		<identifier>	SP_YMS095_YHZC_M_1_INDEX_11	</identifier>
		<parent>	Scene Root	</parent>
		<transform>
			<row0>	0.0000 0.0000 0.6500 0.0000	</row0>
			<row1>	0.0000 0.6500 0.0000 0.0000	</row1>
			<row2>	-0.6500 0.0000 0.0000 0.0000	</row2>
			<row3>	1.1602 1.1847 -4.6764 1.0000	</row3>
		</transform>
	</node>
	<node>
		<identifier>	SP_YMS095_YHZC_M_1_INDEX_2	</identifier>
		<parent>	Scene Root	</parent>
		<transform>
			<row0>	0.0000 0.0000 -0.6500 0.0000	</row0>
			<row1>	0.0000 0.6500 0.0000 0.0000	</row1>
			<row2>	0.6500 0.0000 0.0000 0.0000	</row2>
			<row3>	-1.4787 1.1844 -4.5127 1.0000	</row3>
		</transform>
	</node>
	<node>
		<identifier>	SP_YMS095_YHZC_M_1_INDEX_4	</identifier>
		<parent>	Scene Root	</parent>
		<transform>
			<row0>	0.0000 0.0000 0.6500 0.0000	</row0>
			<row1>	0.0000 0.6500 0.0000 0.0000	</row1>
			<row2>	-0.6500 0.0000 0.0000 0.0000	</row2>
			<row3>	1.1602 1.1847 -4.2316 1.0000	</row3>
		</transform>
	</node>
	<node>
		<identifier>	SP_YMS095_YHZC_M_1_INDEX_5	</identifier>
		<parent>	Scene Root	</parent>
		<transform>
			<row0>	0.0000 0.0000 -0.6500 0.0000	</row0>
			<row1>	0.0000 0.6500 0.0000 0.0000	</row1>
			<row2>	0.6500 0.0000 0.0000 0.0000	</row2>
			<row3>	-1.4787 1.1844 -1.3357 1.0000	</row3>
		</transform>
	</node>
	<node>
		<identifier>	SP_YMS096_YHZC_S_1_INDEX_17	</identifier>
		<parent>	Scene Root	</parent>
		<transform>
			<row0>	0.0000 0.0000 -0.6419 0.0000	</row0>
			<row1>	0.0000 0.6419 0.0000 0.0000	</row1>
			<row2>	0.6419 0.0000 0.0000 0.0000	</row2>
			<row3>	-1.4787 1.1844 -4.8151 1.0000	</row3>
		</transform>
	</node>
	<node>
		<identifier>	SP_YMS096_YHZC_S_1_INDEX_19	</identifier>
		<parent>	Scene Root	</parent>
		<transform>
			<row0>	0.0000 0.0000 -0.5912 0.0000	</row0>
			<row1>	0.0000 0.5912 0.0000 0.0000	</row1>
			<row2>	0.5912 0.0000 0.0000 0.0000	</row2>
			<row3>	-1.3211 1.1054 -6.2539 1.0000	</row3>
		</transform>
	</node>
</ASA013_Essex_1945_MidBack.skel_ext>
