<BSA304_Ocean_1946_Stern_ep.skel_ext>
	<exported>	false	</exported>
	<node>
		<identifier>	EP_Death_3	</identifier>
		<parent>	Scene Root	</parent>
		<transform>
			<row0>	1.0000 0.0000 0.0000 0.0000	</row0>
			<row1>	0.0000 1.0000 0.0000 0.0000	</row1>
			<row2>	0.0000 0.0000 1.0000 0.0000	</row2>
			<row3>	0.0000 0.0000 -4.8796 1.0000	</row3>
		</transform>
	</node>
	<node>
		<identifier>	EP_Fire_4	</identifier>
		<parent>	Scene Root	</parent>
		<transform>
			<row0>	0.9200 0.1499 -0.3620 0.0000	</row0>
			<row1>	-0.1608 0.9870 0.0000 0.0000	</row1>
			<row2>	0.3573 0.0582 0.9322 0.0000	</row2>
			<row3>	-0.0431 0.7694 -6.3449 1.0000	</row3>
		</transform>
	</node>
	<node>
		<identifier>	EP_Flood_water_left	</identifier>
		<parent>	Scene Root	</parent>
		<transform>
			<row0>	-0.8515 -0.4944 -0.1746 0.0000	</row0>
			<row1>	-0.4843 0.8692 -0.0993 0.0000	</row1>
			<row2>	0.2009 0.0000 -0.9796 0.0000	</row2>
			<row3>	-0.5670 0.1445 -5.3840 1.0000	</row3>
		</transform>
	</node>
	<node>
		<identifier>	EP_Flood_water_left_2	</identifier>
		<parent>	Scene Root	</parent>
		<transform>
			<row0>	-0.9693 -0.2458 0.0000 0.0000	</row0>
			<row1>	-0.2458 0.9693 0.0000 0.0000	</row1>
			<row2>	0.0000 0.0000 -1.0000 0.0000	</row2>
			<row3>	-0.6840 0.1442 -4.2662 1.0000	</row3>
		</transform>
	</node>
	<node>
		<identifier>	EP_Flood_water_right	</identifier>
		<parent>	Scene Root	</parent>
		<transform>
			<row0>	0.8145 -0.5686 -0.1153 0.0000	</row0>
			<row1>	0.5630 0.8226 -0.0797 0.0000	</row1>
			<row2>	0.1402 0.0000 0.9901 0.0000	</row2>
			<row3>	0.5676 0.1453 -5.3841 1.0000	</row3>
		</transform>
	</node>
	<node>
		<identifier>	EP_Flood_water_right_2	</identifier>
		<parent>	Scene Root	</parent>
		<transform>
			<row0>	0.9623 -0.2501 -0.1067 0.0000	</row0>
			<row1>	0.2486 0.9682 -0.0276 0.0000	</row1>
			<row2>	0.1102 0.0000 0.9939 0.0000	</row2>
			<row3>	0.6844 0.1450 -4.2654 1.0000	</row3>
		</transform>
	</node>
	<node>
		<identifier>	EP_WakeTraceBack	</identifier>
		<parent>	Scene Root	</parent>
		<transform>
			<row0>	1.0000 0.0000 0.0000 0.0000	</row0>
			<row1>	0.0000 1.0000 0.0000 0.0000	</row1>
			<row2>	0.0000 0.0000 1.0000 0.0000	</row2>
			<row3>	0.0000 0.0000 -6.4782 1.0000	</row3>
		</transform>
	</node>
	<node>
		<identifier>	EP_WakeTrace_screw_1	</identifier>
		<parent>	Scene Root	</parent>
		<transform>
			<row0>	1.0000 0.0000 0.0000 0.0000	</row0>
			<row1>	0.0000 1.0000 0.0000 0.0000	</row1>
			<row2>	0.0000 0.0000 1.0000 0.0000	</row2>
			<row3>	-0.3483 -0.3466 -5.3895 1.0000	</row3>
		</transform>
	</node>
	<node>
		<identifier>	EP_WakeTrace_screw_2	</identifier>
		<parent>	Scene Root	</parent>
		<transform>
			<row0>	1.0000 0.0000 0.0000 0.0000	</row0>
			<row1>	0.0000 1.0000 0.0000 0.0000	</row1>
			<row2>	0.0000 0.0000 1.0000 0.0000	</row2>
			<row3>	0.3483 -0.3466 -5.3895 1.0000	</row3>
		</transform>
	</node>
</BSA304_Ocean_1946_Stern_ep.skel_ext>
