<AAB702_Grumman_TBF_proto.visual>
	<skeleton>
		<node>
			<identifier>	Scene Root	</identifier>
			<transform>
				<row0>	1.0000 0.0000 0.0000 0.0000	</row0>
				<row1>	0.0000 1.0000 0.0000 0.0000	</row1>
				<row2>	0.0000 0.0000 1.0000 0.0000	</row2>
				<row3>	0.0000 0.0000 0.0000 1.0000	</row3>
			</transform>
			<node>
				<identifier>	Hull	</identifier>
				<transform>
					<row0>	1.0000 0.0000 0.0000 0.0000	</row0>
					<row1>	0.0000 1.0000 0.0000 0.0000	</row1>
					<row2>	0.0000 0.0000 1.0000 0.0000	</row2>
					<row3>	0.0000 0.0000 0.0000 1.0000	</row3>
				</transform>
				<node>
					<identifier>	chassis_off_BlendBone	</identifier>
					<transform>
						<row0>	1.0000 0.0000 0.0000 0.0000	</row0>
						<row1>	0.0000 1.0000 0.0000 0.0000	</row1>
						<row2>	0.0000 0.0000 1.0000 0.0000	</row2>
						<row3>	0.0000 0.0000 0.0000 1.0000	</row3>
					</transform>
				</node>
				<node>
					<identifier>	chassis_on_BlendBone	</identifier>
					<transform>
						<row0>	1.0000 0.0000 0.0000 0.0000	</row0>
						<row1>	0.0000 1.0000 0.0000 0.0000	</row1>
						<row2>	0.0000 0.0000 1.0000 0.0000	</row2>
						<row3>	0.0000 0.0000 0.0000 1.0000	</row3>
					</transform>
				</node>
				<node>
					<identifier>	hull_wire	</identifier>
					<transform>
						<row0>	1.0000 0.0000 0.0000 0.0000	</row0>
						<row1>	0.0000 1.0000 0.0000 0.0000	</row1>
						<row2>	0.0000 0.0000 1.0000 0.0000	</row2>
						<row3>	0.0000 0.0000 0.0000 1.0000	</row3>
					</transform>
				</node>
				<node>
					<identifier>	propeller_mod	</identifier>
					<transform>
						<row0>	1.0000 0.0000 0.0000 0.0000	</row0>
						<row1>	0.0000 1.0000 0.0000 0.0000	</row1>
						<row2>	0.0000 0.0000 1.0000 0.0000	</row2>
						<row3>	0.0000 0.1456 0.1989 1.0000	</row3>
					</transform>
					<node>
						<identifier>	disc	</identifier>
						<transform>
							<row0>	1.0000 0.0000 0.0000 0.0000	</row0>
							<row1>	0.0000 1.0000 0.0000 0.0000	</row1>
							<row2>	0.0000 0.0000 1.0000 0.0000	</row2>
							<row3>	0.0000 0.0000 0.0000 1.0000	</row3>
						</transform>
					</node>
					<node>
						<identifier>	mod	</identifier>
						<transform>
							<row0>	1.0000 0.0000 0.0000 0.0000	</row0>
							<row1>	0.0000 1.0000 0.0000 0.0000	</row1>
							<row2>	0.0000 0.0000 1.0000 0.0000	</row2>
							<row3>	0.0000 0.0000 0.0000 1.0000	</row3>
						</transform>
					</node>
				</node>
			</node>
			<node>
				<identifier>	Root	</identifier>
				<transform>
					<row0>	1.0000 0.0000 0.0000 0.0000	</row0>
					<row1>	0.0000 1.0000 0.0000 0.0000	</row1>
					<row2>	0.0000 0.0000 1.0000 0.0000	</row2>
					<row3>	0.0000 0.0000 0.0000 1.0000	</row3>
				</transform>
				<node>
					<identifier>	HP_Air_break_1	</identifier>
					<transform>
						<row0>	1.0000 0.0000 0.0000 0.0000	</row0>
						<row1>	0.0000 1.0000 0.0000 0.0000	</row1>
						<row2>	0.0000 0.0000 1.0000 0.0000	</row2>
						<row3>	0.1403 0.1392 -0.1570 1.0000	</row3>
					</transform>
				</node>
				<node>
					<identifier>	HP_Air_break_2	</identifier>
					<transform>
						<row0>	1.0000 0.0000 0.0000 0.0000	</row0>
						<row1>	0.0000 1.0000 0.0000 0.0000	</row1>
						<row2>	0.0000 0.0000 1.0000 0.0000	</row2>
						<row3>	-0.1403 0.1392 -0.1570 1.0000	</row3>
					</transform>
				</node>
				<node>
					<identifier>	HP_Air_death_1	</identifier>
					<transform>
						<row0>	1.0000 0.0000 0.0000 0.0000	</row0>
						<row1>	0.0000 1.0000 0.0000 0.0000	</row1>
						<row2>	0.0000 0.0000 1.0000 0.0000	</row2>
						<row3>	0.0000 0.1495 0.0423 1.0000	</row3>
					</transform>
				</node>
				<node>
					<identifier>	HP_Air_enginelight_1	</identifier>
					<transform>
						<row0>	0.6899 0.1231 -0.7134 0.0000	</row0>
						<row1>	-0.3396 0.9253 -0.1686 0.0000	</row1>
						<row2>	0.6394 0.3586 0.6802 0.0000	</row2>
						<row3>	-0.0518 0.1166 0.1062 1.0000	</row3>
					</transform>
				</node>
				<node>
					<identifier>	HP_Air_enginelight_2	</identifier>
					<transform>
						<row0>	0.6536 -0.1032 0.7498 0.0000	</row0>
						<row1>	0.3396 0.9253 -0.1686 0.0000	</row1>
						<row2>	-0.6764 0.3648 0.6399 0.0000	</row2>
						<row3>	0.0518 0.1166 0.1062 1.0000	</row3>
					</transform>
				</node>
				<node>
					<identifier>	HP_Air_fire_1	</identifier>
					<transform>
						<row0>	1.0000 0.0000 0.0000 0.0000	</row0>
						<row1>	0.0000 1.0000 0.0000 0.0000	</row1>
						<row2>	0.0000 0.0000 1.0000 0.0000	</row2>
						<row3>	0.0518 0.1166 0.1062 1.0000	</row3>
					</transform>
				</node>
				<node>
					<identifier>	HP_Air_fire_2	</identifier>
					<transform>
						<row0>	1.0000 0.0000 0.0000 0.0000	</row0>
						<row1>	0.0000 1.0000 0.0000 0.0000	</row1>
						<row2>	0.0000 0.0000 1.0000 0.0000	</row2>
						<row3>	-0.0518 0.1166 0.1062 1.0000	</row3>
					</transform>
				</node>
				<node>
					<identifier>	HP_Air_fire_3	</identifier>
					<transform>
						<row0>	1.0000 0.0000 0.0000 0.0000	</row0>
						<row1>	0.0000 1.0000 0.0000 0.0000	</row1>
						<row2>	0.0000 0.0000 1.0000 0.0000	</row2>
						<row3>	-0.1450 0.1524 -0.0687 1.0000	</row3>
					</transform>
				</node>
				<node>
					<identifier>	HP_Air_fire_4	</identifier>
					<transform>
						<row0>	1.0000 0.0000 0.0000 0.0000	</row0>
						<row1>	0.0000 1.0000 0.0000 0.0000	</row1>
						<row2>	0.0000 0.0000 1.0000 0.0000	</row2>
						<row3>	0.0988 0.1572 -0.0144 1.0000	</row3>
					</transform>
				</node>
				<node>
					<identifier>	HP_Air_fire_5	</identifier>
					<transform>
						<row0>	1.0000 0.0000 0.0000 0.0000	</row0>
						<row1>	0.0000 1.0000 0.0000 0.0000	</row1>
						<row2>	0.0000 0.0000 1.0000 0.0000	</row2>
						<row3>	0.3013 0.1672 -0.1120 1.0000	</row3>
					</transform>
				</node>
				<node>
					<identifier>	HP_Air_fire_6	</identifier>
					<transform>
						<row0>	1.0000 0.0000 0.0000 0.0000	</row0>
						<row1>	0.0000 1.0000 0.0000 0.0000	</row1>
						<row2>	0.0000 0.0000 1.0000 0.0000	</row2>
						<row3>	-0.4232 0.1835 -0.0740 1.0000	</row3>
					</transform>
				</node>
				<node>
					<identifier>	HP_Air_fire_7	</identifier>
					<transform>
						<row0>	1.0000 0.0000 0.0000 0.0000	</row0>
						<row1>	0.0000 1.0000 0.0000 0.0000	</row1>
						<row2>	0.0000 0.0000 1.0000 0.0000	</row2>
						<row3>	0.0000 0.1636 -0.4401 1.0000	</row3>
					</transform>
				</node>
				<node>
					<identifier>	HP_Air_flytrail_1	</identifier>
					<transform>
						<row0>	1.0000 0.0000 0.0000 0.0000	</row0>
						<row1>	0.0000 1.0000 0.0000 0.0000	</row1>
						<row2>	0.0000 0.0000 1.0000 0.0000	</row2>
						<row3>	-0.5458 0.1957 -0.0601 1.0000	</row3>
					</transform>
				</node>
				<node>
					<identifier>	HP_Air_flytrail_2	</identifier>
					<transform>
						<row0>	1.0000 0.0000 0.0000 0.0000	</row0>
						<row1>	0.0000 1.0000 0.0000 0.0000	</row1>
						<row2>	0.0000 0.0000 1.0000 0.0000	</row2>
						<row3>	0.5459 0.1957 -0.0601 1.0000	</row3>
					</transform>
				</node>
				<node>
					<identifier>	HP_Air_gunfire_1	</identifier>
					<transform>
						<row0>	1.0000 0.0000 0.0000 0.0000	</row0>
						<row1>	0.0000 1.0000 0.0000 0.0000	</row1>
						<row2>	0.0000 0.0000 1.0000 0.0000	</row2>
						<row3>	0.0259 0.2098 0.0651 1.0000	</row3>
					</transform>
				</node>
				<node>
					<identifier>	HP_Air_gunfire_back_1	</identifier>
					<transform>
						<row0>	1.0000 0.0000 0.0000 0.0000	</row0>
						<row1>	0.0000 0.9643 0.2649 0.0000	</row1>
						<row2>	0.0000 -0.2649 0.9643 0.0000	</row2>
						<row3>	0.0132 0.2412 -0.2768 1.0000	</row3>
					</transform>
				</node>
				<node>
					<identifier>	HP_Air_gunfire_back_2	</identifier>
					<transform>
						<row0>	1.0000 0.0000 0.0000 0.0000	</row0>
						<row1>	0.0000 0.9975 -0.0701 0.0000	</row1>
						<row2>	0.0000 0.0701 0.9975 0.0000	</row2>
						<row3>	0.0002 0.1027 -0.3833 1.0000	</row3>
					</transform>
				</node>
				<node>
					<identifier>	HP_Air_ricochet_1	</identifier>
					<transform>
						<row0>	1.0000 0.0000 0.0000 0.0000	</row0>
						<row1>	0.0000 1.0000 0.0000 0.0000	</row1>
						<row2>	0.0000 0.0000 1.0000 0.0000	</row2>
						<row3>	-0.0457 0.1660 -0.1824 1.0000	</row3>
					</transform>
				</node>
				<node>
					<identifier>	HP_Air_ricochet_2	</identifier>
					<transform>
						<row0>	1.0000 0.0000 0.0000 0.0000	</row0>
						<row1>	0.0000 1.0000 0.0000 0.0000	</row1>
						<row2>	0.0000 0.0000 1.0000 0.0000	</row2>
						<row3>	0.0432 0.1880 -0.0691 1.0000	</row3>
					</transform>
				</node>
				<node>
					<identifier>	HP_Air_ricochet_3	</identifier>
					<transform>
						<row0>	1.0000 0.0000 0.0000 0.0000	</row0>
						<row1>	0.0000 1.0000 0.0000 0.0000	</row1>
						<row2>	0.0000 0.0000 1.0000 0.0000	</row2>
						<row3>	0.0610 0.2151 -0.4785 1.0000	</row3>
					</transform>
				</node>
				<node>
					<identifier>	HP_Air_ricochet_4	</identifier>
					<transform>
						<row0>	1.0000 0.0000 0.0000 0.0000	</row0>
						<row1>	0.0000 1.0000 0.0000 0.0000	</row1>
						<row2>	0.0000 0.0000 1.0000 0.0000	</row2>
						<row3>	-0.1057 0.2106 -0.4540 1.0000	</row3>
					</transform>
				</node>
				<node>
					<identifier>	HP_Air_ricochet_5	</identifier>
					<transform>
						<row0>	1.0000 0.0000 0.0000 0.0000	</row0>
						<row1>	0.0000 1.0000 0.0000 0.0000	</row1>
						<row2>	0.0000 0.0000 1.0000 0.0000	</row2>
						<row3>	-0.3222 0.1799 -0.0192 1.0000	</row3>
					</transform>
				</node>
				<node>
					<identifier>	HP_Air_ricochet_6	</identifier>
					<transform>
						<row0>	1.0000 0.0000 0.0000 0.0000	</row0>
						<row1>	0.0000 1.0000 0.0000 0.0000	</row1>
						<row2>	0.0000 0.0000 1.0000 0.0000	</row2>
						<row3>	0.3592 0.1830 -0.0181 1.0000	</row3>
					</transform>
				</node>
				<node>
					<identifier>	HP_Air_torpedo_1	</identifier>
					<transform>
						<row0>	1.0000 0.0000 0.0000 0.0000	</row0>
						<row1>	0.0000 1.0000 0.0000 0.0000	</row1>
						<row2>	0.0000 0.0000 1.0000 0.0000	</row2>
						<row3>	0.0000 0.1065 -0.1908 1.0000	</row3>
					</transform>
				</node>
				<node>
					<identifier>	Root_BlendBone	</identifier>
					<transform>
						<row0>	1.0000 0.0000 0.0000 0.0000	</row0>
						<row1>	0.0000 1.0000 0.0000 0.0000	</row1>
						<row2>	0.0000 0.0000 1.0000 0.0000	</row2>
						<row3>	0.0000 0.0000 0.0000 1.0000	</row3>
					</transform>
				</node>
				<node>
					<identifier>	elevator_1	</identifier>
					<transform>
						<row0>	1.0000 0.0000 0.0000 0.0000	</row0>
						<row1>	0.0000 1.0000 0.0000 0.0000	</row1>
						<row2>	0.0000 0.0000 1.0000 0.0000	</row2>
						<row3>	0.0000 0.2076 -0.4979 1.0000	</row3>
					</transform>
					<node>
						<identifier>	elevator_1_BlendBone	</identifier>
						<transform>
							<row0>	1.0000 0.0000 0.0000 0.0000	</row0>
							<row1>	0.0000 1.0000 0.0000 0.0000	</row1>
							<row2>	0.0000 0.0000 1.0000 0.0000	</row2>
							<row3>	0.0000 -0.2076 0.4979 1.0000	</row3>
						</transform>
					</node>
				</node>
				<node>
					<identifier>	l_ailerone_1	</identifier>
					<transform>
						<row0>	0.9801 -0.1426 -0.1378 0.0000	</row0>
						<row1>	0.1440 0.9896 0.0000 0.0000	</row1>
						<row2>	0.1364 -0.0198 0.9905 0.0000	</row2>
						<row3>	-0.4957 0.1855 -0.1011 1.0000	</row3>
					</transform>
					<node>
						<identifier>	l_ailerone_1_BlendBone	</identifier>
						<transform>
							<row0>	0.9801 0.1440 0.1364 0.0000	</row0>
							<row1>	-0.1426 0.9896 -0.0198 0.0000	</row1>
							<row2>	-0.1378 0.0000 0.9905 0.0000	</row2>
							<row3>	0.4984 -0.1122 0.1714 1.0000	</row3>
						</transform>
					</node>
				</node>
				<node>
					<identifier>	l_bombbay_1	</identifier>
					<transform>
						<row0>	1.0000 0.0000 0.0000 0.0000	</row0>
						<row1>	0.0000 1.0000 0.0000 0.0000	</row1>
						<row2>	0.0000 0.0000 1.0000 0.0000	</row2>
						<row3>	-0.0436 0.1037 0.0900 1.0000	</row3>
					</transform>
					<node>
						<identifier>	l_bombbay_1_BlendBone	</identifier>
						<transform>
							<row0>	1.0000 0.0000 0.0000 0.0000	</row0>
							<row1>	0.0000 1.0000 0.0000 0.0000	</row1>
							<row2>	0.0000 0.0000 1.0000 0.0000	</row2>
							<row3>	0.0436 -0.1037 -0.0900 1.0000	</row3>
						</transform>
					</node>
					<node>
						<identifier>	l_bombbay_2	</identifier>
						<transform>
							<row0>	1.0000 0.0000 0.0000 0.0000	</row0>
							<row1>	0.0000 1.0000 0.0000 0.0000	</row1>
							<row2>	0.0000 0.0000 1.0000 0.0000	</row2>
							<row3>	0.0186 -0.0181 0.0000 1.0000	</row3>
						</transform>
						<node>
							<identifier>	l_bombbay_2_BlendBone	</identifier>
							<transform>
								<row0>	1.0000 0.0000 0.0000 0.0000	</row0>
								<row1>	0.0000 1.0000 0.0000 0.0000	</row1>
								<row2>	0.0000 0.0000 1.0000 0.0000	</row2>
								<row3>	0.0250 -0.0856 -0.0900 1.0000	</row3>
							</transform>
						</node>
					</node>
				</node>
				<node>
					<identifier>	l_flaps_1	</identifier>
					<transform>
						<row0>	0.9817 -0.1192 -0.1484 0.0000	</row0>
						<row1>	0.1205 0.9927 0.0000 0.0000	</row1>
						<row2>	0.1473 -0.0179 0.9889 0.0000	</row2>
						<row3>	-0.1403 0.1380 -0.1570 1.0000	</row3>
					</transform>
					<node>
						<identifier>	l_flaps_1_BlendBone	</identifier>
						<transform>
							<row0>	0.9817 0.1205 0.1473 0.0000	</row0>
							<row1>	-0.1192 0.9927 -0.0179 0.0000	</row1>
							<row2>	-0.1484 0.0000 0.9889 0.0000	</row2>
							<row3>	0.1309 -0.1201 0.1784 1.0000	</row3>
						</transform>
					</node>
				</node>
				<node>
					<identifier>	l_flaps_2	</identifier>
					<transform>
						<row0>	0.9978 -0.0624 -0.0201 0.0000	</row0>
						<row1>	0.0624 0.9980 0.0000 0.0000	</row1>
						<row2>	0.0200 -0.0013 0.9998 0.0000	</row2>
						<row3>	-0.0501 0.1320 -0.1588 1.0000	</row3>
					</transform>
					<node>
						<identifier>	l_flaps_2_BlendBone	</identifier>
						<transform>
							<row0>	0.9978 0.0624 0.0200 0.0000	</row0>
							<row1>	-0.0624 0.9980 -0.0013 0.0000	</row1>
							<row2>	-0.0201 0.0000 0.9998 0.0000	</row2>
							<row3>	0.0550 -0.1286 0.1600 1.0000	</row3>
						</transform>
					</node>
				</node>
				<node>
					<identifier>	r_ailerone_1	</identifier>
					<transform>
						<row0>	0.9801 0.1426 0.1378 0.0000	</row0>
						<row1>	-0.1440 0.9896 0.0000 0.0000	</row1>
						<row2>	-0.1364 -0.0198 0.9905 0.0000	</row2>
						<row3>	0.4957 0.1855 -0.1011 1.0000	</row3>
					</transform>
					<node>
						<identifier>	r_ailerone_1_BlendBone	</identifier>
						<transform>
							<row0>	0.9801 -0.1440 -0.1364 0.0000	</row0>
							<row1>	0.1426 0.9896 -0.0198 0.0000	</row1>
							<row2>	0.1378 0.0000 0.9905 0.0000	</row2>
							<row3>	-0.4984 -0.1122 0.1714 1.0000	</row3>
						</transform>
					</node>
				</node>
				<node>
					<identifier>	r_bombbay_1	</identifier>
					<transform>
						<row0>	1.0000 0.0000 0.0000 0.0000	</row0>
						<row1>	0.0000 1.0000 0.0000 0.0000	</row1>
						<row2>	0.0000 0.0000 1.0000 0.0000	</row2>
						<row3>	0.0436 0.1037 0.0900 1.0000	</row3>
					</transform>
					<node>
						<identifier>	r_bombbay_1_BlendBone	</identifier>
						<transform>
							<row0>	1.0000 0.0000 0.0000 0.0000	</row0>
							<row1>	0.0000 1.0000 0.0000 0.0000	</row1>
							<row2>	0.0000 0.0000 1.0000 0.0000	</row2>
							<row3>	-0.0436 -0.1037 -0.0900 1.0000	</row3>
						</transform>
					</node>
					<node>
						<identifier>	r_bombbay_2	</identifier>
						<transform>
							<row0>	1.0000 0.0000 0.0000 0.0000	</row0>
							<row1>	0.0000 1.0000 0.0000 0.0000	</row1>
							<row2>	0.0000 0.0000 1.0000 0.0000	</row2>
							<row3>	-0.0186 -0.0181 0.0000 1.0000	</row3>
						</transform>
						<node>
							<identifier>	r_bombbay_2_BlendBone	</identifier>
							<transform>
								<row0>	1.0000 0.0000 0.0000 0.0000	</row0>
								<row1>	0.0000 1.0000 0.0000 0.0000	</row1>
								<row2>	0.0000 0.0000 1.0000 0.0000	</row2>
								<row3>	-0.0250 -0.0856 -0.0900 1.0000	</row3>
							</transform>
						</node>
					</node>
				</node>
				<node>
					<identifier>	r_flaps_1	</identifier>
					<transform>
						<row0>	0.9817 0.1192 0.1484 0.0000	</row0>
						<row1>	-0.1205 0.9927 0.0000 0.0000	</row1>
						<row2>	-0.1473 -0.0179 0.9889 0.0000	</row2>
						<row3>	0.1403 0.1380 -0.1570 1.0000	</row3>
					</transform>
					<node>
						<identifier>	r_flaps_1_BlendBone	</identifier>
						<transform>
							<row0>	0.9817 -0.1205 -0.1473 0.0000	</row0>
							<row1>	0.1192 0.9927 -0.0179 0.0000	</row1>
							<row2>	0.1484 0.0000 0.9889 0.0000	</row2>
							<row3>	-0.1309 -0.1201 0.1784 1.0000	</row3>
						</transform>
					</node>
				</node>
				<node>
					<identifier>	r_flaps_2	</identifier>
					<transform>
						<row0>	0.9978 0.0624 0.0201 0.0000	</row0>
						<row1>	-0.0624 0.9980 0.0000 0.0000	</row1>
						<row2>	-0.0200 -0.0013 0.9998 0.0000	</row2>
						<row3>	0.0501 0.1320 -0.1588 1.0000	</row3>
					</transform>
					<node>
						<identifier>	r_flaps_2_BlendBone	</identifier>
						<transform>
							<row0>	0.9978 -0.0624 -0.0200 0.0000	</row0>
							<row1>	0.0624 0.9980 -0.0013 0.0000	</row1>
							<row2>	0.0201 0.0000 0.9998 0.0000	</row2>
							<row3>	-0.0551 -0.1286 0.1600 1.0000	</row3>
						</transform>
					</node>
				</node>
				<node>
					<identifier>	rudder_1	</identifier>
					<transform>
						<row0>	1.0000 0.0000 0.0000 0.0000	</row0>
						<row1>	0.0000 0.9986 -0.0533 0.0000	</row1>
						<row2>	0.0000 0.0533 0.9986 0.0000	</row2>
						<row3>	0.0000 0.3203 -0.5186 1.0000	</row3>
					</transform>
					<node>
						<identifier>	rudder_1_BlendBone	</identifier>
						<transform>
							<row0>	1.0000 0.0000 0.0000 0.0000	</row0>
							<row1>	0.0000 0.9986 0.0533 0.0000	</row1>
							<row2>	0.0000 -0.0533 0.9986 0.0000	</row2>
							<row3>	0.0000 -0.3475 0.5008 1.0000	</row3>
						</transform>
					</node>
				</node>
			</node>
		</node>
	</skeleton>
	<properties>
		<underwaterModel>	false	</underwaterModel>
		<abovewaterModel>	true	</abovewaterModel>
	</properties>
	<boundingBox>
		<min>	-0.5688 0.0000 -0.5816	</min>
		<max>	0.5459 0.3415 0.2656	</max>
	</boundingBox>
	<renderSets>
		<renderSet>
			<name>	HullShape	</name>
			<treatAsWorldSpaceObject>	true	</treatAsWorldSpaceObject>
			<nodes>
				<node>	l_bombbay_2_BlendBone	</node>
				<node>	l_bombbay_1_BlendBone	</node>
				<node>	Root_BlendBone	</node>
				<node>	r_flaps_2_BlendBone	</node>
				<node>	r_flaps_1_BlendBone	</node>
				<node>	l_ailerone_1_BlendBone	</node>
				<node>	r_bombbay_1_BlendBone	</node>
				<node>	l_flaps_1_BlendBone	</node>
				<node>	rudder_1_BlendBone	</node>
				<node>	l_flaps_2_BlendBone	</node>
				<node>	r_ailerone_1_BlendBone	</node>
				<node>	elevator_1_BlendBone	</node>
				<node>	r_bombbay_2_BlendBone	</node>
			</nodes>
			<material>
				<identifier>	TL2_SHIPMAT_PBS_Hull_skinned	</identifier>
				<mfm>	PnFMods/ModsSDK.zip/ASA108_Lexington/aircraft/AAB702_Grumman_TBF_skinned.mfm	</mfm>
			</material>
		</renderSet>
		<renderSet>
			<name>	Hull_lod1Shape	</name>
			<treatAsWorldSpaceObject>	true	</treatAsWorldSpaceObject>
			<nodes>
				<node>	l_bombbay_2_BlendBone	</node>
				<node>	l_bombbay_1_BlendBone	</node>
				<node>	Root_BlendBone	</node>
				<node>	r_flaps_2_BlendBone	</node>
				<node>	r_flaps_1_BlendBone	</node>
				<node>	l_ailerone_1_BlendBone	</node>
				<node>	r_bombbay_1_BlendBone	</node>
				<node>	l_flaps_1_BlendBone	</node>
				<node>	rudder_1_BlendBone	</node>
				<node>	l_flaps_2_BlendBone	</node>
				<node>	r_ailerone_1_BlendBone	</node>
				<node>	elevator_1_BlendBone	</node>
				<node>	r_bombbay_2_BlendBone	</node>
			</nodes>
			<material>
				<identifier>	TL2_SHIPMAT_PBS_Hull_skinned	</identifier>
				<mfm>	PnFMods/ModsSDK.zip/ASA108_Lexington/aircraft/AAB702_Grumman_TBF_skinned.mfm	</mfm>
			</material>
		</renderSet>
		<renderSet>
			<name>	Hull_lod2Shape	</name>
			<treatAsWorldSpaceObject>	true	</treatAsWorldSpaceObject>
			<nodes>
				<node>	l_bombbay_2_BlendBone	</node>
				<node>	l_bombbay_1_BlendBone	</node>
				<node>	Root_BlendBone	</node>
				<node>	r_flaps_2_BlendBone	</node>
				<node>	r_flaps_1_BlendBone	</node>
				<node>	l_ailerone_1_BlendBone	</node>
				<node>	r_bombbay_1_BlendBone	</node>
				<node>	l_flaps_1_BlendBone	</node>
				<node>	rudder_1_BlendBone	</node>
				<node>	l_flaps_2_BlendBone	</node>
				<node>	r_ailerone_1_BlendBone	</node>
				<node>	elevator_1_BlendBone	</node>
				<node>	r_bombbay_2_BlendBone	</node>
			</nodes>
			<material>
				<identifier>	TL2_SHIPMAT_PBS_Hull_skinned	</identifier>
				<mfm>	PnFMods/ModsSDK.zip/ASA108_Lexington/aircraft/AAB702_Grumman_TBF_skinned.mfm	</mfm>
			</material>
		</renderSet>
		<renderSet>
			<name>	Hull_lodShape3	</name>
			<treatAsWorldSpaceObject>	true	</treatAsWorldSpaceObject>
			<nodes>
				<node>	Root_BlendBone	</node>
			</nodes>
			<material>
				<identifier>	TL2_SHIPMAT_PBS_Hull_skinned	</identifier>
				<mfm>	PnFMods/ModsSDK.zip/ASA108_Lexington/aircraft/AAB702_Grumman_TBF_skinned.mfm	</mfm>
			</material>
		</renderSet>
		<renderSet>
			<name>	chassis_off_BlendBoneShape	</name>
			<treatAsWorldSpaceObject>	false	</treatAsWorldSpaceObject>
			<nodes>
				<node>	chassis_off_BlendBone	</node>
			</nodes>
			<material>
				<identifier>	TL2_SHIPMAT_PBS_Other	</identifier>
				<mfm>	PnFMods/ModsSDK.zip/ASA108_Lexington/aircraft/AAB702_Grumman_TBF.mfm	</mfm>
			</material>
		</renderSet>
		<renderSet>
			<name>	chassis_off_BlendBone_lod1Shape	</name>
			<treatAsWorldSpaceObject>	false	</treatAsWorldSpaceObject>
			<nodes>
				<node>	chassis_off_BlendBone	</node>
			</nodes>
			<material>
				<identifier>	TL2_SHIPMAT_PBS_Other	</identifier>
				<mfm>	PnFMods/ModsSDK.zip/ASA108_Lexington/aircraft/AAB702_Grumman_TBF.mfm	</mfm>
			</material>
		</renderSet>
		<renderSet>
			<name>	chassis_off_BlendBone_lod2Shape	</name>
			<treatAsWorldSpaceObject>	false	</treatAsWorldSpaceObject>
			<nodes>
				<node>	chassis_off_BlendBone	</node>
			</nodes>
			<material>
				<identifier>	TL2_SHIPMAT_PBS_Other	</identifier>
				<mfm>	PnFMods/ModsSDK.zip/ASA108_Lexington/aircraft/AAB702_Grumman_TBF.mfm	</mfm>
			</material>
		</renderSet>
		<renderSet>
			<name>	chassis_on_BlendBoneShape	</name>
			<treatAsWorldSpaceObject>	false	</treatAsWorldSpaceObject>
			<nodes>
				<node>	chassis_on_BlendBone	</node>
			</nodes>
			<material>
				<identifier>	TL2_SHIPMAT_PBS_Other	</identifier>
				<mfm>	PnFMods/ModsSDK.zip/ASA108_Lexington/aircraft/AAB702_Grumman_TBF.mfm	</mfm>
			</material>
		</renderSet>
		<renderSet>
			<name>	chassis_on_BlendBone_lod1Shape	</name>
			<treatAsWorldSpaceObject>	false	</treatAsWorldSpaceObject>
			<nodes>
				<node>	chassis_on_BlendBone	</node>
			</nodes>
			<material>
				<identifier>	TL2_SHIPMAT_PBS_Other	</identifier>
				<mfm>	PnFMods/ModsSDK.zip/ASA108_Lexington/aircraft/AAB702_Grumman_TBF.mfm	</mfm>
			</material>
		</renderSet>
		<renderSet>
			<name>	chassis_on_BlendBone_lod2Shape	</name>
			<treatAsWorldSpaceObject>	false	</treatAsWorldSpaceObject>
			<nodes>
				<node>	chassis_on_BlendBone	</node>
			</nodes>
			<material>
				<identifier>	TL2_SHIPMAT_PBS_Other	</identifier>
				<mfm>	PnFMods/ModsSDK.zip/ASA108_Lexington/aircraft/AAB702_Grumman_TBF.mfm	</mfm>
			</material>
		</renderSet>
		<renderSet>
			<name>	chassis_on_BlendBone_lodShape3	</name>
			<treatAsWorldSpaceObject>	false	</treatAsWorldSpaceObject>
			<nodes>
				<node>	chassis_on_BlendBone	</node>
			</nodes>
			<material>
				<identifier>	TL2_SHIPMAT_PBS_Other	</identifier>
				<mfm>	PnFMods/ModsSDK.zip/ASA108_Lexington/aircraft/AAB702_Grumman_TBF.mfm	</mfm>
			</material>
		</renderSet>
		<renderSet>
			<name>	discShape	</name>
			<treatAsWorldSpaceObject>	false	</treatAsWorldSpaceObject>
			<nodes>
				<node>	disc	</node>
			</nodes>
			<material>
				<identifier>	PROPELLERMAT_propeller	</identifier>
				<mfm>	PnFMods/ModsSDK.zip/ASA108_Lexington/aircraft/UK_Disk_3Blade_02_alpha.mfm	</mfm>
			</material>
		</renderSet>
		<renderSet>
			<name>	disc_lod1Shape	</name>
			<treatAsWorldSpaceObject>	false	</treatAsWorldSpaceObject>
			<nodes>
				<node>	disc	</node>
			</nodes>
			<material>
				<identifier>	PROPELLERMAT_propeller	</identifier>
				<mfm>	PnFMods/ModsSDK.zip/ASA108_Lexington/aircraft/UK_Disk_3Blade_02_alpha.mfm	</mfm>
			</material>
		</renderSet>
		<renderSet>
			<name>	disc_lod2Shape	</name>
			<treatAsWorldSpaceObject>	false	</treatAsWorldSpaceObject>
			<nodes>
				<node>	disc	</node>
			</nodes>
			<material>
				<identifier>	PROPELLERMAT_propeller	</identifier>
				<mfm>	PnFMods/ModsSDK.zip/ASA108_Lexington/aircraft/UK_Disk_3Blade_02_alpha.mfm	</mfm>
			</material>
		</renderSet>
		<renderSet>
			<name>	hull_wireShape	</name>
			<treatAsWorldSpaceObject>	false	</treatAsWorldSpaceObject>
			<nodes>
				<node>	hull_wire	</node>
			</nodes>
			<material>
				<identifier>	TL2_SHIPWIRE_PBS_Hull	</identifier>
				<mfm>	PnFMods/ModsSDK.zip/ASA108_Lexington/aircraft/AAB702_Grumman_TBF_wire.mfm	</mfm>
			</material>
		</renderSet>
		<renderSet>
			<name>	hull_wire_lod1Shape	</name>
			<treatAsWorldSpaceObject>	false	</treatAsWorldSpaceObject>
			<nodes>
				<node>	hull_wire	</node>
			</nodes>
			<material>
				<identifier>	TL2_SHIPWIRE_PBS_Hull	</identifier>
				<mfm>	PnFMods/ModsSDK.zip/ASA108_Lexington/aircraft/AAB702_Grumman_TBF_wire.mfm	</mfm>
			</material>
		</renderSet>
		<renderSet>
			<name>	modShape	</name>
			<treatAsWorldSpaceObject>	false	</treatAsWorldSpaceObject>
			<nodes>
				<node>	mod	</node>
			</nodes>
			<material>
				<identifier>	TL2_SHIPMAT_PBS_Other	</identifier>
				<mfm>	PnFMods/ModsSDK.zip/ASA108_Lexington/aircraft/AAB702_Grumman_TBF.mfm	</mfm>
			</material>
		</renderSet>
		<renderSet>
			<name>	mod_lod1Shape	</name>
			<treatAsWorldSpaceObject>	false	</treatAsWorldSpaceObject>
			<nodes>
				<node>	mod	</node>
			</nodes>
			<material>
				<identifier>	TL2_SHIPMAT_PBS_Other	</identifier>
				<mfm>	PnFMods/ModsSDK.zip/ASA108_Lexington/aircraft/AAB702_Grumman_TBF.mfm	</mfm>
			</material>
		</renderSet>
		<renderSet>
			<name>	mod_lod2Shape	</name>
			<treatAsWorldSpaceObject>	false	</treatAsWorldSpaceObject>
			<nodes>
				<node>	mod	</node>
			</nodes>
			<material>
				<identifier>	TL2_SHIPMAT_PBS_Other	</identifier>
				<mfm>	PnFMods/ModsSDK.zip/ASA108_Lexington/aircraft/AAB702_Grumman_TBF.mfm	</mfm>
			</material>
		</renderSet>
		<renderSet>
			<name>	mod_lod3Shape	</name>
			<treatAsWorldSpaceObject>	false	</treatAsWorldSpaceObject>
			<nodes>
				<node>	mod	</node>
			</nodes>
			<material>
				<identifier>	TL2_SHIPMAT_PBS_Other	</identifier>
				<mfm>	PnFMods/ModsSDK.zip/ASA108_Lexington/aircraft/AAB702_Grumman_TBF.mfm	</mfm>
			</material>
		</renderSet>
	</renderSets>
	<lods>
		<lod>
			<extent>	2.0000	</extent>
			<castsShadow>	true	</castsShadow>
			<renderSets>
				<renderSet>	HullShape	</renderSet>
				<renderSet>	chassis_off_BlendBoneShape	</renderSet>
				<renderSet>	chassis_on_BlendBoneShape	</renderSet>
				<renderSet>	discShape	</renderSet>
				<renderSet>	hull_wireShape	</renderSet>
				<renderSet>	modShape	</renderSet>
			</renderSets>
		</lod>
		<lod>
			<extent>	8.0000	</extent>
			<castsShadow>	true	</castsShadow>
			<renderSets>
				<renderSet>	Hull_lod1Shape	</renderSet>
				<renderSet>	chassis_off_BlendBone_lod1Shape	</renderSet>
				<renderSet>	chassis_on_BlendBone_lod1Shape	</renderSet>
				<renderSet>	disc_lod1Shape	</renderSet>
				<renderSet>	hull_wire_lod1Shape	</renderSet>
				<renderSet>	mod_lod1Shape	</renderSet>
			</renderSets>
		</lod>
		<lod>
			<extent>	25.0000	</extent>
			<castsShadow>	true	</castsShadow>
			<renderSets>
				<renderSet>	Hull_lod2Shape	</renderSet>
				<renderSet>	chassis_off_BlendBone_lod2Shape	</renderSet>
				<renderSet>	chassis_on_BlendBone_lod2Shape	</renderSet>
				<renderSet>	disc_lod2Shape	</renderSet>
				<renderSet>	mod_lod2Shape	</renderSet>
			</renderSets>
		</lod>
		<lod>
			<extent>	200.0000	</extent>
			<castsShadow>	false	</castsShadow>
			<renderSets>
				<renderSet>	Hull_lodShape3	</renderSet>
				<renderSet>	chassis_on_BlendBone_lodShape3	</renderSet>
				<renderSet>	mod_lod3Shape	</renderSet>
			</renderSets>
		</lod>
	</lods>
</AAB702_Grumman_TBF_proto.visual>
