<FSB009_Bretagne_1944_Stern.skel_ext>
	<exported>	true	</exported>
	<node>
		<identifier>	MP_CM001_Propeller3_L	</identifier>
		<parent>	Scene Root	</parent>
		<transform>
			<row0>	0.8130 0.0001 0.0071 0.0000	</row0>
			<row1>	0.0000 0.8127 -0.0229 0.0000	</row1>
			<row2>	-0.0071 0.0229 0.8126 0.0000	</row2>
			<row3>	-0.4856 -0.4878 -3.7536 1.0000	</row3>
		</transform>
	</node>
	<node>
		<identifier>	MP_CM001_Propeller3_L_INDEX_1	</identifier>
		<parent>	Scene Root	</parent>
		<transform>
			<row0>	0.8130 0.0000 0.0047 0.0000	</row0>
			<row1>	0.0000 0.8128 -0.0178 0.0000	</row1>
			<row2>	-0.0047 0.0178 0.8128 0.0000	</row2>
			<row3>	-0.1880 -0.5013 -4.7316 1.0000	</row3>
		</transform>
	</node>
	<node>
		<identifier>	MP_CM011_Fire_Fighting_Gear	</identifier>
		<parent>	Scene Root	</parent>
		<transform>
			<row0>	-0.3914 0.0000 -0.9202 0.0000	</row0>
			<row1>	0.0000 1.0000 0.0000 0.0000	</row1>
			<row2>	0.9202 0.0000 -0.3914 0.0000	</row2>
			<row3>	-0.2831 0.4000 -2.3995 1.0000	</row3>
		</transform>
	</node>
	<node>
		<identifier>	MP_CM011_Fire_Fighting_Gear_INDEX_1	</identifier>
		<parent>	Scene Root	</parent>
		<transform>
			<row0>	-0.1399 0.0000 0.9902 0.0000	</row0>
			<row1>	0.0000 1.0000 0.0000 0.0000	</row1>
			<row2>	-0.9902 0.0000 -0.1399 0.0000	</row2>
			<row3>	0.2972 0.2466 -3.2025 1.0000	</row3>
		</transform>
	</node>
	<node>
		<identifier>	MP_CM011_Fire_Fighting_Gear_INDEX_2	</identifier>
		<parent>	Scene Root	</parent>
		<transform>
			<row0>	-0.3914 0.0000 0.9202 0.0000	</row0>
			<row1>	0.0000 1.0000 0.0000 0.0000	</row1>
			<row2>	-0.9202 0.0000 -0.3914 0.0000	</row2>
			<row3>	0.2831 0.4000 -2.3995 1.0000	</row3>
		</transform>
	</node>
	<node>
		<identifier>	MP_CM011_Fire_Fighting_Gear_INDEX_3	</identifier>
		<parent>	Scene Root	</parent>
		<transform>
			<row0>	-0.1399 0.0000 -0.9902 0.0000	</row0>
			<row1>	0.0000 1.0000 0.0000 0.0000	</row1>
			<row2>	0.9902 0.0000 -0.1399 0.0000	</row2>
			<row3>	-0.2972 0.2466 -3.2025 1.0000	</row3>
		</transform>
	</node>
	<node>
		<identifier>	MP_CM013_Fire_Hose_Rack_2	</identifier>
		<parent>	Scene Root	</parent>
		<transform>
			<row0>	-0.9902 0.0000 -0.1399 0.0000	</row0>
			<row1>	0.0000 1.0000 0.0000 0.0000	</row1>
			<row2>	0.1399 0.0000 -0.9902 0.0000	</row2>
			<row3>	0.2909 0.2885 -3.2292 1.0000	</row3>
		</transform>
	</node>
	<node>
		<identifier>	MP_CM013_Fire_Hose_Rack_2_INDEX_1	</identifier>
		<parent>	Scene Root	</parent>
		<transform>
			<row0>	0.9202 0.0000 -0.3914 0.0000	</row0>
			<row1>	0.0000 1.0000 0.0000 0.0000	</row1>
			<row2>	0.3914 0.0000 0.9202 0.0000	</row2>
			<row3>	-0.2768 0.4703 -2.3995 1.0000	</row3>
		</transform>
	</node>
	<node>
		<identifier>	MP_CM013_Fire_Hose_Rack_2_INDEX_2	</identifier>
		<parent>	Scene Root	</parent>
		<transform>
			<row0>	-0.9202 0.0000 -0.3914 0.0000	</row0>
			<row1>	0.0000 1.0000 0.0000 0.0000	</row1>
			<row2>	0.3914 0.0000 -0.9202 0.0000	</row2>
			<row3>	0.2768 0.4703 -2.3995 1.0000	</row3>
		</transform>
	</node>
	<node>
		<identifier>	MP_CM013_Fire_Hose_Rack_2_INDEX_3	</identifier>
		<parent>	Scene Root	</parent>
		<transform>
			<row0>	0.9902 0.0000 -0.1399 0.0000	</row0>
			<row1>	0.0000 1.0000 0.0000 0.0000	</row1>
			<row2>	0.1399 0.0000 0.9902 0.0000	</row2>
			<row3>	-0.2909 0.2885 -3.2292 1.0000	</row3>
		</transform>
	</node>
	<node>
		<identifier>	MP_CM029_Emergency_Box	</identifier>
		<parent>	Scene Root	</parent>
		<transform>
			<row0>	0.5985 0.0000 0.8011 0.0000	</row0>
			<row1>	0.0000 1.0000 0.0000 0.0000	</row1>
			<row2>	-0.8011 0.0000 0.5985 0.0000	</row2>
			<row3>	0.2508 0.3316 -2.6666 1.0000	</row3>
		</transform>
	</node>
	<node>
		<identifier>	MP_CM029_Emergency_Box_INDEX_1	</identifier>
		<parent>	Scene Root	</parent>
		<transform>
			<row0>	0.5985 0.0000 -0.8011 0.0000	</row0>
			<row1>	0.0000 1.0000 0.0000 0.0000	</row1>
			<row2>	0.8011 0.0000 0.5985 0.0000	</row2>
			<row3>	-0.2508 0.3316 -2.6666 1.0000	</row3>
		</transform>
	</node>
	<node>
		<identifier>	MP_CM032_Propeller3_R	</identifier>
		<parent>	Scene Root	</parent>
		<transform>
			<row0>	0.8130 0.0001 0.0071 0.0000	</row0>
			<row1>	0.0000 0.8127 -0.0229 0.0000	</row1>
			<row2>	-0.0071 0.0229 0.8126 0.0000	</row2>
			<row3>	0.4856 -0.4878 -3.7536 1.0000	</row3>
		</transform>
	</node>
	<node>
		<identifier>	MP_CM032_Propeller3_R_INDEX_1	</identifier>
		<parent>	Scene Root	</parent>
		<transform>
			<row0>	0.8130 0.0000 0.0047 0.0000	</row0>
			<row1>	0.0000 0.8128 -0.0178 0.0000	</row1>
			<row2>	-0.0047 0.0178 0.8128 0.0000	</row2>
			<row3>	0.1880 -0.5013 -4.7316 1.0000	</row3>
		</transform>
	</node>
	<node>
		<identifier>	MP_FM011_Reels	</identifier>
		<parent>	Scene Root	</parent>
		<transform>
			<row0>	0.7071 0.0000 0.7071 0.0000	</row0>
			<row1>	0.0000 1.0000 0.0000 0.0000	</row1>
			<row2>	-0.7071 0.0000 0.7071 0.0000	</row2>
			<row3>	0.2396 0.2475 -2.7506 1.0000	</row3>
		</transform>
	</node>
	<node>
		<identifier>	MP_FM011_Reels_INDEX_1	</identifier>
		<parent>	Scene Root	</parent>
		<transform>
			<row0>	0.7071 0.0000 -0.7071 0.0000	</row0>
			<row1>	0.0000 1.0000 0.0000 0.0000	</row1>
			<row2>	0.7071 0.0000 0.7071 0.0000	</row2>
			<row3>	-0.2396 0.2475 -2.7506 1.0000	</row3>
		</transform>
	</node>
	<node>
		<identifier>	MP_FM015_Life_Buoy	</identifier>
		<parent>	Scene Root	</parent>
		<transform>
			<row0>	0.6972 0.0000 0.7169 0.0000	</row0>
			<row1>	0.0000 1.0000 0.0000 0.0000	</row1>
			<row2>	-0.7169 0.0000 0.6972 0.0000	</row2>
			<row3>	0.7748 0.3892 -2.2081 1.0000	</row3>
		</transform>
	</node>
	<node>
		<identifier>	MP_FM015_Life_Buoy_INDEX_1	</identifier>
		<parent>	Scene Root	</parent>
		<transform>
			<row0>	0.6972 0.0000 -0.7169 0.0000	</row0>
			<row1>	0.0000 1.0000 0.0000 0.0000	</row1>
			<row2>	0.7169 0.0000 0.6972 0.0000	</row2>
			<row3>	-0.7748 0.3892 -2.2081 1.0000	</row3>
		</transform>
	</node>
	<node>
		<identifier>	MP_FM017_Turtles_box	</identifier>
		<parent>	Scene Root	</parent>
		<transform>
			<row0>	-0.3818 0.0000 -0.9243 0.0000	</row0>
			<row1>	0.0000 1.0000 0.0000 0.0000	</row1>
			<row2>	0.9243 0.0000 -0.3818 0.0000	</row2>
			<row3>	0.2665 0.2875 -2.6273 1.0000	</row3>
		</transform>
	</node>
	<node>
		<identifier>	MP_FM017_Turtles_box_INDEX_1	</identifier>
		<parent>	Scene Root	</parent>
		<transform>
			<row0>	-0.3818 0.0000 0.9243 0.0000	</row0>
			<row1>	0.0000 1.0000 0.0000 0.0000	</row1>
			<row2>	-0.9243 0.0000 -0.3818 0.0000	</row2>
			<row3>	-0.2665 0.2875 -2.6273 1.0000	</row3>
		</transform>
	</node>
	<node>
		<identifier>	MP_FM028_Motto_Valeur	</identifier>
		<parent>	Scene Root	</parent>
		<transform>
			<row0>	0.7936 0.0000 0.6084 0.0000	</row0>
			<row1>	0.0000 1.0000 0.0000 0.0000	</row1>
			<row2>	-0.6084 0.0000 0.7936 0.0000	</row2>
			<row3>	0.1785 0.4618 -2.7325 1.0000	</row3>
		</transform>
	</node>
	<node>
		<identifier>	MP_FM029_Motto_Discipline	</identifier>
		<parent>	Scene Root	</parent>
		<transform>
			<row0>	0.7936 0.0000 -0.6084 0.0000	</row0>
			<row1>	0.0000 1.0000 0.0000 0.0000	</row1>
			<row2>	0.6084 0.0000 0.7936 0.0000	</row2>
			<row3>	-0.1785 0.4618 -2.7325 1.0000	</row3>
		</transform>
	</node>
	<node>
		<identifier>	MP_FM607_Voice_Tube	</identifier>
		<parent>	Scene Root	</parent>
		<transform>
			<row0>	0.5000 0.0000 0.8660 0.0000	</row0>
			<row1>	0.0000 1.0000 0.0000 0.0000	</row1>
			<row2>	-0.8660 0.0000 0.5000 0.0000	</row2>
			<row3>	0.2848 0.2475 -2.5956 1.0000	</row3>
		</transform>
	</node>
	<node>
		<identifier>	MP_FM607_Voice_Tube_INDEX_1	</identifier>
		<parent>	Scene Root	</parent>
		<transform>
			<row0>	0.5000 0.0000 -0.8660 0.0000	</row0>
			<row1>	0.0000 1.0000 0.0000 0.0000	</row1>
			<row2>	0.8660 0.0000 0.5000 0.0000	</row2>
			<row3>	-0.2848 0.2475 -2.5956 1.0000	</row3>
		</transform>
	</node>
	<node>
		<identifier>	MP_FM701_Ammunition_Box	</identifier>
		<parent>	Scene Root	</parent>
		<transform>
			<row0>	0.0000 0.0000 -1.0000 0.0000	</row0>
			<row1>	0.0000 1.0000 0.0000 0.0000	</row1>
			<row2>	1.0000 0.0000 0.0000 0.0000	</row2>
			<row3>	0.5449 0.2467 -2.8186 1.0000	</row3>
		</transform>
	</node>
	<node>
		<identifier>	MP_FM701_Ammunition_Box_INDEX_1	</identifier>
		<parent>	Scene Root	</parent>
		<transform>
			<row0>	0.0000 0.0000 -1.0000 0.0000	</row0>
			<row1>	0.0000 1.0000 0.0000 0.0000	</row1>
			<row2>	1.0000 0.0000 0.0000 0.0000	</row2>
			<row3>	-0.4160 0.3997 -2.1867 1.0000	</row3>
		</transform>
	</node>
	<node>
		<identifier>	MP_FM701_Ammunition_Box_INDEX_2	</identifier>
		<parent>	Scene Root	</parent>
		<transform>
			<row0>	0.0000 0.0000 1.0000 0.0000	</row0>
			<row1>	0.0000 1.0000 0.0000 0.0000	</row1>
			<row2>	-1.0000 0.0000 0.0000 0.0000	</row2>
			<row3>	0.4160 0.3997 -2.1867 1.0000	</row3>
		</transform>
	</node>
	<node>
		<identifier>	MP_FM701_Ammunition_Box_INDEX_3	</identifier>
		<parent>	Scene Root	</parent>
		<transform>
			<row0>	0.0000 0.0000 1.0000 0.0000	</row0>
			<row1>	0.0000 1.0000 0.0000 0.0000	</row1>
			<row2>	-1.0000 0.0000 0.0000 0.0000	</row2>
			<row3>	-0.5449 0.2467 -2.8186 1.0000	</row3>
		</transform>
	</node>
	<node>
		<identifier>	MP_FM860_Running_Lights_Back	</identifier>
		<parent>	Scene Root	</parent>
		<transform>
			<row0>	-1.0000 0.0000 0.0000 0.0000	</row0>
			<row1>	0.0000 1.0000 0.0000 0.0000	</row1>
			<row2>	0.0000 0.0000 -1.0000 0.0000	</row2>
			<row3>	0.0000 0.3851 -5.4513 1.0000	</row3>
		</transform>
	</node>
</FSB009_Bretagne_1944_Stern.skel_ext>
