<RSC008_Orlan_1941_Stern.skel_ext>
	<exported>	true	</exported>
	<node>
		<identifier>	MP_CM001_Propeller3_L	</identifier>
		<parent>	Scene Root	</parent>
		<transform>
			<row0>	0.0000 0.5389 -0.0464 0.0000	</row0>
			<row1>	-0.5409 0.0000 0.0000 0.0000	</row1>
			<row2>	0.0000 0.0464 0.5389 0.0000	</row2>
			<row3>	-0.1737 -0.2051 -2.4571 1.0000	</row3>
		</transform>
	</node>
	<node>
		<identifier>	MP_CM011_Fire_Fighting_Gear	</identifier>
		<parent>	Scene Root	</parent>
		<transform>
			<row0>	0.0000 0.0000 -1.0000 0.0000	</row0>
			<row1>	0.0000 1.0000 0.0000 0.0000	</row1>
			<row2>	1.0000 0.0000 0.0000 0.0000	</row2>
			<row3>	0.2892 0.1307 -2.6260 1.0000	</row3>
		</transform>
	</node>
	<node>
		<identifier>	MP_CM011_Fire_Fighting_Gear_INDEX_1	</identifier>
		<parent>	Scene Root	</parent>
		<transform>
			<row0>	0.0000 0.0000 1.0000 0.0000	</row0>
			<row1>	0.0000 1.0000 0.0000 0.0000	</row1>
			<row2>	-1.0000 0.0000 0.0000 0.0000	</row2>
			<row3>	-0.2892 0.1307 -2.6260 1.0000	</row3>
		</transform>
	</node>
	<node>
		<identifier>	MP_CM032_Propeller3_R	</identifier>
		<parent>	Scene Root	</parent>
		<transform>
			<row0>	0.0000 -0.5390 0.0464 0.0000	</row0>
			<row1>	0.5410 0.0000 0.0000 0.0000	</row1>
			<row2>	0.0000 0.0464 0.5390 0.0000	</row2>
			<row3>	0.1737 -0.2051 -2.4571 1.0000	</row3>
		</transform>
	</node>
	<node>
		<identifier>	MP_RM021_Screened_speed_light	</identifier>
		<parent>	Scene Root	</parent>
		<transform>
			<row0>	-0.5810 0.0000 0.0000 0.0000	</row0>
			<row1>	0.0000 0.5810 0.0000 0.0000	</row1>
			<row2>	0.0000 0.0000 -0.5810 0.0000	</row2>
			<row3>	0.0000 0.1955 -2.9384 1.0000	</row3>
		</transform>
	</node>
	<node>
		<identifier>	MP_RM025_Signal_Lamp	</identifier>
		<parent>	Scene Root	</parent>
		<transform>
			<row0>	0.6446 0.0000 0.0000 0.0000	</row0>
			<row1>	0.0000 0.6446 0.0000 0.0000	</row1>
			<row2>	0.0000 0.0000 0.6446 0.0000	</row2>
			<row3>	0.0000 0.4539 -2.9983 1.0000	</row3>
		</transform>
	</node>
	<node>
		<identifier>	MP_RM078_Fairlead_black	</identifier>
		<parent>	Scene Root	</parent>
		<transform>
			<row0>	0.5999 0.0000 0.0100 0.0000	</row0>
			<row1>	0.0000 0.6000 0.0000 0.0000	</row1>
			<row2>	-0.0100 0.0000 0.5999 0.0000	</row2>
			<row3>	-0.3159 0.1356 -1.8669 1.0000	</row3>
		</transform>
	</node>
	<node>
		<identifier>	MP_RM078_Fairlead_black_INDEX_1	</identifier>
		<parent>	Scene Root	</parent>
		<transform>
			<row0>	0.5999 0.0000 -0.0112 0.0000	</row0>
			<row1>	0.0000 0.6000 0.0000 0.0000	</row1>
			<row2>	0.0112 0.0000 0.5999 0.0000	</row2>
			<row3>	0.3167 0.1356 -1.8669 1.0000	</row3>
		</transform>
	</node>
	<node>
		<identifier>	MP_RM078_Fairlead_black_INDEX_2	</identifier>
		<parent>	Scene Root	</parent>
		<transform>
			<row0>	0.5968 0.0000 -0.0617 0.0000	</row0>
			<row1>	0.0002 0.6000 0.0020 0.0000	</row1>
			<row2>	0.0617 -0.0021 0.5968 0.0000	</row2>
			<row3>	0.2764 0.1356 -2.8733 1.0000	</row3>
		</transform>
	</node>
	<node>
		<identifier>	MP_RM078_Fairlead_black_INDEX_3	</identifier>
		<parent>	Scene Root	</parent>
		<transform>
			<row0>	0.5968 0.0000 0.0620 0.0000	</row0>
			<row1>	-0.0002 0.6000 0.0020 0.0000	</row1>
			<row2>	-0.0620 -0.0021 0.5968 0.0000	</row2>
			<row3>	-0.2766 0.1356 -2.8728 1.0000	</row3>
		</transform>
	</node>
	<node>
		<identifier>	MP_RM182_Depth_Charge_BB1	</identifier>
		<parent>	Scene Root	</parent>
		<transform>
			<row0>	0.0000 -0.9963 0.0855 0.0000	</row0>
			<row1>	1.0000 0.0000 0.0000 0.0000	</row1>
			<row2>	0.0000 0.0855 0.9963 0.0000	</row2>
			<row3>	-0.1474 0.1534 -2.8390 1.0000	</row3>
		</transform>
	</node>
	<node>
		<identifier>	MP_RM182_Depth_Charge_BB1_INDEX_1	</identifier>
		<parent>	Scene Root	</parent>
		<transform>
			<row0>	0.0000 0.9963 -0.0855 0.0000	</row0>
			<row1>	-1.0000 0.0000 0.0000 0.0000	</row1>
			<row2>	0.0000 0.0855 0.9963 0.0000	</row2>
			<row3>	0.1474 0.1458 -2.9253 1.0000	</row3>
		</transform>
	</node>
	<node>
		<identifier>	MP_RM182_Depth_Charge_BB1_INDEX_2	</identifier>
		<parent>	Scene Root	</parent>
		<transform>
			<row0>	0.0000 0.9963 -0.0855 0.0000	</row0>
			<row1>	-1.0000 0.0000 0.0000 0.0000	</row1>
			<row2>	0.0000 0.0855 0.9963 0.0000	</row2>
			<row3>	0.1474 0.1534 -2.8390 1.0000	</row3>
		</transform>
	</node>
	<node>
		<identifier>	MP_RM182_Depth_Charge_BB1_INDEX_3	</identifier>
		<parent>	Scene Root	</parent>
		<transform>
			<row0>	0.0000 0.0855 0.9963 0.0000	</row0>
			<row1>	1.0000 0.0000 0.0000 0.0000	</row1>
			<row2>	0.0000 0.9963 -0.0855 0.0000	</row2>
			<row3>	-0.1474 0.1311 -2.9387 1.0000	</row3>
		</transform>
	</node>
	<node>
		<identifier>	MP_RM182_Depth_Charge_BB1_INDEX_4	</identifier>
		<parent>	Scene Root	</parent>
		<transform>
			<row0>	0.0000 -0.0855 -0.9963 0.0000	</row0>
			<row1>	-1.0000 0.0000 0.0000 0.0000	</row1>
			<row2>	0.0000 0.9963 -0.0855 0.0000	</row2>
			<row3>	0.1474 0.1311 -2.9387 1.0000	</row3>
		</transform>
	</node>
	<node>
		<identifier>	MP_RM182_Depth_Charge_BB1_INDEX_5	</identifier>
		<parent>	Scene Root	</parent>
		<transform>
			<row0>	0.0000 0.9963 -0.0855 0.0000	</row0>
			<row1>	-1.0000 0.0000 0.0000 0.0000	</row1>
			<row2>	0.0000 0.0855 0.9963 0.0000	</row2>
			<row3>	0.1474 0.1507 -2.8678 1.0000	</row3>
		</transform>
	</node>
	<node>
		<identifier>	MP_RM182_Depth_Charge_BB1_INDEX_6	</identifier>
		<parent>	Scene Root	</parent>
		<transform>
			<row0>	0.0000 -0.9963 0.0855 0.0000	</row0>
			<row1>	1.0000 0.0000 0.0000 0.0000	</row1>
			<row2>	0.0000 0.0855 0.9963 0.0000	</row2>
			<row3>	-0.1474 0.1507 -2.8678 1.0000	</row3>
		</transform>
	</node>
	<node>
		<identifier>	MP_RM182_Depth_Charge_BB1_INDEX_7	</identifier>
		<parent>	Scene Root	</parent>
		<transform>
			<row0>	0.0000 0.9963 -0.0855 0.0000	</row0>
			<row1>	-1.0000 0.0000 0.0000 0.0000	</row1>
			<row2>	0.0000 0.0855 0.9963 0.0000	</row2>
			<row3>	0.1474 0.1480 -2.8965 1.0000	</row3>
		</transform>
	</node>
	<node>
		<identifier>	MP_RM182_Depth_Charge_BB1_INDEX_8	</identifier>
		<parent>	Scene Root	</parent>
		<transform>
			<row0>	0.0000 -0.9963 0.0855 0.0000	</row0>
			<row1>	1.0000 0.0000 0.0000 0.0000	</row1>
			<row2>	0.0000 0.0855 0.9963 0.0000	</row2>
			<row3>	-0.1474 0.1480 -2.8965 1.0000	</row3>
		</transform>
	</node>
	<node>
		<identifier>	MP_RM182_Depth_Charge_BB1_INDEX_9	</identifier>
		<parent>	Scene Root	</parent>
		<transform>
			<row0>	0.0000 -0.9963 0.0855 0.0000	</row0>
			<row1>	1.0000 0.0000 0.0000 0.0000	</row1>
			<row2>	0.0000 0.0855 0.9963 0.0000	</row2>
			<row3>	-0.1474 0.1458 -2.9253 1.0000	</row3>
		</transform>
	</node>
	<node>
		<identifier>	MP_RM184_Depth_Charge_Shelving_BM1	</identifier>
		<parent>	Scene Root	</parent>
		<transform>
			<row0>	-0.9977 -0.0011 -0.0684 0.0000	</row0>
			<row1>	-0.0010 1.0000 -0.0003 0.0000	</row1>
			<row2>	0.0684 -0.0003 -0.9977 0.0000	</row2>
			<row3>	-0.3045 0.1251 -2.6763 1.0000	</row3>
		</transform>
	</node>
	<node>
		<identifier>	MP_RM184_Depth_Charge_Shelving_BM1_INDEX_1	</identifier>
		<parent>	Scene Root	</parent>
		<transform>
			<row0>	0.9976 0.0011 -0.0685 0.0000	</row0>
			<row1>	-0.0010 1.0000 0.0003 0.0000	</row1>
			<row2>	0.0685 -0.0003 0.9976 0.0000	</row2>
			<row3>	0.3046 0.1255 -2.6760 1.0000	</row3>
		</transform>
	</node>
	<node>
		<identifier>	MP_RM193_Depth_Charge_Shelving_BB	</identifier>
		<parent>	Scene Root	</parent>
		<transform>
			<row0>	0.5827 0.0000 0.0000 0.0000	</row0>
			<row1>	0.0000 0.5809 -0.0451 0.0000	</row1>
			<row2>	0.0000 0.0451 0.5809 0.0000	</row2>
			<row3>	-0.0659 0.1312 -2.9130 1.0000	</row3>
		</transform>
	</node>
	<node>
		<identifier>	MP_RM193_Depth_Charge_Shelving_BB_INDEX_1	</identifier>
		<parent>	Scene Root	</parent>
		<transform>
			<row0>	1.0000 0.0000 0.0000 0.0000	</row0>
			<row1>	0.0000 0.9963 -0.0855 0.0000	</row1>
			<row2>	0.0000 0.0855 0.9963 0.0000	</row2>
			<row3>	-0.1236 0.1344 -2.8827 1.0000	</row3>
		</transform>
	</node>
	<node>
		<identifier>	MP_RM193_Depth_Charge_Shelving_BB_INDEX_2	</identifier>
		<parent>	Scene Root	</parent>
		<transform>
			<row0>	1.0000 0.0000 0.0000 0.0000	</row0>
			<row1>	0.0000 0.9963 -0.0855 0.0000	</row1>
			<row2>	0.0000 0.0855 0.9963 0.0000	</row2>
			<row3>	0.1236 0.1344 -2.8827 1.0000	</row3>
		</transform>
	</node>
	<node>
		<identifier>	MP_RM193_Depth_Charge_Shelving_BB_INDEX_3	</identifier>
		<parent>	Scene Root	</parent>
		<transform>
			<row0>	0.5827 0.0000 0.0000 0.0000	</row0>
			<row1>	0.0000 0.5809 -0.0451 0.0000	</row1>
			<row2>	0.0000 0.0451 0.5809 0.0000	</row2>
			<row3>	0.0659 0.1312 -2.9130 1.0000	</row3>
		</transform>
	</node>
	<node>
		<identifier>	MP_RM200_Running_Lights_B	</identifier>
		<parent>	Scene Root	</parent>
		<transform>
			<row0>	-1.0392 0.0000 0.0000 0.0000	</row0>
			<row1>	0.0000 1.0392 0.0000 0.0000	</row1>
			<row2>	0.0000 0.0000 -1.0392 0.0000	</row2>
			<row3>	0.0000 0.1774 -2.9395 1.0000	</row3>
		</transform>
	</node>
	<node>
		<identifier>	MP_RM212_Anchor_Capstan_Stern	</identifier>
		<parent>	Scene Root	</parent>
		<transform>
			<row0>	1.0000 0.0000 0.0000 0.0000	</row0>
			<row1>	0.0000 1.0000 0.0000 0.0000	</row1>
			<row2>	0.0000 0.0000 1.0000 0.0000	</row2>
			<row3>	0.0000 0.1272 -2.5914 1.0000	</row3>
		</transform>
	</node>
	<node>
		<identifier>	MP_RM214_Life_Buoy	</identifier>
		<parent>	Scene Root	</parent>
		<transform>
			<row0>	0.0309 0.0000 -0.9995 0.0000	</row0>
			<row1>	0.0000 1.0000 0.0000 0.0000	</row1>
			<row2>	0.9995 0.0000 0.0309 0.0000	</row2>
			<row3>	-0.3127 0.1993 -2.3288 1.0000	</row3>
		</transform>
	</node>
	<node>
		<identifier>	MP_RM214_Life_Buoy_INDEX_1	</identifier>
		<parent>	Scene Root	</parent>
		<transform>
			<row0>	0.0309 0.0000 0.9995 0.0000	</row0>
			<row1>	0.0000 1.0000 0.0000 0.0000	</row1>
			<row2>	-0.9995 0.0000 0.0309 0.0000	</row2>
			<row3>	0.3127 0.1993 -2.3288 1.0000	</row3>
		</transform>
	</node>
	<node>
		<identifier>	MP_RM217_Ventilation_Mushroom	</identifier>
		<parent>	Scene Root	</parent>
		<transform>
			<row0>	1.0000 0.0000 0.0000 0.0000	</row0>
			<row1>	0.0000 1.0000 0.0000 0.0000	</row1>
			<row2>	0.0000 0.0000 1.0000 0.0000	</row2>
			<row3>	-0.1364 0.1298 -2.1333 1.0000	</row3>
		</transform>
	</node>
	<node>
		<identifier>	MP_RM218_Deck_Hatch	</identifier>
		<parent>	Scene Root	</parent>
		<transform>
			<row0>	1.4511 0.0000 0.0000 0.0000	</row0>
			<row1>	0.0000 1.4511 0.0000 0.0000	</row1>
			<row2>	0.0000 0.0000 1.4511 0.0000	</row2>
			<row3>	0.1137 0.1288 -2.4286 1.0000	</row3>
		</transform>
	</node>
	<node>
		<identifier>	MP_RM218_Deck_Hatch_INDEX_1	</identifier>
		<parent>	Scene Root	</parent>
		<transform>
			<row0>	1.4511 0.0000 0.0000 0.0000	</row0>
			<row1>	0.0000 1.4511 0.0000 0.0000	</row1>
			<row2>	0.0000 0.0000 1.4511 0.0000	</row2>
			<row3>	-0.1163 0.1280 -2.2066 1.0000	</row3>
		</transform>
	</node>
	<node>
		<identifier>	MP_RM219_Fairlead	</identifier>
		<parent>	Scene Root	</parent>
		<transform>
			<row0>	0.0000 0.0371 0.9993 0.0000	</row0>
			<row1>	0.0000 0.9993 -0.0371 0.0000	</row1>
			<row2>	-1.0000 0.0000 0.0000 0.0000	</row2>
			<row3>	0.0000 0.1303 -2.9432 1.0000	</row3>
		</transform>
	</node>
	<node>
		<identifier>	MP_RM220_Bollard	</identifier>
		<parent>	Scene Root	</parent>
		<transform>
			<row0>	1.0000 0.0000 0.0000 0.0000	</row0>
			<row1>	0.0000 1.0000 0.0000 0.0000	</row1>
			<row2>	0.0000 0.0000 1.0000 0.0000	</row2>
			<row3>	-0.3081 0.1238 -1.7789 1.0000	</row3>
		</transform>
	</node>
	<node>
		<identifier>	MP_RM220_Bollard_INDEX_1	</identifier>
		<parent>	Scene Root	</parent>
		<transform>
			<row0>	0.9974 0.0000 0.0717 0.0000	</row0>
			<row1>	0.0002 1.0000 -0.0029 0.0000	</row1>
			<row2>	-0.0717 0.0029 0.9974 0.0000	</row2>
			<row3>	-0.2771 0.1235 -2.7682 1.0000	</row3>
		</transform>
	</node>
	<node>
		<identifier>	MP_RM220_Bollard_INDEX_2	</identifier>
		<parent>	Scene Root	</parent>
		<transform>
			<row0>	0.9974 0.0000 -0.0717 0.0000	</row0>
			<row1>	-0.0002 1.0000 -0.0029 0.0000	</row1>
			<row2>	0.0717 0.0029 0.9974 0.0000	</row2>
			<row3>	0.2766 0.1235 -2.7820 1.0000	</row3>
		</transform>
	</node>
	<node>
		<identifier>	MP_RM220_Bollard_INDEX_3	</identifier>
		<parent>	Scene Root	</parent>
		<transform>
			<row0>	1.0000 0.0000 0.0000 0.0000	</row0>
			<row1>	0.0000 1.0000 0.0000 0.0000	</row1>
			<row2>	0.0000 0.0000 1.0000 0.0000	</row2>
			<row3>	0.3081 0.1238 -1.7789 1.0000	</row3>
		</transform>
	</node>
	<node>
		<identifier>	MP_RM230_Hatch	</identifier>
		<parent>	Scene Root	</parent>
		<transform>
			<row0>	1.0000 0.0000 0.0000 0.0000	</row0>
			<row1>	0.0000 1.0000 0.0000 0.0000	</row1>
			<row2>	0.0000 0.0000 1.0000 0.0000	</row2>
			<row3>	-0.0978 0.1261 -1.9939 1.0000	</row3>
		</transform>
	</node>
	<node>
		<identifier>	MP_RM230_Hatch_INDEX_1	</identifier>
		<parent>	Scene Root	</parent>
		<transform>
			<row0>	1.0000 0.0000 0.0000 0.0000	</row0>
			<row1>	0.0000 1.0000 0.0000 0.0000	</row1>
			<row2>	0.0000 0.0000 1.0000 0.0000	</row2>
			<row3>	-0.0978 0.1275 -2.4950 1.0000	</row3>
		</transform>
	</node>
	<node>
		<identifier>	MP_RM240_Depth_Charge_Thrower_BMB1	</identifier>
		<parent>	Scene Root	</parent>
		<transform>
			<row0>	0.0000 0.0000 1.0000 0.0000	</row0>
			<row1>	0.0000 1.0000 0.0000 0.0000	</row1>
			<row2>	-1.0000 0.0000 0.0000 0.0000	</row2>
			<row3>	-0.1075 0.1282 -2.3881 1.0000	</row3>
		</transform>
	</node>
	<node>
		<identifier>	MP_RM240_Depth_Charge_Thrower_BMB1_INDEX_1	</identifier>
		<parent>	Scene Root	</parent>
		<transform>
			<row0>	0.0000 0.0000 -1.0000 0.0000	</row0>
			<row1>	0.0000 1.0000 0.0000 0.0000	</row1>
			<row2>	1.0000 0.0000 0.0000 0.0000	</row2>
			<row3>	0.1137 0.1282 -2.3172 1.0000	</row3>
		</transform>
	</node>
</RSC008_Orlan_1941_Stern.skel_ext>
