<WSC302_Regele_Carol_I_1940_Stern.skel_ext>
	<exported>	true	</exported>
	<node>
		<identifier>	MP_CM161_Propeller_4_8m_BB_R	</identifier>
		<parent>	Scene Root	</parent>
		<transform>
			<row0>	1.1417 0.0000 0.0000 0.0000	</row0>
			<row1>	0.0000 1.1417 0.0000 0.0000	</row1>
			<row2>	0.0000 0.0000 1.1417 0.0000	</row2>
			<row3>	0.2746 -0.3597 -5.0552 1.0000	</row3>
		</transform>
	</node>
	<node>
		<identifier>	MP_CM162_Propeller_4_8m_BB_L	</identifier>
		<parent>	Scene Root	</parent>
		<transform>
			<row0>	1.0000 0.0000 0.0000 0.0000	</row0>
			<row1>	0.0000 1.0000 0.0000 0.0000	</row1>
			<row2>	0.0000 0.0000 1.0000 0.0000	</row2>
			<row3>	-0.2746 -0.3597 -5.0552 1.0000	</row3>
		</transform>
	</node>
	<node>
		<identifier>	MP_FM951_Anchor_up	</identifier>
		<parent>	Scene Root	</parent>
		<transform>
			<row0>	1.0000 0.0000 0.0000 0.0000	</row0>
			<row1>	0.0000 0.8360 0.5487 0.0000	</row1>
			<row2>	0.0000 -0.5487 0.8360 0.0000	</row2>
			<row3>	0.0000 0.1756 -6.1696 1.0000	</row3>
		</transform>
	</node>
	<node>
		<identifier>	MP_IM952_Anchor_Bottom	</identifier>
		<parent>	Scene Root	</parent>
		<transform>
			<row0>	0.0000 -0.0575 0.9983 0.0000	</row0>
			<row1>	0.0000 0.9983 0.0575 0.0000	</row1>
			<row2>	-1.0000 0.0000 0.0000 0.0000	</row2>
			<row3>	0.0000 0.1756 -6.1696 1.0000	</row3>
		</transform>
	</node>
	<node>
		<identifier>	MP_WM004_Life_buoy	</identifier>
		<parent>	Scene Root	</parent>
		<transform>
			<row0>	0.1414 0.0000 0.9900 0.0000	</row0>
			<row1>	0.0000 1.0000 0.0000 0.0000	</row1>
			<row2>	-0.9900 0.0000 0.1414 0.0000	</row2>
			<row3>	0.3878 0.4125 -5.2694 1.0000	</row3>
		</transform>
	</node>
	<node>
		<identifier>	MP_WM004_Life_buoy.001	</identifier>
		<parent>	Scene Root	</parent>
		<transform>
			<row0>	0.1414 0.0000 -0.9899 0.0000	</row0>
			<row1>	0.0000 1.0000 0.0000 0.0000	</row1>
			<row2>	0.9899 0.0000 0.1414 0.0000	</row2>
			<row3>	-0.3883 0.4125 -5.2694 1.0000	</row3>
		</transform>
	</node>
	<node>
		<identifier>	MP_WM5170_Fairlead2	</identifier>
		<parent>	Scene Root	</parent>
		<transform>
			<row0>	0.9825 0.0000 0.1864 0.0000	</row0>
			<row1>	-0.0003 1.0000 0.0015 0.0000	</row1>
			<row2>	-0.1864 -0.0016 0.9825 0.0000	</row2>
			<row3>	-0.3627 0.3430 -5.3629 1.0000	</row3>
		</transform>
	</node>
	<node>
		<identifier>	MP_WM5170_Fairlead2.001	</identifier>
		<parent>	Scene Root	</parent>
		<transform>
			<row0>	-0.9825 0.0000 0.1864 0.0000	</row0>
			<row1>	0.0003 1.0000 0.0015 0.0000	</row1>
			<row2>	-0.1864 0.0016 -0.9825 0.0000	</row2>
			<row3>	0.3632 0.3430 -5.3629 1.0000	</row3>
		</transform>
	</node>
	<node>
		<identifier>	MP_WM5170_Fairlead2.002	</identifier>
		<parent>	Scene Root	</parent>
		<transform>
			<row0>	-0.9949 0.0000 0.1010 0.0000	</row0>
			<row1>	0.0001 1.0000 0.0015 0.0000	</row1>
			<row2>	-0.1010 0.0016 -0.9949 0.0000	</row2>
			<row3>	0.4757 0.3415 -4.5493 1.0000	</row3>
		</transform>
	</node>
	<node>
		<identifier>	MP_WM5170_Fairlead2.003	</identifier>
		<parent>	Scene Root	</parent>
		<transform>
			<row0>	0.9949 0.0000 0.1010 0.0000	</row0>
			<row1>	-0.0001 1.0000 0.0015 0.0000	</row1>
			<row2>	-0.1010 -0.0016 0.9949 0.0000	</row2>
			<row3>	-0.4752 0.3415 -4.5493 1.0000	</row3>
		</transform>
	</node>
	<node>
		<identifier>	MP_WM5172_Bollard	</identifier>
		<parent>	Scene Root	</parent>
		<transform>
			<row0>	-0.9986 -0.0013 0.0520 0.0000	</row0>
			<row1>	-0.0011 1.0000 0.0028 0.0000	</row1>
			<row2>	-0.0520 0.0027 -0.9986 0.0000	</row2>
			<row3>	0.4410 0.3386 -4.3651 1.0000	</row3>
		</transform>
	</node>
	<node>
		<identifier>	MP_WM5172_Bollard.001	</identifier>
		<parent>	Scene Root	</parent>
		<transform>
			<row0>	-0.9986 0.0013 -0.0520 0.0000	</row0>
			<row1>	0.0011 1.0000 0.0028 0.0000	</row1>
			<row2>	0.0520 0.0027 -0.9986 0.0000	</row2>
			<row3>	-0.4373 0.3386 -4.3649 1.0000	</row3>
		</transform>
	</node>
	<node>
		<identifier>	MP_WM5172_Bollard.002	</identifier>
		<parent>	Scene Root	</parent>
		<transform>
			<row0>	0.9697 -0.0013 0.2442 0.0000	</row0>
			<row1>	0.0006 1.0000 0.0029 0.0000	</row1>
			<row2>	-0.2442 -0.0027 0.9697 0.0000	</row2>
			<row3>	-0.1941 0.3426 -5.7487 1.0000	</row3>
		</transform>
	</node>
	<node>
		<identifier>	MP_WM5172_Bollard.003	</identifier>
		<parent>	Scene Root	</parent>
		<transform>
			<row0>	-0.9697 -0.0013 0.2442 0.0000	</row0>
			<row1>	-0.0006 1.0000 0.0029 0.0000	</row1>
			<row2>	-0.2442 0.0027 -0.9697 0.0000	</row2>
			<row3>	0.1945 0.3426 -5.7487 1.0000	</row3>
		</transform>
	</node>
	<node>
		<identifier>	MP_WM5172_Bollard.004	</identifier>
		<parent>	Scene Root	</parent>
		<transform>
			<row0>	0.9898 -0.0013 0.1423 0.0000	</row0>
			<row1>	0.0009 1.0000 0.0029 0.0000	</row1>
			<row2>	-0.1423 -0.0027 0.9898 0.0000	</row2>
			<row3>	-0.3450 0.3411 -5.1163 1.0000	</row3>
		</transform>
	</node>
	<node>
		<identifier>	MP_WM5172_Bollard.005	</identifier>
		<parent>	Scene Root	</parent>
		<transform>
			<row0>	-0.9898 -0.0013 0.1423 0.0000	</row0>
			<row1>	-0.0009 1.0000 0.0029 0.0000	</row1>
			<row2>	-0.1423 0.0027 -0.9898 0.0000	</row2>
			<row3>	0.3455 0.3411 -5.1163 1.0000	</row3>
		</transform>
	</node>
	<node>
		<identifier>	MP_WM5182_Regele_Carol_I_name	</identifier>
		<parent>	Scene Root	</parent>
		<transform>
			<row0>	1.0000 0.0000 0.0000 0.0000	</row0>
			<row1>	0.0000 1.0000 0.0000 0.0000	</row1>
			<row2>	0.0000 0.0000 1.0000 0.0000	</row2>
			<row3>	0.0000 0.2011 -5.4492 1.0000	</row3>
		</transform>
	</node>
	<node>
		<identifier>	MP_WM5194_Life_Buoy	</identifier>
		<parent>	Scene Root	</parent>
		<transform>
			<row0>	-0.0999 0.0000 0.9950 0.0000	</row0>
			<row1>	-0.1515 0.9883 -0.0152 0.0000	</row1>
			<row2>	-0.9834 -0.1523 -0.0987 0.0000	</row2>
			<row3>	-0.4818 0.2562 -4.4586 1.0000	</row3>
		</transform>
	</node>
	<node>
		<identifier>	MP_WM5194_Life_Buoy.001	</identifier>
		<parent>	Scene Root	</parent>
		<transform>
			<row0>	-0.1771 -0.0109 0.9841 0.0000	</row0>
			<row1>	-0.2102 0.9773 -0.0270 0.0000	</row1>
			<row2>	-0.9615 -0.2117 -0.1754 0.0000	</row2>
			<row3>	-0.3403 0.2562 -5.4346 1.0000	</row3>
		</transform>
	</node>
	<node>
		<identifier>	MP_WM5194_Life_Buoy.002	</identifier>
		<parent>	Scene Root	</parent>
		<transform>
			<row0>	-0.1771 0.0109 -0.9841 0.0000	</row0>
			<row1>	0.2102 0.9773 -0.0270 0.0000	</row1>
			<row2>	0.9615 -0.2117 -0.1754 0.0000	</row2>
			<row3>	0.3403 0.2562 -5.4346 1.0000	</row3>
		</transform>
	</node>
	<node>
		<identifier>	MP_WM5194_Life_Buoy.003	</identifier>
		<parent>	Scene Root	</parent>
		<transform>
			<row0>	-0.0999 0.0000 -0.9950 0.0000	</row0>
			<row1>	0.1515 0.9883 -0.0152 0.0000	</row1>
			<row2>	0.9834 -0.1523 -0.0987 0.0000	</row2>
			<row3>	0.4818 0.2562 -4.4586 1.0000	</row3>
		</transform>
	</node>
	<node>
		<identifier>	SP_YMS011_YHWL_M_1	</identifier>
		<parent>	Scene Root	</parent>
		<transform>
			<row0>	0.9872 0.0000 0.1592 0.0000	</row0>
			<row1>	0.0000 1.0000 0.0000 0.0000	</row1>
			<row2>	-0.1592 0.0000 0.9872 0.0000	</row2>
			<row3>	-0.3682 0.0000 -4.6389 1.0000	</row3>
		</transform>
	</node>
	<node>
		<identifier>	SP_YMS012_YHWR_M_1	</identifier>
		<parent>	Scene Root	</parent>
		<transform>
			<row0>	0.9872 0.0000 -0.1592 0.0000	</row0>
			<row1>	0.0000 1.0000 0.0000 0.0000	</row1>
			<row2>	0.1592 0.0000 0.9872 0.0000	</row2>
			<row3>	0.3682 0.0000 -4.6389 1.0000	</row3>
		</transform>
	</node>
	<node>
		<identifier>	SP_YMS023_YHUC_L_1	</identifier>
		<parent>	Scene Root	</parent>
		<transform>
			<row0>	1.0000 0.0000 0.0000 0.0000	</row0>
			<row1>	0.0000 1.0000 0.0000 0.0000	</row1>
			<row2>	0.0000 0.0000 1.0000 0.0000	</row2>
			<row3>	0.2746 -0.3597 -5.1862 1.0000	</row3>
		</transform>
	</node>
	<node>
		<identifier>	SP_YMS023_YHUC_L_1.001	</identifier>
		<parent>	Scene Root	</parent>
		<transform>
			<row0>	1.0000 0.0000 0.0000 0.0000	</row0>
			<row1>	0.0000 1.0000 0.0000 0.0000	</row1>
			<row2>	0.0000 0.0000 1.0000 0.0000	</row2>
			<row3>	-0.2746 -0.3597 -5.1862 1.0000	</row3>
		</transform>
	</node>
	<node>
		<identifier>	SP_YMS031_YHAL_M_1	</identifier>
		<parent>	Scene Root	</parent>
		<transform>
			<row0>	0.8648 0.0000 0.3420 0.0000	</row0>
			<row1>	0.0000 0.9300 0.0000 0.0000	</row1>
			<row2>	-0.3420 0.0000 0.8648 0.0000	</row2>
			<row3>	-0.2384 0.1886 -5.9128 1.0000	</row3>
		</transform>
	</node>
	<node>
		<identifier>	SP_YMS032_YHAR_M_1	</identifier>
		<parent>	Scene Root	</parent>
		<transform>
			<row0>	0.8648 0.0000 -0.3420 0.0000	</row0>
			<row1>	0.0000 0.9300 0.0000 0.0000	</row1>
			<row2>	0.3420 0.0000 0.8648 0.0000	</row2>
			<row3>	0.2384 0.1886 -5.9128 1.0000	</row3>
		</transform>
	</node>
	<node>
		<identifier>	SP_YMS033_YHAM_S_1	</identifier>
		<parent>	Scene Root	</parent>
		<transform>
			<row0>	0.7013 0.0000 0.0000 0.0000	</row0>
			<row1>	0.0000 0.7013 0.0000 0.0000	</row1>
			<row2>	0.0000 0.0000 0.7013 0.0000	</row2>
			<row3>	0.0000 0.1756 -6.1752 1.0000	</row3>
		</transform>
	</node>
	<node>
		<identifier>	SP_YMS053_YHDC_S_1	</identifier>
		<parent>	Scene Root	</parent>
		<transform>
			<row0>	1.0000 0.0000 0.0000 0.0000	</row0>
			<row1>	0.0000 1.0000 -0.0057 0.0000	</row1>
			<row2>	0.0000 0.0057 1.0000 0.0000	</row2>
			<row3>	-0.1941 0.3575 -5.0837 1.0000	</row3>
		</transform>
	</node>
	<node>
		<identifier>	SP_YMS053_YHDC_S_1.001	</identifier>
		<parent>	Scene Root	</parent>
		<transform>
			<row0>	1.0000 0.0000 0.0000 0.0000	</row0>
			<row1>	0.0000 1.0000 -0.0057 0.0000	</row1>
			<row2>	0.0000 0.0057 1.0000 0.0000	</row2>
			<row3>	0.1941 0.3575 -5.0837 1.0000	</row3>
		</transform>
	</node>
	<node>
		<identifier>	SP_YMS085_YHSC_S_1	</identifier>
		<parent>	Scene Root	</parent>
		<transform>
			<row0>	0.0737 0.0000 0.5188 0.0000	</row0>
			<row1>	0.0000 0.5240 0.0000 0.0000	</row1>
			<row2>	-0.5188 0.0000 0.0737 0.0000	</row2>
			<row3>	0.4351 0.3278 -4.9254 1.0000	</row3>
		</transform>
	</node>
	<node>
		<identifier>	SP_YMS085_YHSC_S_1.001	</identifier>
		<parent>	Scene Root	</parent>
		<transform>
			<row0>	0.0737 0.0000 -0.5188 0.0000	</row0>
			<row1>	0.0000 0.5240 0.0000 0.0000	</row1>
			<row2>	0.5188 0.0000 0.0737 0.0000	</row2>
			<row3>	-0.4351 0.3278 -4.9254 1.0000	</row3>
		</transform>
	</node>
</WSC302_Regele_Carol_I_1940_Stern.skel_ext>
