<VSB301_Oceano_1944_MidBack.skel_ext>
	<exported>	true	</exported>
	<node>
		<identifier>	MP_BM851_Searchlight_20in	</identifier>
		<parent>	Scene Root	</parent>
		<transform>
			<row0>	0.0000 0.0000 -1.0000 0.0000	</row0>
			<row1>	0.0000 1.0000 0.0000 0.0000	</row1>
			<row2>	1.0000 0.0000 0.0000 0.0000	</row2>
			<row3>	0.4374 0.7802 -1.9413 1.0000	</row3>
		</transform>
	</node>
	<node>
		<identifier>	MP_BM851_Searchlight_20in_INDEX_1	</identifier>
		<parent>	Scene Root	</parent>
		<transform>
			<row0>	0.0000 0.0000 1.0000 0.0000	</row0>
			<row1>	0.0000 1.0000 0.0000 0.0000	</row1>
			<row2>	-1.0000 0.0000 0.0000 0.0000	</row2>
			<row3>	-0.4374 0.7802 -1.9413 1.0000	</row3>
		</transform>
	</node>
	<node>
		<identifier>	MP_CM011_Fire_Fighting_Gear	</identifier>
		<parent>	Scene Root	</parent>
		<transform>
			<row0>	0.0000 0.0000 -1.0000 0.0000	</row0>
			<row1>	0.0000 1.0000 0.0000 0.0000	</row1>
			<row2>	1.0000 0.0000 0.0000 0.0000	</row2>
			<row3>	-0.3239 0.2489 -5.0384 1.0000	</row3>
		</transform>
	</node>
	<node>
		<identifier>	MP_CM011_Fire_Fighting_Gear_INDEX_1	</identifier>
		<parent>	Scene Root	</parent>
		<transform>
			<row0>	0.0000 0.0000 1.0000 0.0000	</row0>
			<row1>	0.0000 1.0000 0.0000 0.0000	</row1>
			<row2>	-1.0000 0.0000 0.0000 0.0000	</row2>
			<row3>	0.3239 0.2489 -5.0384 1.0000	</row3>
		</transform>
	</node>
	<node>
		<identifier>	MP_CM011_Fire_Fighting_Gear_INDEX_2	</identifier>
		<parent>	Scene Root	</parent>
		<transform>
			<row0>	0.0000 0.0000 -1.0000 0.0000	</row0>
			<row1>	0.0000 1.0000 0.0000 0.0000	</row1>
			<row2>	1.0000 0.0000 0.0000 0.0000	</row2>
			<row3>	-0.3383 0.2376 -3.8365 1.0000	</row3>
		</transform>
	</node>
	<node>
		<identifier>	MP_CM011_Fire_Fighting_Gear_INDEX_3	</identifier>
		<parent>	Scene Root	</parent>
		<transform>
			<row0>	0.0000 0.0000 1.0000 0.0000	</row0>
			<row1>	0.0000 1.0000 0.0000 0.0000	</row1>
			<row2>	-1.0000 0.0000 0.0000 0.0000	</row2>
			<row3>	0.3383 0.2376 -3.8365 1.0000	</row3>
		</transform>
	</node>
	<node>
		<identifier>	MP_CM011_Fire_Fighting_Gear_INDEX_4	</identifier>
		<parent>	Scene Root	</parent>
		<transform>
			<row0>	0.0000 0.0000 -1.0000 0.0000	</row0>
			<row1>	0.0000 1.0000 0.0000 0.0000	</row1>
			<row2>	1.0000 0.0000 0.0000 0.0000	</row2>
			<row3>	-0.4686 0.2368 -2.7720 1.0000	</row3>
		</transform>
	</node>
	<node>
		<identifier>	MP_CM011_Fire_Fighting_Gear_INDEX_5	</identifier>
		<parent>	Scene Root	</parent>
		<transform>
			<row0>	-0.9681 0.0000 -0.2505 0.0000	</row0>
			<row1>	0.0000 1.0000 0.0000 0.0000	</row1>
			<row2>	0.2505 0.0000 -0.9681 0.0000	</row2>
			<row3>	0.3118 0.6084 -1.9472 1.0000	</row3>
		</transform>
	</node>
	<node>
		<identifier>	MP_CM011_Fire_Fighting_Gear_INDEX_6	</identifier>
		<parent>	Scene Root	</parent>
		<transform>
			<row0>	-0.9681 0.0000 0.2505 0.0000	</row0>
			<row1>	0.0000 1.0000 0.0000 0.0000	</row1>
			<row2>	-0.2505 0.0000 -0.9681 0.0000	</row2>
			<row3>	-0.3118 0.6084 -1.9472 1.0000	</row3>
		</transform>
	</node>
	<node>
		<identifier>	MP_CM011_Fire_Fighting_Gear_INDEX_7	</identifier>
		<parent>	Scene Root	</parent>
		<transform>
			<row0>	-0.5010 0.0000 0.8654 0.0000	</row0>
			<row1>	0.0000 1.0000 0.0000 0.0000	</row1>
			<row2>	-0.8654 0.0000 -0.5010 0.0000	</row2>
			<row3>	0.4711 0.4171 -1.9302 1.0000	</row3>
		</transform>
	</node>
	<node>
		<identifier>	MP_CM011_Fire_Fighting_Gear_INDEX_8	</identifier>
		<parent>	Scene Root	</parent>
		<transform>
			<row0>	-0.5010 0.0000 -0.8654 0.0000	</row0>
			<row1>	0.0000 1.0000 0.0000 0.0000	</row1>
			<row2>	0.8654 0.0000 -0.5010 0.0000	</row2>
			<row3>	-0.4711 0.4171 -1.9302 1.0000	</row3>
		</transform>
	</node>
	<node>
		<identifier>	MP_CM012_Fire_Hose_Rack_1	</identifier>
		<parent>	Scene Root	</parent>
		<transform>
			<row0>	0.8659 0.0000 0.5003 0.0000	</row0>
			<row1>	0.0000 1.0000 0.0000 0.0000	</row1>
			<row2>	-0.5003 0.0000 0.8659 0.0000	</row2>
			<row3>	-0.4484 0.3253 -2.7770 1.0000	</row3>
		</transform>
	</node>
	<node>
		<identifier>	MP_CM012_Fire_Hose_Rack_1_INDEX_1	</identifier>
		<parent>	Scene Root	</parent>
		<transform>
			<row0>	0.2637 0.0000 -0.9646 0.0000	</row0>
			<row1>	0.0000 1.0000 0.0000 0.0000	</row1>
			<row2>	0.9646 0.0000 0.2637 0.0000	</row2>
			<row3>	0.2871 0.6888 -1.9625 1.0000	</row3>
		</transform>
	</node>
	<node>
		<identifier>	MP_CM012_Fire_Hose_Rack_1_INDEX_2	</identifier>
		<parent>	Scene Root	</parent>
		<transform>
			<row0>	-0.2637 0.0000 -0.9646 0.0000	</row0>
			<row1>	0.0000 1.0000 0.0000 0.0000	</row1>
			<row2>	0.9646 0.0000 -0.2637 0.0000	</row2>
			<row3>	-0.2871 0.6888 -1.9625 1.0000	</row3>
		</transform>
	</node>
	<node>
		<identifier>	MP_CM012_Fire_Hose_Rack_1_INDEX_3	</identifier>
		<parent>	Scene Root	</parent>
		<transform>
			<row0>	-0.8643 0.0000 -0.5030 0.0000	</row0>
			<row1>	0.0000 1.0000 0.0000 0.0000	</row1>
			<row2>	0.5030 0.0000 -0.8643 0.0000	</row2>
			<row3>	0.4893 0.4766 -1.9765 1.0000	</row3>
		</transform>
	</node>
	<node>
		<identifier>	MP_CM012_Fire_Hose_Rack_1_INDEX_4	</identifier>
		<parent>	Scene Root	</parent>
		<transform>
			<row0>	0.8643 0.0000 -0.5030 0.0000	</row0>
			<row1>	0.0000 1.0000 0.0000 0.0000	</row1>
			<row2>	0.5030 0.0000 0.8643 0.0000	</row2>
			<row3>	-0.4893 0.4766 -1.9765 1.0000	</row3>
		</transform>
	</node>
	<node>
		<identifier>	MP_CM029_Emergency_Box	</identifier>
		<parent>	Scene Root	</parent>
		<transform>
			<row0>	0.0411 0.0000 0.9992 0.0000	</row0>
			<row1>	0.0000 1.0000 0.0000 0.0000	</row1>
			<row2>	-0.9992 0.0000 0.0411 0.0000	</row2>
			<row3>	0.5865 0.4962 -2.3998 1.0000	</row3>
		</transform>
	</node>
	<node>
		<identifier>	MP_CM029_Emergency_Box_INDEX_1	</identifier>
		<parent>	Scene Root	</parent>
		<transform>
			<row0>	-0.9990 0.0000 -0.0438 0.0000	</row0>
			<row1>	0.0000 1.0000 0.0000 0.0000	</row1>
			<row2>	0.0438 0.0000 -0.9990 0.0000	</row2>
			<row3>	0.0541 0.7015 -1.9923 1.0000	</row3>
		</transform>
	</node>
	<node>
		<identifier>	MP_CM029_Emergency_Box_INDEX_2	</identifier>
		<parent>	Scene Root	</parent>
		<transform>
			<row0>	0.1372 0.0000 -0.9905 0.0000	</row0>
			<row1>	0.0000 1.0000 0.0000 0.0000	</row1>
			<row2>	0.9905 0.0000 0.1372 0.0000	</row2>
			<row3>	-0.3279 0.3111 -3.9627 1.0000	</row3>
		</transform>
	</node>
	<node>
		<identifier>	MP_CM029_Emergency_Box_INDEX_3	</identifier>
		<parent>	Scene Root	</parent>
		<transform>
			<row0>	0.1372 0.0000 0.9905 0.0000	</row0>
			<row1>	0.0000 1.0000 0.0000 0.0000	</row1>
			<row2>	-0.9905 0.0000 0.1372 0.0000	</row2>
			<row3>	0.3279 0.3111 -3.9627 1.0000	</row3>
		</transform>
	</node>
	<node>
		<identifier>	MP_CM029_Emergency_Box_INDEX_4	</identifier>
		<parent>	Scene Root	</parent>
		<transform>
			<row0>	-0.1922 0.0000 0.9813 0.0000	</row0>
			<row1>	0.0000 1.0000 0.0000 0.0000	</row1>
			<row2>	-0.9813 0.0000 -0.1922 0.0000	</row2>
			<row3>	0.3654 0.8829 -2.2985 1.0000	</row3>
		</transform>
	</node>
	<node>
		<identifier>	MP_CM029_Emergency_Box_INDEX_5	</identifier>
		<parent>	Scene Root	</parent>
		<transform>
			<row0>	1.0000 0.0000 0.0000 0.0000	</row0>
			<row1>	0.0000 1.0000 0.0000 0.0000	</row1>
			<row2>	0.0000 0.0000 1.0000 0.0000	</row2>
			<row3>	0.0758 0.3111 -2.8072 1.0000	</row3>
		</transform>
	</node>
	<node>
		<identifier>	MP_CM029_Emergency_Box_INDEX_6	</identifier>
		<parent>	Scene Root	</parent>
		<transform>
			<row0>	0.0000 0.0000 1.0000 0.0000	</row0>
			<row1>	0.0000 1.0000 0.0000 0.0000	</row1>
			<row2>	-1.0000 0.0000 0.0000 0.0000	</row2>
			<row3>	0.5975 0.4806 -1.0495 1.0000	</row3>
		</transform>
	</node>
	<node>
		<identifier>	MP_CM029_Emergency_Box_INDEX_7	</identifier>
		<parent>	Scene Root	</parent>
		<transform>
			<row0>	0.0411 0.0000 -0.9992 0.0000	</row0>
			<row1>	0.0000 1.0000 0.0000 0.0000	</row1>
			<row2>	0.9992 0.0000 0.0411 0.0000	</row2>
			<row3>	-0.5872 0.4962 -2.3998 1.0000	</row3>
		</transform>
	</node>
	<node>
		<identifier>	MP_CM029_Emergency_Box_INDEX_8	</identifier>
		<parent>	Scene Root	</parent>
		<transform>
			<row0>	-0.1922 0.0000 -0.9813 0.0000	</row0>
			<row1>	0.0000 1.0000 0.0000 0.0000	</row1>
			<row2>	0.9813 0.0000 -0.1922 0.0000	</row2>
			<row3>	-0.3654 0.8829 -2.2985 1.0000	</row3>
		</transform>
	</node>
	<node>
		<identifier>	MP_CM030_Swab_Rack_2	</identifier>
		<parent>	Scene Root	</parent>
		<transform>
			<row0>	-0.5000 0.0000 -0.8660 0.0000	</row0>
			<row1>	0.0000 1.0000 0.0000 0.0000	</row1>
			<row2>	0.8660 0.0000 -0.5000 0.0000	</row2>
			<row3>	0.4831 0.2348 -2.7162 1.0000	</row3>
		</transform>
	</node>
	<node>
		<identifier>	MP_CM052_Fender	</identifier>
		<parent>	Scene Root	</parent>
		<transform>
			<row0>	-0.9237 0.0000 0.3831 0.0000	</row0>
			<row1>	0.0000 1.0000 0.0000 0.0000	</row1>
			<row2>	-0.3831 0.0000 -0.9237 0.0000	</row2>
			<row3>	-0.1188 0.2486 -5.2459 1.0000	</row3>
		</transform>
	</node>
	<node>
		<identifier>	MP_CM052_Fender_INDEX_1	</identifier>
		<parent>	Scene Root	</parent>
		<transform>
			<row0>	-0.9917 0.0000 0.1285 0.0000	</row0>
			<row1>	0.0000 1.0000 0.0000 0.0000	</row1>
			<row2>	-0.1285 0.0000 -0.9917 0.0000	</row2>
			<row3>	-0.0406 0.2491 -5.2638 1.0000	</row3>
		</transform>
	</node>
	<node>
		<identifier>	MP_CM052_Fender_INDEX_2	</identifier>
		<parent>	Scene Root	</parent>
		<transform>
			<row0>	-0.9917 0.0000 -0.1285 0.0000	</row0>
			<row1>	0.0000 1.0000 0.0000 0.0000	</row1>
			<row2>	0.1285 0.0000 -0.9917 0.0000	</row2>
			<row3>	0.0406 0.2491 -5.2638 1.0000	</row3>
		</transform>
	</node>
	<node>
		<identifier>	MP_CM052_Fender_INDEX_3	</identifier>
		<parent>	Scene Root	</parent>
		<transform>
			<row0>	-0.9237 0.0000 -0.3831 0.0000	</row0>
			<row1>	0.0000 1.0000 0.0000 0.0000	</row1>
			<row2>	0.3831 0.0000 -0.9237 0.0000	</row2>
			<row3>	0.1188 0.2486 -5.2459 1.0000	</row3>
		</transform>
	</node>
	<node>
		<identifier>	MP_CM052_Fender_INDEX_4	</identifier>
		<parent>	Scene Root	</parent>
		<transform>
			<row0>	-0.6535 0.0000 -0.7569 0.0000	</row0>
			<row1>	0.0000 1.0000 0.0000 0.0000	</row1>
			<row2>	0.7569 0.0000 -0.6535 0.0000	</row2>
			<row3>	0.5908 0.4138 -1.3853 1.0000	</row3>
		</transform>
	</node>
	<node>
		<identifier>	MP_CM052_Fender_INDEX_5	</identifier>
		<parent>	Scene Root	</parent>
		<transform>
			<row0>	-0.6535 0.0000 0.7569 0.0000	</row0>
			<row1>	0.0000 1.0000 0.0000 0.0000	</row1>
			<row2>	-0.7569 0.0000 -0.6535 0.0000	</row2>
			<row3>	-0.5908 0.4138 -1.3853 1.0000	</row3>
		</transform>
	</node>
	<node>
		<identifier>	MP_CM057_Accommodation_Ladder_Closed	</identifier>
		<parent>	Scene Root	</parent>
		<transform>
			<row0>	0.2097 -0.9777 -0.0126 0.0000	</row0>
			<row1>	0.9749 0.2100 -0.0740 0.0000	</row1>
			<row2>	0.0750 0.0033 0.9972 0.0000	</row2>
			<row3>	0.8664 0.2657 -4.0641 1.0000	</row3>
		</transform>
	</node>
	<node>
		<identifier>	MP_CM057_Accommodation_Ladder_Closed_INDEX_1	</identifier>
		<parent>	Scene Root	</parent>
		<transform>
			<row0>	0.2097 0.9777 0.0126 0.0000	</row0>
			<row1>	-0.9749 0.2100 -0.0740 0.0000	</row1>
			<row2>	-0.0750 0.0033 0.9972 0.0000	</row2>
			<row3>	-0.8678 0.2657 -4.0641 1.0000	</row3>
		</transform>
	</node>
	<node>
		<identifier>	MP_CM126_Cleat	</identifier>
		<parent>	Scene Root	</parent>
		<transform>
			<row0>	-0.9642 0.0000 0.2650 0.0000	</row0>
			<row1>	-0.2650 0.0000 -0.9642 0.0000	</row1>
			<row2>	0.0000 -1.0000 0.0000 0.0000	</row2>
			<row3>	-0.0049 1.0382 -2.0144 1.0000	</row3>
		</transform>
	</node>
	<node>
		<identifier>	MP_VM003_Paravane	</identifier>
		<parent>	Scene Root	</parent>
		<transform>
			<row0>	-0.0049 1.0000 -0.0020 0.0000	</row0>
			<row1>	-0.3582 0.0000 0.9336 0.0000	</row1>
			<row2>	0.9336 0.0053 0.3582 0.0000	</row2>
			<row3>	-0.1145 0.3077 -4.6064 1.0000	</row3>
		</transform>
	</node>
	<node>
		<identifier>	MP_VM003_Paravane_INDEX_1	</identifier>
		<parent>	Scene Root	</parent>
		<transform>
			<row0>	-0.0049 -1.0000 0.0020 0.0000	</row0>
			<row1>	0.3582 0.0000 0.9336 0.0000	</row1>
			<row2>	-0.9336 0.0053 0.3582 0.0000	</row2>
			<row3>	0.1138 0.3079 -4.6070 1.0000	</row3>
		</transform>
	</node>
	<node>
		<identifier>	MP_VM007_Turtles_box	</identifier>
		<parent>	Scene Root	</parent>
		<transform>
			<row0>	0.1259 0.0000 0.9920 0.0000	</row0>
			<row1>	0.0000 1.0000 0.0000 0.0000	</row1>
			<row2>	-0.9920 0.0000 0.1259 0.0000	</row2>
			<row3>	-0.3202 0.2688 -3.8947 1.0000	</row3>
		</transform>
	</node>
	<node>
		<identifier>	MP_VM007_Turtles_box_INDEX_1	</identifier>
		<parent>	Scene Root	</parent>
		<transform>
			<row0>	0.1259 0.0000 -0.9920 0.0000	</row0>
			<row1>	0.0000 1.0000 0.0000 0.0000	</row1>
			<row2>	0.9920 0.0000 0.1259 0.0000	</row2>
			<row3>	0.3202 0.2688 -3.8947 1.0000	</row3>
		</transform>
	</node>
	<node>
		<identifier>	MP_VM007_Turtles_box_INDEX_2	</identifier>
		<parent>	Scene Root	</parent>
		<transform>
			<row0>	0.5506 0.0000 -0.8348 0.0000	</row0>
			<row1>	0.0000 1.0000 0.0000 0.0000	</row1>
			<row2>	0.8348 0.0000 0.5506 0.0000	</row2>
			<row3>	0.3477 0.8244 -2.2651 1.0000	</row3>
		</transform>
	</node>
	<node>
		<identifier>	MP_VM007_Turtles_box_INDEX_3	</identifier>
		<parent>	Scene Root	</parent>
		<transform>
			<row0>	0.5506 0.0000 0.8348 0.0000	</row0>
			<row1>	0.0000 1.0000 0.0000 0.0000	</row1>
			<row2>	-0.8348 0.0000 0.5506 0.0000	</row2>
			<row3>	-0.3477 0.8244 -2.2651 1.0000	</row3>
		</transform>
	</node>
	<node>
		<identifier>	MP_VM007_Turtles_box_INDEX_4	</identifier>
		<parent>	Scene Root	</parent>
		<transform>
			<row0>	0.8875 0.0000 -0.4607 0.0000	</row0>
			<row1>	0.0000 1.0000 0.0000 0.0000	</row1>
			<row2>	0.4607 0.0000 0.8875 0.0000	</row2>
			<row3>	-0.6673 0.2828 -2.8777 1.0000	</row3>
		</transform>
	</node>
	<node>
		<identifier>	MP_VM007_Turtles_box_INDEX_5	</identifier>
		<parent>	Scene Root	</parent>
		<transform>
			<row0>	0.8875 0.0000 0.4607 0.0000	</row0>
			<row1>	0.0000 1.0000 0.0000 0.0000	</row1>
			<row2>	-0.4607 0.0000 0.8875 0.0000	</row2>
			<row3>	0.6673 0.2828 -2.8777 1.0000	</row3>
		</transform>
	</node>
	<node>
		<identifier>	MP_VM016_Reels	</identifier>
		<parent>	Scene Root	</parent>
		<transform>
			<row0>	1.0000 0.0000 0.0000 0.0000	</row0>
			<row1>	0.0000 1.0000 0.0000 0.0000	</row1>
			<row2>	0.0000 0.0000 1.0000 0.0000	</row2>
			<row3>	-0.3144 0.2327 -2.8323 1.0000	</row3>
		</transform>
	</node>
	<node>
		<identifier>	MP_VM016_Reels_INDEX_1	</identifier>
		<parent>	Scene Root	</parent>
		<transform>
			<row0>	1.0000 0.0000 0.0000 0.0000	</row0>
			<row1>	0.0000 1.0000 0.0000 0.0000	</row1>
			<row2>	0.0000 0.0000 1.0000 0.0000	</row2>
			<row3>	0.3150 0.2327 -2.8323 1.0000	</row3>
		</transform>
	</node>
	<node>
		<identifier>	MP_VM034_5in_Ammo_Hoist	</identifier>
		<parent>	Scene Root	</parent>
		<transform>
			<row0>	0.0000 0.0000 -1.0000 0.0000	</row0>
			<row1>	0.0000 1.0000 0.0000 0.0000	</row1>
			<row2>	1.0000 0.0000 0.0000 0.0000	</row2>
			<row3>	0.0439 0.7792 -2.4798 1.0000	</row3>
		</transform>
	</node>
	<node>
		<identifier>	MP_VM034_5in_Ammo_Hoist_INDEX_1	</identifier>
		<parent>	Scene Root	</parent>
		<transform>
			<row0>	0.0000 0.0000 1.0000 0.0000	</row0>
			<row1>	0.0000 1.0000 0.0000 0.0000	</row1>
			<row2>	-1.0000 0.0000 0.0000 0.0000	</row2>
			<row3>	-0.0439 0.7792 -2.4798 1.0000	</row3>
		</transform>
	</node>
	<node>
		<identifier>	MP_VM059_Night_lifebuoy	</identifier>
		<parent>	Scene Root	</parent>
		<transform>
			<row0>	0.9491 0.3134 -0.0306 0.0000	</row0>
			<row1>	-0.3132 0.9496 0.0101 0.0000	</row1>
			<row2>	0.0322 0.0000 0.9995 0.0000	</row2>
			<row3>	0.9557 0.3012 -2.1412 1.0000	</row3>
		</transform>
	</node>
	<node>
		<identifier>	MP_VM059_Night_lifebuoy_INDEX_1	</identifier>
		<parent>	Scene Root	</parent>
		<transform>
			<row0>	-0.9491 0.3134 -0.0306 0.0000	</row0>
			<row1>	0.3132 0.9496 0.0101 0.0000	</row1>
			<row2>	0.0322 0.0000 -0.9995 0.0000	</row2>
			<row3>	-0.9557 0.3012 -2.1412 1.0000	</row3>
		</transform>
	</node>
	<node>
		<identifier>	MP_VM5004_3ton_electrik_winch_R	</identifier>
		<parent>	Scene Root	</parent>
		<transform>
			<row0>	-0.7547 0.0000 -0.6560 0.0000	</row0>
			<row1>	0.0000 1.0000 0.0000 0.0000	</row1>
			<row2>	0.6560 0.0000 -0.7547 0.0000	</row2>
			<row3>	0.4479 0.2391 -4.6247 1.0000	</row3>
		</transform>
	</node>
	<node>
		<identifier>	MP_VM5005_3ton_electrik_winch_L	</identifier>
		<parent>	Scene Root	</parent>
		<transform>
			<row0>	0.5293 0.0000 0.8484 0.0000	</row0>
			<row1>	0.0000 1.0000 0.0000 0.0000	</row1>
			<row2>	-0.8484 0.0000 0.5293 0.0000	</row2>
			<row3>	-0.3468 0.2342 -3.1113 1.0000	</row3>
		</transform>
	</node>
	<node>
		<identifier>	MP_VM5005_3ton_electrik_winch_L_INDEX_1	</identifier>
		<parent>	Scene Root	</parent>
		<transform>
			<row0>	-0.7547 0.0000 0.6560 0.0000	</row0>
			<row1>	0.0000 1.0000 0.0000 0.0000	</row1>
			<row2>	-0.6560 0.0000 -0.7547 0.0000	</row2>
			<row3>	-0.4479 0.2391 -4.6247 1.0000	</row3>
		</transform>
	</node>
	<node>
		<identifier>	MP_VM5007_Gun_Deck	</identifier>
		<parent>	Scene Root	</parent>
		<transform>
			<row0>	-0.9588 0.0000 -0.2840 0.0000	</row0>
			<row1>	0.0000 1.0000 0.0000 0.0000	</row1>
			<row2>	0.2840 0.0000 -0.9588 0.0000	</row2>
			<row3>	0.6440 0.2417 -4.9148 1.0000	</row3>
		</transform>
	</node>
	<node>
		<identifier>	MP_VM5007_Gun_Deck_INDEX_1	</identifier>
		<parent>	Scene Root	</parent>
		<transform>
			<row0>	-0.9588 0.0000 0.2840 0.0000	</row0>
			<row1>	0.0000 1.0000 0.0000 0.0000	</row1>
			<row2>	-0.2840 0.0000 -0.9588 0.0000	</row2>
			<row3>	-0.6440 0.2417 -4.9148 1.0000	</row3>
		</transform>
	</node>
	<node>
		<identifier>	MP_VM536_Liferaft_type_20_10ft	</identifier>
		<parent>	Scene Root	</parent>
		<transform>
			<row0>	0.0000 0.0005 1.0000 0.0000	</row0>
			<row1>	0.0000 1.0000 -0.0005 0.0000	</row1>
			<row2>	-1.0000 0.0000 0.0000 0.0000	</row2>
			<row3>	-0.0002 0.2595 -2.8962 1.0000	</row3>
		</transform>
	</node>
	<node>
		<identifier>	MP_VM536_Liferaft_type_20_10ft_INDEX_1	</identifier>
		<parent>	Scene Root	</parent>
		<transform>
			<row0>	0.0000 0.0005 1.0000 0.0000	</row0>
			<row1>	0.0000 1.0000 -0.0005 0.0000	</row1>
			<row2>	-1.0000 0.0000 0.0000 0.0000	</row2>
			<row3>	-0.0002 0.2841 -2.8963 1.0000	</row3>
		</transform>
	</node>
	<node>
		<identifier>	MP_VM536_Liferaft_type_20_10ft_INDEX_10	</identifier>
		<parent>	Scene Root	</parent>
		<transform>
			<row0>	0.0004 1.0000 -0.0003 0.0000	</row0>
			<row1>	0.8657 -0.0005 -0.5005 0.0000	</row1>
			<row2>	-0.5005 0.0000 -0.8657 0.0000	</row2>
			<row3>	0.5073 0.6061 -2.6749 1.0000	</row3>
		</transform>
	</node>
	<node>
		<identifier>	MP_VM536_Liferaft_type_20_10ft_INDEX_11	</identifier>
		<parent>	Scene Root	</parent>
		<transform>
			<row0>	0.0004 1.0000 -0.0003 0.0000	</row0>
			<row1>	0.8657 -0.0005 -0.5005 0.0000	</row1>
			<row2>	-0.5005 0.0000 -0.8657 0.0000	</row2>
			<row3>	0.5073 0.4851 -2.6749 1.0000	</row3>
		</transform>
	</node>
	<node>
		<identifier>	MP_VM536_Liferaft_type_20_10ft_INDEX_12	</identifier>
		<parent>	Scene Root	</parent>
		<transform>
			<row0>	0.0004 -1.0000 0.0003 0.0000	</row0>
			<row1>	-0.8657 -0.0005 -0.5005 0.0000	</row1>
			<row2>	0.5005 0.0000 -0.8657 0.0000	</row2>
			<row3>	-0.5073 0.6061 -2.6749 1.0000	</row3>
		</transform>
	</node>
	<node>
		<identifier>	MP_VM536_Liferaft_type_20_10ft_INDEX_13	</identifier>
		<parent>	Scene Root	</parent>
		<transform>
			<row0>	0.0004 -1.0000 0.0003 0.0000	</row0>
			<row1>	-0.8657 -0.0005 -0.5005 0.0000	</row1>
			<row2>	0.5005 0.0000 -0.8657 0.0000	</row2>
			<row3>	-0.5073 0.4851 -2.6749 1.0000	</row3>
		</transform>
	</node>
	<node>
		<identifier>	MP_VM536_Liferaft_type_20_10ft_INDEX_14	</identifier>
		<parent>	Scene Root	</parent>
		<transform>
			<row0>	0.0000 0.0000 1.0000 0.0000	</row0>
			<row1>	0.0000 1.0000 0.0000 0.0000	</row1>
			<row2>	-1.0000 0.0000 0.0000 0.0000	</row2>
			<row3>	0.1145 0.6307 -1.4185 1.0000	</row3>
		</transform>
	</node>
	<node>
		<identifier>	MP_VM536_Liferaft_type_20_10ft_INDEX_15	</identifier>
		<parent>	Scene Root	</parent>
		<transform>
			<row0>	0.0000 0.0000 1.0000 0.0000	</row0>
			<row1>	0.0000 1.0000 0.0000 0.0000	</row1>
			<row2>	-1.0000 0.0000 0.0000 0.0000	</row2>
			<row3>	0.1145 0.6060 -1.4185 1.0000	</row3>
		</transform>
	</node>
	<node>
		<identifier>	MP_VM536_Liferaft_type_20_10ft_INDEX_16	</identifier>
		<parent>	Scene Root	</parent>
		<transform>
			<row0>	0.0000 0.0000 1.0000 0.0000	</row0>
			<row1>	0.0000 1.0000 0.0000 0.0000	</row1>
			<row2>	-1.0000 0.0000 0.0000 0.0000	</row2>
			<row3>	0.1164 0.6308 -1.5432 1.0000	</row3>
		</transform>
	</node>
	<node>
		<identifier>	MP_VM536_Liferaft_type_20_10ft_INDEX_17	</identifier>
		<parent>	Scene Root	</parent>
		<transform>
			<row0>	0.0000 0.0000 1.0000 0.0000	</row0>
			<row1>	0.0000 1.0000 0.0000 0.0000	</row1>
			<row2>	-1.0000 0.0000 0.0000 0.0000	</row2>
			<row3>	0.1164 0.6062 -1.5432 1.0000	</row3>
		</transform>
	</node>
	<node>
		<identifier>	MP_VM536_Liferaft_type_20_10ft_INDEX_2	</identifier>
		<parent>	Scene Root	</parent>
		<transform>
			<row0>	0.0000 0.0005 1.0000 0.0000	</row0>
			<row1>	0.0000 1.0000 -0.0005 0.0000	</row1>
			<row2>	-1.0000 0.0000 0.0000 0.0000	</row2>
			<row3>	-0.0002 0.2348 -2.8962 1.0000	</row3>
		</transform>
	</node>
	<node>
		<identifier>	MP_VM536_Liferaft_type_20_10ft_INDEX_3	</identifier>
		<parent>	Scene Root	</parent>
		<transform>
			<row0>	0.0000 0.0005 1.0000 0.0000	</row0>
			<row1>	0.0000 1.0000 -0.0005 0.0000	</row1>
			<row2>	-1.0000 0.0000 0.0000 0.0000	</row2>
			<row3>	-0.0002 0.2595 -3.0216 1.0000	</row3>
		</transform>
	</node>
	<node>
		<identifier>	MP_VM536_Liferaft_type_20_10ft_INDEX_4	</identifier>
		<parent>	Scene Root	</parent>
		<transform>
			<row0>	0.0000 0.0005 1.0000 0.0000	</row0>
			<row1>	0.0000 1.0000 -0.0005 0.0000	</row1>
			<row2>	-1.0000 0.0000 0.0000 0.0000	</row2>
			<row3>	-0.0002 0.2841 -3.0216 1.0000	</row3>
		</transform>
	</node>
	<node>
		<identifier>	MP_VM536_Liferaft_type_20_10ft_INDEX_5	</identifier>
		<parent>	Scene Root	</parent>
		<transform>
			<row0>	0.0000 0.0005 1.0000 0.0000	</row0>
			<row1>	0.0000 1.0000 -0.0005 0.0000	</row1>
			<row2>	-1.0000 0.0000 0.0000 0.0000	</row2>
			<row3>	-0.0002 0.2348 -3.0216 1.0000	</row3>
		</transform>
	</node>
	<node>
		<identifier>	MP_VM536_Liferaft_type_20_10ft_INDEX_6	</identifier>
		<parent>	Scene Root	</parent>
		<transform>
			<row0>	0.0000 0.0000 -1.0000 0.0000	</row0>
			<row1>	0.0000 1.0000 0.0000 0.0000	</row1>
			<row2>	1.0000 0.0000 0.0000 0.0000	</row2>
			<row3>	-0.1164 0.6062 -1.5432 1.0000	</row3>
		</transform>
	</node>
	<node>
		<identifier>	MP_VM536_Liferaft_type_20_10ft_INDEX_7	</identifier>
		<parent>	Scene Root	</parent>
		<transform>
			<row0>	0.0000 0.0000 -1.0000 0.0000	</row0>
			<row1>	0.0000 1.0000 0.0000 0.0000	</row1>
			<row2>	1.0000 0.0000 0.0000 0.0000	</row2>
			<row3>	-0.1164 0.6308 -1.5432 1.0000	</row3>
		</transform>
	</node>
	<node>
		<identifier>	MP_VM536_Liferaft_type_20_10ft_INDEX_8	</identifier>
		<parent>	Scene Root	</parent>
		<transform>
			<row0>	0.0000 0.0000 -1.0000 0.0000	</row0>
			<row1>	0.0000 1.0000 0.0000 0.0000	</row1>
			<row2>	1.0000 0.0000 0.0000 0.0000	</row2>
			<row3>	-0.1145 0.6307 -1.4185 1.0000	</row3>
		</transform>
	</node>
	<node>
		<identifier>	MP_VM536_Liferaft_type_20_10ft_INDEX_9	</identifier>
		<parent>	Scene Root	</parent>
		<transform>
			<row0>	0.0000 0.0000 -1.0000 0.0000	</row0>
			<row1>	0.0000 1.0000 0.0000 0.0000	</row1>
			<row2>	1.0000 0.0000 0.0000 0.0000	</row2>
			<row3>	-0.1145 0.6060 -1.4185 1.0000	</row3>
		</transform>
	</node>
	<node>
		<identifier>	MP_VM604_Telephone	</identifier>
		<parent>	Scene Root	</parent>
		<transform>
			<row0>	-0.8281 0.0000 0.5606 0.0000	</row0>
			<row1>	0.0000 1.0000 0.0000 0.0000	</row1>
			<row2>	-0.5606 0.0000 -0.8281 0.0000	</row2>
			<row3>	0.3182 0.8943 -2.2382 1.0000	</row3>
		</transform>
	</node>
	<node>
		<identifier>	MP_VM604_Telephone_INDEX_1	</identifier>
		<parent>	Scene Root	</parent>
		<transform>
			<row0>	-0.8281 0.0000 -0.5606 0.0000	</row0>
			<row1>	0.0000 1.0000 0.0000 0.0000	</row1>
			<row2>	0.5606 0.0000 -0.8281 0.0000	</row2>
			<row3>	-0.3182 0.8943 -2.2382 1.0000	</row3>
		</transform>
	</node>
	<node>
		<identifier>	MP_VM700_Ammunition_Box	</identifier>
		<parent>	Scene Root	</parent>
		<transform>
			<row0>	-0.9955 0.0000 -0.0952 0.0000	</row0>
			<row1>	0.0000 1.0000 0.0000 0.0000	</row1>
			<row2>	0.0952 0.0000 -0.9955 0.0000	</row2>
			<row3>	-0.5975 0.2382 -4.5416 1.0000	</row3>
		</transform>
	</node>
	<node>
		<identifier>	MP_VM700_Ammunition_Box_INDEX_1	</identifier>
		<parent>	Scene Root	</parent>
		<transform>
			<row0>	-0.9955 0.0000 -0.0952 0.0000	</row0>
			<row1>	0.0000 1.0000 0.0000 0.0000	</row1>
			<row2>	0.0952 0.0000 -0.9955 0.0000	</row2>
			<row3>	-0.6572 0.2359 -4.0168 1.0000	</row3>
		</transform>
	</node>
	<node>
		<identifier>	MP_VM700_Ammunition_Box_INDEX_2	</identifier>
		<parent>	Scene Root	</parent>
		<transform>
			<row0>	-0.9955 0.0000 0.0952 0.0000	</row0>
			<row1>	0.0000 1.0000 0.0000 0.0000	</row1>
			<row2>	-0.0952 0.0000 -0.9955 0.0000	</row2>
			<row3>	0.6572 0.2359 -4.0168 1.0000	</row3>
		</transform>
	</node>
	<node>
		<identifier>	MP_VM700_Ammunition_Box_INDEX_3	</identifier>
		<parent>	Scene Root	</parent>
		<transform>
			<row0>	-0.9955 0.0000 0.0952 0.0000	</row0>
			<row1>	0.0000 1.0000 0.0000 0.0000	</row1>
			<row2>	-0.0952 0.0000 -0.9955 0.0000	</row2>
			<row3>	0.5975 0.2382 -4.5416 1.0000	</row3>
		</transform>
	</node>
	<node>
		<identifier>	MP_VM701_Ammunition_Box	</identifier>
		<parent>	Scene Root	</parent>
		<transform>
			<row0>	0.0000 0.0000 -1.0000 0.0000	</row0>
			<row1>	0.0000 1.0000 0.0000 0.0000	</row1>
			<row2>	1.0000 0.0000 0.0000 0.0000	</row2>
			<row3>	-0.4961 0.2377 -4.3625 1.0000	</row3>
		</transform>
	</node>
	<node>
		<identifier>	MP_VM701_Ammunition_Box_INDEX_1	</identifier>
		<parent>	Scene Root	</parent>
		<transform>
			<row0>	0.0000 0.0000 -1.0000 0.0000	</row0>
			<row1>	0.0000 1.0000 0.0000 0.0000	</row1>
			<row2>	1.0000 0.0000 0.0000 0.0000	</row2>
			<row3>	-0.4961 0.2365 -4.1563 1.0000	</row3>
		</transform>
	</node>
	<node>
		<identifier>	MP_VM701_Ammunition_Box_INDEX_10	</identifier>
		<parent>	Scene Root	</parent>
		<transform>
			<row0>	0.0000 0.0000 -1.0000 0.0000	</row0>
			<row1>	0.0000 1.0000 0.0000 0.0000	</row1>
			<row2>	1.0000 0.0000 0.0000 0.0000	</row2>
			<row3>	-0.4961 0.2343 -3.8480 1.0000	</row3>
		</transform>
	</node>
	<node>
		<identifier>	MP_VM701_Ammunition_Box_INDEX_11	</identifier>
		<parent>	Scene Root	</parent>
		<transform>
			<row0>	0.0000 0.0000 -1.0000 0.0000	</row0>
			<row1>	0.0000 1.0000 0.0000 0.0000	</row1>
			<row2>	1.0000 0.0000 0.0000 0.0000	</row2>
			<row3>	-0.5020 0.2336 -3.6640 1.0000	</row3>
		</transform>
	</node>
	<node>
		<identifier>	MP_VM701_Ammunition_Box_INDEX_12	</identifier>
		<parent>	Scene Root	</parent>
		<transform>
			<row0>	-0.6089 0.0000 0.7933 0.0000	</row0>
			<row1>	0.0000 1.0000 0.0000 0.0000	</row1>
			<row2>	-0.7933 0.0000 -0.6089 0.0000	</row2>
			<row3>	0.2723 0.2336 -3.7313 1.0000	</row3>
		</transform>
	</node>
	<node>
		<identifier>	MP_VM701_Ammunition_Box_INDEX_13	</identifier>
		<parent>	Scene Root	</parent>
		<transform>
			<row0>	-0.7933 0.0000 0.6089 0.0000	</row0>
			<row1>	0.0000 1.0000 0.0000 0.0000	</row1>
			<row2>	-0.6089 0.0000 -0.7933 0.0000	</row2>
			<row3>	0.1807 0.2336 -3.6459 1.0000	</row3>
		</transform>
	</node>
	<node>
		<identifier>	MP_VM701_Ammunition_Box_INDEX_14	</identifier>
		<parent>	Scene Root	</parent>
		<transform>
			<row0>	-0.7933 0.0000 -0.6089 0.0000	</row0>
			<row1>	0.0000 1.0000 0.0000 0.0000	</row1>
			<row2>	0.6089 0.0000 -0.7933 0.0000	</row2>
			<row3>	-0.1807 0.2336 -3.6459 1.0000	</row3>
		</transform>
	</node>
	<node>
		<identifier>	MP_VM701_Ammunition_Box_INDEX_15	</identifier>
		<parent>	Scene Root	</parent>
		<transform>
			<row0>	-0.6089 0.0000 -0.7933 0.0000	</row0>
			<row1>	0.0000 1.0000 0.0000 0.0000	</row1>
			<row2>	0.7933 0.0000 -0.6089 0.0000	</row2>
			<row3>	-0.2723 0.2336 -3.7313 1.0000	</row3>
		</transform>
	</node>
	<node>
		<identifier>	MP_VM701_Ammunition_Box_INDEX_2	</identifier>
		<parent>	Scene Root	</parent>
		<transform>
			<row0>	0.0000 0.0000 1.0000 0.0000	</row0>
			<row1>	0.0000 1.0000 0.0000 0.0000	</row1>
			<row2>	-1.0000 0.0000 0.0000 0.0000	</row2>
			<row3>	0.4961 0.2377 -4.3625 1.0000	</row3>
		</transform>
	</node>
	<node>
		<identifier>	MP_VM701_Ammunition_Box_INDEX_3	</identifier>
		<parent>	Scene Root	</parent>
		<transform>
			<row0>	0.0000 0.0000 1.0000 0.0000	</row0>
			<row1>	0.0000 1.0000 0.0000 0.0000	</row1>
			<row2>	-1.0000 0.0000 0.0000 0.0000	</row2>
			<row3>	0.4961 0.2365 -4.1563 1.0000	</row3>
		</transform>
	</node>
	<node>
		<identifier>	MP_VM701_Ammunition_Box_INDEX_4	</identifier>
		<parent>	Scene Root	</parent>
		<transform>
			<row0>	0.9745 0.0000 0.2244 0.0000	</row0>
			<row1>	0.0000 1.0000 0.0000 0.0000	</row1>
			<row2>	-0.2244 0.0000 0.9745 0.0000	</row2>
			<row3>	0.2680 0.7798 -2.0008 1.0000	</row3>
		</transform>
	</node>
	<node>
		<identifier>	MP_VM701_Ammunition_Box_INDEX_5	</identifier>
		<parent>	Scene Root	</parent>
		<transform>
			<row0>	0.9745 0.0000 -0.2244 0.0000	</row0>
			<row1>	0.0000 1.0000 0.0000 0.0000	</row1>
			<row2>	0.2244 0.0000 0.9745 0.0000	</row2>
			<row3>	-0.2680 0.7798 -2.0008 1.0000	</row3>
		</transform>
	</node>
	<node>
		<identifier>	MP_VM701_Ammunition_Box_INDEX_6	</identifier>
		<parent>	Scene Root	</parent>
		<transform>
			<row0>	0.0000 0.0000 1.0000 0.0000	</row0>
			<row1>	0.0000 1.0000 0.0000 0.0000	</row1>
			<row2>	-1.0000 0.0000 0.0000 0.0000	</row2>
			<row3>	0.6146 0.4134 -1.2188 1.0000	</row3>
		</transform>
	</node>
	<node>
		<identifier>	MP_VM701_Ammunition_Box_INDEX_7	</identifier>
		<parent>	Scene Root	</parent>
		<transform>
			<row0>	0.0000 0.0000 -1.0000 0.0000	</row0>
			<row1>	0.0000 1.0000 0.0000 0.0000	</row1>
			<row2>	1.0000 0.0000 0.0000 0.0000	</row2>
			<row3>	-0.6146 0.4134 -1.2188 1.0000	</row3>
		</transform>
	</node>
	<node>
		<identifier>	MP_VM701_Ammunition_Box_INDEX_8	</identifier>
		<parent>	Scene Root	</parent>
		<transform>
			<row0>	0.0000 0.0000 1.0000 0.0000	</row0>
			<row1>	0.0000 1.0000 0.0000 0.0000	</row1>
			<row2>	-1.0000 0.0000 0.0000 0.0000	</row2>
			<row3>	0.4961 0.2343 -3.8480 1.0000	</row3>
		</transform>
	</node>
	<node>
		<identifier>	MP_VM701_Ammunition_Box_INDEX_9	</identifier>
		<parent>	Scene Root	</parent>
		<transform>
			<row0>	0.0000 0.0000 1.0000 0.0000	</row0>
			<row1>	0.0000 1.0000 0.0000 0.0000	</row1>
			<row2>	-1.0000 0.0000 0.0000 0.0000	</row2>
			<row3>	0.5020 0.2336 -3.6640 1.0000	</row3>
		</transform>
	</node>
	<node>
		<identifier>	MP_VM756_Deck_Hatch	</identifier>
		<parent>	Scene Root	</parent>
		<transform>
			<row0>	-1.0000 0.0000 0.0000 0.0000	</row0>
			<row1>	0.0000 1.0000 0.0000 0.0000	</row1>
			<row2>	0.0000 0.0000 -1.0000 0.0000	</row2>
			<row3>	0.3653 0.6109 -1.3056 1.0000	</row3>
		</transform>
	</node>
	<node>
		<identifier>	MP_VM756_Deck_Hatch_INDEX_1	</identifier>
		<parent>	Scene Root	</parent>
		<transform>
			<row0>	-1.0000 0.0000 0.0000 0.0000	</row0>
			<row1>	0.0000 0.9994 0.0340 0.0000	</row1>
			<row2>	0.0000 0.0340 -0.9994 0.0000	</row2>
			<row3>	-0.1443 0.2374 -3.1687 1.0000	</row3>
		</transform>
	</node>
	<node>
		<identifier>	MP_VM756_Deck_Hatch_INDEX_2	</identifier>
		<parent>	Scene Root	</parent>
		<transform>
			<row0>	-1.0000 0.0000 0.0000 0.0000	</row0>
			<row1>	0.0000 0.9994 0.0340 0.0000	</row1>
			<row2>	0.0000 0.0340 -0.9994 0.0000	</row2>
			<row3>	0.2971 0.2522 -5.2877 1.0000	</row3>
		</transform>
	</node>
	<node>
		<identifier>	MP_VM756_Deck_Hatch_INDEX_3	</identifier>
		<parent>	Scene Root	</parent>
		<transform>
			<row0>	-1.0000 0.0000 0.0000 0.0000	</row0>
			<row1>	0.0000 0.9994 0.0340 0.0000	</row1>
			<row2>	0.0000 0.0340 -0.9994 0.0000	</row2>
			<row3>	-0.2971 0.2522 -5.2877 1.0000	</row3>
		</transform>
	</node>
	<node>
		<identifier>	MP_VM756_Deck_Hatch_INDEX_4	</identifier>
		<parent>	Scene Root	</parent>
		<transform>
			<row0>	-1.0000 0.0000 0.0000 0.0000	</row0>
			<row1>	0.0000 1.0000 0.0000 0.0000	</row1>
			<row2>	0.0000 0.0000 -1.0000 0.0000	</row2>
			<row3>	-0.3653 0.6109 -1.3056 1.0000	</row3>
		</transform>
	</node>
	<node>
		<identifier>	MP_VM756_Deck_Hatch_INDEX_5	</identifier>
		<parent>	Scene Root	</parent>
		<transform>
			<row0>	-1.0000 0.0000 0.0000 0.0000	</row0>
			<row1>	0.0000 0.9994 0.0340 0.0000	</row1>
			<row2>	0.0000 0.0340 -0.9994 0.0000	</row2>
			<row3>	0.1443 0.2374 -3.1687 1.0000	</row3>
		</transform>
	</node>
	<node>
		<identifier>	MP_VM756_Deck_Hatch_INDEX_6	</identifier>
		<parent>	Scene Root	</parent>
		<transform>
			<row0>	-1.0000 0.0000 0.0000 0.0000	</row0>
			<row1>	0.0000 0.9994 0.0340 0.0000	</row1>
			<row2>	0.0000 0.0340 -0.9994 0.0000	</row2>
			<row3>	0.3656 0.2410 -4.3943 1.0000	</row3>
		</transform>
	</node>
	<node>
		<identifier>	MP_VM756_Deck_Hatch_INDEX_7	</identifier>
		<parent>	Scene Root	</parent>
		<transform>
			<row0>	-1.0000 0.0000 0.0000 0.0000	</row0>
			<row1>	0.0000 0.9994 0.0340 0.0000	</row1>
			<row2>	0.0000 0.0340 -0.9994 0.0000	</row2>
			<row3>	-0.3656 0.2410 -4.3943 1.0000	</row3>
		</transform>
	</node>
	<node>
		<identifier>	MP_VM803_Ventilators_mushroom	</identifier>
		<parent>	Scene Root	</parent>
		<transform>
			<row0>	-1.3000 0.0000 0.0000 0.0000	</row0>
			<row1>	0.0000 1.3000 0.0000 0.0000	</row1>
			<row2>	0.0000 0.0000 -1.3000 0.0000	</row2>
			<row3>	-0.2399 0.5871 -1.3097 1.0000	</row3>
		</transform>
	</node>
	<node>
		<identifier>	MP_VM803_Ventilators_mushroom_INDEX_1	</identifier>
		<parent>	Scene Root	</parent>
		<transform>
			<row0>	-1.0000 0.0000 0.0000 0.0000	</row0>
			<row1>	0.0000 1.0000 0.0000 0.0000	</row1>
			<row2>	0.0000 0.0000 -1.0000 0.0000	</row2>
			<row3>	0.8648 0.2313 -2.1137 1.0000	</row3>
		</transform>
	</node>
	<node>
		<identifier>	MP_VM803_Ventilators_mushroom_INDEX_10	</identifier>
		<parent>	Scene Root	</parent>
		<transform>
			<row0>	-1.0000 0.0000 0.0000 0.0000	</row0>
			<row1>	0.0000 1.0000 0.0000 0.0000	</row1>
			<row2>	0.0000 0.0000 -1.0000 0.0000	</row2>
			<row3>	-0.2445 0.2367 -4.2235 1.0000	</row3>
		</transform>
	</node>
	<node>
		<identifier>	MP_VM803_Ventilators_mushroom_INDEX_11	</identifier>
		<parent>	Scene Root	</parent>
		<transform>
			<row0>	-1.0000 0.0000 0.0000 0.0000	</row0>
			<row1>	0.0000 1.0000 0.0000 0.0000	</row1>
			<row2>	0.0000 0.0000 -1.0000 0.0000	</row2>
			<row3>	0.0349 0.5744 -1.2431 1.0000	</row3>
		</transform>
	</node>
	<node>
		<identifier>	MP_VM803_Ventilators_mushroom_INDEX_12	</identifier>
		<parent>	Scene Root	</parent>
		<transform>
			<row0>	-1.0000 0.0000 0.0000 0.0000	</row0>
			<row1>	0.0000 1.0000 0.0000 0.0000	</row1>
			<row2>	0.0000 0.0000 -1.0000 0.0000	</row2>
			<row3>	0.0349 0.2327 -3.3276 1.0000	</row3>
		</transform>
	</node>
	<node>
		<identifier>	MP_VM803_Ventilators_mushroom_INDEX_2	</identifier>
		<parent>	Scene Root	</parent>
		<transform>
			<row0>	-1.0000 0.0000 0.0000 0.0000	</row0>
			<row1>	0.0000 1.0000 0.0000 0.0000	</row1>
			<row2>	0.0000 0.0000 -1.0000 0.0000	</row2>
			<row3>	0.2445 0.2367 -4.2235 1.0000	</row3>
		</transform>
	</node>
	<node>
		<identifier>	MP_VM803_Ventilators_mushroom_INDEX_3	</identifier>
		<parent>	Scene Root	</parent>
		<transform>
			<row0>	-1.0000 0.0000 0.0000 0.0000	</row0>
			<row1>	0.0000 1.0000 0.0000 0.0000	</row1>
			<row2>	0.0000 0.0000 -1.0000 0.0000	</row2>
			<row3>	-0.8648 0.2313 -2.1137 1.0000	</row3>
		</transform>
	</node>
	<node>
		<identifier>	MP_VM803_Ventilators_mushroom_INDEX_4	</identifier>
		<parent>	Scene Root	</parent>
		<transform>
			<row0>	-1.3000 0.0000 0.0000 0.0000	</row0>
			<row1>	0.0000 1.3000 0.0000 0.0000	</row1>
			<row2>	0.0000 0.0000 -1.3000 0.0000	</row2>
			<row3>	0.2399 0.5871 -1.3097 1.0000	</row3>
		</transform>
	</node>
	<node>
		<identifier>	MP_VM803_Ventilators_mushroom_INDEX_5	</identifier>
		<parent>	Scene Root	</parent>
		<transform>
			<row0>	-1.0000 0.0000 0.0000 0.0000	</row0>
			<row1>	0.0000 1.0000 0.0000 0.0000	</row1>
			<row2>	0.0000 0.0000 -1.0000 0.0000	</row2>
			<row3>	0.8169 0.2313 -2.1959 1.0000	</row3>
		</transform>
	</node>
	<node>
		<identifier>	MP_VM803_Ventilators_mushroom_INDEX_6	</identifier>
		<parent>	Scene Root	</parent>
		<transform>
			<row0>	-1.0000 0.0000 0.0000 0.0000	</row0>
			<row1>	0.0000 1.0000 0.0000 0.0000	</row1>
			<row2>	0.0000 0.0000 -1.0000 0.0000	</row2>
			<row3>	-0.0349 0.5744 -1.2431 1.0000	</row3>
		</transform>
	</node>
	<node>
		<identifier>	MP_VM803_Ventilators_mushroom_INDEX_7	</identifier>
		<parent>	Scene Root	</parent>
		<transform>
			<row0>	1.0000 0.0000 0.0000 0.0000	</row0>
			<row1>	0.0000 1.0000 0.0000 0.0000	</row1>
			<row2>	0.0000 0.0000 1.0000 0.0000	</row2>
			<row3>	0.2500 0.2328 -3.6530 1.0000	</row3>
		</transform>
	</node>
	<node>
		<identifier>	MP_VM803_Ventilators_mushroom_INDEX_8	</identifier>
		<parent>	Scene Root	</parent>
		<transform>
			<row0>	1.0000 0.0000 0.0000 0.0000	</row0>
			<row1>	0.0000 1.0000 0.0000 0.0000	</row1>
			<row2>	0.0000 0.0000 1.0000 0.0000	</row2>
			<row3>	-0.2500 0.2328 -3.6530 1.0000	</row3>
		</transform>
	</node>
	<node>
		<identifier>	MP_VM803_Ventilators_mushroom_INDEX_9	</identifier>
		<parent>	Scene Root	</parent>
		<transform>
			<row0>	-1.0000 0.0000 0.0000 0.0000	</row0>
			<row1>	0.0000 1.0000 0.0000 0.0000	</row1>
			<row2>	0.0000 0.0000 -1.0000 0.0000	</row2>
			<row3>	-0.8169 0.2313 -2.1959 1.0000	</row3>
		</transform>
	</node>
	<node>
		<identifier>	MP_VM804_Ventilation_box	</identifier>
		<parent>	Scene Root	</parent>
		<transform>
			<row0>	0.0000 0.0000 -1.0000 0.0000	</row0>
			<row1>	0.0000 1.0000 0.0000 0.0000	</row1>
			<row2>	1.0000 0.0000 0.0000 0.0000	</row2>
			<row3>	0.3589 0.2428 -4.8755 1.0000	</row3>
		</transform>
	</node>
	<node>
		<identifier>	MP_VM804_Ventilation_box_INDEX_1	</identifier>
		<parent>	Scene Root	</parent>
		<transform>
			<row0>	0.0000 0.0000 1.0000 0.0000	</row0>
			<row1>	0.0000 1.0000 0.0000 0.0000	</row1>
			<row2>	-1.0000 0.0000 0.0000 0.0000	</row2>
			<row3>	-0.3543 0.2428 -4.9597 1.0000	</row3>
		</transform>
	</node>
	<node>
		<identifier>	MP_VM804_Ventilation_box_INDEX_10	</identifier>
		<parent>	Scene Root	</parent>
		<transform>
			<row0>	0.0000 0.0000 -0.5000 0.0000	</row0>
			<row1>	0.0000 0.5000 0.0000 0.0000	</row1>
			<row2>	0.5000 0.0000 0.0000 0.0000	</row2>
			<row3>	-0.1954 0.2488 -5.2995 1.0000	</row3>
		</transform>
	</node>
	<node>
		<identifier>	MP_VM804_Ventilation_box_INDEX_11	</identifier>
		<parent>	Scene Root	</parent>
		<transform>
			<row0>	0.0000 0.0000 -1.0000 0.0000	</row0>
			<row1>	0.0000 1.0000 0.0000 0.0000	</row1>
			<row2>	1.0000 0.0000 0.0000 0.0000	</row2>
			<row3>	0.3543 0.2428 -4.9597 1.0000	</row3>
		</transform>
	</node>
	<node>
		<identifier>	MP_VM804_Ventilation_box_INDEX_12	</identifier>
		<parent>	Scene Root	</parent>
		<transform>
			<row0>	0.0000 0.0000 1.0000 0.0000	</row0>
			<row1>	0.0000 1.0000 0.0000 0.0000	</row1>
			<row2>	-1.0000 0.0000 0.0000 0.0000	</row2>
			<row3>	-0.7325 0.2332 -2.3586 1.0000	</row3>
		</transform>
	</node>
	<node>
		<identifier>	MP_VM804_Ventilation_box_INDEX_13	</identifier>
		<parent>	Scene Root	</parent>
		<transform>
			<row0>	0.0000 0.0000 -1.0000 0.0000	</row0>
			<row1>	0.0000 1.0000 0.0000 0.0000	</row1>
			<row2>	1.0000 0.0000 0.0000 0.0000	</row2>
			<row3>	0.6245 0.2451 -5.0880 1.0000	</row3>
		</transform>
	</node>
	<node>
		<identifier>	MP_VM804_Ventilation_box_INDEX_14	</identifier>
		<parent>	Scene Root	</parent>
		<transform>
			<row0>	0.0000 0.0000 1.0000 0.0000	</row0>
			<row1>	0.0000 1.0000 0.0000 0.0000	</row1>
			<row2>	-1.0000 0.0000 0.0000 0.0000	</row2>
			<row3>	-0.6820 0.2451 -5.1617 1.0000	</row3>
		</transform>
	</node>
	<node>
		<identifier>	MP_VM804_Ventilation_box_INDEX_15	</identifier>
		<parent>	Scene Root	</parent>
		<transform>
