<ZSB301_Taihang_1956_Stern.skel_ext>
	<exported>	true	</exported>
	<node>
		<identifier>	MP_CM002_Propeller4_L	</identifier>
		<parent>	Scene Root	</parent>
		<transform>
			<row0>	1.4769 -0.0001 -0.0195 0.0000	</row0>
			<row1>	-0.0001 1.4769 -0.0159 0.0000	</row1>
			<row2>	0.0195 0.0159 1.4768 0.0000	</row2>
			<row3>	-0.6992 -0.4911 -5.8208 1.0000	</row3>
		</transform>
	</node>
	<node>
		<identifier>	MP_CM002_Propeller4_L_INDEX_1	</identifier>
		<parent>	Scene Root	</parent>
		<transform>
			<row0>	1.4770 0.0000 -0.0009 0.0000	</row0>
			<row1>	-0.0001 1.4769 -0.0159 0.0000	</row1>
			<row2>	0.0009 0.0159 1.4769 0.0000	</row2>
			<row3>	-0.2604 -0.5171 -6.9849 1.0000	</row3>
		</transform>
	</node>
	<node>
		<identifier>	MP_CM011_Fire_Fighting_Gear	</identifier>
		<parent>	Scene Root	</parent>
		<transform>
			<row0>	1.0000 0.0000 0.0000 0.0000	</row0>
			<row1>	0.0000 1.0000 0.0000 0.0000	</row1>
			<row2>	0.0000 0.0000 1.0000 0.0000	</row2>
			<row3>	0.4636 0.2119 -5.7402 1.0000	</row3>
		</transform>
	</node>
	<node>
		<identifier>	MP_CM011_Fire_Fighting_Gear_INDEX_1	</identifier>
		<parent>	Scene Root	</parent>
		<transform>
			<row0>	1.0000 0.0000 0.0000 0.0000	</row0>
			<row1>	0.0000 1.0000 0.0000 0.0000	</row1>
			<row2>	0.0000 0.0000 1.0000 0.0000	</row2>
			<row3>	-0.4636 0.2119 -5.7402 1.0000	</row3>
		</transform>
	</node>
	<node>
		<identifier>	MP_CM011_Fire_Fighting_Gear_INDEX_2	</identifier>
		<parent>	Scene Root	</parent>
		<transform>
			<row0>	1.0000 0.0000 0.0000 0.0000	</row0>
			<row1>	0.0000 1.0000 0.0000 0.0000	</row1>
			<row2>	0.0000 0.0000 1.0000 0.0000	</row2>
			<row3>	0.0120 0.4047 -3.4935 1.0000	</row3>
		</transform>
	</node>
	<node>
		<identifier>	MP_CM011_Fire_Fighting_Gear_INDEX_3	</identifier>
		<parent>	Scene Root	</parent>
		<transform>
			<row0>	-1.0000 0.0000 0.0000 0.0000	</row0>
			<row1>	0.0000 1.0000 0.0000 0.0000	</row1>
			<row2>	0.0000 0.0000 -1.0000 0.0000	</row2>
			<row3>	0.0120 0.4047 -1.5432 1.0000	</row3>
		</transform>
	</node>
	<node>
		<identifier>	MP_CM011_Fire_Fighting_Gear_INDEX_4	</identifier>
		<parent>	Scene Root	</parent>
		<transform>
			<row0>	1.0000 0.0000 0.0000 0.0000	</row0>
			<row1>	0.0000 1.0000 0.0000 0.0000	</row1>
			<row2>	0.0000 0.0000 1.0000 0.0000	</row2>
			<row3>	-0.0111 0.4048 -4.8042 1.0000	</row3>
		</transform>
	</node>
	<node>
		<identifier>	MP_CM012_Fire_Hose_Rack_1	</identifier>
		<parent>	Scene Root	</parent>
		<transform>
			<row0>	0.0000 0.0000 1.0000 0.0000	</row0>
			<row1>	0.0000 1.0000 0.0000 0.0000	</row1>
			<row2>	-1.0000 0.0000 0.0000 0.0000	</row2>
			<row3>	0.4665 0.2863 -5.7287 1.0000	</row3>
		</transform>
	</node>
	<node>
		<identifier>	MP_CM012_Fire_Hose_Rack_1_INDEX_1	</identifier>
		<parent>	Scene Root	</parent>
		<transform>
			<row0>	-0.0754 0.0000 0.9972 0.0000	</row0>
			<row1>	0.0000 1.0000 0.0000 0.0000	</row1>
			<row2>	-0.9972 0.0000 -0.0754 0.0000	</row2>
			<row3>	0.0334 0.5103 -4.7898 1.0000	</row3>
		</transform>
	</node>
	<node>
		<identifier>	MP_CM012_Fire_Hose_Rack_1_INDEX_2	</identifier>
		<parent>	Scene Root	</parent>
		<transform>
			<row0>	0.0825 0.0000 0.9966 0.0000	</row0>
			<row1>	0.0000 1.0000 0.0000 0.0000	</row1>
			<row2>	-0.9966 0.0000 0.0825 0.0000	</row2>
			<row3>	-0.0305 0.4640 -3.4770 1.0000	</row3>
		</transform>
	</node>
	<node>
		<identifier>	MP_CM012_Fire_Hose_Rack_1_INDEX_3	</identifier>
		<parent>	Scene Root	</parent>
		<transform>
			<row0>	-0.1576 0.0000 -0.9875 0.0000	</row0>
			<row1>	0.0000 1.0000 0.0000 0.0000	</row1>
			<row2>	0.9875 0.0000 -0.1576 0.0000	</row2>
			<row3>	0.0228 0.4853 -1.5596 1.0000	</row3>
		</transform>
	</node>
	<node>
		<identifier>	MP_CM012_Fire_Hose_Rack_1_INDEX_4	</identifier>
		<parent>	Scene Root	</parent>
		<transform>
			<row0>	0.0000 0.0000 1.0000 0.0000	</row0>
			<row1>	0.0000 1.0000 0.0000 0.0000	</row1>
			<row2>	-1.0000 0.0000 0.0000 0.0000	</row2>
			<row3>	-0.4665 0.2863 -5.7287 1.0000	</row3>
		</transform>
	</node>
	<node>
		<identifier>	MP_CM014_Fuel_Oil_Hose	</identifier>
		<parent>	Scene Root	</parent>
		<transform>
			<row0>	-1.0000 0.0000 0.0000 0.0000	</row0>
			<row1>	0.0000 -1.0000 0.0000 0.0000	</row1>
			<row2>	0.0000 0.0000 1.0000 0.0000	</row2>
			<row3>	0.2493 0.4459 -2.1033 1.0000	</row3>
		</transform>
	</node>
	<node>
		<identifier>	MP_CM014_Fuel_Oil_Hose_INDEX_1	</identifier>
		<parent>	Scene Root	</parent>
		<transform>
			<row0>	1.0000 0.0000 0.0000 0.0000	</row0>
			<row1>	0.0000 1.0000 0.0000 0.0000	</row1>
			<row2>	0.0000 0.0000 1.0000 0.0000	</row2>
			<row3>	-0.2493 0.4459 -2.1033 1.0000	</row3>
		</transform>
	</node>
	<node>
		<identifier>	MP_CM029_Emergency_Box	</identifier>
		<parent>	Scene Root	</parent>
		<transform>
			<row0>	0.8847 0.0000 0.4661 0.0000	</row0>
			<row1>	0.0000 1.0000 0.0000 0.0000	</row1>
			<row2>	-0.4661 0.0000 0.8847 0.0000	</row2>
			<row3>	0.1930 0.5008 -4.7489 1.0000	</row3>
		</transform>
	</node>
	<node>
		<identifier>	MP_CM029_Emergency_Box_INDEX_1	</identifier>
		<parent>	Scene Root	</parent>
		<transform>
			<row0>	1.0000 0.0000 0.0000 0.0000	</row0>
			<row1>	0.0000 1.0000 0.0000 0.0000	</row1>
			<row2>	0.0000 0.0000 1.0000 0.0000	</row2>
			<row3>	-0.4317 0.3102 -5.7354 1.0000	</row3>
		</transform>
	</node>
	<node>
		<identifier>	MP_CM029_Emergency_Box_INDEX_2	</identifier>
		<parent>	Scene Root	</parent>
		<transform>
			<row0>	1.0000 0.0000 0.0000 0.0000	</row0>
			<row1>	0.0000 1.0000 0.0000 0.0000	</row1>
			<row2>	0.0000 0.0000 1.0000 0.0000	</row2>
			<row3>	0.4279 0.3102 -5.7354 1.0000	</row3>
		</transform>
	</node>
	<node>
		<identifier>	MP_CM029_Emergency_Box_INDEX_3	</identifier>
		<parent>	Scene Root	</parent>
		<transform>
			<row0>	0.8847 0.0000 -0.4661 0.0000	</row0>
			<row1>	0.0000 1.0000 0.0000 0.0000	</row1>
			<row2>	0.4661 0.0000 0.8847 0.0000	</row2>
			<row3>	-0.1930 0.5008 -4.7489 1.0000	</row3>
		</transform>
	</node>
	<node>
		<identifier>	MP_CM029_Emergency_Box_INDEX_4	</identifier>
		<parent>	Scene Root	</parent>
		<transform>
			<row0>	0.2754 0.0000 -0.9613 0.0000	</row0>
			<row1>	0.0000 1.0000 0.0000 0.0000	</row1>
			<row2>	0.9613 0.0000 0.2754 0.0000	</row2>
			<row3>	-0.3901 0.5008 -4.5039 1.0000	</row3>
		</transform>
	</node>
	<node>
		<identifier>	MP_CM029_Emergency_Box_INDEX_5	</identifier>
		<parent>	Scene Root	</parent>
		<transform>
			<row0>	0.2754 0.0000 0.9613 0.0000	</row0>
			<row1>	0.0000 1.0000 0.0000 0.0000	</row1>
			<row2>	-0.9613 0.0000 0.2754 0.0000	</row2>
			<row3>	0.3901 0.5008 -4.5039 1.0000	</row3>
		</transform>
	</node>
	<node>
		<identifier>	MP_CM030_Swab_Rack_2	</identifier>
		<parent>	Scene Root	</parent>
		<transform>
			<row0>	-1.0000 0.0000 0.0000 0.0000	</row0>
			<row1>	0.0000 1.0000 0.0000 0.0000	</row1>
			<row2>	0.0000 0.0000 -1.0000 0.0000	</row2>
			<row3>	-0.2784 0.2119 -5.7297 1.0000	</row3>
		</transform>
	</node>
	<node>
		<identifier>	MP_CM033_Propeller4_R	</identifier>
		<parent>	Scene Root	</parent>
		<transform>
			<row0>	1.4766 0.0000 0.0009 0.0000	</row0>
			<row1>	0.0001 1.4765 -0.0159 0.0000	</row1>
			<row2>	-0.0009 0.0159 1.4765 0.0000	</row2>
			<row3>	0.2604 -0.5171 -6.9849 1.0000	</row3>
		</transform>
	</node>
	<node>
		<identifier>	MP_CM033_Propeller4_R_INDEX_1	</identifier>
		<parent>	Scene Root	</parent>
		<transform>
			<row0>	1.4769 0.0001 0.0195 0.0000	</row0>
			<row1>	0.0001 1.4769 -0.0159 0.0000	</row1>
			<row2>	-0.0195 0.0159 1.4768 0.0000	</row2>
			<row3>	0.6992 -0.4911 -5.8208 1.0000	</row3>
		</transform>
	</node>
	<node>
		<identifier>	MP_CM052_Fender	</identifier>
		<parent>	Scene Root	</parent>
		<transform>
			<row0>	-0.8876 0.0000 0.4606 0.0000	</row0>
			<row1>	0.0000 1.0000 0.0000 0.0000	</row1>
			<row2>	-0.4606 0.0000 -0.8876 0.0000	</row2>
			<row3>	-0.6675 0.2126 -5.7347 1.0000	</row3>
		</transform>
	</node>
	<node>
		<identifier>	MP_CM052_Fender_INDEX_1	</identifier>
		<parent>	Scene Root	</parent>
		<transform>
			<row0>	-1.0000 0.0000 0.0000 0.0000	</row0>
			<row1>	0.0000 1.0000 0.0000 0.0000	</row1>
			<row2>	0.0000 0.0000 -1.0000 0.0000	</row2>
			<row3>	0.3266 0.2126 -5.7594 1.0000	</row3>
		</transform>
	</node>
	<node>
		<identifier>	MP_ZM075_Life_Buoy_box	</identifier>
		<parent>	Scene Root	</parent>
		<transform>
			<row0>	0.2852 0.0000 -0.9585 0.0000	</row0>
			<row1>	0.0000 1.0000 0.0000 0.0000	</row1>
			<row2>	0.9585 0.0000 0.2852 0.0000	</row2>
			<row3>	-0.3912 0.2107 -7.5668 1.0000	</row3>
		</transform>
	</node>
	<node>
		<identifier>	MP_ZM075_Life_Buoy_box_INDEX_1	</identifier>
		<parent>	Scene Root	</parent>
		<transform>
			<row0>	0.2852 0.0000 0.9585 0.0000	</row0>
			<row1>	0.0000 1.0000 0.0000 0.0000	</row1>
			<row2>	-0.9585 0.0000 0.2852 0.0000	</row2>
			<row3>	0.3912 0.2107 -7.5668 1.0000	</row3>
		</transform>
	</node>
	<node>
		<identifier>	MP_ZM094_Break_Handwheel	</identifier>
		<parent>	Scene Root	</parent>
		<transform>
			<row0>	-1.0000 0.0000 0.0000 0.0000	</row0>
			<row1>	0.0000 1.0000 0.0000 0.0000	</row1>
			<row2>	0.0000 0.0000 -1.0000 0.0000	</row2>
			<row3>	-0.0186 0.2126 -7.9995 1.0000	</row3>
		</transform>
	</node>
	<node>
		<identifier>	MP_ZM094_Break_Handwheel_INDEX_1	</identifier>
		<parent>	Scene Root	</parent>
		<transform>
			<row0>	-1.0000 0.0000 0.0000 0.0000	</row0>
			<row1>	0.0000 1.0000 0.0000 0.0000	</row1>
			<row2>	0.0000 0.0000 -1.0000 0.0000	</row2>
			<row3>	0.0425 0.2126 -7.9995 1.0000	</row3>
		</transform>
	</node>
	<node>
		<identifier>	MP_ZM094_Break_Handwheel_INDEX_2	</identifier>
		<parent>	Scene Root	</parent>
		<transform>
			<row0>	-1.0000 0.0000 0.0000 0.0000	</row0>
			<row1>	0.0000 1.0000 0.0000 0.0000	</row1>
			<row2>	0.0000 0.0000 -1.0000 0.0000	</row2>
			<row3>	0.0119 0.2126 -7.9995 1.0000	</row3>
		</transform>
	</node>
	<node>
		<identifier>	MP_ZM102_Life_Buoy	</identifier>
		<parent>	Scene Root	</parent>
		<transform>
			<row0>	-0.0536 0.0000 0.9986 0.0000	</row0>
			<row1>	0.0000 1.0000 0.0000 0.0000	</row1>
			<row2>	-0.9986 0.0000 -0.0536 0.0000	</row2>
			<row3>	1.2359 0.4714 -5.4282 1.0000	</row3>
		</transform>
	</node>
	<node>
		<identifier>	MP_ZM102_Life_Buoy_INDEX_1	</identifier>
		<parent>	Scene Root	</parent>
		<transform>
			<row0>	-0.0536 0.0000 -0.9986 0.0000	</row0>
			<row1>	0.0000 1.0000 0.0000 0.0000	</row1>
			<row2>	0.9986 0.0000 -0.0536 0.0000	</row2>
			<row3>	-1.2359 0.4714 -5.4282 1.0000	</row3>
		</transform>
	</node>
	<node>
		<identifier>	MP_ZM102_Life_Buoy_INDEX_2	</identifier>
		<parent>	Scene Root	</parent>
		<transform>
			<row0>	0.0000 0.0000 -1.0000 0.0000	</row0>
			<row1>	0.0000 1.0000 0.0000 0.0000	</row1>
			<row2>	1.0000 0.0000 0.0000 0.0000	</row2>
			<row3>	-1.2359 0.4728 -2.2555 1.0000	</row3>
		</transform>
	</node>
	<node>
		<identifier>	MP_ZM102_Life_Buoy_INDEX_3	</identifier>
		<parent>	Scene Root	</parent>
		<transform>
			<row0>	0.0000 0.0000 -1.0000 0.0000	</row0>
			<row1>	0.0000 1.0000 0.0000 0.0000	</row1>
			<row2>	1.0000 0.0000 0.0000 0.0000	</row2>
			<row3>	-1.2199 0.4728 -1.8907 1.0000	</row3>
		</transform>
	</node>
	<node>
		<identifier>	MP_ZM102_Life_Buoy_INDEX_4	</identifier>
		<parent>	Scene Root	</parent>
		<transform>
			<row0>	0.0000 0.0000 1.0000 0.0000	</row0>
			<row1>	0.0000 1.0000 0.0000 0.0000	</row1>
			<row2>	-1.0000 0.0000 0.0000 0.0000	</row2>
			<row3>	1.2359 0.4728 -2.2555 1.0000	</row3>
		</transform>
	</node>
	<node>
		<identifier>	MP_ZM5004_Motor_Launch_12m	</identifier>
		<parent>	Scene Root	</parent>
		<transform>
			<row0>	0.4252 0.0011 0.9051 0.0000	</row0>
			<row1>	-0.0026 1.0000 0.0000 0.0000	</row1>
			<row2>	-0.9051 -0.0024 0.4252 0.0000	</row2>
			<row3>	-0.3783 0.4311 -1.5364 1.0000	</row3>
		</transform>
	</node>
	<node>
		<identifier>	MP_ZM5004_Motor_Launch_12m_INDEX_1	</identifier>
		<parent>	Scene Root	</parent>
		<transform>
			<row0>	-0.4226 -0.0011 0.9063 0.0000	</row0>
			<row1>	-0.0026 1.0000 0.0000 0.0000	</row1>
			<row2>	-0.9063 -0.0024 -0.4226 0.0000	</row2>
			<row3>	0.3783 0.4311 -1.5364 1.0000	</row3>
		</transform>
	</node>
	<node>
		<identifier>	MP_ZM5005_Crane	</identifier>
		<parent>	Scene Root	</parent>
		<transform>
			<row0>	0.8791 0.0000 0.4767 0.0000	</row0>
			<row1>	0.0000 1.0000 0.0000 0.0000	</row1>
			<row2>	-0.4767 0.0000 0.8791 0.0000	</row2>
			<row3>	0.0000 0.2126 -7.6236 1.0000	</row3>
		</transform>
	</node>
	<node>
		<identifier>	MP_ZM708_AmmoBox	</identifier>
		<parent>	Scene Root	</parent>
		<transform>
			<row0>	-0.0216 0.0000 -0.9998 0.0000	</row0>
			<row1>	0.0000 1.0000 0.0000 0.0000	</row1>
			<row2>	0.9998 0.0000 -0.0216 0.0000	</row2>
			<row3>	-0.5471 0.4018 -5.5066 1.0000	</row3>
		</transform>
	</node>
	<node>
		<identifier>	MP_ZM708_AmmoBox_INDEX_1	</identifier>
		<parent>	Scene Root	</parent>
		<transform>
			<row0>	-0.0216 0.0000 0.9998 0.0000	</row0>
			<row1>	0.0000 1.0000 0.0000 0.0000	</row1>
			<row2>	-0.9998 0.0000 -0.0216 0.0000	</row2>
			<row3>	0.7080 0.4018 -4.8747 1.0000	</row3>
		</transform>
	</node>
	<node>
		<identifier>	MP_ZM708_AmmoBox_INDEX_2	</identifier>
		<parent>	Scene Root	</parent>
		<transform>
			<row0>	-0.0216 0.0000 0.9998 0.0000	</row0>
			<row1>	0.0000 1.0000 0.0000 0.0000	</row1>
			<row2>	-0.9998 0.0000 -0.0216 0.0000	</row2>
			<row3>	0.7075 0.4018 -4.4910 1.0000	</row3>
		</transform>
	</node>
	<node>
		<identifier>	MP_ZM708_AmmoBox_INDEX_3	</identifier>
		<parent>	Scene Root	</parent>
		<transform>
			<row0>	-0.0216 0.0000 0.9998 0.0000	</row0>
			<row1>	0.0000 1.0000 0.0000 0.0000	</row1>
			<row2>	-0.9998 0.0000 -0.0216 0.0000	</row2>
			<row3>	0.6299 0.4018 -5.2351 1.0000	</row3>
		</transform>
	</node>
	<node>
		<identifier>	MP_ZM708_AmmoBox_INDEX_4	</identifier>
		<parent>	Scene Root	</parent>
		<transform>
			<row0>	-0.0216 0.0000 -0.9998 0.0000	</row0>
			<row1>	0.0000 1.0000 0.0000 0.0000	</row1>
			<row2>	0.9998 0.0000 -0.0216 0.0000	</row2>
			<row3>	-0.6299 0.4018 -5.2351 1.0000	</row3>
		</transform>
	</node>
	<node>
		<identifier>	MP_ZM708_AmmoBox_INDEX_5	</identifier>
		<parent>	Scene Root	</parent>
		<transform>
			<row0>	-0.0216 0.0000 -0.9998 0.0000	</row0>
			<row1>	0.0000 1.0000 0.0000 0.0000	</row1>
			<row2>	0.9998 0.0000 -0.0216 0.0000	</row2>
			<row3>	-0.7075 0.4018 -4.4910 1.0000	</row3>
		</transform>
	</node>
	<node>
		<identifier>	MP_ZM708_AmmoBox_INDEX_6	</identifier>
		<parent>	Scene Root	</parent>
		<transform>
			<row0>	-0.0216 0.0000 -0.9998 0.0000	</row0>
			<row1>	0.0000 1.0000 0.0000 0.0000	</row1>
			<row2>	0.9998 0.0000 -0.0216 0.0000	</row2>
			<row3>	-0.7080 0.4018 -4.8747 1.0000	</row3>
		</transform>
	</node>
	<node>
		<identifier>	MP_ZM708_AmmoBox_INDEX_7	</identifier>
		<parent>	Scene Root	</parent>
		<transform>
			<row0>	-0.0216 0.0000 0.9998 0.0000	</row0>
			<row1>	0.0000 1.0000 0.0000 0.0000	</row1>
			<row2>	-0.9998 0.0000 -0.0216 0.0000	</row2>
			<row3>	0.5471 0.4018 -5.5066 1.0000	</row3>
		</transform>
	</node>
	<node>
		<identifier>	MP_ZM852_Running_Lights_B	</identifier>
		<parent>	Scene Root	</parent>
		<transform>
			<row0>	-1.0000 0.0000 0.0000 0.0000	</row0>
			<row1>	0.0000 1.0000 0.0000 0.0000	</row1>
			<row2>	0.0000 0.0000 -1.0000 0.0000	</row2>
			<row3>	0.0000 0.3547 -8.4118 1.0000	</row3>
		</transform>
	</node>
	<node>
		<identifier>	MP_ZM885_Signal_Lamp	</identifier>
		<parent>	Scene Root	</parent>
		<transform>
			<row0>	1.0000 0.0000 0.0000 0.0000	</row0>
			<row1>	0.0000 1.0000 0.0000 0.0000	</row1>
			<row2>	0.0000 0.0000 1.0000 0.0000	</row2>
			<row3>	0.0007 0.4794 -8.4305 1.0000	</row3>
		</transform>
	</node>
	<node>
		<identifier>	MP_ZM886_Runway_Lights_Back	</identifier>
		<parent>	Scene Root	</parent>
		<transform>
			<row0>	1.0000 0.0000 0.0000 0.0000	</row0>
			<row1>	0.0000 0.9850 -0.1724 0.0000	</row1>
			<row2>	0.0000 0.1724 0.9850 0.0000	</row2>
			<row3>	0.0000 0.7121 -8.4574 1.0000	</row3>
		</transform>
	</node>
	<node>
		<identifier>	MP_ZM988_Fairlead_2	</identifier>
		<parent>	Scene Root	</parent>
		<transform>
			<row0>	-0.9536 0.0000 0.3011 0.0000	</row0>
			<row1>	0.0000 1.0000 0.0000 0.0000	</row1>
			<row2>	-0.3011 0.0000 -0.9536 0.0000	</row2>
			<row3>	0.3369 0.2218 -7.7011 1.0000	</row3>
		</transform>
	</node>
	<node>
		<identifier>	MP_ZM988_Fairlead_2_INDEX_1	</identifier>
		<parent>	Scene Root	</parent>
		<transform>
			<row0>	-0.9996 0.0000 0.0276 0.0000	</row0>
			<row1>	0.0000 1.0000 0.0000 0.0000	</row1>
			<row2>	-0.0276 0.0000 -0.9996 0.0000	</row2>
			<row3>	1.1865 0.4124 -1.9792 1.0000	</row3>
		</transform>
	</node>
	<node>
		<identifier>	MP_ZM988_Fairlead_2_INDEX_2	</identifier>
		<parent>	Scene Root	</parent>
		<transform>
			<row0>	-0.9536 0.0000 -0.3011 0.0000	</row0>
			<row1>	0.0000 1.0000 0.0000 0.0000	</row1>
			<row2>	0.3011 0.0000 -0.9536 0.0000	</row2>
			<row3>	-0.3369 0.2218 -7.7011 1.0000	</row3>
		</transform>
	</node>
	<node>
		<identifier>	MP_ZM988_Fairlead_2_INDEX_3	</identifier>
		<parent>	Scene Root	</parent>
		<transform>
			<row0>	-0.9996 0.0000 -0.0276 0.0000	</row0>
			<row1>	0.0000 1.0000 0.0000 0.0000	</row1>
			<row2>	0.0276 0.0000 -0.9996 0.0000	</row2>
			<row3>	-1.1865 0.4124 -1.9792 1.0000	</row3>
		</transform>
	</node>
	<node>
		<identifier>	SP_YMS011_YHWL_M_1	</identifier>
		<parent>	Scene Root	</parent>
		<transform>
			<row0>	0.9326 0.2580 0.2524 0.0000	</row0>
			<row1>	-0.2492 0.9661 -0.0669 0.0000	</row1>
			<row2>	-0.2611 -0.0005 0.9653 0.0000	</row2>
			<row3>	-0.3674 -0.0016 -7.4944 1.0000	</row3>
		</transform>
	</node>
	<node>
		<identifier>	SP_YMS011_YHWL_M_1_INDEX_11	</identifier>
		<parent>	Scene Root	</parent>
		<transform>
			<row0>	0.9560 0.2689 0.1170 0.0000	</row0>
			<row1>	-0.2666 0.9632 -0.0353 0.0000	</row1>
			<row2>	-0.1222 0.0025 0.9925 0.0000	</row2>
			<row3>	-1.0491 -0.0071 -4.2113 1.0000	</row3>
		</transform>
	</node>
	<node>
		<identifier>	SP_YMS011_YHWL_M_1_INDEX_14	</identifier>
		<parent>	Scene Root	</parent>
		<transform>
			<row0>	0.9680 0.2444 0.0574 0.0000	</row0>
			<row1>	-0.2433 0.9696 -0.0249 0.0000	</row1>
			<row2>	-0.0617 0.0101 0.9980 0.0000	</row2>
			<row3>	-1.2002 -0.0038 -2.5735 1.0000	</row3>
		</transform>
	</node>
	<node>
		<identifier>	SP_YMS011_YHWL_M_1_INDEX_16	</identifier>
		<parent>	Scene Root	</parent>
		<transform>
			<row0>	0.9513 0.2617 0.1629 0.0000	</row0>
			<row1>	-0.2590 0.9651 -0.0376 0.0000	</row1>
			<row2>	-0.1670 -0.0064 0.9859 0.0000	</row2>
			<row3>	-0.9307 -0.0058 -5.0419 1.0000	</row3>
		</transform>
	</node>
	<node>
		<identifier>	SP_YMS011_YHWL_M_1_INDEX_2	</identifier>
		<parent>	Scene Root	</parent>
		<transform>
			<row0>	0.9473 0.2580 0.1899 0.0000	</row0>
			<row1>	-0.2531 0.9661 -0.0502 0.0000	</row1>
			<row2>	-0.1965 -0.0005 0.9805 0.0000	</row2>
			<row3>	-0.7747 -0.0020 -5.8679 1.0000	</row3>
		</transform>
	</node>
	<node>
		<identifier>	SP_YMS011_YHWL_M_1_INDEX_4	</identifier>
		<parent>	Scene Root	</parent>
		<transform>
			<row0>	0.9376 0.2580 0.2331 0.0000	</row0>
			<row1>	-0.2505 0.9661 -0.0618 0.0000	</row1>
			<row2>	-0.2411 -0.0005 0.9705 0.0000	</row2>
			<row3>	-0.5858 -0.0026 -6.6853 1.0000	</row3>
		</transform>
	</node>
	<node>
		<identifier>	SP_YMS011_YHWL_M_1_INDEX_7	</identifier>
		<parent>	Scene Root	</parent>
		<transform>
			<row0>	0.9695 0.2433 0.0293 0.0000	</row0>
			<row1>	-0.2432 0.9700 -0.0070 0.0000	</row1>
			<row2>	-0.0301 -0.0004 0.9995 0.0000	</row2>
			<row3>	-1.2349 0.0013 -1.7385 1.0000	</row3>
		</transform>
	</node>
	<node>
		<identifier>	SP_YMS011_YHWL_M_1_INDEX_9	</identifier>
		<parent>	Scene Root	</parent>
		<transform>
			<row0>	0.9650 0.2430 0.0986 0.0000	</row0>
			<row1>	-0.2418 0.9700 -0.0240 0.0000	</row1>
			<row2>	-0.1015 -0.0007 0.9948 0.0000	</row2>
			<row3>	-1.1338 -0.0091 -3.3968 1.0000	</row3>
		</transform>
	</node>
	<node>
		<identifier>	SP_YMS012_YHWR_M_1	</identifier>
		<parent>	Scene Root	</parent>
		<transform>
			<row0>	0.9650 -0.2430 -0.0986 0.0000	</row0>
			<row1>	0.2418 0.9700 -0.0240 0.0000	</row1>
			<row2>	0.1015 -0.0007 0.9948 0.0000	</row2>
			<row3>	1.1338 -0.0091 -3.3968 1.0000	</row3>
		</transform>
	</node>
	<node>
		<identifier>	SP_YMS012_YHWR_M_1_INDEX_1	</identifier>
		<parent>	Scene Root	</parent>
		<transform>
			<row0>	0.9326 -0.2580 -0.2524 0.0000	</row0>
			<row1>	0.2492 0.9661 -0.0669 0.0000	</row1>
			<row2>	0.2611 -0.0005 0.9653 0.0000	</row2>
			<row3>	0.3674 -0.0016 -7.4944 1.0000	</row3>
		</transform>
	</node>
	<node>
		<identifier>	SP_YMS012_YHWR_M_1_INDEX_10	</identifier>
		<parent>	Scene Root	</parent>
		<transform>
			<row0>	0.9680 -0.2444 -0.0574 0.0000	</row0>
			<row1>	0.2433 0.9696 -0.0249 0.0000	</row1>
			<row2>	0.0617 0.0101 0.9980 0.0000	</row2>
			<row3>	1.2002 -0.0038 -2.5735 1.0000	</row3>
		</transform>
	</node>
	<node>
		<identifier>	SP_YMS012_YHWR_M_1_INDEX_12	</identifier>
		<parent>	Scene Root	</parent>
		<transform>
			<row0>	0.9695 -0.2433 -0.0293 0.0000	</row0>
			<row1>	0.2432 0.9700 -0.0070 0.0000	</row1>
			<row2>	0.0301 -0.0004 0.9995 0.0000	</row2>
			<row3>	1.2349 0.0013 -1.7385 1.0000	</row3>
		</transform>
	</node>
	<node>
		<identifier>	SP_YMS012_YHWR_M_1_INDEX_14	</identifier>
		<parent>	Scene Root	</parent>
		<transform>
			<row0>	0.9473 -0.2580 -0.1899 0.0000	</row0>
			<row1>	0.2531 0.9661 -0.0502 0.0000	</row1>
			<row2>	0.1965 -0.0005 0.9805 0.0000	</row2>
			<row3>	0.7747 -0.0020 -5.8679 1.0000	</row3>
		</transform>
	</node>
	<node>
		<identifier>	SP_YMS012_YHWR_M_1_INDEX_3	</identifier>
		<parent>	Scene Root	</parent>
		<transform>
			<row0>	0.9560 -0.2689 -0.1170 0.0000	</row0>
			<row1>	0.2666 0.9632 -0.0353 0.0000	</row1>
			<row2>	0.1222 0.0025 0.9925 0.0000	</row2>
			<row3>	1.0491 -0.0071 -4.2113 1.0000	</row3>
		</transform>
	</node>
	<node>
		<identifier>	SP_YMS012_YHWR_M_1_INDEX_7	</identifier>
		<parent>	Scene Root	</parent>
		<transform>
			<row0>	0.9513 -0.2617 -0.1629 0.0000	</row0>
			<row1>	0.2590 0.9651 -0.0376 0.0000	</row1>
			<row2>	0.1670 -0.0064 0.9859 0.0000	</row2>
			<row3>	0.9307 -0.0058 -5.0419 1.0000	</row3>
		</transform>
	</node>
	<node>
		<identifier>	SP_YMS012_YHWR_M_1_INDEX_9	</identifier>
		<parent>	Scene Root	</parent>
		<transform>
			<row0>	0.9376 -0.2580 -0.2331 0.0000	</row0>
			<row1>	0.2505 0.9661 -0.0618 0.0000	</row1>
			<row2>	0.2411 -0.0005 0.9705 0.0000	</row2>
			<row3>	0.5858 -0.0026 -6.6853 1.0000	</row3>
		</transform>
	</node>
	<node>
		<identifier>	SP_YMS021_YHUC_S_1	</identifier>
		<parent>	Scene Root	</parent>
		<transform>
			<row0>	-0.2141 -1.4846 -0.0028 0.0000	</row0>
			<row1>	1.4787 -0.2130 -0.1344 0.0000	</row1>
			<row2>	0.1326 -0.0219 1.4940 0.0000	</row2>
			<row3>	1.1958 -0.4264 -1.8226 1.0000	</row3>
		</transform>
	</node>
	<node>
		<identifier>	SP_YMS021_YHUC_S_1_INDEX_2	</identifier>
		<parent>	Scene Root	</parent>
		<transform>
			<row0>	-0.6234 -1.3616 0.0862 0.0000	</row0>
			<row1>	1.3462 -0.6293 -0.2046 0.0000	</row1>
			<row2>	0.2218 -0.0077 1.4835 0.0000	</row2>
			<row3>	1.0599 -0.4264 -2.9343 1.0000	</row3>
		</transform>
	</node>
	<node>
		<identifier>	SP_YMS021_YHUC_S_1_INDEX_6	</identifier>
		<parent>	Scene Root	</parent>
		<transform>
			<row0>	-0.6234 1.3616 -0.0862 0.0000	</row0>
			<row1>	-1.3462 -0.6293 -0.2046 0.0000	</row1>
			<row2>	-0.2218 -0.0077 1.4835 0.0000	</row2>
			<row3>	-1.0599 -0.4264 -2.9343 1.0000	</row3>
		</transform>
	</node>
	<node>
		<identifier>	SP_YMS021_YHUC_S_1_INDEX_9	</identifier>
		<parent>	Scene Root	</parent>
		<transform>
			<row0>	-0.2141 1.4846 0.0028 0.0000	</row0>
			<row1>	-1.4787 -0.2130 -0.1344 0.0000	</row1>
			<row2>	-0.1326 -0.0219 1.4940 0.0000	</row2>
			<row3>	-1.1958 -0.4264 -1.8226 1.0000	</row3>
		</transform>
	</node>
	<node>
		<identifier>	SP_YMS022_YHUS_L_1_INDEX_2	</identifier>
		<parent>	Scene Root	</parent>
		<transform>
			<row0>	0.3162 -0.0119 1.6703 0.0000	</row0>
			<row1>	1.1684 1.2164 -0.2125 0.0000	</row1>
			<row2>	-1.1937 1.1875 0.2344 0.0000	</row2>
			<row3>	0.6595 -0.4647 -3.7317 1.0000	</row3>
		</transform>
	</node>
	<node>
		<identifier>	SP_YMS022_YHUS_L_1_INDEX_5	</identifier>
		<parent>	Scene Root	</parent>
		<transform>
			<row0>	0.3162 0.0119 -1.6703 0.0000	</row0>
			<row1>	-1.1684 1.2164 -0.2125 0.0000	</row1>
			<row2>	1.1937 1.1875 0.2344 0.0000	</row2>
			<row3>	-0.6595 -0.4647 -3.7317 1.0000	</row3>
		</transform>
	</node>
	<node>
		<identifier>	SP_YMS023_YHUC_L_1	</identifier>
		<parent>	Scene Root	</parent>
		<transform>
			<row0>	0.9999 0.0000 -0.0132 0.0000	</row0>
			<row1>	0.0000 0.9999 -0.0107 0.0000	</row1>
			<row2>	0.0132 0.0107 0.9999 0.0000	</row2>
			<row3>	-0.6992 -0.4911 -5.8208 1.0000	</row3>
		</transform>
	</node>
	<node>
		<identifier>	SP_YMS023_YHUC_L_1_INDEX_1	</identifier>
		<parent>	Scene Root	</parent>
		<transform>
			<row0>	1.0000 0.0000 -0.0006 0.0000	</row0>
			<row1>	0.0000 0.9999 -0.0107 0.0000	</row1>
			<row2>	0.0006 0.0107 0.9999 0.0000	</row2>
			<row3>	-0.2604 -0.5171 -6.9849 1.0000	</row3>
		</transform>
	</node>
	<node>
		<identifier>	SP_YMS023_YHUC_L_1_INDEX_2	</identifier>
		<parent>	Scene Root	</parent>
		<transform>
			<row0>	1.0000 0.0000 0.0006 0.0000	</row0>
			<row1>	0.0000 0.9999 -0.0107 0.0000	</row1>
			<row2>	-0.0006 0.0107 0.9999 0.0000	</row2>
			<row3>	0.2604 -0.5171 -6.9849 1.0000	</row3>
		</transform>
	</node>
	<node>
		<identifier>	SP_YMS023_YHUC_L_1_INDEX_3	</identifier>
		<parent>	Scene Root	</parent>
		<transform>
			<row0>	0.9999 0.0000 0.0132 0.0000	</row0>
			<row1>	0.0000 0.9999 -0.0107 0.0000	</row1>
			<row2>	-0.0132 0.0107 0.9999 0.0000	</row2>
			<row3>	0.6992 -0.4911 -5.8208 1.0000	</row3>
		</transform>
	</node>
	<node>
		<identifier>	SP_YMS031_YHAL_M_1	</identifier>
		<parent>	Scene Root	</parent>
		<transform>
			<row0>	0.9091 0.0000 0.2293 0.0000	</row0>
			<row1>	0.0000 0.9376 0.0000 0.0000	</row1>
			<row2>	-0.2293 0.0000 0.9091 0.0000	</row2>
			<row3>	-0.2385 0.1188 -8.1269 1.0000	</row3>
		</transform>
	</node>
	<node>
		<identifier>	SP_YMS032_YHAR_M_1_INDEX_3	</identifier>
		<parent>	Scene Root	</parent>
		<transform>
			<row0>	0.9091 0.0000 -0.2293 0.0000	</row0>
			<row1>	0.0000 0.9376 0.0000 0.0000	</row1>
			<row2>	0.2293 0.0000 0.9091 0.0000	</row2>
			<row3>	0.2385 0.1188 -8.1269 1.0000	</row3>
		</transform>
	</node>
	<node>
		<identifier>	SP_YMS041_YHCS_M_1_INDEX_2	</identifier>
		<parent>	Scene Root	</parent>
		<transform>
			<row0>	0.0000 0.0000 1.2000 0.0000	</row0>
			<row1>	0.0000 1.2000 0.0000 0.0000	</row1>
			<row2>	-1.2000 0.0000 0.0000 0.0000	</row2>
			<row3>	-0.0012 0.4849 -2.4993 1.0000	</row3>
		</transform>
	</node>
	<node>
		<identifier>	SP_YMS041_YHCS_M_1_INDEX_3	</identifier>
		<parent>	Scene Root	</parent>
		<transform>
			<row0>	-1.0876 -0.0040 -0.5071 0.0000	</row0>
			<row1>	-0.0044 1.2000 0.0000 0.0000	</row1>
			<row2>	0.5071 0.0019 -1.0876 0.0000	</row2>
			<row3>	0.3696 0.4869 -1.5183 1.0000	</row3>
		</transform>
	</node>
	<node>
		<identifier>	SP_YMS041_YHCS_M_1_INDEX_4	</identifier>
		<parent>	Scene Root	</parent>
		<transform>
			<row0>	-1.0876 0.0040 0.5071 0.0000	</row0>
			<row1>	0.0044 1.2000 0.0000 0.0000	</row1>
			<row2>	-0.5071 0.0019 -1.0876 0.0000	</row2>
			<row3>	-0.3696 0.4869 -1.5183 1.0000	</row3>
		</transform>
	</node>
	<node>
		<identifier>	SP_YMS051_YHDL_L_1_INDEX_1	</identifier>
		<parent>	Scene Root	</parent>
		<transform>
			<row0>	0.9998 -0.0174 -0.0056 0.0000	</row0>
			<row1>	0.0173 0.9998 -0.0074 0.0000	</row1>
			<row2>	0.0057 0.0073 1.0000 0.0000	</row2>
			<row3>	-1.2000 0.3868 -3.1317 1.0000	</row3>
		</transform>
	</node>
	<node>
		<identifier>	SP_YMS052_YHDR_L_1_INDEX_1	</identifier>
		<parent>	Scene Root	</parent>
		<transform>
			<row0>	0.9998 0.0174 0.0056 0.0000	</row0>
			<row1>	-0.0173 0.9998 -0.0074 0.0000	</row1>
			<row2>	-0.0057 0.0073 1.0000 0.0000	</row2>
			<row3>	1.2000 0.3868 -3.1317 1.0000	</row3>
		</transform>
	</node>
	<node>
		<identifier>	SP_YMS053_YHDC_S_1_INDEX_10	</identifier>
		<parent>	Scene Root	</parent>
		<transform>
			<row0>	1.0000 0.0000 0.0000 0.0000	</row0>
			<row1>	0.0000 1.0000 0.0000 0.0000	</row1>
			<row2>	0.0000 0.0000 1.0000 0.0000	</row2>
			<row3>	-0.7256 0.4197 -4.3901 1.0000	</row3>
		</transform>
	</node>
	<node>
		<identifier>	SP_YMS053_YHDC_S_1_INDEX_2	</identifier>
		<parent>	Scene Root	</parent>
		<transform>
			<row0>	1.0000 0.0000 0.0000 0.0000	</row0>
			<row1>	0.0000 1.0000 -0.0079 0.0000	</row1>
			<row2>	0.0000 0.0079 1.0000 0.0000	</row2>
			<row3>	-0.7256 0.4195 -3.2106 1.0000	</row3>
		</transform>
	</node>
	<node>
		<identifier>	SP_YMS053_YHDC_S_1_INDEX_3	</identifier>
		<parent>	Scene Root	</parent>
		<transform>
			<row0>	1.0000 0.0000 0.0000 0.0000	</row0>
			<row1>	0.0000 0.9998 -0.0187 0.0000	</row1>
			<row2>	0.0000 0.0187 0.9998 0.0000	</row2>
			<row3>	0.9727 0.4188 -1.5989 1.0000	</row3>
		</transform>
	</node>
	<node>
		<identifier>	SP_YMS053_YHDC_S_1_INDEX_4	</identifier>
		<parent>	Scene Root	</parent>
		<transform>
			<row0>	1.0000 0.0000 0.0000 0.0000	</row0>
			<row1>	0.0000 1.0000 0.0000 0.0000	</row1>
			<row2>	0.0000 0.0000 1.0000 0.0000	</row2>
			<row3>	-0.2338 0.2297 -7.2351 1.0000	</row3>
		</transform>
	</node>
	<node>
		<identifier>	SP_YMS053_YHDC_S_1_INDEX_5	</identifier>
		<parent>	Scene Root	</parent>
		<transform>
			<row0>	1.0000 0.0000 0.0000 0.0000	</row0>
			<row1>	0.0000 1.0000 0.0000 0.0000	</row1>
			<row2>	0.0000 0.0000 1.0000 0.0000	</row2>
			<row3>	0.2338 0.2297 -7.2351 1.0000	</row3>
		</transform>
	</node>
	<node>
		<identifier>	SP_YMS053_YHDC_S_1_INDEX_6	</identifier>
		<parent>	Scene Root	</parent>
		<transform>
			<row0>	1.0000 0.0000 0.0000 0.0000	</row0>
			<row1>	0.0000 1.0000 -0.0079 0.0000	</row1>
			<row2>	0.0000 0.0079 1.0000 0.0000	</row2>
			<row3>	0.7256 0.4195 -3.2106 1.0000	</row3>
		</transform>
	</node>
	<node>
		<identifier>	SP_YMS053_YHDC_S_1_INDEX_7	</identifier>
		<parent>	Scene Root	</parent>
		<transform>
			<row0>	1.0000 0.0000 0.0000 0.0000	</row0>
			<row1>	0.0000 1.0000 0.0000 0.0000	</row1>
			<row2>	0.0000 0.0000 1.0000 0.0000	</row2>
			<row3>	0.7256 0.4197 -4.3901 1.0000	</row3>
		</transform>
	</node>
	<node>
		<identifier>	SP_YMS053_YHDC_S_1_INDEX_8	</identifier>
		<parent>	Scene Root	</parent>
		<transform>
			<row0>	1.0000 0.0000 0.0000 0.0000	</row0>
			<row1>	0.0000 0.9998 -0.0187 0.0000	</row1>
			<row2>	0.0000 0.0187 0.9998 0.0000	</row2>
			<row3>	-0.9727 0.4188 -1.5989 1.0000	</row3>
		</transform>
	</node>
	<node>
		<identifier>	SP_YMS053_YHDC_S_1_INDEX_9	</identifier>
		<parent>	Scene Root	</parent>
		<transform>
			<row0>	1.0000 0.0000 0.0000 0.0000	</row0>
			<row1>	0.0000 1.0000 0.0000 0.0000	</row1>
			<row2>	0.0000 0.0000 1.0000 0.0000	</row2>
			<row3>	0.0000 0.4197 -5.4751 1.0000	</row3>
		</transform>
	</node>
	<node>
		<identifier>	SP_YMS072_YHHC_M_1_INDEX_13	</identifier>
		<parent>	Scene Root	</parent>
		<transform>
			<row0>	0.0274 -0.0128 -0.7968 0.0000	</row0>
			<row1>	-0.1951 0.7729 -0.0192 0.0000	</row1>
			<row2>	0.7727 0.1956 0.0235 0.0000	</row2>
			<row3>	-1.2601 0.1474 -1.5987 1.0000	</row3>
		</transform>
	</node>
	<node>
		<identifier>	SP_YMS072_YHHC_M_1_INDEX_15	</identifier>
		<parent>	Scene Root	</parent>
		<transform>
			<row0>	0.0650 0.0128 0.7946 0.0000	</row0>
			<row1>	0.1940 0.7729 -0.0284 0.0000	</row1>
			<row2>	-0.7707 0.1956 0.0599 0.0000	</row2>
			<row3>	1.1846 0.1359 -3.2562 1.0000	</row3>
		</transform>
	</node>
	<node>
		<identifier>	SP_YMS072_YHHC_M_1_INDEX_16	</identifier>
		<parent>	Scene Root	</parent>
		<transform>
			<row0>	0.0274 0.0128 0.7968 0.0000	</row0>
			<row1>	0.1951 0.7729 -0.0192 0.0000	</row1>
			<row2>	-0.7727 0.1956 0.0235 0.0000	</row2>
			<row3>	1.2601 0.1474 -1.5987 1.0000	</row3>
		</transform>
	</node>
	<node>
		<identifier>	SP_YMS072_YHHC_M_1_INDEX_5	</identifier>
		<parent>	Scene Root	</parent>
		<transform>
			<row0>	0.0650 -0.0128 -0.7946 0.0000	</row0>
			<row1>	-0.1940 0.7729 -0.0284 0.0000	</row1>
			<row2>	0.7707 0.1956 0.0599 0.0000	</row2>
			<row3>	-1.1846 0.1359 -3.2562 1.0000	</row3>
		</transform>
	</node>
	<node>
		<identifier>	SP_YMS082_YHSC_M_1	</identifier>
		<parent>	Scene Root	</parent>
		<transform>
			<row0>	0.0431 -0.0094 -0.9990 0.0000	</row0>
			<row1>	-0.2437 0.9697 -0.0197 0.0000	</row1>
			<row2>	0.9689 0.2443 0.0395 0.0000	</row2>
			<row3>	-1.2445 0.1603 -2.2386 1.0000	</row3>
		</transform>
	</node>
	<node>
		<identifier>	SP_YMS082_YHSC_M_1_INDEX_4	</identifier>
		<parent>	Scene Root	</parent>
		<transform>
			<row0>	0.0431 0.0094 0.9990 0.0000	</row0>
			<row1>	0.2437 0.9697 -0.0197 0.0000	</row1>
			<row2>	-0.9689 0.2443 0.0395 0.0000	</row2>
			<row3>	1.2445 0.1603 -2.2386 1.0000	</row3>
		</transform>
	</node>
	<node>
		<identifier>	SP_YMS083_YHSC_L_1_INDEX_4	</identifier>
		<parent>	Scene Root	</parent>
		<transform>
			<row0>	0.1083 -0.0013 0.7926 0.0000	</row0>
			<row1>	0.0904 0.7948 -0.0111 0.0000	</row1>
			<row2>	-0.7875 0.0911 0.1077 0.0000	</row2>
			<row3>	1.0315 0.3382 -4.6559 1.0000	</row3>
		</transform>
	</node>
	<node>
		<identifier>	SP_YMS083_YHSC_L_1_INDEX_5	</identifier>
		<parent>	Scene Root	</parent>
		<transform>
			<row0>	0.1083 0.0013 -0.7926 0.0000	</row0>
			<row1>	-0.0904 0.7948 -0.0111 0.0000	</row1>
			<row2>	0.7875 0.0911 0.1077 0.0000	</row2>
			<row3>	-1.0315 0.3382 -4.6559 1.0000	</row3>
		</transform>
	</node>
	<node>
		<identifier>	SP_YMS084_YHSC_L_2	</identifier>
		<parent>	Scene Root	</parent>
		<transform>
			<row0>	0.1234 -0.0028 0.7904 0.0000	</row0>
			<row1>	0.1164 0.7913 -0.0154 0.0000	</row1>
			<row2>	-0.7818 0.1174 0.1224 0.0000	</row2>
			<row3>	0.9502 0.3394 -5.2287 1.0000	</row3>
		</transform>
	</node>
	<node>
		<identifier>	SP_YMS084_YHSC_L_2_INDEX_1	</identifier>
		<parent>	Scene Root	</parent>
		<transform>
			<row0>	0.1234 0.0028 -0.7904 0.0000	</row0>
			<row1>	-0.1164 0.7913 -0.0154 0.0000	</row1>
			<row2>	0.7818 0.1174 0.1224 0.0000	</row2>
			<row3>	-0.9502 0.3394 -5.2287 1.0000	</row3>
		</transform>
	</node>
	<node>
		<identifier>	SP_YMS085_YHSC_S_1	</identifier>
		<parent>	Scene Root	</parent>
		<transform>
			<row0>	0.1146 0.0000 0.4029 0.0000	</row0>
			<row1>	0.0000 0.4188 0.0000 0.0000	</row1>
			<row2>	-0.4029 0.0000 0.1146 0.0000	</row2>
			<row3>	0.4915 0.1759 -7.2218 1.0000	</row3>
		</transform>
	</node>
	<node>
		<identifier>	SP_YMS085_YHSC_S_1_INDEX_1	</identifier>
		<parent>	Scene Root	</parent>
		<transform>
			<row0>	0.0166 0.0052 0.3985 0.0000	</row0>
			<row1>	0.0000 0.3989 -0.0052 0.0000	</row1>
			<row2>	-0.3986 0.0002 0.0166 0.0000	</row2>
			<row3>	1.2144 0.3104 -2.2930 1.0000	</row3>
		</transform>
	</node>
	<node>
		<identifier>	SP_YMS085_YHSC_S_1_INDEX_13	</identifier>
		<parent>	Scene Root	</parent>
		<transform>
			<row0>	0.1146 0.0000 -0.4029 0.0000	</row0>
			<row1>	0.0000 0.4188 0.0000 0.0000	</row1>
			<row2>	0.4029 0.0000 0.1146 0.0000	</row2>
			<row3>	-0.4915 0.1759 -7.2218 1.0000	</row3>
		</transform>
	</node>
	<node>
		<identifier>	SP_YMS085_YHSC_S_1_INDEX_2	</identifier>
		<parent>	Scene Root	</parent>
		<transform>
			<row0>	0.0352 0.0044 0.3973 0.0000	</row0>
			<row1>	0.0000 0.3989 -0.0045 0.0000	</row1>
			<row2>	-0.3973 0.0004 0.0352 0.0000	</row2>
			<row3>	1.1213 0.2752 -3.9485 1.0000	</row3>
		</transform>
	</node>
	<node>
		<identifier>	SP_YMS085_YHSC_S_1_INDEX_3	</identifier>
		<parent>	Scene Root	</parent>
		<transform>
			<row0>	0.0166 -0.0052 -0.3985 0.0000	</row0>
			<row1>	0.0000 0.3989 -0.0052 0.0000	</row1>
			<row2>	0.3986 0.0002 0.0166 0.0000	</row2>
			<row3>	-1.2144 0.3104 -2.2930 1.0000	</row3>
		</transform>
	</node>
	<node>
		<identifier>	SP_YMS085_YHSC_S_1_INDEX_4	</identifier>
		<parent>	Scene Root	</parent>
		<transform>
			<row0>	0.0352 -0.0044 -0.3973 0.0000	</row0>
			<row1>	0.0000 0.3989 -0.0045 0.0000	</row1>
			<row2>	0.3973 0.0004 0.0352 0.0000	</row2>
			<row3>	-1.1213 0.2752 -3.9485 1.0000	</row3>
		</transform>
	</node>
	<node>
		<identifier>	SP_YMS085_YHSC_S_1_INDEX_5	</identifier>
		<parent>	Scene Root	</parent>
		<transform>
			<row0>	0.0829 0.0000 0.3902 0.0000	</row0>
			<row1>	0.0000 0.3989 0.0000 0.0000	</row1>
			<row2>	-0.3902 0.0000 0.0829 0.0000	</row2>
			<row3>	0.7956 0.1722 -5.9857 1.0000	</row3>
		</transform>
	</node>
	<node>
		<identifier>	SP_YMS085_YHSC_S_1_INDEX_8	</identifier>
		<parent>	Scene Root	</parent>
		<transform>
			<row0>	0.0829 0.0000 -0.3902 0.0000	</row0>
			<row1>	0.0000 0.3989 0.0000 0.0000	</row1>
			<row2>	0.3902 0.0000 0.0829 0.0000	</row2>
			<row3>	-0.7956 0.1722 -5.9857 1.0000	</row3>
		</transform>
	</node>
</ZSB301_Taihang_1956_Stern.skel_ext>
