<RSD015_Pr_20i_Tashkent_1945_MidBack.skel_ext>
	<exported>	true	</exported>
	<node>
		<identifier>	MP_CM011_Fire_Fighting_Gear	</identifier>
		<parent>	Scene Root	</parent>
		<transform>
			<row0>	0.0000 0.0000 -1.0000 0.0000	</row0>
			<row1>	0.0000 1.0000 0.0000 0.0000	</row1>
			<row2>	1.0000 0.0000 0.0000 0.0000	</row2>
			<row3>	-0.2155 0.2413 -1.7430 1.0000	</row3>
		</transform>
	</node>
	<node>
		<identifier>	MP_CM011_Fire_Fighting_Gear_INDEX_1	</identifier>
		<parent>	Scene Root	</parent>
		<transform>
			<row0>	0.1577 0.0000 -0.9875 0.0000	</row0>
			<row1>	0.0000 1.0000 0.0000 0.0000	</row1>
			<row2>	0.9875 0.0000 0.1577 0.0000	</row2>
			<row3>	-0.1785 0.2454 -2.5599 1.0000	</row3>
		</transform>
	</node>
	<node>
		<identifier>	MP_CM011_Fire_Fighting_Gear_INDEX_2	</identifier>
		<parent>	Scene Root	</parent>
		<transform>
			<row0>	0.0000 0.0000 1.0000 0.0000	</row0>
			<row1>	0.0000 1.0000 0.0000 0.0000	</row1>
			<row2>	-1.0000 0.0000 0.0000 0.0000	</row2>
			<row3>	0.2155 0.2413 -1.7430 1.0000	</row3>
		</transform>
	</node>
	<node>
		<identifier>	MP_CM011_Fire_Fighting_Gear_INDEX_3	</identifier>
		<parent>	Scene Root	</parent>
		<transform>
			<row0>	0.1577 0.0000 0.9875 0.0000	</row0>
			<row1>	0.0000 1.0000 0.0000 0.0000	</row1>
			<row2>	-0.9875 0.0000 0.1577 0.0000	</row2>
			<row3>	0.1785 0.2454 -2.5599 1.0000	</row3>
		</transform>
	</node>
	<node>
		<identifier>	MP_CM014_Fuel_Oil_Hose	</identifier>
		<parent>	Scene Root	</parent>
		<transform>
			<row0>	0.0000 0.0000 -1.0000 0.0000	</row0>
			<row1>	0.0000 1.0000 0.0000 0.0000	</row1>
			<row2>	1.0000 0.0000 0.0000 0.0000	</row2>
			<row3>	-0.0899 0.3484 -1.7186 1.0000	</row3>
		</transform>
	</node>
	<node>
		<identifier>	MP_CM014_Fuel_Oil_Hose_INDEX_1	</identifier>
		<parent>	Scene Root	</parent>
		<transform>
			<row0>	0.0000 0.0000 -1.0000 0.0000	</row0>
			<row1>	0.0000 1.0000 0.0000 0.0000	</row1>
			<row2>	1.0000 0.0000 0.0000 0.0000	</row2>
			<row3>	0.0913 0.3484 -1.7186 1.0000	</row3>
		</transform>
	</node>
	<node>
		<identifier>	MP_CM019_Wood_Box_2	</identifier>
		<parent>	Scene Root	</parent>
		<transform>
			<row0>	0.0000 0.2449 1.3755 0.0000	</row0>
			<row1>	0.0000 1.3755 -0.2449 0.0000	</row1>
			<row2>	-1.3971 0.0000 0.0000 0.0000	</row2>
			<row3>	-0.0056 0.2378 -1.7169 1.0000	</row3>
		</transform>
	</node>
	<node>
		<identifier>	MP_CM019_Wood_Box_2_INDEX_1	</identifier>
		<parent>	Scene Root	</parent>
		<transform>
			<row0>	0.0000 0.2526 1.2892 0.0000	</row0>
			<row1>	0.0000 1.2892 -0.2526 0.0000	</row1>
			<row2>	-1.3137 0.0000 0.0000 0.0000	</row2>
			<row3>	0.0462 0.2395 -1.6382 1.0000	</row3>
		</transform>
	</node>
	<node>
		<identifier>	MP_CM029_Emergency_Box	</identifier>
		<parent>	Scene Root	</parent>
		<transform>
			<row0>	1.0000 0.0000 0.0000 0.0000	</row0>
			<row1>	0.0000 1.0000 0.0000 0.0000	</row1>
			<row2>	0.0000 0.0000 1.0000 0.0000	</row2>
			<row3>	0.1908 0.3384 -1.6381 1.0000	</row3>
		</transform>
	</node>
	<node>
		<identifier>	MP_CM029_Emergency_Box_INDEX_1	</identifier>
		<parent>	Scene Root	</parent>
		<transform>
			<row0>	0.4584 0.0000 -0.8887 0.0000	</row0>
			<row1>	0.0000 1.0000 0.0000 0.0000	</row1>
			<row2>	0.8887 0.0000 0.4584 0.0000	</row2>
			<row3>	-0.1490 0.3230 -2.6936 1.0000	</row3>
		</transform>
	</node>
	<node>
		<identifier>	MP_CM029_Emergency_Box_INDEX_2	</identifier>
		<parent>	Scene Root	</parent>
		<transform>
			<row0>	-1.0000 0.0000 0.0000 0.0000	</row0>
			<row1>	0.0000 1.0000 0.0000 0.0000	</row1>
			<row2>	0.0000 0.0000 -1.0000 0.0000	</row2>
			<row3>	0.0000 0.4804 -1.7265 1.0000	</row3>
		</transform>
	</node>
	<node>
		<identifier>	MP_CM029_Emergency_Box_INDEX_3	</identifier>
		<parent>	Scene Root	</parent>
		<transform>
			<row0>	0.8932 0.0000 0.4497 0.0000	</row0>
			<row1>	0.0000 1.0000 0.0000 0.0000	</row1>
			<row2>	-0.4497 0.0000 0.8932 0.0000	</row2>
			<row3>	0.0745 0.3230 -2.7715 1.0000	</row3>
		</transform>
	</node>
	<node>
		<identifier>	MP_CM030_Swab_Rack_2	</identifier>
		<parent>	Scene Root	</parent>
		<transform>
			<row0>	-1.0000 0.0000 0.0000 0.0000	</row0>
			<row1>	0.0000 1.0000 0.0000 0.0000	</row1>
			<row2>	0.0000 0.0000 -1.0000 0.0000	</row2>
			<row3>	0.1705 0.2404 -1.6313 1.0000	</row3>
		</transform>
	</node>
	<node>
		<identifier>	MP_CM051_Fire_Fighting_Gear	</identifier>
		<parent>	Scene Root	</parent>
		<transform>
			<row0>	0.0000 0.0000 -1.0000 0.0000	</row0>
			<row1>	-1.0000 0.0000 0.0000 0.0000	</row1>
			<row2>	0.0000 1.0000 0.0000 0.0000	</row2>
			<row3>	0.0000 0.2517 -2.7848 1.0000	</row3>
		</transform>
	</node>
	<node>
		<identifier>	MP_CM052_Fender	</identifier>
		<parent>	Scene Root	</parent>
		<transform>
			<row0>	0.0000 0.0000 -0.5000 0.0000	</row0>
			<row1>	0.0000 0.5000 0.0000 0.0000	</row1>
			<row2>	0.5000 0.0000 0.0000 0.0000	</row2>
			<row3>	0.2219 0.2408 -1.4221 1.0000	</row3>
		</transform>
	</node>
	<node>
		<identifier>	MP_CM052_Fender_INDEX_1	</identifier>
		<parent>	Scene Root	</parent>
		<transform>
			<row0>	-0.0787 0.0000 -0.4938 0.0000	</row0>
			<row1>	0.0000 0.5000 0.0000 0.0000	</row1>
			<row2>	0.4938 0.0000 -0.0787 0.0000	</row2>
			<row3>	0.1961 0.2461 -2.4890 1.0000	</row3>
		</transform>
	</node>
	<node>
		<identifier>	MP_CM052_Fender_INDEX_2	</identifier>
		<parent>	Scene Root	</parent>
		<transform>
			<row0>	-0.0787 0.0000 0.4938 0.0000	</row0>
			<row1>	0.0000 0.5000 0.0000 0.0000	</row1>
			<row2>	-0.4938 0.0000 -0.0787 0.0000	</row2>
			<row3>	-0.1961 0.2461 -2.4890 1.0000	</row3>
		</transform>
	</node>
	<node>
		<identifier>	MP_CM057_Accommodation_Ladder_Closed	</identifier>
		<parent>	Scene Root	</parent>
		<transform>
			<row0>	0.0000 1.0000 0.0000 0.0000	</row0>
			<row1>	-0.9974 0.0000 0.0719 0.0000	</row1>
			<row2>	0.0719 0.0000 0.9974 0.0000	</row2>
			<row3>	0.3963 0.2802 -2.5956 1.0000	</row3>
		</transform>
	</node>
	<node>
		<identifier>	MP_CM057_Accommodation_Ladder_Closed_INDEX_1	</identifier>
		<parent>	Scene Root	</parent>
		<transform>
			<row0>	0.0000 -1.0000 0.0000 0.0000	</row0>
			<row1>	0.9974 0.0000 0.0719 0.0000	</row1>
			<row2>	-0.0719 0.0000 0.9974 0.0000	</row2>
			<row3>	-0.3963 0.2802 -2.5956 1.0000	</row3>
		</transform>
	</node>
	<node>
		<identifier>	MP_CM061_Barrel	</identifier>
		<parent>	Scene Root	</parent>
		<transform>
			<row0>	0.8182 0.0000 0.5750 0.0000	</row0>
			<row1>	0.0000 1.0000 0.0000 0.0000	</row1>
			<row2>	-0.5750 0.0000 0.8182 0.0000	</row2>
			<row3>	-0.1483 0.2405 -1.6447 1.0000	</row3>
		</transform>
	</node>
	<node>
		<identifier>	MP_CM061_Barrel_INDEX_1	</identifier>
		<parent>	Scene Root	</parent>
		<transform>
			<row0>	0.3317 0.0000 -0.9434 0.0000	</row0>
			<row1>	0.0000 1.0000 0.0000 0.0000	</row1>
			<row2>	0.9434 0.0000 0.3317 0.0000	</row2>
			<row3>	-0.1567 0.2405 -1.7086 1.0000	</row3>
		</transform>
	</node>
	<node>
		<identifier>	MP_CM061_Barrel_INDEX_2	</identifier>
		<parent>	Scene Root	</parent>
		<transform>
			<row0>	0.8182 0.0000 0.5750 0.0000	</row0>
			<row1>	0.0000 1.0000 0.0000 0.0000	</row1>
			<row2>	-0.5750 0.0000 0.8182 0.0000	</row2>
			<row3>	0.1524 0.2405 -1.7086 1.0000	</row3>
		</transform>
	</node>
	<node>
		<identifier>	MP_CM061_Barrel_INDEX_3	</identifier>
		<parent>	Scene Root	</parent>
		<transform>
			<row0>	1.0000 0.0000 0.0000 0.0000	</row0>
			<row1>	0.0000 1.0000 0.0000 0.0000	</row1>
			<row2>	0.0000 0.0000 1.0000 0.0000	</row2>
			<row3>	-0.1231 0.2405 -1.6447 1.0000	</row3>
		</transform>
	</node>
	<node>
		<identifier>	MP_CM061_Barrel_INDEX_4	</identifier>
		<parent>	Scene Root	</parent>
		<transform>
			<row0>	0.8127 0.0000 -0.5826 0.0000	</row0>
			<row1>	0.0000 1.0000 0.0000 0.0000	</row1>
			<row2>	0.5826 0.0000 0.8127 0.0000	</row2>
			<row3>	-0.1730 0.2405 -1.6447 1.0000	</row3>
		</transform>
	</node>
	<node>
		<identifier>	MP_CM076_Fender	</identifier>
		<parent>	Scene Root	</parent>
		<transform>
			<row0>	0.4997 0.0005 0.0184 0.0000	</row0>
			<row1>	0.0153 0.2701 -0.4205 0.0000	</row1>
			<row2>	-0.0103 0.4208 0.2699 0.0000	</row2>
			<row3>	-0.2636 0.2636 -1.4774 1.0000	</row3>
		</transform>
	</node>
	<node>
		<identifier>	MP_CM082_Rope	</identifier>
		<parent>	Scene Root	</parent>
		<transform>
			<row0>	-0.0164 -0.9985 -0.0530 0.0000	</row0>
			<row1>	0.9973 -0.0125 -0.0723 0.0000	</row1>
			<row2>	0.0715 -0.0540 0.9960 0.0000	</row2>
			<row3>	-0.1502 0.2776 -1.6402 1.0000	</row3>
		</transform>
	</node>
	<node>
		<identifier>	MP_RM008_Voice_Tube	</identifier>
		<parent>	Scene Root	</parent>
		<transform>
			<row0>	1.0000 0.0000 0.0000 0.0000	</row0>
			<row1>	0.0000 1.0000 0.0000 0.0000	</row1>
			<row2>	0.0000 0.0000 1.0000 0.0000	</row2>
			<row3>	0.0416 0.6192 -2.5607 1.0000	</row3>
		</transform>
	</node>
	<node>
		<identifier>	MP_RM008_Voice_Tube_INDEX_1	</identifier>
		<parent>	Scene Root	</parent>
		<transform>
			<row0>	-0.7405 0.0000 0.6721 0.0000	</row0>
			<row1>	0.0000 1.0000 0.0000 0.0000	</row1>
			<row2>	-0.6721 0.0000 -0.7405 0.0000	</row2>
			<row3>	0.0099 0.4455 -2.6107 1.0000	</row3>
		</transform>
	</node>
	<node>
		<identifier>	MP_RM008_Voice_Tube_INDEX_2	</identifier>
		<parent>	Scene Root	</parent>
		<transform>
			<row0>	-1.0000 0.0000 0.0000 0.0000	</row0>
			<row1>	0.0000 1.0000 0.0000 0.0000	</row1>
			<row2>	0.0000 0.0000 -1.0000 0.0000	</row2>
			<row3>	-0.0482 0.5516 -1.8424 1.0000	</row3>
		</transform>
	</node>
	<node>
		<identifier>	MP_RM019_Reels	</identifier>
		<parent>	Scene Root	</parent>
		<transform>
			<row0>	0.0000 -0.0053 1.0000 0.0000	</row0>
			<row1>	0.0000 -1.0000 -0.0053 0.0000	</row1>
			<row2>	1.0000 0.0000 0.0000 0.0000	</row2>
			<row3>	0.1862 0.2447 -2.8068 1.0000	</row3>
		</transform>
	</node>
	<node>
		<identifier>	MP_RM019_Reels_INDEX_1	</identifier>
		<parent>	Scene Root	</parent>
		<transform>
			<row0>	0.0000 0.0053 -1.0000 0.0000	</row0>
			<row1>	0.0000 -1.0000 -0.0053 0.0000	</row1>
			<row2>	-1.0000 0.0000 0.0000 0.0000	</row2>
			<row3>	-0.1862 0.2447 -2.8068 1.0000	</row3>
		</transform>
	</node>
	<node>
		<identifier>	MP_RM029_Signal_Lamp	</identifier>
		<parent>	Scene Root	</parent>
		<transform>
			<row0>	1.0000 0.0000 0.0000 0.0000	</row0>
			<row1>	0.0000 0.9848 -0.1736 0.0000	</row1>
			<row2>	0.0000 0.1736 0.9848 0.0000	</row2>
			<row3>	0.0000 1.2347 -2.6459 1.0000	</row3>
		</transform>
	</node>
	<node>
		<identifier>	MP_RM048_Steering_Wheel	</identifier>
		<parent>	Scene Root	</parent>
		<transform>
			<row0>	1.0000 0.0000 0.0000 0.0000	</row0>
			<row1>	0.0000 1.0000 0.0000 0.0000	</row1>
			<row2>	0.0000 0.0000 1.0000 0.0000	</row2>
			<row3>	0.0477 0.4442 -2.5476 1.0000	</row3>
		</transform>
	</node>
	<node>
		<identifier>	MP_RM066_Ammunition_Box	</identifier>
		<parent>	Scene Root	</parent>
		<transform>
			<row0>	-1.0000 0.0000 0.0000 0.0000	</row0>
			<row1>	0.0000 1.0000 0.0000 0.0000	</row1>
			<row2>	0.0000 0.0000 -1.0000 0.0000	</row2>
			<row3>	0.0000 0.3926 -2.4647 1.0000	</row3>
		</transform>
	</node>
	<node>
		<identifier>	MP_RM075_Fairlead	</identifier>
		<parent>	Scene Root	</parent>
		<transform>
			<row0>	0.4989 -0.0012 0.0329 0.0000	</row0>
			<row1>	0.0010 0.5000 0.0036 0.0000	</row1>
			<row2>	-0.0329 -0.0035 0.4989 0.0000	</row2>
			<row3>	-0.3826 0.2448 -2.4841 1.0000	</row3>
		</transform>
	</node>
	<node>
		<identifier>	MP_RM075_Fairlead_INDEX_1	</identifier>
		<parent>	Scene Root	</parent>
		<transform>
			<row0>	0.4989 0.0012 -0.0329 0.0000	</row0>
			<row1>	-0.0010 0.5000 0.0036 0.0000	</row1>
			<row2>	0.0329 -0.0035 0.4989 0.0000	</row2>
			<row3>	0.3826 0.2448 -2.4841 1.0000	</row3>
		</transform>
	</node>
	<node>
		<identifier>	MP_RM147_Crane_TA	</identifier>
		<parent>	Scene Root	</parent>
		<transform>
			<row0>	-0.9972 0.0000 -0.0749 0.0000	</row0>
			<row1>	0.0000 1.0000 0.0000 0.0000	</row1>
			<row2>	0.0749 0.0000 -0.9972 0.0000	</row2>
			<row3>	0.2592 0.2403 -1.7949 1.0000	</row3>
		</transform>
	</node>
	<node>
		<identifier>	MP_RM147_Crane_TA_INDEX_1	</identifier>
		<parent>	Scene Root	</parent>
		<transform>
			<row0>	-0.9972 0.0000 0.0749 0.0000	</row0>
			<row1>	0.0000 1.0000 0.0000 0.0000	</row1>
			<row2>	-0.0749 0.0000 -0.9972 0.0000	</row2>
			<row3>	-0.2592 0.2403 -1.7949 1.0000	</row3>
		</transform>
	</node>
	<node>
		<identifier>	MP_RM165_Tuzik_3_65m	</identifier>
		<parent>	Scene Root	</parent>
		<transform>
			<row0>	1.0000 0.0000 0.0000 0.0000	</row0>
			<row1>	0.0000 1.0000 0.0000 0.0000	</row1>
			<row2>	0.0000 0.0000 1.0000 0.0000	</row2>
			<row3>	-0.2646 0.2437 -1.4349 1.0000	</row3>
		</transform>
	</node>
	<node>
		<identifier>	MP_RM188_Boat_ITL	</identifier>
		<parent>	Scene Root	</parent>
		<transform>
			<row0>	0.0000 -1.0000 0.0000 0.0000	</row0>
			<row1>	-1.0000 0.0000 0.0000 0.0000	</row1>
			<row2>	0.0000 0.0000 -1.0000 0.0000	</row2>
			<row3>	-0.2073 0.3150 -1.2090 1.0000	</row3>
		</transform>
	</node>
	<node>
		<identifier>	MP_RM188_Boat_ITL_INDEX_1	</identifier>
		<parent>	Scene Root	</parent>
		<transform>
			<row0>	0.0000 1.0000 0.0000 0.0000	</row0>
			<row1>	1.0000 0.0000 0.0000 0.0000	</row1>
			<row2>	0.0000 0.0000 -1.0000 0.0000	</row2>
			<row3>	0.2073 0.3150 -1.2090 1.0000	</row3>
		</transform>
	</node>
	<node>
		<identifier>	MP_RM190_Searchlight_900mm_ITL	</identifier>
		<parent>	Scene Root	</parent>
		<transform>
			<row0>	-1.0000 0.0000 0.0000 0.0000	</row0>
			<row1>	0.0000 1.0000 0.0000 0.0000	</row1>
			<row2>	0.0000 0.0000 -1.0000 0.0000	</row2>
			<row3>	0.0000 0.4598 -2.7288 1.0000	</row3>
		</transform>
	</node>
	<node>
		<identifier>	MP_RM195_Electric_Telegraph	</identifier>
		<parent>	Scene Root	</parent>
		<transform>
			<row0>	1.0000 0.0000 0.0000 0.0000	</row0>
			<row1>	0.0000 1.0000 0.0000 0.0000	</row1>
			<row2>	0.0000 0.0000 1.0000 0.0000	</row2>
			<row3>	-0.0035 0.4448 -2.5640 1.0000	</row3>
		</transform>
	</node>
	<node>
		<identifier>	MP_RM200_Running_Lights_B	</identifier>
		<parent>	Scene Root	</parent>
		<transform>
			<row0>	-1.8000 0.0000 0.0000 0.0000	</row0>
			<row1>	0.0000 1.8000 0.0000 0.0000	</row1>
			<row2>	0.0000 0.0000 -1.8000 0.0000	</row2>
			<row3>	0.0000 0.7606 -2.5788 1.0000	</row3>
		</transform>
	</node>
	<node>
		<identifier>	MP_RM203_Torpedo_Bogie	</identifier>
		<parent>	Scene Root	</parent>
		<transform>
			<row0>	0.0000 0.0000 1.0000 0.0000	</row0>
			<row1>	0.0000 1.0000 0.0000 0.0000	</row1>
			<row2>	-1.0000 0.0000 0.0000 0.0000	</row2>
			<row3>	-0.0214 0.2406 -1.6768 1.0000	</row3>
		</transform>
	</node>
	<node>
		<identifier>	MP_RM205_Speaker	</identifier>
		<parent>	Scene Root	</parent>
		<transform>
			<row0>	-0.8000 0.0000 0.0000 0.0000	</row0>
			<row1>	0.0000 0.8000 0.0000 0.0000	</row1>
			<row2>	0.0000 0.0000 -0.7947 0.0000	</row2>
			<row3>	-0.0318 0.6042 -2.6250 1.0000	</row3>
		</transform>
	</node>
	<node>
		<identifier>	MP_RM214_Life_Buoy	</identifier>
		<parent>	Scene Root	</parent>
		<transform>
			<row0>	0.1545 0.0000 0.9880 0.0000	</row0>
			<row1>	0.0000 1.0000 0.0000 0.0000	</row1>
			<row2>	-0.9880 0.0000 0.1545 0.0000	</row2>
			<row3>	0.1551 0.4295 -2.6348 1.0000	</row3>
		</transform>
	</node>
	<node>
		<identifier>	MP_RM214_Life_Buoy_INDEX_1	</identifier>
		<parent>	Scene Root	</parent>
		<transform>
			<row0>	0.1545 0.0000 -0.9880 0.0000	</row0>
			<row1>	0.0000 1.0000 0.0000 0.0000	</row1>
			<row2>	0.9880 0.0000 0.1545 0.0000	</row2>
			<row3>	-0.1551 0.4295 -2.6348 1.0000	</row3>
		</transform>
	</node>
	<node>
		<identifier>	MP_RM214_Life_Buoy_INDEX_2	</identifier>
		<parent>	Scene Root	</parent>
		<transform>
			<row0>	0.0378 0.0000 -0.9993 0.0000	</row0>
			<row1>	0.0000 1.0000 0.0000 0.0000	</row1>
			<row2>	0.9993 0.0000 0.0378 0.0000	</row2>
			<row3>	-0.4231 0.3034 -1.7087 1.0000	</row3>
		</transform>
	</node>
	<node>
		<identifier>	MP_RM218_Deck_Hatch	</identifier>
		<parent>	Scene Root	</parent>
		<transform>
			<row0>	1.1000 0.0000 0.0000 0.0000	</row0>
			<row1>	0.0000 1.1000 0.0000 0.0000	</row1>
			<row2>	0.0000 0.0000 1.1000 0.0000	</row2>
			<row3>	-0.0752 0.2454 -2.8366 1.0000	</row3>
		</transform>
	</node>
	<node>
		<identifier>	MP_RM220_Bollard	</identifier>
		<parent>	Scene Root	</parent>
		<transform>
			<row0>	0.9988 -0.0025 0.0481 0.0000	</row0>
			<row1>	0.0021 1.0000 0.0071 0.0000	</row1>
			<row2>	-0.0481 -0.0070 0.9988 0.0000	</row2>
			<row3>	-0.3773 0.2385 -2.3460 1.0000	</row3>
		</transform>
	</node>
	<node>
		<identifier>	MP_RM220_Bollard_INDEX_1	</identifier>
		<parent>	Scene Root	</parent>
		<transform>
			<row0>	0.9988 0.0025 -0.0481 0.0000	</row0>
			<row1>	-0.0021 1.0000 0.0071 0.0000	</row1>
			<row2>	0.0481 -0.0070 0.9988 0.0000	</row2>
			<row3>	0.3770 0.2385 -2.3460 1.0000	</row3>
		</transform>
	</node>
	<node>
		<identifier>	MP_RM225_Alarm	</identifier>
		<parent>	Scene Root	</parent>
		<transform>
			<row0>	0.3937 0.0000 -0.9192 0.0000	</row0>
			<row1>	0.0000 1.0000 0.0000 0.0000	</row1>
			<row2>	0.9192 0.0000 0.3937 0.0000	</row2>
			<row3>	-0.0938 0.6103 -1.8091 1.0000	</row3>
		</transform>
	</node>
	<node>
		<identifier>	MP_RM225_Alarm_INDEX_1	</identifier>
		<parent>	Scene Root	</parent>
		<transform>
			<row0>	-0.0182 0.0000 -0.9998 0.0000	</row0>
			<row1>	0.0000 1.0000 0.0000 0.0000	</row1>
			<row2>	0.9998 0.0000 -0.0182 0.0000	</row2>
			<row3>	-0.0859 0.5071 -2.5667 1.0000	</row3>
		</transform>
	</node>
	<node>
		<identifier>	MP_RM225_Alarm_INDEX_2	</identifier>
		<parent>	Scene Root	</parent>
		<transform>
			<row0>	-0.4234 0.0000 0.9059 0.0000	</row0>
			<row1>	0.0000 1.0000 0.0000 0.0000	</row1>
			<row2>	-0.9059 0.0000 -0.4234 0.0000	</row2>
			<row3>	0.0800 0.5019 -2.5321 1.0000	</row3>
		</transform>
	</node>
	<node>
		<identifier>	MP_RM225_Alarm_INDEX_3	</identifier>
		<parent>	Scene Root	</parent>
		<transform>
			<row0>	0.5159 0.0000 0.8566 0.0000	</row0>
			<row1>	0.0000 1.0000 0.0000 0.0000	</row1>
			<row2>	-0.8566 0.0000 0.5159 0.0000	</row2>
			<row3>	0.0836 0.6090 -1.8290 1.0000	</row3>
		</transform>
	</node>
	<node>
		<identifier>	MP_RM236_Telephone	</identifier>
		<parent>	Scene Root	</parent>
		<transform>
			<row0>	-0.0167 0.0000 0.9999 0.0000	</row0>
			<row1>	0.0000 1.0000 0.0000 0.0000	</row1>
			<row2>	-0.9999 0.0000 -0.0167 0.0000	</row2>
			<row3>	0.0859 0.5064 -2.5701 1.0000	</row3>
		</transform>
	</node>
	<node>
		<identifier>	MP_RM236_Telephone_INDEX_1	</identifier>
		<parent>	Scene Root	</parent>
		<transform>
			<row0>	0.5790 0.0000 -0.8153 0.0000	</row0>
			<row1>	0.0000 1.0000 0.0000 0.0000	</row1>
			<row2>	0.8153 0.0000 0.5790 0.0000	</row2>
			<row3>	-0.0690 0.6115 -1.8515 1.0000	</row3>
		</transform>
	</node>
	<node>
		<identifier>	MP_RM273_Fire_Hose_Rack_box	</identifier>
		<parent>	Scene Root	</parent>
		<transform>
			<row0>	0.0000 0.0000 1.0000 0.0000	</row0>
			<row1>	0.0000 1.0000 0.0000 0.0000	</row1>
			<row2>	-1.0000 0.0000 0.0000 0.0000	</row2>
			<row3>	-0.2067 0.3100 -1.7437 1.0000	</row3>
		</transform>
	</node>
	<node>
		<identifier>	MP_RM273_Fire_Hose_Rack_box_INDEX_1	</identifier>
		<parent>	Scene Root	</parent>
		<transform>
			<row0>	0.0000 0.0000 -1.0000 0.0000	</row0>
			<row1>	0.0000 1.0000 0.0000 0.0000	</row1>
			<row2>	1.0000 0.0000 0.0000 0.0000	</row2>
			<row3>	0.2067 0.3100 -1.7437 1.0000	</row3>
		</transform>
	</node>
	<node>
		<identifier>	MP_RM273_Fire_Hose_Rack_box_INDEX_2	</identifier>
		<parent>	Scene Root	</parent>
		<transform>
			<row0>	-0.1559 0.0000 0.9878 0.0000	</row0>
			<row1>	0.0000 1.0000 0.0000 0.0000	</row1>
			<row2>	-0.9878 0.0000 -0.1559 0.0000	</row2>
			<row3>	-0.1712 0.3153 -2.5521 1.0000	</row3>
		</transform>
	</node>
	<node>
		<identifier>	MP_RM273_Fire_Hose_Rack_box_INDEX_3	</identifier>
		<parent>	Scene Root	</parent>
		<transform>
			<row0>	-0.9879 -0.0053 0.1552 0.0000	</row0>
			<row1>	-0.0023 0.9998 0.0195 0.0000	</row1>
			<row2>	-0.1552 0.0189 -0.9877 0.0000	</row2>
			<row3>	-0.0222 0.3237 -2.7813 1.0000	</row3>
		</transform>
	</node>
	<node>
		<identifier>	MP_RM273_Fire_Hose_Rack_box_INDEX_4	</identifier>
		<parent>	Scene Root	</parent>
		<transform>
			<row0>	-0.1559 0.0000 -0.9878 0.0000	</row0>
			<row1>	0.0000 1.0000 0.0000 0.0000	</row1>
			<row2>	0.9878 0.0000 -0.1559 0.0000	</row2>
			<row3>	0.1712 0.3153 -2.5521 1.0000	</row3>
		</transform>
	</node>
	<node>
		<identifier>	SP_YMS011_YHWL_M_1_INDEX_5	</identifier>
		<parent>	Scene Root	</parent>
		<transform>
			<row0>	0.9929 0.3544 0.0558 0.0000	</row0>
			<row1>	-0.3537 0.9944 -0.0213 0.0000	</row1>
			<row2>	-0.0597 0.0013 1.0540 0.0000	</row2>
			<row3>	-0.4041 -0.0267 -1.3654 1.0000	</row3>
		</transform>
	</node>
	<node>
		<identifier>	SP_YMS011_YHWL_M_1_INDEX_6	</identifier>
		<parent>	Scene Root	</parent>
		<transform>
			<row0>	0.8882 0.5650 0.0793 0.0000	</row0>
			<row1>	-0.5643 0.8916 -0.0324 0.0000	</row1>
			<row2>	-0.0843 -0.0151 1.0522 0.0000	</row2>
			<row3>	-0.3426 -0.0267 -2.2601 1.0000	</row3>
		</transform>
	</node>
	<node>
		<identifier>	SP_YMS012_YHWR_M_1_INDEX_5	</identifier>
		<parent>	Scene Root	</parent>
		<transform>
			<row0>	0.9929 -0.3544 -0.0558 0.0000	</row0>
			<row1>	0.3537 0.9944 -0.0213 0.0000	</row1>
			<row2>	0.0597 0.0013 1.0540 0.0000	</row2>
			<row3>	0.4041 -0.0267 -1.3654 1.0000	</row3>
		</transform>
	</node>
	<node>
		<identifier>	SP_YMS012_YHWR_M_1_INDEX_6	</identifier>
		<parent>	Scene Root	</parent>
		<transform>
			<row0>	0.8882 -0.5650 -0.0793 0.0000	</row0>
			<row1>	0.5643 0.8916 -0.0324 0.0000	</row1>
			<row2>	0.0843 -0.0151 1.0522 0.0000	</row2>
			<row3>	0.3426 -0.0267 -2.2601 1.0000	</row3>
		</transform>
	</node>
	<node>
		<identifier>	SP_YMS021_YHUC_S_1_INDEX_10	</identifier>
		<parent>	Scene Root	</parent>
		<transform>
			<row0>	-0.8483 0.5294 0.0133 0.0000	</row0>
			<row1>	-0.5290 -0.8460 -0.0660 0.0000	</row1>
			<row2>	-0.0237 -0.0630 0.9977 0.0000	</row2>
			<row3>	-0.2335 -0.1705 -1.9594 1.0000	</row3>
		</transform>
	</node>
	<node>
		<identifier>	SP_YMS021_YHUC_S_1_INDEX_11	</identifier>
		<parent>	Scene Root	</parent>
		<transform>
			<row0>	-0.8483 -0.5294 -0.0133 0.0000	</row0>
			<row1>	0.5290 -0.8460 -0.0660 0.0000	</row1>
			<row2>	0.0237 -0.0630 0.9977 0.0000	</row2>
			<row3>	0.2335 -0.1705 -1.9594 1.0000	</row3>
		</transform>
	</node>
	<node>
		<identifier>	SP_YMS021_YHUC_S_1_INDEX_8	</identifier>
		<parent>	Scene Root	</parent>
		<transform>
			<row0>	-0.8607 0.5090 0.0087 0.0000	</row0>
			<row1>	-0.5087 -0.8593 -0.0530 0.0000	</row1>
			<row2>	-0.0195 -0.0500 0.9986 0.0000	</row2>
			<row3>	-0.2585 -0.1951 -1.2612 1.0000	</row3>
		</transform>
	</node>
	<node>
		<identifier>	SP_YMS021_YHUC_S_1_INDEX_9	</identifier>
		<parent>	Scene Root	</parent>
		<transform>
			<row0>	-0.8607 -0.5090 -0.0087 0.0000	</row0>
			<row1>	0.5087 -0.8593 -0.0530 0.0000	</row1>
			<row2>	0.0195 -0.0500 0.9986 0.0000	</row2>
			<row3>	0.2585 -0.1951 -1.2612 1.0000	</row3>
		</transform>
	</node>
	<node>
		<identifier>	SP_YMS063_YHGQ_S_1_INDEX_2	</identifier>
		<parent>	Scene Root	</parent>
		<transform>
			<row0>	0.4865 0.0000 0.0000 0.0000	</row0>
			<row1>	0.0000 0.4865 0.0000 0.0000	</row1>
			<row2>	0.0000 0.0000 0.4865 0.0000	</row2>
			<row3>	0.0000 0.6264 -1.8111 1.0000	</row3>
		</transform>
	</node>
	<node>
		<identifier>	SP_YMS072_YHHC_M_1_INDEX_10	</identifier>
		<parent>	Scene Root	</parent>
		<transform>
			<row0>	0.0313 0.0025 -0.5933 0.0000	</row0>
			<row1>	-0.0967 0.5862 -0.0027 0.0000	</row1>
			<row2>	0.5854 0.0967 0.0313 0.0000	</row2>
			<row3>	-0.3913 0.1155 -2.1817 1.0000	</row3>
		</transform>
	</node>
	<node>
		<identifier>	SP_YMS072_YHHC_M_1_INDEX_11	</identifier>
		<parent>	Scene Root	</parent>
		<transform>
			<row0>	0.0313 -0.0025 0.5933 0.0000	</row0>
			<row1>	0.0967 0.5862 -0.0027 0.0000	</row1>
			<row2>	-0.5854 0.0967 0.0313 0.0000	</row2>
			<row3>	0.3913 0.1155 -2.1817 1.0000	</row3>
		</transform>
	</node>
	<node>
		<identifier>	SP_YMS072_YHHC_M_1_INDEX_6	</identifier>
		<parent>	Scene Root	</parent>
		<transform>
			<row0>	0.0231 0.0007 -0.5937 0.0000	</row0>
			<row1>	-0.0501 0.5921 -0.0013 0.0000	</row1>
			<row2>	0.5916 0.0501 0.0230 0.0000	</row2>
			<row3>	-0.4325 0.1135 -1.3109 1.0000	</row3>
		</transform>
	</node>
	<node>
		<identifier>	SP_YMS072_YHHC_M_1_INDEX_7	</identifier>
		<parent>	Scene Root	</parent>
		<transform>
			<row0>	0.0231 -0.0007 0.5937 0.0000	</row0>
			<row1>	0.0501 0.5921 -0.0013 0.0000	</row1>
			<row2>	-0.5916 0.0501 0.0230 0.0000	</row2>
			<row3>	0.4325 0.1135 -1.3109 1.0000	</row3>
		</transform>
	</node>
	<node>
		<identifier>	SP_YMS072_YHHC_M_1_INDEX_8	</identifier>
		<parent>	Scene Root	</parent>
		<transform>
			<row0>	0.0219 0.0010 -0.5938 0.0000	</row0>
			<row1>	-0.0686 0.5902 -0.0016 0.0000	</row1>
			<row2>	0.5898 0.0686 0.0219 0.0000	</row2>
			<row3>	-0.4141 0.1188 -1.7203 1.0000	</row3>
		</transform>
	</node>
	<node>
		<identifier>	SP_YMS072_YHHC_M_1_INDEX_9	</identifier>
		<parent>	Scene Root	</parent>
		<transform>
			<row0>	0.0219 -0.0010 0.5938 0.0000	</row0>
			<row1>	0.0686 0.5902 -0.0016 0.0000	</row1>
			<row2>	-0.5898 0.0686 0.0219 0.0000	</row2>
			<row3>	0.4141 0.1188 -1.7203 1.0000	</row3>
		</transform>
	</node>
	<node>
		<identifier>	SP_YMS083_YHSC_L_1_INDEX_4	</identifier>
		<parent>	Scene Root	</parent>
		<transform>
			<row0>	0.0481 0.0042 -0.5789 0.0000	</row0>
			<row1>	-0.1272 0.5668 -0.0064 0.0000	</row1>
			<row2>	0.5648 0.1273 0.0478 0.0000	</row2>
			<row3>	-0.3498 0.2253 -2.9856 1.0000	</row3>
		</transform>
	</node>
	<node>
		<identifier>	SP_YMS083_YHSC_L_1_INDEX_5	</identifier>
		<parent>	Scene Root	</parent>
		<transform>
			<row0>	0.0481 -0.0042 0.5789 0.0000	</row0>
			<row1>	0.1272 0.5668 -0.0064 0.0000	</row1>
			<row2>	-0.5648 0.1273 0.0478 0.0000	</row2>
			<row3>	0.3498 0.2253 -2.9856 1.0000	</row3>
		</transform>
	</node>
	<node>
		<identifier>	SP_YMS085_YHSC_S_1_INDEX_2	</identifier>
		<parent>	Scene Root	</parent>
		<transform>
			<row0>	0.0176 0.0027 -0.4882 0.0000	</row0>
			<row1>	0.0000 0.4885 0.0027 0.0000	</row1>
			<row2>	0.4882 0.0000 0.0176 0.0000	</row2>
			<row3>	-0.4359 0.2275 -1.7314 1.0000	</row3>
		</transform>
	</node>
	<node>
		<identifier>	SP_YMS085_YHSC_S_1_INDEX_3	</identifier>
		<parent>	Scene Root	</parent>
		<transform>
			<row0>	0.0176 -0.0027 0.4882 0.0000	</row0>
			<row1>	0.0000 0.4885 0.0027 0.0000	</row1>
			<row2>	-0.4882 0.0000 0.0176 0.0000	</row2>
			<row3>	0.4359 0.2275 -1.7314 1.0000	</row3>
		</transform>
	</node>
</RSD015_Pr_20i_Tashkent_1945_MidBack.skel_ext>
