<RSD020_Podvoyskiy_pr29_1938_MidFront_ep.skel_ext>
	<exported>	false	</exported>
	<node>
		<identifier>	EP_Death_2	</identifier>
		<parent>	Scene Root	</parent>
		<transform>
			<row0>	1.0000 0.0000 0.0000 0.0000	</row0>
			<row1>	0.0000 1.0000 0.0000 0.0000	</row1>
			<row2>	0.0000 0.0000 1.0000 0.0000	</row2>
			<row3>	0.0000 0.0000 -0.2137 1.0000	</row3>
		</transform>
	</node>
	<node>
		<identifier>	EP_Fire_2	</identifier>
		<parent>	Scene Root	</parent>
		<transform>
			<row0>	1.0000 0.0000 0.0000 0.0000	</row0>
			<row1>	0.0000 1.0000 0.0000 0.0000	</row1>
			<row2>	0.0000 0.0000 1.0000 0.0000	</row2>
			<row3>	0.0000 0.4255 1.5270 1.0000	</row3>
		</transform>
	</node>
	<node>
		<identifier>	EP_Fire_2_side_1	</identifier>
		<parent>	Scene Root	</parent>
		<transform>
			<row0>	1.0000 0.0000 0.0000 0.0000	</row0>
			<row1>	0.0000 1.0000 0.0000 0.0000	</row1>
			<row2>	0.0000 0.0000 1.0000 0.0000	</row2>
			<row3>	-0.2483 0.3518 1.9291 1.0000	</row3>
		</transform>
	</node>
	<node>
		<identifier>	EP_Fire_2_side_2	</identifier>
		<parent>	Scene Root	</parent>
		<transform>
			<row0>	1.0000 0.0000 0.0000 0.0000	</row0>
			<row1>	0.0000 1.0000 0.0000 0.0000	</row1>
			<row2>	0.0000 0.0000 1.0000 0.0000	</row2>
			<row3>	0.2349 0.4322 0.8637 1.0000	</row3>
		</transform>
	</node>
	<node>
		<identifier>	EP_FloodLight_left_2	</identifier>
		<parent>	Scene Root	</parent>
		<transform>
			<row0>	-0.8620 0.0000 0.5070 0.0000	</row0>
			<row1>	0.0000 1.0000 0.0000 0.0000	</row1>
			<row2>	-0.5070 0.0000 -0.8620 0.0000	</row2>
			<row3>	-0.0976 0.6225 2.2564 1.0000	</row3>
		</transform>
	</node>
	<node>
		<identifier>	EP_FloodLight_right_2	</identifier>
		<parent>	Scene Root	</parent>
		<transform>
			<row0>	0.8538 0.0000 0.5206 0.0000	</row0>
			<row1>	0.0000 1.0000 0.0000 0.0000	</row1>
			<row2>	-0.5206 0.0000 0.8538 0.0000	</row2>
			<row3>	0.0836 0.6227 2.2884 1.0000	</row3>
		</transform>
	</node>
	<node>
		<identifier>	EP_Flood_steam_2	</identifier>
		<parent>	Scene Root	</parent>
		<transform>
			<row0>	0.7994 -0.6008 0.0000 0.0000	</row0>
			<row1>	0.6008 0.7994 0.0000 0.0000	</row1>
			<row2>	0.0000 0.0000 1.0000 0.0000	</row2>
			<row3>	0.0979 0.9585 0.4708 1.0000	</row3>
		</transform>
	</node>
	<node>
		<identifier>	EP_Flood_steam_3	</identifier>
		<parent>	Scene Root	</parent>
		<transform>
			<row0>	0.7818 0.6235 0.0000 0.0000	</row0>
			<row1>	-0.6235 0.7818 0.0000 0.0000	</row1>
			<row2>	0.0000 0.0000 1.0000 0.0000	</row2>
			<row3>	-0.1027 0.9492 0.4947 1.0000	</row3>
		</transform>
	</node>
	<node>
		<identifier>	EP_Flood_steam_exhaust_1	</identifier>
		<parent>	Scene Root	</parent>
		<transform>
			<row0>	1.0000 0.0000 0.0000 0.0000	</row0>
			<row1>	0.0000 1.0000 0.0000 0.0000	</row1>
			<row2>	0.0000 0.0000 1.0000 0.0000	</row2>
			<row3>	-0.0512 0.9983 0.7376 1.0000	</row3>
		</transform>
	</node>
	<node>
		<identifier>	EP_Flood_steam_left	</identifier>
		<parent>	Scene Root	</parent>
		<transform>
			<row0>	-1.0000 0.0000 0.0000 0.0000	</row0>
			<row1>	0.0000 1.0000 0.0000 0.0000	</row1>
			<row2>	0.0000 0.0000 -1.0000 0.0000	</row2>
			<row3>	-0.2003 0.4648 2.5397 1.0000	</row3>
		</transform>
	</node>
	<node>
		<identifier>	EP_Flood_water_left_2	</identifier>
		<parent>	Scene Root	</parent>
		<transform>
			<row0>	-1.0000 0.0000 0.0000 0.0000	</row0>
			<row1>	0.0000 1.0000 0.0000 0.0000	</row1>
			<row2>	0.0000 0.0000 -1.0000 0.0000	</row2>
			<row3>	-0.3275 0.0166 0.8691 1.0000	</row3>
		</transform>
	</node>
	<node>
		<identifier>	EP_Flood_water_right_2	</identifier>
		<parent>	Scene Root	</parent>
		<transform>
			<row0>	1.0000 0.0000 0.0000 0.0000	</row0>
			<row1>	0.0000 1.0000 0.0000 0.0000	</row1>
			<row2>	0.0000 0.0000 1.0000 0.0000	</row2>
			<row3>	0.3275 0.0168 0.8691 1.0000	</row3>
		</transform>
	</node>
	<node>
		<identifier>	EP_RepairLight_Left_1	</identifier>
		<parent>	Scene Root	</parent>
		<transform>
			<row0>	0.0697 0.0000 0.9976 0.0000	</row0>
			<row1>	0.0000 1.0000 0.0000 0.0000	</row1>
			<row2>	-0.9976 0.0000 0.0697 0.0000	</row2>
			<row3>	-0.3134 0.2055 1.6107 1.0000	</row3>
		</transform>
	</node>
	<node>
		<identifier>	EP_RepairLight_Right_1	</identifier>
		<parent>	Scene Root	</parent>
		<transform>
			<row0>	-0.1539 0.0000 -0.9881 0.0000	</row0>
			<row1>	0.0000 1.0000 0.0000 0.0000	</row1>
			<row2>	0.9881 0.0000 -0.1539 0.0000	</row2>
			<row3>	0.3132 0.2071 1.6128 1.0000	</row3>
		</transform>
	</node>
	<node>
		<identifier>	EP_Smoke_1	</identifier>
		<parent>	Scene Root	</parent>
		<transform>
			<row0>	1.0000 0.0000 0.0000 0.0000	</row0>
			<row1>	0.0000 0.9993 -0.0382 0.0000	</row1>
			<row2>	0.0000 0.0382 0.9993 0.0000	</row2>
			<row3>	0.0000 0.9503 0.6068 1.0000	</row3>
		</transform>
	</node>
</RSD020_Podvoyskiy_pr29_1938_MidFront_ep.skel_ext>
