<BSB016_King_George_V_1943_Bow.skel_ext>
	<exported>	true	</exported>
	<node>
		<identifier>	MP_BM001_Paravane	</identifier>
		<parent>	Scene Root	</parent>
		<transform>
			<row0>	0.8999 0.0000 -0.4361 0.0000	</row0>
			<row1>	0.0000 1.0000 0.0000 0.0000	</row1>
			<row2>	0.4361 0.0000 0.8999 0.0000	</row2>
			<row3>	0.1308 0.3761 5.0652 1.0000	</row3>
		</transform>
	</node>
	<node>
		<identifier>	MP_BM001_Paravane_INDEX_1	</identifier>
		<parent>	Scene Root	</parent>
		<transform>
			<row0>	0.8999 0.0000 0.4361 0.0000	</row0>
			<row1>	0.0000 1.0000 0.0000 0.0000	</row1>
			<row2>	-0.4361 0.0000 0.8999 0.0000	</row2>
			<row3>	-0.1302 0.3761 5.0639 1.0000	</row3>
		</transform>
	</node>
	<node>
		<identifier>	MP_BM004_Reels	</identifier>
		<parent>	Scene Root	</parent>
		<transform>
			<row0>	0.7133 0.0000 0.0000 0.0000	</row0>
			<row1>	0.0000 0.7133 0.0000 0.0000	</row1>
			<row2>	0.0000 0.0000 0.7133 0.0000	</row2>
			<row3>	0.0912 0.3581 4.9297 1.0000	</row3>
		</transform>
	</node>
	<node>
		<identifier>	MP_BM478_Gun_Deck	</identifier>
		<parent>	Scene Root	</parent>
		<transform>
			<row0>	-1.0000 0.0000 0.0000 0.0000	</row0>
			<row1>	0.0000 0.9998 -0.0217 0.0000	</row1>
			<row2>	0.0000 -0.0217 -0.9998 0.0000	</row2>
			<row3>	0.0007 0.3528 5.0802 1.0000	</row3>
		</transform>
	</node>
	<node>
		<identifier>	MP_BM478_Gun_Deck_INDEX_1	</identifier>
		<parent>	Scene Root	</parent>
		<transform>
			<row0>	0.8084 0.0087 0.5886 0.0000	</row0>
			<row1>	0.0000 0.9999 -0.0148 0.0000	</row1>
			<row2>	-0.5886 0.0120 0.8083 0.0000	</row2>
			<row3>	0.3841 0.3430 4.5698 1.0000	</row3>
		</transform>
	</node>
	<node>
		<identifier>	MP_BM478_Gun_Deck_INDEX_2	</identifier>
		<parent>	Scene Root	</parent>
		<transform>
			<row0>	0.8049 0.0158 0.5931 0.0000	</row0>
			<row1>	0.0000 0.9996 -0.0266 0.0000	</row1>
			<row2>	-0.5934 0.0214 0.8047 0.0000	</row2>
			<row3>	0.2248 0.3508 4.9694 1.0000	</row3>
		</transform>
	</node>
	<node>
		<identifier>	MP_BM478_Gun_Deck_INDEX_3	</identifier>
		<parent>	Scene Root	</parent>
		<transform>
			<row0>	-0.5885 -0.0109 -0.8084 0.0000	</row0>
			<row1>	-0.0040 0.9999 -0.0106 0.0000	</row1>
			<row2>	0.8085 -0.0030 -0.5885 0.0000	</row2>
			<row3>	-0.3841 0.3430 4.5789 1.0000	</row3>
		</transform>
	</node>
	<node>
		<identifier>	MP_BM478_Gun_Deck_INDEX_4	</identifier>
		<parent>	Scene Root	</parent>
		<transform>
			<row0>	0.8049 -0.0158 -0.5931 0.0000	</row0>
			<row1>	0.0000 0.9996 -0.0266 0.0000	</row1>
			<row2>	0.5934 0.0214 0.8047 0.0000	</row2>
			<row3>	-0.2255 0.3508 4.9694 1.0000	</row3>
		</transform>
	</node>
	<node>
		<identifier>	MP_BM611_Telephone	</identifier>
		<parent>	Scene Root	</parent>
		<transform>
			<row0>	1.0000 0.0000 0.0000 0.0000	</row0>
			<row1>	0.0000 0.9543 0.2988 0.0000	</row1>
			<row2>	0.0000 -0.2988 0.9543 0.0000	</row2>
			<row3>	-0.0116 0.4472 5.3822 1.0000	</row3>
		</transform>
	</node>
	<node>
		<identifier>	MP_BM625_Telephone	</identifier>
		<parent>	Scene Root	</parent>
		<transform>
			<row0>	1.0000 0.0000 0.0000 0.0000	</row0>
			<row1>	0.0000 0.9538 0.3005 0.0000	</row1>
			<row2>	0.0000 -0.3005 0.9538 0.0000	</row2>
			<row3>	0.0169 0.4471 5.3824 1.0000	</row3>
		</transform>
	</node>
	<node>
		<identifier>	MP_BM625_Telephone_INDEX_1	</identifier>
		<parent>	Scene Root	</parent>
		<transform>
			<row0>	1.0000 0.0000 0.0000 0.0000	</row0>
			<row1>	0.0000 0.9547 0.2976 0.0000	</row1>
			<row2>	0.0000 -0.2976 0.9547 0.0000	</row2>
			<row3>	0.0065 0.4471 5.3823 1.0000	</row3>
		</transform>
	</node>
	<node>
		<identifier>	MP_BM800_Ventilators_mushroom	</identifier>
		<parent>	Scene Root	</parent>
		<transform>
			<row0>	0.9641 0.0000 0.0000 0.0000	</row0>
			<row1>	0.0000 0.9641 0.0000 0.0000	</row1>
			<row2>	0.0000 0.0000 0.9641 0.0000	</row2>
			<row3>	-0.2338 0.3500 4.6475 1.0000	</row3>
		</transform>
	</node>
	<node>
		<identifier>	MP_BM800_Ventilators_mushroom_INDEX_1	</identifier>
		<parent>	Scene Root	</parent>
		<transform>
			<row0>	0.9641 0.0000 0.0000 0.0000	</row0>
			<row1>	0.0000 0.9641 0.0000 0.0000	</row1>
			<row2>	0.0000 0.0000 0.9641 0.0000	</row2>
			<row3>	-0.5657 0.3500 4.9026 1.0000	</row3>
		</transform>
	</node>
	<node>
		<identifier>	MP_BM800_Ventilators_mushroom_INDEX_2	</identifier>
		<parent>	Scene Root	</parent>
		<transform>
			<row0>	1.3284 0.0000 0.0000 0.0000	</row0>
			<row1>	0.0000 1.3284 0.0000 0.0000	</row1>
			<row2>	0.0000 0.0000 1.3284 0.0000	</row2>
			<row3>	0.2026 0.3646 5.2743 1.0000	</row3>
		</transform>
	</node>
	<node>
		<identifier>	MP_BM800_Ventilators_mushroom_INDEX_3	</identifier>
		<parent>	Scene Root	</parent>
		<transform>
			<row0>	1.4133 0.0000 0.0000 0.0000	</row0>
			<row1>	0.0000 1.4133 0.0000 0.0000	</row1>
			<row2>	0.0000 0.0000 1.4133 0.0000	</row2>
			<row3>	-0.2909 0.3608 5.1817 1.0000	</row3>
		</transform>
	</node>
	<node>
		<identifier>	MP_BM800_Ventilators_mushroom_INDEX_4	</identifier>
		<parent>	Scene Root	</parent>
		<transform>
			<row0>	1.0000 0.0000 0.0000 0.0000	</row0>
			<row1>	0.0000 1.0000 0.0000 0.0000	</row1>
			<row2>	0.0000 0.0000 1.0000 0.0000	</row2>
			<row3>	0.0513 0.3651 5.3363 1.0000	</row3>
		</transform>
	</node>
	<node>
		<identifier>	MP_BM800_Ventilators_mushroom_INDEX_5	</identifier>
		<parent>	Scene Root	</parent>
		<transform>
			<row0>	1.0000 0.0000 0.0000 0.0000	</row0>
			<row1>	0.0000 1.0000 0.0000 0.0000	</row1>
			<row2>	0.0000 0.0000 1.0000 0.0000	</row2>
			<row3>	-0.1988 0.3608 5.2865 1.0000	</row3>
		</transform>
	</node>
	<node>
		<identifier>	MP_BM800_Ventilators_mushroom_INDEX_6	</identifier>
		<parent>	Scene Root	</parent>
		<transform>
			<row0>	1.0000 0.0000 0.0000 0.0000	</row0>
			<row1>	0.0000 1.0000 0.0000 0.0000	</row1>
			<row2>	0.0000 0.0000 1.0000 0.0000	</row2>
			<row3>	0.0676 0.3651 5.3021 1.0000	</row3>
		</transform>
	</node>
	<node>
		<identifier>	MP_BM858_Signal_Lamp	</identifier>
		<parent>	Scene Root	</parent>
		<transform>
			<row0>	1.0000 0.0000 0.0000 0.0000	</row0>
			<row1>	0.0000 1.0000 0.0000 0.0000	</row1>
			<row2>	0.0000 0.0000 1.0000 0.0000	</row2>
			<row3>	0.0133 0.9613 7.5863 1.0000	</row3>
		</transform>
	</node>
	<node>
		<identifier>	MP_BM957_Anchor_Capstan_big	</identifier>
		<parent>	Scene Root	</parent>
		<transform>
			<row0>	0.7659 0.0000 0.0000 0.0000	</row0>
			<row1>	0.0000 0.7659 0.0000 0.0000	</row1>
			<row2>	0.0000 0.0000 0.7659 0.0000	</row2>
			<row3>	0.0000 0.3919 5.9562 1.0000	</row3>
		</transform>
	</node>
	<node>
		<identifier>	MP_BM959_Anchor_WW2_top	</identifier>
		<parent>	Scene Root	</parent>
		<transform>
			<row0>	1.4496 -0.0229 -0.0250 0.0000	</row0>
			<row1>	-0.0035 0.9623 -1.0846 0.0000	</row1>
			<row2>	0.0337 1.0844 0.9620 0.0000	</row2>
			<row3>	0.1419 0.2223 7.0967 1.0000	</row3>
		</transform>
	</node>
	<node>
		<identifier>	MP_BM959_Anchor_WW2_top_INDEX_1	</identifier>
		<parent>	Scene Root	</parent>
		<transform>
			<row0>	1.4496 0.0229 0.0250 0.0000	</row0>
			<row1>	0.0035 0.9623 -1.0846 0.0000	</row1>
			<row2>	-0.0337 1.0844 0.9620 0.0000	</row2>
			<row3>	-0.1419 0.2223 7.0967 1.0000	</row3>
		</transform>
	</node>
	<node>
		<identifier>	MP_BM960_Anchor_WW2_down	</identifier>
		<parent>	Scene Root	</parent>
		<transform>
			<row0>	1.4295 0.1859 -0.1564 0.0000	</row0>
			<row1>	-0.2411 0.9697 -1.0508 0.0000	</row1>
			<row2>	-0.0301 1.0619 0.9869 0.0000	</row2>
			<row3>	-0.1449 0.2125 7.1074 1.0000	</row3>
		</transform>
	</node>
	<node>
		<identifier>	MP_BM960_Anchor_WW2_down_INDEX_1	</identifier>
		<parent>	Scene Root	</parent>
		<transform>
			<row0>	1.4295 -0.1859 0.1564 0.0000	</row0>
			<row1>	0.2411 0.9697 -1.0508 0.0000	</row1>
			<row2>	0.0301 1.0619 0.9869 0.0000	</row2>
			<row3>	0.1449 0.2125 7.1074 1.0000	</row3>
		</transform>
	</node>
	<node>
		<identifier>	MP_BM961_Anchor_Capstan_Cruiser_WW2_Bow	</identifier>
		<parent>	Scene Root	</parent>
		<transform>
			<row0>	1.5019 0.0000 0.0000 0.0000	</row0>
			<row1>	0.0000 1.5019 0.0000 0.0000	</row1>
			<row2>	0.0000 0.0000 1.5019 0.0000	</row2>
			<row3>	0.1460 0.4146 5.6417 1.0000	</row3>
		</transform>
	</node>
	<node>
		<identifier>	MP_BM961_Anchor_Capstan_Cruiser_WW2_Bow_INDEX_1	</identifier>
		<parent>	Scene Root	</parent>
		<transform>
			<row0>	1.5019 0.0000 0.0000 0.0000	</row0>
			<row1>	0.0000 1.5019 0.0000 0.0000	</row1>
			<row2>	0.0000 0.0000 1.5019 0.0000	</row2>
			<row3>	-0.1396 0.4146 5.6417 1.0000	</row3>
		</transform>
	</node>
	<node>
		<identifier>	MP_BM962_Chain_Fairlead	</identifier>
		<parent>	Scene Root	</parent>
		<transform>
			<row0>	1.4117 0.0000 0.0000 0.0000	</row0>
			<row1>	0.0000 1.4109 -0.0478 0.0000	</row1>
			<row2>	0.0000 0.0478 1.4109 0.0000	</row2>
			<row3>	0.1116 0.3876 5.7948 1.0000	</row3>
		</transform>
	</node>
	<node>
		<identifier>	MP_BM962_Chain_Fairlead_INDEX_1	</identifier>
		<parent>	Scene Root	</parent>
		<transform>
			<row0>	1.4117 0.0000 0.0000 0.0000	</row0>
			<row1>	0.0000 1.4109 -0.0478 0.0000	</row1>
			<row2>	0.0000 0.0478 1.4109 0.0000	</row2>
			<row3>	-0.1741 0.3874 5.7947 1.0000	</row3>
		</transform>
	</node>
	<node>
		<identifier>	MP_BM962_Chain_Fairlead_INDEX_2	</identifier>
		<parent>	Scene Root	</parent>
		<transform>
			<row0>	1.3898 0.0000 0.2478 0.0000	</row0>
			<row1>	0.0084 1.4109 -0.0471 0.0000	</row1>
			<row2>	-0.2476 0.0478 1.3890 0.0000	</row2>
			<row3>	0.2363 0.3839 5.7948 1.0000	</row3>
		</transform>
	</node>
</BSB016_King_George_V_1943_Bow.skel_ext>
