<BSB016_King_George_V_1943_MidBack.skel_ext>
	<exported>	true	</exported>
	<node>
		<identifier>	MP_BM004_Reels	</identifier>
		<parent>	Scene Root	</parent>
		<transform>
			<row0>	-1.6000 0.0000 0.0000 0.0000	</row0>
			<row1>	0.0000 1.6000 0.0000 0.0000	</row1>
			<row2>	0.0000 0.0000 -1.6000 0.0000	</row2>
			<row3>	-0.7217 0.3307 -2.5454 1.0000	</row3>
		</transform>
	</node>
	<node>
		<identifier>	MP_BM004_Reels_INDEX_1	</identifier>
		<parent>	Scene Root	</parent>
		<transform>
			<row0>	-1.0612 0.0000 -1.0601 0.0000	</row0>
			<row1>	1.0601 0.0000 -1.0612 0.0000	</row1>
			<row2>	0.0000 -1.5000 0.0000 0.0000	</row2>
			<row3>	0.4523 0.5369 -3.0149 1.0000	</row3>
		</transform>
	</node>
	<node>
		<identifier>	MP_BM004_Reels_INDEX_2	</identifier>
		<parent>	Scene Root	</parent>
		<transform>
			<row0>	-1.0612 0.0000 1.0601 0.0000	</row0>
			<row1>	-1.0601 0.0000 -1.0612 0.0000	</row1>
			<row2>	0.0000 -1.5000 0.0000 0.0000	</row2>
			<row3>	-0.4523 0.5369 -3.0149 1.0000	</row3>
		</transform>
	</node>
	<node>
		<identifier>	MP_BM004_Reels_INDEX_3	</identifier>
		<parent>	Scene Root	</parent>
		<transform>
			<row0>	-1.6000 0.0000 0.0000 0.0000	</row0>
			<row1>	0.0000 1.6000 0.0000 0.0000	</row1>
			<row2>	0.0000 0.0000 -1.6000 0.0000	</row2>
			<row3>	0.7322 0.3290 -2.5026 1.0000	</row3>
		</transform>
	</node>
	<node>
		<identifier>	MP_BM038_Helmets	</identifier>
		<parent>	Scene Root	</parent>
		<transform>
			<row0>	0.0000 0.0000 -1.0000 0.0000	</row0>
			<row1>	0.0000 1.0000 0.0000 0.0000	</row1>
			<row2>	1.0000 0.0000 0.0000 0.0000	</row2>
			<row3>	-0.0761 1.1363 -3.0512 1.0000	</row3>
		</transform>
	</node>
	<node>
		<identifier>	MP_BM420_Ammobox_for_BGM056	</identifier>
		<parent>	Scene Root	</parent>
		<transform>
			<row0>	1.0000 0.0000 0.0000 0.0000	</row0>
			<row1>	0.0000 1.0000 0.0000 0.0000	</row1>
			<row2>	0.0000 0.0000 1.0000 0.0000	</row2>
			<row3>	0.5019 0.3379 -3.5603 1.0000	</row3>
		</transform>
	</node>
	<node>
		<identifier>	MP_BM502_Pinnace_45ft	</identifier>
		<parent>	Scene Root	</parent>
		<transform>
			<row0>	0.9971 0.0000 -0.0764 0.0000	</row0>
			<row1>	0.0000 1.0000 0.0000 0.0000	</row1>
			<row2>	0.0764 0.0000 0.9971 0.0000	</row2>
			<row3>	0.4850 0.6870 -2.1426 1.0000	</row3>
		</transform>
	</node>
	<node>
		<identifier>	MP_BM504_Motor_Boat_45ft	</identifier>
		<parent>	Scene Root	</parent>
		<transform>
			<row0>	1.0000 0.0000 0.0000 0.0000	</row0>
			<row1>	0.0000 1.0000 0.0000 0.0000	</row1>
			<row2>	0.0000 0.0000 1.0000 0.0000	</row2>
			<row3>	0.2403 0.6838 -2.0833 1.0000	</row3>
		</transform>
	</node>
	<node>
		<identifier>	MP_BM504_Motor_Boat_45ft_INDEX_1	</identifier>
		<parent>	Scene Root	</parent>
		<transform>
			<row0>	0.9982 0.0000 -0.0600 0.0000	</row0>
			<row1>	0.0000 1.0000 0.0000 0.0000	</row1>
			<row2>	0.0600 0.0000 0.9982 0.0000	</row2>
			<row3>	-0.2874 0.6838 -2.0714 1.0000	</row3>
		</transform>
	</node>
	<node>
		<identifier>	MP_BM504_Motor_Boat_45ft_INDEX_2	</identifier>
		<parent>	Scene Root	</parent>
		<transform>
			<row0>	0.9998 0.0000 0.0174 0.0000	</row0>
			<row1>	0.0000 1.0000 0.0000 0.0000	</row1>
			<row2>	-0.0174 0.0000 0.9998 0.0000	</row2>
			<row3>	-0.5211 0.6871 -2.1639 1.0000	</row3>
		</transform>
	</node>
	<node>
		<identifier>	MP_BM509_Liferaft_type_20_10ft	</identifier>
		<parent>	Scene Root	</parent>
		<transform>
			<row0>	0.1149 -0.9934 0.0000 0.0000	</row0>
			<row1>	0.0000 0.0000 1.0000 0.0000	</row1>
			<row2>	-0.9934 -0.1149 0.0000 0.0000	</row2>
			<row3>	-0.1942 0.5757 -1.2822 1.0000	</row3>
		</transform>
	</node>
	<node>
		<identifier>	MP_BM509_Liferaft_type_20_10ft_INDEX_1	</identifier>
		<parent>	Scene Root	</parent>
		<transform>
			<row0>	0.0000 1.0000 0.0000 0.0000	</row0>
			<row1>	-0.7047 0.0000 -0.7095 0.0000	</row1>
			<row2>	-0.7095 0.0000 0.7047 0.0000	</row2>
			<row3>	-0.2876 0.5501 -3.1804 1.0000	</row3>
		</transform>
	</node>
	<node>
		<identifier>	MP_BM509_Liferaft_type_20_10ft_INDEX_10	</identifier>
		<parent>	Scene Root	</parent>
		<transform>
			<row0>	0.7071 0.0000 -0.7071 0.0000	</row0>
			<row1>	0.0000 1.0000 0.0000 0.0000	</row1>
			<row2>	0.7071 0.0000 0.7071 0.0000	</row2>
			<row3>	0.2249 0.6801 -3.1475 1.0000	</row3>
		</transform>
	</node>
	<node>
		<identifier>	MP_BM509_Liferaft_type_20_10ft_INDEX_11	</identifier>
		<parent>	Scene Root	</parent>
		<transform>
			<row0>	0.7071 0.0000 -0.7071 0.0000	</row0>
			<row1>	0.0000 1.0000 0.0000 0.0000	</row1>
			<row2>	0.7071 0.0000 0.7071 0.0000	</row2>
			<row3>	0.3735 0.7047 -2.9989 1.0000	</row3>
		</transform>
	</node>
	<node>
		<identifier>	MP_BM509_Liferaft_type_20_10ft_INDEX_12	</identifier>
		<parent>	Scene Root	</parent>
		<transform>
			<row0>	0.7071 0.0000 -0.7071 0.0000	</row0>
			<row1>	0.0000 1.0000 0.0000 0.0000	</row1>
			<row2>	0.7071 0.0000 0.7071 0.0000	</row2>
			<row3>	0.3735 0.6801 -2.9989 1.0000	</row3>
		</transform>
	</node>
	<node>
		<identifier>	MP_BM509_Liferaft_type_20_10ft_INDEX_13	</identifier>
		<parent>	Scene Root	</parent>
		<transform>
			<row0>	0.7071 0.0000 0.7071 0.0000	</row0>
			<row1>	0.0000 1.0000 0.0000 0.0000	</row1>
			<row2>	-0.7071 0.0000 0.7071 0.0000	</row2>
			<row3>	-0.2249 0.7047 -3.1475 1.0000	</row3>
		</transform>
	</node>
	<node>
		<identifier>	MP_BM509_Liferaft_type_20_10ft_INDEX_14	</identifier>
		<parent>	Scene Root	</parent>
		<transform>
			<row0>	0.7071 0.0000 0.7071 0.0000	</row0>
			<row1>	0.0000 1.0000 0.0000 0.0000	</row1>
			<row2>	-0.7071 0.0000 0.7071 0.0000	</row2>
			<row3>	-0.2249 0.6801 -3.1475 1.0000	</row3>
		</transform>
	</node>
	<node>
		<identifier>	MP_BM509_Liferaft_type_20_10ft_INDEX_15	</identifier>
		<parent>	Scene Root	</parent>
		<transform>
			<row0>	0.7071 0.0000 0.7071 0.0000	</row0>
			<row1>	0.0000 1.0000 0.0000 0.0000	</row1>
			<row2>	-0.7071 0.0000 0.7071 0.0000	</row2>
			<row3>	-0.3735 0.6801 -2.9989 1.0000	</row3>
		</transform>
	</node>
	<node>
		<identifier>	MP_BM509_Liferaft_type_20_10ft_INDEX_16	</identifier>
		<parent>	Scene Root	</parent>
		<transform>
			<row0>	0.7071 0.0000 0.7071 0.0000	</row0>
			<row1>	0.0000 1.0000 0.0000 0.0000	</row1>
			<row2>	-0.7071 0.0000 0.7071 0.0000	</row2>
			<row3>	-0.3735 0.7047 -2.9989 1.0000	</row3>
		</transform>
	</node>
	<node>
		<identifier>	MP_BM509_Liferaft_type_20_10ft_INDEX_17	</identifier>
		<parent>	Scene Root	</parent>
		<transform>
			<row0>	0.1149 -0.9934 0.0000 0.0000	</row0>
			<row1>	0.0000 0.0000 1.0000 0.0000	</row1>
			<row2>	-0.9934 -0.1149 0.0000 0.0000	</row2>
			<row3>	-0.3992 0.5519 -1.2822 1.0000	</row3>
		</transform>
	</node>
	<node>
		<identifier>	MP_BM509_Liferaft_type_20_10ft_INDEX_18	</identifier>
		<parent>	Scene Root	</parent>
		<transform>
			<row0>	0.0000 -1.0000 0.0000 0.0000	</row0>
			<row1>	0.0000 0.0000 1.0000 0.0000	</row1>
			<row2>	-1.0000 0.0000 0.0000 0.0000	</row2>
			<row3>	0.0000 0.5088 -1.2822 1.0000	</row3>
		</transform>
	</node>
	<node>
		<identifier>	MP_BM509_Liferaft_type_20_10ft_INDEX_19	</identifier>
		<parent>	Scene Root	</parent>
		<transform>
			<row0>	0.1149 0.9934 0.0000 0.0000	</row0>
			<row1>	0.0000 0.0000 1.0000 0.0000	</row1>
			<row2>	0.9934 -0.1149 0.0000 0.0000	</row2>
			<row3>	0.3992 0.5519 -1.2822 1.0000	</row3>
		</transform>
	</node>
	<node>
		<identifier>	MP_BM509_Liferaft_type_20_10ft_INDEX_2	</identifier>
		<parent>	Scene Root	</parent>
		<transform>
			<row0>	0.0000 -1.0000 0.0000 0.0000	</row0>
			<row1>	0.7047 0.0000 -0.7095 0.0000	</row1>
			<row2>	0.7095 0.0000 0.7047 0.0000	</row2>
			<row3>	0.2877 0.5501 -3.1804 1.0000	</row3>
		</transform>
	</node>
	<node>
		<identifier>	MP_BM509_Liferaft_type_20_10ft_INDEX_20	</identifier>
		<parent>	Scene Root	</parent>
		<transform>
			<row0>	0.1149 0.9934 0.0000 0.0000	</row0>
			<row1>	0.0000 0.0000 1.0000 0.0000	</row1>
			<row2>	0.9934 -0.1149 0.0000 0.0000	</row2>
			<row3>	0.1942 0.5757 -1.2822 1.0000	</row3>
		</transform>
	</node>
	<node>
		<identifier>	MP_BM509_Liferaft_type_20_10ft_INDEX_3	</identifier>
		<parent>	Scene Root	</parent>
		<transform>
			<row0>	0.0000 1.0000 0.0000 0.0000	</row0>
			<row1>	-1.0000 0.0000 0.0000 0.0000	</row1>
			<row2>	0.0000 0.0000 1.0000 0.0000	</row2>
			<row3>	-0.5500 0.5471 -2.7953 1.0000	</row3>
		</transform>
	</node>
	<node>
		<identifier>	MP_BM509_Liferaft_type_20_10ft_INDEX_4	</identifier>
		<parent>	Scene Root	</parent>
		<transform>
			<row0>	0.0000 -1.0000 0.0000 0.0000	</row0>
			<row1>	0.6817 0.0000 -0.7316 0.0000	</row1>
			<row2>	0.7316 0.0000 0.6817 0.0000	</row2>
			<row3>	0.1914 0.8777 -2.9153 1.0000	</row3>
		</transform>
	</node>
	<node>
		<identifier>	MP_BM509_Liferaft_type_20_10ft_INDEX_5	</identifier>
		<parent>	Scene Root	</parent>
		<transform>
			<row0>	0.0000 -1.0000 0.0000 0.0000	</row0>
			<row1>	1.0000 0.0000 0.0000 0.0000	</row1>
			<row2>	0.0000 0.0000 1.0000 0.0000	</row2>
			<row3>	0.5500 0.5471 -2.7953 1.0000	</row3>
		</transform>
	</node>
	<node>
		<identifier>	MP_BM509_Liferaft_type_20_10ft_INDEX_6	</identifier>
		<parent>	Scene Root	</parent>
		<transform>
			<row0>	0.0000 -1.0000 0.0000 0.0000	</row0>
			<row1>	0.7047 0.0000 -0.7095 0.0000	</row1>
			<row2>	0.7095 0.0000 0.7047 0.0000	</row2>
			<row3>	0.1428 0.5501 -3.3242 1.0000	</row3>
		</transform>
	</node>
	<node>
		<identifier>	MP_BM509_Liferaft_type_20_10ft_INDEX_7	</identifier>
		<parent>	Scene Root	</parent>
		<transform>
			<row0>	0.0000 1.0000 0.0000 0.0000	</row0>
			<row1>	-0.7047 0.0000 -0.7095 0.0000	</row1>
			<row2>	-0.7095 0.0000 0.7047 0.0000	</row2>
			<row3>	-0.1427 0.5501 -3.3242 1.0000	</row3>
		</transform>
	</node>
	<node>
		<identifier>	MP_BM509_Liferaft_type_20_10ft_INDEX_8	</identifier>
		<parent>	Scene Root	</parent>
		<transform>
			<row0>	0.0000 1.0000 0.0000 0.0000	</row0>
			<row1>	-0.6817 0.0000 -0.7316 0.0000	</row1>
			<row2>	-0.7316 0.0000 0.6817 0.0000	</row2>
			<row3>	-0.1577 0.9042 -2.9467 1.0000	</row3>
		</transform>
	</node>
	<node>
		<identifier>	MP_BM509_Liferaft_type_20_10ft_INDEX_9	</identifier>
		<parent>	Scene Root	</parent>
		<transform>
			<row0>	0.7071 0.0000 -0.7071 0.0000	</row0>
			<row1>	0.0000 1.0000 0.0000 0.0000	</row1>
			<row2>	0.7071 0.0000 0.7071 0.0000	</row2>
			<row3>	0.2249 0.7047 -3.1475 1.0000	</row3>
		</transform>
	</node>
	<node>
		<identifier>	MP_BM513_Motor_Boat_25ft	</identifier>
		<parent>	Scene Root	</parent>
		<transform>
			<row0>	0.0285 0.0000 0.9996 0.0000	</row0>
			<row1>	0.0000 1.0000 0.0000 0.0000	</row1>
			<row2>	-0.9996 0.0000 0.0285 0.0000	</row2>
			<row3>	-0.3090 0.7328 -2.7060 1.0000	</row3>
		</transform>
	</node>
	<node>
		<identifier>	MP_BM513_Motor_Boat_25ft_INDEX_1	</identifier>
		<parent>	Scene Root	</parent>
		<transform>
			<row0>	-0.9992 0.0000 0.0389 0.0000	</row0>
			<row1>	0.0000 1.0000 0.0000 0.0000	</row1>
			<row2>	-0.0389 0.0000 -0.9992 0.0000	</row2>
			<row3>	0.0259 0.7326 -2.5234 1.0000	</row3>
		</transform>
	</node>
	<node>
		<identifier>	MP_BM513_Motor_Boat_25ft_INDEX_2	</identifier>
		<parent>	Scene Root	</parent>
		<transform>
			<row0>	0.3558 0.0000 0.9346 0.0000	</row0>
			<row1>	0.0000 1.0000 0.0000 0.0000	</row1>
			<row2>	-0.9346 0.0000 0.3558 0.0000	</row2>
			<row3>	0.3330 0.7328 -2.7193 1.0000	</row3>
		</transform>
	</node>
	<node>
		<identifier>	MP_BM514_Motor_Boat_16ft	</identifier>
		<parent>	Scene Root	</parent>
		<transform>
			<row0>	1.0000 0.0000 0.0000 0.0000	</row0>
			<row1>	0.0000 1.0000 0.0000 0.0000	</row1>
			<row2>	0.0000 0.0000 1.0000 0.0000	</row2>
			<row3>	0.0466 0.7084 -1.9917 1.0000	</row3>
		</transform>
	</node>
	<node>
		<identifier>	MP_BM519_Motor_Whaler_27ft	</identifier>
		<parent>	Scene Root	</parent>
		<transform>
			<row0>	0.9988 0.0000 -0.0495 0.0000	</row0>
			<row1>	0.0000 1.0000 0.0000 0.0000	</row1>
			<row2>	0.0495 0.0000 0.9988 0.0000	</row2>
			<row3>	-0.1173 0.6907 -2.3133 1.0000	</row3>
		</transform>
	</node>
	<node>
		<identifier>	MP_BM519_Motor_Whaler_27ft_INDEX_1	</identifier>
		<parent>	Scene Root	</parent>
		<transform>
			<row0>	0.9971 0.0000 -0.0764 0.0000	</row0>
			<row1>	0.0000 1.0000 0.0000 0.0000	</row1>
			<row2>	0.0764 0.0000 0.9971 0.0000	</row2>
			<row3>	0.4925 0.7987 -2.0754 1.0000	</row3>
		</transform>
	</node>
	<node>
		<identifier>	MP_BM520_Sailng_Dinghy_14ft	</identifier>
		<parent>	Scene Root	</parent>
		<transform>
			<row0>	0.9988 0.0000 -0.0495 0.0000	</row0>
			<row1>	0.0000 1.0000 0.0000 0.0000	</row1>
			<row2>	0.0495 0.0000 0.9988 0.0000	</row2>
			<row3>	-0.1144 0.7511 -2.2539 1.0000	</row3>
		</transform>
	</node>
	<node>
		<identifier>	MP_BM610_Speaker_2	</identifier>
		<parent>	Scene Root	</parent>
		<transform>
			<row0>	-0.7000 0.0000 0.0000 0.0000	</row0>
			<row1>	0.0000 0.7000 0.0000 0.0000	</row1>
			<row2>	0.0000 0.0000 -0.7000 0.0000	</row2>
			<row3>	-0.0438 1.1875 -3.1520 1.0000	</row3>
		</transform>
	</node>
	<node>
		<identifier>	MP_BM611_Telephone	</identifier>
		<parent>	Scene Root	</parent>
		<transform>
			<row0>	0.0000 0.0000 1.0000 0.0000	</row0>
			<row1>	0.0000 1.0000 0.0000 0.0000	</row1>
			<row2>	-1.0000 0.0000 0.0000 0.0000	</row2>
			<row3>	-0.0764 1.1817 -3.1322 1.0000	</row3>
		</transform>
	</node>
	<node>
		<identifier>	MP_BM611_Telephone_INDEX_1	</identifier>
		<parent>	Scene Root	</parent>
		<transform>
			<row0>	0.0000 0.0000 1.0000 0.0000	</row0>
			<row1>	0.0000 1.0000 0.0000 0.0000	</row1>
			<row2>	-1.0000 0.0000 0.0000 0.0000	</row2>
			<row3>	0.1031 1.2466 -1.4658 1.0000	</row3>
		</transform>
	</node>
	<node>
		<identifier>	MP_BM611_Telephone_INDEX_2	</identifier>
		<parent>	Scene Root	</parent>
		<transform>
			<row0>	0.0000 0.0000 -1.0000 0.0000	</row0>
			<row1>	0.0000 1.0000 0.0000 0.0000	</row1>
			<row2>	1.0000 0.0000 0.0000 0.0000	</row2>
			<row3>	-0.1031 1.2466 -1.4658 1.0000	</row3>
		</transform>
	</node>
	<node>
		<identifier>	MP_BM703_Locker	</identifier>
		<parent>	Scene Root	</parent>
		<transform>
			<row0>	0.0000 0.0000 -1.3886 0.0000	</row0>
			<row1>	0.0000 1.3886 0.0000 0.0000	</row1>
			<row2>	1.3886 0.0000 0.0000 0.0000	</row2>
			<row3>	-0.3943 0.6797 -1.6065 1.0000	</row3>
		</transform>
	</node>
	<node>
		<identifier>	MP_BM703_Locker_INDEX_1	</identifier>
		<parent>	Scene Root	</parent>
		<transform>
			<row0>	0.0000 0.0000 1.3886 0.0000	</row0>
			<row1>	0.0000 1.3886 0.0000 0.0000	</row1>
			<row2>	-1.3886 0.0000 0.0000 0.0000	</row2>
			<row3>	0.3943 0.6797 -1.6065 1.0000	</row3>
		</transform>
	</node>
	<node>
		<identifier>	MP_BM704_Locker	</identifier>
		<parent>	Scene Root	</parent>
		<transform>
			<row0>	0.5539 0.0000 0.8326 0.0000	</row0>
			<row1>	0.0000 1.0000 0.0000 0.0000	</row1>
			<row2>	-0.8326 0.0000 0.5539 0.0000	</row2>
			<row3>	-0.1112 0.6808 -3.2294 1.0000	</row3>
		</transform>
	</node>
	<node>
		<identifier>	MP_BM704_Locker_INDEX_1	</identifier>
		<parent>	Scene Root	</parent>
		<transform>
			<row0>	0.6633 0.0000 -0.7484 0.0000	</row0>
			<row1>	0.0000 1.0000 0.0000 0.0000	</row1>
			<row2>	0.7484 0.0000 0.6633 0.0000	</row2>
			<row3>	0.1263 1.1578 -1.3484 1.0000	</row3>
		</transform>
	</node>
	<node>
		<identifier>	MP_BM704_Locker_INDEX_2	</identifier>
		<parent>	Scene Root	</parent>
		<transform>
			<row0>	0.5539 0.0000 -0.8326 0.0000	</row0>
			<row1>	0.0000 1.0000 0.0000 0.0000	</row1>
			<row2>	0.8326 0.0000 0.5539 0.0000	</row2>
			<row3>	0.1112 0.6808 -3.2294 1.0000	</row3>
		</transform>
	</node>
	<node>
		<identifier>	MP_BM704_Locker_INDEX_3	</identifier>
		<parent>	Scene Root	</parent>
		<transform>
			<row0>	0.6633 0.0000 0.7484 0.0000	</row0>
			<row1>	0.0000 1.0000 0.0000 0.0000	</row1>
			<row2>	-0.7484 0.0000 0.6633 0.0000	</row2>
			<row3>	-0.1263 1.1578 -1.3484 1.0000	</row3>
		</transform>
	</node>
	<node>
		<identifier>	MP_BM704_Locker_INDEX_4	</identifier>
		<parent>	Scene Root	</parent>
		<transform>
			<row0>	0.6633 0.0000 0.7484 0.0000	</row0>
			<row1>	0.0000 1.0000 0.0000 0.0000	</row1>
			<row2>	-0.7484 0.0000 0.6633 0.0000	</row2>
			<row3>	-0.1563 1.1578 -1.3818 1.0000	</row3>
		</transform>
	</node>
	<node>
		<identifier>	MP_BM704_Locker_INDEX_5	</identifier>
		<parent>	Scene Root	</parent>
		<transform>
			<row0>	0.6633 0.0000 -0.7484 0.0000	</row0>
			<row1>	0.0000 1.0000 0.0000 0.0000	</row1>
			<row2>	0.7484 0.0000 0.6633 0.0000	</row2>
			<row3>	0.1563 1.1578 -1.3818 1.0000	</row3>
		</transform>
	</node>
	<node>
		<identifier>	MP_BM706_Ammunition_Box	</identifier>
		<parent>	Scene Root	</parent>
		<transform>
			<row0>	0.0000 0.0000 1.0000 0.0000	</row0>
			<row1>	0.0000 1.0000 0.0000 0.0000	</row1>
			<row2>	-1.0000 0.0000 0.0000 0.0000	</row2>
			<row3>	0.5751 0.4920 -2.0014 1.0000	</row3>
		</transform>
	</node>
	<node>
		<identifier>	MP_BM706_Ammunition_Box_INDEX_1	</identifier>
		<parent>	Scene Root	</parent>
		<transform>
			<row0>	0.0000 0.0000 -1.0000 0.0000	</row0>
			<row1>	0.0000 1.0000 0.0000 0.0000	</row1>
			<row2>	1.0000 0.0000 0.0000 0.0000	</row2>
			<row3>	-0.5751 0.4920 -2.0014 1.0000	</row3>
		</transform>
	</node>
	<node>
		<identifier>	MP_BM706_Ammunition_Box_INDEX_2	</identifier>
		<parent>	Scene Root	</parent>
		<transform>
			<row0>	0.6695 0.0000 0.0000 0.0000	</row0>
			<row1>	0.0000 0.6695 0.0000 0.0000	</row1>
			<row2>	0.0000 0.0000 0.6695 0.0000	</row2>
			<row3>	0.7223 0.3325 -1.2751 1.0000	</row3>
		</transform>
	</node>
	<node>
		<identifier>	MP_BM706_Ammunition_Box_INDEX_3	</identifier>
		<parent>	Scene Root	</parent>
		<transform>
			<row0>	0.6695 0.0000 0.0000 0.0000	</row0>
			<row1>	0.0000 0.6695 0.0000 0.0000	</row1>
			<row2>	0.0000 0.0000 0.6695 0.0000	</row2>
			<row3>	-0.7223 0.3325 -1.2751 1.0000	</row3>
		</transform>
	</node>
	<node>
		<identifier>	MP_BM752_Deck_Hatch	</identifier>
		<parent>	Scene Root	</parent>
		<transform>
			<row0>	-0.9178 0.0000 0.0000 0.0000	</row0>
			<row1>	0.0000 0.9178 0.0000 0.0000	</row1>
			<row2>	0.0000 0.0000 -0.9178 0.0000	</row2>
			<row3>	-0.4734 0.3395 -3.1973 1.0000	</row3>
		</transform>
	</node>
	<node>
		<identifier>	MP_BM752_Deck_Hatch_INDEX_1	</identifier>
		<parent>	Scene Root	</parent>
		<transform>
			<row0>	-1.2083 0.0000 0.0000 0.0000	</row0>
			<row1>	0.0000 1.2083 0.0000 0.0000	</row1>
			<row2>	0.0000 0.0000 -1.2083 0.0000	</row2>
			<row3>	-0.2156 0.3496 -4.8750 1.0000	</row3>
		</transform>
	</node>
	<node>
		<identifier>	MP_BM752_Deck_Hatch_INDEX_2	</identifier>
		<parent>	Scene Root	</parent>
		<transform>
			<row0>	-0.8873 0.0000 0.0000 0.0000	</row0>
			<row1>	0.0000 0.8873 0.0000 0.0000	</row1>
			<row2>	0.0000 0.0000 -0.8873 0.0000	</row2>
			<row3>	0.4638 0.3401 -3.1971 1.0000	</row3>
		</transform>
	</node>
	<node>
		<identifier>	MP_BM754_Deck_Hatch	</identifier>
		<parent>	Scene Root	</parent>
		<transform>
			<row0>	0.0000 0.0000 -0.8004 0.0000	</row0>
			<row1>	0.0000 0.8004 0.0000 0.0000	</row1>
			<row2>	0.8004 0.0000 0.0000 0.0000	</row2>
			<row3>	-0.0453 0.3450 -4.6934 1.0000	</row3>
		</transform>
	</node>
	<node>
		<identifier>	MP_BM754_Deck_Hatch_INDEX_1	</identifier>
		<parent>	Scene Root	</parent>
		<transform>
			<row0>	0.0000 0.0000 -0.8004 0.0000	</row0>
			<row1>	0.0000 0.8004 0.0000 0.0000	</row1>
			<row2>	0.8004 0.0000 0.0000 0.0000	</row2>
			<row3>	-0.0455 0.3438 -4.5398 1.0000	</row3>
		</transform>
	</node>
	<node>
		<identifier>	MP_BM754_Deck_Hatch_INDEX_2	</identifier>
		<parent>	Scene Root	</parent>
		<transform>
			<row0>	0.9448 0.0000 0.0000 0.0000	</row0>
			<row1>	0.0000 0.9448 0.0000 0.0000	</row1>
			<row2>	0.0000 0.0000 0.9448 0.0000	</row2>
			<row3>	0.0363 0.3456 -4.8946 1.0000	</row3>
		</transform>
	</node>
	<node>
		<identifier>	MP_BM754_Deck_Hatch_INDEX_3	</identifier>
		<parent>	Scene Root	</parent>
		<transform>
			<row0>	0.7017 0.0000 0.0000 0.0000	</row0>
			<row1>	0.0000 0.7017 0.0000 0.0000	</row1>
			<row2>	0.0000 0.0000 0.7017 0.0000	</row2>
			<row3>	-0.4316 0.3403 -3.6279 1.0000	</row3>
		</transform>
	</node>
	<node>
		<identifier>	MP_BM754_Deck_Hatch_INDEX_4	</identifier>
		<parent>	Scene Root	</parent>
		<transform>
			<row0>	0.7017 0.0000 0.0000 0.0000	</row0>
			<row1>	0.0000 0.7017 0.0000 0.0000	</row1>
			<row2>	0.0000 0.0000 0.7017 0.0000	</row2>
			<row3>	0.3825 0.3424 -4.5526 1.0000	</row3>
		</transform>
	</node>
	<node>
		<identifier>	MP_BM800_Ventilators_mushroom	</identifier>
		<parent>	Scene Root	</parent>
		<transform>
			<row0>	1.2684 0.0000 0.0000 0.0000	</row0>
			<row1>	0.0000 1.2684 0.0000 0.0000	</row1>
			<row2>	0.0000 0.0000 1.2684 0.0000	</row2>
			<row3>	0.5725 0.3387 -3.7753 1.0000	</row3>
		</transform>
	</node>
	<node>
		<identifier>	MP_BM800_Ventilators_mushroom_INDEX_1	</identifier>
		<parent>	Scene Root	</parent>
		<transform>
			<row0>	1.2684 0.0000 0.0000 0.0000	</row0>
			<row1>	0.0000 1.2684 0.0000 0.0000	</row1>
			<row2>	0.0000 0.0000 1.2684 0.0000	</row2>
			<row3>	-0.5822 0.3387 -3.8313 1.0000	</row3>
		</transform>
	</node>
	<node>
		<identifier>	MP_BM800_Ventilators_mushroom_INDEX_2	</identifier>
		<parent>	Scene Root	</parent>
		<transform>
			<row0>	1.2684 0.0000 0.0000 0.0000	</row0>
			<row1>	0.0000 1.2684 0.0000 0.0000	</row1>
			<row2>	0.0000 0.0000 1.2684 0.0000	</row2>
			<row3>	0.5861 0.3387 -3.8299 1.0000	</row3>
		</transform>
	</node>
	<node>
		<identifier>	MP_BM852_Searchlight_44in	</identifier>
		<parent>	Scene Root	</parent>
		<transform>
			<row0>	0.0000 0.0000 1.0000 0.0000	</row0>
			<row1>	0.0000 1.0000 0.0000 0.0000	</row1>
			<row2>	-1.0000 0.0000 0.0000 0.0000	</row2>
			<row3>	-0.2125 1.1685 -1.5668 1.0000	</row3>
		</transform>
	</node>
	<node>
		<identifier>	MP_BM852_Searchlight_44in_INDEX_1	</identifier>
		<parent>	Scene Root	</parent>
		<transform>
			<row0>	0.0000 0.0000 -1.0000 0.0000	</row0>
			<row1>	0.0000 1.0000 0.0000 0.0000	</row1>
			<row2>	1.0000 0.0000 0.0000 0.0000	</row2>
			<row3>	0.2125 1.1685 -1.5668 1.0000	</row3>
		</transform>
	</node>
	<node>
		<identifier>	MP_BM857_Fog_Light	</identifier>
		<parent>	Scene Root	</parent>
		<transform>
			<row0>	-1.0000 0.0000 0.0000 0.0000	</row0>
			<row1>	0.0000 1.0000 0.0000 0.0000	</row1>
			<row2>	0.0000 0.0000 -1.0000 0.0000	</row2>
			<row3>	0.0000 1.1800 -3.1590 1.0000	</row3>
		</transform>
	</node>
	<node>
		<identifier>	MP_BM862_Signal_Lamp	</identifier>
		<parent>	Scene Root	</parent>
		<transform>
			<row0>	1.0000 0.0000 0.0000 0.0000	</row0>
			<row1>	0.0000 1.0000 0.0000 0.0000	</row1>
			<row2>	0.0000 0.0000 1.0000 0.0000	</row2>
			<row3>	0.0000 2.3265 -2.8251 1.0000	</row3>
		</transform>
	</node>
	<node>
		<identifier>	MP_BM872_Running_Lights_B	</identifier>
		<parent>	Scene Root	</parent>
		<transform>
			<row0>	-1.0000 0.0000 0.0000 0.0000	</row0>
			<row1>	0.0000 1.0000 0.0000 0.0000	</row1>
			<row2>	0.0000 0.0000 -1.0000 0.0000	</row2>
			<row3>	-0.0236 1.1964 -3.1624 1.0000	</row3>
		</transform>
	</node>
	<node>
		<identifier>	MP_BM910_Crane_R	</identifier>
		<parent>	Scene Root	</parent>
		<transform>
			<row0>	0.9972 0.0000 -0.0746 0.0000	</row0>
			<row1>	0.0000 1.0000 0.0000 0.0000	</row1>
			<row2>	0.0746 0.0000 0.9972 0.0000	</row2>
			<row3>	0.5414 0.7067 -1.4175 1.0000	</row3>
		</transform>
	</node>
	<node>
		<identifier>	MP_BM913_Crane_L	</identifier>
		<parent>	Scene Root	</parent>
		<transform>
			<row0>	0.9973 0.0000 0.0740 0.0000	</row0>
			<row1>	0.0000 1.0000 0.0000 0.0000	</row1>
			<row2>	-0.0740 0.0000 0.9973 0.0000	</row2>
			<row3>	-0.5414 0.7077 -1.4175 1.0000	</row3>
		</transform>
	</node>
	<node>
		<identifier>	MP_BM959_Anchor_WW2_top	</identifier>
		<parent>	Scene Root	</parent>
		<transform>
			<row0>	0.0000 1.0012 0.0000 0.0000	</row0>
			<row1>	-1.0012 0.0000 0.0000 0.0000	</row1>
			<row2>	0.0000 0.0000 1.0012 0.0000	</row2>
			<row3>	0.9811 0.3604 -1.2382 1.0000	</row3>
		</transform>
	</node>
	<node>
		<identifier>	MP_BM959_Anchor_WW2_top_INDEX_1	</identifier>
		<parent>	Scene Root	</parent>
		<transform>
			<row0>	0.0000 -1.0012 0.0000 0.0000	</row0>
			<row1>	1.0012 0.0000 0.0000 0.0000	</row1>
			<row2>	0.0000 0.0000 1.0012 0.0000	</row2>
			<row3>	-0.9811 0.3604 -1.2382 1.0000	</row3>
		</transform>
	</node>
	<node>
		<identifier>	MP_BM960_Anchor_WW2_down	</identifier>
		<parent>	Scene Root	</parent>
		<transform>
			<row0>	-0.2616 0.9665 0.0000 0.0000	</row0>
			<row1>	-0.9665 -0.2616 0.0000 0.0000	</row1>
			<row2>	0.0000 0.0000 1.0012 0.0000	</row2>
			<row3>	0.9811 0.3604 -1.2382 1.0000	</row3>
		</transform>
	</node>
	<node>
		<identifier>	MP_BM960_Anchor_WW2_down_INDEX_1	</identifier>
		<parent>	Scene Root	</parent>
		<transform>
			<row0>	-0.2616 -0.9665 0.0000 0.0000	</row0>
			<row1>	0.9665 -0.2616 0.0000 0.0000	</row1>
			<row2>	0.0000 0.0000 1.0012 0.0000	</row2>
			<row3>	-0.9811 0.3604 -1.2382 1.0000	</row3>
		</transform>
	</node>
	<node>
		<identifier>	MP_BM964_3ton_electrik_winch_R	</identifier>
		<parent>	Scene Root	</parent>
		<transform>
			<row0>	0.7477 0.0000 0.6641 0.0000	</row0>
			<row1>	0.0000 1.0000 0.0000 0.0000	</row1>
			<row2>	-0.6641 0.0000 0.7477 0.0000	</row2>
			<row3>	-0.2703 0.3363 -3.2834 1.0000	</row3>
		</transform>
	</node>
	<node>
		<identifier>	MP_BM965_3ton_electrik_winch_L	</identifier>
		<parent>	Scene Root	</parent>
		<transform>
			<row0>	0.7477 0.0000 -0.6641 0.0000	</row0>
			<row1>	0.0000 1.0000 0.0000 0.0000	</row1>
			<row2>	0.6641 0.0000 0.7477 0.0000	</row2>
			<row3>	0.2717 0.3363 -3.2847 1.0000	</row3>
		</transform>
	</node>
	<node>
		<identifier>	MP_BM967_Bollard	</identifier>
		<parent>	Scene Root	</parent>
		<transform>
			<row0>	0.4331 0.0000 -0.0408 0.0000	</row0>
			<row1>	0.0000 0.4350 0.0000 0.0000	</row1>
			<row2>	0.0408 0.0000 0.4331 0.0000	</row2>
			<row3>	0.8591 0.3430 -4.5437 1.0000	</row3>
		</transform>
	</node>
	<node>
		<identifier>	MP_BM967_Bollard_INDEX_1	</identifier>
		<parent>	Scene Root	</parent>
		<transform>
			<row0>	0.4331 0.0000 0.0408 0.0000	</row0>
			<row1>	0.0000 0.4350 0.0000 0.0000	</row1>
			<row2>	-0.0408 0.0000 0.4331 0.0000	</row2>
			<row3>	-0.8590 0.3430 -4.5437 1.0000	</row3>
		</transform>
	</node>
	<node>
		<identifier>	MP_CM011_Fire_Fighting_Gear	</identifier>
		<parent>	Scene Root	</parent>
		<transform>
			<row0>	1.0000 0.0000 0.0000 0.0000	</row0>
			<row1>	0.0000 1.0000 0.0000 0.0000	</row1>
			<row2>	0.0000 0.0000 1.0000 0.0000	</row2>
			<row3>	0.0129 0.3383 -3.4072 1.0000	</row3>
		</transform>
	</node>
	<node>
		<identifier>	MP_CM013_Fire_Hose_Rack_2	</identifier>
		<parent>	Scene Root	</parent>
		<transform>
			<row0>	0.0000 0.0000 1.2000 0.0000	</row0>
			<row1>	0.0000 1.2000 0.0000 0.0000	</row1>
			<row2>	-1.2000 0.0000 0.0000 0.0000	</row2>
			<row3>	-0.0251 0.4101 -3.3977 1.0000	</row3>
		</transform>
	</node>
	<node>
		<identifier>	MP_CM014_Fuel_Oil_Hose	</identifier>
		<parent>	Scene Root	</parent>
		<transform>
			<row0>	-0.8000 0.0000 0.0000 0.0000	</row0>
			<row1>	0.0000 0.8000 0.0000 0.0000	</row1>
			<row2>	0.0000 0.0000 -0.8000 0.0000	</row2>
			<row3>	0.5127 0.3813 -1.9330 1.0000	</row3>
		</transform>
	</node>
	<node>
		<identifier>	MP_CM014_Fuel_Oil_Hose_INDEX_1	</identifier>
		<parent>	Scene Root	</parent>
		<transform>
			<row0>	0.8000 0.0000 0.0000 0.0000	</row0>
			<row1>	0.0000 0.8000 0.0000 0.0000	</row1>
			<row2>	0.0000 0.0000 0.8000 0.0000	</row2>
			<row3>	-0.5127 0.3813 -1.9330 1.0000	</row3>
		</transform>
	</node>
	<node>
		<identifier>	MP_CM029_Emergency_Box	</identifier>
		<parent>	Scene Root	</parent>
		<transform>
			<row0>	0.7778 0.0000 0.7778 0.0000	</row0>
			<row1>	0.0000 1.1000 0.0000 0.0000	</row1>
			<row2>	-0.7778 0.0000 0.7778 0.0000	</row2>
			<row3>	0.4900 0.4220 -2.9873 1.0000	</row3>
		</transform>
	</node>
	<node>
		<identifier>	MP_CM029_Emergency_Box_INDEX_1	</identifier>
		<parent>	Scene Root	</parent>
		<transform>
			<row0>	0.0000 0.0000 -1.1000 0.0000	</row0>
			<row1>	0.0000 1.1000 0.0000 0.0000	</row1>
			<row2>	1.1000 0.0000 0.0000 0.0000	</row2>
			<row3>	-0.5552 0.4220 -2.8780 1.0000	</row3>
		</transform>
	</node>
	<node>
		<identifier>	MP_CM030_Swab_Rack_2	</identifier>
		<parent>	Scene Root	</parent>
		<transform>
			<row0>	0.0000 0.0000 -1.0000 0.0000	</row0>
			<row1>	0.0000 1.0000 0.0000 0.0000	</row1>
			<row2>	1.0000 0.0000 0.0000 0.0000	</row2>
			<row3>	0.5489 0.3360 -2.7813 1.0000	</row3>
		</transform>
	</node>
	<node>
		<identifier>	MP_CM030_Swab_Rack_2_INDEX_1	</identifier>
		<parent>	Scene Root	</parent>
		<transform>
			<row0>	0.0000 0.0000 1.0000 0.0000	</row0>
			<row1>	0.0000 1.0000 0.0000 0.0000	</row1>
			<row2>	-1.0000 0.0000 0.0000 0.0000	</row2>
			<row3>	-0.5489 0.3360 -2.7844 1.0000	</row3>
		</transform>
	</node>
	<node>
		<identifier>	MP_CM082_Rope	</identifier>
		<parent>	Scene Root	</parent>
		<transform>
			<row0>	-0.5310 0.0000 0.5310 0.0000	</row0>
			<row1>	0.0000 0.7510 0.0000 0.0000	</row1>
			<row2>	-0.5310 0.0000 -0.5310 0.0000	</row2>
			<row3>	-0.0595 0.7923 -3.0463 1.0000	</row3>
		</transform>
	</node>
	<node>
		<identifier>	MP_CM082_Rope_INDEX_1	</identifier>
		<parent>	Scene Root	</parent>
		<transform>
			<row0>	0.0000 0.0000 0.7510 0.0000	</row0>
			<row1>	0.0000 0.7510 0.0000 0.0000	</row1>
			<row2>	-0.7510 0.0000 0.0000 0.0000	</row2>
			<row3>	0.0815 1.0501 -2.9690 1.0000	</row3>
		</transform>
	</node>
	<node>
		<identifier>	MP_CM090_Accommodation_Ladder	</identifier>
		<parent>	Scene Root	</parent>
		<transform>
			<row0>	0.9585 0.0003 -0.2851 0.0000	</row0>
			<row1>	0.0016 1.0000 0.0065 0.0000	</row1>
			<row2>	0.2851 -0.0067 0.9585 0.0000	</row2>
			<row3>	0.7450 0.3435 -4.3440 1.0000	</row3>
		</transform>
	</node>
	<node>
		<identifier>	MP_CM090_Accommodation_Ladder_INDEX_1	</identifier>
		<parent>	Scene Root	</parent>
		<transform>
			<row0>	0.9585 -0.0003 0.2851 0.0000	</row0>
			<row1>	-0.0016 1.0000 0.0065 0.0000	</row1>
			<row2>	-0.2851 -0.0067 0.9585 0.0000	</row2>
			<row3>	-0.7459 0.3435 -4.3443 1.0000	</row3>
		</transform>
	</node>
	<node>
		<identifier>	MP_CM104_Life_Buoy	</identifier>
		<parent>	Scene Root	</parent>
		<transform>
			<row0>	0.1340 0.0000 -0.9910 0.0000	</row0>
			<row1>	0.0000 1.0000 0.0000 0.0000	</row1>
			<row2>	0.9910 0.0000 0.1340 0.0000	</row2>
			<row3>	-0.8006 0.4091 -5.0112 1.0000	</row3>
		</transform>
	</node>
	<node>
		<identifier>	MP_CM104_Life_Buoy_INDEX_1	</identifier>
		<parent>	Scene Root	</parent>
		<transform>
			<row0>	0.1340 0.0000 0.9910 0.0000	</row0>
			<row1>	0.0000 1.0000 0.0000 0.0000	</row1>
			<row2>	-0.9910 0.0000 0.1340 0.0000	</row2>
			<row3>	0.8006 0.4091 -5.0112 1.0000	</row3>
		</transform>
	</node>
</BSB016_King_George_V_1943_MidBack.skel_ext>
