<RSD019_Leningrad_1944_Bow.skel_ext>
	<exported>	true	</exported>
	<node>
		<identifier>	MP_CM029_Emergency_Box	</identifier>
		<parent>	Scene Root	</parent>
		<transform>
			<row0>	-0.2443 0.0000 -0.9697 0.0000	</row0>
			<row1>	0.0000 1.0000 0.0000 0.0000	</row1>
			<row2>	0.9697 0.0000 -0.2443 0.0000	</row2>
			<row3>	-0.1234 0.3600 2.8676 1.0000	</row3>
		</transform>
	</node>
	<node>
		<identifier>	MP_CM086_Anchor_top	</identifier>
		<parent>	Scene Root	</parent>
		<transform>
			<row0>	0.0012 -0.9782 -0.0034 0.0000	</row0>
			<row1>	0.3151 0.0036 -0.9261 0.0000	</row1>
			<row2>	0.9261 0.0000 0.3151 0.0000	</row2>
			<row3>	-0.1130 0.3355 3.8439 1.0000	</row3>
		</transform>
	</node>
	<node>
		<identifier>	MP_CM086_Anchor_top_INDEX_1	</identifier>
		<parent>	Scene Root	</parent>
		<transform>
			<row0>	0.0012 0.9782 0.0034 0.0000	</row0>
			<row1>	-0.3151 0.0036 -0.9261 0.0000	</row1>
			<row2>	-0.9261 0.0000 0.3151 0.0000	</row2>
			<row3>	0.1130 0.3355 3.8439 1.0000	</row3>
		</transform>
	</node>
	<node>
		<identifier>	MP_RM141_Signal_Lamp	</identifier>
		<parent>	Scene Root	</parent>
		<transform>
			<row0>	1.0000 0.0000 0.0000 0.0000	</row0>
			<row1>	0.0000 1.0000 0.0000 0.0000	</row1>
			<row2>	0.0000 0.0000 1.0000 0.0000	</row2>
			<row3>	0.0000 0.6214 4.1736 1.0000	</row3>
		</transform>
	</node>
	<node>
		<identifier>	MP_RM148_Ammunition_Box	</identifier>
		<parent>	Scene Root	</parent>
		<transform>
			<row0>	-1.0000 0.0000 0.0000 0.0000	</row0>
			<row1>	0.0000 1.0000 0.0000 0.0000	</row1>
			<row2>	0.0000 0.0000 -1.0000 0.0000	</row2>
			<row3>	0.0000 0.3144 2.9890 1.0000	</row3>
		</transform>
	</node>
	<node>
		<identifier>	MP_RM151_Manage_Anchor	</identifier>
		<parent>	Scene Root	</parent>
		<transform>
			<row0>	1.0000 0.0000 0.0000 0.0000	</row0>
			<row1>	0.0000 1.0000 0.0000 0.0000	</row1>
			<row2>	0.0000 0.0000 1.0000 0.0000	</row2>
			<row3>	-0.0456 0.3189 3.4786 1.0000	</row3>
		</transform>
	</node>
	<node>
		<identifier>	MP_RM178_Anchor_Capstan	</identifier>
		<parent>	Scene Root	</parent>
		<transform>
			<row0>	1.0000 0.0000 0.0000 0.0000	</row0>
			<row1>	0.0000 1.0000 0.0000 0.0000	</row1>
			<row2>	0.0000 0.0000 1.0000 0.0000	</row2>
			<row3>	0.0000 0.3193 3.5408 1.0000	</row3>
		</transform>
	</node>
	<node>
		<identifier>	MP_RM179_Anchor_Stopper	</identifier>
		<parent>	Scene Root	</parent>
		<transform>
			<row0>	0.9528 0.0000 -0.3035 0.0000	</row0>
			<row1>	0.0000 1.0000 0.0000 0.0000	</row1>
			<row2>	0.3035 0.0000 0.9528 0.0000	</row2>
			<row3>	0.0385 0.3187 3.6203 1.0000	</row3>
		</transform>
	</node>
	<node>
		<identifier>	MP_RM179_Anchor_Stopper_INDEX_1	</identifier>
		<parent>	Scene Root	</parent>
		<transform>
			<row0>	0.9528 0.0000 0.3035 0.0000	</row0>
			<row1>	0.0000 1.0000 0.0000 0.0000	</row1>
			<row2>	-0.3035 0.0000 0.9528 0.0000	</row2>
			<row3>	-0.0430 0.3187 3.6201 1.0000	</row3>
		</transform>
	</node>
	<node>
		<identifier>	MP_RM180_Anchor_Detector	</identifier>
		<parent>	Scene Root	</parent>
		<transform>
			<row0>	1.0000 0.0000 0.0000 0.0000	</row0>
			<row1>	0.0000 1.0000 0.0000 0.0000	</row1>
			<row2>	0.0000 0.0000 1.0000 0.0000	</row2>
			<row3>	0.0194 0.3204 3.4816 1.0000	</row3>
		</transform>
	</node>
	<node>
		<identifier>	MP_RM181_Anchor_Fairled	</identifier>
		<parent>	Scene Root	</parent>
		<transform>
			<row0>	-1.0000 0.0000 0.0049 0.0000	</row0>
			<row1>	0.0000 1.0000 0.0000 0.0000	</row1>
			<row2>	-0.0049 0.0000 -1.0000 0.0000	</row2>
			<row3>	-0.0174 0.3242 3.7512 1.0000	</row3>
		</transform>
	</node>
	<node>
		<identifier>	MP_RM181_Anchor_Fairled_INDEX_1	</identifier>
		<parent>	Scene Root	</parent>
		<transform>
			<row0>	-0.9633 0.0000 0.2685 0.0000	</row0>
			<row1>	0.0000 1.0000 0.0000 0.0000	</row1>
			<row2>	-0.2685 0.0000 -0.9633 0.0000	</row2>
			<row3>	0.0187 0.3231 3.6525 1.0000	</row3>
		</transform>
	</node>
	<node>
		<identifier>	MP_RM209_Red_Star	</identifier>
		<parent>	Scene Root	</parent>
		<transform>
			<row0>	0.1995 -0.0429 -0.9790 0.0000	</row0>
			<row1>	0.2605 0.9654 0.0108 0.0000	</row1>
			<row2>	0.9446 -0.2572 0.2038 0.0000	</row2>
			<row3>	0.0293 0.2830 4.0798 1.0000	</row3>
		</transform>
	</node>
	<node>
		<identifier>	MP_RM209_Red_Star_INDEX_1	</identifier>
		<parent>	Scene Root	</parent>
		<transform>
			<row0>	0.1995 0.0429 0.9790 0.0000	</row0>
			<row1>	-0.2605 0.9654 0.0108 0.0000	</row1>
			<row2>	-0.9446 -0.2572 0.2038 0.0000	</row2>
			<row3>	-0.0293 0.2830 4.0798 1.0000	</row3>
		</transform>
	</node>
	<node>
		<identifier>	MP_RM214_Life_Buoy	</identifier>
		<parent>	Scene Root	</parent>
		<transform>
			<row0>	-0.1480 0.0000 -0.9890 0.0000	</row0>
			<row1>	0.0000 1.0000 0.0000 0.0000	</row1>
			<row2>	0.9890 0.0000 -0.1480 0.0000	</row2>
			<row3>	-0.2399 0.3811 3.1112 1.0000	</row3>
		</transform>
	</node>
	<node>
		<identifier>	MP_RM214_Life_Buoy_INDEX_1	</identifier>
		<parent>	Scene Root	</parent>
		<transform>
			<row0>	-0.1480 0.0000 0.9890 0.0000	</row0>
			<row1>	0.0000 1.0000 0.0000 0.0000	</row1>
			<row2>	-0.9890 0.0000 -0.1480 0.0000	</row2>
			<row3>	0.2399 0.3811 3.1112 1.0000	</row3>
		</transform>
	</node>
	<node>
		<identifier>	MP_RM217_Ventilation_Mushroom	</identifier>
		<parent>	Scene Root	</parent>
		<transform>
			<row0>	1.3000 0.0000 0.0000 0.0000	</row0>
			<row1>	0.0000 1.3000 0.0000 0.0000	</row1>
			<row2>	0.0000 0.0000 1.3000 0.0000	</row2>
			<row3>	0.1787 0.3198 3.1781 1.0000	</row3>
		</transform>
	</node>
	<node>
		<identifier>	MP_RM217_Ventilation_Mushroom_INDEX_1	</identifier>
		<parent>	Scene Root	</parent>
		<transform>
			<row0>	1.0000 0.0000 0.0000 0.0000	</row0>
			<row1>	0.0000 1.0000 0.0000 0.0000	</row1>
			<row2>	0.0000 0.0000 1.0000 0.0000	</row2>
			<row3>	0.1228 0.3198 3.3855 1.0000	</row3>
		</transform>
	</node>
	<node>
		<identifier>	MP_RM217_Ventilation_Mushroom_INDEX_2	</identifier>
		<parent>	Scene Root	</parent>
		<transform>
			<row0>	0.0000 1.0000 0.0000 0.0000	</row0>
			<row1>	-0.9656 0.0000 0.2600 0.0000	</row1>
			<row2>	0.2600 0.0000 0.9656 0.0000	</row2>
			<row3>	-0.1129 0.4312 2.8866 1.0000	</row3>
		</transform>
	</node>
	<node>
		<identifier>	MP_RM217_Ventilation_Mushroom_INDEX_3	</identifier>
		<parent>	Scene Root	</parent>
		<transform>
			<row0>	0.0000 -1.0000 0.0000 0.0000	</row0>
			<row1>	0.9656 0.0000 0.2600 0.0000	</row1>
			<row2>	-0.2600 0.0000 0.9656 0.0000	</row2>
			<row3>	0.1129 0.4312 2.8866 1.0000	</row3>
		</transform>
	</node>
	<node>
		<identifier>	MP_RM217_Ventilation_Mushroom_INDEX_4	</identifier>
		<parent>	Scene Root	</parent>
		<transform>
			<row0>	1.3000 0.0000 0.0000 0.0000	</row0>
			<row1>	0.0000 1.3000 0.0000 0.0000	</row1>
			<row2>	0.0000 0.0000 1.3000 0.0000	</row2>
			<row3>	-0.1419 0.3170 2.9164 1.0000	</row3>
		</transform>
	</node>
	<node>
		<identifier>	MP_RM218_Deck_Hatch	</identifier>
		<parent>	Scene Root	</parent>
		<transform>
			<row0>	1.0000 0.0000 0.0000 0.0000	</row0>
			<row1>	0.0000 0.9999 -0.0110 0.0000	</row1>
			<row2>	0.0000 0.0110 0.9999 0.0000	</row2>
			<row3>	-0.0222 0.3206 4.0001 1.0000	</row3>
		</transform>
	</node>
	<node>
		<identifier>	MP_RM218_Deck_Hatch_INDEX_1	</identifier>
		<parent>	Scene Root	</parent>
		<transform>
			<row0>	1.0000 0.0000 0.0000 0.0000	</row0>
			<row1>	0.0000 1.0000 0.0000 0.0000	</row1>
			<row2>	0.0000 0.0000 1.0000 0.0000	</row2>
			<row3>	-0.1015 0.3176 3.6402 1.0000	</row3>
		</transform>
	</node>
	<node>
		<identifier>	MP_RM219_Fairlead	</identifier>
		<parent>	Scene Root	</parent>
		<transform>
			<row0>	0.9864 0.0000 -0.1642 0.0000	</row0>
			<row1>	-0.0031 0.9998 -0.0187 0.0000	</row1>
			<row2>	0.1642 0.0189 0.9863 0.0000	</row2>
			<row3>	-0.2002 0.3220 3.3121 1.0000	</row3>
		</transform>
	</node>
	<node>
		<identifier>	MP_RM219_Fairlead_INDEX_1	</identifier>
		<parent>	Scene Root	</parent>
		<transform>
			<row0>	0.9864 0.0000 0.1642 0.0000	</row0>
			<row1>	0.0031 0.9998 -0.0187 0.0000	</row1>
			<row2>	-0.1642 0.0189 0.9863 0.0000	</row2>
			<row3>	0.2002 0.3220 3.3121 1.0000	</row3>
		</transform>
	</node>
	<node>
		<identifier>	MP_RM220_Bollard	</identifier>
		<parent>	Scene Root	</parent>
		<transform>
			<row0>	0.9805 0.0000 -0.1964 0.0000	</row0>
			<row1>	-0.0021 0.9999 -0.0107 0.0000	</row1>
			<row2>	0.1964 0.0109 0.9805 0.0000	</row2>
			<row3>	-0.1562 0.3187 3.5231 1.0000	</row3>
		</transform>
	</node>
	<node>
		<identifier>	MP_RM220_Bollard_INDEX_1	</identifier>
		<parent>	Scene Root	</parent>
		<transform>
			<row0>	0.9805 0.0000 0.1964 0.0000	</row0>
			<row1>	0.0021 0.9999 -0.0107 0.0000	</row1>
			<row2>	-0.1964 0.0109 0.9805 0.0000	</row2>
			<row3>	0.1562 0.3187 3.5231 1.0000	</row3>
		</transform>
	</node>
	<node>
		<identifier>	MP_RM236_Telephone	</identifier>
		<parent>	Scene Root	</parent>
		<transform>
			<row0>	1.0000 0.0000 0.0000 0.0000	</row0>
			<row1>	0.0000 1.0000 0.0000 0.0000	</row1>
			<row2>	0.0000 0.0000 1.0000 0.0000	</row2>
			<row3>	-0.0738 0.3868 2.9327 1.0000	</row3>
		</transform>
	</node>
</RSD019_Leningrad_1944_Bow.skel_ext>
