<JGM191_360mm_45_type_41.skel_ext>
	<exported>	true	</exported>
	<node>
		<identifier>	MP_JM059_Deck_Hatch_8	</identifier>
		<parent>	Rotate_Y	</parent>
		<transform>
			<row0>	-0.8093 0.0000 0.5874 0.0000	</row0>
			<row1>	0.0000 1.0000 0.0000 0.0000	</row1>
			<row2>	-0.5874 0.0000 -0.8093 0.0000	</row2>
			<row3>	0.1674 0.1384 -0.0005 1.0000	</row3>
		</transform>
	</node>
	<node>
		<identifier>	MP_JM059_Deck_Hatch_8_INDEX_1	</identifier>
		<parent>	Rotate_Y	</parent>
		<transform>
			<row0>	0.7071 0.0000 -0.7071 0.0000	</row0>
			<row1>	0.0000 1.0000 0.0000 0.0000	</row1>
			<row2>	0.7071 0.0000 0.7071 0.0000	</row2>
			<row3>	-0.2253 0.1554 -0.3240 1.0000	</row3>
		</transform>
	</node>
	<node>
		<identifier>	MP_JM059_Deck_Hatch_8_INDEX_2	</identifier>
		<parent>	Rotate_Y	</parent>
		<transform>
			<row0>	-0.8635 0.0000 0.5044 0.0000	</row0>
			<row1>	0.0000 1.0000 0.0000 0.0000	</row1>
			<row2>	-0.5044 0.0000 -0.8635 0.0000	</row2>
			<row3>	-0.0937 0.1384 0.0037 1.0000	</row3>
		</transform>
	</node>
	<node>
		<identifier>	MP_JM059_Deck_Hatch_8_INDEX_3	</identifier>
		<parent>	Rotate_Y	</parent>
		<transform>
			<row0>	0.7071 0.0000 0.7071 0.0000	</row0>
			<row1>	0.0000 1.0000 0.0000 0.0000	</row1>
			<row2>	-0.7071 0.0000 0.7071 0.0000	</row2>
			<row3>	0.2253 0.1554 -0.3240 1.0000	</row3>
		</transform>
	</node>
	<node>
		<identifier>	MP_JM059_Deck_Hatch_8_INDEX_4	</identifier>
		<parent>	Rotate_Y	</parent>
		<transform>
			<row0>	1.0000 0.0000 0.0000 0.0000	</row0>
			<row1>	0.0000 1.0000 0.0000 0.0000	</row1>
			<row2>	0.0000 0.0000 1.0000 0.0000	</row2>
			<row3>	-0.1462 0.1554 -0.3343 1.0000	</row3>
		</transform>
	</node>
	<node>
		<identifier>	MP_JM059_Deck_Hatch_8_INDEX_5	</identifier>
		<parent>	Rotate_Y	</parent>
		<transform>
			<row0>	-0.8093 0.0000 -0.5874 0.0000	</row0>
			<row1>	0.0000 1.0000 0.0000 0.0000	</row1>
			<row2>	0.5874 0.0000 -0.8093 0.0000	</row2>
			<row3>	-0.1674 0.1384 -0.0005 1.0000	</row3>
		</transform>
	</node>
	<node>
		<identifier>	MP_JM059_Deck_Hatch_8_INDEX_6	</identifier>
		<parent>	Rotate_Y	</parent>
		<transform>
			<row0>	-0.8635 0.0000 -0.5044 0.0000	</row0>
			<row1>	0.0000 1.0000 0.0000 0.0000	</row1>
			<row2>	0.5044 0.0000 -0.8635 0.0000	</row2>
			<row3>	0.0937 0.1384 0.0037 1.0000	</row3>
		</transform>
	</node>
	<node>
		<identifier>	MP_JM059_Deck_Hatch_8_INDEX_7	</identifier>
		<parent>	Rotate_Y	</parent>
		<transform>
			<row0>	1.0000 0.0000 0.0000 0.0000	</row0>
			<row1>	0.0000 1.0000 0.0000 0.0000	</row1>
			<row2>	0.0000 0.0000 1.0000 0.0000	</row2>
			<row3>	0.1462 0.1554 -0.3343 1.0000	</row3>
		</transform>
	</node>
	<node>
		<identifier>	MP_JM493_Leers	</identifier>
		<parent>	Rotate_Y	</parent>
		<transform>
			<row0>	1.0000 0.0000 0.0000 0.0000	</row0>
			<row1>	0.0000 1.0000 0.0000 0.0000	</row1>
			<row2>	0.0000 0.0000 1.0000 0.0000	</row2>
			<row3>	0.0000 -0.0333 0.0000 1.0000	</row3>
		</transform>
	</node>
	<node>
		<identifier>	MP_JM494_Rangefinder	</identifier>
		<parent>	Rotate_Y	</parent>
		<transform>
			<row0>	1.0000 0.0000 0.0000 0.0000	</row0>
			<row1>	0.0000 1.0000 0.0000 0.0000	</row1>
			<row2>	0.0000 0.0000 1.0000 0.0000	</row2>
			<row3>	0.0000 -0.0333 0.0000 1.0000	</row3>
		</transform>
	</node>
	<node>
		<identifier>	MP_JM495_Gun_Deck_Rangefinder	</identifier>
		<parent>	Rotate_Y	</parent>
		<transform>
			<row0>	1.0000 0.0000 0.0000 0.0000	</row0>
			<row1>	0.0000 1.0000 0.0000 0.0000	</row1>
			<row2>	0.0000 0.0000 1.0000 0.0000	</row2>
			<row3>	0.0000 -0.0333 0.0000 1.0000	</row3>
		</transform>
	</node>
	<node>
		<identifier>	SP_YMS100_YGBS_M_1	</identifier>
		<parent>	Rotate_X	</parent>
		<transform>
			<row0>	1.2000 0.0000 0.0000 0.0000	</row0>
			<row1>	0.0000 1.2000 0.0000 0.0000	</row1>
			<row2>	0.0000 0.0000 1.2000 0.0000	</row2>
			<row3>	0.0762 0.0000 -0.0865 1.0000	</row3>
		</transform>
	</node>
	<node>
		<identifier>	SP_YMS100_YGBS_M_1_INDEX_1	</identifier>
		<parent>	Rotate_X	</parent>
		<transform>
			<row0>	1.2000 0.0000 0.0000 0.0000	</row0>
			<row1>	0.0000 1.2000 0.0000 0.0000	</row1>
			<row2>	0.0000 0.0000 1.2000 0.0000	</row2>
			<row3>	-0.0762 0.0000 -0.0865 1.0000	</row3>
		</transform>
	</node>
	<node>
		<identifier>	SP_YMS101_YGCS_M_1	</identifier>
		<parent>	Rotate_Y	</parent>
		<transform>
			<row0>	1.1600 0.0000 0.0000 0.0000	</row0>
			<row1>	0.0000 0.8444 0.0000 0.0000	</row1>
			<row2>	0.0000 0.0000 0.5948 0.0000	</row2>
			<row3>	0.0762 -0.0362 0.3160 1.0000	</row3>
		</transform>
	</node>
	<node>
		<identifier>	SP_YMS101_YGCS_M_1_INDEX_1	</identifier>
		<parent>	Rotate_Y	</parent>
		<transform>
			<row0>	1.1600 0.0000 0.0000 0.0000	</row0>
			<row1>	0.0000 0.8444 0.0000 0.0000	</row1>
			<row2>	0.0000 0.0000 0.5948 0.0000	</row2>
			<row3>	-0.0762 -0.0362 0.3160 1.0000	</row3>
		</transform>
	</node>
	<node>
		<identifier>	SP_YMS104_YGRS_M_1	</identifier>
		<parent>	Roll_Back1	</parent>
		<transform>
			<row0>	1.2000 0.0000 0.0000 0.0000	</row0>
			<row1>	0.0000 1.2000 0.0000 0.0000	</row1>
			<row2>	0.0000 0.0000 1.2000 0.0000	</row2>
			<row3>	0.0000 0.0000 0.0000 1.0000	</row3>
		</transform>
	</node>
	<node>
		<identifier>	SP_YMS104_YGRS_M_1_INDEX_1	</identifier>
		<parent>	Roll_Back2	</parent>
		<transform>
			<row0>	1.2000 0.0000 0.0000 0.0000	</row0>
			<row1>	0.0000 1.2000 0.0000 0.0000	</row1>
			<row2>	0.0000 0.0000 1.2000 0.0000	</row2>
			<row3>	0.0000 0.0000 0.0000 1.0000	</row3>
		</transform>
	</node>
	<node>
		<identifier>	SP_YMS106_YGLL_M_1	</identifier>
		<parent>	Rotate_Y	</parent>
		<transform>
			<row0>	0.7116 -0.2442 -0.2720 0.0000	</row0>
			<row1>	0.2283 0.7618 -0.0866 0.0000	</row1>
			<row2>	0.2855 -0.0006 0.7473 0.0000	</row2>
			<row3>	-0.2372 0.0265 0.1053 1.0000	</row3>
		</transform>
	</node>
	<node>
		<identifier>	SP_YMS107_YGLR_M_1	</identifier>
		<parent>	Rotate_Y	</parent>
		<transform>
			<row0>	0.7116 0.2442 0.2720 0.0000	</row0>
			<row1>	-0.2283 0.7618 -0.0866 0.0000	</row1>
			<row2>	-0.2855 -0.0006 0.7473 0.0000	</row2>
			<row3>	0.2372 0.0265 0.1053 1.0000	</row3>
		</transform>
	</node>
</JGM191_360mm_45_type_41.skel_ext>
