<GSB034_Mackensen_1920_Stern.skel_ext>
	<exported>	true	</exported>
	<node>
		<identifier>	MP_CM001_Propeller3_L	</identifier>
		<parent>	Scene Root	</parent>
		<transform>
			<row0>	1.3654 0.2823 0.0000 0.0000	</row0>
			<row1>	-0.2823 1.3654 0.0000 0.0000	</row1>
			<row2>	0.0000 0.0000 1.3943 0.0000	</row2>
			<row3>	-0.4775 -0.4055 -5.6655 1.0000	</row3>
		</transform>
	</node>
	<node>
		<identifier>	MP_CM001_Propeller3_L_INDEX_1	</identifier>
		<parent>	Scene Root	</parent>
		<transform>
			<row0>	1.3478 0.3556 -0.0105 0.0000	</row0>
			<row1>	-0.3558 1.3473 -0.0397 0.0000	</row1>
			<row2>	0.0000 0.0410 1.3934 0.0000	</row2>
			<row3>	-0.2121 -0.4552 -6.2242 1.0000	</row3>
		</transform>
	</node>
	<node>
		<identifier>	MP_CM011_Fire_Fighting_Gear	</identifier>
		<parent>	Scene Root	</parent>
		<transform>
			<row0>	1.0000 0.0000 0.0000 0.0000	</row0>
			<row1>	0.0000 1.0000 0.0000 0.0000	</row1>
			<row2>	0.0000 0.0000 1.0000 0.0000	</row2>
			<row3>	0.0206 0.3112 -5.9508 1.0000	</row3>
		</transform>
	</node>
	<node>
		<identifier>	MP_CM032_Propeller3_R	</identifier>
		<parent>	Scene Root	</parent>
		<transform>
			<row0>	1.3654 -0.2823 0.0000 0.0000	</row0>
			<row1>	0.2823 1.3654 0.0000 0.0000	</row1>
			<row2>	0.0000 0.0000 1.3943 0.0000	</row2>
			<row3>	0.4774 -0.4055 -5.6655 1.0000	</row3>
		</transform>
	</node>
	<node>
		<identifier>	MP_CM032_Propeller3_R_INDEX_1	</identifier>
		<parent>	Scene Root	</parent>
		<transform>
			<row0>	1.3478 -0.3556 0.0105 0.0000	</row0>
			<row1>	0.3558 1.3473 -0.0397 0.0000	</row1>
			<row2>	0.0000 0.0410 1.3934 0.0000	</row2>
			<row3>	0.2120 -0.4552 -6.2242 1.0000	</row3>
		</transform>
	</node>
	<node>
		<identifier>	MP_CM052_Fender	</identifier>
		<parent>	Scene Root	</parent>
		<transform>
			<row0>	-0.0457 0.0000 0.9990 0.0000	</row0>
			<row1>	0.0000 1.0000 0.0000 0.0000	</row1>
			<row2>	-0.9990 0.0000 -0.0457 0.0000	</row2>
			<row3>	-0.6742 0.1684 -4.6185 1.0000	</row3>
		</transform>
	</node>
	<node>
		<identifier>	MP_CM052_Fender_INDEX_1	</identifier>
		<parent>	Scene Root	</parent>
		<transform>
			<row0>	-0.0457 0.0000 -0.9990 0.0000	</row0>
			<row1>	0.0000 1.0000 0.0000 0.0000	</row1>
			<row2>	0.9990 0.0000 -0.0457 0.0000	</row2>
			<row3>	0.6742 0.1684 -4.6185 1.0000	</row3>
		</transform>
	</node>
	<node>
		<identifier>	MP_CM126_Cleat	</identifier>
		<parent>	Scene Root	</parent>
		<transform>
			<row0>	0.9729 0.0000 0.2314 0.0000	</row0>
			<row1>	0.0000 1.0000 0.0000 0.0000	</row1>
			<row2>	-0.2314 0.0000 0.9729 0.0000	</row2>
			<row3>	-0.5176 0.3010 -5.8981 1.0000	</row3>
		</transform>
	</node>
	<node>
		<identifier>	MP_CM126_Cleat_INDEX_1	</identifier>
		<parent>	Scene Root	</parent>
		<transform>
			<row0>	0.9729 0.0000 -0.2314 0.0000	</row0>
			<row1>	0.0000 1.0000 0.0000 0.0000	</row1>
			<row2>	0.2314 0.0000 0.9729 0.0000	</row2>
			<row3>	0.5176 0.3010 -5.8981 1.0000	</row3>
		</transform>
	</node>
	<node>
		<identifier>	MP_CM126_Cleat_INDEX_2	</identifier>
		<parent>	Scene Root	</parent>
		<transform>
			<row0>	0.9991 0.0000 -0.0427 0.0000	</row0>
			<row1>	0.0000 1.0000 0.0000 0.0000	</row1>
			<row2>	0.0427 0.0000 0.9991 0.0000	</row2>
			<row3>	0.5917 0.3023 -5.4785 1.0000	</row3>
		</transform>
	</node>
	<node>
		<identifier>	MP_CM126_Cleat_INDEX_3	</identifier>
		<parent>	Scene Root	</parent>
		<transform>
			<row0>	0.9991 0.0000 0.0427 0.0000	</row0>
			<row1>	0.0000 1.0000 0.0000 0.0000	</row1>
			<row2>	-0.0427 0.0000 0.9991 0.0000	</row2>
			<row3>	-0.5917 0.3023 -5.4785 1.0000	</row3>
		</transform>
	</node>
	<node>
		<identifier>	MP_GM003_Reels_1	</identifier>
		<parent>	Scene Root	</parent>
		<transform>
			<row0>	0.8493 0.0000 0.5280 0.0000	</row0>
			<row1>	0.0000 1.0000 0.0000 0.0000	</row1>
			<row2>	-0.5280 0.0000 0.8493 0.0000	</row2>
			<row3>	0.1864 0.3147 -4.2711 1.0000	</row3>
		</transform>
	</node>
	<node>
		<identifier>	MP_GM003_Reels_1_INDEX_1	</identifier>
		<parent>	Scene Root	</parent>
		<transform>
			<row0>	0.0000 0.0000 1.0000 0.0000	</row0>
			<row1>	0.0000 1.0000 0.0000 0.0000	</row1>
			<row2>	-1.0000 0.0000 0.0000 0.0000	</row2>
			<row3>	0.0238 0.3089 -6.2672 1.0000	</row3>
		</transform>
	</node>
	<node>
		<identifier>	MP_GM003_Reels_1_INDEX_2	</identifier>
		<parent>	Scene Root	</parent>
		<transform>
			<row0>	0.8493 0.0000 -0.5280 0.0000	</row0>
			<row1>	0.0000 1.0000 0.0000 0.0000	</row1>
			<row2>	0.5280 0.0000 0.8493 0.0000	</row2>
			<row3>	-0.1864 0.3144 -4.2711 1.0000	</row3>
		</transform>
	</node>
	<node>
		<identifier>	MP_GM003_Reels_1_INDEX_3	</identifier>
		<parent>	Scene Root	</parent>
		<transform>
			<row0>	0.0000 0.0000 -1.0000 0.0000	</row0>
			<row1>	0.0000 1.0000 0.0000 0.0000	</row1>
			<row2>	1.0000 0.0000 0.0000 0.0000	</row2>
			<row3>	-0.0238 0.3089 -6.2672 1.0000	</row3>
		</transform>
	</node>
	<node>
		<identifier>	MP_GM016_Sleeve	</identifier>
		<parent>	Scene Root	</parent>
		<transform>
			<row0>	-0.7742 0.0000 0.0000 0.0000	</row0>
			<row1>	0.0000 0.7742 0.0000 0.0000	</row1>
			<row2>	0.0000 0.0000 -0.7742 0.0000	</row2>
			<row3>	-0.0049 0.3263 -5.9446 1.0000	</row3>
		</transform>
	</node>
	<node>
		<identifier>	MP_GM065_Firelead	</identifier>
		<parent>	Scene Root	</parent>
		<transform>
			<row0>	0.8459 0.0027 0.0837 0.0000	</row0>
			<row1>	-0.0026 0.8500 -0.0002 0.0000	</row1>
			<row2>	-0.0837 0.0000 0.8459 0.0000	</row2>
			<row3>	-0.8505 0.1463 -3.6425 1.0000	</row3>
		</transform>
	</node>
	<node>
		<identifier>	MP_GM065_Firelead_INDEX_1	</identifier>
		<parent>	Scene Root	</parent>
		<transform>
			<row0>	0.8072 0.0002 -0.2663 0.0000	</row0>
			<row1>	-0.0002 0.8500 0.0000 0.0000	</row1>
			<row2>	0.2663 0.0000 0.8072 0.0000	</row2>
			<row3>	0.2722 0.3034 -6.7693 1.0000	</row3>
		</transform>
	</node>
	<node>
		<identifier>	MP_GM065_Firelead_INDEX_2	</identifier>
		<parent>	Scene Root	</parent>
		<transform>
			<row0>	0.8072 -0.0002 0.2663 0.0000	</row0>
			<row1>	0.0002 0.8500 0.0000 0.0000	</row1>
			<row2>	-0.2663 0.0000 0.8072 0.0000	</row2>
			<row3>	-0.2722 0.3034 -6.7693 1.0000	</row3>
		</transform>
	</node>
	<node>
		<identifier>	MP_GM065_Firelead_INDEX_3	</identifier>
		<parent>	Scene Root	</parent>
		<transform>
			<row0>	0.8459 -0.0027 -0.0837 0.0000	</row0>
			<row1>	0.0026 0.8500 -0.0002 0.0000	</row1>
			<row2>	0.0837 0.0000 0.8459 0.0000	</row2>
			<row3>	0.8504 0.1464 -3.6416 1.0000	</row3>
		</transform>
	</node>
	<node>
		<identifier>	MP_GM702_AmmoBox	</identifier>
		<parent>	Scene Root	</parent>
		<transform>
			<row0>	-0.0024 -0.0069 -1.0000 0.0000	</row0>
			<row1>	0.0135 0.9999 -0.0069 0.0000	</row1>
			<row2>	0.9999 -0.0135 -0.0023 0.0000	</row2>
			<row3>	0.2120 0.3079 -5.7618 1.0000	</row3>
		</transform>
	</node>
	<node>
		<identifier>	MP_GM702_AmmoBox_INDEX_1	</identifier>
		<parent>	Scene Root	</parent>
		<transform>
			<row0>	-0.0024 0.0069 1.0000 0.0000	</row0>
			<row1>	-0.0135 0.9999 -0.0069 0.0000	</row1>
			<row2>	-0.9999 -0.0135 -0.0023 0.0000	</row2>
			<row3>	-0.2120 0.3079 -5.7618 1.0000	</row3>
		</transform>
	</node>
	<node>
		<identifier>	MP_GM702_AmmoBox_INDEX_2	</identifier>
		<parent>	Scene Root	</parent>
		<transform>
			<row0>	0.0003 -0.0058 -1.0000 0.0000	</row0>
			<row1>	-0.0132 0.9999 -0.0058 0.0000	</row1>
			<row2>	0.9999 0.0132 0.0003 0.0000	</row2>
			<row3>	-0.2375 0.3075 -5.7617 1.0000	</row3>
		</transform>
	</node>
	<node>
		<identifier>	MP_GM702_AmmoBox_INDEX_3	</identifier>
		<parent>	Scene Root	</parent>
		<transform>
			<row0>	0.0003 0.0058 1.0000 0.0000	</row0>
			<row1>	0.0132 0.9999 -0.0058 0.0000	</row1>
			<row2>	-0.9999 0.0132 0.0003 0.0000	</row2>
			<row3>	0.2375 0.3075 -5.7617 1.0000	</row3>
		</transform>
	</node>
	<node>
		<identifier>	MP_GM856_Mastheadlight	</identifier>
		<parent>	Scene Root	</parent>
		<transform>
			<row0>	-1.0000 0.0000 0.0000 0.0000	</row0>
			<row1>	0.0000 1.0000 0.0000 0.0000	</row1>
			<row2>	0.0000 0.0000 -1.0000 0.0000	</row2>
			<row3>	0.0000 0.4086 -7.4176 1.0000	</row3>
		</transform>
	</node>
	<node>
		<identifier>	MP_GM969_Anchor_up	</identifier>
		<parent>	Scene Root	</parent>
		<transform>
			<row0>	0.6000 0.0000 -0.0003 0.0000	</row0>
			<row1>	0.0002 0.4751 0.3664 0.0000	</row1>
			<row2>	0.0002 -0.3664 0.4751 0.0000	</row2>
			<row3>	0.0000 0.2106 -7.3924 1.0000	</row3>
		</transform>
	</node>
	<node>
		<identifier>	MP_GM970_Anchor_bottom	</identifier>
		<parent>	Scene Root	</parent>
		<transform>
			<row0>	0.6000 0.0000 -0.0002 0.0000	</row0>
			<row1>	0.0002 0.5153 0.3074 0.0000	</row1>
			<row2>	0.0002 -0.3074 0.5153 0.0000	</row2>
			<row3>	0.0000 0.2116 -7.3956 1.0000	</row3>
		</transform>
	</node>
</GSB034_Mackensen_1920_Stern.skel_ext>
