<WSB303_Laudon_1918_MidFront.skel_ext>
	<exported>	true	</exported>
	<node>
		<identifier>	MP_CM126_Cleat	</identifier>
		<parent>	Scene Root	</parent>
		<transform>
			<row0>	1.0000 0.0000 0.0000 0.0000	</row0>
			<row1>	0.0000 1.0000 0.0000 0.0000	</row1>
			<row2>	0.0000 0.0000 1.0000 0.0000	</row2>
			<row3>	0.5292 0.4757 3.0793 1.0000	</row3>
		</transform>
	</node>
	<node>
		<identifier>	MP_CM126_Cleat_INDEX_1	</identifier>
		<parent>	Scene Root	</parent>
		<transform>
			<row0>	0.9417 0.2669 -0.2049 0.0000	</row0>
			<row1>	0.2113 0.0047 0.9774 0.0000	</row1>
			<row2>	0.2618 -0.9637 -0.0519 0.0000	</row2>
			<row3>	-0.4759 0.5375 3.8447 1.0000	</row3>
		</transform>
	</node>
	<node>
		<identifier>	MP_CM126_Cleat_INDEX_2	</identifier>
		<parent>	Scene Root	</parent>
		<transform>
			<row0>	1.0000 0.0000 0.0000 0.0000	</row0>
			<row1>	0.0000 1.0000 0.0000 0.0000	</row1>
			<row2>	0.0000 0.0000 1.0000 0.0000	</row2>
			<row3>	-0.5292 0.4757 3.0793 1.0000	</row3>
		</transform>
	</node>
	<node>
		<identifier>	MP_CM126_Cleat_INDEX_3	</identifier>
		<parent>	Scene Root	</parent>
		<transform>
			<row0>	0.9409 0.2689 -0.2059 0.0000	</row0>
			<row1>	-0.2138 0.0000 -0.9769 0.0000	</row1>
			<row2>	-0.2627 0.9632 0.0575 0.0000	</row2>
			<row3>	-0.5156 0.5380 3.6650 1.0000	</row3>
		</transform>
	</node>
	<node>
		<identifier>	MP_CM126_Cleat_INDEX_4	</identifier>
		<parent>	Scene Root	</parent>
		<transform>
			<row0>	0.9409 -0.2689 0.2059 0.0000	</row0>
			<row1>	0.2138 0.0000 -0.9769 0.0000	</row1>
			<row2>	0.2627 0.9632 0.0575 0.0000	</row2>
			<row3>	0.5156 0.5380 3.6650 1.0000	</row3>
		</transform>
	</node>
	<node>
		<identifier>	MP_CM126_Cleat_INDEX_5	</identifier>
		<parent>	Scene Root	</parent>
		<transform>
			<row0>	0.9417 -0.2669 0.2049 0.0000	</row0>
			<row1>	-0.2113 0.0047 0.9774 0.0000	</row1>
			<row2>	-0.2618 -0.9637 -0.0519 0.0000	</row2>
			<row3>	0.4759 0.5375 3.8447 1.0000	</row3>
		</transform>
	</node>
	<node>
		<identifier>	MP_WM508_normaljolle	</identifier>
		<parent>	Scene Root	</parent>
		<transform>
			<row0>	0.9760 0.0000 -0.2178 0.0000	</row0>
			<row1>	0.0000 1.0000 0.0000 0.0000	</row1>
			<row2>	0.2178 0.0000 0.9760 0.0000	</row2>
			<row3>	-0.5883 0.5005 3.7763 1.0000	</row3>
		</transform>
	</node>
	<node>
		<identifier>	MP_WM508_normaljolle_INDEX_1	</identifier>
		<parent>	Scene Root	</parent>
		<transform>
			<row0>	0.9760 0.0000 0.2178 0.0000	</row0>
			<row1>	0.0000 1.0000 0.0000 0.0000	</row1>
			<row2>	-0.2178 0.0000 0.9760 0.0000	</row2>
			<row3>	0.5883 0.5005 3.7763 1.0000	</row3>
		</transform>
	</node>
</WSB303_Laudon_1918_MidFront.skel_ext>
