<WSB311_Turgut_Reis_1946_Stern.skel_ext>
	<exported>	true	</exported>
	<node>
		<identifier>	MP_BM021_Crown	</identifier>
		<parent>	Scene Root	</parent>
		<transform>
			<row0>	1.0000 0.0000 0.0000 0.0000	</row0>
			<row1>	0.0000 1.0000 0.0000 0.0000	</row1>
			<row2>	0.0000 0.0000 1.0000 0.0000	</row2>
			<row3>	-0.0009 0.8978 -8.5707 1.0000	</row3>
		</transform>
	</node>
	<node>
		<identifier>	MP_BM872_Running_Lights_B	</identifier>
		<parent>	Scene Root	</parent>
		<transform>
			<row0>	-1.0000 0.0000 0.0000 0.0000	</row0>
			<row1>	0.0000 1.0000 0.0000 0.0000	</row1>
			<row2>	0.0000 0.0000 -1.0000 0.0000	</row2>
			<row3>	0.0000 0.7436 -8.5851 1.0000	</row3>
		</transform>
	</node>
	<node>
		<identifier>	MP_CM010_Fire_Hose_Reel	</identifier>
		<parent>	Scene Root	</parent>
		<transform>
			<row0>	0.0000 -1.0000 0.0000 0.0000	</row0>
			<row1>	0.0000 0.0000 1.0000 0.0000	</row1>
			<row2>	-1.0000 0.0000 0.0000 0.0000	</row2>
			<row3>	0.0000 0.2672 -6.6422 1.0000	</row3>
		</transform>
	</node>
	<node>
		<identifier>	MP_CM010_Fire_Hose_Reel_INDEX_1	</identifier>
		<parent>	Scene Root	</parent>
		<transform>
			<row0>	0.0000 -1.0000 0.0000 0.0000	</row0>
			<row1>	0.0000 0.0000 1.0000 0.0000	</row1>
			<row2>	-1.0000 0.0000 0.0000 0.0000	</row2>
			<row3>	-0.0564 0.3172 -8.0547 1.0000	</row3>
		</transform>
	</node>
	<node>
		<identifier>	MP_CM011_Fire_Fighting_Gear	</identifier>
		<parent>	Scene Root	</parent>
		<transform>
			<row0>	0.0000 0.0000 -1.0000 0.0000	</row0>
			<row1>	0.0000 1.0000 0.0000 0.0000	</row1>
			<row2>	1.0000 0.0000 0.0000 0.0000	</row2>
			<row3>	-0.0152 0.2748 -6.7716 1.0000	</row3>
		</transform>
	</node>
	<node>
		<identifier>	MP_CM011_Fire_Fighting_Gear_INDEX_1	</identifier>
		<parent>	Scene Root	</parent>
		<transform>
			<row0>	0.0000 0.0000 1.0000 0.0000	</row0>
			<row1>	0.0000 1.0000 0.0000 0.0000	</row1>
			<row2>	-1.0000 0.0000 0.0000 0.0000	</row2>
			<row3>	0.0442 0.3183 -8.0384 1.0000	</row3>
		</transform>
	</node>
	<node>
		<identifier>	MP_CM057_Accommodation_Ladder_Closed	</identifier>
		<parent>	Scene Root	</parent>
		<transform>
			<row0>	1.0000 0.0000 0.0000 0.0000	</row0>
			<row1>	0.0000 0.9995 0.0305 0.0000	</row1>
			<row2>	0.0000 -0.0305 0.9995 0.0000	</row2>
			<row3>	0.0783 0.2415 -5.6542 1.0000	</row3>
		</transform>
	</node>
	<node>
		<identifier>	MP_CM057_Accommodation_Ladder_Closed_INDEX_1	</identifier>
		<parent>	Scene Root	</parent>
		<transform>
			<row0>	1.0000 0.0000 0.0000 0.0000	</row0>
			<row1>	0.0000 0.9995 0.0305 0.0000	</row1>
			<row2>	0.0000 -0.0305 0.9995 0.0000	</row2>
			<row3>	-0.0783 0.2415 -5.6542 1.0000	</row3>
		</transform>
	</node>
	<node>
		<identifier>	MP_CM161_Propeller_4_8m_BB_R	</identifier>
		<parent>	Scene Root	</parent>
		<transform>
			<row0>	1.1174 0.0003 0.0242 0.0000	</row0>
			<row1>	0.0003 1.1173 -0.0287 0.0000	</row1>
			<row2>	-0.0242 0.0287 1.1170 0.0000	</row2>
			<row3>	0.4912 -0.3735 -6.6664 1.0000	</row3>
		</transform>
	</node>
	<node>
		<identifier>	MP_CM161_Propeller_4_8m_BB_R_INDEX_1	</identifier>
		<parent>	Scene Root	</parent>
		<transform>
			<row0>	1.1180 0.0000 -0.0076 0.0000	</row0>
			<row1>	0.0000 1.1176 -0.0287 0.0000	</row1>
			<row2>	0.0076 0.0287 1.1176 0.0000	</row2>
			<row3>	0.2311 -0.4245 -7.4820 1.0000	</row3>
		</transform>
	</node>
	<node>
		<identifier>	MP_CM162_Propeller_4_8m_BB_L	</identifier>
		<parent>	Scene Root	</parent>
		<transform>
			<row0>	1.1177 -0.0003 -0.0242 0.0000	</row0>
			<row1>	-0.0003 1.1176 -0.0287 0.0000	</row1>
			<row2>	0.0242 0.0287 1.1174 0.0000	</row2>
			<row3>	-0.4912 -0.3735 -6.6664 1.0000	</row3>
		</transform>
	</node>
	<node>
		<identifier>	MP_CM162_Propeller_4_8m_BB_L_INDEX_1	</identifier>
		<parent>	Scene Root	</parent>
		<transform>
			<row0>	1.1180 0.0000 0.0076 0.0000	</row0>
			<row1>	0.0000 1.1176 -0.0287 0.0000	</row1>
			<row2>	-0.0076 0.0287 1.1176 0.0000	</row2>
			<row3>	-0.2311 -0.4245 -7.4820 1.0000	</row3>
		</transform>
	</node>
	<node>
		<identifier>	MP_WM097_Reels	</identifier>
		<parent>	Scene Root	</parent>
		<transform>
			<row0>	0.0000 0.0255 -0.9997 0.0000	</row0>
			<row1>	0.0000 0.9997 0.0255 0.0000	</row1>
			<row2>	1.0000 0.0000 0.0000 0.0000	</row2>
			<row3>	-0.1832 0.2467 -5.9260 1.0000	</row3>
		</transform>
	</node>
	<node>
		<identifier>	MP_WM097_Reels_INDEX_1	</identifier>
		<parent>	Scene Root	</parent>
		<transform>
			<row0>	0.0000 -0.0255 0.9997 0.0000	</row0>
			<row1>	0.0000 0.9997 0.0255 0.0000	</row1>
			<row2>	-1.0000 0.0000 0.0000 0.0000	</row2>
			<row3>	0.1832 0.2467 -5.9260 1.0000	</row3>
		</transform>
	</node>
	<node>
		<identifier>	MP_WM098_Reels	</identifier>
		<parent>	Scene Root	</parent>
		<transform>
			<row0>	1.0000 0.0000 0.0000 0.0000	</row0>
			<row1>	0.0000 0.9997 0.0255 0.0000	</row1>
			<row2>	0.0000 -0.0255 0.9997 0.0000	</row2>
			<row3>	-0.3650 0.2474 -6.0060 1.0000	</row3>
		</transform>
	</node>
	<node>
		<identifier>	MP_WM098_Reels_INDEX_1	</identifier>
		<parent>	Scene Root	</parent>
		<transform>
			<row0>	1.0000 0.0000 0.0000 0.0000	</row0>
			<row1>	0.0000 0.9997 0.0255 0.0000	</row1>
			<row2>	0.0000 -0.0255 0.9997 0.0000	</row2>
			<row3>	0.3650 0.2474 -6.0060 1.0000	</row3>
		</transform>
	</node>
	<node>
		<identifier>	MP_WM5144_Ammunition_Box	</identifier>
		<parent>	Scene Root	</parent>
		<transform>
			<row0>	1.0000 0.0000 0.0000 0.0000	</row0>
			<row1>	0.0000 0.9994 0.0358 0.0000	</row1>
			<row2>	0.0000 -0.0358 0.9994 0.0000	</row2>
			<row3>	-0.0235 0.2943 -7.3858 1.0000	</row3>
		</transform>
	</node>
	<node>
		<identifier>	MP_WM5144_Ammunition_Box_INDEX_1	</identifier>
		<parent>	Scene Root	</parent>
		<transform>
			<row0>	-1.0000 0.0000 0.0000 0.0000	</row0>
			<row1>	0.0000 0.9994 0.0339 0.0000	</row1>
			<row2>	0.0000 0.0339 -0.9994 0.0000	</row2>
			<row3>	-0.4879 0.2474 -5.9308 1.0000	</row3>
		</transform>
	</node>
	<node>
		<identifier>	MP_WM5144_Ammunition_Box_INDEX_10	</identifier>
		<parent>	Scene Root	</parent>
		<transform>
			<row0>	-1.0000 0.0000 0.0000 0.0000	</row0>
			<row1>	0.0000 0.9994 0.0339 0.0000	</row1>
			<row2>	0.0000 0.0339 -0.9994 0.0000	</row2>
			<row3>	0.4435 0.2474 -5.9308 1.0000	</row3>
		</transform>
	</node>
	<node>
		<identifier>	MP_WM5144_Ammunition_Box_INDEX_11	</identifier>
		<parent>	Scene Root	</parent>
		<transform>
			<row0>	-1.0000 0.0000 0.0000 0.0000	</row0>
			<row1>	0.0000 0.9994 0.0339 0.0000	</row1>
			<row2>	0.0000 0.0339 -0.9994 0.0000	</row2>
			<row3>	-0.4402 0.2474 -5.9308 1.0000	</row3>
		</transform>
	</node>
	<node>
		<identifier>	MP_WM5144_Ammunition_Box_INDEX_12	</identifier>
		<parent>	Scene Root	</parent>
		<transform>
			<row0>	-1.0000 0.0000 0.0000 0.0000	</row0>
			<row1>	0.0000 0.9994 0.0339 0.0000	</row1>
			<row2>	0.0000 0.0339 -0.9994 0.0000	</row2>
			<row3>	0.4912 0.2474 -5.9308 1.0000	</row3>
		</transform>
	</node>
	<node>
		<identifier>	MP_WM5144_Ammunition_Box_INDEX_13	</identifier>
		<parent>	Scene Root	</parent>
		<transform>
			<row0>	-1.0000 0.0000 0.0000 0.0000	</row0>
			<row1>	0.0000 0.9994 0.0339 0.0000	</row1>
			<row2>	0.0000 0.0339 -0.9994 0.0000	</row2>
			<row3>	0.1492 0.2748 -6.8082 1.0000	</row3>
		</transform>
	</node>
	<node>
		<identifier>	MP_WM5144_Ammunition_Box_INDEX_2	</identifier>
		<parent>	Scene Root	</parent>
		<transform>
			<row0>	1.0000 0.0000 0.0000 0.0000	</row0>
			<row1>	0.0000 0.9994 0.0358 0.0000	</row1>
			<row2>	0.0000 -0.0358 0.9994 0.0000	</row2>
			<row3>	0.0242 0.2917 -7.3081 1.0000	</row3>
		</transform>
	</node>
	<node>
		<identifier>	MP_WM5144_Ammunition_Box_INDEX_3	</identifier>
		<parent>	Scene Root	</parent>
		<transform>
			<row0>	-1.0000 0.0000 0.0000 0.0000	</row0>
			<row1>	0.0000 0.9994 0.0339 0.0000	</row1>
			<row2>	0.0000 0.0339 -0.9994 0.0000	</row2>
			<row3>	0.1493 0.2717 -6.7292 1.0000	</row3>
		</transform>
	</node>
	<node>
		<identifier>	MP_WM5144_Ammunition_Box_INDEX_4	</identifier>
		<parent>	Scene Root	</parent>
		<transform>
			<row0>	-1.0000 0.0000 0.0000 0.0000	</row0>
			<row1>	0.0000 0.9994 0.0339 0.0000	</row1>
			<row2>	0.0000 0.0339 -0.9994 0.0000	</row2>
			<row3>	-0.1458 0.2748 -6.8114 1.0000	</row3>
		</transform>
	</node>
	<node>
		<identifier>	MP_WM5144_Ammunition_Box_INDEX_5	</identifier>
		<parent>	Scene Root	</parent>
		<transform>
			<row0>	-1.0000 0.0000 0.0000 0.0000	</row0>
			<row1>	0.0000 0.9994 0.0339 0.0000	</row1>
			<row2>	0.0000 0.0339 -0.9994 0.0000	</row2>
			<row3>	-0.1456 0.2717 -6.7315 1.0000	</row3>
		</transform>
	</node>
	<node>
		<identifier>	MP_WM5144_Ammunition_Box_INDEX_6	</identifier>
		<parent>	Scene Root	</parent>
		<transform>
			<row0>	1.0000 0.0000 0.0000 0.0000	</row0>
			<row1>	0.0000 0.9994 0.0358 0.0000	</row1>
			<row2>	0.0000 -0.0358 0.9994 0.0000	</row2>
			<row3>	0.0242 0.2943 -7.3858 1.0000	</row3>
		</transform>
	</node>
	<node>
		<identifier>	MP_WM5144_Ammunition_Box_INDEX_7	</identifier>
		<parent>	Scene Root	</parent>
		<transform>
			<row0>	1.0000 0.0000 0.0000 0.0000	</row0>
			<row1>	0.0000 0.9994 0.0358 0.0000	</row1>
			<row2>	0.0000 -0.0358 0.9994 0.0000	</row2>
			<row3>	0.0242 0.2891 -7.2304 1.0000	</row3>
		</transform>
	</node>
	<node>
		<identifier>	MP_WM5144_Ammunition_Box_INDEX_8	</identifier>
		<parent>	Scene Root	</parent>
		<transform>
			<row0>	1.0000 0.0000 0.0000 0.0000	</row0>
			<row1>	0.0000 0.9994 0.0358 0.0000	</row1>
			<row2>	0.0000 -0.0358 0.9994 0.0000	</row2>
			<row3>	-0.0235 0.2917 -7.3081 1.0000	</row3>
		</transform>
	</node>
	<node>
		<identifier>	MP_WM5144_Ammunition_Box_INDEX_9	</identifier>
		<parent>	Scene Root	</parent>
		<transform>
			<row0>	1.0000 0.0000 0.0000 0.0000	</row0>
			<row1>	0.0000 0.9994 0.0358 0.0000	</row1>
			<row2>	0.0000 -0.0358 0.9994 0.0000	</row2>
			<row3>	-0.0235 0.2891 -7.2304 1.0000	</row3>
		</transform>
	</node>
	<node>
		<identifier>	MP_WM5155_Night_lifebuoy	</identifier>
		<parent>	Scene Root	</parent>
		<transform>
			<row0>	0.9663 0.1214 -0.2271 0.0000	</row0>
			<row1>	-0.1089 0.9918 0.0666 0.0000	</row1>
			<row2>	0.2333 -0.0396 0.9716 0.0000	</row2>
			<row3>	0.3841 0.3634 -7.4991 1.0000	</row3>
		</transform>
	</node>
	<node>
		<identifier>	MP_WM5155_Night_lifebuoy_INDEX_1	</identifier>
		<parent>	Scene Root	</parent>
		<transform>
			<row0>	-0.9887 0.0897 -0.1202 0.0000	</row0>
			<row1>	0.0859 0.9957 0.0359 0.0000	</row1>
			<row2>	0.1229 0.0251 -0.9921 0.0000	</row2>
			<row3>	-0.6445 0.3121 -5.8556 1.0000	</row3>
		</transform>
	</node>
	<node>
		<identifier>	MP_WM5155_Night_lifebuoy_INDEX_2	</identifier>
		<parent>	Scene Root	</parent>
		<transform>
			<row0>	0.9887 0.0897 -0.1202 0.0000	</row0>
			<row1>	-0.0859 0.9957 0.0359 0.0000	</row1>
			<row2>	0.1229 -0.0251 0.9921 0.0000	</row2>
			<row3>	0.6445 0.3121 -5.8556 1.0000	</row3>
		</transform>
	</node>
	<node>
		<identifier>	MP_WM5155_Night_lifebuoy_INDEX_3	</identifier>
		<parent>	Scene Root	</parent>
		<transform>
			<row0>	-0.9663 0.1214 -0.2271 0.0000	</row0>
			<row1>	0.1089 0.9918 0.0666 0.0000	</row1>
			<row2>	0.2333 0.0396 -0.9716 0.0000	</row2>
			<row3>	-0.3841 0.3634 -7.4991 1.0000	</row3>
		</transform>
	</node>
	<node>
		<identifier>	MP_WM5156_Deck_Hatch	</identifier>
		<parent>	Scene Root	</parent>
		<transform>
			<row0>	1.0000 0.0000 0.0000 0.0000	</row0>
			<row1>	0.0000 0.9993 0.0369 0.0000	</row1>
			<row2>	0.0000 -0.0369 0.9993 0.0000	</row2>
			<row3>	0.0000 0.2778 -6.9205 1.0000	</row3>
		</transform>
	</node>
	<node>
		<identifier>	MP_WM5156_Deck_Hatch_INDEX_1	</identifier>
		<parent>	Scene Root	</parent>
		<transform>
			<row0>	1.0000 0.0000 0.0000 0.0000	</row0>
			<row1>	0.0000 0.9997 0.0248 0.0000	</row1>
			<row2>	0.0000 -0.0248 0.9997 0.0000	</row2>
			<row3>	0.1352 0.2524 -6.1280 1.0000	</row3>
		</transform>
	</node>
	<node>
		<identifier>	MP_WM5156_Deck_Hatch_INDEX_2	</identifier>
		<parent>	Scene Root	</parent>
		<transform>
			<row0>	-1.0000 0.0000 0.0000 0.0000	</row0>
			<row1>	0.0000 0.9995 0.0328 0.0000	</row1>
			<row2>	0.0000 0.0328 -0.9995 0.0000	</row2>
			<row3>	-0.0762 0.2577 -6.3042 1.0000	</row3>
		</transform>
	</node>
	<node>
		<identifier>	MP_WM5166_Turgut_Reis_plate	</identifier>
		<parent>	Scene Root	</parent>
		<transform>
			<row0>	-0.1628 -0.0166 0.9865 0.0000	</row0>
			<row1>	-0.3746 0.9260 -0.0463 0.0000	</row1>
			<row2>	-0.9128 -0.3770 -0.1570 0.0000	</row2>
			<row3>	-0.5180 0.2151 -6.6558 1.0000	</row3>
		</transform>
	</node>
	<node>
		<identifier>	MP_WM5166_Turgut_Reis_plate_INDEX_1	</identifier>
		<parent>	Scene Root	</parent>
		<transform>
			<row0>	-0.1628 0.0166 -0.9865 0.0000	</row0>
			<row1>	0.3746 0.9260 -0.0463 0.0000	</row1>
			<row2>	0.9128 -0.3770 -0.1570 0.0000	</row2>
			<row3>	0.5180 0.2151 -6.6558 1.0000	</row3>
		</transform>
	</node>
	<node>
		<identifier>	MP_WM516_Liferaft_type_20_10ft	</identifier>
		<parent>	Scene Root	</parent>
		<transform>
			<row0>	0.0000 -0.0338 0.9994 0.0000	</row0>
			<row1>	0.0000 0.9994 0.0338 0.0000	</row1>
			<row2>	-1.0000 0.0000 0.0000 0.0000	</row2>
			<row3>	-0.2738 0.3053 -6.9924 1.0000	</row3>
		</transform>
	</node>
	<node>
		<identifier>	MP_WM516_Liferaft_type_20_10ft_INDEX_1	</identifier>
		<parent>	Scene Root	</parent>
		<transform>
			<row0>	0.0000 -0.0338 0.9994 0.0000	</row0>
			<row1>	0.0000 0.9994 0.0338 0.0000	</row1>
			<row2>	-1.0000 0.0000 0.0000 0.0000	</row2>
			<row3>	-0.2738 0.2766 -6.8750 1.0000	</row3>
		</transform>
	</node>
	<node>
		<identifier>	MP_WM516_Liferaft_type_20_10ft_INDEX_10	</identifier>
		<parent>	Scene Root	</parent>
		<transform>
			<row0>	0.0000 0.0338 -0.9994 0.0000	</row0>
			<row1>	0.0000 0.9994 0.0338 0.0000	</row1>
			<row2>	1.0000 0.0000 0.0000 0.0000	</row2>
			<row3>	0.2738 0.3299 -6.9916 1.0000	</row3>
		</transform>
	</node>
	<node>
		<identifier>	MP_WM516_Liferaft_type_20_10ft_INDEX_11	</identifier>
		<parent>	Scene Root	</parent>
		<transform>
			<row0>	0.0000 0.0338 -0.9994 0.0000	</row0>
			<row1>	0.0000 0.9994 0.0338 0.0000	</row1>
			<row2>	1.0000 0.0000 0.0000 0.0000	</row2>
			<row3>	0.2738 0.3053 -6.9924 1.0000	</row3>
		</transform>
	</node>
	<node>
		<identifier>	MP_WM516_Liferaft_type_20_10ft_INDEX_2	</identifier>
		<parent>	Scene Root	</parent>
		<transform>
			<row0>	0.0000 -0.0338 0.9994 0.0000	</row0>
			<row1>	0.0000 0.9994 0.0338 0.0000	</row1>
			<row2>	-1.0000 0.0000 0.0000 0.0000	</row2>
			<row3>	-0.2738 0.3259 -6.8733 1.0000	</row3>
		</transform>
	</node>
	<node>
		<identifier>	MP_WM516_Liferaft_type_20_10ft_INDEX_3	</identifier>
		<parent>	Scene Root	</parent>
		<transform>
			<row0>	0.0000 0.0338 -0.9994 0.0000	</row0>
			<row1>	0.0000 0.9994 0.0338 0.0000	</row1>
			<row2>	1.0000 0.0000 0.0000 0.0000	</row2>
			<row3>	0.2738 0.3013 -6.8741 1.0000	</row3>
		</transform>
	</node>
	<node>
		<identifier>	MP_WM516_Liferaft_type_20_10ft_INDEX_4	</identifier>
		<parent>	Scene Root	</parent>
		<transform>
			<row0>	0.0000 0.0338 -0.9994 0.0000	</row0>
			<row1>	0.0000 0.9994 0.0338 0.0000	</row1>
			<row2>	1.0000 0.0000 0.0000 0.0000	</row2>
			<row3>	0.2738 0.2806 -6.9933 1.0000	</row3>
		</transform>
	</node>
	<node>
		<identifier>	MP_WM516_Liferaft_type_20_10ft_INDEX_5	</identifier>
		<parent>	Scene Root	</parent>
		<transform>
			<row0>	0.0000 -0.0338 0.9994 0.0000	</row0>
			<row1>	0.0000 0.9994 0.0338 0.0000	</row1>
			<row2>	-1.0000 0.0000 0.0000 0.0000	</row2>
			<row3>	-0.2738 0.3299 -6.9916 1.0000	</row3>
		</transform>
	</node>
	<node>
		<identifier>	MP_WM516_Liferaft_type_20_10ft_INDEX_6	</identifier>
		<parent>	Scene Root	</parent>
		<transform>
			<row0>	0.0000 -0.0338 0.9994 0.0000	</row0>
			<row1>	0.0000 0.9994 0.0338 0.0000	</row1>
			<row2>	-1.0000 0.0000 0.0000 0.0000	</row2>
			<row3>	-0.2738 0.3013 -6.8741 1.0000	</row3>
		</transform>
	</node>
	<node>
		<identifier>	MP_WM516_Liferaft_type_20_10ft_INDEX_7	</identifier>
		<parent>	Scene Root	</parent>
		<transform>
			<row0>	0.0000 0.0338 -0.9994 0.0000	</row0>
			<row1>	0.0000 0.9994 0.0338 0.0000	</row1>
			<row2>	1.0000 0.0000 0.0000 0.0000	</row2>
			<row3>	0.2738 0.2766 -6.8750 1.0000	</row3>
		</transform>
	</node>
	<node>
		<identifier>	MP_WM516_Liferaft_type_20_10ft_INDEX_8	</identifier>
		<parent>	Scene Root	</parent>
		<transform>
			<row0>	0.0000 0.0338 -0.9994 0.0000	</row0>
			<row1>	0.0000 0.9994 0.0338 0.0000	</row1>
			<row2>	1.0000 0.0000 0.0000 0.0000	</row2>
			<row3>	0.2738 0.3259 -6.8733 1.0000	</row3>
		</transform>
	</node>
	<node>
		<identifier>	MP_WM516_Liferaft_type_20_10ft_INDEX_9	</identifier>
		<parent>	Scene Root	</parent>
		<transform>
			<row0>	0.0000 -0.0338 0.9994 0.0000	</row0>
			<row1>	0.0000 0.9994 0.0338 0.0000	</row1>
			<row2>	-1.0000 0.0000 0.0000 0.0000	</row2>
			<row3>	-0.2738 0.2806 -6.9933 1.0000	</row3>
		</transform>
	</node>
	<node>
		<identifier>	MP_WM707_Ammunition_Box	</identifier>
		<parent>	Scene Root	</parent>
		<transform>
			<row0>	1.0000 0.0000 0.0000 0.0000	</row0>
			<row1>	0.0000 1.0000 0.0000 0.0000	</row1>
			<row2>	0.0000 0.0000 1.0000 0.0000	</row2>
			<row3>	-0.1711 0.2781 -7.0849 1.0000	</row3>
		</transform>
	</node>
	<node>
		<identifier>	MP_WM757_Deck_Hatch	</identifier>
		<parent>	Scene Root	</parent>
		<transform>
			<row0>	-1.0000 0.0000 0.0000 0.0000	</row0>
			<row1>	0.0000 0.9995 0.0312 0.0000	</row1>
			<row2>	0.0000 0.0312 -0.9995 0.0000	</row2>
			<row3>	0.2653 0.2617 -6.3105 1.0000	</row3>
		</transform>
	</node>
	<node>
		<identifier>	MP_WM757_Deck_Hatch_INDEX_1	</identifier>
		<parent>	Scene Root	</parent>
		<transform>
			<row0>	-1.0000 0.0000 0.0000 0.0000	</row0>
			<row1>	0.0000 0.9994 0.0347 0.0000	</row1>
			<row2>	0.0000 0.0347 -0.9994 0.0000	</row2>
			<row3>	0.0522 0.3194 -7.9574 1.0000	</row3>
		</transform>
	</node>
	<node>
		<identifier>	MP_WM757_Deck_Hatch_INDEX_2	</identifier>
		<parent>	Scene Root	</parent>
		<transform>
			<row0>	1.0000 0.0000 0.0000 0.0000	</row0>
			<row1>	0.0000 0.9995 0.0312 0.0000	</row1>
			<row2>	0.0000 -0.0312 0.9995 0.0000	</row2>
			<row3>	-0.2653 0.2617 -6.3105 1.0000	</row3>
		</transform>
	</node>
	<node>
		<identifier>	MP_WM757_Deck_Hatch_INDEX_3	</identifier>
		<parent>	Scene Root	</parent>
		<transform>
			<row0>	-1.0000 0.0000 0.0000 0.0000	</row0>
			<row1>	0.0000 0.9994 0.0339 0.0000	</row1>
			<row2>	0.0000 0.0339 -0.9994 0.0000	</row2>
			<row3>	0.0423 0.2753 -6.7375 1.0000	</row3>
		</transform>
	</node>
	<node>
		<identifier>	MP_WM757_Deck_Hatch_INDEX_4	</identifier>
		<parent>	Scene Root	</parent>
		<transform>
			<row0>	1.0000 0.0000 0.0000 0.0000	</row0>
			<row1>	0.0000 0.9994 0.0358 0.0000	</row1>
			<row2>	0.0000 -0.0358 0.9994 0.0000	</row2>
			<row3>	-0.0388 0.2884 -7.1036 1.0000	</row3>
		</transform>
	</node>
	<node>
		<identifier>	MP_WM803_Ventilation_box	</identifier>
		<parent>	Scene Root	</parent>
		<transform>
			<row0>	0.0000 0.0000 1.0000 0.0000	</row0>
			<row1>	0.0000 1.0000 0.0000 0.0000	</row1>
			<row2>	-1.0000 0.0000 0.0000 0.0000	</row2>
			<row3>	-0.2917 0.2455 -5.9754 1.0000	</row3>
		</transform>
	</node>
	<node>
		<identifier>	MP_WM803_Ventilation_box_INDEX_1	</identifier>
		<parent>	Scene Root	</parent>
		<transform>
			<row0>	0.0000 0.0000 1.0000 0.0000	</row0>
			<row1>	0.0000 1.0000 0.0000 0.0000	</row1>
			<row2>	-1.0000 0.0000 0.0000 0.0000	</row2>
			<row3>	0.2917 0.2455 -5.9754 1.0000	</row3>
		</transform>
	</node>
	<node>
		<identifier>	MP_WM803_Ventilation_box_INDEX_2	</identifier>
		<parent>	Scene Root	</parent>
		<transform>
			<row0>	0.0000 0.0000 1.0000 0.0000	</row0>
			<row1>	0.0000 1.0000 0.0000 0.0000	</row1>
			<row2>	-1.0000 0.0000 0.0000 0.0000	</row2>
			<row3>	-0.1607 0.2573 -6.4029 1.0000	</row3>
		</transform>
	</node>
	<node>
		<identifier>	MP_WM803_Ventilation_box_INDEX_3	</identifier>
		<parent>	Scene Root	</parent>
		<transform>
			<row0>	0.0000 0.0000 1.0000 0.0000	</row0>
			<row1>	0.0000 1.0000 0.0000 0.0000	</row1>
			<row2>	-1.0000 0.0000 0.0000 0.0000	</row2>
			<row3>	0.3872 0.2800 -7.0722 1.0000	</row3>
		</transform>
	</node>
	<node>
		<identifier>	MP_WM803_Ventilation_box_INDEX_4	</identifier>
		<parent>	Scene Root	</parent>
		<transform>
			<row0>	0.0000 0.0000 1.0000 0.0000	</row0>
			<row1>	0.0000 1.0000 0.0000 0.0000	</row1>
			<row2>	-1.0000 0.0000 0.0000 0.0000	</row2>
			<row3>	0.0574 0.3166 -8.1149 1.0000	</row3>
		</transform>
	</node>
	<node>
		<identifier>	MP_WM803_Ventilation_box_INDEX_5	</identifier>
		<parent>	Scene Root	</parent>
		<transform>
			<row0>	0.0000 0.0000 1.0000 0.0000	</row0>
			<row1>	0.0000 1.0000 0.0000 0.0000	</row1>
			<row2>	-1.0000 0.0000 0.0000 0.0000	</row2>
			<row3>	-0.0574 0.3166 -8.1149 1.0000	</row3>
		</transform>
	</node>
	<node>
		<identifier>	MP_WM803_Ventilation_box_INDEX_6	</identifier>
		<parent>	Scene Root	</parent>
		<transform>
			<row0>	0.0000 0.0000 1.0000 0.0000	</row0>
			<row1>	0.0000 1.0000 0.0000 0.0000	</row1>
			<row2>	-1.0000 0.0000 0.0000 0.0000	</row2>
			<row3>	-0.0946 0.2765 -6.9484 1.0000	</row3>
		</transform>
	</node>
	<node>
		<identifier>	MP_WM803_Ventilation_box_INDEX_7	</identifier>
		<parent>	Scene Root	</parent>
		<transform>
			<row0>	0.0000 0.0000 1.0000 0.0000	</row0>
			<row1>	0.0000 1.0000 0.0000 0.0000	</row1>
			<row2>	-1.0000 0.0000 0.0000 0.0000	</row2>
			<row3>	-0.3872 0.2800 -7.0722 1.0000	</row3>
		</transform>
	</node>
	<node>
		<identifier>	MP_WM803_Ventilation_box_INDEX_8	</identifier>
		<parent>	Scene Root	</parent>
		<transform>
			<row0>	0.0000 0.0000 1.0000 0.0000	</row0>
			<row1>	0.0000 1.0000 0.0000 0.0000	</row1>
			<row2>	-1.0000 0.0000 0.0000 0.0000	</row2>
			<row3>	0.1607 0.2573 -6.4029 1.0000	</row3>
		</transform>
	</node>
	<node>
		<identifier>	MP_WM804_Ventilators_mushroom	</identifier>
		<parent>	Scene Root	</parent>
		<transform>
			<row0>	-1.0000 0.0000 0.0000 0.0000	</row0>
			<row1>	0.0000 1.0000 0.0000 0.0000	</row1>
			<row2>	0.0000 0.0000 -1.0000 0.0000	</row2>
			<row3>	0.1600 0.2999 -7.6115 1.0000	</row3>
		</transform>
	</node>
	<node>
		<identifier>	MP_WM804_Ventilators_mushroom_INDEX_1	</identifier>
		<parent>	Scene Root	</parent>
		<transform>
			<row0>	-1.0000 0.0000 0.0000 0.0000	</row0>
			<row1>	0.0000 1.0000 0.0000 0.0000	</row1>
			<row2>	0.0000 0.0000 -1.0000 0.0000	</row2>
			<row3>	-0.0214 0.2392 -5.6717 1.0000	</row3>
		</transform>
	</node>
	<node>
		<identifier>	MP_WM804_Ventilators_mushroom_INDEX_2	</identifier>
		<parent>	Scene Root	</parent>
		<transform>
			<row0>	-1.0000 0.0000 0.0000 0.0000	</row0>
			<row1>	0.0000 1.0000 0.0000 0.0000	</row1>
			<row2>	0.0000 0.0000 -1.0000 0.0000	</row2>
			<row3>	0.2539 0.2999 -7.5711 1.0000	</row3>
		</transform>
	</node>
	<node>
		<identifier>	MP_WM804_Ventilators_mushroom_INDEX_3	</identifier>
		<parent>	Scene Root	</parent>
		<transform>
			<row0>	-1.0000 0.0000 0.0000 0.0000	</row0>
			<row1>	0.0000 1.0000 0.0000 0.0000	</row1>
			<row2>	0.0000 0.0000 -1.0000 0.0000	</row2>
			<row3>	-0.2539 0.2999 -7.5711 1.0000	</row3>
		</transform>
	</node>
	<node>
		<identifier>	MP_WM804_Ventilators_mushroom_INDEX_4	</identifier>
		<parent>	Scene Root	</parent>
		<transform>
			<row0>	-1.0000 0.0000 0.0000 0.0000	</row0>
			<row1>	0.0000 1.0000 0.0000 0.0000	</row1>
			<row2>	0.0000 0.0000 -1.0000 0.0000	</row2>
			<row3>	-0.1600 0.2999 -7.6115 1.0000	</row3>
		</transform>
	</node>
	<node>
		<identifier>	MP_WM861_Fog_Light	</identifier>
		<parent>	Scene Root	</parent>
		<transform>
			<row0>	-1.0000 0.0000 0.0000 0.0000	</row0>
			<row1>	0.0000 1.0000 0.0000 0.0000	</row1>
			<row2>	0.0000 0.0000 -1.0000 0.0000	</row2>
			<row3>	0.0000 0.3794 -8.5932 1.0000	</row3>
		</transform>
	</node>
	<node>
		<identifier>	MP_WM976_3ton_electrik_winch_R	</identifier>
		<parent>	Scene Root	</parent>
		<transform>
			<row0>	-0.9914 -0.0042 0.1305 0.0000	</row0>
			<row1>	0.0000 0.9995 0.0325 0.0000	</row1>
			<row2>	-0.1305 0.0322 -0.9909 0.0000	</row2>
			<row3>	0.3491 0.2607 -6.4928 1.0000	</row3>
		</transform>
	</node>
	<node>
		<identifier>	MP_WM977_3ton_electrik_winch_L	</identifier>
		<parent>	Scene Root	</parent>
		<transform>
			<row0>	-0.9914 0.0042 -0.1305 0.0000	</row0>
			<row1>	0.0000 0.9995 0.0325 0.0000	</row1>
			<row2>	0.1305 0.0322 -0.9909 0.0000	</row2>
			<row3>	-0.3491 0.2607 -6.4928 1.0000	</row3>
		</transform>
	</node>
	<node>
		<identifier>	SP_YMS011_YHWL_M_1_INDEX_16	</identifier>
		<parent>	Scene Root	</parent>
		<transform>
			<row0>	0.9828 0.0000 0.1847 0.0000	</row0>
			<row1>	0.0000 1.0000 0.0000 0.0000	</row1>
			<row2>	-0.1847 0.0000 0.9828 0.0000	</row2>
			<row3>	-0.3238 -0.0002 -7.2220 1.0000	</row3>
		</transform>
	</node>
	<node>
		<identifier>	SP_YMS011_YHWL_M_1_INDEX_17	</identifier>
		<parent>	Scene Root	</parent>
		<transform>
			<row0>	0.9885 0.0000 0.1509 0.0000	</row0>
			<row1>	0.0000 1.0000 0.0000 0.0000	</row1>
			<row2>	-0.1509 0.0000 0.9885 0.0000	</row2>
			<row3>	-0.6173 0.0000 -5.5387 1.0000	</row3>
		</transform>
	</node>
	<node>
		<identifier>	SP_YMS011_YHWL_M_1_INDEX_18	</identifier>
		<parent>	Scene Root	</parent>
		<transform>
			<row0>	0.9849 0.0000 0.1731 0.0000	</row0>
			<row1>	0.0000 1.0000 0.0000 0.0000	</row1>
			<row2>	-0.1731 0.0000 0.9849 0.0000	</row2>
			<row3>	-0.4798 0.0000 -6.3821 1.0000	</row3>
		</transform>
	</node>
	<node>
		<identifier>	SP_YMS012_YHWR_M_1_INDEX_16	</identifier>
		<parent>	Scene Root	</parent>
		<transform>
			<row0>	0.9828 0.0000 -0.1847 0.0000	</row0>
			<row1>	0.0000 1.0000 0.0000 0.0000	</row1>
			<row2>	0.1847 0.0000 0.9828 0.0000	</row2>
			<row3>	0.3316 -0.0002 -7.2277 1.0000	</row3>
		</transform>
	</node>
	<node>
		<identifier>	SP_YMS012_YHWR_M_1_INDEX_17	</identifier>
		<parent>	Scene Root	</parent>
		<transform>
			<row0>	0.9849 0.0000 -0.1731 0.0000	</row0>
			<row1>	0.0000 1.0000 0.0000 0.0000	</row1>
			<row2>	0.1731 0.0000 0.9849 0.0000	</row2>
			<row3>	0.4808 0.0000 -6.3870 1.0000	</row3>
		</transform>
	</node>
	<node>
		<identifier>	SP_YMS012_YHWR_M_1_INDEX_18	</identifier>
		<parent>	Scene Root	</parent>
		<transform>
			<row0>	0.9885 0.0000 -0.1509 0.0000	</row0>
			<row1>	0.0000 1.0000 0.0000 0.0000	</row1>
			<row2>	0.1509 0.0000 0.9885 0.0000	</row2>
			<row3>	0.6157 0.0000 -5.5385 1.0000	</row3>
		</transform>
	</node>
	<node>
		<identifier>	SP_YMS023_YHUC_L_1	</identifier>
		<parent>	Scene Root	</parent>
		<transform>
			<row0>	0.6362 0.0000 0.0044 0.0000	</row0>
			<row1>	0.0000 0.6360 -0.0163 0.0000	</row1>
			<row2>	-0.0044 0.0163 0.6360 0.0000	</row2>
			<row3>	-0.2311 -0.4284 -7.6012 1.0000	</row3>
		</transform>
	</node>
	<node>
		<identifier>	SP_YMS023_YHUC_L_1_INDEX_1	</identifier>
		<parent>	Scene Root	</parent>
		<transform>
			<row0>	0.9998 -0.0003 -0.0216 0.0000	</row0>
			<row1>	-0.0003 0.9997 -0.0257 0.0000	</row1>
			<row2>	0.0216 0.0257 0.9994 0.0000	</row2>
			<row3>	-0.4912 -0.3735 -6.6957 1.0000	</row3>
		</transform>
	</node>
	<node>
		<identifier>	SP_YMS023_YHUC_L_1_INDEX_2	</identifier>
		<parent>	Scene Root	</parent>
		<transform>
			<row0>	0.6362 0.0000 -0.0044 0.0000	</row0>
			<row1>	0.0000 0.6360 -0.0163 0.0000	</row1>
			<row2>	0.0044 0.0163 0.6360 0.0000	</row2>
			<row3>	0.2311 -0.4284 -7.6012 1.0000	</row3>
		</transform>
	</node>
	<node>
		<identifier>	SP_YMS023_YHUC_L_1_INDEX_3	</identifier>
		<parent>	Scene Root	</parent>
		<transform>
			<row0>	0.9998 0.0003 0.0216 0.0000	</row0>
			<row1>	0.0003 0.9997 -0.0257 0.0000	</row1>
			<row2>	-0.0216 0.0257 0.9994 0.0000	</row2>
			<row3>	0.4912 -0.3735 -6.6957 1.0000	</row3>
		</transform>
	</node>
	<node>
		<identifier>	SP_YMS031_YHAL_M_1	</identifier>
		<parent>	Scene Root	</parent>
		<transform>
			<row0>	0.9449 0.1177 0.3056 0.0000	</row0>
			<row1>	-0.1228 0.9924 -0.0024 0.0000	</row1>
			<row2>	-0.3035 -0.0352 0.9522 0.0000	</row2>
			<row3>	-0.2120 0.1821 -8.1627 1.0000	</row3>
		</transform>
	</node>
	<node>
		<identifier>	SP_YMS032_YHAR_M_1	</identifier>
		<parent>	Scene Root	</parent>
		<transform>
			<row0>	0.9449 -0.1177 -0.3056 0.0000	</row0>
			<row1>	0.1228 0.9924 -0.0024 0.0000	</row1>
			<row2>	0.3035 -0.0352 0.9522 0.0000	</row2>
			<row3>	0.2120 0.1821 -8.1627 1.0000	</row3>
		</transform>
	</node>
	<node>
		<identifier>	SP_YMS053_YHDC_S_1_INDEX_5	</identifier>
		<parent>	Scene Root	</parent>
		<transform>
			<row0>	1.0000 0.0000 0.0000 0.0000	</row0>
			<row1>	0.0000 0.9998 0.0222 0.0000	</row1>
			<row2>	0.0000 -0.0222 0.9998 0.0000	</row2>
			<row3>	0.0000 0.3253 -7.7829 1.0000	</row3>
		</transform>
	</node>
	<node>
		<identifier>	SP_YMS053_YHDC_S_1_INDEX_6	</identifier>
		<parent>	Scene Root	</parent>
		<transform>
			<row0>	1.0000 0.0000 0.0000 0.0000	</row0>
			<row1>	0.0000 0.9998 0.0222 0.0000	</row1>
			<row2>	0.0000 -0.0222 0.9998 0.0000	</row2>
			<row3>	0.0000 0.2803 -6.4872 1.0000	</row3>
		</transform>
	</node>
	<node>
		<identifier>	SP_YMS082_YHSC_M_1	</identifier>
		<parent>	Scene Root	</parent>
		<transform>
			<row0>	0.1869 0.0221 -0.9821 0.0000	</row0>
			<row1>	-0.3765 0.9250 -0.0508 0.0000	</row1>
			<row2>	0.9073 0.3793 0.1812 0.0000	</row2>
			<row3>	-0.4172 0.1946 -7.1881 1.0000	</row3>
		</transform>
	</node>
	<node>
		<identifier>	SP_YMS082_YHSC_M_1_INDEX_1	</identifier>
		<parent>	Scene Root	</parent>
		<transform>
			<row0>	0.2245 0.0197 -0.9743 0.0000	</row0>
			<row1>	-0.3243 0.9443 -0.0556 0.0000	</row1>
			<row2>	0.9189 0.3284 0.2184 0.0000	</row2>
			<row3>	-0.3107 0.1638 -7.6046 1.0000	</row3>
		</transform>
	</node>
	<node>
		<identifier>	SP_YMS082_YHSC_M_1_INDEX_2	</identifier>
		<parent>	Scene Root	</parent>
		<transform>
			<row0>	0.1869 -0.0221 0.9821 0.0000	</row0>
			<row1>	0.3765 0.9250 -0.0508 0.0000	</row1>
			<row2>	-0.9073 0.3793 0.1812 0.0000	</row2>
			<row3>	0.4172 0.1946 -7.1881 1.0000	</row3>
		</transform>
	</node>
	<node>
		<identifier>	SP_YMS082_YHSC_M_1_INDEX_3	</identifier>
		<parent>	Scene Root	</parent>
		<transform>
			<row0>	0.2245 -0.0197 0.9743 0.0000	</row0>
			<row1>	0.3243 0.9443 -0.0556 0.0000	</row1>
			<row2>	-0.9189 0.3284 0.2184 0.0000	</row2>
			<row3>	0.3107 0.1638 -7.6046 1.0000	</row3>
		</transform>
	</node>
</WSB311_Turgut_Reis_1946_Stern.skel_ext>
