<IAB700_CANT_Z_508.visual>
	<skeleton>
		<node>
			<identifier>	Scene Root	</identifier>
			<transform>
				<row0>	1.0000 0.0000 0.0000 0.0000	</row0>
				<row1>	0.0000 1.0000 0.0000 0.0000	</row1>
				<row2>	0.0000 0.0000 1.0000 0.0000	</row2>
				<row3>	0.0000 0.0000 0.0000 1.0000	</row3>
			</transform>
			<node>
				<identifier>	Root	</identifier>
				<transform>
					<row0>	1.0000 0.0000 0.0000 0.0000	</row0>
					<row1>	0.0000 1.0000 0.0000 0.0000	</row1>
					<row2>	0.0000 0.0000 1.0000 0.0000	</row2>
					<row3>	0.0000 0.0000 0.0000 1.0000	</row3>
				</transform>
				<node>
					<identifier>	HP_Air_bomb_1	</identifier>
					<transform>
						<row0>	1.0000 0.0000 0.0000 0.0000	</row0>
						<row1>	0.0000 1.0000 0.0000 0.0000	</row1>
						<row2>	0.0000 0.0000 1.0000 0.0000	</row2>
						<row3>	-0.2018 0.1310 0.1093 1.0000	</row3>
					</transform>
				</node>
				<node>
					<identifier>	HP_Air_bomb_2	</identifier>
					<transform>
						<row0>	1.0000 0.0000 0.0000 0.0000	</row0>
						<row1>	0.0000 1.0000 0.0000 0.0000	</row1>
						<row2>	0.0000 0.0000 1.0000 0.0000	</row2>
						<row3>	0.2018 0.1310 0.1093 1.0000	</row3>
					</transform>
				</node>
				<node>
					<identifier>	HP_Air_bomb_3	</identifier>
					<transform>
						<row0>	1.0000 0.0000 0.0000 0.0000	</row0>
						<row1>	0.0000 1.0000 0.0000 0.0000	</row1>
						<row2>	0.0000 0.0000 1.0000 0.0000	</row2>
						<row3>	-0.2018 0.1310 -0.1364 1.0000	</row3>
					</transform>
				</node>
				<node>
					<identifier>	HP_Air_bomb_4	</identifier>
					<transform>
						<row0>	1.0000 0.0000 0.0000 0.0000	</row0>
						<row1>	0.0000 1.0000 0.0000 0.0000	</row1>
						<row2>	0.0000 0.0000 1.0000 0.0000	</row2>
						<row3>	0.2018 0.1310 -0.1364 1.0000	</row3>
					</transform>
				</node>
				<node>
					<identifier>	HP_Air_bomb_5	</identifier>
					<transform>
						<row0>	1.0000 0.0000 0.0000 0.0000	</row0>
						<row1>	0.0000 1.0000 0.0000 0.0000	</row1>
						<row2>	0.0000 0.0000 1.0000 0.0000	</row2>
						<row3>	-0.2018 0.1310 -0.0119 1.0000	</row3>
					</transform>
				</node>
				<node>
					<identifier>	HP_Air_bomb_6	</identifier>
					<transform>
						<row0>	1.0000 0.0000 0.0000 0.0000	</row0>
						<row1>	0.0000 1.0000 0.0000 0.0000	</row1>
						<row2>	0.0000 0.0000 1.0000 0.0000	</row2>
						<row3>	0.2018 0.1310 -0.0119 1.0000	</row3>
					</transform>
				</node>
				<node>
					<identifier>	HP_Air_death_1	</identifier>
					<transform>
						<row0>	1.0000 0.0000 0.0000 0.0000	</row0>
						<row1>	0.0000 1.0000 0.0000 0.0000	</row1>
						<row2>	0.0000 0.0000 1.0000 0.0000	</row2>
						<row3>	0.0000 0.1495 0.0574 1.0000	</row3>
					</transform>
				</node>
				<node>
					<identifier>	HP_Air_enginelight_1	</identifier>
					<transform>
						<row0>	0.0000 0.0000 -1.0000 0.0000	</row0>
						<row1>	0.3746 0.9272 0.0000 0.0000	</row1>
						<row2>	0.9272 -0.3746 0.0000 0.0000	</row2>
						<row3>	-0.3052 0.3658 0.1666 1.0000	</row3>
					</transform>
				</node>
				<node>
					<identifier>	HP_Air_enginelight_10	</identifier>
					<transform>
						<row0>	0.0000 0.0000 1.0000 0.0000	</row0>
						<row1>	-0.3746 0.9272 0.0000 0.0000	</row1>
						<row2>	-0.9272 -0.3746 0.0000 0.0000	</row2>
						<row3>	-0.2252 0.3658 0.1474 1.0000	</row3>
					</transform>
				</node>
				<node>
					<identifier>	HP_Air_enginelight_11	</identifier>
					<transform>
						<row0>	0.0000 0.0000 1.0000 0.0000	</row0>
						<row1>	-0.3746 0.9272 0.0000 0.0000	</row1>
						<row2>	-0.9272 -0.3746 0.0000 0.0000	</row2>
						<row3>	-0.2252 0.3658 0.1570 1.0000	</row3>
					</transform>
				</node>
				<node>
					<identifier>	HP_Air_enginelight_12	</identifier>
					<transform>
						<row0>	0.0000 0.0000 1.0000 0.0000	</row0>
						<row1>	-0.3746 0.9272 0.0000 0.0000	</row1>
						<row2>	-0.9272 -0.3746 0.0000 0.0000	</row2>
						<row3>	-0.2252 0.3658 0.1666 1.0000	</row3>
					</transform>
				</node>
				<node>
					<identifier>	HP_Air_enginelight_13	</identifier>
					<transform>
						<row0>	0.0000 0.0000 -1.0000 0.0000	</row0>
						<row1>	0.3746 0.9272 0.0000 0.0000	</row1>
						<row2>	0.9272 -0.3746 0.0000 0.0000	</row2>
						<row3>	-0.0399 0.3658 0.1186 1.0000	</row3>
					</transform>
				</node>
				<node>
					<identifier>	HP_Air_enginelight_14	</identifier>
					<transform>
						<row0>	0.0000 0.0000 -1.0000 0.0000	</row0>
						<row1>	0.3746 0.9272 0.0000 0.0000	</row1>
						<row2>	0.9272 -0.3746 0.0000 0.0000	</row2>
						<row3>	-0.0399 0.3658 0.1282 1.0000	</row3>
					</transform>
				</node>
				<node>
					<identifier>	HP_Air_enginelight_15	</identifier>
					<transform>
						<row0>	0.0000 0.0000 -1.0000 0.0000	</row0>
						<row1>	0.3746 0.9272 0.0000 0.0000	</row1>
						<row2>	0.9272 -0.3746 0.0000 0.0000	</row2>
						<row3>	-0.0399 0.3658 0.1378 1.0000	</row3>
					</transform>
				</node>
				<node>
					<identifier>	HP_Air_enginelight_16	</identifier>
					<transform>
						<row0>	0.0000 0.0000 -1.0000 0.0000	</row0>
						<row1>	0.3746 0.9272 0.0000 0.0000	</row1>
						<row2>	0.9272 -0.3746 0.0000 0.0000	</row2>
						<row3>	-0.0399 0.3658 0.1474 1.0000	</row3>
					</transform>
				</node>
				<node>
					<identifier>	HP_Air_enginelight_17	</identifier>
					<transform>
						<row0>	0.0000 0.0000 -1.0000 0.0000	</row0>
						<row1>	0.3746 0.9272 0.0000 0.0000	</row1>
						<row2>	0.9272 -0.3746 0.0000 0.0000	</row2>
						<row3>	-0.0399 0.3658 0.1570 1.0000	</row3>
					</transform>
				</node>
				<node>
					<identifier>	HP_Air_enginelight_18	</identifier>
					<transform>
						<row0>	0.0000 0.0000 -1.0000 0.0000	</row0>
						<row1>	0.3746 0.9272 0.0000 0.0000	</row1>
						<row2>	0.9272 -0.3746 0.0000 0.0000	</row2>
						<row3>	-0.0399 0.3658 0.1666 1.0000	</row3>
					</transform>
				</node>
				<node>
					<identifier>	HP_Air_enginelight_19	</identifier>
					<transform>
						<row0>	0.0000 0.0000 1.0000 0.0000	</row0>
						<row1>	-0.3746 0.9272 0.0000 0.0000	</row1>
						<row2>	-0.9272 -0.3746 0.0000 0.0000	</row2>
						<row3>	0.0399 0.3658 0.1378 1.0000	</row3>
					</transform>
				</node>
				<node>
					<identifier>	HP_Air_enginelight_2	</identifier>
					<transform>
						<row0>	0.0000 0.0000 -1.0000 0.0000	</row0>
						<row1>	0.3746 0.9272 0.0000 0.0000	</row1>
						<row2>	0.9272 -0.3746 0.0000 0.0000	</row2>
						<row3>	-0.3052 0.3658 0.1570 1.0000	</row3>
					</transform>
				</node>
				<node>
					<identifier>	HP_Air_enginelight_20	</identifier>
					<transform>
						<row0>	0.0000 0.0000 1.0000 0.0000	</row0>
						<row1>	-0.3746 0.9272 0.0000 0.0000	</row1>
						<row2>	-0.9272 -0.3746 0.0000 0.0000	</row2>
						<row3>	0.0399 0.3658 0.1282 1.0000	</row3>
					</transform>
				</node>
				<node>
					<identifier>	HP_Air_enginelight_21	</identifier>
					<transform>
						<row0>	0.0000 0.0000 1.0000 0.0000	</row0>
						<row1>	-0.3746 0.9272 0.0000 0.0000	</row1>
						<row2>	-0.9272 -0.3746 0.0000 0.0000	</row2>
						<row3>	0.0399 0.3658 0.1186 1.0000	</row3>
					</transform>
				</node>
				<node>
					<identifier>	HP_Air_enginelight_22	</identifier>
					<transform>
						<row0>	0.0000 0.0000 1.0000 0.0000	</row0>
						<row1>	-0.3746 0.9272 0.0000 0.0000	</row1>
						<row2>	-0.9272 -0.3746 0.0000 0.0000	</row2>
						<row3>	0.0399 0.3658 0.1666 1.0000	</row3>
					</transform>
				</node>
				<node>
					<identifier>	HP_Air_enginelight_23	</identifier>
					<transform>
						<row0>	0.0000 0.0000 1.0000 0.0000	</row0>
						<row1>	-0.3746 0.9272 0.0000 0.0000	</row1>
						<row2>	-0.9272 -0.3746 0.0000 0.0000	</row2>
						<row3>	0.0399 0.3658 0.1474 1.0000	</row3>
					</transform>
				</node>
				<node>
					<identifier>	HP_Air_enginelight_24	</identifier>
					<transform>
						<row0>	0.0000 0.0000 1.0000 0.0000	</row0>
						<row1>	-0.3746 0.9272 0.0000 0.0000	</row1>
						<row2>	-0.9272 -0.3746 0.0000 0.0000	</row2>
						<row3>	0.0399 0.3658 0.1570 1.0000	</row3>
					</transform>
				</node>
				<node>
					<identifier>	HP_Air_enginelight_25	</identifier>
					<transform>
						<row0>	0.0000 0.0000 -1.0000 0.0000	</row0>
						<row1>	0.3746 0.9272 0.0000 0.0000	</row1>
						<row2>	0.9272 -0.3746 0.0000 0.0000	</row2>
						<row3>	0.2252 0.3658 0.1666 1.0000	</row3>
					</transform>
				</node>
				<node>
					<identifier>	HP_Air_enginelight_26	</identifier>
					<transform>
						<row0>	0.0000 0.0000 -1.0000 0.0000	</row0>
						<row1>	0.3746 0.9272 0.0000 0.0000	</row1>
						<row2>	0.9272 -0.3746 0.0000 0.0000	</row2>
						<row3>	0.2252 0.3658 0.1570 1.0000	</row3>
					</transform>
				</node>
				<node>
					<identifier>	HP_Air_enginelight_27	</identifier>
					<transform>
						<row0>	0.0000 0.0000 -1.0000 0.0000	</row0>
						<row1>	0.3746 0.9272 0.0000 0.0000	</row1>
						<row2>	0.9272 -0.3746 0.0000 0.0000	</row2>
						<row3>	0.2252 0.3658 0.1474 1.0000	</row3>
					</transform>
				</node>
				<node>
					<identifier>	HP_Air_enginelight_28	</identifier>
					<transform>
						<row0>	0.0000 0.0000 -1.0000 0.0000	</row0>
						<row1>	0.3746 0.9272 0.0000 0.0000	</row1>
						<row2>	0.9272 -0.3746 0.0000 0.0000	</row2>
						<row3>	0.2252 0.3658 0.1378 1.0000	</row3>
					</transform>
				</node>
				<node>
					<identifier>	HP_Air_enginelight_29	</identifier>
					<transform>
						<row0>	0.0000 0.0000 -1.0000 0.0000	</row0>
						<row1>	0.3746 0.9272 0.0000 0.0000	</row1>
						<row2>	0.9272 -0.3746 0.0000 0.0000	</row2>
						<row3>	0.2252 0.3658 0.1282 1.0000	</row3>
					</transform>
				</node>
				<node>
					<identifier>	HP_Air_enginelight_3	</identifier>
					<transform>
						<row0>	0.0000 0.0000 -1.0000 0.0000	</row0>
						<row1>	0.3746 0.9272 0.0000 0.0000	</row1>
						<row2>	0.9272 -0.3746 0.0000 0.0000	</row2>
						<row3>	-0.3052 0.3658 0.1474 1.0000	</row3>
					</transform>
				</node>
				<node>
					<identifier>	HP_Air_enginelight_30	</identifier>
					<transform>
						<row0>	0.0000 0.0000 -1.0000 0.0000	</row0>
						<row1>	0.3746 0.9272 0.0000 0.0000	</row1>
						<row2>	0.9272 -0.3746 0.0000 0.0000	</row2>
						<row3>	0.2252 0.3658 0.1186 1.0000	</row3>
					</transform>
				</node>
				<node>
					<identifier>	HP_Air_enginelight_31	</identifier>
					<transform>
						<row0>	0.0000 0.0000 1.0000 0.0000	</row0>
						<row1>	-0.3746 0.9272 0.0000 0.0000	</row1>
						<row2>	-0.9272 -0.3746 0.0000 0.0000	</row2>
						<row3>	0.3052 0.3655 0.1186 1.0000	</row3>
					</transform>
				</node>
				<node>
					<identifier>	HP_Air_enginelight_32	</identifier>
					<transform>
						<row0>	0.0000 0.0000 1.0000 0.0000	</row0>
						<row1>	-0.3746 0.9272 0.0000 0.0000	</row1>
						<row2>	-0.9272 -0.3746 0.0000 0.0000	</row2>
						<row3>	0.3052 0.3655 0.1666 1.0000	</row3>
					</transform>
				</node>
				<node>
					<identifier>	HP_Air_enginelight_33	</identifier>
					<transform>
						<row0>	0.0000 0.0000 1.0000 0.0000	</row0>
						<row1>	-0.3746 0.9272 0.0000 0.0000	</row1>
						<row2>	-0.9272 -0.3746 0.0000 0.0000	</row2>
						<row3>	0.3052 0.3655 0.1282 1.0000	</row3>
					</transform>
				</node>
				<node>
					<identifier>	HP_Air_enginelight_34	</identifier>
					<transform>
						<row0>	0.0000 0.0000 1.0000 0.0000	</row0>
						<row1>	-0.3746 0.9272 0.0000 0.0000	</row1>
						<row2>	-0.9272 -0.3746 0.0000 0.0000	</row2>
						<row3>	0.3052 0.3655 0.1378 1.0000	</row3>
					</transform>
				</node>
				<node>
					<identifier>	HP_Air_enginelight_35	</identifier>
					<transform>
						<row0>	0.0000 0.0000 1.0000 0.0000	</row0>
						<row1>	-0.3746 0.9272 0.0000 0.0000	</row1>
						<row2>	-0.9272 -0.3746 0.0000 0.0000	</row2>
						<row3>	0.3052 0.3655 0.1570 1.0000	</row3>
					</transform>
				</node>
				<node>
					<identifier>	HP_Air_enginelight_36	</identifier>
					<transform>
						<row0>	0.0000 0.0000 1.0000 0.0000	</row0>
						<row1>	-0.3746 0.9272 0.0000 0.0000	</row1>
						<row2>	-0.9272 -0.3746 0.0000 0.0000	</row2>
						<row3>	0.3052 0.3655 0.1474 1.0000	</row3>
					</transform>
				</node>
				<node>
					<identifier>	HP_Air_enginelight_4	</identifier>
					<transform>
						<row0>	0.0000 0.0000 -1.0000 0.0000	</row0>
						<row1>	0.3746 0.9272 0.0000 0.0000	</row1>
						<row2>	0.9272 -0.3746 0.0000 0.0000	</row2>
						<row3>	-0.3052 0.3658 0.1378 1.0000	</row3>
					</transform>
				</node>
				<node>
					<identifier>	HP_Air_enginelight_5	</identifier>
					<transform>
						<row0>	0.0000 0.0000 -1.0000 0.0000	</row0>
						<row1>	0.3746 0.9272 0.0000 0.0000	</row1>
						<row2>	0.9272 -0.3746 0.0000 0.0000	</row2>
						<row3>	-0.3052 0.3658 0.1282 1.0000	</row3>
					</transform>
				</node>
				<node>
					<identifier>	HP_Air_enginelight_6	</identifier>
					<transform>
						<row0>	0.0000 0.0000 -1.0000 0.0000	</row0>
						<row1>	0.3746 0.9272 0.0000 0.0000	</row1>
						<row2>	0.9272 -0.3746 0.0000 0.0000	</row2>
						<row3>	-0.3052 0.3658 0.1186 1.0000	</row3>
					</transform>
				</node>
				<node>
					<identifier>	HP_Air_enginelight_7	</identifier>
					<transform>
						<row0>	0.0000 0.0000 1.0000 0.0000	</row0>
						<row1>	-0.3746 0.9272 0.0000 0.0000	</row1>
						<row2>	-0.9272 -0.3746 0.0000 0.0000	</row2>
						<row3>	-0.2252 0.3658 0.1186 1.0000	</row3>
					</transform>
				</node>
				<node>
					<identifier>	HP_Air_enginelight_8	</identifier>
					<transform>
						<row0>	0.0000 0.0000 1.0000 0.0000	</row0>
						<row1>	-0.3746 0.9272 0.0000 0.0000	</row1>
						<row2>	-0.9272 -0.3746 0.0000 0.0000	</row2>
						<row3>	-0.2252 0.3658 0.1282 1.0000	</row3>
					</transform>
				</node>
				<node>
					<identifier>	HP_Air_enginelight_9	</identifier>
					<transform>
						<row0>	0.0000 0.0000 1.0000 0.0000	</row0>
						<row1>	-0.3746 0.9272 0.0000 0.0000	</row1>
						<row2>	-0.9272 -0.3746 0.0000 0.0000	</row2>
						<row3>	-0.2252 0.3658 0.1378 1.0000	</row3>
					</transform>
				</node>
				<node>
					<identifier>	HP_Air_fire_1	</identifier>
					<transform>
						<row0>	1.0000 0.0000 0.0000 0.0000	</row0>
						<row1>	0.0000 1.0000 0.0000 0.0000	</row1>
						<row2>	0.0000 0.0000 1.0000 0.0000	</row2>
						<row3>	-0.0399 0.3658 0.1666 1.0000	</row3>
					</transform>
				</node>
				<node>
					<identifier>	HP_Air_fire_2	</identifier>
					<transform>
						<row0>	1.0000 0.0000 0.0000 0.0000	</row0>
						<row1>	0.0000 1.0000 0.0000 0.0000	</row1>
						<row2>	0.0000 0.0000 1.0000 0.0000	</row2>
						<row3>	0.3052 0.3655 0.1474 1.0000	</row3>
					</transform>
				</node>
				<node>
					<identifier>	HP_Air_fire_3	</identifier>
					<transform>
						<row0>	1.0000 0.0000 0.0000 0.0000	</row0>
						<row1>	0.0000 1.0000 0.0000 0.0000	</row1>
						<row2>	0.0000 0.0000 1.0000 0.0000	</row2>
						<row3>	-0.1315 0.3630 -0.0195 1.0000	</row3>
					</transform>
				</node>
				<node>
					<identifier>	HP_Air_fire_4	</identifier>
					<transform>
						<row0>	1.0000 0.0000 0.0000 0.0000	</row0>
						<row1>	0.0000 1.0000 0.0000 0.0000	</row1>
						<row2>	0.0000 0.0000 1.0000 0.0000	</row2>
						<row3>	-0.0845 0.0873 -0.0312 1.0000	</row3>
					</transform>
				</node>
				<node>
					<identifier>	HP_Air_fire_5	</identifier>
					<transform>
						<row0>	1.0000 0.0000 0.0000 0.0000	</row0>
						<row1>	0.0000 1.0000 0.0000 0.0000	</row1>
						<row2>	0.0000 0.0000 1.0000 0.0000	</row2>
						<row3>	0.0301 0.1490 -0.2541 1.0000	</row3>
					</transform>
				</node>
				<node>
					<identifier>	HP_Air_fire_6	</identifier>
					<transform>
						<row0>	1.0000 0.0000 0.0000 0.0000	</row0>
						<row1>	0.0000 1.0000 0.0000 0.0000	</row1>
						<row2>	0.0000 0.0000 1.0000 0.0000	</row2>
						<row3>	-0.2596 0.3506 0.1676 1.0000	</row3>
					</transform>
				</node>
				<node>
					<identifier>	HP_Air_fire_7	</identifier>
					<transform>
						<row0>	1.0000 0.0000 0.0000 0.0000	</row0>
						<row1>	0.0000 1.0000 0.0000 0.0000	</row1>
						<row2>	0.0000 0.0000 1.0000 0.0000	</row2>
						<row3>	0.0000 0.0948 -0.6504 1.0000	</row3>
					</transform>
				</node>
				<node>
					<identifier>	HP_Air_fire_8	</identifier>
					<transform>
						<row0>	1.0000 0.0000 0.0000 0.0000	</row0>
						<row1>	0.0000 1.0000 0.0000 0.0000	</row1>
						<row2>	0.0000 0.0000 1.0000 0.0000	</row2>
						<row3>	0.1765 0.3489 0.0867 1.0000	</row3>
					</transform>
				</node>
				<node>
					<identifier>	HP_Air_flytrail_1	</identifier>
					<transform>
						<row0>	1.0000 0.0000 0.0000 0.0000	</row0>
						<row1>	0.0000 1.0000 0.0000 0.0000	</row1>
						<row2>	0.0000 0.0000 1.0000 0.0000	</row2>
						<row3>	-1.0001 0.3592 -0.0160 1.0000	</row3>
					</transform>
				</node>
				<node>
					<identifier>	HP_Air_flytrail_2	</identifier>
					<transform>
						<row0>	1.0000 0.0000 0.0000 0.0000	</row0>
						<row1>	0.0000 1.0000 0.0000 0.0000	</row1>
						<row2>	0.0000 0.0000 1.0000 0.0000	</row2>
						<row3>	1.0001 0.3592 -0.0160 1.0000	</row3>
					</transform>
				</node>
				<node>
					<identifier>	HP_Air_gunfire_1	</identifier>
					<transform>
						<row0>	1.0000 0.0000 0.0000 0.0000	</row0>
						<row1>	0.0000 0.9305 -0.3662 0.0000	</row1>
						<row2>	0.0000 0.3662 0.9305 0.0000	</row2>
						<row3>	0.0000 0.1815 0.6035 1.0000	</row3>
					</transform>
				</node>
				<node>
					<identifier>	HP_Air_gunfire_back_1	</identifier>
					<transform>
						<row0>	1.0000 0.0000 0.0000 0.0000	</row0>
						<row1>	0.0000 0.9321 0.3621 0.0000	</row1>
						<row2>	0.0000 -0.3621 0.9321 0.0000	</row2>
						<row3>	0.0000 0.1924 -0.3344 1.0000	</row3>
					</transform>
				</node>
				<node>
					<identifier>	HP_Air_gunfire_back_2	</identifier>
					<transform>
						<row0>	1.0000 0.0000 0.0000 0.0000	</row0>
						<row1>	0.0000 0.9549 0.2968 0.0000	</row1>
						<row2>	0.0000 -0.2968 0.9549 0.0000	</row2>
						<row3>	0.0038 0.4159 -0.0735 1.0000	</row3>
					</transform>
				</node>
				<node>
					<identifier>	HP_Air_gunfire_back_3	</identifier>
					<transform>
						<row0>	1.0000 0.0000 0.0000 0.0000	</row0>
						<row1>	0.0000 0.9549 0.2968 0.0000	</row1>
						<row2>	0.0000 -0.2968 0.9549 0.0000	</row2>
						<row3>	-0.0038 0.4159 -0.0735 1.0000	</row3>
					</transform>
				</node>
				<node>
					<identifier>	HP_Air_ricochet_1	</identifier>
					<transform>
						<row0>	1.0000 0.0000 0.0000 0.0000	</row0>
						<row1>	0.0000 1.0000 0.0000 0.0000	</row1>
						<row2>	0.0000 0.0000 1.0000 0.0000	</row2>
						<row3>	-0.0924 0.0561 0.3358 1.0000	</row3>
					</transform>
				</node>
				<node>
					<identifier>	HP_Air_ricochet_2	</identifier>
					<transform>
						<row0>	1.0000 0.0000 0.0000 0.0000	</row0>
						<row1>	0.0000 1.0000 0.0000 0.0000	</row1>
						<row2>	0.0000 0.0000 1.0000 0.0000	</row2>
						<row3>	0.0817 0.1097 0.1225 1.0000	</row3>
					</transform>
				</node>
				<node>
					<identifier>	HP_Air_ricochet_3	</identifier>
					<transform>
						<row0>	1.0000 0.0000 0.0000 0.0000	</row0>
						<row1>	0.0000 1.0000 0.0000 0.0000	</row1>
						<row2>	0.0000 0.0000 1.0000 0.0000	</row2>
						<row3>	0.2863 0.3776 0.0957 1.0000	</row3>
					</transform>
				</node>
				<node>
					<identifier>	HP_Air_ricochet_4	</identifier>
					<transform>
						<row0>	1.0000 0.0000 0.0000 0.0000	</row0>
						<row1>	0.0000 1.0000 0.0000 0.0000	</row1>
						<row2>	0.0000 0.0000 1.0000 0.0000	</row2>
						<row3>	-0.8138 0.3396 0.0511 1.0000	</row3>
					</transform>
				</node>
				<node>
					<identifier>	HP_Air_ricochet_5	</identifier>
					<transform>
						<row0>	1.0000 0.0000 0.0000 0.0000	</row0>
						<row1>	0.0000 1.0000 0.0000 0.0000	</row1>
						<row2>	0.0000 0.0000 1.0000 0.0000	</row2>
						<row3>	-0.3940 0.0303 -0.0492 1.0000	</row3>
					</transform>
				</node>
				<node>
					<identifier>	HP_Air_ricochet_6	</identifier>
					<transform>
						<row0>	1.0000 0.0000 0.0000 0.0000	</row0>
						<row1>	0.0000 1.0000 0.0000 0.0000	</row1>
						<row2>	0.0000 0.0000 1.0000 0.0000	</row2>
						<row3>	0.0408 0.0577 -0.4058 1.0000	</row3>
					</transform>
				</node>
				<node>
					<identifier>	HP_Air_ricochet_7	</identifier>
					<transform>
						<row0>	1.0000 0.0000 0.0000 0.0000	</row0>
						<row1>	0.0000 1.0000 0.0000 0.0000	</row1>
						<row2>	0.0000 0.0000 1.0000 0.0000	</row2>
						<row3>	0.2469 0.2648 -0.7417 1.0000	</row3>
					</transform>
				</node>
				<node>
					<identifier>	HP_Air_ricochet_8	</identifier>
					<transform>
						<row0>	1.0000 0.0000 0.0000 0.0000	</row0>
						<row1>	0.0000 1.0000 0.0000 0.0000	</row1>
						<row2>	0.0000 0.0000 1.0000 0.0000	</row2>
						<row3>	-0.0550 0.1488 -0.2565 1.0000	</row3>
					</transform>
				</node>
				<node>
					<identifier>	HP_gunFireBack	</identifier>
					<transform>
						<row0>	1.0000 0.0000 0.0000 0.0000	</row0>
						<row1>	0.0000 0.9321 0.3621 0.0000	</row1>
						<row2>	0.0000 -0.3621 0.9321 0.0000	</row2>
						<row3>	0.0000 0.3640 -0.2678 1.0000	</row3>
					</transform>
				</node>
				<node>
					<identifier>	Root_BlendBone	</identifier>
					<transform>
						<row0>	1.0000 0.0000 0.0000 0.0000	</row0>
						<row1>	0.0000 1.0000 0.0000 0.0000	</row1>
						<row2>	0.0000 0.0000 -1.0000 0.0000	</row2>
						<row3>	0.0000 0.0000 0.0000 1.0000	</row3>
					</transform>
				</node>
				<node>
					<identifier>	elevator_1	</identifier>
					<transform>
						<row0>	1.0000 0.0000 0.0000 0.0000	</row0>
						<row1>	0.0000 1.0000 0.0000 0.0000	</row1>
						<row2>	0.0000 0.0000 1.0000 0.0000	</row2>
						<row3>	-0.0435 0.2604 -0.7847 1.0000	</row3>
					</transform>
					<rotate>
						<min>	-25.0000 0.0000 0.0000	</min>
						<max>	25.0000 0.0000 0.0000	</max>
					</rotate>
					<node>
						<identifier>	elevator_1_BlendBone	</identifier>
						<transform>
							<row0>	1.0000 0.0000 0.0000 0.0000	</row0>
							<row1>	0.0000 1.0000 0.0000 0.0000	</row1>
							<row2>	0.0000 0.0000 -1.0000 0.0000	</row2>
							<row3>	0.0435 -0.2604 0.7847 1.0000	</row3>
						</transform>
					</node>
				</node>
				<node>
					<identifier>	l_ailerone_1	</identifier>
					<transform>
						<row0>	0.9914 -0.0566 -0.1182 0.0000	</row0>
						<row1>	0.0570 0.9984 0.0000 0.0000	</row1>
						<row2>	0.1180 -0.0067 0.9930 0.0000	</row2>
						<row3>	-0.7791 0.3293 -0.1057 1.0000	</row3>
					</transform>
					<rotate>
						<min>	-20.0000 -6.7900 -3.2700	</min>
						<max>	20.0000 -6.7900 -3.2700	</max>
					</rotate>
					<node>
						<identifier>	l_ailerone_1_BlendBone	</identifier>
						<transform>
							<row0>	0.9914 0.0570 0.1180 0.0000	</row0>
							<row1>	-0.0566 0.9984 -0.0067 0.0000	</row1>
							<row2>	0.1182 0.0000 -0.9930 0.0000	</row2>
							<row3>	0.7785 -0.2844 0.1992 1.0000	</row3>
						</transform>
					</node>
				</node>
				<node>
					<identifier>	l_flaps_1	</identifier>
					<transform>
						<row0>	1.0000 0.0000 0.0000 0.0000	</row0>
						<row1>	0.0000 1.0000 0.0000 0.0000	</row1>
						<row2>	0.0000 0.0000 1.0000 0.0000	</row2>
						<row3>	-0.5211 0.3150 -0.1270 1.0000	</row3>
					</transform>
					<rotate>
						<min>	0.0000 0.0000 0.0000	</min>
						<max>	40.0000 0.0000 0.0000	</max>
					</rotate>
					<node>
						<identifier>	l_flaps_1_BlendBone	</identifier>
						<transform>
							<row0>	1.0000 0.0000 0.0000 0.0000	</row0>
							<row1>	0.0000 1.0000 0.0000 0.0000	</row1>
							<row2>	0.0000 0.0000 -1.0000 0.0000	</row2>
							<row3>	0.5211 -0.3150 0.1270 1.0000	</row3>
						</transform>
					</node>
				</node>
				<node>
					<identifier>	r_ailerone_1	</identifier>
					<transform>
						<row0>	0.9914 0.0566 0.1182 0.0000	</row0>
						<row1>	-0.0570 0.9984 0.0000 0.0000	</row1>
						<row2>	-0.1180 -0.0067 0.9930 0.0000	</row2>
						<row3>	0.7791 0.3293 -0.1057 1.0000	</row3>
					</transform>
					<rotate>
						<min>	-20.0000 6.7900 3.2700	</min>
						<max>	20.0000 6.7900 3.2700	</max>
					</rotate>
					<node>
						<identifier>	r_ailerone_1_BlendBone	</identifier>
						<transform>
							<row0>	0.9914 -0.0570 -0.1180 0.0000	</row0>
							<row1>	0.0566 0.9984 -0.0067 0.0000	</row1>
							<row2>	-0.1182 0.0000 -0.9930 0.0000	</row2>
							<row3>	-0.7785 -0.2844 0.1992 1.0000	</row3>
						</transform>
					</node>
				</node>
				<node>
					<identifier>	r_flaps_1	</identifier>
					<transform>
						<row0>	1.0000 0.0000 0.0000 0.0000	</row0>
						<row1>	0.0000 1.0000 0.0000 0.0000	</row1>
						<row2>	0.0000 0.0000 1.0000 0.0000	</row2>
						<row3>	0.5213 0.3150 -0.1271 1.0000	</row3>
					</transform>
					<rotate>
						<min>	0.0000 0.0000 0.0000	</min>
						<max>	40.0000 0.0000 0.0000	</max>
					</rotate>
					<node>
						<identifier>	r_flaps_1_BlendBone	</identifier>
						<transform>
							<row0>	1.0000 0.0000 0.0000 0.0000	</row0>
							<row1>	0.0000 1.0000 0.0000 0.0000	</row1>
							<row2>	0.0000 0.0000 -1.0000 0.0000	</row2>
							<row3>	-0.5213 -0.3150 0.1271 1.0000	</row3>
						</transform>
					</node>
				</node>
				<node>
					<identifier>	rudder_1	</identifier>
					<transform>
						<row0>	1.0000 0.0000 0.0000 0.0000	</row0>
						<row1>	0.0000 1.0000 0.0000 0.0000	</row1>
						<row2>	0.0000 0.0000 1.0000 0.0000	</row2>
						<row3>	0.0000 0.2011 -0.7861 1.0000	</row3>
					</transform>
					<rotate>
						<min>	0.0000 -30.0000 0.0000	</min>
						<max>	0.0000 30.0000 0.0000	</max>
					</rotate>
					<node>
						<identifier>	rudder_1_BlendBone	</identifier>
						<transform>
							<row0>	1.0000 0.0000 0.0000 0.0000	</row0>
							<row1>	0.0000 1.0000 0.0000 0.0000	</row1>
							<row2>	0.0000 0.0000 -1.0000 0.0000	</row2>
							<row3>	0.0000 -0.2011 0.7861 1.0000	</row3>
						</transform>
					</node>
				</node>
			</node>
			<node>
				<identifier>	hull	</identifier>
				<transform>
					<row0>	1.0000 0.0000 0.0000 0.0000	</row0>
					<row1>	0.0000 1.0000 0.0000 0.0000	</row1>
					<row2>	0.0000 0.0000 1.0000 0.0000	</row2>
					<row3>	0.0000 0.0000 0.0000 1.0000	</row3>
				</transform>
				<node>
					<identifier>	hull_wire	</identifier>
					<transform>
						<row0>	1.0000 0.0000 0.0000 0.0000	</row0>
						<row1>	0.0000 1.0000 0.0000 0.0000	</row1>
						<row2>	0.0000 0.0000 1.0000 0.0000	</row2>
						<row3>	0.0000 0.0000 0.0000 1.0000	</row3>
					</transform>
				</node>
				<node>
					<identifier>	propeller_mod	</identifier>
					<transform>
						<row0>	1.0000 0.0000 0.0000 0.0000	</row0>
						<row1>	0.0000 1.0000 0.0000 0.0000	</row1>
						<row2>	0.0000 0.0000 1.0000 0.0000	</row2>
						<row3>	0.0000 0.3468 0.2131 1.0000	</row3>
					</transform>
					<node>
						<identifier>	disc	</identifier>
						<transform>
							<row0>	1.0000 0.0000 0.0000 0.0000	</row0>
							<row1>	0.0000 1.0000 0.0000 0.0000	</row1>
							<row2>	0.0000 0.0000 1.0000 0.0000	</row2>
							<row3>	0.0000 0.0000 0.0000 1.0000	</row3>
						</transform>
						<node>
							<identifier>	disc_cap	</identifier>
							<transform>
								<row0>	1.0000 0.0000 0.0000 0.0000	</row0>
								<row1>	0.0000 1.0000 0.0000 0.0000	</row1>
								<row2>	0.0000 0.0000 1.0000 0.0000	</row2>
								<row3>	0.0000 0.0000 0.0000 1.0000	</row3>
							</transform>
						</node>
					</node>
					<node>
						<identifier>	mod	</identifier>
						<transform>
							<row0>	1.0000 0.0000 0.0000 0.0000	</row0>
							<row1>	0.0000 1.0000 0.0000 0.0000	</row1>
							<row2>	0.0000 0.0000 1.0000 0.0000	</row2>
							<row3>	0.0000 0.0000 0.0000 1.0000	</row3>
						</transform>
					</node>
				</node>
				<node>
					<identifier>	propeller_mod_1	</identifier>
					<transform>
						<row0>	1.0000 0.0000 0.0000 0.0000	</row0>
						<row1>	0.0000 1.0000 0.0000 0.0000	</row1>
						<row2>	0.0000 0.0000 1.0000 0.0000	</row2>
						<row3>	-0.2652 0.3468 0.2131 1.0000	</row3>
					</transform>
					<node>
						<identifier>	disc_1	</identifier>
						<transform>
							<row0>	1.0000 0.0000 0.0000 0.0000	</row0>
							<row1>	0.0000 1.0000 0.0000 0.0000	</row1>
							<row2>	0.0000 0.0000 1.0000 0.0000	</row2>
							<row3>	0.0000 0.0000 0.0000 1.0000	</row3>
						</transform>
						<node>
							<identifier>	disc_cap_1	</identifier>
							<transform>
								<row0>	1.0000 0.0000 0.0000 0.0000	</row0>
								<row1>	0.0000 1.0000 0.0000 0.0000	</row1>
								<row2>	0.0000 0.0000 1.0000 0.0000	</row2>
								<row3>	0.0000 0.0000 0.0000 1.0000	</row3>
							</transform>
						</node>
					</node>
					<node>
						<identifier>	mod_1	</identifier>
						<transform>
							<row0>	1.0000 0.0000 0.0000 0.0000	</row0>
							<row1>	0.0000 1.0000 0.0000 0.0000	</row1>
							<row2>	0.0000 0.0000 1.0000 0.0000	</row2>
							<row3>	0.0000 0.0000 0.0000 1.0000	</row3>
						</transform>
					</node>
				</node>
				<node>
					<identifier>	propeller_mod_2	</identifier>
					<transform>
						<row0>	1.0000 0.0000 0.0000 0.0000	</row0>
						<row1>	0.0000 1.0000 0.0000 0.0000	</row1>
						<row2>	0.0000 0.0000 1.0000 0.0000	</row2>
						<row3>	0.2652 0.3468 0.2131 1.0000	</row3>
					</transform>
					<node>
						<identifier>	disc_2	</identifier>
						<transform>
							<row0>	1.0000 0.0000 0.0000 0.0000	</row0>
							<row1>	0.0000 1.0000 0.0000 0.0000	</row1>
							<row2>	0.0000 0.0000 1.0000 0.0000	</row2>
							<row3>	0.0000 0.0000 0.0000 1.0000	</row3>
						</transform>
						<node>
							<identifier>	disc_cap_2	</identifier>
							<transform>
								<row0>	1.0000 0.0000 0.0000 0.0000	</row0>
								<row1>	0.0000 1.0000 0.0000 0.0000	</row1>
								<row2>	0.0000 0.0000 1.0000 0.0000	</row2>
								<row3>	0.0000 0.0000 0.0000 1.0000	</row3>
							</transform>
						</node>
					</node>
					<node>
						<identifier>	mod_2	</identifier>
						<transform>
							<row0>	1.0000 0.0000 0.0000 0.0000	</row0>
							<row1>	0.0000 1.0000 0.0000 0.0000	</row1>
							<row2>	0.0000 0.0000 1.0000 0.0000	</row2>
							<row3>	0.0000 0.0000 0.0000 1.0000	</row3>
						</transform>
					</node>
				</node>
				<node>
					<identifier>	pylon_bomb_default_BlendBone	</identifier>
					<transform>
						<row0>	1.0000 0.0000 0.0000 0.0000	</row0>
						<row1>	0.0000 1.0000 0.0000 0.0000	</row1>
						<row2>	0.0000 0.0000 1.0000 0.0000	</row2>
						<row3>	0.0000 0.0000 0.0000 1.0000	</row3>
					</transform>
				</node>
			</node>
		</node>
	</skeleton>
	<properties>
		<underwaterModel>	false	</underwaterModel>
		<abovewaterModel>	true	</abovewaterModel>
	</properties>
	<boundingBox>
		<min>	-1.0001 0.0000 -0.8601	</min>
		<max>	1.0001 0.4774 0.6039	</max>
	</boundingBox>
	<renderSets>
		<renderSet>
			<name>	discShape	</name>
			<treatAsWorldSpaceObject>	false	</treatAsWorldSpaceObject>
			<nodes>
				<node>	disc	</node>
			</nodes>
			<material>
				<identifier>	PROPELLERMAT_propeller	</identifier>
				<mfm>	PnFMods/ModsSDK.zip/ISC505_Genova/aircraft/France_Disk_3Blade_02_alpha.mfm	</mfm>
			</material>
		</renderSet>
		<renderSet>
			<name>	disc_1Shape	</name>
			<treatAsWorldSpaceObject>	false	</treatAsWorldSpaceObject>
			<nodes>
				<node>	disc_1	</node>
			</nodes>
			<material>
				<identifier>	PROPELLERMAT_propeller	</identifier>
				<mfm>	PnFMods/ModsSDK.zip/ISC505_Genova/aircraft/France_Disk_3Blade_02_alpha.mfm	</mfm>
			</material>
		</renderSet>
		<renderSet>
			<name>	disc_1_lod1Shape	</name>
			<treatAsWorldSpaceObject>	false	</treatAsWorldSpaceObject>
			<nodes>
				<node>	disc_1	</node>
			</nodes>
			<material>
				<identifier>	PROPELLERMAT_propeller	</identifier>
				<mfm>	PnFMods/ModsSDK.zip/ISC505_Genova/aircraft/France_Disk_3Blade_02_alpha.mfm	</mfm>
			</material>
		</renderSet>
		<renderSet>
			<name>	disc_1_lod2Shape	</name>
			<treatAsWorldSpaceObject>	false	</treatAsWorldSpaceObject>
			<nodes>
				<node>	disc_1	</node>
			</nodes>
			<material>
				<identifier>	PROPELLERMAT_propeller	</identifier>
				<mfm>	PnFMods/ModsSDK.zip/ISC505_Genova/aircraft/France_Disk_3Blade_02_alpha.mfm	</mfm>
			</material>
		</renderSet>
		<renderSet>
			<name>	disc_2Shape	</name>
			<treatAsWorldSpaceObject>	false	</treatAsWorldSpaceObject>
			<nodes>
				<node>	disc_2	</node>
			</nodes>
			<material>
				<identifier>	PROPELLERMAT_propeller	</identifier>
				<mfm>	PnFMods/ModsSDK.zip/ISC505_Genova/aircraft/France_Disk_3Blade_02_alpha.mfm	</mfm>
			</material>
		</renderSet>
		<renderSet>
			<name>	disc_2_lod1Shape	</name>
			<treatAsWorldSpaceObject>	false	</treatAsWorldSpaceObject>
			<nodes>
				<node>	disc_2	</node>
			</nodes>
			<material>
				<identifier>	PROPELLERMAT_propeller	</identifier>
				<mfm>	PnFMods/ModsSDK.zip/ISC505_Genova/aircraft/France_Disk_3Blade_02_alpha.mfm	</mfm>
			</material>
		</renderSet>
		<renderSet>
			<name>	disc_2_lod2Shape	</name>
			<treatAsWorldSpaceObject>	false	</treatAsWorldSpaceObject>
			<nodes>
				<node>	disc_2	</node>
			</nodes>
			<material>
				<identifier>	PROPELLERMAT_propeller	</identifier>
				<mfm>	PnFMods/ModsSDK.zip/ISC505_Genova/aircraft/France_Disk_3Blade_02_alpha.mfm	</mfm>
			</material>
		</renderSet>
		<renderSet>
			<name>	disc_capShape	</name>
			<treatAsWorldSpaceObject>	false	</treatAsWorldSpaceObject>
			<nodes>
				<node>	disc_cap	</node>
			</nodes>
			<material>
				<identifier>	TL2_SHIPMAT_PBS_Hull	</identifier>
				<mfm>	PnFMods/ModsSDK.zip/ISC505_Genova/aircraft/IAB700_CANT_Z_508.mfm	</mfm>
			</material>
		</renderSet>
		<renderSet>
			<name>	disc_cap_1Shape	</name>
			<treatAsWorldSpaceObject>	false	</treatAsWorldSpaceObject>
			<nodes>
				<node>	disc_cap_1	</node>
			</nodes>
			<material>
				<identifier>	TL2_SHIPMAT_PBS_Hull	</identifier>
				<mfm>	PnFMods/ModsSDK.zip/ISC505_Genova/aircraft/IAB700_CANT_Z_508.mfm	</mfm>
			</material>
		</renderSet>
		<renderSet>
			<name>	disc_cap_1_lod1Shape	</name>
			<treatAsWorldSpaceObject>	false	</treatAsWorldSpaceObject>
			<nodes>
				<node>	disc_cap_1	</node>
			</nodes>
			<material>
				<identifier>	TL2_SHIPMAT_PBS_Hull	</identifier>
				<mfm>	PnFMods/ModsSDK.zip/ISC505_Genova/aircraft/IAB700_CANT_Z_508.mfm	</mfm>
			</material>
		</renderSet>
		<renderSet>
			<name>	disc_cap_1_lod2Shape	</name>
			<treatAsWorldSpaceObject>	false	</treatAsWorldSpaceObject>
			<nodes>
				<node>	disc_cap_1	</node>
			</nodes>
			<material>
				<identifier>	TL2_SHIPMAT_PBS_Hull	</identifier>
				<mfm>	PnFMods/ModsSDK.zip/ISC505_Genova/aircraft/IAB700_CANT_Z_508.mfm	</mfm>
			</material>
		</renderSet>
		<renderSet>
			<name>	disc_cap_2Shape	</name>
			<treatAsWorldSpaceObject>	false	</treatAsWorldSpaceObject>
			<nodes>
				<node>	disc_cap_2	</node>
			</nodes>
			<material>
				<identifier>	TL2_SHIPMAT_PBS_Hull	</identifier>
				<mfm>	PnFMods/ModsSDK.zip/ISC505_Genova/aircraft/IAB700_CANT_Z_508.mfm	</mfm>
			</material>
		</renderSet>
		<renderSet>
			<name>	disc_cap_2_lod1Shape	</name>
			<treatAsWorldSpaceObject>	false	</treatAsWorldSpaceObject>
			<nodes>
				<node>	disc_cap_2	</node>
			</nodes>
			<material>
				<identifier>	TL2_SHIPMAT_PBS_Hull	</identifier>
				<mfm>	PnFMods/ModsSDK.zip/ISC505_Genova/aircraft/IAB700_CANT_Z_508.mfm	</mfm>
			</material>
		</renderSet>
		<renderSet>
			<name>	disc_cap_2_lod2Shape	</name>
			<treatAsWorldSpaceObject>	false	</treatAsWorldSpaceObject>
			<nodes>
				<node>	disc_cap_2	</node>
			</nodes>
			<material>
				<identifier>	TL2_SHIPMAT_PBS_Hull	</identifier>
				<mfm>	PnFMods/ModsSDK.zip/ISC505_Genova/aircraft/IAB700_CANT_Z_508.mfm	</mfm>
			</material>
		</renderSet>
		<renderSet>
			<name>	disc_cap_lod1Shape	</name>
			<treatAsWorldSpaceObject>	false	</treatAsWorldSpaceObject>
			<nodes>
				<node>	disc_cap	</node>
			</nodes>
			<material>
				<identifier>	TL2_SHIPMAT_PBS_Hull	</identifier>
				<mfm>	PnFMods/ModsSDK.zip/ISC505_Genova/aircraft/IAB700_CANT_Z_508.mfm	</mfm>
			</material>
		</renderSet>
		<renderSet>
			<name>	disc_cap_lod2Shape	</name>
			<treatAsWorldSpaceObject>	false	</treatAsWorldSpaceObject>
			<nodes>
				<node>	disc_cap	</node>
			</nodes>
			<material>
				<identifier>	TL2_SHIPMAT_PBS_Hull	</identifier>
				<mfm>	PnFMods/ModsSDK.zip/ISC505_Genova/aircraft/IAB700_CANT_Z_508.mfm	</mfm>
			</material>
		</renderSet>
		<renderSet>
			<name>	disc_lod1Shape	</name>
			<treatAsWorldSpaceObject>	false	</treatAsWorldSpaceObject>
			<nodes>
				<node>	disc	</node>
			</nodes>
			<material>
				<identifier>	PROPELLERMAT_propeller	</identifier>
				<mfm>	PnFMods/ModsSDK.zip/ISC505_Genova/aircraft/France_Disk_3Blade_02_alpha.mfm	</mfm>
			</material>
		</renderSet>
		<renderSet>
			<name>	disc_lod2Shape	</name>
			<treatAsWorldSpaceObject>	false	</treatAsWorldSpaceObject>
			<nodes>
				<node>	disc	</node>
			</nodes>
			<material>
				<identifier>	PROPELLERMAT_propeller	</identifier>
				<mfm>	PnFMods/ModsSDK.zip/ISC505_Genova/aircraft/France_Disk_3Blade_02_alpha.mfm	</mfm>
			</material>
		</renderSet>
		<renderSet>
			<name>	hullShape	</name>
			<treatAsWorldSpaceObject>	true	</treatAsWorldSpaceObject>
			<nodes>
				<node>	Root_BlendBone	</node>
				<node>	r_flaps_1_BlendBone	</node>
				<node>	l_ailerone_1_BlendBone	</node>
				<node>	l_flaps_1_BlendBone	</node>
				<node>	rudder_1_BlendBone	</node>
				<node>	r_ailerone_1_BlendBone	</node>
				<node>	elevator_1_BlendBone	</node>
			</nodes>
			<material>
				<identifier>	TL2_SHIPMAT_PBS_Hull_skinned	</identifier>
				<mfm>	PnFMods/ModsSDK.zip/ISC505_Genova/aircraft/IAB700_CANT_Z_508_skinned.mfm	</mfm>
			</material>
		</renderSet>
		<renderSet>
			<name>	hull_lod1Shape	</name>
			<treatAsWorldSpaceObject>	true	</treatAsWorldSpaceObject>
			<nodes>
				<node>	Root_BlendBone	</node>
				<node>	r_flaps_1_BlendBone	</node>
				<node>	l_ailerone_1_BlendBone	</node>
				<node>	l_flaps_1_BlendBone	</node>
				<node>	rudder_1_BlendBone	</node>
				<node>	r_ailerone_1_BlendBone	</node>
				<node>	elevator_1_BlendBone	</node>
			</nodes>
			<material>
				<identifier>	TL2_SHIPMAT_PBS_Hull_skinned	</identifier>
				<mfm>	PnFMods/ModsSDK.zip/ISC505_Genova/aircraft/IAB700_CANT_Z_508_skinned.mfm	</mfm>
			</material>
		</renderSet>
		<renderSet>
			<name>	hull_lod2Shape	</name>
			<treatAsWorldSpaceObject>	true	</treatAsWorldSpaceObject>
			<nodes>
				<node>	Root_BlendBone	</node>
				<node>	r_flaps_1_BlendBone	</node>
				<node>	l_ailerone_1_BlendBone	</node>
				<node>	l_flaps_1_BlendBone	</node>
				<node>	rudder_1_BlendBone	</node>
				<node>	r_ailerone_1_BlendBone	</node>
				<node>	elevator_1_BlendBone	</node>
			</nodes>
			<material>
				<identifier>	TL2_SHIPMAT_PBS_Hull_skinned	</identifier>
				<mfm>	PnFMods/ModsSDK.zip/ISC505_Genova/aircraft/IAB700_CANT_Z_508_skinned.mfm	</mfm>
			</material>
		</renderSet>
		<renderSet>
			<name>	hull_lod3Shape	</name>
			<treatAsWorldSpaceObject>	true	</treatAsWorldSpaceObject>
			<nodes>
				<node>	Root_BlendBone	</node>
				<node>	elevator_1_BlendBone	</node>
			</nodes>
			<material>
				<identifier>	TL2_SHIPMAT_PBS_Hull_skinned	</identifier>
				<mfm>	PnFMods/ModsSDK.zip/ISC505_Genova/aircraft/IAB700_CANT_Z_508_skinned.mfm	</mfm>
			</material>
		</renderSet>
		<renderSet>
			<name>	hull_wireShape	</name>
			<treatAsWorldSpaceObject>	false	</treatAsWorldSpaceObject>
			<nodes>
				<node>	hull_wire	</node>
			</nodes>
			<material>
				<identifier>	TL2_SHIPWIRE_PBS_Hull	</identifier>
				<mfm>	PnFMods/ModsSDK.zip/ISC505_Genova/aircraft/IAB700_CANT_Z_508_wire.mfm	</mfm>
			</material>
		</renderSet>
		<renderSet>
			<name>	hull_wire_lod1Shape	</name>
			<treatAsWorldSpaceObject>	false	</treatAsWorldSpaceObject>
			<nodes>
				<node>	hull_wire	</node>
			</nodes>
			<material>
				<identifier>	TL2_SHIPWIRE_PBS_Hull	</identifier>
				<mfm>	PnFMods/ModsSDK.zip/ISC505_Genova/aircraft/IAB700_CANT_Z_508_wire.mfm	</mfm>
			</material>
		</renderSet>
		<renderSet>
			<name>	modShape	</name>
			<treatAsWorldSpaceObject>	false	</treatAsWorldSpaceObject>
			<nodes>
				<node>	mod	</node>
			</nodes>
			<material>
				<identifier>	TL2_SHIPMAT_PBS_Hull	</identifier>
				<mfm>	PnFMods/ModsSDK.zip/ISC505_Genova/aircraft/IAB700_CANT_Z_508.mfm	</mfm>
			</material>
		</renderSet>
		<renderSet>
			<name>	mod_1Shape	</name>
			<treatAsWorldSpaceObject>	false	</treatAsWorldSpaceObject>
			<nodes>
				<node>	mod_1	</node>
			</nodes>
			<material>
