<BGA049_UP_launcher.visual>
	<skeleton>
		<node>
			<identifier>	Scene Root	</identifier>
			<transform>
				<row0>	1.0000 0.0000 0.0000 0.0000	</row0>
				<row1>	0.0000 1.0000 0.0000 0.0000	</row1>
				<row2>	0.0000 0.0000 1.0000 0.0000	</row2>
				<row3>	0.0000 0.0000 0.0000 1.0000	</row3>
			</transform>
			<node>
				<identifier>	BGA049_UP_launcher	</identifier>
				<transform>
					<row0>	1.0000 0.0000 0.0000 0.0000	</row0>
					<row1>	0.0000 1.0000 0.0000 0.0000	</row1>
					<row2>	0.0000 0.0000 1.0000 0.0000	</row2>
					<row3>	0.0000 0.0000 0.0000 1.0000	</row3>
				</transform>
				<node>
					<identifier>	HP_gunFire1	</identifier>
					<transform>
						<row0>	1.0000 0.0000 0.0000 0.0000	</row0>
						<row1>	0.0000 0.7071 -0.7071 0.0000	</row1>
						<row2>	0.0000 0.7071 0.7071 0.0000	</row2>
						<row3>	0.0265 0.2191 0.0501 1.0000	</row3>
					</transform>
				</node>
				<node>
					<identifier>	HP_gunFire10	</identifier>
					<transform>
						<row0>	1.0000 0.0000 0.0000 0.0000	</row0>
						<row1>	0.0000 0.7071 -0.7071 0.0000	</row1>
						<row2>	0.0000 0.7071 0.7071 0.0000	</row2>
						<row3>	0.0088 0.1926 0.0766 1.0000	</row3>
					</transform>
				</node>
				<node>
					<identifier>	HP_gunFire11	</identifier>
					<transform>
						<row0>	1.0000 0.0000 0.0000 0.0000	</row0>
						<row1>	0.0000 0.7071 -0.7071 0.0000	</row1>
						<row2>	0.0000 0.7071 0.7071 0.0000	</row2>
						<row3>	-0.0088 0.1926 0.0766 1.0000	</row3>
					</transform>
				</node>
				<node>
					<identifier>	HP_gunFire12	</identifier>
					<transform>
						<row0>	1.0000 0.0000 0.0000 0.0000	</row0>
						<row1>	0.0000 0.7071 -0.7071 0.0000	</row1>
						<row2>	0.0000 0.7071 0.7071 0.0000	</row2>
						<row3>	-0.0265 0.1926 0.0766 1.0000	</row3>
					</transform>
				</node>
				<node>
					<identifier>	HP_gunFire13	</identifier>
					<transform>
						<row0>	1.0000 0.0000 0.0000 0.0000	</row0>
						<row1>	0.0000 0.7071 -0.7071 0.0000	</row1>
						<row2>	0.0000 0.7071 0.7071 0.0000	</row2>
						<row3>	0.0265 0.1793 0.0899 1.0000	</row3>
					</transform>
				</node>
				<node>
					<identifier>	HP_gunFire14	</identifier>
					<transform>
						<row0>	1.0000 0.0000 0.0000 0.0000	</row0>
						<row1>	0.0000 0.7071 -0.7071 0.0000	</row1>
						<row2>	0.0000 0.7071 0.7071 0.0000	</row2>
						<row3>	0.0088 0.1793 0.0899 1.0000	</row3>
					</transform>
				</node>
				<node>
					<identifier>	HP_gunFire15	</identifier>
					<transform>
						<row0>	1.0000 0.0000 0.0000 0.0000	</row0>
						<row1>	0.0000 0.7071 -0.7071 0.0000	</row1>
						<row2>	0.0000 0.7071 0.7071 0.0000	</row2>
						<row3>	-0.0088 0.1793 0.0899 1.0000	</row3>
					</transform>
				</node>
				<node>
					<identifier>	HP_gunFire16	</identifier>
					<transform>
						<row0>	1.0000 0.0000 0.0000 0.0000	</row0>
						<row1>	0.0000 0.7071 -0.7071 0.0000	</row1>
						<row2>	0.0000 0.7071 0.7071 0.0000	</row2>
						<row3>	-0.0265 0.1793 0.0899 1.0000	</row3>
					</transform>
				</node>
				<node>
					<identifier>	HP_gunFire17	</identifier>
					<transform>
						<row0>	1.0000 0.0000 0.0000 0.0000	</row0>
						<row1>	0.0000 0.7071 -0.7071 0.0000	</row1>
						<row2>	0.0000 0.7071 0.7071 0.0000	</row2>
						<row3>	0.0265 0.1660 0.1032 1.0000	</row3>
					</transform>
				</node>
				<node>
					<identifier>	HP_gunFire18	</identifier>
					<transform>
						<row0>	1.0000 0.0000 0.0000 0.0000	</row0>
						<row1>	0.0000 0.7071 -0.7071 0.0000	</row1>
						<row2>	0.0000 0.7071 0.7071 0.0000	</row2>
						<row3>	0.0088 0.1660 0.1032 1.0000	</row3>
					</transform>
				</node>
				<node>
					<identifier>	HP_gunFire19	</identifier>
					<transform>
						<row0>	1.0000 0.0000 0.0000 0.0000	</row0>
						<row1>	0.0000 0.7071 -0.7071 0.0000	</row1>
						<row2>	0.0000 0.7071 0.7071 0.0000	</row2>
						<row3>	-0.0088 0.1660 0.1032 1.0000	</row3>
					</transform>
				</node>
				<node>
					<identifier>	HP_gunFire2	</identifier>
					<transform>
						<row0>	1.0000 0.0000 0.0000 0.0000	</row0>
						<row1>	0.0000 0.7071 -0.7071 0.0000	</row1>
						<row2>	0.0000 0.7071 0.7071 0.0000	</row2>
						<row3>	0.0088 0.2191 0.0501 1.0000	</row3>
					</transform>
				</node>
				<node>
					<identifier>	HP_gunFire20	</identifier>
					<transform>
						<row0>	1.0000 0.0000 0.0000 0.0000	</row0>
						<row1>	0.0000 0.7071 -0.7071 0.0000	</row1>
						<row2>	0.0000 0.7071 0.7071 0.0000	</row2>
						<row3>	-0.0265 0.1660 0.1032 1.0000	</row3>
					</transform>
				</node>
				<node>
					<identifier>	HP_gunFire3	</identifier>
					<transform>
						<row0>	1.0000 0.0000 0.0000 0.0000	</row0>
						<row1>	0.0000 0.7071 -0.7071 0.0000	</row1>
						<row2>	0.0000 0.7071 0.7071 0.0000	</row2>
						<row3>	-0.0088 0.2191 0.0501 1.0000	</row3>
					</transform>
				</node>
				<node>
					<identifier>	HP_gunFire4	</identifier>
					<transform>
						<row0>	1.0000 0.0000 0.0000 0.0000	</row0>
						<row1>	0.0000 0.7071 -0.7071 0.0000	</row1>
						<row2>	0.0000 0.7071 0.7071 0.0000	</row2>
						<row3>	-0.0265 0.2191 0.0501 1.0000	</row3>
					</transform>
				</node>
				<node>
					<identifier>	HP_gunFire5	</identifier>
					<transform>
						<row0>	1.0000 0.0000 0.0000 0.0000	</row0>
						<row1>	0.0000 0.7071 -0.7071 0.0000	</row1>
						<row2>	0.0000 0.7071 0.7071 0.0000	</row2>
						<row3>	0.0265 0.2058 0.0634 1.0000	</row3>
					</transform>
				</node>
				<node>
					<identifier>	HP_gunFire6	</identifier>
					<transform>
						<row0>	1.0000 0.0000 0.0000 0.0000	</row0>
						<row1>	0.0000 0.7071 -0.7071 0.0000	</row1>
						<row2>	0.0000 0.7071 0.7071 0.0000	</row2>
						<row3>	0.0088 0.2058 0.0634 1.0000	</row3>
					</transform>
				</node>
				<node>
					<identifier>	HP_gunFire7	</identifier>
					<transform>
						<row0>	1.0000 0.0000 0.0000 0.0000	</row0>
						<row1>	0.0000 0.7071 -0.7071 0.0000	</row1>
						<row2>	0.0000 0.7071 0.7071 0.0000	</row2>
						<row3>	-0.0088 0.2058 0.0634 1.0000	</row3>
					</transform>
				</node>
				<node>
					<identifier>	HP_gunFire8	</identifier>
					<transform>
						<row0>	1.0000 0.0000 0.0000 0.0000	</row0>
						<row1>	0.0000 0.7071 -0.7071 0.0000	</row1>
						<row2>	0.0000 0.7071 0.7071 0.0000	</row2>
						<row3>	-0.0265 0.2058 0.0634 1.0000	</row3>
					</transform>
				</node>
				<node>
					<identifier>	HP_gunFire9	</identifier>
					<transform>
						<row0>	1.0000 0.0000 0.0000 0.0000	</row0>
						<row1>	0.0000 0.7071 -0.7071 0.0000	</row1>
						<row2>	0.0000 0.7071 0.7071 0.0000	</row2>
						<row3>	0.0265 0.1926 0.0766 1.0000	</row3>
					</transform>
				</node>
				<node>
					<identifier>	Net	</identifier>
					<transform>
						<row0>	1.0000 0.0000 0.0000 0.0000	</row0>
						<row1>	0.0000 1.0000 0.0000 0.0000	</row1>
						<row2>	0.0000 0.0000 1.0000 0.0000	</row2>
						<row3>	0.0000 0.0000 0.0000 1.0000	</row3>
					</transform>
				</node>
			</node>
		</node>
	</skeleton>
	<properties>
		<underwaterModel>	false	</underwaterModel>
		<abovewaterModel>	true	</abovewaterModel>
	</properties>
	<boundingBox>
		<min>	-0.0932 -0.0013 -0.0660	</min>
		<max>	0.0940 0.3134 0.1975	</max>
	</boundingBox>
	<renderSets>
		<renderSet>
			<name>	BGA049_UP_launcherShape	</name>
			<treatAsWorldSpaceObject>	false	</treatAsWorldSpaceObject>
			<nodes>
				<node>	BGA049_UP_launcher	</node>
			</nodes>
			<material>
				<identifier>	SHIPMAT_PBS_Gun	</identifier>
				<mfm>	PnFMods/ModsSDK.zip/BSB507_Hood/gun/BGA049_UP_launcher.mfm	</mfm>
			</material>
		</renderSet>
		<renderSet>
			<name>	BGA049_UP_launcher_lod1Shape	</name>
			<treatAsWorldSpaceObject>	false	</treatAsWorldSpaceObject>
			<nodes>
				<node>	BGA049_UP_launcher	</node>
			</nodes>
			<material>
				<identifier>	SHIPMAT_PBS_Gun	</identifier>
				<mfm>	PnFMods/ModsSDK.zip/BSB507_Hood/gun/BGA049_UP_launcher.mfm	</mfm>
			</material>
		</renderSet>
		<renderSet>
			<name>	BGA049_UP_launcher_lod2Shape	</name>
			<treatAsWorldSpaceObject>	false	</treatAsWorldSpaceObject>
			<nodes>
				<node>	BGA049_UP_launcher	</node>
			</nodes>
			<material>
				<identifier>	SHIPMAT_PBS_Gun	</identifier>
				<mfm>	PnFMods/ModsSDK.zip/BSB507_Hood/gun/BGA049_UP_launcher.mfm	</mfm>
			</material>
		</renderSet>
		<renderSet>
			<name>	BGA049_UP_launcher_lod3Shape	</name>
			<treatAsWorldSpaceObject>	false	</treatAsWorldSpaceObject>
			<nodes>
				<node>	BGA049_UP_launcher	</node>
			</nodes>
			<material>
				<identifier>	SHIPMAT_PBS_Gun	</identifier>
				<mfm>	PnFMods/ModsSDK.zip/BSB507_Hood/gun/BGA049_UP_launcher.mfm	</mfm>
			</material>
		</renderSet>
		<renderSet>
			<name>	NetShape	</name>
			<treatAsWorldSpaceObject>	false	</treatAsWorldSpaceObject>
			<nodes>
				<node>	Net	</node>
			</nodes>
			<material>
				<identifier>	GRID_Misc	</identifier>
				<mfm>	PnFMods/ModsSDK.zip/BSB507_Hood/gun/C005_Grid_2_alpha.mfm	</mfm>
			</material>
		</renderSet>
		<renderSet>
			<name>	Net_lod1Shape	</name>
			<treatAsWorldSpaceObject>	false	</treatAsWorldSpaceObject>
			<nodes>
				<node>	Net	</node>
			</nodes>
			<material>
				<identifier>	GRID_Misc	</identifier>
				<mfm>	PnFMods/ModsSDK.zip/BSB507_Hood/gun/C005_Grid_2_alpha.mfm	</mfm>
			</material>
		</renderSet>
	</renderSets>
	<lods>
		<lod>
			<extent>	12.0000	</extent>
			<castsShadow>	true	</castsShadow>
			<renderSets>
				<renderSet>	BGA049_UP_launcherShape	</renderSet>
				<renderSet>	NetShape	</renderSet>
			</renderSets>
		</lod>
		<lod>
			<extent>	25.0000	</extent>
			<castsShadow>	true	</castsShadow>
			<renderSets>
				<renderSet>	BGA049_UP_launcher_lod1Shape	</renderSet>
				<renderSet>	Net_lod1Shape	</renderSet>
			</renderSets>
		</lod>
		<lod>
			<extent>	40.0000	</extent>
			<castsShadow>	true	</castsShadow>
			<renderSets>
				<renderSet>	BGA049_UP_launcher_lod2Shape	</renderSet>
			</renderSets>
		</lod>
		<lod>
			<extent>	200.0000	</extent>
			<castsShadow>	false	</castsShadow>
			<renderSets>
				<renderSet>	BGA049_UP_launcher_lod3Shape	</renderSet>
			</renderSets>
		</lod>
	</lods>
</BGA049_UP_launcher.visual>
