<GSC308_Prinz_Adalbert_1945_Bow_ep.skel_ext>
	<exported>	false	</exported>
	<node>
		<identifier>	EP_Flood_water_left	</identifier>
		<parent>	Scene Root	</parent>
		<transform>
			<row0>	-0.9958 0.0000 0.0914 0.0000	</row0>
			<row1>	0.0000 1.0000 0.0000 0.0000	</row1>
			<row2>	-0.0914 0.0000 -0.9958 0.0000	</row2>
			<row3>	-0.1230 0.0481 7.5417 1.0000	</row3>
		</transform>
	</node>
	<node>
		<identifier>	EP_Flood_water_left_2	</identifier>
		<parent>	Scene Root	</parent>
		<transform>
			<row0>	-0.9802 0.0000 0.1981 0.0000	</row0>
			<row1>	0.0000 1.0000 0.0000 0.0000	</row1>
			<row2>	-0.1981 0.0000 -0.9802 0.0000	</row2>
			<row3>	-0.3371 0.0502 6.2711 1.0000	</row3>
		</transform>
	</node>
	<node>
		<identifier>	EP_Flood_water_right	</identifier>
		<parent>	Scene Root	</parent>
		<transform>
			<row0>	0.9826 0.0000 0.1857 0.0000	</row0>
			<row1>	0.0000 1.0000 0.0000 0.0000	</row1>
			<row2>	-0.1857 0.0000 0.9826 0.0000	</row2>
			<row3>	0.1208 0.0500 7.5408 1.0000	</row3>
		</transform>
	</node>
	<node>
		<identifier>	EP_Flood_water_right_2	</identifier>
		<parent>	Scene Root	</parent>
		<transform>
			<row0>	0.9832 0.0000 0.1823 0.0000	</row0>
			<row1>	0.0000 1.0000 0.0000 0.0000	</row1>
			<row2>	-0.1823 0.0000 0.9832 0.0000	</row2>
			<row3>	0.3370 0.0497 6.2708 1.0000	</row3>
		</transform>
	</node>
	<node>
		<identifier>	EP_WakeTrace	</identifier>
		<parent>	Scene Root	</parent>
		<transform>
			<row0>	1.0000 0.0000 0.0000 0.0000	</row0>
			<row1>	0.0000 1.0000 0.0000 0.0000	</row1>
			<row2>	0.0000 0.0000 1.0000 0.0000	</row2>
			<row3>	0.0000 0.0000 8.4085 1.0000	</row3>
		</transform>
	</node>
</GSC308_Prinz_Adalbert_1945_Bow_ep.skel_ext>
